[name]
unknown

[dist]
# distance from previous block
# <min> <max>
3	74

[block]
# block no. 0 follows, 47 sequences, length 43
# corresponding to MSA columns:
# 109-151
name=unknown_A
#
# <colnr> <probs for GDERKNQSTAVLIFYWHMCP>
#	G	D	E	R	K	N	Q	S	T	A	V	L	I	F	Y	W	H	M	C	P
0	0.18257	0.01044	0.03203	0.11822	0.01552	0.01102	0.00857	0.16956	0.07431	0.03231	0.06250	0.05723	0.02850	0.00719	0.00568	0.01868	0.03728	0.03209	0.00395	0.09236
1	0.19552	0.05565	0.10478	0.07687	0.04736	0.06219	0.00989	0.18604	0.01398	0.08040	0.01276	0.03772	0.03785	0.02295	0.00529	0.00166	0.01788	0.00464	0.01966	0.00691
2	0.01162	0.02861	0.13754	0.06817	0.06220	0.00954	0.05981	0.04248	0.07786	0.09710	0.06802	0.10402	0.08479	0.02095	0.00596	0.00169	0.02125	0.00661	0.00393	0.08785
3	0.03775	0.02176	0.02742	0.00767	0.00978	0.00699	0.00607	0.03498	0.06741	0.12372	0.33016	0.04855	0.06440	0.10016	0.02518	0.00216	0.00387	0.03148	0.00499	0.04549
4	0.02297	0.00878	0.01196	0.00920	0.01316	0.00759	0.00759	0.02500	0.01490	0.76922	0.03928	0.01825	0.01378	0.00655	0.00526	0.00161	0.00438	0.00534	0.00643	0.00877
5	0.01375	0.77974	0.06612	0.00921	0.01383	0.02017	0.00944	0.01564	0.01060	0.01247	0.00735	0.00849	0.00668	0.00448	0.00342	0.00114	0.00568	0.00284	0.00223	0.00673
6	0.00708	0.00514	0.00669	0.00760	0.00820	0.00499	0.00539	0.00895	0.04942	0.01442	0.08264	0.58292	0.03327	0.05296	0.00755	0.00224	0.00336	0.10786	0.00484	0.00451
7	0.00679	0.00513	0.00626	0.00633	0.00751	0.00461	0.00462	0.00857	0.01284	0.01721	0.40155	0.21417	0.26014	0.01265	0.00626	0.00178	0.00264	0.01107	0.00527	0.00461
8	0.00821	0.00541	0.00697	0.00673	0.00796	0.00495	0.00493	0.01017	0.01336	0.07100	0.51012	0.17300	0.09188	0.05290	0.00721	0.00190	0.00284	0.01008	0.00543	0.00494
9	0.01295	0.00990	0.01311	0.15429	0.12464	0.01083	0.00995	0.02057	0.32837	0.11714	0.05771	0.02065	0.04698	0.00716	0.00565	0.01650	0.00483	0.02695	0.00447	0.00735
10	0.01919	0.02440	0.01462	0.01331	0.01595	0.77873	0.00998	0.02054	0.01462	0.01273	0.00818	0.00963	0.00685	0.00611	0.02208	0.00150	0.00949	0.00340	0.00269	0.00601
11	0.42269	0.00926	0.00961	0.00789	0.01140	0.00946	0.00649	0.01990	0.01181	0.38349	0.01397	0.01334	0.00942	0.00565	0.00419	0.00159	0.00414	0.00405	0.04450	0.00712
12	0.01142	0.00946	0.01065	0.01016	0.04217	0.01046	0.00745	0.05610	0.46296	0.02097	0.19482	0.04930	0.03684	0.04568	0.00652	0.00188	0.00388	0.00703	0.00516	0.00708
13	0.00615	0.00528	0.00528	0.00528	0.00703	0.00440	0.00396	0.00747	0.01187	0.01407	0.05276	0.05012	0.78238	0.01319	0.00615	0.00176	0.00264	0.01099	0.00484	0.00440
14	0.00772	0.00526	0.00732	0.00732	0.00783	0.00577	0.00519	0.00840	0.00789	0.01103	0.01396	0.02390	0.01422	0.27198	0.44680	0.13288	0.00984	0.00603	0.00282	0.00384
15	0.01295	0.01119	0.01178	0.01060	0.01354	0.01295	0.00824	0.02767	0.77509	0.02178	0.02120	0.01943	0.01590	0.00707	0.00530	0.00177	0.00412	0.00589	0.00530	0.00824
16	0.12515	0.01257	0.01355	0.01057	0.01446	0.01357	0.00871	0.50705	0.02030	0.16356	0.03225	0.01371	0.01025	0.00621	0.00495	0.00157	0.00514	0.00467	0.02349	0.00827
17	0.01402	0.75859	0.02638	0.00927	0.01348	0.04846	0.00905	0.01566	0.01063	0.01228	0.00725	0.00851	0.00669	0.00468	0.00395	0.00117	0.03819	0.00288	0.00225	0.00662
18	0.01470	0.21229	0.06834	0.01097	0.02867	0.01373	0.04492	0.20913	0.01475	0.07403	0.05001	0.01279	0.01015	0.00548	0.00503	0.00134	0.03781	0.00418	0.00367	0.17799
19	0.01960	0.05107	0.01537	0.05192	0.01639	0.01431	0.00959	0.52511	0.03656	0.18609	0.01392	0.01360	0.00963	0.00617	0.00513	0.00156	0.00548	0.00473	0.00518	0.00858
20	0.00732	0.00573	0.00843	0.09401	0.01155	0.00571	0.04486	0.00874	0.01024	0.01357	0.06049	0.48723	0.05570	0.11335	0.00892	0.00240	0.00404	0.04895	0.00428	0.00447
21	0.01048	0.00898	0.01081	0.00802	0.01225	0.00695	0.02187	0.01295	0.02542	0.01673	0.01122	0.08143	0.01022	0.00502	0.00418	0.00093	0.00389	0.00423	0.00327	0.74114
22	0.00776	0.00497	0.00593	0.00595	0.00600	0.00497	0.00350	0.00753	0.00772	0.01033	0.03588	0.05043	0.01855	0.64487	0.03611	0.13095	0.00499	0.00731	0.00313	0.00312
23	0.02336	0.00886	0.01209	0.00927	0.01329	0.00765	0.00765	0.02538	0.01491	0.78810	0.02055	0.01773	0.01289	0.00645	0.00524	0.00161	0.00443	0.00524	0.00645	0.00886
24	0.03193	0.40522	0.21121	0.01140	0.01622	0.06382	0.03805	0.01714	0.04998	0.05569	0.00932	0.01049	0.00749	0.00512	0.00482	0.00141	0.04742	0.00358	0.00267	0.00703
25	0.02082	0.01295	0.01461	0.01120	0.01533	0.01371	0.00925	0.55450	0.02174	0.24933	0.01481	0.01400	0.01001	0.00631	0.00522	0.00158	0.00536	0.00485	0.00556	0.00886
26	0.00820	0.00585	0.00813	0.00931	0.01040	0.00582	0.00798	0.01042	0.01172	0.01527	0.02744	0.12397	0.03014	0.03089	0.00754	0.00243	0.00465	0.67038	0.00477	0.00471
27	0.02336	0.00886	0.01209	0.00927	0.01329	0.00765	0.00765	0.02538	0.01491	0.78810	0.02055	0.01773	0.01289	0.00645	0.00524	0.00161	0.00443	0.00524	0.00645	0.00886
28	0.00679	0.00530	0.00615	0.00594	0.00742	0.00466	0.00445	0.00870	0.01336	0.01761	0.43132	0.04429	0.40161	0.01187	0.00615	0.00170	0.00254	0.01017	0.00530	0.00466
29	0.02547	0.01015	0.01624	0.47042	0.06645	0.01148	0.08105	0.10179	0.01263	0.08345	0.01196	0.06462	0.00956	0.00603	0.00535	0.00172	0.00642	0.00544	0.00322	0.00654
30	0.06656	0.14252	0.01618	0.10327	0.01736	0.41973	0.00990	0.06499	0.01388	0.08608	0.00944	0.01066	0.00737	0.00533	0.00454	0.00141	0.00752	0.00364	0.00310	0.00652
31	0.81998	0.01025	0.00798	0.00706	0.01032	0.01186	0.00581	0.04577	0.00950	0.02375	0.00746	0.00862	0.00577	0.00489	0.00330	0.00161	0.00410	0.00290	0.00330	0.00577
32	0.00992	0.00934	0.01577	0.78349	0.05620	0.01159	0.01450	0.01338	0.01045	0.01341	0.00927	0.01386	0.00698	0.00519	0.00521	0.00173	0.00692	0.00463	0.00232	0.00585
33	0.00642	0.00529	0.00565	0.00556	0.00720	0.00451	0.00417	0.00799	0.01250	0.01557	0.21367	0.04764	0.62053	0.01263	0.00615	0.00173	0.00260	0.01064	0.00503	0.00451
34	0.00638	0.00463	0.00602	0.00706	0.00752	0.00428	0.00477	0.00739	0.01035	0.01371	0.06618	0.71516	0.09575	0.01579	0.00658	0.00206	0.00296	0.01424	0.00488	0.00428
35	0.03399	0.01031	0.01576	0.54110	0.08930	0.01229	0.02435	0.12172	0.01245	0.01687	0.00987	0.01353	0.00749	0.00547	0.00560	0.00170	0.03895	0.00462	0.02823	0.00640
36	0.00700	0.00518	0.00653	0.00646	0.00762	0.00471	0.00474	0.00901	0.01347	0.01850	0.53627	0.16971	0.16751	0.01201	0.00623	0.00174	0.00258	0.01057	0.00544	0.00471
37	0.82861	0.01021	0.00789	0.00700	0.01025	0.01182	0.00577	0.03799	0.00933	0.02365	0.00741	0.00858	0.00574	0.00488	0.00328	0.00161	0.00408	0.00288	0.00328	0.00574
38	0.04952	0.07180	0.01519	0.01202	0.01536	0.36953	0.00951	0.25013	0.10434	0.03716	0.01111	0.01157	0.00851	0.00578	0.00479	0.00146	0.00710	0.00404	0.00383	0.00724
39	0.00849	0.03575	0.00953	0.02698	0.01014	0.00779	0.00674	0.04832	0.00938	0.01314	0.01481	0.09806	0.01476	0.10608	0.51432	0.00634	0.05499	0.00645	0.00309	0.00484
40	0.01791	0.05739	0.05755	0.05179	0.01675	0.01455	0.01012	0.52269	0.03397	0.08709	0.01253	0.01287	0.00898	0.00660	0.02098	0.00166	0.00583	0.00454	0.00468	0.05153
41	0.01683	0.01407	0.09302	0.01121	0.01509	0.01365	0.00973	0.49965	0.07948	0.05967	0.01373	0.01598	0.01069	0.11375	0.00802	0.00205	0.00566	0.00510	0.00469	0.00793
42	0.00705	0.00522	0.00657	0.00664	0.00770	0.00483	0.00480	0.00915	0.02857	0.01776	0.45314	0.24902	0.13893	0.02841	0.00667	0.00185	0.00272	0.01097	0.00531	0.00470

[dist]
# distance from previous block
# <min> <max>
1	4

[block]
# block no. 1 follows, 47 sequences, length 35
# corresponding to MSA columns:
# 156-190
name=unknown_B
#
# <colnr> <probs for GDERKNQSTAVLIFYWHMCP>
#	G	D	E	R	K	N	Q	S	T	A	V	L	I	F	Y	W	H	M	C	P
0	0.00817	0.00623	0.00703	0.00759	0.00833	0.05427	0.00527	0.00926	0.01067	0.04120	0.08743	0.52929	0.03066	0.10876	0.00875	0.00235	0.00376	0.04783	0.00460	0.01855
1	0.01386	0.00894	0.03855	0.02249	0.06863	0.03089	0.00753	0.04815	0.02722	0.26723	0.18205	0.05072	0.18252	0.00875	0.00561	0.00164	0.00408	0.00739	0.00517	0.01859
2	0.64262	0.02407	0.00967	0.08805	0.01330	0.01216	0.00712	0.04619	0.03722	0.03436	0.00836	0.00983	0.00645	0.00520	0.00418	0.00165	0.03704	0.00330	0.00328	0.00595
3	0.01395	0.12303	0.01557	0.13391	0.01715	0.05905	0.02479	0.20506	0.05847	0.05006	0.01173	0.01404	0.00936	0.01173	0.14522	0.00276	0.05868	0.00458	0.01944	0.02143
4	0.43072	0.08064	0.09066	0.02407	0.06189	0.02761	0.00895	0.05616	0.01020	0.01951	0.00802	0.01006	0.00653	0.00612	0.00615	0.05119	0.08904	0.00346	0.00292	0.00610
5	0.01264	0.01088	0.01149	0.01036	0.01323	0.01252	0.00805	0.02669	0.73554	0.02158	0.04390	0.02070	0.03451	0.00731	0.00534	0.00176	0.00404	0.00611	0.00530	0.00806
6	0.01131	0.01340	0.12526	0.07426	0.31402	0.03866	0.10405	0.01455	0.01133	0.01571	0.02711	0.06041	0.02919	0.00816	0.04729	0.00207	0.05556	0.03790	0.00284	0.00691
7	0.02595	0.05123	0.43063	0.01361	0.06621	0.01093	0.03738	0.01456	0.02485	0.01618	0.08721	0.01696	0.03960	0.03646	0.07575	0.00236	0.03550	0.00505	0.00284	0.00676
8	0.00671	0.00491	0.00657	0.03406	0.00856	0.00465	0.00516	0.00810	0.01121	0.01519	0.21455	0.57601	0.05596	0.01446	0.00646	0.00198	0.00301	0.01303	0.00497	0.00446
9	0.01781	0.22041	0.01792	0.01227	0.01534	0.55366	0.00982	0.04153	0.01378	0.01322	0.00794	0.00930	0.00677	0.00530	0.00482	0.00133	0.03659	0.00330	0.00263	0.00627
10	0.00634	0.00456	0.00602	0.00719	0.00754	0.00424	0.00481	0.00726	0.01003	0.01332	0.02945	0.78995	0.05760	0.01622	0.00663	0.00210	0.00301	0.01469	0.00483	0.00424
11	0.21086	0.06488	0.25122	0.03810	0.04152	0.08832	0.06576	0.10608	0.01245	0.01922	0.00926	0.01137	0.00717	0.00535	0.00505	0.00161	0.03697	0.01496	0.00294	0.00692
12	0.81943	0.01004	0.00798	0.03930	0.01112	0.01168	0.00600	0.01523	0.00893	0.02296	0.00733	0.00868	0.00569	0.00485	0.00330	0.00162	0.00415	0.00289	0.00319	0.00565
13	0.01365	0.01403	0.02033	0.06250	0.61897	0.12191	0.04051	0.01656	0.01222	0.01624	0.00955	0.01248	0.00797	0.00476	0.00513	0.00153	0.00676	0.00451	0.00258	0.00779
14	0.00705	0.00525	0.00633	0.00614	0.00730	0.00478	0.00444	0.00884	0.01289	0.01745	0.46812	0.06893	0.23119	0.11801	0.00885	0.00214	0.00287	0.00977	0.00513	0.00453
15	0.00737	0.00532	0.00696	0.00655	0.00778	0.00491	0.00491	0.00983	0.01474	0.02088	0.78175	0.03890	0.04914	0.01065	0.00614	0.00164	0.00246	0.00942	0.00573	0.00491
16	0.00847	0.00568	0.00738	0.00711	0.00845	0.00533	0.00537	0.01109	0.04089	0.06755	0.54888	0.14405	0.05596	0.01128	0.00618	0.00175	0.00285	0.05099	0.00557	0.00517
17	0.01116	0.00947	0.01099	0.00789	0.01250	0.00732	0.00632	0.04372	0.01135	0.01761	0.00939	0.01087	0.00776	0.00395	0.00391	0.00080	0.00393	0.00315	0.00317	0.81472
18	0.85377	0.01007	0.00765	0.00685	0.01007	0.01168	0.00564	0.01531	0.00886	0.02336	0.00725	0.00846	0.00564	0.00483	0.00322	0.00161	0.00403	0.00282	0.00322	0.00564
19	0.00746	0.00500	0.00571	0.00582	0.00585	0.00498	0.00331	0.00754	0.00779	0.01038	0.01751	0.10419	0.02033	0.74497	0.02472	0.00478	0.00487	0.00822	0.00331	0.00325
20	0.00627	0.00528	0.00544	0.00540	0.00711	0.00445	0.00405	0.00770	0.01215	0.01474	0.12426	0.04902	0.71046	0.01294	0.00615	0.00175	0.00262	0.01084	0.00492	0.00445
21	0.01392	0.82012	0.02729	0.00891	0.01337	0.02061	0.00891	0.01559	0.01058	0.01225	0.00724	0.00835	0.00668	0.00446	0.00334	0.00111	0.00557	0.00278	0.00223	0.00668
22	0.01995	0.01435	0.01548	0.01187	0.01603	0.01579	0.00980	0.73593	0.02408	0.06459	0.01284	0.01272	0.00903	0.00626	0.00521	0.00156	0.00568	0.00471	0.00526	0.00886
23	0.01139	0.01139	0.01595	0.01367	0.01367	0.01595	0.01139	0.01253	0.00798	0.01253	0.00684	0.01139	0.00684	0.00911	0.01709	0.00228	0.80745	0.00456	0.00228	0.00570
24	0.04311	0.00568	0.00711	0.00675	0.00807	0.00544	0.00506	0.01054	0.04121	0.02057	0.67772	0.08265	0.04526	0.01061	0.00602	0.00167	0.00262	0.00933	0.00556	0.00502
25	0.01139	0.01139	0.01595	0.01367	0.01367	0.01595	0.01139	0.01253	0.00798	0.01253	0.00684	0.01139	0.00684	0.00911	0.01709	0.00228	0.80745	0.00456	0.00228	0.00570
26	0.00709	0.00487	0.00594	0.00650	0.00667	0.00474	0.00407	0.00757	0.00876	0.01166	0.02202	0.36225	0.02589	0.44835	0.01739	0.00371	0.00419	0.04072	0.00393	0.00367
27	0.00618	0.00517	0.00538	0.00554	0.00710	0.00437	0.00408	0.00744	0.01161	0.01396	0.04950	0.15354	0.68106	0.01361	0.00622	0.00181	0.00269	0.01151	0.00484	0.00437
28	0.01251	0.09356	0.02556	0.00890	0.01189	0.05320	0.00716	0.17754	0.01296	0.01758	0.01150	0.01626	0.01043	0.14837	0.10831	0.04083	0.00631	0.00458	0.00336	0.22920
29	0.71831	0.01045	0.00938	0.00794	0.01136	0.01179	0.03799	0.06307	0.01033	0.06769	0.00848	0.00948	0.00635	0.00500	0.00359	0.00161	0.00436	0.00322	0.00351	0.00609
30	0.85377	0.01007	0.00765	0.00685	0.01007	0.01168	0.00564	0.01531	0.00886	0.02336	0.00725	0.00846	0.00564	0.00483	0.00322	0.00161	0.00403	0.00282	0.00322	0.00564
31	0.00642	0.00463	0.00604	0.00713	0.00754	0.00431	0.00481	0.00736	0.01006	0.01330	0.02982	0.72484	0.08075	0.04001	0.00722	0.00219	0.00310	0.03147	0.00478	0.00422
32	0.01217	0.01400	0.04497	0.02213	0.07418	0.01291	0.68760	0.01644	0.01219	0.01663	0.01084	0.03063	0.00845	0.00467	0.00607	0.00175	0.00847	0.00619	0.00267	0.00706
33	0.00894	0.00592	0.00815	0.00906	0.01032	0.00577	0.00764	0.01104	0.01186	0.06360	0.02820	0.17181	0.05623	0.01414	0.00695	0.00228	0.00442	0.56381	0.00491	0.00495
34	0.17134	0.03756	0.01161	0.05942	0.04587	0.00903	0.00795	0.01940	0.03026	0.38622	0.06554	0.02108	0.02861	0.00708	0.00505	0.00168	0.00450	0.07551	0.00503	0.00725

[dist]
# distance from previous block
# <min> <max>
0	14

[block]
# block no. 2 follows, 47 sequences, length 15
# corresponding to MSA columns:
# 205-219
name=unknown_C
#
# <colnr> <probs for GDERKNQSTAVLIFYWHMCP>
#	G	D	E	R	K	N	Q	S	T	A	V	L	I	F	Y	W	H	M	C	P
0	0.01070	0.09603	0.02025	0.44228	0.02887	0.01247	0.21528	0.01407	0.01080	0.01403	0.01013	0.03265	0.00819	0.00724	0.05356	0.00209	0.00763	0.00514	0.00248	0.00611
1	0.00730	0.00527	0.00692	0.00672	0.00785	0.00488	0.00502	0.00960	0.01417	0.01995	0.68189	0.11712	0.04704	0.01134	0.00623	0.00171	0.00259	0.03395	0.00561	0.00484
2	0.06167	0.19281	0.27548	0.01436	0.05968	0.04083	0.15032	0.01597	0.01117	0.01597	0.00895	0.01085	0.00703	0.00460	0.00458	0.00143	0.00672	0.00391	0.00249	0.11121
3	0.00649	0.00464	0.00617	0.00715	0.00758	0.00433	0.00485	0.00761	0.01064	0.01435	0.13371	0.70556	0.03649	0.01552	0.00658	0.00205	0.00294	0.01405	0.00496	0.00433
4	0.01045	0.01344	0.16327	0.46016	0.02950	0.01242	0.10721	0.01422	0.01045	0.01422	0.00913	0.01305	0.00698	0.00555	0.00677	0.00179	0.10813	0.00466	0.00233	0.00629
5	0.56524	0.07086	0.09314	0.00957	0.04616	0.06047	0.00820	0.01657	0.05645	0.02082	0.00848	0.00964	0.00662	0.00498	0.00372	0.00157	0.00496	0.00323	0.00311	0.00623
6	0.00788	0.00545	0.00694	0.00652	0.00792	0.00495	0.00491	0.01012	0.01423	0.05340	0.63053	0.06274	0.14287	0.01096	0.00612	0.00167	0.00258	0.00960	0.00562	0.00500
7	0.01493	0.01571	0.01486	0.13496	0.11990	0.29124	0.01089	0.10784	0.07184	0.01735	0.09181	0.01491	0.01240	0.00625	0.00581	0.00157	0.05288	0.00478	0.00341	0.00666
8	0.03978	0.01489	0.11359	0.07471	0.04051	0.04434	0.09628	0.24043	0.18857	0.02211	0.01283	0.01386	0.00959	0.00605	0.00599	0.00169	0.05825	0.00490	0.00392	0.00770
9	0.01236	0.01206	0.02125	0.14882	0.59527	0.01233	0.09002	0.01564	0.01168	0.01641	0.00979	0.01316	0.00802	0.00470	0.00526	0.00160	0.00656	0.00479	0.00254	0.00775
10	0.02795	0.36750	0.16398	0.01108	0.04040	0.01460	0.02669	0.04699	0.01137	0.06189	0.01232	0.14148	0.01174	0.00686	0.00498	0.00150	0.03351	0.00537	0.00307	0.00670
11	0.02773	0.22721	0.36923	0.01258	0.05051	0.01334	0.01338	0.03371	0.01081	0.01519	0.01066	0.06818	0.00938	0.00934	0.08865	0.00226	0.02384	0.00458	0.00257	0.00684
12	0.00885	0.00607	0.00681	0.00640	0.00691	0.00622	0.00397	0.08810	0.00979	0.01314	0.06124	0.03208	0.01965	0.68350	0.02305	0.00448	0.00497	0.00738	0.00353	0.00386
13	0.00911	0.00614	0.00713	0.00664	0.00835	0.00591	0.00506	0.01275	0.10359	0.06515	0.36335	0.03453	0.19488	0.00976	0.00558	0.00161	0.00281	0.00834	0.14391	0.00542
14	0.03051	0.05605	0.09102	0.21981	0.12149	0.10166	0.05556	0.08115	0.03924	0.01686	0.01060	0.01422	0.00860	0.00543	0.00498	0.00154	0.00655	0.03581	0.00296	0.09597

[dist]
# distance from previous block
# <min> <max>
0	3

[block]
# block no. 3 follows, 47 sequences, length 36
# corresponding to MSA columns:
# 223-248,250-259
name=unknown_D
#
# <colnr> <probs for GDERKNQSTAVLIFYWHMCP>
#	G	D	E	R	K	N	Q	S	T	A	V	L	I	F	Y	W	H	M	C	P
0	0.01163	0.07547	0.01706	0.33477	0.25000	0.03728	0.01306	0.05074	0.02320	0.01558	0.01252	0.03282	0.02841	0.00625	0.00525	0.00167	0.00623	0.06854	0.00290	0.00663
1	0.00825	0.00555	0.00684	0.00644	0.00800	0.00495	0.00485	0.01026	0.01367	0.07999	0.47089	0.08210	0.25603	0.01134	0.00610	0.00170	0.00270	0.00982	0.00548	0.00504
2	0.07998	0.01281	0.06049	0.13318	0.49059	0.02528	0.07555	0.01591	0.01152	0.03183	0.00973	0.01270	0.00781	0.00478	0.00507	0.00160	0.00643	0.00456	0.00265	0.00755
3	0.03339	0.11962	0.35209	0.07864	0.09861	0.01297	0.06303	0.01576	0.02885	0.03394	0.01056	0.05478	0.00875	0.00582	0.00576	0.00165	0.06139	0.00470	0.00263	0.00709
4	0.02253	0.00905	0.01206	0.00937	0.01331	0.00808	0.00770	0.02556	0.07581	0.72671	0.02060	0.01786	0.01313	0.00650	0.00524	0.00162	0.00441	0.00529	0.00635	0.00881
5	0.01133	0.00674	0.00864	0.00781	0.00979	0.00644	0.00612	0.01502	0.09882	0.17768	0.46694	0.04837	0.03621	0.00979	0.00596	0.00172	0.00324	0.06756	0.00574	0.00607
6	0.01275	0.01256	0.09723	0.20151	0.24559	0.01171	0.09936	0.03036	0.02653	0.09923	0.01182	0.03954	0.00948	0.00588	0.00617	0.00172	0.06117	0.01712	0.00309	0.00721
7	0.13689	0.21239	0.03287	0.01096	0.02815	0.29143	0.00892	0.11006	0.01354	0.01688	0.01065	0.07451	0.02031	0.00615	0.00441	0.00143	0.00653	0.00437	0.00316	0.00640
8	0.01294	0.00985	0.01396	0.01727	0.29127	0.02094	0.01024	0.05681	0.11735	0.11622	0.13387	0.10071	0.01994	0.00791	0.00559	0.00170	0.00474	0.04702	0.00441	0.00723
9	0.01177	0.01420	0.15146	0.02180	0.38529	0.03989	0.02823	0.01486	0.01119	0.01614	0.03936	0.05396	0.01078	0.00629	0.00701	0.00169	0.13023	0.00517	0.04351	0.00716
10	0.01139	0.01386	0.15298	0.04267	0.21341	0.01106	0.11032	0.01473	0.01093	0.01615	0.00948	0.01224	0.00773	0.00597	0.03054	0.00166	0.08567	0.00428	0.00263	0.24228
11	0.74757	0.03319	0.00865	0.00735	0.01047	0.06527	0.00600	0.01543	0.00925	0.02189	0.00736	0.00875	0.00585	0.00527	0.00386	0.02777	0.00445	0.00291	0.00313	0.00559
12	0.01594	0.02846	0.13347	0.01414	0.05894	0.02908	0.10967	0.41886	0.01860	0.02547	0.02989	0.01348	0.00955	0.00577	0.00516	0.00157	0.00621	0.00482	0.06298	0.00795
13	0.00905	0.00452	0.00678	0.00678	0.00678	0.00452	0.00452	0.00678	0.00678	0.00905	0.00905	0.01583	0.00905	0.01809	0.02035	0.84848	0.00452	0.00452	0.00226	0.00226
14	0.00647	0.00512	0.00582	0.00600	0.00732	0.00447	0.00437	0.00795	0.01209	0.01542	0.21045	0.21852	0.45092	0.01332	0.00626	0.00181	0.00268	0.01149	0.00504	0.00447
15	0.00688	0.00543	0.00786	0.02869	0.00947	0.00509	0.05684	0.00810	0.01028	0.01347	0.02958	0.59820	0.13133	0.05353	0.00747	0.00217	0.00356	0.01309	0.00454	0.00443
16	0.85377	0.01007	0.00765	0.00685	0.01007	0.01168	0.00564	0.01531	0.00886	0.02336	0.00725	0.00846	0.00564	0.00483	0.00322	0.00161	0.00403	0.00282	0.00322	0.00564
17	0.66687	0.09008	0.00944	0.00696	0.00998	0.01175	0.00576	0.01451	0.00926	0.02122	0.04954	0.01184	0.00899	0.06057	0.00498	0.00180	0.00417	0.00350	0.00325	0.00553
18	0.74204	0.01205	0.00861	0.00773	0.01088	0.11673	0.00623	0.01604	0.00965	0.02194	0.00736	0.00858	0.00578	0.00491	0.00342	0.00158	0.00475	0.00289	0.00315	0.00569
19	0.00905	0.00452	0.00678	0.00678	0.00678	0.00452	0.00452	0.00678	0.00678	0.00905	0.00905	0.01583	0.00905	0.01809	0.02035	0.84848	0.00452	0.00452	0.00226	0.00226
20	0.01948	0.02412	0.01482	0.01332	0.01610	0.74282	0.01005	0.07176	0.01542	0.01412	0.00835	0.00960	0.00685	0.00543	0.00473	0.00136	0.00914	0.00345	0.00286	0.00623
21	0.01825	0.04014	0.01519	0.01335	0.01572	0.67491	0.01022	0.01958	0.01376	0.01271	0.00787	0.00964	0.00672	0.00585	0.00633	0.00146	0.11618	0.00350	0.00262	0.00601
22	0.01309	0.61130	0.16487	0.01037	0.01506	0.01869	0.01099	0.01551	0.01045	0.01304	0.00759	0.00908	0.00668	0.00492	0.00473	0.00130	0.07020	0.00312	0.00223	0.00679
23	0.02857	0.00783	0.00855	0.00824	0.00934	0.06978	0.02104	0.05072	0.01114	0.03834	0.06026	0.32426	0.10280	0.16789	0.01076	0.00251	0.05912	0.00984	0.00420	0.00480
24	0.00891	0.00452	0.00675	0.00681	0.00682	0.00451	0.00454	0.00681	0.00694	0.00925	0.01000	0.05443	0.01027	0.01801	0.01969	0.80753	0.00445	0.00502	0.00239	0.00236
25	0.83129	0.01013	0.00801	0.00752	0.03077	0.01170	0.00592	0.01533	0.00894	0.02320	0.00732	0.00858	0.00571	0.00483	0.00327	0.00161	0.00409	0.00287	0.00321	0.00571
26	0.85377	0.01007	0.00765	0.00685	0.01007	0.01168	0.00564	0.01531	0.00886	0.02336	0.00725	0.00846	0.00564	0.00483	0.00322	0.00161	0.00403	0.00282	0.00322	0.00564
27	0.01250	0.39189	0.40102	0.01197	0.01800	0.01621	0.01403	0.05240	0.01146	0.01533	0.00853	0.00985	0.00675	0.00478	0.00422	0.00140	0.00662	0.00340	0.00236	0.00729
28	0.00678	0.00470	0.00618	0.00706	0.00738	0.00451	0.00471	0.00743	0.00944	0.01258	0.02561	0.58252	0.04901	0.12431	0.04843	0.06060	0.00395	0.02647	0.00433	0.00399
29	0.01080	0.00926	0.01080	0.00771	0.01234	0.00694	0.00617	0.01311	0.01080	0.01697	0.00926	0.01080	0.00771	0.00386	0.00386	0.00077	0.00386	0.00309	0.00309	0.84882
30	0.01250	0.06551	0.05481	0.01057	0.01354	0.02263	0.06894	0.07611	0.17207	0.09464	0.09422	0.06277	0.03638	0.00870	0.00566	0.00178	0.00485	0.15151	0.03609	0.00669
31	0.02212	0.00952	0.01235	0.00956	0.01348	0.00877	0.00786	0.11158	0.04442	0.65025	0.04057	0.01776	0.01353	0.00656	0.00526	0.00161	0.00452	0.00531	0.00624	0.00873
32	0.01983	0.01384	0.01492	0.01157	0.01559	0.03318	0.00951	0.62309	0.04053	0.12697	0.01365	0.01341	0.00957	0.00694	0.02120	0.00171	0.00578	0.00477	0.00526	0.00869
33	0.00905	0.00452	0.00678	0.00678	0.00678	0.00452	0.00452	0.00678	0.00678	0.00905	0.00905	0.01583	0.00905	0.01809	0.02035	0.84848	0.00452	0.00452	0.00226	0.00226
34	0.00627	0.00517	0.00546	0.00561	0.00711	0.00441	0.00410	0.00755	0.01165	0.01419	0.08211	0.15147	0.63135	0.03169	0.00668	0.00188	0.00274	0.01135	0.00484	0.00437
35	0.01413	0.79040	0.02682	0.00908	0.01347	0.04958	0.00895	0.01579	0.01074	0.01227	0.00727	0.00839	0.00668	0.00449	0.00339	0.00112	0.00571	0.00281	0.00224	0.00666

[dist]
# distance from previous block
# <min> <max>
0	2

[block]
# block no. 4 follows, 47 sequences, length 46
# corresponding to MSA columns:
# 262-307
name=unknown_E
#
# <colnr> <probs for GDERKNQSTAVLIFYWHMCP>
#	G	D	E	R	K	N	Q	S	T	A	V	L	I	F	Y	W	H	M	C	P
0	0.01577	0.01185	0.01282	0.01083	0.01420	0.01327	0.00862	0.22124	0.50370	0.09995	0.01885	0.01745	0.01376	0.00679	0.00527	0.00170	0.00457	0.00551	0.00539	0.00846
1	0.01108	0.01060	0.06205	0.00833	0.01314	0.00760	0.00716	0.03922	0.01128	0.01748	0.00937	0.01087	0.00768	0.00401	0.00397	0.00086	0.00417	0.00319	0.00310	0.76484
2	0.01449	0.22602	0.01883	0.02858	0.07577	0.21293	0.03413	0.04146	0.01161	0.03191	0.00868	0.01119	0.00757	0.00839	0.06486	0.00206	0.18857	0.00394	0.00264	0.00639
3	0.01882	0.02377	0.01485	0.01344	0.01591	0.73484	0.01017	0.02015	0.01423	0.01273	0.00795	0.00955	0.00672	0.00566	0.00567	0.00142	0.07204	0.00345	0.00265	0.00601
4	0.01080	0.00926	0.01080	0.00771	0.01234	0.00694	0.00617	0.01311	0.01080	0.01697	0.00926	0.01080	0.00771	0.00386	0.00386	0.00077	0.00386	0.00309	0.00309	0.84882
5	0.00737	0.00532	0.00696	0.00655	0.00778	0.00491	0.00491	0.00983	0.01474	0.02088	0.78175	0.03890	0.04914	0.01065	0.00614	0.00164	0.00246	0.00942	0.00573	0.00491
6	0.00882	0.00458	0.00674	0.00676	0.00684	0.00455	0.00452	0.00699	0.00736	0.00988	0.05358	0.04458	0.01241	0.03674	0.01923	0.75174	0.00437	0.00522	0.00257	0.00250
7	0.00744	0.00487	0.00649	0.00740	0.00796	0.00453	0.00509	0.00848	0.01038	0.05729	0.04559	0.70090	0.03300	0.03582	0.00708	0.00216	0.00321	0.04289	0.00490	0.00450
8	0.01585	0.01166	0.01263	0.01027	0.01357	0.01275	0.00830	0.43774	0.15625	0.05017	0.04862	0.01912	0.08326	0.00856	0.03803	0.00188	0.00514	0.00573	0.05269	0.00778
9	0.00983	0.00926	0.01562	0.80447	0.03587	0.01157	0.01446	0.01331	0.01041	0.01331	0.00926	0.01388	0.00694	0.00521	0.00521	0.00174	0.00694	0.00463	0.00231	0.00579
10	0.00849	0.00622	0.00835	0.00920	0.01053	0.00625	0.00789	0.01160	0.05839	0.01643	0.10268	0.05411	0.05649	0.01353	0.00694	0.00226	0.00445	0.60625	0.00492	0.00500
11	0.01392	0.82012	0.02729	0.00891	0.01337	0.02061	0.00891	0.01559	0.01058	0.01225	0.00724	0.00835	0.00668	0.00446	0.00334	0.00111	0.00557	0.00278	0.00223	0.00668
12	0.83312	0.01018	0.00785	0.00698	0.01022	0.01179	0.00575	0.03392	0.00925	0.02360	0.00738	0.00856	0.00572	0.00487	0.00327	0.00161	0.00407	0.00287	0.00327	0.00572
13	0.01139	0.01139	0.01595	0.01367	0.01367	0.01595	0.01139	0.01253	0.00798	0.01253	0.00684	0.01139	0.00684	0.00911	0.01709	0.00228	0.80745	0.00456	0.00228	0.00570
14	0.00833	0.00597	0.00830	0.00944	0.01065	0.00594	0.00823	0.01070	0.01205	0.01568	0.04509	0.05813	0.04489	0.01428	0.00715	0.00237	0.00470	0.71851	0.00482	0.00479
15	0.66873	0.00991	0.00843	0.00729	0.01054	0.01112	0.00599	0.05967	0.01053	0.10574	0.00953	0.01031	0.00704	0.00516	0.00358	0.00159	0.00408	0.00330	0.05133	0.00613
16	0.00657	0.00469	0.00612	0.00699	0.00747	0.00436	0.00473	0.00758	0.01049	0.01406	0.12185	0.63264	0.07285	0.04703	0.00762	0.01938	0.00304	0.01345	0.00483	0.00424
17	0.02274	0.00884	0.01196	0.00923	0.01317	0.00772	0.00761	0.02508	0.03324	0.75192	0.03812	0.01825	0.01380	0.00656	0.00526	0.00162	0.00438	0.00535	0.00640	0.00876
18	0.01945	0.02482	0.01476	0.01342	0.01610	0.79608	0.01006	0.02079	0.01476	0.01275	0.00805	0.00939	0.00671	0.00537	0.00470	0.00134	0.00939	0.00335	0.00268	0.00604
19	0.01847	0.01438	0.01549	0.01287	0.05033	0.04207	0.01008	0.60587	0.09494	0.02953	0.01283	0.01303	0.00935	0.00635	0.00569	0.00160	0.03893	0.00475	0.00489	0.00854
20	0.00708	0.00512	0.00678	0.03822	0.00857	0.00493	0.00509	0.00861	0.01159	0.01590	0.32214	0.36137	0.03702	0.11840	0.00900	0.00230	0.00325	0.02532	0.00487	0.00443
21	0.02251	0.00926	0.01221	0.00947	0.01343	0.00836	0.00779	0.05626	0.06678	0.70492	0.02026	0.01762	0.01293	0.00648	0.00524	0.00162	0.00446	0.00526	0.00632	0.00882
22	0.00668	0.00477	0.00643	0.00764	0.00809	0.00452	0.00542	0.00783	0.01030	0.01367	0.02852	0.68923	0.03371	0.01600	0.00674	0.00216	0.00331	0.13583	0.00483	0.00432
23	0.01352	0.04856	0.05314	0.13424	0.41040	0.01234	0.04995	0.03296	0.08537	0.09099	0.01180	0.01388	0.00910	0.00515	0.00514	0.00160	0.00608	0.00477	0.00320	0.00782
24	0.00706	0.00649	0.03744	0.00785	0.03280	0.02404	0.00570	0.00849	0.01105	0.01407	0.05435	0.42137	0.29597	0.01392	0.00632	0.00193	0.00337	0.03852	0.00463	0.00463
25	0.04232	0.00874	0.01163	0.00901	0.01285	0.00771	0.00742	0.03604	0.01473	0.71060	0.03251	0.01785	0.01327	0.00646	0.00513	0.00159	0.00432	0.00522	0.04407	0.00854
26	0.73369	0.09238	0.01021	0.00810	0.04249	0.01262	0.00640	0.01536	0.00916	0.02197	0.00736	0.00863	0.00585	0.00479	0.00331	0.00156	0.00427	0.00289	0.00310	0.00585
27	0.00641	0.00525	0.00565	0.00563	0.00721	0.00449	0.00419	0.00795	0.01237	0.01543	0.20076	0.08214	0.59881	0.01281	0.00617	0.00175	0.00262	0.01084	0.00502	0.00449
28	0.01479	0.12772	0.01556	0.01186	0.04879	0.05804	0.00926	0.19219	0.36118	0.02156	0.01578	0.01556	0.02621	0.00654	0.00564	0.00162	0.05047	0.00500	0.00440	0.00782
29	0.01551	0.01599	0.01613	0.20235	0.16939	0.26763	0.01208	0.14861	0.06976	0.01785	0.01040	0.01239	0.00810	0.00546	0.00504	0.00154	0.00718	0.00432	0.00321	0.00706
30	0.05978	0.02796	0.03536	0.01063	0.04371	0.22339	0.00786	0.08397	0.01296	0.01622	0.06692	0.28863	0.03446	0.01154	0.05089	0.00209	0.00599	0.00810	0.00390	0.00563
31	0.01414	0.01238	0.01278	0.01202	0.06037	0.07564	0.00888	0.15962	0.45398	0.02230	0.04875	0.03401	0.03116	0.00723	0.00534	0.00170	0.00486	0.02212	0.00490	0.00782
32	0.01158	0.08591	0.35764	0.01548	0.12697	0.08288	0.04878	0.01554	0.01169	0.01609	0.06884	0.03436	0.02554	0.00581	0.00519	0.00155	0.02181	0.00477	0.01937	0.04019
33	0.01522	0.63412	0.02436	0.00996	0.01401	0.20197	0.00918	0.01681	0.01156	0.01237	0.00743	0.00860	0.00669	0.00467	0.00366	0.00117	0.00646	0.00292	0.00233	0.00653
34	0.01080	0.00926	0.01080	0.00771	0.01234	0.00694	0.00617	0.01311	0.01080	0.01697	0.00926	0.01080	0.00771	0.00386	0.00386	0.00077	0.00386	0.00309	0.00309	0.84882
35	0.01110	0.05694	0.12436	0.02626	0.03120	0.17137	0.00887	0.01436	0.05815	0.01648	0.22183	0.02628	0.15463	0.00823	0.00538	0.00157	0.00522	0.02133	0.00397	0.03247
36	0.85377	0.01007	0.00765	0.00685	0.01007	0.01168	0.00564	0.01531	0.00886	0.02336	0.00725	0.00846	0.00564	0.00483	0.00322	0.00161	0.00403	0.00282	0.00322	0.00564
37	0.85377	0.01007	0.00765	0.00685	0.01007	0.01168	0.00564	0.01531	0.00886	0.02336	0.00725	0.00846	0.00564	0.00483	0.00322	0.00161	0.00403	0.00282	0.00322	0.00564
38	0.01455	0.01082	0.01194	0.01063	0.03076	0.01191	0.00818	0.11192	0.50769	0.12228	0.02245	0.02079	0.07793	0.00734	0.00535	0.00172	0.00427	0.00606	0.00534	0.00808
39	0.00630	0.00526	0.00550	0.00549	0.00714	0.00445	0.00410	0.00774	0.01215	0.01485	0.13818	0.07288	0.67211	0.01299	0.00617	0.00176	0.00263	0.01093	0.00494	0.00445
40	0.00854	0.00615	0.00781	0.00793	0.00937	0.00598	0.00637	0.04494	0.03745	0.03326	0.29338	0.11439	0.12701	0.01235	0.00646	0.00196	0.00357	0.26279	0.00520	0.00511
41	0.01061	0.01010	0.01726	0.60479	0.21198	0.01180	0.03186	0.01401	0.01080	0.01426	0.00941	0.01365	0.00727	0.00505	0.00522	0.00169	0.00681	0.00467	0.00238	0.00639
42	0.01368	0.13971	0.01405	0.01031	0.01316	0.12329	0.00826	0.04721	0.39435	0.03329	0.01720	0.04598	0.01446	0.05194	0.00623	0.00182	0.00521	0.04845	0.00430	0.00710
43	0.01714	0.02542	0.01275	0.01028	0.01364	0.10647	0.00823	0.10117	0.18424	0.26205	0.01699	0.03173	0.03124	0.00662	0.00571	0.00155	0.05039	0.00510	0.00483	0.10443
44	0.10031	0.27689	0.16970	0.01218	0.05915	0.09485	0.01122	0.16953	0.01384	0.01876	0.00981	0.01088	0.02174	0.00522	0.00432	0.00142	0.00623	0.00370	0.00305	0.00720
45	0.80974	0.01003	0.00807	0.04846	0.01142	0.01168	0.00610	0.01520	0.00894	0.02284	0.00736	0.00874	0.00571	0.00485	0.00333	0.00162	0.00418	0.00291	0.00318	0.00565

[dist]
# distance from previous block
# <min> <max>
0	43

[block]
# block no. 5 follows, 47 sequences, length 93
# corresponding to MSA columns:
# 351-443
name=unknown_F
#
# <colnr> <probs for GDERKNQSTAVLIFYWHMCP>
#	G	D	E	R	K	N	Q	S	T	A	V	L	I	F	Y	W	H	M	C	P
0	0.06825	0.11364	0.59532	0.01304	0.01961	0.01252	0.01614	0.01584	0.01107	0.01679	0.06348	0.01249	0.00954	0.00529	0.00473	0.00159	0.00684	0.00405	0.00252	0.00725
1	0.01041	0.00885	0.01039	0.00767	0.01193	0.00671	0.00606	0.01261	0.01073	0.01665	0.01093	0.08003	0.01002	0.00493	0.00410	0.00089	0.00378	0.00410	0.00324	0.77598
2	0.01400	0.01169	0.01218	0.01069	0.01378	0.02782	0.00838	0.11607	0.63917	0.03990	0.02048	0.01894	0.02920	0.00704	0.00529	0.00173	0.00439	0.00578	0.00526	0.00822
3	0.85377	0.01007	0.00765	0.00685	0.01007	0.01168	0.00564	0.01531	0.00886	0.02336	0.00725	0.00846	0.00564	0.00483	0.00322	0.00161	0.00403	0.00282	0.00322	0.00564
4	0.00754	0.00490	0.00654	0.00729	0.00794	0.00453	0.00502	0.00872	0.01090	0.06258	0.12579	0.66357	0.03500	0.01497	0.00649	0.00202	0.00304	0.01351	0.00505	0.00461
5	0.00638	0.00458	0.00607	0.00726	0.00761	0.00427	0.00489	0.00733	0.01006	0.01336	0.02923	0.78018	0.05142	0.01620	0.00665	0.00211	0.00305	0.03027	0.00483	0.00425
6	0.00756	0.00593	0.00663	0.00623	0.00794	0.00540	0.00473	0.06030	0.01384	0.01798	0.33134	0.04322	0.44654	0.01173	0.00609	0.00170	0.00278	0.00995	0.00521	0.00490
7	0.01369	0.76591	0.07941	0.00932	0.01399	0.02002	0.00962	0.01566	0.01061	0.01254	0.00738	0.00853	0.00668	0.00449	0.00345	0.00115	0.00571	0.00286	0.00223	0.00675
8	0.01949	0.01191	0.01360	0.01075	0.01456	0.01254	0.00876	0.39329	0.13215	0.27432	0.01692	0.04142	0.01204	0.00676	0.00528	0.00163	0.00498	0.00537	0.00561	0.00862
9	0.02336	0.00886	0.01209	0.00927	0.01329	0.00765	0.00765	0.02538	0.01491	0.78810	0.02055	0.01773	0.01289	0.00645	0.00524	0.00161	0.00443	0.00524	0.00645	0.00886
10	0.03624	0.00640	0.00881	0.04058	0.02253	0.00655	0.00845	0.02409	0.01192	0.01593	0.02575	0.10096	0.02788	0.01356	0.00689	0.00230	0.00478	0.62680	0.00463	0.00495
11	0.01311	0.01403	0.13252	0.02250	0.42433	0.02817	0.03066	0.03508	0.10320	0.07042	0.03025	0.01590	0.04505	0.00566	0.00523	0.00160	0.00592	0.00511	0.00334	0.00790
12	0.00658	0.00486	0.00664	0.05689	0.00931	0.00471	0.00542	0.00769	0.01014	0.01347	0.04399	0.72965	0.05035	0.01543	0.00654	0.00207	0.00324	0.01397	0.00470	0.00435
13	0.00695	0.00523	0.00645	0.00643	0.00767	0.00473	0.00479	0.00890	0.01324	0.01788	0.46081	0.14684	0.23795	0.01222	0.00625	0.00176	0.00267	0.03920	0.00534	0.00468
14	0.00871	0.00683	0.00863	0.02884	0.02786	0.00710	0.02099	0.02708	0.17439	0.01638	0.14232	0.34175	0.02828	0.12556	0.00898	0.00234	0.00379	0.01017	0.00469	0.00532
15	0.01505	0.09984	0.01514	0.06551	0.06335	0.04220	0.00905	0.23424	0.04097	0.07981	0.01166	0.02407	0.00920	0.02603	0.00537	0.00142	0.01734	0.00429	0.00386	0.23159
16	0.00920	0.01962	0.00910	0.02289	0.00966	0.00703	0.03984	0.05106	0.01150	0.01648	0.19001	0.11766	0.07473	0.03733	0.02733	0.12661	0.06929	0.00751	0.14840	0.00475
17	0.00635	0.00522	0.00559	0.00564	0.00719	0.00446	0.00417	0.00780	0.01213	0.01500	0.15756	0.11518	0.60950	0.01309	0.00620	0.00177	0.00264	0.01109	0.00497	0.00446
18	0.01113	0.01068	0.05662	0.01012	0.06551	0.00791	0.02212	0.02903	0.01119	0.01726	0.00939	0.01105	0.00771	0.00403	0.00408	0.00091	0.00437	0.00333	0.00304	0.71052
19	0.01113	0.04764	0.56243	0.01793	0.12683	0.01253	0.11601	0.01642	0.01127	0.01646	0.00950	0.01157	0.00700	0.00482	0.00508	0.00163	0.00757	0.00422	0.00231	0.00765
20	0.00964	0.03318	0.00884	0.02606	0.00995	0.00617	0.00565	0.01187	0.01334	0.08999	0.41485	0.03129	0.13498	0.00892	0.00549	0.00147	0.00315	0.00766	0.00496	0.17253
21	0.01954	0.01446	0.01548	0.01193	0.01605	0.01603	0.00984	0.73948	0.05256	0.03241	0.01283	0.01276	0.00912	0.00628	0.00521	0.00157	0.00567	0.00473	0.00521	0.00883
22	0.00742	0.00583	0.00702	0.00715	0.02439	0.01974	0.00510	0.00966	0.02955	0.01808	0.46683	0.15882	0.19754	0.01175	0.00616	0.00173	0.00283	0.01028	0.00527	0.00486
23	0.01361	0.37163	0.15440	0.01114	0.01498	0.07978	0.01100	0.01591	0.01080	0.06616	0.00991	0.02696	0.02436	0.00608	0.00666	0.00152	0.16183	0.00394	0.00267	0.00667
24	0.03969	0.17124	0.58937	0.01381	0.02065	0.01369	0.05060	0.01630	0.01091	0.01596	0.00894	0.01056	0.00664	0.00483	0.00465	0.00155	0.00723	0.00372	0.00226	0.00741
25	0.00998	0.00941	0.01589	0.76721	0.07197	0.01161	0.01454	0.01343	0.01048	0.01348	0.00928	0.01384	0.00701	0.00518	0.00520	0.00173	0.00691	0.00463	0.00233	0.00590
26	0.00992	0.00942	0.01613	0.77800	0.03557	0.01162	0.03987	0.01342	0.01048	0.01342	0.00930	0.01389	0.00697	0.00518	0.00524	0.00174	0.00700	0.00468	0.00232	0.00583
27	0.01229	0.24213	0.46182	0.01349	0.03554	0.03168	0.03114	0.06302	0.01176	0.01617	0.00890	0.01045	0.00683	0.00500	0.00490	0.00151	0.02985	0.00368	0.00242	0.00740
28	0.08004	0.00906	0.01185	0.00916	0.01313	0.00810	0.00756	0.03984	0.01469	0.72041	0.01947	0.01699	0.01231	0.00633	0.00510	0.00161	0.00443	0.00506	0.00620	0.00864
29	0.00668	0.00480	0.00645	0.00754	0.00801	0.00460	0.00532	0.00782	0.01011	0.01345	0.02786	0.64567	0.04551	0.03142	0.05628	0.00258	0.00395	0.10296	0.00467	0.00431
30	0.00856	0.02393	0.02633	0.03411	0.02259	0.00641	0.07145	0.02075	0.01118	0.04969	0.11641	0.39714	0.06915	0.08880	0.00816	0.00221	0.00409	0.02963	0.00445	0.00499
31	0.00994	0.00933	0.01550	0.71234	0.08106	0.01137	0.01405	0.01349	0.02330	0.01371	0.01116	0.01531	0.03699	0.00551	0.00524	0.00173	0.00668	0.00489	0.00248	0.00593
32	0.02336	0.00886	0.01209	0.00927	0.01329	0.00765	0.00765	0.02538	0.01491	0.78810	0.02055	0.01773	0.01289	0.00645	0.00524	0.00161	0.00443	0.00524	0.00645	0.00886
33	0.03814	0.01382	0.01471	0.01138	0.01532	0.01528	0.00937	0.69838	0.02320	0.03169	0.01269	0.01288	0.00909	0.00621	0.00506	0.00154	0.00547	0.00466	0.06262	0.00851
34	0.01449	0.04025	0.06526	0.15660	0.22704	0.21847	0.01289	0.08273	0.06535	0.01657	0.01002	0.01224	0.00798	0.00545	0.00553	0.00157	0.04325	0.00428	0.00293	0.00709
35	0.00862	0.00741	0.01034	0.00983	0.01017	0.00928	0.00761	0.00980	0.00862	0.01245	0.01567	0.24346	0.01724	0.07971	0.22311	0.00407	0.30664	0.00797	0.00321	0.00481
36	0.02336	0.00886	0.01209	0.00927	0.01329	0.00765	0.00765	0.02538	0.01491	0.78810	0.02055	0.01773	0.01289	0.00645	0.00524	0.00161	0.00443	0.00524	0.00645	0.00886
37	0.00639	0.00457	0.00608	0.00722	0.00756	0.00426	0.00484	0.00737	0.01019	0.01364	0.06272	0.77859	0.03511	0.01606	0.00662	0.00209	0.00300	0.01456	0.00487	0.00426
38	0.01291	0.01002	0.01235	0.02926	0.08868	0.01083	0.00951	0.19894	0.19380	0.03405	0.02058	0.03209	0.03043	0.00940	0.00598	0.00193	0.00501	0.28246	0.00477	0.00701
39	0.01099	0.01080	0.01657	0.61422	0.17121	0.06063	0.01447	0.01426	0.01095	0.01395	0.00928	0.01342	0.00717	0.00511	0.00517	0.00168	0.00696	0.00455	0.00239	0.00625
40	0.85377	0.01007	0.00765	0.00685	0.01007	0.01168	0.00564	0.01531	0.00886	0.02336	0.00725	0.00846	0.00564	0.00483	0.00322	0.00161	0.00403	0.00282	0.00322	0.00564
41	0.00729	0.00532	0.00685	0.00646	0.00773	0.00488	0.00485	0.00967	0.01454	0.02042	0.73193	0.03967	0.09925	0.01082	0.00614	0.00165	0.00247	0.00953	0.00567	0.00488
42	0.01295	0.01119	0.01178	0.01060	0.01354	0.01295	0.00824	0.02767	0.77509	0.02178	0.02120	0.01943	0.01590	0.00707	0.00530	0.00177	0.00412	0.00589	0.00530	0.00824
43	0.01435	0.01174	0.01246	0.01082	0.01400	0.01342	0.00852	0.15767	0.62882	0.03811	0.01965	0.01818	0.01460	0.00691	0.00528	0.00173	0.00441	0.00566	0.00530	0.00836
44	0.00736	0.00534	0.00695	0.00661	0.00785	0.00493	0.00500	0.00977	0.01454	0.02046	0.72977	0.03998	0.07511	0.01087	0.00618	0.00167	0.00254	0.03450	0.00567	0.00489
45	0.00726	0.00532	0.00681	0.00643	0.00771	0.00487	0.00483	0.00961	0.01448	0.02025	0.71434	0.03994	0.11694	0.01088	0.00614	0.00165	0.00247	0.00956	0.00565	0.00487
46	0.01392	0.82012	0.02729	0.00891	0.01337	0.02061	0.00891	0.01559	0.01058	0.01225	0.00724	0.00835	0.00668	0.00446	0.00334	0.00111	0.00557	0.00278	0.00223	0.00668
47	0.00745	0.00514	0.00633	0.00662	0.00704	0.00502	0.00445	0.00834	0.00976	0.01317	0.14672	0.16621	0.02801	0.44111	0.01720	0.00364	0.00425	0.11161	0.00408	0.00385
48	0.85377	0.01007	0.00765	0.00685	0.01007	0.01168	0.00564	0.01531	0.00886	0.02336	0.00725	0.00846	0.00564	0.00483	0.00322	0.00161	0.00403	0.00282	0.00322	0.00564
49	0.01245	0.01036	0.01536	0.61480	0.03096	0.02871	0.01322	0.12698	0.01292	0.06916	0.01049	0.01384	0.00763	0.00545	0.00520	0.00169	0.00664	0.00465	0.00304	0.00646
50	0.00737	0.00552	0.00799	0.00799	0.00890	0.00627	0.00611	0.00906	0.00853	0.01207	0.01654	0.02327	0.06140	0.09228	0.69282	0.00772	0.01262	0.00606	0.00294	0.00453
51	0.00760	0.00546	0.00655	0.00665	0.00718	0.00559	0.00437	0.00912	0.05646	0.01228	0.04788	0.15204	0.07346	0.43988	0.13885	0.00456	0.00580	0.00857	0.00370	0.00402
52	0.01087	0.00932	0.01083	0.00781	0.01238	0.00715	0.00624	0.01361	0.03665	0.01713	0.00966	0.01109	0.00799	0.00397	0.00391	0.00080	0.00387	0.00318	0.00316	0.82039
53	0.85377	0.01007	0.00765	0.00685	0.01007	0.01168	0.00564	0.01531	0.00886	0.02336	0.00725	0.00846	0.00564	0.00483	0.00322	0.00161	0.00403	0.00282	0.00322	0.00564
54	0.10553	0.00982	0.03658	0.00957	0.02803	0.00960	0.00769	0.09757	0.16415	0.23838	0.16393	0.02207	0.01966	0.03386	0.00595	0.00178	0.00426	0.02905	0.00523	0.00727
55	0.01690	0.01291	0.01402	0.01084	0.01491	0.01363	0.00883	0.51251	0.10217	0.02790	0.01299	0.02558	0.00977	0.00598	0.00495	0.00142	0.00511	0.00463	0.00475	0.19020
56	0.01173	0.07966	0.06438	0.00846	0.01180	0.00877	0.00731	0.04623	0.09097	0.10721	0.22906	0.03975	0.07273	0.00747	0.00509	0.00143	0.00395	0.00624	0.00454	0.19321
57	0.01138	0.14497	0.53958	0.01659	0.12793	0.01346	0.04370	0.01629	0.01110	0.01593	0.00913	0.01097	0.00689	0.00481	0.00478	0.00156	0.00720	0.00388	0.00227	0.00760
58	0.00957	0.03813	0.05039	0.01340	0.05843	0.00989	0.17040	0.01172	0.01012	0.01411	0.01630	0.28902	0.01746	0.03930	0.06109	0.00246	0.14942	0.00846	0.00333	0.02701
59	0.01593	0.01189	0.01307	0.01027	0.01391	0.01252	0.00833	0.46436	0.07469	0.04074	0.13226	0.01770	0.03129	0.00680	0.00519	0.00148	0.00476	0.00542	0.00502	0.12436
60	0.00905	0.00452	0.00678	0.00678	0.00678	0.00452	0.00452	0.00678	0.00678	0.00905	0.00905	0.01583	0.00905	0.01809	0.02035	0.84848	0.00452	0.00452	0.00226	0.00226
