[name]
unknown

[dist]
# distance from previous block
# <min> <max>
2	82

[block]
# block no. 0 follows, 34 sequences, length 37
# corresponding to MSA columns:
# 96-132
name=unknown_A
#
# <colnr> <probs for GDERKNQSTAVLIFYWHMCP>
#	G	D	E	R	K	N	Q	S	T	A	V	L	I	F	Y	W	H	M	C	P
0	0.01845	0.01497	0.01908	0.01582	0.05587	0.01541	0.09044	0.32872	0.09764	0.02998	0.01759	0.09404	0.01479	0.00826	0.00649	0.00189	0.00660	0.00713	0.00543	0.15141
1	0.01935	0.01410	0.01531	0.01289	0.01679	0.03133	0.01020	0.26518	0.26052	0.10915	0.04199	0.11568	0.01981	0.00977	0.00671	0.00209	0.00576	0.00807	0.00650	0.02879
2	0.04091	0.01468	0.01611	0.01445	0.05362	0.03224	0.01085	0.34801	0.17039	0.05288	0.02134	0.15677	0.01865	0.01011	0.00673	0.00212	0.00609	0.00837	0.00614	0.00954
3	0.28203	0.01400	0.01396	0.01140	0.01595	0.01509	0.00923	0.19906	0.16839	0.05216	0.01530	0.01554	0.01146	0.00689	0.00539	0.00185	0.00554	0.00505	0.00527	0.14644
4	0.01575	0.01303	0.01820	0.01325	0.01878	0.01127	0.12031	0.07280	0.01526	0.07477	0.01296	0.01487	0.01014	0.00563	0.00617	0.00138	0.03719	0.00486	0.00421	0.52917
5	0.01569	0.01505	0.02569	0.09588	0.67871	0.01527	0.01968	0.01957	0.01457	0.02075	0.01210	0.01609	0.01011	0.00581	0.00640	0.00194	0.00775	0.00576	0.00317	0.01000
6	0.00864	0.00677	0.00772	0.00771	0.00941	0.00615	0.00568	0.01121	0.04253	0.01989	0.24849	0.12483	0.36996	0.06807	0.00945	0.00249	0.00362	0.03547	0.00620	0.00571
7	0.02456	0.01810	0.01939	0.01487	0.02004	0.02004	0.01228	0.71107	0.03038	0.04072	0.01551	0.01551	0.01099	0.00776	0.00646	0.00194	0.00711	0.00582	0.00646	0.01099
8	0.00993	0.00771	0.01034	0.02938	0.05339	0.00745	0.00945	0.01257	0.01477	0.01880	0.04193	0.06510	0.24557	0.01645	0.00833	0.00265	0.00530	0.42908	0.00574	0.00607
9	0.00933	0.00624	0.00707	0.00713	0.00714	0.00622	0.00400	0.00938	0.00952	0.01269	0.02099	0.07224	0.02428	0.74188	0.03187	0.00611	0.00616	0.00977	0.00400	0.00397
10	0.49024	0.01187	0.01178	0.00974	0.01416	0.01242	0.00804	0.02419	0.01411	0.32344	0.01586	0.01528	0.01074	0.00683	0.00504	0.00200	0.00521	0.00475	0.00566	0.00866
11	0.02563	0.01431	0.01613	0.01412	0.06000	0.10471	0.01063	0.07521	0.07388	0.47784	0.02242	0.04301	0.01545	0.00811	0.00646	0.00198	0.00644	0.00654	0.00684	0.01027
12	0.01599	0.01535	0.02623	0.03966	0.73262	0.01535	0.01983	0.01983	0.01471	0.02111	0.01215	0.01599	0.01023	0.00576	0.00640	0.00192	0.00768	0.00576	0.00320	0.01023
13	0.02175	0.01470	0.01642	0.01294	0.01774	0.01535	0.01052	0.34123	0.16007	0.16565	0.02094	0.01996	0.04133	0.00798	0.00634	0.00189	0.00599	0.00630	0.00644	0.10645
14	0.81856	0.01250	0.00950	0.00850	0.01250	0.01449	0.00700	0.01899	0.01100	0.02899	0.00900	0.01050	0.00700	0.00600	0.00400	0.00200	0.00500	0.00350	0.00400	0.00700
15	0.00940	0.00626	0.00705	0.00705	0.00705	0.00626	0.00392	0.00940	0.00940	0.01253	0.02036	0.04228	0.02349	0.77292	0.03289	0.00626	0.00626	0.00940	0.00392	0.00392
16	0.00900	0.00652	0.00850	0.00826	0.00969	0.00602	0.00616	0.01180	0.01748	0.02451	0.61918	0.12246	0.08077	0.01415	0.00772	0.00212	0.00320	0.02955	0.00693	0.00599
17	0.00764	0.00655	0.00655	0.00655	0.00873	0.00545	0.00491	0.00927	0.01473	0.01745	0.06546	0.06218	0.73000	0.01636	0.00764	0.00218	0.00327	0.01364	0.00600	0.00545
18	0.01340	0.01148	0.01340	0.00957	0.01531	0.00861	0.00766	0.01627	0.01340	0.02105	0.01148	0.01340	0.00957	0.00479	0.00479	0.00096	0.00479	0.00383	0.00383	0.81242
19	0.01586	0.01522	0.02599	0.06440	0.70889	0.01532	0.01976	0.01972	0.01465	0.02095	0.01213	0.01603	0.01018	0.00578	0.00640	0.00193	0.00771	0.00576	0.00319	0.01013
20	0.02414	0.03079	0.01831	0.01665	0.01998	0.74698	0.01248	0.02580	0.01831	0.01581	0.00999	0.01165	0.00832	0.00666	0.00583	0.00166	0.01165	0.00416	0.00333	0.00749
21	0.01599	0.01535	0.02623	0.03966	0.73262	0.01535	0.01983	0.01983	0.01471	0.02111	0.01215	0.01599	0.01023	0.00576	0.00640	0.00192	0.00768	0.00576	0.00320	0.01023
22	0.00786	0.00569	0.00743	0.00883	0.00933	0.00526	0.00592	0.00902	0.01253	0.01656	0.03768	0.71969	0.09041	0.01997	0.00820	0.00259	0.00372	0.01804	0.00600	0.00526
23	0.02341	0.01422	0.01645	0.01281	0.01759	0.01442	0.01044	0.37405	0.02352	0.25034	0.01983	0.07956	0.01500	0.00856	0.00645	0.00191	0.00610	0.00686	0.00663	0.09185
24	0.81856	0.01250	0.00950	0.00850	0.01250	0.01449	0.00700	0.01899	0.01100	0.02899	0.00900	0.01050	0.00700	0.00600	0.00400	0.00200	0.00500	0.00350	0.00400	0.00700
25	0.02456	0.01810	0.01939	0.01487	0.02004	0.02004	0.01228	0.71107	0.03038	0.04072	0.01551	0.01551	0.01099	0.00776	0.00646	0.00194	0.00711	0.00582	0.00646	0.01099
26	0.00817	0.00588	0.00781	0.00924	0.00983	0.00552	0.00648	0.00954	0.01278	0.01688	0.03678	0.65334	0.07275	0.01978	0.00830	0.00265	0.00399	0.09896	0.00599	0.00534
27	0.00889	0.00659	0.00828	0.00786	0.00950	0.00599	0.00590	0.01170	0.01769	0.02448	0.61724	0.05061	0.17383	0.01374	0.00762	0.00206	0.00309	0.01201	0.00693	0.00599
28	0.01465	0.01112	0.01303	0.00979	0.01491	0.00899	0.00780	0.01861	0.06959	0.09409	0.04070	0.01961	0.06263	0.00649	0.00539	0.00128	0.00472	0.00530	0.00472	0.58655
29	0.00982	0.00804	0.01083	0.21808	0.01910	0.00822	0.00890	0.01247	0.01488	0.03580	0.19189	0.04480	0.33757	0.04202	0.00825	0.00230	0.00489	0.01066	0.00533	0.00615
30	0.07612	0.00954	0.01094	0.01101	0.06061	0.00992	0.00710	0.13221	0.01430	0.03761	0.02229	0.06991	0.07323	0.39926	0.03572	0.00438	0.00627	0.00871	0.00466	0.00621
31	0.01511	0.01325	0.02029	0.44699	0.05828	0.05076	0.08872	0.05459	0.03778	0.07575	0.06316	0.01959	0.01346	0.00707	0.00664	0.00209	0.00816	0.00639	0.00395	0.00797
32	0.38086	0.01370	0.06298	0.08950	0.01813	0.01374	0.01023	0.07847	0.07017	0.11184	0.07899	0.01772	0.01457	0.00732	0.00544	0.00203	0.00576	0.00542	0.00496	0.00817
33	0.42392	0.01447	0.01329	0.01218	0.05095	0.08680	0.00923	0.05460	0.06594	0.19047	0.01459	0.01474	0.01046	0.00679	0.00517	0.00197	0.00601	0.00475	0.00511	0.00854
34	0.13796	0.01513	0.02108	0.02822	0.44616	0.05116	0.01544	0.03927	0.03323	0.07817	0.01301	0.01543	0.01032	0.00608	0.00591	0.00187	0.00702	0.00530	0.00391	0.06534
35	0.04317	0.05536	0.02406	0.03153	0.50912	0.11536	0.01708	0.03920	0.01567	0.07051	0.01261	0.01535	0.01020	0.00608	0.00614	0.00187	0.00793	0.00541	0.00364	0.00973
36	0.12584	0.08443	0.07606	0.01197	0.03358	0.05002	0.00993	0.03116	0.06287	0.06753	0.06927	0.15650	0.02050	0.04812	0.00816	0.00221	0.04322	0.00795	0.00472	0.08596

[dist]
# distance from previous block
# <min> <max>
1	16

[block]
# block no. 1 follows, 34 sequences, length 61
# corresponding to MSA columns:
# 149-157,159-210
name=unknown_B
#
# <colnr> <probs for GDERKNQSTAVLIFYWHMCP>
#	G	D	E	R	K	N	Q	S	T	A	V	L	I	F	Y	W	H	M	C	P
0	0.04710	0.01394	0.01642	0.01555	0.10197	0.04869	0.01107	0.18193	0.11598	0.24427	0.11433	0.02273	0.02002	0.00835	0.00653	0.00199	0.00603	0.00685	0.00641	0.00985
1	0.07453	0.06666	0.05021	0.01210	0.04249	0.04727	0.00977	0.10801	0.03938	0.18108	0.20829	0.02878	0.08570	0.00951	0.00649	0.00196	0.00550	0.00775	0.00604	0.00847
2	0.02009	0.02447	0.08327	0.04656	0.20551	0.37687	0.01538	0.06089	0.06934	0.01978	0.01224	0.01426	0.00980	0.00659	0.00611	0.00183	0.00961	0.00500	0.00364	0.00876
3	0.12838	0.07378	0.52349	0.01641	0.02416	0.05103	0.01968	0.02020	0.01328	0.02090	0.01084	0.01293	0.00804	0.00636	0.00644	0.00202	0.04570	0.00453	0.00294	0.00889
4	0.01450	0.19879	0.40675	0.01533	0.02238	0.04510	0.01754	0.02161	0.10774	0.01998	0.03540	0.04146	0.01254	0.00707	0.00585	0.00192	0.00804	0.00547	0.00352	0.00902
5	0.02145	0.01887	0.01824	0.01686	0.08779	0.18080	0.01226	0.34474	0.04466	0.05768	0.01763	0.06653	0.03969	0.00862	0.00699	0.00197	0.03386	0.00663	0.00533	0.00938
6	0.04354	0.04686	0.01669	0.01393	0.04416	0.06431	0.01074	0.18245	0.26759	0.10873	0.02011	0.03921	0.01551	0.00816	0.00626	0.00196	0.00617	0.02224	0.00588	0.07550
7	0.01738	0.03594	0.02289	0.09154	0.43113	0.17667	0.01679	0.02138	0.04925	0.01970	0.01219	0.01527	0.01006	0.00611	0.00615	0.00184	0.00835	0.00533	0.00338	0.04866
8	0.01407	0.01457	0.02818	0.02117	0.02582	0.01431	0.43579	0.04485	0.03737	0.02047	0.01733	0.15737	0.01619	0.00887	0.00867	0.00225	0.07203	0.00920	0.00400	0.04748
9	0.11704	0.00995	0.03751	0.00938	0.01232	0.00927	0.00762	0.01760	0.12333	0.06164	0.34895	0.03699	0.12235	0.01103	0.00674	0.00202	0.00410	0.00928	0.00621	0.04669
10	0.01461	0.01840	0.12049	0.02657	0.11802	0.01537	0.49694	0.01984	0.01481	0.02046	0.01416	0.06292	0.01168	0.00648	0.00733	0.00216	0.00989	0.00771	0.00336	0.00879
11	0.01220	0.01148	0.01938	0.75739	0.04450	0.01436	0.01794	0.01651	0.01292	0.01651	0.01148	0.01723	0.00861	0.00646	0.00646	0.00215	0.00861	0.00574	0.00287	0.00718
12	0.01744	0.01809	0.02482	0.03558	0.60629	0.14505	0.01853	0.02089	0.01535	0.02017	0.01177	0.01522	0.00990	0.00592	0.00630	0.00187	0.00838	0.00547	0.00322	0.00975
13	0.01711	0.01440	0.01519	0.01336	0.01720	0.01656	0.01048	0.11705	0.63654	0.02870	0.02498	0.02306	0.01866	0.00864	0.00656	0.00216	0.00536	0.00712	0.00656	0.01032
14	0.01554	0.01489	0.02542	0.12455	0.65123	0.01523	0.01961	0.01944	0.01450	0.02057	0.01207	0.01614	0.01004	0.00584	0.00640	0.00195	0.00779	0.00576	0.00316	0.00987
15	0.01122	0.00561	0.00842	0.00842	0.00842	0.00561	0.00561	0.00842	0.00842	0.01122	0.01122	0.01964	0.01122	0.02245	0.02525	0.81201	0.00561	0.00561	0.00281	0.00281
16	0.77600	0.01241	0.00979	0.00866	0.01271	0.01423	0.00713	0.01967	0.01140	0.06716	0.00989	0.01112	0.00748	0.00611	0.00413	0.00200	0.00503	0.00366	0.00421	0.00721
17	0.01281	0.01101	0.01286	0.00948	0.01464	0.00859	0.00756	0.01554	0.01354	0.02072	0.03521	0.01852	0.07253	0.00618	0.00556	0.00114	0.02580	0.00493	0.00407	0.69927
18	0.01727	0.77681	0.03386	0.01106	0.01658	0.02557	0.01106	0.01935	0.01313	0.01520	0.00898	0.01036	0.00829	0.00553	0.00415	0.00138	0.00691	0.00345	0.00276	0.00829
19	0.00875	0.00655	0.00843	0.00909	0.01031	0.00578	0.00626	0.01015	0.01253	0.01721	0.03180	0.64936	0.03749	0.01780	0.00770	0.00236	0.00391	0.01607	0.00566	0.13279
20	0.01820	0.01343	0.01478	0.01290	0.01674	0.01502	0.01015	0.07094	0.55140	0.13256	0.02524	0.02336	0.01855	0.01009	0.03448	0.00246	0.00574	0.00709	0.00666	0.01022
21	0.01534	0.01485	0.02965	0.02199	0.02719	0.01410	0.48610	0.05354	0.03370	0.06876	0.01835	0.15083	0.01636	0.00843	0.00758	0.00223	0.00894	0.00936	0.00431	0.00840
22	0.01727	0.77681	0.03386	0.01106	0.01658	0.02557	0.01106	0.01935	0.01313	0.01520	0.00898	0.01036	0.00829	0.00553	0.00415	0.00138	0.00691	0.00345	0.00276	0.00829
23	0.02142	0.01233	0.01438	0.01145	0.01605	0.04048	0.00919	0.04527	0.14993	0.34815	0.07118	0.02176	0.01800	0.00774	0.00619	0.00179	0.00539	0.00632	0.00652	0.18648
24	0.05096	0.01194	0.01414	0.01157	0.01578	0.02795	0.00926	0.05163	0.18493	0.42967	0.04857	0.02465	0.04256	0.03714	0.00748	0.00220	0.00545	0.00703	0.00711	0.00998
25	0.00905	0.00660	0.00850	0.00803	0.00959	0.00606	0.00602	0.01200	0.01806	0.02536	0.68620	0.04917	0.10431	0.01341	0.00762	0.00204	0.00306	0.01181	0.00704	0.00606
26	0.01274	0.01158	0.01914	0.54793	0.16218	0.01360	0.01681	0.01679	0.01334	0.01798	0.01380	0.01874	0.02812	0.00668	0.00632	0.00206	0.00784	0.00597	0.07080	0.00758
27	0.01502	0.01436	0.02447	0.22347	0.55639	0.01510	0.01935	0.01898	0.01425	0.01993	0.01198	0.01631	0.00982	0.00594	0.00641	0.00198	0.00792	0.00575	0.00311	0.00945
28	0.51575	0.01239	0.01171	0.00977	0.01406	0.01339	0.00804	0.08212	0.01474	0.21791	0.01431	0.01439	0.01002	0.00673	0.00489	0.00198	0.00525	0.00457	0.02959	0.00838
29	0.01325	0.01243	0.02033	0.55850	0.17575	0.01469	0.01769	0.01858	0.07004	0.01824	0.01280	0.01754	0.00982	0.00651	0.00646	0.00211	0.00815	0.00587	0.00323	0.00802
30	0.02519	0.01037	0.01392	0.01102	0.01534	0.00916	0.00896	0.04820	0.01857	0.58630	0.12448	0.05658	0.02328	0.00923	0.00673	0.00203	0.00513	0.00770	0.00774	0.01007
31	0.00931	0.00674	0.00849	0.00940	0.01027	0.00654	0.00650	0.06980	0.01403	0.01863	0.03511	0.67407	0.06860	0.01900	0.00807	0.00255	0.00402	0.01708	0.00604	0.00575
32	0.02899	0.01100	0.01499	0.01150	0.01649	0.00950	0.00950	0.03149	0.01849	0.73709	0.02549	0.02199	0.01599	0.00800	0.00650	0.00200	0.00550	0.00650	0.00800	0.01100
33	0.00907	0.00674	0.00992	0.01011	0.01113	0.00767	0.00769	0.01116	0.01060	0.01510	0.01964	0.11678	0.01964	0.06823	0.63409	0.00930	0.01530	0.00840	0.00379	0.00565
34	0.01525	0.01743	0.03813	0.02723	0.03377	0.01634	0.70915	0.02070	0.01525	0.02070	0.01307	0.01743	0.00980	0.00545	0.00763	0.00218	0.01089	0.00763	0.00327	0.00871
35	0.01698	0.01364	0.01555	0.01519	0.08829	0.01499	0.01083	0.13449	0.42220	0.06220	0.02795	0.02651	0.10404	0.00920	0.00667	0.00211	0.00547	0.00765	0.00622	0.00980
36	0.01220	0.01148	0.01938	0.75739	0.04450	0.01436	0.01794	0.01651	0.01292	0.01651	0.01148	0.01723	0.00861	0.00646	0.00646	0.00215	0.00861	0.00574	0.00287	0.00718
37	0.00872	0.00632	0.00823	0.00831	0.00953	0.00583	0.00602	0.01116	0.01645	0.02287	0.50348	0.25535	0.08286	0.01535	0.00780	0.00221	0.00326	0.01368	0.00675	0.00583
38	0.01595	0.47127	0.29453	0.01401	0.02094	0.05090	0.01586	0.02002	0.01353	0.01717	0.00999	0.01163	0.00825	0.00580	0.00495	0.00164	0.00808	0.00397	0.00277	0.00873
39	0.01525	0.01743	0.03813	0.02723	0.03377	0.01634	0.70915	0.02070	0.01525	0.02070	0.01307	0.01743	0.00980	0.00545	0.00763	0.00218	0.01089	0.00763	0.00327	0.00871
40	0.00764	0.00655	0.00655	0.00655	0.00873	0.00545	0.00491	0.00927	0.01473	0.01745	0.06546	0.06218	0.73000	0.01636	0.00764	0.00218	0.00327	0.01364	0.00600	0.00545
41	0.01737	0.01517	0.01493	0.01336	0.01695	0.08634	0.01053	0.10584	0.47950	0.04297	0.02524	0.02717	0.03808	0.00943	0.00672	0.00218	0.00600	0.06645	0.00621	0.00956
42	0.01523	0.01684	0.06133	0.03152	0.32739	0.01551	0.36745	0.01995	0.01486	0.02073	0.01335	0.04074	0.01097	0.00608	0.00707	0.00208	0.00925	0.00706	0.00330	0.00928
43	0.01383	0.01759	0.12757	0.02403	0.07826	0.01434	0.45659	0.01875	0.01454	0.02003	0.01637	0.13557	0.01482	0.00790	0.00744	0.00221	0.00936	0.00881	0.00362	0.00839
44	0.00796	0.00569	0.00760	0.00910	0.00951	0.00532	0.00615	0.00915	0.01246	0.01659	0.03556	0.74475	0.04254	0.02016	0.00827	0.00264	0.00382	0.04147	0.00600	0.00527
45	0.04048	0.01935	0.18432	0.02775	0.38726	0.02849	0.01816	0.08853	0.04472	0.04798	0.01531	0.01748	0.03798	0.00667	0.00632	0.00197	0.00769	0.00584	0.00385	0.00985
46	0.02260	0.01675	0.01824	0.01436	0.01890	0.01858	0.01172	0.62057	0.02798	0.03756	0.01727	0.08935	0.01402	0.00909	0.00710	0.00203	0.03023	0.00704	0.00630	0.01030
47	0.58652	0.01465	0.09982	0.09689	0.01797	0.01413	0.01029	0.01855	0.01190	0.02634	0.04492	0.01352	0.00998	0.00642	0.00472	0.00202	0.00588	0.00432	0.00386	0.00729
48	0.03263	0.01465	0.01491	0.01371	0.05312	0.10075	0.01021	0.14001	0.20469	0.10856	0.09284	0.02741	0.11576	0.00958	0.00710	0.00205	0.02948	0.00766	0.00597	0.00892
49	0.00842	0.00623	0.00830	0.00944	0.01006	0.00600	0.00656	0.00971	0.01244	0.01677	0.03368	0.68007	0.04001	0.01923	0.00861	0.00259	0.03089	0.04966	0.00580	0.03554
50	0.01375	0.15167	0.60206	0.01797	0.05041	0.01671	0.02168	0.02026	0.01360	0.01964	0.01120	0.01320	0.00827	0.00603	0.00583	0.00194	0.00906	0.00460	0.00275	0.00937
51	0.10660	0.00948	0.01066	0.01018	0.03257	0.00948	0.00762	0.03421	0.12384	0.08685	0.17160	0.06848	0.19699	0.02910	0.00744	0.00221	0.00441	0.04457	0.00605	0.03766
52	0.33461	0.06186	0.21788	0.04141	0.04176	0.01585	0.01358	0.13042	0.01544	0.02689	0.03811	0.01402	0.01024	0.00658	0.00531	0.00197	0.00687	0.00469	0.00402	0.00850
53	0.19451	0.32053	0.15767	0.01468	0.08451	0.01900	0.01326	0.02093	0.05904	0.04630	0.01148	0.01284	0.00918	0.00607	0.00494	0.00177	0.00688	0.00428	0.00351	0.00864
54	0.04285	0.06310	0.01672	0.01345	0.01722	0.23834	0.01064	0.12624	0.18621	0.08819	0.02191	0.02149	0.08942	0.00852	0.00660	0.00194	0.02678	0.00636	0.00524	0.00878
55	0.01429	0.06684	0.22899	0.11549	0.14140	0.01582	0.26008	0.01964	0.01439	0.02000	0.03353	0.01661	0.01071	0.00605	0.00666	0.00204	0.00925	0.00617	0.00314	0.00889
56	0.22811	0.31624	0.11582	0.01210	0.01731	0.10815	0.01168	0.04183	0.01397	0.04527	0.01098	0.03307	0.00927	0.00644	0.00484	0.00174	0.00720	0.00433	0.00354	0.00811
57	0.02123	0.01565	0.01709	0.01356	0.01808	0.01688	0.01097	0.52002	0.06374	0.04892	0.01854	0.11173	0.01549	0.00918	0.00657	0.00197	0.00637	0.00736	0.00624	0.07042
58	0.01379	0.01263	0.07218	0.01214	0.01582	0.03610	0.05440	0.08094	0.04519	0.06814	0.07580	0.23135	0.05199	0.01229	0.02265	0.00220	0.00591	0.02755	0.00529	0.15365
59	0.01692	0.01217	0.01420	0.01206	0.01512	0.01283	0.02881	0.34166	0.02113	0.05509	0.04133	0.24504	0.05391	0.08696	0.00970	0.00259	0.00581	0.01045	0.00604	0.00817
60	0.09968	0.06832	0.04485	0.01111	0.01553	0.01226	0.00945	0.04430	0.14303	0.26438	0.11031	0.02366	0.04205	0.00831	0.00611	0.00191	0.00526	0.00668	0.00617	0.07664

[dist]
# distance from previous block
# <min> <max>
5	26

[block]
# block no. 2 follows, 34 sequences, length 41
# corresponding to MSA columns:
# 237-277
name=unknown_C
#
# <colnr> <probs for GDERKNQSTAVLIFYWHMCP>
#	G	D	E	R	K	N	Q	S	T	A	V	L	I	F	Y	W	H	M	C	P
0	0.13525	0.07021	0.26511	0.04146	0.19592	0.04003	0.03284	0.05707	0.01449	0.02215	0.01324	0.01554	0.03501	0.00660	0.00628	0.00198	0.02925	0.00521	0.00340	0.00896
1	0.01722	0.09845	0.02367	0.02653	0.36755	0.07527	0.04341	0.11886	0.04038	0.02261	0.01600	0.01923	0.04769	0.00836	0.02998	0.00217	0.00792	0.02138	0.00396	0.00937
2	0.01672	0.01152	0.01352	0.01151	0.01462	0.03455	0.02791	0.19791	0.05850	0.12799	0.22631	0.15037	0.05768	0.01165	0.00715	0.00211	0.00518	0.00999	0.00659	0.00824
3	0.03618	0.02823	0.52546	0.07312	0.09239	0.03199	0.04954	0.05167	0.01455	0.02130	0.01177	0.01422	0.00857	0.00618	0.00619	0.00203	0.00918	0.00505	0.00302	0.00936
4	0.01166	0.00985	0.03856	0.01269	0.04239	0.00950	0.03228	0.10942	0.01519	0.02050	0.02805	0.42549	0.03141	0.04688	0.00957	0.00267	0.04374	0.09800	0.00549	0.00665
5	0.00787	0.00562	0.00750	0.00900	0.00937	0.00525	0.00600	0.00900	0.01237	0.01649	0.03561	0.76871	0.04274	0.02024	0.00825	0.00262	0.00375	0.01837	0.00600	0.00525
6	0.01407	0.03078	0.64405	0.01971	0.08267	0.01473	0.02277	0.02101	0.01399	0.05948	0.01239	0.01428	0.00877	0.00621	0.00618	0.00203	0.00918	0.00495	0.00305	0.00968
7	0.00817	0.00598	0.00787	0.00913	0.00962	0.00575	0.00626	0.00937	0.01243	0.01650	0.03588	0.66111	0.07612	0.04467	0.00939	0.00274	0.02324	0.04463	0.00585	0.00529
8	0.01296	0.03342	0.73944	0.01842	0.02797	0.01501	0.02387	0.02046	0.01364	0.02046	0.01160	0.01364	0.00818	0.00614	0.00614	0.00205	0.00955	0.00477	0.00273	0.00955
9	0.01370	0.01281	0.02171	0.43369	0.32309	0.01439	0.01819	0.01752	0.01346	0.01816	0.01175	0.01683	0.00938	0.00685	0.00723	0.03616	0.00811	0.00574	0.00300	0.00824
10	0.01262	0.01171	0.01938	0.73199	0.04366	0.01455	0.01775	0.04027	0.01352	0.01734	0.01162	0.01717	0.00869	0.00650	0.00646	0.00215	0.00856	0.00574	0.00299	0.00731
11	0.04192	0.03267	0.71321	0.01806	0.02741	0.01499	0.02327	0.02041	0.01355	0.02077	0.01150	0.01353	0.00814	0.00613	0.00606	0.00204	0.00939	0.00473	0.00277	0.00946
12	0.01936	0.00890	0.01141	0.00955	0.01307	0.00770	0.00759	0.02160	0.01704	0.40722	0.11982	0.07972	0.22614	0.01170	0.00705	0.00209	0.00448	0.00982	0.00721	0.00851
13	0.00793	0.00680	0.00682	0.00677	0.00900	0.00582	0.00509	0.01013	0.03889	0.01778	0.06412	0.06088	0.70570	0.01610	0.00760	0.00218	0.00334	0.01342	0.00602	0.00562
14	0.81856	0.01250	0.00950	0.00850	0.01250	0.01449	0.00700	0.01899	0.01100	0.02899	0.00900	0.01050	0.00700	0.00600	0.00400	0.00200	0.00500	0.00350	0.00400	0.00700
15	0.01296	0.03342	0.73944	0.01842	0.02797	0.01501	0.02387	0.02046	0.01364	0.02046	0.01160	0.01364	0.00818	0.00614	0.00614	0.00205	0.00955	0.00477	0.00273	0.00955
16	0.00771	0.00657	0.00665	0.00670	0.00886	0.00551	0.00506	0.00939	0.01473	0.01751	0.06457	0.06249	0.71042	0.01641	0.00767	0.00220	0.00335	0.03272	0.00600	0.00547
17	0.00792	0.00566	0.00754	0.00896	0.00938	0.00528	0.00600	0.00913	0.01261	0.01688	0.06393	0.73930	0.04348	0.01996	0.00822	0.00260	0.00372	0.01810	0.00604	0.00528
18	0.01488	0.01607	0.08469	0.14239	0.50033	0.01520	0.03669	0.01895	0.01407	0.01997	0.01237	0.03287	0.01045	0.00650	0.00722	0.00203	0.04676	0.00600	0.00316	0.00941
19	0.00787	0.00562	0.00750	0.00900	0.00937	0.00525	0.00600	0.00900	0.01237	0.01649	0.03561	0.76871	0.04274	0.02024	0.00825	0.00262	0.00375	0.01837	0.00600	0.00525
20	0.02328	0.12395	0.02025	0.01595	0.01955	0.65689	0.01231	0.02500	0.01766	0.01574	0.00986	0.01149	0.00832	0.00652	0.00562	0.00163	0.01106	0.00407	0.00326	0.00759
21	0.01425	0.01146	0.01349	0.00968	0.01538	0.00866	0.00776	0.01710	0.01368	0.05999	0.01225	0.01387	0.00992	0.00496	0.00488	0.00101	0.00482	0.00397	0.00405	0.76884
22	0.16196	0.01713	0.01746	0.07620	0.02068	0.05800	0.01178	0.47452	0.04530	0.03488	0.01405	0.01482	0.01021	0.00731	0.00600	0.00196	0.00706	0.00536	0.00556	0.00976
23	0.00925	0.00685	0.01002	0.01002	0.01105	0.00788	0.00762	0.01130	0.01028	0.01473	0.01764	0.02723	0.01695	0.12743	0.66944	0.00994	0.01610	0.00719	0.00351	0.00557
24	0.01599	0.01535	0.02623	0.03966	0.73262	0.01535	0.01983	0.01983	0.01471	0.02111	0.01215	0.01599	0.01023	0.00576	0.00640	0.00192	0.00768	0.00576	0.00320	0.01023
25	0.02113	0.01066	0.01362	0.01057	0.01515	0.00917	0.00854	0.04176	0.03818	0.39312	0.13819	0.02399	0.02175	0.00804	0.00624	0.00174	0.00494	0.00667	0.00668	0.21988
26	0.01340	0.01148	0.01340	0.00957	0.01531	0.00861	0.00766	0.01627	0.01340	0.02105	0.01148	0.01340	0.00957	0.00479	0.00479	0.00096	0.00479	0.00383	0.00383	0.81242
27	0.01760	0.03375	0.12326	0.08363	0.02016	0.01070	0.01162	0.02118	0.01504	0.22530	0.04446	0.01759	0.01315	0.00643	0.00574	0.00159	0.00605	0.00523	0.00487	0.33264
28	0.23018	0.50129	0.02588	0.01093	0.01583	0.09330	0.01012	0.01989	0.01307	0.01891	0.00908	0.01053	0.00795	0.00576	0.00427	0.00157	0.00687	0.00354	0.00315	0.00787
29	0.00925	0.00684	0.00997	0.00997	0.01098	0.00785	0.00756	0.01127	0.01026	0.01469	0.01769	0.02749	0.01707	0.13893	0.65810	0.00987	0.01593	0.00723	0.00352	0.00554
30	0.01581	0.04795	0.05230	0.06063	0.65481	0.01574	0.01955	0.01973	0.01455	0.02069	0.01198	0.01571	0.01003	0.00578	0.00629	0.00191	0.00774	0.00562	0.00315	0.01003
31	0.01319	0.01127	0.01318	0.00955	0.01509	0.00849	0.00759	0.01600	0.01336	0.02089	0.01238	0.04132	0.01080	0.00536	0.00491	0.00102	0.00475	0.00437	0.00391	0.78259
32	0.00817	0.00589	0.00774	0.00872	0.00942	0.00546	0.00599	0.00977	0.01386	0.01878	0.20262	0.57525	0.06743	0.01844	0.00808	0.00247	0.00357	0.01663	0.00626	0.00546
33	0.00925	0.00658	0.00860	0.00936	0.01056	0.00592	0.00664	0.01076	0.01285	0.03542	0.03247	0.60664	0.03780	0.01797	0.00786	0.00245	0.00409	0.07090	0.00580	0.09810
34	0.01599	0.01535	0.02623	0.03966	0.73262	0.01535	0.01983	0.01983	0.01471	0.02111	0.01215	0.01599	0.01023	0.00576	0.00640	0.00192	0.00768	0.00576	0.00320	0.01023
35	0.01309	0.05660	0.71745	0.01819	0.02761	0.01534	0.02347	0.02043	0.01363	0.02030	0.01151	0.01354	0.00819	0.00612	0.00608	0.00203	0.00947	0.00473	0.00273	0.00951
36	0.02478	0.12505	0.01793	0.01188	0.01673	0.01354	0.00999	0.06344	0.14100	0.47227	0.02270	0.02033	0.01526	0.00775	0.00616	0.00194	0.00572	0.00616	0.00690	0.01046
37	0.01697	0.03229	0.02154	0.14783	0.32832	0.04549	0.01590	0.14653	0.09813	0.02447	0.04814	0.01827	0.01347	0.00697	0.00642	0.00198	0.00736	0.00611	0.00430	0.00951
38	0.00834	0.00642	0.00754	0.00756	0.00912	0.00571	0.00550	0.01039	0.01554	0.02043	0.32022	0.16394	0.33181	0.04757	0.00879	0.00236	0.00338	0.01341	0.00635	0.00561
39	0.01296	0.01108	0.01310	0.00974	0.01487	0.00866	0.00771	0.01565	0.01321	0.02052	0.01339	0.07589	0.01228	0.00625	0.00555	0.00115	0.02657	0.00508	0.00398	0.72238
40	0.00803	0.00622	0.00734	0.00793	0.00929	0.00553	0.00571	0.00969	0.01423	0.01818	0.13327	0.34189	0.34680	0.01758	0.00793	0.00237	0.00354	0.04285	0.00613	0.00547

[dist]
# distance from previous block
# <min> <max>
2	6

[block]
# block no. 3 follows, 34 sequences, length 16
# corresponding to MSA columns:
# 286-301
name=unknown_D
#
# <colnr> <probs for GDERKNQSTAVLIFYWHMCP>
#	G	D	E	R	K	N	Q	S	T	A	V	L	I	F	Y	W	H	M	C	P
0	0.01551	0.01755	0.11183	0.03440	0.54760	0.01558	0.06391	0.02034	0.04120	0.02101	0.01254	0.01604	0.01025	0.00612	0.00704	0.00200	0.03809	0.00581	0.00326	0.00993
1	0.01695	0.06768	0.42094	0.01520	0.02235	0.01352	0.01738	0.02298	0.05130	0.19807	0.03531	0.06030	0.01405	0.00769	0.00629	0.00204	0.00766	0.00621	0.00453	0.00953
2	0.01293	0.01247	0.01629	0.01455	0.01516	0.05728	0.01184	0.01468	0.01056	0.01536	0.01178	0.01808	0.01126	0.02455	0.28437	0.00551	0.44759	0.00603	0.00309	0.00662
3	0.01631	0.01351	0.01645	0.01201	0.01766	0.01196	0.05294	0.19044	0.01776	0.02595	0.01259	0.01418	0.00994	0.00557	0.00538	0.00128	0.00575	0.00456	0.00445	0.56128
4	0.61042	0.09794	0.01312	0.03420	0.04107	0.01513	0.00823	0.01847	0.01199	0.02650	0.06404	0.01378	0.01143	0.00650	0.00446	0.00193	0.00528	0.00428	0.00403	0.00720
5	0.01069	0.00847	0.01190	0.01104	0.01184	0.01005	0.02963	0.01237	0.01062	0.01567	0.01741	0.06919	0.01758	0.20059	0.29248	0.00629	0.17069	0.00782	0.07997	0.00570
6	0.02232	0.07384	0.02000	0.07398	0.06722	0.51739	0.01326	0.10125	0.01870	0.01896	0.01080	0.01271	0.00876	0.00664	0.00588	0.00173	0.01036	0.00453	0.00360	0.00809
7	0.00887	0.00635	0.00690	0.00690	0.00755	0.00602	0.00421	0.00936	0.01100	0.01401	0.03394	0.04828	0.23623	0.54511	0.02528	0.00503	0.00536	0.01067	0.00454	0.00438
8	0.00872	0.00651	0.00758	0.00761	0.00934	0.00572	0.00559	0.01070	0.01544	0.03983	0.25461	0.19008	0.38314	0.01593	0.00772	0.00222	0.00336	0.01375	0.00638	0.00576
9	0.63725	0.01378	0.01176	0.00995	0.01422	0.01576	0.00820	0.17703	0.01542	0.03167	0.01048	0.01164	0.00791	0.00640	0.00456	0.00199	0.00548	0.00403	0.00456	0.00791
10	0.00826	0.00597	0.00767	0.00847	0.00924	0.00554	0.00581	0.00982	0.01380	0.01861	0.20595	0.49309	0.09829	0.06614	0.00962	0.00268	0.00370	0.01581	0.00614	0.00539
11	0.00777	0.00624	0.00694	0.00742	0.00898	0.00541	0.00531	0.00929	0.01408	0.01745	0.08052	0.29573	0.47716	0.01753	0.00784	0.00232	0.00342	0.01513	0.00604	0.00541
12	0.00901	0.00636	0.00784	0.00827	0.00884	0.00634	0.00557	0.00996	0.01112	0.01472	0.02845	0.18702	0.09373	0.38920	0.11751	0.00541	0.00692	0.07434	0.00465	0.00475
13	0.76869	0.01243	0.01011	0.05481	0.01448	0.01449	0.00767	0.01884	0.01112	0.02822	0.00915	0.01091	0.00710	0.00603	0.00415	0.00201	0.00522	0.00364	0.00393	0.00701
14	0.01642	0.01328	0.01502	0.01100	0.01659	0.01171	0.00891	0.20444	0.01800	0.02638	0.01258	0.01397	0.00995	0.00559	0.00524	0.00122	0.00541	0.00437	0.00454	0.59538
15	0.22233	0.02198	0.31490	0.01662	0.02352	0.01462	0.14666	0.04048	0.01430	0.10755	0.01295	0.01458	0.00918	0.00624	0.00592	0.00205	0.00809	0.00522	0.00388	0.00895

[dist]
# distance from previous block
# <min> <max>
0	3

[block]
# block no. 4 follows, 34 sequences, length 20
# corresponding to MSA columns:
# 305-324
name=unknown_E
#
# <colnr> <probs for GDERKNQSTAVLIFYWHMCP>
#	G	D	E	R	K	N	Q	S	T	A	V	L	I	F	Y	W	H	M	C	P
0	0.01410	0.01509	0.02992	0.06704	0.06759	0.01547	0.43783	0.01824	0.01389	0.01916	0.01474	0.10198	0.01328	0.00815	0.00976	0.00232	0.13161	0.00831	0.00348	0.00805
1	0.01599	0.01535	0.02623	0.03966	0.73262	0.01535	0.01983	0.01983	0.01471	0.02111	0.01215	0.01599	0.01023	0.00576	0.00640	0.00192	0.00768	0.00576	0.00320	0.01023
2	0.01302	0.01309	0.02444	0.56039	0.04161	0.01489	0.20443	0.01764	0.01355	0.01764	0.01191	0.01728	0.00893	0.00619	0.00677	0.00216	0.00923	0.00625	0.00298	0.00759
3	0.00787	0.00562	0.00750	0.00900	0.00937	0.00525	0.00600	0.00900	0.01237	0.01649	0.03561	0.76871	0.04274	0.02024	0.00825	0.00262	0.00375	0.01837	0.00600	0.00525
4	0.01327	0.03031	0.61387	0.01909	0.02754	0.01554	0.08520	0.02006	0.01347	0.02006	0.01146	0.01403	0.00836	0.00652	0.00757	0.00213	0.07438	0.00511	0.00279	0.00926
5	0.01503	0.02094	0.24228	0.03243	0.47376	0.01531	0.06659	0.02008	0.01442	0.02089	0.01205	0.01538	0.00959	0.00585	0.00640	0.00197	0.00845	0.00558	0.00306	0.00993
6	0.01292	0.03225	0.70111	0.05775	0.02885	0.01497	0.02356	0.02025	0.01360	0.02025	0.01159	0.01383	0.00821	0.00616	0.00616	0.00205	0.00950	0.00483	0.00274	0.00942
7	0.01607	0.01388	0.01461	0.01315	0.01680	0.01607	0.01023	0.03433	0.72094	0.02703	0.02630	0.02411	0.01972	0.00877	0.00657	0.00219	0.00511	0.00731	0.00657	0.01023
8	0.78244	0.01243	0.00975	0.00863	0.01268	0.01427	0.00711	0.01956	0.01134	0.06138	0.00975	0.01102	0.00741	0.00609	0.00411	0.00200	0.00502	0.00364	0.00418	0.00718
9	0.02801	0.01162	0.01526	0.01181	0.01674	0.01054	0.00972	0.07654	0.05687	0.65309	0.02488	0.02168	0.01586	0.00802	0.00650	0.00201	0.00558	0.00650	0.00782	0.01095
10	0.01463	0.01511	0.05726	0.08720	0.47700	0.01428	0.10429	0.01873	0.01491	0.02098	0.07560	0.02039	0.03692	0.00676	0.00669	0.00199	0.00770	0.00670	0.00359	0.00928
11	0.00817	0.00657	0.00729	0.00711	0.00906	0.00568	0.00533	0.01031	0.01599	0.02045	0.30084	0.05725	0.49274	0.01525	0.00763	0.00213	0.00319	0.01294	0.00639	0.00568
12	0.01499	0.01515	0.02826	0.23001	0.22301	0.01583	0.27707	0.05029	0.01495	0.02037	0.01233	0.01678	0.00960	0.00613	0.00743	0.00212	0.03724	0.00645	0.00327	0.00874
13	0.00869	0.00659	0.00800	0.00765	0.00937	0.00590	0.00573	0.01130	0.01720	0.02334	0.52704	0.05250	0.26474	0.01417	0.00763	0.00208	0.00312	0.01228	0.00677	0.00590
14	0.01048	0.00851	0.01268	0.06067	0.01454	0.01010	0.03525	0.01262	0.01077	0.01559	0.01670	0.05260	0.01618	0.12200	0.41542	0.00721	0.12300	0.00736	0.04237	0.00594
15	0.77223	0.01241	0.00982	0.00867	0.01273	0.01420	0.00714	0.01973	0.01144	0.07055	0.00996	0.01117	0.00753	0.00612	0.00415	0.00200	0.00503	0.00367	0.00423	0.00723
16	0.01418	0.01179	0.01220	0.01109	0.01424	0.03393	0.00857	0.02577	0.43102	0.05625	0.09610	0.03526	0.20068	0.01095	0.00691	0.00215	0.00469	0.00914	0.00645	0.00863
17	0.01599	0.01535	0.02623	0.03966	0.73262	0.01535	0.01983	0.01983	0.01471	0.02111	0.01215	0.01599	0.01023	0.00576	0.00640	0.00192	0.00768	0.00576	0.00320	0.01023
18	0.02206	0.01322	0.04443	0.06429	0.14591	0.01234	0.01249	0.08254	0.08792	0.36283	0.06746	0.02173	0.01714	0.00783	0.00654	0.00201	0.00617	0.00662	0.00630	0.01016
19	0.22463	0.27336	0.08878	0.01174	0.01659	0.11576	0.01093	0.05943	0.03815	0.02140	0.01519	0.01610	0.07063	0.00703	0.00504	0.00177	0.00694	0.00483	0.00377	0.00794

[dist]
# distance from previous block
# <min> <max>
0	1

[block]
# block no. 5 follows, 34 sequences, length 7
# corresponding to MSA columns:
# 326-332
name=unknown_F
#
# <colnr> <probs for GDERKNQSTAVLIFYWHMCP>
#	G	D	E	R	K	N	Q	S	T	A	V	L	I	F	Y	W	H	M	C	P
0	0.58669	0.01356	0.05071	0.13065	0.01942	0.01438	0.03595	0.01920	0.01188	0.05265	0.01030	0.01244	0.00776	0.00613	0.00474	0.00203	0.00606	0.00419	0.00387	0.00737
1	0.04343	0.07158	0.56257	0.01833	0.04996	0.01513	0.05505	0.01984	0.01371	0.02044	0.01302	0.01774	0.01032	0.00687	0.00622	0.00207	0.00898	0.05258	0.00305	0.00911
2	0.01543	0.01607	0.07332	0.03645	0.63917	0.01482	0.01950	0.01946	0.01465	0.02095	0.01352	0.01947	0.01182	0.00655	0.00654	0.00200	0.00769	0.04932	0.00334	0.00991
3	0.13765	0.03149	0.01137	0.02933	0.01270	0.03532	0.00776	0.06243	0.01655	0.02451	0.35175	0.03645	0.13893	0.01141	0.00780	0.00207	0.06086	0.00919	0.00573	0.00669
4	0.01325	0.03139	0.65045	0.01954	0.02870	0.01518	0.11083	0.02049	0.01385	0.02049	0.01178	0.01412	0.00839	0.00605	0.00633	0.00206	0.00972	0.00514	0.00280	0.00944
5	0.00925	0.00672	0.00761	0.00746	0.00946	0.00581	0.00556	0.01118	0.01546	0.06146	0.20483	0.13603	0.46475	0.01562	0.00763	0.00219	0.00341	0.01332	0.00636	0.00590
6	0.01724	0.01408	0.01694	0.05798	0.09377	0.01602	0.01201	0.17240	0.30335	0.04810	0.02188	0.02210	0.05515	0.00873	0.00802	0.00214	0.08314	0.00686	0.03056	0.00952

[dist]
# distance from previous block
# <min> <max>
4	6

[block]
# block no. 6 follows, 34 sequences, length 39
# corresponding to MSA columns:
# 346-384
name=unknown_G
#
# <colnr> <probs for GDERKNQSTAVLIFYWHMCP>
#	G	D	E	R	K	N	Q	S	T	A	V	L	I	F	Y	W	H	M	C	P
0	0.01523	0.09828	0.01300	0.00924	0.01240	0.01000	0.00742	0.01889	0.08500	0.19653	0.15574	0.03879	0.23848	0.06231	0.00853	0.00229	0.00459	0.00945	0.00622	0.00763
1	0.01609	0.03765	0.02997	0.04510	0.05490	0.01670	0.40269	0.11240	0.01645	0.02265	0.03108	0.01706	0.01105	0.00668	0.00878	0.00212	0.10144	0.00677	0.00375	0.05666
2	0.26274	0.21624	0.01758	0.01055	0.01463	0.04987	0.00904	0.06572	0.07861	0.07702	0.01502	0.03822	0.01249	0.00741	0.00506	0.00185	0.00583	0.03129	0.07279	0.00804
3	0.02579	0.01309	0.01576	0.01225	0.01710	0.02913	0.01003	0.18658	0.05314	0.46664	0.04705	0.02086	0.01610	0.00797	0.00643	0.00194	0.00587	0.00637	0.00723	0.05065
4	0.00964	0.00693	0.01022	0.01014	0.01105	0.00801	0.00771	0.01113	0.01006	0.01439	0.01643	0.02524	0.01569	0.08417	0.59269	0.11363	0.03731	0.00685	0.00338	0.00532
5	0.01368	0.05564	0.56556	0.02154	0.11441	0.01553	0.08349	0.02037	0.01390	0.02038	0.01170	0.01415	0.00858	0.00601	0.00623	0.00202	0.00935	0.00510	0.00283	0.00952
6	0.01415	0.21119	0.53366	0.01638	0.02467	0.01760	0.02011	0.02089	0.04877	0.01952	0.01170	0.01338	0.00879	0.00612	0.00568	0.00189	0.00869	0.00458	0.00293	0.00928
7	0.00841	0.00611	0.00804	0.00939	0.01019	0.00575	0.00686	0.00999	0.01316	0.01722	0.03831	0.54474	0.11072	0.01933	0.00833	0.00266	0.00418	0.16521	0.00599	0.00542
8	0.04160	0.00993	0.01270	0.01196	0.01310	0.04961	0.00950	0.01353	0.01080	0.01592	0.01479	0.02162	0.01374	0.03554	0.50351	0.00774	0.17803	0.00635	0.02385	0.00619
9	0.00883	0.00652	0.00797	0.00769	0.00912	0.00596	0.00557	0.01114	0.01623	0.02216	0.48036	0.07179	0.19318	0.11234	0.01091	0.00263	0.00353	0.01199	0.00644	0.00566
10	0.01698	0.01931	0.02365	0.01977	0.04426	0.23061	0.20085	0.01966	0.01406	0.01720	0.01162	0.04111	0.01039	0.01020	0.04538	0.00262	0.25519	0.00625	0.00324	0.00761
11	0.00859	0.00657	0.00791	0.00778	0.00948	0.00588	0.00586	0.01103	0.01653	0.02207	0.42167	0.09405	0.29826	0.01494	0.00772	0.00216	0.00330	0.04378	0.00660	0.00581
12	0.02456	0.01810	0.01939	0.01487	0.02004	0.02004	0.01228	0.71107	0.03038	0.04072	0.01551	0.01551	0.01099	0.00776	0.00646	0.00194	0.00711	0.00582	0.00646	0.01099
13	0.02842	0.01191	0.01556	0.01193	0.01695	0.01086	0.00986	0.11940	0.02003	0.64701	0.02420	0.02115	0.01535	0.00797	0.00649	0.00199	0.00571	0.00641	0.00780	0.01100
14	0.01620	0.59140	0.20984	0.01289	0.01942	0.02293	0.01425	0.01963	0.01326	0.01651	0.00963	0.01118	0.00827	0.00568	0.00464	0.00155	0.00757	0.00378	0.00276	0.00861
15	0.01793	0.01468	0.01552	0.01332	0.01731	0.01667	0.01054	0.20919	0.51252	0.03020	0.02510	0.02343	0.04657	0.00882	0.00659	0.00213	0.00556	0.00718	0.00652	0.01023
16	0.00949	0.00696	0.00947	0.00935	0.01001	0.00784	0.00670	0.01087	0.00998	0.01406	0.01814	0.03149	0.01869	0.32807	0.44101	0.00848	0.04283	0.00783	0.00361	0.00510
17	0.01417	0.24238	0.54111	0.01635	0.02477	0.01797	0.02027	0.02015	0.01350	0.01898	0.01086	0.01272	0.00822	0.00597	0.00558	0.00186	0.00881	0.00440	0.00274	0.00920
18	0.01599	0.01535	0.02623	0.03966	0.73262	0.01535	0.01983	0.01983	0.01471	0.02111	0.01215	0.01599	0.01023	0.00576	0.00640	0.00192	0.00768	0.00576	0.00320	0.01023
19	0.00903	0.00660	0.00848	0.00801	0.00958	0.00605	0.00601	0.01198	0.01803	0.02528	0.68007	0.04930	0.11050	0.01344	0.00762	0.00204	0.00306	0.01183	0.00703	0.00605
20	0.01727	0.77681	0.03386	0.01106	0.01658	0.02557	0.01106	0.01935	0.01313	0.01520	0.00898	0.01036	0.00829	0.00553	0.00415	0.00138	0.00691	0.00345	0.00276	0.00829
21	0.08982	0.01223	0.03541	0.01171	0.01664	0.01096	0.00986	0.05024	0.08218	0.57536	0.02357	0.02085	0.01525	0.00785	0.00630	0.00202	0.00559	0.00626	0.00735	0.01057
22	0.02899	0.01100	0.01499	0.01150	0.01649	0.00950	0.00950	0.03149	0.01849	0.73709	0.02549	0.02199	0.01599	0.00800	0.00650	0.00200	0.00550	0.00650	0.00800	0.01100
23	0.00908	0.00693	0.00841	0.00813	0.00992	0.00640	0.00621	0.01234	0.04523	0.02317	0.47117	0.05277	0.24416	0.01421	0.00767	0.00214	0.00338	0.05587	0.00671	0.00607
24	0.02710	0.01280	0.01599	0.01231	0.01724	0.01228	0.01015	0.21783	0.02176	0.52159	0.04638	0.02109	0.01613	0.00811	0.00653	0.00198	0.00586	0.00648	0.00755	0.01083
25	0.00810	0.00596	0.00759	0.00846	0.00933	0.00545	0.00586	0.00969	0.01392	0.01855	0.18115	0.51756	0.14815	0.01824	0.00803	0.00244	0.00354	0.01631	0.00623	0.00545
26	0.00764	0.00655	0.00655	0.00655	0.00873	0.00545	0.00491	0.00927	0.01473	0.01745	0.06546	0.06218	0.73000	0.01636	0.00764	0.00218	0.00327	0.01364	0.00600	0.00545
27	0.01309	0.05631	0.71772	0.01819	0.02761	0.01533	0.02348	0.02043	0.01363	0.02030	0.01151	0.01354	0.00819	0.00612	0.00608	0.00203	0.00947	0.00473	0.00273	0.00951
28	0.00787	0.00562	0.00750	0.00900	0.00937	0.00525	0.00600	0.00900	0.01237	0.01649	0.03561	0.76871	0.04274	0.02024	0.00825	0.00262	0.00375	0.01837	0.00600	0.00525
29	0.00787	0.00562	0.00750	0.00900	0.00937	0.00525	0.00600	0.00900	0.01237	0.01649	0.03561	0.76871	0.04274	0.02024	0.00825	0.00262	0.00375	0.01837	0.00600	0.00525
30	0.00851	0.00638	0.00779	0.00801	0.00936	0.00580	0.00583	0.01054	0.01522	0.02025	0.30739	0.21942	0.23826	0.06246	0.00938	0.00252	0.00361	0.04740	0.00629	0.00558
31	0.01893	0.01449	0.01562	0.01335	0.01743	0.01630	0.01058	0.17197	0.51864	0.09209	0.02403	0.02217	0.01762	0.00849	0.00655	0.00212	0.00555	0.00693	0.00668	0.01045
32	0.01892	0.01476	0.01636	0.01219	0.01765	0.01427	0.00994	0.36002	0.02180	0.03078	0.01348	0.01444	0.01027	0.00626	0.00562	0.00144	0.00594	0.00481	0.00513	0.41591
33	0.01082	0.00700	0.00901	0.00828	0.01019	0.00634	0.00629	0.01367	0.01795	0.09042	0.59756	0.04725	0.12433	0.01305	0.00752	0.00204	0.00330	0.01141	0.00708	0.00648
34	0.02343	0.01721	0.01851	0.01449	0.01942	0.01906	0.01187	0.58442	0.13468	0.06327	0.01750	0.01705	0.01249	0.00792	0.00648	0.00198	0.00675	0.00607	0.00653	0.01087
35	0.49093	0.03817	0.03162	0.00888	0.01228	0.01208	0.00750	0.01668	0.01332	0.02653	0.19278	0.02523	0.05107	0.00880	0.00537	0.00204	0.00469	0.04038	0.00487	0.00678
36	0.02211	0.02567	0.01819	0.01733	0.06510	0.50851	0.01251	0.07659	0.15254	0.02009	0.01363	0.01458	0.01081	0.00708	0.00605	0.00180	0.00983	0.00498	0.00416	0.00844
37	0.01623	0.01194	0.01386	0.01223	0.03291	0.01202	0.00921	0.21532	0.10979	0.06946	0.02284	0.24827	0.02189	0.01112	0.00670	0.00200	0.00529	0.00953	0.00584	0.16355
38	0.16325	0.04097	0.04408	0.04181	0.03747	0.01205	0.01009	0.02528	0.11025	0.31597	0.09628	0.02313	0.01916	0.00825	0.00613	0.00203	0.00551	0.02291	0.00619	0.00920

[dist]
# distance from previous block
# <min> <max>
18	42

[block]
# block no. 7 follows, 34 sequences, length 7
# corresponding to MSA columns:
# 460-466
name=unknown_H
#
# <colnr> <probs for GDERKNQSTAVLIFYWHMCP>
#	G	D	E	R	K	N	Q	S	T	A	V	L	I	F	Y	W	H	M	C	P
0	0.01490	0.05114	0.05803	0.01318	0.01837	0.01228	0.10389	0.13242	0.01711	0.02446	0.11036	0.04699	0.01789	0.00720	0.00601	0.00157	0.00609	0.00631	0.00461	0.34720
1	0.10363	0.02956	0.01543	0.01222	0.01567	0.01141	0.10275	0.06713	0.09293	0.11794	0.22438	0.03037	0.06499	0.04814	0.03303	0.00254	0.00589	0.00831	0.00582	0.00788
2	0.01564	0.07115	0.01552	0.01178	0.01516	0.08487	0.05549	0.05277	0.01592	0.11165	0.12763	0.11454	0.02500	0.07116	0.00871	0.00225	0.00608	0.05581	0.00523	0.13363
3	0.28827	0.03779	0.01593	0.03328	0.01728	0.07306	0.09475	0.05688	0.06309	0.04942	0.11377	0.04276	0.01781	0.00771	0.00576	0.00194	0.00624	0.00625	0.00472	0.06330
4	0.01614	0.01189	0.01351	0.01140	0.01500	0.01227	0.00891	0.15569	0.21100	0.08070	0.07130	0.07502	0.04433	0.05415	0.05773	0.00272	0.00606	0.00775	0.00584	0.13859
5	0.07175	0.01362	0.01948	0.01531	0.01970	0.01391	0.17363	0.17496	0.11571	0.11764	0.05851	0.06995	0.06719	0.00920	0.00691	0.00214	0.00667	0.02906	0.00572	0.00895
6	0.01444	0.01426	0.02723	0.02084	0.05211	0.01293	0.40315	0.01867	0.01470	0.04342	0.01620	0.07168	0.01426	0.00733	0.00705	0.00198	0.00837	0.05877	0.00393	0.18869

[dist]
# distance from previous block
# <min> <max>
5	11

[block]
# block no. 8 follows, 34 sequences, length 6
# corresponding to MSA columns:
# 478-483
name=unknown_I
#
# <colnr> <probs for GDERKNQSTAVLIFYWHMCP>
#	G	D	E	R	K	N	Q	S	T	A	V	L	I	F	Y	W	H	M	C	P
0	0.01149	0.01034	0.01419	0.01287	0.01398	0.04627	0.04264	0.01349	0.01078	0.01523	0.01477	0.02296	0.01416	0.09878	0.42817	0.00728	0.20639	0.00672	0.00332	0.00616
1	0.15761	0.04866	0.01865	0.01426	0.01859	0.15808	0.09268	0.07668	0.04472	0.02242	0.01148	0.01360	0.00928	0.00656	0.00708	0.00177	0.08563	0.00477	0.00388	0.20363
2	0.24012	0.01406	0.01493	0.01214	0.01652	0.06109	0.03201	0.14836	0.05504	0.26438	0.01731	0.01722	0.01216	0.00995	0.05466	0.00254	0.00698	0.00552	0.00580	0.00922
