[name]
unknown

[dist]
# distance from previous block
# <min> <max>
18	130

[block]
# block no. 0 follows, 47 sequences, length 41
# corresponding to MSA columns:
# 197-237
name=unknown_A
#
# <colnr> <probs for GDERKNQSTAVLIFYWHMCP>
#	G	D	E	R	K	N	Q	S	T	A	V	L	I	F	Y	W	H	M	C	P
0	0.01230	0.29959	0.35511	0.03131	0.01806	0.01471	0.03452	0.06250	0.01184	0.03241	0.04110	0.01200	0.00896	0.00651	0.03677	0.00174	0.00681	0.00394	0.00267	0.00714
1	0.08844	0.26731	0.18882	0.00978	0.01369	0.02710	0.00983	0.03284	0.03005	0.04398	0.03340	0.11537	0.01323	0.06037	0.02584	0.00194	0.00565	0.02289	0.00318	0.00629
2	0.05910	0.23799	0.21183	0.01039	0.01470	0.01351	0.01060	0.14036	0.01283	0.03601	0.04185	0.03769	0.01092	0.04835	0.07519	0.00225	0.00647	0.00457	0.01861	0.00677
3	0.05361	0.13695	0.28449	0.01220	0.01740	0.04356	0.03021	0.20441	0.06950	0.06520	0.02730	0.01245	0.00908	0.00555	0.00478	0.00154	0.00626	0.00423	0.00357	0.00771
4	0.00692	0.00593	0.03805	0.00696	0.00808	0.00494	0.00528	0.00828	0.01074	0.01397	0.09130	0.32476	0.23490	0.13299	0.00940	0.00242	0.00354	0.08264	0.00454	0.00437
5	0.01403	0.64913	0.06549	0.00941	0.01402	0.01878	0.00935	0.08132	0.01184	0.01462	0.00796	0.00903	0.00694	0.00460	0.00363	0.00116	0.00557	0.00303	0.00255	0.06754
6	0.06912	0.00753	0.06021	0.00745	0.00942	0.00637	0.00618	0.02991	0.03348	0.03976	0.38307	0.12538	0.14509	0.01142	0.02793	0.00191	0.00356	0.02196	0.00497	0.00528
7	0.06807	0.19446	0.35661	0.01254	0.04011	0.01376	0.02935	0.09202	0.01243	0.04858	0.03477	0.01309	0.03691	0.00556	0.00486	0.00153	0.02092	0.00421	0.00297	0.00726
8	0.01654	0.05373	0.11683	0.01007	0.01398	0.00951	0.02922	0.10827	0.02715	0.34559	0.14860	0.05224	0.03038	0.00730	0.00535	0.00162	0.00477	0.00609	0.00517	0.00760
9	0.00693	0.00492	0.00656	0.00752	0.00798	0.00480	0.00533	0.00804	0.00988	0.01317	0.02582	0.52604	0.03009	0.12360	0.06621	0.00300	0.00438	0.13706	0.00446	0.00421
10	0.01070	0.08473	0.73443	0.01441	0.02187	0.01271	0.01849	0.01643	0.01096	0.01618	0.00919	0.01080	0.00660	0.00491	0.00483	0.00161	0.00754	0.00377	0.00220	0.00762
11	0.01168	0.01862	0.37002	0.11982	0.19975	0.01211	0.09687	0.04410	0.01193	0.03301	0.02711	0.01294	0.00832	0.00506	0.00520	0.00164	0.00711	0.00456	0.00263	0.00751
12	0.01032	0.04699	0.71286	0.01408	0.02123	0.01181	0.01793	0.01599	0.01125	0.01669	0.06488	0.01293	0.00966	0.00534	0.00499	0.00163	0.00726	0.00422	0.00245	0.00747
13	0.02336	0.00886	0.01209	0.00927	0.01329	0.00765	0.00765	0.02538	0.01491	0.78810	0.02055	0.01773	0.01289	0.00645	0.00524	0.00161	0.00443	0.00524	0.00645	0.00886
14	0.01143	0.01150	0.07065	0.26827	0.29522	0.01100	0.08352	0.01471	0.01148	0.05156	0.01414	0.04114	0.06307	0.00608	0.00542	0.00169	0.00631	0.02301	0.00293	0.00688
15	0.07750	0.36317	0.05816	0.07315	0.05037	0.01400	0.00918	0.01443	0.01079	0.06241	0.04326	0.08092	0.03271	0.00822	0.04385	0.00182	0.02515	0.02151	0.00310	0.00629
16	0.01569	0.00737	0.00962	0.00798	0.01077	0.00659	0.00636	0.01830	0.04501	0.41403	0.29029	0.02833	0.09993	0.00859	0.00565	0.00164	0.00355	0.00728	0.00599	0.00702
17	0.01344	0.00665	0.00886	0.00758	0.00983	0.00595	0.00592	0.01564	0.01455	0.31226	0.46010	0.04636	0.03439	0.02705	0.00626	0.00171	0.00328	0.00790	0.00593	0.00636
18	0.01151	0.01152	0.10281	0.44642	0.10039	0.01095	0.06176	0.01519	0.02418	0.09056	0.02386	0.05659	0.00994	0.00590	0.00533	0.00172	0.00650	0.00533	0.00299	0.00656
19	0.01267	0.21018	0.45223	0.02956	0.04500	0.01385	0.05407	0.03011	0.01154	0.08024	0.00992	0.01124	0.00731	0.00495	0.00467	0.00152	0.00688	0.00389	0.00265	0.00752
20	0.00747	0.00555	0.00786	0.00792	0.00858	0.00629	0.00586	0.00885	0.00839	0.01188	0.01587	0.11396	0.01637	0.17833	0.53849	0.00684	0.03709	0.00697	0.00308	0.00436
21	0.02018	0.01293	0.01448	0.01121	0.01526	0.01383	0.00923	0.53128	0.07615	0.21799	0.01511	0.01429	0.01036	0.00636	0.00522	0.00159	0.00529	0.00491	0.00552	0.00881
22	0.01339	0.07856	0.02637	0.13755	0.05356	0.03689	0.03184	0.16395	0.12477	0.07085	0.04697	0.11739	0.01530	0.02789	0.00589	0.00177	0.00533	0.03068	0.00418	0.00689
23	0.01659	0.07081	0.01527	0.10232	0.01711	0.01463	0.00965	0.51056	0.06114	0.02638	0.01347	0.03698	0.02109	0.05277	0.00635	0.00178	0.00561	0.00515	0.00453	0.00779
24	0.00634	0.00453	0.00604	0.00725	0.00755	0.00423	0.00483	0.00725	0.00997	0.01329	0.02870	0.81358	0.03444	0.01632	0.00665	0.00211	0.00302	0.01480	0.00483	0.00423
25	0.01827	0.05502	0.01497	0.01111	0.01487	0.01441	0.00918	0.57526	0.02111	0.09298	0.01377	0.05083	0.01058	0.00901	0.06212	0.00206	0.00608	0.00517	0.00497	0.00822
26	0.01095	0.01235	0.10934	0.52137	0.07840	0.01212	0.08791	0.05401	0.03406	0.01551	0.00995	0.01359	0.00744	0.00517	0.00527	0.00171	0.00702	0.00472	0.00259	0.00652
27	0.01090	0.02032	0.43952	0.01606	0.02200	0.03359	0.24267	0.01577	0.01164	0.01653	0.06243	0.04591	0.01098	0.00571	0.00569	0.00170	0.02343	0.00536	0.00269	0.00708
28	0.00654	0.00472	0.00625	0.00740	0.00786	0.00442	0.00515	0.00762	0.01026	0.01356	0.02971	0.70120	0.06903	0.01597	0.00668	0.00213	0.00318	0.08919	0.00483	0.00430
29	0.07072	0.02225	0.01417	0.28272	0.13209	0.01185	0.01112	0.07730	0.15483	0.01774	0.01584	0.03954	0.07640	0.00670	0.00574	0.00172	0.04354	0.00554	0.00350	0.00669
30	0.00753	0.00701	0.04354	0.06391	0.01036	0.00597	0.00585	0.05129	0.01211	0.01515	0.06810	0.12661	0.49591	0.05471	0.00711	0.00195	0.00352	0.01002	0.00450	0.00484
31	0.01148	0.24976	0.55409	0.01337	0.02009	0.01452	0.03727	0.01624	0.01091	0.01530	0.00879	0.01034	0.00666	0.00479	0.00453	0.00150	0.00713	0.00361	0.00222	0.00739
32	0.04454	0.60971	0.16685	0.00983	0.01471	0.01806	0.01054	0.01551	0.01076	0.01381	0.03922	0.01009	0.00836	0.00481	0.00375	0.00125	0.00578	0.00325	0.00240	0.00676
33	0.03574	0.21172	0.49138	0.01249	0.01875	0.01362	0.01493	0.01702	0.03169	0.07147	0.02925	0.01171	0.00836	0.00514	0.00458	0.00152	0.00663	0.00386	0.00271	0.00743
34	0.10633	0.00994	0.04332	0.07215	0.09006	0.03034	0.00849	0.02567	0.15480	0.10657	0.15769	0.04921	0.09017	0.00768	0.00525	0.00165	0.00439	0.00644	0.00447	0.02537
35	0.02319	0.16724	0.05139	0.10169	0.03164	0.09425	0.00928	0.12506	0.05951	0.05230	0.05893	0.07428	0.07072	0.00816	0.03092	0.00176	0.00577	0.00567	0.00373	0.02453
36	0.08799	0.28519	0.22804	0.04617	0.07241	0.07842	0.01226	0.06761	0.01211	0.05255	0.00912	0.01044	0.00713	0.00496	0.00430	0.00143	0.00638	0.00358	0.00277	0.00714
37	0.13046	0.06236	0.08016	0.08439	0.16646	0.01225	0.18073	0.07677	0.01232	0.01852	0.04806	0.04404	0.01050	0.00551	0.00503	0.00159	0.00616	0.00510	0.00309	0.04650
38	0.05110	0.01248	0.09052	0.16725	0.38490	0.01171	0.04489	0.03028	0.02846	0.01671	0.01155	0.03565	0.01007	0.00594	0.00553	0.00170	0.02282	0.05842	0.00285	0.00718
39	0.13437	0.03984	0.31102	0.12803	0.13105	0.03155	0.03304	0.01690	0.02914	0.08301	0.01027	0.01205	0.00754	0.00508	0.00478	0.00162	0.00649	0.00411	0.00288	0.00723
40	0.03339	0.01232	0.08495	0.08831	0.07150	0.04848	0.02897	0.09792	0.20589	0.06716	0.04941	0.03452	0.05581	0.03447	0.03858	0.00207	0.02939	0.00574	0.00407	0.00704

[dist]
# distance from previous block
# <min> <max>
3	11

[block]
# block no. 1 follows, 47 sequences, length 78
# corresponding to MSA columns:
# 249-326
name=unknown_B
#
# <colnr> <probs for GDERKNQSTAVLIFYWHMCP>
#	G	D	E	R	K	N	Q	S	T	A	V	L	I	F	Y	W	H	M	C	P
0	0.04617	0.01258	0.01328	0.04526	0.04321	0.08244	0.02392	0.26066	0.20089	0.08189	0.01820	0.01825	0.08402	0.02377	0.00564	0.00169	0.00529	0.00549	0.00464	0.02271
1	0.01435	0.01248	0.04804	0.04697	0.10819	0.07325	0.00980	0.13160	0.24347	0.09135	0.04187	0.05983	0.02845	0.00698	0.00527	0.00163	0.00519	0.01806	0.00445	0.04877
2	0.01414	0.01320	0.09552	0.04941	0.05922	0.04834	0.02406	0.21966	0.14692	0.06852	0.06699	0.03609	0.06577	0.02308	0.00599	0.00171	0.02286	0.00577	0.00437	0.02835
3	0.05508	0.01205	0.01638	0.03972	0.34955	0.07828	0.05405	0.06620	0.07098	0.03589	0.03329	0.08301	0.03414	0.02416	0.00571	0.00169	0.00575	0.00583	0.00345	0.02480
4	0.01393	0.03153	0.03518	0.09741	0.01852	0.17874	0.12526	0.12674	0.04081	0.01731	0.06207	0.01529	0.03981	0.00675	0.00766	0.00172	0.16633	0.00513	0.00328	0.00650
5	0.00624	0.00528	0.00539	0.00536	0.00708	0.00443	0.00402	0.00763	0.01206	0.01453	0.10206	0.04936	0.73279	0.01302	0.00615	0.00175	0.00263	0.01088	0.00490	0.00443
6	0.01080	0.00926	0.01080	0.00771	0.01234	0.00694	0.00617	0.01311	0.01080	0.01697	0.00926	0.01080	0.00771	0.00386	0.00386	0.00077	0.00386	0.00309	0.00309	0.84882
7	0.01351	0.72527	0.11850	0.00962	0.01446	0.01959	0.01015	0.01570	0.01063	0.01276	0.00749	0.00867	0.00667	0.00451	0.00353	0.00118	0.00582	0.00291	0.00222	0.00680
8	0.01457	0.01504	0.01565	0.01344	0.01463	0.22806	0.02477	0.03632	0.01078	0.06067	0.00823	0.01131	0.00725	0.00776	0.01246	0.00195	0.50398	0.00430	0.00273	0.00609
9	0.00683	0.00520	0.00664	0.00803	0.02899	0.02179	0.00522	0.00779	0.01008	0.01332	0.02750	0.75942	0.03283	0.03080	0.00694	0.00214	0.00329	0.01414	0.00469	0.00436
10	0.00634	0.00453	0.00604	0.00725	0.00755	0.00423	0.00483	0.00725	0.00997	0.01329	0.02870	0.81358	0.03444	0.01632	0.00665	0.00211	0.00302	0.01480	0.00483	0.00423
11	0.01100	0.00990	0.01347	0.00962	0.01434	0.00778	0.10807	0.01359	0.01100	0.01693	0.00943	0.01123	0.00774	0.00393	0.00416	0.00090	0.00452	0.00350	0.00302	0.73586
12	0.01121	0.01066	0.01811	0.45572	0.37384	0.01193	0.01515	0.01451	0.01107	0.01498	0.00950	0.01343	0.00753	0.00495	0.00518	0.00165	0.00660	0.00463	0.00243	0.00690
13	0.00720	0.00532	0.00672	0.00637	0.00767	0.00484	0.00478	0.00949	0.01433	0.01991	0.67753	0.04050	0.15396	0.01101	0.00614	0.00166	0.00248	0.00964	0.00560	0.00484
14	0.02154	0.00940	0.01212	0.00956	0.01341	0.00875	0.00781	0.04448	0.14216	0.64101	0.02045	0.01788	0.01329	0.00654	0.00525	0.00164	0.00441	0.00533	0.00622	0.00876
15	0.00619	0.00528	0.00532	0.00531	0.00705	0.00441	0.00398	0.00754	0.01195	0.01425	0.07272	0.04981	0.76230	0.01312	0.00615	0.00176	0.00263	0.01095	0.00486	0.00441
16	0.00721	0.00531	0.00670	0.00636	0.00763	0.00485	0.00474	0.00946	0.01418	0.01970	0.66505	0.04028	0.14659	0.03106	0.00665	0.00174	0.00255	0.00958	0.00555	0.00480
17	0.85377	0.01007	0.00765	0.00685	0.01007	0.01168	0.00564	0.01531	0.00886	0.02336	0.00725	0.00846	0.00564	0.00483	0.00322	0.00161	0.00403	0.00282	0.00322	0.00564
18	0.00983	0.00926	0.01562	0.80447	0.03587	0.01157	0.01446	0.01331	0.01041	0.01331	0.00926	0.01388	0.00694	0.00521	0.00521	0.00174	0.00694	0.00463	0.00231	0.00579
19	0.01080	0.00926	0.01080	0.00771	0.01234	0.00694	0.00617	0.01311	0.01080	0.01697	0.00926	0.01080	0.00771	0.00386	0.00386	0.00077	0.00386	0.00309	0.00309	0.84882
20	0.01945	0.02482	0.01476	0.01342	0.01610	0.79608	0.01006	0.02079	0.01476	0.01275	0.00805	0.00939	0.00671	0.00537	0.00470	0.00134	0.00939	0.00335	0.00268	0.00604
21	0.00737	0.00532	0.00696	0.00655	0.00778	0.00491	0.00491	0.00983	0.01474	0.02088	0.78175	0.03890	0.04914	0.01065	0.00614	0.00164	0.00246	0.00942	0.00573	0.00491
22	0.85377	0.01007	0.00765	0.00685	0.01007	0.01168	0.00564	0.01531	0.00886	0.02336	0.00725	0.00846	0.00564	0.00483	0.00322	0.00161	0.00403	0.00282	0.00322	0.00564
23	0.01289	0.01237	0.02114	0.03196	0.78450	0.01237	0.01598	0.01598	0.01186	0.01701	0.00980	0.01289	0.00825	0.00464	0.00516	0.00155	0.00619	0.00464	0.00258	0.00825
24	0.01980	0.01459	0.01563	0.01198	0.01615	0.01615	0.00990	0.76713	0.02448	0.03282	0.01250	0.01250	0.00886	0.00625	0.00521	0.00156	0.00573	0.00469	0.00521	0.00886
25	0.02336	0.00886	0.01209	0.00927	0.01329	0.00765	0.00765	0.02538	0.01491	0.78810	0.02055	0.01773	0.01289	0.00645	0.00524	0.00161	0.00443	0.00524	0.00645	0.00886
26	0.00641	0.00458	0.00611	0.00732	0.00765	0.00428	0.00494	0.00736	0.01003	0.01336	0.02867	0.79103	0.03431	0.01626	0.00666	0.00212	0.00307	0.03676	0.00483	0.00425
27	0.00757	0.00506	0.00574	0.00574	0.00576	0.00508	0.00323	0.00761	0.00759	0.01014	0.01635	0.03376	0.01879	0.79875	0.04455	0.00513	0.00526	0.00753	0.00315	0.00319
28	0.01945	0.02482	0.01476	0.01342	0.01610	0.79608	0.01006	0.02079	0.01476	0.01275	0.00805	0.00939	0.00671	0.00537	0.00470	0.00134	0.00939	0.00335	0.00268	0.00604
29	0.00983	0.00926	0.01562	0.80447	0.03587	0.01157	0.01446	0.01331	0.01041	0.01331	0.00926	0.01388	0.00694	0.00521	0.00521	0.00174	0.00694	0.00463	0.00231	0.00579
30	0.00636	0.00459	0.00599	0.00709	0.00748	0.00426	0.00474	0.00727	0.01003	0.01327	0.02988	0.74853	0.07983	0.03497	0.00708	0.00216	0.00305	0.01440	0.00479	0.00421
31	0.00904	0.00570	0.00747	0.00681	0.00835	0.00519	0.00518	0.01142	0.01470	0.10199	0.68537	0.03690	0.06115	0.01026	0.00605	0.00164	0.00267	0.00901	0.00579	0.00532
32	0.82262	0.01024	0.00795	0.00704	0.01030	0.01185	0.00580	0.04339	0.00945	0.02372	0.00745	0.00861	0.00576	0.00489	0.00330	0.00161	0.00409	0.00289	0.00330	0.00576
33	0.70558	0.01306	0.09758	0.02467	0.01322	0.01258	0.00810	0.03281	0.01043	0.02376	0.00915	0.01101	0.00727	0.00586	0.00416	0.00188	0.00505	0.00352	0.00362	0.00670
34	0.01825	0.12260	0.01685	0.01431	0.07748	0.61955	0.01039	0.03607	0.01422	0.01347	0.00819	0.00961	0.00688	0.00521	0.00458	0.00133	0.00858	0.00342	0.00267	0.00636
35	0.01067	0.01007	0.01605	0.42440	0.26733	0.02649	0.01350	0.01396	0.02450	0.01506	0.04735	0.01819	0.05748	0.00606	0.00534	0.00168	0.00618	0.02640	0.00283	0.00646
36	0.02336	0.00886	0.01209	0.00927	0.01329	0.00765	0.00765	0.02538	0.01491	0.78810	0.02055	0.01773	0.01289	0.00645	0.00524	0.00161	0.00443	0.00524	0.00645	0.00886
37	0.00615	0.00528	0.00528	0.00528	0.00703	0.00440	0.00396	0.00747	0.01187	0.01407	0.05276	0.05012	0.78238	0.01319	0.00615	0.00176	0.00264	0.01099	0.00484	0.00440
38	0.00735	0.00531	0.00694	0.00657	0.00777	0.00490	0.00491	0.00977	0.01463	0.02071	0.76454	0.05660	0.04880	0.01078	0.00615	0.00165	0.00247	0.00954	0.00571	0.00490
39	0.00780	0.00597	0.00791	0.00731	0.00840	0.00608	0.00560	0.01011	0.01402	0.02000	0.69968	0.03599	0.04466	0.01048	0.00730	0.00171	0.08772	0.00890	0.00537	0.00500
40	0.01392	0.82012	0.02729	0.00891	0.01337	0.02061	0.00891	0.01559	0.01058	0.01225	0.00724	0.00835	0.00668	0.00446	0.00334	0.00111	0.00557	0.00278	0.00223	0.00668
41	0.01045	0.02694	0.79000	0.01484	0.02254	0.01209	0.01924	0.01649	0.01099	0.01649	0.00935	0.01099	0.00660	0.00495	0.00495	0.00165	0.00770	0.00385	0.00220	0.00770
42	0.01157	0.00923	0.01088	0.00781	0.01240	0.00699	0.00626	0.01386	0.01105	0.06414	0.00995	0.01122	0.00803	0.00402	0.00394	0.00082	0.00389	0.00322	0.00329	0.79743
43	0.85377	0.01007	0.00765	0.00685	0.01007	0.01168	0.00564	0.01531	0.00886	0.02336	0.00725	0.00846	0.00564	0.00483	0.00322	0.00161	0.00403	0.00282	0.00322	0.00564
44	0.00737	0.00532	0.00696	0.00655	0.00778	0.00491	0.00491	0.00983	0.01474	0.02088	0.78175	0.03890	0.04914	0.01065	0.00614	0.00164	0.00246	0.00942	0.00573	0.00491
45	0.01295	0.01119	0.01178	0.01060	0.01354	0.01295	0.00824	0.02767	0.77509	0.02178	0.02120	0.01943	0.01590	0.00707	0.00530	0.00177	0.00412	0.00589	0.00530	0.00824
46	0.00983	0.00926	0.01562	0.80447	0.03587	0.01157	0.01446	0.01331	0.01041	0.01331	0.00926	0.01388	0.00694	0.00521	0.00521	0.00174	0.00694	0.00463	0.00231	0.00579
47	0.01392	0.82012	0.02729	0.00891	0.01337	0.02061	0.00891	0.01559	0.01058	0.01225	0.00724	0.00835	0.00668	0.00446	0.00334	0.00111	0.00557	0.00278	0.00223	0.00668
48	0.00983	0.00926	0.01562	0.80447	0.03587	0.01157	0.01446	0.01331	0.01041	0.01331	0.00926	0.01388	0.00694	0.00521	0.00521	0.00174	0.00694	0.00463	0.00231	0.00579
49	0.00640	0.00457	0.00611	0.00732	0.00764	0.00428	0.00493	0.00735	0.01003	0.01336	0.02867	0.79242	0.03432	0.01626	0.00666	0.00212	0.00307	0.03540	0.00483	0.00425
50	0.00744	0.00558	0.00837	0.00837	0.00930	0.00651	0.00651	0.00930	0.00837	0.01209	0.01395	0.02046	0.01302	0.03906	0.79635	0.00837	0.01395	0.00558	0.00279	0.00465
51	0.76471	0.01019	0.00809	0.00725	0.01044	0.01182	0.00592	0.01662	0.09002	0.02320	0.00873	0.00962	0.00673	0.00507	0.00344	0.00163	0.00404	0.00314	0.00344	0.00592
52	0.00983	0.00926	0.01562	0.80447	0.03587	0.01157	0.01446	0.01331	0.01041	0.01331	0.00926	0.01388	0.00694	0.00521	0.00521	0.00174	0.00694	0.00463	0.00231	0.00579
53	0.03881	0.01341	0.01479	0.01136	0.01548	0.01445	0.00938	0.61102	0.02234	0.17473	0.01390	0.01340	0.00954	0.00626	0.00517	0.00157	0.00545	0.00475	0.00540	0.00879
54	0.00752	0.00525	0.00670	0.00670	0.00706	0.00560	0.00443	0.00823	0.00788	0.01086	0.01547	0.02889	0.01668	0.52079	0.31962	0.00631	0.00844	0.00681	0.00302	0.00372
55	0.00905	0.00452	0.00678	0.00678	0.00678	0.00452	0.00452	0.00678	0.00678	0.00905	0.00905	0.01583	0.00905	0.01809	0.02035	0.84848	0.00452	0.00452	0.00226	0.00226
56	0.80275	0.01035	0.00814	0.00716	0.01044	0.01196	0.00590	0.06130	0.00982	0.02394	0.00757	0.00871	0.00584	0.00492	0.00334	0.00161	0.00413	0.00293	0.00334	0.00584
57	0.01413	0.44909	0.19634	0.01092	0.01573	0.09674	0.01130	0.01756	0.05807	0.05757	0.00939	0.01032	0.00758	0.00502	0.00433	0.00135	0.02137	0.00344	0.00269	0.00705
58	0.01095	0.01109	0.01814	0.05046	0.03664	0.03599	0.21374	0.01318	0.00959	0.01359	0.00981	0.01506	0.00891	0.05997	0.14477	0.00326	0.33120	0.00530	0.00253	0.00581
59	0.01045	0.02694	0.79000	0.01484	0.02254	0.01209	0.01924	0.01649	0.01099	0.01649	0.00935	0.01099	0.00660	0.00495	0.00495	0.00165	0.00770	0.00385	0.00220	0.00770
60	0.00757	0.00507	0.00580	0.00580	0.00584	0.00511	0.00331	0.00765	0.00761	0.01019	0.01630	0.03347	0.01867	0.78218	0.06095	0.00520	0.00545	0.00748	0.00314	0.00322
61	0.00808	0.00580	0.00798	0.00890	0.01007	0.00570	0.00757	0.01039	0.01233	0.01628	0.14784	0.09156	0.04977	0.01386	0.00698	0.00225	0.00429	0.58060	0.00495	0.00478
62	0.00723	0.00522	0.00684	0.00665	0.00775	0.00482	0.00490	0.00948	0.01410	0.01987	0.68088	0.14267	0.04717	0.01141	0.00621	0.00170	0.00253	0.01014	0.00561	0.00482
63	0.00707	0.00531	0.00655	0.00624	0.00760	0.00479	0.00468	0.00925	0.01403	0.01921	0.60227	0.04166	0.22967	0.01127	0.00615	0.00167	0.00250	0.00981	0.00551	0.00479
64	0.01392	0.82012	0.02729	0.00891	0.01337	0.02061	0.00891	0.01559	0.01058	0.01225	0.00724	0.00835	0.00668	0.00446	0.00334	0.00111	0.00557	0.00278	0.00223	0.00668
65	0.01295	0.01119	0.01178	0.01060	0.01354	0.01295	0.00824	0.02767	0.77509	0.02178	0.02120	0.01943	0.01590	0.00707	0.00530	0.00177	0.00412	0.00589	0.00530	0.00824
66	0.85377	0.01007	0.00765	0.00685	0.01007	0.01168	0.00564	0.01531	0.00886	0.02336	0.00725	0.00846	0.00564	0.00483	0.00322	0.00161	0.00403	0.00282	0.00322	0.00564
67	0.85377	0.01007	0.00765	0.00685	0.01007	0.01168	0.00564	0.01531	0.00886	0.02336	0.00725	0.00846	0.00564	0.00483	0.00322	0.00161	0.00403	0.00282	0.00322	0.00564
68	0.00737	0.00532	0.00696	0.00655	0.00778	0.00491	0.00491	0.00983	0.01474	0.02088	0.78175	0.03890	0.04914	0.01065	0.00614	0.00164	0.00246	0.00942	0.00573	0.00491
69	0.00673	0.00502	0.00635	0.00722	0.00807	0.00464	0.00533	0.00807	0.01094	0.01412	0.05299	0.46232	0.21314	0.01504	0.00662	0.00207	0.00327	0.15881	0.00485	0.00440
70	0.01367	0.01263	0.01227	0.01133	0.03317	0.09773	0.00856	0.04815	0.62924	0.02079	0.02012	0.01884	0.03628	0.00697	0.00525	0.00171	0.00475	0.00569	0.00493	0.00791
71	0.00685	0.00511	0.00627	0.00635	0.00743	0.00464	0.00456	0.00853	0.01254	0.01687	0.38791	0.22000	0.22284	0.05732	0.00739	0.00197	0.00277	0.01094	0.00516	0.00453
72	0.01884	0.01402	0.01512	0.01153	0.01575	0.01517	0.00950	0.68727	0.02304	0.03114	0.01216	0.01232	0.00874	0.00600	0.00507	0.00148	0.00553	0.00452	0.00498	0.09782
73	0.06457	0.01244	0.01973	0.08261	0.61675	0.03091	0.03052	0.04949	0.01222	0.01774	0.00970	0.01261	0.00798	0.00478	0.00505	0.00156	0.00622	0.00453	0.00272	0.00787
74	0.01897	0.06357	0.01604	0.01166	0.01573	0.01609	0.00969	0.68425	0.04578	0.03085	0.01276	0.02807	0.00943	0.00636	0.00513	0.00155	0.00562	0.00481	0.00502	0.00861
75	0.10119	0.01288	0.02513	0.03437	0.04019	0.01235	0.54762	0.01594	0.01159	0.01724	0.00990	0.01299	0.00760	0.00453	0.00585	0.00164	0.03033	0.00534	0.00273	0.10058
76	0.01820	0.06043	0.04974	0.01016	0.01399	0.05664	0.00863	0.13597	0.15098	0.33928	0.05169	0.01720	0.02688	0.00651	0.00510	0.00157	0.00495	0.00518	0.00523	0.03170
77	0.20448	0.32351	0.03958	0.00975	0.01350	0.15523	0.00860	0.04684	0.10738	0.03371	0.00968	0.01039	0.00782	0.00516	0.00396	0.00139	0.00576	0.00344	0.00312	0.00669

[dist]
# distance from previous block
# <min> <max>
1	5

[block]
# block no. 2 follows, 47 sequences, length 127
# corresponding to MSA columns:
# 332-458
name=unknown_C
#
# <colnr> <probs for GDERKNQSTAVLIFYWHMCP>
#	G	D	E	R	K	N	Q	S	T	A	V	L	I	F	Y	W	H	M	C	P
0	0.00643	0.00464	0.00605	0.00705	0.00750	0.00430	0.00475	0.00745	0.01037	0.01380	0.08144	0.69891	0.08060	0.03142	0.00697	0.00212	0.00300	0.01406	0.00486	0.00427
1	0.02222	0.06267	0.01344	0.00979	0.01369	0.10297	0.00807	0.03865	0.01480	0.63111	0.01804	0.01603	0.01168	0.00619	0.00505	0.00155	0.00512	0.00484	0.00570	0.00839
2	0.00655	0.00529	0.00582	0.00569	0.00727	0.00456	0.00426	0.00823	0.01279	0.01626	0.28677	0.04652	0.54701	0.01237	0.00615	0.00172	0.00258	0.01049	0.00512	0.00456
3	0.01572	0.01256	0.01333	0.01116	0.01460	0.01425	0.00891	0.32677	0.47149	0.02625	0.01768	0.01663	0.01305	0.00674	0.00526	0.00168	0.00477	0.00540	0.00526	0.00849
4	0.01366	0.01110	0.01233	0.01173	0.05780	0.01256	0.00865	0.02684	0.67926	0.07394	0.02050	0.01894	0.01525	0.00688	0.00529	0.00174	0.00426	0.00577	0.00522	0.00829
5	0.06426	0.01116	0.01165	0.01024	0.01338	0.01263	0.00803	0.06369	0.63790	0.02211	0.01909	0.01782	0.01435	0.00667	0.00507	0.00168	0.00418	0.00545	0.00502	0.06562
6	0.11594	0.00593	0.00597	0.00583	0.00767	0.00548	0.00448	0.00900	0.01198	0.01649	0.17153	0.04308	0.53208	0.01171	0.00581	0.00174	0.00285	0.03299	0.00478	0.00466
7	0.85377	0.01007	0.00765	0.00685	0.01007	0.01168	0.00564	0.01531	0.00886	0.02336	0.00725	0.00846	0.00564	0.00483	0.00322	0.00161	0.00403	0.00282	0.00322	0.00564
8	0.00923	0.00795	0.06230	0.01010	0.01192	0.00703	0.00923	0.05715	0.01268	0.01669	0.02541	0.05267	0.02709	0.01325	0.00692	0.00230	0.00505	0.65317	0.00464	0.00524
9	0.01261	0.52121	0.31472	0.01115	0.01682	0.01740	0.01280	0.01593	0.01074	0.01385	0.00803	0.00935	0.00665	0.00464	0.00395	0.00132	0.00637	0.00319	0.00222	0.00706
10	0.70249	0.01079	0.04904	0.00758	0.01114	0.01118	0.00661	0.01667	0.00975	0.12180	0.00908	0.00979	0.00663	0.00505	0.00357	0.00161	0.00427	0.00319	0.00359	0.00616
11	0.00631	0.00528	0.00549	0.00544	0.00713	0.00446	0.00408	0.00778	0.01224	0.01495	0.14693	0.04867	0.68766	0.01286	0.00615	0.00174	0.00261	0.01079	0.00495	0.00446
12	0.01227	0.00932	0.01098	0.00805	0.01239	0.00746	0.00646	0.06145	0.01226	0.08625	0.05741	0.01323	0.01076	0.00465	0.00420	0.00095	0.00394	0.00376	0.00368	0.67055
13	0.00719	0.00567	0.00862	0.00988	0.06196	0.00536	0.05190	0.00849	0.01028	0.01380	0.02628	0.69599	0.03095	0.01476	0.00652	0.00206	0.00362	0.02743	0.00455	0.00469
14	0.02216	0.00943	0.01229	0.00952	0.01343	0.00863	0.00782	0.11001	0.03111	0.65859	0.03320	0.03184	0.01351	0.00669	0.00528	0.00162	0.00451	0.00543	0.00624	0.00870
15	0.01581	0.01151	0.01262	0.01036	0.01359	0.01250	0.00831	0.42495	0.15166	0.06902	0.06059	0.08848	0.06773	0.00853	0.01817	0.00178	0.00488	0.00652	0.00523	0.00776
16	0.01023	0.00966	0.01633	0.70467	0.13258	0.01167	0.01466	0.01365	0.01060	0.01378	0.00933	0.01376	0.00711	0.00513	0.00520	0.00171	0.00684	0.00463	0.00235	0.00610
17	0.01043	0.02638	0.76554	0.03979	0.02296	0.01208	0.01909	0.01639	0.01098	0.01639	0.00934	0.01109	0.00661	0.00496	0.00496	0.00165	0.00767	0.00387	0.00220	0.00764
18	0.02336	0.00886	0.01209	0.00927	0.01329	0.00765	0.00765	0.02538	0.01491	0.78810	0.02055	0.01773	0.01289	0.00645	0.00524	0.00161	0.00443	0.00524	0.00645	0.00886
19	0.02228	0.00864	0.01183	0.00920	0.01302	0.00758	0.00758	0.02428	0.01446	0.73502	0.02009	0.01791	0.01290	0.00868	0.05936	0.00207	0.00508	0.00526	0.00620	0.00857
20	0.00852	0.06127	0.00829	0.00660	0.00833	0.00604	0.00514	0.01065	0.01383	0.06541	0.52091	0.03801	0.20656	0.01053	0.00590	0.00163	0.00283	0.00906	0.00534	0.00516
21	0.02322	0.00909	0.01223	0.00937	0.01341	0.00799	0.00774	0.05484	0.01529	0.75810	0.02023	0.01752	0.01273	0.00644	0.00524	0.00161	0.00448	0.00522	0.00640	0.00886
22	0.11912	0.00962	0.01505	0.63653	0.09542	0.01165	0.01345	0.01379	0.01033	0.01492	0.00904	0.01310	0.00688	0.00511	0.00495	0.00170	0.00650	0.00440	0.00245	0.00597
23	0.00813	0.00581	0.00809	0.00929	0.01037	0.00577	0.00793	0.01033	0.01173	0.01529	0.02772	0.15626	0.03055	0.01464	0.00712	0.00236	0.00457	0.65454	0.00480	0.00472
24	0.01080	0.00926	0.01080	0.00771	0.01234	0.00694	0.00617	0.01311	0.01080	0.01697	0.00926	0.01080	0.00771	0.00386	0.00386	0.00077	0.00386	0.00309	0.00309	0.84882
25	0.01925	0.01323	0.01448	0.01130	0.01524	0.01442	0.00927	0.57141	0.10478	0.12885	0.01460	0.01411	0.01026	0.00636	0.00518	0.00158	0.00530	0.00489	0.02680	0.00869
26	0.00839	0.00615	0.00892	0.00982	0.01109	0.00610	0.03109	0.01075	0.01187	0.01548	0.02713	0.10327	0.02957	0.01420	0.00713	0.00236	0.00481	0.68230	0.00473	0.00483
27	0.00615	0.00528	0.00528	0.00528	0.00703	0.00440	0.00396	0.00747	0.01187	0.01407	0.05276	0.05012	0.78238	0.01319	0.00615	0.00176	0.00264	0.01099	0.00484	0.00440
28	0.01045	0.02694	0.79000	0.01484	0.02254	0.01209	0.01924	0.01649	0.01099	0.01649	0.00935	0.01099	0.00660	0.00495	0.00495	0.00165	0.00770	0.00385	0.00220	0.00770
29	0.01173	0.01119	0.01904	0.32589	0.49966	0.01207	0.01540	0.01496	0.01131	0.01560	0.00959	0.01327	0.00775	0.00486	0.00517	0.00162	0.00647	0.00464	0.00248	0.00731
30	0.01229	0.01405	0.03073	0.02195	0.02722	0.01317	0.76558	0.01668	0.01229	0.01668	0.01054	0.01405	0.00790	0.00439	0.00615	0.00176	0.00878	0.00615	0.00263	0.00702
31	0.02336	0.00886	0.01209	0.00927	0.01329	0.00765	0.00765	0.02538	0.01491	0.78810	0.02055	0.01773	0.01289	0.00645	0.00524	0.00161	0.00443	0.00524	0.00645	0.00886
32	0.07132	0.00940	0.01044	0.00914	0.01199	0.01007	0.00719	0.02245	0.40860	0.17578	0.13765	0.02311	0.06502	0.00769	0.00532	0.00170	0.00384	0.00639	0.00543	0.00746
33	0.01969	0.00845	0.01118	0.00891	0.01233	0.00763	0.00722	0.04588	0.04986	0.58182	0.15140	0.03711	0.01956	0.00739	0.00542	0.00163	0.00409	0.00616	0.00620	0.00806
34	0.02336	0.00886	0.01209	0.00927	0.01329	0.00765	0.00765	0.02538	0.01491	0.78810	0.02055	0.01773	0.01289	0.00645	0.00524	0.00161	0.00443	0.00524	0.00645	0.00886
35	0.00728	0.00530	0.00685	0.00650	0.00773	0.00487	0.00486	0.00963	0.01446	0.02031	0.72242	0.06044	0.08794	0.01094	0.00616	0.00166	0.00248	0.00965	0.00566	0.00487
36	0.01158	0.13971	0.62777	0.01380	0.02079	0.01359	0.01712	0.06772	0.01186	0.01700	0.00926	0.01072	0.00676	0.00497	0.00474	0.00157	0.00726	0.00375	0.00241	0.00763
37	0.01130	0.07430	0.69067	0.01429	0.02154	0.01289	0.01797	0.06779	0.01189	0.01735	0.00943	0.01094	0.00676	0.00501	0.00487	0.00161	0.00743	0.00384	0.00241	0.00771
38	0.02174	0.01147	0.01370	0.01050	0.01459	0.01152	0.00868	0.36333	0.01927	0.44399	0.01688	0.01535	0.01105	0.00636	0.00522	0.00159	0.00502	0.00499	0.00588	0.00886
39	0.01896	0.13165	0.01620	0.01078	0.01483	0.03215	0.00908	0.44260	0.04916	0.17011	0.01351	0.01318	0.00959	0.00599	0.00488	0.00149	0.00538	0.00450	0.02177	0.02421
40	0.00937	0.00661	0.00821	0.00732	0.00900	0.00643	0.00563	0.10805	0.01600	0.04133	0.66361	0.03497	0.04304	0.00998	0.00600	0.00163	0.00293	0.00870	0.00568	0.00552
41	0.00624	0.00523	0.00542	0.00547	0.00711	0.00442	0.00407	0.00760	0.01193	0.01443	0.09500	0.09527	0.69355	0.01322	0.00618	0.00177	0.00265	0.01113	0.00489	0.00442
42	0.00623	0.00516	0.00546	0.00565	0.00715	0.00439	0.00414	0.00752	0.01166	0.01419	0.07575	0.17507	0.63247	0.01361	0.00624	0.00181	0.00269	0.01156	0.00487	0.00439
43	0.00757	0.00505	0.00568	0.00568	0.00568	0.00505	0.00316	0.00757	0.00757	0.01010	0.01641	0.03408	0.01893	0.81698	0.02651	0.00505	0.00505	0.00757	0.00316	0.00316
44	0.00669	0.00483	0.00632	0.00694	0.00761	0.00447	0.00483	0.00813	0.01166	0.01590	0.28514	0.52111	0.06846	0.01427	0.00646	0.00194	0.00281	0.01283	0.00514	0.00447
45	0.00737	0.00532	0.00696	0.00655	0.00778	0.00491	0.00491	0.00983	0.01474	0.02088	0.78175	0.03890	0.04914	0.01065	0.00614	0.00164	0.00246	0.00942	0.00573	0.00491
46	0.01392	0.82012	0.02729	0.00891	0.01337	0.02061	0.00891	0.01559	0.01058	0.01225	0.00724	0.00835	0.00668	0.00446	0.00334	0.00111	0.00557	0.00278	0.00223	0.00668
47	0.85377	0.01007	0.00765	0.00685	0.01007	0.01168	0.00564	0.01531	0.00886	0.02336	0.00725	0.00846	0.00564	0.00483	0.00322	0.00161	0.00403	0.00282	0.00322	0.00564
48	0.01230	0.01402	0.03056	0.02213	0.04056	0.01316	0.75237	0.01667	0.01228	0.01669	0.01052	0.01403	0.00791	0.00439	0.00613	0.00175	0.00873	0.00612	0.00263	0.00705
49	0.02137	0.05508	0.01288	0.00938	0.01327	0.00905	0.00778	0.03903	0.09388	0.63502	0.03453	0.01768	0.01348	0.00648	0.00515	0.00160	0.00445	0.00524	0.00605	0.00860
50	0.85377	0.01007	0.00765	0.00685	0.01007	0.01168	0.00564	0.01531	0.00886	0.02336	0.00725	0.00846	0.00564	0.00483	0.00322	0.00161	0.00403	0.00282	0.00322	0.00564
51	0.00737	0.00554	0.00705	0.00742	0.00854	0.00492	0.00516	0.02222	0.01038	0.01429	0.02502	0.65911	0.02932	0.01396	0.00613	0.00187	0.00322	0.01258	0.00454	0.15137
52	0.01280	0.01146	0.01124	0.01009	0.01271	0.08957	0.00783	0.07392	0.47462	0.02121	0.16426	0.02296	0.03478	0.00777	0.00544	0.00170	0.00443	0.02080	0.00510	0.00730
53	0.09684	0.00936	0.01185	0.00921	0.01310	0.00867	0.00759	0.08742	0.01518	0.63450	0.03924	0.01702	0.01288	0.00640	0.00508	0.00161	0.00445	0.00509	0.00603	0.00847
54	0.04850	0.00890	0.01195	0.00919	0.01320	0.00778	0.00759	0.02507	0.01472	0.76496	0.02014	0.01744	0.01267	0.00640	0.00518	0.00161	0.00442	0.00516	0.00635	0.00877
55	0.01392	0.82012	0.02729	0.00891	0.01337	0.02061	0.00891	0.01559	0.01058	0.01225	0.00724	0.00835	0.00668	0.00446	0.00334	0.00111	0.00557	0.00278	0.00223	0.00668
56	0.00761	0.00909	0.14246	0.00776	0.01026	0.00606	0.00727	0.01036	0.01318	0.01800	0.41321	0.03800	0.24605	0.01052	0.00598	0.00170	0.00351	0.03891	0.00483	0.00525
57	0.01099	0.15084	0.67085	0.01392	0.02111	0.01342	0.01763	0.01635	0.01093	0.01583	0.00902	0.01058	0.00661	0.00487	0.00470	0.00157	0.00736	0.00368	0.00220	0.00754
58	0.00615	0.00528	0.00528	0.00528	0.00703	0.00440	0.00396	0.00747	0.01187	0.01407	0.05276	0.05012	0.78238	0.01319	0.00615	0.00176	0.00264	0.01099	0.00484	0.00440
59	0.03696	0.00947	0.01231	0.00951	0.01350	0.00866	0.00784	0.09016	0.04385	0.68045	0.01964	0.01717	0.01252	0.00642	0.00520	0.00161	0.00453	0.00517	0.00624	0.00878
60	0.01425	0.68697	0.03948	0.01020	0.01461	0.08878	0.05518	0.01614	0.01106	0.01264	0.00755	0.00884	0.00676	0.00454	0.00366	0.00118	0.00614	0.00306	0.00229	0.00666
61	0.00905	0.00452	0.00678	0.00678	0.00678	0.00452	0.00452	0.00678	0.00678	0.00905	0.00905	0.01583	0.00905	0.01809	0.02035	0.84848	0.00452	0.00452	0.00226	0.00226
62	0.00634	0.00453	0.00604	0.00725	0.00755	0.00423	0.00483	0.00725	0.00997	0.01329	0.02870	0.81358	0.03444	0.01632	0.00665	0.00211	0.00302	0.01480	0.00483	0.00423
63	0.00983	0.00926	0.01562	0.80447	0.03587	0.01157	0.01446	0.01331	0.01041	0.01331	0.00926	0.01388	0.00694	0.00521	0.00521	0.00174	0.00694	0.00463	0.00231	0.00579
64	0.01225	0.01172	0.01999	0.19288	0.62856	0.01221	0.01567	0.01542	0.01156	0.01624	0.00968	0.01310	0.00798	0.00476	0.00517	0.00159	0.00634	0.00464	0.00252	0.00774
65	0.01678	0.01953	0.01529	0.01565	0.12954	0.49744	0.01072	0.06513	0.01382	0.01456	0.00902	0.01126	0.00765	0.00863	0.07654	0.00209	0.07325	0.00392	0.00280	0.00639
66	0.00806	0.00642	0.00927	0.00892	0.00961	0.00782	0.00692	0.00962	0.00823	0.01195	0.01310	0.02044	0.01267	0.11368	0.59739	0.00709	0.13577	0.00562	0.00275	0.00466
67	0.01957	0.01441	0.01548	0.01193	0.01604	0.01595	0.00987	0.75197	0.02423	0.03247	0.01281	0.01343	0.00928	0.00641	0.00525	0.00158	0.00571	0.01962	0.00520	0.00877
68	0.01514	0.39085	0.02093	0.01180	0.03760	0.22989	0.00988	0.04358	0.03247	0.01357	0.00803	0.00974	0.00709	0.00564	0.00623	0.00142	0.14362	0.00345	0.00256	0.00651
69	0.01281	0.01229	0.02100	0.05165	0.76542	0.01235	0.01594	0.01591	0.01182	0.01692	0.00978	0.01291	0.00822	0.00465	0.00516	0.00155	0.00621	0.00464	0.00257	0.00819
70	0.01147	0.00883	0.00997	0.05798	0.06413	0.07651	0.00724	0.07439	0.01157	0.04098	0.01372	0.01822	0.01172	0.09056	0.16607	0.00316	0.03775	0.00504	0.26236	0.02834
71	0.00675	0.00552	0.00598	0.00583	0.00749	0.00487	0.00438	0.00889	0.04251	0.01620	0.24675	0.04591	0.55601	0.01227	0.00612	0.00173	0.00265	0.01037	0.00509	0.00469
72	0.00713	0.00604	0.00624	0.00606	0.00793	0.00554	0.00458	0.01026	0.11069	0.01559	0.10468	0.04529	0.62703	0.01220	0.00604	0.00175	0.00282	0.01021	0.00496	0.00493
73	0.00634	0.00453	0.00604	0.00725	0.00755	0.00423	0.00483	0.00725	0.00997	0.01329	0.02870	0.81358	0.03444	0.01632	0.00665	0.00211	0.00302	0.01480	0.00483	0.00423
74	0.04911	0.00879	0.01179	0.00911	0.01303	0.00770	0.00751	0.02459	0.01471	0.74073	0.04316	0.01807	0.01376	0.00652	0.00520	0.00161	0.00436	0.00529	0.00632	0.00864
75	0.00737	0.00532	0.00696	0.00655	0.00778	0.00491	0.00491	0.00983	0.01474	0.02088	0.78175	0.03890	0.04914	0.01065	0.00614	0.00164	0.00246	0.00942	0.00573	0.00491
76	0.01945	0.02482	0.01476	0.01342	0.01610	0.79608	0.01006	0.02079	0.01476	0.01275	0.00805	0.00939	0.00671	0.00537	0.00470	0.00134	0.00939	0.00335	0.00268	0.00604
77	0.01289	0.01237	0.02114	0.03196	0.78450	0.01237	0.01598	0.01598	0.01186	0.01701	0.00980	0.01289	0.00825	0.00464	0.00516	0.00155	0.00619	0.00464	0.00258	0.00825
78	0.00971	0.00485	0.00485	0.00485	0.00607	0.00485	0.00364	0.01213	0.01092	0.01942	0.01699	0.01942	0.01335	0.00607	0.00364	0.00121	0.00243	0.00485	0.84589	0.00485
79	0.01045	0.02694	0.79000	0.01484	0.02254	0.01209	0.01924	0.01649	0.01099	0.01649	0.00935	0.01099	0.00660	0.00495	0.00495	0.00165	0.00770	0.00385	0.00220	0.00770
80	0.01980	0.01459	0.01563	0.01198	0.01615	0.01615	0.00990	0.76713	0.02448	0.03282	0.01250	0.01250	0.00886	0.00625	0.00521	0.00156	0.00573	0.00469	0.00521	0.00886
81	0.01080	0.00926	0.01080	0.00771	0.01234	0.00694	0.00617	0.01311	0.01080	0.01697	0.00926	0.01080	0.00771	0.00386	0.00386	0.00077	0.00386	0.00309	0.00309	0.84882
82	0.01079	0.00994	0.01553	0.60584	0.08647	0.01203	0.01357	0.03815	0.10968	0.01525	0.01089	0.01444	0.00825	0.00552	0.00545	0.00173	0.02249	0.00479	0.00281	0.00637
83	0.01282	0.01230	0.02101	0.04927	0.76773	0.01236	0.01595	0.01592	0.01183	0.01693	0.00978	0.01291	0.00822	0.00465	0.00516	0.00155	0.00620	0.00464	0.00257	0.00819
84	0.79358	0.01001	0.00822	0.06373	0.01191	0.01167	0.00627	0.01517	0.00897	0.02265	0.00739	0.00885	0.00573	0.00486	0.00336	0.00162	0.00424	0.00295	0.00316	0.00565
85	0.00756	0.00679	0.01081	0.00947	0.01139	0.00616	0.15751	0.00943	0.01144	0.01470	0.07269	0.31008	0.31198	0.01241	0.00635	0.00189	0.00404	0.02596	0.00444	0.00490
86	0.00868	0.00630	0.00838	0.00925	0.01050	0.00637	0.00776	0.04500	0.03896	0.01616	0.02735	0.18379	0.04402	0.01407	0.00692	0.00228	0.00447	0.54990	0.00484	0.00500
87	0.01229	0.01405	0.03073	0.02195	0.02722	0.01317	0.76558	0.01668	0.01229	0.01668	0.01054	0.01405	0.00790	0.00439	0.00615	0.00176	0.00878	0.00615	0.00263	0.00702
88	0.02144	0.00853	0.01153	0.00900	0.01271	0.00746	0.00737	0.02376	0.02978	0.69075	0.10225	0.02003	0.01684	0.00691	0.00534	0.00162	0.00421	0.00570	0.00635	0.00843
89	0.01805	0.01205	0.01349	0.01078	0.01428	0.01289	0.00871	0.52962	0.02062	0.14060	0.01642	0.14866	0.01377	0.00798	0.00546	0.00166	0.00508	0.00648	0.00533	0.00808
90	0.01084	0.11610	0.70426	0.01418	0.02151	0.01305	0.01808	0.01639	0.01095	0.01602	0.00911	0.01070	0.00661	0.00489	0.00477	0.00159	0.00746	0.00373	0.00220	0.00758
91	0.00757	0.00505	0.00568	0.00568	0.00568	0.00505	0.00316	0.00757	0.00757	0.01010	0.01641	0.03408	0.01893	0.81698	0.02651	0.00505	0.00505	0.00757	0.00316	0.00316
92	0.00905	0.00452	0.00678	0.00678	0.00678	0.00452	0.00452	0.00678	0.00678	0.00905	0.00905	0.01583	0.00905	0.01809	0.02035	0.84848	0.00452	0.00452	0.00226	0.00226
93	0.01930	0.01415	0.01521	0.01180	0.01586	0.01567	0.00970	0.68528	0.08878	0.05049	0.01345	0.01323	0.00956	0.00633	0.00522	0.00158	0.00556	0.00481	0.00525	0.00880
94	0.00642	0.00457	0.00602	0.00715	0.00743	0.00428	0.00473	0.00727	0.00982	0.01309	0.02791	0.76306	0.03344	0.06821	0.00793	0.00231	0.00315	0.01434	0.00473	0.00416
95	0.85377	0.01007	0.00765	0.00685	0.01007	0.01168	0.00564	0.01531	0.00886	0.02336	0.00725	0.00846	0.00564	0.00483	0.00322	0.00161	0.00403	0.00282	0.00322	0.00564
96	0.00747	0.00501	0.00571	0.00581	0.00584	0.00498	0.00330	0.00755	0.00777	0.01036	0.01743	0.09898	0.02022	0.75032	0.02485	0.00480	0.00488	0.00818	0.00330	0.00324
97	0.01583	0.07874	0.07016	0.01132	0.01523	0.01477	0.00976	0.36341	0.29895	0.02549	0.01542	0.03256	0.01169	0.00654	0.00511	0.00162	0.00520	0.00514	0.00478	0.00827
98	0.01080	0.00926	0.01080	0.00771	0.01234	0.00694	0.00617	0.01311	0.01080	0.01697	0.00926	0.01080	0.00771	0.00386	0.00386	0.00077	0.00386	0.00309	0.00309	0.84882
99	0.00648	0.00487	0.00596	0.00662	0.00743	0.00441	0.00461	0.00767	0.01097	0.01426	0.11569	0.47583	0.24372	0.04287	0.00716	0.00207	0.00296	0.02722	0.00487	0.00432
100	0.01175	0.00935	0.01098	0.00790	0.01248	0.00718	0.00634	0.02983	0.01134	0.06417	0.01001	0.01126	0.00805	0.00406	0.00397	0.00084	0.00393	0.00325	0.00333	0.77998
101	0.00638	0.00527	0.00560	0.00555	0.00718	0.00449	0.00415	0.00791	0.01236	0.01532	0.18751	0.06374	0.63096	0.01278	0.00616	0.00174	0.00261	0.01078	0.00500	0.00449
102	0.01980	0.01459	0.01563	0.01198	0.01615	0.01615	0.00990	0.76713	0.02448	0.03282	0.01250	0.01250	0.00886	0.00625	0.00521	0.00156	0.00573	0.00469	0.00521	0.00886
103	0.02336	0.00886	0.01209	0.00927	0.01329	0.00765	0.00765	0.02538	0.01491	0.78810	0.02055	0.01773	0.01289	0.00645	0.00524	0.00161	0.00443	0.00524	0.00645	0.00886
104	0.00639	0.00506	0.00576	0.00606	0.00730	0.00442	0.00436	0.00776	0.01172	0.01484	0.15348	0.27824	0.44868	0.01375	0.00630	0.00185	0.00273	0.01191	0.00497	0.00442
105	0.01889	0.01414	0.01512	0.01180	0.01580	0.01573	0.00968	0.66907	0.12402	0.03136	0.01366	0.01342	0.00979	0.00636	0.00522	0.00159	0.00552	0.00485	0.00522	0.00877
106	0.85377	0.01007	0.00765	0.00685	0.01007	0.01168	0.00564	0.01531	0.00886	0.02336	0.00725	0.00846	0.00564	0.00483	0.00322	0.00161	0.00403	0.00282	0.00322	0.00564
107	0.01373	0.01157	0.01221	0.01075	0.01384	0.01331	0.00843	0.11123	0.69027	0.02303	0.02021	0.01865	0.01510	0.00697	0.00529	0.00174	0.00430	0.00575	0.00529	0.00831
108	0.85377	0.01007	0.00765	0.00685	0.01007	0.01168	0.00564	0.01531	0.00886	0.02336	0.00725	0.00846	0.00564	0.00483	0.00322	0.00161	0.00403	0.00282	0.00322	0.00564
109	0.01295	0.01119	0.01178	0.01060	0.01354	0.01295	0.00824	0.02767	0.77509	0.02178	0.02120	0.01943	0.01590	0.00707	0.00530	0.00177	0.00412	0.00589	0.00530	0.00824
110	0.85377	0.01007	0.00765	0.00685	0.01007	0.01168	0.00564	0.01531	0.00886	0.02336	0.00725	0.00846	0.00564	0.00483	0.00322	0.00161	0.00403	0.00282	0.00322	0.00564
111	0.01163	0.15685	0.61190	0.01377	0.02059	0.06712	0.01692	0.01664	0.01118	0.01554	0.00891	0.01045	0.00662	0.00490	0.00467	0.00154	0.00746	0.00364	0.00224	0.00742
112	0.00634	0.00453	0.00604	0.00725	0.00755	0.00423	0.00483	0.00725	0.00997	0.01329	0.02870	0.81358	0.03444	0.01632	0.00665	0.00211	0.00302	0.01480	0.00483	0.00423
113	0.00634	0.00453	0.00604	0.00725	0.00755	0.00423	0.00483	0.00725	0.00997	0.01329	0.02870	0.81358	0.03444	0.01632	0.00665	0.00211	0.00302	0.01480	0.00483	0.00423
114	0.01406	0.76503	0.04737	0.00926	0.01373	0.05319	0.00924	0.01584	0.01077	0.01239	0.00733	0.00847	0.00668	0.00451	0.00344	0.00114	0.00579	0.00284	0.00225	0.00668
115	0.00776	0.00564	0.00721	0.00788	0.00857	0.00562	0.00558	0.07254	0.01134	0.01518	0.04207	0.65340	0.03145	0.03068	0.00714	0.00214	0.01934	0.05701	0.00480	0.00468
116	0.00732	0.00531	0.00691	0.00654	0.00776	0.00489	0.00489	0.00973	0.01458	0.02058	0.75101	0.05554	0.06369	0.01082	0.00615	0.00165	0.00247	0.00956	0.00570	0.00489
117	0.00971	0.00499	0.00519	0.03011	0.00701	0.00507	0.00398	0.01217	0.01090	0.01922	0.01674	0.01924	0.01315	0.00604	0.00369	0.00123	0.00257	0.00485	0.81924	0.00488
118	0.01853	0.01451	0.06783	0.01174	0.01591	0.01469	0.01011	0.62957	0.02216	0.07127	0.01371	0.06137	0.01047	0.00678	0.00528	0.00160	0.00563	0.00528	0.00505	0.00850
119	0.44002	0.01665	0.30504	0.02769	0.01614	0.01213	0.03793	0.01561	0.00977	0.01971	0.00818	0.00989	0.00618	0.00511	0.00480	0.00167	0.05083	0.00346	0.00274	0.00647
120	0.00632	0.00462	0.00595	0.00702	0.00749	0.00425	0.00473	0.00728	0.01019	0.01338	0.03152	0.72411	0.12210	0.01595	0.00659	0.00207	0.00298	0.01436	0.00483	0.00425
