[name]
unknown

[dist]
# distance from previous block
# <min> <max>
0	14

[block]
# block no. 0 follows, 42 sequences, length 48
# corresponding to MSA columns:
# 19-66
name=unknown_A
#
# <colnr> <probs for GDERKNQSTAVLIFYWHMCP>
#	G	D	E	R	K	N	Q	S	T	A	V	L	I	F	Y	W	H	M	C	P
0	0.01521	0.03316	0.07409	0.03947	0.20339	0.10541	0.05712	0.08683	0.01439	0.08817	0.01462	0.04144	0.01286	0.00743	0.00640	0.00181	0.04311	0.10349	0.00381	0.04779
1	0.05556	0.01289	0.04801	0.01406	0.10501	0.04262	0.02580	0.18420	0.06595	0.12440	0.05124	0.03036	0.03352	0.02694	0.02766	0.00202	0.06543	0.00568	0.02690	0.05176
2	0.05280	0.07753	0.01633	0.16083	0.01983	0.15017	0.01086	0.16531	0.03099	0.03666	0.03039	0.01333	0.00943	0.00634	0.00661	0.00164	0.09712	0.00450	0.00360	0.10572
3	0.05185	0.01236	0.04553	0.01413	0.08511	0.04844	0.01078	0.03145	0.01084	0.01641	0.03486	0.03072	0.01049	0.01110	0.08697	0.00258	0.32897	0.00498	0.00303	0.15940
4	0.01227	0.01580	0.19335	0.04739	0.01847	0.06017	0.10446	0.05818	0.17687	0.01924	0.06680	0.09170	0.07183	0.00845	0.00639	0.02391	0.00626	0.00707	0.00411	0.00726
5	0.05386	0.02754	0.01452	0.23068	0.03611	0.01203	0.02478	0.11083	0.10188	0.12085	0.06952	0.03893	0.03565	0.00733	0.00630	0.00181	0.04971	0.00597	0.02653	0.02517
6	0.10296	0.00842	0.01109	0.06825	0.04737	0.00877	0.05300	0.02809	0.08760	0.03602	0.05868	0.25124	0.15133	0.01141	0.00650	0.00201	0.02295	0.03365	0.00465	0.00603
7	0.00763	0.00564	0.00712	0.00696	0.00825	0.00513	0.00514	0.00989	0.01482	0.02042	0.56484	0.13574	0.16223	0.01268	0.00671	0.00185	0.00276	0.01115	0.00593	0.00513
8	0.00715	0.00527	0.00659	0.00719	0.00800	0.00482	0.00497	0.00854	0.01218	0.01621	0.20383	0.44902	0.16879	0.06026	0.00818	0.00228	0.00318	0.01348	0.00534	0.00471
9	0.02943	0.01202	0.01904	0.31859	0.35967	0.03233	0.02996	0.04787	0.01254	0.01713	0.01066	0.01510	0.00875	0.03588	0.00683	0.02188	0.00698	0.00509	0.00284	0.00742
10	0.01156	0.00842	0.01015	0.02568	0.01174	0.00900	0.00724	0.17893	0.05353	0.03754	0.06545	0.16625	0.10445	0.03774	0.21040	0.00385	0.00717	0.00853	0.03612	0.00627
11	0.02513	0.00976	0.01317	0.01010	0.01446	0.00855	0.00834	0.04906	0.01642	0.74894	0.02194	0.01899	0.01380	0.00696	0.00566	0.00174	0.00483	0.00564	0.00693	0.00958
12	0.01030	0.00651	0.00778	0.00729	0.00924	0.00587	0.00550	0.01276	0.04767	0.13489	0.24446	0.13394	0.31155	0.02792	0.00695	0.00196	0.00327	0.01061	0.00575	0.00580
13	0.01268	0.00736	0.00929	0.02524	0.04359	0.00699	0.00640	0.01534	0.06497	0.19637	0.11928	0.10457	0.14934	0.15566	0.01022	0.00249	0.00417	0.00870	0.05110	0.00624
14	0.02139	0.01576	0.01689	0.01295	0.01745	0.01745	0.01070	0.74835	0.02646	0.03547	0.01351	0.01351	0.00957	0.00676	0.00563	0.00169	0.00619	0.00507	0.00563	0.00957
15	0.01063	0.01000	0.01688	0.78870	0.03876	0.01250	0.01563	0.01438	0.01125	0.01438	0.01000	0.01500	0.00750	0.00563	0.00563	0.00188	0.00750	0.00500	0.00250	0.00625
16	0.00760	0.00530	0.00680	0.00742	0.00818	0.00489	0.00511	0.00895	0.01204	0.03423	0.18960	0.49934	0.10714	0.06569	0.00835	0.00233	0.00327	0.01362	0.00536	0.00479
17	0.03010	0.00563	0.00684	0.00754	0.00841	0.00532	0.00523	0.03287	0.01189	0.01598	0.08464	0.55543	0.15615	0.03688	0.00748	0.00224	0.00334	0.01399	0.00521	0.00483
18	0.00743	0.00536	0.00706	0.00757	0.00842	0.00499	0.00542	0.00923	0.01316	0.01805	0.34804	0.41692	0.06345	0.01480	0.00696	0.00207	0.00308	0.04742	0.00564	0.00492
19	0.00694	0.00511	0.00650	0.00743	0.00810	0.00467	0.00509	0.00816	0.01162	0.01533	0.11006	0.60683	0.15055	0.01649	0.00705	0.00217	0.00314	0.01477	0.00532	0.00467
20	0.01781	0.01083	0.01248	0.01035	0.01369	0.01127	0.00817	0.17798	0.22996	0.25411	0.04646	0.03703	0.05009	0.08398	0.00798	0.00215	0.00487	0.00660	0.00585	0.00834
21	0.00696	0.00497	0.00665	0.00796	0.00833	0.00466	0.00541	0.00802	0.01088	0.01448	0.03096	0.76346	0.03699	0.01753	0.00721	0.00230	0.00336	0.05005	0.00522	0.00460
22	0.01026	0.00824	0.00869	0.00792	0.01025	0.00826	0.00610	0.12871	0.12344	0.01933	0.04077	0.04125	0.44827	0.06818	0.02360	0.00228	0.00411	0.02910	0.00519	0.00605
23	0.00760	0.00550	0.00665	0.00694	0.00804	0.00496	0.00489	0.00907	0.01254	0.03409	0.21415	0.31601	0.25367	0.07912	0.00862	0.00229	0.00321	0.01250	0.00535	0.00482
24	0.00744	0.00537	0.00675	0.00754	0.00816	0.00507	0.00509	0.02727	0.01148	0.01523	0.08580	0.57346	0.10284	0.09933	0.00932	0.00253	0.00349	0.01408	0.00512	0.00465
25	0.01200	0.00590	0.00840	0.00788	0.00857	0.00584	0.00553	0.04397	0.00918	0.09401	0.01130	0.01716	0.01022	0.01758	0.01945	0.70643	0.00494	0.00498	0.00309	0.00355
26	0.01063	0.01000	0.01688	0.78870	0.03876	0.01250	0.01563	0.01438	0.01125	0.01438	0.01000	0.01500	0.00750	0.00563	0.00563	0.00188	0.00750	0.00500	0.00250	0.00625
27	0.01517	0.01135	0.01238	0.01069	0.01339	0.02944	0.00826	0.32339	0.14194	0.04223	0.01923	0.19072	0.01791	0.06494	0.03393	0.03906	0.00550	0.00792	0.00515	0.00740
28	0.00710	0.00505	0.00667	0.00783	0.00821	0.00476	0.00530	0.00815	0.01085	0.01448	0.05096	0.68126	0.03618	0.07511	0.00878	0.00252	0.00351	0.05364	0.00512	0.00454
29	0.00853	0.00543	0.00688	0.00743	0.00804	0.00509	0.00492	0.00939	0.01067	0.06696	0.04659	0.49237	0.05905	0.22647	0.01278	0.00307	0.00393	0.01288	0.00489	0.00464
30	0.01625	0.06301	0.03870	0.15087	0.02155	0.03339	0.08108	0.29665	0.08595	0.04104	0.01297	0.03090	0.01002	0.00681	0.00689	0.00182	0.08451	0.00537	0.00418	0.00804
31	0.01167	0.01000	0.01167	0.00834	0.01334	0.00750	0.00667	0.01417	0.01167	0.01834	0.01000	0.01167	0.00834	0.00417	0.00417	0.00083	0.00417	0.00333	0.00333	0.83663
32	0.00804	0.00603	0.00904	0.00904	0.01005	0.00703	0.00703	0.01005	0.00904	0.01306	0.01507	0.02211	0.01407	0.04221	0.77992	0.00904	0.01507	0.00603	0.00301	0.00502
33	0.01505	0.80561	0.02949	0.00963	0.01444	0.02227	0.00963	0.01685	0.01143	0.01324	0.00782	0.00903	0.00722	0.00481	0.00361	0.00120	0.00602	0.00301	0.00241	0.00722
34	0.01400	0.01209	0.01273	0.01145	0.01463	0.01400	0.00891	0.02990	0.75695	0.02354	0.02291	0.02100	0.01718	0.00764	0.00573	0.00191	0.00445	0.00636	0.00573	0.00891
35	0.02139	0.01576	0.01689	0.01295	0.01745	0.01745	0.01070	0.74835	0.02646	0.03547	0.01351	0.01351	0.00957	0.00676	0.00563	0.00169	0.00619	0.00507	0.00563	0.00957
36	0.04682	0.00993	0.01313	0.01009	0.01443	0.00886	0.00834	0.06418	0.01647	0.71334	0.02137	0.01860	0.01350	0.00691	0.00560	0.00174	0.00485	0.00556	0.00680	0.00948
37	0.01779	0.01354	0.04772	0.01135	0.01580	0.01317	0.00959	0.37993	0.07597	0.10532	0.01515	0.01540	0.02504	0.00807	0.04230	0.00189	0.00593	0.00499	0.00501	0.18605
38	0.00679	0.00514	0.00628	0.00718	0.00799	0.00463	0.00493	0.00791	0.01140	0.01462	0.03895	0.57127	0.25938	0.01660	0.00702	0.00217	0.00314	0.01474	0.00522	0.00463
39	0.02006	0.02494	0.01611	0.01449	0.01711	0.67647	0.01103	0.03877	0.01538	0.01426	0.00867	0.01047	0.00732	0.00627	0.00658	0.00157	0.09722	0.00380	0.00292	0.00656
40	0.01199	0.01022	0.01210	0.04283	0.01461	0.00810	0.00721	0.04198	0.01221	0.01881	0.01014	0.01189	0.00835	0.00433	0.00429	0.00091	0.00439	0.00347	0.00338	0.76879
41	0.01673	0.01569	0.01462	0.01162	0.01584	0.19553	0.02880	0.18930	0.08348	0.03816	0.01198	0.01283	0.00929	0.00555	0.00497	0.00133	0.00626	0.00422	0.00405	0.32976
42	0.01049	0.00525	0.00525	0.00525	0.00656	0.00525	0.00393	0.01311	0.01180	0.02098	0.01836	0.02098	0.01442	0.00656	0.00393	0.00131	0.00262	0.00525	0.83346	0.00525
43	0.00686	0.00490	0.00653	0.00784	0.00816	0.00457	0.00522	0.00784	0.01077	0.01437	0.03102	0.79855	0.03722	0.01763	0.00718	0.00229	0.00326	0.01600	0.00522	0.00457
44	0.01799	0.03391	0.01476	0.01159	0.01505	0.03081	0.00943	0.44055	0.03648	0.09501	0.03497	0.07932	0.04317	0.01058	0.05944	0.00228	0.04479	0.00638	0.00524	0.00826
45	0.10142	0.06089	0.04930	0.01234	0.01600	0.13018	0.02565	0.25245	0.01652	0.03873	0.01106	0.03295	0.00898	0.00670	0.00696	0.00167	0.12014	0.00461	0.00392	0.09953
46	0.01674	0.01547	0.05522	0.01361	0.06770	0.11869	0.02584	0.24267	0.08518	0.05539	0.04859	0.01490	0.01170	0.00627	0.00570	0.00154	0.02974	0.00488	0.00436	0.17581
47	0.03538	0.05822	0.08788	0.01296	0.03591	0.06648	0.04545	0.21182	0.12311	0.05654	0.01325	0.01453	0.01021	0.02896	0.00659	0.00172	0.04837	0.00483	0.00420	0.13360

[dist]
# distance from previous block
# <min> <max>
5	29

[block]
# block no. 1 follows, 42 sequences, length 115
# corresponding to MSA columns:
# 96-210
name=unknown_B
#
# <colnr> <probs for GDERKNQSTAVLIFYWHMCP>
#	G	D	E	R	K	N	Q	S	T	A	V	L	I	F	Y	W	H	M	C	P
0	0.01406	0.03404	0.01388	0.03016	0.06142	0.12470	0.00863	0.03819	0.09287	0.03312	0.01151	0.01279	0.00925	0.00501	0.00465	0.00117	0.00544	0.00393	0.00358	0.49159
1	0.04638	0.03362	0.01606	0.26030	0.03683	0.07493	0.02853	0.17952	0.03407	0.12278	0.01263	0.01465	0.00930	0.00737	0.02629	0.02133	0.02557	0.00490	0.00400	0.04095
2	0.01027	0.00638	0.00800	0.00780	0.00947	0.00582	0.00574	0.01259	0.04633	0.12983	0.20152	0.32574	0.16040	0.01326	0.00660	0.00196	0.00336	0.01165	0.00568	0.02762
3	0.33525	0.01114	0.01198	0.02875	0.01417	0.01160	0.00804	0.14586	0.01527	0.34295	0.01495	0.01428	0.01004	0.00623	0.00482	0.00174	0.00493	0.00455	0.00530	0.00817
4	0.01949	0.01308	0.01589	0.10748	0.08203	0.03257	0.01095	0.33684	0.05082	0.20853	0.03367	0.01599	0.01163	0.00659	0.00561	0.00171	0.00594	0.00530	0.00523	0.03068
5	0.02117	0.01003	0.01289	0.03201	0.01473	0.00958	0.00853	0.11599	0.07208	0.49929	0.08283	0.04187	0.01779	0.00784	0.00584	0.00179	0.00481	0.02568	0.00642	0.00883
6	0.00680	0.00561	0.00596	0.00607	0.00774	0.00478	0.00448	0.00829	0.01288	0.01579	0.11983	0.13716	0.61642	0.01438	0.00671	0.00193	0.00288	0.01218	0.00532	0.00478
7	0.03200	0.02649	0.63960	0.01529	0.02291	0.01350	0.01885	0.11171	0.01380	0.03903	0.01079	0.01221	0.00759	0.00556	0.00535	0.00177	0.00787	0.00429	0.00293	0.00846
8	0.06880	0.12992	0.12163	0.04993	0.08165	0.15274	0.02924	0.24510	0.01709	0.03716	0.01075	0.01204	0.00819	0.00579	0.00509	0.00161	0.00720	0.00431	0.00369	0.00806
9	0.11305	0.01311	0.01365	0.01124	0.01470	0.03104	0.00899	0.48856	0.02091	0.02927	0.01651	0.18165	0.01506	0.00889	0.00570	0.00182	0.00544	0.00715	0.00523	0.00803
10	0.00995	0.00631	0.00745	0.00683	0.00891	0.00548	0.00524	0.01191	0.01439	0.13348	0.29390	0.04465	0.40604	0.01220	0.00649	0.00183	0.00308	0.01034	0.00582	0.00568
11	0.00796	0.00575	0.00752	0.00708	0.00841	0.00531	0.00531	0.01062	0.01593	0.02257	0.76415	0.04204	0.05310	0.01150	0.00664	0.00177	0.00265	0.01018	0.00619	0.00531
12	0.00978	0.00489	0.00733	0.00733	0.00733	0.00489	0.00489	0.00733	0.00733	0.00978	0.00978	0.01711	0.00978	0.01955	0.02199	0.83627	0.00489	0.00489	0.00244	0.00244
13	0.01505	0.80561	0.02949	0.00963	0.01444	0.02227	0.00963	0.01685	0.01143	0.01324	0.00782	0.00903	0.00722	0.00481	0.00361	0.00120	0.00602	0.00301	0.00241	0.00722
14	0.33085	0.01381	0.01357	0.01080	0.01492	0.01546	0.00892	0.45920	0.01990	0.04512	0.01153	0.01197	0.00834	0.00618	0.00482	0.00171	0.00547	0.00432	0.00484	0.00826
15	0.00796	0.00575	0.00752	0.00708	0.00841	0.00531	0.00531	0.01062	0.01593	0.02257	0.76415	0.04204	0.05310	0.01150	0.00664	0.00177	0.00265	0.01018	0.00619	0.00531
16	0.00879	0.00713	0.01048	0.01005	0.01088	0.00883	0.00796	0.01066	0.00897	0.01315	0.01372	0.02039	0.01290	0.03652	0.64618	0.00789	0.15152	0.00584	0.00292	0.00522
17	0.00812	0.00552	0.00656	0.00661	0.00676	0.00564	0.00398	0.00843	0.00840	0.01134	0.01784	0.06246	0.02018	0.66752	0.13283	0.00584	0.00672	0.00817	0.00342	0.00368
18	0.00968	0.00615	0.00804	0.00760	0.00912	0.00569	0.00568	0.01232	0.03197	0.09753	0.55312	0.16157	0.04572	0.01194	0.00661	0.00185	0.00301	0.01057	0.00611	0.00571
19	0.01081	0.01019	0.01721	0.74665	0.07936	0.01255	0.01572	0.01454	0.01134	0.01460	0.01004	0.01494	0.00758	0.00559	0.00562	0.00186	0.00746	0.00500	0.00252	0.00640
20	0.00837	0.00647	0.00685	0.00633	0.00865	0.00545	0.00484	0.02674	0.01329	0.05482	0.06660	0.04780	0.63310	0.01285	0.00638	0.00180	0.00313	0.01069	0.00520	0.07063
21	0.02416	0.00995	0.01313	0.01021	0.01447	0.00901	0.00839	0.04570	0.08154	0.68683	0.02205	0.01918	0.01411	0.00702	0.00566	0.00175	0.00479	0.00571	0.00682	0.00952
22	0.01217	0.02275	0.43820	0.01931	0.02631	0.01366	0.33246	0.01781	0.01241	0.01781	0.01059	0.01331	0.00774	0.00519	0.00620	0.00185	0.02645	0.00524	0.00258	0.00796
23	0.01049	0.00525	0.00525	0.00525	0.00656	0.00525	0.00393	0.01311	0.01180	0.02098	0.01836	0.02098	0.01442	0.00656	0.00393	0.00131	0.00262	0.00525	0.83346	0.00525
24	0.84197	0.01088	0.00827	0.00740	0.01088	0.01262	0.00609	0.01654	0.00958	0.02525	0.00784	0.00914	0.00609	0.00522	0.00348	0.00174	0.00435	0.00305	0.00348	0.00609
25	0.00804	0.00603	0.00904	0.00904	0.01005	0.00703	0.00703	0.01005	0.00904	0.01306	0.01507	0.02211	0.01407	0.04221	0.77992	0.00904	0.01507	0.00603	0.00301	0.00502
26	0.01129	0.02911	0.77306	0.01604	0.02436	0.01307	0.02079	0.01782	0.01188	0.01782	0.01010	0.01188	0.00713	0.00535	0.00535	0.00178	0.00832	0.00416	0.00238	0.00832
27	0.00804	0.00603	0.00904	0.00904	0.01005	0.00703	0.00703	0.01005	0.00904	0.01306	0.01507	0.02211	0.01407	0.04221	0.77992	0.00904	0.01507	0.00603	0.00301	0.00502
28	0.01129	0.02911	0.77306	0.01604	0.02436	0.01307	0.02079	0.01782	0.01188	0.01782	0.01010	0.01188	0.00713	0.00535	0.00535	0.00178	0.00832	0.00416	0.00238	0.00832
29	0.01330	0.01514	0.03297	0.02397	0.04650	0.01421	0.72978	0.01801	0.01327	0.01803	0.01137	0.01515	0.00855	0.00475	0.00662	0.00189	0.00942	0.00660	0.00284	0.00762
30	0.01641	0.01353	0.01385	0.01172	0.01516	0.05108	0.00927	0.27775	0.40502	0.02681	0.06014	0.01949	0.01615	0.02985	0.00636	0.00190	0.00526	0.00604	0.00552	0.00867
31	0.00857	0.00666	0.00944	0.00915	0.00984	0.00792	0.00695	0.01010	0.00883	0.01270	0.01469	0.02383	0.01453	0.18692	0.54363	0.00757	0.10449	0.00632	0.00303	0.00484
32	0.02525	0.00958	0.01306	0.01001	0.01437	0.00827	0.00827	0.02743	0.01611	0.77102	0.02220	0.01915	0.01393	0.00697	0.00566	0.00174	0.00479	0.00566	0.00697	0.00958
33	0.00818	0.00546	0.00614	0.00614	0.00614	0.00546	0.00341	0.00818	0.00818	0.01091	0.01773	0.03683	0.02046	0.80222	0.02864	0.00546	0.00546	0.00818	0.00341	0.00341
34	0.00718	0.00500	0.00648	0.00750	0.00776	0.00475	0.00487	0.00789	0.01020	0.01360	0.02796	0.63461	0.03335	0.16556	0.01161	0.02462	0.00372	0.01424	0.00481	0.00430
35	0.01167	0.01000	0.01167	0.00834	0.01334	0.00750	0.00667	0.01417	0.01167	0.01834	0.01000	0.01167	0.00834	0.00417	0.00417	0.00083	0.00417	0.00333	0.00333	0.83663
36	0.00799	0.00521	0.00691	0.00792	0.00853	0.00480	0.00539	0.00905	0.01115	0.06112	0.03109	0.73265	0.05314	0.01689	0.00708	0.00224	0.00335	0.01526	0.00533	0.00488
37	0.00685	0.00494	0.00649	0.00773	0.00814	0.00458	0.00518	0.00785	0.01087	0.01441	0.03226	0.76296	0.07201	0.01747	0.00716	0.00227	0.00325	0.01580	0.00522	0.00458
38	0.01167	0.01000	0.01167	0.00834	0.01334	0.00750	0.00667	0.01417	0.01167	0.01834	0.01000	0.01167	0.00834	0.00417	0.00417	0.00083	0.00417	0.00333	0.00333	0.83663
39	0.01182	0.00641	0.00801	0.00757	0.00923	0.00577	0.00545	0.01311	0.01237	0.20592	0.08365	0.24612	0.17264	0.17265	0.01100	0.00268	0.00397	0.01057	0.00537	0.00569
40	0.01170	0.00719	0.00791	0.00742	0.00899	0.00743	0.00553	0.12489	0.03021	0.03770	0.01969	0.10449	0.01827	0.15460	0.00938	0.00233	0.00400	0.05161	0.38099	0.00568
41	0.00757	0.00595	0.00653	0.00674	0.00846	0.00525	0.00513	0.00948	0.03349	0.03269	0.04895	0.15086	0.55333	0.01448	0.00679	0.00202	0.00324	0.08876	0.00527	0.00500
42	0.01840	0.01377	0.01502	0.10311	0.01811	0.07216	0.01018	0.40885	0.01994	0.10401	0.02990	0.01704	0.01162	0.08513	0.02362	0.00224	0.02853	0.00544	0.00485	0.00807
43	0.00727	0.00514	0.00659	0.00736	0.00784	0.00483	0.00490	0.00827	0.01109	0.01489	0.13026	0.52752	0.06636	0.14095	0.01078	0.01937	0.00354	0.01357	0.00501	0.00445
44	0.00749	0.00536	0.00687	0.00767	0.00826	0.00508	0.00523	0.02473	0.01160	0.01555	0.11643	0.57148	0.06427	0.09376	0.00919	0.00252	0.00350	0.03116	0.00517	0.00468
45	0.02200	0.01423	0.01587	0.01223	0.01665	0.01525	0.01008	0.55915	0.05067	0.20143	0.01582	0.01506	0.01083	0.00684	0.00564	0.00171	0.00581	0.00525	0.00594	0.00955
46	0.01150	0.01129	0.01822	0.63524	0.09889	0.04334	0.05416	0.01512	0.01162	0.01487	0.01001	0.01467	0.00766	0.00563	0.00595	0.00186	0.02582	0.00503	0.00256	0.00656
47	0.01632	0.01389	0.01413	0.01240	0.03044	0.06205	0.00957	0.22359	0.48342	0.02582	0.01913	0.01847	0.01440	0.02293	0.00611	0.00189	0.00534	0.00585	0.00542	0.00883
48	0.00857	0.00580	0.00747	0.00718	0.00848	0.00533	0.00527	0.01076	0.01465	0.05555	0.55002	0.13843	0.09137	0.05633	0.00789	0.00205	0.00300	0.01071	0.00589	0.00528
49	0.00784	0.00531	0.00624	0.00658	0.00666	0.00523	0.00388	0.00809	0.00885	0.01180	0.02116	0.23350	0.02479	0.59965	0.02310	0.00464	0.00489	0.01020	0.00388	0.00371
50	0.02235	0.01028	0.01269	0.02552	0.01444	0.05565	0.00822	0.02446	0.01540	0.60085	0.03828	0.06903	0.01549	0.00751	0.00566	0.00171	0.00499	0.00616	0.00629	0.05501
51	0.01173	0.01019	0.01261	0.05800	0.05693	0.00814	0.00781	0.01436	0.01171	0.01810	0.01004	0.01200	0.00832	0.00431	0.00434	0.00094	0.00451	0.00353	0.00325	0.73919
52	0.00691	0.00493	0.00654	0.00778	0.00812	0.00461	0.00518	0.00790	0.01082	0.01445	0.04571	0.76475	0.03714	0.03636	0.00769	0.00235	0.00331	0.01569	0.00520	0.00456
53	0.00854	0.05535	0.00859	0.00700	0.00881	0.00643	0.00542	0.01104	0.02908	0.03706	0.48629	0.04249	0.24983	0.01169	0.00641	0.00177	0.00300	0.01004	0.00570	0.00544
54	0.03450	0.00961	0.01127	0.02602	0.01342	0.00752	0.00674	0.01372	0.01153	0.01811	0.01167	0.07640	0.01063	0.00534	0.00443	0.00100	0.00417	0.00441	0.00347	0.72604
55	0.00741	0.00534	0.00678	0.00732	0.00804	0.00499	0.00507	0.00881	0.01204	0.01623	0.22534	0.39561	0.10142	0.12605	0.01004	0.00258	0.00346	0.04360	0.00522	0.00464
56	0.00687	0.00551	0.00614	0.00641	0.00784	0.00478	0.00464	0.00835	0.01273	0.01596	0.14326	0.23513	0.49316	0.01472	0.00678	0.00198	0.00293	0.01267	0.00535	0.00478
57	0.81867	0.03328	0.00887	0.00746	0.01098	0.01290	0.00619	0.01655	0.00963	0.02491	0.00784	0.00914	0.00613	0.00521	0.00349	0.00173	0.00440	0.00305	0.00345	0.00613
58	0.00925	0.00809	0.01315	0.01167	0.01302	0.00919	0.10763	0.01131	0.00998	0.01422	0.03321	0.15131	0.01714	0.03940	0.39068	0.00564	0.13857	0.00774	0.00335	0.00546
59	0.01063	0.01000	0.01688	0.78870	0.03876	0.01250	0.01563	0.01438	0.01125	0.01438	0.01000	0.01500	0.00750	0.00563	0.00563	0.00188	0.00750	0.00500	0.00250	0.00625
60	0.04536	0.00974	0.01299	0.00997	0.01432	0.00855	0.00823	0.04123	0.01606	0.72283	0.02143	0.01864	0.01354	0.00686	0.00557	0.00172	0.00479	0.00554	0.00678	0.02583
61	0.00867	0.00650	0.00813	0.00759	0.00914	0.00633	0.00573	0.01289	0.10301	0.02268	0.67704	0.03956	0.04888	0.01105	0.00653	0.00179	0.00287	0.00973	0.00614	0.00573
62	0.00711	0.00508	0.00682	0.00812	0.00856	0.00479	0.00566	0.00827	0.01102	0.01465	0.03088	0.71547	0.03667	0.01740	0.00725	0.00232	0.00348	0.09661	0.00522	0.00464
63	0.38190	0.00929	0.00944	0.00816	0.01125	0.00977	0.00656	0.01828	0.05893	0.19513	0.21336	0.02092	0.02108	0.00744	0.00496	0.00176	0.00401	0.00575	0.00514	0.00686
64	0.00694	0.00503	0.00656	0.00762	0.00814	0.00465	0.00516	0.00809	0.01137	0.01514	0.09641	0.68028	0.09010	0.01686	0.00710	0.00221	0.00318	0.01520	0.00531	0.00465
65	0.02187	0.01500	0.01642	0.01259	0.01707	0.01632	0.01040	0.65971	0.02519	0.12591	0.01458	0.01421	0.01011	0.00678	0.00563	0.00170	0.00602	0.00514	0.00579	0.00957
66	0.81229	0.01084	0.00845	0.00750	0.01101	0.01247	0.00617	0.01694	0.00981	0.05236	0.00836	0.00951	0.00638	0.00529	0.00356	0.00174	0.00437	0.00314	0.00361	0.00622
67	0.00812	0.00613	0.00906	0.00903	0.00996	0.00715	0.00697	0.01001	0.00904	0.01302	0.01534	0.03901	0.01466	0.07156	0.71555	0.00860	0.03242	0.00630	0.00306	0.00498
68	0.00866	0.00595	0.00759	0.00731	0.00873	0.00549	0.00543	0.01121	0.03169	0.05772	0.52839	0.16017	0.11547	0.01241	0.00666	0.00186	0.00292	0.01094	0.00598	0.00543
69	0.00701	0.00530	0.00647	0.00705	0.00804	0.00477	0.00496	0.00844	0.01238	0.01619	0.17964	0.43023	0.25823	0.01544	0.00692	0.00207	0.00302	0.01365	0.00541	0.00477
70	0.02038	0.02279	0.01566	0.01370	0.01693	0.53756	0.01052	0.18738	0.06399	0.01950	0.01094	0.01189	0.00859	0.00615	0.00521	0.00153	0.00869	0.00417	0.02710	0.00733
71	0.02071	0.02632	0.01578	0.01437	0.01722	0.76106	0.01078	0.02217	0.01578	0.01376	0.00885	0.01044	0.00741	0.00667	0.02370	0.00163	0.01027	0.00368	0.00290	0.00649
72	0.00900	0.00590	0.00732	0.00708	0.00850	0.00534	0.00516	0.01084	0.01374	0.08269	0.36255	0.16558	0.19571	0.08466	0.00865	0.00221	0.00323	0.01092	0.00564	0.00526
73	0.04091	0.01067	0.01363	0.01047	0.01483	0.00995	0.00865	0.15205	0.01777	0.62874	0.02041	0.01798	0.01302	0.00689	0.00561	0.00173	0.00502	0.00550	0.00666	0.00951
74	0.00818	0.00546	0.00614	0.00614	0.00614	0.00546	0.00341	0.00818	0.00818	0.01091	0.01773	0.03683	0.02046	0.80222	0.02864	0.00546	0.00546	0.00818	0.00341	0.00341
75	0.00771	0.00565	0.00724	0.00704	0.00830	0.00517	0.00520	0.01006	0.01505	0.02094	0.61376	0.13066	0.11728	0.01247	0.00670	0.00184	0.00274	0.01101	0.00599	0.00517
76	0.01025	0.00593	0.00729	0.00725	0.00816	0.00555	0.00481	0.01101	0.01059	0.12877	0.02572	0.28132	0.08205	0.36665	0.01651	0.00359	0.00445	0.01060	0.00468	0.00483
77	0.02454	0.00972	0.01304	0.01007	0.01434	0.00859	0.00829	0.04371	0.03722	0.71997	0.03505	0.01948	0.01461	0.00706	0.00568	0.00175	0.00477	0.00574	0.00689	0.00948
78	0.02506	0.00987	0.01324	0.01015	0.01451	0.00871	0.00839	0.06190	0.01660	0.73585	0.02179	0.01888	0.01372	0.00696	0.00566	0.00174	0.00486	0.00563	0.00690	0.00958
79	0.01049	0.00649	0.00837	0.02587	0.01000	0.00620	0.00605	0.01225	0.01294	0.13212	0.21917	0.14590	0.15814	0.10863	0.05264	0.00277	0.02386	0.04730	0.00527	0.00555
80	0.00802	0.00598	0.00875	0.00875	0.00970	0.00686	0.00670	0.00986	0.00907	0.01295	0.01625	0.02396	0.03201	0.09859	0.70555	0.00861	0.01407	0.00633	0.00310	0.00490
81	0.00755	0.00520	0.00639	0.00705	0.00724	0.00504	0.00441	0.00808	0.00955	0.01272	0.02449	0.41086	0.02892	0.40182	0.01770	0.00384	0.00438	0.02640	0.00433	0.00401
82	0.00828	0.00627	0.00906	0.00894	0.00976	0.00734	0.00681	0.00997	0.00891	0.01280	0.01505	0.02362	0.01460	0.14407	0.63895	0.00822	0.05320	0.00627	0.00304	0.00486
83	0.01109	0.01047	0.01771	0.68388	0.13999	0.01262	0.01586	0.01478	0.01147	0.01494	0.01008	0.01485	0.00770	0.00554	0.00562	0.00185	0.00739	0.00500	0.00254	0.00662
84	0.00693	0.00497	0.00658	0.00774	0.00817	0.00463	0.00521	0.00803	0.01118	0.01495	0.08203	0.72947	0.05499	0.01713	0.00713	0.00224	0.00321	0.01550	0.00529	0.00463
85	0.02052	0.01533	0.01640	0.01277	0.01712	0.01705	0.01049	0.66392	0.11230	0.03407	0.01462	0.01439	0.01046	0.00686	0.00564	0.00171	0.00599	0.00522	0.00564	0.00949
86	0.00978	0.00664	0.00900	0.05152	0.01104	0.00663	0.00662	0.01211	0.01442	0.08742	0.48106	0.13665	0.05931	0.01162	0.00732	0.00190	0.05200	0.02363	0.00566	0.00568
87	0.00810	0.00584	0.00705	0.02491	0.00918	0.00531	0.00541	0.00967	0.01243	0.05762	0.10240	0.25546	0.37716	0.01612	0.05451	0.00245	0.00398	0.03211	0.00520	0.00508
88	0.00696	0.00567	0.00616	0.00613	0.00781	0.00487	0.00456	0.00864	0.01341	0.01682	0.21497	0.09293	0.56383	0.01382	0.00668	0.00189	0.00283	0.01172	0.00544	0.00487
89	0.00692	0.00495	0.00659	0.00779	0.00818	0.00462	0.00523	0.00801	0.01109	0.01487	0.07630	0.75182	0.03820	0.01725	0.00715	0.00225	0.00323	0.01564	0.00528	0.00462
90	0.01344	0.01497	0.11051	0.03149	0.65237	0.01309	0.01739	0.01713	0.01271	0.01826	0.01123	0.01549	0.00956	0.00544	0.00562	0.00172	0.00682	0.03124	0.00282	0.00871
91	0.01531	0.68396	0.04590	0.01162	0.06138	0.05493	0.01045	0.03538	0.01211	0.01424	0.00823	0.00956	0.00738	0.00493	0.00389	0.00127	0.00630	0.00324	0.00253	0.00738
92	0.01594	0.01533	0.12214	0.04334	0.05151	0.03049	0.04009	0.22468	0.10167	0.07626	0.01330	0.01417	0.00987	0.00600	0.00575	0.00158	0.03266	0.00478	0.00426	0.18619
93	0.05018	0.13856	0.32887	0.06818	0.12611	0.05011	0.01552	0.05719	0.01315	0.08571	0.01093	0.01249	0.00812	0.00548	0.00509	0.00166	0.00717	0.00427	0.00310	0.00810
94	0.01981	0.00877	0.01155	0.00952	0.01288	0.00798	0.00759	0.03907	0.06397	0.51129	0.10978	0.13214	0.02191	0.00904	0.00599	0.00183	0.00433	0.00768	0.00652	0.00833
95	0.02458	0.01066	0.01373	0.01052	0.01490	0.00987	0.00869	0.15320	0.01791	0.64269	0.02069	0.01817	0.01317	0.00693	0.00565	0.00173	0.00503	0.00556	0.00673	0.00958
96	0.00760	0.00529	0.00712	0.00794	0.00839	0.00526	0.00553	0.00852	0.01009	0.01357	0.02515	0.45496	0.02904	0.13992	0.12973	0.05534	0.00566	0.07207	0.00444	0.00438
97	0.01098	0.01029	0.01713	0.66709	0.03547	0.01258	0.05042	0.01537	0.05287	0.01523	0.01096	0.01545	0.00828	0.00583	0.00595	0.00188	0.02666	0.00516	0.02597	0.00643
98	0.02480	0.00973	0.01311	0.01004	0.01441	0.00846	0.00828	0.04384	0.01623	0.73371	0.02167	0.01882	0.01368	0.00689	0.00562	0.00172	0.00480	0.00558	0.00684	0.03177
99	0.02042	0.01462	0.01590	0.01235	0.01659	0.01603	0.01014	0.62824	0.06016	0.07511	0.06081	0.01595	0.01287	0.00710	0.00570	0.00171	0.00581	0.00548	0.00574	0.00928
100	0.00869	0.00609	0.00697	0.00668	0.00838	0.00551	0.00498	0.01105	0.04065	0.06007	0.27117	0.07996	0.35488	0.04993	0.00746	0.00200	0.00308	0.01041	0.05672	0.00531
101	0.00698	0.00503	0.00664	0.00785	0.00831	0.00469	0.00537	0.00809	0.01108	0.01470	0.04774	0.71461	0.06914	0.01725	0.00718	0.00227	0.00333	0.04991	0.00524	0.00462
102	0.00818	0.00546	0.00614	0.00614	0.00614	0.00546	0.00341	0.00818	0.00818	0.01091	0.01773	0.03683	0.02046	0.80222	0.02864	0.00546	0.00546	0.00818	0.00341	0.00341
103	0.01074	0.00549	0.00551	0.00542	0.00681	0.00553	0.00409	0.02999	0.01214	0.02131	0.01825	0.02081	0.01431	0.00656	0.00397	0.00132	0.00270	0.00524	0.81446	0.00534
104	0.00803	0.00539	0.00618	0.00634	0.00638	0.00535	0.00362	0.00814	0.00849	0.01132	0.01930	0.12659	0.02243	0.70977	0.02611	0.00508	0.00520	0.00910	0.00362	0.00355
105	0.02102	0.02682	0.01595	0.01450	0.01740	0.77963	0.01087	0.02247	0.01595	0.01377	0.00870	0.01015	0.00725	0.00580	0.00507	0.00145	0.01015	0.00362	0.00290	0.00652
106	0.01216	0.00999	0.01172	0.00840	0.01337	0.00753	0.00673	0.01465	0.01183	0.04570	0.01045	0.01194	0.00854	0.00427	0.00422	0.00087	0.00419	0.00342	0.00347	0.80656
107	0.02525	0.00958	0.01306	0.01001	0.01437	0.00827	0.00827	0.02743	0.01611	0.77102	0.02220	0.01915	0.01393	0.00697	0.00566	0.00174	0.00479	0.00566	0.00697	0.00958
108	0.02139	0.01576	0.01689	0.01295	0.01745	0.01745	0.01070	0.74835	0.02646	0.03547	0.01351	0.01351	0.00957	0.00676	0.00563	0.00169	0.00619	0.00507	0.00563	0.00957
109	0.00806	0.00593	0.00662	0.00633	0.00820	0.00510	0.00479	0.00987	0.01388	0.05940	0.25316	0.04881	0.52360	0.01308	0.00659	0.00185	0.00290	0.01105	0.00559	0.00518
110	0.00818	0.00546	0.00614	0.00614	0.00614	0.00546	0.00341	0.00818	0.00818	0.01091	0.01773	0.03683	0.02046	0.80222	0.02864	0.00546	0.00546	0.00818	0.00341	0.00341
111	0.00804	0.00601	0.00897	0.00897	0.00995	0.00699	0.00694	0.01000	0.00902	0.01301	0.01514	0.02249	0.01424	0.06202	0.76034	0.00895	0.01482	0.00609	0.00303	0.00498
112	0.02102	0.01558	0.01668	0.01287	0.01731	0.01728	0.01061	0.71229	0.06313	0.03487	0.01398	0.01389	0.00995	0.00680	0.00563	0.00170	0.00611	0.00513	0.00563	0.00954
113	0.02191	0.01452	0.01607	0.01236	0.01681	0.01566	0.01020	0.59569	0.04414	0.17124	0.01537	0.01476	0.01058	0.00682	0.00564	0.00170	0.00589	0.00521	0.00588	0.00955
114	0.00687	0.00556	0.00611	0.00635	0.00787	0.00481	0.00466	0.00836	0.01275	0.01584	0.12542	0.19912	0.53442	0.01465	0.00677	0.00197	0.00295	0.02541	0.00533	0.00478

[dist]
# distance from previous block
# <min> <max>
0	27

[block]
# block no. 2 follows, 42 sequences, length 64
# corresponding to MSA columns:
# 238-301
name=unknown_C
#
# <colnr> <probs for GDERKNQSTAVLIFYWHMCP>
#	G	D	E	R	K	N	Q	S	T	A	V	L	I	F	Y	W	H	M	C	P
0	0.00804	0.00603	0.00904	0.00904	0.01005	0.00703	0.00703	0.01005	0.00904	0.01306	0.01507	0.02211	0.01407	0.04221	0.77992	0.00904	0.01507	0.00603	0.00301	0.00502
1	0.01982	0.01498	0.01600	0.01263	0.01685	0.01672	0.01032	0.59535	0.18202	0.03293	0.01551	0.01511	0.01119	0.00694	0.00565	0.00174	0.00582	0.00534	0.00565	0.00943
2	0.01129	0.02911	0.77306	0.01604	0.02436	0.01307	0.02079	0.01782	0.01188	0.01782	0.01010	0.01188	0.00713	0.00535	0.00535	0.00178	0.00832	0.00416	0.00238	0.00832
3	0.02099	0.01556	0.01666	0.01287	0.01730	0.01726	0.01060	0.70945	0.06601	0.03482	0.01402	0.01392	0.00998	0.00680	0.00563	0.00170	0.00610	0.00514	0.00563	0.00953
4	0.00712	0.00509	0.00683	0.00814	0.00858	0.00480	0.00568	0.00829	0.01103	0.01466	0.03087	0.71129	0.03665	0.01738	0.00725	0.00232	0.00349	0.10066	0.00522	0.00464
5	0.00806	0.00594	0.00858	0.00858	0.00943	0.00678	0.00646	0.00975	0.00891	0.01272	0.01550	0.02445	0.01508	0.16296	0.66056	0.00847	0.01355	0.00637	0.00308	0.00477
6	0.02495	0.01006	0.01336	0.01024	0.01461	0.00899	0.00846	0.08373	0.01692	0.71357	0.02152	0.01871	0.01359	0.00695	0.00566	0.00174	0.00490	0.00561	0.00686	0.00958
7	0.00699	0.00495	0.00649	0.00767	0.00796	0.00466	0.00504	0.00787	0.01051	0.01402	0.02969	0.72218	0.03554	0.09630	0.00933	0.00260	0.00348	0.01521	0.00504	0.00445
8	0.00833	0.00528	0.00605	0.00637	0.00672	0.00520	0.00396	0.00911	0.00956	0.01382	0.02111	0.21993	0.02332	0.44709	0.01833	0.00383	0.00434	0.00949	0.17410	0.00407
9	0.02139	0.01576	0.01689	0.01295	0.01745	0.01745	0.01070	0.74835	0.02646	0.03547	0.01351	0.01351	0.00957	0.00676	0.00563	0.00169	0.00619	0.00507	0.00563	0.00957
10	0.00718	0.00538	0.00628	0.00668	0.00759	0.00490	0.00454	0.00830	0.01152	0.01486	0.11914	0.30489	0.28358	0.17581	0.01132	0.00274	0.00350	0.01235	0.00496	0.00448
11	0.72896	0.01060	0.00838	0.00754	0.01086	0.01223	0.00615	0.01725	0.06214	0.02485	0.00959	0.01076	0.00742	0.00548	0.00367	0.00172	0.00425	0.00343	0.05849	0.00624
12	0.84197	0.01088	0.00827	0.00740	0.01088	0.01262	0.00609	0.01654	0.00958	0.02525	0.00784	0.00914	0.00609	0.00522	0.00348	0.00174	0.00435	0.00305	0.00348	0.00609
13	0.00742	0.00550	0.00684	0.00759	0.00847	0.00517	0.00535	0.00940	0.04356	0.01613	0.12524	0.51073	0.15465	0.01561	0.00692	0.00213	0.00323	0.03883	0.02233	0.00491
14	0.00823	0.00584	0.00834	0.00831	0.00915	0.00652	0.00621	0.00974	0.00937	0.01344	0.06769	0.02509	0.01737	0.13788	0.55597	0.06253	0.01193	0.00651	0.02520	0.00467
15	0.01063	0.00963	0.01342	0.01184	0.01271	0.03704	0.05746	0.01230	0.00957	0.01400	0.01278	0.05179	0.01250	0.09692	0.24393	0.00456	0.31611	0.00614	0.06116	0.00552
16	0.00719	0.00505	0.00650	0.00744	0.00779	0.00476	0.00488	0.00799	0.01049	0.01397	0.05507	0.59985	0.05531	0.15106	0.01119	0.02454	0.00365	0.01405	0.00488	0.00435
17	0.00818	0.00598	0.00768	0.00843	0.02517	0.00572	0.00622	0.00988	0.01217	0.01607	0.15920	0.14050	0.13861	0.18365	0.01178	0.00291	0.00427	0.24391	0.00494	0.00477
18	0.01936	0.01410	0.01563	0.10435	0.01897	0.04121	0.01061	0.47331	0.08642	0.10113	0.01479	0.01509	0.01053	0.00668	0.00555	0.00171	0.00605	0.00519	0.04049	0.00883
19	0.77645	0.01103	0.00895	0.04043	0.01230	0.01280	0.00667	0.04374	0.01028	0.02517	0.00814	0.00955	0.00628	0.00530	0.00365	0.00175	0.00455	0.00320	0.00352	0.00623
20	0.03509	0.01067	0.01398	0.08294	0.05732	0.01067	0.00961	0.14468	0.06207	0.40749	0.05024	0.03290	0.01450	0.00828	0.03166	0.00201	0.00557	0.00586	0.00577	0.00871
21	0.03867	0.04511	0.01683	0.04947	0.10387	0.43009	0.03041	0.07556	0.07886	0.01717	0.01125	0.02878	0.00933	0.00735	0.03173	0.00184	0.00858	0.00457	0.00337	0.00717
22	0.01656	0.01736	0.01322	0.01200	0.01448	0.35647	0.00903	0.07156	0.20336	0.01742	0.03736	0.04197	0.01280	0.00913	0.00813	0.13630	0.00711	0.00525	0.00392	0.00658
23	0.00840	0.00681	0.00819	0.00838	0.04789	0.00628	0.00582	0.01126	0.06243	0.01807	0.26131	0.06641	0.31618	0.05405	0.03395	0.00222	0.00375	0.00979	0.00513	0.06368
24	0.03791	0.01059	0.01345	0.01036	0.01471	0.00982	0.00853	0.12964	0.04260	0.59557	0.02022	0.01792	0.01305	0.00681	0.00556	0.00170	0.00494	0.00545	0.00652	0.04465
25	0.01064	0.00730	0.00902	0.00859	0.01050	0.00724	0.00673	0.01544	0.14785	0.08936	0.35805	0.08325	0.08887	0.01156	0.00659	0.00196	0.00361	0.12127	0.00590	0.00624
26	0.00705	0.00514	0.00649	0.00734	0.00795	0.00474	0.00496	0.00818	0.01137	0.01505	0.10938	0.56035	0.13351	0.07996	0.00879	0.00244	0.00332	0.01422	0.00518	0.00458
27	0.00928	0.00567	0.00797	0.00814	0.00861	0.00563	0.01780	0.03331	0.00963	0.01280	0.01811	0.21114	0.01999	0.09910	0.01672	0.41388	0.00471	0.09019	0.00363	0.00369
28	0.00744	0.00514	0.00636	0.00709	0.00728	0.00496	0.00443	0.00799	0.00964	0.01286	0.02521	0.46537	0.02989	0.36082	0.01657	0.00367	0.00422	0.01258	0.00443	0.00406
29	0.15515	0.00979	0.01230	0.00960	0.01381	0.00896	0.00793	0.02569	0.01507	0.65240	0.01992	0.01756	0.01268	0.00669	0.00531	0.00174	0.00472	0.00524	0.00641	0.00902
30	0.00693	0.00495	0.00649	0.00769	0.00803	0.00463	0.00510	0.00786	0.01066	0.01418	0.03076	0.73747	0.05129	0.06459	0.00846	0.00247	0.00339	0.01544	0.00512	0.00451
31	0.02105	0.01559	0.01669	0.01288	0.01732	0.01729	0.01061	0.71462	0.06076	0.03491	0.01395	0.01386	0.00993	0.00680	0.00563	0.00170	0.00611	0.00513	0.00563	0.00954
32	0.66526	0.01167	0.00988	0.00844	0.01206	0.01334	0.00694	0.15432	0.01293	0.02710	0.02890	0.01084	0.00799	0.00568	0.00397	0.00173	0.00466	0.00362	0.00396	0.00673
33	0.12616	0.00923	0.00959	0.00839	0.01058	0.00998	0.00635	0.23453	0.01497	0.02293	0.01632	0.08781	0.01512	0.18481	0.03081	0.00269	0.00495	0.00649	0.19204	0.00620
34	0.02182	0.00944	0.01241	0.00975	0.01357	0.00855	0.00796	0.08788	0.01699	0.57251	0.15404	0.02275	0.02055	0.00776	0.00583	0.00174	0.00453	0.00641	0.00671	0.00881
35	0.01063	0.01000	0.01688	0.78870	0.03876	0.01250	0.01563	0.01438	0.01125	0.01438	0.01000	0.01500	0.00750	0.00563	0.00563	0.00188	0.00750	0.00500	0.00250	0.00625
36	0.02151	0.01558	0.01677	0.01286	0.01736	0.01718	0.01062	0.72684	0.02615	0.05742	0.01377	0.01368	0.00970	0.00676	0.00563	0.00169	0.00615	0.00508	0.00567	0.00957
37	0.02102	0.02682	0.01595	0.01450	0.01740	0.77963	0.01087	0.02247	0.01595	0.01377	0.00870	0.01015	0.00725	0.00580	0.00507	0.00145	0.01015	0.00362	0.00290	0.00652
38	0.84197	0.01088	0.00827	0.00740	0.01088	0.01262	0.00609	0.01654	0.00958	0.02525	0.00784	0.00914	0.00609	0.00522	0.00348	0.00174	0.00435	0.00305	0.00348	0.00609
39	0.01091	0.00645	0.00828	0.00756	0.00951	0.00579	0.00586	0.01323	0.01518	0.15652	0.45933	0.05992	0.16152	0.01148	0.00653	0.00184	0.00321	0.04482	0.00610	0.00597
40	0.00685	0.00492	0.00650	0.00777	0.00814	0.00458	0.00519	0.00784	0.01084	0.01439	0.03184	0.77511	0.06013	0.01752	0.00717	0.00227	0.00325	0.01587	0.00522	0.00458
41	0.01984	0.02484	0.01612	0.01454	0.01704	0.67578	0.01107	0.02126	0.01495	0.01374	0.00852	0.01044	0.00727	0.00635	0.00690	0.00159	0.11664	0.00380	0.00284	0.00647
42	0.02525	0.00958	0.01306	0.01001	0.01437	0.00827	0.00827	0.02743	0.01611	0.77102	0.02220	0.01915	0.01393	0.00697	0.00566	0.00174	0.00479	0.00566	0.00697	0.00958
43	0.84197	0.01088	0.00827	0.00740	0.01088	0.01262	0.00609	0.01654	0.00958	0.02525	0.00784	0.00914	0.00609	0.00522	0.00348	0.00174	0.00435	0.00305	0.00348	0.00609
44	0.00806	0.00595	0.00865	0.00865	0.00952	0.00682	0.00654	0.00980	0.00893	0.01277	0.01544	0.02411	0.01494	0.14574	0.67758	0.00856	0.01376	0.00632	0.00307	0.00480
45	0.00760	0.00555	0.00612	0.00615	0.00688	0.00525	0.00392	0.00822	0.00995	0.01262	0.03200	0.06152	0.28683	0.46841	0.05217	0.00426	0.00488	0.00961	0.00409	0.00399
46	0.13042	0.00601	0.00586	0.00591	0.00740	0.00622	0.00442	0.01289	0.01134	0.02070	0.01856	0.12519	0.01632	0.00787	0.00431	0.00151	0.00296	0.00639	0.60044	0.00528
47	0.00818	0.00546	0.00614	0.00614	0.00614	0.00546	0.00341	0.00818	0.00818	0.01091	0.01773	0.03683	0.02046	0.80222	0.02864	0.00546	0.00546	0.00818	0.00341	0.00341
48	0.01300	0.01481	0.04397	0.03816	0.05944	0.01408	0.62527	0.01739	0.01285	0.01760	0.01156	0.03481	0.00917	0.00542	0.00728	0.00193	0.05629	0.00663	0.00287	0.00747
49	0.01936	0.01089	0.01288	0.01077	0.01451	0.01127	0.00860	0.02872	0.40402	0.37963	0.02257	0.02012	0.01563	0.00732	0.00569	0.00183	0.00461	0.00603	0.00632	0.00923
50	0.00854	0.00613	0.00844	0.00969	0.01081	0.00603	0.00813	0.01076	0.01251	0.01628	0.03097	0.21250	0.05818	0.01593	0.00762	0.00251	0.00471	0.56004	0.00519	0.00504
51	0.01133	0.01098	0.01567	0.01420	0.03562	0.01463	0.02601	0.01265	0.00925	0.01393	0.01210	0.16352	0.01319	0.01110	0.01569	0.00239	0.60170	0.00709	0.00301	0.00596
52	0.01182	0.01198	0.03499	0.21868	0.09075	0.01227	0.29204	0.01573	0.03189	0.01677	0.01390	0.04036	0.03553	0.00677	0.00715	0.02310	0.05128	0.02031	0.05788	0.00681
53	0.02084	0.00974	0.01251	0.00990	0.01360	0.00915	0.00806	0.13994	0.01754	0.48785	0.16196	0.02269	0.02069	0.00882	0.02829	0.00195	0.00491	0.00644	0.00649	0.00863
54	0.00805	0.00599	0.00884	0.00884	0.00977	0.00692	0.00678	0.00992	0.00898	0.01291	0.01526	0.02314	0.01452	0.09551	0.72723	0.00879	0.01440	0.00618	0.00304	0.00491
55	0.02834	0.37043	0.17714	0.01372	0.09112	0.03238	0.01245	0.01600	0.01143	0.01508	0.01210	0.01400	0.05773	0.00769	0.03887	0.00189	0.08536	0.00436	0.00269	0.00722
56	0.04767	0.02774	0.01295	0.00991	0.01394	0.00892	0.00812	0.04974	0.03551	0.63381	0.02179	0.07314	0.01512	0.00762	0.00566	0.00177	0.00474	0.00624	0.00656	0.00905
57	0.01451	0.00725	0.00925	0.00826	0.01069	0.00647	0.00638	0.01655	0.02983	0.31428	0.10353	0.16981	0.18205	0.05469	0.00758	0.00212	0.00395	0.04016	0.00592	0.00671
58	0.00986	0.00765	0.00822	0.00776	0.00883	0.03991	0.00534	0.06258	0.06043	0.01519	0.07831	0.03296	0.08989	0.41887	0.12628	0.00468	0.00653	0.00785	0.00403	0.00484
59	0.01012	0.00938	0.01677	0.02606	0.01646	0.00931	0.25314	0.03747	0.01254	0.01717	0.12115	0.27890	0.02487	0.04615	0.04894	0.00256	0.04880	0.01008	0.00419	0.00594
60	0.01302	0.01280	0.02300	0.17710	0.47605	0.01312	0.14075	0.01665	0.01260	0.01750	0.01125	0.01601	0.00937	0.00544	0.00584	0.00178	0.00727	0.02958	0.00282	0.00805
61	0.06813	0.01288	0.02028	0.20518	0.52481	0.03883	0.01594	0.01673	0.01235	0.01776	0.01021	0.01373	0.00835	0.00519	0.00543	0.00172	0.00684	0.00483	0.00277	0.00804
62	0.01322	0.01226	0.01675	0.44499	0.04243	0.06652	0.02717	0.12570	0.01354	0.01768	0.01050	0.01444	0.00820	0.00745	0.03036	0.00209	0.11079	0.00497	0.02415	0.00677
63	0.01697	0.00958	0.01177	0.00938	0.01288	0.00903	0.00757	0.09917	0.04560	0.29488	0.11204	0.02194	0.06223	0.00757	0.00609	0.00159	0.04342	0.00606	0.06029	0.16193

[dist]
# distance from previous block
# <min> <max>
2	20

[block]
# block no. 3 follows, 42 sequences, length 32
# corresponding to MSA columns:
# 322-353
name=unknown_D
#
# <colnr> <probs for GDERKNQSTAVLIFYWHMCP>
#	G	D	E	R	K	N	Q	S	T	A	V	L	I	F	Y	W	H	M	C	P
0	0.04719	0.00963	0.01233	0.00975	0.01372	0.00884	0.00796	0.04795	0.07624	0.59217	0.04117	0.02119	0.05276	0.00743	0.00563	0.00175	0.00459	0.00603	0.02469	0.00898
1	0.00864	0.00582	0.00765	0.00785	0.00905	0.00542	0.00592	0.01069	0.01375	0.05613	0.36223	0.24810	0.07928	0.03186	0.00742	0.00213	0.00339	0.12374	0.00570	0.00523
2	0.01219	0.01243	0.03855	0.01952	0.10485	0.01177	0.38615	0.05202	0.01297	0.01769	0.02902	0.12989	0.03143	0.00851	0.00800	0.06173	0.03102	0.02198	0.00343	0.00685
3	0.03804	0.00797	0.02937	0.00814	0.01082	0.00691	0.00661	0.03976	0.01549	0.24251	0.35479	0.03469	0.16178	0.01014	0.00619	0.00178	0.00363	0.00860	0.00605	0.00671
4	0.00710	0.00523	0.00661	0.00730	0.00809	0.00478	0.00506	0.00851	0.01220	0.01626	0.19919	0.49621	0.15449	0.03224	0.00743	0.00218	0.00311	0.01388	0.00540	0.00474
5	0.00841	0.00578	0.00703	0.00696	0.00837	0.00517	0.00507	0.01018	0.01354	0.06436	0.31140	0.20454	0.26403	0.04992	0.00771	0.00209	0.00311	0.01156	0.00561	0.00516
6	0.07486	0.01071	0.01272	0.01161	0.06560	0.01105	0.00860	0.15687	0.15731	0.22529	0.13324	0.02246	0.05207	0.00780	0.00566	0.00176	0.00463	0.00641	0.02312	0.00821
7	0.64767	0.01057	0.00941	0.00802	0.01171	0.01159	0.00661	0.01913	0.01113	0.20267	0.01125	0.01152	0.00796	0.00564	0.00400	0.00174	0.00446	0.00367	0.00431	0.00692
8	0.03637	0.00762	0.00957	0.00807	0.01083	0.00676	0.00628	0.01779	0.01417	0.37235	0.13764	0.04907	0.18688	0.10059	0.00864	0.00222	0.00408	0.00815	0.00594	0.00698
9	0.00758	0.00516	0.00676	0.00768	0.00821	0.00480	0.00517	0.00867	0.01119	0.03761	0.08604	0.64739	0.05358	0.07119	0.00857	0.00244	0.00341	0.01461	0.00522	0.00470
10	0.01143	0.01144	0.01962	0.61910	0.03601	0.03606	0.13894	0.01522	0.01168	0.01496	0.01014	0.01483	0.00767	0.00558	0.00606	0.00188	0.02512	0.00524	0.00257	0.00648
11	0.01658	0.01094	0.01164	0.00950	0.01259	0.01182	0.00766	0.38767	0.04388	0.05061	0.01616	0.01713	0.01203	0.00671	0.00491	0.00154	0.00456	0.00520	0.36116	0.00769
