[name]
unknown

[dist]
# distance from previous block
# <min> <max>
5	59

[block]
# block no. 0 follows, 40 sequences, length 8
# corresponding to MSA columns:
# 114,115,118-123
name=unknown_A
#
# <colnr> <probs for GDERKNQSTAVLIFYWHMCP>
#	G	D	E	R	K	N	Q	S	T	A	V	L	I	F	Y	W	H	M	C	P
0	0.01883	0.11099	0.01739	0.06671	0.01779	0.01614	0.01038	0.43324	0.07138	0.07330	0.01554	0.06501	0.01228	0.00744	0.00561	0.00174	0.00593	0.00583	0.03567	0.00880
1	0.00828	0.00593	0.00754	0.00836	0.00903	0.00576	0.00572	0.06078	0.01239	0.01658	0.05986	0.66844	0.03624	0.05508	0.00837	0.00246	0.00368	0.01508	0.00538	0.00507
2	0.01128	0.00967	0.01064	0.01104	0.04972	0.08800	0.02491	0.10116	0.01338	0.01715	0.02307	0.40796	0.02591	0.14510	0.03091	0.00288	0.00554	0.01134	0.00463	0.00570
3	0.02968	0.10095	0.27089	0.10541	0.02400	0.01410	0.16547	0.05298	0.01347	0.04974	0.05297	0.01666	0.03761	0.00635	0.00624	0.00184	0.03505	0.00555	0.00328	0.00776
4	0.01768	0.06154	0.01783	0.05733	0.18631	0.19668	0.01187	0.08462	0.09233	0.09769	0.01306	0.01422	0.01004	0.00594	0.00537	0.00158	0.00696	0.00472	0.00397	0.11024
5	0.00726	0.00532	0.00682	0.00769	0.00841	0.00488	0.00529	0.00864	0.01234	0.01645	0.16343	0.56842	0.13030	0.01667	0.00725	0.00222	0.00321	0.01494	0.00558	0.00488
6	0.01371	0.01603	0.11568	0.14252	0.44006	0.03975	0.11232	0.01776	0.01306	0.01810	0.01083	0.01433	0.00866	0.00531	0.00586	0.00180	0.00775	0.00524	0.00279	0.00846
7	0.00834	0.00617	0.00801	0.00800	0.00941	0.00556	0.00592	0.01047	0.01393	0.01949	0.37148	0.29691	0.04266	0.01359	0.00688	0.00198	0.00334	0.07020	0.00566	0.09202

[dist]
# distance from previous block
# <min> <max>
3	5

[block]
# block no. 1 follows, 40 sequences, length 13
# corresponding to MSA columns:
# 130-135,146-152
name=unknown_B
#
# <colnr> <probs for GDERKNQSTAVLIFYWHMCP>
#	G	D	E	R	K	N	Q	S	T	A	V	L	I	F	Y	W	H	M	C	P
0	0.04996	0.00681	0.01068	0.00963	0.01079	0.00700	0.08280	0.01013	0.00920	0.01329	0.01415	0.03550	0.03810	0.04453	0.19722	0.41214	0.00786	0.00602	0.03003	0.00415
1	0.00919	0.00716	0.00860	0.00906	0.01041	0.00736	0.00668	0.01428	0.19054	0.01815	0.08967	0.41844	0.08359	0.01474	0.00704	0.00223	0.00380	0.08749	0.00560	0.00595
2	0.01212	0.01089	0.04773	0.00996	0.01446	0.00838	0.04325	0.03488	0.03478	0.04282	0.01481	0.13814	0.01386	0.00690	0.00513	0.00129	0.00471	0.00598	0.00395	0.54598
3	0.01330	0.01066	0.01244	0.00897	0.01408	0.00838	0.00721	0.05727	0.01316	0.05476	0.01113	0.01253	0.00896	0.00460	0.00447	0.00096	0.00446	0.00366	0.00376	0.74526
4	0.08045	0.01256	0.01718	0.23050	0.24390	0.05197	0.01342	0.02039	0.13420	0.10041	0.02960	0.01651	0.01143	0.00622	0.00563	0.00183	0.00645	0.00536	0.00391	0.00809
5	0.01568	0.01393	0.01430	0.01199	0.01580	0.11239	0.04444	0.04152	0.38399	0.07405	0.01947	0.01888	0.03755	0.00696	0.00559	0.00168	0.00559	0.00572	0.00499	0.16546
6	0.01137	0.00623	0.00862	0.00819	0.00868	0.00642	0.00568	0.08475	0.00966	0.01290	0.01051	0.01729	0.01008	0.01881	0.02095	0.74345	0.00519	0.00507	0.00287	0.00330
7	0.01194	0.08456	0.71343	0.01611	0.02444	0.01418	0.02067	0.01835	0.01224	0.01808	0.01027	0.01207	0.00737	0.00549	0.00540	0.00180	0.00843	0.00421	0.00246	0.00851
8	0.02211	0.01629	0.01745	0.01338	0.01803	0.01803	0.01105	0.73997	0.02734	0.03665	0.01396	0.01396	0.00989	0.00698	0.00582	0.00175	0.00640	0.00524	0.00582	0.00989
9	0.00916	0.00721	0.00784	0.00734	0.00941	0.00674	0.00558	0.10613	0.01550	0.01977	0.17425	0.11616	0.46655	0.01352	0.00678	0.00195	0.00341	0.01142	0.00563	0.00566
10	0.01403	0.01019	0.01231	0.00967	0.01350	0.00936	0.00773	0.04636	0.09041	0.12148	0.13700	0.01944	0.01799	0.00688	0.00629	0.00143	0.06389	0.00547	0.00473	0.40184
11	0.01832	0.01419	0.01684	0.01267	0.01739	0.01452	0.06813	0.46116	0.02160	0.02995	0.01310	0.01399	0.00972	0.00612	0.00543	0.00152	0.00596	0.00492	0.04486	0.21961
12	0.09963	0.02416	0.52344	0.01571	0.02290	0.01292	0.09753	0.01864	0.01265	0.06863	0.04256	0.01416	0.00988	0.00582	0.00555	0.00185	0.00781	0.00482	0.00311	0.00822

[dist]
# distance from previous block
# <min> <max>
7	20

[block]
# block no. 2 follows, 40 sequences, length 48
# corresponding to MSA columns:
# 197-244
name=unknown_C
#
# <colnr> <probs for GDERKNQSTAVLIFYWHMCP>
#	G	D	E	R	K	N	Q	S	T	A	V	L	I	F	Y	W	H	M	C	P
0	0.01540	0.01176	0.01358	0.04079	0.03063	0.01171	0.00883	0.25559	0.08759	0.04806	0.08229	0.05698	0.01596	0.00716	0.00548	0.00153	0.00500	0.00588	0.02836	0.26742
1	0.01042	0.00911	0.01131	0.01043	0.03034	0.05303	0.07289	0.03653	0.02592	0.03965	0.05672	0.24260	0.26151	0.02845	0.00743	0.00204	0.02538	0.01083	0.00484	0.06056
2	0.01130	0.00845	0.01201	0.01071	0.01266	0.00938	0.05132	0.09928	0.03645	0.04607	0.01699	0.02231	0.03633	0.05011	0.50038	0.00677	0.03125	0.00634	0.02568	0.00621
3	0.01635	0.19308	0.22028	0.01349	0.01856	0.05636	0.01352	0.17645	0.07750	0.05613	0.01200	0.01309	0.00918	0.00653	0.00671	0.00176	0.09231	0.00456	0.00375	0.00840
4	0.01381	0.00996	0.01154	0.00998	0.01299	0.00991	0.00770	0.16432	0.12665	0.08212	0.04020	0.24158	0.04195	0.01141	0.03122	0.00205	0.00486	0.00876	0.00529	0.16371
5	0.02222	0.04074	0.01727	0.01327	0.03549	0.01640	0.01072	0.56255	0.03968	0.15904	0.01543	0.01497	0.01072	0.00693	0.00575	0.00174	0.00612	0.00530	0.00587	0.00978
6	0.01794	0.01255	0.01386	0.01143	0.01508	0.01356	0.00914	0.32233	0.22527	0.12397	0.05925	0.05506	0.06469	0.02064	0.00641	0.00192	0.00516	0.00695	0.00597	0.00883
7	0.00841	0.00587	0.00752	0.00744	0.00874	0.00535	0.00545	0.01060	0.01491	0.04484	0.49198	0.21357	0.12653	0.01348	0.00695	0.00196	0.00298	0.01192	0.00609	0.00540
8	0.02019	0.01475	0.01598	0.01244	0.01669	0.01607	0.01013	0.58788	0.06570	0.04631	0.01455	0.01535	0.01076	0.03013	0.00695	0.02901	0.00602	0.00531	0.01965	0.05612
9	0.01236	0.16815	0.63354	0.01539	0.02333	0.01521	0.01941	0.01824	0.01219	0.01757	0.01001	0.01175	0.00738	0.00543	0.00520	0.00173	0.00817	0.00408	0.00246	0.00839
10	0.02254	0.05721	0.03423	0.01135	0.01579	0.03007	0.00959	0.20823	0.07016	0.42030	0.04645	0.01832	0.01425	0.00717	0.00574	0.00176	0.00551	0.00567	0.00624	0.00944
11	0.02177	0.01594	0.01615	0.01274	0.01699	0.09827	0.01036	0.49997	0.04008	0.14339	0.05368	0.01617	0.01283	0.00718	0.00582	0.00174	0.00640	0.00547	0.00575	0.00930
12	0.00721	0.00515	0.00687	0.00812	0.00854	0.00482	0.00550	0.00836	0.01149	0.01539	0.07326	0.73093	0.03927	0.01780	0.00741	0.00234	0.00339	0.03391	0.00545	0.00478
13	0.00823	0.00594	0.00777	0.00732	0.00869	0.00549	0.00549	0.01097	0.01646	0.02332	0.75629	0.04344	0.05487	0.01189	0.00686	0.00183	0.00274	0.01052	0.00640	0.00549
14	0.01110	0.01050	0.01747	0.72890	0.03835	0.01326	0.01591	0.01480	0.01144	0.01480	0.01015	0.01531	0.00774	0.00611	0.00673	0.00198	0.06125	0.00516	0.00258	0.00645
15	0.00732	0.00523	0.00701	0.00830	0.00876	0.00492	0.00575	0.00853	0.01148	0.01531	0.05231	0.70700	0.03848	0.01785	0.00746	0.00237	0.00353	0.07817	0.00542	0.00480
16	0.02196	0.00909	0.01224	0.00971	0.01351	0.00800	0.00789	0.02460	0.03132	0.58688	0.18314	0.02500	0.02330	0.00824	0.00607	0.00181	0.00446	0.00688	0.00700	0.00892
17	0.00784	0.00572	0.00752	0.00862	0.00952	0.00541	0.00654	0.00951	0.01235	0.01614	0.06633	0.43493	0.12840	0.01682	0.00752	0.00239	0.00392	0.24010	0.00543	0.00498
18	0.03189	0.08155	0.01809	0.01471	0.01750	0.52590	0.04791	0.02053	0.01455	0.01456	0.00954	0.02871	0.00843	0.00765	0.02645	0.00187	0.11611	0.00438	0.00296	0.00671
19	0.07377	0.00982	0.01298	0.01007	0.01439	0.00870	0.00829	0.02700	0.01623	0.69074	0.05045	0.02009	0.01548	0.00727	0.00575	0.00180	0.00484	0.00587	0.00695	0.00951
20	0.00737	0.00527	0.00708	0.00842	0.00889	0.00497	0.00590	0.00859	0.01142	0.01517	0.03189	0.70089	0.03784	0.01795	0.00750	0.00240	0.00362	0.10465	0.00539	0.00480
21	0.01301	0.01435	0.02997	0.04353	0.02740	0.01413	0.58662	0.01725	0.01292	0.01770	0.01242	0.04930	0.01025	0.00786	0.04547	0.00239	0.07795	0.00705	0.00301	0.00741
22	0.83671	0.01125	0.00855	0.00765	0.01125	0.01305	0.00630	0.01709	0.00990	0.02609	0.00810	0.00945	0.00630	0.00540	0.00360	0.00180	0.00450	0.00315	0.00360	0.00630
23	0.00951	0.00656	0.00833	0.00775	0.00936	0.00616	0.00584	0.04831	0.01644	0.05335	0.59827	0.10365	0.07989	0.01210	0.00681	0.00187	0.00308	0.01063	0.00628	0.00580
24	0.01332	0.02083	0.32721	0.02607	0.37017	0.02842	0.07190	0.01813	0.01282	0.01850	0.01066	0.01350	0.00835	0.00546	0.00612	0.00181	0.03039	0.00491	0.00270	0.00873
25	0.02099	0.01525	0.01650	0.01285	0.01723	0.01678	0.01054	0.62459	0.07929	0.06205	0.05266	0.01624	0.01291	0.00730	0.00588	0.00177	0.00603	0.00562	0.00591	0.00962
26	0.02409	0.01311	0.01548	0.01187	0.01645	0.01331	0.00981	0.38564	0.02202	0.39850	0.01843	0.01687	0.01213	0.00709	0.00583	0.00177	0.00568	0.00554	0.00650	0.00989
27	0.00712	0.00522	0.00669	0.00776	0.00837	0.00479	0.00527	0.00828	0.01170	0.01541	0.07406	0.65203	0.13714	0.01741	0.00732	0.00228	0.00328	0.01563	0.00545	0.00479
28	0.01005	0.17827	0.01250	0.00783	0.01029	0.00983	0.00654	0.01233	0.03148	0.03232	0.18070	0.03948	0.33831	0.01136	0.00656	0.00181	0.03282	0.03976	0.03189	0.00587
29	0.01826	0.05906	0.21308	0.01372	0.01924	0.01652	0.01341	0.45135	0.06523	0.02955	0.01347	0.01397	0.00972	0.00655	0.00559	0.00175	0.00675	0.00497	0.02856	0.00926
30	0.00697	0.00587	0.00605	0.00606	0.00793	0.00494	0.00452	0.00852	0.01341	0.01620	0.10582	0.07858	0.68598	0.01464	0.00689	0.00197	0.00295	0.01229	0.00547	0.00494
31	0.01335	0.17031	0.37417	0.01778	0.02467	0.03870	0.24463	0.01844	0.01277	0.01746	0.01037	0.01274	0.00785	0.00524	0.00560	0.00176	0.00859	0.00486	0.00263	0.00809
32	0.01452	0.01757	0.12700	0.09791	0.44303	0.10634	0.05993	0.01828	0.01330	0.01784	0.01056	0.01377	0.00856	0.00546	0.00597	0.00176	0.02196	0.00498	0.00280	0.00844
33	0.00713	0.00525	0.00662	0.00763	0.00827	0.00481	0.00517	0.00824	0.01158	0.01514	0.05830	0.61744	0.16299	0.04221	0.00802	0.00238	0.00335	0.01535	0.00537	0.00474
34	0.02092	0.01463	0.01589	0.01235	0.01650	0.01597	0.01004	0.60788	0.02458	0.08482	0.01510	0.01659	0.01128	0.07208	0.00773	0.00206	0.00612	0.00555	0.03068	0.00923
35	0.01996	0.01121	0.04094	0.01069	0.01471	0.01018	0.00897	0.14018	0.07698	0.38171	0.09933	0.05209	0.01918	0.00819	0.00598	0.00180	0.00497	0.02868	0.00626	0.05798
36	0.01561	0.00921	0.03237	0.00945	0.01234	0.00828	0.00756	0.12561	0.01593	0.25985	0.05295	0.25041	0.15233	0.01179	0.00650	0.00199	0.00439	0.01009	0.00599	0.00734
37	0.00832	0.00558	0.00638	0.00651	0.00655	0.00555	0.00371	0.00842	0.00872	0.01162	0.01966	0.11140	0.02283	0.71998	0.02744	0.00532	0.00542	0.00924	0.00371	0.00364
38	0.01318	0.00805	0.00857	0.02751	0.01017	0.00852	0.00592	0.17887	0.01527	0.02389	0.01754	0.02138	0.01419	0.08511	0.00705	0.00188	0.00397	0.00567	0.53698	0.00628
39	0.01940	0.01525	0.03681	0.01238	0.01633	0.04379	0.01017	0.55557	0.03817	0.03112	0.01455	0.01713	0.01143	0.09739	0.03000	0.00239	0.00665	0.00558	0.02715	0.00875
40	0.01622	0.40083	0.07288	0.01161	0.01584	0.11884	0.01078	0.12235	0.01458	0.01783	0.01215	0.01343	0.04611	0.00641	0.00574	0.00153	0.06808	0.00429	0.03301	0.00751
41	0.01371	0.01109	0.01279	0.00927	0.01435	0.00909	0.00747	0.10779	0.01413	0.04057	0.01113	0.01250	0.00893	0.00472	0.00454	0.00100	0.00459	0.00374	0.00385	0.70475
42	0.02389	0.01001	0.01319	0.01043	0.01458	0.00909	0.00849	0.04899	0.07597	0.63673	0.02327	0.06583	0.01597	0.00790	0.00595	0.00185	0.00487	0.00653	0.00694	0.00953
43	0.01562	0.72234	0.02918	0.01046	0.01506	0.05171	0.01017	0.01743	0.01182	0.01372	0.00809	0.00958	0.00747	0.00532	0.00471	0.00133	0.05285	0.00325	0.00251	0.00737
44	0.01137	0.01057	0.01697	0.69668	0.03730	0.01309	0.01538	0.01663	0.09301	0.01590	0.01181	0.01619	0.00886	0.00604	0.00583	0.00194	0.00740	0.00532	0.00295	0.00676
45	0.01617	0.01385	0.01442	0.01247	0.01582	0.04472	0.00986	0.17152	0.53193	0.02579	0.02020	0.01918	0.01518	0.00777	0.00666	0.00194	0.05175	0.00611	0.00558	0.00908
46	0.03513	0.00863	0.00961	0.00869	0.01014	0.00929	0.00614	0.14884	0.08313	0.01878	0.05652	0.07998	0.03547	0.40139	0.04136	0.00400	0.02470	0.00808	0.00446	0.00567
47	0.01339	0.01353	0.01726	0.01490	0.01525	0.06800	0.01227	0.03690	0.01008	0.01475	0.00892	0.04460	0.00896	0.01013	0.01726	0.00244	0.67668	0.00547	0.00279	0.00643

[dist]
# distance from previous block
# <min> <max>
0	3

[block]
# block no. 3 follows, 40 sequences, length 42
# corresponding to MSA columns:
# 248-289
name=unknown_D
#
# <colnr> <probs for GDERKNQSTAVLIFYWHMCP>
#	G	D	E	R	K	N	Q	S	T	A	V	L	I	F	Y	W	H	M	C	P
0	0.01226	0.01210	0.02091	0.42287	0.08427	0.01407	0.15718	0.01696	0.06969	0.01653	0.01137	0.01560	0.00884	0.00630	0.00769	0.00201	0.10570	0.00560	0.00293	0.00713
1	0.00859	0.00681	0.00755	0.00708	0.00906	0.00630	0.00539	0.05549	0.04420	0.01999	0.29655	0.04767	0.43812	0.01299	0.00676	0.00190	0.00315	0.01100	0.00579	0.00559
2	0.01363	0.01007	0.01197	0.00897	0.01365	0.00802	0.00713	0.01682	0.05212	0.11170	0.01397	0.06187	0.01167	0.00572	0.00478	0.00113	0.00434	0.00472	0.00417	0.63355
3	0.07075	0.01950	0.01623	0.01359	0.01719	0.28539	0.01078	0.33753	0.08073	0.02562	0.01224	0.01301	0.00932	0.00681	0.00631	0.00173	0.05585	0.00468	0.00448	0.00828
4	0.00829	0.00553	0.00729	0.00808	0.00888	0.00510	0.00565	0.00970	0.01239	0.05448	0.14472	0.58579	0.06881	0.01647	0.00725	0.00224	0.00340	0.03516	0.00564	0.00513
5	0.00998	0.00505	0.00754	0.00760	0.00761	0.00504	0.00506	0.00760	0.00772	0.01029	0.01097	0.04825	0.01122	0.02012	0.02212	0.79809	0.00498	0.00550	0.00264	0.00261
6	0.01708	0.04900	0.01612	0.01319	0.01602	0.26390	0.04710	0.14972	0.08103	0.02012	0.01326	0.03807	0.01104	0.00931	0.05045	0.00218	0.09851	0.00526	0.09136	0.00728
7	0.01101	0.01028	0.01724	0.74471	0.03870	0.01288	0.01582	0.01468	0.01147	0.01473	0.01026	0.01548	0.00780	0.00624	0.00653	0.01986	0.02820	0.00516	0.00258	0.00637
8	0.01922	0.01346	0.01494	0.01210	0.01592	0.01465	0.00976	0.46380	0.11637	0.10382	0.01826	0.10594	0.01484	0.00991	0.03716	0.00216	0.00605	0.00682	0.00581	0.00901
9	0.01969	0.01448	0.01573	0.01253	0.01649	0.01589	0.01014	0.62205	0.02473	0.03314	0.01688	0.13929	0.01449	0.00879	0.00608	0.00184	0.00591	0.00706	0.00575	0.00906
10	0.02163	0.01605	0.01719	0.01328	0.01785	0.01781	0.01094	0.69602	0.07206	0.03589	0.01456	0.01444	0.01038	0.00704	0.00582	0.00176	0.00629	0.00532	0.00582	0.00985
11	0.01379	0.01179	0.01257	0.01144	0.01452	0.01350	0.00892	0.02866	0.66670	0.02382	0.06208	0.02528	0.03525	0.00856	0.00607	0.00199	0.00450	0.03587	0.00591	0.00877
12	0.01487	0.04904	0.01539	0.04135	0.01558	0.11530	0.02268	0.06802	0.09390	0.07315	0.05686	0.07083	0.01528	0.01070	0.04589	0.00238	0.23427	0.02215	0.02530	0.00705
13	0.02426	0.01204	0.01474	0.01133	0.01581	0.01179	0.00935	0.27681	0.02038	0.49109	0.03775	0.01833	0.01381	0.00724	0.00586	0.00178	0.00540	0.00575	0.00670	0.00979
14	0.00729	0.00522	0.00685	0.00787	0.00837	0.00486	0.00531	0.00850	0.01178	0.01584	0.12756	0.64656	0.05646	0.04798	0.00821	0.00241	0.00337	0.01532	0.00546	0.00478
15	0.78646	0.01116	0.00885	0.00781	0.01147	0.01277	0.00644	0.01779	0.01031	0.07179	0.00902	0.01009	0.00680	0.00551	0.00374	0.00180	0.00453	0.00332	0.00382	0.00652
16	0.01626	0.01790	0.02082	0.11570	0.25951	0.25788	0.09469	0.04069	0.01426	0.01706	0.01065	0.01448	0.00891	0.00616	0.00673	0.00179	0.06416	0.02168	0.00301	0.00766
17	0.00705	0.00578	0.00623	0.00655	0.00818	0.00497	0.00486	0.00850	0.01288	0.01564	0.05256	0.18906	0.58862	0.01543	0.00703	0.00207	0.00315	0.05112	0.00540	0.00490
18	0.00717	0.00512	0.00684	0.00814	0.00853	0.00479	0.00550	0.00827	0.01132	0.01512	0.05053	0.75521	0.03876	0.01800	0.00742	0.00236	0.00341	0.03333	0.00542	0.00476
19	0.05647	0.01419	0.02099	0.13073	0.50905	0.07217	0.02722	0.03496	0.01338	0.01870	0.01166	0.01489	0.02531	0.00568	0.00589	0.00176	0.02046	0.00515	0.00301	0.00835
20	0.02045	0.02975	0.01659	0.01284	0.01717	0.06999	0.01048	0.55452	0.09645	0.03226	0.01447	0.01455	0.01055	0.00685	0.00563	0.00169	0.00631	0.00516	0.03043	0.04387
21	0.00701	0.00586	0.00601	0.00604	0.00783	0.00496	0.00444	0.00845	0.01307	0.01576	0.08355	0.07678	0.67002	0.05459	0.00805	0.00216	0.00309	0.01214	0.00534	0.00486
22	0.50770	0.01129	0.01081	0.11039	0.01569	0.03010	0.00815	0.07629	0.01246	0.07032	0.04078	0.01344	0.00980	0.00696	0.02323	0.00198	0.00538	0.00423	0.03425	0.00675
23	0.01325	0.01014	0.01313	0.16321	0.01759	0.01221	0.00992	0.11737	0.03626	0.03667	0.01474	0.01820	0.02741	0.02800	0.00932	0.00198	0.20475	0.00553	0.25365	0.00666
24	0.01673	0.01223	0.01331	0.01109	0.01424	0.01343	0.00861	0.32359	0.22246	0.06435	0.03657	0.03930	0.01633	0.16855	0.01076	0.00262	0.00551	0.00668	0.00545	0.00818
25	0.78753	0.01116	0.00885	0.00781	0.01146	0.01277	0.00643	0.01778	0.01031	0.07082	0.00900	0.01007	0.00679	0.00551	0.00374	0.00180	0.00453	0.00331	0.00382	0.00652
26	0.01231	0.00877	0.01027	0.04850	0.01235	0.00930	0.00717	0.21889	0.01569	0.02160	0.05149	0.24959	0.03828	0.13688	0.03811	0.00280	0.00516	0.00948	0.09713	0.00623
27	0.01047	0.00661	0.00825	0.00827	0.00981	0.00615	0.00606	0.05308	0.01386	0.11001	0.12606	0.40633	0.16264	0.01473	0.00698	0.00213	0.00364	0.03333	0.00577	0.00581
28	0.00837	0.00617	0.00771	0.00729	0.00868	0.00580	0.00538	0.01133	0.04445	0.02173	0.60727	0.04326	0.11288	0.07399	0.00862	0.00215	0.00306	0.01035	0.00607	0.00543
29	0.00836	0.00565	0.00664	0.00675	0.00697	0.00570	0.00409	0.00877	0.00900	0.01222	0.02024	0.09835	0.04065	0.61210	0.10119	0.00552	0.00629	0.00890	0.02871	0.00388
30	0.00791	0.00581	0.00782	0.00830	0.00883	0.00560	0.03191	0.00919	0.02989	0.01423	0.02722	0.53075	0.03195	0.23640	0.01361	0.00326	0.00428	0.01364	0.00479	0.00462
31	0.00717	0.00515	0.00682	0.00806	0.00850	0.00480	0.00546	0.00830	0.01145	0.01526	0.06138	0.72577	0.05971	0.01782	0.00740	0.00234	0.00338	0.03102	0.00544	0.00477
32	0.02633	0.01223	0.04745	0.30345	0.02516	0.03490	0.06970	0.03402	0.01158	0.01648	0.01135	0.04344	0.00966	0.00760	0.00962	0.00205	0.23617	0.00561	0.08664	0.00655
33	0.01431	0.01519	0.09901	0.05867	0.56608	0.01382	0.03485	0.01797	0.01295	0.04630	0.01113	0.01435	0.00906	0.00562	0.00659	0.00181	0.05534	0.00515	0.00297	0.00886
34	0.00846	0.00564	0.00634	0.00634	0.00634	0.00564	0.00352	0.00846	0.00846	0.01128	0.01832	0.03805	0.02114	0.79563	0.02960	0.00564	0.00564	0.00846	0.00352	0.00352
35	0.00813	0.00591	0.00765	0.00727	0.00864	0.00543	0.00543	0.01075	0.01614	0.02268	0.69892	0.06728	0.08950	0.01223	0.00688	0.00185	0.00277	0.01079	0.00632	0.00543
36	0.01574	0.52583	0.05629	0.01178	0.01582	0.10166	0.01107	0.03775	0.01226	0.01463	0.00836	0.01030	0.00756	0.00607	0.00671	0.00154	0.14306	0.00363	0.00264	0.00731
37	0.00969	0.00815	0.01080	0.01019	0.01083	0.03059	0.00781	0.01114	0.00926	0.01316	0.01420	0.02344	0.01419	0.19297	0.42769	0.00684	0.18446	0.00637	0.00307	0.00515
38	0.00837	0.00580	0.00724	0.00728	0.00760	0.00610	0.00469	0.00902	0.00879	0.01203	0.01789	0.05455	0.01967	0.55093	0.24934	0.00665	0.00852	0.00802	0.00345	0.00405
39	0.01239	0.01036	0.01319	0.02931	0.06871	0.01156	0.03126	0.04366	0.31204	0.03757	0.04387	0.24584	0.02252	0.01086	0.00759	0.00210	0.07529	0.00928	0.00512	0.00747
40	0.06780	0.01426	0.02952	0.05378	0.01380	0.23183	0.00813	0.06652	0.01390	0.01800	0.01934	0.02304	0.11310	0.10963	0.00874	0.00217	0.02800	0.00605	0.16637	0.00603
41	0.05372	0.01011	0.03277	0.01248	0.01527	0.00971	0.14953	0.07950	0.07160	0.04214	0.03696	0.24266	0.07090	0.03233	0.00739	0.00224	0.00553	0.11373	0.00485	0.00656

[dist]
# distance from previous block
# <min> <max>
2	50

[block]
# block no. 4 follows, 40 sequences, length 40
# corresponding to MSA columns:
# 365-404
name=unknown_E
#
# <colnr> <probs for GDERKNQSTAVLIFYWHMCP>
#	G	D	E	R	K	N	Q	S	T	A	V	L	I	F	Y	W	H	M	C	P
0	0.03532	0.01229	0.04044	0.04556	0.01669	0.01134	0.04202	0.17119	0.01543	0.07433	0.01409	0.05965	0.02627	0.00667	0.00619	0.00150	0.05851	0.00531	0.00422	0.35298
1	0.01445	0.01293	0.01551	0.03848	0.05297	0.09001	0.08109	0.08221	0.01412	0.04537	0.01231	0.03540	0.01024	0.02195	0.00590	0.00143	0.02356	0.00481	0.04956	0.38770
2	0.03159	0.00862	0.01172	0.01141	0.03856	0.03765	0.02848	0.01204	0.00984	0.01437	0.01398	0.02118	0.01320	0.09378	0.47213	0.00675	0.13161	0.00602	0.03153	0.00555
3	0.01977	0.01513	0.01614	0.01291	0.01715	0.01694	0.01049	0.52361	0.24750	0.03289	0.01692	0.01632	0.01229	0.00726	0.00585	0.00181	0.00585	0.00564	0.00585	0.00968
4	0.00709	0.00506	0.00675	0.00810	0.00843	0.00472	0.00540	0.00810	0.01113	0.01484	0.03205	0.79184	0.03846	0.01822	0.00742	0.00236	0.00337	0.01653	0.00540	0.00472
5	0.00817	0.00594	0.00769	0.00725	0.00865	0.00546	0.00544	0.01085	0.01631	0.02296	0.72375	0.04402	0.08763	0.01202	0.00686	0.00184	0.00275	0.01060	0.00635	0.00546
6	0.02172	0.02772	0.01648	0.01498	0.01798	0.77228	0.01124	0.02322	0.01648	0.01423	0.00899	0.01049	0.00749	0.00599	0.00524	0.00150	0.01049	0.00375	0.00300	0.00674
7	0.01366	0.01551	0.03332	0.02395	0.02948	0.01489	0.69438	0.01835	0.01343	0.01835	0.01151	0.01551	0.00875	0.00522	0.00760	0.00200	0.05666	0.00676	0.00292	0.00775
8	0.02609	0.00990	0.01350	0.01035	0.01484	0.00855	0.00855	0.02834	0.01664	0.76338	0.02294	0.01979	0.01439	0.00720	0.00585	0.00180	0.00495	0.00585	0.00720	0.00990
9	0.00846	0.00564	0.00634	0.00634	0.00634	0.00564	0.00352	0.00846	0.00846	0.01128	0.01832	0.03805	0.02114	0.79563	0.02960	0.00564	0.00564	0.00846	0.00352	0.00352
10	0.02485	0.01081	0.01395	0.01074	0.01516	0.00999	0.00885	0.14361	0.01838	0.62055	0.04578	0.01963	0.01500	0.00732	0.00588	0.00179	0.00511	0.00590	0.00695	0.00975
11	0.01092	0.00672	0.00860	0.00777	0.00971	0.00616	0.00595	0.01390	0.03898	0.13143	0.55982	0.04047	0.11407	0.01134	0.00668	0.00184	0.00314	0.00987	0.00641	0.00620
12	0.02533	0.01112	0.01425	0.01093	0.01546	0.01037	0.00903	0.16489	0.01870	0.62394	0.02122	0.01867	0.01353	0.00716	0.00584	0.00179	0.00523	0.00573	0.00693	0.00990
13	0.00801	0.00581	0.00756	0.00738	0.00862	0.00536	0.00543	0.01046	0.01557	0.02181	0.62571	0.15210	0.07855	0.01291	0.00694	0.00191	0.00284	0.01145	0.00622	0.00536
14	0.31701	0.01504	0.13428	0.12800	0.15791	0.03963	0.01273	0.01851	0.01209	0.09879	0.01092	0.01283	0.00812	0.00565	0.00493	0.00180	0.00634	0.00431	0.00349	0.00762
15	0.01422	0.01357	0.02274	0.07318	0.68350	0.01380	0.01731	0.01837	0.05123	0.01906	0.01157	0.01483	0.00958	0.00535	0.00577	0.00175	0.00683	0.00525	0.00302	0.00907
16	0.00835	0.00598	0.00749	0.00716	0.00867	0.00541	0.00535	0.01073	0.01552	0.04028	0.55750	0.09100	0.18950	0.01271	0.00687	0.00189	0.00288	0.01111	0.00617	0.00544
17	0.00716	0.00512	0.00681	0.00805	0.00845	0.00477	0.00540	0.00827	0.01146	0.01537	0.07667	0.74573	0.03947	0.01783	0.00739	0.00233	0.00333	0.01616	0.00546	0.00477
18	0.04277	0.10935	0.62623	0.01592	0.02382	0.01454	0.05315	0.01827	0.01221	0.01821	0.01016	0.01202	0.00740	0.00543	0.00533	0.00178	0.00825	0.00425	0.00252	0.00836
19	0.83671	0.01125	0.00855	0.00765	0.01125	0.01305	0.00630	0.01709	0.00990	0.02609	0.00810	0.00945	0.00630	0.00540	0.00360	0.00180	0.00450	0.00315	0.00360	0.00630
20	0.00827	0.00617	0.00914	0.00919	0.01017	0.00712	0.00707	0.01023	0.00937	0.01346	0.01625	0.04996	0.01561	0.07062	0.71862	0.00897	0.01479	0.00667	0.00321	0.00511
21	0.00922	0.00725	0.00802	0.00790	0.00954	0.00722	0.00585	0.02962	0.13870	0.01722	0.07239	0.08499	0.30280	0.18167	0.01173	0.00284	0.00417	0.08820	0.00514	0.00553
22	0.09155	0.00884	0.00889	0.00773	0.01017	0.00947	0.00612	0.20551	0.01597	0.02604	0.01663	0.01849	0.01277	0.00670	0.00448	0.00150	0.00385	0.00516	0.53346	0.00668
23	0.16143	0.01165	0.01361	0.01062	0.01500	0.01157	0.00877	0.19620	0.01806	0.46607	0.01830	0.01666	0.01196	0.00684	0.00546	0.00179	0.00522	0.00525	0.00626	0.00929
24	0.00714	0.00508	0.00673	0.00803	0.00835	0.00476	0.00532	0.00811	0.01102	0.01470	0.03149	0.76108	0.03775	0.04993	0.00833	0.00250	0.00347	0.01620	0.00532	0.00467
25	0.05171	0.43544	0.02360	0.01197	0.01609	0.32016	0.01035	0.04281	0.01409	0.01514	0.00863	0.00994	0.00750	0.00546	0.00439	0.00138	0.00785	0.00343	0.00284	0.00721
26	0.01474	0.01263	0.01330	0.01189	0.01523	0.01459	0.00927	0.05648	0.72282	0.02477	0.02332	0.02142	0.01747	0.00786	0.00591	0.00196	0.00467	0.00653	0.00591	0.00923
27	0.00721	0.00523	0.00684	0.00803	0.00857	0.00485	0.00551	0.00839	0.01157	0.01530	0.05725	0.67967	0.09171	0.01766	0.00739	0.00233	0.00341	0.04885	0.00543	0.00479
28	0.01119	0.00929	0.01230	0.01080	0.01265	0.03093	0.04206	0.05705	0.01158	0.01700	0.01475	0.07443	0.01370	0.02183	0.30025	0.00467	0.14030	0.00625	0.10281	0.10616
29	0.02400	0.01059	0.01470	0.01131	0.01579	0.00959	0.05007	0.04159	0.08130	0.62651	0.02194	0.01946	0.01417	0.00707	0.00588	0.00180	0.00521	0.00591	0.00674	0.02639
30	0.02211	0.01629	0.01745	0.01338	0.01803	0.01803	0.01105	0.73997	0.02734	0.03665	0.01396	0.01396	0.00989	0.00698	0.00582	0.00175	0.00640	0.00524	0.00582	0.00989
31	0.00951	0.00630	0.00777	0.00734	0.00914	0.00562	0.00561	0.01175	0.01519	0.09011	0.42037	0.07364	0.26147	0.01271	0.00684	0.00192	0.00314	0.03978	0.00609	0.00569
32	0.14981	0.01749	0.12816	0.05862	0.22834	0.14367	0.03617	0.03453	0.03342	0.01921	0.01392	0.01590	0.06339	0.00638	0.00575	0.00178	0.02746	0.00508	0.00327	0.00766
33	0.00732	0.00519	0.00680	0.00796	0.00831	0.00489	0.00531	0.00831	0.01103	0.01473	0.04797	0.67241	0.03685	0.10205	0.00982	0.00271	0.00366	0.03481	0.00522	0.00463
34	0.01098	0.01034	0.01744	0.78165	0.04005	0.01292	0.01615	0.01486	0.01163	0.01486	0.01034	0.01550	0.00775	0.00581	0.00581	0.00194	0.00775	0.00517	0.00258	0.00646
35	0.01108	0.01047	0.01746	0.73743	0.03862	0.01320	0.01595	0.01481	0.01147	0.01481	0.01018	0.01534	0.00775	0.00607	0.00658	0.00197	0.05260	0.00516	0.00258	0.00645
36	0.04660	0.01371	0.01530	0.05743	0.01751	0.01493	0.01015	0.49019	0.04881	0.08876	0.01629	0.08610	0.01298	0.00787	0.00582	0.00180	0.00582	0.00625	0.02433	0.02934
37	0.01696	0.01290	0.04135	0.01165	0.03255	0.03655	0.00928	0.33477	0.03890	0.10095	0.09107	0.09180	0.06626	0.05089	0.00732	0.00201	0.00547	0.00735	0.00546	0.03651
38	0.07872	0.03104	0.06369	0.04053	0.28221	0.12400	0.04019	0.05927	0.05616	0.06274	0.01308	0.01652	0.01064	0.00623	0.00553	0.00173	0.00691	0.03821	0.02712	0.03546
39	0.06832	0.05567	0.04311	0.01283	0.03494	0.08081	0.09762	0.09114	0.06680	0.06728	0.06447	0.02216	0.07113	0.02181	0.00660	0.00182	0.03490	0.03927	0.03488	0.08446

[dist]
# distance from previous block
# <min> <max>
6	17

[block]
# block no. 5 follows, 40 sequences, length 38
# corresponding to MSA columns:
# 426-463
name=unknown_F
#
# <colnr> <probs for GDERKNQSTAVLIFYWHMCP>
#	G	D	E	R	K	N	Q	S	T	A	V	L	I	F	Y	W	H	M	C	P
0	0.01618	0.01401	0.01499	0.01501	0.10451	0.08040	0.01058	0.10111	0.45752	0.05676	0.02014	0.02087	0.01555	0.00763	0.00592	0.00190	0.00563	0.03706	0.00532	0.00892
1	0.04539	0.01706	0.01517	0.01302	0.03443	0.20099	0.01007	0.37335	0.06583	0.02712	0.01402	0.03113	0.01088	0.00763	0.02026	0.00182	0.00697	0.00517	0.09141	0.00827
2	0.02586	0.00868	0.00958	0.00911	0.03094	0.06490	0.00669	0.02941	0.04495	0.07810	0.51123	0.03727	0.09899	0.01075	0.00651	0.00181	0.00381	0.00925	0.00595	0.00622
3	0.10068	0.00875	0.00988	0.00864	0.01103	0.00900	0.00676	0.14661	0.04631	0.04138	0.46391	0.03357	0.07039	0.01016	0.00626	0.00182	0.00373	0.00858	0.00595	0.00660
4	0.01342	0.04763	0.01698	0.01399	0.01527	0.10370	0.04188	0.02952	0.05924	0.01567	0.04027	0.04993	0.01219	0.01235	0.07927	0.00284	0.43024	0.00584	0.00322	0.00656
5	0.10849	0.01488	0.01571	0.01207	0.01668	0.01600	0.00994	0.55680	0.02324	0.03294	0.01280	0.01320	0.00932	0.00642	0.00536	0.00162	0.00589	0.00475	0.00523	0.12863
6	0.09626	0.11687	0.45854	0.01738	0.13242	0.01432	0.01737	0.01778	0.01229	0.01891	0.03979	0.01320	0.00944	0.00565	0.00520	0.00175	0.00741	0.00442	0.00280	0.00819
7	0.00726	0.00585	0.00642	0.00639	0.00806	0.00506	0.00472	0.00899	0.01381	0.01745	0.23005	0.09800	0.52044	0.03240	0.00743	0.00204	0.00298	0.01201	0.00561	0.00501
8	0.01501	0.01276	0.01346	0.01194	0.01533	0.01472	0.00934	0.08133	0.69754	0.02520	0.02298	0.02115	0.01719	0.00782	0.00591	0.00196	0.00473	0.00648	0.00591	0.00925
9	0.00726	0.00520	0.00675	0.00782	0.00826	0.00485	0.00522	0.00832	0.01135	0.01515	0.07903	0.65511	0.06632	0.07885	0.00911	0.00257	0.00349	0.01534	0.00532	0.00469
10	0.00719	0.00514	0.00687	0.00822	0.00860	0.00482	0.00558	0.00828	0.01124	0.01497	0.03199	0.75769	0.03823	0.01812	0.00745	0.00238	0.00347	0.04961	0.00540	0.00475
11	0.01166	0.03008	0.76550	0.01657	0.02517	0.01351	0.02149	0.01842	0.01228	0.01842	0.01044	0.01228	0.00737	0.00552	0.00552	0.00184	0.00859	0.00430	0.00246	0.00859
12	0.01026	0.00649	0.00832	0.00783	0.00938	0.00607	0.00581	0.01294	0.04026	0.10079	0.46992	0.12123	0.06316	0.08502	0.00892	0.00227	0.00345	0.02604	0.00604	0.00581
13	0.00847	0.00642	0.00932	0.00926	0.01012	0.00748	0.00706	0.01027	0.00930	0.01335	0.01610	0.05212	0.01578	0.11749	0.63549	0.00841	0.04849	0.00678	0.00321	0.00506
14	0.00725	0.00508	0.00669	0.00798	0.00836	0.00475	0.00534	0.00834	0.01118	0.01515	0.03147	0.75743	0.03741	0.01771	0.00727	0.00232	0.00334	0.01604	0.04214	0.00475
15	0.01272	0.01272	0.01781	0.01527	0.01527	0.01781	0.01272	0.01399	0.00891	0.01399	0.00763	0.01272	0.00763	0.01018	0.01908	0.00254	0.78499	0.00509	0.00254	0.00636
16	0.01553	0.01302	0.01375	0.01205	0.01553	0.01496	0.00946	0.12983	0.64818	0.02605	0.02231	0.02062	0.01665	0.00776	0.00590	0.00194	0.00485	0.00639	0.00590	0.00930
17	0.01536	0.01699	0.15789	0.09604	0.37856	0.06758	0.01637	0.01997	0.05759	0.09876	0.01271	0.01485	0.00968	0.00574	0.00570	0.00177	0.00721	0.00507	0.00343	0.00874
18	0.11824	0.05570	0.62076	0.01540	0.02314	0.01383	0.03866	0.01821	0.01199	0.01924	0.01008	0.01190	0.00727	0.00547	0.00525	0.00182	0.00801	0.00418	0.00262	0.00824
19	0.00714	0.00508	0.00673	0.00803	0.00836	0.00476	0.00533	0.00811	0.01104	0.01471	0.03155	0.76421	0.03783	0.04671	0.00824	0.00248	0.00346	0.01624	0.00533	0.00468
20	0.01109	0.01045	0.01764	0.75707	0.06376	0.01295	0.01621	0.01496	0.01168	0.01499	0.01036	0.01547	0.00780	0.00579	0.00581	0.00193	0.00772	0.00517	0.00259	0.00655
21	0.01312	0.01139	0.01303	0.13717	0.01837	0.01315	0.00980	0.02584	0.54556	0.02193	0.02466	0.02386	0.08465	0.00816	0.00595	0.00195	0.00493	0.00685	0.02136	0.00828
22	0.01293	0.01397	0.02787	0.10136	0.02729	0.01456	0.48329	0.01675	0.01238	0.01706	0.01159	0.04555	0.00967	0.00678	0.00937	0.01576	0.15700	0.00670	0.00292	0.00721
23	0.00724	0.00593	0.00634	0.00645	0.00820	0.00512	0.00488	0.00882	0.01321	0.01613	0.09971	0.07468	0.60128	0.04866	0.00797	0.00218	0.00326	0.06966	0.00538	0.00492
24	0.01264	0.10757	0.51654	0.01912	0.11606	0.01468	0.09736	0.01826	0.01251	0.01801	0.01039	0.01260	0.00776	0.00536	0.00551	0.00178	0.00826	0.00456	0.00256	0.00847
25	0.05565	0.01021	0.01239	0.00998	0.01348	0.01002	0.00807	0.19051	0.01881	0.32372	0.25302	0.02546	0.02582	0.00856	0.00606	0.00180	0.00457	0.00707	0.00646	0.00833
26	0.00708	0.00510	0.00671	0.00799	0.00841	0.00473	0.00535	0.00811	0.01123	0.01489	0.03331	0.75724	0.07224	0.01805	0.00740	0.00234	0.00335	0.01633	0.00540	0.00473
27	0.62537	0.01100	0.00982	0.00841	0.01219	0.01211	0.00691	0.02012	0.04090	0.18837	0.01199	0.01221	0.00854	0.00589	0.00419	0.00181	0.00460	0.00388	0.00448	0.00721
28	0.02167	0.02463	0.01654	0.01454	0.01775	0.59546	0.01114	0.13405	0.01791	0.05112	0.01033	0.01152	0.00817	0.00634	0.00584	0.00159	0.03632	0.00412	0.00360	0.00736
29	0.00699	0.00583	0.00610	0.00616	0.00796	0.00494	0.00457	0.00852	0.01334	0.01622	0.10927	0.10980	0.65079	0.01477	0.00691	0.00198	0.00296	0.01246	0.00548	0.00494
30	0.01084	0.00542	0.00542	0.00542	0.00678	0.00542	0.00407	0.01355	0.01220	0.02168	0.01897	0.02168	0.01491	0.00678	0.00407	0.00136	0.00271	0.00542	0.82791	0.00542
31	0.03382	0.07633	0.01436	0.01249	0.04691	0.33819	0.00901	0.05105	0.01374	0.01547	0.01323	0.03364	0.01296	0.19751	0.01161	0.00260	0.03453	0.03727	0.03918	0.00610
32	0.00859	0.00647	0.00812	0.00819	0.00969	0.00572	0.00589	0.01007	0.01153	0.01594	0.05857	0.40886	0.04543	0.10965	0.00951	0.00245	0.00402	0.08832	0.00480	0.17816
33	0.04944	0.01231	0.01896	0.03925	0.23528	0.01351	0.09380	0.11837	0.01362	0.01976	0.01182	0.01581	0.01000	0.01439	0.17228	0.00350	0.12334	0.00546	0.00334	0.02575
34	0.01528	0.27446	0.01965	0.03297	0.05456	0.24067	0.03846	0.01686	0.01262	0.01390	0.01190	0.05037	0.01184	0.17185	0.01006	0.00236	0.00747	0.00532	0.00302	0.00638
35	0.01253	0.00733	0.00982	0.00866	0.01074	0.00676	0.03771	0.03894	0.01417	0.17468	0.20759	0.13666	0.14158	0.08889	0.00969	0.04629	0.00416	0.00965	0.02804	0.00612
36	0.13609	0.09481	0.01494	0.01110	0.04648	0.01196	0.00878	0.11975	0.01585	0.33860	0.03724	0.01776	0.03603	0.00845	0.03950	0.00203	0.00563	0.00530	0.00539	0.04430
37	0.00973	0.02914	0.03352	0.03569	0.01181	0.02430	0.00719	0.07104	0.01299	0.01739	0.04699	0.49338	0.06882	0.01405	0.00684	0.00206	0.01464	0.01239	0.00492	0.08311

[dist]
# distance from previous block
# <min> <max>
6	14

[block]
# block no. 6 follows, 40 sequences, length 75
# corresponding to MSA columns:
# 508-582
name=unknown_G
#
# <colnr> <probs for GDERKNQSTAVLIFYWHMCP>
#	G	D	E	R	K	N	Q	S	T	A	V	L	I	F	Y	W	H	M	C	P
0	0.01505	0.04475	0.03737	0.01266	0.05006	0.19064	0.00948	0.06758	0.27302	0.01973	0.04965	0.04149	0.06644	0.08687	0.00816	0.00217	0.00628	0.00654	0.00458	0.00746
1	0.01262	0.00854	0.01032	0.03366	0.01236	0.00879	0.00741	0.12475	0.10062	0.09625	0.09232	0.28789	0.05261	0.07366	0.00849	0.00236	0.00449	0.05067	0.00556	0.00663
2	0.11496	0.07445	0.48609	0.09730	0.04719	0.01391	0.03171	0.01806	0.01206	0.03858	0.01036	0.01241	0.00755	0.00553	0.00524	0.00181	0.00771	0.00429	0.00276	0.00805
3	0.00838	0.00566	0.00636	0.00635	0.00647	0.00560	0.00361	0.00851	0.00888	0.01179	0.03862	0.03904	0.05693	0.73903	0.02795	0.00537	0.00544	0.00869	0.00368	0.00364
4	0.01446	0.04606	0.12240	0.09223	0.03849	0.12289	0.06373	0.07417	0.03634	0.01825	0.01131	0.01425	0.00911	0.00705	0.00875	0.00189	0.19987	0.00495	0.10661	0.00720
5	0.10693	0.06570	0.01750	0.04555	0.12540	0.49239	0.01178	0.03922	0.01514	0.01675	0.00930	0.01115	0.00768	0.00577	0.00509	0.00157	0.00889	0.00395	0.00307	0.00716
6	0.00846	0.00564	0.00634	0.00634	0.00634	0.00564	0.00352	0.00846	0.00846	0.01128	0.01832	0.03805	0.02114	0.79563	0.02960	0.00564	0.00564	0.00846	0.00352	0.00352
7	0.01070	0.00861	0.01067	0.00874	0.01185	0.00770	0.00679	0.01276	0.01091	0.01675	0.01321	0.04606	0.01223	0.06492	0.18294	0.02419	0.04585	0.00513	0.05038	0.44962
8	0.01100	0.01023	0.01695	0.62361	0.11269	0.01220	0.01515	0.01449	0.01182	0.01524	0.01415	0.01857	0.06583	0.00680	0.00631	0.02266	0.00722	0.00572	0.00283	0.00653
9	0.69670	0.01197	0.00999	0.00857	0.01234	0.01370	0.00706	0.12584	0.01266	0.04381	0.00930	0.01035	0.00701	0.00568	0.00398	0.00179	0.00479	0.00352	0.00401	0.00692
10	0.45134	0.01160	0.01115	0.00938	0.01318	0.01273	0.00765	0.11310	0.10160	0.16825	0.03901	0.01462	0.01132	0.00646	0.00470	0.00181	0.00478	0.00459	0.00494	0.00776
11	0.01759	0.55823	0.05650	0.01099	0.01577	0.12827	0.01043	0.01965	0.01311	0.10772	0.01017	0.01092	0.00833	0.00542	0.00429	0.00137	0.00677	0.00359	0.00315	0.00771
12	0.00709	0.00506	0.00675	0.00810	0.00843	0.00472	0.00540	0.00810	0.01113	0.01484	0.03205	0.79184	0.03846	0.01822	0.00742	0.00236	0.00337	0.01653	0.00540	0.00472
13	0.00709	0.00506	0.00675	0.00810	0.00843	0.00472	0.00540	0.00810	0.01113	0.01484	0.03205	0.79184	0.03846	0.01822	0.00742	0.00236	0.00337	0.01653	0.00540	0.00472
14	0.01758	0.01381	0.01473	0.01236	0.01618	0.01561	0.00986	0.29017	0.46475	0.04924	0.02010	0.01881	0.01478	0.00754	0.00588	0.00188	0.00527	0.00606	0.00592	0.00947
15	0.00833	0.00612	0.00880	0.00880	0.00965	0.00697	0.00659	0.01003	0.00918	0.01309	0.01608	0.02561	0.01574	0.18054	0.63731	0.00867	0.01377	0.00664	0.00319	0.00489
16	0.00709	0.00506	0.00675	0.00810	0.00843	0.00472	0.00540	0.00810	0.01113	0.01484	0.03205	0.79184	0.03846	0.01822	0.00742	0.00236	0.00337	0.01653	0.00540	0.00472
17	0.00850	0.00646	0.00951	0.00940	0.01034	0.00760	0.00726	0.01041	0.00927	0.01338	0.01542	0.02337	0.01466	0.08859	0.69587	0.00884	0.04653	0.00632	0.00312	0.00514
18	0.01314	0.01102	0.04273	0.03304	0.03396	0.01109	0.00885	0.10707	0.28549	0.05440	0.19213	0.08246	0.08059	0.00968	0.00627	0.00192	0.00451	0.00825	0.00568	0.00772
19	0.01336	0.01493	0.03126	0.04265	0.02833	0.01475	0.61711	0.01772	0.01305	0.01790	0.01180	0.03606	0.00945	0.00588	0.00825	0.00204	0.09809	0.00687	0.00295	0.00755
20	0.00713	0.00510	0.00671	0.00798	0.00834	0.00476	0.00530	0.00812	0.01109	0.01473	0.03220	0.74526	0.05555	0.04743	0.00824	0.00248	0.00345	0.01612	0.00533	0.00468
21	0.01295	0.01336	0.02571	0.28827	0.22375	0.01386	0.30168	0.01713	0.01288	0.01743	0.01106	0.01529	0.00856	0.00529	0.00621	0.00189	0.00834	0.00584	0.00280	0.00772
22	0.01131	0.28702	0.01614	0.00860	0.01130	0.03781	0.00737	0.01370	0.01474	0.01944	0.44642	0.03087	0.03591	0.00936	0.00573	0.00163	0.00431	0.02725	0.00487	0.00622
23	0.02509	0.01027	0.01360	0.01050	0.01489	0.00922	0.00864	0.07680	0.03101	0.67853	0.04329	0.02010	0.01530	0.00733	0.00588	0.00180	0.00498	0.00595	0.00706	0.00976
24	0.01600	0.74313	0.02946	0.01032	0.01515	0.07740	0.01004	0.01783	0.01215	0.01372	0.00815	0.00941	0.00746	0.00505	0.00384	0.00126	0.00653	0.00316	0.00252	0.00741
25	0.01278	0.01076	0.01244	0.00895	0.01409	0.00849	0.00719	0.06654	0.01315	0.02022	0.01060	0.01219	0.00870	0.00450	0.00441	0.00092	0.00446	0.00357	0.00362	0.77241
26	0.01728	0.00824	0.01071	0.00882	0.01202	0.00725	0.00704	0.01996	0.03374	0.39108	0.26305	0.03130	0.11243	0.00947	0.00623	0.00179	0.00397	0.00801	0.00655	0.04104
27	0.01299	0.01319	0.01775	0.04815	0.01643	0.04603	0.01281	0.01438	0.00931	0.01404	0.00780	0.01276	0.00763	0.00983	0.01799	0.00248	0.72244	0.00504	0.00256	0.00638
28	0.01242	0.00933	0.01221	0.14058	0.01636	0.01107	0.00931	0.13089	0.01341	0.01993	0.01418	0.01825	0.01167	0.01543	0.17918	0.00349	0.12843	0.00548	0.24197	0.00642
29	0.16931	0.04537	0.04148	0.01022	0.01450	0.01128	0.00873	0.07643	0.09068	0.31130	0.03090	0.01839	0.01325	0.00690	0.00528	0.00172	0.00504	0.03434	0.00542	0.09947
30	0.00743	0.00534	0.00704	0.00812	0.00871	0.00500	0.00568	0.00876	0.01190	0.01588	0.10591	0.60541	0.06830	0.03439	0.00789	0.00239	0.00352	0.07803	0.00545	0.00484
31	0.00708	0.00509	0.00672	0.00801	0.00841	0.00473	0.00536	0.00811	0.01121	0.01488	0.03306	0.76411	0.06554	0.01809	0.00740	0.00235	0.00336	0.01637	0.00540	0.00473
32	0.01489	0.01475	0.02312	0.03430	0.70934	0.06498	0.01740	0.01821	0.01346	0.01868	0.01081	0.01413	0.00910	0.00524	0.00572	0.00171	0.00715	0.00508	0.00289	0.00904
33	0.00863	0.00614	0.00764	0.00753	0.00777	0.00664	0.00489	0.00917	0.00874	0.01200	0.01746	0.05145	0.01937	0.56973	0.19044	0.00620	0.05072	0.00798	0.00343	0.00407
34	0.00709	0.00506	0.00675	0.00810	0.00843	0.00472	0.00540	0.00810	0.01113	0.01484	0.03205	0.79184	0.03846	0.01822	0.00742	0.00236	0.00337	0.01653	0.00540	0.00472
35	0.00846	0.00564	0.00634	0.00634	0.00634	0.00564	0.00352	0.00846	0.00846	0.01128	0.01832	0.03805	0.02114	0.79563	0.02960	0.00564	0.00564	0.00846	0.00352	0.00352
36	0.00793	0.00604	0.00757	0.00803	0.00900	0.00587	0.00571	0.01036	0.05669	0.01759	0.21317	0.44366	0.13490	0.01537	0.00743	0.00216	0.02409	0.01359	0.00560	0.00525
37	0.03984	0.01124	0.01906	0.51425	0.11183	0.01320	0.09029	0.01553	0.01181	0.01631	0.01067	0.01528	0.00827	0.00596	0.00662	0.00193	0.05767	0.00528	0.03811	0.00684
38	0.02138	0.01556	0.01677	0.01306	0.01755	0.01720	0.01073	0.62510	0.11205	0.06701	0.01550	0.01513	0.01101	0.00710	0.00583	0.00177	0.00612	0.00542	0.00589	0.00981
39	0.01027	0.00541	0.00607	0.00611	0.00706	0.00544	0.00435	0.01178	0.01092	0.01822	0.01769	0.04470	0.01540	0.08879	0.04271	0.13691	0.00395	0.00601	0.55347	0.00473
40	0.01280	0.02850	0.70652	0.01609	0.02436	0.01312	0.02047	0.01919	0.01262	0.07684	0.01142	0.01287	0.00792	0.00566	0.00555	0.00184	0.00831	0.00442	0.00283	0.00870
41	0.01206	0.01034	0.01206	0.00861	0.01378	0.00775	0.00689	0.01464	0.01206	0.01895	0.01034	0.01206	0.00861	0.00431	0.00431	0.00086	0.00431	0.00345	0.00345	0.83118
42	0.00831	0.00623	0.00935	0.00935	0.01038	0.00727	0.00727	0.01038	0.00935	0.01350	0.01558	0.02285	0.01454	0.04361	0.77259	0.00935	0.01558	0.00623	0.00312	0.00519
43	0.01130	0.00658	0.00717	0.00683	0.00831	0.00685	0.00511	0.08372	0.01299	0.02103	0.01858	0.05411	0.01589	0.08123	0.09244	0.00271	0.00479	0.00622	0.54850	0.00564
44	0.48703	0.01692	0.14133	0.05211	0.01648	0.11959	0.01037	0.04535	0.01213	0.03936	0.00930	0.01081	0.00704	0.00563	0.00441	0.00177	0.00630	0.00368	0.00343	0.00698
