[name]
unknown

[dist]
# distance from previous block
# <min> <max>
50	295

[block]
# block no. 0 follows, 45 sequences, length 7
# corresponding to MSA columns:
# 841-847
name=unknown_A
#
# <colnr> <probs for GDERKNQSTAVLIFYWHMCP>
#	G	D	E	R	K	N	Q	S	T	A	V	L	I	F	Y	W	H	M	C	P
0	0.08677	0.01015	0.01184	0.07827	0.01501	0.00924	0.00760	0.11588	0.01324	0.05684	0.04677	0.01316	0.01014	0.00498	0.00441	0.00115	0.00449	0.00394	0.00372	0.50240
1	0.05191	0.02608	0.05811	0.07928	0.01465	0.00946	0.03860	0.09778	0.09672	0.10030	0.16530	0.14750	0.07371	0.00919	0.00575	0.00178	0.00455	0.00792	0.00481	0.00659
2	0.04438	0.08196	0.30775	0.04475	0.07696	0.04771	0.05614	0.12724	0.01342	0.01862	0.01311	0.04688	0.04392	0.04677	0.00628	0.00183	0.00674	0.00516	0.00314	0.00727
3	0.01605	0.15315	0.04955	0.07491	0.09549	0.05048	0.07633	0.31016	0.01692	0.02235	0.01049	0.01212	0.00811	0.00569	0.00568	0.00157	0.04827	0.00446	0.00364	0.03460
4	0.01393	0.14590	0.04832	0.08258	0.06261	0.07396	0.32670	0.08930	0.01338	0.01738	0.00995	0.01259	0.00780	0.00502	0.00570	0.00160	0.03064	0.00493	0.00288	0.04483
5	0.01093	0.15186	0.01154	0.00816	0.00990	0.00872	0.00626	0.04981	0.01131	0.10298	0.02104	0.37589	0.02276	0.11318	0.06832	0.00277	0.00502	0.00970	0.00434	0.00551
6	0.01447	0.05334	0.16964	0.04876	0.01740	0.01332	0.04926	0.32367	0.05657	0.02304	0.01574	0.01798	0.06831	0.07723	0.02573	0.00213	0.00633	0.00548	0.00406	0.00754

[dist]
# distance from previous block
# <min> <max>
37	86

[block]
# block no. 1 follows, 45 sequences, length 149
# corresponding to MSA columns:
# 962-1110
name=unknown_B
#
# <colnr> <probs for GDERKNQSTAVLIFYWHMCP>
#	G	D	E	R	K	N	Q	S	T	A	V	L	I	F	Y	W	H	M	C	P
0	0.13044	0.12085	0.17482	0.01094	0.01533	0.01333	0.01069	0.16987	0.02811	0.11399	0.08155	0.01460	0.01219	0.00630	0.00559	0.00162	0.05436	0.00462	0.00400	0.02682
1	0.01318	0.01199	0.07711	0.11725	0.03386	0.02851	0.00972	0.22331	0.02937	0.03925	0.12297	0.06888	0.03227	0.02794	0.00593	0.00166	0.00523	0.00606	0.00426	0.14127
2	0.04251	0.01107	0.02604	0.11916	0.05070	0.05905	0.00913	0.17978	0.03221	0.10216	0.06943	0.09338	0.02853	0.04031	0.00670	0.02348	0.00533	0.01914	0.00433	0.07756
3	0.01424	0.01122	0.01319	0.14246	0.01744	0.06610	0.03625	0.20578	0.06908	0.08332	0.01814	0.10282	0.07525	0.02216	0.00660	0.03913	0.00552	0.00650	0.00432	0.06049
4	0.04084	0.01596	0.19034	0.27687	0.05442	0.09431	0.09343	0.04667	0.02893	0.03174	0.01016	0.01323	0.00773	0.00625	0.00639	0.06141	0.00732	0.00459	0.00275	0.00666
5	0.01216	0.02618	0.06152	0.13601	0.06361	0.02872	0.02830	0.17831	0.01372	0.01837	0.03260	0.02112	0.07560	0.14844	0.06778	0.00279	0.03666	0.00590	0.00358	0.03861
6	0.04394	0.06503	0.43662	0.06395	0.07639	0.05593	0.01558	0.07652	0.01293	0.01840	0.07557	0.01393	0.01089	0.00570	0.00509	0.00164	0.00697	0.00451	0.00294	0.00747
7	0.04212	0.04138	0.62388	0.01495	0.04688	0.01232	0.03206	0.01621	0.01125	0.01690	0.01220	0.01379	0.05405	0.00573	0.00553	0.00171	0.03452	0.00445	0.00250	0.00756
8	0.01231	0.00987	0.01224	0.01147	0.05853	0.01148	0.00827	0.18736	0.06701	0.01797	0.01353	0.02091	0.01284	0.25565	0.10706	0.00370	0.17422	0.00590	0.00364	0.00606
9	0.01277	0.06119	0.01968	0.17306	0.47822	0.01321	0.01455	0.01770	0.12327	0.01724	0.01156	0.01419	0.00931	0.00525	0.00523	0.00164	0.00617	0.00485	0.00300	0.00792
10	0.01220	0.00826	0.01134	0.08684	0.08457	0.00886	0.00805	0.17916	0.01208	0.01622	0.01075	0.03219	0.00963	0.01363	0.02726	0.46051	0.00548	0.00497	0.00312	0.00489
11	0.01288	0.01593	0.15239	0.07341	0.02669	0.01298	0.52420	0.01740	0.01240	0.06472	0.01114	0.01413	0.00816	0.00491	0.00624	0.00179	0.02468	0.00575	0.00286	0.00736
12	0.01000	0.00942	0.01605	0.72067	0.03482	0.01151	0.04135	0.01345	0.01078	0.01384	0.01084	0.06402	0.00897	0.00605	0.00549	0.00181	0.00697	0.00548	0.00256	0.00591
13	0.00737	0.00543	0.00689	0.00663	0.00790	0.00495	0.00493	0.00965	0.01451	0.02013	0.63536	0.08873	0.14421	0.01167	0.00636	0.00173	0.00259	0.01026	0.00573	0.00495
14	0.04078	0.05768	0.50451	0.01481	0.06679	0.01203	0.03214	0.01853	0.02830	0.14330	0.02445	0.01312	0.00891	0.00544	0.00508	0.00167	0.00692	0.00436	0.00319	0.00800
15	0.01242	0.01323	0.06753	0.23083	0.47404	0.02985	0.06261	0.01594	0.01187	0.01639	0.00993	0.01343	0.00799	0.00496	0.00537	0.00166	0.00692	0.00480	0.00257	0.00767
16	0.00663	0.00481	0.00615	0.00713	0.00762	0.00445	0.00478	0.00761	0.01050	0.01385	0.05663	0.65369	0.11311	0.06605	0.00806	0.00231	0.00318	0.01419	0.00491	0.00433
17	0.00909	0.00649	0.00894	0.25398	0.01635	0.00708	0.00758	0.01169	0.01162	0.01722	0.12545	0.10324	0.07409	0.00824	0.00512	0.00162	0.00404	0.00709	0.31587	0.00521
18	0.03618	0.03455	0.07755	0.03861	0.01665	0.25370	0.01034	0.19056	0.05794	0.19280	0.01414	0.01411	0.02645	0.00619	0.00513	0.00157	0.00678	0.00459	0.00438	0.00777
19	0.01044	0.09901	0.47873	0.14047	0.02242	0.01213	0.01596	0.01507	0.01105	0.01559	0.01213	0.12042	0.01079	0.00669	0.00522	0.00173	0.00693	0.00553	0.00266	0.00702
20	0.00822	0.00563	0.00738	0.00686	0.00824	0.00517	0.00517	0.01074	0.01520	0.05036	0.74644	0.03927	0.04923	0.01081	0.00630	0.00169	0.00261	0.00954	0.00594	0.00522
21	0.01111	0.01176	0.06559	0.51260	0.21867	0.01227	0.06217	0.01482	0.01126	0.01508	0.00977	0.01389	0.00753	0.00515	0.00540	0.00174	0.00713	0.00482	0.00247	0.00679
22	0.01314	0.09085	0.51931	0.01399	0.02059	0.01225	0.06168	0.01804	0.01206	0.13734	0.02558	0.03073	0.00935	0.00563	0.00514	0.00166	0.00708	0.00460	0.00311	0.00786
23	0.06124	0.00616	0.00683	0.00658	0.00713	0.00643	0.00415	0.05460	0.00908	0.01294	0.01620	0.05021	0.01795	0.63317	0.08188	0.00495	0.00583	0.00735	0.00340	0.00392
24	0.79697	0.06075	0.00916	0.00719	0.01059	0.01262	0.00602	0.01580	0.00925	0.02337	0.00747	0.00871	0.00588	0.00496	0.00333	0.00163	0.00425	0.00290	0.00326	0.00588
25	0.06573	0.13315	0.35178	0.01317	0.03273	0.06661	0.04812	0.04694	0.01261	0.07597	0.07603	0.01393	0.01122	0.00579	0.00521	0.00161	0.02437	0.00449	0.00317	0.00736
26	0.18206	0.22152	0.32316	0.05975	0.01820	0.01414	0.02755	0.01589	0.01101	0.01742	0.05660	0.01216	0.00942	0.00532	0.00443	0.00156	0.00624	0.00393	0.00273	0.00692
27	0.00774	0.00630	0.00695	0.00709	0.00880	0.00597	0.00552	0.01096	0.10574	0.01558	0.04264	0.07686	0.47362	0.04859	0.00740	0.00211	0.00347	0.15464	0.00496	0.00504
28	0.00650	0.00544	0.00565	0.00560	0.00735	0.00460	0.00420	0.00800	0.01260	0.01537	0.14375	0.05023	0.68577	0.01327	0.00634	0.00180	0.00270	0.01113	0.00510	0.00460
29	0.01455	0.67063	0.02542	0.00966	0.01396	0.06347	0.00917	0.01792	0.10507	0.01388	0.00929	0.01009	0.00807	0.00498	0.00377	0.00124	0.00578	0.00330	0.00272	0.00705
30	0.01088	0.03638	0.00885	0.00754	0.00930	0.00641	0.00576	0.01269	0.01250	0.16548	0.25766	0.08981	0.10970	0.09563	0.14384	0.00327	0.00543	0.00833	0.00496	0.00559
31	0.08401	0.31976	0.15889	0.01183	0.01638	0.20442	0.03645	0.01810	0.01216	0.06184	0.00901	0.01024	0.00723	0.00518	0.00461	0.00143	0.02519	0.00353	0.00277	0.00695
32	0.01228	0.15389	0.60730	0.01391	0.02104	0.01357	0.01727	0.01749	0.01155	0.06974	0.01009	0.01138	0.00727	0.00513	0.00485	0.00161	0.00734	0.00389	0.00258	0.00785
33	0.00650	0.00482	0.00607	0.00708	0.00768	0.00439	0.00481	0.00752	0.01066	0.01386	0.03444	0.65979	0.18043	0.01619	0.00675	0.00211	0.00304	0.01449	0.00498	0.00439
34	0.02130	0.00880	0.01182	0.00961	0.02998	0.00771	0.00763	0.03752	0.01519	0.64088	0.06262	0.02223	0.08471	0.00746	0.00553	0.00167	0.00436	0.00614	0.00634	0.00849
35	0.28058	0.10408	0.01488	0.01033	0.01435	0.01572	0.00871	0.44155	0.01855	0.02836	0.01057	0.01109	0.00783	0.00577	0.00451	0.00157	0.00534	0.00400	0.00438	0.00783
36	0.00663	0.00535	0.00589	0.00596	0.00747	0.00462	0.00439	0.00817	0.01260	0.01584	0.19913	0.14307	0.53516	0.01346	0.00640	0.00183	0.00273	0.01148	0.00517	0.00462
37	0.00767	0.00575	0.00863	0.00863	0.00959	0.00671	0.00671	0.00959	0.00863	0.01246	0.01438	0.02109	0.01342	0.04026	0.79008	0.00863	0.01438	0.00575	0.00288	0.00479
38	0.01469	0.64613	0.07343	0.00998	0.01466	0.05332	0.00990	0.06571	0.02540	0.01461	0.00829	0.00937	0.00722	0.00482	0.00378	0.00123	0.00599	0.00316	0.00259	0.02572
39	0.00781	0.00520	0.00585	0.00585	0.00585	0.00520	0.00325	0.00781	0.00781	0.01041	0.01691	0.03513	0.01952	0.81135	0.02732	0.00520	0.00520	0.00781	0.00325	0.00325
40	0.01053	0.00954	0.01412	0.48362	0.02731	0.01003	0.01150	0.01364	0.01089	0.01522	0.00954	0.01304	0.00747	0.00481	0.00481	0.00139	0.00589	0.00414	0.00270	0.33979
41	0.00656	0.00538	0.00555	0.00559	0.00711	0.00462	0.00403	0.00776	0.01168	0.01411	0.06365	0.07496	0.64201	0.11259	0.00896	0.00224	0.00304	0.01099	0.00479	0.00438
42	0.01435	0.81458	0.02813	0.00918	0.01378	0.02124	0.00918	0.01607	0.01091	0.01263	0.00746	0.00861	0.00689	0.00459	0.00344	0.00115	0.00574	0.00287	0.00230	0.00689
43	0.01321	0.01268	0.02166	0.05057	0.76081	0.01274	0.01644	0.01641	0.01219	0.01745	0.01008	0.01331	0.00847	0.00480	0.00532	0.00160	0.00639	0.00478	0.00265	0.00844
44	0.00781	0.00520	0.00585	0.00585	0.00585	0.00520	0.00325	0.00781	0.00781	0.01041	0.01691	0.03513	0.01952	0.81135	0.02732	0.00520	0.00520	0.00781	0.00325	0.00325
45	0.01267	0.01448	0.03167	0.02262	0.02805	0.01357	0.75837	0.01719	0.01267	0.01719	0.01086	0.01448	0.00814	0.00452	0.00633	0.00181	0.00905	0.00633	0.00271	0.00724
46	0.01017	0.00943	0.01569	0.74828	0.03522	0.01178	0.01440	0.01365	0.01069	0.01393	0.00978	0.01446	0.00740	0.00550	0.00562	0.00178	0.02730	0.00478	0.03420	0.00592
47	0.00764	0.00570	0.00792	0.00855	0.00939	0.00548	0.03392	0.03895	0.01133	0.01502	0.02867	0.61517	0.05179	0.01556	0.00684	0.00218	0.00371	0.12252	0.00491	0.00475
48	0.02320	0.01055	0.01333	0.01022	0.01441	0.00999	0.00844	0.20235	0.01773	0.60205	0.01919	0.01698	0.01229	0.00660	0.00539	0.00165	0.00489	0.00526	0.00634	0.00913
49	0.00638	0.00544	0.00548	0.00547	0.00727	0.00455	0.00410	0.00777	0.01231	0.01468	0.07282	0.05136	0.75714	0.01353	0.00634	0.00181	0.00271	0.01129	0.00501	0.00455
50	0.01207	0.06864	0.27436	0.01958	0.05862	0.01349	0.42470	0.01685	0.01206	0.01679	0.01057	0.02798	0.00816	0.00496	0.00572	0.00173	0.00825	0.00545	0.00258	0.00744
51	0.12642	0.00929	0.01189	0.00924	0.01329	0.00840	0.00763	0.02487	0.01459	0.68764	0.01948	0.01709	0.01236	0.00644	0.00514	0.00166	0.00452	0.00509	0.00623	0.00872
52	0.00781	0.00520	0.00585	0.00585	0.00585	0.00520	0.00325	0.00781	0.00781	0.01041	0.01691	0.03513	0.01952	0.81135	0.02732	0.00520	0.00520	0.00781	0.00325	0.00325
53	0.00657	0.00468	0.00622	0.00744	0.00774	0.00438	0.00494	0.00748	0.01022	0.01363	0.02929	0.79001	0.03513	0.03516	0.00732	0.00225	0.00316	0.01509	0.00494	0.00433
54	0.01090	0.01045	0.01704	0.65082	0.16191	0.02997	0.01507	0.01436	0.01109	0.01435	0.00961	0.01403	0.00738	0.00527	0.00535	0.00175	0.00708	0.00474	0.00244	0.00640
55	0.84927	0.01038	0.00789	0.00706	0.01038	0.01204	0.00581	0.01578	0.00914	0.02408	0.00747	0.00872	0.00581	0.00498	0.00332	0.00166	0.00415	0.00291	0.00332	0.00581
56	0.02029	0.01461	0.01573	0.01209	0.01631	0.01608	0.00998	0.71805	0.02458	0.05882	0.01327	0.01323	0.00938	0.00645	0.00533	0.00160	0.00578	0.00486	0.02452	0.00903
57	0.02041	0.01504	0.01611	0.01235	0.01665	0.01665	0.01020	0.75997	0.02524	0.03383	0.01289	0.01289	0.00913	0.00644	0.00537	0.00161	0.00591	0.00483	0.00537	0.00913
58	0.00750	0.00544	0.00707	0.00676	0.00799	0.00501	0.00503	0.00990	0.01482	0.02087	0.71084	0.08752	0.06827	0.01140	0.00636	0.00172	0.00257	0.01009	0.00583	0.00501
59	0.00760	0.00549	0.00718	0.00675	0.00802	0.00506	0.00506	0.01013	0.01519	0.02153	0.77503	0.04010	0.05065	0.01097	0.00633	0.00169	0.00253	0.00971	0.00591	0.00506
60	0.00760	0.00549	0.00718	0.00675	0.00802	0.00506	0.00506	0.01013	0.01519	0.02153	0.77503	0.04010	0.05065	0.01097	0.00633	0.00169	0.00253	0.00971	0.00591	0.00506
61	0.01912	0.01379	0.01473	0.01144	0.01536	0.01520	0.00940	0.66727	0.02350	0.03212	0.01346	0.01377	0.00970	0.00642	0.00517	0.00157	0.00548	0.00485	0.10902	0.00862
62	0.02408	0.00914	0.01246	0.00955	0.01370	0.00789	0.00789	0.02616	0.01536	0.78158	0.02118	0.01827	0.01329	0.00664	0.00540	0.00166	0.00457	0.00540	0.00664	0.00914
63	0.01113	0.00954	0.01113	0.00795	0.01272	0.00716	0.00636	0.01352	0.01113	0.01749	0.00954	0.01113	0.00795	0.00398	0.00398	0.00080	0.00398	0.00318	0.00318	0.84417
64	0.01335	0.01153	0.01214	0.01092	0.01396	0.01335	0.00850	0.02852	0.76817	0.02245	0.02185	0.02003	0.01639	0.00728	0.00546	0.00182	0.00425	0.00607	0.00546	0.00850
65	0.02041	0.01504	0.01611	0.01235	0.01665	0.01665	0.01020	0.75997	0.02524	0.03383	0.01289	0.01289	0.00913	0.00644	0.00537	0.00161	0.00591	0.00483	0.00537	0.00913
66	0.02049	0.01490	0.01603	0.01229	0.01658	0.01645	0.01015	0.74316	0.02501	0.05096	0.01308	0.01301	0.00922	0.00645	0.00537	0.00161	0.00588	0.00485	0.00540	0.00913
67	0.84927	0.01038	0.00789	0.00706	0.01038	0.01204	0.00581	0.01578	0.00914	0.02408	0.00747	0.00872	0.00581	0.00498	0.00332	0.00166	0.00415	0.00291	0.00332	0.00581
68	0.01329	0.01275	0.02179	0.03295	0.77787	0.01275	0.01647	0.01647	0.01222	0.01754	0.01010	0.01329	0.00850	0.00478	0.00531	0.00159	0.00638	0.00478	0.00266	0.00850
69	0.01335	0.01153	0.01214	0.01092	0.01396	0.01335	0.00850	0.02852	0.76817	0.02245	0.02185	0.02003	0.01639	0.00728	0.00546	0.00182	0.00425	0.00607	0.00546	0.00850
70	0.00654	0.00467	0.00623	0.00747	0.00779	0.00436	0.00498	0.00747	0.01028	0.01370	0.02959	0.80785	0.03550	0.01682	0.00685	0.00218	0.00311	0.01526	0.00498	0.00436
71	0.00642	0.00544	0.00554	0.00552	0.00730	0.00456	0.00414	0.00785	0.01242	0.01493	0.09862	0.05095	0.73118	0.01343	0.00634	0.00180	0.00271	0.01123	0.00504	0.00456
72	0.02408	0.00914	0.01246	0.00955	0.01370	0.00789	0.00789	0.02616	0.01536	0.78158	0.02118	0.01827	0.01329	0.00664	0.00540	0.00166	0.00457	0.00540	0.00664	0.00914
73	0.01077	0.02777	0.78354	0.01530	0.02323	0.01247	0.01983	0.01700	0.01133	0.01700	0.00963	0.01133	0.00680	0.00510	0.00510	0.00170	0.00793	0.00397	0.00227	0.00793
74	0.02408	0.00914	0.01246	0.00955	0.01370	0.00789	0.00789	0.02616	0.01536	0.78158	0.02118	0.01827	0.01329	0.00664	0.00540	0.00166	0.00457	0.00540	0.00664	0.00914
75	0.02396	0.00934	0.01258	0.00965	0.01380	0.00819	0.00797	0.05124	0.01570	0.75602	0.02089	0.01809	0.01315	0.00664	0.00540	0.00166	0.00461	0.00538	0.00660	0.00914
76	0.02408	0.00914	0.01246	0.00955	0.01370	0.00789	0.00789	0.02616	0.01536	0.78158	0.02118	0.01827	0.01329	0.00664	0.00540	0.00166	0.00457	0.00540	0.00664	0.00914
77	0.00910	0.00600	0.00777	0.00724	0.00878	0.00561	0.00552	0.01200	0.04345	0.08132	0.62246	0.06450	0.05868	0.01087	0.00628	0.00174	0.00286	0.03447	0.00587	0.00548
78	0.02401	0.00925	0.01253	0.00960	0.01376	0.00806	0.00793	0.04036	0.01555	0.76712	0.02102	0.01817	0.01321	0.00664	0.00540	0.00166	0.00459	0.00539	0.00662	0.00914
79	0.01335	0.01153	0.01214	0.01092	0.01396	0.01335	0.00850	0.02852	0.76817	0.02245	0.02185	0.02003	0.01639	0.00728	0.00546	0.00182	0.00425	0.00607	0.00546	0.00850
80	0.00745	0.00543	0.00701	0.00672	0.00796	0.00499	0.00500	0.00981	0.01470	0.02060	0.68411	0.08890	0.09421	0.01150	0.00636	0.00173	0.00258	0.01016	0.00579	0.00499
81	0.02361	0.00933	0.01251	0.00965	0.01376	0.00825	0.00795	0.03911	0.04410	0.73968	0.02106	0.01824	0.01333	0.00666	0.00540	0.00167	0.00458	0.00541	0.00658	0.00911
82	0.01095	0.01037	0.01757	0.60082	0.22825	0.01214	0.01531	0.01443	0.01112	0.01470	0.00968	0.01405	0.00750	0.00522	0.00535	0.00174	0.00695	0.00477	0.00246	0.00662
83	0.77598	0.01049	0.00908	0.04267	0.02771	0.01209	0.02380	0.01574	0.00935	0.02334	0.00770	0.00919	0.00598	0.00499	0.00352	0.00167	0.00444	0.00311	0.00325	0.00591
84	0.01088	0.01014	0.01688	0.64104	0.15498	0.01208	0.01493	0.03333	0.01138	0.01489	0.01006	0.01494	0.00785	0.00547	0.00540	0.00177	0.00696	0.01805	0.00255	0.00643
85	0.01014	0.00954	0.01610	0.79845	0.03697	0.01193	0.01491	0.01371	0.01073	0.01371	0.00954	0.01431	0.00716	0.00537	0.00537	0.00179	0.00716	0.00477	0.00239	0.00596
86	0.00664	0.00489	0.00625	0.00730	0.00791	0.00450	0.00507	0.00774	0.01072	0.01398	0.03344	0.64113	0.15259	0.01618	0.00681	0.00214	0.00317	0.06014	0.00498	0.00442
87	0.00776	0.00518	0.00587	0.00592	0.00593	0.00517	0.00332	0.00779	0.00790	0.01053	0.01739	0.06444	0.02012	0.78121	0.02654	0.00509	0.00512	0.00809	0.00332	0.00329
88	0.00767	0.00575	0.00863	0.00863	0.00959	0.00671	0.00671	0.00959	0.00863	0.01246	0.01438	0.02109	0.01342	0.04026	0.79008	0.00863	0.01438	0.00575	0.00288	0.00479
89	0.01335	0.01153	0.01214	0.01092	0.01396	0.01335	0.00850	0.02852	0.76817	0.02245	0.02185	0.02003	0.01639	0.00728	0.00546	0.00182	0.00425	0.00607	0.00546	0.00850
90	0.01335	0.01153	0.01214	0.01092	0.01396	0.01335	0.00850	0.02852	0.76817	0.02245	0.02185	0.02003	0.01639	0.00728	0.00546	0.00182	0.00425	0.00607	0.00546	0.00850
91	0.01113	0.00954	0.01113	0.00795	0.01272	0.00716	0.00636	0.01352	0.01113	0.01749	0.00954	0.01113	0.00795	0.00398	0.00398	0.00080	0.00398	0.00318	0.00318	0.84417
92	0.00654	0.00467	0.00623	0.00747	0.00779	0.00436	0.00498	0.00747	0.01028	0.01370	0.02959	0.80785	0.03550	0.01682	0.00685	0.00218	0.00311	0.01526	0.00498	0.00436
93	0.01329	0.01275	0.02179	0.03295	0.77787	0.01275	0.01647	0.01647	0.01222	0.01754	0.01010	0.01329	0.00850	0.00478	0.00531	0.00159	0.00638	0.00478	0.00266	0.00850
94	0.02408	0.00914	0.01246	0.00955	0.01370	0.00789	0.00789	0.02616	0.01536	0.78158	0.02118	0.01827	0.01329	0.00664	0.00540	0.00166	0.00457	0.00540	0.00664	0.00914
95	0.00654	0.00467	0.00623	0.00747	0.00779	0.00436	0.00498	0.00747	0.01028	0.01370	0.02959	0.80785	0.03550	0.01682	0.00685	0.00218	0.00311	0.01526	0.00498	0.00436
96	0.02041	0.01504	0.01611	0.01235	0.01665	0.01665	0.01020	0.75997	0.02524	0.03383	0.01289	0.01289	0.00913	0.00644	0.00537	0.00161	0.00591	0.00483	0.00537	0.00913
97	0.02005	0.02558	0.01521	0.01383	0.01659	0.78980	0.01037	0.02143	0.01521	0.01314	0.00830	0.00968	0.00691	0.00553	0.00484	0.00138	0.00968	0.00346	0.00277	0.00622
98	0.01267	0.01448	0.03167	0.02262	0.02805	0.01357	0.75837	0.01719	0.01267	0.01719	0.01086	0.01448	0.00814	0.00452	0.00633	0.00181	0.00905	0.00633	0.00271	0.00724
99	0.01329	0.01275	0.02179	0.03295	0.77787	0.01275	0.01647	0.01647	0.01222	0.01754	0.01010	0.01329	0.00850	0.00478	0.00531	0.00159	0.00638	0.00478	0.00266	0.00850
100	0.00764	0.00518	0.00610	0.00625	0.00636	0.00521	0.00371	0.00789	0.00817	0.01096	0.01830	0.12996	0.02106	0.65777	0.07923	0.00507	0.00560	0.00858	0.00344	0.00350
101	0.01014	0.00954	0.01610	0.79845	0.03697	0.01193	0.01491	0.01371	0.01073	0.01371	0.00954	0.01431	0.00716	0.00537	0.00537	0.00179	0.00716	0.00477	0.00239	0.00596
102	0.01203	0.28271	0.50011	0.01368	0.02040	0.01537	0.05371	0.01671	0.01126	0.01559	0.00899	0.01061	0.00690	0.00491	0.00462	0.00153	0.00728	0.00373	0.00230	0.00756
103	0.00781	0.00520	0.00585	0.00585	0.00585	0.00520	0.00325	0.00781	0.00781	0.01041	0.01691	0.03513	0.01952	0.81135	0.02732	0.00520	0.00520	0.00781	0.00325	0.00325
104	0.01018	0.00901	0.01477	0.68239	0.04638	0.01105	0.01350	0.01361	0.01083	0.01460	0.01058	0.01503	0.00803	0.00547	0.00516	0.00172	0.00654	0.00480	0.11047	0.00589
105	0.01225	0.09937	0.50856	0.06913	0.09566	0.07688	0.01720	0.03143	0.01193	0.01643	0.00942	0.01136	0.00705	0.00510	0.00497	0.00162	0.00763	0.00397	0.00242	0.00764
106	0.01356	0.01062	0.01156	0.01044	0.01327	0.01193	0.00807	0.05074	0.59161	0.07940	0.02245	0.11736	0.01827	0.00839	0.00563	0.00185	0.00419	0.00712	0.00549	0.00805
107	0.00781	0.00520	0.00585	0.00585	0.00585	0.00520	0.00325	0.00781	0.00781	0.01041	0.01691	0.03513	0.01952	0.81135	0.02732	0.00520	0.00520	0.00781	0.00325	0.00325
108	0.84927	0.01038	0.00789	0.00706	0.01038	0.01204	0.00581	0.01578	0.00914	0.02408	0.00747	0.00872	0.00581	0.00498	0.00332	0.00166	0.00415	0.00291	0.00332	0.00581
109	0.01255	0.41921	0.40772	0.01226	0.01853	0.01683	0.01454	0.01654	0.01112	0.01483	0.00855	0.00998	0.00684	0.00485	0.00428	0.00143	0.00684	0.00342	0.00228	0.00741
110	0.03579	0.16786	0.08265	0.02838	0.01656	0.14864	0.01098	0.29552	0.01678	0.03784	0.01011	0.01132	0.00786	0.00612	0.00629	0.00159	0.10037	0.00411	0.00365	0.00759
111	0.01880	0.02315	0.01478	0.04020	0.01677	0.67519	0.01025	0.04830	0.01495	0.01389	0.00897	0.01082	0.00749	0.00816	0.06373	0.00195	0.00980	0.00373	0.00286	0.00622
112	0.00760	0.00549	0.00718	0.00675	0.00802	0.00506	0.00506	0.01013	0.01519	0.02153	0.77503	0.04010	0.05065	0.01097	0.00633	0.00169	0.00253	0.00971	0.00591	0.00506
113	0.84927	0.01038	0.00789	0.00706	0.01038	0.01204	0.00581	0.01578	0.00914	0.02408	0.00747	0.00872	0.00581	0.00498	0.00332	0.00166	0.00415	0.00291	0.00332	0.00581
114	0.00654	0.00467	0.00623	0.00747	0.00779	0.00436	0.00498	0.00747	0.01028	0.01370	0.02959	0.80785	0.03550	0.01682	0.00685	0.00218	0.00311	0.01526	0.00498	0.00436
115	0.00660	0.00472	0.00629	0.00743	0.00780	0.00440	0.00499	0.00764	0.01058	0.01418	0.07534	0.76072	0.03643	0.01646	0.00682	0.00215	0.00308	0.01492	0.00504	0.00440
116	0.01335	0.01153	0.01214	0.01092	0.01396	0.01335	0.00850	0.02852	0.76817	0.02245	0.02185	0.02003	0.01639	0.00728	0.00546	0.00182	0.00425	0.00607	0.00546	0.00850
117	0.84927	0.01038	0.00789	0.00706	0.01038	0.01204	0.00581	0.01578	0.00914	0.02408	0.00747	0.00872	0.00581	0.00498	0.00332	0.00166	0.00415	0.00291	0.00332	0.00581
118	0.01435	0.81458	0.02813	0.00918	0.01378	0.02124	0.00918	0.01607	0.01091	0.01263	0.00746	0.00861	0.00689	0.00459	0.00344	0.00115	0.00574	0.00287	0.00230	0.00689
119	0.02086	0.01430	0.01566	0.01200	0.01628	0.01556	0.00992	0.66896	0.02401	0.12657	0.01392	0.01356	0.00964	0.00647	0.00537	0.00162	0.00574	0.00490	0.00553	0.00913
120	0.02302	0.00913	0.01228	0.00949	0.01348	0.00803	0.00781	0.05033	0.01569	0.71270	0.06386	0.01933	0.01528	0.00688	0.00545	0.00166	0.00450	0.00562	0.00656	0.00890
121	0.00709	0.00547	0.00647	0.00622	0.00771	0.00485	0.00466	0.00914	0.01399	0.01866	0.48118	0.04481	0.34629	0.01204	0.00634	0.00174	0.00261	0.01037	0.00553	0.00485
122	0.02005	0.02558	0.01521	0.01383	0.01659	0.78980	0.01037	0.02143	0.01521	0.01314	0.00830	0.00968	0.00691	0.00553	0.00484	0.00138	0.00968	0.00346	0.00277	0.00622
123	0.01225	0.01170	0.01993	0.28352	0.53535	0.01248	0.01596	0.01557	0.01174	0.01629	0.00991	0.01362	0.00806	0.00497	0.00533	0.00166	0.00663	0.00478	0.00257	0.00767
124	0.01384	0.70293	0.13533	0.01005	0.01512	0.01999	0.01070	0.01620	0.01097	0.01325	0.00777	0.00900	0.00688	0.00466	0.00368	0.00123	0.00605	0.00303	0.00229	0.00704
125	0.02394	0.00936	0.01260	0.00966	0.01381	0.00822	0.00798	0.05400	0.01574	0.75322	0.02086	0.01807	0.01313	0.00664	0.00540	0.00166	0.00462	0.00538	0.00660	0.00914
126	0.01252	0.01325	0.02608	0.03627	0.02434	0.01217	0.54349	0.04166	0.01270	0.01775	0.01060	0.01365	0.00811	0.00448	0.00574	0.00157	0.00773	0.00552	0.00291	0.19944
127	0.00687	0.00546	0.00616	0.00598	0.00757	0.00475	0.00449	0.00871	0.01347	0.01742	0.35407	0.04685	0.47418	0.01250	0.00634	0.00176	0.00264	0.01065	0.00537	0.00475
128	0.00665	0.00478	0.00630	0.00733	0.00779	0.00444	0.00496	0.00776	0.01086	0.01456	0.10927	0.70106	0.06215	0.01609	0.00678	0.00212	0.00304	0.01454	0.00508	0.00444
129	0.00651	0.00544	0.00567	0.00561	0.00735	0.00460	0.00421	0.00802	0.01263	0.01543	0.14969	0.05013	0.67979	0.01325	0.00634	0.00180	0.00269	0.01111	0.00511	0.00460
130	0.00854	0.00610	0.00853	0.00976	0.01095	0.00609	0.00846	0.01094	0.01225	0.01594	0.02848	0.09833	0.03113	0.01493	0.00739	0.00246	0.00485	0.70501	0.00494	0.00491
131	0.01335	0.01153	0.01214	0.01092	0.01396	0.01335	0.00850	0.02852	0.76817	0.02245	0.02185	0.02003	0.01639	0.00728	0.00546	0.00182	0.00425	0.00607	0.00546	0.00850
132	0.01335	0.01153	0.01214	0.01092	0.01396	0.01335	0.00850	0.02852	0.76817	0.02245	0.02185	0.02003	0.01639	0.00728	0.00546	0.00182	0.00425	0.00607	0.00546	0.00850
133	0.01077	0.02777	0.78354	0.01530	0.02323	0.01247	0.01983	0.01700	0.01133	0.01700	0.00963	0.01133	0.00680	0.00510	0.00510	0.00170	0.00793	0.00397	0.00227	0.00793
134	0.00634	0.00544	0.00544	0.00544	0.00725	0.00453	0.00408	0.00770	0.01224	0.01450	0.05438	0.05166	0.77569	0.01359	0.00634	0.00181	0.00272	0.01133	0.00498	0.00453
135	0.00654	0.00467	0.00623	0.00747	0.00779	0.00436	0.00498	0.00747	0.01028	0.01370	0.02959	0.80785	0.03550	0.01682	0.00685	0.00218	0.00311	0.01526	0.00498	0.00436
136	0.01014	0.00954	0.01610	0.79845	0.03697	0.01193	0.01491	0.01371	0.01073	0.01371	0.00954	0.01431	0.00716	0.00537	0.00537	0.00179	0.00716	0.00477	0.00239	0.00596
137	0.02005	0.02558	0.01521	0.01383	0.01659	0.78980	0.01037	0.02143	0.01521	0.01314	0.00830	0.00968	0.00691	0.00553	0.00484	0.00138	0.00968	0.00346	0.00277	0.00622
138	0.00865	0.00618	0.00865	0.00989	0.01112	0.00618	0.00865	0.01112	0.01236	0.01606	0.02842	0.06055	0.03089	0.01483	0.00741	0.00247	0.00494	0.74174	0.00494	0.00494
139	0.00661	0.00472	0.00631	0.00756	0.00790	0.00442	0.00511	0.00760	0.01035	0.01378	0.02955	0.78230	0.03535	0.01675	0.00687	0.00219	0.00318	0.04009	0.00498	0.00438
140	0.00767	0.00575	0.00863	0.00863	0.00959	0.00671	0.00671	0.00959	0.00863	0.01246	0.01438	0.02109	0.01342	0.04026	0.79008	0.00863	0.01438	0.00575	0.00288	0.00479
141	0.01306	0.01500	0.03063	0.02240	0.04357	0.05280	0.70463	0.01739	0.01279	0.01700	0.01071	0.01421	0.00809	0.00458	0.00624	0.00178	0.00902	0.00616	0.00272	0.00722
142	0.02041	0.01504	0.01611	0.01235	0.01665	0.01665	0.01020	0.75997	0.02524	0.03383	0.01289	0.01289	0.00913	0.00644	0.00537	0.00161	0.00591	0.00483	0.00537	0.00913
143	0.00855	0.00571	0.00740	0.00684	0.00833	0.00521	0.00518	0.01098	0.01502	0.06868	0.68178	0.03947	0.09462	0.01087	0.00627	0.00169	0.00267	0.00954	0.00590	0.00529
144	0.84927	0.01038	0.00789	0.00706	0.01038	0.01204	0.00581	0.01578	0.00914	0.02408	0.00747	0.00872	0.00581	0.00498	0.00332	0.00166	0.00415	0.00291	0.00332	0.00581
145	0.00997	0.05874	0.01043	0.01015	0.02637	0.08447	0.00841	0.01221	0.01269	0.01583	0.07886	0.06600	0.07108	0.01277	0.00672	0.00216	0.00515	0.49815	0.00459	0.00523
146	0.01558	0.00842	0.01021	0.00876	0.01153	0.03375	0.00702	0.03314	0.07721	0.33672	0.23421	0.03051	0.08994	0.00914	0.00589	0.00175	0.00405	0.06915	0.00590	0.00710
147	0.01986	0.06491	0.06332	0.01187	0.01636	0.01525	0.01033	0.53847	0.03720	0.14768	0.01382	0.01351	0.00964	0.00629	0.00524	0.00160	0.00578	0.00477	0.00519	0.00890
148	0.01954	0.06505	0.04573	0.01227	0.01659	0.06494	0.01043	0.60695	0.04202	0.04476	0.01253	0.01265	0.00903	0.00625	0.00521	0.00158	0.00614	0.00464	0.00493	0.00875

[dist]
# distance from previous block
# <min> <max>
0	1

[block]
# block no. 2 follows, 45 sequences, length 59
# corresponding to MSA columns:
# 1112-1143,1146-1172
name=unknown_C
#
# <colnr> <probs for GDERKNQSTAVLIFYWHMCP>
#	G	D	E	R	K	N	Q	S	T	A	V	L	I	F	Y	W	H	M	C	P
0	0.44969	0.11153	0.18539	0.02941	0.01499	0.01290	0.03730	0.01617	0.01017	0.04800	0.00870	0.01025	0.00668	0.00548	0.00458	0.03035	0.00548	0.00346	0.00300	0.00648
1	0.28365	0.08850	0.01426	0.01027	0.01407	0.01530	0.00859	0.36777	0.08599	0.02718	0.01132	0.01178	0.00847	0.00595	0.00484	0.00162	0.02420	0.00414	0.00436	0.00772
2	0.51256	0.01036	0.01143	0.23517	0.06493	0.01204	0.00924	0.03396	0.01037	0.04425	0.00878	0.01099	0.00667	0.00517	0.00414	0.00169	0.00520	0.00368	0.00317	0.00620
3	0.00657	0.00468	0.00622	0.00743	0.00774	0.00438	0.00494	0.00748	0.01022	0.01362	0.02927	0.78886	0.03511	0.03634	0.00735	0.00225	0.00317	0.01508	0.00494	0.00433
4	0.00821	0.00657	0.04313	0.00691	0.00758	0.00588	0.00478	0.03159	0.00928	0.01255	0.05596	0.11314	0.02189	0.57965	0.04795	0.00449	0.00531	0.02756	0.00361	0.00396
5	0.01327	0.07651	0.04910	0.03457	0.01820	0.11148	0.16512	0.03124	0.01075	0.01442	0.00830	0.01188	0.00728	0.00722	0.01160	0.00197	0.41341	0.00472	0.00253	0.00642
6	0.00760	0.00549	0.00718	0.00675	0.00802	0.00506	0.00506	0.01013	0.01519	0.02153	0.77503	0.04010	0.05065	0.01097	0.00633	0.00169	0.00253	0.00971	0.00591	0.00506
7	0.01486	0.74604	0.02706	0.00952	0.01402	0.05105	0.00928	0.05138	0.01175	0.01365	0.00775	0.00885	0.00700	0.00472	0.00359	0.00118	0.00590	0.00299	0.00246	0.00697
8	0.01026	0.00609	0.00807	0.00731	0.00903	0.00555	0.00564	0.01271	0.01512	0.14230	0.62959	0.03732	0.04403	0.01042	0.00622	0.00171	0.00294	0.03400	0.00599	0.00571
9	0.00647	0.00544	0.00561	0.00557	0.00733	0.00458	0.00418	0.00795	0.01253	0.01520	0.12652	0.05050	0.70311	0.01333	0.00634	0.00180	0.00270	0.01117	0.00508	0.00458
10	0.00752	0.00548	0.00706	0.00667	0.00797	0.00503	0.00500	0.00997	0.01500	0.02107	0.72829	0.04085	0.09767	0.01114	0.00633	0.00170	0.00254	0.00981	0.00585	0.00503
11	0.00654	0.00467	0.00623	0.00747	0.00779	0.00436	0.00498	0.00747	0.01028	0.01370	0.02959	0.80785	0.03550	0.01682	0.00685	0.00218	0.00311	0.01526	0.00498	0.00436
12	0.01435	0.81458	0.02813	0.00918	0.01378	0.02124	0.00918	0.01607	0.01091	0.01263	0.00746	0.00861	0.00689	0.00459	0.00344	0.00115	0.00574	0.00287	0.00230	0.00689
13	0.01077	0.02777	0.78354	0.01530	0.02323	0.01247	0.01983	0.01700	0.01133	0.01700	0.00963	0.01133	0.00680	0.00510	0.00510	0.00170	0.00793	0.00397	0.00227	0.00793
14	0.00760	0.00549	0.00718	0.00675	0.00802	0.00506	0.00506	0.01013	0.01519	0.02153	0.77503	0.04010	0.05065	0.01097	0.00633	0.00169	0.00253	0.00971	0.00591	0.00506
15	0.01174	0.01174	0.01644	0.01409	0.01409	0.01644	0.01174	0.01292	0.00822	0.01292	0.00705	0.01174	0.00705	0.00940	0.01762	0.00235	0.80153	0.00470	0.00235	0.00587
16	0.00768	0.00572	0.00847	0.00847	0.00938	0.00663	0.00652	0.00949	0.00858	0.01235	0.01452	0.02187	0.01376	0.08296	0.74784	0.00844	0.01387	0.00587	0.00290	0.00471
17	0.00654	0.00467	0.00623	0.00747	0.00779	0.00436	0.00498	0.00747	0.01028	0.01370	0.02959	0.80785	0.03550	0.01682	0.00685	0.00218	0.00311	0.01526	0.00498	0.00436
18	0.02041	0.01504	0.01611	0.01235	0.01665	0.01665	0.01020	0.75997	0.02524	0.03383	0.01289	0.01289	0.00913	0.00644	0.00537	0.00161	0.00591	0.00483	0.00537	0.00913
19	0.01435	0.81458	0.02813	0.00918	0.01378	0.02124	0.00918	0.01607	0.01091	0.01263	0.00746	0.00861	0.00689	0.00459	0.00344	0.00115	0.00574	0.00287	0.00230	0.00689
20	0.00641	0.00546	0.00554	0.00557	0.00737	0.00458	0.00422	0.00781	0.01224	0.01455	0.05359	0.05193	0.75302	0.01363	0.00638	0.00183	0.00279	0.03356	0.00498	0.00454
21	0.01975	0.01456	0.01573	0.01216	0.01628	0.01614	0.01002	0.72144	0.02439	0.03273	0.01296	0.01331	0.00935	0.00818	0.04566	0.00197	0.00634	0.00488	0.00524	0.00891
22	0.01014	0.00954	0.01610	0.79845	0.03697	0.01193	0.01491	0.01371	0.01073	0.01371	0.00954	0.01431	0.00716	0.00537	0.00537	0.00179	0.00716	0.00477	0.00239	0.00596
23	0.84927	0.01038	0.00789	0.00706	0.01038	0.01204	0.00581	0.01578	0.00914	0.02408	0.00747	0.00872	0.00581	0.00498	0.00332	0.00166	0.00415	0.00291	0.00332	0.00581
24	0.01335	0.01153	0.01214	0.01092	0.01396	0.01335	0.00850	0.02852	0.76817	0.02245	0.02185	0.02003	0.01639	0.00728	0.00546	0.00182	0.00425	0.00607	0.00546	0.00850
25	0.00760	0.00549	0.00718	0.00675	0.00802	0.00506	0.00506	0.01013	0.01519	0.02153	0.77503	0.04010	0.05065	0.01097	0.00633	0.00169	0.00253	0.00971	0.00591	0.00506
26	0.00932	0.00466	0.00699	0.00699	0.00699	0.00466	0.00466	0.00699	0.00699	0.00932	0.00932	0.01632	0.00932	0.01865	0.02098	0.84382	0.00466	0.00466	0.00233	0.00233
27	0.01077	0.02777	0.78354	0.01530	0.02323	0.01247	0.01983	0.01700	0.01133	0.01700	0.00963	0.01133	0.00680	0.00510	0.00510	0.00170	0.00793	0.00397	0.00227	0.00793
28	0.01077	0.02777	0.78354	0.01530	0.02323	0.01247	0.01983	0.01700	0.01133	0.01700	0.00963	0.01133	0.00680	0.00510	0.00510	0.00170	0.00793	0.00397	0.00227	0.00793
29	0.00799	0.00687	0.00701	0.00673	0.00883	0.00661	0.00512	0.01260	0.19000	0.01637	0.04673	0.04422	0.59713	0.01211	0.00614	0.00181	0.00308	0.01009	0.00510	0.00546
30	0.00800	0.00558	0.00726	0.00678	0.00815	0.00512	0.00511	0.01048	0.01510	0.04160	0.73123	0.03989	0.07346	0.01094	0.00631	0.00169	0.00259	0.00965	0.00590	0.00516
31	0.00634	0.00544	0.00544	0.00544	0.00725	0.00453	0.00408	0.00770	0.01224	0.01450	0.05438	0.05166	0.77569	0.01359	0.00634	0.00181	0.00272	0.01133	0.00498	0.00453
32	0.00767	0.00575	0.00863	0.00863	0.00959	0.00671	0.00671	0.00959	0.00863	0.01246	0.01438	0.02109	0.01342	0.04026	0.79008	0.00863	0.01438	0.00575	0.00288	0.00479
33	0.01100	0.00596	0.00607	0.00571	0.00725	0.00612	0.00437	0.08414	0.01260	0.02134	0.01707	0.01933	0.01331	0.00627	0.00391	0.00129	0.00283	0.00499	0.76105	0.00540
34	0.01113	0.00954	0.01113	0.00795	0.01272	0.00716	0.00636	0.01352	0.01113	0.01749	0.00954	0.01113	0.00795	0.00398	0.00398	0.00080	0.00398	0.00318	0.00318	0.84417
35	0.01345	0.01307	0.02162	0.03247	0.75895	0.03206	0.01632	0.01660	0.01230	0.01743	0.01005	0.01320	0.00846	0.00480	0.00530	0.00159	0.00646	0.00475	0.00266	0.00845
36	0.01160	0.06621	0.60461	0.01629	0.08315	0.01300	0.04090	0.05180	0.01217	0.01772	0.02804	0.01221	0.00814	0.00523	0.00511	0.00166	0.00750	0.00423	0.00255	0.00789
37	0.00760	0.00549	0.00718	0.00675	0.00802	0.00506	0.00506	0.01013	0.01519	0.02153	0.77503	0.04010	0.05065	0.01097	0.00633	0.00169	0.00253	0.00971	0.00591	0.00506
38	0.01267	0.01448	0.03167	0.02262	0.02805	0.01357	0.75837	0.01719	0.01267	0.01719	0.01086	0.01448	0.00814	0.00452	0.00633	0.00181	0.00905	0.00633	0.00271	0.00724
39	0.00653	0.00470	0.00620	0.00741	0.00777	0.00437	0.00495	0.00748	0.01034	0.01373	0.03040	0.78301	0.05981	0.01671	0.00683	0.00217	0.00310	0.01513	0.00498	0.00437
40	0.00634	0.00544	0.00544	0.00544	0.00725	0.00453	0.00408	0.00770	0.01224	0.01450	0.05438	0.05166	0.77569	0.01359	0.00634	0.00181	0.00272	0.01133	0.00498	0.00453
41	0.01028	0.00527	0.00529	0.00520	0.00653	0.00531	0.00392	0.03210	0.01162	0.02037	0.01739	0.01983	0.01364	0.00626	0.00379	0.00126	0.00259	0.00500	0.81924	0.00511
42	0.00654	0.00467	0.00623	0.00747	0.00779	0.00436	0.00498	0.00747	0.01028	0.01370	0.02959	0.80785	0.03550	0.01682	0.00685	0.00218	0.00311	0.01526	0.00498	0.00436
43	0.02041	0.01504	0.01611	0.01235	0.01665	0.01665	0.01020	0.75997	0.02524	0.03383	0.01289	0.01289	0.00913	0.00644	0.00537	0.00161	0.00591	0.00483	0.00537	0.00913
44	0.02408	0.00914	0.01246	0.00955	0.01370	0.00789	0.00789	0.02616	0.01536	0.78158	0.02118	0.01827	0.01329	0.00664	0.00540	0.00166	0.00457	0.00540	0.00664	0.00914
45	0.01335	0.01153	0.01214	0.01092	0.01396	0.01335	0.00850	0.02852	0.76817	0.02245	0.02185	0.02003	0.01639	0.00728	0.00546	0.00182	0.00425	0.00607	0.00546	0.00850
46	0.00824	0.00563	0.00738	0.00686	0.00824	0.00518	0.00518	0.01076	0.01520	0.05122	0.74559	0.03924	0.04919	0.01080	0.00629	0.00169	0.00261	0.00954	0.00594	0.00522
47	0.02349	0.00934	0.01297	0.01085	0.05602	0.00816	0.00836	0.02562	0.01519	0.73927	0.02056	0.01799	0.01302	0.00654	0.00539	0.00166	0.00467	0.00536	0.00642	0.00910
48	0.02005	0.02558	0.01521	0.01383	0.01659	0.78980	0.01037	0.02143	0.01521	0.01314	0.00830	0.00968	0.00691	0.00553	0.00484	0.00138	0.00968	0.00346	0.00277	0.00622
49	0.01261	0.00949	0.01128	0.00813	0.01283	0.00724	0.00654	0.01496	0.01161	0.10475	0.01087	0.01195	0.00856	0.00428	0.00414	0.00089	0.00404	0.00343	0.00358	0.74880
50	0.01401	0.71904	0.08378	0.01027	0.01515	0.02023	0.04531	0.01619	0.01102	0.01317	0.00778	0.00909	0.00694	0.00463	0.00370	0.00122	0.00606	0.00311	0.00231	0.00698
51	0.01094	0.06489	0.74790	0.01501	0.02279	0.01288	0.01933	0.01696	0.01131	0.01679	0.00953	0.01120	0.00680	0.00508	0.00502	0.00167	0.00783	0.00391	0.00227	0.00788
52	0.00654	0.00467	0.00623	0.00747	0.00779	0.00436	0.00498	0.00747	0.01028	0.01370	0.02959	0.80785	0.03550	0.01682	0.00685	0.00218	0.00311	0.01526	0.00498	0.00436
53	0.02311	0.00890	0.01208	0.00934	0.01331	0.00771	0.00768	0.02522	0.01526	0.73420	0.05054	0.01916	0.01476	0.00680	0.00540	0.00165	0.00444	0.00556	0.02600	0.00888
54	0.84927	0.01038	0.00789	0.00706	0.01038	0.01204	0.00581	0.01578	0.00914	0.02408	0.00747	0.00872	0.00581	0.00498	0.00332	0.00166	0.00415	0.00291	0.00332	0.00581
55	0.00932	0.00466	0.00699	0.00699	0.00699	0.00466	0.00466	0.00699	0.00699	0.00932	0.00932	0.01632	0.00932	0.01865	0.02098	0.84382	0.00466	0.00466	0.00233	0.00233
56	0.00634	0.00544	0.00544	0.00544	0.00725	0.00453	0.00408	0.00770	0.01224	0.01450	0.05438	0.05166	0.77569	0.01359	0.00634	0.00181	0.00272	0.01133	0.00498	0.00453
57	0.60116	0.01217	0.01001	0.00856	0.01204	0.07355	0.00697	0.12686	0.01245	0.08025	0.00934	0.01011	0.00694	0.00536	0.00390	0.00163	0.00488	0.00342	0.00382	0.00658
58	0.01241	0.01638	0.14153	0.02180	0.04563	0.01339	0.63213	0.01715	0.01246	0.01717	0.01066	0.01399	0.00796	0.00462	0.00613	0.00179	0.00882	0.00595	0.00265	0.00737

[dist]
# distance from previous block
# <min> <max>
0	7

[block]
# block no. 3 follows, 45 sequences, length 39
# corresponding to MSA columns:
# 1180-1218
name=unknown_D
#
# <colnr> <probs for GDERKNQSTAVLIFYWHMCP>
#	G	D	E	R	K	N	Q	S	T	A	V	L	I	F	Y	W	H	M	C	P
0	0.00649	0.00544	0.00564	0.00559	0.00734	0.00459	0.00419	0.00798	0.01258	0.01531	0.13740	0.05033	0.69217	0.01329	0.00634	0.00180	0.00270	0.01114	0.00509	0.00459
1	0.01174	0.01174	0.01644	0.01409	0.01409	0.01644	0.01174	0.01292	0.00822	0.01292	0.00705	0.01174	0.00705	0.00940	0.01762	0.00235	0.80153	0.00470	0.00235	0.00587
2	0.84927	0.01038	0.00789	0.00706	0.01038	0.01204	0.00581	0.01578	0.00914	0.02408	0.00747	0.00872	0.00581	0.00498	0.00332	0.00166	0.00415	0.00291	0.00332	0.00581
3	0.03035	0.01250	0.03311	0.11852	0.52202	0.02994	0.01451	0.01661	0.05321	0.01737	0.01051	0.01334	0.00859	0.00493	0.00513	0.00155	0.00616	0.00460	0.00284	0.09419
4	0.01375	0.01144	0.01215	0.01087	0.01395	0.01315	0.00847	0.02844	0.74047	0.05038	0.02182	0.01996	0.01627	0.00726	0.00546	0.00181	0.00426	0.00604	0.00551	0.00852
5	0.01077	0.02777	0.78354	0.01530	0.02323	0.01247	0.01983	0.01700	0.01133	0.01700	0.00963	0.01133	0.00680	0.00510	0.00510	0.00170	0.00793	0.00397	0.00227	0.00793
6	0.00654	0.00467	0.00623	0.00747	0.00779	0.00436	0.00498	0.00747	0.01028	0.01370	0.02959	0.80785	0.03550	0.01682	0.00685	0.00218	0.00311	0.01526	0.00498	0.00436
7	0.00754	0.00548	0.00710	0.00669	0.00798	0.00504	0.00502	0.01002	0.01506	0.02121	0.74241	0.04062	0.08347	0.01109	0.00633	0.00169	0.00254	0.00978	0.00587	0.00504
8	0.01301	0.01116	0.01186	0.01074	0.01366	0.01285	0.00838	0.02737	0.71954	0.02224	0.04933	0.02190	0.01804	0.00763	0.00555	0.00183	0.00421	0.02698	0.00546	0.00827
9	0.02003	0.01485	0.01590	0.01228	0.01651	0.01647	0.01011	0.72154	0.06426	0.03323	0.01336	0.01326	0.00951	0.00649	0.00537	0.00162	0.00582	0.00490	0.00537	0.00910
10	0.01764	0.01477	0.01511	0.01317	0.05575	0.08894	0.01006	0.40993	0.25142	0.02706	0.01493	0.01477	0.01107	0.00659	0.00561	0.00167	0.02293	0.00508	0.00494	0.00856
11	0.01223	0.01144	0.01906	0.24876	0.49520	0.01222	0.01513	0.01593	0.05130	0.01637	0.01052	0.01406	0.00857	0.00565	0.00598	0.03609	0.00642	0.00484	0.00271	0.00753
12	0.01014	0.00954	0.01610	0.79845	0.03697	0.01193	0.01491	0.01371	0.01073	0.01371	0.00954	0.01431	0.00716	0.00537	0.00537	0.00179	0.00716	0.00477	0.00239	0.00596
13	0.01113	0.00954	0.01113	0.00795	0.01272	0.00716	0.00636	0.01352	0.01113	0.01749	0.00954	0.01113	0.00795	0.00398	0.00398	0.00080	0.00398	0.00318	0.00318	0.84417
14	0.00756	0.00549	0.00712	0.00671	0.00800	0.00505	0.00503	0.01005	0.01510	0.02130	0.75232	0.04046	0.07350	0.01106	0.00633	0.00169	0.00254	0.00976	0.00588	0.00505
15	0.01113	0.00954	0.01113	0.00795	0.01272	0.00716	0.00636	0.01352	0.01113	0.01749	0.00954	0.01113	0.00795	0.00398	0.00398	0.00080	0.00398	0.00318	0.00318	0.84417
16	0.00654	0.00467	0.00623	0.00747	0.00779	0.00436	0.00498	0.00747	0.01028	0.01370	0.02959	0.80785	0.03550	0.01682	0.00685	0.00218	0.00311	0.01526	0.00498	0.00436
17	0.01274	0.01142	0.01220	0.01097	0.01376	0.05244	0.03533	0.02475	0.58540	0.02089	0.05719	0.06363	0.03538	0.00815	0.00566	0.00183	0.00455	0.03076	0.00519	0.00775
18	0.00932	0.00466	0.00699	0.00699	0.00699	0.00466	0.00466	0.00699	0.00699	0.00932	0.00932	0.01632	0.00932	0.01865	0.02098	0.84382	0.00466	0.00466	0.00233	0.00233
19	0.01101	0.01063	0.01490	0.01298	0.01311	0.01461	0.01068	0.01224	0.00826	0.01275	0.00849	0.01404	0.00846	0.04768	0.12595	0.00335	0.65782	0.00498	0.00246	0.00561
20	0.00781	0.00520	0.00585	0.00585	0.00585	0.00520	0.00325	0.00781	0.00781	0.01041	0.01691	0.03513	0.01952	0.81135	0.02732	0.00520	0.00520	0.00781	0.00325	0.00325
21	0.07802	0.01471	0.01554	0.01198	0.01621	0.01633	0.00990	0.70824	0.02412	0.03315	0.01251	0.01260	0.00890	0.00634	0.00523	0.00161	0.00578	0.00470	0.00523	0.00890
22	0.01158	0.00984	0.01196	0.01311	0.11409	0.01083	0.00895	0.02113	0.44406	0.01949	0.02244	0.16481	0.02045	0.00953	0.00592	0.00193	0.00441	0.09319	0.00494	0.00734
