[name]
unknown

[dist]
# distance from previous block
# <min> <max>
0	195

[block]
# block no. 0 follows, 45 sequences, length 19
# corresponding to MSA columns:
# 197-215
name=unknown_A
#
# <colnr> <probs for GDERKNQSTAVLIFYWHMCP>
#	G	D	E	R	K	N	Q	S	T	A	V	L	I	F	Y	W	H	M	C	P
0	0.05204	0.45859	0.04136	0.00991	0.02644	0.04167	0.00897	0.05541	0.01160	0.04197	0.01071	0.01556	0.00992	0.00753	0.00634	0.09607	0.01838	0.07823	0.00296	0.00635
1	0.06602	0.07181	0.35388	0.10122	0.02064	0.05065	0.03470	0.05732	0.03408	0.07287	0.01227	0.05142	0.02077	0.00613	0.00535	0.00169	0.02389	0.00484	0.00314	0.00730
2	0.01632	0.04720	0.09606	0.15299	0.13513	0.24581	0.01282	0.14274	0.02582	0.05956	0.01055	0.01231	0.00803	0.00555	0.00511	0.00157	0.00743	0.00429	0.00330	0.00740
3	0.16014	0.08357	0.04455	0.00900	0.01158	0.07163	0.00734	0.07885	0.03685	0.05243	0.06437	0.29068	0.02020	0.00973	0.00531	0.00175	0.00461	0.00811	0.00427	0.03503
4	0.11083	0.14138	0.03543	0.11951	0.02754	0.17618	0.00947	0.07847	0.05922	0.01712	0.01465	0.06729	0.06926	0.00746	0.02010	0.00170	0.00628	0.00522	0.00340	0.02948
5	0.11230	0.26116	0.09978	0.09897	0.01702	0.13189	0.01032	0.01759	0.05358	0.07702	0.01148	0.06627	0.00980	0.00608	0.00454	0.00152	0.00619	0.00453	0.00320	0.00676
6	0.07529	0.07931	0.08842	0.12251	0.08742	0.20650	0.01106	0.04074	0.06435	0.01688	0.06552	0.01698	0.05146	0.00640	0.00504	0.00158	0.00653	0.02199	0.00332	0.02869
7	0.04069	0.05077	0.49789	0.05601	0.02088	0.01223	0.01583	0.01928	0.09678	0.12058	0.01241	0.01322	0.00874	0.00555	0.00508	0.00169	0.00682	0.00436	0.00326	0.00794
8	0.03708	0.07516	0.01304	0.00985	0.01286	0.03924	0.00810	0.22941	0.04602	0.11961	0.12931	0.02503	0.05019	0.03937	0.00670	0.00183	0.02681	0.08852	0.00491	0.03698
9	0.00815	0.00548	0.00700	0.00754	0.00844	0.00514	0.00529	0.03894	0.01186	0.05710	0.11420	0.58620	0.09440	0.01493	0.00661	0.00204	0.00321	0.01337	0.00519	0.00490
10	0.01118	0.01187	0.12647	0.09154	0.04540	0.01040	0.03256	0.07905	0.10884	0.03978	0.03993	0.15403	0.06784	0.00954	0.00690	0.00193	0.06924	0.08281	0.00411	0.00658
11	0.02655	0.03513	0.01150	0.11398	0.01474	0.03146	0.00803	0.03659	0.04398	0.26360	0.03518	0.17854	0.01750	0.05493	0.07008	0.00253	0.02415	0.00738	0.01755	0.00662
12	0.01045	0.01191	0.10326	0.60478	0.03323	0.01204	0.07478	0.01431	0.01091	0.01452	0.00982	0.01409	0.00738	0.00540	0.00569	0.00178	0.02811	0.00481	0.02649	0.00626
13	0.00734	0.00646	0.00878	0.00766	0.00976	0.00567	0.08904	0.00932	0.01295	0.01638	0.21143	0.04488	0.52654	0.01199	0.00634	0.00178	0.00339	0.01040	0.00494	0.00496
14	0.03475	0.01682	0.25345	0.03661	0.12396	0.01189	0.25076	0.01734	0.01240	0.10321	0.04637	0.01553	0.02668	0.00557	0.00581	0.00173	0.02093	0.00541	0.00321	0.00759
15	0.01229	0.03374	0.14473	0.01891	0.02399	0.01350	0.47576	0.01796	0.09709	0.01750	0.03198	0.01499	0.00990	0.00540	0.00668	0.00181	0.05756	0.00585	0.00301	0.00734
16	0.10124	0.00540	0.00639	0.00724	0.00804	0.00526	0.00501	0.00852	0.01048	0.01521	0.05572	0.62991	0.09216	0.01502	0.00640	0.00207	0.00318	0.01336	0.00483	0.00456
17	0.01123	0.02473	0.61880	0.01773	0.08451	0.01264	0.12128	0.01698	0.01159	0.01707	0.00984	0.01192	0.00712	0.00500	0.00529	0.00171	0.00796	0.00436	0.00236	0.00788
18	0.01128	0.01319	0.10338	0.30273	0.05841	0.04189	0.06709	0.01426	0.01029	0.01419	0.00931	0.02747	0.00789	0.00772	0.03096	0.00213	0.26409	0.00494	0.00247	0.00631

[dist]
# distance from previous block
# <min> <max>
0	16

[block]
# block no. 1 follows, 45 sequences, length 15
# corresponding to MSA columns:
# 232-246
name=unknown_B
#
# <colnr> <probs for GDERKNQSTAVLIFYWHMCP>
#	G	D	E	R	K	N	Q	S	T	A	V	L	I	F	Y	W	H	M	C	P
0	0.01094	0.02673	0.73117	0.01651	0.07512	0.01249	0.01960	0.01696	0.01139	0.01704	0.00966	0.01147	0.00692	0.00508	0.00511	0.00169	0.00783	0.00402	0.00229	0.00797
1	0.01014	0.00954	0.01610	0.79845	0.03697	0.01193	0.01491	0.01371	0.01073	0.01371	0.00954	0.01431	0.00716	0.00537	0.00537	0.00179	0.00716	0.00477	0.00239	0.00596
2	0.01513	0.65845	0.05423	0.01016	0.01458	0.14441	0.00977	0.01697	0.01161	0.01287	0.00768	0.00888	0.00689	0.00476	0.00373	0.00121	0.00646	0.00301	0.00237	0.00682
3	0.01188	0.02508	0.65081	0.01568	0.02309	0.01227	0.09732	0.01765	0.01175	0.06959	0.01056	0.01214	0.00739	0.00515	0.00525	0.00171	0.00782	0.00432	0.00262	0.00794
4	0.00654	0.00467	0.00623	0.00747	0.00779	0.00436	0.00498	0.00747	0.01028	0.01370	0.02959	0.80785	0.03550	0.01682	0.00685	0.00218	0.00311	0.01526	0.00498	0.00436
5	0.01091	0.01086	0.01898	0.50611	0.03092	0.01310	0.14863	0.01419	0.01060	0.01419	0.00930	0.01384	0.00731	0.00600	0.00792	0.00190	0.16160	0.00504	0.00244	0.00618
6	0.01352	0.01269	0.02108	0.07995	0.68474	0.01294	0.01599	0.06164	0.01292	0.01829	0.01023	0.01333	0.00846	0.00492	0.00532	0.00161	0.00640	0.00479	0.00281	0.00838
7	0.01435	0.81458	0.02813	0.00918	0.01378	0.02124	0.00918	0.01607	0.01091	0.01263	0.00746	0.00861	0.00689	0.00459	0.00344	0.00115	0.00574	0.00287	0.00230	0.00689
8	0.00634	0.00544	0.00544	0.00544	0.00725	0.00453	0.00408	0.00770	0.01224	0.01450	0.05438	0.05166	0.77569	0.01359	0.00634	0.00181	0.00272	0.01133	0.00498	0.00453
9	0.01077	0.02777	0.78354	0.01530	0.02323	0.01247	0.01983	0.01700	0.01133	0.01700	0.00963	0.01133	0.00680	0.00510	0.00510	0.00170	0.00793	0.00397	0.00227	0.00793
10	0.01355	0.01430	0.02844	0.02059	0.02570	0.01388	0.61832	0.09687	0.07518	0.01938	0.01196	0.01476	0.00892	0.00495	0.00616	0.00179	0.00833	0.00615	0.00322	0.00754
11	0.00664	0.00488	0.00626	0.00732	0.00791	0.00450	0.00507	0.00773	0.01070	0.01397	0.03321	0.64960	0.14552	0.01622	0.00681	0.00214	0.00317	0.05897	0.00498	0.00442
12	0.01001	0.00500	0.00500	0.00500	0.00625	0.00500	0.00375	0.01251	0.01126	0.02001	0.01751	0.02001	0.01376	0.00625	0.00375	0.00125	0.00250	0.00500	0.84115	0.00500
13	0.00817	0.00587	0.00808	0.00927	0.01035	0.00578	0.00780	0.01031	0.01196	0.01556	0.02958	0.20069	0.05867	0.01516	0.00727	0.00239	0.00452	0.57879	0.00495	0.00482
14	0.01273	0.01430	0.03063	0.02372	0.10756	0.01349	0.67971	0.01712	0.01262	0.01723	0.01078	0.01435	0.00818	0.00455	0.00623	0.00179	0.00877	0.00617	0.00271	0.00737

[dist]
# distance from previous block
# <min> <max>
0	1

[block]
# block no. 2 follows, 45 sequences, length 13
# corresponding to MSA columns:
# 248-260
name=unknown_C
#
# <colnr> <probs for GDERKNQSTAVLIFYWHMCP>
#	G	D	E	R	K	N	Q	S	T	A	V	L	I	F	Y	W	H	M	C	P
0	0.01444	0.01495	0.02728	0.01988	0.02473	0.04807	0.54817	0.16000	0.01500	0.02002	0.01097	0.01384	0.00823	0.00516	0.00659	0.00178	0.04435	0.00585	0.00321	0.00750
1	0.22471	0.01012	0.01151	0.00920	0.01295	0.01014	0.00755	0.12930	0.03480	0.41740	0.06608	0.01662	0.01338	0.00651	0.00495	0.00166	0.00452	0.00500	0.00556	0.00804
2	0.63269	0.06216	0.00895	0.00705	0.00993	0.01132	0.00571	0.01448	0.00968	0.02173	0.07950	0.01425	0.01140	0.08588	0.00600	0.00198	0.00421	0.00402	0.00349	0.00556
3	0.01332	0.01011	0.01178	0.00863	0.01324	0.00836	0.00695	0.08954	0.03614	0.09003	0.01133	0.01224	0.00882	0.00457	0.00429	0.00099	0.00423	0.00364	0.00379	0.65799
4	0.42728	0.01275	0.01207	0.00975	0.01357	0.01439	0.00805	0.39466	0.01733	0.02905	0.01023	0.01084	0.00750	0.00573	0.00436	0.00164	0.00505	0.00389	0.00436	0.00750
5	0.01003	0.00748	0.00964	0.00892	0.01052	0.00836	0.00696	0.15360	0.01204	0.01659	0.01726	0.02273	0.07017	0.08234	0.53038	0.00654	0.01127	0.00613	0.00354	0.00551
6	0.00736	0.00522	0.00631	0.00677	0.00788	0.00465	0.00480	0.00865	0.01167	0.04947	0.10683	0.42892	0.30256	0.01466	0.00655	0.00198	0.00298	0.01289	0.00514	0.00470
7	0.33400	0.16517	0.01393	0.00876	0.01252	0.01321	0.00750	0.13413	0.01359	0.16305	0.06175	0.01324	0.01093	0.00582	0.00426	0.00154	0.00470	0.00412	0.00423	0.02355
8	0.00733	0.00543	0.00685	0.00670	0.00797	0.00495	0.00501	0.00953	0.01419	0.01952	0.56934	0.11195	0.16539	0.01204	0.00641	0.00178	0.00269	0.03238	0.00565	0.00491
9	0.01842	0.01004	0.01149	0.00915	0.01273	0.07965	0.00733	0.02057	0.01461	0.43856	0.16035	0.02040	0.01885	0.00691	0.00528	0.00149	0.00456	0.00566	0.00556	0.14838
10	0.04246	0.01244	0.01295	0.01199	0.04745	0.04726	0.00899	0.10010	0.58358	0.04280	0.01936	0.01815	0.01447	0.00692	0.00535	0.00176	0.00475	0.00565	0.00517	0.00839
11	0.01056	0.01012	0.01718	0.66051	0.08379	0.01236	0.04715	0.01399	0.01074	0.01406	0.00946	0.01408	0.00728	0.00557	0.00625	0.00182	0.06166	0.00483	0.00241	0.00618
12	0.00817	0.00609	0.00794	0.00857	0.01007	0.00575	0.00722	0.01038	0.01248	0.01626	0.10017	0.07236	0.17958	0.01376	0.00693	0.00218	0.00419	0.47803	0.00496	0.04490

[dist]
# distance from previous block
# <min> <max>
2	12

[block]
# block no. 3 follows, 45 sequences, length 98
# corresponding to MSA columns:
# 273-370
name=unknown_D
#
# <colnr> <probs for GDERKNQSTAVLIFYWHMCP>
#	G	D	E	R	K	N	Q	S	T	A	V	L	I	F	Y	W	H	M	C	P
0	0.01014	0.00954	0.01610	0.79845	0.03697	0.01193	0.01491	0.01371	0.01073	0.01371	0.00954	0.01431	0.00716	0.00537	0.00537	0.00179	0.00716	0.00477	0.00239	0.00596
1	0.01488	0.01171	0.01181	0.01044	0.01351	0.07322	0.00814	0.02567	0.52307	0.13750	0.02368	0.02186	0.08536	0.00763	0.00548	0.00176	0.00459	0.00625	0.00539	0.00805
2	0.02330	0.00957	0.01263	0.00977	0.01387	0.00864	0.00804	0.06373	0.05784	0.70111	0.02079	0.01809	0.01325	0.00667	0.00540	0.00167	0.00462	0.00541	0.00651	0.00910
3	0.41630	0.05611	0.01180	0.00901	0.01270	0.07099	0.00744	0.10995	0.01334	0.22830	0.01190	0.01187	0.00838	0.00563	0.00425	0.00161	0.00499	0.00385	0.00437	0.00721
4	0.00664	0.00471	0.00620	0.00735	0.00764	0.00443	0.00485	0.00750	0.01009	0.01345	0.02860	0.74786	0.03426	0.07850	0.00844	0.00241	0.00328	0.01468	0.00485	0.00427
5	0.04379	0.02708	0.75299	0.01498	0.02273	0.01245	0.01928	0.01695	0.01125	0.01728	0.00955	0.01123	0.00676	0.00510	0.00503	0.00170	0.00778	0.00392	0.00231	0.00785
6	0.01267	0.01448	0.03167	0.02262	0.02805	0.01357	0.75837	0.01719	0.01267	0.01719	0.01086	0.01448	0.00814	0.00452	0.00633	0.00181	0.00905	0.00633	0.00271	0.00724
7	0.01136	0.15880	0.65774	0.01428	0.02166	0.01393	0.01806	0.01685	0.01126	0.01627	0.00927	0.01088	0.00681	0.00502	0.00482	0.00161	0.00757	0.00378	0.00227	0.00776
8	0.00723	0.00585	0.00624	0.00628	0.00797	0.00525	0.00465	0.00964	0.07004	0.02734	0.07192	0.16439	0.56732	0.01341	0.00634	0.00186	0.00292	0.01138	0.00508	0.00490
9	0.01143	0.06124	0.70892	0.01496	0.02246	0.05571	0.01886	0.01720	0.01153	0.01660	0.00947	0.01113	0.00681	0.00510	0.00501	0.00166	0.00794	0.00389	0.00230	0.00779
10	0.01728	0.07086	0.01474	0.01176	0.01498	0.31764	0.00926	0.20060	0.15393	0.03463	0.01616	0.02911	0.07220	0.00687	0.00515	0.00156	0.00674	0.00510	0.00415	0.00727
11	0.00689	0.00478	0.00632	0.00737	0.00780	0.00459	0.00502	0.00803	0.01023	0.01410	0.02749	0.68700	0.03214	0.01778	0.06602	0.00260	0.00392	0.01374	0.06974	0.00444
12	0.01301	0.01289	0.02325	0.07097	0.60559	0.01286	0.14868	0.01646	0.01222	0.01728	0.01020	0.01355	0.00837	0.00477	0.00550	0.00164	0.00689	0.00506	0.00265	0.00815
13	0.01229	0.01314	0.07862	0.06813	0.52248	0.01204	0.08631	0.01593	0.02810	0.01706	0.01214	0.07277	0.01085	0.00594	0.00555	0.00170	0.00648	0.01975	0.00289	0.00783
14	0.01327	0.01331	0.03970	0.06745	0.68123	0.03533	0.01608	0.01683	0.03309	0.01735	0.01033	0.01337	0.00857	0.00491	0.00530	0.00161	0.00649	0.00476	0.00272	0.00830
15	0.00708	0.00527	0.00663	0.00755	0.00818	0.00508	0.00515	0.00914	0.06795	0.01450	0.04287	0.66653	0.08804	0.02986	0.00706	0.00217	0.00320	0.01405	0.00500	0.00468
16	0.08632	0.02587	0.01298	0.00994	0.01396	0.03633	0.00818	0.12604	0.04829	0.54756	0.01832	0.01640	0.01194	0.00644	0.00518	0.00164	0.00490	0.00504	0.00595	0.00871
17	0.24848	0.00959	0.01048	0.00875	0.01201	0.02424	0.00704	0.08300	0.02738	0.33687	0.09132	0.08728	0.01644	0.00749	0.00503	0.00170	0.00433	0.00593	0.00530	0.00732
18	0.01040	0.00585	0.00638	0.00613	0.00756	0.00594	0.00464	0.06590	0.01242	0.03226	0.07679	0.08085	0.01791	0.00932	0.04769	0.00179	0.00348	0.00618	0.59320	0.00531
19	0.01244	0.00989	0.01074	0.00992	0.01231	0.02565	0.00760	0.10426	0.38851	0.04705	0.04206	0.22333	0.04296	0.01005	0.00589	0.00189	0.00420	0.02876	0.00530	0.00719
20	0.01033	0.00992	0.01731	0.73822	0.03628	0.01205	0.07263	0.01399	0.01088	0.01399	0.00964	0.01432	0.00723	0.00530	0.00544	0.00179	0.00730	0.00489	0.00241	0.00606
21	0.01212	0.18857	0.58736	0.01384	0.02085	0.03315	0.01707	0.01718	0.01146	0.03825	0.00949	0.01094	0.00701	0.00505	0.00476	0.00158	0.00743	0.00377	0.00241	0.00771
22	0.01858	0.02266	0.01630	0.01719	0.15549	0.61813	0.01141	0.03421	0.01473	0.01432	0.00883	0.01062	0.00737	0.00609	0.02017	0.00157	0.00910	0.00377	0.00280	0.00667
23	0.01079	0.01068	0.01913	0.01633	0.07428	0.01118	0.28689	0.02696	0.03249	0.01629	0.06850	0.20335	0.03122	0.00906	0.00844	0.00197	0.15429	0.00830	0.00356	0.00627
24	0.08298	0.02361	0.01473	0.01320	0.01613	0.67078	0.01001	0.07834	0.01553	0.01557	0.00859	0.00986	0.00700	0.00556	0.00477	0.00142	0.00897	0.00352	0.00301	0.00642
25	0.00653	0.00470	0.00620	0.00740	0.00777	0.00437	0.00495	0.00748	0.01035	0.01373	0.03046	0.78121	0.06158	0.01670	0.00683	0.00217	0.00310	0.01512	0.00498	0.00437
26	0.01254	0.01541	0.08419	0.02211	0.02772	0.01350	0.70679	0.01718	0.01258	0.01718	0.01077	0.01426	0.00805	0.00457	0.00625	0.00180	0.00897	0.00617	0.00268	0.00729
27	0.01099	0.04354	0.71040	0.01572	0.02340	0.01274	0.07563	0.01699	0.01143	0.01692	0.00968	0.01151	0.00690	0.00505	0.00516	0.00170	0.00797	0.00412	0.00230	0.00786
28	0.01077	0.02777	0.78354	0.01530	0.02323	0.01247	0.01983	0.01700	0.01133	0.01700	0.00963	0.01133	0.00680	0.00510	0.00510	0.00170	0.00793	0.00397	0.00227	0.00793
29	0.00653	0.00471	0.00618	0.00736	0.00776	0.00437	0.00493	0.00749	0.01039	0.01375	0.03095	0.76615	0.07632	0.01664	0.00682	0.00216	0.00309	0.01504	0.00498	0.00437
30	0.02143	0.01274	0.01457	0.01120	0.01537	0.01332	0.00924	0.48691	0.02147	0.29311	0.01588	0.01493	0.01069	0.00651	0.00534	0.00162	0.00536	0.00503	0.02626	0.00903
31	0.01085	0.02720	0.75144	0.01561	0.02344	0.01251	0.05136	0.01701	0.01139	0.01701	0.00969	0.01147	0.00686	0.00508	0.00515	0.00170	0.00798	0.00407	0.00229	0.00790
32	0.02125	0.00968	0.01236	0.00975	0.01357	0.00911	0.00796	0.09693	0.09750	0.56596	0.08054	0.01967	0.01619	0.00704	0.00548	0.00168	0.00450	0.00576	0.00633	0.00874
33	0.00767	0.00575	0.00863	0.00863	0.00959	0.00671	0.00671	0.00959	0.00863	0.01246	0.01438	0.02109	0.01342	0.04026	0.79008	0.00863	0.01438	0.00575	0.00288	0.00479
34	0.01031	0.00986	0.01612	0.68112	0.03371	0.02422	0.03474	0.01362	0.01068	0.01375	0.01026	0.04796	0.00838	0.00609	0.00623	0.00184	0.05746	0.00524	0.00251	0.00593
35	0.00815	0.00572	0.00662	0.00646	0.00818	0.00499	0.00492	0.00987	0.01302	0.07570	0.21411	0.10426	0.45266	0.01277	0.00637	0.00184	0.00297	0.05107	0.00532	0.00502
36	0.01329	0.01275	0.02179	0.03295	0.77787	0.01275	0.01647	0.01647	0.01222	0.01754	0.01010	0.01329	0.00850	0.00478	0.00531	0.00159	0.00638	0.00478	0.00266	0.00850
37	0.18898	0.01362	0.01359	0.01093	0.01478	0.04760	0.00891	0.42382	0.11767	0.08783	0.01340	0.01325	0.00963	0.00623	0.00494	0.00164	0.00539	0.00459	0.00495	0.00825
38	0.01235	0.01378	0.02937	0.12589	0.04730	0.01334	0.64178	0.01672	0.01240	0.01674	0.01067	0.01443	0.00802	0.00464	0.00618	0.00180	0.00873	0.00609	0.00267	0.00710
39	0.00663	0.00480	0.00623	0.00723	0.00773	0.00444	0.00489	0.00770	0.01076	0.01431	0.08910	0.67609	0.09252	0.03133	0.00716	0.00217	0.00308	0.01439	0.00502	0.00441
40	0.02273	0.05373	0.01330	0.00963	0.01373	0.00904	0.00801	0.02578	0.07222	0.68160	0.02047	0.01787	0.01317	0.00658	0.00530	0.00164	0.00461	0.00531	0.00631	0.00896
41	0.01387	0.65086	0.16400	0.01037	0.01556	0.01953	0.01113	0.03658	0.01138	0.01400	0.00800	0.00922	0.00693	0.00473	0.00380	0.00126	0.00614	0.00312	0.00237	0.00714
42	0.00923	0.00536	0.00718	0.00779	0.00869	0.00490	0.00543	0.01034	0.01106	0.13157	0.02830	0.68665	0.03209	0.01526	0.00663	0.00210	0.00334	0.01375	0.00524	0.00509
43	0.01067	0.00982	0.01347	0.01183	0.01198	0.01319	0.00954	0.01181	0.00836	0.01288	0.00981	0.01665	0.00991	0.13515	0.08912	0.00330	0.56312	0.00529	0.04879	0.00532
44	0.19597	0.01250	0.01441	0.08871	0.13348	0.04688	0.01022	0.23082	0.04557	0.15201	0.01253	0.01324	0.00903	0.00580	0.00491	0.00164	0.00560	0.00449	0.00434	0.00787
45	0.14810	0.01141	0.08353	0.07003	0.02764	0.00995	0.00942	0.06621	0.04381	0.40722	0.04363	0.01705	0.01251	0.00643	0.00511	0.00169	0.00504	0.01804	0.00516	0.00801
46	0.01303	0.02460	0.65249	0.01432	0.02161	0.01169	0.01780	0.01856	0.01202	0.14694	0.01160	0.01251	0.00790	0.00536	0.00515	0.00169	0.00736	0.00421	0.00301	0.00814
47	0.00910	0.00577	0.00768	0.00752	0.00888	0.00534	0.00574	0.01129	0.01399	0.09178	0.48055	0.17985	0.04203	0.01207	0.00646	0.00187	0.00311	0.09597	0.00570	0.00531
48	0.01753	0.07545	0.08814	0.01190	0.04764	0.01276	0.01003	0.30524	0.05000	0.19914	0.02897	0.08762	0.02673	0.00733	0.00537	0.00166	0.00536	0.00593	0.00498	0.00821
49	0.01329	0.01275	0.02179	0.03295	0.77787	0.01275	0.01647	0.01647	0.01222	0.01754	0.01010	0.01329	0.00850	0.00478	0.00531	0.00159	0.00638	0.00478	0.00266	0.00850
50	0.01988	0.02474	0.01516	0.01368	0.01652	0.73494	0.01031	0.05317	0.03683	0.01428	0.00887	0.01011	0.00728	0.00562	0.00488	0.00140	0.00937	0.00359	0.00295	0.00641
51	0.01170	0.01035	0.01296	0.01648	0.24901	0.09821	0.00996	0.01411	0.02522	0.05835	0.07463	0.15684	0.09095	0.01000	0.00606	0.00185	0.00523	0.13755	0.00416	0.00636
52	0.01115	0.07927	0.67609	0.01545	0.02297	0.01314	0.07514	0.01695	0.01141	0.01672	0.00958	0.01139	0.00691	0.00502	0.00508	0.00167	0.00787	0.00407	0.00230	0.00781
53	0.01800	0.00775	0.01043	0.00882	0.01172	0.00687	0.00693	0.03289	0.01414	0.50202	0.08050	0.23436	0.02208	0.00973	0.00586	0.00180	0.00404	0.00839	0.00611	0.00753
54	0.05700	0.02681	0.74077	0.01485	0.02252	0.01244	0.01906	0.01693	0.01121	0.01739	0.00951	0.01119	0.00675	0.00509	0.00500	0.00170	0.00772	0.00391	0.00232	0.00782
55	0.01329	0.04106	0.02225	0.03093	0.68956	0.01311	0.05474	0.01685	0.03419	0.01749	0.01039	0.01338	0.00866	0.00484	0.00531	0.00160	0.00643	0.00483	0.00273	0.00838
56	0.01265	0.07620	0.08978	0.02104	0.02660	0.01407	0.64420	0.01709	0.01243	0.01683	0.01051	0.01379	0.00795	0.00457	0.00602	0.00175	0.00871	0.00589	0.00265	0.00727
57	0.00729	0.00531	0.00687	0.00683	0.00792	0.00488	0.00499	0.00940	0.01394	0.01940	0.56921	0.20884	0.09024	0.01241	0.00645	0.00180	0.00267	0.01102	0.00565	0.00488
58	0.01256	0.01201	0.02047	0.21021	0.60631	0.01256	0.01611	0.01584	0.01188	0.01665	0.00997	0.01352	0.00819	0.00492	0.00533	0.00164	0.00656	0.00478	0.00259	0.00791
59	0.00780	0.00522	0.00594	0.00594	0.00596	0.00525	0.00335	0.00786	0.00783	0.01047	0.01684	0.03472	0.01934	0.78892	0.04951	0.00530	0.00547	0.00775	0.00324	0.00330
60	0.00778	0.00529	0.00628	0.00628	0.00643	0.00544	0.00378	0.00808	0.00793	0.01072	0.01652	0.03297	0.01858	0.69299	0.14440	0.00573	0.00661	0.00749	0.00319	0.00349
61	0.01267	0.01448	0.03167	0.02262	0.02805	0.01357	0.75837	0.01719	0.01267	0.01719	0.01086	0.01448	0.00814	0.00452	0.00633	0.00181	0.00905	0.00633	0.00271	0.00724
62	0.52213	0.01202	0.01056	0.00892	0.01242	0.03470	0.00728	0.21568	0.07258	0.02617	0.01027	0.01098	0.00772	0.00559	0.00409	0.00164	0.00475	0.00373	0.02189	0.00690
63	0.01308	0.00866	0.01015	0.07072	0.06999	0.00928	0.00733	0.21542	0.01508	0.02308	0.01508	0.01713	0.01159	0.00612	0.00443	0.00142	0.00408	0.00492	0.48597	0.00646
64	0.00759	0.00557	0.00717	0.00702	0.00835	0.00515	0.00543	0.00998	0.01447	0.01998	0.59156	0.04418	0.13154	0.01179	0.00648	0.00181	0.00288	0.10836	0.00567	0.00499
65	0.05931	0.00919	0.01226	0.00944	0.01356	0.00807	0.00780	0.02572	0.01510	0.74924	0.02059	0.01786	0.01297	0.00657	0.00531	0.00166	0.00455	0.00529	0.00650	0.00899
66	0.09468	0.01080	0.01494	0.01156	0.01566	0.01054	0.11223	0.07916	0.13061	0.43510	0.01800	0.01675	0.01207	0.00628	0.00535	0.00170	0.00520	0.00537	0.00552	0.00848
67	0.02408	0.00914	0.01246	0.00955	0.01370	0.00789	0.00789	0.02616	0.01536	0.78158	0.02118	0.01827	0.01329	0.00664	0.00540	0.00166	0.00457	0.00540	0.00664	0.00914
68	0.00780	0.00523	0.00596	0.00596	0.00600	0.00526	0.00339	0.00788	0.00784	0.01049	0.01681	0.03457	0.01928	0.78098	0.05736	0.00534	0.00557	0.00773	0.00324	0.00331
69	0.02275	0.01128	0.01379	0.01057	0.01477	0.01107	0.00873	0.29307	0.01896	0.50960	0.01816	0.01631	0.01177	0.00657	0.00539	0.00164	0.00505	0.00519	0.00618	0.00913
70	0.01077	0.02777	0.78354	0.01530	0.02323	0.01247	0.01983	0.01700	0.01133	0.01700	0.00963	0.01133	0.00680	0.00510	0.00510	0.00170	0.00793	0.00397	0.00227	0.00793
71	0.01014	0.00954	0.01610	0.79845	0.03697	0.01193	0.01491	0.01371	0.01073	0.01371	0.00954	0.01431	0.00716	0.00537	0.00537	0.00179	0.00716	0.00477	0.00239	0.00596
72	0.01435	0.81458	0.02813	0.00918	0.01378	0.02124	0.00918	0.01607	0.01091	0.01263	0.00746	0.00861	0.00689	0.00459	0.00344	0.00115	0.00574	0.00287	0.00230	0.00689
73	0.03716	0.01411	0.01863	0.06269	0.22043	0.12599	0.08629	0.04058	0.02984	0.01591	0.00993	0.01311	0.02106	0.00671	0.00941	0.00186	0.27181	0.00481	0.00278	0.00691
74	0.02152	0.01196	0.01407	0.01089	0.01497	0.01221	0.00895	0.39893	0.02019	0.37073	0.01729	0.04663	0.01205	0.00694	0.00544	0.00166	0.00519	0.00550	0.00593	0.00894
75	0.00675	0.00513	0.00621	0.00662	0.00767	0.00460	0.00471	0.00824	0.01219	0.01599	0.23014	0.36017	0.28368	0.01425	0.00655	0.00193	0.00283	0.01253	0.00522	0.00460
76	0.00819	0.00594	0.00805	0.00903	0.01025	0.00580	0.00765	0.01046	0.01245	0.01625	0.09916	0.11523	0.09673	0.01452	0.00718	0.00232	0.00439	0.55649	0.00504	0.00487
77	0.01086	0.02722	0.75579	0.01594	0.05072	0.01248	0.01971	0.01698	0.01137	0.01702	0.00965	0.01140	0.00686	0.00509	0.00511	0.00170	0.00788	0.00400	0.00228	0.00795
78	0.01783	0.00815	0.01042	0.00850	0.01153	0.00762	0.00685	0.08268	0.01507	0.42320	0.13516	0.02163	0.01876	0.00908	0.04852	0.00197	0.00454	0.00596	0.15502	0.00753
79	0.01062	0.02695	0.75615	0.01502	0.02269	0.01218	0.01931	0.01666	0.01130	0.01688	0.01034	0.03939	0.00781	0.00551	0.00516	0.00172	0.00776	0.00436	0.00236	0.00781
80	0.01253	0.01247	0.04983	0.08747	0.60199	0.01204	0.01541	0.03004	0.01234	0.01733	0.01299	0.01752	0.04233	0.00580	0.00547	0.00167	0.00625	0.04567	0.00290	0.00793
81	0.02073	0.00835	0.01134	0.00905	0.01256	0.00727	0.00732	0.02278	0.01495	0.63027	0.11278	0.08221	0.01952	0.00796	0.00562	0.00170	0.00421	0.00668	0.00643	0.00827
82	0.01272	0.01270	0.04269	0.06233	0.62582	0.01272	0.01558	0.01599	0.02410	0.01697	0.01154	0.01459	0.03494	0.00552	0.00630	0.00168	0.06803	0.00500	0.00274	0.00804
83	0.01164	0.05450	0.69734	0.01486	0.02239	0.01310	0.01871	0.07465	0.01240	0.01815	0.00981	0.01136	0.00698	0.00519	0.00506	0.00167	0.00770	0.00400	0.00251	0.00799
84	0.01291	0.03574	0.01927	0.17777	0.32702	0.06069	0.09021	0.07317	0.01323	0.01769	0.06876	0.04322	0.01223	0.00601	0.00567	0.00167	0.01878	0.00555	0.00314	0.00728
85	0.01166	0.02343	0.62057	0.01395	0.02072	0.01121	0.01718	0.01702	0.01187	0.08784	0.03925	0.03769	0.01107	0.00631	0.00535	0.00175	0.00713	0.04530	0.00302	0.00768
86	0.01143	0.06279	0.59937	0.01670	0.10902	0.01299	0.01805	0.01779	0.07017	0.01727	0.01053	0.01210	0.00774	0.00521	0.00507	0.00167	0.00736	0.00417	0.00256	0.00799
87	0.01398	0.00967	0.06881	0.02456	0.01273	0.00843	0.00806	0.11482	0.06671	0.21808	0.03745	0.25586	0.05635	0.03790	0.00671	0.00199	0.00451	0.04133	0.00520	0.00684
88	0.03259	0.00613	0.00804	0.00861	0.01004	0.00591	0.00713	0.01124	0.01260	0.06193	0.13456	0.13618	0.11094	0.01362	0.00685	0.00219	0.00412	0.41706	0.00514	0.00512
89	0.01486	0.01081	0.01201	0.00998	0.01301	0.01139	0.00789	0.37910	0.07163	0.05571	0.07895	0.15664	0.07586	0.02332	0.00609	0.00177	0.00463	0.00758	0.00521	0.05354
90	0.01347	0.07626	0.06710	0.11938	0.13331	0.02841	0.38915	0.01732	0.01241	0.07434	0.01099	0.01386	0.00827	0.00488	0.00568	0.00170	0.00778	0.00539	0.00291	0.00739
91	0.08951	0.01631	0.22793	0.07481	0.37339	0.01243	0.05888	0.01648	0.02511	0.01777	0.01046	0.01392	0.00845	0.00524	0.00520	0.00168	0.00672	0.02524	0.00271	0.00776
92	0.00729	0.00508	0.00631	0.00672	0.00724	0.00483	0.00447	0.00838	0.01076	0.01469	0.19259	0.33724	0.06036	0.25795	0.01290	0.00296	0.00362	0.02421	0.02819	0.00421
93	0.10225	0.02843	0.01489	0.04124	0.08793	0.16227	0.06618	0.05750	0.01299	0.12326	0.01547	0.04730	0.07362	0.00708	0.00661	0.00170	0.10018	0.00543	0.02781	0.01785
94	0.06110	0.18587	0.33007	0.01315	0.03145	0.08569	0.06990	0.01689	0.03304	0.03196	0.01310	0.01426	0.06724	0.00572	0.00482	0.00156	0.00684	0.00447	0.00283	0.02003
95	0.00858	0.00617	0.00707	0.00708	0.00805	0.00611	0.00486	0.07658	0.03341	0.01535	0.05002	0.27353	0.14448	0.27427	0.01316	0.00300	0.00401	0.02221	0.03743	0.00463
96	0.01234	0.02121	0.37489	0.03365	0.03576	0.08685	0.23181	0.01692	0.01173	0.01616	0.00957	0.01223	0.00726	0.00548	0.00690	0.00178	0.10098	0.00472	0.00246	0.00730
97	0.01258	0.01617	0.21153	0.03214	0.21551	0.02605	0.14423	0.09087	0.03845	0.01858	0.01273	0.01807	0.01069	0.00800	0.04892	0.00214	0.00749	0.07509	0.00316	0.00758

[dist]
# distance from previous block
# <min> <max>
0	31

[block]
# block no. 4 follows, 45 sequences, length 51
# corresponding to MSA columns:
# 407-457
name=unknown_E
#
# <colnr> <probs for GDERKNQSTAVLIFYWHMCP>
#	G	D	E	R	K	N	Q	S	T	A	V	L	I	F	Y	W	H	M	C	P
0	0.01036	0.00976	0.01650	0.74508	0.08863	0.01198	0.01502	0.01391	0.01084	0.01398	0.00958	0.01424	0.00725	0.00533	0.00536	0.00178	0.00710	0.00477	0.00240	0.00614
1	0.00890	0.00627	0.00779	0.00824	0.03619	0.00593	0.00579	0.01155	0.07270	0.07192	0.15890	0.26751	0.21563	0.04972	0.00734	0.00207	0.00343	0.04965	0.00513	0.00533
2	0.01108	0.07138	0.50893	0.10480	0.09088	0.01264	0.04400	0.01618	0.01143	0.01636	0.01070	0.01474	0.00849	0.00563	0.00523	0.00172	0.00743	0.04840	0.00249	0.00749
3	0.02896	0.03683	0.65220	0.01637	0.04721	0.01271	0.09771	0.01696	0.01145	0.01713	0.00970	0.01163	0.00698	0.00502	0.00518	0.00170	0.00789	0.00421	0.00235	0.00782
4	0.00875	0.00548	0.00738	0.00794	0.00883	0.00530	0.00562	0.01033	0.03142	0.09594	0.02645	0.59706	0.02966	0.01859	0.11085	0.00297	0.00480	0.01269	0.00489	0.00504
5	0.01497	0.01748	0.17018	0.01432	0.01880	0.11977	0.13476	0.10952	0.24063	0.05877	0.01421	0.01478	0.01052	0.00609	0.00580	0.00172	0.03073	0.00511	0.00396	0.00789
6	0.01676	0.01278	0.04919	0.01186	0.05032	0.01297	0.00945	0.46129	0.03746	0.06463	0.06074	0.08117	0.01446	0.00744	0.00539	0.00164	0.00517	0.00602	0.08326	0.00801
7	0.01580	0.24244	0.23368	0.01255	0.03812	0.06199	0.04723	0.04711	0.01303	0.19264	0.01330	0.01368	0.03440	0.00564	0.00480	0.00152	0.00640	0.00437	0.00356	0.00772
8	0.00944	0.00662	0.00700	0.00700	0.00825	0.04625	0.00523	0.03763	0.01148	0.01692	0.04733	0.13613	0.08789	0.05724	0.13285	0.00292	0.00526	0.03828	0.33134	0.00495
9	0.00982	0.08083	0.04254	0.00940	0.04601	0.00777	0.00693	0.06512	0.01185	0.05583	0.02440	0.48191	0.05750	0.04157	0.00684	0.00204	0.00403	0.01115	0.02895	0.00552
10	0.03625	0.18052	0.36898	0.01484	0.07554	0.07038	0.06489	0.03824	0.01231	0.01692	0.06446	0.01307	0.01025	0.00543	0.00490	0.00156	0.00703	0.00434	0.00275	0.00736
11	0.01097	0.01828	0.33105	0.01699	0.02237	0.01198	0.30733	0.01547	0.01152	0.01636	0.01281	0.12648	0.01145	0.00681	0.00659	0.00185	0.05528	0.00656	0.00284	0.00703
12	0.01296	0.01391	0.10212	0.05508	0.60379	0.01241	0.01593	0.04284	0.01227	0.01751	0.01009	0.01326	0.00834	0.00563	0.00612	0.04586	0.00646	0.00469	0.00269	0.00805
13	0.01117	0.01337	0.13475	0.26354	0.29420	0.01191	0.04130	0.01472	0.01143	0.01573	0.01386	0.01685	0.07943	0.00607	0.00608	0.00174	0.04873	0.00532	0.00272	0.00707
14	0.00980	0.05001	0.01089	0.02262	0.01125	0.02800	0.06569	0.09235	0.02640	0.01660	0.05037	0.39576	0.05961	0.08521	0.00805	0.00220	0.00441	0.01055	0.04487	0.00536
15	0.01696	0.01879	0.01462	0.01410	0.07513	0.42486	0.01012	0.11522	0.08568	0.01704	0.01284	0.03554	0.03682	0.00861	0.05279	0.00199	0.04386	0.00478	0.00347	0.00678
16	0.01625	0.35663	0.03267	0.00952	0.01327	0.04191	0.00844	0.06877	0.04043	0.21374	0.02719	0.09871	0.01319	0.03032	0.00534	0.00159	0.00523	0.00540	0.00414	0.00727
17	0.01806	0.10284	0.05124	0.01318	0.10390	0.02965	0.00999	0.08392	0.20139	0.30396	0.01700	0.01608	0.01199	0.00624	0.00515	0.00163	0.00521	0.00505	0.00500	0.00853
18	0.00664	0.00474	0.00628	0.00738	0.00775	0.00443	0.00494	0.00765	0.01051	0.01409	0.07533	0.73850	0.03599	0.03894	0.00740	0.00224	0.00314	0.01471	0.00499	0.00437
19	0.05624	0.01341	0.02760	0.11385	0.06636	0.01309	0.57872	0.01649	0.01219	0.01710	0.01083	0.02885	0.00843	0.00489	0.00602	0.00180	0.00832	0.00606	0.00275	0.00703
20	0.02354	0.01072	0.05720	0.05231	0.04881	0.05211	0.00878	0.10023	0.07287	0.07313	0.03940	0.04573	0.23967	0.02106	0.00676	0.00189	0.04232	0.09261	0.00449	0.00638
21	0.01371	0.36802	0.33174	0.01288	0.04515	0.04500	0.01382	0.06156	0.01227	0.03762	0.00918	0.01045	0.00723	0.00501	0.00440	0.00144	0.00677	0.00359	0.00262	0.00754
22	0.00711	0.00544	0.00787	0.00829	0.00906	0.00515	0.04865	0.00837	0.01049	0.01394	0.03980	0.59463	0.07646	0.05858	0.04471	0.00260	0.00414	0.04549	0.00467	0.00454
23	0.04030	0.11571	0.10700	0.02578	0.06030	0.01096	0.00988	0.02027	0.11496	0.28595	0.01921	0.06120	0.04889	0.00742	0.00529	0.00170	0.00509	0.04766	0.00472	0.00772
24	0.04001	0.01629	0.21222	0.08378	0.22335	0.08677	0.01378	0.01667	0.06267	0.01745	0.07453	0.01731	0.01282	0.00613	0.00527	0.00164	0.00641	0.04225	0.00317	0.05749
25	0.00987	0.01054	0.09764	0.04989	0.02736	0.00872	0.19697	0.01264	0.01156	0.05094	0.06600	0.30605	0.06108	0.01103	0.02414	0.00209	0.03402	0.00958	0.00396	0.00594
26	0.01167	0.02805	0.32280	0.05637	0.27272	0.03331	0.02946	0.01647	0.04721	0.01677	0.01227	0.01574	0.02623	0.00775	0.05239	0.00211	0.00741	0.03090	0.00277	0.00762
27	0.01372	0.08172	0.39595	0.08971	0.13472	0.03702	0.01590	0.01810	0.01212	0.13476	0.01127	0.01271	0.00810	0.00529	0.00507	0.00163	0.00699	0.00428	0.00303	0.00789
28	0.01236	0.01414	0.11125	0.05888	0.04454	0.03954	0.37534	0.01591	0.01192	0.06180	0.01326	0.11618	0.01168	0.00700	0.00715	0.01745	0.06487	0.00677	0.00314	0.00681
29	0.01563	0.09183	0.01417	0.01137	0.01415	0.35480	0.00882	0.06040	0.19312	0.01692	0.05116	0.07662	0.05386	0.00744	0.00519	0.00157	0.00662	0.00570	0.00393	0.00670
30	0.01170	0.11017	0.51839	0.05967	0.05464	0.01282	0.04503	0.01662	0.01147	0.05153	0.01104	0.05357	0.00876	0.00571	0.00509	0.00167	0.00721	0.00468	0.00266	0.00757
31	0.01500	0.02673	0.01344	0.01228	0.07630	0.07878	0.00897	0.20866	0.13720	0.08214	0.04429	0.06097	0.08556	0.00895	0.03431	0.00192	0.04231	0.00619	0.00460	0.05142
32	0.01010	0.00707	0.00813	0.00766	0.00869	0.00739	0.00526	0.15679	0.01197	0.01624	0.01867	0.19451	0.02023	0.39749	0.07277	0.00395	0.00546	0.00856	0.03424	0.00483
33	0.01263	0.01416	0.15788	0.03476	0.32993	0.01148	0.07915	0.03114	0.02672	0.07235	0.03741	0.10397	0.01296	0.00681	0.00616	0.00175	0.04363	0.00617	0.00333	0.00760
34	0.02402	0.01516	0.13624	0.06710	0.45126	0.04496	0.10036	0.01637	0.01215	0.01703	0.01107	0.01580	0.00937	0.00547	0.00548	0.00169	0.00698	0.04896	0.00274	0.00779
35	0.00754	0.00548	0.00709	0.00669	0.00798	0.00504	0.00502	0.01001	0.01505	0.02118	0.73996	0.04066	0.08593	0.01110	0.00633	0.00169	0.00254	0.00979	0.00586	0.00504
36	0.00721	0.00553	0.00631	0.00608	0.00770	0.00482	0.00457	0.00908	0.01356	0.03152	0.36357	0.04608	0.45009	0.01234	0.00632	0.00176	0.00267	0.01052	0.00541	0.00484
37	0.01510	0.24754	0.08961	0.01253	0.03309	0.24554	0.02405	0.05676	0.06218	0.01524	0.01081	0.06814	0.00976	0.00652	0.00591	0.00155	0.08127	0.00463	0.00301	0.00678
38	0.01312	0.01252	0.02132	0.03213	0.75051	0.01252	0.01619	0.01628	0.01223	0.01748	0.01075	0.01497	0.00930	0.00514	0.00539	0.00163	0.00633	0.03107	0.00274	0.00838
39	0.00776	0.00519	0.00587	0.00591	0.00592	0.00518	0.00331	0.00779	0.00789	0.01052	0.01734	0.06113	0.02005	0.78462	0.02663	0.00510	0.00513	0.00806	0.00331	0.00329
40	0.00808	0.01791	0.00831	0.00803	0.00887	0.00649	0.00607	0.00940	0.00855	0.01234	0.01412	0.02157	0.01344	0.10378	0.58703	0.09719	0.01177	0.00573	0.04688	0.00444
41	0.02957	0.18371	0.40355	0.01483	0.05961	0.03565	0.09244	0.01605	0.01140	0.01590	0.01104	0.08210	0.00959	0.00597	0.00501	0.00163	0.00706	0.00500	0.00262	0.00727
42	0.00654	0.00532	0.00579	0.00593	0.00744	0.00457	0.00435	0.00798	0.01231	0.01529	0.14401	0.17113	0.56311	0.01377	0.00642	0.00186	0.00276	0.01175	0.00510	0.00457
43	0.02588	0.00970	0.01621	0.74835	0.07072	0.01197	0.01481	0.01388	0.01077	0.01408	0.00953	0.01416	0.00719	0.00533	0.00533	0.00178	0.00706	0.00474	0.00242	0.00608
44	0.07780	0.01441	0.13767	0.04981	0.07649	0.01216	0.34658	0.03296	0.01193	0.01798	0.01143	0.03635	0.00911	0.00551	0.00604	0.00173	0.04456	0.00552	0.09503	0.00692
45	0.02995	0.01446	0.05800	0.24546	0.02379	0.14865	0.13177	0.04861	0.01239	0.07071	0.01035	0.01337	0.00800	0.00722	0.03724	0.00202	0.10910	0.00476	0.00298	0.02118
46	0.01679	0.14971	0.07601	0.01085	0.01488	0.01427	0.00961	0.31978	0.09390	0.11768	0.05010	0.03627	0.01295	0.04586	0.00619	0.00176	0.00544	0.00527	0.00468	0.00799
47	0.01060	0.00818	0.00951	0.05587	0.01187	0.03592	0.00687	0.09894	0.05084	0.03797	0.10998	0.30676	0.05176	0.01083	0.00624	0.00178	0.03244	0.00932	0.06966	0.07468
48	0.25647	0.03330	0.29879	0.01351	0.10243	0.03791	0.01253	0.02747	0.01119	0.01930	0.04600	0.04087	0.01015	0.00591	0.00495	0.00167	0.02642	0.00446	0.03981	0.00687
49	0.14545	0.18603	0.15504	0.00912	0.01286	0.01169	0.00905	0.01513	0.01096	0.06592	0.03485	0.04259	0.01118	0.00785	0.04591	0.00186	0.03057	0.00453	0.16861	0.03080
50	0.01090	0.00827	0.00984	0.00960	0.05601	0.00840	0.00663	0.16493	0.03394	0.01792	0.03556	0.08959	0.10781	0.24826	0.06745	0.00322	0.00542	0.04142	0.00415	0.07069

[dist]
# distance from previous block
# <min> <max>
0	6

[block]
# block no. 5 follows, 45 sequences, length 23
# corresponding to MSA columns:
# 470-492
name=unknown_F
#
# <colnr> <probs for GDERKNQSTAVLIFYWHMCP>
#	G	D	E	R	K	N	Q	S	T	A	V	L	I	F	Y	W	H	M	C	P
0	0.01506	0.49230	0.07846	0.01013	0.01431	0.09078	0.00972	0.06783	0.01248	0.05255	0.00957	0.01074	0.00793	0.00525	0.00445	0.00132	0.03383	0.00351	0.07281	0.00697
1	0.01176	0.01115	0.13005	0.04028	0.01364	0.03549	0.00907	0.01622	0.11437	0.12866	0.12936	0.10201	0.10411	0.00965	0.00589	0.00183	0.00468	0.09316	0.03211	0.00650
2	0.01765	0.08263	0.01759	0.01297	0.01690	0.13427	0.07932	0.36309	0.17655	0.02497	0.01342	0.01368	0.01003	0.00615	0.00524	0.00160	0.00642	0.00486	0.00449	0.00819
3	0.00933	0.00612	0.00790	0.00744	0.00861	0.00571	0.00521	0.04508	0.00956	0.01321	0.01574	0.19565	0.03098	0.08420	0.03077	0.35761	0.00447	0.00722	0.00337	0.15183
4	0.01122	0.24495	0.33511	0.01260	0.01759	0.01384	0.06330	0.01482	0.01093	0.01494	0.01246	0.15133	0.01199	0.00725	0.00578	0.00167	0.05472	0.00585	0.00279	0.00683
5	0.01381	0.39334	0.24568	0.02769	0.01783	0.13347	0.04344	0.01697	0.01188	0.01445	0.03126	0.01086	0.00823	0.00508	0.00438	0.00140	0.00704	0.00366	0.00248	0.00703
6	0.01269	0.01206	0.02049	0.12073	0.65446	0.01234	0.01591	0.01589	0.01206	0.01702	0.01093	0.01571	0.00944	0.00534	0.00542	0.00166	0.00640	0.04069	0.00274	0.00803
7	0.01349	0.00624	0.00702	0.00625	0.00825	0.00601	0.00488	0.03846	0.01261	0.19191	0.01819	0.01940	0.01351	0.00635	0.00417	0.00135	0.00307	0.00509	0.62767	0.00606
8	0.09548	0.01351	0.07748	0.01299	0.01742	0.01265	0.15062	0.23594	0.09201	0.17394	0.01632	0.01636	0.04780	0.00631	0.00540	0.00170	0.00591	0.00542	0.00467	0.00808
9	0.01156	0.00683	0.00790	0.05629	0.01034	0.00691	0.00575	0.08114	0.03101	0.09014	0.04870	0.02476	0.14372	0.00902	0.02240	0.04284	0.00374	0.00627	0.38500	0.00569
10	0.00654	0.00467	0.00623	0.00747	0.00779	0.00436	0.00498	0.00747	0.01028	0.01370	0.02959	0.80785	0.03550	0.01682	0.00685	0.00218	0.00311	0.01526	0.00498	0.00436
11	0.00652	0.00477	0.00613	0.00722	0.00772	0.00438	0.00487	0.00750	0.01052	0.01380	0.03266	0.71411	0.12726	0.01642	0.00679	0.00213	0.00307	0.01477	0.00498	0.00438
12	0.03765	0.27601	0.08447	0.01252	0.01569	0.07881	0.08845	0.02974	0.01097	0.01446	0.01041	0.09485	0.01009	0.00724	0.00792	0.00171	0.20463	0.00518	0.00276	0.00645
13	0.03975	0.71668	0.09771	0.00969	0.01455	0.02014	0.01007	0.01615	0.01089	0.01339	0.00766	0.00887	0.00685	0.00465	0.00359	0.00122	0.00590	0.00297	0.00233	0.00695
14	0.01567	0.01332	0.07767	0.01056	0.01513	0.01186	0.00920	0.35774	0.01777	0.05169	0.01226	0.03456	0.00950	0.00572	0.00484	0.00133	0.00515	0.00447	0.02636	0.31520
15	0.02665	0.08751	0.12655	0.01136	0.04117	0.01129	0.03273	0.13601	0.04970	0.19148	0.09471	0.01863	0.05699	0.00666	0.00518	0.00155	0.00519	0.00544	0.00455	0.08668
16	0.01222	0.23056	0.44960	0.01266	0.01879	0.01442	0.01487	0.07816	0.01274	0.01768	0.08047	0.01342	0.01109	0.00563	0.00480	0.00155	0.00669	0.00429	0.00287	0.00749
17	0.01217	0.01101	0.01292	0.03956	0.03939	0.11674	0.07830	0.09498	0.05074	0.02961	0.05144	0.07976	0.08285	0.01125	0.03085	0.01872	0.00606	0.22329	0.00430	0.00606
18	0.00932	0.00466	0.00699	0.00699	0.00699	0.00466	0.00466	0.00699	0.00699	0.00932	0.00932	0.01632	0.00932	0.01865	0.02098	0.84382	0.00466	0.00466	0.00233	0.00233
19	0.01603	0.01240	0.01316	0.01081	0.01430	0.01373	0.00870	0.40230	0.27086	0.02727	0.02107	0.02020	0.10505	0.00759	0.00547	0.00169	0.00486	0.00604	0.03024	0.00824
20	0.00777	0.00534	0.00655	0.00655	0.00679	0.00558	0.00412	0.00825	0.00801	0.01092	0.01628	0.03161	0.01799	0.61800	0.21858	0.00606	0.00750	0.00729	0.00316	0.00364
21	0.20523	0.03447	0.03155	0.03954	0.01540	0.35604	0.00931	0.14849	0.01482	0.01948	0.00953	0.01107	0.00758	0.00734	0.04490	0.00187	0.00761	0.00378	0.02541	0.00658
22	0.09271	0.29518	0.05086	0.02980	0.03823	0.11903	0.00941	0.14365	0.05507	0.01812	0.01068	0.02654	0.00930	0.07284	0.00629	0.00175	0.00612	0.00424	0.00329	0.00690

[dist]
# distance from previous block
# <min> <max>
0	9

[block]
# block no. 6 follows, 45 sequences, length 13
# corresponding to MSA columns:
# 502-514
name=unknown_G
#
# <colnr> <probs for GDERKNQSTAVLIFYWHMCP>
#	G	D	E	R	K	N	Q	S	T	A	V	L	I	F	Y	W	H	M	C	P
0	0.01484	0.01183	0.01452	0.04385	0.01603	0.04799	0.10020	0.16773	0.23123	0.07428	0.01581	0.01639	0.01181	0.00679	0.01990	0.00171	0.00549	0.00525	0.11942	0.07492
1	0.01773	0.01497	0.05005	0.01639	0.12266	0.01521	0.10302	0.50820	0.02081	0.02825	0.01200	0.01301	0.00878	0.00583	0.00542	0.00161	0.00637	0.00491	0.00446	0.04034
2	0.01493	0.01340	0.10697	0.01136	0.01522	0.01269	0.00990	0.07011	0.52805	0.12667	0.01973	0.01830	0.01436	0.00688	0.00540	0.00177	0.00484	0.00565	0.00523	0.00855
3	0.01656	0.01059	0.01239	0.01030	0.01312	0.01124	0.00813	0.34849	0.01771	0.17344	0.01844	0.20359	0.01678	0.06277	0.00783	0.00203	0.04633	0.00760	0.00523	0.00744
4	0.01312	0.03508	0.20417	0.07710	0.45559	0.03366	0.01627	0.01728	0.03324	0.04836	0.01062	0.01307	0.00834	0.00506	0.00522	0.00163	0.00674	0.00457	0.00278	0.00812
5	0.00765	0.00568	0.00825	0.00814	0.00918	0.00628	0.00628	0.00973	0.01033	0.01482	0.21203	0.02603	0.02309	0.03265	0.58642	0.00682	0.01130	0.00678	0.00366	0.00486
6	0.01052	0.00866	0.00780	0.00722	0.00940	0.11279	0.00550	0.01208	0.01330	0.10899	0.11079	0.04073	0.50949	0.01139	0.00602	0.00172	0.00388	0.00937	0.00497	0.00538
7	0.02996	0.02275	0.01258	0.10651	0.01598	0.06215	0.00870	0.18651	0.03801	0.24624	0.02074	0.12713	0.08258	0.00835	0.00557	0.00173	0.00517	0.00689	0.00504	0.00738
8	0.05915	0.01120	0.01305	0.01032	0.01413	0.01146	0.00838	0.26325	0.11016	0.37038	0.01771	0.01717	0.01229	0.04844	0.00644	0.00185	0.00498	0.00531	0.00575	0.00859
9	0.00724	0.00567	0.00845	0.11657	0.01248	0.00571	0.03189	0.00866	0.01042	0.01382	0.02620	0.67202	0.03068	0.01483	0.00663	0.00211	0.00387	0.01352	0.00455	0.00468
10	0.01440	0.02189	0.53056	0.01502	0.07288	0.01130	0.01650	0.01934	0.01244	0.21571	0.01266	0.01327	0.00860	0.00548	0.00519	0.00168	0.00695	0.00439	0.00343	0.00828
11	0.07913	0.03814	0.60417	0.01522	0.05673	0.01275	0.03078	0.05570	0.01202	0.03333	0.00986	0.01144	0.00707	0.00516	0.00498	0.00168	0.00737	0.00402	0.00263	0.00784
12	0.06687	0.02527	0.65610	0.01549	0.02286	0.01255	0.09327	0.01694	0.01132	0.01749	0.00961	0.01148	0.00687	0.00503	0.00511	0.00171	0.00779	0.00413	0.00238	0.00772

[dist]
# distance from previous block
# <min> <max>
3	10

[block]
# block no. 7 follows, 45 sequences, length 11
# corresponding to MSA columns:
# 525-535
name=unknown_H
#
# <colnr> <probs for GDERKNQSTAVLIFYWHMCP>
#	G	D	E	R	K	N	Q	S	T	A	V	L	I	F	Y	W	H	M	C	P
0	0.01716	0.01325	0.01638	0.17839	0.10430	0.01478	0.01170	0.45669	0.06598	0.04870	0.01267	0.01382	0.00921	0.00609	0.00537	0.00166	0.00608	0.00491	0.00449	0.00836
