[name]
unknown

[dist]
# distance from previous block
# <min> <max>
12	57

[block]
# block no. 0 follows, 45 sequences, length 8
# corresponding to MSA columns:
# 62-69
name=unknown_A
#
# <colnr> <probs for GDERKNQSTAVLIFYWHMCP>
#	G	D	E	R	K	N	Q	S	T	A	V	L	I	F	Y	W	H	M	C	P
0	0.01142	0.00899	0.01161	0.02303	0.01260	0.00937	0.04124	0.07609	0.08223	0.04855	0.04597	0.11361	0.05158	0.03757	0.03478	0.00206	0.11308	0.05103	0.06098	0.16420
1	0.07005	0.03871	0.03729	0.03511	0.01319	0.01047	0.00780	0.21672	0.04260	0.04153	0.01587	0.09204	0.02925	0.08770	0.00727	0.00191	0.00482	0.04116	0.05170	0.15481
2	0.05004	0.01132	0.03921	0.13085	0.04117	0.01123	0.10864	0.15732	0.01490	0.14850	0.09584	0.04745	0.01452	0.00676	0.00599	0.00168	0.03937	0.00582	0.00429	0.06512
3	0.02081	0.00899	0.01177	0.00936	0.01281	0.00836	0.00756	0.05439	0.04511	0.58299	0.02014	0.04169	0.01409	0.05996	0.00723	0.00192	0.03256	0.00580	0.04619	0.00827
4	0.06561	0.00658	0.00734	0.00761	0.00858	0.03882	0.00530	0.00990	0.01001	0.03941	0.02189	0.39563	0.02478	0.19585	0.06972	0.00320	0.00493	0.03554	0.00419	0.04509
5	0.00879	0.00618	0.00717	0.00690	0.00757	0.00637	0.00452	0.07900	0.01003	0.01339	0.01966	0.08720	0.07027	0.52800	0.11815	0.00485	0.00611	0.00804	0.00365	0.00417
6	0.01968	0.01433	0.01533	0.01184	0.01592	0.01583	0.00975	0.70761	0.02426	0.03286	0.01321	0.01339	0.00945	0.00643	0.00526	0.00159	0.00567	0.00484	0.06392	0.00884
7	0.01527	0.01197	0.01284	0.01108	0.01440	0.01356	0.00875	0.15374	0.59132	0.07433	0.02027	0.01869	0.01494	0.00710	0.00544	0.00177	0.00455	0.00581	0.00552	0.00865

[dist]
# distance from previous block
# <min> <max>
1	7

[block]
# block no. 1 follows, 45 sequences, length 27
# corresponding to MSA columns:
# 77-103
name=unknown_B
#
# <colnr> <probs for GDERKNQSTAVLIFYWHMCP>
#	G	D	E	R	K	N	Q	S	T	A	V	L	I	F	Y	W	H	M	C	P
0	0.02851	0.06132	0.00943	0.00740	0.00959	0.00734	0.00583	0.01355	0.08440	0.08712	0.42425	0.03410	0.15266	0.00981	0.00581	0.00164	0.00321	0.00836	0.00537	0.04029
1	0.65433	0.01318	0.13693	0.00860	0.01274	0.01183	0.00828	0.01668	0.00992	0.07411	0.00876	0.00980	0.00648	0.00511	0.00376	0.00167	0.00481	0.00325	0.00337	0.00639
2	0.01493	0.50000	0.13386	0.01102	0.01553	0.11867	0.01098	0.01724	0.01159	0.05566	0.00861	0.00989	0.00724	0.00523	0.00493	0.00137	0.06029	0.00337	0.00260	0.00701
3	0.01344	0.09053	0.10462	0.04599	0.40569	0.03045	0.06484	0.04979	0.10818	0.01810	0.01140	0.01350	0.00909	0.00520	0.00520	0.00161	0.00647	0.00475	0.00305	0.00811
4	0.06940	0.00937	0.01059	0.00775	0.01226	0.00735	0.00620	0.01335	0.01105	0.01779	0.01186	0.01319	0.05005	0.00458	0.00406	0.00091	0.00392	0.00361	0.00329	0.73941
5	0.00700	0.00541	0.00641	0.00650	0.00787	0.00482	0.00488	0.00882	0.01311	0.01716	0.32204	0.14504	0.35599	0.01310	0.00648	0.00186	0.00285	0.06059	0.00533	0.00474
6	0.00654	0.00467	0.00623	0.00747	0.00779	0.00436	0.00498	0.00747	0.01028	0.01370	0.02959	0.80785	0.03550	0.01682	0.00685	0.00218	0.00311	0.01526	0.00498	0.00436
7	0.00760	0.00549	0.00718	0.00675	0.00802	0.00506	0.00506	0.01013	0.01519	0.02153	0.77503	0.04010	0.05065	0.01097	0.00633	0.00169	0.00253	0.00971	0.00591	0.00506
8	0.01014	0.00954	0.01610	0.79845	0.03697	0.01193	0.01491	0.01371	0.01073	0.01371	0.00954	0.01431	0.00716	0.00537	0.00537	0.00179	0.00716	0.00477	0.00239	0.00596
9	0.01435	0.81458	0.02813	0.00918	0.01378	0.02124	0.00918	0.01607	0.01091	0.01263	0.00746	0.00861	0.00689	0.00459	0.00344	0.00115	0.00574	0.00287	0.00230	0.00689
10	0.00779	0.00527	0.00616	0.00616	0.00627	0.00537	0.00364	0.00800	0.00790	0.01064	0.01663	0.03356	0.01884	0.72539	0.11235	0.00559	0.00623	0.00758	0.00321	0.00342
11	0.00653	0.00545	0.00570	0.00564	0.00737	0.00461	0.00423	0.00807	0.01268	0.01557	0.16376	0.04990	0.66564	0.01320	0.00634	0.00179	0.00269	0.01108	0.00513	0.00461
12	0.01111	0.01073	0.01617	0.22013	0.05171	0.01417	0.02692	0.01301	0.00912	0.01327	0.00837	0.01318	0.00757	0.01002	0.05627	0.02668	0.47848	0.00481	0.00241	0.00587
13	0.01862	0.01417	0.04806	0.04608	0.10962	0.01461	0.01118	0.47576	0.07491	0.11150	0.01383	0.01403	0.00986	0.00623	0.00536	0.00164	0.00583	0.00494	0.00494	0.00883
14	0.02283	0.00930	0.01236	0.00959	0.01358	0.00831	0.00788	0.05296	0.04555	0.69165	0.05259	0.01906	0.01483	0.00684	0.00544	0.00167	0.00452	0.00558	0.00652	0.00894
15	0.00654	0.00467	0.00623	0.00747	0.00779	0.00436	0.00498	0.00747	0.01028	0.01370	0.02959	0.80785	0.03550	0.01682	0.00685	0.00218	0.00311	0.01526	0.00498	0.00436
16	0.00767	0.00575	0.00863	0.00863	0.00959	0.00671	0.00671	0.00959	0.00863	0.01246	0.01438	0.02109	0.01342	0.04026	0.79008	0.00863	0.01438	0.00575	0.00288	0.00479
17	0.01401	0.56054	0.07789	0.01082	0.01468	0.07153	0.01047	0.01593	0.01074	0.01302	0.00759	0.00944	0.00691	0.00556	0.00623	0.00142	0.15081	0.00332	0.00234	0.00673
18	0.01157	0.01081	0.05452	0.00910	0.01398	0.00798	0.03702	0.01479	0.04313	0.03592	0.01039	0.01182	0.00838	0.00426	0.00423	0.00095	0.00442	0.00352	0.00329	0.70991
19	0.01552	0.05362	0.06151	0.06946	0.14334	0.37392	0.02739	0.03175	0.01325	0.01464	0.01121	0.06721	0.02530	0.00655	0.00601	0.00160	0.06331	0.00493	0.00289	0.00660
20	0.01151	0.01150	0.01593	0.01490	0.08333	0.06561	0.06734	0.01336	0.01024	0.01458	0.09237	0.03362	0.01330	0.01199	0.09607	0.00277	0.42700	0.00564	0.00293	0.00600
21	0.84927	0.01038	0.00789	0.00706	0.01038	0.01204	0.00581	0.01578	0.00914	0.02408	0.00747	0.00872	0.00581	0.00498	0.00332	0.00166	0.00415	0.00291	0.00332	0.00581
22	0.00767	0.00575	0.00863	0.00863	0.00959	0.00671	0.00671	0.00959	0.00863	0.01246	0.01438	0.02109	0.01342	0.04026	0.79008	0.00863	0.01438	0.00575	0.00288	0.00479
23	0.00781	0.00520	0.00585	0.00585	0.00585	0.00520	0.00325	0.00781	0.00781	0.01041	0.01691	0.03513	0.01952	0.81135	0.02732	0.00520	0.00520	0.00781	0.00325	0.00325
24	0.02081	0.01439	0.01571	0.01204	0.01632	0.01569	0.00995	0.67964	0.02416	0.11568	0.01380	0.01348	0.00958	0.00647	0.00537	0.00162	0.00576	0.00489	0.00551	0.00913
25	0.01421	0.01285	0.02421	0.05437	0.29591	0.01258	0.32953	0.01806	0.03036	0.11263	0.01197	0.01457	0.00904	0.00512	0.00612	0.00173	0.03011	0.00554	0.00323	0.00787
26	0.01121	0.01033	0.01670	0.50997	0.16488	0.01198	0.03317	0.04480	0.06283	0.01592	0.01182	0.04865	0.00974	0.00606	0.00549	0.00178	0.00661	0.01848	0.00292	0.00666

[dist]
# distance from previous block
# <min> <max>
0	2

[block]
# block no. 2 follows, 45 sequences, length 91
# corresponding to MSA columns:
# 106-122,124-197
name=unknown_C
#
# <colnr> <probs for GDERKNQSTAVLIFYWHMCP>
#	G	D	E	R	K	N	Q	S	T	A	V	L	I	F	Y	W	H	M	C	P
0	0.02036	0.01456	0.01577	0.01208	0.01638	0.01590	0.00997	0.69898	0.02431	0.07478	0.01326	0.01314	0.00933	0.00639	0.00533	0.00159	0.00578	0.00482	0.00538	0.03190
1	0.36981	0.01214	0.01261	0.12346	0.06894	0.07950	0.02155	0.09501	0.02725	0.12711	0.01081	0.01198	0.00791	0.00549	0.00447	0.00165	0.00554	0.00401	0.00380	0.00694
2	0.01901	0.01267	0.01429	0.01083	0.01520	0.01284	0.00890	0.45202	0.02018	0.17210	0.01371	0.01351	0.00965	0.00592	0.00506	0.00144	0.00522	0.00457	0.00512	0.19778
3	0.00760	0.00549	0.00718	0.00675	0.00802	0.00506	0.00506	0.01013	0.01519	0.02153	0.77503	0.04010	0.05065	0.01097	0.00633	0.00169	0.00253	0.00971	0.00591	0.00506
4	0.84927	0.01038	0.00789	0.00706	0.01038	0.01204	0.00581	0.01578	0.00914	0.02408	0.00747	0.00872	0.00581	0.00498	0.00332	0.00166	0.00415	0.00291	0.00332	0.00581
5	0.00955	0.00810	0.07443	0.00864	0.01084	0.00637	0.04071	0.01234	0.01426	0.08604	0.52111	0.06453	0.03937	0.02618	0.00665	0.00183	0.00368	0.05430	0.00537	0.00569
6	0.00652	0.00474	0.00616	0.00730	0.00774	0.00437	0.00490	0.00749	0.01045	0.01377	0.03174	0.74224	0.09972	0.01654	0.00681	0.00215	0.00308	0.01492	0.00498	0.00437
7	0.03545	0.33988	0.23869	0.01092	0.01644	0.01466	0.02454	0.01676	0.01144	0.08185	0.00971	0.01079	0.00760	0.00481	0.00423	0.00131	0.00596	0.00352	0.00286	0.15859
8	0.01454	0.01397	0.10160	0.29152	0.08976	0.05591	0.02755	0.14870	0.07824	0.09335	0.01227	0.01421	0.00896	0.00583	0.00555	0.00171	0.02038	0.00482	0.00362	0.00752
9	0.04153	0.01291	0.01427	0.01096	0.01522	0.01343	0.00899	0.46200	0.06543	0.13810	0.01390	0.01368	0.00987	0.00606	0.00508	0.00149	0.00524	0.00465	0.00513	0.15207
10	0.00634	0.00544	0.00544	0.00544	0.00725	0.00453	0.00408	0.00770	0.01224	0.01450	0.05438	0.05166	0.77569	0.01359	0.00634	0.00181	0.00272	0.01133	0.00498	0.00453
11	0.01317	0.01340	0.01913	0.27276	0.44459	0.11331	0.01519	0.01624	0.01214	0.01576	0.00969	0.01314	0.00787	0.00506	0.00527	0.00163	0.00705	0.00461	0.00259	0.00740
12	0.00781	0.00520	0.00585	0.00585	0.00585	0.00520	0.00325	0.00781	0.00781	0.01041	0.01691	0.03513	0.01952	0.81135	0.02732	0.00520	0.00520	0.00781	0.00325	0.00325
13	0.04018	0.09192	0.01629	0.01328	0.01588	0.60674	0.01032	0.01976	0.01381	0.01335	0.00805	0.00982	0.00690	0.00592	0.00627	0.00149	0.10756	0.00355	0.00269	0.00623
14	0.01339	0.01334	0.02669	0.14953	0.06471	0.02774	0.52191	0.01743	0.01261	0.08121	0.01143	0.01462	0.00841	0.00487	0.00602	0.00178	0.00824	0.00587	0.00299	0.00723
15	0.00656	0.00478	0.00613	0.00719	0.00766	0.00441	0.00482	0.00751	0.01041	0.01368	0.03195	0.69617	0.11851	0.04351	0.00749	0.00224	0.00314	0.01456	0.00492	0.00434
16	0.01145	0.03746	0.47221	0.01678	0.02361	0.01252	0.24399	0.01674	0.01172	0.01702	0.00996	0.01222	0.00731	0.00482	0.00535	0.00164	0.00789	0.00460	0.00248	0.08025
17	0.84927	0.01038	0.00789	0.00706	0.01038	0.01204	0.00581	0.01578	0.00914	0.02408	0.00747	0.00872	0.00581	0.00498	0.00332	0.00166	0.00415	0.00291	0.00332	0.00581
18	0.01040	0.00981	0.01658	0.73371	0.09963	0.01200	0.01504	0.01395	0.01086	0.01404	0.00959	0.01422	0.00727	0.00532	0.00536	0.00177	0.00709	0.00477	0.00241	0.00618
19	0.05352	0.03297	0.01848	0.11770	0.43001	0.01275	0.01356	0.11480	0.03023	0.08589	0.03116	0.01429	0.00993	0.00545	0.00522	0.00162	0.00599	0.00486	0.00349	0.00808
20	0.04043	0.03017	0.01263	0.00941	0.01348	0.00825	0.00780	0.02525	0.01511	0.72517	0.04098	0.01841	0.01398	0.00667	0.00533	0.00165	0.00453	0.00540	0.00644	0.00890
21	0.00767	0.00575	0.00863	0.00863	0.00959	0.00671	0.00671	0.00959	0.00863	0.01246	0.01438	0.02109	0.01342	0.04026	0.79008	0.00863	0.01438	0.00575	0.00288	0.00479
22	0.00973	0.00820	0.00927	0.03017	0.01194	0.07464	0.00831	0.01298	0.07626	0.01595	0.02719	0.12993	0.06853	0.01328	0.00685	0.00224	0.00504	0.47946	0.00474	0.00530
23	0.01307	0.01549	0.10998	0.10242	0.30864	0.05768	0.25900	0.03705	0.01265	0.01717	0.01021	0.01334	0.00798	0.00488	0.00560	0.00168	0.00768	0.00512	0.00268	0.00766
24	0.00946	0.00844	0.01211	0.03136	0.01216	0.01100	0.00903	0.01101	0.00864	0.01280	0.01224	0.08173	0.01224	0.02364	0.36014	0.00511	0.36481	0.00604	0.00280	0.00527
25	0.00654	0.00475	0.00618	0.00729	0.00775	0.00439	0.00491	0.00755	0.01054	0.01393	0.04648	0.72865	0.09841	0.01643	0.00680	0.00214	0.00307	0.01482	0.00500	0.00439
26	0.01487	0.54978	0.12743	0.01126	0.03627	0.04976	0.01100	0.11495	0.01307	0.01618	0.00858	0.00971	0.00722	0.00495	0.00403	0.00131	0.00623	0.00335	0.00273	0.00734
27	0.03581	0.04690	0.02008	0.02575	0.49916	0.21304	0.03364	0.01792	0.01294	0.03110	0.00970	0.01219	0.00805	0.00500	0.00510	0.00153	0.00718	0.00437	0.00277	0.00777
28	0.00657	0.00514	0.00596	0.00640	0.00755	0.00453	0.00455	0.00791	0.01182	0.01504	0.13208	0.34845	0.39579	0.01455	0.00654	0.00194	0.00285	0.01268	0.00510	0.00453
29	0.00767	0.00575	0.00863	0.00863	0.00959	0.00671	0.00671	0.00959	0.00863	0.01246	0.01438	0.02109	0.01342	0.04026	0.79008	0.00863	0.01438	0.00575	0.00288	0.00479
30	0.01331	0.01270	0.02159	0.06580	0.71231	0.01283	0.03047	0.03464	0.01249	0.01776	0.01016	0.01334	0.00845	0.00484	0.00534	0.00161	0.00645	0.00481	0.00271	0.00838
31	0.01220	0.01391	0.05827	0.10367	0.12486	0.01291	0.52465	0.01641	0.01230	0.01678	0.01132	0.03053	0.00905	0.00513	0.00609	0.00180	0.00826	0.02191	0.00275	0.00719
32	0.08724	0.01433	0.01527	0.01256	0.01513	0.08595	0.01029	0.34605	0.04972	0.02358	0.01043	0.01217	0.00826	0.00727	0.00929	0.00185	0.27464	0.00455	0.00395	0.00746
33	0.04458	0.70059	0.09134	0.00973	0.01446	0.02005	0.01002	0.01607	0.01082	0.01343	0.00764	0.00892	0.00685	0.00476	0.00389	0.00124	0.02335	0.00300	0.00233	0.00692
34	0.00794	0.00637	0.00685	0.00642	0.00834	0.00584	0.00490	0.07226	0.02810	0.01785	0.21094	0.04521	0.53503	0.01229	0.00624	0.00177	0.00298	0.01032	0.00523	0.00511
35	0.02169	0.01297	0.01483	0.01137	0.01562	0.01358	0.00939	0.50307	0.02178	0.29561	0.01579	0.01477	0.01058	0.00651	0.00538	0.00163	0.00544	0.00503	0.00582	0.00913
36	0.00932	0.00466	0.00699	0.00699	0.00699	0.00466	0.00466	0.00699	0.00699	0.00932	0.00932	0.01632	0.00932	0.01865	0.02098	0.84382	0.00466	0.00466	0.00233	0.00233
37	0.00781	0.00520	0.00585	0.00585	0.00585	0.00520	0.00325	0.00781	0.00781	0.01041	0.01691	0.03513	0.01952	0.81135	0.02732	0.00520	0.00520	0.00781	0.00325	0.00325
38	0.01335	0.01153	0.01214	0.01092	0.01396	0.01335	0.00850	0.02852	0.76817	0.02245	0.02185	0.02003	0.01639	0.00728	0.00546	0.00182	0.00425	0.00607	0.00546	0.00850
39	0.01113	0.00954	0.01113	0.00795	0.01272	0.00716	0.00636	0.01352	0.01113	0.01749	0.00954	0.01113	0.00795	0.00398	0.00398	0.00080	0.00398	0.00318	0.00318	0.84417
40	0.00760	0.00549	0.00718	0.00675	0.00802	0.00506	0.00506	0.01013	0.01519	0.02153	0.77503	0.04010	0.05065	0.01097	0.00633	0.00169	0.00253	0.00971	0.00591	0.00506
41	0.01077	0.02777	0.78354	0.01530	0.02323	0.01247	0.01983	0.01700	0.01133	0.01700	0.00963	0.01133	0.00680	0.00510	0.00510	0.00170	0.00793	0.00397	0.00227	0.00793
42	0.00662	0.00479	0.00626	0.00729	0.00777	0.00443	0.00494	0.00772	0.01082	0.01443	0.09570	0.69732	0.07981	0.01612	0.00678	0.00212	0.00304	0.01455	0.00506	0.00443
43	0.00781	0.00520	0.00585	0.00585	0.00585	0.00520	0.00325	0.00781	0.00781	0.01041	0.01691	0.03513	0.01952	0.81135	0.02732	0.00520	0.00520	0.00781	0.00325	0.00325
44	0.01333	0.01332	0.02334	0.03077	0.63308	0.02955	0.14345	0.01670	0.01236	0.01738	0.01019	0.01341	0.00841	0.00475	0.00548	0.00163	0.00691	0.00502	0.00267	0.00824
45	0.01113	0.00954	0.01113	0.00795	0.01272	0.00716	0.00636	0.01352	0.01113	0.01749	0.00954	0.01113	0.00795	0.00398	0.00398	0.00080	0.00398	0.00318	0.00318	0.84417
46	0.00918	0.00475	0.00713	0.00713	0.00721	0.00484	0.00484	0.00721	0.00713	0.00959	0.00975	0.01672	0.00967	0.02048	0.08603	0.77319	0.00548	0.00475	0.00238	0.00254
47	0.00767	0.00575	0.00863	0.00863	0.00959	0.00671	0.00671	0.00959	0.00863	0.01246	0.01438	0.02109	0.01342	0.04026	0.79008	0.00863	0.01438	0.00575	0.00288	0.00479
48	0.16546	0.00935	0.01167	0.00912	0.01313	0.00860	0.00753	0.02438	0.01430	0.65180	0.01883	0.01663	0.01201	0.00636	0.00504	0.00166	0.00450	0.00497	0.00607	0.00857
49	0.01015	0.00945	0.01388	0.01222	0.01280	0.01245	0.03709	0.01174	0.00855	0.01289	0.01012	0.01558	0.00963	0.02155	0.32584	0.00484	0.45798	0.00518	0.00257	0.00549
50	0.49976	0.00985	0.00982	0.00811	0.01179	0.01028	0.00669	0.02018	0.01177	0.34492	0.01328	0.01277	0.00898	0.00569	0.00420	0.00166	0.00433	0.00396	0.00473	0.00722
51	0.00647	0.00538	0.00566	0.00572	0.00736	0.00456	0.00424	0.00789	0.01233	0.01504	0.11480	0.11461	0.65018	0.01364	0.00639	0.00183	0.00274	0.01152	0.00506	0.00456
52	0.02408	0.00914	0.01246	0.00955	0.01370	0.00789	0.00789	0.02616	0.01536	0.78158	0.02118	0.01827	0.01329	0.00664	0.00540	0.00166	0.00457	0.00540	0.00664	0.00914
53	0.01254	0.02528	0.68085	0.01453	0.02196	0.01186	0.01824	0.01822	0.01187	0.11882	0.01117	0.01226	0.00766	0.00531	0.00514	0.00169	0.00748	0.00416	0.00285	0.00809
54	0.02054	0.00970	0.01230	0.00972	0.01327	0.00932	0.00786	0.17084	0.01613	0.49916	0.01856	0.01886	0.01299	0.07758	0.07532	0.00255	0.00574	0.00552	0.00577	0.00826
55	0.00634	0.00544	0.00544	0.00544	0.00725	0.00453	0.00408	0.00770	0.01224	0.01450	0.05438	0.05166	0.77569	0.01359	0.00634	0.00181	0.00272	0.01133	0.00498	0.00453
56	0.00722	0.00516	0.00701	0.00825	0.00887	0.00495	0.00617	0.00865	0.01095	0.01447	0.02921	0.56604	0.03401	0.01617	0.00703	0.00227	0.00371	0.25033	0.00497	0.00455
57	0.01014	0.00954	0.01610	0.79845	0.03697	0.01193	0.01491	0.01371	0.01073	0.01371	0.00954	0.01431	0.00716	0.00537	0.00537	0.00179	0.00716	0.00477	0.00239	0.00596
58	0.01335	0.01153	0.01214	0.01092	0.01396	0.01335	0.00850	0.02852	0.76817	0.02245	0.02185	0.02003	0.01639	0.00728	0.00546	0.00182	0.00425	0.00607	0.00546	0.00850
59	0.01883	0.00974	0.01238	0.01033	0.01358	0.00993	0.00844	0.02437	0.21603	0.44694	0.02079	0.02186	0.01512	0.00776	0.00662	0.00183	0.07192	0.06940	0.00582	0.00832
60	0.01934	0.12781	0.01698	0.01310	0.01623	0.62396	0.01020	0.08320	0.01550	0.01482	0.00858	0.00981	0.00710	0.00549	0.00470	0.00137	0.00885	0.00350	0.00292	0.00656
61	0.00826	0.00603	0.00745	0.00774	0.00874	0.00574	0.00534	0.07168	0.01133	0.01535	0.02497	0.58229	0.02904	0.10655	0.00884	0.00236	0.00367	0.01247	0.00466	0.07749
62	0.02041	0.01504	0.01611	0.01235	0.01665	0.01665	0.01020	0.75997	0.02524	0.03383	0.01289	0.01289	0.00913	0.00644	0.00537	0.00161	0.00591	0.00483	0.00537	0.00913
63	0.01008	0.00761	0.00821	0.00752	0.00922	0.07179	0.00568	0.01254	0.02943	0.08579	0.53979	0.03622	0.11222	0.03215	0.00668	0.00177	0.00344	0.00884	0.00554	0.00548
64	0.01113	0.00954	0.01113	0.00795	0.01272	0.00716	0.00636	0.01352	0.01113	0.01749	0.00954	0.01113	0.00795	0.00398	0.00398	0.00080	0.00398	0.00318	0.00318	0.84417
65	0.00654	0.00467	0.00623	0.00747	0.00779	0.00436	0.00498	0.00747	0.01028	0.01370	0.02959	0.80785	0.03550	0.01682	0.00685	0.00218	0.00311	0.01526	0.00498	0.00436
66	0.01262	0.01208	0.02029	0.04619	0.65744	0.01208	0.03463	0.01600	0.03172	0.01732	0.01415	0.01676	0.07355	0.00560	0.00543	0.00163	0.00610	0.00541	0.00292	0.00808
67	0.00634	0.00544	0.00544	0.00544	0.00725	0.00453	0.00408	0.00770	0.01224	0.01450	0.05438	0.05166	0.77569	0.01359	0.00634	0.00181	0.00272	0.01133	0.00498	0.00453
68	0.00767	0.00574	0.00855	0.00855	0.00948	0.00667	0.00662	0.00954	0.00860	0.01241	0.01445	0.02147	0.01358	0.06117	0.76939	0.00853	0.01413	0.00581	0.00289	0.00475
69	0.01077	0.02777	0.78354	0.01530	0.02323	0.01247	0.01983	0.01700	0.01133	0.01700	0.00963	0.01133	0.00680	0.00510	0.00510	0.00170	0.00793	0.00397	0.00227	0.00793
70	0.00645	0.00544	0.00559	0.00555	0.00732	0.00458	0.00416	0.00791	0.01249	0.01511	0.11690	0.05066	0.71279	0.01337	0.00634	0.00180	0.00270	0.01119	0.00506	0.00458
71	0.84927	0.01038	0.00789	0.00706	0.01038	0.01204	0.00581	0.01578	0.00914	0.02408	0.00747	0.00872	0.00581	0.00498	0.00332	0.00166	0.00415	0.00291	0.00332	0.00581
72	0.84927	0.01038	0.00789	0.00706	0.01038	0.01204	0.00581	0.01578	0.00914	0.02408	0.00747	0.00872	0.00581	0.00498	0.00332	0.00166	0.00415	0.00291	0.00332	0.00581
73	0.84927	0.01038	0.00789	0.00706	0.01038	0.01204	0.00581	0.01578	0.00914	0.02408	0.00747	0.00872	0.00581	0.00498	0.00332	0.00166	0.00415	0.00291	0.00332	0.00581
74	0.01920	0.01444	0.01543	0.01211	0.01619	0.01608	0.00991	0.63465	0.15253	0.03188	0.01442	0.01411	0.01037	0.00659	0.00539	0.00165	0.00562	0.00504	0.00539	0.00902
75	0.84927	0.01038	0.00789	0.00706	0.01038	0.01204	0.00581	0.01578	0.00914	0.02408	0.00747	0.00872	0.00581	0.00498	0.00332	0.00166	0.00415	0.00291	0.00332	0.00581
76	0.01335	0.01153	0.01214	0.01092	0.01396	0.01335	0.00850	0.02852	0.76817	0.02245	0.02185	0.02003	0.01639	0.00728	0.00546	0.00182	0.00425	0.00607	0.00546	0.00850
77	0.01001	0.00500	0.00500	0.00500	0.00625	0.00500	0.00375	0.01251	0.01126	0.02001	0.01751	0.02001	0.01376	0.00625	0.00375	0.00125	0.00250	0.00500	0.84115	0.00500
78	0.02408	0.00914	0.01246	0.00955	0.01370	0.00789	0.00789	0.02616	0.01536	0.78158	0.02118	0.01827	0.01329	0.00664	0.00540	0.00166	0.00457	0.00540	0.00664	0.00914
79	0.01354	0.01353	0.02062	0.11143	0.63425	0.08008	0.01578	0.01662	0.01233	0.01676	0.00988	0.01308	0.00822	0.00491	0.00528	0.00160	0.00675	0.00467	0.00264	0.00804
80	0.46575	0.01144	0.00831	0.00763	0.01026	0.14327	0.00600	0.01581	0.01079	0.02104	0.01050	0.01213	0.00829	0.00544	0.00371	0.00150	0.00462	0.00360	0.24426	0.00565
81	0.00651	0.00544	0.00566	0.00561	0.00735	0.00460	0.00421	0.00802	0.01262	0.01542	0.14851	0.05015	0.68098	0.01325	0.00634	0.00180	0.00269	0.01112	0.00511	0.00460
82	0.00737	0.00527	0.00718	0.00842	0.00910	0.00508	0.00643	0.00891	0.01110	0.01463	0.02913	0.51351	0.03369	0.01603	0.00707	0.00229	0.00383	0.30139	0.00497	0.00459
83	0.01426	0.74491	0.02674	0.00934	0.01379	0.02056	0.00913	0.01715	0.07661	0.01348	0.00871	0.00960	0.00771	0.00483	0.00362	0.00121	0.00561	0.00315	0.00257	0.00703
84	0.00767	0.00575	0.00863	0.00863	0.00959	0.00671	0.00671	0.00959	0.00863	0.01246	0.01438	0.02109	0.01342	0.04026	0.79008	0.00863	0.01438	0.00575	0.00288	0.00479
85	0.00746	0.00571	0.00687	0.00741	0.00877	0.00528	0.00595	0.00918	0.01192	0.01493	0.05554	0.07226	0.36580	0.08334	0.00862	0.00239	0.00387	0.31525	0.00484	0.00460
86	0.01020	0.00842	0.01314	0.01782	0.27675	0.00841	0.01127	0.01288	0.01226	0.01651	0.02210	0.06369	0.02325	0.01140	0.00667	0.00216	0.00539	0.46737	0.00415	0.00616
87	0.00802	0.00505	0.00676	0.00765	0.00829	0.00466	0.00523	0.00905	0.01071	0.07865	0.02887	0.74107	0.03362	0.01596	0.00673	0.00214	0.00324	0.01443	0.00512	0.00476
88	0.01849	0.02302	0.01539	0.08192	0.01815	0.65691	0.01088	0.02004	0.01423	0.01317	0.00830	0.01026	0.00695	0.00584	0.00597	0.00150	0.07643	0.00368	0.00270	0.00617
89	0.02408	0.00914	0.01246	0.00955	0.01370	0.00789	0.00789	0.02616	0.01536	0.78158	0.02118	0.01827	0.01329	0.00664	0.00540	0.00166	0.00457	0.00540	0.00664	0.00914
90	0.01113	0.00954	0.01113	0.00795	0.01272	0.00716	0.00636	0.01352	0.01113	0.01749	0.00954	0.01113	0.00795	0.00398	0.00398	0.00080	0.00398	0.00318	0.00318	0.84417

[dist]
# distance from previous block
# <min> <max>
0	1

[block]
# block no. 3 follows, 45 sequences, length 28
# corresponding to MSA columns:
# 199-226
name=unknown_D
#
# <colnr> <probs for GDERKNQSTAVLIFYWHMCP>
#	G	D	E	R	K	N	Q	S	T	A	V	L	I	F	Y	W	H	M	C	P
0	0.01211	0.01181	0.01736	0.42702	0.26009	0.06438	0.01440	0.01666	0.09271	0.01578	0.01095	0.01430	0.00854	0.00540	0.00533	0.00171	0.00677	0.00483	0.00282	0.00703
1	0.00729	0.00539	0.00681	0.00663	0.00788	0.00491	0.00491	0.00948	0.01422	0.01962	0.58602	0.12417	0.15877	0.01200	0.00639	0.00176	0.00262	0.01055	0.00567	0.00491
2	0.00767	0.00575	0.00863	0.00863	0.00959	0.00671	0.00671	0.00959	0.00863	0.01246	0.01438	0.02109	0.01342	0.04026	0.79008	0.00863	0.01438	0.00575	0.00288	0.00479
3	0.01733	0.14814	0.10049	0.01556	0.11119	0.45831	0.01195	0.04887	0.01415	0.01484	0.00871	0.01026	0.00718	0.00528	0.00473	0.00142	0.00831	0.00364	0.00273	0.00691
4	0.01881	0.06103	0.01558	0.01284	0.01606	0.47056	0.00999	0.17600	0.13297	0.01885	0.01130	0.01189	0.00883	0.00594	0.00498	0.00149	0.00786	0.00412	0.00370	0.00721
5	0.00825	0.00602	0.00812	0.00918	0.01046	0.00588	0.00788	0.01051	0.01226	0.01576	0.03199	0.08967	0.13218	0.01474	0.00725	0.00237	0.00457	0.61311	0.00495	0.00486
6	0.01613	0.01303	0.01504	0.05058	0.10032	0.01459	0.01038	0.33042	0.34095	0.02623	0.01626	0.01605	0.01207	0.00657	0.00540	0.00171	0.00531	0.00535	0.00497	0.00864
7	0.00767	0.00575	0.00863	0.00863	0.00959	0.00671	0.00671	0.00959	0.00863	0.01246	0.01438	0.02109	0.01342	0.04026	0.79008	0.00863	0.01438	0.00575	0.00288	0.00479
8	0.01041	0.00906	0.01039	0.01100	0.09304	0.00955	0.00751	0.01846	0.36460	0.01885	0.06724	0.03228	0.30666	0.00959	0.00582	0.00179	0.00382	0.00810	0.00500	0.00683
9	0.02041	0.01504	0.01611	0.01235	0.01665	0.01665	0.01020	0.75997	0.02524	0.03383	0.01289	0.01289	0.00913	0.00644	0.00537	0.00161	0.00591	0.00483	0.00537	0.00913
10	0.00748	0.00548	0.00701	0.00663	0.00794	0.00501	0.00497	0.00989	0.01491	0.02084	0.70494	0.04122	0.12117	0.01123	0.00633	0.00170	0.00255	0.00987	0.00582	0.00501
11	0.01077	0.02777	0.78354	0.01530	0.02323	0.01247	0.01983	0.01700	0.01133	0.01700	0.00963	0.01133	0.00680	0.00510	0.00510	0.00170	0.00793	0.00397	0.00227	0.00793
12	0.00643	0.00544	0.00556	0.00553	0.00730	0.00457	0.00415	0.00787	0.01244	0.01498	0.10400	0.05086	0.72576	0.01341	0.00634	0.00180	0.00271	0.01122	0.00505	0.00457
13	0.02041	0.01504	0.01611	0.01235	0.01665	0.01665	0.01020	0.75997	0.02524	0.03383	0.01289	0.01289	0.00913	0.00644	0.00537	0.00161	0.00591	0.00483	0.00537	0.00913
14	0.10534	0.01179	0.01330	0.01006	0.01437	0.01157	0.02570	0.28951	0.01637	0.07524	0.01131	0.01209	0.00850	0.00530	0.00486	0.00130	0.02171	0.00401	0.00420	0.35347
15	0.01978	0.01513	0.09754	0.01208	0.01668	0.01440	0.01073	0.51071	0.05226	0.17388	0.01448	0.01404	0.00997	0.00637	0.00535	0.00164	0.00580	0.00490	0.00528	0.00898
16	0.00654	0.00467	0.00623	0.00747	0.00779	0.00436	0.00498	0.00747	0.01028	0.01370	0.02959	0.80785	0.03550	0.01682	0.00685	0.00218	0.00311	0.01526	0.00498	0.00436
17	0.02408	0.00914	0.01246	0.00955	0.01370	0.00789	0.00789	0.02616	0.01536	0.78158	0.02118	0.01827	0.01329	0.00664	0.00540	0.00166	0.00457	0.00540	0.00664	0.00914
18	0.01393	0.01719	0.27468	0.05328	0.33290	0.01193	0.06282	0.01807	0.01238	0.13402	0.01166	0.01351	0.00859	0.00518	0.00532	0.00166	0.00682	0.00470	0.00313	0.00823
19	0.01102	0.01034	0.01671	0.05495	0.49106	0.01017	0.02755	0.01370	0.01221	0.01663	0.04753	0.05031	0.20006	0.00759	0.00568	0.00168	0.00532	0.00695	0.00341	0.00714
20	0.01267	0.01448	0.03167	0.02262	0.02805	0.01357	0.75837	0.01719	0.01267	0.01719	0.01086	0.01448	0.00814	0.00452	0.00633	0.00181	0.00905	0.00633	0.00271	0.00724
21	0.00903	0.00774	0.01194	0.08476	0.23602	0.00784	0.00948	0.01109	0.01103	0.01489	0.02318	0.30102	0.10478	0.01434	0.09023	0.00264	0.00568	0.04466	0.00385	0.00581
22	0.01223	0.02251	0.50519	0.01712	0.02405	0.01249	0.24177	0.01767	0.01201	0.06822	0.01078	0.01275	0.00764	0.00503	0.00549	0.00173	0.00804	0.00478	0.00269	0.00780
23	0.01313	0.01153	0.01344	0.06598	0.09741	0.01319	0.00978	0.02624	0.63643	0.02134	0.01976	0.01892	0.01492	0.00689	0.00544	0.00179	0.00467	0.00584	0.00496	0.00833
24	0.00752	0.00548	0.00706	0.00667	0.00797	0.00503	0.00500	0.00997	0.01500	0.02107	0.72805	0.04085	0.09792	0.01114	0.00633	0.00170	0.00254	0.00981	0.00585	0.00503
25	0.55294	0.01168	0.06110	0.00853	0.01222	0.01189	0.00745	0.06110	0.09227	0.09930	0.01108	0.01158	0.00814	0.00552	0.00401	0.00167	0.00452	0.00373	0.02453	0.00674
26	0.01179	0.02279	0.52761	0.01778	0.10398	0.01260	0.12119	0.01796	0.06235	0.03532	0.01094	0.01272	0.00796	0.00517	0.00533	0.00171	0.00760	0.00456	0.00269	0.00796
27	0.09786	0.00600	0.00719	0.00674	0.00817	0.00582	0.00506	0.01063	0.01420	0.02128	0.65746	0.03650	0.04439	0.04757	0.00698	0.00185	0.00283	0.00889	0.00551	0.00506

[dist]
# distance from previous block
# <min> <max>
0	2

[block]
# block no. 4 follows, 45 sequences, length 19
# corresponding to MSA columns:
# 229-247
name=unknown_E
#
# <colnr> <probs for GDERKNQSTAVLIFYWHMCP>
#	G	D	E	R	K	N	Q	S	T	A	V	L	I	F	Y	W	H	M	C	P
0	0.01240	0.01290	0.01713	0.01451	0.01499	0.07316	0.04997	0.01376	0.00896	0.01315	0.00733	0.01173	0.00709	0.00886	0.01610	0.00225	0.70262	0.00469	0.00240	0.00597
1	0.00898	0.00737	0.01094	0.16079	0.03357	0.00768	0.05615	0.07485	0.01197	0.01581	0.02398	0.47575	0.06578	0.01247	0.00634	0.00200	0.00457	0.01131	0.00432	0.00537
2	0.11685	0.01402	0.01570	0.01337	0.07198	0.05347	0.04815	0.43326	0.03230	0.08529	0.01231	0.01278	0.00890	0.00590	0.00507	0.00158	0.00585	0.00458	0.00464	0.05401
3	0.01245	0.01214	0.02079	0.17773	0.48966	0.01309	0.07016	0.01558	0.01150	0.01623	0.00969	0.01339	0.00804	0.00542	0.00685	0.00174	0.10048	0.00488	0.00257	0.00761
4	0.00779	0.00526	0.00615	0.00615	0.00625	0.00536	0.00362	0.00799	0.00789	0.01062	0.01665	0.03365	0.01888	0.73038	0.10742	0.00556	0.00617	0.00759	0.00321	0.00341
5	0.05541	0.01072	0.01510	0.35379	0.13304	0.02582	0.01252	0.10642	0.07834	0.03113	0.01364	0.02025	0.01153	0.00683	0.00552	0.00182	0.00620	0.10157	0.00352	0.00685
6	0.00760	0.00549	0.00718	0.00675	0.00802	0.00506	0.00506	0.01013	0.01519	0.02153	0.77503	0.04010	0.05065	0.01097	0.00633	0.00169	0.00253	0.00971	0.00591	0.00506
7	0.01186	0.02751	0.69294	0.01513	0.02245	0.10412	0.01872	0.01752	0.01179	0.01654	0.00948	0.01114	0.00681	0.00515	0.00507	0.00166	0.00814	0.00391	0.00233	0.00773
8	0.01083	0.00767	0.00862	0.08747	0.01125	0.04733	0.00660	0.01315	0.01088	0.01780	0.01443	0.01748	0.01158	0.00667	0.00637	0.00150	0.14170	0.00485	0.56850	0.00531
9	0.10915	0.00974	0.01515	0.66876	0.03277	0.01215	0.01369	0.01392	0.01043	0.01490	0.00918	0.01353	0.00699	0.00551	0.00569	0.00180	0.04364	0.00455	0.00249	0.00594
10	0.01548	0.66229	0.02576	0.00990	0.01432	0.07721	0.00939	0.10418	0.01291	0.01517	0.00816	0.00919	0.00715	0.00488	0.00377	0.00122	0.00605	0.00314	0.00269	0.00710
11	0.02408	0.00914	0.01246	0.00955	0.01370	0.00789	0.00789	0.02616	0.01536	0.78158	0.02118	0.01827	0.01329	0.00664	0.00540	0.00166	0.00457	0.00540	0.00664	0.00914
12	0.01757	0.01083	0.01249	0.01035	0.01375	0.01133	0.00830	0.22991	0.21961	0.25202	0.03870	0.08161	0.03968	0.00803	0.00561	0.00175	0.00464	0.01981	0.00574	0.00827
13	0.01488	0.74118	0.02693	0.00962	0.01404	0.09274	0.00930	0.01657	0.01131	0.01268	0.00754	0.00871	0.00689	0.00468	0.00357	0.00117	0.00611	0.00292	0.00234	0.00683
14	0.01180	0.00941	0.01541	0.42960	0.11051	0.01032	0.04895	0.01482	0.01165	0.10521	0.02899	0.09418	0.02617	0.00688	0.00557	0.00176	0.00612	0.01738	0.00338	0.04189
15	0.01770	0.01418	0.01462	0.12295	0.01837	0.11974	0.01008	0.38937	0.03911	0.09160	0.01518	0.03440	0.04905	0.00675	0.00534	0.00161	0.00615	0.00525	0.00461	0.03396
16	0.68728	0.01098	0.03188	0.00788	0.01134	0.01202	0.00665	0.01780	0.09899	0.05881	0.00987	0.01057	0.00744	0.00533	0.00372	0.00168	0.00430	0.00343	0.00370	0.00635
17	0.00932	0.00466	0.00699	0.00699	0.00699	0.00466	0.00466	0.00699	0.00699	0.00932	0.00932	0.01632	0.00932	0.01865	0.02098	0.84382	0.00466	0.00466	0.00233	0.00233
18	0.65820	0.01089	0.02942	0.04060	0.04848	0.01203	0.00747	0.01630	0.00976	0.07247	0.00862	0.01001	0.00657	0.00532	0.00440	0.00170	0.04478	0.00335	0.00340	0.00622

[dist]
# distance from previous block
# <min> <max>
1	3

[block]
# block no. 5 follows, 45 sequences, length 39
# corresponding to MSA columns:
# 251-257,262-293
name=unknown_F
#
# <colnr> <probs for GDERKNQSTAVLIFYWHMCP>
#	G	D	E	R	K	N	Q	S	T	A	V	L	I	F	Y	W	H	M	C	P
0	0.01408	0.24664	0.26856	0.01501	0.08008	0.18526	0.06757	0.01753	0.01232	0.01508	0.02609	0.01124	0.00807	0.00512	0.00471	0.00147	0.00753	0.00391	0.00253	0.00719
1	0.01351	0.03505	0.15249	0.01686	0.08179	0.01210	0.26050	0.06026	0.03125	0.08505	0.01176	0.02757	0.00903	0.00534	0.00590	0.00160	0.03921	0.00513	0.00329	0.14233
2	0.01292	0.01593	0.12658	0.06093	0.02573	0.03543	0.50427	0.08188	0.01347	0.01819	0.01150	0.04629	0.00909	0.00535	0.00602	0.00178	0.00830	0.00609	0.00297	0.00728
3	0.01188	0.00998	0.01153	0.00831	0.01304	0.00792	0.00667	0.07382	0.01227	0.01881	0.00981	0.01127	0.00805	0.00417	0.00409	0.00086	0.00413	0.00331	0.00336	0.77670
4	0.01001	0.00500	0.00500	0.00500	0.00625	0.00500	0.00375	0.01251	0.01126	0.02001	0.01751	0.02001	0.01376	0.00625	0.00375	0.00125	0.00250	0.00500	0.84115	0.00500
5	0.00906	0.00480	0.00704	0.00704	0.00713	0.00489	0.00473	0.00729	0.00720	0.00969	0.01038	0.01826	0.01051	0.08459	0.08898	0.70279	0.00556	0.00501	0.00245	0.00262
6	0.00749	0.00548	0.00702	0.00664	0.00795	0.00502	0.00498	0.00992	0.01494	0.02091	0.71180	0.04111	0.11427	0.01120	0.00633	0.00170	0.00255	0.00985	0.00583	0.00502
7	0.00637	0.00535	0.00553	0.00568	0.00731	0.00451	0.00419	0.00768	0.01200	0.01441	0.05145	0.14093	0.68830	0.01398	0.00640	0.00186	0.00277	0.01179	0.00498	0.00451
8	0.00865	0.00618	0.00865	0.00989	0.01112	0.00618	0.00865	0.01112	0.01236	0.01606	0.02842	0.06055	0.03089	0.01483	0.00741	0.00247	0.00494	0.74174	0.00494	0.00494
9	0.00665	0.00472	0.00620	0.00733	0.00762	0.00443	0.00483	0.00750	0.01006	0.01341	0.02847	0.74005	0.03410	0.08653	0.00865	0.00245	0.00330	0.01461	0.00483	0.00426
10	0.01077	0.02777	0.78354	0.01530	0.02323	0.01247	0.01983	0.01700	0.01133	0.01700	0.00963	0.01133	0.00680	0.00510	0.00510	0.00170	0.00793	0.00397	0.00227	0.00793
11	0.00760	0.00549	0.00718	0.00675	0.00802	0.00506	0.00506	0.01013	0.01519	0.02153	0.77503	0.04010	0.05065	0.01097	0.00633	0.00169	0.00253	0.00971	0.00591	0.00506
12	0.00660	0.00469	0.00621	0.00740	0.00770	0.00440	0.00491	0.00749	0.01017	0.01356	0.02903	0.77425	0.03481	0.05137	0.00774	0.00231	0.00321	0.01494	0.00491	0.00431
13	0.01435	0.81458	0.02813	0.00918	0.01378	0.02124	0.00918	0.01607	0.01091	0.01263	0.00746	0.00861	0.00689	0.00459	0.00344	0.00115	0.00574	0.00287	0.00230	0.00689
14	0.02005	0.02558	0.01521	0.01383	0.01659	0.78980	0.01037	0.02143	0.01521	0.01314	0.00830	0.00968	0.00691	0.00553	0.00484	0.00138	0.00968	0.00346	0.00277	0.00622
15	0.00654	0.00467	0.00623	0.00747	0.00779	0.00436	0.00498	0.00747	0.01028	0.01370	0.02959	0.80785	0.03550	0.01682	0.00685	0.00218	0.00311	0.01526	0.00498	0.00436
16	0.01137	0.00968	0.01126	0.00806	0.01282	0.00740	0.00646	0.03240	0.01149	0.01790	0.00963	0.01118	0.00798	0.00404	0.00401	0.00082	0.00402	0.00322	0.00324	0.82304
17	0.01174	0.01174	0.01644	0.01409	0.01409	0.01644	0.01174	0.01292	0.00822	0.01292	0.00705	0.01174	0.00705	0.00940	0.01762	0.00235	0.80153	0.00470	0.00235	0.00587
18	0.01435	0.81458	0.02813	0.00918	0.01378	0.02124	0.00918	0.01607	0.01091	0.01263	0.00746	0.00861	0.00689	0.00459	0.00344	0.00115	0.00574	0.00287	0.00230	0.00689
19	0.00657	0.00472	0.00624	0.00739	0.00778	0.00439	0.00496	0.00758	0.01052	0.01402	0.05878	0.75725	0.05688	0.01650	0.00682	0.00215	0.00308	0.01494	0.00502	0.00439
20	0.00701	0.00546	0.00635	0.00613	0.00766	0.00481	0.00460	0.00898	0.01380	0.01821	0.43456	0.04556	0.39320	0.01221	0.00634	0.00175	0.00262	0.01047	0.00547	0.00481
21	0.00823	0.00657	0.00970	0.00938	0.01020	0.00805	0.00740	0.01004	0.00857	0.01252	0.01337	0.01980	0.01254	0.03602	0.68400	0.00776	0.12248	0.00561	0.00280	0.00494
22	0.01895	0.01332	0.01558	0.14447	0.01966	0.01472	0.01068	0.52908	0.03883	0.12002	0.01353	0.01394	0.00946	0.00631	0.00537	0.00165	0.00592	0.00492	0.00502	0.00858
23	0.03543	0.01963	0.40958	0.01606	0.12798	0.01131	0.04810	0.01688	0.03418	0.04677	0.01048	0.01216	0.00784	0.00492	0.00493	0.00151	0.00661	0.00412	0.00282	0.17868
24	0.01802	0.15503	0.01703	0.01230	0.01568	0.39818	0.00983	0.14649	0.14308	0.01812	0.01122	0.01178	0.00888	0.00582	0.00480	0.00146	0.00746	0.00403	0.00358	0.00721
25	0.01304	0.01390	0.02812	0.02021	0.02539	0.01308	0.61719	0.07669	0.01350	0.01850	0.01127	0.02959	0.00874	0.00487	0.00606	0.00171	0.00823	0.00611	0.00301	0.08077
26	0.00953	0.00706	0.00955	0.07334	0.07860	0.00693	0.00718	0.01273	0.06264	0.06900	0.37590	0.06399	0.16377	0.01022	0.00609	0.00175	0.00360	0.02716	0.00514	0.00581
27	0.01944	0.01410	0.01526	0.01191	0.01591	0.01550	0.00975	0.67107	0.04205	0.05458	0.01444	0.06516	0.01115	0.00715	0.00547	0.00165	0.00564	0.00556	0.00538	0.00880
28	0.01182	0.01005	0.01177	0.00859	0.01307	0.00833	0.00692	0.06668	0.01198	0.01841	0.00965	0.01129	0.00799	0.00444	0.00480	0.00094	0.04669	0.00338	0.00329	0.73990
29	0.00922	0.00466	0.00696	0.00701	0.00702	0.00465	0.00467	0.00701	0.00712	0.00949	0.01010	0.04657	0.01032	0.01858	0.02044	0.81165	0.00460	0.00507	0.00243	0.00241
30	0.00894	0.00729	0.03345	0.01058	0.03719	0.00690	0.00875	0.01232	0.07017	0.01631	0.02686	0.15719	0.02890	0.01388	0.00704	0.00233	0.00478	0.53693	0.00483	0.00535
31	0.01077	0.02777	0.78354	0.01530	0.02323	0.01247	0.01983	0.01700	0.01133	0.01700	0.00963	0.01133	0.00680	0.00510	0.00510	0.00170	0.00793	0.00397	0.00227	0.00793
32	0.00903	0.00671	0.00894	0.00932	0.07090	0.00649	0.00637	0.01271	0.08103	0.04302	0.62559	0.03555	0.04317	0.01003	0.00615	0.00169	0.00305	0.00887	0.00563	0.00576
33	0.00908	0.00466	0.00693	0.00703	0.00706	0.00464	0.00469	0.00703	0.00728	0.00970	0.01108	0.08501	0.01160	0.01849	0.01975	0.77078	0.00453	0.00558	0.00256	0.00251
34	0.00724	0.00537	0.00675	0.00663	0.00786	0.00488	0.00488	0.00935	0.01401	0.01925	0.54896	0.14750	0.17304	0.01223	0.00640	0.00178	0.00264	0.01075	0.00562	0.00488
35	0.01042	0.02329	0.60290	0.01422	0.02074	0.02664	0.05101	0.01572	0.01172	0.01706	0.07843	0.07832	0.01303	0.00654	0.00540	0.00174	0.00716	0.00548	0.00284	0.00733
36	0.01387	0.01565	0.08244	0.11322	0.43477	0.12294	0.08059	0.04163	0.01288	0.01695	0.00990	0.01282	0.00798	0.00501	0.00533	0.00161	0.00728	0.00467	0.00271	0.00776
37	0.01235	0.08215	0.02225	0.08242	0.17518	0.01235	0.28880	0.03801	0.03013	0.03945	0.10691	0.01900	0.05420	0.00610	0.00572	0.00168	0.00660	0.00619	0.00341	0.00709
38	0.01275	0.05812	0.07749	0.03243	0.03229	0.12011	0.16887	0.01638	0.07248	0.01550	0.01183	0.08514	0.01069	0.00710	0.00808	0.00177	0.18098	0.00566	0.00305	0.07930

[dist]
# distance from previous block
# <min> <max>
1	9

[block]
# block no. 6 follows, 45 sequences, length 27
# corresponding to MSA columns:
# 303-329
name=unknown_G
#
# <colnr> <probs for GDERKNQSTAVLIFYWHMCP>
#	G	D	E	R	K	N	Q	S	T	A	V	L	I	F	Y	W	H	M	C	P
0	0.04102	0.01391	0.08652	0.03056	0.09897	0.05381	0.19659	0.08540	0.11447	0.10099	0.01584	0.06998	0.03756	0.00670	0.00588	0.00175	0.02244	0.00614	0.00394	0.00754
1	0.03838	0.00587	0.00736	0.00746	0.00880	0.00540	0.00539	0.00985	0.01129	0.04867	0.13501	0.41609	0.07721	0.03666	0.04895	0.00234	0.00391	0.03250	0.00478	0.09410
2	0.01680	0.01252	0.01332	0.01065	0.01402	0.03463	0.00862	0.51192	0.03816	0.02942	0.17301	0.01918	0.01827	0.00737	0.00544	0.00160	0.00502	0.00586	0.06632	0.00788
3	0.01077	0.02777	0.78354	0.01530	0.02323	0.01247	0.01983	0.01700	0.01133	0.01700	0.00963	0.01133	0.00680	0.00510	0.00510	0.00170	0.00793	0.00397	0.00227	0.00793
4	0.00770	0.00675	0.04874	0.00786	0.00915	0.00571	0.00604	0.03145	0.04347	0.01680	0.21239	0.46919	0.08662	0.01384	0.00649	0.00198	0.00333	0.01234	0.00510	0.00505
5	0.00876	0.00653	0.00924	0.05105	0.01119	0.00751	0.00707	0.06099	0.00991	0.01411	0.01428	0.02102	0.01319	0.08412	0.61896	0.00731	0.01242	0.00574	0.03152	0.00506
6	0.01257	0.01202	0.02049	0.20801	0.60843	0.01256	0.01612	0.01584	0.01188	0.01666	0.00997	0.01352	0.00819	0.00492	0.00533	0.00164	0.00656	0.00478	0.00259	0.00792
7	0.01172	0.00952	0.01119	0.00802	0.01277	0.00719	0.00643	0.01409	0.01132	0.05221	0.01007	0.01146	0.00819	0.00410	0.00404	0.00083	0.00400	0.00328	0.00334	0.80622
8	0.00669	0.00495	0.00629	0.00730	0.00798	0.00456	0.00514	0.00784	0.01084	0.01407	0.03422	0.59639	0.17654	0.01602	0.00680	0.00214	0.00320	0.07960	0.00498	0.00445
9	0.01228	0.01691	0.17412	0.02094	0.02666	0.01346	0.59258	0.01701	0.01226	0.01701	0.01050	0.01379	0.00785	0.00480	0.00648	0.00181	0.03576	0.00583	0.00262	0.00733
10	0.01435	0.81458	0.02813	0.00918	0.01378	0.02124	0.00918	0.01607	0.01091	0.01263	0.00746	0.00861	0.00689	0.00459	0.00344	0.00115	0.00574	0.00287	0.00230	0.00689
11	0.01341	0.06574	0.01360	0.03929	0.01462	0.01061	0.00780	0.17576	0.04548	0.02075	0.01063	0.01183	0.00845	0.00474	0.00436	0.00108	0.00465	0.00370	0.00366	0.53986
12	0.00678	0.00505	0.00722	0.00806	0.00857	0.00472	0.03425	0.00785	0.01037	0.01384	0.02886	0.77703	0.03444	0.01634	0.00683	0.00217	0.00334	0.01491	0.00489	0.00447
13	0.00645	0.00544	0.00559	0.00555	0.00732	0.00458	0.00416	0.00791	0.01249	0.01511	0.11672	0.05066	0.71296	0.01337	0.00634	0.00180	0.00270	0.01119	0.00506	0.00458
14	0.03218	0.01186	0.01659	0.03387	0.34927	0.01227	0.01195	0.14195	0.13552	0.12059	0.01684	0.01749	0.06276	0.00632	0.00539	0.00166	0.00544	0.00549	0.00424	0.00832
15	0.01196	0.01139	0.03343	0.48464	0.04686	0.03088	0.11376	0.10870	0.01298	0.01709	0.01117	0.04445	0.00887	0.00584	0.00548	0.00175	0.00700	0.00535	0.03186	0.00655
16	0.01001	0.00500	0.00500	0.00500	0.00625	0.00500	0.00375	0.01251	0.01126	0.02001	0.01751	0.02001	0.01376	0.00625	0.00375	0.00125	0.00250	0.00500	0.84115	0.00500
17	0.00751	0.00566	0.00692	0.00710	0.00840	0.00523	0.00538	0.02957	0.01320	0.01745	0.28879	0.20670	0.25352	0.01335	0.00656	0.00193	0.00312	0.10945	0.00530	0.00486
18	0.01194	0.16792	0.57054	0.01520	0.06653	0.04623	0.01733	0.01699	0.01147	0.01609	0.00922	0.01089	0.00692	0.00501	0.00481	0.00158	0.00752	0.00380	0.00232	0.00771
19	0.00775	0.00570	0.00619	0.00592	0.00781	0.00484	0.00449	0.00934	0.01291	0.06794	0.16451	0.04758	0.61058	0.01271	0.00628	0.00178	0.00282	0.01067	0.00524	0.00493
20	0.00781	0.00608	0.00725	0.00750	0.00893	0.00584	0.00576	0.01099	0.09185	0.01696	0.19454	0.19105	0.26474	0.01321	0.00654	0.00198	0.00332	0.14532	0.00522	0.00510
21	0.17317	0.24168	0.17068	0.01252	0.06764	0.14776	0.01128	0.01820	0.05237	0.04598	0.00952	0.01066	0.00754	0.00516	0.00430	0.00148	0.00647	0.00360	0.00293	0.00706
