[name]
unknown

[dist]
# distance from previous block
# <min> <max>
9	68

[block]
# block no. 0 follows, 46 sequences, length 14
# corresponding to MSA columns:
# 76-89
name=unknown_A
#
# <colnr> <probs for GDERKNQSTAVLIFYWHMCP>
#	G	D	E	R	K	N	Q	S	T	A	V	L	I	F	Y	W	H	M	C	P
0	0.09395	0.17646	0.25983	0.01182	0.05462	0.01238	0.01172	0.01788	0.03688	0.17622	0.03400	0.01505	0.04687	0.00662	0.02256	0.00171	0.00590	0.00453	0.00359	0.00740
1	0.01799	0.06694	0.03865	0.04841	0.04197	0.00949	0.00858	0.04784	0.07487	0.43167	0.10243	0.05586	0.01714	0.00720	0.00534	0.00164	0.00461	0.00599	0.00546	0.00792
2	0.05929	0.02230	0.04977	0.01048	0.06598	0.00798	0.04381	0.05805	0.01387	0.10567	0.34279	0.08887	0.04360	0.01013	0.03718	0.00194	0.00445	0.00771	0.00485	0.02129
3	0.01391	0.02672	0.01586	0.25828	0.02213	0.03963	0.07460	0.27568	0.01581	0.02106	0.01259	0.08558	0.01060	0.00668	0.00565	0.00166	0.02782	0.00564	0.03417	0.04595
4	0.07029	0.02756	0.07444	0.01134	0.04403	0.01071	0.06188	0.20253	0.04953	0.08939	0.01591	0.13748	0.01468	0.13584	0.00879	0.00224	0.00533	0.00672	0.00423	0.02709
5	0.00792	0.00610	0.00758	0.00736	0.00899	0.00520	0.00519	0.00926	0.01039	0.01468	0.05204	0.48679	0.02635	0.06920	0.00731	0.00193	0.00344	0.01075	0.00429	0.25521
6	0.01175	0.03276	0.01211	0.00855	0.01292	0.00867	0.00694	0.06777	0.01179	0.01799	0.00943	0.01105	0.00783	0.00443	0.00481	0.00094	0.05258	0.00333	0.00321	0.71113
7	0.01282	0.00960	0.01100	0.00898	0.01201	0.00949	0.00707	0.23727	0.03780	0.03911	0.09152	0.10797	0.03382	0.03389	0.03508	0.00181	0.02240	0.00628	0.04493	0.23713
8	0.06386	0.09434	0.01619	0.05581	0.01529	0.08030	0.04132	0.04671	0.01063	0.05055	0.00959	0.01373	0.00852	0.00968	0.06611	0.00235	0.34969	0.02906	0.00289	0.03337
9	0.01909	0.00815	0.01094	0.00865	0.01209	0.00706	0.00702	0.02126	0.01486	0.55808	0.20320	0.02280	0.02168	0.00743	0.00546	0.00160	0.00398	0.00622	0.00618	0.05425
10	0.00900	0.00595	0.00765	0.00711	0.00859	0.00556	0.00535	0.04089	0.01479	0.07492	0.59690	0.11726	0.06357	0.01099	0.00619	0.00171	0.00283	0.00968	0.00573	0.00535
11	0.01205	0.01181	0.01744	0.06018	0.40150	0.06388	0.03613	0.01450	0.01145	0.01568	0.04802	0.03871	0.03969	0.03915	0.00829	0.00189	0.13742	0.03235	0.00296	0.00690
12	0.03387	0.59443	0.10405	0.01035	0.01450	0.01909	0.01043	0.01545	0.01034	0.01320	0.00751	0.00923	0.00677	0.00530	0.00566	0.00138	0.12622	0.00321	0.00229	0.00671
13	0.00644	0.00460	0.00613	0.00736	0.00767	0.00429	0.00491	0.00736	0.01012	0.01350	0.02914	0.81076	0.03497	0.01656	0.00675	0.00215	0.00307	0.01503	0.00491	0.00429

[dist]
# distance from previous block
# <min> <max>
0	1

[block]
# block no. 1 follows, 46 sequences, length 19
# corresponding to MSA columns:
# 91-109
name=unknown_B
#
# <colnr> <probs for GDERKNQSTAVLIFYWHMCP>
#	G	D	E	R	K	N	Q	S	T	A	V	L	I	F	Y	W	H	M	C	P
0	0.00687	0.00472	0.00627	0.00721	0.00754	0.00446	0.00483	0.00756	0.00994	0.01330	0.06257	0.62789	0.03218	0.08141	0.00952	0.07164	0.00337	0.03005	0.00460	0.00409
1	0.01939	0.01397	0.01532	0.03787	0.01658	0.01538	0.00990	0.67646	0.02337	0.06518	0.01359	0.04435	0.01013	0.00672	0.00535	0.00162	0.00569	0.00519	0.00523	0.00870
2	0.00940	0.00842	0.03173	0.04873	0.04308	0.06333	0.00693	0.02418	0.01247	0.05311	0.15926	0.18776	0.27300	0.01135	0.00654	0.00180	0.03941	0.00960	0.00457	0.00533
3	0.71204	0.01188	0.07592	0.00969	0.07303	0.01195	0.00775	0.01570	0.00943	0.02260	0.00775	0.00917	0.00602	0.00490	0.00358	0.00163	0.00459	0.00310	0.00313	0.00612
4	0.00934	0.00581	0.00751	0.00691	0.00851	0.00525	0.00524	0.01159	0.01448	0.11521	0.58076	0.07664	0.11067	0.01080	0.00615	0.00169	0.00279	0.00945	0.00578	0.00540
5	0.00985	0.00493	0.00493	0.00493	0.00616	0.00493	0.00370	0.01232	0.01109	0.01971	0.01725	0.01971	0.01355	0.00616	0.00370	0.00123	0.00246	0.00493	0.84356	0.00493
6	0.01123	0.00983	0.09515	0.00891	0.01183	0.00794	0.00784	0.07701	0.08521	0.09659	0.30749	0.06207	0.07563	0.00913	0.00576	0.00167	0.00399	0.04875	0.00506	0.06892
7	0.05052	0.00987	0.01647	0.63484	0.03259	0.01154	0.08023	0.01390	0.01069	0.01458	0.00941	0.01361	0.00713	0.00509	0.00517	0.00168	0.00684	0.00463	0.00248	0.06870
8	0.00985	0.00493	0.00493	0.00493	0.00616	0.00493	0.00370	0.01232	0.01109	0.01971	0.01725	0.01971	0.01355	0.00616	0.00370	0.00123	0.00246	0.00493	0.84356	0.00493
9	0.00666	0.00560	0.00581	0.00572	0.00749	0.00487	0.00430	0.00867	0.04246	0.01539	0.13568	0.04833	0.66500	0.01285	0.00621	0.00177	0.00272	0.01077	0.00503	0.00468
10	0.00727	0.00502	0.00592	0.00629	0.00652	0.00488	0.00387	0.00768	0.00875	0.01155	0.02270	0.25292	0.07042	0.52101	0.01949	0.00402	0.00439	0.02983	0.00383	0.00363
11	0.00998	0.00940	0.01586	0.80150	0.03641	0.01175	0.01468	0.01351	0.01057	0.01351	0.00940	0.01409	0.00705	0.00529	0.00529	0.00176	0.00705	0.00470	0.00235	0.00587
12	0.00666	0.00481	0.00621	0.00720	0.00768	0.00449	0.00492	0.00768	0.01037	0.01370	0.05286	0.62867	0.09557	0.07155	0.00813	0.00233	0.00326	0.05483	0.00481	0.00429
13	0.00819	0.00568	0.00653	0.00647	0.00694	0.00566	0.00406	0.05506	0.00984	0.01315	0.07431	0.15878	0.05293	0.54702	0.02004	0.00405	0.00455	0.00895	0.00386	0.00392
14	0.64369	0.01097	0.00867	0.00773	0.01085	0.06547	0.00623	0.03294	0.03992	0.06039	0.00979	0.03395	0.00782	0.00554	0.00372	0.00162	0.00443	0.00363	0.03661	0.00602
15	0.00978	0.00631	0.00826	0.00848	0.04769	0.00583	0.00601	0.01217	0.03646	0.12104	0.33787	0.16937	0.15657	0.01138	0.00617	0.00179	0.00323	0.04058	0.00540	0.00559
16	0.01133	0.01324	0.15547	0.12278	0.01901	0.01211	0.09097	0.04332	0.01047	0.04479	0.01052	0.01529	0.00904	0.07875	0.08894	0.00282	0.23509	0.00503	0.00277	0.02824
17	0.33336	0.03914	0.16890	0.03871	0.04542	0.02969	0.01030	0.13132	0.04256	0.06480	0.04231	0.01237	0.00929	0.00558	0.00444	0.00162	0.00543	0.00405	0.00364	0.00705
18	0.05813	0.03040	0.02665	0.06514	0.01389	0.01077	0.04704	0.05452	0.02732	0.02926	0.01374	0.09785	0.03147	0.09756	0.02451	0.00226	0.21123	0.00603	0.04715	0.10510

[dist]
# distance from previous block
# <min> <max>
14	55

[block]
# block no. 2 follows, 46 sequences, length 19
# corresponding to MSA columns:
# 166-184
name=unknown_C
#
# <colnr> <probs for GDERKNQSTAVLIFYWHMCP>
#	G	D	E	R	K	N	Q	S	T	A	V	L	I	F	Y	W	H	M	C	P
0	0.06411	0.23335	0.25308	0.01232	0.07158	0.03272	0.01190	0.01572	0.04735	0.01634	0.03322	0.04667	0.01187	0.00642	0.00469	0.00156	0.00582	0.06377	0.06072	0.00678
1	0.01234	0.11418	0.11963	0.05329	0.10040	0.01265	0.07182	0.08194	0.07653	0.01765	0.02918	0.02976	0.01056	0.03128	0.00650	0.00164	0.06345	0.01732	0.00322	0.14665
2	0.01515	0.04533	0.09518	0.05088	0.04758	0.18193	0.08820	0.10622	0.04505	0.10161	0.10878	0.01670	0.01412	0.02154	0.02080	0.00176	0.00671	0.00521	0.00386	0.02338
3	0.00783	0.00584	0.00705	0.00683	0.00812	0.00568	0.00493	0.00977	0.03957	0.01445	0.09498	0.10303	0.17742	0.18148	0.18695	0.00388	0.00592	0.00819	0.05612	0.07194
4	0.00985	0.00493	0.00493	0.00493	0.00616	0.00493	0.00370	0.01232	0.01109	0.01971	0.01725	0.01971	0.01355	0.00616	0.00370	0.00123	0.00246	0.00493	0.84356	0.00493
5	0.01439	0.01167	0.01310	0.10130	0.07083	0.04940	0.00928	0.32350	0.08188	0.02348	0.05054	0.02118	0.13886	0.00747	0.00536	0.00163	0.00516	0.00605	0.05769	0.00723
6	0.00725	0.00559	0.00653	0.00636	0.00782	0.00505	0.00473	0.03232	0.01352	0.01784	0.36937	0.12826	0.35139	0.01238	0.00627	0.00176	0.00274	0.01068	0.00532	0.00482
7	0.00985	0.00493	0.00493	0.00493	0.00616	0.00493	0.00370	0.01232	0.01109	0.01971	0.01725	0.01971	0.01355	0.00616	0.00370	0.00123	0.00246	0.00493	0.84356	0.00493
8	0.00675	0.00471	0.00621	0.00718	0.00746	0.00450	0.00474	0.00746	0.00962	0.01286	0.02618	0.65025	0.03111	0.11945	0.03907	0.03673	0.00380	0.01332	0.00451	0.00409
9	0.85155	0.01022	0.00777	0.00695	0.01022	0.01186	0.00573	0.01554	0.00900	0.02372	0.00736	0.00859	0.00573	0.00491	0.00327	0.00164	0.00409	0.00286	0.00327	0.00573
10	0.00796	0.00566	0.00634	0.00601	0.00784	0.00486	0.00456	0.00965	0.01304	0.07777	0.23460	0.04536	0.53296	0.01219	0.00617	0.00174	0.00278	0.01028	0.00527	0.00496
11	0.00644	0.00460	0.00613	0.00736	0.00767	0.00429	0.00491	0.00736	0.01012	0.01350	0.02914	0.81076	0.03497	0.01656	0.00675	0.00215	0.00307	0.01503	0.00491	0.00429
12	0.01145	0.01298	0.04827	0.01917	0.02341	0.01221	0.56725	0.01516	0.01174	0.01608	0.01311	0.13285	0.01192	0.00666	0.00717	0.00188	0.07175	0.00735	0.00297	0.00662
13	0.00809	0.00577	0.00681	0.00659	0.00743	0.00538	0.00430	0.00875	0.00884	0.01215	0.01805	0.13081	0.02040	0.52875	0.01937	0.00389	0.00466	0.06706	0.00354	0.12936
14	0.01248	0.00889	0.01023	0.00898	0.01150	0.00933	0.00702	0.13654	0.21229	0.09102	0.12953	0.09075	0.09041	0.01197	0.08486	0.00237	0.00495	0.00730	0.02938	0.04020
15	0.00864	0.00660	0.00799	0.00779	0.00863	0.03780	0.00580	0.00997	0.00923	0.01314	0.01758	0.04563	0.07529	0.15475	0.34287	0.04219	0.06970	0.00637	0.12554	0.00450
16	0.07977	0.06076	0.08308	0.05819	0.01432	0.05016	0.00934	0.11769	0.03414	0.04607	0.01284	0.03134	0.02724	0.03831	0.13320	0.01900	0.11507	0.00497	0.05825	0.00625
17	0.03959	0.38069	0.14645	0.05240	0.01850	0.05485	0.13708	0.05149	0.01189	0.01535	0.00952	0.04232	0.00818	0.00525	0.00451	0.00145	0.00666	0.00427	0.00263	0.00690
18	0.11207	0.46520	0.05696	0.01148	0.06501	0.01660	0.05417	0.01611	0.01096	0.06413	0.02512	0.01109	0.00840	0.00637	0.03568	0.00165	0.02570	0.00367	0.00280	0.00683

[dist]
# distance from previous block
# <min> <max>
0	19

[block]
# block no. 3 follows, 46 sequences, length 52
# corresponding to MSA columns:
# 204-255
name=unknown_D
#
# <colnr> <probs for GDERKNQSTAVLIFYWHMCP>
#	G	D	E	R	K	N	Q	S	T	A	V	L	I	F	Y	W	H	M	C	P
0	0.00796	0.00573	0.00694	0.00709	0.00774	0.00578	0.00484	0.05012	0.01033	0.01376	0.05836	0.26935	0.09164	0.32317	0.06849	0.00365	0.01963	0.03703	0.00412	0.00426
1	0.01763	0.00915	0.01178	0.01032	0.05526	0.00862	0.00776	0.06113	0.11412	0.40393	0.12957	0.02095	0.03248	0.00707	0.00533	0.00159	0.00421	0.00590	0.02602	0.06719
2	0.01431	0.00942	0.05518	0.00953	0.01213	0.00859	0.00792	0.14212	0.01472	0.23324	0.12866	0.22997	0.02326	0.01008	0.00654	0.00183	0.04882	0.03162	0.00526	0.00680
3	0.01304	0.00904	0.01214	0.06484	0.03202	0.00932	0.05013	0.16078	0.06406	0.12033	0.12729	0.10248	0.05096	0.01037	0.02747	0.01766	0.00502	0.11156	0.00489	0.00661
4	0.00661	0.00550	0.00580	0.00573	0.00743	0.00476	0.00429	0.00846	0.03131	0.01552	0.16317	0.06274	0.63454	0.01290	0.00623	0.00177	0.00269	0.01086	0.00506	0.00464
5	0.01912	0.02355	0.07194	0.01034	0.01435	0.01091	0.00899	0.23081	0.08303	0.35978	0.03895	0.01705	0.01283	0.02332	0.00566	0.00168	0.00496	0.00522	0.04913	0.00837
6	0.01255	0.18615	0.39064	0.03133	0.02161	0.07179	0.16694	0.03084	0.01187	0.01586	0.00925	0.01121	0.00704	0.00487	0.00493	0.00156	0.00767	0.00415	0.00242	0.00732
7	0.01041	0.00711	0.00906	0.00868	0.01039	0.00702	0.02316	0.05438	0.11930	0.09581	0.10686	0.41111	0.02844	0.01219	0.00617	0.00191	0.00370	0.04056	0.00514	0.03861
8	0.00857	0.00567	0.00720	0.00668	0.00822	0.00511	0.00506	0.01081	0.01441	0.08159	0.58581	0.05692	0.16186	0.01100	0.00617	0.00169	0.00270	0.00959	0.00571	0.00521
9	0.01258	0.01237	0.02128	0.12758	0.57142	0.02679	0.09616	0.01582	0.01190	0.01658	0.01042	0.03399	0.00883	0.00508	0.00538	0.00163	0.00664	0.00512	0.00265	0.00778
10	0.03327	0.01342	0.06821	0.15331	0.22692	0.02270	0.32407	0.01627	0.01199	0.04291	0.01143	0.01451	0.02582	0.00500	0.00562	0.00170	0.00743	0.00540	0.00278	0.00724
11	0.01146	0.10974	0.50137	0.01625	0.04624	0.01362	0.15692	0.01647	0.01124	0.01613	0.00937	0.01153	0.00702	0.00506	0.00567	0.00166	0.04613	0.00429	0.00233	0.00749
12	0.55450	0.03077	0.01040	0.05093	0.01276	0.05060	0.00734	0.05814	0.01052	0.05822	0.00875	0.01041	0.00686	0.00707	0.04187	0.00199	0.06598	0.00348	0.00335	0.00608
13	0.01006	0.00933	0.01359	0.01187	0.01239	0.01215	0.04453	0.01145	0.00837	0.01252	0.01021	0.01681	0.01010	0.10612	0.23551	0.00433	0.45749	0.00533	0.00257	0.00526
14	0.01146	0.03621	0.22285	0.01795	0.02317	0.01254	0.42639	0.01605	0.02560	0.01675	0.05388	0.04974	0.01126	0.00577	0.00640	0.00177	0.04630	0.00604	0.00285	0.00701
15	0.00769	0.00577	0.00628	0.00610	0.00749	0.00529	0.00433	0.02584	0.03583	0.03395	0.11361	0.07606	0.43254	0.20304	0.01111	0.00257	0.00342	0.00989	0.00466	0.00455
16	0.01402	0.72569	0.02619	0.00940	0.01362	0.03921	0.00913	0.01570	0.01070	0.01262	0.00741	0.00876	0.00683	0.00480	0.00425	0.00119	0.05201	0.00295	0.00230	0.03319
17	0.15217	0.08772	0.10754	0.01116	0.01548	0.04060	0.01012	0.39051	0.07138	0.02609	0.01155	0.01203	0.00853	0.00581	0.00471	0.00156	0.00569	0.00422	0.02524	0.00788
18	0.00769	0.00513	0.00577	0.00577	0.00577	0.00513	0.00320	0.00769	0.00769	0.01025	0.01666	0.03460	0.01922	0.81421	0.02691	0.00513	0.00513	0.00769	0.00320	0.00320
19	0.07538	0.01302	0.01371	0.01079	0.01445	0.01440	0.00880	0.58460	0.04526	0.03000	0.01321	0.01426	0.00987	0.04177	0.00595	0.00172	0.00530	0.00481	0.08460	0.00811
20	0.00650	0.00468	0.00611	0.00719	0.00760	0.00435	0.00482	0.00747	0.01033	0.01372	0.05594	0.72373	0.07572	0.03573	0.00720	0.00218	0.00308	0.01445	0.00490	0.00430
21	0.01060	0.02735	0.78682	0.01507	0.02288	0.01228	0.01953	0.01674	0.01116	0.01674	0.00949	0.01116	0.00670	0.00502	0.00502	0.00167	0.00781	0.00391	0.00223	0.00781
22	0.00817	0.00558	0.00699	0.00653	0.00799	0.00505	0.00490	0.01033	0.01416	0.06205	0.57492	0.04017	0.17905	0.04236	0.00699	0.00182	0.00274	0.00954	0.00559	0.00505
23	0.02020	0.01464	0.01576	0.01208	0.01631	0.01615	0.00998	0.74250	0.02458	0.05482	0.01293	0.01284	0.00911	0.00635	0.00529	0.00159	0.00578	0.00478	0.00532	0.00899
24	0.00671	0.00513	0.00617	0.00655	0.00766	0.00460	0.00475	0.00822	0.01208	0.01574	0.21940	0.31528	0.31104	0.01393	0.00646	0.00191	0.00286	0.04184	0.00513	0.00455
25	0.01127	0.00939	0.01099	0.00787	0.01255	0.00706	0.00630	0.01361	0.01106	0.03584	0.00967	0.01113	0.00796	0.00398	0.00395	0.00080	0.00393	0.00319	0.00321	0.82622
26	0.01539	0.01086	0.01280	0.00963	0.01394	0.01004	0.02472	0.21616	0.05645	0.14205	0.01428	0.01445	0.03594	0.00549	0.00471	0.00124	0.00460	0.00441	0.00441	0.39843
27	0.00932	0.00647	0.00751	0.00701	0.00886	0.00609	0.00530	0.02455	0.09644	0.09035	0.27450	0.09486	0.30719	0.02955	0.00655	0.00183	0.00309	0.00963	0.00537	0.00552
28	0.00736	0.00605	0.00656	0.00640	0.00813	0.00562	0.00480	0.01056	0.10520	0.01661	0.19687	0.09148	0.49063	0.01230	0.00617	0.00178	0.00285	0.01044	0.00515	0.00504
29	0.01229	0.00768	0.01024	0.00931	0.01144	0.00755	0.04193	0.04985	0.12341	0.17887	0.13696	0.27078	0.02702	0.01102	0.00613	0.00190	0.00401	0.07787	0.00536	0.00637
30	0.03534	0.06098	0.41786	0.01244	0.01810	0.02967	0.01402	0.01868	0.01233	0.22724	0.05511	0.01439	0.01085	0.00594	0.00562	0.00166	0.04385	0.00455	0.00366	0.00774
31	0.01875	0.02343	0.01526	0.05829	0.05236	0.69626	0.01070	0.02062	0.03164	0.01337	0.00862	0.01018	0.00710	0.00544	0.00483	0.00140	0.00913	0.00359	0.00276	0.00627
32	0.01171	0.27517	0.54870	0.01318	0.01996	0.01499	0.01624	0.01646	0.01103	0.01539	0.00882	0.01032	0.00672	0.00487	0.00451	0.00150	0.00714	0.00357	0.00224	0.00749
33	0.01241	0.01303	0.01882	0.44124	0.04312	0.12584	0.15809	0.04280	0.01197	0.01483	0.00944	0.01323	0.00729	0.00544	0.00620	0.00173	0.06084	0.00481	0.00258	0.00631
34	0.01881	0.00959	0.01206	0.02429	0.03053	0.00924	0.00793	0.17747	0.03080	0.42358	0.09478	0.04290	0.07848	0.00769	0.00551	0.00166	0.00448	0.00633	0.00585	0.00803
35	0.00709	0.00535	0.00647	0.00652	0.00768	0.00492	0.00470	0.00912	0.03239	0.01711	0.36164	0.21049	0.23648	0.05683	0.00747	0.00199	0.00286	0.01098	0.00522	0.00469
36	0.00941	0.00678	0.01029	0.26911	0.01733	0.00770	0.00837	0.02692	0.03348	0.01236	0.01302	0.14854	0.01297	0.01292	0.01236	0.36178	0.02310	0.00642	0.00292	0.00423
37	0.01042	0.02934	0.00937	0.00865	0.01019	0.00808	0.00642	0.21181	0.01416	0.01881	0.02456	0.50587	0.05222	0.03614	0.00684	0.00205	0.00397	0.03058	0.00489	0.00562
38	0.02709	0.00626	0.00919	0.00887	0.00992	0.00734	0.02037	0.00994	0.00872	0.01288	0.01464	0.02059	0.03327	0.03480	0.67216	0.00747	0.06205	0.00568	0.02391	0.00485
39	0.00776	0.00561	0.00760	0.00870	0.00971	0.00545	0.00713	0.00971	0.01167	0.01520	0.04701	0.26277	0.08724	0.01496	0.00705	0.00229	0.00416	0.47639	0.00490	0.00468
40	0.01311	0.03966	0.07775	0.02993	0.68111	0.03309	0.01608	0.01638	0.01201	0.01697	0.00978	0.01270	0.00816	0.00475	0.00515	0.00156	0.00646	0.00456	0.00258	0.00822
41	0.08631	0.01546	0.09827	0.16686	0.23954	0.15417	0.05327	0.01733	0.06905	0.01656	0.01113	0.01344	0.02521	0.00537	0.00505	0.00162	0.00689	0.00455	0.00286	0.00705
42	0.01292	0.01229	0.02077	0.11011	0.68878	0.01256	0.01593	0.03237	0.01217	0.01724	0.00995	0.01318	0.00825	0.00480	0.00524	0.00159	0.00635	0.00471	0.00265	0.00813
43	0.00757	0.00559	0.00814	0.00814	0.00897	0.00642	0.00617	0.00921	0.00839	0.01201	0.01448	0.02255	0.01399	0.13951	0.69445	0.00806	0.01300	0.00593	0.00288	0.00452
44	0.30841	0.01331	0.12358	0.08812	0.03618	0.01265	0.01036	0.11458	0.01191	0.04484	0.02135	0.01151	0.00772	0.00587	0.00622	0.00170	0.12099	0.00395	0.00328	0.05347
45	0.01751	0.03108	0.01565	0.03149	0.05847	0.11932	0.01031	0.43536	0.04445	0.02522	0.01157	0.01269	0.00879	0.00645	0.00658	0.00163	0.10438	0.00457	0.04663	0.00784
46	0.01146	0.02472	0.64801	0.01580	0.02310	0.01222	0.12060	0.01718	0.01152	0.05188	0.01017	0.01190	0.00717	0.00501	0.00520	0.00169	0.00781	0.00429	0.00249	0.00777
47	0.02949	0.09715	0.08718	0.00981	0.01291	0.07816	0.02200	0.10728	0.01358	0.07856	0.10163	0.23270	0.02014	0.00898	0.00538	0.00163	0.00495	0.00759	0.00423	0.07663
48	0.00921	0.00507	0.00782	0.02714	0.00837	0.00511	0.02543	0.00757	0.00745	0.00990	0.01051	0.01899	0.01060	0.04285	0.01935	0.72865	0.00480	0.04601	0.00248	0.00269
49	0.00791	0.00538	0.00621	0.00626	0.00646	0.00541	0.00375	0.03181	0.00859	0.01149	0.01817	0.13969	0.02088	0.65839	0.04417	0.00470	0.00511	0.00854	0.00349	0.00358
50	0.01391	0.03035	0.04368	0.02219	0.16856	0.05145	0.47595	0.05118	0.01316	0.06022	0.01099	0.01376	0.00830	0.00477	0.00580	0.00169	0.00797	0.00557	0.00298	0.00751
51	0.04289	0.19455	0.42947	0.05561	0.04068	0.01400	0.02883	0.04144	0.03008	0.01663	0.00937	0.01100	0.00714	0.00494	0.00460	0.00151	0.00677	0.00378	0.00253	0.05417

[dist]
# distance from previous block
# <min> <max>
0	5

[block]
# block no. 4 follows, 46 sequences, length 26
# corresponding to MSA columns:
# 261-282,291-294
name=unknown_E
#
# <colnr> <probs for GDERKNQSTAVLIFYWHMCP>
#	G	D	E	R	K	N	Q	S	T	A	V	L	I	F	Y	W	H	M	C	P
0	0.11982	0.07408	0.24955	0.03591	0.08243	0.02995	0.22328	0.04815	0.01189	0.01780	0.01072	0.01289	0.02887	0.00521	0.00541	0.00166	0.02780	0.00468	0.00274	0.00715
1	0.01132	0.00896	0.01190	0.06597	0.10039	0.02938	0.06053	0.03831	0.11747	0.03856	0.01796	0.05543	0.06135	0.09001	0.00787	0.00198	0.04410	0.00619	0.22623	0.00610
2	0.00756	0.00620	0.00677	0.00679	0.00834	0.02010	0.00526	0.03032	0.01238	0.01543	0.11179	0.07971	0.47059	0.05348	0.00764	0.00206	0.01940	0.12668	0.00482	0.00469
3	0.04592	0.01395	0.01482	0.01148	0.01546	0.01542	0.00945	0.68561	0.02336	0.03203	0.01285	0.01307	0.00921	0.00629	0.00511	0.00156	0.00552	0.00471	0.06559	0.00859
4	0.01066	0.00698	0.00857	0.00791	0.00980	0.00688	0.00604	0.01528	0.16210	0.12537	0.38759	0.12646	0.07152	0.01039	0.00602	0.00176	0.00322	0.02170	0.00566	0.00609
5	0.01308	0.01256	0.02146	0.03245	0.78123	0.01256	0.01622	0.01622	0.01204	0.01727	0.00994	0.01308	0.00837	0.00471	0.00523	0.00157	0.00628	0.00471	0.00262	0.00837
6	0.01328	0.54766	0.25706	0.01105	0.01649	0.04804	0.01227	0.01631	0.01103	0.01376	0.00803	0.00933	0.00676	0.00471	0.00394	0.00130	0.00646	0.00318	0.00227	0.00707
7	0.03755	0.00813	0.01068	0.00852	0.01191	0.00713	0.00689	0.02136	0.01443	0.58061	0.10703	0.02406	0.09584	0.03348	0.00616	0.00177	0.00410	0.00641	0.00612	0.00783
8	0.00651	0.00467	0.00611	0.00720	0.00758	0.00435	0.00481	0.00746	0.01025	0.01362	0.05037	0.72779	0.06662	0.04627	0.00747	0.00223	0.00311	0.01444	0.00487	0.00428
9	0.01223	0.01169	0.01991	0.24528	0.57511	0.01234	0.01580	0.01547	0.01163	0.01623	0.00979	0.01336	0.00801	0.00487	0.00525	0.00162	0.00649	0.00471	0.00254	0.00768
10	0.00805	0.00571	0.00699	0.00716	0.00797	0.00560	0.00496	0.06378	0.01141	0.01528	0.13570	0.33415	0.09171	0.19067	0.03058	0.03894	0.00398	0.02837	0.00453	0.00446
11	0.01477	0.00975	0.01123	0.00971	0.01226	0.01019	0.00754	0.35119	0.01740	0.11503	0.02039	0.33322	0.02001	0.01046	0.00583	0.00181	0.00446	0.00894	0.02881	0.00700
12	0.00676	0.00517	0.00623	0.00656	0.00770	0.00463	0.00479	0.00834	0.01225	0.01601	0.24404	0.28827	0.30618	0.01374	0.00645	0.00190	0.00286	0.04838	0.00516	0.00457
13	0.01159	0.00875	0.00997	0.00901	0.01140	0.02287	0.02525	0.03666	0.30467	0.09375	0.11251	0.11818	0.16777	0.00979	0.00581	0.00179	0.00385	0.02250	0.01721	0.00667
14	0.03721	0.10721	0.06911	0.01384	0.11690	0.19942	0.01038	0.05072	0.04521	0.09600	0.01080	0.01207	0.00849	0.00638	0.02928	0.00161	0.03713	0.00397	0.00331	0.14097
15	0.01367	0.01111	0.01326	0.00995	0.01425	0.01027	0.04551	0.24451	0.03670	0.02210	0.01187	0.05469	0.00988	0.00546	0.00465	0.00118	0.00471	0.00451	0.00393	0.47778
16	0.00648	0.00463	0.00617	0.00734	0.00768	0.00432	0.00491	0.00745	0.01029	0.01377	0.05578	0.78333	0.03550	0.01636	0.00673	0.00213	0.00305	0.01483	0.00494	0.00432
17	0.01109	0.02360	0.58510	0.03708	0.09169	0.01245	0.13148	0.01665	0.01142	0.01674	0.00971	0.01187	0.00706	0.00492	0.00523	0.00168	0.00782	0.00435	0.00234	0.00771
18	0.01519	0.01348	0.04024	0.08822	0.27176	0.08871	0.01224	0.12153	0.15076	0.09267	0.01390	0.01617	0.01083	0.00606	0.00531	0.00165	0.00605	0.03339	0.00391	0.00792
19	0.00961	0.00810	0.01250	0.01183	0.04134	0.00838	0.11683	0.08213	0.01204	0.01628	0.02204	0.41344	0.02446	0.01246	0.00750	0.00207	0.07585	0.11332	0.00430	0.00552
20	0.00696	0.00502	0.00668	0.00784	0.00836	0.00482	0.00559	0.00849	0.03009	0.01410	0.02875	0.66701	0.03373	0.01600	0.00680	0.00218	0.00339	0.13478	0.00491	0.00449
21	0.36169	0.18706	0.05711	0.00955	0.01330	0.18395	0.00838	0.01790	0.01141	0.09449	0.00900	0.00985	0.00698	0.00511	0.00392	0.00147	0.00586	0.00328	0.00320	0.00648
22	0.01218	0.00644	0.00827	0.00725	0.00929	0.00592	0.00563	0.01488	0.03460	0.22011	0.46132	0.03077	0.03464	0.00899	0.00564	0.00160	0.00306	0.00775	0.11553	0.00611
23	0.01269	0.01313	0.05995	0.05218	0.67119	0.01238	0.04921	0.01601	0.01197	0.01706	0.01092	0.01391	0.02551	0.00493	0.00529	0.00160	0.00642	0.00488	0.00264	0.00813
24	0.01651	0.01221	0.01409	0.01134	0.01413	0.01403	0.00927	0.44677	0.01851	0.06115	0.03619	0.01523	0.01092	0.04292	0.03892	0.00213	0.16632	0.00508	0.05673	0.00756
25	0.30811	0.14319	0.02776	0.00958	0.01324	0.08751	0.00815	0.20875	0.04677	0.04662	0.02858	0.01153	0.00877	0.00559	0.00421	0.00151	0.00530	0.00383	0.02399	0.00699

[dist]
# distance from previous block
# <min> <max>
0	1

[block]
# block no. 5 follows, 46 sequences, length 15
# corresponding to MSA columns:
# 296-310
name=unknown_F
#
# <colnr> <probs for GDERKNQSTAVLIFYWHMCP>
#	G	D	E	R	K	N	Q	S	T	A	V	L	I	F	Y	W	H	M	C	P
0	0.03811	0.01233	0.03267	0.01107	0.01410	0.13279	0.08515	0.13226	0.03755	0.09734	0.15953	0.04341	0.03932	0.03759	0.00637	0.00178	0.00557	0.06282	0.00448	0.04574
1	0.15806	0.06435	0.01466	0.05051	0.01571	0.10222	0.00924	0.37862	0.01809	0.09344	0.01149	0.01202	0.00836	0.00591	0.00498	0.00156	0.02080	0.00422	0.01806	0.00770
2	0.03366	0.07036	0.01513	0.01112	0.01490	0.02883	0.00913	0.51706	0.07592	0.04948	0.01437	0.08393	0.01165	0.00707	0.00520	0.00159	0.00538	0.00553	0.00493	0.03475
3	0.00812	0.00545	0.00625	0.00617	0.00653	0.00545	0.00378	0.03597	0.00933	0.01279	0.08541	0.09830	0.02262	0.60861	0.02150	0.00426	0.00462	0.00823	0.04284	0.00375
4	0.01040	0.00996	0.01594	0.59577	0.03053	0.01291	0.01387	0.01330	0.00992	0.01330	0.00875	0.01343	0.00702	0.00632	0.00844	0.00191	0.21536	0.00468	0.00234	0.00585
5	0.00643	0.00535	0.00554	0.00550	0.00715	0.00454	0.00407	0.00782	0.01212	0.01474	0.11977	0.04904	0.67487	0.05093	0.00722	0.00193	0.00278	0.01084	0.00491	0.00445
6	0.01120	0.00902	0.01471	0.67104	0.03209	0.01088	0.01324	0.01451	0.01102	0.08266	0.01101	0.01486	0.00807	0.00546	0.00517	0.00171	0.00648	0.00477	0.06602	0.00608
7	0.00650	0.00463	0.00612	0.00728	0.00757	0.00434	0.00482	0.00738	0.01000	0.01333	0.02851	0.77184	0.03418	0.05656	0.00776	0.00230	0.00317	0.01466	0.00482	0.00424
8	0.01305	0.01107	0.01143	0.01049	0.01319	0.04862	0.00813	0.02503	0.60370	0.04990	0.02184	0.09148	0.01792	0.00825	0.00556	0.00183	0.00438	0.04114	0.00523	0.00776
9	0.00756	0.00563	0.00834	0.00834	0.00923	0.00652	0.00641	0.00934	0.00845	0.01216	0.01430	0.02156	0.01356	0.08382	0.74956	0.00830	0.01365	0.00578	0.00285	0.00463
10	0.01586	0.01281	0.05789	0.01301	0.08307	0.01300	0.00996	0.22268	0.34628	0.11127	0.04529	0.01729	0.01389	0.00667	0.00535	0.00169	0.00499	0.00548	0.00508	0.00845
11	0.01226	0.01295	0.05255	0.03549	0.05950	0.06118	0.05991	0.03251	0.00982	0.02652	0.00883	0.03501	0.00821	0.00915	0.03649	0.00229	0.52357	0.00497	0.00261	0.00619
12	0.05631	0.05293	0.02369	0.03288	0.04046	0.01157	0.00832	0.26748	0.08121	0.08072	0.07859	0.10620	0.01623	0.04516	0.00623	0.00176	0.00479	0.00626	0.00464	0.07457
13	0.01345	0.34416	0.10951	0.03718	0.11199	0.05055	0.01107	0.08037	0.08028	0.01665	0.03474	0.02883	0.03220	0.00594	0.00458	0.00146	0.00584	0.02087	0.00315	0.00717
14	0.03429	0.08996	0.01447	0.03008	0.03857	0.01088	0.00854	0.16552	0.01594	0.43628	0.03164	0.03568	0.01227	0.00640	0.00507	0.00155	0.00488	0.00511	0.00538	0.04748

[dist]
# distance from previous block
# <min> <max>
2	5

[block]
# block no. 6 follows, 46 sequences, length 6
# corresponding to MSA columns:
# 316-321
name=unknown_G
#
# <colnr> <probs for GDERKNQSTAVLIFYWHMCP>
#	G	D	E	R	K	N	Q	S	T	A	V	L	I	F	Y	W	H	M	C	P
0	0.09533	0.12954	0.01500	0.03051	0.06900	0.25673	0.00894	0.10698	0.03341	0.01748	0.05913	0.05101	0.01213	0.05427	0.00602	0.00168	0.00636	0.00480	0.00341	0.03825
1	0.05049	0.00929	0.05835	0.05576	0.01249	0.00866	0.00749	0.15213	0.05783	0.04839	0.12225	0.18045	0.14391	0.03445	0.00635	0.00187	0.00419	0.00847	0.03110	0.00607
2	0.01247	0.01036	0.01415	0.07713	0.01609	0.05618	0.12933	0.12829	0.03625	0.07487	0.10052	0.19280	0.05581	0.00898	0.00618	0.00176	0.02827	0.00799	0.00435	0.03821
3	0.07457	0.10638	0.36698	0.04483	0.06018	0.01229	0.01378	0.01586	0.01112	0.05126	0.04370	0.01247	0.00910	0.00540	0.00541	0.00154	0.05374	0.00405	0.00280	0.10454
4	0.08622	0.01358	0.01448	0.17362	0.12912	0.15440	0.01075	0.15816	0.08872	0.01906	0.01134	0.01430	0.00919	0.05707	0.00693	0.03179	0.00641	0.00463	0.00344	0.00681
5	0.13874	0.09666	0.07171	0.04801	0.04894	0.17846	0.00943	0.06633	0.08890	0.07394	0.04471	0.01562	0.05595	0.00622	0.00471	0.00154	0.00587	0.00466	0.03281	0.00678

[dist]
# distance from previous block
# <min> <max>
19	60

[block]
# block no. 7 follows, 46 sequences, length 42
# corresponding to MSA columns:
# 385-426
name=unknown_H
#
# <colnr> <probs for GDERKNQSTAVLIFYWHMCP>
#	G	D	E	R	K	N	Q	S	T	A	V	L	I	F	Y	W	H	M	C	P
0	0.01172	0.00853	0.00893	0.02980	0.01041	0.08351	0.00612	0.09044	0.01256	0.10534	0.07470	0.26408	0.03802	0.20069	0.01085	0.00258	0.00469	0.00898	0.02268	0.00536
1	0.01153	0.01020	0.01408	0.02961	0.02954	0.00902	0.10151	0.06848	0.01201	0.01779	0.01134	0.06238	0.01009	0.00552	0.00531	0.00121	0.04621	0.02172	0.00331	0.52914
2	0.00886	0.00765	0.02607	0.04123	0.02633	0.00653	0.04311	0.02212	0.01068	0.01503	0.01998	0.32599	0.04899	0.08877	0.00767	0.00195	0.00421	0.02643	0.00389	0.26450
3	0.05621	0.09559	0.48358	0.01500	0.09216	0.05211	0.01576	0.01710	0.01150	0.05948	0.00979	0.01125	0.00723	0.00499	0.00475	0.00155	0.00699	0.00385	0.00264	0.04847
4	0.01279	0.01244	0.02029	0.11964	0.58148	0.03588	0.04945	0.01654	0.04900	0.01689	0.01084	0.01455	0.00904	0.00514	0.00533	0.00163	0.00645	0.02196	0.00278	0.00788
5	0.01017	0.00760	0.04044	0.00834	0.03084	0.00658	0.00650	0.02976	0.05889	0.10104	0.51668	0.03293	0.07396	0.00947	0.00589	0.00163	0.00327	0.00824	0.00546	0.04233
6	0.08771	0.01457	0.01344	0.03232	0.07850	0.20747	0.00927	0.26419	0.01609	0.02089	0.01305	0.05377	0.03121	0.04897	0.08314	0.00242	0.00723	0.00516	0.00381	0.00681
7	0.01267	0.03619	0.31887	0.04044	0.26855	0.06766	0.08686	0.03768	0.04921	0.01721	0.01028	0.01244	0.00791	0.00503	0.00519	0.00162	0.00724	0.00447	0.00267	0.00780
8	0.01125	0.00945	0.01095	0.00789	0.01247	0.00731	0.00632	0.03931	0.01145	0.01786	0.00975	0.01129	0.00805	0.00407	0.00396	0.00082	0.00394	0.00324	0.02898	0.79167
9	0.04320	0.00514	0.00504	0.00501	0.00632	0.00520	0.00378	0.01245	0.01100	0.01987	0.01685	0.01927	0.01324	0.00611	0.00368	0.00125	0.00253	0.00485	0.81027	0.00496
10	0.01185	0.04975	0.01464	0.05821	0.03152	0.02785	0.03929	0.08978	0.01127	0.01620	0.01404	0.01694	0.08372	0.00895	0.03201	0.00207	0.36732	0.00531	0.11327	0.00601
11	0.00694	0.00501	0.00669	0.04588	0.00894	0.00489	0.00531	0.00795	0.00998	0.01328	0.04306	0.59560	0.03126	0.13969	0.00983	0.00259	0.00366	0.05065	0.00454	0.00425
12	0.01358	0.01122	0.08226	0.00989	0.01311	0.01032	0.00848	0.15803	0.22501	0.11770	0.16980	0.06968	0.07114	0.00841	0.00563	0.00172	0.00437	0.00705	0.00525	0.00735
13	0.00789	0.00607	0.00694	0.01936	0.00841	0.00594	0.00492	0.03298	0.07025	0.01552	0.13674	0.11539	0.29662	0.17316	0.05808	0.00286	0.00415	0.00948	0.02049	0.00476
14	0.01218	0.00991	0.01260	0.01101	0.01269	0.01156	0.03156	0.16403	0.10672	0.03574	0.07812	0.16803	0.01896	0.03986	0.00984	0.00210	0.22098	0.04342	0.00432	0.00637
15	0.00985	0.00511	0.00519	0.00506	0.00641	0.00502	0.00379	0.01226	0.01101	0.01941	0.01691	0.01966	0.01344	0.02300	0.00419	0.00130	0.00258	0.00491	0.79159	0.03929
16	0.01071	0.00900	0.00964	0.00903	0.01053	0.11589	0.02857	0.06427	0.01119	0.01526	0.01465	0.06886	0.01350	0.03731	0.34897	0.04574	0.00918	0.01699	0.15556	0.00515
17	0.01035	0.00983	0.01678	0.70647	0.10991	0.01187	0.03298	0.01386	0.01076	0.01396	0.00948	0.01400	0.00720	0.00521	0.00530	0.00174	0.00702	0.00474	0.00238	0.00615
18	0.02802	0.03030	0.01193	0.01039	0.01317	0.01147	0.00852	0.17411	0.31251	0.05510	0.06172	0.02927	0.01969	0.00902	0.00582	0.00189	0.00466	0.19991	0.00519	0.00734
19	0.01278	0.01043	0.01286	0.00944	0.01384	0.00906	0.04170	0.11254	0.01288	0.05048	0.01023	0.01166	0.00816	0.00464	0.00495	0.00105	0.04561	0.00365	0.00349	0.62056
20	0.00722	0.00586	0.00643	0.00642	0.00807	0.00537	0.00490	0.00979	0.06968	0.01580	0.14700	0.06245	0.50317	0.04489	0.00712	0.00197	0.00308	0.08096	0.00500	0.00482
21	0.00759	0.00550	0.00764	0.00764	0.00829	0.00614	0.00554	0.00889	0.00824	0.01164	0.01494	0.02511	0.01510	0.28271	0.55278	0.00744	0.01133	0.00630	0.00295	0.00424
22	0.00693	0.00526	0.00596	0.00608	0.00716	0.00477	0.00428	0.00813	0.01125	0.01439	0.15569	0.12450	0.36372	0.20929	0.01140	0.00265	0.00339	0.04625	0.00463	0.00424
23	0.67257	0.01019	0.00849	0.00740	0.01056	0.01159	0.00601	0.08845	0.01075	0.04677	0.00911	0.01096	0.00722	0.04459	0.00470	0.00179	0.00426	0.00343	0.03519	0.00599
24	0.85155	0.01022	0.00777	0.00695	0.01022	0.01186	0.00573	0.01554	0.00900	0.02372	0.00736	0.00859	0.00573	0.00491	0.00327	0.00164	0.00409	0.00286	0.00327	0.00573
25	0.00998	0.00940	0.01586	0.80150	0.03641	0.01175	0.01468	0.01351	0.01057	0.01351	0.00940	0.01409	0.00705	0.00529	0.00529	0.00176	0.00705	0.00470	0.00235	0.00587
26	0.00755	0.00566	0.00850	0.00850	0.00944	0.00661	0.00661	0.00944	0.00850	0.01227	0.01416	0.02077	0.01322	0.03965	0.79326	0.00850	0.01416	0.00566	0.00283	0.00472
27	0.00655	0.00469	0.00606	0.00711	0.00746	0.00438	0.00470	0.00740	0.00998	0.01322	0.02911	0.69787	0.06969	0.09436	0.00869	0.00242	0.00325	0.01412	0.00474	0.00420
28	0.01308	0.01256	0.02146	0.03245	0.78123	0.01256	0.01622	0.01622	0.01204	0.01727	0.00994	0.01308	0.00837	0.00471	0.00523	0.00157	0.00628	0.00471	0.00262	0.00837
29	0.00741	0.00544	0.00762	0.00775	0.00848	0.00600	0.00569	0.00882	0.00864	0.01209	0.01761	0.10939	0.04325	0.18253	0.53665	0.00694	0.01086	0.00724	0.00320	0.00438
30	0.02010	0.01481	0.01587	0.01216	0.01639	0.01639	0.01005	0.76360	0.02486	0.03332	0.01269	0.01269	0.00899	0.00635	0.00529	0.00159	0.00582	0.00476	0.00529	0.00899
31	0.00998	0.00940	0.01586	0.80150	0.03641	0.01175	0.01468	0.01351	0.01057	0.01351	0.00940	0.01409	0.00705	0.00529	0.00529	0.00176	0.00705	0.00470	0.00235	0.00587
32	0.01859	0.02311	0.01575	0.04797	0.10421	0.67224	0.01108	0.02024	0.01447	0.01345	0.00842	0.01012	0.00700	0.00536	0.00484	0.00140	0.00906	0.00361	0.00270	0.00637
33	0.00742	0.00540	0.00698	0.00659	0.00786	0.00496	0.00494	0.00986	0.01482	0.02086	0.74315	0.04004	0.08538	0.01093	0.00624	0.00167	0.00250	0.00964	0.00578	0.00496
34	0.02010	0.01481	0.01587	0.01216	0.01639	0.01639	0.01005	0.76360	0.02486	0.03332	0.01269	0.01269	0.00899	0.00635	0.00529	0.00159	0.00582	0.00476	0.00529	0.00899
35	0.01248	0.01426	0.03119	0.02228	0.02763	0.01337	0.76203	0.01693	0.01248	0.01693	0.01070	0.01426	0.00802	0.00446	0.00624	0.00178	0.00891	0.00624	0.00267	0.00713
36	0.01606	0.01280	0.01359	0.01135	0.01486	0.01451	0.00907	0.33618	0.45885	0.02681	0.01782	0.01678	0.01314	0.00683	0.00534	0.00171	0.00487	0.00547	0.00534	0.00863
37	0.00998	0.00843	0.01339	0.61248	0.02937	0.01017	0.01213	0.01325	0.01069	0.01492	0.01109	0.01523	0.00846	0.00544	0.00491	0.00163	0.00599	0.00471	0.18353	0.02418
38	0.00918	0.00459	0.00689	0.00689	0.00689	0.00459	0.00459	0.00689	0.00689	0.00918	0.00918	0.01607	0.00918	0.01837	0.02066	0.84619	0.00459	0.00459	0.00230	0.00230
39	0.00671	0.00543	0.00600	0.00603	0.00765	0.00472	0.00464	0.00838	0.01264	0.01581	0.19608	0.04943	0.56249	0.01299	0.00635	0.00182	0.00285	0.08029	0.00509	0.00461
40	0.00625	0.00536	0.00536	0.00536	0.00714	0.00446	0.00402	0.00759	0.01205	0.01428	0.05355	0.05088	0.77909	0.01339	0.00625	0.00179	0.00268	0.01116	0.00491	0.00446
41	0.05481	0.74676	0.05680	0.00918	0.01377	0.02013	0.00930	0.01585	0.01067	0.01316	0.00743	0.00859	0.00673	0.00456	0.00345	0.00118	0.00566	0.00287	0.00231	0.00677

[dist]
# distance from previous block
# <min> <max>
0	1

[block]
# block no. 8 follows, 46 sequences, length 70
# corresponding to MSA columns:
# 428-436,441-501
name=unknown_I
#
# <colnr> <probs for GDERKNQSTAVLIFYWHMCP>
#	G	D	E	R	K	N	Q	S	T	A	V	L	I	F	Y	W	H	M	C	P
0	0.01060	0.02735	0.78682	0.01507	0.02288	0.01228	0.01953	0.01674	0.01116	0.01674	0.00949	0.01116	0.00670	0.00502	0.00502	0.00167	0.00781	0.00391	0.00223	0.00781
1	0.00998	0.00940	0.01586	0.80150	0.03641	0.01175	0.01468	0.01351	0.01057	0.01351	0.00940	0.01409	0.00705	0.00529	0.00529	0.00176	0.00705	0.00470	0.00235	0.00587
2	0.00876	0.00655	0.00936	0.01127	0.07008	0.00651	0.00889	0.01120	0.01215	0.01586	0.02783	0.05563	0.06486	0.01378	0.00709	0.00234	0.00487	0.65315	0.00470	0.00512
3	0.85155	0.01022	0.00777	0.00695	0.01022	0.01186	0.00573	0.01554	0.00900	0.02372	0.00736	0.00859	0.00573	0.00491	0.00327	0.00164	0.00409	0.00286	0.00327	0.00573
4	0.01086	0.08438	0.73201	0.01463	0.02221	0.01290	0.01878	0.01668	0.01113	0.01643	0.00933	0.01097	0.00670	0.00499	0.00490	0.00163	0.00766	0.00383	0.00223	0.00774
5	0.06064	0.00916	0.01205	0.00936	0.01336	0.00820	0.00770	0.02541	0.04884	0.71624	0.02028	0.01765	0.01289	0.00650	0.00523	0.00164	0.00447	0.00524	0.00634	0.00882
6	0.02010	0.01481	0.01587	0.01216	0.01639	0.01639	0.01005	0.76360	0.02486	0.03332	0.01269	0.01269	0.00899	0.00635	0.00529	0.00159	0.00582	0.00476	0.00529	0.00899
7	0.00743	0.00540	0.00700	0.00660	0.00787	0.00497	0.00495	0.00988	0.01484	0.02092	0.74866	0.03996	0.07984	0.01091	0.00624	0.00167	0.00250	0.00963	0.00578	0.00497
8	0.01069	0.02675	0.75269	0.01539	0.02310	0.01233	0.05307	0.01675	0.01122	0.01675	0.00954	0.01130	0.00676	0.00500	0.00508	0.00168	0.00786	0.00401	0.00225	0.00778
9	0.01060	0.02735	0.78682	0.01507	0.02288	0.01228	0.01953	0.01674	0.01116	0.01674	0.00949	0.01116	0.00670	0.00502	0.00502	0.00167	0.00781	0.00391	0.00223	0.00781
10	0.00648	0.00549	0.00586	0.00617	0.02589	0.00467	0.00440	0.00789	0.01208	0.01462	0.08396	0.08946	0.68837	0.01323	0.00625	0.00179	0.00278	0.01113	0.00489	0.00457
11	0.00652	0.00528	0.00579	0.00584	0.00735	0.00455	0.00431	0.00805	0.01243	0.01561	0.19895	0.13168	0.54874	0.01321	0.00630	0.00180	0.00268	0.01125	0.00509	0.00455
12	0.75256	0.01001	0.00812	0.00756	0.02818	0.01148	0.00595	0.03176	0.00966	0.02353	0.02663	0.01007	0.00730	0.00514	0.00345	0.00161	0.00406	0.00321	0.04391	0.00580
13	0.36320	0.01698	0.13834	0.01130	0.03579	0.17699	0.00996	0.13351	0.03480	0.02158	0.00918	0.01028	0.00699	0.00532	0.00430	0.00158	0.00617	0.00358	0.00334	0.00681
14	0.03465	0.03363	0.01412	0.01232	0.03673	0.37550	0.00934	0.12594	0.03738	0.15462	0.01272	0.04836	0.01009	0.00711	0.02175	0.00167	0.02989	0.00467	0.02248	0.00703
15	0.00780	0.00581	0.00649	0.00620	0.00798	0.00516	0.00469	0.01009	0.04707	0.05663	0.24352	0.06298	0.49216	0.01214	0.00617	0.00175	0.00280	0.01029	0.00526	0.00501
16	0.00709	0.00511	0.00694	0.08150	0.01013	0.00509	0.00563	0.00830	0.01007	0.01372	0.02565	0.63040	0.02983	0.06676	0.00771	0.00224	0.00353	0.01288	0.06301	0.00441
17	0.01261	0.01037	0.03515	0.01000	0.01434	0.00848	0.08568	0.06904	0.02793	0.09078	0.02793	0.07244	0.01143	0.00557	0.00471	0.00119	0.00465	0.00487	0.00377	0.49906
18	0.00962	0.00650	0.00815	0.00852	0.04636	0.00605	0.00624	0.02579	0.02771	0.10647	0.08939	0.10645	0.32939	0.03250	0.04231	0.00227	0.00412	0.13180	0.00493	0.00542
19	0.00972	0.00551	0.00590	0.00576	0.00694	0.00562	0.00421	0.05053	0.01117	0.01829	0.01815	0.05768	0.03349	0.11680	0.05609	0.00228	0.00375	0.00594	0.57732	0.00486
20	0.01099	0.01110	0.01988	0.33091	0.13998	0.03021	0.22812	0.01431	0.01133	0.01502	0.01219	0.11159	0.01094	0.00643	0.00597	0.00179	0.02364	0.00638	0.00280	0.00642
21	0.77543	0.01011	0.00818	0.00718	0.01052	0.01148	0.00591	0.01648	0.00956	0.09371	0.00860	0.00945	0.00640	0.00506	0.00346	0.00164	0.00413	0.00309	0.00357	0.00603
22	0.01425	0.80052	0.02743	0.00914	0.01363	0.03736	0.00907	0.01594	0.01083	0.01245	0.00737	0.00850	0.00678	0.00454	0.00342	0.00114	0.00574	0.00284	0.00227	0.00677
23	0.11608	0.04007	0.01504	0.01264	0.04631	0.24024	0.00973	0.37463	0.05527	0.02452	0.01093	0.01153	0.00824	0.00584	0.00485	0.00152	0.00663	0.00415	0.00412	0.00766
24	0.00774	0.00558	0.00807	0.00807	0.00898	0.00640	0.00619	0.00956	0.00865	0.01273	0.01454	0.02146	0.01358	0.08037	0.68993	0.00775	0.01276	0.00572	0.06728	0.00465
25	0.01308	0.01256	0.02146	0.03245	0.78123	0.01256	0.01622	0.01622	0.01204	0.01727	0.00994	0.01308	0.00837	0.00471	0.00523	0.00157	0.00628	0.00471	0.00262	0.00837
26	0.00769	0.00513	0.00577	0.00577	0.00577	0.00513	0.00320	0.00769	0.00769	0.01025	0.01666	0.03460	0.01922	0.81421	0.02691	0.00513	0.00513	0.00769	0.00320	0.00320
27	0.01157	0.01157	0.01619	0.01388	0.01388	0.01619	0.01157	0.01272	0.00810	0.01272	0.00694	0.01157	0.00694	0.00925	0.01735	0.00231	0.80453	0.00463	0.00231	0.00578
28	0.02354	0.00928	0.01244	0.00954	0.01364	0.00819	0.00788	0.06137	0.01560	0.74862	0.02046	0.01774	0.01289	0.00653	0.00531	0.00163	0.00456	0.00529	0.00648	0.00900
29	0.02372	0.00900	0.01227	0.00941	0.01350	0.00777	0.00777	0.02576	0.01513	0.78489	0.02086	0.01799	0.01309	0.00654	0.00532	0.00164	0.00450	0.00532	0.00654	0.00900
30	0.85155	0.01022	0.00777	0.00695	0.01022	0.01186	0.00573	0.01554	0.00900	0.02372	0.00736	0.00859	0.00573	0.00491	0.00327	0.00164	0.00409	0.00286	0.00327	0.00573
31	0.00994	0.00930	0.01565	0.77888	0.03568	0.01158	0.01451	0.01343	0.01062	0.01357	0.00993	0.01540	0.00772	0.00555	0.00534	0.00178	0.00698	0.02587	0.00242	0.00584
32	0.01060	0.02735	0.78682	0.01507	0.02288	0.01228	0.01953	0.01674	0.01116	0.01674	0.00949	0.01116	0.00670	0.00502	0.00502	0.00167	0.00781	0.00391	0.00223	0.00781
33	0.01413	0.81739	0.02770	0.00905	0.01357	0.02092	0.00905	0.01583	0.01074	0.01244	0.00735	0.00848	0.00678	0.00452	0.00339	0.00113	0.00565	0.00283	0.00226	0.00678
34	0.00650	0.00542	0.00572	0.00589	0.00757	0.00464	0.00453	0.00795	0.01202	0.01443	0.05015	0.06999	0.67880	0.01360	0.00638	0.00187	0.00293	0.09220	0.00490	0.00450
35	0.01425	0.80052	0.02743	0.00914	0.01363	0.03736	0.00907	0.01594	0.01083	0.01245	0.00737	0.00850	0.00678	0.00454	0.00342	0.00114	0.00574	0.00284	0.00227	0.00677
36	0.00748	0.00540	0.00707	0.00665	0.00790	0.00499	0.00499	0.00998	0.01496	0.02120	0.77844	0.03949	0.04988	0.01081	0.00624	0.00166	0.00249	0.00956	0.00582	0.00499
37	0.01005	0.00954	0.01629	0.77924	0.03616	0.01179	0.03604	0.01361	0.01063	0.01361	0.00943	0.01410	0.00708	0.00526	0.00531	0.00176	0.00710	0.00474	0.00236	0.00591
