[name]
unknown

[dist]
# distance from previous block
# <min> <max>
0	7

[block]
# block no. 0 follows, 48 sequences, length 138
# corresponding to MSA columns:
# 39-176
name=unknown_A
#
# <colnr> <probs for GDERKNQSTAVLIFYWHMCP>
#	G	D	E	R	K	N	Q	S	T	A	V	L	I	F	Y	W	H	M	C	P
0	0.00832	0.00601	0.00851	0.03623	0.01146	0.00609	0.00847	0.01071	0.01176	0.01528	0.02656	0.05640	0.02877	0.01387	0.00702	0.00234	0.00480	0.72801	0.00464	0.00476
1	0.82743	0.00977	0.00752	0.00674	0.00985	0.01129	0.00553	0.01490	0.00893	0.02294	0.03325	0.00934	0.00700	0.00496	0.00327	0.00159	0.00392	0.00300	0.00326	0.00553
2	0.01254	0.01080	0.01141	0.01033	0.01314	0.01247	0.00801	0.02659	0.75260	0.02118	0.02113	0.04590	0.01628	0.00727	0.00527	0.00175	0.00402	0.00610	0.00521	0.00799
3	0.01951	0.01437	0.01540	0.01181	0.01591	0.01591	0.00975	0.77056	0.02412	0.03234	0.01232	0.01232	0.00873	0.00616	0.00513	0.00154	0.00565	0.00462	0.00513	0.00873
4	0.00734	0.00537	0.00715	0.03334	0.00859	0.00506	0.00516	0.00980	0.01438	0.02033	0.75892	0.03750	0.04702	0.01031	0.00602	0.00162	0.00257	0.00912	0.00554	0.00487
5	0.01248	0.01367	0.02966	0.02121	0.02636	0.01279	0.74347	0.01672	0.01220	0.04244	0.01071	0.01396	0.00795	0.00439	0.00603	0.00173	0.00851	0.00603	0.00272	0.00698
6	0.00712	0.00518	0.00670	0.00645	0.00761	0.00476	0.00479	0.00935	0.01398	0.01960	0.68352	0.10634	0.08319	0.01110	0.00610	0.00166	0.00248	0.00982	0.00553	0.00476
7	0.01287	0.01101	0.01165	0.01046	0.01336	0.01271	0.00818	0.05013	0.73803	0.02167	0.02075	0.01978	0.01575	0.00709	0.00526	0.00175	0.00412	0.02214	0.00521	0.00807
8	0.01064	0.00912	0.01064	0.00760	0.01216	0.00684	0.00608	0.01292	0.01064	0.01672	0.00912	0.01064	0.00760	0.00380	0.00380	0.00076	0.00380	0.00304	0.00304	0.85104
9	0.00627	0.00448	0.00597	0.00713	0.00745	0.00418	0.00476	0.00720	0.00993	0.01326	0.04483	0.79931	0.03425	0.01595	0.00654	0.00207	0.00296	0.01447	0.00478	0.00418
10	0.01309	0.00783	0.00809	0.00699	0.00911	0.02346	0.00551	0.20411	0.01444	0.06977	0.01567	0.01712	0.01188	0.00603	0.00409	0.00131	0.00347	0.00474	0.56726	0.00604
11	0.85592	0.00992	0.00754	0.00675	0.00992	0.01151	0.00556	0.01508	0.00873	0.02302	0.00714	0.00834	0.00556	0.00476	0.00318	0.00159	0.00397	0.00278	0.00318	0.00556
12	0.01214	0.00632	0.00842	0.00728	0.00935	0.00568	0.00568	0.01442	0.01457	0.25907	0.54830	0.03187	0.03736	0.00921	0.00578	0.00161	0.00302	0.00800	0.00587	0.00605
13	0.00793	0.00636	0.00931	0.00897	0.00972	0.00780	0.00705	0.00960	0.00816	0.01192	0.01274	0.01918	0.01206	0.05664	0.65719	0.00723	0.13535	0.00540	0.00268	0.00470
14	0.15525	0.01935	0.01364	0.01178	0.01491	0.45836	0.00916	0.22333	0.01620	0.01963	0.00900	0.00994	0.00701	0.00544	0.00453	0.00142	0.00741	0.00358	0.00341	0.00664
15	0.01029	0.02654	0.79309	0.01462	0.02221	0.01192	0.01896	0.01625	0.01083	0.01625	0.00921	0.01083	0.00650	0.00487	0.00487	0.00162	0.00758	0.00379	0.00217	0.00758
16	0.19286	0.01992	0.01295	0.01161	0.01436	0.55523	0.00890	0.01938	0.01311	0.06633	0.00854	0.00968	0.00680	0.00538	0.00480	0.00143	0.03634	0.00336	0.00299	0.00604
17	0.01064	0.00912	0.01064	0.00760	0.01216	0.00684	0.00608	0.01292	0.01064	0.01672	0.00912	0.01064	0.00760	0.00380	0.00380	0.00076	0.00380	0.00304	0.00304	0.85104
18	0.00625	0.00447	0.00595	0.00714	0.00744	0.00417	0.00476	0.00714	0.00982	0.01310	0.02828	0.81633	0.03394	0.01608	0.00655	0.00208	0.00298	0.01459	0.00476	0.00417
19	0.01584	0.01068	0.01136	0.00913	0.01214	0.01159	0.00740	0.47332	0.01895	0.04026	0.01411	0.01496	0.01045	0.00609	0.00455	0.00141	0.00440	0.00469	0.32142	0.00725
20	0.00733	0.00550	0.00825	0.00825	0.00916	0.00641	0.00641	0.00916	0.00825	0.01191	0.01374	0.02016	0.01283	0.03848	0.79934	0.00825	0.01374	0.00550	0.00275	0.00458
21	0.00627	0.00448	0.00597	0.00713	0.00745	0.00418	0.00476	0.00720	0.00993	0.01327	0.04571	0.79841	0.03427	0.01595	0.00654	0.00207	0.00296	0.01446	0.00478	0.00418
22	0.00683	0.00493	0.00646	0.00671	0.00756	0.00456	0.00479	0.00862	0.01259	0.01745	0.46747	0.35008	0.05719	0.01278	0.00625	0.00180	0.00265	0.01144	0.00528	0.00456
23	0.01890	0.01339	0.01669	0.01263	0.01683	0.01423	0.10636	0.54639	0.04037	0.14095	0.01345	0.01344	0.00936	0.00597	0.00526	0.00158	0.00580	0.00491	0.00499	0.00848
24	0.00642	0.00519	0.00570	0.00561	0.00716	0.00448	0.00420	0.00804	0.01247	0.01580	0.26558	0.06553	0.55116	0.01234	0.00607	0.00171	0.00256	0.01047	0.00502	0.00448
25	0.01372	0.82276	0.02689	0.00878	0.01317	0.02030	0.00878	0.01536	0.01043	0.01207	0.00713	0.00823	0.00658	0.00439	0.00329	0.00110	0.00549	0.00274	0.00219	0.00658
26	0.72800	0.08948	0.00980	0.00730	0.01057	0.05596	0.00611	0.01541	0.00922	0.02138	0.00719	0.00838	0.00571	0.00476	0.00327	0.00153	0.00441	0.00280	0.00305	0.00568
27	0.00746	0.00497	0.00560	0.00560	0.00560	0.00497	0.00311	0.00746	0.00746	0.00995	0.01617	0.03358	0.01865	0.81967	0.02612	0.00497	0.00497	0.00746	0.00311	0.00311
28	0.01626	0.01961	0.01454	0.23051	0.02097	0.55187	0.01095	0.01848	0.03090	0.01302	0.00870	0.01086	0.00699	0.00529	0.00476	0.00144	0.00836	0.00373	0.01682	0.00591
29	0.00737	0.00496	0.00560	0.00565	0.00571	0.00492	0.00320	0.00745	0.00767	0.01019	0.01762	0.06727	0.03934	0.76443	0.02476	0.00477	0.00483	0.00785	0.00322	0.00319
30	0.00625	0.00447	0.00595	0.00714	0.00744	0.00417	0.00476	0.00714	0.00982	0.01310	0.02828	0.81633	0.03394	0.01608	0.00655	0.00208	0.00298	0.01459	0.00476	0.00417
31	0.00652	0.00503	0.00599	0.00644	0.00756	0.00450	0.00474	0.00795	0.01152	0.01479	0.15545	0.30562	0.34895	0.01375	0.00632	0.00189	0.00290	0.08079	0.00490	0.00439
32	0.01372	0.82276	0.02689	0.00878	0.01317	0.02030	0.00878	0.01536	0.01043	0.01207	0.00713	0.00823	0.00658	0.00439	0.00329	0.00110	0.00549	0.00274	0.00219	0.00658
33	0.00951	0.00479	0.00483	0.00482	0.00602	0.00478	0.00361	0.01191	0.01084	0.01916	0.03382	0.01956	0.01394	0.00608	0.00364	0.00120	0.00239	0.00488	0.82942	0.00478
34	0.85592	0.00992	0.00754	0.00675	0.00992	0.01151	0.00556	0.01508	0.00873	0.02302	0.00714	0.00834	0.00556	0.00476	0.00318	0.00159	0.00397	0.00278	0.00318	0.00556
35	0.00891	0.00446	0.00668	0.00668	0.00668	0.00446	0.00446	0.00668	0.00668	0.00891	0.00891	0.01560	0.00891	0.01783	0.02005	0.85071	0.00446	0.00446	0.00223	0.00223
36	0.01764	0.02126	0.01384	0.01256	0.01526	0.61206	0.00949	0.02210	0.19621	0.01468	0.01101	0.01161	0.00876	0.00569	0.00477	0.00142	0.00802	0.00390	0.00326	0.00647
37	0.01372	0.82276	0.02689	0.00878	0.01317	0.02030	0.00878	0.01536	0.01043	0.01207	0.00713	0.00823	0.00658	0.00439	0.00329	0.00110	0.00549	0.00274	0.00219	0.00658
38	0.01000	0.00911	0.01287	0.03955	0.01304	0.02797	0.07518	0.06115	0.01056	0.01470	0.06256	0.26779	0.01862	0.04644	0.01093	0.00214	0.30032	0.00822	0.00352	0.00533
39	0.00781	0.00494	0.00546	0.00546	0.00566	0.00494	0.00319	0.00820	0.00801	0.01147	0.01626	0.03119	0.01775	0.68522	0.02239	0.00435	0.00455	0.00702	0.14274	0.00339
40	0.01365	0.80590	0.04312	0.00890	0.01336	0.02013	0.00900	0.01538	0.01043	0.01216	0.00718	0.00829	0.00658	0.00440	0.00333	0.00111	0.00553	0.00277	0.00219	0.00661
41	0.01054	0.00996	0.05719	0.00866	0.01230	0.00837	0.00720	0.01629	0.22127	0.01803	0.08187	0.08198	0.01549	0.00633	0.00468	0.00126	0.00391	0.00534	0.00396	0.42535
42	0.01950	0.01538	0.03469	0.01183	0.01585	0.10284	0.00984	0.61099	0.02200	0.08727	0.01235	0.01233	0.00873	0.00604	0.00507	0.00152	0.00600	0.00449	0.00487	0.00839
43	0.00686	0.00535	0.00786	0.00828	0.00885	0.00524	0.05110	0.00795	0.00983	0.01321	0.02599	0.71632	0.03083	0.03014	0.00736	0.00212	0.04039	0.01348	0.00449	0.00438
44	0.00625	0.00447	0.00595	0.00714	0.00744	0.00417	0.00476	0.00714	0.00982	0.01310	0.02828	0.81633	0.03394	0.01608	0.00655	0.00208	0.00298	0.01459	0.00476	0.00417
45	0.01174	0.01634	0.18485	0.02031	0.04428	0.01279	0.58539	0.01631	0.01177	0.01634	0.01006	0.01316	0.00751	0.00452	0.00597	0.00171	0.02185	0.00553	0.00250	0.00706
46	0.01090	0.00911	0.01067	0.00763	0.01218	0.00685	0.00611	0.01318	0.01073	0.03328	0.00936	0.01079	0.00771	0.00385	0.00383	0.00078	0.00381	0.00309	0.00311	0.83303
47	0.00625	0.00447	0.00595	0.00714	0.00744	0.00417	0.00476	0.00714	0.00982	0.01310	0.02828	0.81633	0.03394	0.01608	0.00655	0.00208	0.00298	0.01459	0.00476	0.00417
48	0.01909	0.01240	0.01445	0.01218	0.06592	0.01310	0.00935	0.50601	0.02059	0.20135	0.06140	0.01510	0.01202	0.00636	0.00519	0.00155	0.00519	0.00502	0.00527	0.00845
49	0.01171	0.01040	0.01615	0.56953	0.13679	0.01225	0.01372	0.13717	0.01272	0.01676	0.00972	0.01332	0.00733	0.00522	0.00512	0.00166	0.00654	0.00457	0.00278	0.00653
50	0.00716	0.00522	0.00673	0.00639	0.00761	0.00479	0.00478	0.00947	0.01422	0.01994	0.71741	0.05811	0.09737	0.01079	0.00606	0.00163	0.00245	0.00951	0.00557	0.00479
51	0.02272	0.00922	0.01221	0.00936	0.01334	0.00826	0.00773	0.08890	0.01549	0.72619	0.01956	0.01702	0.01236	0.00633	0.00516	0.00158	0.00448	0.00511	0.00625	0.00873
52	0.01664	0.01250	0.01372	0.01038	0.01460	0.01277	0.00850	0.49494	0.03920	0.04643	0.01174	0.01210	0.00865	0.00545	0.00472	0.00130	0.00499	0.00417	0.00451	0.27268
53	0.01399	0.01164	0.01354	0.01372	0.12795	0.01303	0.00948	0.13662	0.53517	0.03990	0.01793	0.01713	0.01345	0.00648	0.00519	0.00167	0.00460	0.00543	0.00484	0.00823
54	0.00646	0.00521	0.00574	0.00561	0.00717	0.00450	0.00421	0.00812	0.01262	0.01606	0.29187	0.04576	0.54432	0.01218	0.00606	0.00169	0.00254	0.01032	0.00505	0.00450
55	0.01372	0.82276	0.02689	0.00878	0.01317	0.02030	0.00878	0.01536	0.01043	0.01207	0.00713	0.00823	0.00658	0.00439	0.00329	0.00110	0.00549	0.00274	0.00219	0.00658
56	0.02302	0.00873	0.01191	0.00913	0.01310	0.00754	0.00754	0.02501	0.01469	0.79122	0.02024	0.01746	0.01270	0.00635	0.00516	0.00159	0.00437	0.00516	0.00635	0.00873
57	0.00726	0.00524	0.00686	0.00646	0.00767	0.00484	0.00484	0.00968	0.01452	0.02058	0.78496	0.03833	0.04841	0.01049	0.00605	0.00161	0.00242	0.00928	0.00565	0.00484
58	0.00625	0.00447	0.00595	0.00714	0.00744	0.00417	0.00476	0.00714	0.00982	0.01310	0.02828	0.81633	0.03394	0.01608	0.00655	0.00208	0.00298	0.01459	0.00476	0.00417
59	0.00625	0.00454	0.00591	0.00698	0.00741	0.00419	0.00470	0.00721	0.01005	0.01329	0.04311	0.74154	0.09445	0.01573	0.00650	0.00205	0.00294	0.01419	0.00478	0.00419
60	0.01957	0.01427	0.01533	0.01176	0.01586	0.01575	0.00971	0.75655	0.02395	0.04660	0.01247	0.01242	0.00880	0.00616	0.00513	0.00154	0.00562	0.00463	0.00516	0.00873
61	0.01082	0.01063	0.01494	0.01293	0.01302	0.01475	0.01073	0.01202	0.00790	0.01230	0.00746	0.01215	0.00737	0.01204	0.09788	0.00287	0.72779	0.00459	0.00230	0.00551
62	0.01311	0.00995	0.01154	0.00850	0.01284	0.00853	0.00687	0.15156	0.01334	0.07845	0.01067	0.01171	0.00833	0.00530	0.02435	0.00116	0.00443	0.00355	0.00367	0.61215
63	0.01372	0.82276	0.02689	0.00878	0.01317	0.02030	0.00878	0.01536	0.01043	0.01207	0.00713	0.00823	0.00658	0.00439	0.00329	0.00110	0.00549	0.00274	0.00219	0.00658
64	0.01120	0.00951	0.01021	0.00944	0.01195	0.01064	0.00739	0.02228	0.57133	0.01988	0.06539	0.02744	0.12326	0.00856	0.00553	0.00178	0.00383	0.06809	0.00514	0.00716
65	0.00673	0.00485	0.00624	0.00708	0.00766	0.00457	0.00501	0.00787	0.01030	0.01358	0.07494	0.49544	0.10183	0.10943	0.00885	0.00240	0.00340	0.12103	0.00462	0.00418
66	0.01123	0.01123	0.01572	0.01347	0.01347	0.01572	0.01123	0.01235	0.00786	0.01235	0.00674	0.01123	0.00674	0.00898	0.01684	0.00225	0.81028	0.00449	0.00225	0.00561
67	0.00625	0.00449	0.00593	0.00708	0.00743	0.00417	0.00473	0.00715	0.00989	0.01312	0.02907	0.79067	0.05908	0.01597	0.00653	0.00207	0.00296	0.01446	0.00476	0.00417
68	0.85592	0.00992	0.00754	0.00675	0.00992	0.01151	0.00556	0.01508	0.00873	0.02302	0.00714	0.00834	0.00556	0.00476	0.00318	0.00159	0.00397	0.00278	0.00318	0.00556
69	0.02295	0.00885	0.01198	0.00918	0.01316	0.00771	0.00759	0.04012	0.01488	0.77584	0.02008	0.01736	0.01262	0.00635	0.00516	0.00159	0.00439	0.00515	0.00633	0.00873
70	0.00633	0.00450	0.00593	0.00704	0.00732	0.00422	0.00465	0.00717	0.00967	0.01289	0.02748	0.76445	0.03292	0.06933	0.00785	0.00228	0.00311	0.01411	0.00465	0.00410
71	0.01078	0.00925	0.01070	0.00779	0.01224	0.00723	0.00622	0.01387	0.06152	0.01703	0.00990	0.01120	0.00813	0.00401	0.00389	0.00082	0.00382	0.00322	0.00318	0.79518
72	0.00733	0.00549	0.00820	0.00820	0.00910	0.00639	0.00635	0.00913	0.00823	0.01188	0.01379	0.02041	0.01294	0.05290	0.78507	0.00819	0.01358	0.00553	0.00276	0.00455
73	0.02302	0.00873	0.01191	0.00913	0.01310	0.00754	0.00754	0.02501	0.01469	0.79122	0.02024	0.01746	0.01270	0.00635	0.00516	0.00159	0.00437	0.00516	0.00635	0.00873
74	0.00820	0.00579	0.00768	0.00848	0.00973	0.00562	0.00718	0.01024	0.01163	0.03254	0.04744	0.05363	0.14168	0.06712	0.00813	0.00241	0.00436	0.55880	0.00468	0.00465
75	0.01402	0.01175	0.01969	0.02864	0.68874	0.01160	0.01470	0.01693	0.01207	0.11568	0.01100	0.01331	0.00871	0.00480	0.00509	0.00153	0.00587	0.00465	0.00303	0.00820
76	0.01178	0.01278	0.03454	0.04806	0.11983	0.01371	0.38536	0.01488	0.01057	0.01501	0.00902	0.01278	0.00743	0.00593	0.00944	0.00187	0.27268	0.00526	0.00246	0.00661
77	0.00645	0.00455	0.00590	0.00690	0.00715	0.00430	0.00450	0.00720	0.00945	0.01259	0.02634	0.69100	0.03149	0.14474	0.00968	0.00255	0.00330	0.01345	0.00450	0.00400
78	0.78191	0.03156	0.02562	0.00762	0.02937	0.01170	0.00621	0.01529	0.00899	0.03431	0.00745	0.00864	0.00578	0.00478	0.00329	0.00157	0.00415	0.00288	0.00316	0.00574
79	0.00625	0.00447	0.00595	0.00714	0.00744	0.00417	0.00476	0.00714	0.00982	0.01310	0.02828	0.81633	0.03394	0.01608	0.00655	0.00208	0.00298	0.01459	0.00476	0.00417
80	0.01867	0.01456	0.01597	0.01233	0.01630	0.06336	0.05986	0.62373	0.04175	0.04662	0.01240	0.01293	0.00899	0.02152	0.00557	0.00161	0.00598	0.00473	0.00480	0.00831
81	0.02293	0.00888	0.01200	0.00920	0.01317	0.00776	0.00760	0.04432	0.01493	0.77156	0.02004	0.01733	0.01260	0.00635	0.00516	0.00159	0.00440	0.00515	0.00632	0.00873
82	0.01105	0.00941	0.01080	0.00804	0.01231	0.00777	0.00640	0.03214	0.10908	0.01776	0.02501	0.01228	0.00941	0.00438	0.00405	0.00092	0.00385	0.00354	0.00341	0.70837
83	0.00711	0.00528	0.00663	0.00641	0.00769	0.00482	0.00487	0.00928	0.01371	0.01882	0.58716	0.04158	0.18224	0.02464	0.00646	0.00174	0.00265	0.05883	0.00538	0.00471
84	0.00735	0.00541	0.00779	0.00779	0.00855	0.00617	0.00584	0.00887	0.00811	0.01157	0.01416	0.02247	0.01383	0.17321	0.66599	0.00768	0.01223	0.00584	0.00281	0.00433
85	0.01972	0.01077	0.01257	0.00978	0.01346	0.01096	0.00803	0.35901	0.01843	0.35094	0.01623	0.01536	0.01097	0.00622	0.00495	0.00152	0.00469	0.00487	0.11332	0.00822
86	0.01276	0.01102	0.01160	0.01044	0.01334	0.01276	0.00812	0.02727	0.77840	0.02146	0.02088	0.01914	0.01566	0.00696	0.00522	0.00174	0.00406	0.00580	0.00522	0.00812
87	0.01000	0.02360	0.67319	0.01385	0.02032	0.01146	0.01718	0.01524	0.01068	0.01591	0.03002	0.06494	0.00940	0.00601	0.00575	0.00169	0.05647	0.00469	0.00243	0.00717
88	0.01064	0.00912	0.01064	0.00760	0.01216	0.00684	0.00608	0.01292	0.01064	0.01672	0.00912	0.01064	0.00760	0.00380	0.00380	0.00076	0.00380	0.00304	0.00304	0.85104
89	0.00719	0.00524	0.00676	0.00638	0.00762	0.00481	0.00478	0.00954	0.01435	0.02016	0.73992	0.03901	0.09371	0.01064	0.00605	0.00162	0.00243	0.00937	0.00559	0.00481
90	0.00830	0.00680	0.00973	0.05793	0.01099	0.00837	0.00727	0.00974	0.00814	0.01171	0.01247	0.02045	0.01230	0.17764	0.44321	0.00599	0.17610	0.00560	0.00268	0.00459
91	0.01047	0.00966	0.01555	0.68624	0.05171	0.01198	0.01381	0.05967	0.01099	0.01433	0.00917	0.01341	0.00698	0.00543	0.00590	0.00173	0.05999	0.00456	0.00246	0.00594
92	0.00651	0.00465	0.00625	0.00744	0.00785	0.00439	0.00521	0.00759	0.01008	0.01339	0.02814	0.71946	0.03337	0.01583	0.00662	0.00212	0.00320	0.10891	0.00476	0.00424
93	0.85592	0.00992	0.00754	0.00675	0.00992	0.01151	0.00556	0.01508	0.00873	0.02302	0.00714	0.00834	0.00556	0.00476	0.00318	0.00159	0.00397	0.00278	0.00318	0.00556
94	0.00694	0.00554	0.00813	0.00840	0.00907	0.00547	0.05577	0.00809	0.00994	0.01331	0.02686	0.67849	0.06501	0.01472	0.00713	0.00205	0.05294	0.01323	0.00446	0.00445
95	0.00651	0.00465	0.00625	0.00744	0.00785	0.00439	0.00521	0.00759	0.01008	0.01339	0.02814	0.71946	0.03337	0.01583	0.00662	0.00212	0.00320	0.10891	0.00476	0.00424
96	0.01236	0.01083	0.01253	0.01098	0.01389	0.01235	0.05476	0.02540	0.68027	0.02052	0.01977	0.01889	0.01499	0.00889	0.05790	0.00217	0.00498	0.00580	0.00490	0.00781
97	0.00812	0.00580	0.00810	0.00929	0.01040	0.00578	0.00802	0.01038	0.01167	0.01519	0.02725	0.11193	0.02984	0.01431	0.00705	0.00234	0.00460	0.70050	0.00473	0.00469
98	0.00733	0.00550	0.00825	0.00825	0.00916	0.00641	0.00641	0.00916	0.00825	0.01191	0.01374	0.02016	0.01283	0.03848	0.79934	0.00825	0.01374	0.00550	0.00275	0.00458
99	0.01372	0.82276	0.02689	0.00878	0.01317	0.02030	0.00878	0.01536	0.01043	0.01207	0.00713	0.00823	0.00658	0.00439	0.00329	0.00110	0.00549	0.00274	0.00219	0.00658
100	0.01118	0.01170	0.02091	0.01627	0.01850	0.01361	0.32184	0.01369	0.00964	0.01398	0.00897	0.01324	0.00781	0.01017	0.09454	0.00266	0.39757	0.00524	0.00244	0.00604
101	0.00749	0.00533	0.00740	0.00738	0.00814	0.00592	0.00547	0.00902	0.00866	0.01253	0.06553	0.02402	0.01639	0.19311	0.54100	0.00671	0.01052	0.00610	0.05496	0.00431
102	0.00640	0.00466	0.00624	0.02747	0.00815	0.00446	0.00499	0.00739	0.00979	0.01301	0.02788	0.71796	0.06121	0.03688	0.03520	0.00235	0.00349	0.01368	0.00459	0.00420
103	0.01965	0.01415	0.01526	0.01170	0.01580	0.01558	0.00966	0.74058	0.02375	0.06286	0.01264	0.01253	0.00889	0.00617	0.00513	0.00154	0.00559	0.00464	0.00518	0.00873
104	0.00977	0.00920	0.01553	0.78756	0.05452	0.01142	0.01429	0.01318	0.01030	0.01320	0.00913	0.01365	0.00687	0.00512	0.00513	0.00171	0.00682	0.00456	0.00229	0.00576
105	0.01177	0.01076	0.01802	0.13982	0.50510	0.01117	0.04045	0.01496	0.05798	0.01552	0.01020	0.01364	0.00849	0.00646	0.00701	0.10840	0.00596	0.00468	0.00263	0.00699
106	0.01385	0.01295	0.02693	0.01939	0.02425	0.01217	0.62615	0.01771	0.01242	0.14156	0.01188	0.01436	0.00855	0.00477	0.00619	0.00172	0.02890	0.00587	0.00319	0.00718
107	0.00718	0.00524	0.00675	0.00637	0.00762	0.00481	0.00478	0.00953	0.01434	0.02014	0.73768	0.03904	0.09596	0.01065	0.00605	0.00162	0.00243	0.00938	0.00559	0.00481
108	0.01965	0.01415	0.01526	0.01170	0.01580	0.01558	0.00966	0.74072	0.02375	0.06271	0.01264	0.01252	0.00889	0.00617	0.00513	0.00154	0.00560	0.00464	0.00518	0.00873
109	0.01250	0.38955	0.34337	0.01179	0.01712	0.06815	0.01323	0.01589	0.01071	0.01385	0.00802	0.00956	0.00656	0.00493	0.00487	0.00140	0.05606	0.00332	0.00222	0.00690
110	0.00746	0.00497	0.00560	0.00560	0.00560	0.00497	0.00311	0.00746	0.00746	0.00995	0.01617	0.03358	0.01865	0.81967	0.02612	0.00497	0.00497	0.00746	0.00311	0.00311
111	0.01380	0.79126	0.03809	0.00898	0.01337	0.03924	0.00896	0.01550	0.01053	0.01215	0.00718	0.00829	0.00658	0.00442	0.00335	0.00111	0.00561	0.00277	0.00221	0.00658
112	0.00625	0.00447	0.00595	0.00714	0.00744	0.00417	0.00476	0.00714	0.00982	0.01310	0.02828	0.81633	0.03394	0.01608	0.00655	0.00208	0.00298	0.01459	0.00476	0.00417
113	0.00746	0.00497	0.00560	0.00560	0.00560	0.00497	0.00311	0.00746	0.00746	0.00995	0.01617	0.03358	0.01865	0.81967	0.02612	0.00497	0.00497	0.00746	0.00311	0.00311
114	0.01409	0.01168	0.01235	0.01071	0.01385	0.01338	0.00844	0.17367	0.62983	0.02361	0.01920	0.01780	0.01430	0.00680	0.00520	0.00170	0.00437	0.00557	0.00520	0.00824
115	0.00641	0.00463	0.00612	0.00716	0.00761	0.00426	0.00481	0.00735	0.00985	0.01323	0.02760	0.78765	0.03300	0.01564	0.00645	0.00204	0.00301	0.01418	0.00470	0.03431
116	0.01372	0.82276	0.02689	0.00878	0.01317	0.02030	0.00878	0.01536	0.01043	0.01207	0.00713	0.00823	0.00658	0.00439	0.00329	0.00110	0.00549	0.00274	0.00219	0.00658
117	0.01366	0.80471	0.02664	0.00888	0.01318	0.02020	0.00883	0.01530	0.01037	0.01208	0.00712	0.00830	0.00659	0.00449	0.00359	0.00112	0.02339	0.00278	0.00220	0.00656
118	0.00632	0.00521	0.00555	0.00547	0.00709	0.00444	0.00410	0.00786	0.01230	0.01529	0.20840	0.04702	0.62827	0.01246	0.00606	0.00171	0.00256	0.01050	0.00495	0.00444
119	0.01372	0.82276	0.02689	0.00878	0.01317	0.02030	0.00878	0.01536	0.01043	0.01207	0.00713	0.00823	0.00658	0.00439	0.00329	0.00110	0.00549	0.00274	0.00219	0.00658
120	0.01867	0.01222	0.01354	0.01078	0.01448	0.02422	0.00876	0.42207	0.15556	0.21074	0.01624	0.04333	0.01178	0.00669	0.00520	0.00160	0.00502	0.00529	0.00539	0.00842
121	0.02270	0.00925	0.01223	0.00938	0.01336	0.00831	0.00775	0.09389	0.01556	0.72110	0.01951	0.01699	0.01233	0.00633	0.00516	0.00158	0.00448	0.00511	0.00624	0.00873
122	0.00746	0.00497	0.00560	0.00560	0.00560	0.00497	0.00311	0.00746	0.00746	0.00995	0.01617	0.03358	0.01865	0.81967	0.02612	0.00497	0.00497	0.00746	0.00311	0.00311
123	0.01341	0.01371	0.02756	0.03181	0.02511	0.03088	0.64308	0.06339	0.01305	0.06862	0.01108	0.01388	0.00813	0.00461	0.00589	0.00170	0.00817	0.00582	0.00300	0.00711
124	0.01866	0.05481	0.01478	0.01252	0.01539	0.61526	0.00964	0.10782	0.01544	0.04277	0.02352	0.01146	0.00834	0.00568	0.00473	0.00138	0.00828	0.02001	0.00315	0.00635
125	0.00826	0.00619	0.00748	0.00688	0.00843	0.00600	0.00522	0.06085	0.06163	0.02037	0.57919	0.03682	0.14064	0.02176	0.00623	0.00168	0.00279	0.00894	0.00544	0.00521
126	0.01105	0.00905	0.00964	0.00879	0.01113	0.02186	0.00678	0.02062	0.47398	0.03309	0.18560	0.02582	0.09307	0.00817	0.00536	0.00167	0.00356	0.00689	0.05705	0.00685
127	0.00991	0.00943	0.01608	0.70613	0.03335	0.01122	0.06377	0.01332	0.01041	0.01355	0.00920	0.01350	0.00695	0.00499	0.00511	0.00165	0.00677	0.00457	0.00235	0.05773
128	0.00632	0.00452	0.00604	0.00723	0.00756	0.00423	0.00489	0.00727	0.00989	0.01318	0.02824	0.78933	0.03378	0.01601	0.00657	0.00209	0.00304	0.04087	0.00476	0.00419
129	0.01313	0.01158	0.01435	0.01658	0.23813	0.02840	0.01036	0.02373	0.52098	0.03947	0.01735	0.01703	0.01322	0.00622	0.00517	0.00167	0.00476	0.00538	0.00442	0.00809
130	0.00770	0.00608	0.00874	0.00854	0.00955	0.02453	0.02183	0.00951	0.00844	0.01195	0.01363	0.02026	0.01279	0.06484	0.73767	0.00784	0.01323	0.00553	0.00276	0.00461
131	0.01883	0.01378	0.01588	0.01211	0.01619	0.01500	0.05977	0.66440	0.02249	0.06210	0.01267	0.01286	0.00898	0.00604	0.00514	0.00154	0.00568	0.00474	0.03331	0.00847
132	0.01211	0.01384	0.03028	0.02163	0.02682	0.01298	0.76903	0.01644	0.01211	0.01644	0.01038	0.01384	0.00779	0.00433	0.00606	0.00173	0.00865	0.00606	0.00260	0.00692
133	0.01784	0.04238	0.01505	0.01311	0.01544	0.64124	0.01008	0.03856	0.01368	0.01303	0.00784	0.00960	0.00668	0.00584	0.00644	0.00146	0.12959	0.00350	0.00264	0.00599
134	0.00920	0.00803	0.01130	0.01028	0.01072	0.01047	0.00823	0.01059	0.00811	0.01225	0.01087	0.01711	0.01053	0.08502	0.35092	0.00498	0.37491	0.00516	0.03640	0.00494
135	0.00998	0.00951	0.01390	0.01196	0.01279	0.01203	0.05950	0.01146	0.00870	0.01296	0.01184	0.11072	0.03084	0.01337	0.12145	0.00291	0.48002	0.00602	0.00275	0.05730
136	0.00668	0.00476	0.00638	0.00752	0.00797	0.00453	0.00536	0.00782	0.01010	0.01340	0.02757	0.64059	0.03247	0.04890	0.00746	0.00226	0.00339	0.15394	0.00469	0.00423
137	0.01771	0.01527	0.01668	0.01291	0.01687	0.12928	0.10641	0.49858	0.03307	0.02601	0.01148	0.01250	0.00854	0.02098	0.00550	0.00156	0.00642	0.00460	0.00430	0.05131

[dist]
# distance from previous block
# <min> <max>
0	1

[block]
# block no. 1 follows, 48 sequences, length 67
# corresponding to MSA columns:
# 178-244
name=unknown_B
#
# <colnr> <probs for GDERKNQSTAVLIFYWHMCP>
#	G	D	E	R	K	N	Q	S	T	A	V	L	I	F	Y	W	H	M	C	P
0	0.67670	0.18289	0.01166	0.00718	0.01061	0.01338	0.00624	0.01514	0.00909	0.02069	0.00714	0.00831	0.00578	0.00468	0.00320	0.00148	0.00429	0.00277	0.00297	0.00578
1	0.01270	0.01219	0.02083	0.03149	0.78767	0.01219	0.01575	0.01575	0.01168	0.01676	0.00965	0.01270	0.00813	0.00457	0.00508	0.00152	0.00610	0.00457	0.00254	0.00813
2	0.85592	0.00992	0.00754	0.00675	0.00992	0.01151	0.00556	0.01508	0.00873	0.02302	0.00714	0.00834	0.00556	0.00476	0.00318	0.00159	0.00397	0.00278	0.00318	0.00556
3	0.01040	0.02578	0.74727	0.01505	0.02248	0.01198	0.06401	0.01626	0.01091	0.01626	0.00928	0.01101	0.00658	0.00484	0.00495	0.00163	0.00765	0.00393	0.00219	0.00754
4	0.85592	0.00992	0.00754	0.00675	0.00992	0.01151	0.00556	0.01508	0.00873	0.02302	0.00714	0.00834	0.00556	0.00476	0.00318	0.00159	0.00397	0.00278	0.00318	0.00556
5	0.00618	0.00523	0.00536	0.00542	0.00712	0.00441	0.00412	0.00753	0.01170	0.01394	0.05071	0.04982	0.74680	0.01306	0.00612	0.00176	0.00271	0.04891	0.00476	0.00435
6	0.00785	0.00589	0.00735	0.00687	0.00828	0.00571	0.00518	0.01158	0.09952	0.02051	0.68217	0.03646	0.06257	0.01016	0.00596	0.00163	0.00261	0.00893	0.00558	0.00519
7	0.00609	0.00520	0.00524	0.00523	0.00695	0.00434	0.00392	0.00742	0.01177	0.01403	0.07055	0.04910	0.76691	0.01293	0.00606	0.00173	0.00259	0.01079	0.00479	0.00434
8	0.02133	0.00964	0.01225	0.00959	0.01344	0.00912	0.00786	0.10658	0.11304	0.61039	0.01946	0.01712	0.01265	0.00641	0.00516	0.00160	0.00447	0.00518	0.00607	0.00865
9	0.01083	0.00923	0.01074	0.00769	0.01224	0.00704	0.00616	0.02937	0.01093	0.01706	0.00919	0.01068	0.00762	0.00385	0.00383	0.00078	0.00384	0.00307	0.00309	0.83275
10	0.01032	0.00993	0.01402	0.01225	0.01242	0.01340	0.02356	0.01145	0.00813	0.01233	0.00987	0.09299	0.01048	0.05980	0.05632	0.00269	0.62642	0.00575	0.00258	0.00529
11	0.00886	0.00609	0.00761	0.00685	0.00849	0.01976	0.00521	0.01122	0.01430	0.07794	0.66678	0.03457	0.04252	0.00968	0.00582	0.00156	0.00277	0.00849	0.00549	0.05598
12	0.02254	0.00923	0.01218	0.00937	0.01333	0.00831	0.00773	0.08451	0.03075	0.71527	0.01962	0.01709	0.01244	0.00635	0.00516	0.00159	0.00446	0.00513	0.00623	0.00872
13	0.80590	0.00985	0.00780	0.00689	0.01011	0.01127	0.00568	0.01568	0.00909	0.06916	0.00793	0.00888	0.00599	0.00486	0.00329	0.00159	0.00399	0.00292	0.00337	0.00575
14	0.01111	0.01106	0.01569	0.07553	0.01518	0.01538	0.01146	0.01241	0.00805	0.01241	0.00692	0.01142	0.00674	0.00868	0.01592	0.00220	0.74748	0.00450	0.00225	0.00562
15	0.00674	0.03422	0.00696	0.00745	0.00799	0.00494	0.00528	0.00781	0.01006	0.01330	0.02740	0.70600	0.03248	0.01545	0.00649	0.00208	0.00325	0.09313	0.00467	0.00431
16	0.00625	0.00447	0.00595	0.00714	0.00744	0.00417	0.00476	0.00714	0.00982	0.01310	0.02828	0.81633	0.03394	0.01608	0.00655	0.00208	0.00298	0.01459	0.00476	0.00417
17	0.85592	0.00992	0.00754	0.00675	0.00992	0.01151	0.00556	0.01508	0.00873	0.02302	0.00714	0.00834	0.00556	0.00476	0.00318	0.00159	0.00397	0.00278	0.00318	0.00556
18	0.85592	0.00992	0.00754	0.00675	0.00992	0.01151	0.00556	0.01508	0.00873	0.02302	0.00714	0.00834	0.00556	0.00476	0.00318	0.00159	0.00397	0.00278	0.00318	0.00556
19	0.01348	0.01138	0.01201	0.01059	0.01362	0.01310	0.00830	0.10675	0.69774	0.02263	0.01997	0.01841	0.01492	0.00688	0.00521	0.00172	0.00423	0.00567	0.00521	0.00819
20	0.00735	0.00579	0.00671	0.00641	0.00796	0.00543	0.00482	0.01053	0.08923	0.01807	0.42753	0.05670	0.31214	0.01116	0.00598	0.00168	0.00266	0.00961	0.00527	0.00497
21	0.00891	0.00446	0.00668	0.00668	0.00668	0.00446	0.00446	0.00668	0.00668	0.00891	0.00891	0.01560	0.00891	0.01783	0.02005	0.85071	0.00446	0.00446	0.00223	0.00223
22	0.01230	0.01178	0.02010	0.13504	0.68726	0.01209	0.01555	0.01540	0.01149	0.01628	0.00958	0.01283	0.00796	0.00465	0.00509	0.00155	0.00620	0.00457	0.00251	0.00780
23	0.00609	0.00520	0.00524	0.00523	0.00695	0.00434	0.00392	0.00742	0.01176	0.01402	0.06930	0.04912	0.76817	0.01294	0.00606	0.00173	0.00259	0.01079	0.00479	0.00434
24	0.01292	0.01110	0.01169	0.01047	0.01340	0.01284	0.00816	0.04477	0.76063	0.02172	0.02068	0.01898	0.01550	0.00694	0.00522	0.00174	0.00410	0.00577	0.00522	0.00814
25	0.01270	0.01219	0.02083	0.03149	0.78767	0.01219	0.01575	0.01575	0.01168	0.01676	0.00965	0.01270	0.00813	0.00457	0.00508	0.00152	0.00610	0.00457	0.00254	0.00813
26	0.01372	0.82276	0.02689	0.00878	0.01317	0.02030	0.00878	0.01536	0.01043	0.01207	0.00713	0.00823	0.00658	0.00439	0.00329	0.00110	0.00549	0.00274	0.00219	0.00658
27	0.76202	0.01005	0.00799	0.00716	0.01030	0.01165	0.00584	0.01644	0.09444	0.02285	0.00867	0.00954	0.00668	0.00501	0.00340	0.00160	0.00398	0.00312	0.00340	0.00584
28	0.01029	0.02654	0.79309	0.01462	0.02221	0.01192	0.01896	0.01625	0.01083	0.01625	0.00921	0.01083	0.00650	0.00487	0.00487	0.00162	0.00758	0.00379	0.00217	0.00758
29	0.03469	0.72887	0.09698	0.00927	0.01392	0.01931	0.00964	0.01544	0.01042	0.01273	0.00732	0.00847	0.00655	0.00444	0.00344	0.00116	0.00564	0.00284	0.00222	0.00665
30	0.00713	0.00524	0.00667	0.00632	0.00758	0.00478	0.00474	0.00942	0.01421	0.01983	0.70333	0.03956	0.13051	0.01077	0.00605	0.00163	0.00244	0.00945	0.00555	0.00478
31	0.00634	0.00521	0.00558	0.00549	0.00710	0.00445	0.00412	0.00790	0.01235	0.01541	0.22105	0.04683	0.61555	0.01242	0.00606	0.00171	0.00256	0.01047	0.00497	0.00445
32	0.00733	0.00550	0.00825	0.00825	0.00916	0.00641	0.00641	0.00916	0.00825	0.01191	0.01374	0.02016	0.01283	0.03848	0.79934	0.00825	0.01374	0.00550	0.00275	0.00458
33	0.04175	0.00876	0.01181	0.00908	0.01303	0.00763	0.00750	0.02478	0.01455	0.77394	0.01995	0.01726	0.01254	0.00632	0.00512	0.00159	0.00436	0.00511	0.00628	0.00866
34	0.00726	0.00524	0.00686	0.00646	0.00767	0.00484	0.00484	0.00968	0.01452	0.02058	0.78496	0.03833	0.04841	0.01049	0.00605	0.00161	0.00242	0.00928	0.00565	0.00484
35	0.01372	0.82276	0.02689	0.00878	0.01317	0.02030	0.00878	0.01536	0.01043	0.01207	0.00713	0.00823	0.00658	0.00439	0.00329	0.00110	0.00549	0.00274	0.00219	0.00658
36	0.00742	0.00503	0.00595	0.00598	0.00611	0.00515	0.00358	0.00768	0.00761	0.01027	0.01610	0.04797	0.01820	0.69976	0.12798	0.00535	0.00609	0.00735	0.00310	0.00333
37	0.01917	0.02445	0.01454	0.01322	0.01586	0.79907	0.00991	0.02049	0.01454	0.01256	0.00793	0.00925	0.00661	0.00529	0.00463	0.00132	0.00925	0.00330	0.00264	0.00595
38	0.01113	0.01110	0.01570	0.06107	0.01478	0.01546	0.01141	0.01239	0.00800	0.01239	0.00688	0.01137	0.00674	0.00875	0.01614	0.00221	0.76211	0.00449	0.00225	0.00562
39	0.00969	0.00912	0.01539	0.80734	0.03534	0.01140	0.01425	0.01311	0.01026	0.01311	0.00912	0.01368	0.00684	0.00513	0.00513	0.00171	0.00684	0.00456	0.00228	0.00570
40	0.01270	0.01219	0.02083	0.03149	0.78767	0.01219	0.01575	0.01575	0.01168	0.01676	0.00965	0.01270	0.00813	0.00457	0.00508	0.00152	0.00610	0.00457	0.00254	0.00813
41	0.01029	0.02654	0.79309	0.01462	0.02221	0.01192	0.01896	0.01625	0.01083	0.01625	0.00921	0.01083	0.00650	0.00487	0.00487	0.00162	0.00758	0.00379	0.00217	0.00758
42	0.01015	0.00952	0.01606	0.64792	0.16160	0.01134	0.01429	0.01347	0.01056	0.01381	0.00985	0.01508	0.00786	0.00536	0.00519	0.00170	0.00664	0.03113	0.00241	0.00608
43	0.01100	0.01093	0.01528	0.01319	0.01320	0.01520	0.01094	0.01212	0.00795	0.01238	0.00769	0.04699	0.00794	0.00930	0.01638	0.00224	0.77442	0.00494	0.00236	0.00555
44	0.00625	0.00447	0.00595	0.00714	0.00744	0.00417	0.00476	0.00714	0.00982	0.01310	0.02828	0.81633	0.03394	0.01608	0.00655	0.00208	0.00298	0.01459	0.00476	0.00417
45	0.01917	0.02445	0.01454	0.01322	0.01586	0.79907	0.00991	0.02049	0.01454	0.01256	0.00793	0.00925	0.00661	0.00529	0.00463	0.00132	0.00925	0.00330	0.00264	0.00595
46	0.76264	0.00997	0.00849	0.00816	0.05001	0.01131	0.00620	0.01571	0.00924	0.06884	0.00806	0.00911	0.00612	0.00485	0.00339	0.00158	0.00410	0.00301	0.00333	0.00588
47	0.01240	0.01070	0.01125	0.01015	0.01299	0.01230	0.00789	0.02618	0.73642	0.02105	0.02259	0.02080	0.05781	0.00729	0.00527	0.00174	0.00398	0.00608	0.00520	0.00791
48	0.00904	0.00664	0.00767	0.00705	0.00857	0.04865	0.00534	0.01158	0.02931	0.07100	0.66165	0.03521	0.05855	0.00991	0.00590	0.00160	0.00296	0.00864	0.00550	0.00521
49	0.00657	0.00498	0.00729	0.00794	0.00850	0.00465	0.04661	0.00765	0.00995	0.01328	0.02730	0.77239	0.03250	0.01543	0.00652	0.00206	0.00329	0.01412	0.00464	0.00432
50	0.15734	0.02079	0.49696	0.01386	0.02009	0.01189	0.11589	0.03728	0.01119	0.05497	0.00962	0.01116	0.00687	0.00489	0.00476	0.00163	0.00689	0.00401	0.00268	0.00723
51	0.01949	0.01489	0.01535	0.01188	0.01591	0.05609	0.00976	0.73208	0.02363	0.03132	0.01209	0.01216	0.00862	0.00611	0.00511	0.00153	0.00583	0.00455	0.00501	0.00858
52	0.00746	0.00497	0.00560	0.00560	0.00560	0.00497	0.00311	0.00746	0.00746	0.00995	0.01617	0.03358	0.01865	0.81967	0.02612	0.00497	0.00497	0.00746	0.00311	0.00311
53	0.00797	0.00568	0.00727	0.00676	0.00814	0.00538	0.00510	0.01111	0.06041	0.03924	0.72061	0.03667	0.04559	0.01018	0.00598	0.00162	0.00257	0.00897	0.00564	0.00513
54	0.00969	0.00912	0.01539	0.80734	0.03534	0.01140	0.01425	0.01311	0.01026	0.01311	0.00912	0.01368	0.00684	0.00513	0.00513	0.00171	0.00684	0.00456	0.00228	0.00570
55	0.01064	0.00912	0.01064	0.00760	0.01216	0.00684	0.00608	0.01292	0.01064	0.01672	0.00912	0.01064	0.00760	0.00380	0.00380	0.00076	0.00380	0.00304	0.00304	0.85104
56	0.02293	0.00888	0.01200	0.00920	0.01317	0.00776	0.00760	0.04472	0.01494	0.77115	0.02003	0.01733	0.01260	0.00635	0.00516	0.00159	0.00440	0.00515	0.00632	0.00873
57	0.00726	0.00524	0.00686	0.00646	0.00767	0.00484	0.00484	0.00968	0.01452	0.02058	0.78496	0.03833	0.04841	0.01049	0.00605	0.00161	0.00242	0.00928	0.00565	0.00484
58	0.00625	0.00447	0.00595	0.00714	0.00744	0.00417	0.00476	0.00714	0.00982	0.01310	0.02828	0.81633	0.03394	0.01608	0.00655	0.00208	0.00298	0.01459	0.00476	0.00417
59	0.00607	0.00518	0.00522	0.00526	0.00695	0.00433	0.00393	0.00736	0.01164	0.01384	0.05125	0.07295	0.76249	0.01309	0.00608	0.00174	0.00261	0.01094	0.00476	0.00433
60	0.01276	0.01102	0.01160	0.01044	0.01334	0.01276	0.00812	0.02727	0.77840	0.02146	0.02088	0.01914	0.01566	0.00696	0.00522	0.00174	0.00406	0.00580	0.00522	0.00812
61	0.01372	0.82276	0.02689	0.00878	0.01317	0.02030	0.00878	0.01536	0.01043	0.01207	0.00713	0.00823	0.00658	0.00439	0.00329	0.00110	0.00549	0.00274	0.00219	0.00658
62	0.02302	0.00873	0.01191	0.00913	0.01310	0.00754	0.00754	0.02501	0.01469	0.79122	0.02024	0.01746	0.01270	0.00635	0.00516	0.00159	0.00437	0.00516	0.00635	0.00873
63	0.00735	0.00541	0.00782	0.00782	0.00859	0.00618	0.00589	0.00889	0.00812	0.01160	0.01413	0.02229	0.01376	0.16290	0.67619	0.00773	0.01235	0.00581	0.00281	0.00435
64	0.01847	0.02330	0.01464	0.01324	0.01565	0.73078	0.01003	0.01978	0.01396	0.01254	0.00783	0.00943	0.00662	0.00561	0.00569	0.00140	0.07909	0.00341	0.00261	0.00592
65	0.02254	0.00863	0.01175	0.00905	0.01293	0.00746	0.00746	0.02454	0.01468	0.76754	0.04374	0.01811	0.01380	0.00648	0.00519	0.00159	0.00431	0.00529	0.00633	0.00861
66	0.00625	0.00447	0.00595	0.00714	0.00744	0.00417	0.00476	0.00714	0.00982	0.01310	0.02828	0.81633	0.03394	0.01608	0.00655	0.00208	0.00298	0.01459	0.00476	0.00417

[dist]
# distance from previous block
# <min> <max>
10	13

[block]
# block no. 2 follows, 48 sequences, length 13
# corresponding to MSA columns:
# 259-261,270-279
name=unknown_C
#
# <colnr> <probs for GDERKNQSTAVLIFYWHMCP>
#	G	D	E	R	K	N	Q	S	T	A	V	L	I	F	Y	W	H	M	C	P
0	0.04022	0.21026	0.46371	0.01265	0.03415	0.01318	0.03427	0.01513	0.01048	0.01499	0.00977	0.01345	0.00820	0.06963	0.00623	0.00179	0.00667	0.02602	0.00238	0.00683
1	0.00730	0.00491	0.00564	0.00580	0.00584	0.00487	0.00333	0.00742	0.00778	0.01037	0.01779	0.13855	0.02070	0.71190	0.02349	0.00459	0.00471	0.00842	0.00333	0.00325
2	0.07369	0.00756	0.06929	0.00759	0.00952	0.00616	0.02841	0.01000	0.05142	0.01522	0.06097	0.31993	0.29700	0.01216	0.00587	0.00184	0.00349	0.01055	0.00443	0.00492
3	0.01310	0.63257	0.14757	0.01151	0.07602	0.01833	0.01094	0.01553	0.01059	0.01310	0.00766	0.00900	0.00669	0.00448	0.00368	0.00121	0.00587	0.00305	0.00222	0.00686
4	0.04582	0.00982	0.01133	0.00943	0.01271	0.01012	0.00760	0.13255	0.25174	0.30219	0.03732	0.02159	0.08702	0.00741	0.00527	0.00167	0.00425	0.02885	0.00550	0.00782
5	0.00626	0.00513	0.00554	0.00577	0.00724	0.00441	0.00431	0.00759	0.01151	0.01405	0.07013	0.16297	0.60726	0.01344	0.00620	0.00182	0.00277	0.05446	0.00479	0.00435
6	0.01013	0.02697	0.08393	0.03476	0.14954	0.00882	0.02462	0.10981	0.02809	0.01787	0.13183	0.28691	0.04589	0.00984	0.00572	0.00175	0.00450	0.00876	0.00415	0.00611
7	0.01257	0.01227	0.01992	0.12608	0.66646	0.04148	0.01535	0.01560	0.01162	0.01616	0.00952	0.01269	0.00791	0.00467	0.00507	0.00154	0.00631	0.00452	0.00251	0.00775
8	0.01201	0.00969	0.01087	0.00972	0.01213	0.01100	0.00759	0.02247	0.52900	0.05944	0.18264	0.02265	0.02193	0.00781	0.00612	0.00174	0.05429	0.00643	0.00518	0.00730
9	0.00639	0.00457	0.00608	0.00705	0.00747	0.00426	0.00477	0.00749	0.01046	0.01411	0.13040	0.71133	0.03589	0.01532	0.00648	0.00202	0.00290	0.01387	0.00488	0.00426
10	0.04531	0.01583	0.22676	0.35374	0.02542	0.10072	0.01381	0.04140	0.03029	0.08392	0.01031	0.01262	0.00747	0.00525	0.00493	0.00162	0.00688	0.00422	0.00285	0.00666
11	0.17493	0.00938	0.01068	0.00869	0.01193	0.00950	0.00705	0.14956	0.05810	0.32038	0.16716	0.01907	0.01788	0.00687	0.00496	0.00159	0.00411	0.00547	0.00534	0.00733
12	0.53932	0.16069	0.03706	0.00870	0.01220	0.07135	0.03561	0.03385	0.01001	0.01973	0.00750	0.00884	0.00604	0.00487	0.00388	0.00150	0.02690	0.00306	0.00293	0.00597

[dist]
# distance from previous block
# <min> <max>
0	1

[block]
# block no. 3 follows, 48 sequences, length 22
# corresponding to MSA columns:
# 281-302
name=unknown_D
#
# <colnr> <probs for GDERKNQSTAVLIFYWHMCP>
#	G	D	E	R	K	N	Q	S	T	A	V	L	I	F	Y	W	H	M	C	P
0	0.85592	0.00992	0.00754	0.00675	0.00992	0.01151	0.00556	0.01508	0.00873	0.02302	0.00714	0.00834	0.00556	0.00476	0.00318	0.00159	0.00397	0.00278	0.00318	0.00556
1	0.01854	0.02143	0.01510	0.01435	0.07689	0.58395	0.01030	0.14623	0.03668	0.01645	0.00916	0.01031	0.00733	0.00542	0.00476	0.00139	0.00826	0.00369	0.00312	0.00665
2	0.00718	0.00524	0.00674	0.00637	0.00761	0.00481	0.00477	0.00952	0.01432	0.02010	0.73327	0.03911	0.10040	0.01067	0.00605	0.00162	0.00243	0.00939	0.00559	0.00481
3	0.00625	0.00447	0.00595	0.00714	0.00744	0.00417	0.00476	0.00714	0.00982	0.01310	0.02828	0.81633	0.03394	0.01608	0.00655	0.00208	0.00298	0.01459	0.00476	0.00417
4	0.00629	0.00452	0.00597	0.00706	0.00744	0.00420	0.00474	0.00727	0.01010	0.01347	0.06450	0.75801	0.05595	0.01573	0.00651	0.00205	0.00294	0.01423	0.00480	0.00420
5	0.01064	0.00912	0.01064	0.00760	0.01216	0.00684	0.00608	0.01292	0.01064	0.01672	0.00912	0.01064	0.00760	0.00380	0.00380	0.00076	0.00380	0.00304	0.00304	0.85104
6	0.00717	0.00524	0.00673	0.00636	0.00761	0.00480	0.00477	0.00951	0.01431	0.02007	0.72947	0.03916	0.10423	0.01068	0.00605	0.00162	0.00243	0.00940	0.00558	0.00480
7	0.01331	0.72706	0.11898	0.00948	0.01426	0.01929	0.01000	0.01547	0.01047	0.01257	0.00738	0.00854	0.00657	0.00445	0.00348	0.00116	0.00574	0.00287	0.00219	0.00670
8	0.01293	0.01105	0.01171	0.01032	0.01338	0.01252	0.00806	0.05997	0.69453	0.02165	0.01973	0.01828	0.01483	0.00672	0.00512	0.00167	0.00412	0.00557	0.00508	0.06275
9	0.02207	0.00926	0.01211	0.00940	0.01330	0.00845	0.00773	0.07346	0.06933	0.68760	0.01977	0.01725	0.01265	0.00638	0.00516	0.00160	0.00443	0.00517	0.00619	0.00869
10	0.85592	0.00992	0.00754	0.00675	0.00992	0.01151	0.00556	0.01508	0.00873	0.02302	0.00714	0.00834	0.00556	0.00476	0.00318	0.00159	0.00397	0.00278	0.00318	0.00556
11	0.00969	0.00912	0.01539	0.80734	0.03534	0.01140	0.01425	0.01311	0.01026	0.01311	0.00912	0.01368	0.00684	0.00513	0.00513	0.00171	0.00684	0.00456	0.00228	0.00570
12	0.00893	0.00592	0.00756	0.00685	0.00842	0.00554	0.00523	0.04634	0.01488	0.07635	0.66727	0.03601	0.07059	0.01008	0.00595	0.00161	0.00272	0.00882	0.00564	0.00529
13	0.00625	0.00447	0.00595	0.00714	0.00744	0.00417	0.00476	0.00714	0.00982	0.01310	0.02828	0.81633	0.03394	0.01608	0.00655	0.00208	0.00298	0.01459	0.00476	0.00417
14	0.01029	0.02654	0.79309	0.01462	0.02221	0.01192	0.01896	0.01625	0.01083	0.01625	0.00921	0.01083	0.00650	0.00487	0.00487	0.00162	0.00758	0.00379	0.00217	0.00758
15	0.00622	0.00459	0.00582	0.00680	0.00735	0.00420	0.00461	0.00718	0.01015	0.01323	0.03243	0.68203	0.16556	0.01554	0.00646	0.00202	0.00291	0.01393	0.00476	0.00420
16	0.00628	0.00490	0.00572	0.00623	0.00729	0.00433	0.00444	0.00751	0.01110	0.01405	0.09440	0.37972	0.38994	0.01417	0.00630	0.00189	0.00280	0.02977	0.00483	0.00431
17	0.00667	0.00513	0.00769	0.00818	0.00882	0.00480	0.05927	0.00781	0.00999	0.01334	0.02700	0.75910	0.03207	0.01524	0.00651	0.00206	0.00338	0.01398	0.00461	0.00436
18	0.00704	0.00591	0.00648	0.00638	0.00802	0.00562	0.00487	0.00966	0.08295	0.01469	0.07328	0.07731	0.55497	0.01405	0.05772	0.00220	0.02513	0.03432	0.00464	0.00476
19	0.00635	0.00454	0.00607	0.00726	0.00760	0.00425	0.00494	0.00732	0.00992	0.01321	0.02823	0.77862	0.03372	0.01598	0.00658	0.00210	0.00306	0.05130	0.00476	0.00420
