[name]
unknown

[dist]
# distance from previous block
# <min> <max>
6	420

[block]
# block no. 0 follows, 40 sequences, length 11
# corresponding to MSA columns:
# 458-468
name=unknown_A
#
# <colnr> <probs for GDERKNQSTAVLIFYWHMCP>
#	G	D	E	R	K	N	Q	S	T	A	V	L	I	F	Y	W	H	M	C	P
0	0.02324	0.01077	0.01358	0.01082	0.01504	0.01032	0.00881	0.05908	0.18628	0.56182	0.02273	0.01999	0.01498	0.00735	0.00586	0.00184	0.00493	0.00599	0.00684	0.00974
1	0.01192	0.00841	0.00984	0.00870	0.01097	0.00834	0.00672	0.17946	0.01782	0.05946	0.34512	0.12211	0.16445	0.01174	0.00664	0.00189	0.00380	0.01006	0.00601	0.00653
2	0.02236	0.00919	0.01183	0.00936	0.01314	0.00831	0.00764	0.06121	0.01616	0.55495	0.02157	0.01993	0.01428	0.00709	0.00543	0.00169	0.00451	0.00572	0.19676	0.00886
3	0.02069	0.01330	0.05485	0.01133	0.01626	0.01192	0.00973	0.27187	0.01907	0.29896	0.01624	0.01558	0.01112	0.00636	0.00546	0.00157	0.00550	0.00500	0.00560	0.19959
4	0.01963	0.00924	0.01228	0.01012	0.01350	0.00888	0.00818	0.06587	0.05404	0.44510	0.08246	0.02224	0.01774	0.01603	0.18310	0.00355	0.00729	0.00633	0.00604	0.00840
5	0.00745	0.00608	0.00670	0.00700	0.00882	0.00532	0.00556	0.00920	0.01329	0.01610	0.05241	0.05819	0.58982	0.01504	0.00714	0.00213	0.00350	0.17585	0.00539	0.00501
6	0.01192	0.01096	0.01800	0.51424	0.20276	0.01267	0.01545	0.04533	0.01262	0.01672	0.01239	0.07833	0.01068	0.00673	0.00593	0.00192	0.00714	0.00610	0.00302	0.00710
7	0.06957	0.01225	0.01620	0.14952	0.31123	0.08068	0.01257	0.01572	0.01314	0.03865	0.02270	0.02435	0.19421	0.00780	0.00585	0.00181	0.00617	0.00669	0.00364	0.00727
8	0.04698	0.01368	0.01332	0.01103	0.01472	0.18503	0.00875	0.02481	0.04682	0.44709	0.10861	0.02029	0.01762	0.00746	0.00577	0.00174	0.00593	0.00588	0.00597	0.00849
9	0.02211	0.01629	0.01745	0.01338	0.01803	0.01803	0.01105	0.73997	0.02734	0.03665	0.01396	0.01396	0.00989	0.00698	0.00582	0.00175	0.00640	0.00524	0.00582	0.00989
10	0.01405	0.01284	0.01282	0.01241	0.04961	0.10431	0.00898	0.07429	0.35745	0.02122	0.02170	0.19679	0.01976	0.00963	0.00607	0.00191	0.00526	0.00818	0.00514	0.05759

[dist]
# distance from previous block
# <min> <max>
0	1

[block]
# block no. 1 follows, 40 sequences, length 12
# corresponding to MSA columns:
# 470-481
name=unknown_B
#
# <colnr> <probs for GDERKNQSTAVLIFYWHMCP>
#	G	D	E	R	K	N	Q	S	T	A	V	L	I	F	Y	W	H	M	C	P
0	0.02135	0.01591	0.01703	0.01323	0.01775	0.01768	0.01087	0.66978	0.09876	0.03543	0.01492	0.01473	0.01067	0.00707	0.00583	0.00177	0.00622	0.00537	0.00583	0.00982
1	0.01353	0.01129	0.01306	0.00956	0.01445	0.00963	0.00772	0.11888	0.01413	0.02130	0.01075	0.01236	0.00876	0.00493	0.00511	0.00106	0.03572	0.00377	0.00375	0.68025
2	0.00795	0.00581	0.00747	0.00731	0.00858	0.00533	0.00538	0.01034	0.01543	0.02146	0.59352	0.15207	0.11157	0.01304	0.00694	0.00192	0.00285	0.01153	0.00617	0.00533
3	0.01197	0.09393	0.40881	0.24483	0.02871	0.01440	0.06224	0.01715	0.01204	0.01681	0.01019	0.01319	0.00759	0.00565	0.00591	0.00184	0.02985	0.00463	0.00253	0.00774
4	0.00842	0.00568	0.00655	0.00648	0.00668	0.00562	0.00381	0.00882	0.00961	0.01301	0.12440	0.03883	0.02599	0.68297	0.02633	0.00509	0.00522	0.00875	0.00394	0.00381
5	0.01102	0.00835	0.01050	0.09621	0.04586	0.00886	0.00808	0.01695	0.18777	0.04053	0.20884	0.06409	0.09277	0.00987	0.00613	0.00188	0.00417	0.04784	0.12363	0.00665
6	0.01322	0.01463	0.03044	0.14102	0.03073	0.01467	0.57102	0.01769	0.01303	0.01769	0.01123	0.01543	0.00857	0.00545	0.00763	0.00200	0.06871	0.00646	0.00286	0.00752
7	0.01175	0.01071	0.01749	0.33135	0.06992	0.01179	0.11683	0.05081	0.07537	0.01872	0.10304	0.04319	0.03543	0.00801	0.00635	0.00199	0.00665	0.06977	0.00392	0.00692
8	0.00863	0.00715	0.00881	0.06632	0.01179	0.00734	0.00683	0.03081	0.04070	0.01705	0.11266	0.21613	0.33003	0.01378	0.00786	0.00210	0.06579	0.03564	0.00509	0.00547
9	0.01175	0.08360	0.43804	0.07557	0.02296	0.01279	0.06050	0.01675	0.01216	0.01758	0.01194	0.07120	0.01001	0.00625	0.00546	0.00171	0.00740	0.00523	0.00286	0.12624
10	0.07731	0.04211	0.11525	0.06317	0.32570	0.14467	0.03438	0.04227	0.05391	0.01902	0.01097	0.01337	0.00878	0.00569	0.00567	0.00174	0.01991	0.00473	0.00313	0.00823
11	0.02752	0.30709	0.14824	0.01702	0.17412	0.04718	0.01346	0.06340	0.04876	0.03082	0.01076	0.01254	0.00881	0.00672	0.02872	0.00180	0.02017	0.00426	0.00310	0.02549

[dist]
# distance from previous block
# <min> <max>
0	13

[block]
# block no. 2 follows, 40 sequences, length 14
# corresponding to MSA columns:
# 495-508
name=unknown_C
#
# <colnr> <probs for GDERKNQSTAVLIFYWHMCP>
#	G	D	E	R	K	N	Q	S	T	A	V	L	I	F	Y	W	H	M	C	P
0	0.29376	0.03438	0.03840	0.05160	0.13069	0.02484	0.00986	0.01983	0.18956	0.03824	0.01742	0.05071	0.06388	0.00723	0.00514	0.00185	0.00519	0.00571	0.00420	0.00749
1	0.00736	0.00534	0.00683	0.00777	0.00841	0.00496	0.00534	0.00858	0.01176	0.01557	0.09904	0.56028	0.11848	0.07009	0.00885	0.00251	0.00351	0.04523	0.00536	0.00476
2	0.04068	0.00775	0.01052	0.19466	0.01700	0.00820	0.00840	0.01384	0.06409	0.05669	0.32792	0.11140	0.09507	0.01057	0.00643	0.00193	0.00434	0.00922	0.00519	0.00610
3	0.01353	0.01016	0.09871	0.01019	0.01291	0.00785	0.00871	0.07300	0.01401	0.19783	0.02579	0.41435	0.02645	0.01305	0.00672	0.00213	0.00471	0.04750	0.00552	0.00687
4	0.01115	0.00934	0.01140	0.00879	0.01296	0.00764	0.00698	0.01361	0.01140	0.01763	0.01160	0.01466	0.01004	0.01379	0.18976	0.00291	0.00703	0.00412	0.00337	0.63180
5	0.01921	0.01943	0.19781	0.01408	0.01961	0.01677	0.01348	0.53130	0.05880	0.03165	0.01358	0.01393	0.00966	0.00667	0.00575	0.00178	0.00684	0.00507	0.00501	0.00954
6	0.04533	0.01169	0.04562	0.01045	0.01511	0.00995	0.02463	0.09525	0.06446	0.25791	0.03413	0.03086	0.02448	0.00644	0.00530	0.00149	0.00498	0.00525	0.00514	0.30155
7	0.01677	0.55898	0.07864	0.01163	0.01638	0.20321	0.01107	0.01889	0.01297	0.01415	0.00847	0.00981	0.00746	0.00526	0.00422	0.00135	0.00742	0.00335	0.00261	0.00737
8	0.00907	0.00677	0.00902	0.19349	0.01448	0.00740	0.00657	0.01000	0.00922	0.01214	0.01639	0.03261	0.01791	0.60498	0.02386	0.00474	0.00615	0.00766	0.00330	0.00423
9	0.01369	0.01521	0.02841	0.12597	0.05888	0.06744	0.48962	0.01786	0.01340	0.01769	0.03603	0.01599	0.01007	0.00568	0.00733	0.00195	0.05799	0.00636	0.00298	0.00746
10	0.01206	0.01218	0.02270	0.49612	0.05553	0.01356	0.24087	0.01673	0.04058	0.01651	0.01131	0.01577	0.00851	0.00559	0.00614	0.00194	0.00825	0.00575	0.00283	0.00707
11	0.00819	0.01110	0.18990	0.01014	0.01247	0.00684	0.00928	0.01059	0.01141	0.01571	0.02683	0.60366	0.03096	0.01515	0.00696	0.00224	0.00463	0.01358	0.00469	0.00566
12	0.21020	0.00683	0.00617	0.00596	0.00785	0.00726	0.00460	0.01441	0.01164	0.02274	0.01635	0.01873	0.01283	0.00644	0.00395	0.00146	0.00314	0.00487	0.62893	0.00563
13	0.03845	0.00721	0.00876	0.00852	0.01013	0.02003	0.00644	0.03855	0.01279	0.07930	0.11327	0.22263	0.17207	0.02076	0.19186	0.00381	0.02451	0.01026	0.00496	0.00571

[dist]
# distance from previous block
# <min> <max>
0	1

[block]
# block no. 3 follows, 40 sequences, length 9
# corresponding to MSA columns:
# 510-518
name=unknown_D
#
# <colnr> <probs for GDERKNQSTAVLIFYWHMCP>
#	G	D	E	R	K	N	Q	S	T	A	V	L	I	F	Y	W	H	M	C	P
0	0.01129	0.05873	0.46255	0.01530	0.02177	0.01274	0.11123	0.01636	0.01246	0.01752	0.01918	0.02055	0.14378	0.00731	0.00650	0.00188	0.04404	0.00606	0.00306	0.00767
1	0.01354	0.01515	0.03132	0.02283	0.02764	0.01527	0.60641	0.01779	0.01285	0.01779	0.01101	0.01515	0.00861	0.00586	0.00908	0.00207	0.15065	0.00654	0.00287	0.00757
2	0.00834	0.00659	0.00890	0.00946	0.00977	0.00729	0.00686	0.00944	0.01070	0.01463	0.02666	0.55598	0.03144	0.06601	0.01099	0.00262	0.14566	0.05890	0.00476	0.00499
3	0.03383	0.33989	0.19300	0.01151	0.01636	0.01598	0.03202	0.01627	0.01219	0.05045	0.01862	0.01941	0.14397	0.00738	0.00607	0.00167	0.06540	0.00543	0.00327	0.00727
4	0.00740	0.00534	0.00708	0.00836	0.00892	0.00502	0.00592	0.00868	0.01156	0.01525	0.03318	0.65178	0.07274	0.01774	0.00748	0.00239	0.00364	0.11731	0.00539	0.00482
5	0.00923	0.00693	0.00843	0.00796	0.00796	0.00785	0.00520	0.00946	0.00854	0.01177	0.01638	0.03345	0.01869	0.65292	0.02769	0.00508	0.14724	0.00784	0.00335	0.00404
6	0.01109	0.01049	0.01747	0.73269	0.03847	0.01323	0.01593	0.01480	0.01145	0.01480	0.01016	0.01533	0.00774	0.00609	0.00666	0.00198	0.05741	0.00516	0.00258	0.00645
7	0.01133	0.01028	0.01692	0.56608	0.05365	0.01213	0.04770	0.04728	0.01307	0.01712	0.08527	0.02136	0.01422	0.00706	0.00611	0.00196	0.00712	0.05146	0.00331	0.00659
8	0.00718	0.00590	0.00631	0.00621	0.00804	0.00504	0.00466	0.00894	0.01398	0.01742	0.21567	0.05315	0.59917	0.01409	0.00687	0.00193	0.00290	0.01188	0.00563	0.00504

[dist]
# distance from previous block
# <min> <max>
0	2

[block]
# block no. 4 follows, 40 sequences, length 31
# corresponding to MSA columns:
# 521-551
name=unknown_E
#
# <colnr> <probs for GDERKNQSTAVLIFYWHMCP>
#	G	D	E	R	K	N	Q	S	T	A	V	L	I	F	Y	W	H	M	C	P
0	0.01182	0.01034	0.01323	0.17733	0.01951	0.00888	0.00891	0.01469	0.01196	0.01806	0.01034	0.01281	0.00843	0.00464	0.00464	0.00110	0.00506	0.00382	0.00326	0.65118
1	0.01601	0.43005	0.13028	0.01305	0.01816	0.14633	0.06745	0.03882	0.06048	0.01611	0.01000	0.01134	0.00828	0.00546	0.00467	0.00149	0.00745	0.00395	0.00291	0.00771
2	0.02393	0.01117	0.01406	0.01087	0.01520	0.01063	0.00894	0.19848	0.01921	0.53873	0.07004	0.01998	0.01603	0.00746	0.00591	0.00179	0.00515	0.00601	0.00681	0.00960
3	0.00815	0.00619	0.00824	0.00798	0.00924	0.00579	0.03105	0.01049	0.03207	0.01910	0.38387	0.23302	0.12447	0.08283	0.00899	0.00232	0.00348	0.01183	0.00564	0.00523
4	0.00802	0.00651	0.00737	0.00854	0.00905	0.05394	0.00577	0.00907	0.01148	0.01481	0.03057	0.74174	0.03648	0.01743	0.00728	0.00231	0.00383	0.01571	0.00524	0.00485
5	0.02161	0.01613	0.01785	0.01481	0.06556	0.01776	0.01149	0.69367	0.02644	0.03552	0.01377	0.01399	0.00985	0.00687	0.00581	0.00174	0.00643	0.00523	0.00563	0.00985
6	0.00811	0.00594	0.00761	0.00719	0.00861	0.00544	0.00539	0.01074	0.01618	0.02265	0.69529	0.04453	0.11628	0.01214	0.00686	0.00184	0.00276	0.01067	0.00631	0.00544
7	0.00831	0.00623	0.00935	0.00935	0.01038	0.00727	0.00727	0.01038	0.00935	0.01350	0.01558	0.02285	0.01454	0.04361	0.77259	0.00935	0.01558	0.00623	0.00312	0.00519
8	0.00823	0.00594	0.00777	0.00732	0.00869	0.00549	0.00549	0.01097	0.01646	0.02332	0.75629	0.04344	0.05487	0.01189	0.00686	0.00183	0.00274	0.01052	0.00640	0.00549
9	0.01098	0.01034	0.01744	0.78165	0.04005	0.01292	0.01615	0.01486	0.01163	0.01486	0.01034	0.01550	0.00775	0.00581	0.00581	0.00194	0.00775	0.00517	0.00258	0.00646
10	0.01218	0.03888	0.01272	0.00866	0.01382	0.00830	0.00700	0.01474	0.01205	0.01876	0.01025	0.01196	0.00857	0.00433	0.00429	0.00088	0.00438	0.00343	0.00341	0.80137
11	0.02609	0.00990	0.01350	0.01035	0.01484	0.00855	0.00855	0.02834	0.01664	0.76338	0.02294	0.01979	0.01439	0.00720	0.00585	0.00180	0.00495	0.00585	0.00720	0.00990
12	0.83671	0.01125	0.00855	0.00765	0.01125	0.01305	0.00630	0.01709	0.00990	0.02609	0.00810	0.00945	0.00630	0.00540	0.00360	0.00180	0.00450	0.00315	0.00360	0.00630
13	0.02211	0.01629	0.01745	0.01338	0.01803	0.01803	0.01105	0.73997	0.02734	0.03665	0.01396	0.01396	0.00989	0.00698	0.00582	0.00175	0.00640	0.00524	0.00582	0.00989
14	0.00831	0.00623	0.00935	0.00935	0.01038	0.00727	0.00727	0.01038	0.00935	0.01350	0.01558	0.02285	0.01454	0.04361	0.77259	0.00935	0.01558	0.00623	0.00312	0.00519
15	0.00801	0.00594	0.00747	0.00709	0.00855	0.00539	0.00532	0.01055	0.01595	0.02210	0.64478	0.04544	0.16714	0.01234	0.00686	0.00185	0.00278	0.01080	0.00624	0.00539
16	0.00937	0.00669	0.00937	0.01071	0.01205	0.00669	0.00937	0.01205	0.01339	0.01740	0.03079	0.06560	0.03347	0.01606	0.00803	0.00268	0.00535	0.72021	0.00535	0.00535
17	0.01529	0.74747	0.07985	0.01040	0.01561	0.02237	0.01073	0.01748	0.01185	0.01400	0.00824	0.00953	0.00746	0.00501	0.00385	0.00128	0.00638	0.00319	0.00249	0.00754
18	0.01182	0.01196	0.02257	0.55153	0.03712	0.01346	0.23562	0.01600	0.01227	0.01600	0.01077	0.01556	0.00808	0.00554	0.00613	0.00194	0.00838	0.00568	0.00269	0.00688
19	0.00709	0.00506	0.00675	0.00810	0.00843	0.00472	0.00540	0.00810	0.01113	0.01484	0.03205	0.79184	0.03846	0.01822	0.00742	0.00236	0.00337	0.01653	0.00540	0.00472
20	0.01166	0.03008	0.76550	0.01657	0.02517	0.01351	0.02149	0.01842	0.01228	0.01842	0.01044	0.01228	0.00737	0.00552	0.00552	0.00184	0.00859	0.00430	0.00246	0.00859
21	0.00709	0.00506	0.00675	0.00810	0.00843	0.00472	0.00540	0.00810	0.01113	0.01484	0.03205	0.79184	0.03846	0.01822	0.00742	0.00236	0.00337	0.01653	0.00540	0.00472
22	0.01138	0.01105	0.01921	0.65211	0.03739	0.01343	0.09036	0.01519	0.01166	0.01519	0.01030	0.01534	0.00785	0.00601	0.00681	0.00198	0.06018	0.00534	0.00262	0.00660
23	0.01098	0.01034	0.01744	0.78165	0.04005	0.01292	0.01615	0.01486	0.01163	0.01486	0.01034	0.01550	0.00775	0.00581	0.00581	0.00194	0.00775	0.00517	0.00258	0.00646
24	0.00861	0.00607	0.00763	0.00716	0.00875	0.00549	0.00540	0.01111	0.01589	0.04799	0.60433	0.04487	0.18045	0.01224	0.00683	0.00185	0.00286	0.01067	0.00625	0.00554
25	0.01565	0.01051	0.01218	0.01075	0.01382	0.01129	0.00854	0.02532	0.39871	0.18943	0.10039	0.02798	0.06042	0.00912	0.00658	0.00198	0.02781	0.05501	0.00609	0.00841
26	0.01059	0.00696	0.00825	0.00818	0.00943	0.00701	0.00584	0.11134	0.01362	0.03873	0.06674	0.37016	0.02791	0.11790	0.02723	0.00265	0.00427	0.01112	0.14647	0.00559
27	0.00947	0.00795	0.01085	0.01037	0.01124	0.03178	0.00813	0.01128	0.00944	0.01349	0.01417	0.02153	0.01349	0.07535	0.58299	0.00776	0.14625	0.00608	0.00304	0.00535
28	0.01206	0.01034	0.01206	0.00861	0.01378	0.00775	0.00689	0.01464	0.01206	0.01895	0.01034	0.01206	0.00861	0.00431	0.00431	0.00086	0.00431	0.00345	0.00345	0.83118
29	0.41131	0.01437	0.11733	0.10739	0.06780	0.01362	0.01109	0.09354	0.03232	0.02378	0.01022	0.01216	0.00779	0.00585	0.00500	0.00182	0.02618	0.00412	0.02703	0.00727
30	0.07629	0.03900	0.01079	0.02650	0.01199	0.00943	0.00737	0.03561	0.14155	0.07404	0.33786	0.03404	0.08106	0.01025	0.00664	0.00191	0.02730	0.05602	0.00565	0.00669

[dist]
# distance from previous block
# <min> <max>
2	6

[block]
# block no. 5 follows, 40 sequences, length 11
# corresponding to MSA columns:
# 561-571
name=unknown_F
#
# <colnr> <probs for GDERKNQSTAVLIFYWHMCP>
#	G	D	E	R	K	N	Q	S	T	A	V	L	I	F	Y	W	H	M	C	P
0	0.08672	0.09633	0.08583	0.04179	0.01654	0.01365	0.01025	0.12896	0.19352	0.18058	0.01996	0.01922	0.06722	0.00729	0.00549	0.00180	0.00548	0.00572	0.00512	0.00854
1	0.09300	0.54938	0.08076	0.01063	0.01569	0.02026	0.01054	0.10038	0.01363	0.04620	0.00949	0.01048	0.00789	0.00537	0.00417	0.00142	0.00621	0.00355	0.00315	0.00781
2	0.00922	0.00770	0.00939	0.01064	0.09494	0.00746	0.00694	0.01337	0.12446	0.01870	0.15879	0.11743	0.35371	0.01229	0.00658	0.00194	0.00365	0.01057	0.02609	0.00614
3	0.00955	0.00699	0.00859	0.00803	0.00966	0.00676	0.00604	0.09361	0.01668	0.02304	0.51439	0.15399	0.09529	0.01248	0.00683	0.00191	0.00327	0.01094	0.00611	0.00583
4	0.00746	0.00595	0.00663	0.00661	0.00830	0.00521	0.00500	0.00926	0.01383	0.01748	0.22419	0.05285	0.50047	0.04874	0.00796	0.00215	0.00319	0.06413	0.00556	0.00502
5	0.00710	0.00522	0.00666	0.00773	0.00836	0.00478	0.00526	0.00826	0.01168	0.01534	0.06741	0.64912	0.14691	0.01742	0.00732	0.00228	0.00328	0.01563	0.00544	0.00478
6	0.00829	0.00636	0.00768	0.00742	0.00906	0.00593	0.00567	0.01147	0.05754	0.02088	0.47297	0.04714	0.24407	0.01272	0.00689	0.00193	0.00308	0.05933	0.00603	0.00553
7	0.64051	0.01047	0.00908	0.00795	0.01140	0.01162	0.00649	0.01780	0.01149	0.11817	0.09540	0.01463	0.01286	0.00636	0.00425	0.00180	0.00435	0.00433	0.00437	0.00666
8	0.01991	0.02369	0.01641	0.01464	0.01737	0.55978	0.01124	0.06517	0.08270	0.01645	0.01044	0.01200	0.00858	0.00677	0.00715	0.00169	0.11127	0.00427	0.00337	0.00710
9	0.00846	0.00564	0.00634	0.00634	0.00634	0.00564	0.00352	0.00846	0.00846	0.01128	0.01832	0.03805	0.02114	0.79563	0.02960	0.00564	0.00564	0.00846	0.00352	0.00352
10	0.24355	0.01630	0.01420	0.01185	0.01573	0.14569	0.00950	0.31158	0.13026	0.02804	0.01298	0.01331	0.00969	0.00652	0.00513	0.00175	0.00631	0.00461	0.00474	0.00826

[dist]
# distance from previous block
# <min> <max>
0	1

[block]
# block no. 6 follows, 40 sequences, length 18
# corresponding to MSA columns:
# 573-590
name=unknown_G
#
# <colnr> <probs for GDERKNQSTAVLIFYWHMCP>
#	G	D	E	R	K	N	Q	S	T	A	V	L	I	F	Y	W	H	M	C	P
0	0.01472	0.01120	0.01296	0.00954	0.01451	0.00950	0.00769	0.11463	0.04611	0.08544	0.01248	0.01339	0.00967	0.00507	0.00471	0.00111	0.00466	0.00403	0.00419	0.61438
1	0.02147	0.01135	0.01367	0.01113	0.01519	0.01147	0.00898	0.08360	0.28908	0.43375	0.02253	0.02005	0.01530	0.00744	0.00587	0.00186	0.00493	0.00607	0.00662	0.00964
2	0.75960	0.01172	0.00939	0.00819	0.01189	0.01352	0.00675	0.08551	0.01155	0.02709	0.00865	0.00987	0.00664	0.00555	0.00381	0.00179	0.00468	0.00335	0.00381	0.00664
3	0.00721	0.00511	0.00671	0.00794	0.00825	0.00480	0.00523	0.00813	0.01090	0.01453	0.03084	0.72533	0.03693	0.08681	0.00938	0.00265	0.00357	0.01582	0.00523	0.00462
4	0.01113	0.01062	0.01835	0.74082	0.03953	0.01302	0.05509	0.01506	0.01174	0.01506	0.01041	0.01551	0.00781	0.00576	0.00587	0.00194	0.00786	0.00526	0.00260	0.00653
5	0.05906	0.00942	0.01208	0.00970	0.01351	0.00861	0.00787	0.02466	0.07192	0.53552	0.12116	0.02452	0.05922	0.00819	0.00594	0.00183	0.00450	0.00674	0.00673	0.00883
6	0.02403	0.00981	0.01297	0.01015	0.01440	0.00871	0.00832	0.02719	0.06609	0.66365	0.02538	0.02232	0.06388	0.00774	0.00592	0.00182	0.00479	0.00632	0.00699	0.00952
7	0.01166	0.03008	0.76550	0.01657	0.02517	0.01351	0.02149	0.01842	0.01228	0.01842	0.01044	0.01228	0.00737	0.00552	0.00552	0.00184	0.00859	0.00430	0.00246	0.00859
8	0.02507	0.01038	0.01365	0.01059	0.01501	0.00941	0.00871	0.06122	0.06979	0.67685	0.02258	0.01966	0.01443	0.00724	0.00585	0.00181	0.00499	0.00587	0.00704	0.00985
9	0.01999	0.01099	0.01308	0.01054	0.01421	0.01104	0.00843	0.19666	0.11915	0.34002	0.07050	0.02338	0.05022	0.07499	0.00798	0.00215	0.00507	0.00662	0.00624	0.00874
10	0.00712	0.00510	0.00671	0.00798	0.00835	0.00476	0.00531	0.00812	0.01112	0.01476	0.03248	0.74615	0.06035	0.04155	0.00807	0.00245	0.00343	0.01616	0.00534	0.00469
11	0.02014	0.01452	0.01586	0.01242	0.01654	0.01585	0.01015	0.60986	0.02517	0.05725	0.09268	0.05058	0.01596	0.00798	0.00600	0.00178	0.00584	0.00629	0.00590	0.00921
12	0.01873	0.02040	0.07194	0.09879	0.14678	0.29150	0.01356	0.22776	0.01825	0.02187	0.01100	0.01281	0.00849	0.00609	0.00558	0.00168	0.00828	0.00461	0.00371	0.00817
13	0.01216	0.01260	0.02484	0.06343	0.07287	0.01262	0.41603	0.01574	0.01257	0.01739	0.01535	0.16311	0.01452	0.00807	0.00790	0.00205	0.08139	0.00828	0.03206	0.00704
14	0.01358	0.04082	0.10912	0.02397	0.11214	0.01450	0.53321	0.01834	0.01340	0.01851	0.01137	0.01486	0.00867	0.00498	0.00641	0.00186	0.00905	0.00617	0.00289	0.03615
15	0.01280	0.00704	0.00924	0.00835	0.01058	0.00636	0.00662	0.01529	0.01584	0.21092	0.41788	0.04118	0.10845	0.01145	0.00674	0.00193	0.00363	0.09276	0.00639	0.00654
16	0.01297	0.07763	0.52195	0.01914	0.13139	0.05516	0.04868	0.01844	0.01260	0.01787	0.01027	0.01244	0.00771	0.00554	0.00577	0.00179	0.02520	0.00444	0.00257	0.00843
17	0.00844	0.00869	0.09807	0.00845	0.01043	0.00635	0.00723	0.01106	0.01409	0.01964	0.42312	0.14922	0.08735	0.09100	0.00910	0.00232	0.00391	0.03062	0.00540	0.00551

[dist]
# distance from previous block
# <min> <max>
0	1

[block]
# block no. 7 follows, 40 sequences, length 31
# corresponding to MSA columns:
# 592-622
name=unknown_H
#
# <colnr> <probs for GDERKNQSTAVLIFYWHMCP>
#	G	D	E	R	K	N	Q	S	T	A	V	L	I	F	Y	W	H	M	C	P
0	0.00765	0.00579	0.00693	0.00699	0.00830	0.00522	0.00509	0.00951	0.01391	0.01844	0.33849	0.16236	0.28397	0.07027	0.00862	0.00225	0.00319	0.03232	0.00568	0.00503
1	0.05836	0.01189	0.01285	0.00992	0.01439	0.04041	0.00794	0.09803	0.10164	0.06030	0.03331	0.01449	0.01123	0.00564	0.00513	0.00128	0.02127	0.00437	0.00425	0.48332
2	0.04083	0.09370	0.59017	0.01791	0.10885	0.01434	0.01955	0.01822	0.01227	0.01834	0.01021	0.01217	0.00755	0.00543	0.00533	0.00178	0.00805	0.00426	0.00255	0.00849
3	0.01154	0.00931	0.01167	0.01050	0.01167	0.03366	0.04041	0.05778	0.03724	0.01763	0.01764	0.16657	0.01756	0.10537	0.03030	0.00263	0.20288	0.00787	0.20192	0.00585
4	0.30016	0.01130	0.01548	0.37184	0.16436	0.01313	0.01302	0.01620	0.01132	0.01956	0.00967	0.01318	0.00752	0.00555	0.00503	0.00185	0.00646	0.00446	0.00299	0.00692
5	0.02584	0.01030	0.01374	0.01054	0.01505	0.00914	0.00870	0.07316	0.01732	0.71761	0.02238	0.01943	0.01411	0.00718	0.00585	0.00180	0.00504	0.00581	0.00711	0.00990
6	0.01021	0.00637	0.00816	0.00769	0.00930	0.00583	0.00579	0.01241	0.01494	0.10707	0.44840	0.08424	0.11450	0.08493	0.00895	0.00227	0.00348	0.05372	0.00601	0.00571
7	0.00818	0.00594	0.00771	0.00727	0.00866	0.00547	0.00545	0.01088	0.01635	0.02306	0.73264	0.04386	0.07868	0.01198	0.00686	0.00183	0.00275	0.01058	0.00637	0.00547
8	0.00803	0.00546	0.00647	0.00688	0.00699	0.00536	0.00410	0.00835	0.00928	0.01238	0.02256	0.27089	0.02649	0.55549	0.02275	0.00463	0.00494	0.01095	0.00410	0.00389
9	0.01206	0.01034	0.01206	0.00861	0.01378	0.00775	0.00689	0.01464	0.01206	0.01895	0.01034	0.01206	0.00861	0.00431	0.00431	0.00086	0.00431	0.00345	0.00345	0.83118
10	0.00937	0.00669	0.00937	0.01071	0.01205	0.00669	0.00937	0.01205	0.01339	0.01740	0.03079	0.06560	0.03347	0.01606	0.00803	0.00268	0.00535	0.72021	0.00535	0.00535
11	0.00823	0.00594	0.00781	0.00758	0.00889	0.00552	0.00573	0.01086	0.01593	0.02242	0.66511	0.09112	0.05249	0.01255	0.00697	0.00192	0.00295	0.05628	0.00627	0.00543
12	0.01440	0.01377	0.02320	0.03476	0.73032	0.01384	0.01751	0.01836	0.04194	0.01921	0.01144	0.01468	0.00954	0.00529	0.00576	0.00174	0.00682	0.00524	0.00300	0.00921
13	0.01314	0.06355	0.01970	0.01551	0.01643	0.04087	0.07186	0.01478	0.00973	0.01435	0.00826	0.01296	0.00791	0.01021	0.03745	0.00257	0.62649	0.00510	0.00260	0.00653
14	0.01206	0.01034	0.01206	0.00861	0.01378	0.00775	0.00689	0.01464	0.01206	0.01895	0.01034	0.01206	0.00861	0.00431	0.00431	0.00086	0.00431	0.00345	0.00345	0.83118
15	0.00846	0.00564	0.00634	0.00634	0.00634	0.00564	0.00352	0.00846	0.00846	0.01128	0.01832	0.03805	0.02114	0.79563	0.02960	0.00564	0.00564	0.00846	0.00352	0.00352
16	0.00790	0.00588	0.00736	0.00710	0.00852	0.00533	0.00528	0.01030	0.01552	0.02136	0.58035	0.09364	0.18431	0.01282	0.00690	0.00189	0.00282	0.01123	0.00615	0.00533
17	0.00823	0.00594	0.00777	0.00732	0.00869	0.00549	0.00549	0.01097	0.01646	0.02332	0.75629	0.04344	0.05487	0.01189	0.00686	0.00183	0.00274	0.01052	0.00640	0.00549
18	0.83671	0.01125	0.00855	0.00765	0.01125	0.01305	0.00630	0.01709	0.00990	0.02609	0.00810	0.00945	0.00630	0.00540	0.00360	0.00180	0.00450	0.00315	0.00360	0.00630
19	0.00837	0.00560	0.00637	0.00645	0.00648	0.00558	0.00364	0.00843	0.00863	0.01150	0.01920	0.08627	0.02225	0.74590	0.02818	0.00543	0.00549	0.00897	0.00364	0.00360
20	0.00709	0.00506	0.00675	0.00810	0.00843	0.00472	0.00540	0.00810	0.01113	0.01484	0.03205	0.79184	0.03846	0.01822	0.00742	0.00236	0.00337	0.01653	0.00540	0.00472
21	0.00823	0.00594	0.00777	0.00732	0.00869	0.00549	0.00549	0.01097	0.01646	0.02332	0.75629	0.04344	0.05487	0.01189	0.00686	0.00183	0.00274	0.01052	0.00640	0.00549
22	0.02493	0.00964	0.01312	0.01015	0.01445	0.00835	0.00835	0.02722	0.01663	0.71547	0.07042	0.02132	0.01702	0.00750	0.00591	0.00180	0.00481	0.00615	0.00715	0.00961
23	0.01166	0.03008	0.76550	0.01657	0.02517	0.01351	0.02149	0.01842	0.01228	0.01842	0.01044	0.01228	0.00737	0.00552	0.00552	0.00184	0.00859	0.00430	0.00246	0.00859
24	0.00772	0.00553	0.00696	0.00787	0.00838	0.00527	0.00523	0.03007	0.01135	0.01502	0.03107	0.61398	0.07736	0.13241	0.01061	0.00280	0.00377	0.01475	0.00513	0.00471
25	0.01206	0.01034	0.01206	0.00861	0.01378	0.00775	0.00689	0.01464	0.01206	0.01895	0.01034	0.01206	0.00861	0.00431	0.00431	0.00086	0.00431	0.00345	0.00345	0.83118
26	0.04880	0.01192	0.10435	0.14872	0.13143	0.02592	0.01205	0.03482	0.02860	0.01849	0.09548	0.14926	0.04764	0.01008	0.00637	0.00203	0.00582	0.10736	0.00416	0.00671
27	0.01109	0.01036	0.08265	0.03547	0.06567	0.00903	0.01002	0.03800	0.12175	0.04404	0.12867	0.17847	0.02885	0.01203	0.00684	0.00217	0.00501	0.19802	0.00514	0.00672
28	0.04678	0.06627	0.44161	0.01392	0.02033	0.01299	0.01597	0.02037	0.05854	0.15597	0.04791	0.01543	0.01149	0.00644	0.00608	0.00184	0.04086	0.00494	0.00378	0.00848
29	0.08468	0.02530	0.11019	0.01206	0.05309	0.00910	0.05576	0.02919	0.03732	0.01724	0.01958	0.24172	0.02068	0.07261	0.00968	0.08083	0.00548	0.08004	0.00405	0.03138
30	0.14669	0.16005	0.26572	0.01259	0.01798	0.06082	0.05397	0.01772	0.03813	0.01912	0.06573	0.01446	0.01159	0.00681	0.02281	0.00183	0.00692	0.00458	0.02239	0.05008

[dist]
# distance from previous block
# <min> <max>
0	13

[block]
# block no. 8 follows, 40 sequences, length 8
# corresponding to MSA columns:
# 636-643
name=unknown_I
#
# <colnr> <probs for GDERKNQSTAVLIFYWHMCP>
#	G	D	E	R	K	N	Q	S	T	A	V	L	I	F	Y	W	H	M	C	P
0	0.13621	0.24162	0.04423	0.04897	0.05848	0.13756	0.09990	0.01826	0.01280	0.04855	0.01103	0.04092	0.00934	0.00589	0.00486	0.00159	0.00692	0.00464	0.03648	0.03174
1	0.01170	0.00813	0.01085	0.00967	0.01200	0.00769	0.04894	0.07456	0.03897	0.09636	0.18002	0.23081	0.09692	0.02710	0.00711	0.00204	0.00428	0.06044	0.00552	0.06687
2	0.01324	0.13126	0.05152	0.01558	0.16613	0.05350	0.02680	0.05632	0.03547	0.01839	0.06168	0.04511	0.09548	0.00771	0.00638	0.02346	0.03451	0.00601	0.00371	0.14772
3	0.08955	0.01403	0.04956	0.04125	0.05933	0.09416	0.05581	0.11747	0.01412	0.06017	0.01549	0.04755	0.05917	0.04105	0.03739	0.00234	0.14875	0.00597	0.01925	0.02757
4	0.06173	0.00898	0.01152	0.06060	0.05553	0.01042	0.00824	0.07965	0.01146	0.01741	0.01373	0.03563	0.01297	0.16836	0.06143	0.08881	0.15006	0.00601	0.13182	0.00564
5	0.01418	0.01123	0.01391	0.01091	0.01498	0.01060	0.05649	0.15970	0.10422	0.05184	0.07818	0.09283	0.01701	0.00741	0.00555	0.00151	0.00492	0.00637	0.00476	0.33341
6	0.06253	0.05833	0.01490	0.01108	0.01484	0.01434	0.00891	0.39163	0.06847	0.06380	0.01533	0.04463	0.01274	0.11580	0.00880	0.00222	0.00571	0.00581	0.00505	0.07508
7	0.04463	0.01105	0.01404	0.01223	0.05991	0.04032	0.06866	0.04623	0.04692	0.05380	0.05041	0.10484	0.01626	0.00754	0.00552	0.00152	0.00520	0.04888	0.00421	0.35784

[dist]
# distance from previous block
# <min> <max>
0	1

[block]
# block no. 9 follows, 40 sequences, length 8
# corresponding to MSA columns:
# 645-652
name=unknown_J
#
# <colnr> <probs for GDERKNQSTAVLIFYWHMCP>
#	G	D	E	R	K	N	Q	S	T	A	V	L	I	F	Y	W	H	M	C	P
0	0.01236	0.09176	0.51487	0.06167	0.12710	0.01402	0.01888	0.01784	0.01232	0.01792	0.01029	0.01249	0.00772	0.00538	0.00535	0.00173	0.00787	0.00432	0.00258	0.05352
1	0.03476	0.02842	0.01391	0.01081	0.01473	0.01251	0.00875	0.27113	0.12265	0.19476	0.07087	0.02001	0.03209	0.03127	0.00638	0.00182	0.00511	0.00595	0.03026	0.08381
2	0.05514	0.04892	0.01094	0.00931	0.01114	0.00963	0.00724	0.13245	0.01281	0.01850	0.01693	0.11308	0.01641	0.09350	0.36135	0.00562	0.00987	0.00711	0.05407	0.00596
3	0.11492	0.08578	0.07126	0.01101	0.01577	0.01315	0.00976	0.17354	0.07631	0.25019	0.01556	0.01506	0.01092	0.00632	0.00518	0.00164	0.00548	0.00481	0.00514	0.10820
4	0.06201	0.00658	0.00767	0.00809	0.00930	0.00651	0.00576	0.06636	0.01255	0.01727	0.03280	0.47912	0.16642	0.04034	0.04864	0.00267	0.00433	0.01319	0.00514	0.00526
5	0.01535	0.01073	0.01258	0.00967	0.01417	0.00949	0.00774	0.06166	0.13680	0.15450	0.05478	0.01683	0.01371	0.00598	0.00507	0.00132	0.00451	0.00488	0.00482	0.45541
6	0.04151	0.01067	0.01338	0.02889	0.05550	0.00939	0.02989	0.09239	0.01424	0.10758	0.01640	0.07309	0.05169	0.00665	0.00518	0.00137	0.00485	0.00558	0.00432	0.42741
7	0.08583	0.01123	0.01320	0.01106	0.01380	0.01242	0.02218	0.25678	0.03770	0.02309	0.01420	0.06407	0.01269	0.06390	0.13653	0.04616	0.08242	0.00599	0.00425	0.08249

[dist]
# distance from previous block
# <min> <max>
0	7

[block]
# block no. 10 follows, 40 sequences, length 6
# corresponding to MSA columns:
# 661-666
name=unknown_K
#
# <colnr> <probs for GDERKNQSTAVLIFYWHMCP>
#	G	D	E	R	K	N	Q	S	T	A	V	L	I	F	Y	W	H	M	C	P
0	0.01579	0.01750	0.10843	0.02685	0.43150	0.09239	0.05473	0.11196	0.04701	0.02092	0.01166	0.01407	0.00925	0.00564	0.00575	0.00174	0.00746	0.00509	0.00335	0.00890
1	0.12313	0.01275	0.01424	0.07905	0.01746	0.01383	0.00992	0.35473	0.05687	0.06738	0.01593	0.05685	0.01322	0.00786	0.00569	0.00183	0.00570	0.06714	0.00508	0.07132
2	0.05045	0.00700	0.00921	0.06213	0.01147	0.00710	0.00659	0.01004	0.00987	0.01400	0.01932	0.13208	0.10955	0.01481	0.01379	0.34740	0.05538	0.00734	0.00348	0.10897
3	0.05965	0.22467	0.24239	0.03730	0.07525	0.06664	0.01408	0.11202	0.03212	0.06823	0.01122	0.01242	0.00852	0.00574	0.00503	0.00164	0.00711	0.00426	0.00342	0.00830
4	0.01085	0.04080	0.00908	0.00761	0.00981	0.00720	0.00583	0.01397	0.08105	0.11399	0.20677	0.06349	0.32273	0.07104	0.00825	0.00217	0.00366	0.00997	0.00564	0.00608
5	0.05768	0.01607	0.11835	0.02194	0.15240	0.01439	0.31122	0.01733	0.01232	0.01830	0.01046	0.01395	0.00836	0.00592	0.00825	0.00192	0.14128	0.00552	0.00287	0.06147

[dist]
# distance from previous block
# <min> <max>
2	10

[block]
# block no. 11 follows, 40 sequences, length 73
# corresponding to MSA columns:
# 677-749
name=unknown_L
#
# <colnr> <probs for GDERKNQSTAVLIFYWHMCP>
#	G	D	E	R	K	N	Q	S	T	A	V	L	I	F	Y	W	H	M	C	P
0	0.14532	0.03551	0.13217	0.11848	0.04676	0.06249	0.03752	0.15213	0.06463	0.10962	0.01350	0.01550	0.01004	0.00642	0.00544	0.00182	0.00670	0.02360	0.00420	0.00814
1	0.07719	0.00850	0.00970	0.00981	0.01147	0.04824	0.00794	0.03991	0.04289	0.01840	0.11164	0.04102	0.02625	0.07765	0.16354	0.00395	0.00733	0.28421	0.00467	0.00567
2	0.04246	0.03770	0.01496	0.07904	0.08985	0.03237	0.02875	0.06091	0.01217	0.06231	0.01493	0.12231	0.01415	0.01693	0.18365	0.00369	0.14628	0.00682	0.00368	0.02704
3	0.01342	0.01416	0.01866	0.07303	0.15663	0.15545	0.14467	0.01622	0.01366	0.01719	0.09001	0.07666	0.05628	0.00855	0.00738	0.00194	0.07013	0.05537	0.00369	0.00689
4	0.02709	0.00563	0.00649	0.00679	0.00695	0.00559	0.00403	0.00857	0.00912	0.01246	0.02134	0.21589	0.02490	0.59346	0.02375	0.00477	0.00508	0.01025	0.00397	0.00387
5	0.01567	0.01313	0.01356	0.01174	0.01508	0.04496	0.00923	0.18500	0.46779	0.02652	0.11255	0.02225	0.02024	0.00811	0.00599	0.00188	0.00501	0.00666	0.00584	0.00879
6	0.02131	0.01289	0.04109	0.01138	0.01558	0.05995	0.00945	0.10048	0.18376	0.40369	0.04590	0.01940	0.01527	0.00729	0.00581	0.00180	0.00542	0.00587	0.00621	0.02745
7	0.01287	0.26976	0.53643	0.01451	0.02198	0.01647	0.01789	0.01810	0.01213	0.01694	0.00970	0.01136	0.00740	0.00535	0.00497	0.00166	0.00785	0.00393	0.00247	0.00824
8	0.01314	0.01448	0.05469	0.05383	0.08671	0.01331	0.53412	0.01702	0.01278	0.01743	0.01139	0.01571	0.00892	0.00690	0.00867	0.10560	0.00885	0.00634	0.00285	0.00726
9	0.01142	0.01072	0.01810	0.50437	0.17603	0.01226	0.04473	0.01504	0.01225	0.01607	0.01459	0.02136	0.04752	0.00693	0.00608	0.00196	0.00724	0.06342	0.00302	0.00689
10	0.01757	0.01503	0.04471	0.01218	0.01559	0.10828	0.00988	0.40215	0.02064	0.04370	0.01841	0.22885	0.01750	0.00991	0.00618	0.00189	0.00613	0.00815	0.00524	0.00801
11	0.01792	0.01923	0.01489	0.10291	0.01879	0.40422	0.01068	0.08247	0.06295	0.05427	0.01521	0.01683	0.05955	0.01057	0.08198	0.00243	0.00916	0.00514	0.00376	0.00702
12	0.02551	0.01000	0.01348	0.01037	0.01479	0.00878	0.00855	0.05096	0.01699	0.72112	0.04120	0.02020	0.01527	0.00731	0.00587	0.00180	0.00494	0.00595	0.00713	0.00978
13	0.00727	0.00581	0.00637	0.00641	0.00796	0.00506	0.00465	0.00885	0.01334	0.01680	0.19022	0.12106	0.49896	0.07088	0.00856	0.00224	0.00314	0.01205	0.00546	0.00491
14	0.05842	0.05241	0.01464	0.01300	0.01555	0.46668	0.01021	0.01930	0.01490	0.01597	0.04058	0.02332	0.01470	0.00840	0.00626	0.00180	0.03998	0.15159	0.02595	0.00637
15	0.00694	0.00589	0.00598	0.00596	0.00790	0.00494	0.00447	0.00848	0.01341	0.01609	0.09369	0.05534	0.72198	0.01459	0.00687	0.00196	0.00294	0.01219	0.00545	0.00494
16	0.02198	0.01543	0.01675	0.01292	0.01745	0.01689	0.01065	0.64840	0.04393	0.09478	0.01504	0.01480	0.01056	0.00702	0.00578	0.00175	0.00615	0.00532	0.02462	0.00977
17	0.01133	0.01090	0.01910	0.66150	0.03766	0.01310	0.09645	0.01523	0.01180	0.01539	0.01060	0.01557	0.00801	0.00585	0.00624	0.00194	0.02830	0.00536	0.01908	0.00659
18	0.01969	0.01509	0.01609	0.01289	0.01711	0.01691	0.01047	0.51602	0.25522	0.03276	0.01703	0.01640	0.01237	0.00727	0.00585	0.00182	0.00583	0.00566	0.00585	0.00967
19	0.00710	0.00515	0.00671	0.00791	0.00840	0.00476	0.00533	0.00819	0.01142	0.01512	0.05190	0.71792	0.09306	0.01780	0.00737	0.00232	0.00333	0.01606	0.00542	0.00476
20	0.02609	0.00990	0.01350	0.01035	0.01484	0.00855	0.00855	0.02834	0.01664	0.76338	0.02294	0.01979	0.01439	0.00720	0.00585	0.00180	0.00495	0.00585	0.00720	0.00990
21	0.00946	0.00684	0.00937	0.01046	0.01188	0.00687	0.00904	0.01264	0.04019	0.01815	0.09178	0.06214	0.03471	0.01542	0.00786	0.00258	0.00511	0.63454	0.00546	0.00550
22	0.02609	0.00990	0.01350	0.01035	0.01484	0.00855	0.00855	0.02834	0.01664	0.76338	0.02294	0.01979	0.01439	0.00720	0.00585	0.00180	0.00495	0.00585	0.00720	0.00990
23	0.00831	0.00623	0.00935	0.00935	0.01038	0.00727	0.00727	0.01038	0.00935	0.01350	0.01558	0.02285	0.01454	0.04361	0.77259	0.00935	0.01558	0.00623	0.00312	0.00519
24	0.00820	0.00594	0.00773	0.00728	0.00867	0.00547	0.00546	0.01091	0.01639	0.02315	0.74035	0.04372	0.07091	0.01195	0.00686	0.00183	0.00275	0.01056	0.00638	0.00547
25	0.00919	0.00656	0.00916	0.01050	0.01176	0.00653	0.00905	0.01173	0.01320	0.01720	0.03089	0.12433	0.03387	0.01624	0.00798	0.00265	0.00519	0.66330	0.00536	0.00530
26	0.01555	0.79913	0.03047	0.00995	0.01493	0.02301	0.00995	0.01741	0.01182	0.01368	0.00808	0.00933	0.00746	0.00498	0.00373	0.00124	0.00622	0.00311	0.00249	0.00746
27	0.01373	0.01569	0.03431	0.02451	0.03039	0.01471	0.73824	0.01863	0.01373	0.01863	0.01176	0.01569	0.00882	0.00490	0.00686	0.00196	0.00980	0.00686	0.00294	0.00784
28	0.01412	0.01354	0.02311	0.09602	0.70118	0.01374	0.01771	0.01761	0.01311	0.01866	0.01089	0.01448	0.00909	0.00523	0.00576	0.00174	0.00698	0.00518	0.00285	0.00899
29	0.02469	0.01054	0.01370	0.01068	0.01506	0.00971	0.00876	0.07155	0.09023	0.64589	0.02247	0.01963	0.01446	0.00725	0.00585	0.00181	0.00500	0.00588	0.00699	0.00983
30	0.00896	0.00692	0.00874	0.00949	0.01096	0.02387	0.00795	0.01129	0.01308	0.01679	0.07028	0.05593	0.17852	0.01880	0.10330	0.00330	0.00613	0.43534	0.00508	0.00528
31	0.00719	0.00514	0.00686	0.00816	0.00856	0.00481	0.00553	0.00830	0.01135	0.01516	0.05163	0.74867	0.03875	0.01798	0.00743	0.00236	0.00342	0.03855	0.00542	0.00476
32	0.00712	0.00509	0.00678	0.00807	0.00844	0.00475	0.00540	0.00819	0.01131	0.01512	0.05572	0.76738	0.03900	0.01801	0.00740	0.00234	0.00335	0.01634	0.00543	0.00475
33	0.01373	0.01569	0.03431	0.02451	0.03039	0.01471	0.73824	0.01863	0.01373	0.01863	0.01176	0.01569	0.00882	0.00490	0.00686	0.00196	0.00980	0.00686	0.00294	0.00784
34	0.01373	0.01569	0.03431	0.02451	0.03039	0.01471	0.73824	0.01863	0.01373	0.01863	0.01176	0.01569	0.00882	0.00490	0.00686	0.00196	0.00980	0.00686	0.00294	0.00784
35	0.02166	0.01556	0.01682	0.01306	0.01758	0.01713	0.01073	0.63250	0.09196	0.07977	0.01539	0.01502	0.01087	0.00708	0.00583	0.00177	0.00615	0.00539	0.00591	0.00983
36	0.02020	0.01534	0.01638	0.01299	0.01731	0.01714	0.01059	0.56297	0.20745	0.03357	0.01638	0.01589	0.01185	0.00721	0.00584	0.00180	0.00595	0.00557	0.00584	0.00972
37	0.01010	0.00505	0.00758	0.00758	0.00758	0.00505	0.00505	0.00758	0.00758	0.01010	0.01010	0.01768	0.01010	0.02020	0.02273	0.83081	0.00505	0.00505	0.00253	0.00253
38	0.01373	0.01569	0.03431	0.02451	0.03039	0.01471	0.73824	0.01863	0.01373	0.01863	0.01176	0.01569	0.00882	0.00490	0.00686	0.00196	0.00980	0.00686	0.00294	0.00784
39	0.02109	0.02658	0.01646	0.01491	0.01777	0.71521	0.01126	0.02296	0.03490	0.01448	0.00930	0.01089	0.00776	0.00625	0.00595	0.00156	0.04896	0.00388	0.00305	0.00679
40	0.02114	0.02618	0.01709	0.01660	0.07794	0.68372	0.01176	0.04865	0.01661	0.01543	0.00933	0.01093	0.00772	0.00596	0.00531	0.00153	0.01005	0.00392	0.00309	0.00705
41	0.00871	0.00662	0.00862	0.00932	0.06930	0.00604	0.00626	0.01108	0.01510	0.03734	0.45645	0.07448	0.24433	0.01228	0.00677	0.00188	0.00321	0.01071	0.00582	0.00570
42	0.01098	0.01034	0.01744	0.78165	0.04005	0.01292	0.01615	0.01486	0.01163	0.01486	0.01034	0.01550	0.00775	0.00581	0.00581	0.00194	0.00775	0.00517	0.00258	0.00646
43	0.00937	0.00669	0.00937	0.01071	0.01205	0.00669	0.00937	0.01205	0.01339	0.01740	0.03079	0.06560	0.03347	0.01606	0.00803	0.00268	0.00535	0.72021	0.00535	0.00535
44	0.12211	0.01757	0.01590	0.01279	0.01693	0.15908	0.01034	0.49942	0.02280	0.03079	0.01242	0.01293	0.00911	0.00660	0.00540	0.00170	0.00685	0.00470	0.02382	0.00875
45	0.12162	0.05187	0.03573	0.01569	0.09057	0.39292	0.01151	0.05048	0.01461	0.05672	0.00986	0.01164	0.00799	0.00638	0.00671	0.00171	0.09929	0.00413	0.00331	0.00726
46	0.00709	0.00506	0.00675	0.00810	0.00843	0.00472	0.00540	0.00810	0.01113	0.01484	0.03205	0.79184	0.03846	0.01822	0.00742	0.00236	0.00337	0.01653	0.00540	0.00472
47	0.00800	0.00594	0.00746	0.00708	0.00855	0.00539	0.00531	0.01054	0.01593	0.02205	0.63994	0.04553	0.17201	0.01236	0.00686	0.00185	0.00278	0.01081	0.00623	0.00539
48	0.01199	0.06021	0.67646	0.01695	0.02517	0.01399	0.07898	0.01839	0.01238	0.01824	0.01045	0.01243	0.00749	0.00545	0.00556	0.00183	0.00860	0.00446	0.00250	0.00849
49	0.01373	0.01569	0.03431	0.02451	0.03039	0.01471	0.73824	0.01863	0.01373	0.01863	0.01176	0.01569	0.00882	0.00490	0.00686	0.00196	0.00980	0.00686	0.00294	0.00784
50	0.00687	0.00589	0.00589	0.00589	0.00785	0.00491	0.00442	0.00835	0.01325	0.01571	0.05891	0.05596	0.75700	0.01473	0.00687	0.00196	0.00295	0.01227	0.00540	0.00491
51	0.01112	0.01053	0.01747	0.71967	0.03805	0.01332	0.01587	0.01479	0.01141	0.01479	0.01012	0.01528	0.00774	0.00617	0.00689	0.00199	0.07061	0.00516	0.00258	0.00645
52	0.68359	0.05069	0.01037	0.00831	0.01201	0.01360	0.00689	0.03320	0.07035	0.05215	0.01001	0.01090	0.00765	0.00568	0.00392	0.00178	0.00465	0.00356	0.00391	0.00679
53	0.01433	0.01168	0.01328	0.00969	0.01474	0.01008	0.00783	0.17885	0.01552	0.02296	0.01116	0.01249	0.00890	0.00491	0.00465	0.00106	0.00478	0.00385	0.00398	0.64525
54	0.00709	0.00506	0.00675	0.00810	0.00843	0.00472	0.00540	0.00810	0.01113	0.01484	0.03205	0.79184	0.03846	0.01822	0.00742	0.00236	0.00337	0.01653	0.00540	0.00472
55	0.02235	0.01590	0.01721	0.01320	0.01784	0.01746	0.01090	0.69665	0.02669	0.08089	0.01451	0.01432	0.01016	0.00699	0.00582	0.00175	0.00631	0.00527	0.00590	0.00989
56	0.02102	0.01814	0.01669	0.01351	0.01764	0.17290	0.01085	0.49913	0.11997	0.03041	0.01421	0.01426	0.01043	0.00690	0.00571	0.00172	0.00700	0.00510	0.00525	0.00915
57	0.00704	0.00583	0.00620	0.00644	0.00817	0.00499	0.00482	0.00852	0.01300	0.01570	0.05393	0.14906	0.62550	0.01524	0.00701	0.00205	0.00314	0.05305	0.00540	0.00491
58	0.01164	0.01161	0.02147	0.60100	0.03775	0.01335	0.18843	0.01576	0.01213	0.01576	0.01068	0.01555	0.00801	0.00560	0.00606	0.00194	0.00824	0.00557	0.00267	0.00679
59	0.01605	0.01198	0.01301	0.01132	0.01478	0.01328	0.00891	0.09126	0.53465	0.11970	0.02543	0.02341	0.07352	0.00825	0.00597	0.00193	0.00468	0.00680	0.00603	0.00902
60	0.00720	0.00511	0.00671	0.00796	0.00827	0.00480	0.00525	0.00813	0.01092	0.01456	0.03094	0.73087	0.03706	0.08109	0.00922	0.00263	0.00356	0.01588	0.00525	0.00463
61	0.09931	0.01479	0.01586	0.01237	0.01682	0.01617	0.01018	0.54127	0.06631	0.12583	0.01509	0.01471	0.01057	0.00691	0.00562	0.00177	0.00593	0.00519	0.00579	0.00951
62	0.01466	0.01447	0.02335	0.05281	0.68764	0.05164	0.03427	0.01806	0.01337	0.01865	0.01085	0.01426	0.00908	0.00523	0.00576	0.00173	0.00718	0.00515	0.00288	0.00899
63	0.00916	0.00663	0.00908	0.01030	0.01169	0.00654	0.00895	0.01174	0.01338	0.01726	0.03317	0.06478	0.09466	0.01595	0.00793	0.00262	0.00515	0.66034	0.00536	0.00532
64	0.00709	0.00506	0.00675	0.00810	0.00843	0.00472	0.00540	0.00810	0.01113	0.01484	0.03205	0.79184	0.03846	0.01822	0.00742	0.00236	0.00337	0.01653	0.00540	0.00472
65	0.02166	0.01571	0.01694	0.01313	0.01766	0.01734	0.01080	0.65225	0.08524	0.06666	0.01513	0.01484	0.01072	0.00706	0.00583	0.00177	0.00619	0.00537	0.00588	0.00983
66	0.01142	0.00802	0.00958	0.00884	0.01095	0.00809	0.00675	0.04278	0.17826	0.08520	0.35974	0.11866	0.09223	0.01141	0.00661	0.00194	0.00361	0.02306	0.00614	0.00671
67	0.01326	0.01402	0.02296	0.01816	0.02008	0.03540	0.24056	0.01568	0.01061	0.01546	0.00896	0.01360	0.00800	0.00842	0.01491	0.00234	0.52246	0.00561	0.00268	0.00684
