[name]
unknown

[dist]
# distance from previous block
# <min> <max>
41	189

[block]
# block no. 0 follows, 41 sequences, length 11
# corresponding to MSA columns:
# 215-225
name=unknown_A
#
# <colnr> <probs for GDERKNQSTAVLIFYWHMCP>
#	G	D	E	R	K	N	Q	S	T	A	V	L	I	F	Y	W	H	M	C	P
0	0.00912	0.00560	0.00734	0.00804	0.00898	0.00510	0.00559	0.01030	0.01175	0.10205	0.03268	0.64360	0.09525	0.01638	0.00708	0.00223	0.00346	0.01469	0.00552	0.00525
1	0.00722	0.00510	0.00663	0.00768	0.00802	0.00481	0.00505	0.00815	0.01084	0.01452	0.06571	0.65026	0.03621	0.12863	0.01037	0.00276	0.00360	0.01484	0.00510	0.00452
2	0.01201	0.13833	0.66531	0.01539	0.02334	0.01460	0.01954	0.01798	0.01201	0.01746	0.00994	0.01167	0.00726	0.00536	0.00519	0.00173	0.00812	0.00406	0.00242	0.00830
3	0.01284	0.01163	0.01855	0.52329	0.20317	0.01349	0.01569	0.10000	0.01360	0.01804	0.01072	0.01482	0.00820	0.00571	0.00571	0.00184	0.00728	0.00509	0.00298	0.00737
4	0.00697	0.00498	0.00664	0.00796	0.00830	0.00465	0.00531	0.00796	0.01095	0.01460	0.03153	0.79525	0.03783	0.01792	0.00730	0.00232	0.00332	0.01626	0.00531	0.00465
5	0.00830	0.00564	0.00669	0.00669	0.00685	0.00579	0.00403	0.00861	0.00845	0.01143	0.01761	0.03513	0.01980	0.68262	0.14411	0.00611	0.00705	0.00798	0.00340	0.00372
6	0.02277	0.13436	0.06327	0.01055	0.01526	0.01113	0.00944	0.02568	0.04067	0.57750	0.01955	0.01747	0.01278	0.00666	0.00541	0.00169	0.00527	0.00526	0.00602	0.00926
7	0.01293	0.01362	0.02685	0.19783	0.17263	0.01355	0.40094	0.01714	0.01286	0.01757	0.01103	0.01496	0.00850	0.00505	0.00618	0.00182	0.00836	0.00588	0.00283	0.04946
8	0.01580	0.01222	0.01397	0.01347	0.07721	0.01361	0.00975	0.05246	0.58206	0.11019	0.02184	0.02028	0.01612	0.00743	0.00580	0.00189	0.00481	0.00623	0.00571	0.00916
9	0.01440	0.01504	0.02924	0.02262	0.08047	0.01512	0.52285	0.10203	0.01449	0.01990	0.01131	0.01481	0.00870	0.00566	0.00790	0.00195	0.09621	0.00625	0.00317	0.00788
10	0.01448	0.01432	0.05687	0.25411	0.36576	0.04728	0.01594	0.12643	0.01473	0.01985	0.01092	0.01415	0.00857	0.00560	0.00566	0.00176	0.00720	0.00500	0.00316	0.00822

[dist]
# distance from previous block
# <min> <max>
6	19

[block]
# block no. 1 follows, 41 sequences, length 18
# corresponding to MSA columns:
# 245-262
name=unknown_B
#
# <colnr> <probs for GDERKNQSTAVLIFYWHMCP>
#	G	D	E	R	K	N	Q	S	T	A	V	L	I	F	Y	W	H	M	C	P
0	0.01234	0.00915	0.01233	0.01082	0.01322	0.00911	0.07470	0.14628	0.04155	0.05815	0.04657	0.22134	0.03516	0.10420	0.00927	0.00245	0.00517	0.12478	0.00496	0.05846
1	0.01987	0.16086	0.08815	0.01315	0.01753	0.29533	0.01147	0.21761	0.01793	0.08932	0.01140	0.01204	0.00861	0.00605	0.00513	0.00155	0.00781	0.00421	0.00394	0.00805
2	0.00707	0.00527	0.00652	0.00732	0.00811	0.00479	0.00503	0.00829	0.01183	0.01544	0.10406	0.52596	0.20844	0.04393	0.00789	0.00230	0.00324	0.01446	0.00534	0.00472
3	0.29879	0.06071	0.30884	0.03281	0.04582	0.01422	0.02923	0.11142	0.01321	0.02273	0.00984	0.01140	0.00731	0.00553	0.00477	0.00175	0.00661	0.00400	0.00326	0.00773
4	0.05951	0.05372	0.11351	0.01161	0.06467	0.10454	0.00948	0.01569	0.07510	0.01967	0.28088	0.02881	0.12241	0.00900	0.00588	0.00175	0.00515	0.00745	0.00460	0.00659
5	0.00709	0.00503	0.00660	0.00781	0.00811	0.00473	0.00515	0.00800	0.01072	0.01429	0.03033	0.72802	0.03632	0.08721	0.00924	0.00261	0.00352	0.01556	0.00515	0.00454
6	0.01240	0.09745	0.53997	0.01976	0.18333	0.01421	0.01931	0.01790	0.01224	0.01781	0.01016	0.01226	0.00765	0.00531	0.00532	0.00173	0.00788	0.00431	0.00251	0.00848
7	0.01810	0.01329	0.01432	0.01143	0.01520	0.01453	0.00928	0.49159	0.10968	0.03131	0.08377	0.01810	0.01522	0.00733	0.00560	0.00169	0.00529	0.00576	0.09888	0.02964
8	0.01556	0.59036	0.16134	0.01099	0.01648	0.01964	0.01170	0.01830	0.01214	0.08385	0.00972	0.01065	0.00795	0.00519	0.00418	0.00138	0.00642	0.00352	0.00287	0.00776
9	0.00722	0.00514	0.00651	0.00750	0.00786	0.00483	0.00489	0.00805	0.01056	0.01396	0.03042	0.60270	0.07685	0.17147	0.01156	0.00293	0.00373	0.01445	0.00495	0.00442
10	0.01123	0.01700	0.25607	0.08776	0.04112	0.01211	0.23054	0.01546	0.01200	0.01685	0.01482	0.17394	0.01403	0.00815	0.00717	0.00201	0.06186	0.00759	0.00318	0.00712
11	0.04760	0.08176	0.01404	0.03123	0.01450	0.01015	0.00837	0.02442	0.08303	0.50162	0.08929	0.02113	0.03235	0.00743	0.00561	0.00175	0.00477	0.00602	0.00619	0.00875
12	0.02332	0.00922	0.01252	0.00978	0.01379	0.00801	0.00801	0.02560	0.01635	0.66805	0.12090	0.02257	0.01947	0.00769	0.00588	0.00177	0.00458	0.00636	0.00698	0.00916
13	0.00735	0.00506	0.00680	0.00785	0.00824	0.00474	0.00529	0.00818	0.01111	0.01494	0.09634	0.65448	0.03674	0.01753	0.00864	0.07898	0.00341	0.01468	0.00514	0.00452
14	0.01729	0.03001	0.10821	0.01121	0.01519	0.01100	0.01009	0.17874	0.06925	0.24479	0.09800	0.09199	0.02005	0.00890	0.00606	0.00188	0.00530	0.05816	0.00564	0.00824
15	0.01901	0.00999	0.05015	0.00964	0.01341	0.00836	0.00818	0.04742	0.05481	0.45069	0.14311	0.02720	0.11510	0.00870	0.00602	0.00180	0.00449	0.00722	0.00638	0.00832
16	0.00697	0.00498	0.00664	0.00796	0.00830	0.00465	0.00531	0.00796	0.01095	0.01460	0.03153	0.79525	0.03783	0.01792	0.00730	0.00232	0.00332	0.01626	0.00531	0.00465
17	0.01219	0.01147	0.01933	0.32801	0.41016	0.01244	0.01579	0.01553	0.01221	0.01671	0.01240	0.08505	0.01109	0.00650	0.00583	0.00184	0.00681	0.00610	0.00294	0.00760

[dist]
# distance from previous block
# <min> <max>
0	1

[block]
# block no. 2 follows, 41 sequences, length 45
# corresponding to MSA columns:
# 264-308
name=unknown_C
#
# <colnr> <probs for GDERKNQSTAVLIFYWHMCP>
#	G	D	E	R	K	N	Q	S	T	A	V	L	I	F	Y	W	H	M	C	P
0	0.01366	0.01309	0.02233	0.14550	0.65677	0.01346	0.01731	0.01712	0.01279	0.01809	0.01067	0.01432	0.00885	0.00519	0.00567	0.00173	0.00692	0.00509	0.00279	0.00866
1	0.01147	0.02959	0.76934	0.01630	0.02476	0.01328	0.02113	0.01811	0.01208	0.01811	0.01026	0.01208	0.00725	0.00543	0.00543	0.00181	0.00845	0.00423	0.00242	0.00845
2	0.01237	0.13608	0.49797	0.13113	0.06113	0.01444	0.01827	0.01764	0.01206	0.03363	0.01022	0.01240	0.00756	0.00542	0.00524	0.00174	0.00783	0.00426	0.00256	0.00804
3	0.01471	0.65091	0.02862	0.01133	0.01578	0.02110	0.06794	0.01674	0.01146	0.01386	0.00842	0.01035	0.00767	0.00646	0.02848	0.00163	0.07123	0.00360	0.00251	0.00721
4	0.00696	0.00503	0.00658	0.00782	0.00826	0.00466	0.00525	0.00798	0.01109	0.01466	0.03326	0.74659	0.08537	0.01769	0.00727	0.00230	0.00329	0.01599	0.00531	0.00466
5	0.01217	0.01372	0.06237	0.14067	0.02697	0.01325	0.42552	0.01605	0.01229	0.01677	0.01294	0.07806	0.01132	0.00716	0.00813	0.01911	0.08691	0.02659	0.00302	0.00697
6	0.01447	0.52227	0.20245	0.01170	0.01710	0.04233	0.01251	0.04192	0.01223	0.01534	0.00897	0.01060	0.00765	0.00659	0.03183	0.00170	0.02661	0.00358	0.00259	0.00756
7	0.02340	0.00981	0.01293	0.01018	0.01430	0.00890	0.00831	0.02722	0.09978	0.64207	0.06329	0.02096	0.01673	0.00741	0.00581	0.00179	0.00471	0.00609	0.00689	0.00942
8	0.01200	0.02884	0.74099	0.01607	0.02438	0.01310	0.02066	0.01848	0.01224	0.04621	0.01073	0.01235	0.00750	0.00550	0.00545	0.00181	0.00832	0.00428	0.00259	0.00850
9	0.04478	0.01185	0.01801	0.41691	0.23021	0.03352	0.01485	0.04661	0.03475	0.07683	0.01172	0.01505	0.00884	0.00575	0.00561	0.00182	0.00699	0.00507	0.00325	0.00757
10	0.01336	0.01116	0.01759	0.15531	0.29542	0.01169	0.04826	0.01831	0.11428	0.07749	0.01771	0.05831	0.02985	0.00784	0.00613	0.00194	0.00618	0.09736	0.00400	0.00781
11	0.00782	0.00568	0.00737	0.00728	0.00846	0.00523	0.00533	0.01014	0.01505	0.02101	0.58929	0.18563	0.08430	0.01300	0.00685	0.00190	0.00283	0.01154	0.00606	0.00523
12	0.01034	0.00767	0.00982	0.01090	0.06965	0.00775	0.00725	0.13316	0.01394	0.01887	0.05277	0.47179	0.02954	0.06770	0.00833	0.00236	0.00430	0.04529	0.02272	0.00584
13	0.01103	0.07638	0.07121	0.00983	0.01223	0.00948	0.00841	0.13359	0.01460	0.01942	0.08880	0.27374	0.06734	0.04593	0.00753	0.00221	0.00481	0.13241	0.00491	0.00616
14	0.01288	0.31411	0.49714	0.01390	0.02105	0.01673	0.01696	0.01775	0.01191	0.01640	0.00941	0.01101	0.00728	0.00524	0.00478	0.00159	0.00759	0.00380	0.00243	0.00804
15	0.01266	0.01355	0.04135	0.13787	0.08198	0.07634	0.19691	0.01571	0.01158	0.01574	0.01082	0.01527	0.00909	0.01169	0.11719	0.00300	0.18987	0.00550	0.02710	0.00677
16	0.05805	0.01522	0.01455	0.10381	0.04957	0.18803	0.01033	0.21605	0.06213	0.07428	0.05073	0.05823	0.03875	0.00749	0.00561	0.00174	0.00656	0.00590	0.02534	0.00762
17	0.01248	0.05762	0.33388	0.15182	0.24567	0.01381	0.06997	0.01733	0.01233	0.01748	0.01038	0.01333	0.00795	0.00531	0.00556	0.00177	0.00780	0.00475	0.00260	0.00817
18	0.00702	0.00504	0.00666	0.00787	0.00829	0.00469	0.00529	0.00811	0.01126	0.01502	0.06688	0.73929	0.05833	0.01753	0.00726	0.00229	0.00328	0.01587	0.00536	0.00469
19	0.01920	0.02268	0.01704	0.01694	0.10610	0.52506	0.01186	0.05741	0.05757	0.01619	0.01000	0.01180	0.00828	0.00638	0.00670	0.00165	0.09056	0.00422	0.00319	0.00717
20	0.01286	0.04085	0.01917	0.22795	0.06564	0.09609	0.13698	0.01564	0.01177	0.01555	0.01149	0.05401	0.01014	0.02686	0.00908	0.00203	0.17332	0.00579	0.05824	0.00656
21	0.02212	0.01025	0.01299	0.01045	0.01446	0.00979	0.00847	0.02792	0.20487	0.55078	0.04877	0.02077	0.01641	0.00742	0.00580	0.00181	0.00470	0.00610	0.00673	0.00941
22	0.01397	0.01326	0.02177	0.07499	0.64227	0.01361	0.01655	0.01876	0.09215	0.01902	0.01207	0.01499	0.00988	0.00542	0.00568	0.00174	0.00660	0.00524	0.00313	0.00891
23	0.01271	0.07151	0.34247	0.01807	0.09168	0.01357	0.17738	0.07439	0.01359	0.01897	0.01435	0.06767	0.04460	0.00660	0.00584	0.00182	0.00764	0.00603	0.00315	0.00795
24	0.06756	0.23680	0.41877	0.01388	0.04160	0.01528	0.01568	0.01837	0.01219	0.07663	0.01093	0.01296	0.00840	0.00564	0.00492	0.00166	0.00715	0.02058	0.00294	0.00805
25	0.00697	0.00498	0.00664	0.00796	0.00830	0.00465	0.00531	0.00796	0.01095	0.01460	0.03153	0.79525	0.03783	0.01792	0.00730	0.00232	0.00332	0.01626	0.00531	0.00465
26	0.01223	0.20615	0.45324	0.01547	0.06932	0.01484	0.03477	0.01701	0.01182	0.01661	0.01064	0.02916	0.00863	0.00850	0.06613	0.00226	0.00826	0.00448	0.00257	0.00787
27	0.01318	0.01315	0.02430	0.27304	0.13615	0.01391	0.30032	0.07406	0.01359	0.01832	0.01148	0.03292	0.00910	0.00580	0.00661	0.00190	0.03563	0.00600	0.00304	0.00750
28	0.01123	0.01096	0.01940	0.65385	0.03720	0.01313	0.11361	0.01508	0.01161	0.01508	0.01026	0.01517	0.00776	0.00576	0.00635	0.00193	0.03718	0.00530	0.00259	0.00653
29	0.01229	0.06017	0.65964	0.01526	0.02300	0.01304	0.01920	0.01830	0.01249	0.06107	0.04531	0.01378	0.00979	0.00579	0.00544	0.00178	0.00788	0.00455	0.00286	0.00834
30	0.01336	0.03631	0.35129	0.10919	0.24027	0.07324	0.03999	0.03782	0.01304	0.01797	0.01038	0.01300	0.00794	0.00541	0.00553	0.00175	0.00796	0.00461	0.00270	0.00824
31	0.03457	0.06966	0.57268	0.01434	0.02145	0.01286	0.01755	0.01819	0.03829	0.05668	0.05078	0.01578	0.04021	0.00624	0.00543	0.00178	0.00738	0.00490	0.00311	0.00812
32	0.00733	0.00583	0.00621	0.00635	0.00813	0.00497	0.00477	0.00880	0.01289	0.03265	0.05300	0.13503	0.63194	0.01475	0.00685	0.00200	0.00310	0.04511	0.00535	0.00494
33	0.03456	0.03154	0.15319	0.03774	0.01688	0.04702	0.01095	0.10367	0.06695	0.30107	0.03574	0.03773	0.08226	0.00763	0.00572	0.00179	0.00578	0.00613	0.00524	0.00841
34	0.01757	0.01120	0.07027	0.03489	0.12103	0.00944	0.02665	0.04723	0.03205	0.34643	0.10475	0.08344	0.05275	0.00831	0.00602	0.00183	0.00518	0.00718	0.00553	0.00828
35	0.02566	0.00973	0.01327	0.01018	0.01460	0.00841	0.00841	0.02788	0.01637	0.76726	0.02257	0.01947	0.01416	0.00708	0.00575	0.00177	0.00487	0.00575	0.00708	0.00973
36	0.01495	0.01210	0.01362	0.07007	0.03610	0.06834	0.00963	0.27218	0.01661	0.02267	0.01426	0.05179	0.01216	0.03245	0.15427	0.00328	0.07851	0.00580	0.10406	0.00713
37	0.01661	0.05191	0.05550	0.03361	0.01524	0.01237	0.00955	0.31038	0.01839	0.12301	0.04282	0.11653	0.01635	0.01133	0.06679	0.00238	0.00622	0.02638	0.05675	0.00789
38	0.01330	0.01229	0.02010	0.35946	0.38959	0.01354	0.01630	0.07380	0.01343	0.01829	0.01074	0.01460	0.00849	0.00551	0.00569	0.00179	0.00712	0.00509	0.00293	0.00794
39	0.01238	0.01302	0.02417	0.03533	0.02202	0.01460	0.36036	0.01550	0.01114	0.01590	0.01053	0.01527	0.00896	0.01174	0.11168	0.00309	0.29878	0.00599	0.00276	0.00680
40	0.01208	0.04427	0.46183	0.01678	0.04441	0.01293	0.13314	0.01716	0.01216	0.04385	0.01287	0.09283	0.01091	0.00691	0.00657	0.00190	0.05262	0.00595	0.00297	0.00785
41	0.04239	0.01606	0.12325	0.04731	0.39935	0.01407	0.14090	0.08852	0.03592	0.02051	0.01138	0.01413	0.00893	0.00537	0.00576	0.00177	0.00733	0.00524	0.00317	0.00864
42	0.00765	0.00574	0.00786	0.06977	0.01134	0.00564	0.00676	0.00920	0.01155	0.01512	0.03178	0.54381	0.09392	0.01630	0.00724	0.00231	0.00397	0.14006	0.00508	0.00491
43	0.03278	0.02609	0.59960	0.01854	0.08352	0.01344	0.11023	0.01806	0.01227	0.01838	0.01041	0.01259	0.00754	0.00533	0.00557	0.00182	0.00837	0.00458	0.00254	0.00835
44	0.07494	0.08294	0.42470	0.05961	0.12713	0.06375	0.01696	0.01756	0.01218	0.01780	0.02252	0.01266	0.00832	0.00589	0.00568	0.02493	0.00762	0.00431	0.00267	0.00783

[dist]
# distance from previous block
# <min> <max>
0	4

[block]
# block no. 3 follows, 41 sequences, length 93
# corresponding to MSA columns:
# 313-405
name=unknown_D
#
# <colnr> <probs for GDERKNQSTAVLIFYWHMCP>
#	G	D	E	R	K	N	Q	S	T	A	V	L	I	F	Y	W	H	M	C	P
0	0.02266	0.01070	0.03320	0.01050	0.01467	0.00964	0.00872	0.05155	0.13022	0.57607	0.02186	0.02011	0.01461	0.04000	0.00672	0.00195	0.00499	0.00591	0.00656	0.00933
1	0.01945	0.02188	0.01772	0.03568	0.10786	0.46117	0.04262	0.13325	0.07181	0.01888	0.01104	0.01245	0.00874	0.00604	0.00543	0.00160	0.00875	0.00445	0.00356	0.00762
2	0.04507	0.01111	0.10323	0.12641	0.01683	0.02660	0.00984	0.05819	0.04405	0.09537	0.09632	0.25820	0.02368	0.03403	0.00692	0.00210	0.00523	0.02557	0.00469	0.00654
3	0.03049	0.26906	0.18032	0.01423	0.08473	0.11482	0.01265	0.03697	0.09265	0.04282	0.02632	0.01397	0.02306	0.00695	0.02649	0.00179	0.00712	0.00446	0.00330	0.00780
4	0.00709	0.00505	0.00658	0.00775	0.00809	0.00473	0.00511	0.00800	0.01075	0.01429	0.03088	0.70687	0.05316	0.09107	0.00933	0.00262	0.00352	0.01542	0.00514	0.00454
5	0.02029	0.00942	0.01207	0.00975	0.01338	0.00874	0.00787	0.07009	0.07779	0.48555	0.13573	0.04755	0.05863	0.00852	0.00600	0.00181	0.00446	0.00710	0.00663	0.00862
6	0.01820	0.01341	0.01565	0.04593	0.07633	0.01455	0.01054	0.50061	0.02196	0.05548	0.01681	0.15243	0.01472	0.00864	0.00600	0.00183	0.00581	0.00713	0.00533	0.00863
7	0.01287	0.01430	0.03056	0.07963	0.02903	0.01375	0.62973	0.01740	0.01300	0.01764	0.01177	0.01598	0.00905	0.00793	0.06806	0.00251	0.00995	0.00658	0.00288	0.00741
8	0.02156	0.01000	0.04418	0.00994	0.01395	0.00829	0.00843	0.04420	0.01645	0.57124	0.16450	0.02350	0.02144	0.00790	0.00593	0.00178	0.00464	0.00656	0.00669	0.00884
9	0.08319	0.01290	0.03597	0.35450	0.10007	0.07357	0.01307	0.08379	0.05494	0.08198	0.01395	0.01632	0.03908	0.00631	0.00553	0.00181	0.00680	0.00520	0.00365	0.00737
10	0.01265	0.02023	0.29716	0.01968	0.02573	0.03636	0.37820	0.01764	0.01260	0.01762	0.01137	0.03442	0.00894	0.00661	0.02466	0.00209	0.05770	0.00587	0.00276	0.00772
11	0.00693	0.00574	0.00608	0.00613	0.00787	0.00488	0.00455	0.00849	0.01324	0.01626	0.13792	0.11265	0.62066	0.01443	0.00680	0.00195	0.00291	0.01220	0.00543	0.00488
12	0.06127	0.09479	0.46922	0.04726	0.08162	0.09448	0.01741	0.03873	0.01280	0.01811	0.00991	0.01181	0.00744	0.00545	0.00518	0.00171	0.00798	0.00413	0.00267	0.00803
13	0.01506	0.41276	0.22692	0.01344	0.01906	0.13526	0.07148	0.01837	0.01260	0.01518	0.00900	0.01063	0.00743	0.00519	0.00462	0.00148	0.00767	0.00376	0.00255	0.00756
14	0.00845	0.00541	0.00711	0.00800	0.00876	0.00496	0.00549	0.00957	0.01152	0.07469	0.03253	0.68532	0.08288	0.01683	0.00714	0.00225	0.00341	0.01515	0.00545	0.00506
15	0.01467	0.01369	0.02256	0.05434	0.68358	0.01390	0.01697	0.07543	0.01409	0.01996	0.01098	0.01415	0.00907	0.00525	0.00567	0.00171	0.00678	0.00510	0.00305	0.00904
16	0.00847	0.00683	0.00943	0.01084	0.06923	0.00728	0.00707	0.00964	0.01071	0.01463	0.03961	0.50039	0.05876	0.09718	0.01103	0.00261	0.11393	0.01268	0.00454	0.00512
17	0.01080	0.01027	0.01842	0.21174	0.12192	0.01071	0.18695	0.01389	0.01227	0.01660	0.07550	0.17922	0.01906	0.04051	0.00770	0.00214	0.02739	0.02480	0.00363	0.00647
18	0.00750	0.00543	0.00701	0.00742	0.00829	0.00502	0.00522	0.00924	0.01330	0.01820	0.35361	0.38750	0.09217	0.04327	0.00781	0.00218	0.00310	0.01309	0.00568	0.00495
19	0.01330	0.05026	0.16248	0.21218	0.31602	0.06170	0.05011	0.01760	0.03047	0.01717	0.01062	0.01381	0.00837	0.00541	0.00557	0.00175	0.00758	0.00486	0.00275	0.00799
20	0.03546	0.11418	0.51771	0.03903	0.06809	0.01423	0.07617	0.01765	0.01222	0.01787	0.03004	0.01297	0.00871	0.00547	0.00534	0.00175	0.00789	0.00450	0.00262	0.00810
21	0.01166	0.01160	0.02134	0.46398	0.11463	0.01279	0.19685	0.01556	0.01223	0.01608	0.01285	0.01793	0.03603	0.00601	0.00607	0.00191	0.00780	0.02492	0.00283	0.00691
22	0.07842	0.60459	0.15896	0.01076	0.01618	0.02022	0.01151	0.01728	0.01156	0.01523	0.00836	0.00970	0.00723	0.00502	0.00397	0.00137	0.00640	0.00327	0.00253	0.00745
23	0.01294	0.04023	0.22553	0.09726	0.13858	0.03233	0.24644	0.03220	0.01297	0.01801	0.03859	0.01485	0.00983	0.00572	0.00662	0.00185	0.04986	0.00549	0.00287	0.00782
24	0.03387	0.07259	0.50859	0.01912	0.17390	0.01372	0.01853	0.01805	0.03318	0.01844	0.03151	0.01337	0.00919	0.00557	0.00537	0.00175	0.00759	0.00454	0.00274	0.00838
25	0.00735	0.00605	0.00696	0.05024	0.00986	0.00544	0.00544	0.00919	0.01345	0.01683	0.18367	0.08184	0.52609	0.01367	0.00677	0.00195	0.00324	0.04159	0.00534	0.00503
26	0.01901	0.03950	0.07440	0.01109	0.01521	0.01064	0.04013	0.14201	0.03786	0.35131	0.12628	0.02227	0.03198	0.04352	0.00692	0.00194	0.00531	0.00639	0.00580	0.00844
27	0.05785	0.01209	0.01536	0.04286	0.01703	0.04352	0.06760	0.16183	0.05324	0.39198	0.06284	0.01854	0.01453	0.00699	0.00576	0.00178	0.00569	0.00580	0.00586	0.00885
28	0.03863	0.01027	0.01258	0.01038	0.01387	0.01013	0.00839	0.18909	0.04852	0.35749	0.08360	0.11164	0.02022	0.00915	0.00608	0.00188	0.00484	0.04856	0.00626	0.00842
29	0.01314	0.01497	0.08985	0.10355	0.07053	0.01330	0.47512	0.01760	0.01291	0.04752	0.01201	0.01578	0.00914	0.00811	0.06781	0.00248	0.00943	0.00618	0.00299	0.00758
30	0.01729	0.09234	0.03186	0.01086	0.01458	0.01365	0.00910	0.30092	0.11183	0.12095	0.10403	0.02026	0.03089	0.02686	0.03300	0.00205	0.00558	0.00601	0.03966	0.00829
31	0.05034	0.01120	0.01349	0.01078	0.01473	0.01113	0.00874	0.22194	0.06771	0.41639	0.02058	0.09497	0.01525	0.00809	0.00583	0.00182	0.00507	0.00659	0.00632	0.00906
32	0.00697	0.00498	0.00664	0.00796	0.00830	0.00465	0.00531	0.00796	0.01095	0.01460	0.03153	0.79525	0.03783	0.01792	0.00730	0.00232	0.00332	0.01626	0.00531	0.00465
33	0.01915	0.04633	0.01577	0.03889	0.01673	0.01503	0.00998	0.45856	0.09414	0.10841	0.04326	0.05649	0.01396	0.00856	0.02629	0.00196	0.00597	0.00604	0.00556	0.00890
34	0.01158	0.01013	0.04465	0.01476	0.11429	0.00931	0.10932	0.10171	0.01385	0.04787	0.03433	0.38057	0.04108	0.02987	0.00716	0.00213	0.00531	0.01084	0.00462	0.00662
35	0.01345	0.01277	0.02165	0.06299	0.67409	0.01284	0.01651	0.01667	0.01280	0.01820	0.01239	0.07650	0.01130	0.00614	0.00580	0.00176	0.00655	0.00599	0.00302	0.00860
36	0.01176	0.06151	0.51778	0.01472	0.02142	0.01251	0.06318	0.01772	0.04354	0.03905	0.12638	0.01744	0.01513	0.00647	0.00566	0.00179	0.00727	0.00540	0.00331	0.00794
37	0.01377	0.24927	0.23410	0.06221	0.01852	0.01519	0.01275	0.10368	0.02892	0.04987	0.01740	0.02985	0.10913	0.00709	0.00550	0.00167	0.02454	0.00541	0.00353	0.00761
38	0.04633	0.04973	0.68785	0.01544	0.02328	0.01321	0.01959	0.01765	0.01192	0.01817	0.01090	0.04114	0.00835	0.00588	0.00537	0.00181	0.00803	0.00460	0.00257	0.00818
39	0.00739	0.00555	0.00685	0.00741	0.00848	0.00505	0.00538	0.00899	0.01277	0.01673	0.19072	0.34868	0.23945	0.03341	0.00759	0.00221	0.00331	0.07969	0.00547	0.00488
40	0.01499	0.28595	0.31669	0.01392	0.03874	0.12799	0.01461	0.07617	0.01375	0.01735	0.01055	0.01192	0.02302	0.00561	0.00486	0.00156	0.00761	0.00401	0.00284	0.00786
41	0.01376	0.01359	0.02145	0.14079	0.56716	0.05663	0.03335	0.01706	0.01299	0.01769	0.01257	0.01585	0.04046	0.00562	0.00571	0.00173	0.00702	0.00535	0.00290	0.00832
42	0.01007	0.00733	0.00961	0.01053	0.02880	0.00743	0.00826	0.09945	0.01406	0.01858	0.02825	0.31068	0.03126	0.01520	0.00738	0.00239	0.00475	0.37501	0.00528	0.00568
43	0.03341	0.01169	0.04596	0.38978	0.27184	0.01236	0.01524	0.01581	0.03319	0.01709	0.04365	0.01864	0.02868	0.00637	0.00578	0.00185	0.00681	0.03151	0.00307	0.00728
44	0.02819	0.06933	0.05235	0.05777	0.04638	0.13665	0.11011	0.10881	0.05433	0.09893	0.07358	0.01957	0.07364	0.00725	0.00626	0.00176	0.03731	0.00599	0.00423	0.00756
45	0.04902	0.16471	0.50449	0.01457	0.04153	0.03126	0.01685	0.01716	0.01192	0.01726	0.01143	0.07392	0.00971	0.00633	0.00518	0.00173	0.00744	0.00494	0.00273	0.00783
46	0.00758	0.00549	0.00725	0.00837	0.00911	0.00519	0.00618	0.00907	0.01183	0.01556	0.06224	0.51017	0.09423	0.03159	0.00780	0.00241	0.00379	0.19202	0.00530	0.00482
47	0.01381	0.00970	0.05334	0.02277	0.08057	0.00858	0.00895	0.05026	0.06927	0.18786	0.11646	0.13119	0.07569	0.05551	0.00770	0.00218	0.00479	0.08892	0.00536	0.00710
48	0.01383	0.01658	0.10991	0.05463	0.33889	0.15546	0.03504	0.01706	0.01354	0.01729	0.04155	0.03505	0.06693	0.00714	0.00586	0.00178	0.00719	0.05137	0.00329	0.00762
49	0.01380	0.01318	0.02245	0.08988	0.69265	0.01336	0.01724	0.01721	0.01291	0.01835	0.01116	0.01539	0.00950	0.00539	0.00572	0.00174	0.00682	0.02162	0.00287	0.00877
50	0.01924	0.08021	0.01656	0.01253	0.01634	0.19945	0.01011	0.36021	0.12698	0.02609	0.01454	0.01479	0.02438	0.00674	0.00537	0.00164	0.00675	0.00496	0.04474	0.00839
51	0.01248	0.12141	0.52424	0.01901	0.15089	0.01453	0.04428	0.01790	0.01223	0.01765	0.01011	0.01219	0.00762	0.00529	0.00530	0.00172	0.00792	0.00432	0.00251	0.00840
52	0.01222	0.04101	0.66482	0.01556	0.02335	0.01347	0.01946	0.07571	0.01342	0.01966	0.04163	0.01343	0.00938	0.00580	0.00548	0.00179	0.00800	0.00453	0.00284	0.00841
53	0.01970	0.00838	0.01138	0.00932	0.01263	0.00741	0.00747	0.02191	0.01560	0.51725	0.18025	0.08643	0.02454	0.01041	0.03807	0.00213	0.00472	0.00758	0.00660	0.00821
54	0.02146	0.07176	0.08197	0.04002	0.01662	0.01138	0.01015	0.12880	0.03168	0.46220	0.01904	0.05090	0.01325	0.00717	0.00563	0.00176	0.00551	0.00577	0.00585	0.00908
55	0.01243	0.01197	0.01518	0.05202	0.29937	0.10734	0.01144	0.01577	0.05794	0.01794	0.11657	0.14086	0.05045	0.00974	0.02464	0.00200	0.00600	0.02031	0.02096	0.00706
56	0.01115	0.00794	0.00944	0.00930	0.02409	0.00796	0.00706	0.01666	0.19776	0.09261	0.14514	0.13860	0.19294	0.01211	0.00662	0.00204	0.00390	0.10242	0.00571	0.00655
57	0.01442	0.16163	0.24304	0.17661	0.02280	0.06610	0.01407	0.06155	0.01355	0.09402	0.01478	0.01619	0.06486	0.00636	0.00530	0.00170	0.00706	0.00496	0.00338	0.00762
58	0.01822	0.01325	0.01438	0.01161	0.01529	0.01451	0.00936	0.49462	0.10154	0.05121	0.01838	0.06799	0.04431	0.02721	0.02915	0.00208	0.00580	0.00642	0.04603	0.00863
59	0.04156	0.13921	0.56002	0.01533	0.02277	0.01452	0.06504	0.01830	0.01218	0.04571	0.01039	0.01205	0.00757	0.00537	0.00521	0.00173	0.00792	0.00424	0.00266	0.00821
60	0.00705	0.00522	0.00640	0.00729	0.00796	0.00478	0.00491	0.00806	0.01118	0.01445	0.03631	0.54985	0.20329	0.09374	0.00932	0.00255	0.00344	0.01451	0.00513	0.00457
61	0.01277	0.01603	0.17785	0.22019	0.31367	0.01328	0.06319	0.04410	0.02666	0.01816	0.01223	0.01535	0.02972	0.00569	0.00573	0.00180	0.00737	0.00524	0.00291	0.00806
62	0.01794	0.01444	0.04087	0.02556	0.01613	0.06444	0.01007	0.40839	0.08668	0.05969	0.01595	0.06926	0.01281	0.00997	0.05586	0.00225	0.02263	0.00600	0.05268	0.00839
63	0.01366	0.01322	0.02289	0.11312	0.59461	0.01346	0.07483	0.01754	0.03260	0.01834	0.01143	0.01544	0.00952	0.00540	0.00580	0.00176	0.00702	0.01782	0.00293	0.00860
64	0.07721	0.09930	0.16002	0.01201	0.01697	0.04561	0.01147	0.23919	0.01756	0.19242	0.03039	0.03399	0.02529	0.00679	0.00536	0.00171	0.00619	0.00519	0.00478	0.00855
65	0.01374	0.01632	0.10679	0.05339	0.09685	0.01431	0.48282	0.07569	0.01419	0.01946	0.01235	0.01558	0.02404	0.00541	0.00661	0.00189	0.02333	0.00621	0.00309	0.00794
66	0.00800	0.00735	0.04995	0.01098	0.07005	0.00614	0.02794	0.00964	0.01137	0.01530	0.02925	0.62623	0.06349	0.01568	0.00704	0.00222	0.00406	0.02512	0.00489	0.00531
67	0.00697	0.00498	0.00664	0.00796	0.00830	0.00465	0.00531	0.00796	0.01095	0.01460	0.03153	0.79525	0.03783	0.01792	0.00730	0.00232	0.00332	0.01626	0.00531	0.00465
68	0.01449	0.21894	0.07131	0.07356	0.01750	0.12995	0.03978	0.10571	0.06161	0.01780	0.01530	0.13399	0.03058	0.00921	0.03419	0.00197	0.00694	0.00637	0.00369	0.00709
69	0.01261	0.02103	0.43170	0.03073	0.08291	0.01193	0.06367	0.01843	0.06063	0.08083	0.05659	0.01882	0.07138	0.00672	0.00577	0.00183	0.00707	0.00571	0.00353	0.00811
70	0.02447	0.00996	0.01318	0.01022	0.01453	0.00890	0.00841	0.05417	0.04773	0.68632	0.02331	0.02039	0.03625	0.00732	0.00578	0.00178	0.00485	0.00595	0.00692	0.00956
71	0.02089	0.08876	0.01734	0.01429	0.01744	0.69347	0.01095	0.04375	0.01616	0.01461	0.00892	0.01033	0.00744	0.00584	0.00506	0.00146	0.00986	0.00368	0.00299	0.00678
72	0.01286	0.10933	0.47857	0.01871	0.11045	0.04614	0.10961	0.01816	0.01249	0.01753	0.01018	0.01235	0.00765	0.00528	0.00542	0.00174	0.00823	0.00450	0.00255	0.00824
73	0.01059	0.02955	0.00888	0.00762	0.00946	0.00656	0.00578	0.01336	0.04450	0.11368	0.46725	0.05887	0.11469	0.07401	0.00830	0.00211	0.00340	0.00958	0.00591	0.00591
74	0.00855	0.00596	0.00753	0.00731	0.00881	0.00541	0.00553	0.01084	0.01498	0.05217	0.49330	0.11384	0.18066	0.01280	0.00682	0.00191	0.00302	0.04915	0.00600	0.00540
75	0.01426	0.01370	0.06803	0.14695	0.31276	0.04894	0.10427	0.01781	0.01361	0.09643	0.09331	0.01783	0.01400	0.00615	0.00589	0.00178	0.00691	0.00581	0.00359	0.00797
76	0.01284	0.01259	0.02244	0.30812	0.39790	0.01339	0.11627	0.01658	0.01251	0.01715	0.01065	0.01473	0.00848	0.00529	0.00583	0.00181	0.00749	0.00532	0.00273	0.00789
77	0.01350	0.01543	0.03375	0.02411	0.02989	0.01446	0.74253	0.01832	0.01350	0.01832	0.01157	0.01543	0.00868	0.00482	0.00675	0.00193	0.00964	0.00675	0.00289	0.00771
78	0.01225	0.12867	0.58775	0.04269	0.05186	0.01425	0.01877	0.01787	0.01220	0.03151	0.02561	0.01265	0.00843	0.00552	0.00525	0.00173	0.00787	0.00429	0.00261	0.00822
79	0.07514	0.02582	0.00952	0.00821	0.01068	0.00757	0.00638	0.01617	0.06937	0.20509	0.18871	0.13861	0.17883	0.01164	0.02059	0.00203	0.00395	0.00930	0.00576	0.00663
80	0.01200	0.02633	0.62521	0.01629	0.05083	0.01344	0.01914	0.01998	0.12598	0.01903	0.01228	0.01358	0.00888	0.00578	0.00550	0.00183	0.00779	0.00460	0.00295	0.00857
81	0.00708	0.00550	0.00644	0.00686	0.00809	0.00486	0.00489	0.00858	0.01282	0.01647	0.17302	0.33017	0.36425	0.01528	0.00696	0.00205	0.00302	0.01333	0.00549	0.00486
82	0.01277	0.01602	0.12807	0.12961	0.11888	0.01403	0.39219	0.01723	0.01256	0.01742	0.01089	0.01472	0.00840	0.00608	0.02058	0.00205	0.06225	0.00584	0.00275	0.00764
83	0.10249	0.08605	0.34599	0.03202	0.03120	0.08230	0.03518	0.08806	0.01406	0.09325	0.01180	0.01384	0.00881	0.00597	0.00523	0.00174	0.00735	0.02313	0.00345	0.00806
84	0.00697	0.00498	0.00664	0.00796	0.00830	0.00465	0.00531	0.00796	0.01095	0.01460	0.03153	0.79525	0.03783	0.01792	0.00730	0.00232	0.00332	0.01626	0.00531	0.00465
85	0.01229	0.01244	0.02320	0.39426	0.17590	0.01354	0.22908	0.01624	0.01227	0.01646	0.01061	0.01501	0.00821	0.00546	0.00640	0.00189	0.03118	0.00557	0.00270	0.00727
86	0.03288	0.01554	0.09033	0.17953	0.19331	0.08654	0.07162	0.12199	0.01521	0.09760	0.01332	0.01540	0.02899	0.00603	0.00569	0.00177	0.00726	0.00523	0.00368	0.00809
87	0.07074	0.04420	0.20715	0.01230	0.04726	0.01046	0.01155	0.04665	0.01434	0.31936	0.06222	0.09713	0.01606	0.00776	0.00566	0.00181	0.00565	0.00639	0.00503	0.00828
88	0.00729	0.00582	0.00655	0.00670	0.00822	0.00518	0.00490	0.00932	0.03461	0.01704	0.19389	0.20580	0.44543	0.01444	0.00684	0.00199	0.00299	0.01243	0.00553	0.00503
89	0.04069	0.01428	0.12841	0.10882	0.17492	0.01197	0.23265	0.01578	0.01248	0.01768	0.03358	0.10840	0.01398	0.00754	0.00651	0.01732	0.00729	0.03719	0.00326	0.00727
90	0.06885	0.08926	0.42694	0.09827	0.06012	0.01394	0.04928	0.04808	0.02575	0.01895	0.04149	0.01373	0.00960	0.00573	0.00533	0.00177	0.00746	0.00463	0.00291	0.00791
91	0.01376	0.01396	0.05366	0.09922	0.67002	0.01350	0.01756	0.01732	0.01285	0.01831	0.01069	0.01416	0.00886	0.00516	0.00566	0.00172	0.00694	0.00506	0.00279	0.00880
92	0.01213	0.05513	0.64065	0.01599	0.02374	0.01339	0.06022	0.01855	0.03324	0.03987	0.02814	0.01334	0.00889	0.00564	0.00549	0.00180	0.00809	0.00457	0.00276	0.00836

[dist]
# distance from previous block
# <min> <max>
0	1

[block]
# block no. 4 follows, 41 sequences, length 41
# corresponding to MSA columns:
# 407-410,414-450
name=unknown_E
#
# <colnr> <probs for GDERKNQSTAVLIFYWHMCP>
#	G	D	E	R	K	N	Q	S	T	A	V	L	I	F	Y	W	H	M	C	P
0	0.01269	0.14152	0.59372	0.01559	0.03303	0.01493	0.03356	0.05869	0.01288	0.01845	0.01015	0.01184	0.00745	0.00542	0.00522	0.00172	0.00799	0.00417	0.00262	0.00835
1	0.00706	0.00516	0.00655	0.00755	0.00813	0.00475	0.00509	0.00815	0.01136	0.01495	0.06972	0.62132	0.13685	0.05443	0.00824	0.00240	0.00334	0.01502	0.00527	0.00465
2	0.03820	0.02133	0.44955	0.05642	0.02196	0.01181	0.04147	0.03763	0.01330	0.18686	0.01428	0.05791	0.01062	0.00653	0.00563	0.00184	0.00719	0.00537	0.00376	0.00836
3	0.01143	0.07831	0.11772	0.14268	0.01750	0.01012	0.01020	0.02944	0.05397	0.07472	0.20669	0.05189	0.10214	0.04082	0.00693	0.00198	0.00519	0.02713	0.00453	0.00660
4	0.01769	0.01272	0.01391	0.01130	0.01459	0.01385	0.00889	0.49119	0.05073	0.05030	0.01711	0.10799	0.01519	0.13624	0.00969	0.00242	0.00572	0.00701	0.00535	0.00810
5	0.01263	0.01204	0.01301	0.02525	0.06996	0.16345	0.06058	0.03919	0.03576	0.04185	0.13112	0.20229	0.07517	0.01103	0.00648	0.00195	0.00577	0.08154	0.00466	0.00627
6	0.03529	0.03660	0.09054	0.05743	0.07892	0.08040	0.04043	0.04247	0.19315	0.17566	0.03456	0.01972	0.01404	0.00707	0.00568	0.00181	0.00610	0.04166	0.03024	0.00823
7	0.01050	0.01020	0.09555	0.01153	0.01409	0.00826	0.08802	0.02836	0.07555	0.05950	0.04520	0.37021	0.02739	0.01294	0.00686	0.00218	0.00509	0.11739	0.00490	0.00627
8	0.01239	0.01220	0.02172	0.39811	0.21390	0.01338	0.16228	0.01709	0.05952	0.01696	0.01143	0.01541	0.00882	0.00552	0.00592	0.00186	0.00763	0.00551	0.00289	0.00747
9	0.01363	0.01456	0.08117	0.03156	0.61660	0.01323	0.06391	0.01733	0.01299	0.01853	0.01187	0.01690	0.01023	0.00571	0.00584	0.00177	0.00702	0.04550	0.00294	0.00871
10	0.01377	0.00889	0.01025	0.00938	0.01163	0.03868	0.00711	0.07453	0.11311	0.17488	0.17667	0.26553	0.04850	0.01161	0.00645	0.00196	0.00418	0.01008	0.00588	0.00692
11	0.01364	0.10524	0.50103	0.01744	0.10238	0.12913	0.01809	0.01867	0.01276	0.01709	0.00987	0.01174	0.00747	0.00541	0.00524	0.00169	0.00832	0.00412	0.00254	0.00813
12	0.03145	0.03807	0.47521	0.03464	0.02420	0.03471	0.16219	0.01843	0.01274	0.06169	0.02284	0.01512	0.00939	0.00582	0.00573	0.00184	0.00820	0.02669	0.00297	0.00807
13	0.03785	0.05897	0.62652	0.01645	0.03909	0.05325	0.05405	0.01828	0.01229	0.01797	0.01010	0.01199	0.00733	0.00540	0.00536	0.00177	0.00835	0.00426	0.00251	0.00822
14	0.01370	0.01410	0.06132	0.10485	0.65677	0.01349	0.01758	0.01731	0.01283	0.01827	0.01068	0.01415	0.00883	0.00517	0.00566	0.00172	0.00696	0.00505	0.00278	0.00877
15	0.00707	0.00509	0.00670	0.00782	0.00830	0.00472	0.00528	0.00824	0.01151	0.01541	0.10016	0.69899	0.06508	0.01722	0.00723	0.00226	0.00325	0.01556	0.00540	0.00472
16	0.01385	0.01558	0.12020	0.06780	0.61212	0.01362	0.01776	0.03721	0.01320	0.01889	0.01075	0.01393	0.00877	0.00522	0.00564	0.00172	0.00704	0.00498	0.00284	0.00887
17	0.01062	0.01068	0.09404	0.00976	0.01261	0.03840	0.04901	0.06472	0.01569	0.04666	0.38964	0.05489	0.15937	0.01052	0.00645	0.00182	0.00441	0.00912	0.00534	0.00625
18	0.01943	0.00991	0.01240	0.01037	0.01387	0.00967	0.00842	0.08471	0.15102	0.40509	0.09178	0.05327	0.02067	0.00880	0.00611	0.00190	0.00470	0.07282	0.00643	0.00861
19	0.01194	0.02611	0.60840	0.03908	0.13826	0.01336	0.04758	0.01795	0.01226	0.01812	0.01039	0.01260	0.00759	0.00537	0.00553	0.00180	0.00822	0.00448	0.00250	0.00846
20	0.04185	0.01196	0.03971	0.01363	0.05437	0.01093	0.10539	0.10572	0.05542	0.42957	0.05707	0.01884	0.01451	0.00684	0.00586	0.00179	0.00572	0.00594	0.00583	0.00905
21	0.01762	0.04639	0.19066	0.01683	0.09939	0.39771	0.01388	0.06101	0.07123	0.01739	0.01071	0.01213	0.00842	0.00587	0.00531	0.00162	0.00873	0.00423	0.00317	0.00769
22	0.00697	0.00498	0.00664	0.00796	0.00830	0.00465	0.00531	0.00796	0.01095	0.01460	0.03153	0.79525	0.03783	0.01792	0.00730	0.00232	0.00332	0.01626	0.00531	0.00465
23	0.01238	0.02626	0.61727	0.01892	0.12489	0.01320	0.04529	0.01837	0.01240	0.04316	0.01079	0.01272	0.00777	0.00542	0.00552	0.00180	0.00815	0.00448	0.00264	0.00855
24	0.01348	0.01379	0.05294	0.11805	0.57623	0.01335	0.07141	0.01715	0.01285	0.01813	0.01126	0.01566	0.00944	0.00545	0.00580	0.00177	0.00713	0.02471	0.00285	0.00853
25	0.01294	0.01423	0.02964	0.17760	0.04649	0.01419	0.55659	0.01741	0.01292	0.01743	0.01114	0.01527	0.00844	0.00518	0.00692	0.00194	0.03513	0.00632	0.00281	0.00742
26	0.01885	0.01331	0.01357	0.01159	0.01521	0.09713	0.00915	0.05704	0.41519	0.25263	0.02108	0.01924	0.01502	0.00731	0.00572	0.00183	0.00534	0.00589	0.00589	0.00902
27	0.01005	0.00997	0.09415	0.04308	0.05601	0.00833	0.01034	0.03408	0.05482	0.01877	0.13698	0.11802	0.02991	0.01253	0.00700	0.00224	0.00520	0.33743	0.00491	0.00617
28	0.13784	0.16784	0.45490	0.01343	0.02016	0.01505	0.01586	0.05874	0.01259	0.04066	0.01004	0.01143	0.00744	0.00544	0.00485	0.00169	0.00719	0.00394	0.00291	0.00802
29	0.00994	0.00497	0.00745	0.00745	0.00745	0.00497	0.00497	0.00745	0.00745	0.00994	0.00994	0.01739	0.00994	0.01987	0.02235	0.83358	0.00497	0.00497	0.00248	0.00248
30	0.00712	0.00514	0.00671	0.00792	0.00840	0.00479	0.00542	0.00821	0.01115	0.01471	0.03291	0.68469	0.08621	0.03748	0.00785	0.00240	0.00346	0.05551	0.00526	0.00466
31	0.01221	0.00750	0.00995	0.03275	0.01184	0.00702	0.03269	0.06119	0.01447	0.17001	0.14938	0.26123	0.18180	0.01245	0.00661	0.00198	0.00400	0.01091	0.00568	0.00633
32	0.02505	0.01020	0.01350	0.01041	0.01480	0.00917	0.00858	0.07195	0.04078	0.69838	0.02205	0.01918	0.01399	0.00709	0.00575	0.00177	0.00494	0.00574	0.00696	0.00971
33	0.01345	0.01491	0.03148	0.06503	0.12844	0.01426	0.60793	0.01803	0.01333	0.01818	0.01139	0.01525	0.00868	0.00490	0.00655	0.00190	0.00916	0.00644	0.00287	0.00782
34	0.03929	0.10249	0.38508	0.01948	0.13157	0.01431	0.16968	0.01773	0.01250	0.01814	0.03080	0.01353	0.00906	0.00537	0.00554	0.00176	0.00793	0.00489	0.00272	0.00812
35	0.02989	0.05984	0.70686	0.01572	0.02384	0.01355	0.02008	0.01826	0.01210	0.03419	0.01039	0.01206	0.00738	0.00545	0.00533	0.00179	0.00819	0.00419	0.00254	0.00839
36	0.00742	0.00528	0.00702	0.00808	0.00862	0.00499	0.00567	0.00873	0.01164	0.01562	0.11111	0.59034	0.03817	0.05748	0.00844	0.00247	0.00359	0.09526	0.00532	0.00474
37	0.01448	0.01459	0.04049	0.03067	0.61286	0.07057	0.01632	0.03864	0.01357	0.01864	0.01179	0.01658	0.01025	0.00652	0.02103	0.00188	0.00718	0.04230	0.00304	0.00861
38	0.01408	0.01698	0.19967	0.08598	0.47297	0.01326	0.01761	0.03488	0.01319	0.06063	0.01133	0.01403	0.00882	0.00538	0.00562	0.00175	0.00713	0.00493	0.00302	0.00876
39	0.00710	0.00511	0.00674	0.00791	0.00840	0.00476	0.00539	0.00827	0.01142	0.01522	0.07736	0.69729	0.06754	0.01734	0.00726	0.00228	0.00332	0.03719	0.00537	0.00472
40	0.06328	0.01537	0.18430	0.03434	0.08691	0.01150	0.04821	0.05237	0.07931	0.34072	0.01680	0.01641	0.01139	0.00634	0.00561	0.00180	0.00615	0.00528	0.00497	0.00895

[dist]
# distance from previous block
# <min> <max>
11	15

[block]
# block no. 5 follows, 41 sequences, length 250
# corresponding to MSA columns:
# 466-715
name=unknown_F
#
# <colnr> <probs for GDERKNQSTAVLIFYWHMCP>
#	G	D	E	R	K	N	Q	S	T	A	V	L	I	F	Y	W	H	M	C	P
0	0.01451	0.59966	0.20742	0.01146	0.01717	0.03687	0.01254	0.01749	0.01183	0.01459	0.00853	0.00990	0.00732	0.00505	0.00413	0.00137	0.00677	0.00335	0.00245	0.00759
1	0.00815	0.00548	0.00629	0.00645	0.00649	0.00543	0.00369	0.00827	0.00864	0.01152	0.01969	0.13109	0.02290	0.70245	0.02642	0.00515	0.00527	0.00930	0.00369	0.00361
2	0.03633	0.01221	0.01992	0.35605	0.32239	0.03286	0.06173	0.01641	0.02576	0.01697	0.01137	0.02976	0.00938	0.00584	0.00575	0.00183	0.00723	0.01782	0.00288	0.00751
3	0.03027	0.01055	0.01670	0.65453	0.06181	0.01291	0.01496	0.01653	0.09405	0.01605	0.01160	0.01575	0.00874	0.00591	0.00568	0.00190	0.00718	0.00519	0.00294	0.00675
4	0.00831	0.00591	0.00760	0.00714	0.00859	0.00541	0.00537	0.01090	0.01593	0.03608	0.68858	0.04331	0.11168	0.01184	0.00673	0.00181	0.00276	0.01040	0.00623	0.00543
5	0.01315	0.01252	0.02107	0.25940	0.52195	0.01335	0.01678	0.01709	0.03644	0.01763	0.01099	0.01472	0.00890	0.00537	0.00568	0.00177	0.00697	0.00514	0.00284	0.00825
6	0.01548	0.01365	0.02085	0.08289	0.45812	0.01424	0.04114	0.19327	0.03059	0.02285	0.04237	0.01549	0.01110	0.00588	0.00577	0.00174	0.00663	0.00541	0.00371	0.00882
7	0.00697	0.00498	0.00664	0.00796	0.00830	0.00465	0.00531	0.00796	0.01095	0.01460	0.03153	0.79525	0.03783	0.01792	0.00730	0.00232	0.00332	0.01626	0.00531	0.00465
8	0.00697	0.00498	0.00664	0.00796	0.00830	0.00465	0.00531	0.00796	0.01095	0.01460	0.03153	0.79525	0.03783	0.01792	0.00730	0.00232	0.00332	0.01626	0.00531	0.00465
9	0.05501	0.15168	0.01590	0.01034	0.01424	0.04657	0.00869	0.09962	0.08325	0.32327	0.07273	0.01938	0.04556	0.00730	0.00562	0.00169	0.01969	0.00565	0.00545	0.00837
10	0.01768	0.48880	0.10661	0.01076	0.01591	0.01793	0.01075	0.05381	0.01354	0.19752	0.01201	0.01220	0.00909	0.00557	0.00446	0.00144	0.00608	0.00394	0.00372	0.00815
11	0.00807	0.00584	0.00755	0.00713	0.00845	0.00539	0.00531	0.01064	0.01585	0.02235	0.71716	0.04289	0.07217	0.03719	0.00747	0.00192	0.00280	0.01033	0.00618	0.00532
12	0.01115	0.01207	0.07986	0.65703	0.10056	0.01283	0.01646	0.01516	0.01163	0.01525	0.01023	0.01489	0.00772	0.00564	0.00569	0.00188	0.00762	0.00501	0.00256	0.00676
13	0.01909	0.07895	0.01618	0.01165	0.01554	0.01564	0.00953	0.50681	0.05217	0.06783	0.01520	0.04169	0.01213	0.07935	0.00769	0.00205	0.00587	0.00572	0.02826	0.00864
14	0.01162	0.05153	0.73511	0.01625	0.02456	0.01357	0.03357	0.01809	0.01209	0.01798	0.01022	0.01205	0.00727	0.00541	0.00541	0.00180	0.00841	0.00424	0.00242	0.00841
15	0.00697	0.00498	0.00664	0.00796	0.00830	0.00465	0.00531	0.00796	0.01095	0.01460	0.03153	0.79525	0.03783	0.01792	0.00730	0.00232	0.00332	0.01626	0.00531	0.00465
16	0.00810	0.00795	0.07020	0.00790	0.01000	0.00613	0.00672	0.01095	0.03357	0.01913	0.34808	0.10079	0.27397	0.01272	0.00674	0.00194	0.00351	0.06061	0.00550	0.00550
17	0.02086	0.01380	0.01527	0.01214	0.01619	0.03077	0.00998	0.49706	0.02274	0.17552	0.01721	0.03734	0.01332	0.02364	0.00640	0.00189	0.00593	0.06505	0.00583	0.00905
18	0.02139	0.01585	0.01697	0.01309	0.01760	0.01757	0.01079	0.71088	0.06082	0.03548	0.01418	0.01409	0.01009	0.00691	0.00573	0.00173	0.00621	0.00521	0.00573	0.00970
19	0.01283	0.01376	0.02813	0.09415	0.15906	0.01334	0.48672	0.01699	0.01302	0.01774	0.01295	0.07966	0.01106	0.00604	0.00651	0.00192	0.00843	0.00709	0.00305	0.00758
20	0.01404	0.06149	0.23029	0.09776	0.31733	0.01358	0.08394	0.01833	0.01285	0.07970	0.01146	0.01396	0.00871	0.00538	0.00560	0.00175	0.00740	0.00495	0.00302	0.00847
21	0.06084	0.01296	0.01457	0.01136	0.01557	0.03415	0.00929	0.35515	0.02062	0.33602	0.03247	0.01717	0.01260	0.03265	0.00640	0.00186	0.00563	0.00547	0.00604	0.00919
22	0.00885	0.00547	0.00714	0.00783	0.00843	0.00513	0.00523	0.00966	0.01082	0.07606	0.02772	0.57267	0.03199	0.15562	0.01151	0.02853	0.00389	0.01363	0.00504	0.00479
23	0.01890	0.01155	0.07495	0.01060	0.01456	0.00993	0.00918	0.09115	0.12601	0.37794	0.15302	0.03872	0.02127	0.00807	0.00594	0.00181	0.00483	0.00671	0.00620	0.00865
24	0.01867	0.01395	0.01506	0.01200	0.01563	0.01551	0.00960	0.53651	0.10616	0.03043	0.01531	0.01811	0.01221	0.12533	0.00953	0.00233	0.02392	0.00577	0.00532	0.00864
25	0.02062	0.01520	0.01651	0.01283	0.01712	0.01686	0.01056	0.68355	0.02543	0.03417	0.01386	0.01446	0.01011	0.00985	0.06943	0.00233	0.00704	0.00523	0.00550	0.00935
26	0.04471	0.01009	0.01630	0.67361	0.04852	0.01248	0.01478	0.01452	0.01137	0.01531	0.01153	0.01614	0.02831	0.00609	0.00603	0.00190	0.03244	0.00520	0.02434	0.00632
27	0.03642	0.01667	0.14910	0.18118	0.20062	0.04927	0.15857	0.09303	0.01417	0.01951	0.02104	0.01431	0.00890	0.00555	0.00579	0.00180	0.00780	0.00523	0.00309	0.00796
