[name]
unknown

[dist]
# distance from previous block
# <min> <max>
0	192

[block]
# block no. 0 follows, 44 sequences, length 8
# corresponding to MSA columns:
# 219-226
name=unknown_A
#
# <colnr> <probs for GDERKNQSTAVLIFYWHMCP>
#	G	D	E	R	K	N	Q	S	T	A	V	L	I	F	Y	W	H	M	C	P
0	0.00712	0.00509	0.00683	0.00788	0.00847	0.00481	0.00565	0.00852	0.01141	0.01531	0.12516	0.59044	0.03730	0.01600	0.00698	0.00220	0.00338	0.12767	0.00518	0.00461
1	0.01188	0.13783	0.07633	0.30304	0.08748	0.01418	0.18938	0.01538	0.01139	0.01509	0.01011	0.03417	0.00830	0.00563	0.00618	0.00174	0.05737	0.00514	0.00257	0.00681
2	0.01232	0.06347	0.36507	0.09032	0.14196	0.01332	0.15052	0.01704	0.01185	0.04253	0.01027	0.01277	0.00769	0.00521	0.00579	0.00173	0.03308	0.00468	0.00261	0.00775
3	0.01559	0.00905	0.01073	0.00920	0.01208	0.00894	0.00722	0.14751	0.10994	0.25968	0.05421	0.17138	0.14086	0.01002	0.00595	0.00182	0.00418	0.00847	0.00576	0.00739
4	0.00807	0.00520	0.00692	0.00763	0.00837	0.00479	0.00528	0.00936	0.01158	0.06929	0.14535	0.62971	0.03686	0.01542	0.00677	0.00210	0.00318	0.01391	0.00533	0.00488
5	0.01871	0.08834	0.06535	0.03808	0.01605	0.08659	0.00988	0.20417	0.10140	0.24618	0.01599	0.04173	0.01171	0.00666	0.00524	0.00163	0.00576	0.00520	0.02307	0.00826
6	0.05709	0.01088	0.02928	0.02887	0.01420	0.01086	0.00847	0.22932	0.10026	0.25988	0.03994	0.12523	0.04462	0.00840	0.00564	0.00177	0.00478	0.00693	0.00557	0.00800
7	0.01211	0.00621	0.00703	0.00657	0.00830	0.00599	0.00496	0.04903	0.01256	0.13789	0.02202	0.13449	0.06040	0.03496	0.00555	0.00165	0.00323	0.00709	0.47421	0.00576

[dist]
# distance from previous block
# <min> <max>
12	20

[block]
# block no. 1 follows, 44 sequences, length 11
# corresponding to MSA columns:
# 248-258
name=unknown_B
#
# <colnr> <probs for GDERKNQSTAVLIFYWHMCP>
#	G	D	E	R	K	N	Q	S	T	A	V	L	I	F	Y	W	H	M	C	P
0	0.04229	0.08358	0.32058	0.01205	0.01757	0.01219	0.01291	0.06621	0.10590	0.17040	0.05094	0.01520	0.01178	0.00604	0.00511	0.00163	0.00600	0.00475	0.00405	0.05084
1	0.00701	0.00508	0.00653	0.00714	0.00784	0.00470	0.00493	0.00843	0.01195	0.01617	0.25139	0.48302	0.09592	0.05387	0.00778	0.00219	0.00306	0.01315	0.00525	0.00460
2	0.01221	0.00819	0.00971	0.00840	0.01076	0.00819	0.00657	0.13438	0.09401	0.11015	0.41123	0.03283	0.11143	0.00979	0.00607	0.00173	0.00356	0.00835	0.00585	0.00659
3	0.01518	0.30757	0.19500	0.01379	0.06970	0.17620	0.01265	0.06798	0.04874	0.01622	0.00950	0.01083	0.00771	0.00535	0.00483	0.00146	0.02330	0.00375	0.00281	0.00742
4	0.00750	0.00526	0.00607	0.00630	0.00690	0.00507	0.00408	0.00827	0.00963	0.01283	0.02750	0.18140	0.18114	0.38930	0.06991	0.00397	0.00482	0.00978	0.05627	0.00401
5	0.00674	0.00486	0.00630	0.00734	0.00779	0.00452	0.00492	0.00775	0.01067	0.01417	0.06567	0.68337	0.08208	0.05630	0.00794	0.00232	0.00322	0.01460	0.00502	0.00442
6	0.10350	0.30625	0.09398	0.01134	0.01545	0.19014	0.01042	0.07441	0.03795	0.05543	0.00957	0.01064	0.00771	0.00556	0.00502	0.00148	0.04727	0.00365	0.00311	0.00712
7	0.13952	0.03711	0.01455	0.01100	0.01508	0.01295	0.05512	0.26250	0.11920	0.15207	0.01438	0.01432	0.01034	0.00603	0.00498	0.00158	0.00519	0.00475	0.02381	0.09553
8	0.01132	0.00693	0.00829	0.00754	0.00958	0.00642	0.00571	0.07787	0.01426	0.15493	0.19125	0.16490	0.25735	0.04947	0.00727	0.00199	0.00353	0.00999	0.00552	0.00588
9	0.01770	0.04166	0.01377	0.01068	0.01393	0.01210	0.00880	0.31655	0.01816	0.21046	0.07492	0.04590	0.01577	0.01003	0.05607	0.00219	0.05536	0.04329	0.02475	0.00790
10	0.03479	0.22911	0.31317	0.01147	0.01696	0.01333	0.01268	0.03272	0.01271	0.15937	0.06801	0.01596	0.04504	0.00617	0.00490	0.00157	0.00606	0.00474	0.00362	0.00762

[dist]
# distance from previous block
# <min> <max>
8	29

[block]
# block no. 2 follows, 44 sequences, length 13
# corresponding to MSA columns:
# 289-301
name=unknown_C
#
# <colnr> <probs for GDERKNQSTAVLIFYWHMCP>
#	G	D	E	R	K	N	Q	S	T	A	V	L	I	F	Y	W	H	M	C	P
0	0.01216	0.04997	0.53324	0.01622	0.06546	0.03417	0.08684	0.01738	0.01212	0.05787	0.03844	0.03068	0.00975	0.00566	0.00535	0.00171	0.00756	0.00479	0.00282	0.00782
1	0.01091	0.00651	0.00801	0.00752	0.00946	0.00602	0.00581	0.01367	0.05697	0.15604	0.23709	0.12625	0.20401	0.01142	0.00619	0.00184	0.00334	0.06463	0.05845	0.00587
2	0.00663	0.00479	0.00628	0.00747	0.00788	0.00444	0.00501	0.00760	0.01055	0.01396	0.03152	0.76077	0.07918	0.01689	0.00693	0.00219	0.00314	0.01526	0.00506	0.00444
3	0.01600	0.10601	0.05257	0.11531	0.01844	0.06755	0.01060	0.25027	0.19386	0.05487	0.04963	0.01572	0.01237	0.00648	0.00525	0.00165	0.00589	0.00509	0.00446	0.00798
4	0.01092	0.02434	0.61743	0.01523	0.02209	0.01220	0.08261	0.01642	0.01130	0.01681	0.01051	0.01360	0.00806	0.05618	0.00709	0.00197	0.03368	0.00454	0.02747	0.00754
5	0.00746	0.00610	0.00668	0.00660	0.00832	0.00561	0.00496	0.01045	0.08664	0.01691	0.19119	0.10628	0.47989	0.01294	0.00642	0.00186	0.00296	0.02833	0.00529	0.00510
6	0.01052	0.07188	0.01547	0.01234	0.01337	0.01290	0.06250	0.01215	0.00925	0.01339	0.01219	0.11494	0.01247	0.01740	0.20180	0.00378	0.38871	0.00637	0.00288	0.00568
7	0.01398	0.01386	0.11634	0.16635	0.10702	0.04302	0.02591	0.09090	0.05115	0.09310	0.01239	0.03420	0.00975	0.00673	0.00754	0.00182	0.14511	0.00512	0.04842	0.00731
8	0.00778	0.00548	0.00684	0.00682	0.00730	0.00570	0.00452	0.00860	0.00887	0.01207	0.05930	0.03270	0.06729	0.48298	0.25500	0.00593	0.00780	0.00763	0.00344	0.00396
9	0.00672	0.00516	0.00609	0.00663	0.00765	0.00460	0.00464	0.00797	0.01166	0.01495	0.11638	0.39897	0.33050	0.04283	0.00743	0.00212	0.00302	0.01306	0.00510	0.00453
10	0.01736	0.01236	0.01308	0.01053	0.01389	0.02754	0.00847	0.49057	0.04590	0.05112	0.01612	0.05198	0.02691	0.03614	0.00605	0.00174	0.00515	0.00569	0.15147	0.00794
11	0.01876	0.01430	0.01581	0.05053	0.01746	0.03672	0.02877	0.55910	0.03914	0.04563	0.01289	0.01338	0.00933	0.00619	0.00529	0.00156	0.00591	0.00478	0.02374	0.09070
12	0.01353	0.01054	0.01314	0.00959	0.01433	0.00881	0.05022	0.08732	0.03312	0.08687	0.01147	0.01256	0.00891	0.00464	0.00448	0.00105	0.00459	0.00385	0.00379	0.61719

[dist]
# distance from previous block
# <min> <max>
1	4

[block]
# block no. 3 follows, 44 sequences, length 22
# corresponding to MSA columns:
# 306-312,314-328
name=unknown_D
#
# <colnr> <probs for GDERKNQSTAVLIFYWHMCP>
#	G	D	E	R	K	N	Q	S	T	A	V	L	I	F	Y	W	H	M	C	P
0	0.01749	0.38411	0.02147	0.01190	0.01548	0.41636	0.01002	0.01905	0.01326	0.01310	0.00801	0.00939	0.00701	0.00529	0.00462	0.00132	0.02964	0.00327	0.00258	0.00662
1	0.01280	0.01448	0.03121	0.02230	0.02778	0.01349	0.72032	0.01729	0.01280	0.01748	0.01097	0.01455	0.00826	0.00457	0.00632	0.00179	0.00896	0.00629	0.00278	0.04558
2	0.05431	0.12180	0.20458	0.01120	0.01528	0.01073	0.02899	0.01635	0.03207	0.13213	0.02884	0.06933	0.03156	0.00901	0.00574	0.00189	0.00570	0.20952	0.00413	0.00685
3	0.01198	0.00678	0.00854	0.00757	0.00976	0.00616	0.00586	0.01480	0.05207	0.21226	0.38371	0.06483	0.17268	0.01056	0.00617	0.00176	0.00324	0.00908	0.00596	0.00624
4	0.00732	0.00574	0.00655	0.00650	0.00799	0.00520	0.00485	0.00951	0.03798	0.01707	0.27857	0.07616	0.39797	0.06408	0.00786	0.00207	0.00306	0.05142	0.00526	0.00484
5	0.01418	0.72593	0.11083	0.01001	0.01504	0.02060	0.01051	0.01643	0.01112	0.01331	0.00782	0.00905	0.00699	0.00472	0.00368	0.00123	0.00607	0.00304	0.00233	0.00711
6	0.02257	0.01089	0.04504	0.01081	0.01519	0.00945	0.04073	0.08519	0.05346	0.61649	0.01993	0.01775	0.01282	0.00661	0.00551	0.00170	0.00507	0.00545	0.00623	0.00911
7	0.00674	0.00482	0.00627	0.00738	0.00772	0.00451	0.00488	0.00763	0.01029	0.01366	0.02981	0.71445	0.05944	0.08394	0.00870	0.00246	0.00333	0.01472	0.00491	0.00434
8	0.01948	0.01412	0.01608	0.01236	0.01651	0.01532	0.04170	0.62420	0.02371	0.07051	0.07762	0.01578	0.01301	0.00686	0.00558	0.00165	0.00578	0.00542	0.00545	0.00884
9	0.00745	0.00516	0.00601	0.00636	0.00661	0.00499	0.00386	0.00783	0.00900	0.01184	0.02394	0.24852	0.08796	0.52364	0.02023	0.00415	0.00449	0.01031	0.00394	0.00372
10	0.01094	0.08145	0.56954	0.01430	0.02085	0.01263	0.04712	0.01619	0.01187	0.01732	0.10080	0.01496	0.01231	0.00602	0.00580	0.00172	0.04114	0.00478	0.00277	0.00751
11	0.00815	0.00513	0.00686	0.00777	0.00842	0.00473	0.00531	0.00920	0.01087	0.07860	0.02933	0.73830	0.03415	0.01621	0.00683	0.00217	0.00329	0.01465	0.00520	0.00484
12	0.01112	0.00947	0.01109	0.00801	0.01267	0.00716	0.00639	0.01355	0.01152	0.01798	0.04989	0.01286	0.01036	0.00441	0.00416	0.00086	0.00396	0.00358	0.00338	0.79759
13	0.01264	0.01196	0.02017	0.11382	0.62332	0.01219	0.01569	0.01583	0.01226	0.01721	0.01266	0.01782	0.03119	0.00584	0.00557	0.00170	0.00636	0.05287	0.00289	0.00801
14	0.01486	0.00780	0.01018	0.00850	0.01130	0.00696	0.00668	0.03276	0.01438	0.31027	0.25503	0.12203	0.02720	0.00910	0.00605	0.00166	0.02203	0.00776	0.00570	0.11974
15	0.00892	0.00625	0.00788	0.00729	0.00888	0.00596	0.00552	0.01249	0.07791	0.05653	0.64333	0.03851	0.07794	0.01074	0.00631	0.00173	0.00282	0.00942	0.00596	0.00560
16	0.01826	0.01040	0.01211	0.00968	0.01309	0.01054	0.00785	0.29113	0.03375	0.26844	0.11527	0.02090	0.04527	0.00746	0.00542	0.00163	0.00454	0.00602	0.11019	0.00803
17	0.01322	0.01364	0.05318	0.13692	0.58057	0.04436	0.01610	0.01703	0.04039	0.01725	0.01053	0.01366	0.00860	0.00508	0.00538	0.00165	0.00671	0.00481	0.00275	0.00816
18	0.00772	0.00523	0.00614	0.00634	0.00643	0.00522	0.00375	0.00796	0.00836	0.01120	0.01909	0.15660	0.02210	0.64709	0.06027	0.00496	0.00539	0.00903	0.00356	0.00355
19	0.33006	0.00982	0.01056	0.00861	0.01226	0.00994	0.00706	0.07528	0.01382	0.36422	0.05554	0.01734	0.05009	0.00668	0.00479	0.00169	0.00438	0.00502	0.00527	0.00757
20	0.23182	0.08837	0.01248	0.04778	0.01342	0.01153	0.00756	0.13509	0.01397	0.18811	0.01337	0.01391	0.00970	0.00580	0.00439	0.00152	0.00462	0.00427	0.13954	0.05276
21	0.02891	0.00693	0.00979	0.03572	0.01144	0.00662	0.05905	0.01276	0.04766	0.10248	0.28996	0.24748	0.09633	0.01156	0.00633	0.00188	0.00373	0.01034	0.00531	0.00572

[dist]
# distance from previous block
# <min> <max>
0	1

[block]
# block no. 4 follows, 44 sequences, length 33
# corresponding to MSA columns:
# 330-362
name=unknown_E
#
# <colnr> <probs for GDERKNQSTAVLIFYWHMCP>
#	G	D	E	R	K	N	Q	S	T	A	V	L	I	F	Y	W	H	M	C	P
0	0.11481	0.06947	0.10322	0.10901	0.10186	0.07054	0.01141	0.12331	0.08959	0.03940	0.03376	0.02802	0.02285	0.00818	0.05003	0.00207	0.00660	0.00493	0.00365	0.00730
1	0.06146	0.01269	0.01745	0.40372	0.21188	0.10388	0.03773	0.03748	0.01232	0.01633	0.02846	0.01400	0.00867	0.00545	0.00531	0.00171	0.00711	0.00476	0.00278	0.00682
2	0.01083	0.00610	0.00635	0.00596	0.00739	0.00624	0.00443	0.08339	0.01255	0.02063	0.04665	0.02216	0.01564	0.09723	0.00678	0.00178	0.00318	0.00557	0.63185	0.00528
3	0.03264	0.00704	0.00922	0.15343	0.01417	0.00754	0.00730	0.09119	0.01200	0.01665	0.02173	0.38196	0.04424	0.04250	0.00776	0.05203	0.00437	0.01005	0.07897	0.00520
4	0.01223	0.19214	0.53596	0.01434	0.02121	0.04478	0.04796	0.01763	0.03573	0.01636	0.00972	0.01128	0.00730	0.00513	0.00488	0.00160	0.00758	0.00394	0.00245	0.00775
5	0.00737	0.00622	0.00655	0.00673	0.00820	0.03441	0.00501	0.00895	0.01271	0.01586	0.17044	0.18396	0.44109	0.01370	0.00654	0.00191	0.00321	0.05724	0.00514	0.00476
6	0.01983	0.00852	0.01129	0.00902	0.01246	0.00763	0.00731	0.04112	0.03437	0.54475	0.19327	0.02360	0.02219	0.00776	0.00565	0.00168	0.00413	0.00648	0.03075	0.00819
7	0.09484	0.08913	0.42800	0.04853	0.03349	0.03669	0.02670	0.01804	0.06464	0.06144	0.01268	0.01380	0.03778	0.00572	0.00498	0.00168	0.00683	0.00443	0.00304	0.00759
8	0.03394	0.01425	0.05533	0.09713	0.03903	0.08235	0.01073	0.31670	0.06047	0.13077	0.01471	0.07154	0.01154	0.00712	0.00582	0.00172	0.02853	0.00561	0.00468	0.00803
9	0.00670	0.00553	0.00587	0.00579	0.00752	0.00471	0.00434	0.00831	0.01302	0.01615	0.19769	0.05013	0.62883	0.01328	0.00644	0.00182	0.00272	0.01118	0.00525	0.00471
10	0.00700	0.00566	0.00619	0.00612	0.00773	0.00499	0.00453	0.00899	0.03419	0.01646	0.21922	0.09164	0.51795	0.03634	0.00707	0.00193	0.00286	0.01110	0.00524	0.00480
11	0.07562	0.43925	0.12606	0.03721	0.06007	0.06975	0.01135	0.09419	0.01289	0.01689	0.00873	0.01011	0.00725	0.00506	0.00419	0.00139	0.00638	0.00349	0.00279	0.00732
12	0.03400	0.01023	0.01557	0.14853	0.05112	0.03759	0.13601	0.01326	0.01059	0.01505	0.03280	0.03364	0.04101	0.12592	0.03351	0.00258	0.17257	0.00608	0.07418	0.00574
13	0.00747	0.00510	0.00612	0.00655	0.00670	0.00498	0.00398	0.00787	0.00902	0.01207	0.04261	0.30802	0.02644	0.50629	0.01980	0.00410	0.00446	0.01066	0.00400	0.00375
14	0.00790	0.00580	0.00685	0.00658	0.00816	0.00527	0.00493	0.01039	0.03966	0.03842	0.40791	0.08262	0.30786	0.01204	0.00633	0.00178	0.00278	0.01037	0.02921	0.00514
15	0.01622	0.01433	0.12175	0.01179	0.01594	0.01292	0.02292	0.34470	0.11519	0.09051	0.12241	0.02045	0.01722	0.00749	0.00568	0.00174	0.00548	0.03993	0.00514	0.00820
16	0.01383	0.01189	0.01329	0.04444	0.14312	0.11632	0.00989	0.03059	0.20592	0.08918	0.09122	0.05882	0.04012	0.00848	0.00584	0.00182	0.00543	0.09797	0.00462	0.00721
17	0.01077	0.00567	0.00573	0.00551	0.00696	0.00576	0.00419	0.05549	0.01225	0.02113	0.01751	0.01991	0.01370	0.00636	0.00391	0.00129	0.00274	0.00507	0.79072	0.00532
18	0.12287	0.01799	0.01495	0.01232	0.01604	0.25973	0.00983	0.41597	0.03678	0.02623	0.01113	0.01169	0.00831	0.00609	0.00503	0.00157	0.00695	0.00425	0.00436	0.00791
19	0.01183	0.00967	0.01136	0.00814	0.01296	0.00730	0.00652	0.01424	0.01148	0.04831	0.01016	0.01160	0.00829	0.00415	0.00410	0.00084	0.00406	0.00332	0.00337	0.80830
20	0.01030	0.00969	0.01635	0.79530	0.03755	0.01211	0.01514	0.01393	0.01090	0.01393	0.00969	0.01453	0.00727	0.00545	0.00545	0.00182	0.00727	0.00484	0.00242	0.00606
21	0.01415	0.72044	0.11610	0.01005	0.01511	0.02053	0.01059	0.01643	0.01113	0.01334	0.00784	0.00907	0.00699	0.00472	0.00369	0.00123	0.00609	0.00304	0.00233	0.00712
22	0.00862	0.00616	0.00860	0.00986	0.01104	0.00614	0.00850	0.01102	0.01239	0.01613	0.02895	0.11748	0.03173	0.01521	0.00749	0.00249	0.00488	0.68331	0.00502	0.00498
23	0.00674	0.00486	0.00629	0.00734	0.00777	0.00452	0.00490	0.00773	0.01061	0.01408	0.05901	0.68343	0.08245	0.06259	0.00811	0.00235	0.00324	0.01459	0.00499	0.00440
24	0.01971	0.01373	0.01509	0.01153	0.01586	0.01455	0.00949	0.57443	0.02254	0.10784	0.01366	0.01362	0.00968	0.00626	0.00525	0.00153	0.00554	0.00477	0.02686	0.10805
25	0.00777	0.00575	0.00634	0.00607	0.00792	0.00492	0.00459	0.00947	0.01330	0.06030	0.21726	0.04783	0.56353	0.01279	0.00638	0.00180	0.00283	0.01078	0.00537	0.00500
26	0.00675	0.00482	0.00626	0.00737	0.00772	0.00451	0.00487	0.00763	0.01029	0.01366	0.02984	0.71085	0.06131	0.08563	0.00874	0.00247	0.00333	0.01470	0.00491	0.00434
27	0.04413	0.00565	0.00559	0.00542	0.00688	0.00577	0.00412	0.03833	0.01183	0.02097	0.01721	0.01962	0.01349	0.00631	0.00385	0.00130	0.00273	0.00499	0.77655	0.00526
28	0.02918	0.08575	0.59806	0.01451	0.02152	0.09235	0.01756	0.01802	0.01201	0.04850	0.00993	0.01137	0.00718	0.00525	0.00500	0.00165	0.00785	0.00393	0.00256	0.00781
29	0.02230	0.00921	0.01222	0.00960	0.01351	0.00826	0.00785	0.02556	0.07836	0.65846	0.07751	0.02036	0.01659	0.00713	0.00556	0.00170	0.00446	0.00587	0.00659	0.00892
30	0.00705	0.00510	0.00663	0.00765	0.00821	0.00480	0.00527	0.02390	0.01113	0.01477	0.05736	0.69227	0.07521	0.01639	0.00690	0.00218	0.00325	0.04223	0.00510	0.00459
31	0.10943	0.44555	0.02120	0.00980	0.01370	0.01776	0.00888	0.11377	0.06216	0.05780	0.01034	0.01182	0.00865	0.03636	0.00574	0.00159	0.05110	0.00383	0.00334	0.00720
32	0.01724	0.01178	0.02781	0.01115	0.03307	0.01214	0.00891	0.36308	0.06771	0.14560	0.04836	0.04195	0.02555	0.01000	0.07089	0.00223	0.00588	0.00575	0.05972	0.03119

[dist]
# distance from previous block
# <min> <max>
2	21

[block]
# block no. 5 follows, 44 sequences, length 48
# corresponding to MSA columns:
# 384-391,399-438
name=unknown_F
#
# <colnr> <probs for GDERKNQSTAVLIFYWHMCP>
#	G	D	E	R	K	N	Q	S	T	A	V	L	I	F	Y	W	H	M	C	P
0	0.05755	0.06561	0.01748	0.07319	0.22012	0.24729	0.03656	0.06213	0.06303	0.01744	0.03588	0.02586	0.01068	0.00678	0.02303	0.00176	0.00730	0.01788	0.00327	0.00718
1	0.11887	0.08030	0.11686	0.01030	0.03379	0.02982	0.00913	0.07739	0.02592	0.17355	0.12399	0.06878	0.04188	0.00745	0.00516	0.00163	0.00492	0.00600	0.02133	0.04290
2	0.01489	0.01049	0.01256	0.00981	0.01358	0.01003	0.03245	0.23923	0.01595	0.09951	0.01459	0.07731	0.01206	0.00821	0.04456	0.00174	0.00519	0.00536	0.08226	0.29023
3	0.16900	0.02906	0.01166	0.04006	0.01344	0.02590	0.00772	0.19780	0.08434	0.15332	0.05357	0.01893	0.06255	0.02693	0.00555	0.00174	0.00469	0.00545	0.08097	0.00733
4	0.00936	0.00690	0.00939	0.00892	0.01010	0.00803	0.00698	0.07034	0.01035	0.01519	0.01444	0.02054	0.01312	0.06085	0.56003	0.00683	0.06358	0.00569	0.09410	0.00526
5	0.00907	0.00619	0.00730	0.00696	0.00775	0.00625	0.00463	0.06416	0.01088	0.03231	0.12263	0.07377	0.06221	0.47132	0.08786	0.00442	0.00554	0.00830	0.00406	0.00440
6	0.01347	0.00845	0.01003	0.00866	0.01124	0.00840	0.00679	0.11130	0.12869	0.17656	0.28941	0.05954	0.12531	0.00966	0.00600	0.00175	0.00374	0.00820	0.00586	0.00694
7	0.01055	0.00837	0.01003	0.00808	0.01138	0.00696	0.00622	0.02928	0.01169	0.04109	0.06559	0.16385	0.04265	0.03917	0.00625	0.00144	0.02818	0.00657	0.00395	0.49871
8	0.00709	0.00531	0.00659	0.00720	0.00810	0.00475	0.00491	0.00816	0.01062	0.01411	0.03118	0.57171	0.14196	0.07308	0.00815	0.00227	0.00333	0.01334	0.00478	0.07336
9	0.00687	0.00492	0.00623	0.00714	0.00755	0.00460	0.00470	0.00775	0.01033	0.01367	0.05259	0.59627	0.09090	0.14715	0.01033	0.00268	0.00346	0.01377	0.00480	0.00428
10	0.13471	0.08693	0.01575	0.05487	0.05211	0.10776	0.00991	0.29776	0.01659	0.02327	0.01066	0.01265	0.00847	0.03076	0.00674	0.00175	0.08270	0.00436	0.03488	0.00737
11	0.69026	0.01116	0.04564	0.03418	0.01238	0.01176	0.00714	0.01683	0.01005	0.08878	0.00942	0.01112	0.00719	0.00544	0.00380	0.00171	0.00456	0.01870	0.00362	0.00629
12	0.00675	0.00491	0.00622	0.00717	0.00769	0.00454	0.00481	0.00773	0.01066	0.01401	0.05566	0.62328	0.13123	0.07765	0.00848	0.00239	0.00326	0.01422	0.00495	0.00439
13	0.02047	0.01289	0.01477	0.03702	0.01629	0.01371	0.00959	0.46498	0.06525	0.23323	0.02654	0.03361	0.01197	0.00692	0.00551	0.00168	0.00546	0.00545	0.00571	0.00896
14	0.01334	0.01353	0.06017	0.09645	0.64788	0.01300	0.01655	0.04157	0.01269	0.01801	0.01028	0.01347	0.00845	0.00498	0.00539	0.00164	0.00661	0.00482	0.00275	0.00841
15	0.00791	0.00578	0.00746	0.00700	0.00835	0.00543	0.00526	0.01092	0.04081	0.02189	0.74613	0.04003	0.05026	0.01102	0.00640	0.00172	0.00263	0.00973	0.00599	0.00526
16	0.00731	0.00513	0.00605	0.00648	0.00682	0.00491	0.00404	0.00784	0.00944	0.01239	0.03850	0.30245	0.11355	0.43033	0.01776	0.00377	0.00422	0.01098	0.00416	0.00387
17	0.00822	0.03362	0.02737	0.02592	0.00994	0.00666	0.00606	0.01122	0.08187	0.01627	0.12241	0.28374	0.20417	0.01434	0.05729	0.00231	0.00417	0.01054	0.03579	0.03810
18	0.01331	0.00966	0.01145	0.03393	0.01291	0.01043	0.02462	0.30409	0.01658	0.02297	0.01915	0.23869	0.01886	0.04142	0.00705	0.00197	0.03120	0.04611	0.12903	0.00659
19	0.00692	0.00575	0.00609	0.00620	0.00786	0.00510	0.00457	0.00907	0.05463	0.01531	0.07456	0.16622	0.59088	0.01386	0.00647	0.00189	0.00290	0.01176	0.00512	0.00482
20	0.01274	0.01370	0.02768	0.09037	0.20262	0.01341	0.48590	0.01681	0.01245	0.01713	0.01061	0.01427	0.00824	0.00485	0.00637	0.00178	0.02931	0.00583	0.00271	0.02323
21	0.01108	0.01012	0.01622	0.71847	0.03543	0.01247	0.01462	0.06303	0.03644	0.01556	0.01032	0.01463	0.00770	0.00559	0.00545	0.00181	0.00709	0.00489	0.00272	0.00635
22	0.01055	0.00992	0.01611	0.65262	0.03310	0.01264	0.01434	0.01377	0.01052	0.01397	0.00951	0.01428	0.00743	0.00611	0.00734	0.00189	0.13035	0.00484	0.02470	0.00602
23	0.01198	0.01222	0.01908	0.01554	0.01664	0.01573	0.14093	0.01382	0.00922	0.01398	0.00806	0.01261	0.00752	0.00925	0.03283	0.00239	0.62367	0.00505	0.00248	0.02700
24	0.00782	0.00569	0.00662	0.00659	0.00731	0.00566	0.00435	0.00930	0.04582	0.01331	0.09020	0.08053	0.15954	0.42856	0.10181	0.00439	0.00543	0.00887	0.00402	0.00419
25	0.01119	0.02670	0.70580	0.01730	0.09724	0.01269	0.01981	0.01721	0.01160	0.01732	0.00983	0.01170	0.00708	0.00515	0.00520	0.00172	0.00790	0.00411	0.00234	0.00811
26	0.01266	0.01534	0.07976	0.02171	0.02689	0.01398	0.63961	0.01706	0.01237	0.01706	0.01060	0.01425	0.00808	0.00508	0.00738	0.00188	0.08020	0.00613	0.00269	0.00727
27	0.00786	0.00562	0.00711	0.00689	0.00826	0.00512	0.00519	0.01010	0.01444	0.03723	0.54883	0.09956	0.16825	0.01209	0.00650	0.00181	0.00280	0.04150	0.00575	0.00509
28	0.01333	0.01279	0.02184	0.07206	0.73706	0.01291	0.01665	0.01659	0.01234	0.01761	0.01023	0.01355	0.00857	0.00489	0.00540	0.00163	0.00652	0.00486	0.00268	0.00850
29	0.01072	0.00972	0.08865	0.03896	0.01325	0.00829	0.04599	0.01468	0.07253	0.09224	0.44797	0.02990	0.03389	0.00918	0.00686	0.00178	0.05609	0.00787	0.00513	0.00630
30	0.02154	0.00896	0.01194	0.00940	0.01315	0.00800	0.00767	0.03927	0.04512	0.62411	0.12968	0.02172	0.01901	0.00740	0.00562	0.00170	0.00436	0.00613	0.00657	0.00866
31	0.00744	0.00553	0.00698	0.00725	0.00828	0.00522	0.00519	0.00988	0.05102	0.01793	0.35727	0.35867	0.11155	0.01368	0.00661	0.00194	0.00292	0.01217	0.00550	0.00497
32	0.01125	0.00969	0.01156	0.04796	0.01417	0.00751	0.00690	0.01374	0.01128	0.01757	0.00969	0.01147	0.00803	0.00411	0.00411	0.00086	0.00420	0.00331	0.00319	0.79939
33	0.06747	0.00739	0.00878	0.00765	0.01008	0.00693	0.00602	0.06271	0.01498	0.19528	0.31751	0.03482	0.20617	0.01012	0.00597	0.00174	0.00347	0.02090	0.00573	0.00629
34	0.00687	0.00551	0.00613	0.00603	0.00764	0.00477	0.00450	0.00863	0.01335	0.01704	0.28947	0.07228	0.51253	0.01304	0.00646	0.00181	0.00271	0.01109	0.00537	0.00477
35	0.00681	0.00483	0.00634	0.00741	0.00775	0.00454	0.00491	0.00775	0.01046	0.01400	0.06451	0.70059	0.03537	0.08631	0.00876	0.00246	0.00332	0.01456	0.00495	0.00436
36	0.11695	0.01675	0.03228	0.15349	0.21978	0.25863	0.04926	0.05924	0.01348	0.01743	0.00944	0.01194	0.00754	0.00531	0.00506	0.00161	0.00754	0.00426	0.00292	0.00708
37	0.00995	0.00608	0.00795	0.00719	0.00890	0.00551	0.00550	0.01241	0.01534	0.12464	0.64119	0.03816	0.07458	0.01065	0.00630	0.00172	0.00286	0.00933	0.00607	0.00569
38	0.00729	0.00515	0.00698	0.00809	0.00868	0.00491	0.00591	0.00860	0.01114	0.01485	0.07739	0.55992	0.03516	0.01629	0.00750	0.02824	0.00360	0.18073	0.00503	0.00455
39	0.01394	0.01545	0.09110	0.04184	0.39354	0.08887	0.07792	0.06108	0.03605	0.01793	0.01061	0.01343	0.00862	0.00623	0.02164	0.00183	0.06843	0.00484	0.01878	0.00788
40	0.06043	0.07011	0.03878	0.01082	0.03740	0.01124	0.00881	0.14471	0.08987	0.32395	0.05532	0.04160	0.01448	0.00920	0.05648	0.00214	0.00557	0.00562	0.00530	0.00817
41	0.01185	0.00782	0.00960	0.02169	0.06054	0.03311	0.00706	0.01456	0.04338	0.16335	0.24293	0.03717	0.20743	0.01045	0.00615	0.00181	0.00393	0.08926	0.02169	0.00621
42	0.01563	0.03028	0.01312	0.01055	0.01374	0.01287	0.00848	0.43156	0.09409	0.02716	0.08100	0.11809	0.06971	0.00892	0.00575	0.00175	0.00488	0.02033	0.02439	0.00772
43	0.01430	0.01049	0.01214	0.01038	0.01309	0.01105	0.02207	0.35961	0.04104	0.03907	0.01961	0.27019	0.01954	0.05401	0.00719	0.00203	0.00490	0.03725	0.00506	0.04699
44	0.01151	0.11128	0.55771	0.01600	0.08476	0.01368	0.01763	0.01661	0.01146	0.01671	0.03486	0.01238	0.00857	0.00558	0.00589	0.00170	0.05926	0.00422	0.00247	0.00775
45	0.01385	0.00953	0.02801	0.00915	0.01188	0.00943	0.00730	0.18540	0.11561	0.11441	0.02199	0.17393	0.06675	0.00997	0.02630	0.00189	0.00448	0.00761	0.13887	0.04363
46	0.06387	0.51455	0.11847	0.01029	0.01480	0.04378	0.01036	0.04783	0.01168	0.01522	0.02575	0.01096	0.00847	0.00755	0.05677	0.00185	0.02464	0.00356	0.00266	0.00693
47	0.01290	0.30607	0.32909	0.01211	0.01748	0.06581	0.01343	0.01652	0.01184	0.03572	0.06235	0.01356	0.02481	0.00640	0.01809	0.00165	0.03796	0.00423	0.00278	0.00719

[dist]
# distance from previous block
# <min> <max>
0	5

[block]
# block no. 6 follows, 44 sequences, length 23
# corresponding to MSA columns:
# 465-487
name=unknown_G
#
# <colnr> <probs for GDERKNQSTAVLIFYWHMCP>
#	G	D	E	R	K	N	Q	S	T	A	V	L	I	F	Y	W	H	M	C	P
0	0.05124	0.17549	0.18724	0.01272	0.01758	0.07238	0.09372	0.12984	0.03028	0.08804	0.01341	0.01497	0.04181	0.04102	0.00601	0.00175	0.00665	0.00479	0.00356	0.00749
1	0.01032	0.05970	0.00936	0.00785	0.00958	0.00743	0.00588	0.02423	0.09552	0.07955	0.12880	0.25055	0.08649	0.07092	0.02641	0.03016	0.00399	0.00942	0.04977	0.03409
2	0.04813	0.05412	0.37150	0.01517	0.08914	0.05447	0.06590	0.01594	0.01238	0.02875	0.10904	0.03941	0.03081	0.00678	0.00545	0.00172	0.00671	0.03418	0.00322	0.00718
3	0.06389	0.47921	0.08598	0.01173	0.06343	0.06183	0.01044	0.01676	0.04840	0.01484	0.01090	0.01214	0.04323	0.00564	0.00490	0.00142	0.05168	0.00384	0.00273	0.00700
4	0.00743	0.00536	0.00694	0.00788	0.00851	0.00512	0.00550	0.04076	0.01150	0.01534	0.06319	0.67243	0.05251	0.01615	0.00689	0.00218	0.00337	0.05910	0.00512	0.00471
5	0.00782	0.00539	0.00631	0.00641	0.00675	0.00534	0.00404	0.00833	0.00902	0.01197	0.05417	0.06139	0.07920	0.59920	0.05992	0.00476	0.00534	0.05723	0.00370	0.00371
6	0.03119	0.22861	0.07158	0.01272	0.01630	0.19719	0.06037	0.09005	0.01358	0.06071	0.02488	0.02973	0.00921	0.00636	0.00672	0.00161	0.12456	0.00441	0.00319	0.00702
7	0.05155	0.01207	0.03979	0.27400	0.20758	0.05473	0.03346	0.01883	0.03044	0.20512	0.01293	0.01482	0.00931	0.00563	0.00535	0.00171	0.00644	0.00490	0.00370	0.00765
8	0.05993	0.00955	0.01242	0.00971	0.01379	0.00869	0.00797	0.02631	0.08087	0.67868	0.02095	0.01828	0.01343	0.00673	0.00539	0.00170	0.00459	0.00543	0.00649	0.00907
9	0.00757	0.00610	0.00728	0.00736	0.00866	0.00596	0.00561	0.00962	0.03725	0.01601	0.16151	0.17570	0.35537	0.03157	0.00786	0.00207	0.05606	0.08853	0.00501	0.00490
10	0.29908	0.05212	0.06039	0.08521	0.05013	0.03126	0.03817	0.15666	0.01398	0.10238	0.02345	0.04356	0.00971	0.00610	0.00473	0.00168	0.00556	0.00466	0.00396	0.00721
11	0.00653	0.00546	0.00569	0.00578	0.00745	0.00462	0.00428	0.00794	0.01242	0.01505	0.09268	0.11780	0.66772	0.01395	0.00649	0.00187	0.00279	0.01176	0.00511	0.00462
12	0.26502	0.00940	0.01093	0.00877	0.01254	0.00906	0.00720	0.02238	0.01373	0.50610	0.06759	0.01719	0.01380	0.00655	0.00493	0.00169	0.00438	0.00503	0.00571	0.00801
13	0.01517	0.13146	0.04615	0.01333	0.08057	0.23824	0.01005	0.09997	0.07275	0.01695	0.03844	0.01640	0.03410	0.07892	0.03383	0.00214	0.05641	0.00493	0.00342	0.00677
14	0.02138	0.01422	0.01571	0.01204	0.01638	0.01534	0.00995	0.62781	0.02387	0.16526	0.01457	0.01405	0.01001	0.00658	0.00546	0.00165	0.00576	0.00501	0.00568	0.00927
15	0.00674	0.00556	0.00596	0.00609	0.00778	0.00478	0.00466	0.00829	0.01256	0.01531	0.09982	0.08201	0.62959	0.01387	0.00656	0.00191	0.00296	0.07575	0.00512	0.00467
16	0.01243	0.01348	0.02517	0.16953	0.05276	0.05676	0.45358	0.01622	0.01224	0.01626	0.01141	0.04859	0.00932	0.00567	0.00667	0.00183	0.04925	0.00618	0.02581	0.00683
17	0.05145	0.10424	0.25565	0.01153	0.01656	0.01170	0.03212	0.03919	0.07894	0.22967	0.03377	0.01750	0.04514	0.04149	0.00615	0.00182	0.00586	0.00518	0.00422	0.00782
18	0.00793	0.00595	0.00745	0.00735	0.00881	0.00561	0.00575	0.01083	0.04684	0.01967	0.48254	0.04553	0.17528	0.01214	0.00658	0.00188	0.00310	0.13593	0.00564	0.00518
19	0.01224	0.00699	0.00747	0.00672	0.00848	0.00739	0.00525	0.11987	0.01348	0.04785	0.01677	0.01885	0.01298	0.00653	0.00473	0.00139	0.03835	0.00506	0.65373	0.00586
20	0.04534	0.01255	0.04949	0.01963	0.27433	0.03630	0.11337	0.10728	0.03183	0.04067	0.12941	0.04186	0.04640	0.00701	0.00573	0.00171	0.00592	0.01972	0.00394	0.00748
21	0.03354	0.01338	0.02018	0.08116	0.56398	0.06451	0.02993	0.03504	0.04197	0.03511	0.01114	0.02577	0.00922	0.00532	0.00538	0.00164	0.00657	0.00498	0.00301	0.00818
22	0.00804	0.00577	0.00746	0.00824	0.00904	0.00564	0.00600	0.05846	0.01205	0.01609	0.07419	0.55957	0.03400	0.03680	0.00748	0.00228	0.00368	0.13526	0.00509	0.00487

[dist]
# distance from previous block
# <min> <max>
2	38

[block]
# block no. 7 follows, 44 sequences, length 20
# corresponding to MSA columns:
# 526-545
name=unknown_H
#
# <colnr> <probs for GDERKNQSTAVLIFYWHMCP>
#	G	D	E	R	K	N	Q	S	T	A	V	L	I	F	Y	W	H	M	C	P
0	0.01351	0.15660	0.13899	0.07743	0.11370	0.06919	0.04508	0.05468	0.02967	0.06425	0.07676	0.03060	0.03177	0.00650	0.00521	0.00159	0.00622	0.03073	0.00349	0.04401
1	0.08145	0.04283	0.07940	0.02190	0.34064	0.22745	0.03781	0.01837	0.01289	0.04536	0.00976	0.01198	0.00790	0.00533	0.00550	0.00160	0.03510	0.00428	0.00288	0.00757
2	0.04938	0.04904	0.45168	0.01730	0.14812	0.01271	0.03403	0.01848	0.07134	0.06245	0.01138	0.01281	0.00837	0.00533	0.00513	0.00168	0.00699	0.00438	0.00296	0.02643
3	0.01314	0.05276	0.15741	0.06023	0.44651	0.05529	0.08870	0.01688	0.01230	0.01697	0.01033	0.02606	0.00853	0.00515	0.00538	0.00165	0.00716	0.00488	0.00265	0.00802
4	0.00682	0.00497	0.00639	0.00723	0.00784	0.00458	0.00494	0.00805	0.01137	0.01518	0.14982	0.58930	0.11212	0.03509	0.00733	0.00217	0.00308	0.01402	0.00517	0.00453
5	0.01104	0.00906	0.01336	0.32858	0.02204	0.01066	0.04816	0.05473	0.05184	0.01722	0.02855	0.04687	0.01191	0.03226	0.00718	0.00186	0.08735	0.00565	0.20566	0.00602
6	0.05808	0.01000	0.01227	0.00963	0.01345	0.00960	0.00789	0.17082	0.01680	0.50042	0.01900	0.03390	0.01284	0.00681	0.00524	0.00164	0.00464	0.00543	0.09293	0.00859
7	0.00674	0.00495	0.00633	0.00729	0.00792	0.00455	0.00502	0.00790	0.01112	0.01463	0.08353	0.62201	0.14817	0.01614	0.00686	0.00213	0.00311	0.03196	0.00512	0.00452
8	0.00675	0.00479	0.00629	0.00745	0.00774	0.00450	0.00491	0.00762	0.01022	0.01362	0.02892	0.73743	0.03463	0.08644	0.00878	0.00248	0.00335	0.01483	0.00491	0.00433
9	0.69092	0.01070	0.00896	0.00774	0.01118	0.01213	0.00637	0.08301	0.01123	0.07349	0.00933	0.01026	0.00697	0.00535	0.00371	0.00167	0.00435	0.00336	0.03289	0.00639
10	0.00767	0.00504	0.00675	0.00779	0.00834	0.00468	0.00535	0.00873	0.01079	0.05475	0.02955	0.73733	0.03469	0.01646	0.00690	0.00220	0.00331	0.03982	0.00515	0.00471
11	0.00826	0.00603	0.00826	0.00819	0.00913	0.00683	0.00613	0.01065	0.05100	0.01326	0.01566	0.02385	0.01492	0.17426	0.56580	0.00735	0.01172	0.00619	0.04770	0.00481
12	0.00937	0.00667	0.00825	0.00753	0.00918	0.00644	0.00573	0.09383	0.01606	0.03786	0.57958	0.09095	0.08516	0.01110	0.00634	0.00175	0.00305	0.00970	0.00584	0.00561
13	0.00674	0.00491	0.00638	0.00751	0.00804	0.00455	0.00517	0.00782	0.01076	0.01413	0.03261	0.68606	0.11245	0.01663	0.00694	0.00219	0.00322	0.05438	0.00506	0.00448
14	0.01260	0.01586	0.10772	0.02155	0.02730	0.01338	0.64608	0.01728	0.01266	0.01746	0.01084	0.01423	0.00812	0.00463	0.00620	0.00178	0.00885	0.00604	0.00273	0.04469
15	0.00959	0.00916	0.00785	0.00764	0.00948	0.13357	0.00575	0.02581	0.03103	0.01599	0.10472	0.10624	0.41967	0.01188	0.00610	0.00178	0.00411	0.03716	0.04734	0.00514
16	0.00937	0.00737	0.00885	0.00910	0.01089	0.00760	0.00744	0.01481	0.19788	0.01808	0.10250	0.06846	0.16612	0.01263	0.00672	0.00214	0.00415	0.33483	0.00525	0.00583
17	0.03842	0.02910	0.01274	0.00969	0.01364	0.00906	0.00797	0.05434	0.07697	0.60677	0.06669	0.01941	0.01561	0.00698	0.00545	0.00169	0.00456	0.00567	0.00638	0.00885
18	0.03634	0.00543	0.00666	0.00733	0.00810	0.00526	0.00513	0.00830	0.01093	0.01477	0.07351	0.53512	0.18269	0.03471	0.00762	0.00217	0.03309	0.01336	0.00491	0.00458
19	0.00900	0.00610	0.00737	0.00704	0.00868	0.00561	0.00525	0.01162	0.05560	0.08492	0.33700	0.14813	0.25226	0.02818	0.00680	0.00190	0.00304	0.01050	0.00558	0.00541

[dist]
# distance from previous block
# <min> <max>
7	31

[block]
# block no. 8 follows, 44 sequences, length 30
# corresponding to MSA columns:
# 577-606
name=unknown_I
#
# <colnr> <probs for GDERKNQSTAVLIFYWHMCP>
#	G	D	E	R	K	N	Q	S	T	A	V	L	I	F	Y	W	H	M	C	P
0	0.01817	0.01425	0.04858	0.16215	0.02057	0.05011	0.01128	0.40152	0.07914	0.11842	0.01383	0.01439	0.00978	0.00633	0.00543	0.00169	0.00621	0.00496	0.00478	0.00842
1	0.03275	0.00707	0.00746	0.00699	0.00855	0.02825	0.00534	0.07955	0.01266	0.04170	0.05099	0.09263	0.01651	0.00927	0.03543	0.02186	0.03033	0.00617	0.50094	0.00553
2	0.15483	0.05346	0.01115	0.02253	0.01147	0.00949	0.05210	0.06154	0.01171	0.01795	0.07864	0.22867	0.06816	0.06880	0.00822	0.00214	0.06894	0.02847	0.03623	0.00551
3	0.01545	0.01198	0.01359	0.03254	0.01522	0.01178	0.00852	0.34038	0.02642	0.03604	0.01213	0.03439	0.00963	0.00645	0.02099	0.00145	0.01646	0.00449	0.00430	0.37781
4	0.00746	0.00547	0.00666	0.00700	0.00775	0.00530	0.00476	0.00916	0.04335	0.01468	0.13949	0.31581	0.13317	0.21610	0.05598	0.00322	0.00425	0.01125	0.00466	0.00448
5	0.00819	0.00573	0.00736	0.00708	0.00850	0.00525	0.00542	0.01057	0.01474	0.04569	0.58646	0.05986	0.13149	0.01176	0.00650	0.00180	0.00288	0.06969	0.00582	0.00519
6	0.01114	0.00852	0.02101	0.01096	0.05458	0.00836	0.04619	0.14746	0.03552	0.05196	0.07230	0.37022	0.05938	0.03661	0.00705	0.00207	0.00443	0.04119	0.00494	0.00612
7	0.01242	0.05955	0.08269	0.07705	0.10174	0.01382	0.45047	0.01644	0.01201	0.01648	0.01048	0.01412	0.00823	0.00664	0.04098	0.00211	0.05925	0.00565	0.00265	0.00722
8	0.00775	0.00582	0.00759	0.00817	0.00856	0.00609	0.00567	0.03116	0.01036	0.01402	0.02545	0.59246	0.03002	0.11730	0.02844	0.00275	0.07625	0.01301	0.00456	0.00458
9	0.01733	0.01348	0.04884	0.01222	0.04654	0.01384	0.00966	0.50100	0.04185	0.05298	0.01489	0.06122	0.01246	0.11819	0.00862	0.00219	0.00576	0.00594	0.00492	0.00807
10	0.03085	0.03349	0.07090	0.12374	0.10809	0.04731	0.12834	0.09937	0.01280	0.01803	0.00997	0.01300	0.00801	0.00606	0.00778	0.00174	0.16533	0.00475	0.03089	0.07956
11	0.00754	0.00527	0.00606	0.00624	0.00658	0.00514	0.00381	0.00795	0.00892	0.01169	0.02403	0.14409	0.12421	0.55706	0.05496	0.00454	0.00505	0.00937	0.00377	0.00370
12	0.00767	0.00548	0.00687	0.00759	0.00817	0.00530	0.00512	0.05213	0.01117	0.01487	0.04319	0.61731	0.05450	0.12180	0.00962	0.00257	0.00359	0.01363	0.00487	0.00459
13	0.01257	0.01063	0.01386	0.05496	0.04915	0.00977	0.05898	0.08165	0.08228	0.03867	0.01407	0.01608	0.04529	0.00563	0.00517	0.00129	0.02386	0.02136	0.00374	0.45100
14	0.00969	0.00716	0.00922	0.00855	0.00981	0.00768	0.02437	0.11924	0.01142	0.01555	0.01833	0.10427	0.04884	0.26633	0.30899	0.00553	0.00870	0.00756	0.00371	0.00504
15	0.01095	0.00584	0.00592	0.00564	0.00714	0.00597	0.00430	0.06829	0.01249	0.02137	0.01743	0.01978	0.01362	0.00637	0.00393	0.00130	0.00280	0.00507	0.77638	0.00539
16	0.61093	0.04004	0.04362	0.03373	0.05624	0.03415	0.04047	0.01614	0.00994	0.02190	0.00805	0.00983	0.00637	0.00527	0.00452	0.00170	0.04428	0.00342	0.00314	0.00627
17	0.00710	0.00501	0.00633	0.00719	0.00754	0.00477	0.00475	0.00790	0.00996	0.01318	0.02760	0.52155	0.06370	0.23117	0.01260	0.00305	0.00382	0.05401	0.00458	0.00416
18	0.01829	0.01413	0.01550	0.01322	0.05554	0.01574	0.01020	0.50876	0.23727	0.03018	0.01556	0.01519	0.01136	0.00670	0.00548	0.00170	0.00554	0.00527	0.00534	0.00905
19	0.00816	0.00634	0.00928	0.00908	0.00991	0.00758	0.00705	0.00992	0.00868	0.01257	0.01411	0.02143	0.01343	0.08333	0.67540	0.00800	0.08208	0.00587	0.00290	0.00487
20	0.00879	0.02536	0.07421	0.03452	0.01089	0.00629	0.00691	0.01048	0.01094	0.06505	0.02708	0.44801	0.10794	0.06172	0.03761	0.00243	0.00444	0.01143	0.00452	0.04136
21	0.71864	0.05319	0.00990	0.00790	0.01137	0.04665	0.00655	0.06022	0.01061	0.02396	0.00795	0.00914	0.00621	0.00515	0.00357	0.00164	0.00465	0.00309	0.00342	0.00618
22	0.00668	0.00477	0.00636	0.00757	0.00791	0.00445	0.00506	0.00768	0.01060	0.01417	0.05371	0.78047	0.03655	0.01689	0.00694	0.00220	0.00314	0.01532	0.00509	0.00445
23	0.00679	0.00533	0.00616	0.00658	0.00785	0.00470	0.00481	0.00823	0.01216	0.01539	0.12901	0.28872	0.41469	0.01460	0.00667	0.00198	0.00299	0.05354	0.00517	0.00463
24	0.01400	0.01147	0.01229	0.01102	0.01411	0.01311	0.00864	0.04349	0.68753	0.05564	0.02222	0.02169	0.01692	0.00764	0.00562	0.00186	0.00439	0.03423	0.00558	0.00853
25	0.75414	0.05230	0.00934	0.00751	0.01094	0.01280	0.00624	0.01681	0.05419	0.02376	0.00846	0.00953	0.00660	0.00518	0.00351	0.00167	0.00431	0.00314	0.00345	0.00612
26	0.05002	0.01434	0.01439	0.01187	0.01495	0.16125	0.04775	0.23391	0.05849	0.05466	0.01273	0.02666	0.01016	0.02020	0.05299	0.00209	0.08073	0.00489	0.06569	0.06225
27	0.05741	0.57080	0.11437	0.00983	0.01450	0.01828	0.01003	0.03723	0.01158	0.03649	0.03318	0.01167	0.00915	0.03983	0.00495	0.00148	0.00585	0.00362	0.00276	0.00698
28	0.00910	0.04105	0.00869	0.00730	0.00903	0.00650	0.00558	0.01221	0.06042	0.05378	0.55470	0.05867	0.08531	0.03428	0.00680	0.00180	0.00306	0.00917	0.00561	0.02695
29	0.03461	0.46061	0.13417	0.01166	0.04840	0.01779	0.01107	0.06382	0.10411	0.05136	0.01077	0.01148	0.00864	0.00530	0.00428	0.00142	0.00592	0.00380	0.00315	0.00764

[dist]
# distance from previous block
# <min> <max>
8	16

[block]
# block no. 9 follows, 44 sequences, length 24
# corresponding to MSA columns:
# 626-649
name=unknown_J
#
# <colnr> <probs for GDERKNQSTAVLIFYWHMCP>
#	G	D	E	R	K	N	Q	S	T	A	V	L	I	F	Y	W	H	M	C	P
0	0.05308	0.58130	0.09962	0.00999	0.01454	0.04340	0.01001	0.04441	0.01169	0.01474	0.00969	0.06765	0.00916	0.00575	0.00403	0.00135	0.00591	0.00405	0.00271	0.00693
1	0.03924	0.03542	0.00828	0.00740	0.00841	0.02586	0.00516	0.04877	0.02799	0.02484	0.01727	0.11138	0.01812	0.38226	0.14729	0.00454	0.00651	0.00748	0.06912	0.00464
2	0.04073	0.00633	0.01906	0.00823	0.00958	0.00593	0.00664	0.01036	0.03452	0.01623	0.09852	0.21891	0.17279	0.01430	0.00737	0.03447	0.00394	0.28226	0.00493	0.00491
3	0.10533	0.12400	0.09590	0.03889	0.03780	0.05002	0.01019	0.16317	0.07165	0.18809	0.02701	0.01534	0.03693	0.00629	0.00497	0.00162	0.00565	0.00479	0.00445	0.00793
4	0.01194	0.00750	0.00783	0.00700	0.00879	0.02188	0.00530	0.14478	0.01340	0.02088	0.01593	0.01991	0.01316	0.08890	0.03474	0.03853	0.00415	0.00525	0.49238	0.03775
5	0.00906	0.00624	0.00707	0.00685	0.00734	0.00636	0.00427	0.08458	0.01009	0.01347	0.01851	0.13828	0.02095	0.61827	0.02263	0.00449	0.00507	0.00865	0.00376	0.00407
6	0.01843	0.01365	0.01505	0.01152	0.01573	0.01449	0.00946	0.55026	0.02182	0.05358	0.03598	0.01375	0.01042	0.00633	0.00563	0.00151	0.03120	0.00477	0.00500	0.16142
7	0.01120	0.18224	0.01529	0.01026	0.01196	0.03136	0.03438	0.05525	0.01061	0.01411	0.01413	0.14794	0.01495	0.14286	0.11089	0.00329	0.17360	0.00683	0.00324	0.00561
8	0.01105	0.00664	0.00823	0.00736	0.00945	0.00607	0.00568	0.01401	0.05795	0.16877	0.42024	0.03784	0.20388	0.01066	0.00620	0.00175	0.00312	0.00916	0.00591	0.00603
9	0.01330	0.01320	0.03547	0.05911	0.36358	0.10886	0.01304	0.05751	0.04622	0.01801	0.05694	0.02244	0.01478	0.00836	0.03299	0.00201	0.00669	0.11660	0.00352	0.00736
10	0.01143	0.15982	0.06310	0.01069	0.01283	0.04744	0.02718	0.02675	0.01088	0.02979	0.01568	0.25282	0.01655	0.00986	0.00838	0.00186	0.19657	0.00761	0.05853	0.03224
11	0.84691	0.01054	0.00801	0.00717	0.01054	0.01223	0.00590	0.01603	0.00928	0.02446	0.00759	0.00886	0.00590	0.00506	0.00337	0.00169	0.00422	0.00295	0.00337	0.00590
12	0.09807	0.00950	0.01222	0.00953	0.01362	0.00863	0.00785	0.02572	0.04762	0.67742	0.02028	0.01776	0.01295	0.00662	0.00530	0.00169	0.00459	0.00528	0.00639	0.00895
13	0.02086	0.01283	0.01433	0.01116	0.01515	0.03055	0.00912	0.44337	0.03480	0.26405	0.02774	0.01615	0.01177	0.03002	0.00607	0.00175	0.00545	0.00525	0.03074	0.00883
14	0.00674	0.00490	0.00630	0.00727	0.00779	0.00453	0.00491	0.00781	0.01087	0.01439	0.08124	0.64954	0.10937	0.04730	0.00769	0.00226	0.00317	0.01443	0.00505	0.00445
15	0.01786	0.01016	0.01214	0.01012	0.01332	0.01029	0.00802	0.22789	0.10127	0.29703	0.04513	0.18518	0.01868	0.00910	0.00583	0.00180	0.00461	0.00767	0.00587	0.00804
16	0.00823	0.00562	0.00728	0.00692	0.00812	0.00521	0.00507	0.01045	0.01443	0.04588	0.62922	0.08865	0.04627	0.08458	0.00839	0.00207	0.00293	0.00990	0.00572	0.00507
17	0.00673	0.00548	0.00596	0.00595	0.00757	0.00471	0.00442	0.00834	0.01295	0.01622	0.20922	0.09886	0.56770	0.01344	0.00647	0.00184	0.00275	0.01141	0.00527	0.00471
18	0.00951	0.00475	0.00699	0.00699	0.00706	0.00475	0.00468	0.00742	0.00735	0.01009	0.00994	0.01679	0.00973	0.01822	0.02031	0.79365	0.00461	0.00475	0.04989	0.00252
19	0.47817	0.01046	0.01026	0.06074	0.01366	0.01167	0.00743	0.02032	0.15205	0.16742	0.01312	0.01324	0.00946	0.00585	0.00432	0.00173	0.00452	0.00416	0.00436	0.00707
20	0.01105	0.06833	0.01507	0.03920	0.10748	0.01166	0.04741	0.05454	0.01073	0.01517	0.01284	0.05184	0.01230	0.07547	0.21710	0.00398	0.18351	0.02707	0.02925	0.00602
