[name]
unknown

[dist]
# distance from previous block
# <min> <max>
0	51

[block]
# block no. 0 follows, 47 sequences, length 32
# corresponding to MSA columns:
# 59-90
name=unknown_A
#
# <colnr> <probs for GDERKNQSTAVLIFYWHMCP>
#	G	D	E	R	K	N	Q	S	T	A	V	L	I	F	Y	W	H	M	C	P
0	0.01398	0.01054	0.02483	0.05091	0.01564	0.02665	0.09505	0.12250	0.03973	0.14865	0.01561	0.08706	0.02641	0.00695	0.00560	0.00152	0.03080	0.04826	0.00417	0.22514
1	0.01342	0.12399	0.22315	0.01349	0.03024	0.01216	0.15645	0.04342	0.03716	0.12770	0.01235	0.05488	0.00976	0.00571	0.00536	0.00155	0.02960	0.00498	0.00334	0.09128
2	0.03330	0.03514	0.32507	0.05087	0.07005	0.03523	0.07087	0.11304	0.02412	0.08003	0.05669	0.01491	0.02583	0.00694	0.03368	0.00186	0.00682	0.00482	0.00335	0.00739
3	0.07911	0.01155	0.04421	0.11161	0.44898	0.02474	0.02721	0.01504	0.01135	0.04193	0.01179	0.09557	0.01065	0.00598	0.00512	0.00161	0.00578	0.00548	0.00297	0.03931
4	0.02579	0.05677	0.01643	0.29210	0.18542	0.02565	0.04989	0.03020	0.01117	0.01545	0.01040	0.05648	0.00897	0.00559	0.00517	0.01629	0.00589	0.00480	0.00276	0.17478
5	0.01171	0.01055	0.01292	0.01051	0.01301	0.03870	0.02324	0.09236	0.01136	0.01655	0.01098	0.09531	0.01047	0.00817	0.03165	0.00174	0.26002	0.00509	0.00320	0.33245
6	0.01049	0.01101	0.07703	0.62686	0.03164	0.01174	0.01403	0.05050	0.01108	0.01470	0.00933	0.01331	0.00705	0.00531	0.00556	0.00169	0.03726	0.00448	0.00249	0.05445
7	0.01881	0.01387	0.01505	0.01169	0.01560	0.01538	0.00963	0.70678	0.02320	0.03117	0.01262	0.01314	0.00919	0.00886	0.06821	0.00210	0.00638	0.00476	0.00502	0.00852
8	0.00643	0.00506	0.00581	0.00610	0.00733	0.00444	0.00440	0.00784	0.01183	0.01508	0.17896	0.27714	0.42376	0.01366	0.00630	0.00184	0.00272	0.01185	0.00500	0.00444
9	0.00757	0.00505	0.00568	0.00568	0.00568	0.00505	0.00316	0.00757	0.00757	0.01010	0.01641	0.03408	0.01893	0.81698	0.02651	0.00505	0.00505	0.00757	0.00316	0.00316
10	0.01294	0.47666	0.19704	0.01170	0.01660	0.03224	0.07159	0.01652	0.05463	0.01413	0.00877	0.01020	0.00730	0.00496	0.00474	0.00138	0.04563	0.00357	0.00244	0.00697
11	0.00794	0.00513	0.00661	0.00716	0.00797	0.00484	0.00501	0.00968	0.03337	0.05969	0.14635	0.55885	0.03331	0.01377	0.00621	0.00193	0.00300	0.01235	0.07206	0.00477
12	0.01202	0.01055	0.03607	0.00848	0.01298	0.03535	0.00700	0.02492	0.06529	0.05800	0.01070	0.01175	0.00851	0.00434	0.00411	0.00094	0.00425	0.00345	0.00340	0.67787
13	0.01646	0.07580	0.03332	0.01046	0.01433	0.01185	0.03349	0.21736	0.07574	0.20290	0.05407	0.01499	0.01191	0.00611	0.00559	0.00147	0.05094	0.00475	0.00460	0.15387
14	0.09443	0.26679	0.06349	0.01194	0.01573	0.31013	0.06985	0.04198	0.03738	0.01504	0.00868	0.01009	0.00718	0.00568	0.01995	0.00151	0.00737	0.00355	0.00273	0.00651
15	0.00762	0.00506	0.00575	0.00575	0.00581	0.00509	0.00328	0.00774	0.00768	0.01039	0.01634	0.03328	0.01860	0.77177	0.05134	0.00507	0.00528	0.00744	0.02347	0.00325
16	0.00753	0.00503	0.00569	0.00573	0.00574	0.00502	0.00321	0.00756	0.00765	0.01020	0.01681	0.05939	0.01944	0.79099	0.02586	0.00495	0.00498	0.00781	0.00321	0.00319
17	0.01352	0.57182	0.05944	0.01148	0.07514	0.04545	0.00999	0.04007	0.01103	0.01353	0.00816	0.00995	0.00730	0.00707	0.05612	0.00173	0.04574	0.00333	0.00241	0.00672
18	0.04335	0.01305	0.01422	0.01110	0.01489	0.01419	0.00906	0.60690	0.02176	0.10641	0.01405	0.05076	0.01073	0.03758	0.00603	0.00173	0.00540	0.00527	0.00518	0.00833
19	0.01237	0.00643	0.00709	0.00635	0.00818	0.00646	0.00490	0.08145	0.02735	0.12531	0.01704	0.01932	0.01320	0.04691	0.02854	0.00171	0.00350	0.00507	0.57309	0.00574
20	0.02974	0.00898	0.02451	0.45527	0.03765	0.01004	0.01124	0.05771	0.01206	0.09811	0.07539	0.06287	0.02696	0.00669	0.00539	0.00170	0.01475	0.00574	0.04909	0.00612
21	0.00647	0.00460	0.00610	0.00725	0.00757	0.00432	0.00487	0.00738	0.00992	0.01322	0.02810	0.75340	0.03358	0.05326	0.00758	0.00226	0.00317	0.03798	0.00476	0.00420
22	0.00765	0.00571	0.00735	0.00777	0.00829	0.00591	0.00543	0.04648	0.01067	0.01449	0.08644	0.55929	0.03043	0.10344	0.00956	0.00239	0.06740	0.01223	0.00454	0.00452
23	0.03275	0.01326	0.05312	0.14700	0.08093	0.07881	0.10132	0.17095	0.06978	0.01928	0.01182	0.05229	0.00969	0.00665	0.02190	0.00173	0.03276	0.00510	0.00344	0.08740
24	0.01499	0.08982	0.07638	0.01041	0.01450	0.01270	0.00919	0.30918	0.01610	0.05948	0.02498	0.01310	0.00940	0.03294	0.02321	0.00163	0.05143	0.00425	0.00392	0.22237
25	0.14011	0.01066	0.01232	0.09197	0.01518	0.01155	0.00849	0.22726	0.01404	0.03630	0.01154	0.07647	0.00992	0.00654	0.00608	0.00153	0.09852	0.00486	0.02115	0.19551
26	0.02616	0.01151	0.09009	0.04779	0.02987	0.01062	0.02407	0.15208	0.05306	0.09074	0.05694	0.08981	0.01509	0.00845	0.02037	0.00183	0.09721	0.06500	0.00410	0.10520
27	0.01616	0.12222	0.05133	0.05431	0.01585	0.01400	0.00955	0.32310	0.14917	0.09731	0.01443	0.05349	0.01119	0.00646	0.00498	0.00155	0.00526	0.00509	0.00454	0.04000
28	0.01454	0.05079	0.02861	0.05507	0.01499	0.01198	0.04510	0.34328	0.05725	0.06685	0.01859	0.13623	0.07465	0.03706	0.01927	0.00191	0.00528	0.00686	0.00460	0.00712
29	0.05855	0.06477	0.01240	0.01073	0.07322	0.00977	0.02237	0.10674	0.08689	0.08586	0.12506	0.12459	0.01906	0.00993	0.05725	0.00201	0.00493	0.01592	0.00436	0.10559
30	0.01398	0.01000	0.03753	0.00972	0.01310	0.00913	0.04458	0.14166	0.08558	0.16483	0.05255	0.10645	0.01540	0.05409	0.03206	0.00191	0.00491	0.00615	0.00455	0.19180
31	0.01284	0.05215	0.10103	0.02598	0.01484	0.02000	0.06709	0.18545	0.04157	0.06295	0.03250	0.06512	0.09183	0.03746	0.05482	0.00211	0.03218	0.00600	0.00394	0.09013

[dist]
# distance from previous block
# <min> <max>
12	39

[block]
# block no. 1 follows, 47 sequences, length 61
# corresponding to MSA columns:
# 130-147,150-192
name=unknown_B
#
# <colnr> <probs for GDERKNQSTAVLIFYWHMCP>
#	G	D	E	R	K	N	Q	S	T	A	V	L	I	F	Y	W	H	M	C	P
0	0.04880	0.13873	0.04299	0.04216	0.15229	0.02657	0.07424	0.15888	0.02799	0.12822	0.01391	0.07348	0.02277	0.00642	0.00505	0.00158	0.00567	0.01895	0.00387	0.00744
1	0.14291	0.06052	0.06330	0.04984	0.07471	0.01214	0.07328	0.21833	0.01474	0.03689	0.05153	0.02941	0.07088	0.00625	0.00489	0.00154	0.00531	0.00513	0.00382	0.07457
2	0.01558	0.10282	0.08494	0.03205	0.11267	0.06333	0.12699	0.24935	0.02793	0.06715	0.01130	0.01302	0.00862	0.02105	0.02322	0.00177	0.02228	0.00466	0.00362	0.00766
3	0.03446	0.06347	0.08092	0.04308	0.11748	0.17694	0.05082	0.08321	0.01373	0.13933	0.02689	0.02580	0.02301	0.00561	0.00489	0.00145	0.00633	0.00453	0.00358	0.09448
4	0.12825	0.08676	0.04869	0.07507	0.07954	0.13036	0.00995	0.14557	0.08130	0.07854	0.02736	0.01339	0.02406	0.00581	0.00496	0.00154	0.02392	0.00434	0.00371	0.02689
5	0.16624	0.09539	0.18790	0.02951	0.07268	0.12289	0.01080	0.04323	0.01247	0.07441	0.12355	0.01492	0.01340	0.00592	0.00467	0.00153	0.00585	0.00452	0.00343	0.00670
6	0.01488	0.07347	0.02859	0.01163	0.07809	0.11394	0.02375	0.10040	0.04698	0.16996	0.20749	0.05452	0.02061	0.00736	0.00528	0.00155	0.00503	0.00613	0.00463	0.02571
7	0.06456	0.02783	0.02939	0.00989	0.04319	0.00988	0.00770	0.22372	0.01572	0.18298	0.10070	0.06837	0.08261	0.04112	0.00610	0.00171	0.00447	0.00630	0.00487	0.06889
8	0.11169	0.04046	0.01056	0.02854	0.08395	0.00851	0.00742	0.07906	0.02766	0.10092	0.07132	0.26462	0.05155	0.02313	0.00594	0.00187	0.00417	0.06816	0.00451	0.00598
9	0.01259	0.08230	0.07310	0.02845	0.03399	0.02557	0.14480	0.07288	0.09510	0.04685	0.01224	0.04153	0.01021	0.04825	0.00645	0.00161	0.03438	0.00494	0.00340	0.22137
10	0.01071	0.00970	0.01556	0.70321	0.04841	0.01185	0.01396	0.07783	0.01168	0.01510	0.00996	0.01477	0.00766	0.00549	0.00525	0.00173	0.00677	0.02163	0.00262	0.00607
11	0.00853	0.00456	0.00659	0.00677	0.00681	0.00452	0.00446	0.00691	0.00732	0.00975	0.01251	0.13509	0.01355	0.07896	0.01880	0.65890	0.00434	0.00628	0.00271	0.00262
12	0.01499	0.01175	0.01259	0.01080	0.01406	0.01329	0.00855	0.17950	0.57505	0.07021	0.01937	0.01790	0.01427	0.00686	0.00528	0.00172	0.00447	0.00560	0.00535	0.00841
13	0.00971	0.00485	0.00485	0.00485	0.00607	0.00485	0.00364	0.01213	0.01092	0.01942	0.01699	0.01942	0.01335	0.00607	0.00364	0.00121	0.00243	0.00485	0.84589	0.00485
14	0.01848	0.02293	0.01505	0.01385	0.03389	0.68091	0.01033	0.03625	0.01421	0.01327	0.00806	0.00975	0.00680	0.00575	0.00598	0.00145	0.09068	0.00354	0.00270	0.00612
15	0.06319	0.01057	0.01145	0.07078	0.01466	0.01215	0.00830	0.02460	0.60886	0.03786	0.02127	0.02010	0.05933	0.00713	0.00522	0.00175	0.00425	0.00589	0.00494	0.00769
16	0.00971	0.00485	0.00485	0.00485	0.00607	0.00485	0.00364	0.01213	0.01092	0.01942	0.01699	0.01942	0.01335	0.00607	0.00364	0.00121	0.00243	0.00485	0.84589	0.00485
17	0.01360	0.01141	0.01909	0.16491	0.56117	0.01167	0.01472	0.01663	0.01197	0.10822	0.01098	0.01364	0.00857	0.00495	0.00517	0.00159	0.00611	0.00471	0.00299	0.00789
18	0.05490	0.00991	0.01131	0.00915	0.01246	0.04060	0.00732	0.13294	0.07309	0.40755	0.03862	0.02089	0.07993	0.06905	0.00686	0.00188	0.00463	0.00580	0.00547	0.00764
19	0.01044	0.08898	0.49742	0.01299	0.01876	0.01149	0.05613	0.03928	0.01187	0.01699	0.11009	0.07599	0.01435	0.00652	0.00517	0.00164	0.00648	0.00547	0.00298	0.00699
20	0.00757	0.00505	0.00568	0.00568	0.00568	0.00505	0.00316	0.00757	0.00757	0.01010	0.01641	0.03408	0.01893	0.81698	0.02651	0.00505	0.00505	0.00757	0.00316	0.00316
21	0.01172	0.26937	0.38200	0.01339	0.01921	0.01446	0.11696	0.03055	0.01141	0.01557	0.03607	0.03769	0.00921	0.00531	0.00471	0.00151	0.00681	0.00440	0.00253	0.00710
22	0.01927	0.01433	0.01533	0.01188	0.01595	0.01591	0.00977	0.71055	0.08192	0.03198	0.01317	0.01303	0.00939	0.00631	0.00522	0.00158	0.00561	0.00478	0.00522	0.00881
23	0.00667	0.00469	0.00633	0.00737	0.00764	0.00453	0.00496	0.00734	0.00968	0.01295	0.02669	0.73374	0.03185	0.01628	0.00794	0.06688	0.02199	0.01378	0.00458	0.00411
24	0.01147	0.07544	0.09777	0.03127	0.03746	0.01295	0.41403	0.01494	0.01115	0.01539	0.01139	0.09140	0.01013	0.00626	0.00725	0.00178	0.11541	0.00618	0.00273	0.02559
25	0.01256	0.53647	0.26779	0.01069	0.01604	0.01728	0.01202	0.01565	0.01088	0.01394	0.03899	0.01042	0.00836	0.00486	0.00396	0.00130	0.00612	0.00339	0.00236	0.00693
26	0.01229	0.01405	0.03073	0.02195	0.02722	0.01317	0.76558	0.01668	0.01229	0.01668	0.01054	0.01405	0.00790	0.00439	0.00615	0.00176	0.00878	0.00615	0.00263	0.00702
27	0.00983	0.00926	0.01562	0.80447	0.03587	0.01157	0.01446	0.01331	0.01041	0.01331	0.00926	0.01388	0.00694	0.00521	0.00521	0.00174	0.00694	0.00463	0.00231	0.00579
28	0.04975	0.01403	0.10614	0.01120	0.01539	0.01304	0.00999	0.45149	0.01916	0.15900	0.01387	0.03175	0.01024	0.03755	0.03167	0.00195	0.00586	0.00497	0.00483	0.00815
29	0.01139	0.01139	0.01595	0.01367	0.01367	0.01595	0.01139	0.01253	0.00798	0.01253	0.00684	0.01139	0.00684	0.00911	0.01709	0.00228	0.80745	0.00456	0.00228	0.00570
30	0.00757	0.00505	0.00568	0.00568	0.00568	0.00505	0.00316	0.00757	0.00757	0.01010	0.01641	0.03408	0.01893	0.81698	0.02651	0.00505	0.00505	0.00757	0.00316	0.00316
31	0.01289	0.01237	0.02114	0.03196	0.78450	0.01237	0.01598	0.01598	0.01186	0.01701	0.00980	0.01289	0.00825	0.00464	0.00516	0.00155	0.00619	0.00464	0.00258	0.00825
32	0.01980	0.01459	0.01563	0.01198	0.01615	0.01615	0.00990	0.76713	0.02448	0.03282	0.01250	0.01250	0.00886	0.00625	0.00521	0.00156	0.00573	0.00469	0.00521	0.00886
33	0.01392	0.82012	0.02729	0.00891	0.01337	0.02061	0.00891	0.01559	0.01058	0.01225	0.00724	0.00835	0.00668	0.00446	0.00334	0.00111	0.00557	0.00278	0.00223	0.00668
34	0.00649	0.00498	0.00570	0.00611	0.00707	0.00446	0.00421	0.00754	0.01075	0.01362	0.07993	0.31907	0.36823	0.12660	0.00918	0.00234	0.00310	0.01178	0.00465	0.00419
35	0.01139	0.01139	0.01595	0.01367	0.01367	0.01595	0.01139	0.01253	0.00798	0.01253	0.00684	0.01139	0.00684	0.00911	0.01709	0.00228	0.80745	0.00456	0.00228	0.00570
36	0.01002	0.00944	0.01595	0.75794	0.08096	0.01162	0.01455	0.01347	0.01050	0.01353	0.00929	0.01382	0.00702	0.00517	0.00520	0.00172	0.00690	0.00463	0.00233	0.00593
37	0.00697	0.00483	0.00583	0.00636	0.00657	0.00466	0.00393	0.00743	0.00881	0.01168	0.02330	0.38158	0.05577	0.42917	0.01687	0.00361	0.00405	0.01093	0.00397	0.00368
38	0.01945	0.02482	0.01476	0.01342	0.01610	0.79608	0.01006	0.02079	0.01476	0.01275	0.00805	0.00939	0.00671	0.00537	0.00470	0.00134	0.00939	0.00335	0.00268	0.00604
39	0.00704	0.00529	0.00652	0.00626	0.00759	0.00476	0.00468	0.00916	0.01388	0.01896	0.57765	0.06686	0.22931	0.01146	0.00616	0.00168	0.00252	0.00998	0.00548	0.00476
40	0.01289	0.01237	0.02114	0.03196	0.78450	0.01237	0.01598	0.01598	0.01186	0.01701	0.00980	0.01289	0.00825	0.00464	0.00516	0.00155	0.00619	0.00464	0.00258	0.00825
41	0.00682	0.00518	0.00735	0.11627	0.01143	0.00523	0.00615	0.00808	0.01003	0.01330	0.02604	0.70423	0.03068	0.01480	0.00645	0.00206	0.00356	0.01341	0.00449	0.00444
42	0.01788	0.01390	0.01568	0.07423	0.08310	0.04626	0.01061	0.52243	0.07566	0.05253	0.01262	0.01317	0.00917	0.00612	0.00543	0.00160	0.02187	0.00473	0.00465	0.00835
43	0.00787	0.00640	0.00684	0.00660	0.00829	0.02311	0.00501	0.06654	0.01338	0.01698	0.20764	0.10991	0.44832	0.01224	0.00613	0.00176	0.00310	0.03995	0.00501	0.00489
44	0.02215	0.00918	0.01253	0.07025	0.01516	0.00838	0.00829	0.06135	0.01504	0.69125	0.01928	0.01717	0.01224	0.00634	0.00523	0.00162	0.00469	0.00516	0.00607	0.00863
45	0.85377	0.01007	0.00765	0.00685	0.01007	0.01168	0.00564	0.01531	0.00886	0.02336	0.00725	0.00846	0.00564	0.00483	0.00322	0.00161	0.00403	0.00282	0.00322	0.00564
46	0.01253	0.01201	0.02049	0.12267	0.69660	0.01228	0.01580	0.01567	0.01169	0.01658	0.00973	0.01301	0.00810	0.00471	0.00516	0.00157	0.00628	0.00464	0.00255	0.00796
47	0.03205	0.26390	0.14211	0.01242	0.06037	0.15115	0.01102	0.09408	0.07380	0.09631	0.01087	0.01148	0.00833	0.00530	0.00447	0.00142	0.00636	0.00385	0.00332	0.00737
48	0.00896	0.00760	0.00799	0.00729	0.00967	0.00749	0.00561	0.03337	0.24244	0.01738	0.06928	0.03643	0.44171	0.01035	0.00570	0.00168	0.00325	0.00862	0.00489	0.07030
49	0.00666	0.00517	0.00607	0.00617	0.00747	0.00458	0.00455	0.00833	0.01253	0.01634	0.30279	0.18385	0.37495	0.01289	0.00626	0.00179	0.00269	0.02719	0.00515	0.00456
50	0.01384	0.01392	0.03649	0.07304	0.58929	0.09054	0.01491	0.07379	0.01301	0.01757	0.00979	0.01253	0.00803	0.00488	0.00511	0.00154	0.00655	0.00450	0.00277	0.00792
51	0.01045	0.02694	0.79000	0.01484	0.02254	0.01209	0.01924	0.01649	0.01099	0.01649	0.00935	0.01099	0.00660	0.00495	0.00495	0.00165	0.00770	0.00385	0.00220	0.00770
52	0.01167	0.18230	0.59379	0.01359	0.02035	0.06098	0.01666	0.01658	0.01114	0.01544	0.00885	0.01038	0.00662	0.00488	0.00462	0.00153	0.00738	0.00361	0.00223	0.00740
53	0.01357	0.74051	0.10384	0.00951	0.01429	0.01975	0.00995	0.01568	0.01062	0.01268	0.00745	0.00862	0.00667	0.00450	0.00350	0.00117	0.00578	0.00289	0.00222	0.00678
54	0.00736	0.00499	0.00585	0.00600	0.00616	0.00491	0.00357	0.00772	0.00857	0.01154	0.08466	0.15792	0.02401	0.62035	0.02160	0.00429	0.00450	0.00888	0.00364	0.00348
55	0.01342	0.61879	0.14497	0.01003	0.01487	0.01861	0.01049	0.03120	0.06941	0.01404	0.00874	0.00969	0.00742	0.00477	0.00378	0.00126	0.00579	0.00322	0.00252	0.00700
56	0.03006	0.03972	0.53112	0.01777	0.18677	0.02628	0.01704	0.01605	0.01140	0.01684	0.05178	0.01280	0.00928	0.00519	0.00498	0.00161	0.00698	0.00427	0.00251	0.00756
57	0.00929	0.00580	0.00753	0.00764	0.00879	0.00552	0.00564	0.04433	0.01207	0.09441	0.17171	0.36308	0.04913	0.06601	0.00814	0.02969	0.00356	0.09769	0.00499	0.00498
58	0.08203	0.12264	0.01388	0.01075	0.04761	0.01291	0.00834	0.02345	0.44658	0.11497	0.03307	0.01779	0.01407	0.00658	0.00491	0.00165	0.00443	0.02191	0.00472	0.00775
59	0.06538	0.04644	0.07470	0.01165	0.01590	0.01409	0.05521	0.46923	0.03376	0.04183	0.01227	0.01334	0.00909	0.00590	0.00493	0.00152	0.00561	0.01640	0.05058	0.05219
60	0.12866	0.55372	0.11970	0.00978	0.01442	0.04316	0.02424	0.01604	0.01065	0.02856	0.00784	0.00901	0.00667	0.00463	0.00366	0.00128	0.00579	0.00305	0.00246	0.00669

[dist]
# distance from previous block
# <min> <max>
3	7

[block]
# block no. 2 follows, 47 sequences, length 13
# corresponding to MSA columns:
# 201-213
name=unknown_C
#
# <colnr> <probs for GDERKNQSTAVLIFYWHMCP>
#	G	D	E	R	K	N	Q	S	T	A	V	L	I	F	Y	W	H	M	C	P
0	0.01313	0.63958	0.20089	0.01026	0.01545	0.01867	0.01126	0.01580	0.01068	0.01322	0.00772	0.00895	0.00666	0.00457	0.00371	0.00124	0.00605	0.00303	0.00222	0.00691
1	0.00697	0.00524	0.00648	0.00651	0.00774	0.00475	0.00487	0.00892	0.01316	0.01774	0.44294	0.15322	0.23348	0.01233	0.00628	0.00178	0.00272	0.05487	0.00532	0.00468
2	0.01980	0.01459	0.01563	0.01198	0.01615	0.01615	0.00990	0.76713	0.02448	0.03282	0.01250	0.01250	0.00886	0.00625	0.00521	0.00156	0.00573	0.00469	0.00521	0.00886
3	0.01980	0.01459	0.01563	0.01198	0.01615	0.01615	0.00990	0.76713	0.02448	0.03282	0.01250	0.01250	0.00886	0.00625	0.00521	0.00156	0.00573	0.00469	0.00521	0.00886
4	0.00635	0.00523	0.00559	0.00560	0.00718	0.00446	0.00416	0.00782	0.01219	0.01507	0.16344	0.09923	0.61964	0.01301	0.00619	0.00176	0.00264	0.01100	0.00497	0.00446
5	0.01980	0.01459	0.01563	0.01198	0.01615	0.01615	0.00990	0.76713	0.02448	0.03282	0.01250	0.01250	0.00886	0.00625	0.00521	0.00156	0.00573	0.00469	0.00521	0.00886
6	0.85377	0.01007	0.00765	0.00685	0.01007	0.01168	0.00564	0.01531	0.00886	0.02336	0.00725	0.00846	0.00564	0.00483	0.00322	0.00161	0.00403	0.00282	0.00322	0.00564
7	0.01980	0.01459	0.01563	0.01198	0.01615	0.01615	0.00990	0.76713	0.02448	0.03282	0.01250	0.01250	0.00886	0.00625	0.00521	0.00156	0.00573	0.00469	0.00521	0.00886
8	0.01191	0.22398	0.54877	0.01327	0.01983	0.06642	0.01606	0.01656	0.01114	0.01519	0.00874	0.01023	0.00663	0.00485	0.00453	0.00150	0.00728	0.00355	0.00224	0.00733
9	0.01433	0.61964	0.07441	0.00967	0.01417	0.01882	0.00958	0.12689	0.01282	0.01589	0.03616	0.01025	0.00853	0.00498	0.00382	0.00123	0.00562	0.00338	0.00279	0.00701
10	0.01114	0.18441	0.63857	0.01367	0.02072	0.01378	0.01719	0.01631	0.01091	0.01565	0.00893	0.01047	0.00661	0.00485	0.00463	0.00154	0.00727	0.00364	0.00220	0.00750
11	0.04596	0.27237	0.07213	0.02992	0.01401	0.02957	0.02872	0.09369	0.04199	0.14281	0.04335	0.10930	0.01361	0.03398	0.00545	0.00163	0.00520	0.00557	0.00388	0.00685
12	0.01218	0.28695	0.43618	0.01220	0.01840	0.01478	0.01434	0.06087	0.01165	0.01610	0.00883	0.01020	0.00684	0.00479	0.00435	0.00140	0.00660	0.00349	0.00245	0.06738

[dist]
# distance from previous block
# <min> <max>
5	16

[block]
# block no. 3 follows, 47 sequences, length 32
# corresponding to MSA columns:
# 230-261
name=unknown_D
#
# <colnr> <probs for GDERKNQSTAVLIFYWHMCP>
#	G	D	E	R	K	N	Q	S	T	A	V	L	I	F	Y	W	H	M	C	P
0	0.14807	0.03707	0.02987	0.01068	0.03861	0.08411	0.04478	0.19694	0.03128	0.03775	0.05107	0.13406	0.08502	0.02464	0.00584	0.00174	0.02130	0.00662	0.00414	0.00642
1	0.10231	0.06535	0.01277	0.05806	0.17398	0.00990	0.00869	0.04263	0.08155	0.06171	0.19810	0.06518	0.08345	0.00781	0.00524	0.00163	0.00431	0.00666	0.00422	0.00645
2	0.22725	0.04602	0.31106	0.01175	0.01669	0.03658	0.03355	0.09330	0.01205	0.06102	0.02510	0.01140	0.00787	0.00549	0.00535	0.00163	0.06081	0.00390	0.00312	0.02607
3	0.05461	0.11583	0.10199	0.11078	0.06951	0.09368	0.01058	0.17904	0.01461	0.03477	0.07091	0.01747	0.09178	0.00653	0.00496	0.00154	0.00582	0.00513	0.00362	0.00682
4	0.01169	0.08485	0.01125	0.03671	0.01152	0.05163	0.00674	0.13109	0.13627	0.03337	0.09937	0.02686	0.14916	0.17577	0.00969	0.00231	0.00466	0.00681	0.00430	0.00594
5	0.01332	0.01340	0.01930	0.18955	0.48302	0.11813	0.04141	0.01628	0.01202	0.03032	0.00968	0.01276	0.00784	0.00488	0.00514	0.00157	0.00684	0.00453	0.00261	0.00740
6	0.01311	0.01396	0.02305	0.14108	0.20802	0.09611	0.32597	0.04613	0.02978	0.01648	0.01013	0.01324	0.00790	0.00493	0.00583	0.00166	0.02764	0.00516	0.00273	0.00709
7	0.01171	0.01109	0.01847	0.09172	0.60070	0.01130	0.01419	0.01452	0.01153	0.01616	0.01389	0.06909	0.06273	0.00615	0.00559	0.00163	0.02348	0.00575	0.00285	0.00746
8	0.00713	0.00579	0.00735	0.00761	0.00838	0.00595	0.00554	0.00827	0.01040	0.01380	0.06347	0.46173	0.21761	0.01402	0.00785	0.00200	0.11171	0.01195	0.00448	0.02497
9	0.00802	0.00555	0.00666	0.00648	0.00685	0.00581	0.00416	0.02970	0.00874	0.01204	0.06697	0.03088	0.01938	0.58561	0.13919	0.00506	0.02420	0.00718	0.02373	0.00376
10	0.00745	0.00579	0.00711	0.00790	0.05922	0.00545	0.00505	0.00918	0.03665	0.01484	0.18419	0.15962	0.25838	0.20321	0.01096	0.00256	0.00352	0.00986	0.00448	0.00457
11	0.03346	0.00886	0.01374	0.26503	0.09044	0.02266	0.06590	0.01204	0.01026	0.01422	0.01543	0.19650	0.03981	0.01039	0.05429	0.00224	0.10178	0.00725	0.03009	0.00560
12	0.02507	0.00707	0.00884	0.04226	0.01078	0.05858	0.05756	0.02380	0.01082	0.01444	0.02437	0.57609	0.04412	0.01320	0.00614	0.00194	0.00403	0.01191	0.05421	0.00476
13	0.01371	0.06933	0.02132	0.04033	0.01960	0.14630	0.29791	0.01633	0.01160	0.06031	0.01019	0.03515	0.00849	0.00661	0.02133	0.00183	0.17542	0.00514	0.00284	0.03626
14	0.01706	0.06800	0.01499	0.01149	0.01508	0.11066	0.00929	0.37656	0.27578	0.02528	0.01455	0.01419	0.01083	0.00630	0.00505	0.00157	0.00562	0.00480	0.00473	0.00816
15	0.85377	0.01007	0.00765	0.00685	0.01007	0.01168	0.00564	0.01531	0.00886	0.02336	0.00725	0.00846	0.00564	0.00483	0.00322	0.00161	0.00403	0.00282	0.00322	0.00564
16	0.06079	0.30886	0.35233	0.01339	0.04418	0.01509	0.09012	0.01592	0.01086	0.01534	0.00898	0.02596	0.00730	0.00492	0.00443	0.00147	0.00669	0.00388	0.00238	0.00710
17	0.01049	0.00916	0.01221	0.23646	0.09886	0.01010	0.00978	0.06667	0.18812	0.01726	0.02438	0.04371	0.20585	0.00826	0.00557	0.00175	0.00488	0.03607	0.00402	0.00640
18	0.00750	0.00533	0.00656	0.00635	0.00762	0.00483	0.00465	0.00938	0.01316	0.04147	0.47083	0.11172	0.21160	0.06668	0.00755	0.00194	0.00279	0.01002	0.00529	0.00473
19	0.01888	0.01396	0.01494	0.01153	0.01554	0.01536	0.00950	0.71627	0.02364	0.03156	0.01520	0.01502	0.06065	0.00672	0.00527	0.00158	0.00552	0.00511	0.00518	0.00856
20	0.00682	0.00510	0.00609	0.00636	0.00734	0.00466	0.00452	0.00817	0.01146	0.01500	0.21472	0.23694	0.26821	0.13131	0.00931	0.00233	0.00316	0.04938	0.00480	0.00432
21	0.00931	0.00492	0.00713	0.00704	0.00722	0.00500	0.00479	0.03397	0.00755	0.01010	0.00983	0.03577	0.00981	0.01834	0.04589	0.76859	0.00485	0.00482	0.00245	0.00263
22	0.01175	0.01121	0.01908	0.31940	0.50595	0.01207	0.01542	0.01499	0.01132	0.01563	0.00959	0.01326	0.00776	0.00485	0.00517	0.00162	0.00647	0.00464	0.00248	0.00733
23	0.04504	0.00713	0.00699	0.00640	0.00816	0.03031	0.00494	0.10733	0.03953	0.02123	0.06814	0.01915	0.01481	0.00637	0.00408	0.00133	0.00317	0.00505	0.59530	0.00554
24	0.00707	0.00485	0.00636	0.00729	0.00791	0.00449	0.00507	0.00819	0.01057	0.04022	0.05920	0.65883	0.08727	0.01543	0.00658	0.00207	0.00312	0.05611	0.00492	0.00446
25	0.00751	0.00514	0.00625	0.00673	0.00784	0.00458	0.00480	0.00870	0.01112	0.06667	0.05091	0.45644	0.29872	0.01438	0.00638	0.00195	0.00301	0.02930	0.00496	0.00463
26	0.00839	0.00573	0.00764	0.00812	0.00917	0.00550	0.02102	0.01049	0.05338	0.06607	0.02824	0.47776	0.07826	0.04530	0.00731	0.00220	0.00368	0.15198	0.00485	0.00490
27	0.04516	0.17547	0.04842	0.01503	0.14494	0.32079	0.01083	0.08493	0.01398	0.08021	0.00964	0.01078	0.00763	0.00520	0.00456	0.00139	0.00712	0.00374	0.00311	0.00707
28	0.01118	0.23133	0.55103	0.01287	0.01938	0.01392	0.01581	0.01591	0.01109	0.01563	0.04957	0.01178	0.00886	0.00512	0.00459	0.00151	0.00687	0.00387	0.00239	0.00729
29	0.01631	0.01271	0.01483	0.06705	0.06749	0.04468	0.01014	0.37153	0.06408	0.07644	0.01260	0.02519	0.00993	0.05304	0.00823	0.00190	0.12699	0.00502	0.00426	0.00759
30	0.05747	0.04913	0.66962	0.01410	0.02112	0.01208	0.03976	0.01614	0.01105	0.01692	0.03961	0.01196	0.00826	0.00513	0.00488	0.00163	0.00725	0.00405	0.00241	0.00742
31	0.01391	0.08909	0.10599	0.07038	0.04656	0.20127	0.01046	0.13081	0.03681	0.01732	0.04571	0.01559	0.06161	0.00842	0.05918	0.00195	0.02336	0.00472	0.00331	0.05355

[dist]
# distance from previous block
# <min> <max>
5	21

[block]
# block no. 4 follows, 47 sequences, length 13
# corresponding to MSA columns:
# 283-295
name=unknown_E
#
# <colnr> <probs for GDERKNQSTAVLIFYWHMCP>
#	G	D	E	R	K	N	Q	S	T	A	V	L	I	F	Y	W	H	M	C	P
0	0.01145	0.08451	0.55162	0.01463	0.05037	0.01212	0.07217	0.01647	0.01134	0.05202	0.02497	0.01238	0.00823	0.00509	0.00489	0.00159	0.00702	0.00419	0.04749	0.00744
1	0.04708	0.25775	0.04596	0.01275	0.08362	0.24913	0.00993	0.12820	0.03584	0.01671	0.01081	0.01228	0.03485	0.02811	0.00504	0.00148	0.00665	0.00395	0.00308	0.00682
2	0.01140	0.17587	0.52599	0.01385	0.04658	0.04049	0.01589	0.01600	0.01114	0.01563	0.04445	0.01181	0.00865	0.00527	0.00515	0.00156	0.03670	0.00394	0.00240	0.00726
3	0.00716	0.00520	0.00676	0.00704	0.00802	0.00485	0.00525	0.00905	0.01270	0.01736	0.40505	0.24577	0.09672	0.03420	0.00696	0.00197	0.00301	0.11307	0.00523	0.00463
4	0.00767	0.00626	0.00691	0.00682	0.00846	0.00605	0.00507	0.01161	0.15377	0.01661	0.17490	0.16874	0.38356	0.01211	0.00608	0.00180	0.00294	0.01039	0.00508	0.00518
5	0.04341	0.05032	0.40282	0.02993	0.05843	0.16050	0.07490	0.03866	0.01222	0.03827	0.01014	0.03873	0.00798	0.00542	0.00497	0.00159	0.00750	0.00436	0.00268	0.00716
6	0.01070	0.01014	0.01718	0.58561	0.24796	0.01180	0.01489	0.01406	0.01082	0.01436	0.00941	0.01360	0.00731	0.00505	0.00519	0.00168	0.00673	0.00463	0.00239	0.00648
7	0.00650	0.00469	0.00616	0.00705	0.00757	0.00435	0.00481	0.00768	0.01083	0.01457	0.15305	0.65367	0.06924	0.01525	0.00654	0.00202	0.00291	0.01376	0.00498	0.00435
8	0.01328	0.01343	0.01972	0.09092	0.56420	0.09707	0.03410	0.01658	0.03861	0.01624	0.00987	0.01279	0.00818	0.00502	0.00561	0.00158	0.03790	0.00458	0.00265	0.00768
9	0.04421	0.08168	0.01429	0.03507	0.04188	0.14921	0.02976	0.16522	0.08143	0.04002	0.01238	0.01510	0.01018	0.02902	0.13270	0.00271	0.04281	0.01585	0.04987	0.00663
10	0.00691	0.00495	0.00643	0.00725	0.00777	0.00470	0.00494	0.02999	0.01092	0.01473	0.12373	0.66441	0.03503	0.04290	0.00722	0.00214	0.00310	0.01357	0.00490	0.00442
11	0.00914	0.00745	0.00795	0.00751	0.00946	0.02948	0.00574	0.01421	0.20771	0.03919	0.22685	0.06610	0.30446	0.01072	0.00592	0.00175	0.00330	0.03222	0.00516	0.00569
12	0.01168	0.00984	0.01268	0.11274	0.01503	0.04960	0.04079	0.05931	0.01116	0.04217	0.04033	0.05003	0.01171	0.03271	0.00920	0.00181	0.24903	0.00528	0.17068	0.06422

[dist]
# distance from previous block
# <min> <max>
0	8

[block]
# block no. 5 follows, 47 sequences, length 23
# corresponding to MSA columns:
# 304-326
name=unknown_F
#
# <colnr> <probs for GDERKNQSTAVLIFYWHMCP>
#	G	D	E	R	K	N	Q	S	T	A	V	L	I	F	Y	W	H	M	C	P
0	0.01157	0.00970	0.01515	0.57855	0.07931	0.01150	0.01314	0.01647	0.11817	0.07765	0.01188	0.01491	0.00877	0.00553	0.00522	0.00172	0.00629	0.00486	0.00309	0.00654
1	0.01353	0.58683	0.07925	0.00956	0.01370	0.10103	0.00934	0.01557	0.01152	0.01357	0.09361	0.01205	0.01140	0.00528	0.00391	0.00124	0.00579	0.00366	0.00266	0.00649
2	0.04396	0.10904	0.01695	0.02908	0.19946	0.22738	0.01071	0.05967	0.02892	0.10216	0.01031	0.01168	0.00813	0.00534	0.00528	0.00143	0.04771	0.00398	0.00324	0.07556
3	0.05751	0.01192	0.01422	0.08257	0.13465	0.01341	0.01022	0.19335	0.38014	0.02293	0.01570	0.01579	0.01181	0.00623	0.00514	0.00168	0.00505	0.00515	0.00449	0.00804
4	0.01186	0.01097	0.01627	0.22362	0.07174	0.02642	0.07661	0.09618	0.01146	0.01607	0.01035	0.05422	0.00907	0.00719	0.00937	0.00188	0.28322	0.00526	0.05202	0.00623
5	0.00686	0.00494	0.00641	0.00729	0.00790	0.00466	0.00522	0.00808	0.01060	0.01401	0.08421	0.49854	0.09411	0.08718	0.00844	0.00236	0.00343	0.13674	0.00474	0.00429
6	0.00970	0.00804	0.01307	0.59338	0.02810	0.00974	0.01174	0.01217	0.00991	0.01332	0.01008	0.01479	0.00797	0.00729	0.00737	0.13211	0.00607	0.00464	0.09537	0.00514
7	0.00668	0.00530	0.00600	0.00583	0.00736	0.00462	0.00437	0.00849	0.01311	0.01701	0.36725	0.04528	0.46605	0.01209	0.00615	0.00171	0.00256	0.01031	0.00522	0.00462
8	0.00722	0.00536	0.00675	0.00652	0.00784	0.00489	0.00497	0.00946	0.01403	0.01929	0.59839	0.04227	0.18197	0.01136	0.00621	0.00171	0.00265	0.05880	0.00551	0.00481
9	0.00633	0.00457	0.00600	0.00715	0.00753	0.00424	0.00479	0.00726	0.01007	0.01333	0.02995	0.77412	0.07310	0.01615	0.00662	0.00210	0.00300	0.01461	0.00483	0.00424
10	0.00634	0.00453	0.00604	0.00725	0.00755	0.00423	0.00483	0.00725	0.00997	0.01329	0.02870	0.81358	0.03444	0.01632	0.00665	0.00211	0.00302	0.01480	0.00483	0.00423
11	0.02097	0.00989	0.01236	0.00973	0.01357	0.00949	0.00796	0.12434	0.12777	0.55726	0.02029	0.01801	0.03014	0.00666	0.00526	0.00163	0.00452	0.00539	0.00608	0.00867
12	0.01904	0.01301	0.01500	0.10363	0.01794	0.01424	0.01005	0.54871	0.03819	0.14665	0.01356	0.01362	0.00941	0.00618	0.00522	0.00159	0.00564	0.00479	0.00507	0.00849
13	0.85377	0.01007	0.00765	0.00685	0.01007	0.01168	0.00564	0.01531	0.00886	0.02336	0.00725	0.00846	0.00564	0.00483	0.00322	0.00161	0.00403	0.00282	0.00322	0.00564
14	0.85377	0.01007	0.00765	0.00685	0.01007	0.01168	0.00564	0.01531	0.00886	0.02336	0.00725	0.00846	0.00564	0.00483	0.00322	0.00161	0.00403	0.00282	0.00322	0.00564
15	0.01139	0.01139	0.01595	0.01367	0.01367	0.01595	0.01139	0.01253	0.00798	0.01253	0.00684	0.01139	0.00684	0.00911	0.01709	0.00228	0.80745	0.00456	0.00228	0.00570
16	0.00757	0.00505	0.00568	0.00568	0.00568	0.00505	0.00316	0.00757	0.00757	0.01010	0.01641	0.03408	0.01893	0.81698	0.02651	0.00505	0.00505	0.00757	0.00316	0.00316
17	0.02336	0.00886	0.01209	0.00927	0.01329	0.00765	0.00765	0.02538	0.01491	0.78810	0.02055	0.01773	0.01289	0.00645	0.00524	0.00161	0.00443	0.00524	0.00645	0.00886
18	0.82375	0.01003	0.00781	0.00694	0.01019	0.01154	0.00571	0.01567	0.00908	0.05101	0.00773	0.00879	0.00590	0.00489	0.00330	0.00161	0.00404	0.00291	0.00334	0.00576
19	0.01021	0.00622	0.00659	0.00631	0.00784	0.00648	0.00477	0.05067	0.11714	0.02007	0.08030	0.07851	0.01792	0.00733	0.00437	0.00141	0.00287	0.00608	0.55943	0.00548
20	0.00737	0.00532	0.00696	0.00655	0.00778	0.00491	0.00491	0.00983	0.01474	0.02088	0.78175	0.03890	0.04914	0.01065	0.00614	0.00164	0.00246	0.00942	0.00573	0.00491
21	0.00751	0.00513	0.00588	0.00601	0.00624	0.00506	0.00368	0.00782	0.00830	0.01091	0.02027	0.05672	0.07583	0.67326	0.02296	0.00452	0.00480	0.06824	0.00345	0.00341
22	0.01563	0.53357	0.02288	0.01046	0.01426	0.22989	0.00937	0.05556	0.01233	0.01345	0.00771	0.00896	0.00681	0.00497	0.00431	0.00124	0.03641	0.00310	0.00251	0.00658

[dist]
# distance from previous block
# <min> <max>
0	2

[block]
# block no. 6 follows, 47 sequences, length 29
# corresponding to MSA columns:
# 329-357
name=unknown_G
#
# <colnr> <probs for GDERKNQSTAVLIFYWHMCP>
#	G	D	E	R	K	N	Q	S	T	A	V	L	I	F	Y	W	H	M	C	P
0	0.80453	0.05756	0.00881	0.00697	0.01026	0.01221	0.00583	0.01532	0.00896	0.02271	0.00725	0.00845	0.00570	0.00481	0.00323	0.00158	0.00412	0.00282	0.00316	0.00570
1	0.10397	0.07685	0.01513	0.01364	0.08107	0.47966	0.00981	0.03823	0.10515	0.01574	0.00975	0.01080	0.00788	0.00541	0.00457	0.00143	0.00757	0.00371	0.00307	0.00657
2	0.05487	0.01237	0.01374	0.01226	0.07435	0.03978	0.00909	0.40181	0.08153	0.12256	0.02934	0.06542	0.01246	0.03896	0.00606	0.00175	0.00526	0.00557	0.00490	0.00793
3	0.00813	0.00564	0.00702	0.00664	0.00814	0.00515	0.00505	0.01054	0.03032	0.06140	0.52791	0.05943	0.19867	0.01113	0.00612	0.00170	0.00273	0.03368	0.00552	0.00507
4	0.00713	0.00520	0.00671	0.00665	0.00776	0.00479	0.00492	0.00924	0.01364	0.01894	0.57905	0.17170	0.10177	0.01190	0.00626	0.00175	0.00263	0.02971	0.00549	0.00476
5	0.02145	0.02786	0.01202	0.00909	0.01287	0.00796	0.00749	0.02400	0.04559	0.67760	0.08088	0.01926	0.01575	0.00676	0.00527	0.00161	0.00429	0.00554	0.00624	0.00847
6	0.01165	0.01187	0.01641	0.03255	0.01474	0.04117	0.03740	0.01296	0.00840	0.01270	0.00706	0.01148	0.00687	0.00874	0.01603	0.00222	0.73511	0.00457	0.00230	0.00576
7	0.01271	0.01235	0.02133	0.05051	0.68627	0.01256	0.05968	0.01580	0.01167	0.01670	0.00969	0.01292	0.00813	0.00484	0.00575	0.00160	0.04221	0.00472	0.00256	0.00800
8	0.01295	0.01119	0.01178	0.01060	0.01354	0.01295	0.00824	0.02767	0.77509	0.02178	0.02120	0.01943	0.01590	0.00707	0.00530	0.00177	0.00412	0.00589	0.00530	0.00824
9	0.00757	0.00505	0.00568	0.00568	0.00568	0.00505	0.00316	0.00757	0.00757	0.01010	0.01641	0.03408	0.01893	0.81698	0.02651	0.00505	0.00505	0.00757	0.00316	0.00316
10	0.01139	0.01139	0.01595	0.01367	0.01367	0.01595	0.01139	0.01253	0.00798	0.01253	0.00684	0.01139	0.00684	0.00911	0.01709	0.00228	0.80745	0.00456	0.00228	0.00570
11	0.00983	0.00926	0.01562	0.80447	0.03587	0.01157	0.01446	0.01331	0.01041	0.01331	0.00926	0.01388	0.00694	0.00521	0.00521	0.00174	0.00694	0.00463	0.00231	0.00579
12	0.00744	0.00558	0.00837	0.00837	0.00930	0.00651	0.00651	0.00930	0.00837	0.01209	0.01395	0.02046	0.01302	0.03906	0.79635	0.00837	0.01395	0.00558	0.00279	0.00465
13	0.00737	0.00532	0.00696	0.00655	0.00778	0.00491	0.00491	0.00983	0.01474	0.02088	0.78175	0.03890	0.04914	0.01065	0.00614	0.00164	0.00246	0.00942	0.00573	0.00491
14	0.00712	0.00531	0.00662	0.00629	0.00763	0.00481	0.00472	0.00935	0.01415	0.01949	0.63267	0.04119	0.19909	0.01117	0.00614	0.00166	0.00249	0.00974	0.00555	0.00481
15	0.00983	0.00926	0.01562	0.80447	0.03587	0.01157	0.01446	0.01331	0.01041	0.01331	0.00926	0.01388	0.00694	0.00521	0.00521	0.00174	0.00694	0.00463	0.00231	0.00579
16	0.02336	0.00886	0.01209	0.00927	0.01329	0.00765	0.00765	0.02538	0.01491	0.78810	0.02055	0.01773	0.01289	0.00645	0.00524	0.00161	0.00443	0.00524	0.00645	0.00886
17	0.04696	0.01228	0.02059	0.03095	0.75312	0.01235	0.01556	0.01595	0.01174	0.01727	0.00969	0.01271	0.00814	0.00465	0.00508	0.00155	0.00610	0.00457	0.00260	0.00814
18	0.02296	0.00951	0.01249	0.00957	0.01362	0.00862	0.00791	0.10936	0.01599	0.70259	0.01963	0.01713	0.01243	0.00642	0.00523	0.00161	0.00458	0.00517	0.00631	0.00886
19	0.85377	0.01007	0.00765	0.00685	0.01007	0.01168	0.00564	0.01531	0.00886	0.02336	0.00725	0.00846	0.00564	0.00483	0.00322	0.00161	0.00403	0.00282	0.00322	0.00564
20	0.09981	0.01214	0.01974	0.02937	0.70444	0.01230	0.01491	0.01591	0.01155	0.01767	0.00953	0.01243	0.00798	0.00466	0.00496	0.00155	0.00596	0.00445	0.00264	0.00798
21	0.01195	0.01141	0.01944	0.26980	0.55401	0.01213	0.01551	0.01516	0.01141	0.01587	0.00963	0.01320	0.00785	0.00481	0.00517	0.00160	0.00642	0.00464	0.00250	0.00749
22	0.01229	0.01405	0.03073	0.02195	0.02722	0.01317	0.76558	0.01668	0.01229	0.01668	0.01054	0.01405	0.00790	0.00439	0.00615	0.00176	0.00878	0.00615	0.00263	0.00702
23	0.01980	0.01459	0.01563	0.01198	0.01615	0.01615	0.00990	0.76713	0.02448	0.03282	0.01250	0.01250	0.00886	0.00625	0.00521	0.00156	0.00573	0.00469	0.00521	0.00886
24	0.13634	0.01236	0.01319	0.01050	0.01425	0.01349	0.00859	0.43182	0.11872	0.13832	0.04055	0.01450	0.01129	0.00634	0.00498	0.00161	0.00498	0.00482	0.00514	0.00819
25	0.01273	0.01243	0.02067	0.11103	0.66498	0.03349	0.03682	0.01586	0.01180	0.01651	0.00971	0.01293	0.00806	0.00471	0.00518	0.00157	0.00642	0.00465	0.00255	0.00790
26	0.01392	0.82012	0.02729	0.00891	0.01337	0.02061	0.00891	0.01559	0.01058	0.01225	0.00724	0.00835	0.00668	0.00446	0.00334	0.00111	0.00557	0.00278	0.00223	0.00668
27	0.16958	0.00908	0.01131	0.00884	0.01273	0.00836	0.00730	0.02361	0.01384	0.65345	0.01820	0.01609	0.01161	0.00616	0.00488	0.00161	0.00436	0.00481	0.00588	0.00830
28	0.07941	0.01296	0.01358	0.01108	0.01471	0.01461	0.00895	0.43149	0.30711	0.02794	0.01540	0.01482	0.01128	0.00645	0.00510	0.00164	0.00500	0.00500	0.00510	0.00838

[dist]
# distance from previous block
# <min> <max>
0	1

[block]
# block no. 7 follows, 47 sequences, length 55
# corresponding to MSA columns:
# 359-413
name=unknown_H
#
# <colnr> <probs for GDERKNQSTAVLIFYWHMCP>
#	G	D	E	R	K	N	Q	S	T	A	V	L	I	F	Y	W	H	M	C	P
0	0.04967	0.01159	0.01855	0.28344	0.48332	0.03376	0.01486	0.01521	0.01133	0.01596	0.00946	0.01292	0.00766	0.00485	0.00507	0.00161	0.00643	0.00452	0.00252	0.00726
1	0.03692	0.00886	0.01085	0.00887	0.01204	0.00850	0.00719	0.14232	0.04299	0.38345	0.11710	0.02525	0.10091	0.02622	0.00597	0.00174	0.00422	0.04341	0.00571	0.00746
2	0.01821	0.00828	0.01062	0.00833	0.01195	0.00707	0.00677	0.03453	0.01401	0.51879	0.03976	0.02328	0.15757	0.00747	0.00526	0.00154	0.00401	0.00613	0.00569	0.11074
3	0.01284	0.01325	0.01697	0.01531	0.06944	0.10196	0.05231	0.04976	0.01002	0.01406	0.00765	0.01147	0.00708	0.00799	0.01371	0.00206	0.58095	0.00452	0.00250	0.00614
4	0.01980	0.01459	0.01563	0.01198	0.01615	0.01615	0.00990	0.76713	0.02448	0.03282	0.01250	0.01250	0.00886	0.00625	0.00521	0.00156	0.00573	0.00469	0.00521	0.00886
5	0.02336	0.00886	0.01209	0.00927	0.01329	0.00765	0.00765	0.02538	0.01491	0.78810	0.02055	0.01773	0.01289	0.00645	0.00524	0.00161	0.00443	0.00524	0.00645	0.00886
6	0.85377	0.01007	0.00765	0.00685	0.01007	0.01168	0.00564	0.01531	0.00886	0.02336	0.00725	0.00846	0.00564	0.00483	0.00322	0.00161	0.00403	0.00282	0.00322	0.00564
7	0.02243	0.01036	0.01301	0.00998	0.01404	0.00988	0.00824	0.21983	0.01742	0.59011	0.01844	0.01636	0.01183	0.00639	0.00523	0.00160	0.00477	0.00509	0.00612	0.00886
8	0.02010	0.01409	0.01532	0.01175	0.01590	0.01542	0.00970	0.70322	0.02366	0.09790	0.01320	0.01295	0.00920	0.00627	0.00521	0.00157	0.00562	0.00474	0.00532	0.00886
9	0.00632	0.00464	0.00593	0.00697	0.00748	0.00425	0.00471	0.00728	0.01024	0.01340	0.03212	0.70508	0.14074	0.01587	0.00658	0.00206	0.00297	0.01426	0.00483	0.00425
10	0.00983	0.00926	0.01562	0.80447	0.03587	0.01157	0.01446	0.01331	0.01041	0.01331	0.00926	0.01388	0.00694	0.00521	0.00521	0.00174	0.00694	0.00463	0.00231	0.00579
11	0.00983	0.00926	0.01562	0.80447	0.03587	0.01157	0.01446	0.01331	0.01041	0.01331	0.00926	0.01388	0.00694	0.00521	0.00521	0.00174	0.00694	0.00463	0.00231	0.00579
12	0.00833	0.00688	0.01007	0.00956	0.01028	0.00862	0.00760	0.01002	0.00828	0.01219	0.01236	0.01843	0.01163	0.03235	0.62180	0.00701	0.19169	0.00535	0.00268	0.00488
13	0.01945	0.02482	0.01476	0.01342	0.01610	0.79608	0.01006	0.02079	0.01476	0.01275	0.00805	0.00939	0.00671	0.00537	0.00470	0.00134	0.00939	0.00335	0.00268	0.00604
14	0.01045	0.02694	0.79000	0.01484	0.02254	0.01209	0.01924	0.01649	0.01099	0.01649	0.00935	0.01099	0.00660	0.00495	0.00495	0.00165	0.00770	0.00385	0.00220	0.00770
15	0.01043	0.00609	0.00878	0.00850	0.00995	0.00557	0.04672	0.01186	0.01136	0.17747	0.04856	0.50825	0.04082	0.03278	0.00681	0.00205	0.00375	0.04982	0.00504	0.00539
16	0.02336	0.00886	0.01209	0.00927	0.01329	0.00765	0.00765	0.02538	0.01491	0.78810	0.02055	0.01773	0.01289	0.00645	0.00524	0.00161	0.00443	0.00524	0.00645	0.00886
17	0.00634	0.00453	0.00604	0.00725	0.00755	0.00423	0.00483	0.00725	0.00997	0.01329	0.02870	0.81358	0.03444	0.01632	0.00665	0.00211	0.00302	0.01480	0.00483	0.00423
18	0.01271	0.01244	0.02195	0.05919	0.67704	0.01243	0.09516	0.01596	0.01185	0.01684	0.00985	0.01305	0.00816	0.00463	0.00526	0.00158	0.00649	0.00480	0.00257	0.00803
19	0.01289	0.01237	0.02114	0.03196	0.78450	0.01237	0.01598	0.01598	0.01186	0.01701	0.00980	0.01289	0.00825	0.00464	0.00516	0.00155	0.00619	0.00464	0.00258	0.00825
20	0.01149	0.26518	0.56091	0.01306	0.01978	0.01465	0.01614	0.01622	0.01087	0.01522	0.00871	0.01020	0.00662	0.00480	0.00447	0.00149	0.00706	0.00353	0.00221	0.00739
21	0.00639	0.00527	0.00562	0.00557	0.00719	0.00449	0.00416	0.00792	0.01238	0.01536	0.19263	0.06591	0.62353	0.01277	0.00616	0.00174	0.00261	0.01078	0.00501	0.00449
22	0.01192	0.01327	0.02784	0.12023	0.02742	0.01315	0.62093	0.01598	0.01177	0.01598	0.01013	0.01385	0.00771	0.00480	0.00675	0.00179	0.06127	0.00585	0.00257	0.00678
23	0.01149	0.26418	0.56187	0.01307	0.01980	0.01464	0.01615	0.01622	0.01087	0.01522	0.00872	0.01020	0.00662	0.00480	0.00447	0.00149	0.00706	0.00353	0.00221	0.00739
24	0.00634	0.00453	0.00604	0.00725	0.00755	0.00423	0.00483	0.00725	0.00997	0.01329	0.02870	0.81358	0.03444	0.01632	0.00665	0.00211	0.00302	0.01480	0.00483	0.00423
25	0.00659	0.00475	0.00600	0.00685	0.00732	0.00444	0.00459	0.00750	0.01002	0.01319	0.05193	0.57199	0.11244	0.13480	0.00955	0.00251	0.00331	0.03349	0.00461	0.00412
26	0.01598	0.05216	0.01151	0.00896	0.01200	0.00916	0.00720	0.03378	0.21503	0.33975	0.15833	0.05382	0.04368	0.00785	0.00540	0.00165	0.00397	0.00657	0.00566	0.00755
27	0.02029	0.01261	0.01424	0.01100	0.01503	0.01332	0.00906	0.51231	0.04440	0.24989	0.01605	0.01512	0.02880	0.00650	0.00524	0.00159	0.00523	0.00503	0.00556	0.00873
28	0.00905	0.00452	0.00678	0.00678	0.00678	0.00452	0.00452	0.00678	0.00678	0.00905	0.00905	0.01583	0.00905	0.01809	0.02035	0.84848	0.00452	0.00452	0.00226	0.00226
29	0.05653	0.01225	0.01993	0.05999	0.67351	0.01251	0.01506	0.05649	0.01233	0.01805	0.00979	0.01268	0.00810	0.00476	0.00506	0.00156	0.00608	0.00455	0.00274	0.00805
