[name]
unknown

[dist]
# distance from previous block
# <min> <max>
24	179

[block]
# block no. 0 follows, 46 sequences, length 54
# corresponding to MSA columns:
# 238-291
name=unknown_A
#
# <colnr> <probs for GDERKNQSTAVLIFYWHMCP>
#	G	D	E	R	K	N	Q	S	T	A	V	L	I	F	Y	W	H	M	C	P
0	0.04160	0.00725	0.00861	0.00786	0.00957	0.00732	0.00591	0.12034	0.01372	0.08801	0.21005	0.18830	0.11366	0.09910	0.03103	0.00235	0.02572	0.00907	0.00496	0.00558
1	0.01330	0.00946	0.01074	0.00963	0.01217	0.01019	0.00743	0.10486	0.35915	0.11646	0.10267	0.18003	0.02234	0.00928	0.00573	0.00181	0.00400	0.00796	0.00547	0.00734
2	0.20081	0.08785	0.14073	0.01010	0.02790	0.03109	0.00933	0.09043	0.01332	0.16299	0.11566	0.03841	0.01461	0.00645	0.00474	0.00158	0.00503	0.00498	0.00417	0.02982
3	0.21585	0.19420	0.27002	0.02938	0.01699	0.03578	0.03841	0.03545	0.06606	0.03893	0.00976	0.01092	0.00745	0.00511	0.00432	0.00155	0.00611	0.00371	0.00294	0.00707
4	0.00663	0.00473	0.00622	0.00729	0.00765	0.00447	0.00490	0.00755	0.01000	0.01330	0.02828	0.69124	0.04880	0.08061	0.02629	0.00253	0.00353	0.03703	0.00472	0.00424
5	0.01592	0.01319	0.01356	0.01043	0.01465	0.07182	0.00842	0.35533	0.06592	0.02451	0.01157	0.01219	0.00881	0.00534	0.00470	0.00126	0.00523	0.00407	0.00422	0.34888
6	0.03605	0.31916	0.46786	0.01275	0.01917	0.01549	0.03049	0.01637	0.01097	0.01535	0.00866	0.01016	0.00673	0.00482	0.00439	0.00147	0.00693	0.00352	0.00228	0.00736
7	0.04261	0.03954	0.10572	0.00973	0.02762	0.04570	0.00839	0.03014	0.10237	0.09804	0.09463	0.06226	0.08935	0.08871	0.00764	0.00205	0.00484	0.08565	0.00433	0.05067
8	0.03552	0.03358	0.29724	0.01906	0.02520	0.01308	0.46467	0.01681	0.01188	0.01697	0.01011	0.01290	0.00747	0.00467	0.00567	0.00173	0.00833	0.00526	0.00253	0.00733
9	0.01138	0.01082	0.01837	0.45628	0.37076	0.01211	0.01537	0.01473	0.01123	0.01520	0.00964	0.01364	0.00764	0.00503	0.00526	0.00168	0.00670	0.00470	0.00247	0.00700
10	0.00903	0.00498	0.00718	0.00720	0.00746	0.00505	0.00494	0.02910	0.00810	0.01090	0.03153	0.10828	0.01346	0.01911	0.07243	0.64443	0.00507	0.00600	0.00281	0.00296
11	0.40150	0.01228	0.13067	0.06455	0.01467	0.01060	0.00897	0.03312	0.01140	0.18549	0.05465	0.01339	0.01020	0.00593	0.00468	0.01821	0.00492	0.00414	0.00392	0.00672
12	0.00964	0.00599	0.00732	0.00706	0.00832	0.00566	0.00500	0.04417	0.01177	0.10970	0.13837	0.23611	0.14268	0.20863	0.03306	0.00283	0.00403	0.00992	0.00479	0.00496
13	0.02542	0.00547	0.00697	0.00719	0.00815	0.00510	0.00499	0.01021	0.01108	0.10918	0.13204	0.44123	0.05735	0.13878	0.00956	0.00246	0.00349	0.01154	0.00494	0.00483
14	0.16124	0.00729	0.00810	0.00723	0.00945	0.00719	0.00561	0.04106	0.03473	0.13857	0.30131	0.05809	0.15340	0.03650	0.00622	0.00181	0.00340	0.00782	0.00517	0.00581
15	0.01082	0.00655	0.00771	0.00711	0.00813	0.00651	0.00475	0.08754	0.01092	0.11100	0.04218	0.12678	0.02031	0.50534	0.01882	0.00384	0.00478	0.00806	0.00413	0.00472
16	0.10387	0.00817	0.01013	0.00851	0.01142	0.00772	0.00673	0.04906	0.03526	0.41210	0.12629	0.13718	0.02079	0.03084	0.00604	0.00181	0.00403	0.00715	0.00569	0.00722
17	0.71888	0.01024	0.00862	0.00745	0.01085	0.01152	0.00614	0.04430	0.01034	0.11796	0.00922	0.00990	0.00675	0.00516	0.00360	0.00163	0.00420	0.00324	0.00375	0.00625
18	0.00744	0.00509	0.00639	0.00691	0.00778	0.00463	0.00480	0.00865	0.01123	0.05173	0.13174	0.48754	0.17354	0.05736	0.00760	0.00215	0.00310	0.01272	0.00502	0.00459
19	0.09555	0.00947	0.01028	0.00904	0.01172	0.01023	0.00708	0.10356	0.29973	0.09558	0.16806	0.06108	0.05594	0.00821	0.00538	0.00171	0.00389	0.00681	0.02957	0.00711
20	0.00908	0.00463	0.00681	0.00681	0.00681	0.00463	0.00449	0.00694	0.00694	0.00926	0.00971	0.01737	0.00989	0.07418	0.02110	0.78721	0.00463	0.00481	0.00236	0.00236
21	0.00793	0.00549	0.00630	0.00622	0.00768	0.00483	0.00450	0.00929	0.01195	0.07339	0.14805	0.16772	0.41739	0.09516	0.00838	0.00216	0.00310	0.01075	0.00499	0.00473
22	0.00755	0.00566	0.00850	0.00850	0.00944	0.00661	0.00661	0.00944	0.00850	0.01227	0.01416	0.02077	0.01322	0.03965	0.79326	0.00850	0.01416	0.00566	0.00283	0.00472
23	0.00644	0.00460	0.00613	0.00736	0.00767	0.00429	0.00491	0.00736	0.01012	0.01350	0.02914	0.81076	0.03497	0.01656	0.00675	0.00215	0.00307	0.01503	0.00491	0.00429
24	0.01315	0.01136	0.01195	0.01076	0.01375	0.01315	0.00837	0.02809	0.77168	0.02211	0.02152	0.01972	0.01614	0.00717	0.00538	0.00179	0.00418	0.00598	0.00538	0.00837
25	0.02317	0.00902	0.01220	0.00939	0.01340	0.00788	0.00774	0.04184	0.01534	0.74595	0.04260	0.01850	0.01406	0.00666	0.00534	0.00164	0.00447	0.00543	0.00649	0.00888
26	0.01020	0.00962	0.01625	0.74757	0.08864	0.01180	0.01479	0.01370	0.01067	0.01377	0.00943	0.01402	0.00714	0.00525	0.00528	0.00175	0.00699	0.00470	0.00237	0.00605
27	0.01096	0.00940	0.01096	0.00783	0.01253	0.00705	0.00626	0.01331	0.01096	0.01723	0.00940	0.01096	0.00783	0.00392	0.00392	0.00078	0.00392	0.00313	0.00313	0.84653
28	0.85155	0.01022	0.00777	0.00695	0.01022	0.01186	0.00573	0.01554	0.00900	0.02372	0.00736	0.00859	0.00573	0.00491	0.00327	0.00164	0.00409	0.00286	0.00327	0.00573
29	0.00741	0.00540	0.00697	0.00658	0.00785	0.00496	0.00493	0.00984	0.01479	0.02079	0.73604	0.04016	0.09254	0.01096	0.00624	0.00167	0.00250	0.00965	0.00577	0.00496
30	0.00644	0.00460	0.00613	0.00736	0.00767	0.00429	0.00491	0.00736	0.01012	0.01350	0.02914	0.81076	0.03497	0.01656	0.00675	0.00215	0.00307	0.01503	0.00491	0.00429
31	0.00921	0.00715	0.00867	0.00899	0.06310	0.00694	0.00627	0.11280	0.01416	0.01869	0.22784	0.09338	0.27754	0.06285	0.00747	0.00199	0.00365	0.05894	0.00493	0.00543
32	0.85155	0.01022	0.00777	0.00695	0.01022	0.01186	0.00573	0.01554	0.00900	0.02372	0.00736	0.00859	0.00573	0.00491	0.00327	0.00164	0.00409	0.00286	0.00327	0.00573
33	0.02372	0.00900	0.01227	0.00941	0.01350	0.00777	0.00777	0.02576	0.01513	0.78489	0.02086	0.01799	0.01309	0.00654	0.00532	0.00164	0.00450	0.00532	0.00654	0.00900
34	0.00663	0.00534	0.00572	0.00564	0.00713	0.00463	0.00411	0.00804	0.01212	0.01513	0.18345	0.04703	0.56323	0.09851	0.00845	0.00212	0.00291	0.01049	0.00489	0.00443
35	0.01413	0.81739	0.02770	0.00905	0.01357	0.02092	0.00905	0.01583	0.01074	0.01244	0.00735	0.00848	0.00678	0.00452	0.00339	0.00113	0.00565	0.00283	0.00226	0.00678
36	0.02114	0.00922	0.01203	0.00966	0.01340	0.00855	0.00795	0.03833	0.11897	0.61270	0.02130	0.02106	0.01465	0.00719	0.00546	0.00171	0.00450	0.05731	0.00624	0.00862
37	0.00756	0.00565	0.00842	0.00842	0.00934	0.00657	0.00651	0.00939	0.00847	0.01222	0.01423	0.02115	0.01338	0.06122	0.77192	0.00840	0.01391	0.00572	0.00284	0.00468
38	0.00666	0.00501	0.00610	0.00657	0.00750	0.00453	0.00461	0.00802	0.01167	0.01532	0.20255	0.39318	0.25162	0.04256	0.00720	0.00204	0.00290	0.01244	0.00505	0.00446
39	0.06579	0.00503	0.00622	0.00723	0.00772	0.00488	0.00485	0.00796	0.00988	0.01400	0.02679	0.70375	0.03188	0.06790	0.00782	0.00231	0.00327	0.01370	0.00468	0.00432
40	0.02362	0.00916	0.01237	0.00948	0.01358	0.00802	0.00784	0.04683	0.01541	0.76344	0.02062	0.01784	0.01297	0.00654	0.00532	0.00163	0.00454	0.00530	0.00651	0.00900
41	0.01096	0.00940	0.01096	0.00783	0.01253	0.00705	0.00626	0.01331	0.01096	0.01723	0.00940	0.01096	0.00783	0.00392	0.00392	0.00078	0.00392	0.00313	0.00313	0.84653
42	0.00838	0.00538	0.00695	0.00755	0.00848	0.00499	0.00536	0.02623	0.01127	0.08301	0.04371	0.60028	0.10506	0.01494	0.00655	0.00206	0.00329	0.04657	0.00508	0.00487
43	0.01248	0.01426	0.03119	0.02228	0.02763	0.01337	0.76203	0.01693	0.01248	0.01693	0.01070	0.01426	0.00802	0.00446	0.00624	0.00178	0.00891	0.00624	0.00267	0.00713
44	0.00838	0.00578	0.00836	0.00931	0.05086	0.00540	0.02953	0.00984	0.01129	0.06890	0.11797	0.57400	0.03284	0.01409	0.00650	0.00202	0.00350	0.03146	0.00494	0.00503
45	0.55830	0.00934	0.00866	0.00744	0.01066	0.01006	0.00607	0.01711	0.01105	0.19629	0.08625	0.01489	0.03310	0.00608	0.00411	0.00164	0.00399	0.00430	0.00431	0.00636
46	0.00657	0.00478	0.00604	0.00692	0.00745	0.00442	0.00465	0.00754	0.01040	0.01369	0.06665	0.60662	0.13436	0.08336	0.00836	0.00233	0.00316	0.01363	0.00481	0.00426
47	0.02933	0.71442	0.08001	0.00955	0.01423	0.03961	0.00973	0.01618	0.01092	0.02518	0.00773	0.00885	0.00686	0.00462	0.00357	0.00119	0.00586	0.00296	0.00236	0.00686
48	0.03717	0.01509	0.01460	0.01176	0.01551	0.10908	0.00950	0.51690	0.13818	0.02824	0.01483	0.01465	0.03698	0.00658	0.00523	0.00160	0.00586	0.00497	0.00493	0.00832
49	0.00774	0.00502	0.00663	0.00736	0.00808	0.00461	0.00508	0.00892	0.01104	0.06800	0.10725	0.64760	0.06234	0.01515	0.00658	0.00205	0.00309	0.01364	0.00512	0.00470
50	0.01075	0.00807	0.00958	0.07459	0.01239	0.00842	0.00694	0.18657	0.05578	0.03463	0.08646	0.26200	0.16097	0.04944	0.00701	0.00199	0.00411	0.00959	0.00483	0.00587
51	0.85155	0.01022	0.00777	0.00695	0.01022	0.01186	0.00573	0.01554	0.00900	0.02372	0.00736	0.00859	0.00573	0.00491	0.00327	0.00164	0.00409	0.00286	0.00327	0.00573
52	0.01102	0.00996	0.01644	0.56700	0.18047	0.01168	0.01424	0.01485	0.04328	0.03549	0.01050	0.01448	0.00808	0.00650	0.03313	0.00196	0.00696	0.00481	0.00266	0.00652
53	0.00998	0.00940	0.01586	0.80150	0.03641	0.01175	0.01468	0.01351	0.01057	0.01351	0.00940	0.01409	0.00705	0.00529	0.00529	0.00176	0.00705	0.00470	0.00235	0.00587

[dist]
# distance from previous block
# <min> <max>
0	1

[block]
# block no. 1 follows, 46 sequences, length 31
# corresponding to MSA columns:
# 293-323
name=unknown_B
#
# <colnr> <probs for GDERKNQSTAVLIFYWHMCP>
#	G	D	E	R	K	N	Q	S	T	A	V	L	I	F	Y	W	H	M	C	P
0	0.00689	0.00477	0.00625	0.00722	0.00752	0.00454	0.00483	0.00760	0.00970	0.01291	0.02615	0.60669	0.03098	0.14238	0.01063	0.04301	0.00357	0.05577	0.00451	0.00406
1	0.01345	0.01380	0.03699	0.06606	0.66611	0.07831	0.01572	0.01652	0.01220	0.01672	0.00976	0.01279	0.00814	0.00481	0.00519	0.00156	0.00662	0.00458	0.00261	0.00806
2	0.01097	0.00903	0.01306	0.37630	0.02359	0.01041	0.01157	0.11496	0.04603	0.01740	0.01704	0.03048	0.01609	0.00885	0.00601	0.00198	0.00598	0.27045	0.00378	0.00604
3	0.01749	0.01359	0.01522	0.03128	0.07152	0.01514	0.01015	0.49464	0.22436	0.02869	0.01479	0.01464	0.01082	0.00643	0.00531	0.00164	0.00544	0.00508	0.00505	0.00871
4	0.01450	0.76582	0.02687	0.00934	0.01375	0.07118	0.00912	0.01617	0.01102	0.01247	0.00740	0.00855	0.00679	0.00458	0.00348	0.00115	0.00591	0.00286	0.00229	0.00674
5	0.00769	0.00513	0.00577	0.00577	0.00577	0.00513	0.00320	0.00769	0.00769	0.01025	0.01666	0.03460	0.01922	0.81421	0.02691	0.00513	0.00513	0.00769	0.00320	0.00320
6	0.00699	0.00508	0.00658	0.00684	0.00776	0.00468	0.00489	0.00878	0.01285	0.01768	0.43287	0.34559	0.09320	0.01326	0.00644	0.00186	0.00273	0.01183	0.00540	0.00468
7	0.00686	0.00534	0.00623	0.00610	0.00754	0.00471	0.00454	0.00873	0.01335	0.01758	0.40235	0.08931	0.38377	0.01233	0.00627	0.00175	0.00261	0.01061	0.00535	0.00471
8	0.67303	0.04918	0.01050	0.00882	0.03516	0.01250	0.03747	0.01680	0.08048	0.02255	0.00890	0.00999	0.00692	0.00508	0.00366	0.00163	0.00444	0.00335	0.00338	0.00616
9	0.09501	0.20061	0.36349	0.01338	0.01908	0.12435	0.08219	0.01705	0.01151	0.01594	0.00873	0.01036	0.00676	0.00491	0.00456	0.00151	0.00731	0.00371	0.00245	0.00708
10	0.01170	0.01112	0.01886	0.33928	0.46403	0.01204	0.01533	0.01498	0.01152	0.01586	0.02901	0.01415	0.00889	0.00509	0.00528	0.00165	0.00649	0.00483	0.00259	0.00729
11	0.00640	0.00476	0.00597	0.00694	0.00756	0.00433	0.00472	0.00741	0.01052	0.01366	0.03421	0.65298	0.18947	0.01590	0.00664	0.00207	0.00299	0.01422	0.00491	0.00433
12	0.85155	0.01022	0.00777	0.00695	0.01022	0.01186	0.00573	0.01554	0.00900	0.02372	0.00736	0.00859	0.00573	0.00491	0.00327	0.00164	0.00409	0.00286	0.00327	0.00573
13	0.01060	0.02735	0.78682	0.01507	0.02288	0.01228	0.01953	0.01674	0.01116	0.01674	0.00949	0.01116	0.00670	0.00502	0.00502	0.00167	0.00781	0.00391	0.00223	0.00781
14	0.85155	0.01022	0.00777	0.00695	0.01022	0.01186	0.00573	0.01554	0.00900	0.02372	0.00736	0.00859	0.00573	0.00491	0.00327	0.00164	0.00409	0.00286	0.00327	0.00573
15	0.02008	0.01526	0.01583	0.01223	0.01639	0.05001	0.01006	0.73146	0.02443	0.03244	0.01250	0.01256	0.00890	0.00631	0.00527	0.00158	0.00598	0.00470	0.00518	0.00887
16	0.00769	0.00513	0.00577	0.00577	0.00577	0.00513	0.00320	0.00769	0.00769	0.01025	0.01666	0.03460	0.01922	0.81421	0.02691	0.00513	0.00513	0.00769	0.00320	0.00320
17	0.85155	0.01022	0.00777	0.00695	0.01022	0.01186	0.00573	0.01554	0.00900	0.02372	0.00736	0.00859	0.00573	0.00491	0.00327	0.00164	0.00409	0.00286	0.00327	0.00573
18	0.00740	0.00567	0.00681	0.00648	0.00796	0.00523	0.00487	0.01016	0.05034	0.01927	0.53592	0.04178	0.25580	0.01137	0.00620	0.00170	0.00263	0.00984	0.00554	0.00500
19	0.00748	0.00540	0.00707	0.00665	0.00790	0.00499	0.00499	0.00998	0.01496	0.02120	0.77844	0.03949	0.04988	0.01081	0.00624	0.00166	0.00249	0.00956	0.00582	0.00499
20	0.00756	0.00565	0.00841	0.00841	0.00932	0.00656	0.00649	0.00938	0.00847	0.01221	0.01424	0.02123	0.01342	0.06540	0.76778	0.00838	0.01386	0.00573	0.00284	0.00467
21	0.01919	0.01265	0.01413	0.01105	0.01483	0.01359	0.00900	0.51965	0.05733	0.16753	0.03511	0.01596	0.01176	0.04671	0.02494	0.00194	0.00557	0.00521	0.00538	0.00847
22	0.80351	0.01015	0.00803	0.00709	0.01041	0.01162	0.00584	0.01613	0.00935	0.06789	0.00814	0.00913	0.00615	0.00500	0.00339	0.00164	0.00411	0.00301	0.00346	0.00592
23	0.01445	0.00690	0.00922	0.00786	0.01024	0.00615	0.00613	0.01658	0.01452	0.35079	0.38136	0.07727	0.03211	0.03405	0.00651	0.00179	0.00348	0.00800	0.00600	0.00662
24	0.00665	0.00515	0.00596	0.00620	0.00737	0.00457	0.00442	0.00805	0.01192	0.01535	0.20291	0.25120	0.37667	0.05996	0.00757	0.00205	0.00288	0.01165	0.00501	0.00446
25	0.00726	0.00526	0.00685	0.00674	0.00783	0.00485	0.00495	0.00944	0.01401	0.01961	0.62242	0.17872	0.06840	0.01192	0.00633	0.00175	0.00260	0.01059	0.00563	0.00485
26	0.01107	0.01039	0.04919	0.00836	0.01311	0.00766	0.00704	0.01434	0.05512	0.01749	0.01010	0.01148	0.00826	0.00416	0.00405	0.00089	0.00412	0.00334	0.00322	0.75662
27	0.01302	0.01269	0.02072	0.10339	0.68599	0.03892	0.01588	0.01614	0.01200	0.01677	0.00983	0.01306	0.00820	0.00479	0.00522	0.00158	0.00646	0.00466	0.00260	0.00807
28	0.12905	0.04924	0.01365	0.01182	0.01463	0.57620	0.00903	0.03515	0.01399	0.01492	0.01209	0.01304	0.07399	0.00605	0.00466	0.00143	0.00799	0.00402	0.00303	0.00602
29	0.17203	0.00787	0.00935	0.00959	0.07797	0.00799	0.00666	0.07070	0.01387	0.06350	0.37919	0.05661	0.06076	0.02237	0.00584	0.00174	0.00362	0.01956	0.00491	0.00588
30	0.03961	0.03123	0.05898	0.01216	0.03364	0.25741	0.00982	0.18748	0.10051	0.14632	0.04406	0.01414	0.01113	0.00613	0.00505	0.00153	0.00649	0.00459	0.00433	0.02539

[dist]
# distance from previous block
# <min> <max>
10	25

[block]
# block no. 2 follows, 46 sequences, length 6
# corresponding to MSA columns:
# 353-358
name=unknown_C
#
# <colnr> <probs for GDERKNQSTAVLIFYWHMCP>
#	G	D	E	R	K	N	Q	S	T	A	V	L	I	F	Y	W	H	M	C	P
0	0.01197	0.20891	0.40785	0.01626	0.07325	0.01454	0.16323	0.01653	0.01138	0.01581	0.00926	0.01127	0.00709	0.00477	0.00489	0.00156	0.00742	0.00417	0.00235	0.00748
1	0.01229	0.01175	0.02003	0.22901	0.59086	0.01235	0.01583	0.01553	0.01166	0.01631	0.00980	0.01334	0.00803	0.00486	0.00525	0.00162	0.00648	0.00471	0.00255	0.00773
2	0.00748	0.00540	0.00707	0.00665	0.00790	0.00499	0.00499	0.00998	0.01496	0.02120	0.77844	0.03949	0.04988	0.01081	0.00624	0.00166	0.00249	0.00956	0.00582	0.00499
3	0.00625	0.00536	0.00536	0.00536	0.00714	0.00446	0.00402	0.00759	0.01205	0.01428	0.05355	0.05088	0.77909	0.01339	0.00625	0.00179	0.00268	0.01116	0.00491	0.00446
4	0.00644	0.00460	0.00613	0.00736	0.00767	0.00429	0.00491	0.00736	0.01012	0.01350	0.02914	0.81076	0.03497	0.01656	0.00675	0.00215	0.00307	0.01503	0.00491	0.00429
5	0.01308	0.01256	0.02146	0.03245	0.78123	0.01256	0.01622	0.01622	0.01204	0.01727	0.00994	0.01308	0.00837	0.00471	0.00523	0.00157	0.00628	0.00471	0.00262	0.00837

[dist]
# distance from previous block
# <min> <max>
0	1

[block]
# block no. 3 follows, 46 sequences, length 90
# corresponding to MSA columns:
# 360-449
name=unknown_D
#
# <colnr> <probs for GDERKNQSTAVLIFYWHMCP>
#	G	D	E	R	K	N	Q	S	T	A	V	L	I	F	Y	W	H	M	C	P
0	0.01296	0.01290	0.02339	0.03043	0.63186	0.01272	0.16405	0.01637	0.01212	0.01720	0.01009	0.01332	0.00830	0.00466	0.00543	0.00161	0.00680	0.00501	0.00263	0.00813
1	0.00727	0.00540	0.00677	0.00642	0.00777	0.00490	0.00482	0.00956	0.01445	0.01999	0.65157	0.04148	0.17751	0.01126	0.00624	0.00168	0.00253	0.00984	0.00566	0.00490
2	0.01308	0.01256	0.02146	0.03245	0.78123	0.01256	0.01622	0.01622	0.01204	0.01727	0.00994	0.01308	0.00837	0.00471	0.00523	0.00157	0.00628	0.00471	0.00262	0.00837
3	0.00743	0.00568	0.00687	0.00672	0.00811	0.00530	0.00503	0.01020	0.05797	0.01860	0.45614	0.11603	0.23190	0.01191	0.00627	0.00177	0.00276	0.03089	0.00545	0.00498
4	0.76791	0.01129	0.06329	0.00754	0.01105	0.01168	0.00669	0.01540	0.00918	0.02294	0.00812	0.03122	0.00661	0.00524	0.00349	0.00165	0.00433	0.00328	0.00324	0.00583
5	0.00856	0.00678	0.00787	0.00740	0.00916	0.00678	0.00565	0.01367	0.18830	0.01987	0.43910	0.03773	0.19095	0.01059	0.00607	0.00174	0.00297	0.02565	0.00551	0.00566
6	0.01190	0.01202	0.06575	0.07657	0.10884	0.01076	0.34867	0.01549	0.01264	0.07158	0.15465	0.01982	0.01659	0.04255	0.00685	0.00187	0.00673	0.00643	0.00350	0.00677
7	0.85155	0.01022	0.00777	0.00695	0.01022	0.01186	0.00573	0.01554	0.00900	0.02372	0.00736	0.00859	0.00573	0.00491	0.00327	0.00164	0.00409	0.00286	0.00327	0.00573
8	0.04412	0.00903	0.01216	0.00935	0.01341	0.00787	0.00772	0.02551	0.01498	0.76614	0.02052	0.01776	0.01290	0.00650	0.00527	0.00164	0.00449	0.00526	0.00646	0.00892
9	0.01378	0.03652	0.39452	0.01821	0.21501	0.01151	0.02837	0.01813	0.01218	0.16475	0.01276	0.01386	0.02573	0.00540	0.00515	0.00163	0.00664	0.00456	0.00323	0.00808
10	0.01060	0.02735	0.78682	0.01507	0.02288	0.01228	0.01953	0.01674	0.01116	0.01674	0.00949	0.01116	0.00670	0.00502	0.00502	0.00167	0.00781	0.00391	0.00223	0.00781
11	0.00963	0.00541	0.00569	0.00556	0.00657	0.00548	0.00390	0.04492	0.01078	0.01762	0.01731	0.05128	0.01559	0.21873	0.00997	0.00230	0.00334	0.00600	0.55529	0.00464
12	0.81224	0.01017	0.00798	0.00707	0.01038	0.01167	0.00582	0.01603	0.00929	0.05986	0.00800	0.00903	0.00607	0.00499	0.00337	0.00164	0.00411	0.00298	0.00343	0.00588
13	0.01289	0.50009	0.31824	0.01144	0.01719	0.03191	0.01308	0.01628	0.01098	0.01410	0.00818	0.00953	0.00675	0.00473	0.00404	0.00134	0.00655	0.00325	0.00226	0.00717
14	0.00769	0.00540	0.00698	0.00705	0.00753	0.00569	0.00487	0.00867	0.00874	0.01202	0.06286	0.03209	0.01989	0.44219	0.28438	0.00586	0.00801	0.06277	0.00336	0.00395
15	0.01060	0.02735	0.78682	0.01507	0.02288	0.01228	0.01953	0.01674	0.01116	0.01674	0.00949	0.01116	0.00670	0.00502	0.00502	0.00167	0.00781	0.00391	0.00223	0.00781
16	0.01049	0.02657	0.75924	0.01477	0.02235	0.01202	0.01902	0.01650	0.01130	0.01690	0.03668	0.01216	0.00822	0.00523	0.00507	0.00167	0.00762	0.00411	0.00236	0.00771
17	0.00918	0.00459	0.00689	0.00689	0.00689	0.00459	0.00459	0.00689	0.00689	0.00918	0.00918	0.01607	0.00918	0.01837	0.02066	0.84619	0.00459	0.00459	0.00230	0.00230
18	0.00769	0.00513	0.00577	0.00577	0.00577	0.00513	0.00320	0.00769	0.00769	0.01025	0.01666	0.03460	0.01922	0.81421	0.02691	0.00513	0.00513	0.00769	0.00320	0.00320
19	0.01975	0.02520	0.01498	0.01362	0.01634	0.79299	0.01021	0.02111	0.01498	0.01294	0.00817	0.00953	0.00681	0.00545	0.00477	0.00136	0.00953	0.00340	0.00272	0.00613
20	0.00755	0.00566	0.00850	0.00850	0.00944	0.00661	0.00661	0.00944	0.00850	0.01227	0.01416	0.02077	0.01322	0.03965	0.79326	0.00850	0.01416	0.00566	0.00283	0.00472
21	0.00998	0.00940	0.01586	0.80150	0.03641	0.01175	0.01468	0.01351	0.01057	0.01351	0.00940	0.01409	0.00705	0.00529	0.00529	0.00176	0.00705	0.00470	0.00235	0.00587
22	0.00697	0.00502	0.00666	0.00744	0.00815	0.00471	0.00538	0.00850	0.01166	0.01574	0.21469	0.49341	0.06325	0.01477	0.00668	0.00205	0.00316	0.11208	0.00513	0.00455
23	0.02015	0.01361	0.01499	0.01161	0.01573	0.01476	0.00956	0.58966	0.07962	0.15314	0.01467	0.01407	0.01019	0.00644	0.00530	0.00161	0.00548	0.00494	0.00550	0.00894
24	0.00998	0.00940	0.01586	0.80150	0.03641	0.01175	0.01468	0.01351	0.01057	0.01351	0.00940	0.01409	0.00705	0.00529	0.00529	0.00176	0.00705	0.00470	0.00235	0.00587
25	0.02372	0.00900	0.01227	0.00941	0.01350	0.00777	0.00777	0.02576	0.01513	0.78489	0.02086	0.01799	0.01309	0.00654	0.00532	0.00164	0.00450	0.00532	0.00654	0.00900
26	0.02372	0.00900	0.01227	0.00941	0.01350	0.00777	0.00777	0.02576	0.01513	0.78489	0.02086	0.01799	0.01309	0.00654	0.00532	0.00164	0.00450	0.00532	0.00654	0.00900
27	0.01096	0.00940	0.01096	0.00783	0.01253	0.00705	0.00626	0.01331	0.01096	0.01723	0.00940	0.01096	0.00783	0.00392	0.00392	0.00078	0.00392	0.00313	0.00313	0.84653
28	0.01153	0.12809	0.63534	0.01467	0.04051	0.04872	0.01768	0.01681	0.01130	0.01603	0.00917	0.01079	0.00676	0.00497	0.00481	0.00159	0.00758	0.00377	0.00227	0.00762
29	0.01455	0.01156	0.01242	0.01070	0.01386	0.01304	0.00845	0.18225	0.53096	0.05027	0.07672	0.01967	0.01707	0.00725	0.00542	0.00173	0.00441	0.00597	0.00543	0.00827
30	0.01032	0.00537	0.00542	0.00525	0.00662	0.00545	0.00398	0.04631	0.01171	0.02033	0.01704	0.01939	0.01334	0.00617	0.00377	0.00125	0.00262	0.00492	0.80563	0.00511
31	0.02372	0.00900	0.01227	0.00941	0.01350	0.00777	0.00777	0.02576	0.01513	0.78489	0.02086	0.01799	0.01309	0.00654	0.00532	0.00164	0.00450	0.00532	0.00654	0.00900
32	0.01201	0.21538	0.41970	0.01626	0.15061	0.01435	0.01564	0.01688	0.04575	0.01604	0.00959	0.01123	0.00746	0.00492	0.00466	0.00151	0.00678	0.00386	0.00247	0.02491
33	0.00769	0.00513	0.00577	0.00577	0.00577	0.00513	0.00320	0.00769	0.00769	0.01025	0.01666	0.03460	0.01922	0.81421	0.02691	0.00513	0.00513	0.00769	0.00320	0.00320
34	0.00654	0.00467	0.00625	0.00747	0.00782	0.00438	0.00508	0.00753	0.01022	0.01361	0.02908	0.77532	0.03475	0.01647	0.00677	0.00216	0.00315	0.04950	0.00491	0.00432
35	0.85155	0.01022	0.00777	0.00695	0.01022	0.01186	0.00573	0.01554	0.00900	0.02372	0.00736	0.00859	0.00573	0.00491	0.00327	0.00164	0.00409	0.00286	0.00327	0.00573
36	0.01926	0.01439	0.01539	0.01199	0.01607	0.01600	0.00985	0.67485	0.11498	0.03197	0.01376	0.01354	0.00985	0.00645	0.00530	0.00161	0.00562	0.00491	0.00530	0.00892
37	0.00769	0.00513	0.00577	0.00577	0.00577	0.00513	0.00320	0.00769	0.00769	0.01025	0.01666	0.03460	0.01922	0.81421	0.02691	0.00513	0.00513	0.00769	0.00320	0.00320
38	0.00769	0.00584	0.00714	0.00673	0.00821	0.00551	0.00507	0.01092	0.07153	0.02006	0.59423	0.04000	0.17521	0.01099	0.00617	0.00169	0.00265	0.00957	0.00563	0.00515
39	0.02364	0.00913	0.01235	0.00947	0.01356	0.00796	0.00782	0.04233	0.01535	0.76802	0.02067	0.01787	0.01299	0.00654	0.00532	0.00163	0.00453	0.00530	0.00651	0.00900
40	0.01378	0.68788	0.13307	0.01000	0.01493	0.03874	0.01053	0.01609	0.01090	0.01305	0.00767	0.00888	0.00677	0.00462	0.00365	0.00121	0.00605	0.00299	0.00227	0.00691
41	0.01209	0.01246	0.05387	0.10887	0.55474	0.01191	0.07215	0.01537	0.01188	0.01661	0.01321	0.01605	0.06627	0.00542	0.00538	0.00163	0.00636	0.00528	0.00275	0.00770
42	0.01461	0.01241	0.01239	0.01096	0.01406	0.07012	0.00855	0.06523	0.63354	0.06674	0.02005	0.01851	0.01491	0.00697	0.00533	0.00174	0.00468	0.00569	0.00525	0.00827
43	0.01772	0.01829	0.01634	0.03681	0.18106	0.34553	0.01136	0.24235	0.01710	0.02005	0.01148	0.01276	0.03398	0.00582	0.00509	0.00150	0.00742	0.00439	0.00354	0.00741
44	0.08076	0.01297	0.01400	0.03910	0.01562	0.01440	0.00926	0.51843	0.11148	0.05019	0.01462	0.06966	0.01148	0.00702	0.00525	0.00166	0.00530	0.00550	0.00505	0.00823
45	0.01135	0.01560	0.18585	0.11508	0.02604	0.01220	0.44191	0.01582	0.01189	0.01632	0.01197	0.03408	0.00987	0.00569	0.00596	0.00181	0.00803	0.06090	0.00275	0.00689
46	0.00767	0.00521	0.00621	0.00621	0.00636	0.00536	0.00375	0.00797	0.00782	0.01058	0.01625	0.03236	0.01825	0.68915	0.15064	0.00567	0.00658	0.00736	0.00314	0.00345
47	0.01182	0.00993	0.01069	0.00964	0.01226	0.01110	0.00747	0.04921	0.54854	0.02172	0.15983	0.02552	0.08291	0.00829	0.00560	0.00176	0.00382	0.00699	0.00542	0.00747
48	0.01424	0.01223	0.02081	0.02951	0.66746	0.01206	0.04370	0.01731	0.01240	0.10231	0.01118	0.01367	0.00888	0.00490	0.00528	0.00159	0.00618	0.00484	0.00305	0.00840
49	0.85155	0.01022	0.00777	0.00695	0.01022	0.01186	0.00573	0.01554	0.00900	0.02372	0.00736	0.00859	0.00573	0.00491	0.00327	0.00164	0.00409	0.00286	0.00327	0.00573
50	0.64809	0.01321	0.14780	0.00877	0.01283	0.01171	0.02686	0.01558	0.00970	0.02221	0.03720	0.01037	0.00764	0.00514	0.00377	0.00165	0.00481	0.00339	0.00317	0.00611
51	0.01308	0.01256	0.02146	0.03245	0.78123	0.01256	0.01622	0.01622	0.01204	0.01727	0.00994	0.01308	0.00837	0.00471	0.00523	0.00157	0.00628	0.00471	0.00262	0.00837
52	0.00920	0.00460	0.00684	0.00684	0.00687	0.00460	0.00457	0.00701	0.00699	0.00943	0.00937	0.01616	0.00929	0.01808	0.02026	0.82636	0.00454	0.00460	0.02204	0.00236
53	0.00644	0.00460	0.00613	0.00736	0.00767	0.00429	0.00491	0.00736	0.01012	0.01350	0.02914	0.81076	0.03497	0.01656	0.00675	0.00215	0.00307	0.01503	0.00491	0.00429
54	0.00739	0.00540	0.00694	0.00655	0.00784	0.00495	0.00491	0.00980	0.01474	0.02068	0.72377	0.04035	0.10488	0.01100	0.00624	0.00167	0.00251	0.00968	0.00575	0.00495
55	0.00918	0.00459	0.00689	0.00689	0.00689	0.00459	0.00459	0.00689	0.00689	0.00918	0.00918	0.01607	0.00918	0.01837	0.02066	0.84619	0.00459	0.00459	0.00230	0.00230
56	0.01238	0.01171	0.01984	0.11939	0.63727	0.01198	0.01547	0.01551	0.01188	0.01673	0.01124	0.01671	0.00988	0.00552	0.00540	0.00166	0.00626	0.06059	0.00276	0.00782
57	0.00767	0.00520	0.00614	0.00614	0.00628	0.00533	0.00368	0.00793	0.00780	0.01053	0.01631	0.03268	0.01839	0.70689	0.13309	0.00559	0.00638	0.00741	0.00315	0.00341
58	0.01069	0.02675	0.75263	0.01539	0.02310	0.01233	0.05313	0.01675	0.01122	0.01675	0.00954	0.01130	0.00676	0.00500	0.00508	0.00168	0.00786	0.00401	0.00225	0.00778
59	0.85155	0.01022	0.00777	0.00695	0.01022	0.01186	0.00573	0.01554	0.00900	0.02372	0.00736	0.00859	0.00573	0.00491	0.00327	0.00164	0.00409	0.00286	0.00327	0.00573
60	0.01469	0.70651	0.02595	0.02801	0.01442	0.11045	0.00931	0.01639	0.01123	0.01252	0.00749	0.00873	0.00679	0.00465	0.00360	0.00117	0.00614	0.00294	0.00232	0.00669
61	0.01125	0.01038	0.01737	0.55719	0.03119	0.01204	0.11601	0.09816	0.01242	0.01621	0.01115	0.06263	0.00911	0.00598	0.00551	0.00177	0.00692	0.00555	0.00288	0.00630
62	0.01474	0.29734	0.01811	0.01060	0.01417	0.11587	0.00894	0.06508	0.36387	0.01817	0.01431	0.01405	0.01124	0.00597	0.00460	0.00149	0.00548	0.00447	0.00394	0.00756
63	0.00644	0.00460	0.00613	0.00736	0.00767	0.00429	0.00491	0.00736	0.01012	0.01350	0.02914	0.81076	0.03497	0.01656	0.00675	0.00215	0.00307	0.01503	0.00491	0.00429
64	0.17218	0.02730	0.01134	0.00880	0.01246	0.00855	0.00721	0.02230	0.01354	0.57122	0.01873	0.07587	0.01326	0.00696	0.00501	0.00166	0.00434	0.00555	0.00573	0.00800
65	0.01497	0.67250	0.04151	0.00991	0.01421	0.14585	0.00945	0.01670	0.01144	0.01261	0.00753	0.00871	0.00679	0.00468	0.00365	0.00118	0.00633	0.00294	0.00234	0.00670
66	0.00872	0.00608	0.00871	0.00846	0.00958	0.00688	0.00652	0.03561	0.00929	0.04779	0.01460	0.02141	0.01352	0.09544	0.67310	0.00770	0.01276	0.00577	0.00311	0.00494
67	0.00813	0.00585	0.00804	0.00913	0.01027	0.00576	0.00774	0.01035	0.01206	0.01574	0.06465	0.14436	0.06456	0.01460	0.00714	0.00234	0.00445	0.59513	0.00492	0.00479
68	0.03226	0.01337	0.01946	0.02624	0.54517	0.06256	0.03262	0.08372	0.07962	0.03682	0.01130	0.01345	0.00905	0.00516	0.00521	0.00159	0.00624	0.00475	0.00321	0.00821
69	0.05185	0.65593	0.05406	0.01038	0.01494	0.05456	0.06612	0.01617	0.01100	0.01346	0.00772	0.00907	0.00683	0.00460	0.00372	0.00123	0.00608	0.00315	0.00236	0.00677
70	0.01041	0.01006	0.01770	0.67954	0.07919	0.01195	0.08852	0.01400	0.01084	0.01407	0.00956	0.01405	0.00722	0.00517	0.00538	0.00175	0.00719	0.00485	0.00240	0.00614
71	0.16327	0.01701	0.01470	0.02439	0.05052	0.28463	0.04351	0.24836	0.03286	0.03818	0.01121	0.01211	0.02510	0.00579	0.00482	0.00154	0.00685	0.00420	0.00378	0.00716
72	0.00769	0.00513	0.00577	0.00577	0.00577	0.00513	0.00320	0.00769	0.00769	0.01025	0.01666	0.03460	0.01922	0.81421	0.02691	0.00513	0.00513	0.00769	0.00320	0.00320
73	0.01096	0.00940	0.01096	0.00783	0.01253	0.00705	0.00626	0.01331	0.01096	0.01723	0.00940	0.01096	0.00783	0.00392	0.00392	0.00078	0.00392	0.00313	0.00313	0.84653
74	0.01063	0.00786	0.01027	0.00919	0.01084	0.00795	0.06284	0.17666	0.01339	0.03573	0.04832	0.34481	0.04130	0.18247	0.01061	0.00259	0.00456	0.01001	0.00453	0.00546
75	0.01960	0.02489	0.01492	0.01356	0.01629	0.77600	0.01017	0.02126	0.03147	0.01314	0.00846	0.00976	0.00701	0.00549	0.00478	0.00137	0.00942	0.00346	0.00278	0.00618
76	0.00658	0.00478	0.00624	0.00736	0.00786	0.00444	0.00510	0.00765	0.01044	0.01374	0.03119	0.68860	0.09978	0.01614	0.00674	0.00214	0.00317	0.06880	0.00490	0.00435
77	0.01060	0.02735	0.78682	0.01507	0.02288	0.01228	0.01953	0.01674	0.01116	0.01674	0.00949	0.01116	0.00670	0.00502	0.00502	0.00167	0.00781	0.00391	0.00223	0.00781
78	0.03786	0.01324	0.01515	0.04739	0.01661	0.01438	0.03956	0.54719	0.05309	0.02915	0.07026	0.01493	0.01210	0.00641	0.00527	0.00157	0.00552	0.00508	0.00491	0.06036
79	0.00763	0.00594	0.00712	0.00683	0.00842	0.00545	0.00508	0.01033	0.06051	0.01779	0.35443	0.16356	0.22308	0.01225	0.02299	0.00186	0.00310	0.01005	0.00515	0.06842
80	0.00836	0.00597	0.00834	0.00956	0.01071	0.00595	0.00825	0.01068	0.01202	0.01565	0.02808	0.11629	0.03077	0.01475	0.00726	0.00241	0.00473	0.69054	0.00487	0.00482
81	0.00769	0.00513	0.00577	0.00577	0.00577	0.00513	0.00320	0.00769	0.00769	0.01025	0.01666	0.03460	0.01922	0.81421	0.02691	0.00513	0.00513	0.00769	0.00320	0.00320
82	0.83230	0.01020	0.00796	0.02513	0.01082	0.01186	0.00593	0.01549	0.00903	0.02349	0.00741	0.00871	0.00576	0.00492	0.00332	0.00164	0.00416	0.00290	0.00325	0.00573
83	0.01026	0.00976	0.01673	0.72662	0.08306	0.01185	0.04011	0.01379	0.01073	0.01386	0.00947	0.01404	0.00716	0.00522	0.00531	0.00175	0.00706	0.00475	0.00238	0.00607
84	0.01015	0.00708	0.03449	0.00756	0.00957	0.00620	0.00607	0.01360	0.07180	0.12400	0.56027	0.03465	0.07374	0.00988	0.00601	0.00167	0.00308	0.00860	0.00572	0.00586
85	0.00647	0.00462	0.00616	0.00734	0.00767	0.00431	0.00491	0.00743	0.01024	0.01368	0.04747	0.79189	0.03533	0.01642	0.00674	0.00214	0.00305	0.01490	0.00493	0.00431
86	0.01235	0.01615	0.14418	0.14958	0.08544	0.07172	0.39673	0.01653	0.01204	0.01600	0.00998	0.01326	0.00757	0.00485	0.00588	0.00172	0.02117	0.00526	0.00255	0.00703
87	0.75078	0.04801	0.00922	0.00755	0.01084	0.07119	0.00621	0.01597	0.00953	0.02239	0.00742	0.00865	0.00586	0.00493	0.00339	0.00159	0.00457	0.00290	0.00318	0.00580
88	0.00827	0.06691	0.02515	0.00756	0.00887	0.00616	0.00579	0.00997	0.01204	0.05026	0.26101	0.41407	0.05197	0.01303	0.00624	0.00189	0.00330	0.03749	0.00501	0.00501
89	0.05933	0.48082	0.21928	0.03351	0.03554	0.06452	0.01195	0.01631	0.01104	0.01434	0.00807	0.00951	0.00675	0.00475	0.00398	0.00134	0.00641	0.00324	0.00235	0.00696

[dist]
# distance from previous block
# <min> <max>
0	1

[block]
# block no. 4 follows, 46 sequences, length 89
# corresponding to MSA columns:
# 451-539
name=unknown_E
#
# <colnr> <probs for GDERKNQSTAVLIFYWHMCP>
#	G	D	E	R	K	N	Q	S	T	A	V	L	I	F	Y	W	H	M	C	P
0	0.01869	0.03740	0.06519	0.01198	0.01637	0.01557	0.01036	0.60548	0.07515	0.04944	0.01308	0.01306	0.00935	0.00621	0.00519	0.00157	0.00574	0.00471	0.00499	0.03046
1	0.03247	0.00712	0.00823	0.00766	0.00946	0.02043	0.02322	0.07755	0.04565	0.03488	0.23648	0.16842	0.25448	0.02573	0.00646	0.00185	0.00347	0.02597	0.00508	0.00536
2	0.01254	0.01605	0.19499	0.04845	0.42224	0.01272	0.12135	0.03772	0.04983	0.01768	0.01058	0.01316	0.00831	0.00493	0.00534	0.00164	0.00690	0.00481	0.00274	0.00801
3	0.00998	0.00940	0.01586	0.80150	0.03641	0.01175	0.01468	0.01351	0.01057	0.01351	0.00940	0.01409	0.00705	0.00529	0.00529	0.00176	0.00705	0.00470	0.00235	0.00587
4	0.03825	0.13588	0.01661	0.08671	0.01742	0.41668	0.01014	0.12942	0.01515	0.05712	0.00960	0.01091	0.00758	0.00611	0.01928	0.00155	0.00787	0.00377	0.00322	0.00674
5	0.02341	0.00949	0.01257	0.00964	0.01374	0.00850	0.00796	0.08842	0.01596	0.72108	0.02016	0.01754	0.01274	0.00653	0.00531	0.00163	0.00461	0.00527	0.00644	0.00900
6	0.00644	0.00460	0.00613	0.00736	0.00767	0.00429	0.00491	0.00736	0.01012	0.01350	0.02914	0.81076	0.03497	0.01656	0.00675	0.00215	0.00307	0.01503	0.00491	0.00429
7	0.00646	0.00536	0.00564	0.00557	0.00727	0.00455	0.00418	0.00799	0.01254	0.01545	0.17616	0.04895	0.65576	0.01295	0.00625	0.00176	0.00265	0.01089	0.00506	0.00455
8	0.00643	0.00536	0.00561	0.00555	0.00725	0.00454	0.00416	0.00794	0.01248	0.01530	0.16024	0.04920	0.67177	0.01301	0.00625	0.00177	0.00265	0.01092	0.00504	0.00454
9	0.01309	0.01248	0.02085	0.03106	0.73196	0.01260	0.01572	0.01699	0.06080	0.01758	0.01069	0.01351	0.00887	0.00487	0.00524	0.00158	0.00615	0.00479	0.00279	0.00837
10	0.01248	0.01426	0.03119	0.02228	0.02763	0.01337	0.76203	0.01693	0.01248	0.01693	0.01070	0.01426	0.00802	0.00446	0.00624	0.00178	0.00891	0.00624	0.00267	0.00713
11	0.00650	0.00537	0.00571	0.00562	0.00730	0.00457	0.00422	0.00808	0.01265	0.01570	0.20182	0.04855	0.62994	0.01286	0.00625	0.00176	0.00264	0.01083	0.00510	0.00457
12	0.00830	0.00593	0.00827	0.00949	0.01061	0.00590	0.00814	0.01058	0.01196	0.01558	0.02811	0.13804	0.03090	0.01481	0.00724	0.00240	0.00468	0.66938	0.00487	0.00481
13	0.00998	0.00940	0.01586	0.80150	0.03641	0.01175	0.01468	0.01351	0.01057	0.01351	0.00940	0.01409	0.00705	0.00529	0.00529	0.00176	0.00705	0.00470	0.00235	0.00587
14	0.01248	0.01426	0.03119	0.02228	0.02763	0.01337	0.76203	0.01693	0.01248	0.01693	0.01070	0.01426	0.00802	0.00446	0.00624	0.00178	0.00891	0.00624	0.00267	0.00713
15	0.00628	0.00524	0.00547	0.00565	0.00722	0.00444	0.00415	0.00755	0.01177	0.01417	0.04996	0.16271	0.66957	0.01386	0.00632	0.00184	0.00274	0.01173	0.00491	0.00444
16	0.00637	0.00536	0.00553	0.00548	0.00722	0.00452	0.00411	0.00782	0.01234	0.01497	0.12566	0.04974	0.70655	0.01313	0.00625	0.00177	0.00266	0.01100	0.00500	0.00452
17	0.01362	0.01212	0.01218	0.01093	0.01393	0.05269	0.00849	0.04222	0.71867	0.02187	0.02067	0.01907	0.01552	0.00707	0.00535	0.00177	0.00449	0.00582	0.00524	0.00827
18	0.01922	0.01396	0.01493	0.01154	0.01552	0.01541	0.00950	0.69923	0.02368	0.03215	0.01308	0.01329	0.00938	0.00633	0.00515	0.00156	0.00553	0.00477	0.07711	0.00864
19	0.00644	0.00460	0.00613	0.00736	0.00767	0.00429	0.00491	0.00736	0.01012	0.01350	0.02914	0.81076	0.03497	0.01656	0.00675	0.00215	0.00307	0.01503	0.00491	0.00429
20	0.01235	0.01181	0.02014	0.21372	0.60567	0.01237	0.01586	0.01558	0.01169	0.01638	0.00981	0.01332	0.00806	0.00485	0.00525	0.00162	0.00646	0.00471	0.00255	0.00778
21	0.01264	0.01196	0.02012	0.19303	0.60225	0.01250	0.01572	0.03801	0.01211	0.01696	0.00991	0.01328	0.00811	0.00488	0.00525	0.00161	0.00643	0.00471	0.00264	0.00787
22	0.00644	0.00542	0.00563	0.00573	0.00747	0.00460	0.00440	0.00788	0.01206	0.01441	0.05136	0.05163	0.71467	0.01349	0.00634	0.00184	0.00287	0.07435	0.00491	0.00450
23	0.01157	0.01157	0.01619	0.01388	0.01388	0.01619	0.01157	0.01272	0.00810	0.01272	0.00694	0.01157	0.00694	0.00925	0.01735	0.00231	0.80453	0.00463	0.00231	0.00578
24	0.10888	0.59420	0.02308	0.00913	0.01335	0.06495	0.00861	0.01717	0.01127	0.09545	0.00883	0.00956	0.00733	0.00484	0.00366	0.00125	0.00559	0.00313	0.00285	0.00686
25	0.01293	0.01127	0.01171	0.01056	0.01343	0.02958	0.00819	0.02678	0.70665	0.02186	0.06982	0.02077	0.01810	0.00737	0.00542	0.00178	0.00419	0.00615	0.00535	0.00810
26	0.85155	0.01022	0.00777	0.00695	0.01022	0.01186	0.00573	0.01554	0.00900	0.02372	0.00736	0.00859	0.00573	0.00491	0.00327	0.00164	0.00409	0.00286	0.00327	0.00573
27	0.00625	0.00536	0.00536	0.00536	0.00714	0.00446	0.00402	0.00759	0.01205	0.01428	0.05355	0.05088	0.77909	0.01339	0.00625	0.00179	0.00268	0.01116	0.00491	0.00446
28	0.00740	0.00540	0.00696	0.00657	0.00785	0.00495	0.00493	0.00982	0.01478	0.02076	0.73191	0.04022	0.09669	0.01097	0.00624	0.00167	0.00251	0.00966	0.00576	0.00495
29	0.01157	0.01157	0.01619	0.01388	0.01388	0.01619	0.01157	0.01272	0.00810	0.01272	0.00694	0.01157	0.00694	0.00925	0.01735	0.00231	0.80453	0.00463	0.00231	0.00578
30	0.00998	0.00940	0.01586	0.80150	0.03641	0.01175	0.01468	0.01351	0.01057	0.01351	0.00940	0.01409	0.00705	0.00529	0.00529	0.00176	0.00705	0.00470	0.00235	0.00587
31	0.01413	0.81739	0.02770	0.00905	0.01357	0.02092	0.00905	0.01583	0.01074	0.01244	0.00735	0.00848	0.00678	0.00452	0.00339	0.00113	0.00565	0.00283	0.00226	0.00678
32	0.00702	0.00536	0.00644	0.00623	0.00763	0.00478	0.00465	0.00906	0.01378	0.01853	0.50103	0.07046	0.30201	0.01190	0.00626	0.00172	0.00258	0.01031	0.00547	0.00478
33	0.01308	0.01256	0.02146	0.03245	0.78123	0.01256	0.01622	0.01622	0.01204	0.01727	0.00994	0.01308	0.00837	0.00471	0.00523	0.00157	0.00628	0.00471	0.00262	0.00837
34	0.01096	0.00940	0.01096	0.00783	0.01253	0.00705	0.00626	0.01331	0.01096	0.01723	0.00940	0.01096	0.00783	0.00392	0.00392	0.00078	0.00392	0.00313	0.00313	0.84653
35	0.02195	0.01184	0.01403	0.01075	0.01491	0.01199	0.00888	0.38661	0.01989	0.41733	0.01686	0.01540	0.01108	0.00645	0.00530	0.00161	0.00514	0.00504	0.00593	0.00899
36	0.01975	0.02520	0.01498	0.01362	0.01634	0.79299	0.01021	0.02111	0.01498	0.01294	0.00817	0.00953	0.00681	0.00545	0.00477	0.00136	0.00953	0.00340	0.00272	0.00613
37	0.00650	0.00467	0.00618	0.00727	0.00767	0.00434	0.00489	0.00753	0.01047	0.01401	0.07774	0.74546	0.05138	0.01613	0.00670	0.00211	0.00302	0.01460	0.00497	0.00434
38	0.00748	0.00540	0.00707	0.00665	0.00790	0.00499	0.00499	0.00998	0.01496	0.02120	0.77844	0.03949	0.04988	0.01081	0.00624	0.00166	0.00249	0.00956	0.00582	0.00499
39	0.00746	0.00539	0.00704	0.00667	0.00789	0.00497	0.00499	0.00992	0.01485	0.02102	0.76102	0.05742	0.04953	0.01094	0.00625	0.00167	0.00251	0.00969	0.00580	0.00497
40	0.01315	0.01136	0.01195	0.01076	0.01375	0.01315	0.00837	0.02809	0.77168	0.02211	0.02152	0.01972	0.01614	0.00717	0.00538	0.00179	0.00418	0.00598	0.00538	0.00837
41	0.02879	0.06391	0.04686	0.21588	0.49370	0.01289	0.01514	0.01579	0.02726	0.01626	0.00982	0.01302	0.00800	0.00490	0.00509	0.00160	0.00639	0.00455	0.00259	0.00759
42	0.01203	0.01148	0.01955	0.29427	0.52766	0.01228	0.01570	0.01530	0.01154	0.01599	0.00976	0.01343	0.00792	0.00491	0.00525	0.00164	0.00654	0.00471	0.00253	0.00752
43	0.85155	0.01022	0.00777	0.00695	0.01022	0.01186	0.00573	0.01554	0.00900	0.02372	0.00736	0.00859	0.00573	0.00491	0.00327	0.00164	0.00409	0.00286	0.00327	0.00573
44	0.01253	0.01431	0.04766	0.02367	0.14341	0.01322	0.62969	0.01682	0.01238	0.01698	0.01055	0.01401	0.00804	0.00451	0.00606	0.00175	0.00848	0.00595	0.00265	0.00734
45	0.00644	0.00531	0.00566	0.00567	0.00729	0.00453	0.00422	0.00792	0.01235	0.01525	0.15867	0.09798	0.62400	0.01321	0.00628	0.00179	0.00268	0.01117	0.00504	0.00453
46	0.01308	0.01256	0.02146	0.03245	0.78123	0.01256	0.01622	0.01622	0.01204	0.01727	0.00994	0.01308	0.00837	0.00471	0.00523	0.00157	0.00628	0.00471	0.00262	0.00837
47	0.00651	0.00467	0.00608	0.00717	0.00752	0.00435	0.00476	0.00739	0.01005	0.01332	0.02940	0.72790	0.06631	0.06763	0.00802	0.00232	0.00318	0.01439	0.00480	0.00423
48	0.00625	0.00536	0.00536	0.00536	0.00714	0.00446	0.00402	0.00759	0.01205	0.01428	0.05355	0.05088	0.77909	0.01339	0.00625	0.00179	0.00268	0.01116	0.00491	0.00446
49	0.01413	0.81739	0.02770	0.00905	0.01357	0.02092	0.00905	0.01583	0.01074	0.01244	0.00735	0.00848	0.00678	0.00452	0.00339	0.00113	0.00565	0.00283	0.00226	0.00678
50	0.00769	0.00513	0.00577	0.00577	0.00577	0.00513	0.00320	0.00769	0.00769	0.01025	0.01666	0.03460	0.01922	0.81421	0.02691	0.00513	0.00513	0.00769	0.00320	0.00320
51	0.85155	0.01022	0.00777	0.00695	0.01022	0.01186	0.00573	0.01554	0.00900	0.02372	0.00736	0.00859	0.00573	0.00491	0.00327	0.00164	0.00409	0.00286	0.00327	0.00573
52	0.02372	0.00900	0.01227	0.00941	0.01350	0.00777	0.00777	0.02576	0.01513	0.78489	0.02086	0.01799	0.01309	0.00654	0.00532	0.00164	0.00450	0.00532	0.00654	0.00900
53	0.02372	0.00900	0.01227	0.00941	0.01350	0.00777	0.00777	0.02576	0.01513	0.78489	0.02086	0.01799	0.01309	0.00654	0.00532	0.00164	0.00450	0.00532	0.00654	0.00900
54	0.01482	0.01098	0.01200	0.01054	0.01371	0.01230	0.00827	0.02772	0.65222	0.14256	0.02141	0.01945	0.01566	0.00707	0.00537	0.00177	0.00423	0.00587	0.00556	0.00847
55	0.01413	0.81739	0.02770	0.00905	0.01357	0.02092	0.00905	0.01583	0.01074	0.01244	0.00735	0.00848	0.00678	0.00452	0.00339	0.00113	0.00565	0.00283	0.00226	0.00678
