[name]
unknown

[dist]
# distance from previous block
# <min> <max>
6	49

[block]
# block no. 0 follows, 44 sequences, length 19
# corresponding to MSA columns:
# 57-75
name=unknown_A
#
# <colnr> <probs for GDERKNQSTAVLIFYWHMCP>
#	G	D	E	R	K	N	Q	S	T	A	V	L	I	F	Y	W	H	M	C	P
0	0.04975	0.04078	0.01875	0.07323	0.42486	0.11138	0.01347	0.05737	0.05640	0.01828	0.01058	0.01293	0.00862	0.00516	0.00509	0.00154	0.00648	0.00448	0.00307	0.07779
1	0.14044	0.01261	0.01585	0.02028	0.35544	0.09073	0.01164	0.06345	0.01338	0.06801	0.07544	0.01810	0.01349	0.03679	0.00609	0.00180	0.00589	0.03951	0.00365	0.00740
2	0.12821	0.01247	0.01833	0.02515	0.50655	0.04160	0.02854	0.04474	0.01260	0.05220	0.01191	0.07180	0.01047	0.00596	0.00524	0.00167	0.00600	0.00540	0.00325	0.00789
3	0.08963	0.01312	0.01962	0.02749	0.57693	0.03561	0.01459	0.08099	0.01325	0.01952	0.01112	0.01376	0.02548	0.00539	0.00561	0.00165	0.03022	0.00480	0.00305	0.00821
4	0.06925	0.01331	0.05240	0.08217	0.27058	0.04441	0.02304	0.13615	0.02853	0.01954	0.01186	0.06453	0.01049	0.00700	0.00729	0.00182	0.12515	0.02163	0.00337	0.00746
5	0.11392	0.01191	0.01558	0.05560	0.31699	0.06001	0.01159	0.10887	0.01326	0.01927	0.01403	0.17289	0.01371	0.00785	0.00598	0.00178	0.03930	0.00670	0.00359	0.00716
6	0.01265	0.01184	0.01810	0.08445	0.37132	0.04697	0.07483	0.08047	0.01320	0.01792	0.01458	0.17949	0.01422	0.00761	0.00576	0.00175	0.00612	0.00712	0.00344	0.02815
7	0.08596	0.01323	0.01331	0.06119	0.01574	0.08956	0.00927	0.37760	0.04484	0.02516	0.01623	0.07247	0.03529	0.04198	0.00649	0.00192	0.00585	0.07188	0.00466	0.00737
8	0.63398	0.03508	0.00985	0.02694	0.03694	0.03462	0.00690	0.01693	0.05841	0.03981	0.05007	0.01183	0.00940	0.00558	0.00389	0.00168	0.00450	0.00371	0.00364	0.00625
9	0.08178	0.00938	0.01076	0.00807	0.01243	0.00753	0.00641	0.01430	0.01135	0.06666	0.01172	0.06793	0.01023	0.00522	0.00428	0.00104	0.00403	0.00422	0.00360	0.65906
10	0.01694	0.15726	0.08103	0.01646	0.18744	0.15969	0.01181	0.06189	0.02705	0.16009	0.02780	0.01542	0.01080	0.00605	0.00508	0.00156	0.00658	0.03551	0.00376	0.00779
11	0.05759	0.01043	0.01290	0.01107	0.05195	0.01030	0.00847	0.20891	0.03035	0.37191	0.12341	0.04499	0.01792	0.00748	0.00556	0.00169	0.00472	0.00614	0.00588	0.00834
12	0.08158	0.00849	0.05092	0.01003	0.07115	0.00727	0.00755	0.01435	0.01384	0.15980	0.31770	0.05189	0.12177	0.00971	0.00593	0.00177	0.00388	0.05080	0.00526	0.00631
13	0.04824	0.04799	0.01398	0.07580	0.01616	0.01053	0.00892	0.11093	0.06310	0.51851	0.01846	0.01691	0.01212	0.00650	0.00532	0.00168	0.00504	0.00520	0.00584	0.00875
14	0.00915	0.00643	0.00874	0.00964	0.01094	0.00644	0.00825	0.03766	0.01256	0.01631	0.02809	0.05550	0.06858	0.01501	0.00855	0.07268	0.00491	0.61082	0.00482	0.00493
15	0.01349	0.01295	0.02213	0.03346	0.77440	0.01295	0.01673	0.01673	0.01241	0.01781	0.01025	0.01349	0.00864	0.00486	0.00540	0.00162	0.00648	0.00486	0.00270	0.00864
16	0.01573	0.01047	0.01486	0.01401	0.10781	0.02846	0.08613	0.11968	0.03256	0.22828	0.09422	0.16068	0.01939	0.00865	0.00632	0.00180	0.03080	0.00762	0.00501	0.00751
17	0.11451	0.01194	0.01844	0.09927	0.41765	0.01230	0.04821	0.06700	0.01324	0.10138	0.03654	0.01452	0.01014	0.00545	0.00526	0.00167	0.00605	0.00494	0.00349	0.00799
18	0.16062	0.01174	0.01341	0.01216	0.07948	0.07265	0.03326	0.06153	0.07823	0.32363	0.01557	0.01572	0.01106	0.03499	0.00583	0.00176	0.00533	0.00486	0.00489	0.05330

[dist]
# distance from previous block
# <min> <max>
0	11

[block]
# block no. 1 follows, 44 sequences, length 21
# corresponding to MSA columns:
# 87-107
name=unknown_B
#
# <colnr> <probs for GDERKNQSTAVLIFYWHMCP>
#	G	D	E	R	K	N	Q	S	T	A	V	L	I	F	Y	W	H	M	C	P
0	0.04746	0.01152	0.07573	0.01443	0.16499	0.00967	0.02150	0.03489	0.02542	0.08345	0.06227	0.08305	0.01384	0.00657	0.00572	0.00147	0.04579	0.00552	0.00374	0.28296
1	0.05794	0.01370	0.01628	0.08237	0.22802	0.14218	0.04117	0.08177	0.05407	0.12554	0.05052	0.01721	0.05262	0.00636	0.00539	0.00165	0.00630	0.00535	0.00397	0.00760
2	0.01422	0.16330	0.21584	0.01356	0.05318	0.03997	0.06612	0.13220	0.01400	0.06118	0.01199	0.06760	0.01002	0.00612	0.00522	0.00155	0.01866	0.00497	0.00341	0.09687
3	0.02038	0.02540	0.01550	0.01396	0.01686	0.74484	0.01052	0.06154	0.01600	0.01448	0.00868	0.01001	0.00714	0.00567	0.00494	0.00142	0.00962	0.00359	0.00295	0.00648
4	0.01153	0.00947	0.01114	0.00806	0.01271	0.00718	0.00644	0.01395	0.01165	0.04165	0.04929	0.01305	0.01048	0.00449	0.00421	0.00088	0.00398	0.00364	0.00348	0.77272
5	0.00793	0.00529	0.00595	0.00595	0.00595	0.00529	0.00330	0.00793	0.00793	0.01057	0.01718	0.03568	0.01982	0.80840	0.02775	0.00529	0.00529	0.00793	0.00330	0.00330
6	0.01093	0.02820	0.78016	0.01554	0.02360	0.01266	0.02014	0.01727	0.01151	0.01727	0.00978	0.01151	0.00691	0.00518	0.00518	0.00173	0.00806	0.00403	0.00230	0.00806
7	0.01732	0.01257	0.01371	0.01138	0.01499	0.01392	0.00911	0.30236	0.37766	0.11402	0.01891	0.04011	0.01406	0.00728	0.00555	0.00176	0.00495	0.00588	0.00564	0.00882
8	0.00662	0.00548	0.00571	0.00575	0.00738	0.00466	0.00422	0.00800	0.01233	0.01501	0.10414	0.08958	0.64669	0.05103	0.00747	0.00201	0.00289	0.01142	0.00505	0.00457
9	0.01029	0.00599	0.00855	0.07070	0.01037	0.00635	0.00603	0.04638	0.04384	0.01170	0.01027	0.01641	0.00962	0.01669	0.01850	0.69251	0.00498	0.00482	0.00268	0.00330
10	0.01994	0.01465	0.01575	0.01228	0.01648	0.01623	0.01008	0.64478	0.11703	0.05454	0.01446	0.01415	0.01031	0.00666	0.00547	0.00166	0.00575	0.00508	0.00550	0.00919
11	0.01061	0.01003	0.01684	0.70939	0.09831	0.01231	0.01518	0.01414	0.01095	0.01423	0.00966	0.01437	0.00738	0.00552	0.00580	0.00182	0.02989	0.00484	0.00244	0.00627
12	0.01099	0.01078	0.01927	0.60218	0.07532	0.01248	0.14171	0.01506	0.03014	0.01497	0.01026	0.01465	0.00775	0.00532	0.00562	0.00181	0.00748	0.00515	0.00257	0.00648
13	0.01333	0.01278	0.02183	0.07294	0.73622	0.01291	0.01665	0.01659	0.01234	0.01761	0.01023	0.01355	0.00856	0.00489	0.00540	0.00163	0.00652	0.00486	0.00268	0.00850
14	0.00829	0.00597	0.00785	0.00718	0.00758	0.00590	0.05783	0.00862	0.00829	0.01107	0.01673	0.03415	0.01898	0.75006	0.02620	0.00504	0.00557	0.00782	0.00326	0.00360
15	0.01475	0.55632	0.12381	0.01074	0.01560	0.12837	0.01076	0.01709	0.01177	0.01373	0.00810	0.00939	0.00704	0.00483	0.00395	0.00125	0.00660	0.00316	0.00244	0.05029
16	0.00710	0.00555	0.00644	0.00621	0.00777	0.00488	0.00466	0.00910	0.01398	0.01842	0.42581	0.04639	0.39930	0.01243	0.00644	0.00178	0.00266	0.01065	0.00555	0.00488
17	0.00678	0.00496	0.00640	0.00743	0.00803	0.00458	0.00514	0.00795	0.01104	0.01455	0.07210	0.63770	0.12411	0.01628	0.00690	0.00216	0.00318	0.05108	0.00511	0.00452
18	0.84691	0.01054	0.00801	0.00717	0.01054	0.01223	0.00590	0.01603	0.00928	0.02446	0.00759	0.00886	0.00590	0.00506	0.00337	0.00169	0.00422	0.00295	0.00337	0.00590
19	0.01341	0.01319	0.02347	0.03206	0.67456	0.01306	0.11549	0.01683	0.01247	0.01776	0.01036	0.01366	0.00859	0.00482	0.00554	0.00165	0.00684	0.00507	0.00271	0.00846
20	0.01332	0.01278	0.02182	0.07366	0.73552	0.01291	0.01665	0.01658	0.01233	0.01761	0.01022	0.01355	0.00856	0.00489	0.00540	0.00163	0.00652	0.00486	0.00268	0.00850

[dist]
# distance from previous block
# <min> <max>
0	1

[block]
# block no. 2 follows, 44 sequences, length 62
# corresponding to MSA columns:
# 109-170
name=unknown_C
#
# <colnr> <probs for GDERKNQSTAVLIFYWHMCP>
#	G	D	E	R	K	N	Q	S	T	A	V	L	I	F	Y	W	H	M	C	P
0	0.03601	0.01077	0.01681	0.62434	0.12860	0.03268	0.01476	0.04390	0.01175	0.01552	0.00980	0.01406	0.00747	0.00541	0.00537	0.00177	0.00709	0.00476	0.00262	0.00651
1	0.07908	0.01382	0.07674	0.04468	0.64461	0.01286	0.01610	0.01666	0.01207	0.01822	0.01000	0.01300	0.00827	0.00491	0.00522	0.00164	0.00643	0.00465	0.00272	0.00833
2	0.80722	0.01138	0.04468	0.00757	0.01116	0.01225	0.00658	0.01608	0.00938	0.02412	0.00770	0.00898	0.00595	0.00507	0.00346	0.00169	0.00440	0.00300	0.00332	0.00601
3	0.03333	0.13967	0.65257	0.01443	0.02188	0.01392	0.01823	0.01710	0.01139	0.01682	0.00941	0.01105	0.00689	0.00510	0.00489	0.00165	0.00764	0.00384	0.00233	0.00785
4	0.01319	0.04654	0.53654	0.05180	0.02250	0.01233	0.06079	0.01889	0.04111	0.12740	0.01196	0.01312	0.00834	0.00545	0.00527	0.00172	0.00738	0.00447	0.00310	0.00809
5	0.01084	0.01005	0.01700	0.52036	0.18704	0.01155	0.04100	0.01428	0.01155	0.01556	0.05347	0.02996	0.01084	0.00586	0.00549	0.00176	0.00665	0.00538	0.03482	0.00652
6	0.01018	0.00947	0.01583	0.75592	0.03597	0.01177	0.01455	0.01363	0.01075	0.01376	0.01006	0.01559	0.00789	0.04551	0.00656	0.00199	0.00717	0.00500	0.00247	0.00592
7	0.00795	0.00620	0.00719	0.00699	0.00864	0.00581	0.00534	0.03258	0.05856	0.01858	0.32280	0.08923	0.33723	0.01246	0.00646	0.00185	0.00305	0.05840	0.00546	0.00521
8	0.70494	0.01136	0.00945	0.00809	0.01164	0.01303	0.00667	0.14322	0.01209	0.02616	0.00854	0.00958	0.00648	0.00532	0.00373	0.00168	0.00452	0.00329	0.00373	0.00648
9	0.00790	0.00742	0.05195	0.13032	0.01400	0.00690	0.02209	0.00971	0.01073	0.01445	0.06149	0.50685	0.04509	0.03792	0.00773	0.00219	0.04198	0.01193	0.00432	0.00502
10	0.02253	0.01160	0.01401	0.01077	0.01498	0.01153	0.00889	0.32037	0.01964	0.45903	0.03716	0.01691	0.01276	0.00678	0.00549	0.00167	0.00513	0.00536	0.00621	0.00917
11	0.01030	0.00969	0.01635	0.79530	0.03755	0.01211	0.01514	0.01393	0.01090	0.01393	0.00969	0.01453	0.00727	0.00545	0.00545	0.00182	0.00727	0.00484	0.00242	0.00606
12	0.01960	0.01446	0.01552	0.01213	0.01621	0.01601	0.00991	0.63766	0.10846	0.04661	0.01440	0.01469	0.01050	0.03058	0.00613	0.00177	0.00576	0.00515	0.00542	0.00902
13	0.01096	0.02746	0.10198	0.18029	0.01795	0.00894	0.02671	0.05429	0.01235	0.09539	0.02350	0.26401	0.12000	0.01037	0.00621	0.00190	0.01831	0.00901	0.00421	0.00616
14	0.06340	0.00952	0.01255	0.00967	0.01385	0.00849	0.00798	0.04845	0.01561	0.71957	0.02059	0.01793	0.01301	0.00666	0.00538	0.00169	0.00466	0.00534	0.00655	0.00912
15	0.00678	0.00550	0.00602	0.00597	0.00759	0.00474	0.00445	0.00845	0.01311	0.01655	0.24062	0.08513	0.54948	0.01327	0.00646	0.00183	0.00273	0.01127	0.00531	0.00474
16	0.01192	0.15436	0.41725	0.06168	0.02293	0.01464	0.14597	0.01661	0.01139	0.01603	0.00942	0.01182	0.00720	0.00536	0.00616	0.00171	0.07132	0.00437	0.00240	0.00747
17	0.01349	0.01295	0.02213	0.03346	0.77440	0.01295	0.01673	0.01673	0.01241	0.01781	0.01025	0.01349	0.00864	0.00486	0.00540	0.00162	0.00648	0.00486	0.00270	0.00864
18	0.01030	0.00969	0.01635	0.79530	0.03755	0.01211	0.01514	0.01393	0.01090	0.01393	0.00969	0.01453	0.00727	0.00545	0.00545	0.00182	0.00727	0.00484	0.00242	0.00606
19	0.01372	0.01627	0.12724	0.02793	0.53940	0.08164	0.05140	0.01773	0.04004	0.01750	0.01050	0.01320	0.00853	0.00505	0.00538	0.00163	0.00704	0.00475	0.00276	0.00829
20	0.04143	0.01824	0.01876	0.02417	0.42277	0.33491	0.01367	0.01898	0.01364	0.02958	0.00961	0.01192	0.00797	0.00521	0.00514	0.00153	0.00777	0.00425	0.00284	0.00760
21	0.01400	0.01191	0.01280	0.04138	0.01529	0.01377	0.00902	0.08584	0.67718	0.02338	0.02099	0.01954	0.01570	0.00725	0.00554	0.00183	0.00456	0.00601	0.00542	0.00858
22	0.00664	0.00474	0.00633	0.00759	0.00791	0.00443	0.00506	0.00759	0.01044	0.01392	0.03005	0.80485	0.03606	0.01708	0.00696	0.00221	0.00316	0.01550	0.00506	0.00443
23	0.00714	0.00618	0.04316	0.00840	0.00923	0.00516	0.02534	0.00846	0.01054	0.01413	0.02807	0.68832	0.03317	0.04656	0.00768	0.00231	0.00370	0.04299	0.00480	0.00465
24	0.01332	0.01270	0.02127	0.03146	0.71424	0.01250	0.01592	0.01649	0.01233	0.01781	0.01021	0.01332	0.00859	0.00479	0.00529	0.00156	0.00628	0.00473	0.00274	0.07445
25	0.01125	0.09600	0.71512	0.01500	0.02276	0.01343	0.01921	0.01718	0.01147	0.01688	0.00959	0.01127	0.00691	0.00513	0.00503	0.00168	0.00786	0.00393	0.00230	0.00797
26	0.00781	0.00576	0.00837	0.00837	0.00921	0.00660	0.00633	0.00948	0.00865	0.01237	0.01496	0.02340	0.01449	0.14779	0.68107	0.00828	0.01331	0.00613	0.00297	0.00465
27	0.01121	0.02574	0.66002	0.01728	0.08294	0.01262	0.06308	0.01711	0.01168	0.01730	0.01029	0.01289	0.00763	0.00532	0.00532	0.00174	0.00794	0.01946	0.00242	0.00800
28	0.01246	0.01616	0.13153	0.07188	0.04534	0.01351	0.59152	0.01719	0.01255	0.01722	0.01076	0.01424	0.00803	0.00474	0.00618	0.00182	0.00885	0.00597	0.00267	0.00739
29	0.04759	0.01427	0.01563	0.07390	0.01790	0.01590	0.01033	0.64300	0.02335	0.03185	0.01282	0.01335	0.00918	0.00640	0.00532	0.00164	0.00590	0.00484	0.03809	0.00874
30	0.30878	0.01076	0.01117	0.05265	0.04969	0.05329	0.00800	0.04822	0.08429	0.19902	0.01549	0.10981	0.01278	0.00724	0.00489	0.00175	0.00485	0.00568	0.00455	0.00707
31	0.01349	0.01295	0.02213	0.03346	0.77440	0.01295	0.01673	0.01673	0.01241	0.01781	0.01025	0.01349	0.00864	0.00486	0.00540	0.00162	0.00648	0.00486	0.00270	0.00864
32	0.02086	0.01425	0.01530	0.01194	0.01612	0.04454	0.00978	0.53071	0.08169	0.17515	0.01524	0.01458	0.01058	0.00662	0.00545	0.00165	0.00575	0.00506	0.00561	0.00911
33	0.02051	0.01572	0.01596	0.01248	0.01666	0.07720	0.01020	0.63578	0.05854	0.06158	0.01347	0.01338	0.00960	0.00652	0.00542	0.00163	0.00617	0.00488	0.00530	0.00901
34	0.01017	0.00838	0.05759	0.01041	0.06839	0.00709	0.02654	0.02378	0.03771	0.08056	0.49380	0.06519	0.03824	0.01001	0.00623	0.00177	0.00377	0.03889	0.00540	0.00610
35	0.00793	0.00529	0.00595	0.00595	0.00595	0.00529	0.00330	0.00793	0.00793	0.01057	0.01718	0.03568	0.01982	0.80840	0.02775	0.00529	0.00529	0.00793	0.00330	0.00330
36	0.00830	0.00656	0.00885	0.00847	0.00957	0.00679	0.02335	0.02739	0.01309	0.01811	0.35950	0.23965	0.09549	0.01267	0.00793	0.00197	0.09566	0.04636	0.00512	0.00515
37	0.01458	0.81168	0.02857	0.00933	0.01399	0.02157	0.00933	0.01632	0.01108	0.01283	0.00758	0.00875	0.00700	0.00466	0.00350	0.00117	0.00583	0.00292	0.00233	0.00700
38	0.01417	0.01400	0.01946	0.21041	0.44396	0.11058	0.01507	0.07512	0.01348	0.01763	0.01011	0.01325	0.00816	0.00523	0.00535	0.00164	0.00705	0.00469	0.00286	0.00778
39	0.01030	0.00969	0.01635	0.79530	0.03755	0.01211	0.01514	0.01393	0.01090	0.01393	0.00969	0.01453	0.00727	0.00545	0.00545	0.00182	0.00727	0.00484	0.00242	0.00606
40	0.00657	0.00547	0.00559	0.00564	0.00727	0.00465	0.00411	0.00782	0.01199	0.01437	0.05123	0.08089	0.68364	0.07671	0.00815	0.00213	0.00298	0.01138	0.00492	0.00449
41	0.84691	0.01054	0.00801	0.00717	0.01054	0.01223	0.00590	0.01603	0.00928	0.02446	0.00759	0.00886	0.00590	0.00506	0.00337	0.00169	0.00422	0.00295	0.00337	0.00590
42	0.01093	0.02820	0.78016	0.01554	0.02360	0.01266	0.02014	0.01727	0.01151	0.01727	0.00978	0.01151	0.00691	0.00518	0.00518	0.00173	0.00806	0.00403	0.00230	0.00806
43	0.05821	0.04192	0.02105	0.12485	0.09954	0.14805	0.22465	0.01677	0.02628	0.01569	0.00953	0.01287	0.00778	0.00618	0.00795	0.02145	0.14287	0.00491	0.00271	0.00671
44	0.01664	0.48324	0.02331	0.01182	0.04091	0.26206	0.01000	0.05344	0.02802	0.01438	0.00849	0.00968	0.00736	0.00511	0.00414	0.00129	0.00709	0.00333	0.00271	0.00698
45	0.01289	0.39268	0.38150	0.01256	0.01859	0.03466	0.01455	0.01676	0.01127	0.01494	0.00862	0.01020	0.00696	0.00513	0.00490	0.00148	0.03902	0.00353	0.00233	0.00744
46	0.16914	0.03977	0.21647	0.01137	0.01625	0.01253	0.01127	0.10177	0.16713	0.17944	0.01464	0.01438	0.01034	0.00607	0.00496	0.00171	0.00559	0.00463	0.00443	0.00813
47	0.00672	0.00480	0.00641	0.00767	0.00802	0.00449	0.00519	0.00772	0.01051	0.01400	0.03001	0.77956	0.03590	0.01701	0.00698	0.00222	0.00323	0.04007	0.00506	0.00445
48	0.44178	0.12623	0.05037	0.00916	0.02647	0.01238	0.03254	0.01595	0.01047	0.05336	0.00969	0.04153	0.00811	0.00538	0.00396	0.00150	0.00479	0.00380	0.00333	0.13922
49	0.01136	0.12023	0.69187	0.01481	0.02247	0.01371	0.01887	0.01715	0.01146	0.01674	0.00952	0.01119	0.00692	0.00512	0.00498	0.00166	0.00780	0.00390	0.00231	0.00793
50	0.00816	0.00712	0.06726	0.00685	0.00754	0.00595	0.00482	0.00876	0.00825	0.01121	0.01646	0.03302	0.01848	0.70489	0.06559	0.00519	0.00599	0.00751	0.00320	0.00376
51	0.10103	0.65159	0.09984	0.00971	0.01457	0.01973	0.01003	0.01639	0.01093	0.01447	0.00780	0.00903	0.00687	0.00476	0.00365	0.00128	0.00588	0.00303	0.00244	0.00699
52	0.01349	0.01295	0.02213	0.03346	0.77440	0.01295	0.01673	0.01673	0.01241	0.01781	0.01025	0.01349	0.00864	0.00486	0.00540	0.00162	0.00648	0.00486	0.00270	0.00864
53	0.12974	0.00936	0.01193	0.00931	0.01335	0.00849	0.00768	0.02484	0.01479	0.66397	0.03695	0.01782	0.01339	0.00663	0.00523	0.00169	0.00454	0.00526	0.00630	0.00875
54	0.00662	0.00553	0.00577	0.00571	0.00747	0.00468	0.00428	0.00816	0.01284	0.01571	0.15409	0.05085	0.67270	0.01344	0.00644	0.00182	0.00274	0.01128	0.00519	0.00468
55	0.00722	0.00536	0.00715	0.03883	0.00973	0.00514	0.00614	0.00866	0.01115	0.01453	0.03206	0.52412	0.12348	0.01579	0.00696	0.00222	0.00367	0.16822	0.00495	0.00464
56	0.01030	0.00969	0.01635	0.79530	0.03755	0.01211	0.01514	0.01393	0.01090	0.01393	0.00969	0.01453	0.00727	0.00545	0.00545	0.00182	0.00727	0.00484	0.00242	0.00606
57	0.01678	0.01307	0.01647	0.01288	0.01656	0.01399	0.11285	0.48660	0.03741	0.02742	0.01538	0.09833	0.01331	0.07089	0.00755	0.00203	0.00604	0.01965	0.00486	0.00794
58	0.01287	0.01471	0.03217	0.02298	0.02849	0.01379	0.75460	0.01746	0.01287	0.01746	0.01103	0.01471	0.00827	0.00460	0.00643	0.00184	0.00919	0.00643	0.00276	0.00735
59	0.01058	0.00999	0.01681	0.72143	0.09535	0.01226	0.01521	0.01414	0.01098	0.01422	0.00969	0.01441	0.00737	0.00548	0.00566	0.00181	0.02107	0.00484	0.00244	0.00626
60	0.01178	0.02630	0.68981	0.01573	0.02341	0.01249	0.06850	0.01777	0.01182	0.05738	0.01048	0.01209	0.00734	0.00522	0.00528	0.00173	0.00795	0.00427	0.00257	0.00807
61	0.01023	0.00956	0.01575	0.67312	0.03357	0.01201	0.01425	0.01353	0.01064	0.01386	0.01048	0.03391	0.00859	0.00743	0.03311	0.00212	0.07093	0.01842	0.00255	0.00595

[dist]
# distance from previous block
# <min> <max>
5	45

[block]
# block no. 3 follows, 44 sequences, length 12
# corresponding to MSA columns:
# 216-227
name=unknown_D
#
# <colnr> <probs for GDERKNQSTAVLIFYWHMCP>
#	G	D	E	R	K	N	Q	S	T	A	V	L	I	F	Y	W	H	M	C	P
0	0.01396	0.01472	0.14027	0.04466	0.45859	0.01232	0.03251	0.04435	0.04677	0.08370	0.02943	0.01566	0.01060	0.00563	0.00548	0.00169	0.00642	0.02157	0.00333	0.00837
1	0.01943	0.01576	0.01679	0.06113	0.08558	0.09034	0.01123	0.57552	0.02260	0.02965	0.01219	0.01290	0.00888	0.00624	0.00540	0.00162	0.00649	0.00477	0.00477	0.00874
2	0.01306	0.01234	0.02090	0.03130	0.70402	0.01234	0.01600	0.01623	0.01243	0.01767	0.01197	0.01792	0.01073	0.00580	0.00559	0.00170	0.00634	0.07244	0.00291	0.00830
3	0.00782	0.00570	0.00804	0.00804	0.00877	0.00642	0.00592	0.00927	0.00855	0.01212	0.01526	0.02505	0.01521	0.23646	0.59339	0.00788	0.01223	0.00637	0.00302	0.00447
4	0.01994	0.07050	0.01605	0.01339	0.01629	0.63106	0.01031	0.02142	0.01483	0.08141	0.00947	0.01065	0.00760	0.00587	0.00557	0.00147	0.05074	0.00372	0.00311	0.00661
5	0.00663	0.00478	0.00628	0.00748	0.00788	0.00444	0.00501	0.00760	0.01054	0.01396	0.03135	0.76582	0.07425	0.01691	0.00693	0.00219	0.00314	0.01529	0.00506	0.00444
6	0.01865	0.01575	0.08371	0.01237	0.01701	0.01557	0.01082	0.58449	0.07334	0.03079	0.01315	0.01330	0.00947	0.00629	0.00533	0.00160	0.00592	0.00479	0.00501	0.07265
7	0.01458	0.81168	0.02857	0.00933	0.01399	0.02157	0.00933	0.01632	0.01108	0.01283	0.00758	0.00875	0.00700	0.00466	0.00350	0.00117	0.00583	0.00292	0.00233	0.00700
8	0.46720	0.22380	0.16274	0.00935	0.01397	0.01476	0.00956	0.01634	0.01018	0.02002	0.00801	0.00934	0.00638	0.00498	0.00376	0.00156	0.00538	0.00315	0.00289	0.00661
9	0.01188	0.23217	0.58449	0.01392	0.02110	0.01498	0.01733	0.01702	0.01140	0.01611	0.00921	0.01079	0.00693	0.00505	0.00474	0.00158	0.00748	0.00374	0.00231	0.00778
10	0.01202	0.26272	0.55519	0.01368	0.02072	0.01533	0.01691	0.01698	0.01138	0.01594	0.00912	0.01068	0.00693	0.00503	0.00468	0.00156	0.00739	0.00370	0.00231	0.00774
11	0.01399	0.54253	0.23418	0.01125	0.01683	0.01881	0.01237	0.06671	0.01218	0.01550	0.00856	0.00980	0.00713	0.00493	0.00409	0.00135	0.00645	0.00336	0.00254	0.00744

[dist]
# distance from previous block
# <min> <max>
4	13

[block]
# block no. 4 follows, 44 sequences, length 11
# corresponding to MSA columns:
# 241-251
name=unknown_E
#
# <colnr> <probs for GDERKNQSTAVLIFYWHMCP>
#	G	D	E	R	K	N	Q	S	T	A	V	L	I	F	Y	W	H	M	C	P
0	0.06148	0.01188	0.01296	0.01038	0.01400	0.01233	0.00832	0.41858	0.01882	0.02638	0.01491	0.11904	0.01336	0.03808	0.00616	0.00171	0.00508	0.02541	0.00475	0.17638
1	0.22582	0.05365	0.25289	0.01148	0.01614	0.01176	0.05456	0.01729	0.05820	0.08486	0.11995	0.01623	0.01428	0.00637	0.00539	0.00172	0.03367	0.00496	0.00372	0.00706
2	0.01172	0.01107	0.01600	0.41734	0.14831	0.06613	0.03525	0.05483	0.01221	0.01573	0.04166	0.04279	0.01153	0.08387	0.00768	0.00209	0.00680	0.00565	0.00298	0.00635
3	0.01458	0.81168	0.02857	0.00933	0.01399	0.02157	0.00933	0.01632	0.01108	0.01283	0.00758	0.00875	0.00700	0.00466	0.00350	0.00117	0.00583	0.00292	0.00233	0.00700
4	0.01458	0.81168	0.02857	0.00933	0.01399	0.02157	0.00933	0.01632	0.01108	0.01283	0.00758	0.00875	0.00700	0.00466	0.00350	0.00117	0.00583	0.00292	0.00233	0.00700
5	0.00792	0.00533	0.00615	0.00615	0.00622	0.00540	0.00356	0.00806	0.00799	0.01072	0.01699	0.03463	0.01937	0.75211	0.08342	0.00554	0.00597	0.00778	0.00328	0.00342
6	0.01338	0.28852	0.39602	0.01440	0.06589	0.10325	0.01524	0.01743	0.01187	0.01537	0.00892	0.01052	0.00706	0.00504	0.00460	0.00150	0.00742	0.00365	0.00239	0.00754
7	0.01425	0.44047	0.27473	0.01183	0.01757	0.01797	0.01304	0.12144	0.01328	0.01734	0.00909	0.01027	0.00729	0.00510	0.00433	0.00142	0.00659	0.00356	0.00276	0.00767
8	0.12308	0.20102	0.42555	0.01296	0.01913	0.01428	0.05490	0.01653	0.01140	0.01748	0.04966	0.01226	0.00924	0.00533	0.00469	0.00160	0.00681	0.00407	0.00267	0.00734
9	0.00801	0.00761	0.06433	0.00850	0.01018	0.00637	0.00727	0.01028	0.01269	0.01701	0.23163	0.15727	0.19157	0.01302	0.00730	0.00205	0.04612	0.18869	0.00496	0.00515
10	0.05642	0.00819	0.00968	0.00836	0.01113	0.00739	0.00640	0.05772	0.01200	0.04796	0.03517	0.28058	0.04367	0.00962	0.00582	0.00156	0.03175	0.02370	0.00426	0.33862

[dist]
# distance from previous block
# <min> <max>
28	43

[block]
# block no. 5 follows, 44 sequences, length 47
# corresponding to MSA columns:
# 298-344
name=unknown_F
#
# <colnr> <probs for GDERKNQSTAVLIFYWHMCP>
#	G	D	E	R	K	N	Q	S	T	A	V	L	I	F	Y	W	H	M	C	P
0	0.04461	0.01965	0.09047	0.01632	0.10693	0.37038	0.07349	0.03852	0.01390	0.01602	0.02765	0.01706	0.02173	0.00671	0.00601	0.00168	0.04653	0.07249	0.00312	0.00673
1	0.06842	0.01044	0.03190	0.41689	0.18663	0.01147	0.01329	0.01521	0.04867	0.03304	0.06495	0.01722	0.03396	0.00627	0.00564	0.01469	0.00621	0.00533	0.00312	0.00667
2	0.01150	0.01130	0.01763	0.21244	0.07887	0.01432	0.06928	0.01373	0.00971	0.01403	0.00880	0.01374	0.00788	0.03023	0.02827	0.00232	0.42414	0.00500	0.00250	0.02430
3	0.01329	0.01275	0.02177	0.08070	0.72871	0.01290	0.01663	0.01656	0.01232	0.01757	0.01022	0.01356	0.00855	0.00489	0.00540	0.00163	0.00653	0.00486	0.00268	0.00848
4	0.01920	0.01451	0.01550	0.01224	0.01633	0.01620	0.00999	0.60163	0.18270	0.03190	0.01502	0.01463	0.01084	0.00673	0.00547	0.00168	0.00564	0.00518	0.00547	0.00913
5	0.01420	0.06726	0.02194	0.03006	0.65349	0.08537	0.01566	0.01717	0.01261	0.01706	0.00991	0.01284	0.00838	0.00492	0.00523	0.00157	0.00675	0.00460	0.00268	0.00831
6	0.01349	0.01295	0.02213	0.03346	0.77440	0.01295	0.01673	0.01673	0.01241	0.01781	0.01025	0.01349	0.00864	0.00486	0.00540	0.00162	0.00648	0.00486	0.00270	0.00864
7	0.01133	0.02543	0.62663	0.01707	0.02460	0.01289	0.17089	0.01731	0.01179	0.01731	0.01004	0.01217	0.00719	0.00506	0.00544	0.00175	0.00829	0.00452	0.00240	0.00791
8	0.00935	0.00619	0.00826	0.05943	0.01058	0.00583	0.00600	0.01186	0.01492	0.09105	0.59774	0.03780	0.09879	0.01056	0.00628	0.00173	0.00309	0.00924	0.00576	0.00555
9	0.00856	0.00618	0.00878	0.00975	0.01094	0.00640	0.00833	0.01094	0.01168	0.01547	0.02558	0.05226	0.02729	0.02101	0.18703	0.00395	0.00723	0.56912	0.00454	0.00498
10	0.01462	0.07974	0.39589	0.01429	0.05713	0.01242	0.03092	0.07977	0.02956	0.16231	0.01366	0.03114	0.01032	0.00623	0.00532	0.00171	0.00671	0.03645	0.00368	0.00813
11	0.01093	0.02820	0.78016	0.01554	0.02360	0.01266	0.02014	0.01727	0.01151	0.01727	0.00978	0.01151	0.00691	0.00518	0.00518	0.00173	0.00806	0.00403	0.00230	0.00806
12	0.00694	0.00553	0.00625	0.00631	0.00786	0.00484	0.00477	0.00867	0.01307	0.01661	0.23579	0.10329	0.48561	0.01344	0.00655	0.00188	0.00289	0.05964	0.00530	0.00476
13	0.00673	0.00561	0.00592	0.00607	0.00784	0.00481	0.00471	0.00825	0.01244	0.01492	0.05203	0.05356	0.68232	0.01396	0.00658	0.00192	0.00304	0.09959	0.00506	0.00465
14	0.01474	0.00881	0.01220	0.01053	0.01314	0.00857	0.06994	0.13321	0.02579	0.22946	0.02265	0.26676	0.02177	0.04131	0.00711	0.00209	0.00484	0.09488	0.00533	0.00687
15	0.01349	0.01295	0.02213	0.03346	0.77440	0.01295	0.01673	0.01673	0.01241	0.01781	0.01025	0.01349	0.00864	0.00486	0.00540	0.00162	0.00648	0.00486	0.00270	0.00864
16	0.02015	0.08924	0.01750	0.01224	0.01664	0.01734	0.01027	0.68750	0.02428	0.03236	0.01258	0.01269	0.00906	0.00637	0.00527	0.00159	0.00598	0.00472	0.00516	0.00906
17	0.01349	0.01295	0.02213	0.03346	0.77440	0.01295	0.01673	0.01673	0.01241	0.01781	0.01025	0.01349	0.00864	0.00486	0.00540	0.00162	0.00648	0.00486	0.00270	0.00864
18	0.00848	0.00670	0.00736	0.00750	0.00799	0.05744	0.00499	0.00924	0.00910	0.01190	0.01834	0.17319	0.02043	0.41491	0.21344	0.00533	0.00754	0.00851	0.00350	0.00411
19	0.10702	0.00668	0.00804	0.00772	0.00841	0.00762	0.00547	0.00991	0.00838	0.01308	0.01434	0.02598	0.01513	0.40559	0.25653	0.00566	0.08059	0.00641	0.00311	0.00433
20	0.01306	0.01251	0.02134	0.13682	0.67443	0.01284	0.01652	0.01635	0.01221	0.01728	0.01018	0.01363	0.00845	0.00494	0.00540	0.00165	0.00658	0.00486	0.00266	0.00829
21	0.02099	0.00943	0.03299	0.00977	0.01347	0.00812	0.00822	0.05352	0.01504	0.58573	0.02142	0.02433	0.01566	0.06096	0.00719	0.00202	0.00488	0.09178	0.00614	0.00835
22	0.01207	0.01831	0.26198	0.02101	0.09540	0.01297	0.42737	0.01692	0.01230	0.01729	0.01136	0.04635	0.00903	0.00532	0.00597	0.00180	0.00834	0.00592	0.00271	0.00757
23	0.01327	0.01273	0.02173	0.08601	0.72357	0.01290	0.01662	0.01654	0.01231	0.01754	0.01022	0.01356	0.00854	0.00490	0.00540	0.00163	0.00653	0.00486	0.00268	0.00846
24	0.02372	0.00957	0.01274	0.00981	0.01395	0.00852	0.00808	0.07459	0.01627	0.70657	0.04292	0.01884	0.01433	0.00686	0.00551	0.00168	0.00467	0.00557	0.00664	0.00916
25	0.01299	0.01410	0.09205	0.09569	0.64286	0.01286	0.01691	0.01655	0.01220	0.01743	0.01016	0.01340	0.00836	0.00494	0.00538	0.00165	0.00669	0.00478	0.00264	0.00837
26	0.04714	0.24336	0.39515	0.01387	0.01982	0.01546	0.07848	0.01683	0.01124	0.03221	0.00922	0.01109	0.00717	0.00537	0.00579	0.00163	0.07224	0.00397	0.00250	0.00747
27	0.01258	0.01203	0.02049	0.25008	0.56489	0.01271	0.01628	0.01593	0.01198	0.01671	0.01009	0.01379	0.00825	0.00503	0.00541	0.00168	0.00670	0.00485	0.00262	0.00790
28	0.03621	0.10600	0.68201	0.01467	0.02225	0.01354	0.01864	0.01713	0.01140	0.01704	0.00950	0.01115	0.00689	0.00512	0.00496	0.00167	0.00772	0.00389	0.00234	0.00789
29	0.01113	0.05589	0.73362	0.01578	0.04266	0.01299	0.01967	0.01722	0.01152	0.01712	0.00972	0.01146	0.00695	0.00515	0.00512	0.00170	0.00794	0.00401	0.00231	0.00803
30	0.01579	0.26374	0.01890	0.01376	0.10382	0.34783	0.01002	0.01749	0.01321	0.01387	0.01381	0.05368	0.07973	0.00657	0.00478	0.00144	0.00721	0.00483	0.00297	0.00655
31	0.04638	0.09191	0.50026	0.01527	0.07048	0.08509	0.01653	0.01705	0.01188	0.01692	0.04479	0.01251	0.00908	0.00558	0.00545	0.00166	0.03481	0.00419	0.00260	0.00755
32	0.01252	0.11937	0.15920	0.12310	0.14068	0.01495	0.12984	0.03741	0.01147	0.01597	0.00929	0.01250	0.00757	0.00598	0.00794	0.00180	0.17593	0.00468	0.00257	0.00722
33	0.00721	0.00701	0.07821	0.00822	0.00924	0.00531	0.00637	0.00860	0.01034	0.01395	0.02690	0.64198	0.03169	0.09217	0.00881	0.00247	0.00386	0.02835	0.00463	0.00467
34	0.05077	0.00716	0.00866	0.00944	0.03648	0.02657	0.00730	0.01204	0.05522	0.01785	0.18711	0.10947	0.12320	0.01272	0.00666	0.00210	0.00416	0.31269	0.00505	0.00535
35	0.01379	0.21490	0.38521	0.01415	0.04209	0.03021	0.07396	0.01802	0.01214	0.10903	0.01193	0.01302	0.02747	0.00542	0.00494	0.00159	0.00704	0.00433	0.00298	0.00778
36	0.01345	0.07826	0.30293	0.04060	0.21316	0.01316	0.15290	0.01787	0.01232	0.08769	0.01105	0.01313	0.00822	0.00510	0.00538	0.00168	0.00736	0.00476	0.00290	0.00806
37	0.00664	0.00474	0.00633	0.00759	0.00791	0.00443	0.00506	0.00759	0.01044	0.01392	0.03005	0.80485	0.03606	0.01708	0.00696	0.00221	0.00316	0.01550	0.00506	0.00443
38	0.01544	0.69487	0.02662	0.01003	0.01442	0.13530	0.00951	0.01713	0.01173	0.01290	0.00771	0.00891	0.00700	0.00481	0.00371	0.00120	0.00643	0.00300	0.00240	0.00690
39	0.01516	0.01520	0.08101	0.02691	0.52922	0.06143	0.01538	0.12669	0.01459	0.04619	0.01091	0.01322	0.00866	0.00525	0.00536	0.00162	0.00668	0.00474	0.00322	0.00856
40	0.01460	0.33750	0.06154	0.01351	0.09912	0.16073	0.03239	0.06957	0.01318	0.01560	0.01312	0.08624	0.04838	0.00664	0.00476	0.00148	0.00648	0.00515	0.00309	0.00692
41	0.00841	0.00588	0.00662	0.00655	0.00687	0.00607	0.00394	0.00992	0.07830	0.01187	0.01799	0.05859	0.01989	0.68897	0.04443	0.00496	0.00537	0.00795	0.00356	0.00387
42	0.01464	0.10690	0.06385	0.01201	0.04583	0.01306	0.02537	0.07361	0.34899	0.11028	0.04984	0.02150	0.01614	0.00741	0.00548	0.00177	0.00506	0.06531	0.00490	0.00805
43	0.01876	0.01537	0.08638	0.01240	0.01678	0.01515	0.01091	0.59300	0.02268	0.05669	0.01458	0.04401	0.01142	0.00729	0.00560	0.00172	0.00599	0.04735	0.00517	0.00874
44	0.00682	0.00488	0.00651	0.00766	0.00809	0.00457	0.00525	0.00796	0.01088	0.01457	0.07928	0.71685	0.03685	0.01658	0.00695	0.00220	0.00322	0.05127	0.00512	0.00451
45	0.01406	0.08264	0.03596	0.00842	0.01129	0.00816	0.00710	0.03810	0.01498	0.25880	0.35070	0.03034	0.08008	0.00911	0.00582	0.00168	0.00388	0.02643	0.00567	0.00679
46	0.01470	0.03674	0.13755	0.01811	0.02289	0.13474	0.36654	0.04009	0.01314	0.06732	0.01073	0.01326	0.00811	0.00553	0.00697	0.00178	0.08620	0.00526	0.00300	0.00734

[dist]
# distance from previous block
# <min> <max>
12	43

[block]
# block no. 6 follows, 44 sequences, length 66
# corresponding to MSA columns:
# 389-454
name=unknown_G
#
# <colnr> <probs for GDERKNQSTAVLIFYWHMCP>
#	G	D	E	R	K	N	Q	S	T	A	V	L	I	F	Y	W	H	M	C	P
0	0.01094	0.00922	0.04517	0.02427	0.01182	0.02043	0.04350	0.13381	0.02968	0.04158	0.11327	0.12765	0.13974	0.17985	0.02287	0.00264	0.00492	0.00854	0.00453	0.02557
1	0.12106	0.05139	0.13067	0.01615	0.14273	0.10946	0.09118	0.09932	0.03763	0.03155	0.10440	0.01567	0.01339	0.00606	0.00521	0.00164	0.00647	0.00508	0.00359	0.00735
2	0.01301	0.08674	0.12016	0.02470	0.30078	0.01404	0.32662	0.01707	0.01237	0.01715	0.01028	0.01334	0.00812	0.00477	0.00564	0.00168	0.00775	0.00525	0.00264	0.00788
3	0.05695	0.22777	0.44510	0.01265	0.01884	0.03791	0.01487	0.01680	0.01163	0.04013	0.02910	0.02434	0.03064	0.00567	0.00474	0.00158	0.00687	0.00423	0.00273	0.00743
4	0.01270	0.01277	0.03987	0.03770	0.44183	0.01242	0.15032	0.01686	0.05894	0.01790	0.03845	0.01728	0.01154	0.00582	0.00608	0.00172	0.03211	0.04137	0.00311	0.04120
5	0.01295	0.05053	0.01316	0.07591	0.01523	0.03459	0.00797	0.05698	0.01215	0.06740	0.01073	0.01322	0.00887	0.04447	0.00632	0.00135	0.05170	0.00393	0.00341	0.50914
6	0.01461	0.75910	0.02773	0.03688	0.01490	0.04522	0.00957	0.01641	0.01121	0.01288	0.00768	0.00898	0.00701	0.00472	0.00361	0.00120	0.00601	0.00300	0.00235	0.00694
7	0.01751	0.14129	0.07523	0.01180	0.04564	0.01387	0.01004	0.23178	0.11611	0.18278	0.01593	0.01553	0.03441	0.00630	0.00508	0.00156	0.00542	0.00491	0.00474	0.06008
8	0.00779	0.00583	0.00868	0.00868	0.00963	0.00677	0.00672	0.00968	0.00874	0.01260	0.01468	0.02182	0.01380	0.06253	0.76540	0.00866	0.01434	0.00590	0.00293	0.00482
9	0.01356	0.48992	0.14216	0.01010	0.01467	0.01683	0.01033	0.05208	0.01201	0.04541	0.03532	0.03772	0.03237	0.03496	0.03033	0.00176	0.00613	0.00441	0.00299	0.00696
10	0.01228	0.01156	0.01967	0.07353	0.53842	0.01178	0.05210	0.01533	0.01212	0.01702	0.01347	0.06790	0.01273	0.00691	0.00615	0.00180	0.02914	0.08733	0.00308	0.00768
11	0.00806	0.00568	0.00713	0.00777	0.00870	0.00545	0.00551	0.03209	0.03493	0.04155	0.03144	0.54214	0.13261	0.03527	0.03838	0.00246	0.00388	0.04701	0.00502	0.00492
12	0.00809	0.00620	0.02738	0.00768	0.00906	0.00548	0.00607	0.01046	0.01393	0.03471	0.49450	0.15363	0.05656	0.01348	0.03765	0.00217	0.00362	0.09865	0.00552	0.00516
13	0.13348	0.07197	0.01830	0.08040	0.34371	0.12064	0.01276	0.08828	0.03507	0.01914	0.00995	0.01220	0.00807	0.00533	0.00512	0.00160	0.01894	0.00430	0.00310	0.00763
14	0.03037	0.10417	0.52812	0.01484	0.02168	0.01331	0.09206	0.01790	0.03810	0.05654	0.02680	0.01279	0.00865	0.00535	0.00515	0.00168	0.00744	0.00441	0.00280	0.00785
15	0.00818	0.00584	0.00808	0.00927	0.01028	0.00574	0.00766	0.01028	0.01211	0.01590	0.05873	0.25661	0.03341	0.01544	0.00734	0.00240	0.00443	0.51837	0.00507	0.00487
16	0.14607	0.00927	0.01091	0.00902	0.01201	0.00943	0.00729	0.11111	0.02915	0.28485	0.23085	0.02308	0.03874	0.00801	0.00605	0.00173	0.04317	0.00636	0.00557	0.00730
17	0.00858	0.00610	0.00779	0.00847	0.00933	0.00608	0.00637	0.06286	0.01180	0.01561	0.02626	0.37378	0.02984	0.14968	0.01056	0.00279	0.00434	0.25021	0.00478	0.00478
18	0.01331	0.54012	0.28907	0.01148	0.01732	0.01848	0.01308	0.01665	0.01123	0.01436	0.00834	0.00970	0.00697	0.00484	0.00408	0.00136	0.00660	0.00330	0.00232	0.00736
19	0.00929	0.00820	0.01269	0.14211	0.01714	0.00810	0.11599	0.02890	0.01252	0.01607	0.03013	0.04041	0.25738	0.01080	0.00646	0.00198	0.00526	0.22570	0.00419	0.04667
20	0.01030	0.00969	0.01635	0.79530	0.03755	0.01211	0.01514	0.01393	0.01090	0.01393	0.00969	0.01453	0.00727	0.00545	0.00545	0.00182	0.00727	0.00484	0.00242	0.00606
21	0.18262	0.00952	0.01176	0.00921	0.01327	0.00882	0.00761	0.02454	0.01439	0.63323	0.01883	0.01669	0.01204	0.00642	0.00508	0.00169	0.00456	0.00500	0.00610	0.00863
22	0.01061	0.01024	0.01750	0.64070	0.03398	0.01260	0.07378	0.01405	0.01076	0.01411	0.00964	0.01442	0.00746	0.00647	0.02188	0.00201	0.08622	0.00498	0.00246	0.00613
23	0.01285	0.00964	0.01146	0.00827	0.01304	0.00736	0.00664	0.01524	0.01181	0.10713	0.01108	0.01216	0.00871	0.00436	0.00421	0.00091	0.00411	0.00349	0.00364	0.74390
24	0.02044	0.01513	0.01620	0.01249	0.01680	0.01677	0.01029	0.72720	0.05512	0.03390	0.01345	0.01338	0.00957	0.00658	0.00546	0.00164	0.00593	0.00496	0.00546	0.00925
25	0.01482	0.62264	0.11949	0.01061	0.01551	0.09060	0.01080	0.03600	0.01191	0.01397	0.00807	0.00930	0.00705	0.00486	0.00389	0.00127	0.00648	0.00316	0.00245	0.00712
26	0.01030	0.00969	0.01635	0.79530	0.03755	0.01211	0.01514	0.01393	0.01090	0.01393	0.00969	0.01453	0.00727	0.00545	0.00545	0.00182	0.00727	0.00484	0.00242	0.00606
27	0.01318	0.01123	0.01203	0.02893	0.01425	0.01286	0.00850	0.05978	0.64551	0.02236	0.02320	0.06072	0.04714	0.00806	0.00565	0.00186	0.00434	0.00676	0.00543	0.00823
28	0.01349	0.01295	0.02213	0.03346	0.77440	0.01295	0.01673	0.01673	0.01241	0.01781	0.01025	0.01349	0.00864	0.00486	0.00540	0.00162	0.00648	0.00486	0.00270	0.00864
29	0.01420	0.01171	0.01245	0.01108	0.01424	0.01343	0.00865	0.04938	0.71391	0.05319	0.02191	0.02006	0.01631	0.00735	0.00554	0.00184	0.00437	0.00610	0.00559	0.00867
30	0.01259	0.02879	0.01192	0.00832	0.01310	0.00785	0.00672	0.02913	0.01191	0.07697	0.01062	0.01184	0.00849	0.00431	0.00416	0.00090	0.00416	0.00343	0.00352	0.74126
31	0.01093	0.02820	0.78016	0.01554	0.02360	0.01266	0.02014	0.01727	0.01151	0.01727	0.00978	0.01151	0.00691	0.00518	0.00518	0.00173	0.00806	0.00403	0.00230	0.00806
32	0.01093	0.02820	0.78016	0.01554	0.02360	0.01266	0.02014	0.01727	0.01151	0.01727	0.00978	0.01151	0.00691	0.00518	0.00518	0.00173	0.00806	0.00403	0.00230	0.00806
33	0.00647	0.00542	0.00563	0.00580	0.00744	0.00458	0.00426	0.00779	0.01216	0.01462	0.05191	0.15154	0.67525	0.01424	0.00651	0.00189	0.00281	0.01203	0.00506	0.00458
34	0.02407	0.00919	0.01253	0.00963	0.01378	0.00795	0.00795	0.02619	0.01560	0.76069	0.03884	0.01907	0.01437	0.00685	0.00550	0.00169	0.00459	0.00558	0.00673	0.00918
35	0.01263	0.01489	0.06400	0.02281	0.07355	0.01339	0.65305	0.01710	0.01270	0.01736	0.01152	0.03922	0.00910	0.00503	0.00633	0.00183	0.00878	0.00651	0.00281	0.00737
36	0.01125	0.02632	0.68692	0.01774	0.11594	0.01270	0.01972	0.01720	0.01162	0.01733	0.00984	0.01175	0.00712	0.00514	0.00521	0.00171	0.00786	0.00413	0.00235	0.00813
37	0.01093	0.02820	0.78016	0.01554	0.02360	0.01266	0.02014	0.01727	0.01151	0.01727	0.00978	0.01151	0.00691	0.00518	0.00518	0.00173	0.00806	0.00403	0.00230	0.00806
38	0.01172	0.01114	0.01892	0.45607	0.36565	0.01249	0.01585	0.01518	0.01157	0.01566	0.00994	0.01407	0.00788	0.00519	0.00543	0.00173	0.00692	0.00485	0.00255	0.00720
39	0.01093	0.02820	0.78016	0.01554	0.02360	0.01266	0.02014	0.01727	0.01151	0.01727	0.00978	0.01151	0.00691	0.00518	0.00518	0.00173	0.00806	0.00403	0.00230	0.00806
40	0.01177	0.01069	0.01866	0.55687	0.15553	0.01221	0.08751	0.01535	0.01157	0.05251	0.01049	0.01458	0.00790	0.00533	0.00554	0.00178	0.00720	0.00503	0.00271	0.00676
41	0.00664	0.00474	0.00633	0.00759	0.00791	0.00443	0.00506	0.00759	0.01044	0.01392	0.03005	0.80485	0.03606	0.01708	0.00696	0.00221	0.00316	0.01550	0.00506	0.00443
42	0.01073	0.02676	0.73104	0.01499	0.02261	0.01218	0.01919	0.01682	0.01176	0.01756	0.05820	0.01337	0.00974	0.00556	0.00526	0.00173	0.00771	0.00440	0.00254	0.00787
43	0.01352	0.04929	0.10512	0.16002	0.17054	0.01182	0.14303	0.01687	0.01221	0.13352	0.01372	0.09319	0.01149	0.00662	0.00608	0.00178	0.03424	0.00611	0.00345	0.00739
44	0.00671	0.00479	0.00640	0.00767	0.00801	0.00449	0.00518	0.00771	0.01050	0.01399	0.03001	0.78154	0.03591	0.01702	0.00698	0.00222	0.00322	0.03814	0.00506	0.00445
45	0.01093	0.02820	0.78016	0.01554	0.02360	0.01266	0.02014	0.01727	0.01151	0.01727	0.00978	0.01151	0.00691	0.00518	0.00518	0.00173	0.00806	0.00403	0.00230	0.00806
46	0.01212	0.04938	0.48978	0.05472	0.17339	0.01293	0.07192	0.01729	0.01188	0.04163	0.01027	0.01241	0.00758	0.00512	0.00528	0.00170	0.00760	0.00441	0.00256	0.00803
47	0.01128	0.02604	0.66791	0.01754	0.08802	0.01276	0.06651	0.01723	0.01167	0.01732	0.00990	0.01188	0.00714	0.00511	0.00528	0.00172	0.00799	0.00425	0.00236	0.00806
48	0.01030	0.00969	0.01635	0.79530	0.03755	0.01211	0.01514	0.01393	0.01090	0.01393	0.00969	0.01453	0.00727	0.00545	0.00545	0.00182	0.00727	0.00484	0.00242	0.00606
49	0.01224	0.01279	0.02519	0.06565	0.23920	0.01256	0.39919	0.01596	0.01243	0.01717	0.04220	0.07017	0.01193	0.00600	0.00648	0.00181	0.03213	0.00661	0.00300	0.00731
50	0.01372	0.03359	0.04725	0.03045	0.63088	0.05129	0.07929	0.01705	0.01254	0.01742	0.01015	0.01324	0.00843	0.00488	0.00541	0.00162	0.00691	0.00485	0.00269	0.00835
51	0.01030	0.00969	0.01635	0.79530	0.03755	0.01211	0.01514	0.01393	0.01090	0.01393	0.00969	0.01453	0.00727	0.00545	0.00545	0.00182	0.00727	0.00484	0.00242	0.00606
52	0.00879	0.00628	0.00879	0.01004	0.01130	0.00628	0.00879	0.01130	0.01255	0.01632	0.02887	0.06150	0.03138	0.01506	0.00753	0.00251	0.00502	0.73770	0.00502	0.00502
53	0.01166	0.00938	0.05071	0.03035	0.01435	0.02446	0.12910	0.02866	0.01226	0.13898	0.04352	0.38041	0.04690	0.01147	0.00686	0.00199	0.03780	0.01039	0.00463	0.00613
54	0.14488	0.01328	0.14899	0.01052	0.01532	0.01009	0.00999	0.07491	0.01453	0.45691	0.01643	0.01527	0.01074	0.00613	0.00507	0.00167	0.00527	0.00474	0.00527	0.03000
55	0.05227	0.01019	0.01118	0.00968	0.01272	0.02612	0.00762	0.02270	0.36575	0.16464	0.10291	0.02341	0.08212	0.00792	0.00579	0.00174	0.02254	0.00647	0.00541	0.05883
56	0.01597	0.41815	0.18713	0.01178	0.04007	0.06223	0.01172	0.01881	0.01233	0.15930	0.01084	0.01142	0.00826	0.00523	0.00438	0.00141	0.00634	0.00374	0.00320	0.00767
57	0.01372	0.55612	0.19898	0.01096	0.01614	0.05702	0.01175	0.01651	0.01129	0.01386	0.00845	0.01002	0.00728	0.00650	0.04001	0.00166	0.00694	0.00333	0.00238	0.00711
58	0.04287	0.07733	0.04497	0.01107	0.01461	0.02535	0.00930	0.40897	0.05898	0.04408	0.01581	0.14249	0.01398	0.01013	0.05283	0.00214	0.00600	0.00649	0.00479	0.00780
59	0.01913	0.07242	0.08942	0.01255	0.01725	0.01673	0.01116	0.61074	0.04709	0.03085	0.01268	0.01287	0.00912	0.00631	0.00529	0.00162	0.00613	0.00473	0.00494	0.00898
60	0.07581	0.68011	0.06153	0.00961	0.01432	0.02026	0.00963	0.05000	0.01163	0.01487	0.00793	0.00908	0.00702	0.00480	0.00366	0.00125	0.00582	0.00306	0.00255	0.00707
61	0.11430	0.17501	0.50325	0.01299	0.01947	0.01403	0.01566	0.01656	0.01102	0.01707	0.00933	0.01114	0.00713	0.00682	0.04310	0.00196	0.00748	0.00377	0.00247	0.00743
