[name]
unknown

[dist]
# distance from previous block
# <min> <max>
11	44

[block]
# block no. 0 follows, 47 sequences, length 9
# corresponding to MSA columns:
# 65-73
name=unknown_A
#
# <colnr> <probs for GDERKNQSTAVLIFYWHMCP>
#	G	D	E	R	K	N	Q	S	T	A	V	L	I	F	Y	W	H	M	C	P
0	0.00815	0.00619	0.00875	0.06341	0.00990	0.00625	0.07412	0.00894	0.00861	0.01153	0.05791	0.03109	0.01875	0.64037	0.02200	0.00432	0.00538	0.00734	0.00319	0.00379
1	0.00744	0.00606	0.00942	0.01035	0.06881	0.00572	0.07550	0.00881	0.01031	0.01379	0.02607	0.61366	0.06071	0.04813	0.00731	0.00215	0.00386	0.01276	0.00439	0.00476
2	0.43268	0.01040	0.01132	0.00926	0.01274	0.01105	0.07619	0.08659	0.07000	0.06285	0.01156	0.06759	0.00959	0.00588	0.00426	0.00157	0.00456	0.00454	0.00378	0.10359
3	0.17315	0.05418	0.01649	0.11851	0.21606	0.04806	0.10460	0.01530	0.02692	0.05072	0.01232	0.11815	0.01121	0.00642	0.00500	0.00166	0.00577	0.00572	0.00319	0.00659
4	0.05868	0.01154	0.01620	0.22976	0.25444	0.07209	0.03235	0.01471	0.02379	0.01523	0.00978	0.01381	0.00826	0.04168	0.00780	0.00185	0.13234	0.00463	0.04462	0.00645
5	0.01132	0.06617	0.01186	0.04592	0.10030	0.05021	0.00776	0.04464	0.01165	0.08612	0.03090	0.27675	0.03665	0.03784	0.04552	0.00207	0.00503	0.00799	0.00395	0.11735
6	0.08641	0.03285	0.04843	0.11851	0.24120	0.02561	0.05160	0.03003	0.07830	0.02837	0.02399	0.01357	0.00914	0.00652	0.00691	0.07942	0.04568	0.00453	0.00298	0.06594
7	0.01000	0.00870	0.01063	0.10526	0.09264	0.06802	0.00807	0.05678	0.01171	0.01522	0.07050	0.21585	0.09287	0.04548	0.00801	0.06147	0.02778	0.04100	0.00381	0.04618
8	0.04853	0.01017	0.01457	0.21964	0.21609	0.02278	0.02523	0.10868	0.03070	0.01749	0.01439	0.13640	0.03344	0.03488	0.00603	0.00178	0.00556	0.00635	0.00339	0.04389

[dist]
# distance from previous block
# <min> <max>
19	37

[block]
# block no. 1 follows, 47 sequences, length 33
# corresponding to MSA columns:
# 111-143
name=unknown_B
#
# <colnr> <probs for GDERKNQSTAVLIFYWHMCP>
#	G	D	E	R	K	N	Q	S	T	A	V	L	I	F	Y	W	H	M	C	P
0	0.04087	0.33489	0.19418	0.06545	0.01746	0.04428	0.03186	0.05360	0.01174	0.08376	0.00944	0.01078	0.00737	0.00516	0.00495	0.00144	0.04873	0.00368	0.00283	0.02753
1	0.01190	0.00782	0.01008	0.04565	0.04974	0.00801	0.00711	0.05816	0.08705	0.15058	0.11888	0.15149	0.06363	0.12159	0.00920	0.00223	0.04517	0.02282	0.00467	0.02424
2	0.16070	0.00654	0.00749	0.00704	0.00872	0.00657	0.00530	0.01211	0.03269	0.08643	0.36161	0.12702	0.04768	0.06299	0.04282	0.00222	0.00372	0.00819	0.00490	0.00526
3	0.01166	0.03154	0.01646	0.24296	0.03544	0.08373	0.05579	0.01416	0.03057	0.01372	0.04355	0.01351	0.00911	0.00719	0.01053	0.00192	0.36487	0.00478	0.00259	0.00594
4	0.04304	0.36050	0.02212	0.01229	0.01611	0.22824	0.12365	0.01786	0.03354	0.05224	0.00900	0.01040	0.00741	0.00506	0.00483	0.00138	0.03921	0.00373	0.00274	0.00664
5	0.00672	0.00487	0.00637	0.00714	0.00776	0.00447	0.00486	0.00788	0.01060	0.01441	0.12967	0.65289	0.03484	0.03461	0.00694	0.00206	0.00303	0.01336	0.00484	0.04270
6	0.00747	0.00509	0.00602	0.00597	0.00630	0.00498	0.00368	0.00813	0.00950	0.01298	0.21130	0.07075	0.02731	0.57583	0.02043	0.00405	0.00430	0.00837	0.00389	0.00365
7	0.00730	0.00823	0.12494	0.00805	0.00987	0.00566	0.00699	0.00952	0.01182	0.01635	0.27786	0.38989	0.07856	0.01253	0.00619	0.00186	0.00352	0.01113	0.00473	0.00499
8	0.67789	0.00982	0.00859	0.00736	0.01075	0.01083	0.00607	0.01744	0.01014	0.18534	0.01007	0.01042	0.00718	0.00518	0.00365	0.00161	0.00411	0.00333	0.00391	0.00632
9	0.00737	0.00532	0.00696	0.00655	0.00778	0.00491	0.00491	0.00983	0.01474	0.02088	0.78175	0.03890	0.04914	0.01065	0.00614	0.00164	0.00246	0.00942	0.00573	0.00491
10	0.85377	0.01007	0.00765	0.00685	0.01007	0.01168	0.00564	0.01531	0.00886	0.02336	0.00725	0.00846	0.00564	0.00483	0.00322	0.00161	0.00403	0.00282	0.00322	0.00564
11	0.00737	0.00532	0.00696	0.00655	0.00778	0.00491	0.00491	0.00983	0.01474	0.02088	0.78175	0.03890	0.04914	0.01065	0.00614	0.00164	0.00246	0.00942	0.00573	0.00491
12	0.85377	0.01007	0.00765	0.00685	0.01007	0.01168	0.00564	0.01531	0.00886	0.02336	0.00725	0.00846	0.00564	0.00483	0.00322	0.00161	0.00403	0.00282	0.00322	0.00564
13	0.00634	0.00453	0.00604	0.00725	0.00755	0.00423	0.00483	0.00725	0.00997	0.01329	0.02870	0.81358	0.03444	0.01632	0.00665	0.00211	0.00302	0.01480	0.00483	0.00423
14	0.01080	0.00926	0.01080	0.00771	0.01234	0.00694	0.00617	0.01311	0.01080	0.01697	0.00926	0.01080	0.00771	0.00386	0.00386	0.00077	0.00386	0.00309	0.00309	0.84882
15	0.00971	0.00485	0.00485	0.00485	0.00607	0.00485	0.00364	0.01213	0.01092	0.01942	0.01699	0.01942	0.01335	0.00607	0.00364	0.00121	0.00243	0.00485	0.84589	0.00485
16	0.01322	0.01148	0.01289	0.01122	0.01434	0.01310	0.04594	0.05976	0.70407	0.02202	0.02028	0.01886	0.01519	0.00690	0.00534	0.00176	0.00442	0.00585	0.00516	0.00821
17	0.00737	0.00532	0.00696	0.00655	0.00778	0.00491	0.00491	0.00983	0.01474	0.02088	0.78175	0.03890	0.04914	0.01065	0.00614	0.00164	0.00246	0.00942	0.00573	0.00491
18	0.00839	0.00599	0.00839	0.00959	0.01079	0.00599	0.00839	0.01079	0.01199	0.01558	0.02757	0.05874	0.02997	0.01439	0.00719	0.00240	0.00480	0.74945	0.00480	0.00480
19	0.01212	0.06230	0.54849	0.01524	0.04304	0.01214	0.10949	0.01721	0.01152	0.08781	0.01044	0.01191	0.00742	0.00496	0.00503	0.00161	0.00730	0.00421	0.00268	0.02508
20	0.00971	0.00485	0.00485	0.00485	0.00607	0.00485	0.00364	0.01213	0.01092	0.01942	0.01699	0.01942	0.01335	0.00607	0.00364	0.00121	0.00243	0.00485	0.84589	0.00485
21	0.85377	0.01007	0.00765	0.00685	0.01007	0.01168	0.00564	0.01531	0.00886	0.02336	0.00725	0.00846	0.00564	0.00483	0.00322	0.00161	0.00403	0.00282	0.00322	0.00564
22	0.01392	0.82012	0.02729	0.00891	0.01337	0.02061	0.00891	0.01559	0.01058	0.01225	0.00724	0.00835	0.00668	0.00446	0.00334	0.00111	0.00557	0.00278	0.00223	0.00668
23	0.00685	0.00540	0.00624	0.00632	0.00784	0.00480	0.00493	0.00866	0.01269	0.01620	0.25133	0.04838	0.45828	0.01267	0.00632	0.00183	0.00293	0.12865	0.00508	0.00460
24	0.00626	0.00528	0.00541	0.00538	0.00710	0.00444	0.00404	0.00767	0.01211	0.01463	0.11286	0.04919	0.72193	0.01298	0.00615	0.00175	0.00262	0.01086	0.00491	0.00444
25	0.00744	0.00558	0.00837	0.00837	0.00930	0.00651	0.00651	0.00930	0.00837	0.01209	0.01395	0.02046	0.01302	0.03906	0.79635	0.00837	0.01395	0.00558	0.00279	0.00465
26	0.00983	0.00926	0.01562	0.80447	0.03587	0.01157	0.01446	0.01331	0.01041	0.01331	0.00926	0.01388	0.00694	0.00521	0.00521	0.00174	0.00694	0.00463	0.00231	0.00579
27	0.01980	0.01459	0.01563	0.01198	0.01615	0.01615	0.00990	0.76713	0.02448	0.03282	0.01250	0.01250	0.00886	0.00625	0.00521	0.00156	0.00573	0.00469	0.00521	0.00886
28	0.01295	0.01119	0.01178	0.01060	0.01354	0.01295	0.00824	0.02767	0.77509	0.02178	0.02120	0.01943	0.01590	0.00707	0.00530	0.00177	0.00412	0.00589	0.00530	0.00824
29	0.00634	0.00453	0.00604	0.00725	0.00755	0.00423	0.00483	0.00725	0.00997	0.01329	0.02870	0.81358	0.03444	0.01632	0.00665	0.00211	0.00302	0.01480	0.00483	0.00423
30	0.01080	0.00926	0.01080	0.00771	0.01234	0.00694	0.00617	0.01311	0.01080	0.01697	0.00926	0.01080	0.00771	0.00386	0.00386	0.00077	0.00386	0.00309	0.00309	0.84882
31	0.01166	0.01123	0.01907	0.30833	0.43346	0.01238	0.03913	0.01478	0.01106	0.01534	0.00941	0.01317	0.00766	0.00517	0.00609	0.00168	0.06611	0.00468	0.00246	0.00713
32	0.01828	0.01606	0.01714	0.01328	0.01735	0.15525	0.10639	0.49569	0.02043	0.02628	0.01127	0.01205	0.00829	0.00572	0.00516	0.00150	0.00667	0.00455	0.00431	0.05433

[dist]
# distance from previous block
# <min> <max>
2	3

[block]
# block no. 2 follows, 47 sequences, length 71
# corresponding to MSA columns:
# 147-217
name=unknown_C
#
# <colnr> <probs for GDERKNQSTAVLIFYWHMCP>
#	G	D	E	R	K	N	Q	S	T	A	V	L	I	F	Y	W	H	M	C	P
0	0.01287	0.01171	0.01279	0.01118	0.01420	0.04967	0.05621	0.02561	0.65153	0.02064	0.02151	0.02018	0.05418	0.00713	0.00537	0.00175	0.00459	0.00605	0.00498	0.00786
1	0.00644	0.00508	0.00581	0.00607	0.00732	0.00445	0.00439	0.00786	0.01189	0.01516	0.18557	0.26191	0.43243	0.01358	0.00629	0.00184	0.00271	0.01176	0.00501	0.00445
2	0.01295	0.01119	0.01178	0.01060	0.01354	0.01295	0.00824	0.02767	0.77509	0.02178	0.02120	0.01943	0.01590	0.00707	0.00530	0.00177	0.00412	0.00589	0.00530	0.00824
3	0.01586	0.00769	0.00992	0.00816	0.01113	0.00687	0.00650	0.01874	0.06254	0.40588	0.22921	0.04321	0.08407	0.00822	0.00551	0.00160	0.00367	0.00695	0.00581	0.05845
4	0.01063	0.00911	0.01060	0.00762	0.01215	0.00685	0.00609	0.01291	0.01084	0.01686	0.01084	0.01223	0.03599	0.00420	0.00394	0.00081	0.00381	0.00337	0.00315	0.81799
5	0.85377	0.01007	0.00765	0.00685	0.01007	0.01168	0.00564	0.01531	0.00886	0.02336	0.00725	0.00846	0.00564	0.00483	0.00322	0.00161	0.00403	0.00282	0.00322	0.00564
6	0.01057	0.00612	0.00801	0.00716	0.00896	0.00559	0.00550	0.01314	0.03070	0.17089	0.58150	0.05350	0.05768	0.00994	0.00596	0.00165	0.00290	0.00869	0.00582	0.00573
7	0.01376	0.00697	0.00866	0.00743	0.00997	0.00619	0.00584	0.01599	0.04120	0.33209	0.14977	0.03337	0.26792	0.05097	0.00681	0.00186	0.00357	0.02565	0.00556	0.00639
8	0.00634	0.00453	0.00604	0.00725	0.00755	0.00423	0.00483	0.00725	0.00997	0.01329	0.02870	0.81358	0.03444	0.01632	0.00665	0.00211	0.00302	0.01480	0.00483	0.00423
9	0.02270	0.00901	0.01207	0.00935	0.01331	0.00799	0.00769	0.02552	0.06318	0.73943	0.02059	0.01783	0.01308	0.00648	0.00524	0.00162	0.00441	0.00528	0.00637	0.00882
10	0.00658	0.00469	0.00620	0.00713	0.00757	0.00440	0.00484	0.00769	0.01056	0.01423	0.13103	0.65609	0.03565	0.05210	0.00750	0.00219	0.00307	0.02930	0.00488	0.00429
11	0.41879	0.00952	0.00948	0.00817	0.01130	0.01020	0.00656	0.06823	0.07451	0.21887	0.01462	0.10434	0.01186	0.00684	0.00444	0.00168	0.00414	0.00519	0.00454	0.00673
12	0.01768	0.00928	0.01119	0.00928	0.01266	0.00917	0.00744	0.02414	0.28548	0.42623	0.02447	0.02205	0.10221	0.00744	0.00536	0.00168	0.00412	0.00613	0.00585	0.00813
13	0.00942	0.00545	0.00720	0.00738	0.00855	0.00494	0.00529	0.01081	0.01177	0.14636	0.16652	0.50287	0.06617	0.01346	0.00629	0.00193	0.00314	0.01202	0.00527	0.00515
14	0.01901	0.01420	0.01519	0.01182	0.01585	0.01578	0.00971	0.68233	0.11057	0.03155	0.01350	0.01330	0.00966	0.00634	0.00522	0.00159	0.00555	0.00483	0.00522	0.00879
15	0.00744	0.00558	0.00837	0.00837	0.00930	0.00651	0.00651	0.00930	0.00837	0.01209	0.01395	0.02046	0.01302	0.03906	0.79635	0.00837	0.01395	0.00558	0.00279	0.00465
16	0.00634	0.00453	0.00604	0.00725	0.00755	0.00423	0.00483	0.00725	0.00997	0.01329	0.02870	0.81358	0.03444	0.01632	0.00665	0.00211	0.00302	0.01480	0.00483	0.00423
17	0.00905	0.00452	0.00678	0.00678	0.00678	0.00452	0.00452	0.00678	0.00678	0.00905	0.00905	0.01583	0.00905	0.01809	0.02035	0.84848	0.00452	0.00452	0.00226	0.00226
18	0.02244	0.00898	0.01202	0.00927	0.01318	0.00794	0.00764	0.06103	0.01537	0.71520	0.05572	0.01846	0.01439	0.00663	0.00528	0.00161	0.00440	0.00541	0.00635	0.00868
19	0.01292	0.01133	0.01275	0.01118	0.01424	0.01296	0.04700	0.02711	0.73606	0.02152	0.02065	0.01915	0.01549	0.00693	0.00534	0.00177	0.00436	0.00590	0.00516	0.00818
20	0.01080	0.00926	0.01080	0.00771	0.01234	0.00694	0.00617	0.01311	0.01080	0.01697	0.00926	0.01080	0.00771	0.00386	0.00386	0.00077	0.00386	0.00309	0.00309	0.84882
21	0.85377	0.01007	0.00765	0.00685	0.01007	0.01168	0.00564	0.01531	0.00886	0.02336	0.00725	0.00846	0.00564	0.00483	0.00322	0.00161	0.00403	0.00282	0.00322	0.00564
22	0.00737	0.00532	0.00696	0.00655	0.00778	0.00491	0.00491	0.00983	0.01474	0.02088	0.78175	0.03890	0.04914	0.01065	0.00614	0.00164	0.00246	0.00942	0.00573	0.00491
23	0.02336	0.00886	0.01209	0.00927	0.01329	0.00765	0.00765	0.02538	0.01491	0.78810	0.02055	0.01773	0.01289	0.00645	0.00524	0.00161	0.00443	0.00524	0.00645	0.00886
24	0.01080	0.00926	0.01080	0.00771	0.01234	0.00694	0.00617	0.01311	0.01080	0.01697	0.00926	0.01080	0.00771	0.00386	0.00386	0.00077	0.00386	0.00309	0.00309	0.84882
25	0.85377	0.01007	0.00765	0.00685	0.01007	0.01168	0.00564	0.01531	0.00886	0.02336	0.00725	0.00846	0.00564	0.00483	0.00322	0.00161	0.00403	0.00282	0.00322	0.00564
26	0.00757	0.00505	0.00568	0.00568	0.00568	0.00505	0.00316	0.00757	0.00757	0.01010	0.01641	0.03408	0.01893	0.81698	0.02651	0.00505	0.00505	0.00757	0.00316	0.00316
27	0.00794	0.00492	0.00595	0.00595	0.00595	0.00492	0.00349	0.00738	0.00738	0.00984	0.01459	0.02958	0.01650	0.62013	0.02499	0.21288	0.00492	0.00682	0.00294	0.00294
28	0.01392	0.82012	0.02729	0.00891	0.01337	0.02061	0.00891	0.01559	0.01058	0.01225	0.00724	0.00835	0.00668	0.00446	0.00334	0.00111	0.00557	0.00278	0.00223	0.00668
29	0.00839	0.00599	0.00839	0.00959	0.01079	0.00599	0.00839	0.01079	0.01199	0.01558	0.02757	0.05874	0.02997	0.01439	0.00719	0.00240	0.00480	0.74945	0.00480	0.00480
30	0.00757	0.00505	0.00568	0.00568	0.00568	0.00505	0.00316	0.00757	0.00757	0.01010	0.01641	0.03408	0.01893	0.81698	0.02651	0.00505	0.00505	0.00757	0.00316	0.00316
31	0.00736	0.00530	0.00682	0.00646	0.00760	0.00491	0.00475	0.00960	0.01411	0.01988	0.70555	0.03876	0.06237	0.07462	0.00776	0.00191	0.00267	0.00931	0.00551	0.00476
32	0.00634	0.00453	0.00604	0.00725	0.00755	0.00423	0.00483	0.00725	0.00997	0.01329	0.02870	0.81358	0.03444	0.01632	0.00665	0.00211	0.00302	0.01480	0.00483	0.00423
33	0.02336	0.00886	0.01209	0.00927	0.01329	0.00765	0.00765	0.02538	0.01491	0.78810	0.02055	0.01773	0.01289	0.00645	0.00524	0.00161	0.00443	0.00524	0.00645	0.00886
34	0.00805	0.00569	0.00680	0.00715	0.04596	0.00554	0.00400	0.00836	0.00800	0.01089	0.01562	0.03152	0.01767	0.72377	0.02397	0.00460	0.00503	0.00714	0.00312	0.05712
35	0.00899	0.00559	0.00727	0.00690	0.00834	0.00507	0.00515	0.01102	0.01366	0.11020	0.49570	0.17968	0.09953	0.01139	0.00613	0.00173	0.00281	0.01003	0.00558	0.00522
36	0.01045	0.02694	0.79000	0.01484	0.02254	0.01209	0.01924	0.01649	0.01099	0.01649	0.00935	0.01099	0.00660	0.00495	0.00495	0.00165	0.00770	0.00385	0.00220	0.00770
37	0.01045	0.01024	0.01556	0.75423	0.03461	0.06139	0.01418	0.01378	0.01069	0.01327	0.00918	0.01360	0.00693	0.00522	0.00517	0.00171	0.00710	0.00455	0.00234	0.00580
38	0.00657	0.00475	0.00594	0.00672	0.00721	0.00442	0.00447	0.00747	0.01010	0.01331	0.07078	0.55404	0.12743	0.13975	0.00964	0.00250	0.00326	0.01291	0.00462	0.00412
39	0.00744	0.00506	0.00566	0.00568	0.00582	0.00498	0.00325	0.00756	0.00795	0.01046	0.01942	0.05113	0.07732	0.73958	0.02455	0.00474	0.00482	0.00798	0.00332	0.00327
40	0.00983	0.00926	0.01562	0.80447	0.03587	0.01157	0.01446	0.01331	0.01041	0.01331	0.00926	0.01388	0.00694	0.00521	0.00521	0.00174	0.00694	0.00463	0.00231	0.00579
41	0.01085	0.00930	0.01082	0.00778	0.01237	0.00709	0.00622	0.01346	0.02898	0.01708	0.00954	0.01100	0.00791	0.00393	0.00389	0.00080	0.00386	0.00315	0.00314	0.82882
42	0.01375	0.01129	0.01206	0.01058	0.01361	0.01279	0.00840	0.17513	0.54192	0.02329	0.02121	0.02186	0.04856	0.00763	0.00544	0.00176	0.00443	0.05309	0.00523	0.00798
43	0.00747	0.00530	0.00704	0.00706	0.00755	0.00574	0.00488	0.00847	0.00820	0.01142	0.03419	0.04693	0.01716	0.39622	0.40271	0.00652	0.00930	0.00682	0.00308	0.00396
44	0.02830	0.01084	0.01761	0.46775	0.32875	0.02913	0.01478	0.01456	0.01104	0.01495	0.00940	0.01329	0.00742	0.00498	0.00514	0.00165	0.00664	0.00457	0.00244	0.00675
45	0.01289	0.01237	0.02114	0.03196	0.78450	0.01237	0.01598	0.01598	0.01186	0.01701	0.00980	0.01289	0.00825	0.00464	0.00516	0.00155	0.00619	0.00464	0.00258	0.00825
46	0.01346	0.71549	0.12789	0.00969	0.01458	0.01948	0.01027	0.01571	0.01064	0.01281	0.00752	0.00870	0.00667	0.00452	0.00355	0.00118	0.00585	0.00292	0.00222	0.00682
47	0.01382	0.79674	0.04977	0.00909	0.01364	0.02036	0.00922	0.01562	0.01059	0.01238	0.00730	0.00843	0.00668	0.00447	0.00339	0.00113	0.00563	0.00282	0.00223	0.00671
48	0.00719	0.00507	0.00561	0.00569	0.00609	0.00485	0.00344	0.00753	0.00866	0.01116	0.02509	0.08707	0.18594	0.59134	0.02082	0.00415	0.00440	0.00878	0.00363	0.00349
49	0.00929	0.00699	0.00826	0.00746	0.00908	0.05551	0.02196	0.01164	0.01460	0.07211	0.63753	0.03546	0.06985	0.00998	0.00599	0.00162	0.00318	0.00874	0.00549	0.00528
50	0.00655	0.00474	0.00625	0.00724	0.00774	0.00436	0.00489	0.00756	0.01017	0.01370	0.05460	0.75616	0.03396	0.01565	0.00652	0.00205	0.00303	0.01418	0.00480	0.03586
51	0.85377	0.01007	0.00765	0.00685	0.01007	0.01168	0.00564	0.01531	0.00886	0.02336	0.00725	0.00846	0.00564	0.00483	0.00322	0.00161	0.00403	0.00282	0.00322	0.00564
52	0.01289	0.01237	0.02114	0.03196	0.78450	0.01237	0.01598	0.01598	0.01186	0.01701	0.00980	0.01289	0.00825	0.00464	0.00516	0.00155	0.00619	0.00464	0.00258	0.00825
53	0.01289	0.01237	0.02114	0.03196	0.78450	0.01237	0.01598	0.01598	0.01186	0.01701	0.00980	0.01289	0.00825	0.00464	0.00516	0.00155	0.00619	0.00464	0.00258	0.00825
54	0.00634	0.00455	0.00602	0.00720	0.00754	0.00423	0.00481	0.00726	0.01002	0.01331	0.02928	0.79537	0.05229	0.01624	0.00664	0.00211	0.00301	0.01471	0.00483	0.00423
55	0.85377	0.01007	0.00765	0.00685	0.01007	0.01168	0.00564	0.01531	0.00886	0.02336	0.00725	0.00846	0.00564	0.00483	0.00322	0.00161	0.00403	0.00282	0.00322	0.00564
56	0.01045	0.02694	0.79000	0.01484	0.02254	0.01209	0.01924	0.01649	0.01099	0.01649	0.00935	0.01099	0.00660	0.00495	0.00495	0.00165	0.00770	0.00385	0.00220	0.00770
57	0.85377	0.01007	0.00765	0.00685	0.01007	0.01168	0.00564	0.01531	0.00886	0.02336	0.00725	0.00846	0.00564	0.00483	0.00322	0.00161	0.00403	0.00282	0.00322	0.00564
58	0.02241	0.01040	0.01304	0.01000	0.01406	0.00994	0.00826	0.22480	0.01748	0.58504	0.01838	0.01632	0.01181	0.00639	0.00523	0.00160	0.00478	0.00509	0.00611	0.00886
59	0.00757	0.00505	0.00568	0.00568	0.00568	0.00505	0.00316	0.00757	0.00757	0.01010	0.01641	0.03408	0.01893	0.81698	0.02651	0.00505	0.00505	0.00757	0.00316	0.00316
60	0.85377	0.01007	0.00765	0.00685	0.01007	0.01168	0.00564	0.01531	0.00886	0.02336	0.00725	0.00846	0.00564	0.00483	0.00322	0.00161	0.00403	0.00282	0.00322	0.00564
61	0.01019	0.00696	0.00856	0.00765	0.00952	0.00690	0.00589	0.05877	0.11845	0.08528	0.56960	0.03293	0.03922	0.00955	0.00590	0.00165	0.00304	0.00831	0.00570	0.00593
62	0.00737	0.00532	0.00696	0.00655	0.00778	0.00491	0.00491	0.00983	0.01474	0.02088	0.78175	0.03890	0.04914	0.01065	0.00614	0.00164	0.00246	0.00942	0.00573	0.00491
63	0.00763	0.00578	0.00857	0.00849	0.00939	0.00682	0.00663	0.00948	0.00841	0.01225	0.01375	0.02011	0.01280	0.03729	0.75172	0.00800	0.04268	0.00553	0.01998	0.00469
64	0.01134	0.01079	0.01834	0.42334	0.40521	0.01197	0.01521	0.01463	0.01113	0.01513	0.00952	0.01339	0.00759	0.00493	0.00518	0.00164	0.00657	0.00463	0.00244	0.00700
65	0.03177	0.00684	0.00903	0.00764	0.01004	0.00615	0.00603	0.01617	0.01468	0.32816	0.46046	0.02977	0.03370	0.00884	0.00572	0.00163	0.00328	0.00760	0.00596	0.00651
66	0.01961	0.01449	0.01552	0.01194	0.01608	0.01606	0.00985	0.74680	0.04513	0.03252	0.01274	0.01269	0.00905	0.00627	0.00521	0.00157	0.00569	0.00472	0.00521	0.00884
67	0.00718	0.00527	0.00706	0.00769	0.00837	0.00499	0.02158	0.03876	0.01057	0.01412	0.02714	0.70167	0.04666	0.03154	0.00716	0.01741	0.00333	0.01356	0.00469	0.02125
68	0.01975	0.03365	0.01278	0.01001	0.02935	0.00972	0.00801	0.16172	0.06176	0.47447	0.10576	0.01890	0.01619	0.00683	0.00528	0.00160	0.00450	0.00557	0.00586	0.00829
69	0.01473	0.08960	0.01947	0.07269	0.44039	0.24448	0.01349	0.01720	0.01251	0.01509	0.00901	0.01150	0.00757	0.00487	0.00486	0.00146	0.00712	0.00409	0.00256	0.00730
70	0.01305	0.02955	0.01851	0.05329	0.52037	0.06846	0.01337	0.03115	0.02631	0.01687	0.00977	0.01233	0.00812	0.00465	0.00486	0.00140	0.00598	0.00426	0.00276	0.15496

[dist]
# distance from previous block
# <min> <max>
2	22

[block]
# block no. 3 follows, 47 sequences, length 45
# corresponding to MSA columns:
# 240-284
name=unknown_D
#
# <colnr> <probs for GDERKNQSTAVLIFYWHMCP>
#	G	D	E	R	K	N	Q	S	T	A	V	L	I	F	Y	W	H	M	C	P
0	0.01300	0.03068	0.08171	0.07447	0.57194	0.03799	0.02867	0.04989	0.01232	0.01722	0.00974	0.01255	0.00796	0.00477	0.00508	0.00154	0.00642	0.00449	0.00266	0.02690
1	0.09963	0.14627	0.35667	0.01436	0.03704	0.01321	0.16422	0.01616	0.01100	0.03276	0.00937	0.01130	0.00712	0.00545	0.02144	0.00169	0.00708	0.00409	0.00254	0.03859
2	0.73412	0.02631	0.02563	0.00748	0.01092	0.01200	0.00635	0.06456	0.01018	0.05220	0.00813	0.00912	0.00616	0.00498	0.00347	0.00160	0.00426	0.00305	0.00343	0.00603
3	0.01329	0.59743	0.17086	0.00997	0.01504	0.01779	0.01067	0.01584	0.01078	0.03225	0.00809	0.00924	0.00688	0.00456	0.00373	0.00121	0.00584	0.00307	0.00238	0.06108
4	0.00670	0.00479	0.00638	0.00714	0.00761	0.00462	0.00488	0.00785	0.01031	0.01402	0.13508	0.56034	0.03319	0.08093	0.08759	0.00291	0.00420	0.01253	0.00463	0.00429
5	0.00737	0.00532	0.00696	0.00655	0.00778	0.00491	0.00491	0.00983	0.01474	0.02088	0.78175	0.03890	0.04914	0.01065	0.00614	0.00164	0.00246	0.00942	0.00573	0.00491
6	0.00665	0.00476	0.00631	0.00705	0.00762	0.00443	0.00486	0.00801	0.01137	0.01552	0.24991	0.58602	0.03876	0.01465	0.00650	0.00197	0.00286	0.01322	0.00510	0.00443
7	0.01289	0.01237	0.02114	0.03196	0.78450	0.01237	0.01598	0.01598	0.01186	0.01701	0.00980	0.01289	0.00825	0.00464	0.00516	0.00155	0.00619	0.00464	0.00258	0.00825
8	0.01276	0.01225	0.02091	0.06357	0.75387	0.01234	0.01592	0.01587	0.01180	0.01686	0.00977	0.01293	0.00820	0.00466	0.00516	0.00155	0.00622	0.00464	0.00257	0.00815
9	0.02336	0.00886	0.01209	0.00927	0.01329	0.00765	0.00765	0.02538	0.01491	0.78810	0.02055	0.01773	0.01289	0.00645	0.00524	0.00161	0.00443	0.00524	0.00645	0.00886
10	0.01385	0.01277	0.01221	0.01094	0.01389	0.09878	0.00849	0.04671	0.67175	0.02109	0.01952	0.01815	0.01470	0.00686	0.00523	0.00171	0.00474	0.00558	0.00501	0.00802
11	0.01045	0.02694	0.79000	0.01484	0.02254	0.01209	0.01924	0.01649	0.01099	0.01649	0.00935	0.01099	0.00660	0.00495	0.00495	0.00165	0.00770	0.00385	0.00220	0.00770
12	0.00744	0.00558	0.00837	0.00837	0.00930	0.00651	0.00651	0.00930	0.00837	0.01209	0.01395	0.02046	0.01302	0.03906	0.79635	0.00837	0.01395	0.00558	0.00279	0.00465
13	0.85377	0.01007	0.00765	0.00685	0.01007	0.01168	0.00564	0.01531	0.00886	0.02336	0.00725	0.00846	0.00564	0.00483	0.00322	0.00161	0.00403	0.00282	0.00322	0.00564
14	0.02336	0.00886	0.01209	0.00927	0.01329	0.00765	0.00765	0.02538	0.01491	0.78810	0.02055	0.01773	0.01289	0.00645	0.00524	0.00161	0.00443	0.00524	0.00645	0.00886
15	0.00737	0.00532	0.00696	0.00655	0.00778	0.00491	0.00491	0.00983	0.01474	0.02088	0.78175	0.03890	0.04914	0.01065	0.00614	0.00164	0.00246	0.00942	0.00573	0.00491
16	0.01045	0.02694	0.79000	0.01484	0.02254	0.01209	0.01924	0.01649	0.01099	0.01649	0.00935	0.01099	0.00660	0.00495	0.00495	0.00165	0.00770	0.00385	0.00220	0.00770
17	0.00732	0.00551	0.00579	0.00559	0.00747	0.00463	0.00424	0.00873	0.01219	0.06415	0.08362	0.04753	0.69978	0.01264	0.00610	0.00174	0.00274	0.01055	0.00498	0.00471
18	0.00905	0.00452	0.00678	0.00678	0.00678	0.00452	0.00452	0.00678	0.00678	0.00905	0.00905	0.01583	0.00905	0.01809	0.02035	0.84848	0.00452	0.00452	0.00226	0.00226
19	0.00839	0.00599	0.00839	0.00959	0.01079	0.00599	0.00839	0.01079	0.01199	0.01558	0.02757	0.05874	0.02997	0.01439	0.00719	0.00240	0.00480	0.74945	0.00480	0.00480
20	0.01945	0.02482	0.01476	0.01342	0.01610	0.79608	0.01006	0.02079	0.01476	0.01275	0.00805	0.00939	0.00671	0.00537	0.00470	0.00134	0.00939	0.00335	0.00268	0.00604
21	0.01045	0.02694	0.79000	0.01484	0.02254	0.01209	0.01924	0.01649	0.01099	0.01649	0.00935	0.01099	0.00660	0.00495	0.00495	0.00165	0.00770	0.00385	0.00220	0.00770
22	0.00983	0.00926	0.01562	0.80447	0.03587	0.01157	0.01446	0.01331	0.01041	0.01331	0.00926	0.01388	0.00694	0.00521	0.00521	0.00174	0.00694	0.00463	0.00231	0.00579
23	0.00882	0.00564	0.00743	0.00680	0.00828	0.00516	0.00516	0.01124	0.01476	0.09054	0.71263	0.03698	0.04585	0.01026	0.00606	0.00164	0.00264	0.00904	0.00580	0.00527
24	0.00983	0.00926	0.01562	0.80447	0.03587	0.01157	0.01446	0.01331	0.01041	0.01331	0.00926	0.01388	0.00694	0.00521	0.00521	0.00174	0.00694	0.00463	0.00231	0.00579
25	0.00983	0.00926	0.01562	0.80447	0.03587	0.01157	0.01446	0.01331	0.01041	0.01331	0.00926	0.01388	0.00694	0.00521	0.00521	0.00174	0.00694	0.00463	0.00231	0.00579
26	0.02336	0.00886	0.01209	0.00927	0.01329	0.00765	0.00765	0.02538	0.01491	0.78810	0.02055	0.01773	0.01289	0.00645	0.00524	0.00161	0.00443	0.00524	0.00645	0.00886
27	0.00971	0.00485	0.00485	0.00485	0.00607	0.00485	0.00364	0.01213	0.01092	0.01942	0.01699	0.01942	0.01335	0.00607	0.00364	0.00121	0.00243	0.00485	0.84589	0.00485
28	0.10544	0.00965	0.01222	0.06047	0.01472	0.00930	0.00813	0.09972	0.03183	0.56690	0.01767	0.01605	0.01143	0.00620	0.00503	0.00162	0.00468	0.00491	0.00570	0.00833
29	0.01918	0.01962	0.01554	0.01399	0.06553	0.41053	0.01037	0.34120	0.01875	0.02165	0.01008	0.01095	0.00773	0.00570	0.00495	0.00145	0.00761	0.00401	0.00376	0.00739
30	0.01947	0.01427	0.01528	0.01175	0.01582	0.01578	0.00969	0.74261	0.02404	0.03238	0.01265	0.01273	0.00900	0.00625	0.00516	0.00155	0.00562	0.00469	0.03252	0.00873
31	0.00971	0.00485	0.00485	0.00485	0.00607	0.00485	0.00364	0.01213	0.01092	0.01942	0.01699	0.01942	0.01335	0.00607	0.00364	0.00121	0.00243	0.00485	0.84589	0.00485
32	0.02336	0.00886	0.01209	0.00927	0.01329	0.00765	0.00765	0.02538	0.01491	0.78810	0.02055	0.01773	0.01289	0.00645	0.00524	0.00161	0.00443	0.00524	0.00645	0.00886
33	0.01401	0.73829	0.04114	0.00912	0.01352	0.01962	0.00904	0.02985	0.02652	0.02984	0.00809	0.00917	0.00718	0.00532	0.02000	0.00131	0.00573	0.00302	0.00245	0.00678
34	0.00757	0.00505	0.00568	0.00568	0.00568	0.00505	0.00316	0.00757	0.00757	0.01010	0.01641	0.03408	0.01893	0.81698	0.02651	0.00505	0.00505	0.00757	0.00316	0.00316
35	0.00715	0.00539	0.00709	0.00776	0.04141	0.00498	0.00531	0.00899	0.01269	0.01733	0.40053	0.28215	0.14052	0.01257	0.00628	0.00181	0.00286	0.02523	0.00518	0.00477
36	0.00802	0.00633	0.00929	0.00899	0.00980	0.00772	0.00709	0.00979	0.00838	0.01232	0.01308	0.01924	0.01221	0.03431	0.67440	0.00739	0.11857	0.00543	0.02285	0.00479
37	0.85377	0.01007	0.00765	0.00685	0.01007	0.01168	0.00564	0.01531	0.00886	0.02336	0.00725	0.00846	0.00564	0.00483	0.00322	0.00161	0.00403	0.00282	0.00322	0.00564
38	0.00757	0.00505	0.00568	0.00568	0.00568	0.00505	0.00316	0.00757	0.00757	0.01010	0.01641	0.03408	0.01893	0.81698	0.02651	0.00505	0.00505	0.00757	0.00316	0.00316
39	0.00755	0.00608	0.00934	0.18091	0.01463	0.00634	0.04442	0.00922	0.01016	0.01354	0.02289	0.54284	0.02609	0.03905	0.00689	0.00209	0.00424	0.02524	0.02376	0.00470
40	0.01082	0.11146	0.70873	0.01421	0.02156	0.01300	0.01814	0.01640	0.01095	0.01604	0.00912	0.01071	0.00661	0.00490	0.00478	0.00159	0.00747	0.00373	0.00220	0.00759
41	0.03376	0.01577	0.06560	0.06326	0.16797	0.14774	0.01165	0.27009	0.13285	0.02219	0.01203	0.01300	0.00912	0.00573	0.00507	0.00157	0.00636	0.00454	0.00387	0.00784
42	0.01751	0.01352	0.01594	0.01526	0.15342	0.01473	0.01065	0.55051	0.06983	0.02839	0.01331	0.04921	0.01036	0.00647	0.00527	0.00160	0.00559	0.00521	0.00473	0.00850
43	0.03817	0.01395	0.01460	0.01141	0.01536	0.04994	0.00934	0.57770	0.06618	0.09421	0.02877	0.01361	0.01022	0.00628	0.00514	0.00155	0.00554	0.00476	0.00512	0.02815
44	0.01371	0.01271	0.02044	0.02977	0.70122	0.02967	0.01528	0.06460	0.01280	0.03499	0.01017	0.01289	0.00836	0.00480	0.00515	0.00154	0.00619	0.00463	0.00283	0.00825

[dist]
# distance from previous block
# <min> <max>
2	4

[block]
# block no. 4 follows, 47 sequences, length 35
# corresponding to MSA columns:
# 289-323
name=unknown_E
#
# <colnr> <probs for GDERKNQSTAVLIFYWHMCP>
#	G	D	E	R	K	N	Q	S	T	A	V	L	I	F	Y	W	H	M	C	P
0	0.25341	0.15816	0.13248	0.00929	0.01375	0.01212	0.00899	0.05633	0.01187	0.17816	0.02503	0.01176	0.00866	0.00519	0.00415	0.00144	0.00499	0.00372	0.00369	0.09681
1	0.01092	0.06007	0.73775	0.01445	0.02191	0.01234	0.01851	0.01668	0.01108	0.03609	0.00954	0.01106	0.00676	0.00497	0.00489	0.00163	0.00752	0.00384	0.00231	0.00768
2	0.00745	0.00552	0.00808	0.00808	0.00892	0.00635	0.00615	0.00912	0.00829	0.01188	0.01421	0.02190	0.01364	0.12135	0.71491	0.00802	0.01301	0.00579	0.00283	0.00449
3	0.00907	0.00453	0.00673	0.00673	0.00676	0.00453	0.00450	0.00695	0.00691	0.00936	0.00929	0.01594	0.00918	0.01773	0.01984	0.82271	0.00446	0.00453	0.02793	0.00234
4	0.00633	0.00458	0.00599	0.00712	0.00752	0.00424	0.00478	0.00727	0.01010	0.01334	0.03029	0.76327	0.08374	0.01611	0.00661	0.00209	0.00300	0.01455	0.00483	0.00424
5	0.00638	0.00506	0.00573	0.00603	0.00729	0.00442	0.00435	0.00774	0.01171	0.01479	0.14686	0.27173	0.46203	0.01375	0.00630	0.00185	0.00272	0.01189	0.00496	0.00442
6	0.00905	0.00452	0.00678	0.00678	0.00678	0.00452	0.00452	0.00678	0.00678	0.00905	0.00905	0.01583	0.00905	0.01809	0.02035	0.84848	0.00452	0.00452	0.00226	0.00226
7	0.01064	0.03367	0.01692	0.64860	0.12762	0.03319	0.02907	0.01397	0.01075	0.01379	0.00926	0.01348	0.00711	0.00510	0.00515	0.00168	0.00691	0.00457	0.00236	0.00615
8	0.00752	0.00526	0.00675	0.00675	0.00712	0.00563	0.00449	0.00826	0.00789	0.01089	0.01543	0.02866	0.01658	0.50724	0.33303	0.00637	0.00859	0.00678	0.00301	0.00375
9	0.01045	0.02694	0.79000	0.01484	0.02254	0.01209	0.01924	0.01649	0.01099	0.01649	0.00935	0.01099	0.00660	0.00495	0.00495	0.00165	0.00770	0.00385	0.00220	0.00770
10	0.85377	0.01007	0.00765	0.00685	0.01007	0.01168	0.00564	0.01531	0.00886	0.02336	0.00725	0.00846	0.00564	0.00483	0.00322	0.00161	0.00403	0.00282	0.00322	0.00564
11	0.01123	0.12896	0.62783	0.01366	0.02055	0.01315	0.01697	0.05138	0.01170	0.01685	0.03532	0.01166	0.00815	0.00514	0.00479	0.00158	0.00715	0.00394	0.00246	0.00752
12	0.02027	0.15454	0.03064	0.01063	0.03655	0.01226	0.00889	0.20516	0.01633	0.42832	0.01569	0.01452	0.01055	0.00596	0.00489	0.00151	0.00506	0.00462	0.00520	0.00843
13	0.01295	0.01119	0.01178	0.01060	0.01354	0.01295	0.00824	0.02767	0.77509	0.02178	0.02120	0.01943	0.01590	0.00707	0.00530	0.00177	0.00412	0.00589	0.00530	0.00824
14	0.00634	0.00453	0.00604	0.00725	0.00755	0.00423	0.00483	0.00725	0.00997	0.01329	0.02870	0.81358	0.03444	0.01632	0.00665	0.00211	0.00302	0.01480	0.00483	0.00423
15	0.01919	0.05717	0.01295	0.00958	0.01309	0.00992	0.00790	0.15646	0.04146	0.45160	0.01729	0.01701	0.01204	0.02713	0.12004	0.00263	0.00611	0.00511	0.00534	0.00799
16	0.11537	0.64568	0.04976	0.00889	0.01328	0.01844	0.00879	0.01620	0.01066	0.06177	0.00814	0.00904	0.00694	0.00464	0.00350	0.00122	0.00539	0.00298	0.00261	0.00673
17	0.00634	0.00453	0.00604	0.00725	0.00755	0.00423	0.00483	0.00725	0.00997	0.01329	0.02870	0.81358	0.03444	0.01632	0.00665	0.00211	0.00302	0.01480	0.00483	0.00423
18	0.00787	0.00570	0.00774	0.00879	0.00990	0.00557	0.00739	0.00997	0.01179	0.01532	0.05675	0.16564	0.09431	0.01443	0.00699	0.00228	0.00428	0.55577	0.00484	0.00468
19	0.05131	0.01205	0.02367	0.01877	0.07958	0.01156	0.49714	0.01606	0.05497	0.03921	0.01464	0.10697	0.03597	0.00629	0.00592	0.00177	0.00712	0.00698	0.00324	0.00677
20	0.01943	0.06270	0.01625	0.01190	0.01598	0.07027	0.00985	0.67137	0.02299	0.03022	0.01189	0.01204	0.00858	0.00608	0.00506	0.00152	0.00597	0.00448	0.00486	0.00853
21	0.01200	0.01147	0.01954	0.25623	0.56716	0.01214	0.01554	0.01521	0.01144	0.01594	0.00964	0.01318	0.00787	0.00480	0.00517	0.00160	0.00641	0.00464	0.00250	0.00753
22	0.05187	0.19880	0.54099	0.01309	0.01957	0.06007	0.01580	0.01649	0.01102	0.01568	0.00871	0.01020	0.00658	0.00486	0.00450	0.00151	0.00716	0.00354	0.00228	0.00728
23	0.00757	0.00505	0.00568	0.00568	0.00568	0.00505	0.00316	0.00757	0.00757	0.01010	0.01641	0.03408	0.01893	0.81698	0.02651	0.00505	0.00505	0.00757	0.00316	0.00316
24	0.01080	0.00926	0.01080	0.00771	0.01234	0.00694	0.00617	0.01311	0.01080	0.01697	0.00926	0.01080	0.00771	0.00386	0.00386	0.00077	0.00386	0.00309	0.00309	0.84882
25	0.00744	0.00558	0.00837	0.00837	0.00930	0.00651	0.00651	0.00930	0.00837	0.01209	0.01395	0.02046	0.01302	0.03906	0.79635	0.00837	0.01395	0.00558	0.00279	0.00465
26	0.01945	0.02482	0.01476	0.01342	0.01610	0.79608	0.01006	0.02079	0.01476	0.01275	0.00805	0.00939	0.00671	0.00537	0.00470	0.00134	0.00939	0.00335	0.00268	0.00604
27	0.00805	0.00547	0.00718	0.00667	0.00801	0.00503	0.00503	0.01049	0.01475	0.05338	0.74950	0.03800	0.04760	0.01047	0.00610	0.00164	0.00254	0.00924	0.00576	0.00508
28	0.01050	0.02653	0.76598	0.01507	0.02269	0.01213	0.04286	0.01650	0.01104	0.01650	0.00938	0.01109	0.00664	0.00493	0.00499	0.00165	0.00773	0.00392	0.00221	0.00768
29	0.01527	0.01261	0.09467	0.04389	0.01561	0.01203	0.00970	0.09227	0.44185	0.17589	0.01853	0.01734	0.01330	0.00657	0.00524	0.00170	0.00482	0.00538	0.00507	0.00826
30	0.00861	0.00698	0.01040	0.01379	0.19400	0.00681	0.00866	0.01060	0.01130	0.01505	0.02596	0.28926	0.09380	0.01257	0.00644	0.00205	0.00436	0.26968	0.00428	0.00540
31	0.00617	0.00522	0.00533	0.00542	0.00707	0.00438	0.00402	0.00746	0.01173	0.01401	0.05098	0.10661	0.72704	0.01342	0.00619	0.00178	0.00267	0.01127	0.00484	0.00438
32	0.00640	0.00461	0.00616	0.00727	0.00764	0.00437	0.00491	0.00738	0.00992	0.01324	0.02844	0.74760	0.05209	0.01757	0.05311	0.00247	0.00365	0.01417	0.00471	0.00426
33	0.75859	0.01021	0.00911	0.04798	0.04374	0.01174	0.02309	0.01527	0.00914	0.02246	0.00753	0.00904	0.00586	0.00483	0.00347	0.00162	0.00437	0.00306	0.00314	0.00579
34	0.03152	0.11520	0.47119	0.01602	0.13148	0.07711	0.01589	0.01648	0.01132	0.01595	0.00901	0.01077	0.00689	0.00483	0.00468	0.00150	0.00710	0.00374	0.00236	0.04695

[dist]
# distance from previous block
# <min> <max>
0	2

[block]
# block no. 5 follows, 47 sequences, length 48
# corresponding to MSA columns:
# 326-373
name=unknown_F
#
# <colnr> <probs for GDERKNQSTAVLIFYWHMCP>
#	G	D	E	R	K	N	Q	S	T	A	V	L	I	F	Y	W	H	M	C	P
0	0.09614	0.05930	0.00824	0.00666	0.00833	0.00660	0.00519	0.01058	0.01358	0.01998	0.58776	0.04841	0.09048	0.00990	0.00566	0.00162	0.00285	0.00849	0.00516	0.00506
1	0.08439	0.01467	0.02681	0.01955	0.02438	0.08974	0.61210	0.01690	0.01221	0.01687	0.00999	0.01305	0.00759	0.00451	0.00571	0.00168	0.00834	0.00553	0.00270	0.02328
2	0.04290	0.58564	0.10009	0.01132	0.05649	0.08628	0.02513	0.01617	0.01103	0.01344	0.00772	0.00906	0.00675	0.00460	0.00377	0.00124	0.00615	0.00311	0.00233	0.00678
3	0.00665	0.00490	0.00688	0.00782	0.00832	0.00460	0.02584	0.00776	0.01018	0.01355	0.02813	0.73776	0.03340	0.01585	0.00667	0.00213	0.00331	0.06714	0.00477	0.00435
4	0.01076	0.00986	0.03775	0.02742	0.01327	0.00723	0.00682	0.01323	0.01080	0.01686	0.00926	0.01088	0.00766	0.00393	0.00393	0.00083	0.00406	0.00315	0.00304	0.79926
5	0.01257	0.01205	0.02057	0.11168	0.70724	0.01229	0.01583	0.01571	0.01171	0.01663	0.00974	0.01299	0.00811	0.00470	0.00516	0.00157	0.00626	0.00464	0.00255	0.00799
6	0.83264	0.00994	0.00758	0.00680	0.00997	0.01151	0.00559	0.01523	0.00891	0.02327	0.00749	0.00873	0.00583	0.00486	0.00323	0.00160	0.00399	0.00287	0.02432	0.00562
7	0.00712	0.00554	0.00676	0.00695	0.00833	0.00476	0.00491	0.00837	0.01049	0.01412	0.02983	0.51809	0.17512	0.01343	0.00604	0.00180	0.00310	0.01192	0.00451	0.15882
8	0.02943	0.13852	0.59648	0.01334	0.02016	0.01291	0.01647	0.01712	0.01123	0.08374	0.00998	0.01116	0.00714	0.00501	0.00471	0.00157	0.00703	0.00380	0.00260	0.00761
9	0.00983	0.00926	0.01562	0.80447	0.03587	0.01157	0.01446	0.01331	0.01041	0.01331	0.00926	0.01388	0.00694	0.00521	0.00521	0.00174	0.00694	0.00463	0.00231	0.00579
10	0.01060	0.02584	0.72556	0.01545	0.02294	0.01219	0.08259	0.01651	0.01110	0.01651	0.00945	0.01125	0.00671	0.00490	0.00505	0.00166	0.00779	0.00404	0.00224	0.00764
11	0.01945	0.02482	0.01476	0.01342	0.01610	0.79608	0.01006	0.02079	0.01476	0.01275	0.00805	0.00939	0.00671	0.00537	0.00470	0.00134	0.00939	0.00335	0.00268	0.00604
12	0.01044	0.00993	0.01680	0.52078	0.22685	0.01131	0.03932	0.01369	0.01095	0.01443	0.01259	0.01626	0.06347	0.00561	0.00529	0.00169	0.00650	0.00514	0.00258	0.00636
13	0.00619	0.00528	0.00532	0.00531	0.00705	0.00441	0.00398	0.00753	0.01194	0.01424	0.07149	0.04983	0.76354	0.01312	0.00615	0.00176	0.00263	0.01095	0.00486	0.00441
14	0.00622	0.00528	0.00537	0.00535	0.00708	0.00442	0.00401	0.00760	0.01203	0.01445	0.09309	0.04950	0.74181	0.01305	0.00615	0.00175	0.00263	0.01090	0.00489	0.00442
15	0.01164	0.01285	0.02712	0.16464	0.02813	0.01257	0.60217	0.01574	0.01187	0.01595	0.01092	0.04131	0.00863	0.00495	0.00599	0.00176	0.00825	0.00616	0.00265	0.00670
16	0.01238	0.01068	0.01122	0.01015	0.01299	0.01223	0.00788	0.02596	0.71031	0.02113	0.02387	0.02203	0.08095	0.00759	0.00537	0.00177	0.00400	0.00632	0.00526	0.00792
17	0.00714	0.00586	0.00639	0.00635	0.00807	0.00536	0.00490	0.00988	0.07710	0.01592	0.15971	0.04663	0.53074	0.01240	0.00618	0.00180	0.00295	0.08277	0.00501	0.00484
18	0.00817	0.00589	0.00810	0.00922	0.01043	0.00583	0.00797	0.01045	0.01191	0.01540	0.02927	0.08497	0.07967	0.01438	0.00711	0.00235	0.00459	0.67475	0.00480	0.00475
19	0.05945	0.00942	0.01515	0.74080	0.03393	0.01167	0.01385	0.02957	0.01062	0.01431	0.00921	0.01354	0.00691	0.00521	0.00509	0.00172	0.00675	0.00452	0.00243	0.00584
20	0.01229	0.01405	0.03073	0.02195	0.02722	0.01317	0.76558	0.01668	0.01229	0.01668	0.01054	0.01405	0.00790	0.00439	0.00615	0.00176	0.00878	0.00615	0.00263	0.00702
21	0.00633	0.00483	0.00582	0.00653	0.00738	0.00432	0.00453	0.00746	0.01088	0.01395	0.07554	0.50747	0.29635	0.01493	0.00645	0.00197	0.00286	0.01320	0.00488	0.00432
22	0.00655	0.00468	0.00627	0.00748	0.00787	0.00440	0.00518	0.00760	0.01017	0.01352	0.02859	0.73952	0.03400	0.01613	0.00670	0.00214	0.00320	0.08689	0.00483	0.00429
23	0.00981	0.00679	0.00750	0.00683	0.00760	0.00708	0.00439	0.14657	0.01067	0.01426	0.01569	0.03013	0.01709	0.66862	0.02261	0.00441	0.00517	0.00705	0.00353	0.00420
24	0.02271	0.00934	0.01227	0.00944	0.01342	0.00843	0.00779	0.09787	0.01576	0.69711	0.01968	0.01725	0.01251	0.00642	0.00520	0.00160	0.00451	0.00517	0.02476	0.00877
25	0.00634	0.00453	0.00604	0.00725	0.00755	0.00423	0.00483	0.00725	0.00997	0.01329	0.02870	0.81358	0.03444	0.01632	0.00665	0.00211	0.00302	0.01480	0.00483	0.00423
26	0.01462	0.67200	0.02539	0.01120	0.08902	0.01870	0.00950	0.01646	0.01107	0.07857	0.00862	0.00959	0.00736	0.00464	0.00368	0.00120	0.00553	0.00317	0.00262	0.00702
27	0.61321	0.01233	0.01114	0.00931	0.01275	0.08924	0.07102	0.09464	0.01137	0.02275	0.00816	0.00945	0.00627	0.00500	0.00382	0.00159	0.00514	0.00335	0.00333	0.00613
28	0.00634	0.00453	0.00604	0.00725	0.00755	0.00423	0.00483	0.00725	0.00997	0.01329	0.02870	0.81358	0.03444	0.01632	0.00665	0.00211	0.00302	0.01480	0.00483	0.00423
29	0.01139	0.01139	0.01595	0.01367	0.01367	0.01595	0.01139	0.01253	0.00798	0.01253	0.00684	0.01139	0.00684	0.00911	0.01709	0.00228	0.80745	0.00456	0.00228	0.00570
30	0.02015	0.01403	0.01528	0.01172	0.01587	0.01532	0.00968	0.69435	0.02354	0.10693	0.01329	0.01302	0.00925	0.00627	0.00521	0.00157	0.00560	0.00474	0.00533	0.00886
31	0.01229	0.01061	0.01114	0.01008	0.01290	0.01211	0.00782	0.02569	0.70020	0.02103	0.02429	0.02244	0.09110	0.00767	0.00538	0.00177	0.00398	0.00639	0.00525	0.00787
32	0.85377	0.01007	0.00765	0.00685	0.01007	0.01168	0.00564	0.01531	0.00886	0.02336	0.00725	0.00846	0.00564	0.00483	0.00322	0.00161	0.00403	0.00282	0.00322	0.00564
33	0.00615	0.00528	0.00528	0.00528	0.00703	0.00440	0.00396	0.00747	0.01187	0.01407	0.05276	0.05012	0.78238	0.01319	0.00615	0.00176	0.00264	0.01099	0.00484	0.00440
34	0.00721	0.00532	0.00674	0.00638	0.00768	0.00484	0.00479	0.00951	0.01436	0.01998	0.68485	0.04039	0.14660	0.01098	0.00614	0.00165	0.00248	0.00963	0.00561	0.00484
35	0.01139	0.01139	0.01595	0.01367	0.01367	0.01595	0.01139	0.01253	0.00798	0.01253	0.00684	0.01139	0.00684	0.00911	0.01709	0.00228	0.80745	0.00456	0.00228	0.00570
36	0.00983	0.00926	0.01562	0.80447	0.03587	0.01157	0.01446	0.01331	0.01041	0.01331	0.00926	0.01388	0.00694	0.00521	0.00521	0.00174	0.00694	0.00463	0.00231	0.00579
37	0.01392	0.82012	0.02729	0.00891	0.01337	0.02061	0.00891	0.01559	0.01058	0.01225	0.00724	0.00835	0.00668	0.00446	0.00334	0.00111	0.00557	0.00278	0.00223	0.00668
38	0.00642	0.00529	0.00559	0.00557	0.00719	0.00453	0.00418	0.00787	0.01211	0.01487	0.14585	0.04839	0.64255	0.03799	0.00682	0.00186	0.00275	0.03082	0.00490	0.00444
39	0.01289	0.01237	0.02114	0.03196	0.78450	0.01237	0.01598	0.01598	0.01186	0.01701	0.00980	0.01289	0.00825	0.00464	0.00516	0.00155	0.00619	0.00464	0.00258	0.00825
40	0.01080	0.00926	0.01080	0.00771	0.01234	0.00694	0.00617	0.01311	0.01080	0.01697	0.00926	0.01080	0.00771	0.00386	0.00386	0.00077	0.00386	0.00309	0.00309	0.84882
41	0.01229	0.01405	0.03073	0.02195	0.02722	0.01317	0.76558	0.01668	0.01229	0.01668	0.01054	0.01405	0.00790	0.00439	0.00615	0.00176	0.00878	0.00615	0.00263	0.00702
42	0.01945	0.02482	0.01476	0.01342	0.01610	0.79608	0.01006	0.02079	0.01476	0.01275	0.00805	0.00939	0.00671	0.00537	0.00470	0.00134	0.00939	0.00335	0.00268	0.00604
