[name]
unknown

[dist]
# distance from previous block
# <min> <max>
9	22

[block]
# block no. 0 follows, 46 sequences, length 8
# corresponding to MSA columns:
# 22-29
name=unknown_A
#
# <colnr> <probs for GDERKNQSTAVLIFYWHMCP>
#	G	D	E	R	K	N	Q	S	T	A	V	L	I	F	Y	W	H	M	C	P
0	0.01127	0.00808	0.01069	0.01215	0.15440	0.00903	0.00784	0.04824	0.01134	0.01857	0.01371	0.01659	0.01111	0.00648	0.00664	0.00152	0.15475	0.00482	0.48684	0.00593
1	0.00836	0.00675	0.01064	0.00918	0.01025	0.00652	0.14677	0.00937	0.00905	0.01212	0.01789	0.17727	0.02008	0.51078	0.01920	0.00393	0.00545	0.00880	0.00343	0.00415
2	0.01308	0.01256	0.02146	0.03245	0.78123	0.01256	0.01622	0.01622	0.01204	0.01727	0.00994	0.01308	0.00837	0.00471	0.00523	0.00157	0.00628	0.00471	0.00262	0.00837
3	0.00923	0.00571	0.00722	0.15575	0.01215	0.00609	0.00600	0.01161	0.01081	0.01737	0.01801	0.16797	0.01637	0.00796	0.00457	0.00150	0.00344	0.00679	0.52645	0.00499
4	0.85155	0.01022	0.00777	0.00695	0.01022	0.01186	0.00573	0.01554	0.00900	0.02372	0.00736	0.00859	0.00573	0.00491	0.00327	0.00164	0.00409	0.00286	0.00327	0.00573
5	0.00659	0.00502	0.00599	0.00647	0.00744	0.00450	0.00453	0.00788	0.01149	0.01489	0.15834	0.38381	0.30179	0.04709	0.00731	0.00206	0.00292	0.01247	0.00499	0.00442
6	0.01550	0.16394	0.01576	0.01049	0.01387	0.01455	0.00867	0.38549	0.11507	0.02420	0.01592	0.16345	0.01439	0.00804	0.00522	0.00163	0.00506	0.00649	0.00466	0.00761
7	0.01033	0.00900	0.01109	0.00903	0.01193	0.00857	0.00712	0.01283	0.04927	0.01592	0.01328	0.16250	0.01321	0.00748	0.00706	0.00138	0.15490	0.00581	0.00343	0.48586

[dist]
# distance from previous block
# <min> <max>
0	2

[block]
# block no. 1 follows, 46 sequences, length 19
# corresponding to MSA columns:
# 32-50
name=unknown_B
#
# <colnr> <probs for GDERKNQSTAVLIFYWHMCP>
#	G	D	E	R	K	N	Q	S	T	A	V	L	I	F	Y	W	H	M	C	P
0	0.01096	0.00940	0.01096	0.00783	0.01253	0.00705	0.00626	0.01331	0.01096	0.01723	0.00940	0.01096	0.00783	0.00392	0.00392	0.00078	0.00392	0.00313	0.00313	0.84653
1	0.01390	0.01567	0.14464	0.02030	0.13606	0.01294	0.37954	0.10635	0.01383	0.07000	0.01128	0.01359	0.00831	0.00494	0.00568	0.00168	0.00758	0.00534	0.00317	0.02519
2	0.01933	0.01435	0.01545	0.01180	0.01607	0.01561	0.00973	0.70036	0.02368	0.03196	0.01241	0.01255	0.00889	0.00614	0.00517	0.00152	0.00566	0.00462	0.00511	0.07959
3	0.08196	0.00884	0.01163	0.00926	0.01305	0.00792	0.00769	0.02378	0.01444	0.66533	0.02049	0.02083	0.01402	0.00711	0.00534	0.00170	0.00450	0.06754	0.00617	0.00841
4	0.00763	0.00564	0.00679	0.00716	0.00805	0.00550	0.00513	0.00976	0.06409	0.01455	0.10733	0.23884	0.14922	0.21915	0.01178	0.00282	0.00383	0.12365	0.00459	0.00449
5	0.04158	0.01045	0.01643	0.53896	0.19855	0.03101	0.01415	0.02868	0.01121	0.01508	0.01019	0.04219	0.00833	0.00557	0.00524	0.00172	0.00666	0.00498	0.00260	0.00643
6	0.04210	0.04728	0.54018	0.09126	0.02164	0.01161	0.01622	0.01660	0.01153	0.08143	0.04547	0.01401	0.02673	0.00560	0.00504	0.00166	0.00690	0.00445	0.00287	0.00741
7	0.01056	0.01062	0.03836	0.58914	0.14774	0.01183	0.06854	0.01412	0.01098	0.01443	0.01060	0.01473	0.02519	0.00532	0.00536	0.00173	0.00698	0.00494	0.00247	0.00636
8	0.01264	0.01157	0.01910	0.16250	0.54808	0.01169	0.01465	0.01573	0.01176	0.03923	0.01011	0.01318	0.00823	0.00478	0.00511	0.00152	0.00611	0.00456	0.00274	0.09671
9	0.02871	0.01037	0.01537	0.29151	0.22074	0.01131	0.01219	0.06656	0.09839	0.03725	0.01321	0.08759	0.01132	0.00639	0.00528	0.00166	0.00572	0.00567	0.00338	0.06740
10	0.07987	0.01393	0.08429	0.20870	0.04872	0.06549	0.03042	0.24921	0.01529	0.02132	0.01111	0.01318	0.01947	0.00587	0.00566	0.00164	0.05011	0.00451	0.03934	0.03186
11	0.01237	0.03343	0.01764	0.09836	0.37842	0.01059	0.07792	0.01519	0.01177	0.07320	0.01370	0.11439	0.01228	0.00647	0.00530	0.00162	0.00564	0.00611	0.07406	0.03153
12	0.12630	0.03464	0.14709	0.16839	0.10061	0.03839	0.04052	0.10453	0.03004	0.03335	0.03479	0.09458	0.01164	0.00659	0.00511	0.00169	0.00601	0.00553	0.00337	0.00683
13	0.01181	0.03629	0.08218	0.10569	0.34395	0.04321	0.01318	0.01628	0.10252	0.01661	0.01460	0.08569	0.01347	0.00716	0.00551	0.00174	0.00594	0.08366	0.00331	0.00720
14	0.01046	0.00864	0.01037	0.04607	0.10434	0.06362	0.00775	0.05886	0.01266	0.04427	0.09317	0.28108	0.08744	0.01075	0.00588	0.00177	0.00440	0.05798	0.02573	0.06477
15	0.11485	0.01430	0.06138	0.01958	0.31432	0.11831	0.03112	0.10756	0.03764	0.01901	0.01122	0.04692	0.00955	0.00815	0.06169	0.00209	0.00692	0.00486	0.00322	0.00732
16	0.01183	0.01245	0.04111	0.17395	0.10688	0.03477	0.31901	0.03280	0.01216	0.01640	0.01200	0.01842	0.01021	0.00585	0.00591	0.00173	0.01813	0.08507	0.00293	0.07838
17	0.15984	0.14041	0.12613	0.05553	0.04277	0.03218	0.00988	0.05105	0.09401	0.10130	0.10091	0.01550	0.01349	0.00603	0.00467	0.00155	0.00520	0.00466	0.00383	0.03107
18	0.11137	0.10559	0.01496	0.01130	0.04189	0.11750	0.00892	0.28649	0.05810	0.08086	0.01304	0.01358	0.02802	0.00686	0.02343	0.00169	0.02023	0.00444	0.04427	0.00747

[dist]
# distance from previous block
# <min> <max>
18	79

[block]
# block no. 2 follows, 46 sequences, length 23
# corresponding to MSA columns:
# 132-154
name=unknown_C
#
# <colnr> <probs for GDERKNQSTAVLIFYWHMCP>
#	G	D	E	R	K	N	Q	S	T	A	V	L	I	F	Y	W	H	M	C	P
0	0.12759	0.01160	0.01394	0.21510	0.12461	0.07324	0.01059	0.14050	0.01373	0.07587	0.04196	0.01555	0.03060	0.03127	0.00585	0.00173	0.01903	0.00484	0.02308	0.01930
1	0.44792	0.01104	0.03095	0.23089	0.03122	0.03645	0.00942	0.03049	0.01030	0.05803	0.00881	0.01103	0.00670	0.00539	0.00492	0.00170	0.05180	0.00371	0.00311	0.00611
2	0.01375	0.01235	0.01794	0.13221	0.43153	0.04577	0.01348	0.14350	0.01401	0.01923	0.02667	0.01380	0.00928	0.00565	0.00562	0.02615	0.00614	0.00473	0.02945	0.02876
3	0.01213	0.01472	0.09369	0.08258	0.09352	0.01323	0.53486	0.01637	0.01195	0.01646	0.01023	0.01373	0.00781	0.00484	0.00655	0.00178	0.05014	0.00570	0.00259	0.00713
4	0.00715	0.00534	0.00614	0.00636	0.00736	0.00494	0.00455	0.00830	0.01081	0.01377	0.09920	0.09573	0.31747	0.26803	0.01300	0.00295	0.00378	0.11652	0.00444	0.00416
5	0.01985	0.01468	0.01573	0.01211	0.01630	0.01628	0.00999	0.73741	0.05146	0.03292	0.01301	0.01294	0.00924	0.00638	0.00529	0.00159	0.00576	0.00480	0.00529	0.00897
6	0.01096	0.00940	0.01096	0.00783	0.01253	0.00705	0.00626	0.01331	0.01096	0.01723	0.00940	0.01096	0.00783	0.00392	0.00392	0.00078	0.00392	0.00313	0.00313	0.84653
7	0.14216	0.00608	0.00664	0.00664	0.00821	0.00590	0.00504	0.00985	0.01226	0.01812	0.28716	0.15949	0.24468	0.01172	0.00591	0.00182	0.00304	0.05550	0.00495	0.00484
8	0.00721	0.00539	0.00669	0.00637	0.00773	0.00487	0.00478	0.00945	0.01433	0.01969	0.62020	0.04198	0.20907	0.01137	0.00624	0.00169	0.00253	0.00991	0.00562	0.00487
9	0.00769	0.00513	0.00577	0.00577	0.00577	0.00513	0.00320	0.00769	0.00769	0.01025	0.01666	0.03460	0.01922	0.81421	0.02691	0.00513	0.00513	0.00769	0.00320	0.00320
10	0.00756	0.00565	0.00840	0.00840	0.00931	0.00656	0.00649	0.00938	0.00847	0.01220	0.01425	0.02124	0.01342	0.06613	0.76706	0.00838	0.01385	0.00573	0.00284	0.00467
11	0.85155	0.01022	0.00777	0.00695	0.01022	0.01186	0.00573	0.01554	0.00900	0.02372	0.00736	0.00859	0.00573	0.00491	0.00327	0.00164	0.00409	0.00286	0.00327	0.00573
12	0.01956	0.01454	0.01556	0.01205	0.01619	0.01614	0.00992	0.70678	0.08255	0.03245	0.01337	0.01324	0.00954	0.00641	0.00530	0.00160	0.00569	0.00485	0.00530	0.00894
13	0.01172	0.00902	0.01073	0.00786	0.01221	0.00693	0.00628	0.01405	0.01165	0.08118	0.07683	0.01401	0.01190	0.00473	0.00423	0.00093	0.00384	0.00387	0.00365	0.70437
14	0.01225	0.01314	0.01831	0.05013	0.01769	0.12022	0.18842	0.01446	0.01088	0.01454	0.07609	0.01562	0.02897	0.00848	0.03249	0.00213	0.36188	0.00545	0.00283	0.00603
15	0.85155	0.01022	0.00777	0.00695	0.01022	0.01186	0.00573	0.01554	0.00900	0.02372	0.00736	0.00859	0.00573	0.00491	0.00327	0.00164	0.00409	0.00286	0.00327	0.00573
16	0.01009	0.00647	0.00893	0.00925	0.07549	0.00598	0.00631	0.01249	0.01446	0.12391	0.55971	0.06761	0.05824	0.01001	0.00605	0.00167	0.00312	0.00884	0.00558	0.00578
17	0.01105	0.00967	0.01208	0.00863	0.01337	0.00740	0.04814	0.01351	0.01105	0.01721	0.00947	0.01115	0.00784	0.00395	0.00404	0.00084	0.00419	0.00330	0.00311	0.80002
18	0.01234	0.00819	0.01010	0.00788	0.01148	0.00662	0.00630	0.01465	0.01271	0.16052	0.18643	0.02165	0.03609	0.00662	0.00489	0.00123	0.00372	0.03697	0.00448	0.44712
19	0.01295	0.01247	0.02100	0.03084	0.71489	0.01287	0.01582	0.01592	0.01170	0.01688	0.00968	0.01295	0.00825	0.00510	0.00628	0.00163	0.07529	0.00470	0.00259	0.00815
20	0.01085	0.01046	0.01825	0.57473	0.19763	0.01205	0.07219	0.01436	0.01104	0.01459	0.00961	0.01389	0.00741	0.00510	0.00535	0.00172	0.00702	0.00482	0.00243	0.00651
21	0.01105	0.00968	0.01214	0.00867	0.01341	0.00741	0.05020	0.01352	0.01105	0.01721	0.00947	0.01115	0.00784	0.00395	0.00405	0.00084	0.00421	0.00331	0.00311	0.79773
22	0.01410	0.00991	0.01285	0.05676	0.01473	0.01032	0.04993	0.19613	0.06668	0.13565	0.01856	0.17891	0.03986	0.00959	0.02788	0.00193	0.05157	0.02041	0.00464	0.07959

[dist]
# distance from previous block
# <min> <max>
1	2

[block]
# block no. 3 follows, 46 sequences, length 17
# corresponding to MSA columns:
# 157-173
name=unknown_D
#
# <colnr> <probs for GDERKNQSTAVLIFYWHMCP>
#	G	D	E	R	K	N	Q	S	T	A	V	L	I	F	Y	W	H	M	C	P
0	0.00654	0.00469	0.00613	0.00718	0.00758	0.00437	0.00480	0.00751	0.01033	0.01376	0.06561	0.71092	0.06388	0.05032	0.00757	0.00224	0.00311	0.01430	0.00488	0.00429
1	0.00690	0.00475	0.00635	0.00736	0.00778	0.00447	0.00507	0.00757	0.01000	0.01320	0.02813	0.61866	0.07534	0.01645	0.00840	0.10191	0.00335	0.06561	0.00460	0.00411
2	0.01057	0.01015	0.01761	0.64517	0.13897	0.01196	0.06272	0.01410	0.01090	0.01425	0.00956	0.01397	0.00729	0.00515	0.00534	0.00174	0.00706	0.00480	0.00241	0.00630
3	0.00654	0.00468	0.00622	0.00729	0.00769	0.00436	0.00491	0.00760	0.01057	0.01421	0.09895	0.73890	0.03635	0.01603	0.00670	0.00210	0.00301	0.01452	0.00499	0.00436
4	0.00644	0.00460	0.00613	0.00736	0.00767	0.00429	0.00491	0.00736	0.01012	0.01350	0.02914	0.81076	0.03497	0.01656	0.00675	0.00215	0.00307	0.01503	0.00491	0.00429
5	0.01278	0.01310	0.01617	0.38612	0.02555	0.14945	0.04167	0.06811	0.01184	0.01475	0.00907	0.01284	0.00733	0.00714	0.02914	0.00198	0.17962	0.00455	0.00264	0.00614
6	0.01064	0.06278	0.63840	0.01469	0.02165	0.01221	0.07083	0.01613	0.01136	0.01664	0.04302	0.03774	0.00954	0.00557	0.00514	0.00167	0.00741	0.00461	0.00250	0.00748
7	0.00635	0.00539	0.00549	0.00554	0.00730	0.00453	0.00421	0.00773	0.01205	0.01435	0.05246	0.05125	0.74693	0.01344	0.00629	0.00181	0.00277	0.04271	0.00491	0.00448
8	0.01028	0.00933	0.01536	0.56712	0.02952	0.01142	0.05684	0.01347	0.01049	0.01444	0.01024	0.01457	0.00794	0.00578	0.00642	0.00175	0.09185	0.00481	0.11255	0.00581
9	0.00840	0.00802	0.06431	0.02903	0.01047	0.00665	0.00658	0.05424	0.01348	0.01823	0.31344	0.08541	0.26519	0.01069	0.00633	0.00170	0.02934	0.00905	0.00482	0.05462
10	0.01392	0.76894	0.07426	0.00941	0.01414	0.02039	0.00969	0.01589	0.01077	0.01270	0.00748	0.00864	0.00678	0.00455	0.00349	0.00116	0.00579	0.00289	0.00226	0.00685
11	0.00725	0.00576	0.00855	0.00877	0.00940	0.00574	0.05918	0.00840	0.01005	0.01354	0.02584	0.66808	0.03055	0.05109	0.00829	0.00227	0.05478	0.01341	0.00451	0.00454
12	0.01839	0.01343	0.01547	0.06974	0.13980	0.08996	0.01069	0.27730	0.09097	0.19867	0.01430	0.01444	0.01017	0.00605	0.00524	0.00161	0.00588	0.00486	0.00470	0.00833
13	0.06662	0.07612	0.35421	0.01614	0.11493	0.01284	0.09616	0.06139	0.04235	0.06830	0.01079	0.01225	0.00796	0.00511	0.00497	0.00160	0.00675	0.00432	0.00301	0.03419
14	0.01215	0.05288	0.11713	0.07062	0.07023	0.01364	0.49711	0.01631	0.01180	0.01622	0.01001	0.01336	0.00769	0.00492	0.00660	0.00176	0.06240	0.00551	0.00255	0.00710
15	0.01519	0.03049	0.04278	0.10593	0.12184	0.31113	0.03710	0.06695	0.10343	0.01633	0.01316	0.01466	0.05373	0.00615	0.00562	0.00159	0.03913	0.00473	0.00323	0.00685
16	0.01435	0.20890	0.04735	0.06695	0.29397	0.07618	0.01248	0.09842	0.09904	0.01779	0.01073	0.01239	0.00867	0.00522	0.00477	0.00149	0.00620	0.00427	0.00311	0.00771

[dist]
# distance from previous block
# <min> <max>
1	6

[block]
# block no. 4 follows, 46 sequences, length 22
# corresponding to MSA columns:
# 180-201
name=unknown_E
#
# <colnr> <probs for GDERKNQSTAVLIFYWHMCP>
#	G	D	E	R	K	N	Q	S	T	A	V	L	I	F	Y	W	H	M	C	P
0	0.05622	0.01012	0.01561	0.64999	0.05796	0.01227	0.01377	0.09267	0.01204	0.01627	0.00965	0.01362	0.00723	0.00536	0.00518	0.00173	0.00673	0.00461	0.00272	0.00628
1	0.01307	0.11296	0.11914	0.05684	0.39725	0.01357	0.08208	0.01688	0.04125	0.04726	0.01037	0.01281	0.00831	0.00509	0.00560	0.00160	0.04074	0.00458	0.00277	0.00780
2	0.11826	0.17990	0.34645	0.02812	0.01854	0.01328	0.09004	0.01620	0.01140	0.05001	0.07165	0.01326	0.01050	0.00539	0.00471	0.00157	0.00643	0.00433	0.00289	0.00706
3	0.00710	0.00539	0.00655	0.00637	0.00776	0.00484	0.00481	0.00917	0.01379	0.01858	0.49877	0.06774	0.27940	0.01194	0.00629	0.00174	0.00266	0.03683	0.00547	0.00480
4	0.00918	0.00459	0.00689	0.00689	0.00689	0.00459	0.00459	0.00689	0.00689	0.00918	0.00918	0.01607	0.00918	0.01837	0.02066	0.84619	0.00459	0.00459	0.00230	0.00230
5	0.02120	0.00869	0.01164	0.00924	0.01289	0.00774	0.00756	0.02390	0.05300	0.65049	0.06772	0.02151	0.01637	0.02443	0.00592	0.00175	0.00439	0.03684	0.00630	0.00842
6	0.01315	0.01136	0.01195	0.01076	0.01375	0.01315	0.00837	0.02809	0.77168	0.02211	0.02152	0.01972	0.01614	0.00717	0.00538	0.00179	0.00418	0.00598	0.00538	0.00837
7	0.00769	0.00513	0.00577	0.00577	0.00577	0.00513	0.00320	0.00769	0.00769	0.01025	0.01666	0.03460	0.01922	0.81421	0.02691	0.00513	0.00513	0.00769	0.00320	0.00320
8	0.01096	0.00940	0.01096	0.00783	0.01253	0.00705	0.00626	0.01331	0.01096	0.01723	0.00940	0.01096	0.00783	0.00392	0.00392	0.00078	0.00392	0.00313	0.00313	0.84653
9	0.01031	0.00973	0.01644	0.72126	0.11412	0.01183	0.01484	0.01379	0.01072	0.01390	0.00945	0.01399	0.00719	0.00523	0.00528	0.00174	0.00697	0.00470	0.00238	0.00613
10	0.01248	0.01426	0.03119	0.02228	0.02763	0.01337	0.76203	0.01693	0.01248	0.01693	0.01070	0.01426	0.00802	0.00446	0.00624	0.00178	0.00891	0.00624	0.00267	0.00713
11	0.01362	0.54626	0.22890	0.01100	0.01626	0.07780	0.01193	0.01648	0.01118	0.01362	0.00798	0.00928	0.00676	0.00473	0.00393	0.00129	0.00653	0.00316	0.00229	0.00701
12	0.03207	0.08058	0.62938	0.01526	0.02245	0.01299	0.10198	0.01667	0.01123	0.01664	0.00942	0.01126	0.00683	0.00492	0.00500	0.00165	0.00769	0.00407	0.00231	0.00761
13	0.02356	0.00925	0.01242	0.00952	0.01362	0.00814	0.00787	0.05747	0.01555	0.75260	0.02051	0.01777	0.01291	0.00653	0.00532	0.00163	0.00456	0.00529	0.00649	0.00900
14	0.00731	0.00558	0.00690	0.00753	0.00887	0.00517	0.00610	0.00914	0.01206	0.01527	0.08375	0.14146	0.32990	0.01412	0.00675	0.00210	0.00365	0.32475	0.00495	0.00465
15	0.01293	0.01320	0.01977	0.21084	0.43416	0.10174	0.07412	0.01604	0.01207	0.01581	0.01022	0.01441	0.00852	0.00521	0.00533	0.00163	0.00700	0.02703	0.00264	0.00732
16	0.00766	0.00520	0.00616	0.00615	0.00630	0.00531	0.00370	0.00798	0.00800	0.01082	0.03765	0.03293	0.01930	0.69078	0.12620	0.00547	0.00623	0.00748	0.00323	0.00345
17	0.04964	0.00989	0.03601	0.00950	0.01325	0.00887	0.00796	0.12826	0.01561	0.52553	0.03536	0.05861	0.01393	0.00722	0.00554	0.01677	0.00458	0.00568	0.03957	0.00823
18	0.01290	0.04740	0.04239	0.06349	0.66373	0.01291	0.04799	0.01614	0.01191	0.01687	0.00983	0.01293	0.00819	0.00472	0.00519	0.00157	0.00644	0.00467	0.00258	0.00813
19	0.20131	0.03315	0.25875	0.08063	0.03293	0.01179	0.02799	0.07012	0.05342	0.14548	0.02875	0.01320	0.00925	0.00558	0.00476	0.00166	0.00587	0.00431	0.00366	0.00740
20	0.01196	0.04679	0.01910	0.01537	0.03559	0.04359	0.14874	0.01384	0.00938	0.01358	0.00816	0.01240	0.00751	0.00959	0.05674	0.00245	0.53181	0.00486	0.00243	0.00609
21	0.10969	0.05439	0.11372	0.06059	0.02811	0.05694	0.00993	0.05619	0.09944	0.28218	0.01591	0.01627	0.02807	0.00624	0.00496	0.00163	0.00541	0.02182	0.00451	0.02400

[dist]
# distance from previous block
# <min> <max>
0	2

[block]
# block no. 5 follows, 46 sequences, length 103
# corresponding to MSA columns:
# 204-215,217-224,233-315
name=unknown_F
#
# <colnr> <probs for GDERKNQSTAVLIFYWHMCP>
#	G	D	E	R	K	N	Q	S	T	A	V	L	I	F	Y	W	H	M	C	P
0	0.03570	0.12130	0.03360	0.01361	0.01646	0.34933	0.09705	0.05230	0.01279	0.01455	0.00867	0.01107	0.00738	0.00775	0.04896	0.00196	0.15440	0.00406	0.00271	0.00635
1	0.01340	0.00740	0.00936	0.00819	0.01051	0.00710	0.00640	0.03866	0.10529	0.24928	0.34446	0.08798	0.03104	0.00934	0.00581	0.00171	0.00348	0.02284	0.03112	0.00665
2	0.01332	0.01249	0.01546	0.27457	0.08384	0.12821	0.01202	0.03785	0.01142	0.07244	0.01010	0.02788	0.00833	0.00762	0.03195	0.00200	0.21340	0.00472	0.00291	0.02946
3	0.00714	0.00534	0.00664	0.00643	0.00772	0.00483	0.00478	0.00928	0.01400	0.01917	0.57032	0.09708	0.20427	0.01177	0.00627	0.00172	0.00257	0.01029	0.00556	0.00483
4	0.00769	0.00513	0.00577	0.00577	0.00577	0.00513	0.00320	0.00769	0.00769	0.01025	0.01666	0.03460	0.01922	0.81421	0.02691	0.00513	0.00513	0.00769	0.00320	0.00320
5	0.01921	0.01447	0.01670	0.01271	0.01694	0.01582	0.06665	0.68468	0.02351	0.03167	0.01268	0.01302	0.00905	0.00620	0.00531	0.00159	0.00595	0.00488	0.03023	0.00873
6	0.00756	0.00565	0.00842	0.00842	0.00934	0.00657	0.00651	0.00939	0.00847	0.01222	0.01423	0.02115	0.01338	0.06094	0.77220	0.00840	0.01391	0.00572	0.00284	0.00468
7	0.01248	0.01426	0.03119	0.02228	0.02763	0.01337	0.76203	0.01693	0.01248	0.01693	0.01070	0.01426	0.00802	0.00446	0.00624	0.00178	0.00891	0.00624	0.00267	0.00713
8	0.01427	0.79851	0.02740	0.00915	0.01363	0.03931	0.00907	0.01596	0.01084	0.01245	0.00737	0.00851	0.00678	0.00454	0.00342	0.00114	0.00575	0.00284	0.00227	0.00677
9	0.01145	0.01139	0.01597	0.01372	0.01375	0.01591	0.01142	0.01263	0.00811	0.01271	0.00715	0.01183	0.00712	0.01014	0.03990	0.00249	0.78157	0.00466	0.00233	0.00575
10	0.00780	0.00546	0.00719	0.03857	0.00889	0.00553	0.00535	0.00902	0.01021	0.03215	0.11886	0.31465	0.04429	0.21476	0.08728	0.00340	0.02200	0.03920	0.02098	0.00440
11	0.01861	0.01804	0.01496	0.01287	0.03133	0.30624	0.00994	0.34196	0.15172	0.02341	0.01249	0.01275	0.00941	0.00612	0.00511	0.00154	0.00693	0.00447	0.00429	0.00780
12	0.85155	0.01022	0.00777	0.00695	0.01022	0.01186	0.00573	0.01554	0.00900	0.02372	0.00736	0.00859	0.00573	0.00491	0.00327	0.00164	0.00409	0.00286	0.00327	0.00573
13	0.01254	0.01403	0.02972	0.02188	0.04948	0.01333	0.69336	0.01760	0.05901	0.01726	0.01134	0.01456	0.00853	0.00463	0.00616	0.00178	0.00854	0.00618	0.00284	0.00724
14	0.00998	0.00940	0.01586	0.80150	0.03641	0.01175	0.01468	0.01351	0.01057	0.01351	0.00940	0.01409	0.00705	0.00529	0.00529	0.00176	0.00705	0.00470	0.00235	0.00587
15	0.00998	0.00940	0.01586	0.80150	0.03641	0.01175	0.01468	0.01351	0.01057	0.01351	0.00940	0.01409	0.00705	0.00529	0.00529	0.00176	0.00705	0.00470	0.00235	0.00587
16	0.00768	0.00515	0.00588	0.00588	0.00592	0.00519	0.00334	0.00776	0.00772	0.01033	0.01656	0.03403	0.01897	0.78258	0.05820	0.00526	0.00549	0.00761	0.00319	0.00327
17	0.00644	0.00460	0.00613	0.00736	0.00767	0.00429	0.00491	0.00736	0.01012	0.01350	0.02914	0.81076	0.03497	0.01656	0.00675	0.00215	0.00307	0.01503	0.00491	0.00429
18	0.00955	0.00622	0.00796	0.00724	0.00890	0.00589	0.00552	0.01294	0.07213	0.09836	0.64480	0.03583	0.04362	0.01010	0.00608	0.00167	0.00282	0.00886	0.00586	0.00565
19	0.01940	0.01446	0.01547	0.01202	0.01613	0.01607	0.00988	0.68977	0.09982	0.03219	0.01358	0.01340	0.00971	0.00643	0.00530	0.00161	0.00565	0.00488	0.00530	0.00893
20	0.01431	0.01193	0.01261	0.01099	0.01419	0.01369	0.00865	0.15062	0.64727	0.02398	0.02005	0.01855	0.01495	0.00703	0.00536	0.00176	0.00446	0.00577	0.00536	0.00847
21	0.00765	0.00580	0.00868	0.00862	0.00954	0.00683	0.00672	0.00952	0.00849	0.01228	0.01399	0.02055	0.01307	0.03894	0.77521	0.00835	0.03254	0.00564	0.00282	0.00474
22	0.03203	0.22006	0.16795	0.01763	0.21114	0.08904	0.06085	0.06098	0.04950	0.02901	0.00992	0.01157	0.00791	0.00502	0.00472	0.00149	0.00669	0.00409	0.00283	0.00756
23	0.01059	0.04054	0.75492	0.01481	0.02240	0.01229	0.01904	0.01655	0.01109	0.01656	0.00956	0.01135	0.00686	0.00585	0.02396	0.00183	0.00793	0.00393	0.00225	0.00772
24	0.00765	0.00511	0.00578	0.00581	0.00582	0.00510	0.00325	0.00768	0.00776	0.01035	0.01703	0.05789	0.01969	0.79027	0.02630	0.00504	0.00506	0.00791	0.00325	0.00324
25	0.00918	0.00459	0.00689	0.00689	0.00689	0.00459	0.00459	0.00689	0.00689	0.00918	0.00918	0.01607	0.00918	0.01837	0.02066	0.84619	0.00459	0.00459	0.00230	0.00230
26	0.06086	0.01101	0.01765	0.49444	0.17963	0.03709	0.07218	0.01465	0.01098	0.01508	0.00937	0.01336	0.00730	0.00521	0.00557	0.00172	0.03027	0.00467	0.00249	0.00646
27	0.00998	0.00940	0.01586	0.80150	0.03641	0.01175	0.01468	0.01351	0.01057	0.01351	0.00940	0.01409	0.00705	0.00529	0.00529	0.00176	0.00705	0.00470	0.00235	0.00587
28	0.00755	0.00566	0.00850	0.00850	0.00944	0.00661	0.00661	0.00944	0.00850	0.01227	0.01416	0.02077	0.01322	0.03965	0.79326	0.00850	0.01416	0.00566	0.00283	0.00472
29	0.01429	0.01664	0.11722	0.04685	0.44262	0.15210	0.01475	0.07359	0.02611	0.01755	0.01027	0.02538	0.00845	0.00526	0.00516	0.00157	0.00696	0.00457	0.00286	0.00781
30	0.04172	0.06721	0.03259	0.02641	0.01616	0.34791	0.06625	0.15411	0.07665	0.01842	0.02600	0.01420	0.04069	0.01832	0.00530	0.00155	0.00722	0.00459	0.02790	0.00680
31	0.00852	0.00608	0.00852	0.00974	0.01095	0.00608	0.00852	0.01095	0.01217	0.01582	0.02799	0.05963	0.03042	0.01460	0.00730	0.00243	0.00487	0.74565	0.00487	0.00487
32	0.01495	0.50226	0.05884	0.07016	0.01627	0.16810	0.01012	0.01763	0.05112	0.03455	0.00887	0.01008	0.00746	0.00498	0.00403	0.00130	0.00650	0.00336	0.00264	0.00678
33	0.01559	0.01167	0.01299	0.00987	0.01411	0.01141	0.00802	0.33041	0.07447	0.06364	0.01251	0.01296	0.00938	0.00538	0.00467	0.00125	0.00472	0.00419	0.02881	0.36394
34	0.07626	0.01268	0.01980	0.10838	0.51487	0.05205	0.07431	0.01633	0.02977	0.01718	0.01065	0.01354	0.02077	0.00500	0.00517	0.00161	0.00646	0.00476	0.00275	0.00763
35	0.00779	0.00555	0.00674	0.01981	0.00746	0.00573	0.00449	0.00823	0.00895	0.01199	0.04487	0.12605	0.12743	0.41560	0.03626	0.06744	0.05516	0.00851	0.02816	0.00379
36	0.01027	0.00970	0.01629	0.71978	0.09199	0.01194	0.01470	0.01369	0.01061	0.01377	0.00936	0.01394	0.00714	0.00536	0.00564	0.00176	0.03093	0.00470	0.00237	0.00606
37	0.01157	0.01157	0.01619	0.01388	0.01388	0.01619	0.01157	0.01272	0.00810	0.01272	0.00694	0.01157	0.00694	0.00925	0.01735	0.00231	0.80453	0.00463	0.00231	0.00578
38	0.01157	0.01157	0.01619	0.01388	0.01388	0.01619	0.01157	0.01272	0.00810	0.01272	0.00694	0.01157	0.00694	0.00925	0.01735	0.00231	0.80453	0.00463	0.00231	0.00578
39	0.00755	0.00566	0.00850	0.00850	0.00944	0.00661	0.00661	0.00944	0.00850	0.01227	0.01416	0.02077	0.01322	0.03965	0.79326	0.00850	0.01416	0.00566	0.00283	0.00472
40	0.01060	0.02735	0.78682	0.01507	0.02288	0.01228	0.01953	0.01674	0.01116	0.01674	0.00949	0.01116	0.00670	0.00502	0.00502	0.00167	0.00781	0.00391	0.00223	0.00781
41	0.00739	0.00540	0.00694	0.00655	0.00784	0.00495	0.00491	0.00980	0.01474	0.02068	0.72370	0.04035	0.10495	0.01100	0.00624	0.00167	0.00251	0.00968	0.00575	0.00495
42	0.00625	0.00536	0.00536	0.00536	0.00714	0.00446	0.00402	0.00759	0.01205	0.01428	0.05355	0.05088	0.77909	0.01339	0.00625	0.00179	0.00268	0.01116	0.00491	0.00446
43	0.01217	0.01353	0.02875	0.09381	0.07061	0.01300	0.63676	0.01639	0.01223	0.01657	0.01089	0.02976	0.00848	0.00478	0.00610	0.00178	0.00848	0.00618	0.00268	0.00703
44	0.01103	0.07844	0.66061	0.01539	0.02274	0.01296	0.09337	0.01670	0.01127	0.01648	0.00947	0.01129	0.00684	0.00493	0.00504	0.00165	0.00778	0.00407	0.00228	0.00768
45	0.81512	0.02764	0.00838	0.00711	0.01043	0.01215	0.00589	0.03216	0.00939	0.02369	0.00748	0.00868	0.00582	0.00493	0.00332	0.00162	0.00416	0.00290	0.00329	0.00582
46	0.01041	0.00727	0.00922	0.06836	0.01174	0.00763	0.00680	0.13812	0.01269	0.06227	0.02225	0.43558	0.02439	0.10279	0.00890	0.00234	0.02835	0.03087	0.00461	0.00543
47	0.01096	0.00940	0.01096	0.00783	0.01253	0.00705	0.00626	0.01331	0.01096	0.01723	0.00940	0.01096	0.00783	0.00392	0.00392	0.00078	0.00392	0.00313	0.00313	0.84653
48	0.00985	0.00493	0.00493	0.00493	0.00616	0.00493	0.00370	0.01232	0.01109	0.01971	0.01725	0.01971	0.01355	0.00616	0.00370	0.00123	0.00246	0.00493	0.84356	0.00493
49	0.01157	0.01157	0.01619	0.01388	0.01388	0.01619	0.01157	0.01272	0.00810	0.01272	0.00694	0.01157	0.00694	0.00925	0.01735	0.00231	0.80453	0.00463	0.00231	0.00578
50	0.00660	0.00484	0.00623	0.00725	0.00786	0.00447	0.00507	0.00773	0.01065	0.01395	0.04742	0.62792	0.14012	0.01584	0.00671	0.00211	0.00314	0.07277	0.00492	0.00438
51	0.00755	0.00566	0.00850	0.00850	0.00944	0.00661	0.00661	0.00944	0.00850	0.01227	0.01416	0.02077	0.01322	0.03965	0.79326	0.00850	0.01416	0.00566	0.00283	0.00472
52	0.00768	0.00515	0.00591	0.00591	0.00596	0.00520	0.00338	0.00778	0.00773	0.01036	0.01653	0.03388	0.01891	0.77400	0.06669	0.00530	0.00559	0.00758	0.00318	0.00328
53	0.01413	0.81739	0.02770	0.00905	0.01357	0.02092	0.00905	0.01583	0.01074	0.01244	0.00735	0.00848	0.00678	0.00452	0.00339	0.00113	0.00565	0.00283	0.00226	0.00678
54	0.00644	0.00460	0.00613	0.00736	0.00767	0.00429	0.00491	0.00736	0.01012	0.01350	0.02914	0.81076	0.03497	0.01656	0.00675	0.00215	0.00307	0.01503	0.00491	0.00429
55	0.01060	0.02735	0.78682	0.01507	0.02288	0.01228	0.01953	0.01674	0.01116	0.01674	0.00949	0.01116	0.00670	0.00502	0.00502	0.00167	0.00781	0.00391	0.00223	0.00781
56	0.00768	0.00514	0.00585	0.00585	0.00587	0.00517	0.00330	0.00774	0.00771	0.01031	0.01658	0.03419	0.01904	0.79156	0.04932	0.00522	0.00539	0.00763	0.00319	0.00325
57	0.01850	0.17838	0.03437	0.01259	0.01595	0.53264	0.01017	0.10880	0.01525	0.01536	0.00858	0.00974	0.00706	0.00537	0.00457	0.00135	0.00830	0.00347	0.00293	0.00664
58	0.01229	0.01096	0.01785	0.08010	0.43690	0.01104	0.06019	0.01624	0.07934	0.04981	0.01478	0.08991	0.03061	0.00660	0.00549	0.00168	0.00573	0.02831	0.00337	0.03880
59	0.03190	0.01037	0.01700	0.39886	0.24901	0.01136	0.04697	0.01460	0.03312	0.01554	0.01092	0.05430	0.00919	0.00560	0.00524	0.00165	0.00631	0.00517	0.00274	0.07014
60	0.01038	0.15041	0.26927	0.01019	0.01418	0.02733	0.01067	0.01352	0.01186	0.05114	0.14934	0.17738	0.06589	0.00881	0.00538	0.00167	0.00516	0.00740	0.00376	0.00627
61	0.01975	0.02520	0.01498	0.01362	0.01634	0.79299	0.01021	0.02111	0.01498	0.01294	0.00817	0.00953	0.00681	0.00545	0.00477	0.00136	0.00953	0.00340	0.00272	0.00613
62	0.01406	0.02407	0.07474	0.01306	0.12761	0.05506	0.02686	0.01749	0.06088	0.20423	0.16128	0.03976	0.05094	0.00737	0.00543	0.00159	0.00490	0.02775	0.00458	0.07833
63	0.23882	0.28492	0.15902	0.01171	0.07748	0.06308	0.01057	0.01585	0.01081	0.01688	0.01016	0.01262	0.03066	0.00543	0.00413	0.00149	0.00580	0.03116	0.00276	0.00664
64	0.01326	0.01202	0.01846	0.28901	0.42363	0.06122	0.01469	0.01634	0.01196	0.07370	0.01047	0.01357	0.00818	0.00509	0.00523	0.00163	0.00661	0.00467	0.00283	0.00744
65	0.01761	0.24023	0.01828	0.01220	0.01529	0.53583	0.00981	0.01906	0.01350	0.01282	0.00890	0.01023	0.02374	0.00551	0.00490	0.00134	0.03839	0.00346	0.00263	0.00626
66	0.49759	0.00990	0.04888	0.00765	0.01080	0.00983	0.00655	0.01559	0.02704	0.09989	0.18507	0.01700	0.01685	0.00645	0.00430	0.00163	0.00396	0.00476	0.00417	0.02206
67	0.01390	0.65787	0.14022	0.01018	0.01510	0.06029	0.01067	0.01624	0.01103	0.01311	0.00771	0.00894	0.00677	0.00465	0.00371	0.00122	0.00618	0.00302	0.00228	0.00690
68	0.01174	0.04856	0.68848	0.01464	0.02201	0.01221	0.03586	0.01740	0.01148	0.07464	0.01031	0.01167	0.00721	0.00511	0.00503	0.00166	0.00753	0.00404	0.00257	0.00786
69	0.00852	0.00608	0.00852	0.00974	0.01095	0.00608	0.00852	0.01095	0.01217	0.01582	0.02799	0.05963	0.03042	0.01460	0.00730	0.00243	0.00487	0.74565	0.00487	0.00487
70	0.00745	0.00540	0.00703	0.00662	0.00788	0.00498	0.00496	0.00992	0.01489	0.02103	0.76101	0.03976	0.06742	0.01087	0.00624	0.00167	0.00250	0.00960	0.00580	0.00498
71	0.01413	0.81739	0.02770	0.00905	0.01357	0.02092	0.00905	0.01583	0.01074	0.01244	0.00735	0.00848	0.00678	0.00452	0.00339	0.00113	0.00565	0.00283	0.00226	0.00678
72	0.00788	0.00623	0.00713	0.00738	0.00873	0.00613	0.00533	0.03293	0.13156	0.01598	0.06451	0.39514	0.26401	0.01356	0.00631	0.00194	0.00318	0.01188	0.00503	0.00515
73	0.00644	0.00460	0.00613	0.00736	0.00767	0.00429	0.00491	0.00736	0.01012	0.01350	0.02914	0.81076	0.03497	0.01656	0.00675	0.00215	0.00307	0.01503	0.00491	0.00429
74	0.00685	0.00554	0.00613	0.00627	0.00776	0.00497	0.00464	0.00895	0.04841	0.01550	0.14543	0.18177	0.49099	0.01333	0.00632	0.00185	0.00286	0.03267	0.00505	0.00470
75	0.01750	0.01264	0.02842	0.01179	0.01544	0.02975	0.06959	0.43902	0.01941	0.13401	0.01600	0.12814	0.01342	0.03189	0.00621	0.00179	0.00558	0.00647	0.00503	0.00791
76	0.00830	0.00561	0.00713	0.00672	0.00817	0.00510	0.00508	0.01051	0.01420	0.06584	0.57040	0.05692	0.15301	0.02866	0.00668	0.00179	0.00279	0.03239	0.00562	0.00510
77	0.00903	0.00757	0.00812	0.00759	0.00972	0.00776	0.00581	0.01559	0.29156	0.01852	0.18451	0.03720	0.35536	0.01060	0.00593	0.00176	0.00319	0.00894	0.00526	0.00600
78	0.00849	0.00591	0.00693	0.00695	0.00748	0.00599	0.00449	0.07997	0.01011	0.01352	0.02005	0.27154	0.02292	0.46757	0.04162	0.00397	0.00483	0.00961	0.00392	0.00414
79	0.01358	0.21194	0.29245	0.01484	0.07377	0.06093	0.09221	0.12210	0.01345	0.01781	0.01084	0.01230	0.03058	0.00529	0.00483	0.00152	0.00696	0.00426	0.00285	0.00750
80	0.02125	0.00881	0.01167	0.00919	0.01293	0.00788	0.00751	0.02428	0.07217	0.65007	0.07628	0.02062	0.03817	0.00710	0.00541	0.00165	0.00428	0.00584	0.00636	0.00853
81	0.00662	0.00476	0.00615	0.00706	0.00753	0.00443	0.00474	0.00765	0.01054	0.01407	0.10324	0.63662	0.07819	0.07197	0.00809	0.00229	0.00313	0.01375	0.00488	0.00430
82	0.01063	0.00945	0.01237	0.08268	0.08885	0.05053	0.02633	0.07641	0.01117	0.01501	0.01614	0.25089	0.01737	0.12066	0.02962	0.00255	0.16212	0.00813	0.00353	0.00556
83	0.01212	0.35349	0.45547	0.01248	0.01882	0.01587	0.01494	0.01662	0.02828	0.01509	0.00888	0.01025	0.00695	0.00486	0.00436	0.00145	0.00684	0.00351	0.00232	0.00740
84	0.01278	0.01225	0.02026	0.03016	0.70912	0.02597	0.01527	0.01584	0.01231	0.01749	0.06795	0.01501	0.01148	0.00518	0.00530	0.00157	0.00605	0.00505	0.00286	0.00808
85	0.00756	0.00562	0.00829	0.00829	0.00916	0.00650	0.00635	0.00931	0.00844	0.01212	0.01435	0.02181	0.01367	0.09815	0.73538	0.00824	0.01348	0.00582	0.00286	0.00461
86	0.08222	0.01312	0.02791	0.01116	0.01516	0.01386	0.02685	0.50732	0.03589	0.13588	0.01381	0.01375	0.00971	0.00620	0.00505	0.00158	0.00535	0.00475	0.06205	0.00839
87	0.00632	0.00530	0.00551	0.00566	0.00729	0.00449	0.00422	0.00765	0.01186	0.01424	0.05052	0.12570	0.68742	0.01373	0.00632	0.00184	0.00277	0.02979	0.00491	0.00446
88	0.01179	0.04331	0.34192	0.01678	0.03546	0.04453	0.27452	0.01632	0.01155	0.01647	0.01020	0.01280	0.00773	0.00522	0.00618	0.00169	0.06565	0.00481	0.06596	0.00712
89	0.70638	0.00969	0.00816	0.00725	0.01037	0.01101	0.00594	0.01576	0.00956	0.08202	0.02447	0.01086	0.00775	0.00778	0.06315	0.00215	0.00485	0.00340	0.00354	0.00589
90	0.01615	0.19437	0.05861	0.01478	0.03924	0.31757	0.16127	0.07425	0.03040	0.01565	0.00921	0.01093	0.00745	0.00519	0.00510	0.00146	0.02458	0.00409	0.00283	0.00687
91	0.01139	0.10521	0.29796	0.05403	0.01885	0.05552	0.09026	0.01531	0.02914	0.01539	0.01145	0.07041	0.01010	0.02991	0.00663	0.00174	0.06951	0.01629	0.02077	0.07014
92	0.06265	0.35283	0.33386	0.01219	0.03292	0.03476	0.01336	0.07279	0.01200	0.01654	0.00869	0.01001	0.00689	0.00491	0.00426	0.00143	0.00656	0.00347	0.00256	0.00732
93	0.00917	0.00461	0.00680	0.00680	0.00684	0.00461	0.00453	0.00707	0.00703	0.00952	0.00959	0.01658	0.00953	0.03537	0.02029	0.80237	0.00454	0.00467	0.02766	0.00239
94	0.00730	0.00583	0.00658	0.00632	0.00796	0.00534	0.00476	0.01015	0.07066	0.01782	0.36007	0.04367	0.41069	0.01182	0.00618	0.00173	0.00271	0.01009	0.00533	0.00498
95	0.00741	0.00561	0.00688	0.00679	0.00808	0.00527	0.00500	0.01018	0.05995	0.01859	0.46333	0.17963	0.17933	0.01210	0.00628	0.00178	0.00273	0.01062	0.00546	0.00497
96	0.01060	0.02735	0.78682	0.01507	0.02288	0.01228	0.01953	0.01674	0.01116	0.01674	0.00949	0.01116	0.00670	0.00502	0.00502	0.00167	0.00781	0.00391	0.00223	0.00781
97	0.00644	0.00460	0.00613	0.00736	0.00767	0.00429	0.00491	0.00736	0.01012	0.01350	0.02914	0.81076	0.03497	0.01656	0.00675	0.00215	0.00307	0.01503	0.00491	0.00429
98	0.01413	0.81739	0.02770	0.00905	0.01357	0.02092	0.00905	0.01583	0.01074	0.01244	0.00735	0.00848	0.00678	0.00452	0.00339	0.00113	0.00565	0.00283	0.00226	0.00678
99	0.02010	0.01481	0.01587	0.01216	0.01639	0.01639	0.01005	0.76360	0.02486	0.03332	0.01269	0.01269	0.00899	0.00635	0.00529	0.00159	0.00582	0.00476	0.00529	0.00899
100	0.02010	0.01481	0.01587	0.01216	0.01639	0.01639	0.01005	0.76360	0.02486	0.03332	0.01269	0.01269	0.00899	0.00635	0.00529	0.00159	0.00582	0.00476	0.00529	0.00899
101	0.01427	0.01371	0.01247	0.01125	0.01419	0.14592	0.00868	0.02690	0.64285	0.02055	0.01924	0.01799	0.01455	0.00688	0.00527	0.00172	0.00509	0.00554	0.00493	0.00799
102	0.03028	0.02019	0.45415	0.03904	0.12247	0.01160	0.03293	0.01873	0.05488	0.14730	0.01214	0.01316	0.00856	0.00535	0.00512	0.00166	0.00677	0.00442	0.00323	0.00801

[dist]
# distance from previous block
# <min> <max>
2	17

[block]
# block no. 6 follows, 46 sequences, length 35
# corresponding to MSA columns:
# 333-367
name=unknown_G
#
# <colnr> <probs for GDERKNQSTAVLIFYWHMCP>
#	G	D	E	R	K	N	Q	S	T	A	V	L	I	F	Y	W	H	M	C	P
0	0.00769	0.00513	0.00577	0.00577	0.00577	0.00513	0.00320	0.00769	0.00769	0.01025	0.01666	0.03460	0.01922	0.81421	0.02691	0.00513	0.00513	0.00769	0.00320	0.00320
1	0.02010	0.01481	0.01587	0.01216	0.01639	0.01639	0.01005	0.76360	0.02486	0.03332	0.01269	0.01269	0.00899	0.00635	0.00529	0.00159	0.00582	0.00476	0.00529	0.00899
2	0.00998	0.00926	0.01553	0.77737	0.03549	0.01154	0.01435	0.01347	0.01059	0.01370	0.00963	0.01426	0.00724	0.00531	0.00524	0.00175	0.00691	0.00471	0.02783	0.00584
3	0.01157	0.01157	0.01619	0.01388	0.01388	0.01619	0.01157	0.01272	0.00810	0.01272	0.00694	0.01157	0.00694	0.00925	0.01735	0.00231	0.80453	0.00463	0.00231	0.00578
4	0.00662	0.00474	0.00630	0.00724	0.00771	0.00441	0.00492	0.00782	0.01096	0.01483	0.15921	0.67688	0.03755	0.01556	0.00666	0.00206	0.00297	0.01408	0.00507	0.00441
5	0.00636	0.00533	0.00553	0.00554	0.00723	0.00450	0.00413	0.00778	0.01223	0.01485	0.11495	0.07845	0.68845	0.01329	0.00627	0.00179	0.00268	0.01117	0.00499	0.00450
6	0.00663	0.00534	0.00592	0.00597	0.00750	0.00463	0.00448	0.00823	0.01256	0.01581	0.21062	0.10470	0.53292	0.01310	0.00632	0.00181	0.00276	0.04101	0.00511	0.00458
7	0.00969	0.00871	0.01381	0.59703	0.02922	0.01066	0.01239	0.01274	0.01061	0.01409	0.01452	0.01825	0.08769	0.00646	0.00601	0.00175	0.05718	0.00538	0.07816	0.00564
8	0.00646	0.00528	0.00555	0.00569	0.00714	0.00455	0.00413	0.00766	0.01144	0.01384	0.04698	0.12031	0.61578	0.09371	0.00838	0.00217	0.00301	0.02885	0.00474	0.00433
9	0.01113	0.01014	0.02835	0.00899	0.01374	0.00776	0.05419	0.01412	0.03732	0.01737	0.00990	0.01148	0.00811	0.00408	0.00413	0.00090	0.00432	0.00344	0.00316	0.74737
10	0.08908	0.01282	0.01955	0.02824	0.63655	0.04527	0.01469	0.01654	0.03023	0.01765	0.00982	0.01264	0.00821	0.00496	0.00543	0.00160	0.03151	0.00452	0.00274	0.00796
11	0.01430	0.00904	0.01035	0.00904	0.01178	0.02972	0.00713	0.02086	0.27767	0.23660	0.19148	0.02742	0.08926	0.00855	0.00568	0.00173	0.00394	0.03250	0.00568	0.00728
12	0.02372	0.00900	0.01227	0.00941	0.01350	0.00777	0.00777	0.02576	0.01513	0.78489	0.02086	0.01799	0.01309	0.00654	0.00532	0.00164	0.00450	0.00532	0.00654	0.00900
13	0.00769	0.00513	0.00577	0.00577	0.00577	0.00513	0.00320	0.00769	0.00769	0.01025	0.01666	0.03460	0.01922	0.81421	0.02691	0.00513	0.00513	0.00769	0.00320	0.00320
14	0.01308	0.01256	0.02146	0.03245	0.78123	0.01256	0.01622	0.01622	0.01204	0.01727	0.00994	0.01308	0.00837	0.00471	0.00523	0.00157	0.00628	0.00471	0.00262	0.00837
15	0.01464	0.74627	0.02656	0.00946	0.01382	0.09023	0.00915	0.01630	0.01112	0.01248	0.00742	0.00857	0.00679	0.00461	0.00352	0.00115	0.00600	0.00288	0.00230	0.00673
16	0.01975	0.02520	0.01498	0.01362	0.01634	0.79299	0.01021	0.02111	0.01498	0.01294	0.00817	0.00953	0.00681	0.00545	0.00477	0.00136	0.00953	0.00340	0.00272	0.00613
17	0.01719	0.01276	0.01384	0.01115	0.01463	0.01399	0.00899	0.58417	0.06273	0.02907	0.01685	0.14035	0.03371	0.00819	0.00555	0.00169	0.00521	0.00662	0.00522	0.00809
18	0.01157	0.01157	0.01619	0.01388	0.01388	0.01619	0.01157	0.01272	0.00810	0.01272	0.00694	0.01157	0.00694	0.00925	0.01735	0.00231	0.80453	0.00463	0.00231	0.00578
19	0.01507	0.00709	0.00945	0.00790	0.01050	0.00628	0.00626	0.01731	0.01494	0.38006	0.39600	0.02979	0.05894	0.00890	0.00580	0.00165	0.00344	0.00762	0.00613	0.00685
20	0.85155	0.01022	0.00777	0.00695	0.01022	0.01186	0.00573	0.01554	0.00900	0.02372	0.00736	0.00859	0.00573	0.00491	0.00327	0.00164	0.00409	0.00286	0.00327	0.00573
21	0.05313	0.00893	0.01194	0.00923	0.01320	0.00783	0.00761	0.02488	0.01490	0.73275	0.04480	0.01835	0.01401	0.00662	0.00527	0.00164	0.00442	0.00536	0.00640	0.00875
22	0.00769	0.00513	0.00577	0.00577	0.00577	0.00513	0.00320	0.00769	0.00769	0.01025	0.01666	0.03460	0.01922	0.81421	0.02691	0.00513	0.00513	0.00769	0.00320	0.00320
23	0.00740	0.00540	0.00695	0.00656	0.00785	0.00495	0.00492	0.00981	0.01477	0.02073	0.72947	0.04026	0.09914	0.01098	0.00624	0.00167	0.00251	0.00967	0.00576	0.00495
24	0.15315	0.01174	0.01261	0.01021	0.01391	0.01271	0.00831	0.29153	0.18897	0.19971	0.01579	0.01499	0.01112	0.00634	0.00495	0.00164	0.00479	0.00486	0.02444	0.00823
25	0.01060	0.02735	0.78682	0.01507	0.02288	0.01228	0.01953	0.01674	0.01116	0.01674	0.00949	0.01116	0.00670	0.00502	0.00502	0.00167	0.00781	0.00391	0.00223	0.00781
26	0.00646	0.00527	0.00571	0.00580	0.00732	0.00452	0.00427	0.00792	0.01224	0.01522	0.15896	0.14540	0.57571	0.01340	0.00631	0.00181	0.00270	0.01141	0.00505	0.00452
27	0.00985	0.00493	0.00493	0.00493	0.00616	0.00493	0.00370	0.01232	0.01109	0.01971	0.01725	0.01971	0.01355	0.00616	0.00370	0.00123	0.00246	0.00493	0.84356	0.00493
28	0.01955	0.01441	0.01582	0.01286	0.04757	0.01588	0.01017	0.67992	0.06107	0.04904	0.01320	0.01318	0.00941	0.00632	0.00529	0.00160	0.00573	0.00483	0.00521	0.00893
29	0.01038	0.01015	0.01809	0.66966	0.03460	0.01209	0.12314	0.01399	0.01079	0.01399	0.00953	0.01406	0.00719	0.00526	0.00571	0.00178	0.02623	0.00492	0.00240	0.00605
30	0.00689	0.00575	0.00589	0.00572	0.00757	0.00499	0.00433	0.03875	0.01276	0.01550	0.09755	0.04859	0.70156	0.01294	0.00621	0.00177	0.00279	0.01079	0.00498	0.00468
31	0.01600	0.01081	0.01385	0.03156	0.03192	0.04257	0.07444	0.19513	0.04448	0.20894	0.09603	0.08702	0.03080	0.00777	0.00612	0.00170	0.04408	0.00652	0.04294	0.00735
32	0.01846	0.01497	0.04695	0.04094	0.08897	0.10415	0.01062	0.42829	0.01965	0.11125	0.01347	0.01388	0.02314	0.00614	0.00518	0.00157	0.00610	0.00475	0.03332	0.00822
33	0.01632	0.01023	0.05778	0.01138	0.01495	0.00884	0.12358	0.04867	0.04585	0.36305	0.02103	0.15224	0.05448	0.00886	0.02054	0.00190	0.02042	0.00731	0.00510	0.00745
34	0.03885	0.01070	0.01690	0.51792	0.20703	0.01240	0.01429	0.08914	0.01229	0.01669	0.00979	0.01354	0.00751	0.00525	0.00521	0.00170	0.00665	0.00465	0.00273	0.00676

[dist]
# distance from previous block
# <min> <max>
0	1

[block]
# block no. 7 follows, 46 sequences, length 15
# corresponding to MSA columns:
# 369-383
name=unknown_H
#
# <colnr> <probs for GDERKNQSTAVLIFYWHMCP>
#	G	D	E	R	K	N	Q	S	T	A	V	L	I	F	Y	W	H	M	C	P
0	0.06542	0.01114	0.01479	0.19478	0.14880	0.01225	0.01108	0.19094	0.09151	0.10322	0.03889	0.01665	0.04542	0.00637	0.00553	0.00168	0.02465	0.00524	0.00411	0.00751
1	0.01499	0.63600	0.07349	0.01002	0.01450	0.11685	0.00981	0.01694	0.01147	0.04327	0.00812	0.00916	0.00703	0.00475	0.00374	0.00121	0.00623	0.00307	0.00249	0.00685
2	0.18141	0.08525	0.13032	0.04942	0.11154	0.01148	0.01030	0.04734	0.02828	0.06699	0.01017	0.01159	0.00785	0.00488	0.00431	0.00138	0.00523	0.00374	0.02014	0.20837
3	0.04514	0.04064	0.08623	0.42716	0.10618	0.12271	0.04973	0.03362	0.01178	0.01511	0.00928	0.01266	0.00715	0.00517	0.00509	0.00165	0.00729	0.00439	0.00254	0.00650
4	0.00716	0.00508	0.00618	0.00650	0.00694	0.00498	0.00422	0.00788	0.00925	0.01230	0.05827	0.24804	0.10809	0.38486	0.10313	0.00416	0.00517	0.00994	0.00394	0.00389
5	0.08083	0.19038	0.26595	0.07169	0.07441	0.04896	0.02793	0.04733	0.02497	0.01699	0.00984	0.01171	0.00770	0.00518	0.00470	0.00151	0.02101	0.00391	0.07800	0.00699
