[name]
unknown

[dist]
# distance from previous block
# <min> <max>
6	57

[block]
# block no. 0 follows, 44 sequences, length 10
# corresponding to MSA columns:
# 63-72
name=unknown_A
#
# <colnr> <probs for GDERKNQSTAVLIFYWHMCP>
#	G	D	E	R	K	N	Q	S	T	A	V	L	I	F	Y	W	H	M	C	P
0	0.01891	0.01354	0.03239	0.01182	0.01562	0.07726	0.04269	0.33190	0.06846	0.20806	0.03632	0.08857	0.01405	0.00755	0.00562	0.00171	0.00572	0.00617	0.00533	0.00832
1	0.00997	0.00673	0.00930	0.11054	0.01315	0.00674	0.00717	0.01174	0.01180	0.10862	0.11136	0.37984	0.06802	0.01230	0.00686	0.00195	0.04196	0.02425	0.00480	0.05288
2	0.01163	0.04280	0.52231	0.05774	0.02079	0.01164	0.01603	0.01724	0.05422	0.06713	0.05327	0.01599	0.01132	0.06647	0.00697	0.00199	0.00701	0.00487	0.00306	0.00751
3	0.01489	0.01358	0.05063	0.06210	0.02372	0.03759	0.43547	0.05631	0.01375	0.15226	0.01422	0.07477	0.01120	0.00612	0.00611	0.00181	0.00764	0.00660	0.00374	0.00749
4	0.01380	0.02409	0.01082	0.00937	0.01205	0.02346	0.00728	0.05801	0.28947	0.16675	0.08830	0.14134	0.11271	0.00967	0.00587	0.00183	0.00409	0.00820	0.00557	0.00732
5	0.00985	0.00559	0.00750	0.00792	0.00898	0.00510	0.00559	0.01110	0.01163	0.14953	0.07052	0.62252	0.03294	0.01492	0.00667	0.00209	0.00339	0.01341	0.00541	0.00533
6	0.01072	0.01014	0.01488	0.24674	0.02038	0.01304	0.01162	0.01277	0.00952	0.01374	0.01027	0.07026	0.00979	0.01065	0.06643	0.00253	0.38929	0.00552	0.00269	0.06900
7	0.08438	0.01284	0.01587	0.18272	0.02071	0.09146	0.07784	0.11465	0.02583	0.11182	0.01133	0.01330	0.00849	0.00594	0.00646	0.00166	0.09070	0.00459	0.00365	0.11577
8	0.03401	0.00648	0.00807	0.11185	0.01219	0.03386	0.00655	0.00934	0.01061	0.01408	0.02652	0.51737	0.08540	0.05044	0.04480	0.00254	0.00459	0.01216	0.00440	0.00474
9	0.36251	0.00936	0.00930	0.03483	0.01171	0.01034	0.00675	0.15188	0.01307	0.02259	0.05493	0.25595	0.01819	0.00936	0.00509	0.00185	0.00425	0.00759	0.00439	0.00605

[dist]
# distance from previous block
# <min> <max>
14	42

[block]
# block no. 1 follows, 44 sequences, length 18
# corresponding to MSA columns:
# 116-133
name=unknown_B
#
# <colnr> <probs for GDERKNQSTAVLIFYWHMCP>
#	G	D	E	R	K	N	Q	S	T	A	V	L	I	F	Y	W	H	M	C	P
0	0.01458	0.00988	0.01184	0.00864	0.01333	0.00790	0.00698	0.05309	0.01293	0.18118	0.01238	0.01294	0.00929	0.00474	0.00442	0.00104	0.00426	0.00379	0.00409	0.62267
1	0.46383	0.01151	0.01016	0.02379	0.01242	0.08139	0.00709	0.06849	0.01268	0.16319	0.07045	0.01387	0.01139	0.00603	0.00433	0.00165	0.00482	0.00423	0.02193	0.00672
2	0.00880	0.00651	0.00767	0.00682	0.00820	0.00598	0.00452	0.00965	0.00891	0.01269	0.01492	0.02768	0.01604	0.51174	0.10556	0.00449	0.00599	0.00646	0.00324	0.22411
3	0.01964	0.01177	0.01326	0.01062	0.01432	0.03023	0.00858	0.28447	0.14023	0.29328	0.03338	0.01780	0.01336	0.03309	0.00613	0.00179	0.00506	0.00549	0.04888	0.00860
4	0.01321	0.01191	0.01551	0.01300	0.01407	0.01535	0.01068	0.15034	0.01167	0.01710	0.00917	0.01396	0.00858	0.07100	0.01562	0.00239	0.54775	0.00496	0.00307	0.05065
5	0.01579	0.23145	0.01762	0.01091	0.01464	0.06420	0.00916	0.19166	0.31579	0.02206	0.01510	0.01486	0.01162	0.00631	0.00487	0.00157	0.00539	0.00479	0.03414	0.00806
6	0.01610	0.01253	0.01388	0.01035	0.01495	0.01217	0.00845	0.39173	0.01860	0.02621	0.01142	0.01221	0.00868	0.00531	0.00476	0.00123	0.00504	0.00408	0.00436	0.41792
7	0.01125	0.07318	0.10811	0.01125	0.01402	0.01135	0.06111	0.09265	0.03053	0.02952	0.05935	0.12654	0.13310	0.04304	0.00893	0.00205	0.14566	0.02814	0.00393	0.00628
8	0.01896	0.01209	0.01371	0.01102	0.01494	0.01274	0.00891	0.26976	0.26290	0.24380	0.01830	0.01693	0.01283	0.00675	0.00542	0.00168	0.00495	0.00539	0.00574	0.05317
9	0.00783	0.00566	0.00786	0.00786	0.00852	0.00632	0.00569	0.00916	0.00849	0.01199	0.01543	0.02598	0.01561	0.28672	0.54368	0.00765	0.01162	0.00651	0.00304	0.00437
10	0.01238	0.03035	0.02033	0.03573	0.03473	0.03434	0.16991	0.01442	0.00969	0.01417	0.00815	0.01250	0.00742	0.00809	0.01425	0.00219	0.55747	0.00506	0.00248	0.00635
11	0.02021	0.01328	0.01521	0.01272	0.05664	0.01419	0.00987	0.48284	0.07999	0.18742	0.01556	0.01505	0.01085	0.00656	0.00541	0.00165	0.00550	0.00513	0.03288	0.00905
12	0.00813	0.00727	0.01001	0.00907	0.01049	0.00758	0.06440	0.00975	0.01160	0.01519	0.10880	0.19450	0.34912	0.01270	0.00867	0.00201	0.15066	0.01052	0.00448	0.00509
13	0.00688	0.00484	0.00626	0.00729	0.00755	0.00458	0.00474	0.00765	0.00998	0.01331	0.02770	0.66427	0.03309	0.16171	0.01076	0.00278	0.00355	0.01411	0.00474	0.00422
14	0.01698	0.01247	0.01869	0.02451	0.47681	0.03650	0.01355	0.05920	0.04692	0.21885	0.01383	0.01499	0.01025	0.00558	0.00541	0.00164	0.00598	0.00504	0.00404	0.00876
15	0.02065	0.01489	0.01606	0.01237	0.01668	0.01641	0.01020	0.69995	0.04997	0.06648	0.01376	0.01357	0.00970	0.00658	0.00546	0.00165	0.00588	0.00498	0.00551	0.00925
16	0.00683	0.00489	0.00650	0.00746	0.00795	0.00455	0.00508	0.00807	0.01132	0.01532	0.16139	0.66949	0.03878	0.01603	0.00686	0.00213	0.00306	0.01450	0.00523	0.00455
17	0.02019	0.01228	0.01394	0.01091	0.01481	0.01294	0.00895	0.43754	0.04737	0.24031	0.01624	0.01577	0.01127	0.00758	0.02726	0.00182	0.00549	0.00516	0.08143	0.00875

[dist]
# distance from previous block
# <min> <max>
3	11

[block]
# block no. 2 follows, 44 sequences, length 45
# corresponding to MSA columns:
# 145-189
name=unknown_C
#
# <colnr> <probs for GDERKNQSTAVLIFYWHMCP>
#	G	D	E	R	K	N	Q	S	T	A	V	L	I	F	Y	W	H	M	C	P
0	0.03090	0.01807	0.01510	0.09278	0.01794	0.35300	0.01059	0.11694	0.07106	0.01746	0.01013	0.01195	0.00816	0.00626	0.00684	0.00160	0.12076	0.00418	0.00331	0.08297
1	0.01853	0.04749	0.01388	0.01053	0.01435	0.01208	0.00857	0.25053	0.15544	0.26020	0.03210	0.06485	0.01418	0.00724	0.00540	0.00165	0.00488	0.00585	0.00556	0.06667
2	0.00691	0.00537	0.00632	0.00670	0.00796	0.00478	0.00494	0.00848	0.01242	0.01592	0.17613	0.26274	0.37650	0.01434	0.00667	0.00198	0.00302	0.06890	0.00523	0.00468
3	0.02350	0.32518	0.14889	0.01202	0.01608	0.02466	0.10415	0.01464	0.01130	0.01494	0.04590	0.15588	0.01435	0.00761	0.00586	0.00165	0.05750	0.00626	0.00306	0.00658
4	0.01936	0.01257	0.01587	0.02775	0.17079	0.02884	0.01078	0.28825	0.06023	0.25635	0.02710	0.01579	0.01150	0.00703	0.02099	0.00180	0.00580	0.00521	0.00515	0.00885
5	0.00888	0.00541	0.00715	0.00765	0.00857	0.00496	0.00535	0.01015	0.01165	0.10379	0.12207	0.58017	0.05333	0.03446	0.00722	0.00216	0.00330	0.01334	0.00533	0.00506
6	0.00706	0.00496	0.00636	0.00724	0.00756	0.00472	0.00476	0.00793	0.01022	0.01369	0.07146	0.56239	0.03312	0.19830	0.01171	0.00290	0.00367	0.03301	0.00471	0.00423
7	0.01497	0.01311	0.02128	0.04732	0.56511	0.01327	0.05952	0.12056	0.01442	0.06071	0.01129	0.01381	0.00893	0.00519	0.00547	0.00164	0.00649	0.00499	0.00330	0.00862
8	0.01193	0.02563	0.05604	0.13805	0.04151	0.01312	0.44646	0.01625	0.03959	0.01646	0.01221	0.07214	0.01030	0.00615	0.00705	0.00189	0.06883	0.00653	0.00292	0.00693
9	0.01556	0.00729	0.00970	0.00817	0.01084	0.00645	0.00645	0.01778	0.01513	0.38064	0.34452	0.06531	0.06993	0.00946	0.00600	0.00173	0.00359	0.00812	0.00627	0.00705
10	0.01228	0.01289	0.06587	0.26139	0.44880	0.01287	0.04070	0.01578	0.01174	0.01639	0.00995	0.01366	0.00804	0.00525	0.00598	0.00173	0.04159	0.00485	0.00258	0.00766
11	0.01975	0.04383	0.01401	0.01176	0.05959	0.05469	0.00891	0.13432	0.10788	0.38738	0.03349	0.07010	0.01458	0.00732	0.00549	0.00169	0.00512	0.00598	0.00563	0.00849
12	0.01425	0.01370	0.02074	0.15559	0.02337	0.12407	0.27694	0.01722	0.01245	0.10394	0.01256	0.07336	0.01046	0.00672	0.00744	0.00185	0.10916	0.00608	0.00329	0.00680
13	0.03489	0.01464	0.01902	0.26712	0.33468	0.17286	0.04699	0.01691	0.01251	0.01582	0.00967	0.01300	0.00779	0.00519	0.00531	0.00165	0.00748	0.00460	0.00265	0.00722
14	0.00722	0.00565	0.00634	0.00641	0.00772	0.00517	0.00457	0.00921	0.04605	0.01574	0.17614	0.17064	0.38813	0.11540	0.00922	0.00232	0.00319	0.01116	0.00503	0.00469
15	0.06527	0.01183	0.04699	0.06215	0.01526	0.05601	0.02869	0.11765	0.08342	0.02010	0.07403	0.07327	0.01452	0.02462	0.00599	0.01188	0.01991	0.00554	0.00396	0.25890
16	0.00667	0.00484	0.00630	0.00739	0.00787	0.00447	0.00499	0.00772	0.01080	0.01431	0.06217	0.71284	0.09637	0.01657	0.00690	0.00216	0.00311	0.01495	0.00510	0.00447
17	0.01202	0.23594	0.05181	0.01156	0.04751	0.03489	0.00954	0.03892	0.01091	0.01472	0.01265	0.15796	0.01312	0.03216	0.01912	0.00190	0.19273	0.00611	0.00311	0.09335
18	0.04425	0.01104	0.01235	0.00938	0.01353	0.01036	0.00753	0.25621	0.01612	0.04040	0.05723	0.02812	0.01201	0.03518	0.00557	0.00137	0.00464	0.00460	0.00424	0.42586
19	0.05805	0.01335	0.01478	0.01138	0.01562	0.01417	0.00938	0.52327	0.02197	0.18411	0.03337	0.01462	0.01098	0.00652	0.00533	0.00161	0.00547	0.00499	0.00554	0.04548
20	0.01257	0.00882	0.01021	0.00901	0.01132	0.00916	0.00693	0.16469	0.15241	0.08404	0.26184	0.13322	0.05959	0.04244	0.00693	0.00194	0.00394	0.00859	0.00559	0.00675
21	0.00824	0.00655	0.00991	0.10030	0.01301	0.00756	0.02234	0.01024	0.00931	0.01303	0.03159	0.02317	0.04714	0.09568	0.54913	0.00692	0.03168	0.00621	0.00304	0.00495
22	0.06335	0.01151	0.06114	0.37643	0.03992	0.01216	0.03983	0.08506	0.04591	0.08745	0.06501	0.01617	0.01149	0.00632	0.00618	0.00180	0.05462	0.00521	0.00355	0.00690
23	0.01424	0.01019	0.01169	0.01009	0.01256	0.01086	0.00786	0.32805	0.03362	0.05723	0.01910	0.22305	0.01893	0.10049	0.00888	0.00225	0.03339	0.05184	0.00494	0.04073
24	0.01258	0.00660	0.00845	0.00760	0.00977	0.00582	0.00583	0.01447	0.01398	0.25933	0.25227	0.16822	0.19044	0.01134	0.00622	0.00182	0.00337	0.00979	0.00588	0.00622
25	0.00955	0.00616	0.00697	0.00652	0.00866	0.00527	0.00506	0.01121	0.01322	0.13773	0.11426	0.04637	0.55119	0.01249	0.00634	0.00183	0.00315	0.04318	0.00542	0.00542
26	0.03720	0.11636	0.01568	0.02668	0.01495	0.03282	0.00904	0.23583	0.09532	0.24828	0.01537	0.01567	0.01118	0.04158	0.00667	0.00179	0.04119	0.00496	0.00499	0.02446
27	0.02136	0.01300	0.01474	0.01137	0.01556	0.01369	0.00937	0.49169	0.03582	0.26228	0.01602	0.01516	0.01088	0.00662	0.00541	0.00164	0.00543	0.00511	0.03576	0.00911
28	0.00867	0.00763	0.01208	0.01103	0.01203	0.00829	0.11223	0.01018	0.01016	0.01402	0.02148	0.46025	0.02458	0.05943	0.04539	0.00266	0.15948	0.01127	0.00402	0.00510
29	0.00683	0.00528	0.00623	0.00654	0.00774	0.00468	0.00470	0.00837	0.01254	0.01627	0.22865	0.29680	0.34739	0.01421	0.00661	0.00193	0.00285	0.01240	0.00530	0.00468
30	0.01112	0.00852	0.01225	0.14613	0.06859	0.00863	0.05671	0.09064	0.01356	0.08084	0.06108	0.19568	0.20324	0.01039	0.00613	0.00186	0.00479	0.00916	0.00452	0.00618
31	0.31322	0.01194	0.01246	0.03623	0.01409	0.04083	0.00861	0.17584	0.01402	0.15008	0.01143	0.01245	0.00842	0.00647	0.00669	0.00177	0.13542	0.00424	0.02860	0.00720
32	0.25334	0.07316	0.01690	0.15031	0.29295	0.07607	0.01213	0.03489	0.01173	0.01874	0.00911	0.01167	0.00738	0.00510	0.00464	0.00162	0.00617	0.00405	0.00290	0.00712
33	0.01330	0.01252	0.01963	0.19483	0.51714	0.05299	0.01543	0.01646	0.01235	0.04080	0.01123	0.01585	0.00944	0.00555	0.00548	0.00169	0.00670	0.03791	0.00288	0.00781
34	0.01470	0.01076	0.01213	0.01020	0.01357	0.01121	0.00804	0.16076	0.29905	0.10394	0.01886	0.10852	0.01556	0.00881	0.03132	0.00188	0.00483	0.00641	0.00511	0.15433
35	0.01117	0.01131	0.01763	0.13083	0.01989	0.04680	0.19205	0.01370	0.01111	0.01509	0.01577	0.09617	0.08438	0.00807	0.00883	0.00187	0.20223	0.00668	0.00313	0.10331
36	0.01443	0.23271	0.22578	0.01396	0.06644	0.12228	0.03737	0.11888	0.01390	0.01764	0.01130	0.08020	0.00997	0.00629	0.00494	0.00156	0.00693	0.00491	0.00310	0.00740
37	0.08734	0.00937	0.01230	0.00951	0.01366	0.00834	0.00785	0.02576	0.01512	0.72054	0.02044	0.01781	0.01291	0.00662	0.00532	0.00169	0.00461	0.00529	0.00649	0.00902
38	0.01029	0.00629	0.00756	0.00719	0.00807	0.00624	0.00477	0.05488	0.01043	0.09715	0.03087	0.14574	0.03121	0.48256	0.06966	0.00434	0.00547	0.00854	0.00411	0.00463
39	0.01455	0.01077	0.06816	0.01066	0.01338	0.01001	0.03590	0.20512	0.01484	0.15084	0.01799	0.21601	0.01695	0.04672	0.00921	0.08712	0.05260	0.00779	0.00465	0.00672
40	0.00799	0.00643	0.00807	0.00796	0.00909	0.00665	0.00606	0.01034	0.04645	0.01710	0.26992	0.21173	0.20924	0.01298	0.00791	0.00199	0.09559	0.05433	0.00507	0.00510
41	0.00749	0.00516	0.00602	0.00635	0.00656	0.00501	0.00382	0.00783	0.00889	0.01173	0.02310	0.24065	0.07380	0.54620	0.02083	0.00424	0.00456	0.01017	0.00389	0.00369
42	0.07739	0.07209	0.09380	0.03201	0.08374	0.20313	0.01103	0.21600	0.05319	0.02102	0.01130	0.01346	0.00907	0.05382	0.00631	0.00178	0.00687	0.00444	0.02211	0.00741
43	0.04603	0.13278	0.36155	0.01291	0.01816	0.03233	0.03553	0.07715	0.01231	0.01758	0.01197	0.10888	0.01077	0.00693	0.00597	0.00170	0.06112	0.00539	0.00302	0.03792
44	0.01353	0.00720	0.00967	0.05528	0.01201	0.00680	0.00680	0.01632	0.04822	0.27026	0.32712	0.13497	0.03191	0.02667	0.00654	0.00186	0.00375	0.00867	0.00583	0.00659

[dist]
# distance from previous block
# <min> <max>
2	7

[block]
# block no. 3 follows, 44 sequences, length 15
# corresponding to MSA columns:
# 197-211
name=unknown_D
#
# <colnr> <probs for GDERKNQSTAVLIFYWHMCP>
#	G	D	E	R	K	N	Q	S	T	A	V	L	I	F	Y	W	H	M	C	P
0	0.01258	0.19556	0.40607	0.01282	0.01877	0.01358	0.03680	0.01682	0.01190	0.07361	0.05879	0.01413	0.02460	0.00581	0.00540	0.00159	0.03667	0.00446	0.00299	0.04704
1	0.00704	0.00559	0.00620	0.00623	0.00768	0.00485	0.00443	0.00832	0.01165	0.01477	0.09663	0.19483	0.43751	0.11073	0.00901	0.00227	0.00321	0.01125	0.00481	0.05302
2	0.46287	0.04047	0.01030	0.00804	0.01140	0.01125	0.00662	0.01495	0.00993	0.02092	0.00874	0.01051	0.00714	0.00528	0.00496	0.00147	0.07938	0.00333	0.05566	0.22679
3	0.10992	0.01101	0.01309	0.01112	0.06138	0.01075	0.00842	0.16067	0.01469	0.16893	0.03567	0.01386	0.01042	0.00580	0.00558	0.00142	0.05674	0.00437	0.00436	0.29180
4	0.01317	0.18652	0.21380	0.05381	0.09529	0.04706	0.06957	0.03807	0.01216	0.03357	0.00969	0.01162	0.00767	0.00495	0.00494	0.00142	0.01967	0.00399	0.00278	0.17024
5	0.00891	0.00712	0.00821	0.00820	0.00976	0.00734	0.00602	0.01460	0.23815	0.01834	0.18409	0.30533	0.13758	0.01249	0.00635	0.00195	0.00333	0.01097	0.00540	0.00586
6	0.01067	0.00572	0.00674	0.05549	0.00922	0.00594	0.00519	0.01317	0.01127	0.06282	0.01705	0.02001	0.01348	0.01116	0.11370	0.00238	0.00465	0.00520	0.62080	0.00536
7	0.02037	0.02598	0.01545	0.01404	0.01685	0.78652	0.01053	0.02177	0.01545	0.01334	0.00843	0.00983	0.00702	0.00562	0.00492	0.00140	0.00983	0.00351	0.00281	0.00632
8	0.01800	0.01336	0.01495	0.08588	0.01750	0.01484	0.00997	0.58509	0.02207	0.02963	0.01400	0.05549	0.01119	0.05350	0.00678	0.00189	0.00584	0.00563	0.02613	0.00826
9	0.00670	0.00479	0.00637	0.00755	0.00792	0.00446	0.00506	0.00773	0.01069	0.01431	0.06711	0.76665	0.03683	0.01678	0.00693	0.00219	0.00313	0.01522	0.00511	0.00446
10	0.00672	0.00480	0.00639	0.00754	0.00792	0.00448	0.00507	0.00778	0.01078	0.01446	0.08117	0.75216	0.03712	0.01667	0.00692	0.00218	0.00312	0.01511	0.00513	0.00448
11	0.02365	0.00910	0.01239	0.00956	0.01364	0.00787	0.00787	0.02578	0.01560	0.74161	0.05776	0.01963	0.01533	0.00696	0.00553	0.00169	0.00454	0.00569	0.00671	0.00908
12	0.11838	0.00923	0.01163	0.00923	0.01304	0.00855	0.00755	0.02405	0.05486	0.58426	0.08501	0.01944	0.01607	0.00697	0.00532	0.00170	0.00439	0.00560	0.00623	0.00849
13	0.00811	0.00549	0.00712	0.00794	0.00863	0.00524	0.00546	0.04835	0.01146	0.04577	0.02880	0.73090	0.03372	0.01610	0.00682	0.00216	0.00337	0.01453	0.00515	0.00488
14	0.04326	0.01155	0.01343	0.01061	0.01446	0.01190	0.00866	0.31461	0.09036	0.31462	0.09277	0.01850	0.01569	0.00712	0.00551	0.00168	0.00493	0.00569	0.00595	0.00871

[dist]
# distance from previous block
# <min> <max>
0	3

[block]
# block no. 4 follows, 44 sequences, length 35
# corresponding to MSA columns:
# 215-249
name=unknown_E
#
# <colnr> <probs for GDERKNQSTAVLIFYWHMCP>
#	G	D	E	R	K	N	Q	S	T	A	V	L	I	F	Y	W	H	M	C	P
0	0.77414	0.03828	0.00916	0.02820	0.01154	0.01267	0.00638	0.03566	0.00982	0.02404	0.00779	0.00911	0.00607	0.00510	0.00349	0.00167	0.00440	0.00305	0.00337	0.00604
1	0.01293	0.01109	0.01108	0.00987	0.01147	0.12469	0.00759	0.14380	0.01300	0.01765	0.01338	0.01907	0.01207	0.14430	0.16761	0.00367	0.11620	0.00539	0.14935	0.00579
2	0.00765	0.00546	0.00684	0.00723	0.00791	0.00539	0.00495	0.02198	0.02511	0.01360	0.04512	0.33196	0.13125	0.18058	0.11623	0.06409	0.00524	0.01081	0.00426	0.00432
3	0.04768	0.25398	0.11261	0.08629	0.09113	0.04863	0.03036	0.03350	0.01262	0.08988	0.08508	0.04047	0.03336	0.00637	0.00491	0.00155	0.00591	0.00512	0.00346	0.00708
4	0.01245	0.04101	0.03375	0.01078	0.02891	0.09147	0.02252	0.10782	0.01299	0.04378	0.05537	0.07449	0.04081	0.01674	0.20975	0.00355	0.09350	0.00619	0.08797	0.00615
5	0.04136	0.00976	0.01270	0.00988	0.01400	0.00892	0.00812	0.06099	0.06990	0.67223	0.02086	0.01822	0.01336	0.00675	0.00544	0.00170	0.00467	0.00545	0.00653	0.00916
6	0.01117	0.01208	0.07034	0.22037	0.06910	0.01233	0.18910	0.01494	0.04867	0.01536	0.01195	0.04925	0.01045	0.06881	0.02903	0.00235	0.13612	0.00594	0.01620	0.00645
7	0.01327	0.01321	0.02280	0.09949	0.55679	0.03115	0.13135	0.01699	0.02938	0.01741	0.01055	0.01384	0.00860	0.00495	0.00556	0.00167	0.00700	0.00510	0.00275	0.00815
8	0.00751	0.00540	0.00715	0.00731	0.00833	0.00504	0.00541	0.00964	0.01385	0.01926	0.51064	0.24954	0.04565	0.01307	0.00666	0.00191	0.00293	0.07007	0.00567	0.00494
9	0.00817	0.00552	0.00631	0.00629	0.00645	0.00557	0.00369	0.02732	0.00857	0.01146	0.01785	0.08500	0.02045	0.71681	0.04473	0.00508	0.00540	0.00829	0.00346	0.00357
10	0.04250	0.64591	0.04468	0.00977	0.01417	0.01899	0.04260	0.01577	0.01155	0.01447	0.08600	0.01236	0.01156	0.00535	0.00397	0.00128	0.00565	0.00381	0.00276	0.00681
11	0.01124	0.02072	0.44228	0.21090	0.10606	0.01265	0.07123	0.01663	0.02655	0.01662	0.01015	0.01287	0.00747	0.00521	0.00537	0.00175	0.00770	0.00453	0.00247	0.00758
12	0.00862	0.00622	0.00855	0.00971	0.01101	0.00615	0.00845	0.01105	0.01254	0.01620	0.03076	0.06085	0.08475	0.01497	0.00745	0.00246	0.00486	0.68538	0.00502	0.00499
13	0.01117	0.00946	0.01036	0.12477	0.01464	0.06826	0.00782	0.11103	0.10183	0.01811	0.04053	0.24290	0.10742	0.04820	0.00694	0.00201	0.00479	0.00894	0.05485	0.00597
14	0.02960	0.02854	0.05524	0.09374	0.07288	0.04259	0.14427	0.01607	0.06444	0.07578	0.10342	0.08769	0.01708	0.00933	0.04219	0.00217	0.08343	0.02106	0.00380	0.00670
15	0.07572	0.01041	0.01625	0.52238	0.14204	0.01245	0.01398	0.03287	0.01124	0.01580	0.01095	0.01491	0.03133	0.00591	0.00618	0.00181	0.06172	0.00491	0.00269	0.00646
16	0.51146	0.09035	0.01170	0.04382	0.01304	0.06857	0.00735	0.05308	0.02839	0.08177	0.00984	0.01085	0.00747	0.00539	0.00392	0.00161	0.00497	0.00352	0.03638	0.00651
17	0.00785	0.00565	0.00686	0.00669	0.00817	0.00507	0.00503	0.00984	0.01380	0.04462	0.40707	0.09972	0.28531	0.02863	0.00692	0.00190	0.00291	0.04339	0.00555	0.00501
18	0.14533	0.03114	0.12078	0.14746	0.01903	0.01169	0.03397	0.14569	0.01394	0.06366	0.04785	0.01671	0.01143	0.02195	0.00547	0.00171	0.00574	0.03931	0.02068	0.09649
19	0.00735	0.00506	0.00617	0.00672	0.00691	0.00490	0.00416	0.00787	0.00935	0.01252	0.05359	0.37806	0.02833	0.42394	0.01763	0.00377	0.00423	0.01137	0.00419	0.00388
20	0.01868	0.17194	0.01834	0.01303	0.04226	0.26817	0.01032	0.29837	0.07031	0.02199	0.01104	0.01171	0.00859	0.00588	0.00491	0.00148	0.00711	0.00415	0.00390	0.00780
21	0.01420	0.13554	0.01507	0.01099	0.01434	0.04967	0.00886	0.04449	0.59679	0.02113	0.01910	0.01791	0.01454	0.00688	0.00520	0.00172	0.00484	0.00551	0.00493	0.00829
22	0.00752	0.00527	0.00678	0.00720	0.00809	0.00486	0.00510	0.00910	0.01242	0.03458	0.28917	0.40502	0.10472	0.04663	0.00756	0.00213	0.00309	0.03064	0.00535	0.00477
23	0.84691	0.01054	0.00801	0.00717	0.01054	0.01223	0.00590	0.01603	0.00928	0.02446	0.00759	0.00886	0.00590	0.00506	0.00337	0.00169	0.00422	0.00295	0.00337	0.00590
24	0.00778	0.00527	0.00598	0.00604	0.00618	0.00520	0.00349	0.00795	0.00845	0.01121	0.03608	0.08258	0.05715	0.70615	0.02503	0.00486	0.00498	0.00859	0.00355	0.00347
25	0.84691	0.01054	0.00801	0.00717	0.01054	0.01223	0.00590	0.01603	0.00928	0.02446	0.00759	0.00886	0.00590	0.00506	0.00337	0.00169	0.00422	0.00295	0.00337	0.00590
26	0.00773	0.00543	0.00701	0.00684	0.00799	0.00504	0.00504	0.01008	0.01449	0.02068	0.62071	0.14371	0.04688	0.01164	0.00633	0.00175	0.00265	0.01032	0.06064	0.00504
27	0.00791	0.00536	0.00631	0.00631	0.00643	0.00548	0.00375	0.00816	0.00804	0.01084	0.01685	0.03385	0.01903	0.70995	0.12511	0.00573	0.00648	0.00766	0.00325	0.00350
28	0.00741	0.00558	0.00631	0.00632	0.00792	0.00485	0.00471	0.00902	0.01288	0.04251	0.19491	0.15004	0.48341	0.01349	0.00650	0.00188	0.00290	0.02918	0.00531	0.00486
29	0.27946	0.00835	0.00988	0.01070	0.10153	0.00901	0.00696	0.06510	0.00978	0.01708	0.00922	0.01347	0.00821	0.01189	0.01249	0.41010	0.00487	0.00419	0.00295	0.00476
30	0.04799	0.01172	0.01663	0.31435	0.19819	0.02891	0.01313	0.12512	0.06790	0.06871	0.01181	0.01440	0.00893	0.00604	0.00597	0.01694	0.02744	0.00489	0.00348	0.00745
31	0.00865	0.00571	0.00700	0.00683	0.00750	0.00567	0.00451	0.01001	0.03142	0.04752	0.19327	0.09081	0.02746	0.44277	0.08417	0.00427	0.00524	0.00860	0.00424	0.00436
32	0.11218	0.00675	0.00678	0.00627	0.00811	0.00704	0.00483	0.06388	0.02986	0.04544	0.07075	0.02019	0.01555	0.02352	0.00466	0.00149	0.00314	0.00525	0.55868	0.00564
33	0.17284	0.02807	0.03141	0.45410	0.16188	0.01254	0.01344	0.01535	0.03078	0.01693	0.00967	0.01322	0.00748	0.00530	0.00499	0.00174	0.00644	0.00446	0.00273	0.00661
34	0.01406	0.05196	0.08482	0.05616	0.06544	0.14207	0.02592	0.15010	0.08642	0.01958	0.11021	0.03604	0.01622	0.09574	0.00809	0.00206	0.01841	0.00584	0.00395	0.00689

[dist]
# distance from previous block
# <min> <max>
0	1

[block]
# block no. 5 follows, 44 sequences, length 15
# corresponding to MSA columns:
# 251-265
name=unknown_F
#
# <colnr> <probs for GDERKNQSTAVLIFYWHMCP>
#	G	D	E	R	K	N	Q	S	T	A	V	L	I	F	Y	W	H	M	C	P
0	0.16806	0.07482	0.05816	0.01203	0.05327	0.06857	0.04550	0.11226	0.09059	0.14088	0.02921	0.05019	0.01169	0.00657	0.00529	0.00167	0.02636	0.00512	0.03229	0.00748
1	0.20231	0.23942	0.30677	0.01167	0.03152	0.03135	0.01258	0.01626	0.01099	0.01754	0.03227	0.01147	0.00840	0.00676	0.03867	0.00186	0.00669	0.00374	0.00271	0.00702
2	0.00748	0.00556	0.00696	0.00772	0.00848	0.00542	0.00538	0.00988	0.07743	0.01537	0.09451	0.55615	0.08141	0.05393	0.00779	0.00228	0.00336	0.04095	0.00510	0.00484
3	0.12654	0.26311	0.17226	0.02856	0.01626	0.09127	0.01106	0.06876	0.02927	0.09935	0.03907	0.01236	0.00957	0.00559	0.00451	0.00151	0.00622	0.00399	0.00341	0.00734
4	0.03396	0.01619	0.20954	0.11605	0.35530	0.01261	0.09603	0.01661	0.03080	0.01723	0.01062	0.01405	0.00851	0.03202	0.00616	0.00182	0.00710	0.00491	0.00268	0.00780
5	0.01036	0.00777	0.00902	0.00835	0.01036	0.00802	0.00640	0.03885	0.23537	0.05048	0.35559	0.08254	0.10416	0.01037	0.00612	0.00180	0.00338	0.02518	0.01954	0.00636
6	0.00681	0.00483	0.00634	0.00741	0.00774	0.00454	0.00491	0.00774	0.01044	0.01398	0.06253	0.70088	0.03529	0.08810	0.00881	0.00247	0.00333	0.01456	0.00495	0.00436
7	0.15835	0.08487	0.01532	0.19779	0.01995	0.08866	0.01033	0.25506	0.04894	0.02280	0.01098	0.01261	0.00830	0.00580	0.00481	0.00162	0.00614	0.00431	0.03610	0.00725
8	0.00760	0.00555	0.00737	0.00850	0.02737	0.00531	0.00594	0.02594	0.01163	0.01553	0.10218	0.52345	0.06289	0.04456	0.00766	0.00228	0.00359	0.12285	0.00503	0.00477
9	0.00695	0.00510	0.00653	0.00711	0.00791	0.00467	0.00497	0.00846	0.01223	0.01648	0.26287	0.47562	0.13131	0.01484	0.00673	0.00201	0.00293	0.01326	0.00535	0.00467
10	0.03535	0.67805	0.06424	0.01049	0.01525	0.05410	0.04816	0.01666	0.01134	0.01359	0.00790	0.00924	0.00703	0.00474	0.00379	0.00125	0.00625	0.00318	0.00240	0.00701
11	0.06607	0.07040	0.37616	0.07817	0.07431	0.04107	0.10014	0.01704	0.01201	0.05147	0.03977	0.01429	0.00965	0.00559	0.00524	0.00170	0.00727	0.01932	0.00288	0.00747
12	0.00812	0.00566	0.00716	0.00680	0.00824	0.00513	0.00509	0.01038	0.01463	0.05089	0.57713	0.09088	0.16590	0.01178	0.00643	0.00177	0.00272	0.01031	0.00582	0.00518
13	0.07285	0.01224	0.01833	0.26455	0.32223	0.04287	0.04129	0.06316	0.01247	0.01762	0.01099	0.01426	0.02716	0.00568	0.00602	0.00174	0.05149	0.00489	0.00289	0.00729
14	0.04186	0.01472	0.11270	0.09445	0.27852	0.05720	0.04970	0.08325	0.04153	0.04229	0.01130	0.01365	0.00881	0.00556	0.00576	0.00165	0.04211	0.00471	0.05084	0.03938

[dist]
# distance from previous block
# <min> <max>
1	3

[block]
# block no. 6 follows, 44 sequences, length 49
# corresponding to MSA columns:
# 269-317
name=unknown_G
#
# <colnr> <probs for GDERKNQSTAVLIFYWHMCP>
#	G	D	E	R	K	N	Q	S	T	A	V	L	I	F	Y	W	H	M	C	P
0	0.20875	0.04504	0.03786	0.02944	0.01333	0.23793	0.00806	0.07797	0.03243	0.03576	0.02730	0.04724	0.01177	0.15488	0.00894	0.00228	0.00641	0.00506	0.00353	0.00602
1	0.04515	0.04168	0.03479	0.03456	0.01566	0.01379	0.03858	0.46128	0.01975	0.04047	0.01432	0.07845	0.01175	0.02159	0.00621	0.02784	0.00555	0.00574	0.07503	0.00781
2	0.22032	0.07504	0.17604	0.12688	0.02001	0.11557	0.08614	0.01635	0.01157	0.01768	0.02435	0.04049	0.00956	0.00602	0.00491	0.00170	0.00680	0.03106	0.00296	0.00656
3	0.00687	0.00547	0.00602	0.00600	0.00747	0.00477	0.00437	0.00840	0.01265	0.01603	0.21958	0.09664	0.49565	0.07601	0.00815	0.00211	0.00294	0.01109	0.00515	0.00462
4	0.01918	0.08855	0.01617	0.01332	0.01625	0.65063	0.01022	0.03780	0.03954	0.01406	0.00916	0.01062	0.00765	0.00701	0.03565	0.00169	0.00943	0.00367	0.00292	0.00646
5	0.70348	0.01051	0.00964	0.11651	0.04021	0.01224	0.00754	0.01576	0.00961	0.02279	0.00797	0.00980	0.00618	0.00511	0.00373	0.00170	0.00471	0.00328	0.00322	0.00602
6	0.02072	0.01527	0.01636	0.01254	0.01691	0.01691	0.01036	0.75622	0.02563	0.03436	0.01309	0.01309	0.00927	0.00654	0.00545	0.00164	0.00600	0.00491	0.00545	0.00927
7	0.00732	0.00565	0.00669	0.00651	0.00799	0.00510	0.00485	0.00966	0.03253	0.01872	0.43885	0.09232	0.31913	0.01242	0.00645	0.00180	0.00272	0.01074	0.00558	0.00498
8	0.00718	0.00561	0.00654	0.00653	0.00799	0.00503	0.00486	0.00932	0.02980	0.01765	0.33203	0.13506	0.36767	0.01304	0.00651	0.00185	0.00283	0.03018	0.00544	0.00489
9	0.02353	0.00907	0.01235	0.00954	0.01360	0.00785	0.00785	0.02566	0.01559	0.73600	0.06333	0.01979	0.01561	0.00699	0.00554	0.00169	0.00452	0.00573	0.00671	0.00905
10	0.01102	0.00639	0.00825	0.00780	0.00939	0.00599	0.00575	0.01359	0.05645	0.16629	0.31559	0.25370	0.03536	0.06925	0.00788	0.00212	0.00344	0.01027	0.00566	0.00581
11	0.00701	0.00501	0.00675	0.00802	0.00850	0.00475	0.00571	0.00824	0.01081	0.01433	0.02984	0.67557	0.03524	0.01673	0.00706	0.00227	0.00349	0.14109	0.00505	0.00453
12	0.00702	0.00555	0.00632	0.00613	0.00772	0.00485	0.00460	0.00894	0.01379	0.01796	0.38001	0.04714	0.44538	0.01260	0.00644	0.00178	0.00268	0.01076	0.00549	0.00485
13	0.00871	0.00576	0.00732	0.00695	0.00845	0.00520	0.00520	0.01087	0.01440	0.07934	0.51381	0.12587	0.16369	0.01189	0.00642	0.00179	0.00283	0.01041	0.00580	0.00530
14	0.01340	0.27902	0.02123	0.01301	0.01498	0.06815	0.04265	0.01493	0.00991	0.01322	0.00754	0.01085	0.00714	0.00745	0.01177	0.00189	0.44991	0.00414	0.00241	0.00639
15	0.77634	0.01073	0.00872	0.03723	0.01186	0.01245	0.00646	0.05082	0.01011	0.02453	0.00793	0.00927	0.00611	0.00515	0.00355	0.00169	0.00442	0.00312	0.00344	0.00607
16	0.00686	0.00489	0.00650	0.00771	0.00808	0.00461	0.00527	0.00789	0.01049	0.01396	0.02941	0.71483	0.03500	0.05082	0.00789	0.00237	0.00340	0.07062	0.00498	0.00443
17	0.01016	0.00508	0.00508	0.00508	0.00635	0.00508	0.00381	0.01270	0.01143	0.02033	0.01778	0.02033	0.01397	0.00635	0.00381	0.00127	0.00254	0.00508	0.83867	0.00508
18	0.06056	0.01226	0.04854	0.32147	0.11929	0.01296	0.11630	0.12620	0.02790	0.01874	0.01121	0.03257	0.00901	0.03079	0.00652	0.00189	0.02831	0.00530	0.00315	0.00703
19	0.10754	0.01430	0.19975	0.02736	0.01621	0.01052	0.02667	0.07964	0.03381	0.29181	0.07629	0.01694	0.01352	0.00651	0.00547	0.00170	0.02201	0.00515	0.03690	0.00792
20	0.26167	0.01288	0.01355	0.05824	0.03162	0.01458	0.00926	0.41445	0.01829	0.02821	0.01152	0.03274	0.00886	0.00640	0.00534	0.00170	0.03665	0.00460	0.02171	0.00773
21	0.01062	0.01002	0.01694	0.71785	0.11246	0.01220	0.01530	0.01421	0.01105	0.01432	0.00975	0.01443	0.00741	0.00539	0.00545	0.00180	0.00719	0.00485	0.00245	0.00632
22	0.00861	0.00863	0.09942	0.00779	0.01019	0.00632	0.00690	0.01097	0.01322	0.06064	0.27593	0.08368	0.33794	0.01157	0.00664	0.00182	0.02946	0.00975	0.00504	0.00549
23	0.01486	0.07126	0.23387	0.01393	0.06261	0.02693	0.04203	0.17651	0.02786	0.10314	0.05718	0.01888	0.01320	0.00690	0.00577	0.00172	0.02445	0.06959	0.00404	0.02529
24	0.03280	0.30472	0.48010	0.01311	0.01975	0.03149	0.01578	0.01699	0.01138	0.01579	0.00892	0.01043	0.00692	0.00500	0.00454	0.00152	0.00721	0.00360	0.00235	0.00759
25	0.02446	0.00928	0.01265	0.00970	0.01392	0.00801	0.00801	0.02657	0.01560	0.77817	0.02151	0.01856	0.01350	0.00675	0.00548	0.00169	0.00464	0.00548	0.00675	0.00928
26	0.00980	0.00663	0.00798	0.00771	0.00854	0.02656	0.00544	0.07835	0.01122	0.01494	0.12966	0.10721	0.03649	0.18180	0.03162	0.27918	0.00479	0.04404	0.00388	0.00416
27	0.01244	0.01025	0.03077	0.13381	0.03217	0.05451	0.03603	0.12599	0.01248	0.03290	0.03273	0.01688	0.02535	0.01345	0.09703	0.20339	0.06686	0.00519	0.05213	0.00565
28	0.01534	0.00756	0.00968	0.00830	0.01108	0.00676	0.00668	0.04135	0.01482	0.35448	0.17840	0.05236	0.18746	0.01010	0.00609	0.00181	0.00386	0.07091	0.00600	0.00696
29	0.00681	0.00481	0.00628	0.00738	0.00765	0.00454	0.00483	0.00763	0.01011	0.01348	0.02839	0.70548	0.03396	0.11930	0.00964	0.00261	0.00344	0.01452	0.00483	0.00428
30	0.05081	0.33758	0.40001	0.01238	0.01848	0.04197	0.01442	0.01673	0.01127	0.01552	0.00896	0.01089	0.00725	0.02673	0.00503	0.00159	0.00698	0.00363	0.00241	0.00735
31	0.03312	0.09665	0.63096	0.01497	0.02231	0.01333	0.06155	0.01694	0.01151	0.01701	0.01064	0.01232	0.02450	0.00529	0.00508	0.00168	0.00770	0.00421	0.00242	0.00779
32	0.00686	0.00490	0.00657	0.00784	0.00825	0.00461	0.00543	0.00796	0.01065	0.01416	0.02993	0.73074	0.03559	0.01688	0.00702	0.00224	0.00335	0.08749	0.00506	0.00449
33	0.01048	0.00988	0.01668	0.75161	0.07980	0.01216	0.01523	0.01409	0.01099	0.01415	0.00972	0.01448	0.00735	0.00542	0.00545	0.00181	0.00722	0.00485	0.00244	0.00620
34	0.01344	0.02556	0.01182	0.02225	0.06450	0.16004	0.00810	0.17450	0.01562	0.03462	0.03931	0.09665	0.24344	0.03856	0.00662	0.00185	0.00543	0.02687	0.00445	0.00634
35	0.01011	0.00957	0.01615	0.71078	0.03506	0.01163	0.04104	0.01362	0.01108	0.01411	0.01300	0.01726	0.06217	0.00602	0.00556	0.00182	0.00701	0.00538	0.00262	0.00600
36	0.37467	0.20086	0.16706	0.02530	0.01505	0.04454	0.02624	0.02934	0.01086	0.01955	0.00865	0.01014	0.00684	0.00509	0.00398	0.00155	0.00571	0.00341	0.03450	0.00666
37	0.00967	0.00503	0.00581	0.00586	0.00674	0.00506	0.00421	0.01088	0.01013	0.01682	0.01613	0.05092	0.01395	0.03762	0.04667	0.20018	0.00376	0.00554	0.54066	0.00435
38	0.01349	0.01295	0.02213	0.03346	0.77440	0.01295	0.01673	0.01673	0.01241	0.01781	0.01025	0.01349	0.00864	0.00486	0.00540	0.00162	0.00648	0.00486	0.00270	0.00864
39	0.01170	0.00992	0.01152	0.00826	0.01309	0.00767	0.00662	0.04498	0.01191	0.01846	0.00983	0.01138	0.00813	0.00414	0.00410	0.00084	0.00412	0.00330	0.00332	0.80669
40	0.01458	0.81168	0.02857	0.00933	0.01399	0.02157	0.00933	0.01632	0.01108	0.01283	0.00758	0.00875	0.00700	0.00466	0.00350	0.00117	0.00583	0.00292	0.00233	0.00700
41	0.00793	0.00529	0.00595	0.00595	0.00595	0.00529	0.00330	0.00793	0.00793	0.01057	0.01718	0.03568	0.01982	0.80840	0.02775	0.00529	0.00529	0.00793	0.00330	0.00330
42	0.00765	0.00581	0.00724	0.00779	0.00921	0.00539	0.00635	0.00967	0.01281	0.01641	0.14757	0.09779	0.30404	0.01415	0.00694	0.00213	0.00373	0.32527	0.00518	0.00485
43	0.02328	0.01002	0.01297	0.01007	0.01421	0.00926	0.00828	0.09417	0.07406	0.65143	0.02078	0.01819	0.01335	0.00678	0.00548	0.00169	0.00474	0.00548	0.00654	0.00923
44	0.00779	0.00584	0.00876	0.00876	0.00974	0.00681	0.00681	0.00974	0.00876	0.01266	0.01460	0.02142	0.01363	0.04089	0.78680	0.00876	0.01460	0.00584	0.00292	0.00487
45	0.01171	0.00990	0.01524	0.58653	0.03088	0.01192	0.01319	0.12099	0.01258	0.01636	0.01016	0.01457	0.00782	0.00724	0.00736	0.10298	0.00678	0.00484	0.00286	0.00608
46	0.00687	0.00551	0.00613	0.00604	0.00764	0.00477	0.00450	0.00862	0.01333	0.01702	0.28768	0.07710	0.50949	0.01306	0.00646	0.00181	0.00271	0.01112	0.00537	0.00477
47	0.00751	0.00552	0.00704	0.00675	0.00805	0.00504	0.00503	0.00986	0.01481	0.02062	0.65008	0.08584	0.12996	0.01178	0.00646	0.00176	0.00263	0.01036	0.00584	0.00504
48	0.07041	0.01055	0.01304	0.01014	0.01428	0.01013	0.00835	0.15772	0.05427	0.56321	0.01922	0.01710	0.01245	0.00665	0.00536	0.00169	0.00484	0.00527	0.00626	0.00905

[dist]
# distance from previous block
# <min> <max>
1	7

[block]
# block no. 7 follows, 44 sequences, length 84
# corresponding to MSA columns:
# 325-408
name=unknown_H
#
# <colnr> <probs for GDERKNQSTAVLIFYWHMCP>
#	G	D	E	R	K	N	Q	S	T	A	V	L	I	F	Y	W	H	M	C	P
0	0.06643	0.01936	0.01164	0.01049	0.02671	0.00925	0.02709	0.05343	0.14380	0.20296	0.05448	0.05115	0.03206	0.00961	0.00602	0.00194	0.00473	0.22793	0.00529	0.03564
1	0.60186	0.03135	0.03223	0.13945	0.01616	0.04517	0.02107	0.02744	0.01023	0.02178	0.00818	0.01008	0.00633	0.00516	0.00392	0.00169	0.00522	0.00341	0.00316	0.00611
2	0.01676	0.06765	0.01753	0.18372	0.06860	0.29669	0.04731	0.17360	0.01588	0.01858	0.01019	0.01229	0.00795	0.00565	0.00512	0.00156	0.00773	0.00433	0.03180	0.00708
3	0.00947	0.00692	0.00973	0.00903	0.02893	0.00652	0.05249	0.03508	0.03275	0.05948	0.44108	0.16065	0.06383	0.03187	0.00689	0.00188	0.00355	0.00983	0.00541	0.02463
4	0.03626	0.05216	0.18515	0.00937	0.01268	0.00836	0.00914	0.01391	0.01309	0.10123	0.33100	0.02733	0.04487	0.05264	0.07697	0.00251	0.00549	0.00707	0.00454	0.00624
5	0.01226	0.31260	0.50733	0.01328	0.02011	0.01590	0.01622	0.01692	0.01135	0.01565	0.00898	0.01051	0.00694	0.00499	0.00457	0.00152	0.00725	0.00362	0.00231	0.00767
6	0.01171	0.01270	0.16317	0.17883	0.12700	0.01005	0.01249	0.01609	0.06182	0.09098	0.17136	0.02367	0.04299	0.00752	0.00574	0.00178	0.00563	0.04544	0.00402	0.00700
7	0.13713	0.11162	0.30683	0.01331	0.01875	0.05642	0.10504	0.06285	0.01269	0.03741	0.03847	0.01477	0.03805	0.00588	0.00501	0.00166	0.00681	0.01690	0.00313	0.00725
8	0.01058	0.00947	0.01427	0.15874	0.27751	0.02717	0.01125	0.01378	0.05022	0.01676	0.12299	0.17568	0.02124	0.03804	0.00673	0.00195	0.00530	0.02800	0.00381	0.00650
9	0.00727	0.00556	0.00667	0.00639	0.00787	0.00495	0.00479	0.00942	0.01438	0.01935	0.51968	0.04485	0.30484	0.01208	0.00643	0.00176	0.00264	0.01044	0.00567	0.00495
10	0.00664	0.00474	0.00633	0.00759	0.00791	0.00443	0.00506	0.00759	0.01044	0.01392	0.03005	0.80485	0.03606	0.01708	0.00696	0.00221	0.00316	0.01550	0.00506	0.00443
11	0.01349	0.01295	0.02213	0.03346	0.77440	0.01295	0.01673	0.01673	0.01241	0.01781	0.01025	0.01349	0.00864	0.00486	0.00540	0.00162	0.00648	0.00486	0.00270	0.00864
12	0.01217	0.01201	0.02233	0.06402	0.36240	0.01184	0.24315	0.01565	0.01242	0.01713	0.01403	0.05125	0.01293	0.00681	0.00610	0.00185	0.00701	0.11636	0.00314	0.00740
13	0.01349	0.01295	0.02213	0.03346	0.77440	0.01295	0.01673	0.01673	0.01241	0.01781	0.01025	0.01349	0.00864	0.00486	0.00540	0.00162	0.00648	0.00486	0.00270	0.00864
14	0.01030	0.00969	0.01635	0.79530	0.03755	0.01211	0.01514	0.01393	0.01090	0.01393	0.00969	0.01453	0.00727	0.00545	0.00545	0.00182	0.00727	0.00484	0.00242	0.00606
15	0.01349	0.01295	0.02213	0.03346	0.77440	0.01295	0.01673	0.01673	0.01241	0.01781	0.01025	0.01349	0.00864	0.00486	0.00540	0.00162	0.00648	0.00486	0.00270	0.00864
16	0.00687	0.00484	0.00626	0.00730	0.00756	0.00458	0.00475	0.00765	0.01000	0.01333	0.02778	0.66917	0.03319	0.15667	0.01063	0.00276	0.00354	0.01416	0.00475	0.00423
17	0.84691	0.01054	0.00801	0.00717	0.01054	0.01223	0.00590	0.01603	0.00928	0.02446	0.00759	0.00886	0.00590	0.00506	0.00337	0.00169	0.00422	0.00295	0.00337	0.00590
18	0.00772	0.00557	0.00729	0.00686	0.00814	0.00514	0.00514	0.01029	0.01543	0.02186	0.77152	0.04072	0.05144	0.01115	0.00643	0.00171	0.00257	0.00986	0.00600	0.00514
19	0.02437	0.00943	0.01275	0.00977	0.01399	0.00824	0.00807	0.04503	0.01586	0.75935	0.02130	0.01842	0.01339	0.00674	0.00548	0.00169	0.00467	0.00547	0.00671	0.00928
20	0.01130	0.00969	0.01130	0.00807	0.01292	0.00727	0.00646	0.01373	0.01130	0.01776	0.00969	0.01130	0.00807	0.00404	0.00404	0.00081	0.00404	0.00323	0.00323	0.84173
21	0.01030	0.00969	0.01635	0.79530	0.03755	0.01211	0.01514	0.01393	0.01090	0.01393	0.00969	0.01453	0.00727	0.00545	0.00545	0.00182	0.00727	0.00484	0.00242	0.00606
22	0.03589	0.04123	0.04795	0.05778	0.10963	0.10302	0.01071	0.15187	0.12576	0.21327	0.01552	0.03829	0.01151	0.00650	0.00533	0.00167	0.00595	0.00523	0.00468	0.00823
23	0.07298	0.03784	0.05656	0.01609	0.13271	0.33385	0.01160	0.19564	0.01649	0.03715	0.01007	0.01143	0.00788	0.00579	0.00541	0.00156	0.03183	0.00411	0.00350	0.00752
24	0.01392	0.63368	0.18546	0.01071	0.01605	0.03354	0.01161	0.01662	0.01125	0.01376	0.00806	0.00934	0.00698	0.00479	0.00388	0.00129	0.00637	0.00316	0.00233	0.00721
25	0.00779	0.00584	0.00876	0.00876	0.00974	0.00681	0.00681	0.00974	0.00876	0.01266	0.01460	0.02142	0.01363	0.04089	0.78680	0.00876	0.01460	0.00584	0.00292	0.00487
26	0.05765	0.04131	0.01798	0.48392	0.24547	0.03297	0.01475	0.01514	0.01137	0.01556	0.00962	0.01358	0.00757	0.00523	0.00523	0.00172	0.00689	0.00464	0.00256	0.00683
27	0.01285	0.24626	0.43649	0.04263	0.02022	0.03612	0.02610	0.01724	0.01173	0.05750	0.02287	0.01193	0.00823	0.00596	0.02064	0.00171	0.00732	0.00398	0.00266	0.00758
28	0.00799	0.00528	0.00613	0.00620	0.00640	0.00531	0.00373	0.00843	0.00859	0.01191	0.03883	0.08193	0.02090	0.63067	0.07330	0.00494	0.00549	0.00812	0.06219	0.00365
29	0.00679	0.00559	0.00601	0.00615	0.00779	0.00485	0.00463	0.00849	0.02408	0.01536	0.10122	0.12332	0.59884	0.01390	0.00654	0.00190	0.00293	0.05175	0.00513	0.00471
30	0.00721	0.00501	0.00625	0.00694	0.00716	0.00485	0.00439	0.00784	0.00948	0.01269	0.03950	0.45788	0.02923	0.33841	0.03487	0.00361	0.00430	0.01207	0.00431	0.00400
31	0.09731	0.18898	0.07154	0.01136	0.01571	0.03327	0.07854	0.11186	0.06868	0.19606	0.04567	0.01557	0.03002	0.00616	0.00496	0.00159	0.00567	0.00491	0.00435	0.00778
32	0.00704	0.00503	0.00658	0.00767	0.00809	0.00478	0.00515	0.02712	0.01076	0.01436	0.02925	0.76301	0.03491	0.03861	0.00749	0.00228	0.00330	0.01501	0.00502	0.00452
33	0.00680	0.00544	0.00605	0.00610	0.00759	0.00472	0.00448	0.00838	0.01282	0.01626	0.22210	0.14051	0.49856	0.02712	0.00687	0.00191	0.00281	0.01154	0.00526	0.00469
34	0.01988	0.01377	0.01598	0.02692	0.03532	0.01485	0.03278	0.54499	0.05401	0.13551	0.02793	0.02737	0.01125	0.00674	0.00553	0.00167	0.00577	0.00534	0.00544	0.00896
35	0.08076	0.05737	0.46133	0.01449	0.04383	0.11538	0.02755	0.03673	0.01260	0.08589	0.01050	0.01174	0.00757	0.00536	0.00499	0.00165	0.00750	0.00404	0.00295	0.00776
36	0.03257	0.01138	0.01784	0.50271	0.25539	0.03894	0.01511	0.03330	0.01183	0.01583	0.00985	0.01389	0.00768	0.00530	0.00537	0.00174	0.00701	0.00476	0.00262	0.00691
37	0.00923	0.00839	0.01386	0.36572	0.02363	0.00956	0.07730	0.01179	0.01086	0.01428	0.01863	0.27986	0.04661	0.01005	0.00691	0.00200	0.05518	0.02710	0.00349	0.00554
38	0.00833	0.00607	0.00677	0.00659	0.00844	0.00537	0.00504	0.03498	0.01321	0.06375	0.12178	0.11585	0.51778	0.01321	0.00645	0.00188	0.00313	0.05097	0.00528	0.00512
39	0.03399	0.01089	0.01477	0.04982	0.09167	0.01170	0.08714	0.19730	0.11181	0.02184	0.01577	0.06265	0.02382	0.00987	0.06590	0.01506	0.02557	0.01804	0.11010	0.02230
40	0.01124	0.04865	0.69438	0.01526	0.02285	0.01299	0.03582	0.01797	0.05848	0.01749	0.01052	0.01206	0.00755	0.00529	0.00518	0.00172	0.00779	0.00419	0.00252	0.00805
41	0.02394	0.00916	0.01248	0.00961	0.01374	0.00792	0.00792	0.02606	0.01560	0.75446	0.04502	0.01925	0.01468	0.00689	0.00551	0.00169	0.00457	0.00562	0.00672	0.00915
42	0.01382	0.01362	0.02116	0.05536	0.67508	0.06119	0.01599	0.01742	0.04115	0.01760	0.01058	0.01356	0.00880	0.00502	0.00537	0.00162	0.00663	0.00482	0.00281	0.00841
43	0.01190	0.22407	0.51022	0.01428	0.02105	0.01475	0.06736	0.01682	0.01153	0.01612	0.01003	0.01292	0.00794	0.00538	0.00493	0.00162	0.00746	0.03155	0.00244	0.00763
44	0.00699	0.00511	0.00662	0.00748	0.00821	0.00474	0.00533	0.00839	0.01163	0.01545	0.14483	0.52767	0.12491	0.01560	0.00687	0.00212	0.00321	0.08502	0.00520	0.00461
45	0.58622	0.01014	0.00948	0.00797	0.01161	0.01089	0.00657	0.01937	0.01128	0.26337	0.01200	0.01193	0.00831	0.00560	0.00404	0.00169	0.00435	0.00375	0.00444	0.00697
