[name]
unknown

[dist]
# distance from previous block
# <min> <max>
16	137

[block]
# block no. 0 follows, 45 sequences, length 6
# corresponding to MSA columns:
# 176-181
name=unknown_A
#
# <colnr> <probs for GDERKNQSTAVLIFYWHMCP>
#	G	D	E	R	K	N	Q	S	T	A	V	L	I	F	Y	W	H	M	C	P
0	0.01106	0.01201	0.07966	0.49407	0.05435	0.03636	0.01383	0.01530	0.06543	0.01494	0.01019	0.01382	0.00788	0.00573	0.00636	0.00174	0.08004	0.00463	0.00268	0.06992
1	0.10304	0.01021	0.01390	0.15651	0.01861	0.01028	0.06571	0.05399	0.09076	0.25704	0.03776	0.01582	0.01148	0.00588	0.00508	0.00159	0.00523	0.00495	0.00451	0.12765
2	0.00788	0.00570	0.00676	0.02951	0.00788	0.00548	0.00430	0.00857	0.00909	0.01224	0.04524	0.10684	0.09014	0.51168	0.05367	0.00417	0.00505	0.00833	0.00361	0.07384
3	0.11880	0.01296	0.13447	0.01055	0.01440	0.01098	0.00983	0.17068	0.03282	0.15382	0.07387	0.01989	0.01451	0.00725	0.00584	0.00171	0.04632	0.07280	0.03975	0.04877
4	0.01621	0.01184	0.01324	0.01234	0.07751	0.05044	0.00900	0.18018	0.27633	0.15541	0.08454	0.02041	0.05368	0.00733	0.00551	0.00170	0.00488	0.00602	0.00529	0.00814
5	0.01801	0.08355	0.01373	0.00965	0.01333	0.00978	0.03049	0.09810	0.04049	0.38448	0.11880	0.05998	0.01793	0.00729	0.00534	0.00158	0.00455	0.00607	0.00550	0.07134

[dist]
# distance from previous block
# <min> <max>
1	19

[block]
# block no. 1 follows, 45 sequences, length 10
# corresponding to MSA columns:
# 201-210
name=unknown_B
#
# <colnr> <probs for GDERKNQSTAVLIFYWHMCP>
#	G	D	E	R	K	N	Q	S	T	A	V	L	I	F	Y	W	H	M	C	P
0	0.14793	0.19118	0.07937	0.10645	0.07129	0.06254	0.02537	0.06016	0.02702	0.11348	0.02999	0.01261	0.00914	0.00541	0.00455	0.00151	0.00588	0.00411	0.00344	0.03854
1	0.21070	0.05674	0.11339	0.03746	0.10623	0.08483	0.01044	0.08628	0.07746	0.05607	0.09826	0.01524	0.01314	0.00611	0.00481	0.00162	0.00561	0.00472	0.00379	0.00711
2	0.14802	0.03494	0.16110	0.01582	0.17872	0.11787	0.01199	0.07240	0.02801	0.09071	0.02400	0.01367	0.03261	0.00565	0.00485	0.00157	0.00623	0.00440	0.00347	0.04395
3	0.23719	0.06741	0.07285	0.04480	0.01524	0.08649	0.03597	0.07671	0.04929	0.15357	0.03269	0.01734	0.01162	0.00655	0.00487	0.00169	0.00563	0.06895	0.00411	0.00702
4	0.19520	0.03374	0.10853	0.03825	0.03832	0.15450	0.00948	0.06254	0.04687	0.10846	0.02984	0.01550	0.01065	0.09859	0.02608	0.00218	0.00634	0.00460	0.00367	0.00665
5	0.09631	0.37311	0.09856	0.16933	0.01919	0.05858	0.01106	0.05814	0.01195	0.01600	0.03723	0.01153	0.00860	0.00524	0.00428	0.00144	0.00620	0.00377	0.00275	0.00672
6	0.19198	0.01133	0.01217	0.10019	0.01604	0.01310	0.00885	0.14839	0.34928	0.02318	0.01542	0.01580	0.01167	0.00831	0.04971	0.00214	0.00542	0.00502	0.00449	0.00753
7	0.00824	0.07613	0.00785	0.00633	0.00677	0.00651	0.00397	0.00849	0.00836	0.01098	0.01753	0.12108	0.02023	0.64983	0.02289	0.00450	0.00501	0.00822	0.00337	0.00370
8	0.00776	0.00523	0.00638	0.00647	0.00664	0.00537	0.00399	0.00804	0.00807	0.01092	0.01704	0.08520	0.01918	0.59681	0.14946	0.04224	0.00653	0.00785	0.00327	0.00354
9	0.02062	0.01127	0.10013	0.01006	0.01425	0.00876	0.00897	0.05757	0.03901	0.56745	0.01912	0.01876	0.01300	0.07705	0.00729	0.00198	0.00506	0.00544	0.00575	0.00846

[dist]
# distance from previous block
# <min> <max>
0	1

[block]
# block no. 2 follows, 45 sequences, length 7
# corresponding to MSA columns:
# 212-218
name=unknown_C
#
# <colnr> <probs for GDERKNQSTAVLIFYWHMCP>
#	G	D	E	R	K	N	Q	S	T	A	V	L	I	F	Y	W	H	M	C	P
0	0.01159	0.18723	0.30186	0.01430	0.09237	0.04834	0.04899	0.01515	0.01154	0.01530	0.01662	0.01786	0.13687	0.00664	0.00576	0.00162	0.05297	0.00519	0.00282	0.00696
1	0.32480	0.05045	0.01276	0.01020	0.01371	0.17253	0.00823	0.17194	0.08899	0.08248	0.01124	0.01163	0.00839	0.00573	0.00443	0.00159	0.00576	0.00392	0.00405	0.00715
2	0.00865	0.00621	0.00768	0.00738	0.00885	0.00600	0.00550	0.01231	0.10382	0.04903	0.47852	0.16731	0.09488	0.01154	0.00628	0.00179	0.00293	0.01016	0.00566	0.00547
3	0.15965	0.01353	0.01405	0.01114	0.01511	0.01503	0.00914	0.50796	0.11325	0.06804	0.01349	0.01333	0.00967	0.00631	0.00504	0.00165	0.00534	0.00469	0.00510	0.00849
4	0.00932	0.00466	0.00699	0.00699	0.00699	0.00466	0.00466	0.00699	0.00699	0.00932	0.00932	0.01632	0.00932	0.01865	0.02098	0.84382	0.00466	0.00466	0.00233	0.00233
5	0.05575	0.01225	0.06019	0.07333	0.21432	0.03714	0.03922	0.09870	0.11325	0.06049	0.16170	0.01928	0.01769	0.00668	0.00546	0.00167	0.00545	0.00582	0.00416	0.00746
6	0.01826	0.01347	0.01485	0.01172	0.01545	0.01497	0.00961	0.63329	0.02243	0.03022	0.01314	0.01427	0.00985	0.01215	0.13785	0.00280	0.00734	0.00499	0.00495	0.00840

[dist]
# distance from previous block
# <min> <max>
0	21

[block]
# block no. 3 follows, 45 sequences, length 14
# corresponding to MSA columns:
# 240-253
name=unknown_D
#
# <colnr> <probs for GDERKNQSTAVLIFYWHMCP>
#	G	D	E	R	K	N	Q	S	T	A	V	L	I	F	Y	W	H	M	C	P
0	0.00668	0.00484	0.00648	0.00750	0.00796	0.00464	0.00513	0.00778	0.01031	0.01381	0.04834	0.67289	0.06373	0.01904	0.09060	0.00284	0.00429	0.01394	0.00478	0.00443
1	0.67921	0.01120	0.00950	0.11962	0.01453	0.06000	0.00738	0.01584	0.00974	0.02194	0.00782	0.00957	0.00607	0.00507	0.00371	0.00166	0.00492	0.00320	0.00315	0.00586
2	0.00679	0.00505	0.00633	0.00686	0.00774	0.00459	0.00482	0.00825	0.01203	0.01602	0.23977	0.44106	0.19195	0.01455	0.00660	0.00197	0.00287	0.01292	0.00524	0.00459
3	0.01879	0.06950	0.01834	0.01307	0.01742	0.01630	0.09002	0.60775	0.02262	0.03024	0.03443	0.01356	0.01008	0.00624	0.00537	0.00160	0.00613	0.00500	0.00489	0.00866
4	0.07066	0.52259	0.10222	0.00959	0.01402	0.01751	0.00964	0.06107	0.01179	0.01539	0.01303	0.01384	0.08919	0.00586	0.00437	0.00137	0.02418	0.00406	0.00284	0.00679
5	0.01252	0.01411	0.11616	0.29287	0.08654	0.05854	0.04382	0.07185	0.15363	0.01761	0.01240	0.03075	0.00969	0.00615	0.00605	0.00177	0.04998	0.00511	0.00327	0.00716
6	0.09691	0.00552	0.00655	0.00711	0.00807	0.00535	0.00502	0.00896	0.01139	0.01659	0.19273	0.49347	0.09485	0.01401	0.00632	0.00199	0.00307	0.01241	0.00501	0.00468
7	0.01630	0.01157	0.01332	0.10785	0.01663	0.01257	0.00917	0.43400	0.01971	0.07765	0.06967	0.01963	0.08703	0.00732	0.00540	0.00163	0.00516	0.00584	0.07186	0.00768
8	0.06915	0.06017	0.01671	0.32062	0.02392	0.01240	0.09457	0.08521	0.01235	0.01743	0.04915	0.01546	0.03550	0.00603	0.00612	0.00166	0.06941	0.00500	0.00311	0.09602
9	0.02285	0.00947	0.01250	0.00965	0.01366	0.00852	0.00794	0.09137	0.01624	0.67284	0.06150	0.01897	0.01495	0.00686	0.00545	0.00166	0.00458	0.00558	0.00649	0.00891
10	0.00653	0.00471	0.00618	0.00736	0.00776	0.00437	0.00493	0.00749	0.01039	0.01375	0.03097	0.76553	0.07692	0.01664	0.00682	0.00216	0.00309	0.01504	0.00498	0.00437
11	0.04571	0.01410	0.12537	0.09067	0.01815	0.01311	0.02594	0.29641	0.06316	0.07634	0.01388	0.01744	0.01094	0.02151	0.03064	0.00204	0.05358	0.05536	0.01800	0.00766
12	0.13867	0.11380	0.09835	0.13800	0.06061	0.18910	0.01146	0.11314	0.01380	0.06161	0.00983	0.01142	0.00751	0.00540	0.00468	0.00155	0.00685	0.00393	0.00322	0.00705
13	0.01692	0.00877	0.01057	0.00862	0.01184	0.00824	0.00691	0.12538	0.04801	0.37036	0.05666	0.02838	0.22966	0.03671	0.00646	0.00183	0.00417	0.00726	0.00580	0.00745

[dist]
# distance from previous block
# <min> <max>
0	1

[block]
# block no. 4 follows, 45 sequences, length 52
# corresponding to MSA columns:
# 255-306
name=unknown_E
#
# <colnr> <probs for GDERKNQSTAVLIFYWHMCP>
#	G	D	E	R	K	N	Q	S	T	A	V	L	I	F	Y	W	H	M	C	P
0	0.00691	0.00490	0.00616	0.00702	0.00738	0.00464	0.00462	0.00769	0.00987	0.01302	0.02808	0.54275	0.08082	0.21223	0.01188	0.00291	0.00366	0.03679	0.00456	0.00412
1	0.10695	0.14996	0.07785	0.05361	0.08277	0.06462	0.05344	0.03162	0.01153	0.07720	0.01066	0.02766	0.00902	0.00627	0.00669	0.00165	0.12786	0.03070	0.00312	0.06683
2	0.01173	0.01052	0.01678	0.59114	0.08049	0.03325	0.04519	0.01536	0.03060	0.06156	0.01052	0.01440	0.00789	0.00561	0.00595	0.00178	0.04317	0.00487	0.00277	0.00644
3	0.01107	0.00954	0.01144	0.05662	0.01421	0.00745	0.00689	0.01353	0.01111	0.01726	0.00954	0.01133	0.00790	0.00406	0.00406	0.00086	0.00417	0.00328	0.00313	0.79256
4	0.01997	0.01490	0.01646	0.01362	0.06352	0.01641	0.01059	0.71419	0.02444	0.03283	0.01272	0.01291	0.00909	0.00634	0.00537	0.00161	0.00594	0.00483	0.00520	0.00909
5	0.02873	0.00630	0.05407	0.00778	0.00876	0.00507	0.00585	0.00830	0.01047	0.01424	0.02979	0.67668	0.09298	0.01553	0.00661	0.00211	0.00341	0.01392	0.00477	0.00463
6	0.00861	0.00729	0.00772	0.00727	0.00893	0.05404	0.00548	0.01199	0.08608	0.01940	0.48205	0.03911	0.21991	0.01092	0.00616	0.00171	0.00318	0.00937	0.00545	0.00533
7	0.01271	0.01437	0.03107	0.02326	0.07422	0.01352	0.71269	0.01715	0.01264	0.01722	0.01081	0.01441	0.00817	0.00454	0.00627	0.00180	0.00889	0.00624	0.00271	0.00732
8	0.02408	0.00914	0.01246	0.00955	0.01370	0.00789	0.00789	0.02616	0.01536	0.78158	0.02118	0.01827	0.01329	0.00664	0.00540	0.00166	0.00457	0.00540	0.00664	0.00914
9	0.02072	0.00972	0.01231	0.00972	0.01345	0.00922	0.00792	0.12987	0.07464	0.52304	0.11198	0.02029	0.01748	0.00719	0.00551	0.00167	0.00449	0.00589	0.00628	0.00859
10	0.01338	0.00783	0.00826	0.00714	0.00932	0.00819	0.00564	0.20960	0.01512	0.05830	0.01646	0.01806	0.01252	0.00632	0.00425	0.00136	0.00349	0.00498	0.58350	0.00628
11	0.00666	0.00544	0.00589	0.00586	0.00751	0.00467	0.00441	0.00828	0.01280	0.01598	0.20314	0.06977	0.58857	0.01316	0.00638	0.00181	0.00274	0.02710	0.00518	0.00465
12	0.03437	0.00956	0.01104	0.00793	0.01266	0.00729	0.00635	0.01358	0.01108	0.01767	0.00948	0.01106	0.00789	0.00400	0.00396	0.00082	0.00398	0.00317	0.00318	0.82092
13	0.01815	0.01312	0.01504	0.01182	0.01519	0.01471	0.00972	0.48259	0.01978	0.09804	0.01266	0.01382	0.00945	0.02695	0.00796	0.00178	0.14580	0.00485	0.02466	0.05390
14	0.00663	0.00545	0.00583	0.00573	0.00742	0.00465	0.00430	0.00825	0.01290	0.01608	0.21611	0.04906	0.61298	0.01301	0.00634	0.00178	0.00268	0.01097	0.00519	0.00465
15	0.00685	0.00497	0.00674	0.00820	0.02715	0.00469	0.00542	0.00790	0.01038	0.01384	0.02873	0.72935	0.03419	0.03593	0.00735	0.00226	0.00334	0.05338	0.00488	0.00447
16	0.05648	0.01379	0.01501	0.01230	0.03378	0.01537	0.00983	0.53938	0.13879	0.05038	0.01436	0.01492	0.01060	0.00673	0.00566	0.00168	0.02690	0.02017	0.00517	0.00869
17	0.66813	0.01142	0.04856	0.00863	0.03071	0.01209	0.00716	0.01758	0.09263	0.04707	0.00965	0.01050	0.00732	0.00529	0.00376	0.00168	0.00443	0.00343	0.00359	0.00639
18	0.07680	0.01661	0.01774	0.02130	0.34087	0.27009	0.03915	0.05550	0.01391	0.06041	0.03127	0.01280	0.00924	0.00539	0.00509	0.00154	0.00718	0.00444	0.00319	0.00748
19	0.01435	0.81458	0.02813	0.00918	0.01378	0.02124	0.00918	0.01607	0.01091	0.01263	0.00746	0.00861	0.00689	0.00459	0.00344	0.00115	0.00574	0.00287	0.00230	0.00689
20	0.00771	0.00564	0.00726	0.00683	0.00815	0.00527	0.00513	0.01054	0.03477	0.02136	0.73573	0.03989	0.06952	0.01095	0.00631	0.00170	0.00258	0.00966	0.00587	0.00514
21	0.00710	0.00547	0.00648	0.00623	0.00771	0.00485	0.00467	0.00916	0.01401	0.01872	0.48712	0.04472	0.34031	0.01202	0.00634	0.00174	0.00261	0.01036	0.00554	0.00485
22	0.00731	0.00549	0.00680	0.00663	0.00801	0.00498	0.00503	0.00949	0.01412	0.01916	0.52307	0.06774	0.23331	0.01206	0.00642	0.00178	0.00275	0.05536	0.00559	0.00490
23	0.02408	0.00914	0.01246	0.00955	0.01370	0.00789	0.00789	0.02616	0.01536	0.78158	0.02118	0.01827	0.01329	0.00664	0.00540	0.00166	0.00457	0.00540	0.00664	0.00914
24	0.02408	0.00914	0.01246	0.00955	0.01370	0.00789	0.00789	0.02616	0.01536	0.78158	0.02118	0.01827	0.01329	0.00664	0.00540	0.00166	0.00457	0.00540	0.00664	0.00914
25	0.01077	0.02777	0.78354	0.01530	0.02323	0.01247	0.01983	0.01700	0.01133	0.01700	0.00963	0.01133	0.00680	0.00510	0.00510	0.00170	0.00793	0.00397	0.00227	0.00793
26	0.01335	0.01153	0.01214	0.01092	0.01396	0.01335	0.00850	0.02852	0.76817	0.02245	0.02185	0.02003	0.01639	0.00728	0.00546	0.00182	0.00425	0.00607	0.00546	0.00850
27	0.84927	0.01038	0.00789	0.00706	0.01038	0.01204	0.00581	0.01578	0.00914	0.02408	0.00747	0.00872	0.00581	0.00498	0.00332	0.00166	0.00415	0.00291	0.00332	0.00581
28	0.02041	0.01504	0.01611	0.01235	0.01665	0.01665	0.01020	0.75997	0.02524	0.03383	0.01289	0.01289	0.00913	0.00644	0.00537	0.00161	0.00591	0.00483	0.00537	0.00913
29	0.84927	0.01038	0.00789	0.00706	0.01038	0.01204	0.00581	0.01578	0.00914	0.02408	0.00747	0.00872	0.00581	0.00498	0.00332	0.00166	0.00415	0.00291	0.00332	0.00581
30	0.01329	0.01275	0.02179	0.03295	0.77787	0.01275	0.01647	0.01647	0.01222	0.01754	0.01010	0.01329	0.00850	0.00478	0.00531	0.00159	0.00638	0.00478	0.00266	0.00850
31	0.01335	0.01153	0.01214	0.01092	0.01396	0.01335	0.00850	0.02852	0.76817	0.02245	0.02185	0.02003	0.01639	0.00728	0.00546	0.00182	0.00425	0.00607	0.00546	0.00850
32	0.01127	0.01104	0.01553	0.01345	0.01357	0.01530	0.01116	0.01253	0.00827	0.01286	0.00790	0.01284	0.00779	0.01300	0.10790	0.00308	0.70953	0.00482	0.00241	0.00575
33	0.57737	0.01138	0.01009	0.00856	0.01209	0.01294	0.00701	0.16767	0.08057	0.05305	0.01035	0.01092	0.00770	0.00554	0.00400	0.00167	0.00453	0.00367	0.00405	0.00684
34	0.00767	0.00573	0.00851	0.00851	0.00943	0.00665	0.00657	0.00951	0.00859	0.01238	0.01448	0.02167	0.01367	0.07246	0.75823	0.00848	0.01400	0.00584	0.00289	0.00473
35	0.00654	0.00467	0.00623	0.00747	0.00779	0.00436	0.00498	0.00747	0.01028	0.01370	0.02959	0.80785	0.03550	0.01682	0.00685	0.00218	0.00311	0.01526	0.00498	0.00436
36	0.01063	0.00629	0.00820	0.00737	0.00918	0.00579	0.00565	0.01341	0.03804	0.15532	0.58689	0.05551	0.05575	0.01029	0.00615	0.00170	0.00296	0.00901	0.00598	0.00586
37	0.01138	0.00969	0.01126	0.00807	0.01283	0.00741	0.00646	0.03347	0.01151	0.01793	0.00963	0.01118	0.00798	0.00404	0.00401	0.00082	0.00403	0.00322	0.00324	0.82184
38	0.00652	0.00476	0.00614	0.00724	0.00772	0.00438	0.00488	0.00750	0.01051	0.01380	0.03247	0.71985	0.12164	0.01644	0.00679	0.00214	0.00307	0.01480	0.00498	0.00438
39	0.00682	0.00553	0.00600	0.00615	0.00775	0.00483	0.00472	0.00830	0.01211	0.01479	0.08115	0.05135	0.58995	0.06367	0.00781	0.00211	0.00318	0.11433	0.00491	0.00453
40	0.01387	0.50414	0.16811	0.01170	0.01646	0.08237	0.04557	0.01650	0.01122	0.01372	0.00806	0.00972	0.00694	0.00513	0.00508	0.00139	0.06728	0.00342	0.00235	0.00697
41	0.01294	0.01315	0.03823	0.14208	0.55285	0.05384	0.04662	0.01619	0.01217	0.01666	0.01060	0.01494	0.00897	0.00526	0.00541	0.00165	0.00676	0.03116	0.00270	0.00782
42	0.00671	0.00482	0.00640	0.00760	0.00804	0.00451	0.00525	0.00778	0.01051	0.01392	0.03030	0.72247	0.05920	0.01655	0.00688	0.00219	0.00325	0.07422	0.00498	0.00441
43	0.01101	0.00689	0.00809	0.08202	0.01114	0.00739	0.00611	0.07928	0.07003	0.03357	0.01730	0.08864	0.01463	0.00935	0.04181	0.04015	0.00412	0.00598	0.45688	0.00561
44	0.07480	0.08132	0.01642	0.04829	0.07830	0.17281	0.07244	0.12959	0.13030	0.03803	0.05958	0.03616	0.01258	0.00634	0.00512	0.00160	0.00628	0.00515	0.01766	0.00722
45	0.05350	0.01242	0.05424	0.01372	0.12988	0.06612	0.00982	0.05955	0.18411	0.22902	0.01831	0.05069	0.04434	0.00686	0.00529	0.00166	0.00520	0.00567	0.00476	0.04485
46	0.09179	0.01214	0.01563	0.09840	0.03844	0.03097	0.08918	0.26069	0.05678	0.11703	0.01431	0.08367	0.01156	0.00706	0.00604	0.00176	0.04674	0.00582	0.00442	0.00758
47	0.06462	0.29547	0.10304	0.03864	0.01513	0.07184	0.00994	0.07963	0.05060	0.06973	0.03023	0.07010	0.02308	0.01932	0.00547	0.00160	0.03628	0.00493	0.00345	0.00693
48	0.01420	0.21674	0.08667	0.03068	0.01578	0.09179	0.02927	0.13002	0.08693	0.01838	0.04632	0.03444	0.01110	0.00623	0.00575	0.00150	0.06905	0.00460	0.00347	0.09711
49	0.08491	0.06031	0.03419	0.02930	0.01495	0.02729	0.00899	0.35443	0.07097	0.12309	0.03479	0.03343	0.01171	0.03106	0.00573	0.00169	0.00530	0.00507	0.01850	0.04430
50	0.14255	0.08052	0.23572	0.01271	0.08272	0.04354	0.01154	0.03508	0.03169	0.11822	0.01542	0.10794	0.04635	0.00709	0.00502	0.00168	0.00571	0.00570	0.00367	0.00713
51	0.04625	0.19372	0.12412	0.01150	0.03266	0.13523	0.01037	0.07240	0.01333	0.12788	0.04478	0.03990	0.03097	0.00706	0.01957	0.00167	0.05064	0.00475	0.00362	0.02958

[dist]
# distance from previous block
# <min> <max>
5	13

[block]
# block no. 5 follows, 45 sequences, length 63
# corresponding to MSA columns:
# 320-382
name=unknown_F
#
# <colnr> <probs for GDERKNQSTAVLIFYWHMCP>
#	G	D	E	R	K	N	Q	S	T	A	V	L	I	F	Y	W	H	M	C	P
0	0.09463	0.01046	0.01247	0.02904	0.03267	0.01139	0.00849	0.15834	0.06170	0.06942	0.03314	0.12858	0.01374	0.00801	0.00740	0.00171	0.15012	0.00607	0.00413	0.15850
1	0.01198	0.02988	0.01661	0.18835	0.10447	0.06888	0.06146	0.03499	0.01081	0.01463	0.01031	0.04931	0.00956	0.06450	0.01057	0.00209	0.24555	0.00530	0.00276	0.05799
2	0.05127	0.08204	0.01907	0.15935	0.26442	0.11493	0.05270	0.05852	0.04420	0.03658	0.01020	0.01275	0.00817	0.00551	0.00587	0.00164	0.05800	0.00451	0.00298	0.00731
3	0.00738	0.00562	0.00678	0.00707	0.00811	0.00531	0.00510	0.00902	0.03000	0.01490	0.12219	0.28263	0.22712	0.12747	0.00973	0.00244	0.01917	0.07910	0.00476	0.02609
4	0.05367	0.01187	0.01301	0.01054	0.01381	0.01288	0.00847	0.49155	0.02045	0.05751	0.09444	0.10137	0.01671	0.02679	0.02547	0.00193	0.00526	0.00648	0.02006	0.00774
5	0.00653	0.00472	0.00618	0.00735	0.00775	0.00437	0.00493	0.00749	0.01039	0.01375	0.03108	0.76235	0.08004	0.01662	0.00682	0.00216	0.00309	0.01502	0.00498	0.00437
6	0.00745	0.00548	0.00697	0.00660	0.00793	0.00500	0.00495	0.00984	0.01484	0.02070	0.68983	0.04146	0.13637	0.01128	0.00633	0.00170	0.00255	0.00990	0.00580	0.00500
7	0.00662	0.00471	0.00620	0.00737	0.00766	0.00441	0.00487	0.00750	0.01012	0.01349	0.02878	0.75856	0.03448	0.06749	0.00816	0.00237	0.00325	0.01478	0.00487	0.00429
8	0.01001	0.00500	0.00500	0.00500	0.00625	0.00500	0.00375	0.01251	0.01126	0.02001	0.01751	0.02001	0.01376	0.00625	0.00375	0.00125	0.00250	0.00500	0.84115	0.00500
9	0.01113	0.00954	0.01113	0.00795	0.01272	0.00716	0.00636	0.01352	0.01113	0.01749	0.00954	0.01113	0.00795	0.00398	0.00398	0.00080	0.00398	0.00318	0.00318	0.84417
10	0.02005	0.02558	0.01521	0.01383	0.01659	0.78980	0.01037	0.02143	0.01521	0.01314	0.00830	0.00968	0.00691	0.00553	0.00484	0.00138	0.00968	0.00346	0.00277	0.00622
11	0.00923	0.00585	0.00770	0.00703	0.00858	0.00534	0.00534	0.01172	0.01521	0.09686	0.70031	0.03793	0.04695	0.01054	0.00624	0.00169	0.00273	0.00928	0.00598	0.00547
12	0.00912	0.00717	0.01042	0.01053	0.01215	0.00724	0.06674	0.01293	0.09708	0.01663	0.04567	0.17362	0.02874	0.01340	0.00699	0.00228	0.00483	0.46419	0.00486	0.00543
13	0.00654	0.00467	0.00623	0.00747	0.00779	0.00436	0.00498	0.00747	0.01028	0.01370	0.02959	0.80785	0.03550	0.01682	0.00685	0.00218	0.00311	0.01526	0.00498	0.00436
14	0.01034	0.00533	0.00536	0.00524	0.00659	0.00538	0.00396	0.03685	0.01171	0.02046	0.01736	0.01978	0.01361	0.00626	0.00381	0.00126	0.00261	0.00500	0.81393	0.00514
15	0.01100	0.04602	0.68943	0.01549	0.02286	0.01292	0.05970	0.01681	0.01126	0.01672	0.00953	0.01146	0.00689	0.00525	0.00568	0.00172	0.04309	0.00410	0.00230	0.00778
16	0.01267	0.01448	0.03167	0.02262	0.02805	0.01357	0.75837	0.01719	0.01267	0.01719	0.01086	0.01448	0.00814	0.00452	0.00633	0.00181	0.00905	0.00633	0.00271	0.00724
17	0.00760	0.00549	0.00718	0.00675	0.00802	0.00506	0.00506	0.01013	0.01519	0.02153	0.77503	0.04010	0.05065	0.01097	0.00633	0.00169	0.00253	0.00971	0.00591	0.00506
18	0.00876	0.00574	0.00755	0.00695	0.00842	0.00526	0.00526	0.01126	0.01521	0.07519	0.72181	0.03856	0.04801	0.01067	0.00627	0.00169	0.00268	0.00940	0.00596	0.00535
19	0.01143	0.11007	0.01897	0.56239	0.06863	0.01351	0.06624	0.04415	0.01150	0.01480	0.00949	0.01346	0.00733	0.00530	0.00543	0.00170	0.02201	0.00465	0.00253	0.00642
20	0.00865	0.00618	0.00865	0.00989	0.01112	0.00618	0.00865	0.01112	0.01236	0.01606	0.02842	0.06055	0.03089	0.01483	0.00741	0.00247	0.00494	0.74174	0.00494	0.00494
21	0.02266	0.00882	0.01200	0.00931	0.01321	0.00764	0.00764	0.02477	0.01535	0.71575	0.08648	0.02016	0.01652	0.00702	0.00548	0.00166	0.00439	0.00577	0.00658	0.00878
22	0.01947	0.07252	0.01637	0.01414	0.04658	0.62780	0.01052	0.10105	0.01592	0.01553	0.00882	0.01011	0.00722	0.00554	0.00483	0.00140	0.00890	0.00362	0.00302	0.00667
23	0.17028	0.04676	0.01220	0.00954	0.01280	0.05339	0.00784	0.29668	0.01671	0.09261	0.01386	0.01629	0.01078	0.00707	0.01824	0.00170	0.00513	0.04482	0.15610	0.00722
24	0.00651	0.00477	0.00612	0.00721	0.00772	0.00438	0.00486	0.00750	0.01053	0.01381	0.03284	0.70851	0.13274	0.01639	0.00678	0.00213	0.00306	0.01474	0.00498	0.00438
25	0.00994	0.00698	0.00954	0.12063	0.01322	0.00740	0.04773	0.06116	0.01222	0.01842	0.08245	0.19378	0.01996	0.00886	0.00550	0.00165	0.02482	0.00769	0.34262	0.00542
26	0.24234	0.34989	0.01879	0.07180	0.03023	0.13959	0.00904	0.03642	0.01161	0.03631	0.00831	0.00971	0.00688	0.00501	0.00392	0.00141	0.00603	0.00328	0.00286	0.00657
27	0.01283	0.40274	0.28386	0.05468	0.01818	0.03284	0.01299	0.03208	0.04278	0.01539	0.03967	0.01169	0.00906	0.00523	0.00438	0.00144	0.00647	0.00381	0.00264	0.00722
28	0.01734	0.27337	0.06155	0.01166	0.01572	0.18136	0.01027	0.28890	0.01694	0.02067	0.01001	0.01138	0.00808	0.02899	0.00549	0.00154	0.02176	0.00395	0.00355	0.00750
29	0.80257	0.01048	0.00825	0.00728	0.01065	0.01206	0.00600	0.03786	0.00978	0.04495	0.00801	0.00910	0.00611	0.00507	0.00344	0.00166	0.00422	0.00303	0.00347	0.00600
30	0.01184	0.02026	0.38555	0.03689	0.13683	0.06582	0.11268	0.01692	0.04664	0.01688	0.03217	0.05685	0.01046	0.00599	0.00565	0.00172	0.02127	0.00527	0.00282	0.00748
31	0.01345	0.01018	0.01220	0.00893	0.01355	0.00844	0.02278	0.08572	0.03511	0.09860	0.01145	0.01237	0.00887	0.00459	0.00435	0.00101	0.00433	0.00372	0.00380	0.63654
32	0.00664	0.00481	0.00630	0.00745	0.00793	0.00447	0.00511	0.00769	0.01054	0.01389	0.03147	0.70758	0.09330	0.01646	0.00684	0.00217	0.00318	0.05478	0.00498	0.00441
33	0.00763	0.00587	0.00838	0.01046	0.10333	0.00557	0.00643	0.00923	0.01170	0.01605	0.20571	0.52544	0.03578	0.01393	0.00654	0.00199	0.00338	0.01263	0.00492	0.00504
34	0.04887	0.05568	0.01742	0.39597	0.14112	0.03164	0.03265	0.16082	0.01391	0.01883	0.01026	0.01335	0.00784	0.00543	0.00515	0.00166	0.00660	0.00462	0.02116	0.00703
35	0.01261	0.00661	0.00869	0.00753	0.00972	0.00590	0.00587	0.01492	0.01505	0.25589	0.49408	0.03412	0.08744	0.00981	0.00604	0.00169	0.00317	0.00848	0.00607	0.00629
36	0.01867	0.04625	0.07921	0.00983	0.01375	0.00924	0.00869	0.05065	0.07871	0.45990	0.12646	0.02036	0.01787	0.00796	0.02598	0.00184	0.00490	0.00582	0.00572	0.00818
37	0.02319	0.00934	0.01250	0.00973	0.01376	0.00832	0.00806	0.06776	0.01580	0.70461	0.02102	0.01983	0.01383	0.00699	0.00549	0.00169	0.00466	0.03798	0.00650	0.00895
38	0.00716	0.00539	0.00662	0.00649	0.00780	0.00485	0.00480	0.00922	0.01391	0.01887	0.50905	0.12469	0.23693	0.01227	0.00639	0.00177	0.00264	0.01072	0.00557	0.00485
39	0.03016	0.00557	0.00556	0.00538	0.00681	0.00568	0.00409	0.04569	0.01183	0.02072	0.01707	0.01943	0.01337	0.00623	0.00381	0.00128	0.00269	0.00495	0.78447	0.00520
40	0.84927	0.01038	0.00789	0.00706	0.01038	0.01204	0.00581	0.01578	0.00914	0.02408	0.00747	0.00872	0.00581	0.00498	0.00332	0.00166	0.00415	0.00291	0.00332	0.00581
41	0.11627	0.01036	0.01562	0.45650	0.04827	0.01160	0.06610	0.05338	0.01168	0.04360	0.00997	0.01327	0.00751	0.00517	0.00501	0.00163	0.00635	0.00448	0.00293	0.11031
42	0.01278	0.01418	0.02863	0.08027	0.13811	0.03526	0.57464	0.01696	0.01254	0.01688	0.01058	0.01416	0.00809	0.00465	0.00607	0.00176	0.00854	0.00591	0.00268	0.00730
43	0.74026	0.01066	0.03976	0.00737	0.01070	0.01144	0.00632	0.01533	0.00976	0.02357	0.07548	0.01160	0.00982	0.00552	0.00366	0.00166	0.00416	0.00355	0.00351	0.00583
44	0.00930	0.00472	0.00706	0.00711	0.00716	0.00472	0.00483	0.00716	0.00721	0.00960	0.01011	0.01814	0.01021	0.01849	0.02042	0.80918	0.00467	0.03501	0.00244	0.00244
45	0.01091	0.00934	0.01109	0.03368	0.01331	0.00720	0.00658	0.01327	0.01108	0.01721	0.01037	0.04404	0.00906	0.00455	0.00414	0.00088	0.00404	0.00373	0.00323	0.78229
46	0.01067	0.07670	0.01051	0.00807	0.01028	0.00758	0.02660	0.01375	0.06032	0.11563	0.39376	0.03576	0.13389	0.01011	0.00599	0.00173	0.00356	0.06379	0.00538	0.00593
47	0.03534	0.02692	0.03066	0.13584	0.22294	0.14140	0.01166	0.05129	0.01328	0.07262	0.10644	0.01741	0.03081	0.00793	0.04055	0.00195	0.03724	0.00531	0.00351	0.00692
48	0.01146	0.03641	0.25768	0.08074	0.14344	0.01208	0.13474	0.01534	0.01131	0.02965	0.01173	0.08931	0.01029	0.00645	0.00657	0.00175	0.07952	0.00566	0.00281	0.05306
49	0.01117	0.00968	0.01171	0.00837	0.01315	0.00734	0.02760	0.01362	0.01117	0.01748	0.00958	0.01123	0.00796	0.00399	0.00404	0.00082	0.00412	0.00327	0.00317	0.82053
50	0.01461	0.77861	0.02754	0.00940	0.01391	0.05628	0.00924	0.01632	0.01110	0.01265	0.00750	0.00866	0.00689	0.00464	0.00351	0.00116	0.00592	0.00290	0.00232	0.00686
51	0.00672	0.00545	0.00596	0.00583	0.00748	0.00469	0.00437	0.00843	0.01312	0.01659	0.26904	0.04822	0.55972	0.01281	0.00634	0.00178	0.00266	0.01085	0.00526	0.00469
52	0.00683	0.00531	0.00625	0.00661	0.00787	0.00473	0.00490	0.00838	0.01226	0.01569	0.17518	0.25149	0.38244	0.01409	0.00657	0.00195	0.00299	0.07671	0.00515	0.00462
53	0.00760	0.00549	0.00718	0.00675	0.00802	0.00506	0.00506	0.01013	0.01519	0.02153	0.77503	0.04010	0.05065	0.01097	0.00633	0.00169	0.00253	0.00971	0.00591	0.00506
54	0.02032	0.01337	0.01487	0.01155	0.01566	0.01437	0.00949	0.53854	0.08130	0.18338	0.03170	0.01512	0.01143	0.00665	0.00540	0.00164	0.00543	0.00515	0.00565	0.00899
55	0.01335	0.01153	0.01214	0.01092	0.01396	0.01335	0.00850	0.02852	0.76817	0.02245	0.02185	0.02003	0.01639	0.00728	0.00546	0.00182	0.00425	0.00607	0.00546	0.00850
56	0.01113	0.00954	0.01113	0.00795	0.01272	0.00716	0.00636	0.01352	0.01113	0.01749	0.00954	0.01113	0.00795	0.00398	0.00398	0.00080	0.00398	0.00318	0.00318	0.84417
57	0.02215	0.00871	0.01184	0.00922	0.01304	0.00756	0.00756	0.02428	0.01534	0.69240	0.10963	0.02083	0.01767	0.00715	0.00551	0.00166	0.00433	0.00590	0.00656	0.00866
58	0.02398	0.00931	0.01256	0.00963	0.01379	0.00814	0.00796	0.04745	0.01565	0.75989	0.02094	0.01811	0.01317	0.00664	0.00540	0.00166	0.00461	0.00538	0.00661	0.00914
59	0.00660	0.00472	0.00628	0.00743	0.00780	0.00440	0.00499	0.00762	0.01055	0.01413	0.07045	0.76576	0.03633	0.01650	0.00682	0.00215	0.00308	0.01496	0.00503	0.00440
60	0.00654	0.00467	0.00623	0.00747	0.00779	0.00436	0.00498	0.00747	0.01028	0.01370	0.02959	0.80785	0.03550	0.01682	0.00685	0.00218	0.00311	0.01526	0.00498	0.00436
61	0.02005	0.02558	0.01521	0.01383	0.01659	0.78980	0.01037	0.02143	0.01521	0.01314	0.00830	0.00968	0.00691	0.00553	0.00484	0.00138	0.00968	0.00346	0.00277	0.00622
62	0.01254	0.01322	0.01164	0.01088	0.01243	0.27430	0.00838	0.03200	0.01122	0.01320	0.01171	0.01655	0.01071	0.04295	0.42110	0.00538	0.07857	0.00491	0.00286	0.00544

[dist]
# distance from previous block
# <min> <max>
5	9

[block]
# block no. 6 follows, 45 sequences, length 48
# corresponding to MSA columns:
# 394-423,425-442
name=unknown_G
#
# <colnr> <probs for GDERKNQSTAVLIFYWHMCP>
#	G	D	E	R	K	N	Q	S	T	A	V	L	I	F	Y	W	H	M	C	P
0	0.03497	0.00979	0.01589	0.69382	0.03382	0.01240	0.01431	0.01369	0.01043	0.01394	0.00922	0.01388	0.00710	0.00577	0.00658	0.00184	0.08948	0.00471	0.00241	0.00595
1	0.01021	0.00978	0.03353	0.71875	0.05078	0.01156	0.01442	0.01378	0.01081	0.01423	0.01001	0.01454	0.00755	0.00540	0.00527	0.00175	0.00689	0.00477	0.04995	0.00601
2	0.01308	0.06031	0.11840	0.01253	0.08349	0.01124	0.01026	0.20124	0.05340	0.04873	0.04796	0.10818	0.06555	0.02753	0.00619	0.00185	0.00527	0.09236	0.00437	0.02805
3	0.01576	0.16530	0.22652	0.08009	0.05715	0.10933	0.02584	0.05022	0.01319	0.17391	0.01246	0.01328	0.02275	0.00559	0.00491	0.00155	0.00674	0.00432	0.00346	0.00761
4	0.00781	0.00520	0.00585	0.00585	0.00585	0.00520	0.00325	0.00781	0.00781	0.01041	0.01691	0.03513	0.01952	0.81135	0.02732	0.00520	0.00520	0.00781	0.00325	0.00325
5	0.00728	0.00549	0.00683	0.00735	0.00843	0.00514	0.00546	0.00940	0.03991	0.01622	0.19401	0.33808	0.20139	0.01421	0.00666	0.00202	0.00321	0.11892	0.00519	0.00479
6	0.01048	0.01002	0.01710	0.64583	0.08215	0.01213	0.05554	0.01389	0.01079	0.01411	0.01000	0.03323	0.00797	0.00577	0.00610	0.00182	0.04932	0.00511	0.00248	0.00615
7	0.21967	0.14994	0.01499	0.03889	0.01445	0.10344	0.00854	0.20547	0.02839	0.10297	0.01163	0.03305	0.00904	0.00594	0.00448	0.00154	0.00558	0.00424	0.03056	0.00722
8	0.00958	0.00594	0.00774	0.00703	0.00868	0.00539	0.00536	0.01199	0.01505	0.11573	0.64198	0.03801	0.08548	0.01058	0.00622	0.00169	0.00280	0.00926	0.00595	0.00554
9	0.01266	0.01178	0.01995	0.10495	0.61652	0.01199	0.03373	0.01586	0.01200	0.01738	0.01074	0.01403	0.00884	0.00497	0.00520	0.00159	0.00617	0.00484	0.07891	0.00790
10	0.00925	0.00669	0.00881	0.00846	0.00951	0.00759	0.00650	0.06889	0.01029	0.01486	0.01550	0.02470	0.01490	0.16178	0.41808	0.00593	0.05646	0.05316	0.09366	0.00497
11	0.00749	0.00548	0.00703	0.00664	0.00795	0.00502	0.00498	0.00992	0.01494	0.02093	0.71392	0.04108	0.11213	0.01120	0.00633	0.00170	0.00255	0.00985	0.00583	0.00502
12	0.00760	0.00549	0.00718	0.00675	0.00802	0.00506	0.00506	0.01013	0.01519	0.02153	0.77503	0.04010	0.05065	0.01097	0.00633	0.00169	0.00253	0.00971	0.00591	0.00506
13	0.00781	0.00520	0.00585	0.00585	0.00585	0.00520	0.00325	0.00781	0.00781	0.01041	0.01691	0.03513	0.01952	0.81135	0.02732	0.00520	0.00520	0.00781	0.00325	0.00325
14	0.01435	0.81458	0.02813	0.00918	0.01378	0.02124	0.00918	0.01607	0.01091	0.01263	0.00746	0.00861	0.00689	0.00459	0.00344	0.00115	0.00574	0.00287	0.00230	0.00689
15	0.01077	0.02777	0.78354	0.01530	0.02323	0.01247	0.01983	0.01700	0.01133	0.01700	0.00963	0.01133	0.00680	0.00510	0.00510	0.00170	0.00793	0.00397	0.00227	0.00793
16	0.02408	0.00914	0.01246	0.00955	0.01370	0.00789	0.00789	0.02616	0.01536	0.78158	0.02118	0.01827	0.01329	0.00664	0.00540	0.00166	0.00457	0.00540	0.00664	0.00914
17	0.01435	0.81458	0.02813	0.00918	0.01378	0.02124	0.00918	0.01607	0.01091	0.01263	0.00746	0.00861	0.00689	0.00459	0.00344	0.00115	0.00574	0.00287	0.00230	0.00689
18	0.00842	0.00601	0.00838	0.00962	0.01076	0.00598	0.00825	0.01072	0.01213	0.01580	0.02855	0.14261	0.03140	0.01505	0.00735	0.00244	0.00474	0.66196	0.00495	0.00488
19	0.00654	0.00467	0.00623	0.00747	0.00779	0.00436	0.00498	0.00747	0.01028	0.01370	0.02959	0.80785	0.03550	0.01682	0.00685	0.00218	0.00311	0.01526	0.00498	0.00436
20	0.00654	0.00467	0.00623	0.00747	0.00779	0.00436	0.00498	0.00747	0.01028	0.01370	0.02959	0.80785	0.03550	0.01682	0.00685	0.00218	0.00311	0.01526	0.00498	0.00436
21	0.06622	0.00803	0.00773	0.00690	0.00892	0.03651	0.00539	0.15564	0.01401	0.02269	0.03096	0.01795	0.01286	0.00628	0.00413	0.00136	0.00352	0.00487	0.58015	0.00589
22	0.84927	0.01038	0.00789	0.00706	0.01038	0.01204	0.00581	0.01578	0.00914	0.02408	0.00747	0.00872	0.00581	0.00498	0.00332	0.00166	0.00415	0.00291	0.00332	0.00581
23	0.27630	0.01360	0.01357	0.01072	0.01471	0.01522	0.00885	0.53021	0.02027	0.03082	0.01122	0.01160	0.00811	0.00599	0.00474	0.00163	0.00537	0.00424	0.00474	0.00811
24	0.00780	0.00524	0.00602	0.00602	0.00607	0.00529	0.00345	0.00791	0.00785	0.01053	0.01677	0.03431	0.01916	0.76671	0.07148	0.00540	0.00574	0.00769	0.00323	0.00334
25	0.01304	0.01553	0.15273	0.01892	0.02420	0.01242	0.49450	0.01738	0.01271	0.08683	0.06055	0.01586	0.01108	0.00539	0.00642	0.00179	0.03409	0.00602	0.00319	0.00734
26	0.01851	0.02309	0.01535	0.13560	0.01976	0.66908	0.01108	0.02024	0.01452	0.01323	0.00849	0.01040	0.00695	0.00551	0.00492	0.00145	0.00929	0.00366	0.00271	0.00618
27	0.01298	0.13823	0.02870	0.02174	0.14586	0.01479	0.48179	0.01667	0.01208	0.01631	0.01000	0.01323	0.00795	0.00484	0.00634	0.00170	0.05140	0.00546	0.00262	0.00731
28	0.00727	0.00540	0.00676	0.00657	0.00785	0.00490	0.00487	0.00943	0.01419	0.01949	0.57154	0.11211	0.18578	0.01200	0.00638	0.00176	0.00262	0.01052	0.00565	0.00490
29	0.06145	0.07933	0.00797	0.00618	0.00815	0.00662	0.00482	0.00934	0.01217	0.01587	0.15379	0.07589	0.49639	0.03118	0.00641	0.00182	0.00313	0.00986	0.00473	0.00487
30	0.01036	0.00975	0.01626	0.67795	0.03364	0.01217	0.03727	0.01371	0.01058	0.01395	0.00961	0.01426	0.00739	0.00574	0.00646	0.00182	0.07933	0.00482	0.02897	0.00596
31	0.00653	0.00471	0.00619	0.00737	0.00776	0.00437	0.00494	0.00749	0.01038	0.01375	0.03090	0.76785	0.07465	0.01665	0.00682	0.00216	0.00309	0.01505	0.00498	0.00437
32	0.00644	0.00539	0.00562	0.00577	0.00743	0.00457	0.00431	0.00780	0.01206	0.01448	0.05127	0.12074	0.68387	0.01393	0.00643	0.00187	0.00283	0.03570	0.00498	0.00453
33	0.01769	0.11029	0.01700	0.01323	0.01576	0.47010	0.01051	0.08622	0.01417	0.01492	0.00836	0.01029	0.00714	0.00632	0.00743	0.00158	0.17587	0.00378	0.00286	0.00649
34	0.00806	0.00574	0.00791	0.00910	0.01004	0.00566	0.00748	0.01003	0.01164	0.01523	0.02831	0.25775	0.03170	0.04462	0.00800	0.00249	0.00447	0.52216	0.00489	0.00473
35	0.00699	0.00487	0.00617	0.00702	0.00726	0.00467	0.00452	0.00767	0.00955	0.01272	0.02557	0.54672	0.03036	0.26709	0.01331	0.00314	0.00382	0.03010	0.00444	0.00402
36	0.01014	0.00954	0.01610	0.79845	0.03697	0.01193	0.01491	0.01371	0.01073	0.01371	0.00954	0.01431	0.00716	0.00537	0.00537	0.00179	0.00716	0.00477	0.00239	0.00596
37	0.00761	0.00514	0.00600	0.00619	0.00627	0.00512	0.00363	0.00781	0.00822	0.01098	0.01880	0.15461	0.02180	0.66361	0.04832	0.00484	0.00517	0.00890	0.00351	0.00347
38	0.04113	0.52573	0.26214	0.01112	0.01661	0.01810	0.01244	0.01628	0.01092	0.01438	0.00813	0.00953	0.00683	0.00487	0.00426	0.00136	0.02343	0.00325	0.00232	0.00716
39	0.01077	0.02777	0.78354	0.01530	0.02323	0.01247	0.01983	0.01700	0.01133	0.01700	0.00963	0.01133	0.00680	0.00510	0.00510	0.00170	0.00793	0.00397	0.00227	0.00793
40	0.01300	0.01246	0.02127	0.10258	0.71047	0.01268	0.01633	0.01622	0.01209	0.01719	0.01005	0.01338	0.00838	0.00484	0.00532	0.00161	0.00645	0.00478	0.00263	0.00827
41	0.00956	0.00932	0.01788	0.06528	0.04185	0.00894	0.31639	0.01229	0.01160	0.01565	0.05697	0.36731	0.02233	0.01035	0.00647	0.00196	0.00589	0.01031	0.00386	0.00581
42	0.00668	0.00484	0.00631	0.00724	0.00779	0.00447	0.00494	0.00787	0.01111	0.01488	0.13893	0.64830	0.08524	0.01577	0.00674	0.00209	0.00300	0.01420	0.00512	0.00447
43	0.02085	0.01433	0.01567	0.01201	0.01629	0.01559	0.00992	0.67165	0.02405	0.12383	0.01389	0.01354	0.00963	0.00647	0.00537	0.00162	0.00575	0.00490	0.00552	0.00913
44	0.01119	0.01142	0.04468	0.50728	0.22141	0.01231	0.08546	0.01484	0.01131	0.01511	0.00981	0.01397	0.00757	0.00513	0.00544	0.00174	0.00716	0.00489	0.00248	0.00679
45	0.03523	0.00897	0.02239	0.01006	0.03099	0.00890	0.00794	0.20631	0.01548	0.09848	0.04121	0.20866	0.09107	0.01141	0.00623	0.00197	0.00455	0.17859	0.00512	0.00645
46	0.03989	0.01484	0.09425	0.08990	0.22972	0.12306	0.09883	0.03329	0.03275	0.07820	0.01151	0.01414	0.00904	0.00929	0.09559	0.00244	0.00802	0.00483	0.00312	0.00730
47	0.05789	0.16469	0.11100	0.01578	0.12525	0.15690	0.07968	0.07498	0.08667	0.01756	0.01088	0.03078	0.00895	0.00571	0.00528	0.00157	0.03146	0.00451	0.00313	0.00733

[dist]
# distance from previous block
# <min> <max>
36	93

[block]
# block no. 7 follows, 45 sequences, length 7
# corresponding to MSA columns:
# 551-557
name=unknown_H
#
# <colnr> <probs for GDERKNQSTAVLIFYWHMCP>
#	G	D	E	R	K	N	Q	S	T	A	V	L	I	F	Y	W	H	M	C	P
0	0.10571	0.12119	0.44226	0.01448	0.07817	0.08009	0.01520	0.01678	0.01161	0.01716	0.04388	0.01202	0.00884	0.00530	0.00475	0.00159	0.00702	0.00399	0.00263	0.00733
1	0.03888	0.07443	0.11282	0.01223	0.01609	0.20419	0.06950	0.04772	0.12372	0.12275	0.06183	0.04730	0.03178	0.00673	0.00524	0.00162	0.00646	0.00543	0.00404	0.00721
2	0.05044	0.07552	0.25426	0.04200	0.07608	0.06159	0.05989	0.14247	0.05714	0.09163	0.03072	0.01349	0.00962	0.00567	0.00512	0.00163	0.00665	0.00459	0.00361	0.00787
3	0.03110	0.03845	0.17358	0.01143	0.01531	0.03494	0.01086	0.07646	0.13899	0.16517	0.04472	0.01770	0.01293	0.00702	0.00665	0.00174	0.09838	0.03602	0.04400	0.03456
4	0.23240	0.01192	0.12888	0.02596	0.05297	0.00994	0.00899	0.06129	0.05352	0.05381	0.17542	0.04855	0.03416	0.00744	0.00535	0.02108	0.00463	0.00575	0.00411	0.05382
5	0.17895	0.01291	0.05182	0.01103	0.04613	0.07018	0.00886	0.20114	0.05821	0.04149	0.06183	0.01795	0.05529	0.00686	0.00537	0.00161	0.03152	0.03562	0.00419	0.09905
6	0.03241	0.05684	0.04203	0.06131	0.01459	0.03350	0.05789	0.09178	0.09408	0.11600	0.17639	0.09259	0.09085	0.00864	0.00568	0.00172	0.00476	0.00741	0.00479	0.00672

[dist]
# distance from previous block
# <min> <max>
0	1

[block]
# block no. 8 follows, 45 sequences, length 80
# corresponding to MSA columns:
# 559-615,617-639
name=unknown_I
#
# <colnr> <probs for GDERKNQSTAVLIFYWHMCP>
#	G	D	E	R	K	N	Q	S	T	A	V	L	I	F	Y	W	H	M	C	P
0	0.02800	0.01112	0.03867	0.34432	0.22770	0.01179	0.04172	0.08663	0.01295	0.01774	0.07370	0.01697	0.03160	0.00687	0.02634	0.00189	0.00656	0.00538	0.00314	0.00691
1	0.01294	0.01211	0.01875	0.31992	0.35477	0.03504	0.02743	0.08907	0.02532	0.01752	0.01024	0.01362	0.00809	0.00535	0.00567	0.00169	0.02738	0.00479	0.00286	0.00745
2	0.08876	0.54292	0.11902	0.01013	0.01481	0.01854	0.01032	0.07601	0.01184	0.01591	0.00830	0.00963	0.00709	0.00566	0.01943	0.00148	0.02718	0.00327	0.00264	0.00704
3	0.00919	0.00475	0.00712	0.00712	0.00720	0.00483	0.00483	0.00720	0.00712	0.00958	0.00973	0.01670	0.00965	0.02039	0.08307	0.77640	0.00545	0.00475	0.00237	0.00253
4	0.01012	0.00907	0.01511	0.55938	0.12565	0.01070	0.01330	0.01291	0.01058	0.01384	0.01157	0.09266	0.01030	0.00749	0.00677	0.06978	0.00646	0.00580	0.00267	0.00583
5	0.01034	0.00994	0.01736	0.73582	0.03625	0.01206	0.07493	0.01400	0.01089	0.01400	0.00965	0.01432	0.00724	0.00530	0.00544	0.00179	0.00731	0.00490	0.00241	0.00607
6	0.01059	0.00841	0.00894	0.00806	0.00985	0.08362	0.00616	0.07244	0.01576	0.05597	0.56525	0.03360	0.05610	0.01079	0.02908	0.00186	0.00396	0.00842	0.00548	0.00567
7	0.01039	0.00980	0.01656	0.73665	0.09678	0.01199	0.01503	0.01394	0.01085	0.01402	0.00959	0.01423	0.00726	0.00532	0.00536	0.00177	0.00709	0.00477	0.00241	0.00617
8	0.01289	0.01333	0.06348	0.09377	0.67630	0.01267	0.01653	0.01628	0.01205	0.01720	0.01003	0.01326	0.00830	0.00485	0.00531	0.00162	0.00653	0.00474	0.00261	0.00827
9	0.01010	0.03774	0.08583	0.00887	0.01165	0.05288	0.00768	0.03497	0.18758	0.01799	0.14746	0.03259	0.27894	0.01106	0.03813	0.00202	0.00465	0.01900	0.00468	0.00618
10	0.00768	0.00569	0.00833	0.00833	0.00919	0.00655	0.00634	0.00940	0.00854	0.01224	0.01465	0.02259	0.01407	0.12272	0.70851	0.00826	0.01340	0.00597	0.00292	0.00463
11	0.01272	0.03451	0.26996	0.08824	0.20546	0.02726	0.02937	0.05810	0.07686	0.05451	0.03830	0.03648	0.01144	0.00615	0.00537	0.00170	0.00651	0.02602	0.00331	0.00772
12	0.01014	0.00954	0.01610	0.79845	0.03697	0.01193	0.01491	0.01371	0.01073	0.01371	0.00954	0.01431	0.00716	0.00537	0.00537	0.00179	0.00716	0.00477	0.00239	0.00596
13	0.02041	0.01504	0.01611	0.01235	0.01665	0.01665	0.01020	0.75997	0.02524	0.03383	0.01289	0.01289	0.00913	0.00644	0.00537	0.00161	0.00591	0.00483	0.00537	0.00913
14	0.01329	0.01275	0.02179	0.03295	0.77787	0.01275	0.01647	0.01647	0.01222	0.01754	0.01010	0.01329	0.00850	0.00478	0.00531	0.00159	0.00638	0.00478	0.00266	0.00850
15	0.01267	0.01448	0.03167	0.02262	0.02805	0.01357	0.75837	0.01719	0.01267	0.01719	0.01086	0.01448	0.00814	0.00452	0.00633	0.00181	0.00905	0.00633	0.00271	0.00724
16	0.00767	0.00575	0.00863	0.00863	0.00959	0.00671	0.00671	0.00959	0.00863	0.01246	0.01438	0.02109	0.01342	0.04026	0.79008	0.00863	0.01438	0.00575	0.00288	0.00479
17	0.00666	0.00545	0.00589	0.00586	0.00752	0.00468	0.00441	0.00829	0.01281	0.01596	0.20061	0.06196	0.59575	0.01314	0.00638	0.00181	0.00275	0.03024	0.00517	0.00465
18	0.00781	0.00520	0.00585	0.00585	0.00585	0.00520	0.00325	0.00781	0.00781	0.01041	0.01691	0.03513	0.01952	0.81135	0.02732	0.00520	0.00520	0.00781	0.00325	0.00325
19	0.00749	0.00548	0.00702	0.00664	0.00795	0.00502	0.00498	0.00991	0.01493	0.02090	0.71067	0.04113	0.11540	0.01121	0.00633	0.00170	0.00255	0.00985	0.00583	0.00502
20	0.02408	0.00914	0.01246	0.00955	0.01370	0.00789	0.00789	0.02616	0.01536	0.78158	0.02118	0.01827	0.01329	0.00664	0.00540	0.00166	0.00457	0.00540	0.00664	0.00914
21	0.02408	0.00914	0.01246	0.00955	0.01370	0.00789	0.00789	0.02616	0.01536	0.78158	0.02118	0.01827	0.01329	0.00664	0.00540	0.00166	0.00457	0.00540	0.00664	0.00914
22	0.01335	0.01153	0.01214	0.01092	0.01396	0.01335	0.00850	0.02852	0.76817	0.02245	0.02185	0.02003	0.01639	0.00728	0.00546	0.00182	0.00425	0.00607	0.00546	0.00850
23	0.00654	0.00467	0.00623	0.00747	0.00779	0.00436	0.00498	0.00747	0.01028	0.01370	0.02959	0.80785	0.03550	0.01682	0.00685	0.00218	0.00311	0.01526	0.00498	0.00436
