[name]
unknown

[dist]
# distance from previous block
# <min> <max>
30	1780

[block]
# block no. 0 follows, 48 sequences, length 44
# corresponding to MSA columns:
# 1903-1946
name=unknown_A
#
# <colnr> <probs for GDERKNQSTAVLIFYWHMCP>
#	G	D	E	R	K	N	Q	S	T	A	V	L	I	F	Y	W	H	M	C	P
0	0.01509	0.03660	0.01304	0.03858	0.02981	0.04360	0.02731	0.28965	0.08747	0.10087	0.01577	0.13215	0.01344	0.00732	0.00509	0.00155	0.00489	0.00607	0.06067	0.07105
1	0.03590	0.00749	0.02921	0.05900	0.01170	0.00807	0.00738	0.05386	0.00967	0.01422	0.02980	0.03578	0.01265	0.07559	0.44866	0.00550	0.06810	0.00541	0.02084	0.06118
2	0.52164	0.04616	0.04736	0.00882	0.02945	0.01184	0.00742	0.07935	0.03218	0.13760	0.01005	0.01062	0.00734	0.00527	0.00417	0.00158	0.02533	0.00350	0.00374	0.00656
3	0.06158	0.19539	0.23106	0.04061	0.12355	0.01360	0.10638	0.05023	0.02496	0.07135	0.01041	0.03057	0.00820	0.00512	0.00469	0.00151	0.00633	0.00434	0.00288	0.00724
4	0.03175	0.08320	0.55541	0.01375	0.02013	0.03097	0.03903	0.09525	0.03150	0.01773	0.00957	0.01101	0.00699	0.00512	0.00509	0.00159	0.02791	0.00390	0.00261	0.00749
5	0.00971	0.00590	0.00777	0.00729	0.02549	0.00539	0.00533	0.01187	0.01389	0.13557	0.56815	0.03484	0.07506	0.06238	0.00720	0.00183	0.00297	0.00851	0.00548	0.00536
6	0.00707	0.00519	0.00662	0.00636	0.00757	0.00474	0.00473	0.00927	0.01392	0.01936	0.65607	0.08822	0.12954	0.01112	0.00608	0.00166	0.00248	0.00978	0.00549	0.00474
7	0.66260	0.09110	0.02377	0.04059	0.01188	0.03684	0.00673	0.03195	0.00963	0.03620	0.00765	0.00888	0.00597	0.00482	0.00342	0.00154	0.00451	0.00297	0.00311	0.00584
8	0.01143	0.01089	0.01866	0.30512	0.46684	0.01168	0.03711	0.01462	0.01120	0.01540	0.01020	0.01494	0.00854	0.00516	0.00521	0.00163	0.00638	0.03535	0.00254	0.00709
9	0.01009	0.00975	0.01715	0.68726	0.07625	0.01160	0.08833	0.01358	0.01052	0.01364	0.00927	0.01364	0.00700	0.00502	0.00522	0.00170	0.00698	0.00471	0.00233	0.00595
10	0.00651	0.00504	0.00593	0.00607	0.00730	0.00446	0.00442	0.00808	0.01220	0.01591	0.29004	0.22617	0.36370	0.01289	0.00617	0.00178	0.00263	0.01120	0.00506	0.00446
11	0.01085	0.01030	0.01749	0.50833	0.32529	0.01170	0.01483	0.01413	0.01081	0.01452	0.00932	0.01330	0.00734	0.00491	0.00511	0.00164	0.00655	0.00456	0.00238	0.00664
12	0.00723	0.00524	0.00682	0.00642	0.00765	0.00483	0.00482	0.00962	0.01445	0.02040	0.76574	0.03862	0.06774	0.01056	0.00605	0.00162	0.00243	0.00932	0.00563	0.00483
13	0.00737	0.00535	0.00775	0.00780	0.00854	0.00606	0.00585	0.00876	0.00814	0.01158	0.01442	0.05280	0.01424	0.13654	0.63759	0.04219	0.01182	0.00606	0.00285	0.00428
14	0.00891	0.00446	0.00668	0.00668	0.00668	0.00446	0.00446	0.00668	0.00668	0.00891	0.00891	0.01560	0.00891	0.01783	0.02005	0.85071	0.00446	0.00446	0.00223	0.00223
15	0.01064	0.00912	0.01064	0.00760	0.01216	0.00684	0.00608	0.01292	0.01064	0.01672	0.00912	0.01064	0.00760	0.00380	0.00380	0.00076	0.00380	0.00304	0.00304	0.85104
16	0.00690	0.00465	0.00616	0.00716	0.00765	0.00430	0.00485	0.00785	0.01007	0.04353	0.02869	0.76181	0.05594	0.01560	0.00648	0.00205	0.00302	0.01410	0.00483	0.00435
17	0.01372	0.82276	0.02689	0.00878	0.01317	0.02030	0.00878	0.01536	0.01043	0.01207	0.00713	0.00823	0.00658	0.00439	0.00329	0.00110	0.00549	0.00274	0.00219	0.00658
18	0.03295	0.18639	0.04569	0.08656	0.47193	0.04439	0.01364	0.03216	0.01159	0.01578	0.00899	0.01152	0.00754	0.00465	0.00463	0.00144	0.00613	0.00406	0.00251	0.00745
19	0.01778	0.01048	0.04319	0.02823	0.09852	0.02069	0.00906	0.11867	0.06751	0.39488	0.06706	0.01965	0.05061	0.00682	0.00527	0.00161	0.00475	0.02203	0.00524	0.00794
20	0.00891	0.00446	0.00668	0.00668	0.00668	0.00446	0.00446	0.00668	0.00668	0.00891	0.00891	0.01560	0.00891	0.01783	0.02005	0.85071	0.00446	0.00446	0.00223	0.00223
21	0.00733	0.00550	0.00825	0.00825	0.00916	0.00641	0.00641	0.00916	0.00825	0.01191	0.01374	0.02016	0.01283	0.03848	0.79934	0.00825	0.01374	0.00550	0.00275	0.00458
22	0.01130	0.14125	0.56274	0.01418	0.06632	0.01270	0.01613	0.01611	0.01100	0.04015	0.02309	0.01125	0.00760	0.00489	0.00464	0.00150	0.00684	0.00379	0.00242	0.04210
23	0.85592	0.00992	0.00754	0.00675	0.00992	0.01151	0.00556	0.01508	0.00873	0.02302	0.00714	0.00834	0.00556	0.00476	0.00318	0.00159	0.00397	0.00278	0.00318	0.00556
24	0.01123	0.00833	0.01082	0.24300	0.01725	0.00947	0.00848	0.16399	0.02841	0.01889	0.05439	0.01826	0.02534	0.04529	0.07330	0.00224	0.02074	0.00522	0.22952	0.00583
25	0.00715	0.00524	0.00671	0.00634	0.00760	0.00480	0.00476	0.00947	0.01427	0.01997	0.71872	0.03933	0.11503	0.01072	0.00605	0.00162	0.00244	0.00942	0.00557	0.00480
26	0.01271	0.05445	0.08551	0.03901	0.50648	0.01241	0.01396	0.03783	0.11159	0.03404	0.01248	0.01434	0.03189	0.00524	0.00502	0.00155	0.00579	0.00477	0.00305	0.00787
27	0.03880	0.05044	0.01371	0.02909	0.01422	0.01266	0.00851	0.44056	0.01864	0.16922	0.01469	0.05061	0.01161	0.06635	0.01819	0.00192	0.00532	0.02285	0.00489	0.00771
28	0.00752	0.00535	0.00681	0.00677	0.00706	0.00579	0.00449	0.00815	0.00782	0.01077	0.01560	0.06298	0.01710	0.51744	0.25787	0.00573	0.03895	0.00707	0.00304	0.00370
29	0.01480	0.63080	0.02382	0.00972	0.01369	0.17473	0.00898	0.03248	0.01150	0.01260	0.00753	0.00875	0.00676	0.00527	0.01911	0.00129	0.00640	0.00295	0.00236	0.00647
30	0.02985	0.03330	0.19452	0.03459	0.35893	0.01198	0.01404	0.09654	0.04448	0.05844	0.04768	0.01478	0.01063	0.00550	0.00506	0.00158	0.00597	0.02116	0.00323	0.00774
31	0.20040	0.07411	0.11448	0.01034	0.05019	0.07199	0.00886	0.06185	0.01223	0.13005	0.06215	0.07212	0.02793	0.00666	0.00464	0.00155	0.00502	0.02549	0.02046	0.03949
32	0.04344	0.01484	0.09892	0.01218	0.04557	0.06271	0.01023	0.40894	0.12380	0.05734	0.02913	0.03125	0.01079	0.00628	0.00504	0.00157	0.00559	0.00489	0.01951	0.00797
33	0.54089	0.01159	0.03455	0.10396	0.01439	0.05647	0.00778	0.09691	0.04109	0.02189	0.00877	0.01017	0.00669	0.00510	0.00384	0.00158	0.00488	0.00341	0.01995	0.00609
34	0.01245	0.01307	0.08416	0.10940	0.55798	0.01227	0.01507	0.04585	0.06757	0.01729	0.01048	0.01310	0.00843	0.00489	0.00508	0.00157	0.00613	0.00460	0.00278	0.00785
35	0.01123	0.01123	0.01572	0.01347	0.01347	0.01572	0.01123	0.01235	0.00786	0.01235	0.00674	0.01123	0.00674	0.00898	0.01684	0.00225	0.81028	0.00449	0.00225	0.00561
36	0.00750	0.00583	0.00817	0.16678	0.01319	0.00608	0.00671	0.00977	0.03571	0.01541	0.20697	0.38559	0.06003	0.01178	0.00598	0.00184	0.00361	0.01054	0.03373	0.00479
37	0.00691	0.00523	0.00637	0.00608	0.00745	0.00469	0.00456	0.00900	0.01369	0.01859	0.56850	0.04159	0.26611	0.01123	0.00606	0.00165	0.00247	0.00974	0.00539	0.00469
38	0.01155	0.01361	0.13997	0.13646	0.16596	0.01147	0.27279	0.01532	0.01149	0.04775	0.03542	0.04544	0.01013	0.00550	0.00580	0.00168	0.03133	0.00553	0.02594	0.00687
39	0.00733	0.00550	0.00825	0.00825	0.00916	0.00641	0.00641	0.00916	0.00825	0.01191	0.01374	0.02016	0.01283	0.03848	0.79934	0.00825	0.01374	0.00550	0.00275	0.00458
40	0.01276	0.65862	0.12125	0.00932	0.01380	0.01802	0.00969	0.01491	0.01049	0.01279	0.02942	0.02781	0.00867	0.02890	0.00431	0.00131	0.00560	0.00345	0.00237	0.00651
41	0.01464	0.81103	0.02731	0.00943	0.01385	0.02067	0.00917	0.01601	0.01104	0.01302	0.00814	0.00961	0.00752	0.00505	0.00373	0.00128	0.00580	0.00308	0.00254	0.00708
42	0.48879	0.10869	0.01118	0.00772	0.01115	0.01155	0.00650	0.04558	0.01091	0.20784	0.01084	0.01161	0.00801	0.03506	0.00459	0.00165	0.00435	0.00359	0.00390	0.00648
43	0.01109	0.19415	0.60156	0.01366	0.02048	0.01373	0.04607	0.01607	0.01080	0.01537	0.00882	0.01040	0.00657	0.00475	0.00459	0.00152	0.00718	0.00366	0.00219	0.00735

[dist]
# distance from previous block
# <min> <max>
0	1

[block]
# block no. 1 follows, 48 sequences, length 16
# corresponding to MSA columns:
# 1948-1963
name=unknown_B
#
# <colnr> <probs for GDERKNQSTAVLIFYWHMCP>
#	G	D	E	R	K	N	Q	S	T	A	V	L	I	F	Y	W	H	M	C	P
0	0.01048	0.11493	0.65482	0.01343	0.02023	0.01240	0.01688	0.01572	0.01103	0.01606	0.06014	0.01235	0.00927	0.00519	0.00477	0.00156	0.00701	0.00404	0.00240	0.00729
1	0.01029	0.02654	0.79309	0.01462	0.02221	0.01192	0.01896	0.01625	0.01083	0.01625	0.00921	0.01083	0.00650	0.00487	0.00487	0.00162	0.00758	0.00379	0.00217	0.00758
2	0.01144	0.06610	0.17862	0.01066	0.01413	0.01028	0.04351	0.14921	0.02613	0.04308	0.09219	0.08194	0.07148	0.04502	0.00677	0.00189	0.02558	0.11161	0.00401	0.00635
3	0.00651	0.00479	0.00611	0.00668	0.00744	0.00438	0.00467	0.00790	0.01143	0.01534	0.24793	0.48742	0.14241	0.01405	0.00634	0.00190	0.00277	0.01255	0.00502	0.00438
4	0.01345	0.60608	0.08196	0.00952	0.01378	0.07628	0.00937	0.01630	0.06449	0.01331	0.02649	0.01105	0.02954	0.00504	0.00378	0.00123	0.00568	0.00344	0.00258	0.00662
5	0.00624	0.00452	0.00590	0.00701	0.00741	0.00418	0.00470	0.00716	0.00995	0.01315	0.02990	0.76377	0.08544	0.01586	0.00652	0.00206	0.00295	0.01433	0.00476	0.00418
6	0.30475	0.01222	0.07007	0.03197	0.06484	0.02499	0.00889	0.20919	0.01444	0.14962	0.05343	0.01311	0.01016	0.00571	0.00448	0.00157	0.00495	0.00424	0.00418	0.00718
7	0.01286	0.01480	0.13955	0.04739	0.47528	0.05914	0.01457	0.08646	0.01287	0.01777	0.03369	0.04189	0.00994	0.00542	0.00511	0.00156	0.00627	0.00488	0.00290	0.00765
8	0.01029	0.02654	0.79309	0.01462	0.02221	0.01192	0.01896	0.01625	0.01083	0.01625	0.00921	0.01083	0.00650	0.00487	0.00487	0.00162	0.00758	0.00379	0.00217	0.00758
9	0.01245	0.04826	0.02056	0.10682	0.67888	0.01248	0.01529	0.01547	0.01149	0.01619	0.00949	0.01260	0.00793	0.00462	0.00500	0.00152	0.00614	0.00449	0.00250	0.00782
10	0.00665	0.00525	0.00578	0.00580	0.00705	0.00478	0.00413	0.00810	0.02715	0.01378	0.10963	0.09677	0.46627	0.16126	0.05261	0.00269	0.00368	0.00994	0.00445	0.00424
11	0.01069	0.08116	0.68868	0.01533	0.07206	0.01252	0.01804	0.01615	0.01086	0.01599	0.00909	0.01077	0.00661	0.00482	0.00478	0.00158	0.00734	0.00377	0.00219	0.00755
12	0.00869	0.00446	0.00662	0.00672	0.00675	0.00443	0.00448	0.00672	0.00695	0.00927	0.01056	0.08364	0.01104	0.01768	0.01891	0.77860	0.00433	0.00532	0.00244	0.00239
13	0.00942	0.00624	0.02370	0.02074	0.00932	0.00553	0.00575	0.01175	0.03588	0.12648	0.35059	0.22350	0.10927	0.01129	0.00601	0.00176	0.00314	0.02901	0.00528	0.00534
14	0.03977	0.07249	0.27729	0.01473	0.09944	0.01147	0.10443	0.04595	0.01244	0.15549	0.08309	0.01493	0.01189	0.00568	0.00537	0.00160	0.02824	0.00485	0.00348	0.00737
15	0.09989	0.08655	0.47531	0.01208	0.01802	0.01186	0.01413	0.01739	0.06354	0.09240	0.03069	0.01227	0.00875	0.00522	0.00462	0.00156	0.00624	0.00399	0.00301	0.03249

[dist]
# distance from previous block
# <min> <max>
6	62

[block]
# block no. 2 follows, 48 sequences, length 6
# corresponding to MSA columns:
# 2029-2034
name=unknown_C
#
# <colnr> <probs for GDERKNQSTAVLIFYWHMCP>
#	G	D	E	R	K	N	Q	S	T	A	V	L	I	F	Y	W	H	M	C	P
0	0.00969	0.00912	0.01539	0.80734	0.03534	0.01140	0.01425	0.01311	0.01026	0.01311	0.00912	0.01368	0.00684	0.00513	0.00513	0.00171	0.00684	0.00456	0.00228	0.00570
1	0.00803	0.00722	0.00714	0.00798	0.00860	0.11362	0.00547	0.00898	0.01047	0.01302	0.02548	0.70520	0.03017	0.01459	0.00628	0.00198	0.00384	0.01303	0.00447	0.00441
2	0.01141	0.01149	0.01657	0.54001	0.20981	0.09615	0.01414	0.01452	0.01105	0.01391	0.00912	0.01297	0.00712	0.00502	0.00506	0.00162	0.00692	0.00443	0.00238	0.00630
3	0.00997	0.01114	0.09909	0.57912	0.13037	0.01118	0.01445	0.01348	0.01048	0.01392	0.01021	0.05552	0.00840	0.00561	0.00517	0.00170	0.00662	0.00501	0.00243	0.00614
4	0.33421	0.03118	0.00961	0.00818	0.01087	0.03806	0.00665	0.09469	0.01208	0.12639	0.04505	0.04915	0.03805	0.04693	0.03778	0.00210	0.00483	0.09404	0.00414	0.00600
5	0.05501	0.01103	0.01304	0.11983	0.01657	0.01181	0.00896	0.35615	0.03949	0.16580	0.01446	0.07008	0.01133	0.03700	0.00587	0.00171	0.00516	0.00539	0.00468	0.04663

[dist]
# distance from previous block
# <min> <max>
13	67

[block]
# block no. 3 follows, 48 sequences, length 15
# corresponding to MSA columns:
# 2107-2121
name=unknown_D
#
# <colnr> <probs for GDERKNQSTAVLIFYWHMCP>
#	G	D	E	R	K	N	Q	S	T	A	V	L	I	F	Y	W	H	M	C	P
0	0.15568	0.15399	0.09028	0.00987	0.01384	0.03993	0.00902	0.20829	0.01469	0.16213	0.04179	0.01286	0.00992	0.00572	0.00469	0.00149	0.02233	0.00415	0.03205	0.00728
1	0.08705	0.30439	0.21037	0.02342	0.01445	0.02271	0.01024	0.01519	0.03144	0.06318	0.07976	0.03711	0.05733	0.00629	0.00461	0.01285	0.00532	0.00467	0.00314	0.00648
2	0.22896	0.18567	0.16629	0.04962	0.01555	0.03341	0.01061	0.08971	0.01131	0.04360	0.00855	0.01016	0.00675	0.00549	0.00576	0.00157	0.11393	0.00356	0.00289	0.00661
3	0.01467	0.60383	0.02422	0.01201	0.11751	0.01790	0.00966	0.05330	0.01163	0.08089	0.00886	0.00983	0.00742	0.00467	0.00378	0.00122	0.00548	0.00329	0.00274	0.00708
4	0.01384	0.45348	0.05743	0.00961	0.01347	0.01639	0.00892	0.18843	0.04684	0.01748	0.01187	0.11850	0.01115	0.00650	0.00431	0.00139	0.00522	0.00495	0.00335	0.00687
5	0.01575	0.06638	0.05266	0.01356	0.11869	0.01355	0.01015	0.36622	0.11182	0.05783	0.04549	0.01437	0.01119	0.00701	0.03104	0.00173	0.00558	0.00477	0.00436	0.04786
6	0.03176	0.21286	0.28369	0.02622	0.01764	0.02874	0.04453	0.18549	0.03749	0.04215	0.01070	0.03752	0.00843	0.00551	0.00464	0.00150	0.00627	0.00426	0.00319	0.00740
7	0.01441	0.68572	0.02495	0.00935	0.01355	0.01955	0.00900	0.11687	0.01218	0.01481	0.00782	0.00889	0.00688	0.00479	0.00401	0.00120	0.03355	0.00306	0.00259	0.00684
8	0.03312	0.06061	0.54525	0.01379	0.05171	0.01123	0.01578	0.01598	0.01118	0.06722	0.01222	0.01749	0.01006	0.00618	0.00508	0.00169	0.00673	0.10466	0.00283	0.00720
9	0.04496	0.62993	0.07312	0.00877	0.01289	0.01734	0.00879	0.01465	0.01094	0.01391	0.11193	0.01245	0.01217	0.00526	0.00376	0.00122	0.00515	0.00369	0.00270	0.00638
10	0.00859	0.00460	0.00664	0.00658	0.00674	0.00454	0.00442	0.00714	0.00779	0.01055	0.11381	0.01984	0.01487	0.06971	0.01857	0.68070	0.00422	0.00530	0.00275	0.00264
11	0.46912	0.03865	0.06733	0.01220	0.13835	0.05039	0.00886	0.01520	0.01009	0.03177	0.05499	0.01142	0.00891	0.00540	0.00479	0.00160	0.05796	0.00371	0.00308	0.00618
12	0.01265	0.01176	0.01835	0.07797	0.55314	0.04890	0.03013	0.03141	0.01229	0.04246	0.06260	0.01641	0.03251	0.00555	0.00522	0.00156	0.00592	0.02067	0.00302	0.00748
13	0.05651	0.14972	0.13057	0.11974	0.05578	0.27598	0.01150	0.06132	0.01275	0.01534	0.04215	0.01152	0.00858	0.00535	0.00481	0.00145	0.02386	0.00385	0.00274	0.00645
14	0.10693	0.00877	0.01024	0.00864	0.02262	0.00849	0.00680	0.10813	0.06222	0.21444	0.17061	0.03903	0.05167	0.00736	0.00505	0.00152	0.00392	0.02940	0.00495	0.12919

[dist]
# distance from previous block
# <min> <max>
25	81

[block]
# block no. 4 follows, 48 sequences, length 12
# corresponding to MSA columns:
# 2203-2214
name=unknown_E
#
# <colnr> <probs for GDERKNQSTAVLIFYWHMCP>
#	G	D	E	R	K	N	Q	S	T	A	V	L	I	F	Y	W	H	M	C	P
0	0.01266	0.01228	0.01925	0.11420	0.61940	0.05018	0.01473	0.03734	0.01203	0.01651	0.01099	0.01384	0.03370	0.00499	0.00510	0.00154	0.00620	0.00472	0.00267	0.00765
1	0.00991	0.00911	0.01448	0.57842	0.08712	0.01069	0.01266	0.01381	0.06460	0.01420	0.01155	0.07920	0.00981	0.00603	0.00517	0.00167	0.00609	0.00537	0.00276	0.05735
2	0.01249	0.01189	0.01979	0.08500	0.67966	0.01218	0.01510	0.01637	0.06573	0.01684	0.01041	0.01322	0.00857	0.00478	0.00509	0.00155	0.00600	0.00466	0.00271	0.00796
3	0.12351	0.01001	0.01148	0.01197	0.11664	0.06174	0.02029	0.04524	0.14311	0.09914	0.11010	0.13106	0.01856	0.00785	0.00517	0.00164	0.00449	0.02591	0.00436	0.04773
4	0.13745	0.05784	0.01213	0.06650	0.06223	0.03935	0.00804	0.21971	0.01469	0.02122	0.14242	0.02061	0.04859	0.05946	0.02641	0.00195	0.00504	0.03064	0.01945	0.00628
5	0.26645	0.14080	0.23379	0.01105	0.03884	0.06002	0.01089	0.05399	0.05797	0.06837	0.00978	0.01065	0.00735	0.00507	0.00417	0.00151	0.00572	0.00357	0.00311	0.00690
6	0.19907	0.01071	0.14567	0.00862	0.01177	0.00827	0.00809	0.01472	0.04442	0.12368	0.26629	0.04956	0.02310	0.00804	0.00547	0.02373	0.00416	0.03417	0.00441	0.00605
7	0.22063	0.06658	0.11056	0.01328	0.16084	0.01093	0.00988	0.04012	0.04149	0.15553	0.10895	0.01540	0.01338	0.00584	0.00461	0.00155	0.00486	0.00466	0.00387	0.00704
8	0.01414	0.01279	0.06755	0.07113	0.44400	0.03266	0.03837	0.07578	0.03527	0.11277	0.01154	0.01358	0.00888	0.00617	0.03144	0.00178	0.00635	0.00468	0.00326	0.00785
9	0.01013	0.04667	0.01020	0.00867	0.01048	0.00747	0.04323	0.10815	0.01259	0.06130	0.09544	0.36693	0.02559	0.06063	0.00714	0.00200	0.00404	0.06328	0.00456	0.05152
10	0.20616	0.20141	0.14410	0.01063	0.04214	0.01408	0.00983	0.16608	0.06176	0.02071	0.06884	0.01265	0.01058	0.00554	0.00429	0.00148	0.00522	0.00406	0.00347	0.00696
11	0.04576	0.01011	0.01262	0.01130	0.07928	0.01030	0.06129	0.27126	0.01550	0.02274	0.05409	0.04564	0.01259	0.02285	0.00514	0.00147	0.00458	0.00516	0.19254	0.11577

[dist]
# distance from previous block
# <min> <max>
22	62

[block]
# block no. 5 follows, 48 sequences, length 10
# corresponding to MSA columns:
# 2278-2287
name=unknown_F
#
# <colnr> <probs for GDERKNQSTAVLIFYWHMCP>
#	G	D	E	R	K	N	Q	S	T	A	V	L	I	F	Y	W	H	M	C	P
0	0.04406	0.01021	0.02688	0.03783	0.05295	0.02302	0.04999	0.18275	0.08688	0.07976	0.10594	0.13041	0.04739	0.00786	0.00531	0.00159	0.00461	0.00676	0.00448	0.09130
1	0.10442	0.11904	0.05709	0.01145	0.07788	0.10524	0.00887	0.15262	0.03188	0.04155	0.06436	0.08718	0.02567	0.00733	0.01675	0.00163	0.02477	0.00535	0.05037	0.00655
2	0.15944	0.06926	0.03858	0.01137	0.08798	0.16442	0.00825	0.06461	0.03639	0.04825	0.05331	0.13567	0.04287	0.03098	0.00543	0.00166	0.00531	0.00595	0.00364	0.02663
3	0.05841	0.07287	0.03715	0.00878	0.01135	0.10893	0.00712	0.06494	0.03133	0.12373	0.11701	0.16559	0.04724	0.03199	0.00578	0.00168	0.00463	0.02792	0.02088	0.05268
4	0.11823	0.34950	0.01784	0.01028	0.05506	0.11000	0.00836	0.01506	0.01102	0.04461	0.05547	0.02681	0.05189	0.00655	0.01887	0.00151	0.06397	0.00420	0.00297	0.02779
5	0.05075	0.09785	0.01514	0.01263	0.06347	0.36887	0.00940	0.13849	0.09089	0.04375	0.01102	0.02698	0.00885	0.00570	0.00462	0.00142	0.00686	0.00410	0.03239	0.00681
6	0.06685	0.03249	0.05200	0.00817	0.01111	0.00821	0.00693	0.07459	0.07080	0.19761	0.17781	0.04284	0.09382	0.00786	0.00511	0.00156	0.00384	0.01924	0.07524	0.04394
7	0.00829	0.00611	0.00803	0.00906	0.05874	0.00585	0.00606	0.06445	0.01163	0.03100	0.07756	0.53003	0.07037	0.01330	0.00618	0.00191	0.00345	0.04453	0.00467	0.03879
8	0.01201	0.06340	0.01098	0.00885	0.01125	0.00969	0.00702	0.03909	0.27487	0.11367	0.10898	0.09634	0.07936	0.03815	0.00661	0.00182	0.03506	0.04412	0.00484	0.03387
9	0.46532	0.03779	0.00935	0.00766	0.01060	0.03988	0.00623	0.08665	0.05415	0.06490	0.08629	0.01376	0.01177	0.00578	0.00396	0.00153	0.00411	0.00409	0.08011	0.00608

[dist]
# distance from previous block
# <min> <max>
0	1

[block]
# block no. 6 follows, 48 sequences, length 17
# corresponding to MSA columns:
# 2289-2305
name=unknown_G
#
# <colnr> <probs for GDERKNQSTAVLIFYWHMCP>
#	G	D	E	R	K	N	Q	S	T	A	V	L	I	F	Y	W	H	M	C	P
0	0.03341	0.05772	0.02687	0.00954	0.03507	0.00865	0.00768	0.04579	0.04760	0.49132	0.10068	0.04908	0.01642	0.00686	0.00510	0.00155	0.00428	0.00566	0.00550	0.04122
1	0.01856	0.01008	0.04384	0.00963	0.01313	0.00917	0.00804	0.20464	0.01606	0.42927	0.03708	0.14521	0.01573	0.00791	0.00539	0.00166	0.00454	0.00659	0.00561	0.00786
2	0.06117	0.09870	0.55173	0.01275	0.01920	0.01200	0.01542	0.01748	0.01128	0.13847	0.01063	0.01149	0.00743	0.00505	0.00467	0.00157	0.00667	0.00385	0.00289	0.00755
3	0.00969	0.00912	0.01539	0.80734	0.03534	0.01140	0.01425	0.01311	0.01026	0.01311	0.00912	0.01368	0.00684	0.00513	0.00513	0.00171	0.00684	0.00456	0.00228	0.00570
4	0.00746	0.00497	0.00560	0.00560	0.00560	0.00497	0.00311	0.00746	0.00746	0.00995	0.01617	0.03358	0.01865	0.81967	0.02612	0.00497	0.00497	0.00746	0.00311	0.00311
5	0.43977	0.01004	0.00960	0.00883	0.04286	0.03421	0.00673	0.09600	0.03443	0.12709	0.05882	0.04562	0.03038	0.00623	0.00422	0.00159	0.00424	0.00459	0.02839	0.00637
6	0.06002	0.00990	0.01537	0.01469	0.13712	0.00969	0.14744	0.08263	0.03561	0.19044	0.03619	0.09323	0.03063	0.00755	0.00553	0.00172	0.00528	0.08487	0.02509	0.00700
7	0.00969	0.00912	0.01539	0.80734	0.03534	0.01140	0.01425	0.01311	0.01026	0.01311	0.00912	0.01368	0.00684	0.00513	0.00513	0.00171	0.00684	0.00456	0.00228	0.00570
8	0.01063	0.09760	0.61917	0.01419	0.02085	0.01259	0.06653	0.01581	0.01094	0.01594	0.03973	0.01189	0.00826	0.00513	0.00520	0.00160	0.03024	0.00408	0.00234	0.00728
9	0.01928	0.01115	0.08155	0.01005	0.01407	0.00953	0.00885	0.12279	0.10633	0.48336	0.04359	0.01818	0.01360	0.00662	0.00522	0.00162	0.00473	0.02553	0.00561	0.00832
10	0.03459	0.08619	0.58576	0.01475	0.02136	0.01285	0.10921	0.01601	0.01078	0.01598	0.00903	0.01094	0.00665	0.00494	0.00534	0.00162	0.04049	0.00399	0.00225	0.00729
11	0.01258	0.01207	0.02062	0.06168	0.75840	0.01216	0.01569	0.01564	0.01163	0.01662	0.00963	0.01274	0.00808	0.00459	0.00508	0.00153	0.00612	0.00457	0.00253	0.00803
12	0.00725	0.00491	0.00576	0.00603	0.00613	0.00485	0.00361	0.00751	0.00807	0.01075	0.01893	0.18911	0.02204	0.63382	0.02161	0.00432	0.00457	0.03388	0.00349	0.00337
13	0.06140	0.01025	0.03695	0.25203	0.19453	0.01096	0.01159	0.01359	0.02772	0.01497	0.00933	0.01305	0.00780	0.02138	0.00771	0.05401	0.11549	0.00431	0.01860	0.11434
14	0.00746	0.00497	0.00560	0.00560	0.00560	0.00497	0.00311	0.00746	0.00746	0.00995	0.01617	0.03358	0.01865	0.81967	0.02612	0.00497	0.00497	0.00746	0.00311	0.00311
15	0.00638	0.00456	0.00608	0.00718	0.00756	0.00426	0.00488	0.00741	0.01017	0.01362	0.07358	0.74497	0.03466	0.01568	0.00654	0.00206	0.00300	0.03837	0.00481	0.00423
16	0.62336	0.01123	0.05681	0.06685	0.05980	0.01182	0.02106	0.03582	0.02487	0.02143	0.00802	0.00961	0.00621	0.00494	0.00394	0.00161	0.02026	0.00327	0.00308	0.00600

[dist]
# distance from previous block
# <min> <max>
0	2

[block]
# block no. 7 follows, 48 sequences, length 52
# corresponding to MSA columns:
# 2308-2359
name=unknown_H
#
# <colnr> <probs for GDERKNQSTAVLIFYWHMCP>
#	G	D	E	R	K	N	Q	S	T	A	V	L	I	F	Y	W	H	M	C	P
0	0.21852	0.27581	0.15427	0.03347	0.02738	0.11639	0.00996	0.01594	0.01098	0.03375	0.05440	0.01109	0.00899	0.00512	0.00401	0.00141	0.00582	0.00354	0.00279	0.00637
1	0.00975	0.00924	0.01576	0.78761	0.03513	0.01144	0.03321	0.01319	0.01031	0.01319	0.00915	0.01368	0.00686	0.00511	0.00515	0.00171	0.00689	0.00460	0.00229	0.00573
2	0.01129	0.01075	0.01828	0.39460	0.43557	0.01182	0.01505	0.01451	0.01102	0.01505	0.00940	0.01316	0.00752	0.00483	0.00510	0.00161	0.00644	0.00457	0.00242	0.00699
3	0.01372	0.82276	0.02689	0.00878	0.01317	0.02030	0.00878	0.01536	0.01043	0.01207	0.00713	0.00823	0.00658	0.00439	0.00329	0.00110	0.00549	0.00274	0.00219	0.00658
4	0.02220	0.00880	0.01182	0.00912	0.01297	0.00775	0.00751	0.05313	0.01504	0.72862	0.05298	0.01817	0.01409	0.00652	0.00520	0.00159	0.00433	0.00532	0.00627	0.00856
5	0.01495	0.01612	0.04640	0.04117	0.42173	0.22346	0.01344	0.09800	0.01357	0.01703	0.00933	0.01163	0.00764	0.00513	0.00543	0.00151	0.03900	0.00421	0.00282	0.00743
6	0.35050	0.00977	0.01280	0.40371	0.10414	0.01153	0.01091	0.01418	0.00979	0.01748	0.00838	0.01143	0.00646	0.00492	0.00434	0.00164	0.00561	0.00384	0.00267	0.00590
7	0.00984	0.00922	0.01553	0.73415	0.08298	0.01129	0.01417	0.01321	0.01040	0.01341	0.00968	0.01491	0.00759	0.00536	0.00518	0.00172	0.00673	0.02643	0.00237	0.00583
8	0.01141	0.00997	0.01519	0.48851	0.08415	0.01186	0.02702	0.12431	0.01224	0.01649	0.01037	0.02849	0.00826	0.01907	0.00627	0.00174	0.06421	0.00484	0.04938	0.00622
9	0.01116	0.00923	0.01076	0.00779	0.01224	0.00716	0.00623	0.04328	0.01125	0.03334	0.00986	0.02673	0.00827	0.00419	0.00394	0.00083	0.00387	0.00337	0.00323	0.78327
10	0.64161	0.04295	0.04205	0.00786	0.01127	0.01223	0.00676	0.04910	0.10989	0.02250	0.00924	0.01002	0.00709	0.00510	0.00360	0.00159	0.00426	0.00329	0.00345	0.00615
11	0.01420	0.69489	0.02504	0.00941	0.01348	0.05688	0.00902	0.06106	0.01132	0.01333	0.00746	0.00868	0.00672	0.00477	0.00415	0.00119	0.04638	0.00297	0.00240	0.00663
12	0.01369	0.01166	0.15611	0.01018	0.04378	0.00794	0.00910	0.01682	0.02958	0.24516	0.11711	0.05565	0.01582	0.00634	0.00492	0.00139	0.00454	0.00532	0.00431	0.24059
13	0.10161	0.09627	0.01470	0.01165	0.01457	0.51703	0.00912	0.04159	0.01357	0.08305	0.00909	0.01017	0.00724	0.00608	0.02191	0.00153	0.02805	0.00348	0.00305	0.00626
14	0.00734	0.00547	0.00812	0.00812	0.00899	0.00634	0.00625	0.00908	0.00821	0.01182	0.01386	0.02081	0.01311	0.07674	0.76148	0.00809	0.01331	0.00559	0.00277	0.00451
15	0.01426	0.74374	0.02567	0.00922	0.01344	0.09739	0.00889	0.01587	0.01083	0.01212	0.00721	0.00833	0.00659	0.00448	0.00342	0.00112	0.00586	0.00280	0.00224	0.00652
16	0.01216	0.01027	0.01144	0.00836	0.01281	0.02757	0.00672	0.12557	0.01274	0.01894	0.00957	0.01086	0.00774	0.00419	0.00402	0.00089	0.00421	0.00328	0.00334	0.70533
17	0.01050	0.00974	0.01633	0.55570	0.23855	0.01128	0.01412	0.01377	0.01067	0.01441	0.00965	0.01369	0.00751	0.00502	0.00504	0.00163	0.00641	0.00457	0.04508	0.00631
18	0.01276	0.01102	0.01160	0.01044	0.01334	0.01276	0.00812	0.02727	0.77840	0.02146	0.02088	0.01914	0.01566	0.00696	0.00522	0.00174	0.00406	0.00580	0.00522	0.00812
19	0.00628	0.00456	0.00593	0.00695	0.00741	0.00421	0.00469	0.00727	0.01018	0.01348	0.06267	0.71937	0.09691	0.01558	0.00649	0.00203	0.00292	0.01405	0.00480	0.00421
20	0.00831	0.00631	0.00886	0.00857	0.00958	0.00734	0.00664	0.06164	0.00938	0.01332	0.01428	0.06786	0.01378	0.06924	0.62169	0.00696	0.05237	0.00603	0.00303	0.00483
21	0.00628	0.00449	0.00598	0.00713	0.00745	0.00419	0.00477	0.00721	0.00995	0.01330	0.04875	0.79528	0.03433	0.01592	0.00654	0.00207	0.00296	0.01444	0.00479	0.00419
22	0.01090	0.00928	0.01078	0.00772	0.01227	0.00711	0.00619	0.03531	0.01104	0.01718	0.00921	0.01069	0.00763	0.00387	0.00384	0.00078	0.00385	0.00309	0.00310	0.82615
23	0.01204	0.00993	0.01323	0.00966	0.01406	0.00827	0.09543	0.07924	0.01215	0.05703	0.01084	0.04227	0.00898	0.00466	0.00435	0.00103	0.00452	0.00408	0.00340	0.60483
24	0.03601	0.37911	0.10460	0.01278	0.03520	0.10453	0.14308	0.05251	0.01181	0.01475	0.00935	0.01103	0.02260	0.00559	0.02095	0.00151	0.02145	0.00388	0.00255	0.00669
25	0.00746	0.00497	0.00560	0.00560	0.00560	0.00497	0.00311	0.00746	0.00746	0.00995	0.01617	0.03358	0.01865	0.81967	0.02612	0.00497	0.00497	0.00746	0.00311	0.00311
26	0.00670	0.00492	0.00632	0.00706	0.00771	0.00466	0.00488	0.00847	0.04369	0.01483	0.16466	0.60411	0.07372	0.01453	0.00638	0.00197	0.00290	0.01307	0.00494	0.00447
27	0.01306	0.01318	0.03672	0.13721	0.57558	0.08663	0.01488	0.01604	0.01180	0.03239	0.00963	0.01257	0.00786	0.00476	0.00504	0.00153	0.00650	0.00444	0.00259	0.00758
28	0.23733	0.01463	0.04691	0.04346	0.07975	0.12015	0.00971	0.32859	0.03416	0.02422	0.01009	0.01104	0.00755	0.00547	0.00454	0.00154	0.00583	0.00394	0.00383	0.00729
29	0.00625	0.00447	0.00595	0.00714	0.00744	0.00417	0.00476	0.00714	0.00982	0.01310	0.02828	0.81633	0.03394	0.01608	0.00655	0.00208	0.00298	0.01459	0.00476	0.00417
30	0.01637	0.01282	0.01364	0.01117	0.01472	0.01445	0.00900	0.42544	0.37434	0.02729	0.01630	0.01549	0.01195	0.00653	0.00517	0.00163	0.00491	0.00517	0.00517	0.00845
31	0.72910	0.04408	0.09501	0.00770	0.01141	0.01191	0.00716	0.01522	0.00903	0.02184	0.00737	0.00861	0.00570	0.00476	0.00337	0.00157	0.00443	0.00289	0.00303	0.00582
32	0.79134	0.00973	0.00769	0.00682	0.00998	0.01113	0.00560	0.01550	0.00909	0.06172	0.00806	0.00908	0.00612	0.00488	0.00329	0.00158	0.00395	0.00295	0.02580	0.00570
33	0.01211	0.01384	0.03028	0.02163	0.02682	0.01298	0.76903	0.01644	0.01211	0.01644	0.01038	0.01384	0.00779	0.00433	0.00606	0.00173	0.00865	0.00606	0.00260	0.00692
34	0.00981	0.00919	0.01546	0.70487	0.10027	0.01116	0.01398	0.01309	0.01037	0.01343	0.00999	0.04798	0.00811	0.00555	0.00519	0.00171	0.00661	0.00499	0.00241	0.00585
35	0.01211	0.01384	0.03028	0.02163	0.02682	0.01298	0.76903	0.01644	0.01211	0.01644	0.01038	0.01384	0.00779	0.00433	0.00606	0.00173	0.00865	0.00606	0.00260	0.00692
36	0.00891	0.00446	0.00668	0.00668	0.00668	0.00446	0.00446	0.00668	0.00668	0.00891	0.00891	0.01560	0.00891	0.01783	0.02005	0.85071	0.00446	0.00446	0.00223	0.00223
37	0.00891	0.00446	0.00668	0.00668	0.00668	0.00446	0.00446	0.00668	0.00668	0.00891	0.00891	0.01560	0.00891	0.01783	0.02005	0.85071	0.00446	0.00446	0.00223	0.00223
38	0.01043	0.08133	0.69972	0.01395	0.02099	0.01220	0.01770	0.01590	0.01085	0.01591	0.00997	0.01303	0.00767	0.00531	0.00488	0.00163	0.00729	0.04157	0.00230	0.00737
39	0.00746	0.00497	0.00560	0.00560	0.00560	0.00497	0.00311	0.00746	0.00746	0.00995	0.01617	0.03358	0.01865	0.81967	0.02612	0.00497	0.00497	0.00746	0.00311	0.00311
40	0.01270	0.01219	0.02083	0.03149	0.78767	0.01219	0.01575	0.01575	0.01168	0.01676	0.00965	0.01270	0.00813	0.00457	0.00508	0.00152	0.00610	0.00457	0.00254	0.00813
41	0.01990	0.01375	0.01501	0.01151	0.01560	0.01498	0.00951	0.68789	0.02308	0.11649	0.01320	0.01289	0.00917	0.00618	0.00514	0.00155	0.00550	0.00468	0.00527	0.00873
42	0.01268	0.01258	0.02115	0.05685	0.56818	0.04020	0.12203	0.02829	0.01190	0.01653	0.01015	0.01404	0.00857	0.00501	0.00558	0.00160	0.02792	0.02647	0.00264	0.00763
43	0.01146	0.01161	0.01568	0.01346	0.01354	0.03846	0.01119	0.01258	0.00805	0.01235	0.00677	0.01117	0.00673	0.00887	0.01648	0.00222	0.78702	0.00446	0.00226	0.00562
44	0.00827	0.00591	0.00827	0.00945	0.01063	0.00591	0.00827	0.01063	0.01181	0.01536	0.02717	0.05788	0.02953	0.01417	0.00709	0.00236	0.00472	0.75313	0.00472	0.00472
45	0.01372	0.82276	0.02689	0.00878	0.01317	0.02030	0.00878	0.01536	0.01043	0.01207	0.00713	0.00823	0.00658	0.00439	0.00329	0.00110	0.00549	0.00274	0.00219	0.00658
46	0.01270	0.01219	0.02083	0.03149	0.78767	0.01219	0.01575	0.01575	0.01168	0.01676	0.00965	0.01270	0.00813	0.00457	0.00508	0.00152	0.00610	0.00457	0.00254	0.00813
47	0.00726	0.00524	0.00686	0.00646	0.00767	0.00484	0.00484	0.00968	0.01452	0.02058	0.78496	0.03833	0.04841	0.01049	0.00605	0.00161	0.00242	0.00928	0.00565	0.00484
48	0.00631	0.00455	0.00598	0.00702	0.00744	0.00422	0.00473	0.00732	0.01020	0.01362	0.07862	0.73513	0.06468	0.01559	0.00650	0.00204	0.00293	0.01409	0.00482	0.00422
49	0.00735	0.00493	0.00563	0.00574	0.00577	0.00490	0.00326	0.00743	0.00768	0.01024	0.01730	0.10666	0.02008	0.74465	0.02429	0.00470	0.00479	0.00813	0.00326	0.00321
50	0.00746	0.00497	0.00560	0.00560	0.00560	0.00497	0.00311	0.00746	0.00746	0.00995	0.01617	0.03358	0.01865	0.81967	0.02612	0.00497	0.00497	0.00746	0.00311	0.00311
51	0.01270	0.01219	0.02083	0.03149	0.78767	0.01219	0.01575	0.01575	0.01168	0.01676	0.00965	0.01270	0.00813	0.00457	0.00508	0.00152	0.00610	0.00457	0.00254	0.00813

[dist]
# distance from previous block
# <min> <max>
0	92

[block]
# block no. 8 follows, 48 sequences, length 47
# corresponding to MSA columns:
# 2452-2498
name=unknown_I
#
# <colnr> <probs for GDERKNQSTAVLIFYWHMCP>
#	G	D	E	R	K	N	Q	S	T	A	V	L	I	F	Y	W	H	M	C	P
0	0.00823	0.00588	0.00822	0.00934	0.01052	0.00587	0.00814	0.01060	0.01191	0.01554	0.05463	0.05717	0.03021	0.01404	0.00705	0.00234	0.00464	0.72617	0.00476	0.00473
1	0.85592	0.00992	0.00754	0.00675	0.00992	0.01151	0.00556	0.01508	0.00873	0.02302	0.00714	0.00834	0.00556	0.00476	0.00318	0.00159	0.00397	0.00278	0.00318	0.00556
2	0.01270	0.01219	0.02083	0.03149	0.78767	0.01219	0.01575	0.01575	0.01168	0.01676	0.00965	0.01270	0.00813	0.00457	0.00508	0.00152	0.00610	0.00457	0.00254	0.00813
3	0.00746	0.00497	0.00560	0.00560	0.00560	0.00497	0.00311	0.00746	0.00746	0.00995	0.01617	0.03358	0.01865	0.81967	0.02612	0.00497	0.00497	0.00746	0.00311	0.00311
4	0.00733	0.00550	0.00825	0.00825	0.00916	0.00641	0.00641	0.00916	0.00825	0.01191	0.01374	0.02016	0.01283	0.03848	0.79934	0.00825	0.01374	0.00550	0.00275	0.00458
5	0.01029	0.02654	0.79309	0.01462	0.02221	0.01192	0.01896	0.01625	0.01083	0.01625	0.00921	0.01083	0.00650	0.00487	0.00487	0.00162	0.00758	0.00379	0.00217	0.00758
6	0.00639	0.00459	0.00610	0.00727	0.00766	0.00430	0.00500	0.00740	0.01001	0.01328	0.02878	0.74216	0.05198	0.01586	0.00658	0.00210	0.00310	0.06847	0.00476	0.00421
7	0.00744	0.00507	0.00607	0.00607	0.00624	0.00523	0.00370	0.00777	0.00760	0.01030	0.01573	0.03116	0.01760	0.67880	0.16555	0.00556	0.00656	0.00711	0.00304	0.00337
8	0.01029	0.02654	0.79309	0.01462	0.02221	0.01192	0.01896	0.01625	0.01083	0.01625	0.00921	0.01083	0.00650	0.00487	0.00487	0.00162	0.00758	0.00379	0.00217	0.00758
9	0.00827	0.00591	0.00827	0.00945	0.01063	0.00591	0.00827	0.01063	0.01181	0.01536	0.02717	0.05788	0.02953	0.01417	0.00709	0.00236	0.00472	0.75313	0.00472	0.00472
10	0.01372	0.82276	0.02689	0.00878	0.01317	0.02030	0.00878	0.01536	0.01043	0.01207	0.00713	0.00823	0.00658	0.00439	0.00329	0.00110	0.00549	0.00274	0.00219	0.00658
11	0.02302	0.00873	0.01191	0.00913	0.01310	0.00754	0.00754	0.02501	0.01469	0.79122	0.02024	0.01746	0.01270	0.00635	0.00516	0.00159	0.00437	0.00516	0.00635	0.00873
12	0.01123	0.01123	0.01572	0.01347	0.01347	0.01572	0.01123	0.01235	0.00786	0.01235	0.00674	0.01123	0.00674	0.00898	0.01684	0.00225	0.81028	0.00449	0.00225	0.00561
13	0.00690	0.00541	0.00626	0.00602	0.00752	0.00486	0.00452	0.00920	0.03758	0.01758	0.43066	0.04269	0.37922	0.01151	0.00603	0.00167	0.00255	0.00987	0.00524	0.00472
14	0.83018	0.00989	0.00768	0.00682	0.01002	0.01139	0.00562	0.01539	0.00892	0.04676	0.00755	0.00862	0.00578	0.00481	0.00324	0.00159	0.00398	0.00285	0.00327	0.00566
15	0.02106	0.00848	0.01140	0.00892	0.01257	0.00748	0.00730	0.02358	0.04511	0.68449	0.09573	0.01959	0.01634	0.00678	0.00525	0.00160	0.00416	0.00559	0.00624	0.00832
16	0.01251	0.01231	0.02103	0.10138	0.63550	0.02887	0.08164	0.01567	0.01165	0.01631	0.00963	0.01282	0.00795	0.00462	0.00516	0.00155	0.00646	0.00467	0.00252	0.00775
17	0.01051	0.07650	0.74501	0.01426	0.02164	0.01244	0.01832	0.01619	0.01081	0.01599	0.00908	0.01067	0.00651	0.00484	0.00478	0.00159	0.00745	0.00373	0.00217	0.00752
18	0.00625	0.00447	0.00595	0.00714	0.00744	0.00417	0.00476	0.00714	0.00982	0.01310	0.02828	0.81633	0.03394	0.01608	0.00655	0.00208	0.00298	0.01459	0.00476	0.00417
19	0.04080	0.64689	0.04884	0.00955	0.01344	0.03313	0.00928	0.01540	0.02743	0.01281	0.00748	0.00892	0.00677	0.00501	0.00493	0.00128	0.09619	0.00305	0.00231	0.00650
20	0.00624	0.00451	0.00591	0.00703	0.00741	0.00418	0.00471	0.00716	0.00994	0.01314	0.02969	0.77056	0.07879	0.01589	0.00652	0.00206	0.00295	0.01436	0.00476	0.00418
21	0.01204	0.01371	0.02985	0.04403	0.02706	0.01293	0.74751	0.01634	0.01206	0.01634	0.01034	0.01384	0.00776	0.00435	0.00603	0.00173	0.00860	0.00601	0.00259	0.00689
22	0.00733	0.00550	0.00825	0.00825	0.00916	0.00641	0.00641	0.00916	0.00825	0.01191	0.01374	0.02016	0.01283	0.03848	0.79934	0.00825	0.01374	0.00550	0.00275	0.00458
23	0.00827	0.00591	0.00827	0.00945	0.01063	0.00591	0.00827	0.01063	0.01181	0.01536	0.02717	0.05788	0.02953	0.01417	0.00709	0.00236	0.00472	0.75313	0.00472	0.00472
24	0.01296	0.01201	0.02041	0.04941	0.74493	0.01202	0.01545	0.01598	0.01174	0.04135	0.00998	0.01287	0.00824	0.00464	0.00508	0.00153	0.00606	0.00459	0.00266	0.00809
25	0.85592	0.00992	0.00754	0.00675	0.00992	0.01151	0.00556	0.01508	0.00873	0.02302	0.00714	0.00834	0.00556	0.00476	0.00318	0.00159	0.00397	0.00278	0.00318	0.00556
26	0.02937	0.16507	0.62029	0.01328	0.02011	0.01325	0.01657	0.01631	0.01082	0.03733	0.00911	0.01051	0.00667	0.00483	0.00457	0.00153	0.00705	0.00362	0.00231	0.00740
27	0.01213	0.01379	0.03000	0.02192	0.04926	0.01295	0.74681	0.01642	0.01210	0.01645	0.01036	0.01381	0.00780	0.00433	0.00603	0.00172	0.00858	0.00601	0.00259	0.00696
28	0.01064	0.00912	0.01064	0.00760	0.01216	0.00684	0.00608	0.01292	0.01064	0.01672	0.00912	0.01064	0.00760	0.00380	0.00380	0.00076	0.00380	0.00304	0.00304	0.85104
29	0.01123	0.01123	0.01572	0.01347	0.01347	0.01572	0.01123	0.01235	0.00786	0.01235	0.00674	0.01123	0.00674	0.00898	0.01684	0.00225	0.81028	0.00449	0.00225	0.00561
30	0.00956	0.00478	0.00478	0.00478	0.00598	0.00478	0.00359	0.01196	0.01076	0.01913	0.01674	0.01913	0.01315	0.00598	0.00359	0.00120	0.00239	0.00478	0.84816	0.00478
31	0.85592	0.00992	0.00754	0.00675	0.00992	0.01151	0.00556	0.01508	0.00873	0.02302	0.00714	0.00834	0.00556	0.00476	0.00318	0.00159	0.00397	0.00278	0.00318	0.00556
32	0.00746	0.00497	0.00560	0.00560	0.00560	0.00497	0.00311	0.00746	0.00746	0.00995	0.01617	0.03358	0.01865	0.81967	0.02612	0.00497	0.00497	0.00746	0.00311	0.00311
33	0.01064	0.00912	0.01064	0.00760	0.01216	0.00684	0.00608	0.01292	0.01064	0.01672	0.00912	0.01064	0.00760	0.00380	0.00380	0.00076	0.00380	0.00304	0.00304	0.85104
34	0.01029	0.02654	0.79309	0.01462	0.02221	0.01192	0.01896	0.01625	0.01083	0.01625	0.00921	0.01083	0.00650	0.00487	0.00487	0.00162	0.00758	0.00379	0.00217	0.00758
35	0.01224	0.01173	0.02000	0.14899	0.67373	0.01207	0.01552	0.01535	0.01147	0.01621	0.00957	0.01285	0.00793	0.00466	0.00509	0.00155	0.00621	0.00457	0.00250	0.00776
36	0.01878	0.02389	0.01427	0.01298	0.01560	0.77571	0.00974	0.02010	0.01446	0.01260	0.00923	0.01043	0.02951	0.00551	0.00467	0.00133	0.00906	0.00353	0.00271	0.00590
37	0.00733	0.00497	0.00590	0.00602	0.00614	0.00504	0.00361	0.00760	0.00778	0.01046	0.01716	0.11203	0.01963	0.66029	0.10081	0.00500	0.00564	0.00799	0.00324	0.00336
38	0.01919	0.01447	0.05234	0.01172	0.01595	0.01504	0.01000	0.66449	0.03810	0.08715	0.01293	0.01276	0.00905	0.00613	0.00512	0.00155	0.00561	0.00464	0.00508	0.00866
39	0.00798	0.03575	0.00824	0.00808	0.00938	0.00603	0.00667	0.01044	0.02972	0.01686	0.27859	0.10804	0.06965	0.01253	0.00647	0.00200	0.00374	0.37004	0.00495	0.00485
40	0.01867	0.02367	0.01475	0.01328	0.01594	0.75785	0.02822	0.02007	0.01431	0.01263	0.00815	0.00967	0.00681	0.00619	0.02688	0.00153	0.00936	0.00343	0.00265	0.00593
41	0.00826	0.00535	0.00684	0.00671	0.00800	0.00484	0.00493	0.01007	0.01288	0.08775	0.40988	0.24647	0.14460	0.01196	0.00611	0.00175	0.00277	0.01054	0.00535	0.00494
42	0.01033	0.02598	0.76445	0.01458	0.02189	0.01206	0.01867	0.01611	0.01072	0.01611	0.00912	0.01085	0.00651	0.00503	0.00532	0.00165	0.03715	0.00382	0.00217	0.00751
43	0.01260	0.01209	0.02065	0.05634	0.76357	0.01217	0.01570	0.01566	0.01164	0.01665	0.00963	0.01273	0.00809	0.00459	0.00508	0.00153	0.00612	0.00457	0.00253	0.00805
44	0.00625	0.00447	0.00595	0.00714	0.00744	0.00417	0.00476	0.00714	0.00982	0.01310	0.02828	0.81633	0.03394	0.01608	0.00655	0.00208	0.00298	0.01459	0.00476	0.00417
45	0.02062	0.00848	0.01132	0.00891	0.01250	0.00756	0.00727	0.02343	0.06158	0.65748	0.10607	0.01991	0.01689	0.00685	0.00526	0.00160	0.00413	0.00566	0.00620	0.00826
46	0.01025	0.01028	0.03530	0.52894	0.13150	0.01129	0.11358	0.01367	0.01074	0.01417	0.01062	0.04444	0.00883	0.00563	0.00535	0.00172	0.00679	0.02824	0.00252	0.00614

[dist]
# distance from previous block
# <min> <max>
0	12

[block]
# block no. 9 follows, 48 sequences, length 67
# corresponding to MSA columns:
# 2511-2577
name=unknown_J
#
# <colnr> <probs for GDERKNQSTAVLIFYWHMCP>
#	G	D	E	R	K	N	Q	S	T	A	V	L	I	F	Y	W	H	M	C	P
0	0.01267	0.01217	0.02072	0.03111	0.77106	0.01227	0.01565	0.01567	0.01160	0.01667	0.00959	0.01267	0.00810	0.00467	0.00533	0.00154	0.02335	0.00457	0.00253	0.00807
1	0.85592	0.00992	0.00754	0.00675	0.00992	0.01151	0.00556	0.01508	0.00873	0.02302	0.00714	0.00834	0.00556	0.00476	0.00318	0.00159	0.00397	0.00278	0.00318	0.00556
2	0.00733	0.00550	0.00825	0.00825	0.00916	0.00641	0.00641	0.00916	0.00825	0.01191	0.01374	0.02016	0.01283	0.03848	0.79934	0.00825	0.01374	0.00550	0.00275	0.00458
3	0.00969	0.00912	0.01539	0.80734	0.03534	0.01140	0.01425	0.01311	0.01026	0.01311	0.00912	0.01368	0.00684	0.00513	0.00513	0.00171	0.00684	0.00456	0.00228	0.00570
4	0.00723	0.00524	0.00682	0.00642	0.00765	0.00483	0.00482	0.00963	0.01445	0.02041	0.76676	0.03860	0.06672	0.01055	0.00605	0.00162	0.00243	0.00932	0.00563	0.00483
5	0.00625	0.00447	0.00595	0.00714	0.00744	0.00417	0.00476	0.00714	0.00982	0.01310	0.02828	0.81633	0.03394	0.01608	0.00655	0.00208	0.00298	0.01459	0.00476	0.00417
6	0.00720	0.00524	0.00678	0.00639	0.00763	0.00482	0.00480	0.00957	0.01439	0.02025	0.74908	0.03887	0.08450	0.01061	0.00605	0.00162	0.00243	0.00936	0.00561	0.00482
7	0.00704	0.00524	0.00655	0.00622	0.00753	0.00475	0.00467	0.00926	0.01400	0.01934	0.65025	0.04036	0.18390	0.01095	0.00605	0.00164	0.00245	0.00956	0.00549	0.00475
8	0.01029	0.02654	0.79309	0.01462	0.02221	0.01192	0.01896	0.01625	0.01083	0.01625	0.00921	0.01083	0.00650	0.00487	0.00487	0.00162	0.00758	0.00379	0.00217	0.00758
9	0.01211	0.01384	0.03028	0.02163	0.02682	0.01298	0.76903	0.01644	0.01211	0.01644	0.01038	0.01384	0.00779	0.00433	0.00606	0.00173	0.00865	0.00606	0.00260	0.00692
