[name]
unknown

[dist]
# distance from previous block
# <min> <max>
0	56

[block]
# block no. 0 follows, 41 sequences, length 16
# corresponding to MSA columns:
# 62-77
name=unknown_A
#
# <colnr> <probs for GDERKNQSTAVLIFYWHMCP>
#	G	D	E	R	K	N	Q	S	T	A	V	L	I	F	Y	W	H	M	C	P
0	0.01223	0.03274	0.13635	0.01149	0.01485	0.01104	0.01058	0.12335	0.17911	0.02101	0.02385	0.14963	0.05371	0.01100	0.00647	0.00210	0.00540	0.18295	0.00492	0.00722
1	0.01505	0.09467	0.37079	0.09696	0.02378	0.01320	0.10124	0.01977	0.01306	0.17846	0.01283	0.01412	0.00895	0.00570	0.00552	0.00177	0.00751	0.00483	0.00349	0.00831
2	0.56257	0.02865	0.03267	0.00804	0.01109	0.03287	0.00663	0.01561	0.01061	0.04065	0.06360	0.03891	0.01291	0.09072	0.00685	0.00219	0.00475	0.02088	0.00383	0.00598
3	0.00711	0.00504	0.00659	0.00778	0.00808	0.00474	0.00511	0.00800	0.01067	0.01423	0.03009	0.71475	0.03602	0.10089	0.00962	0.00267	0.00356	0.01542	0.00511	0.00452
4	0.01931	0.01380	0.01569	0.09430	0.01872	0.01521	0.01058	0.54219	0.02289	0.07438	0.01531	0.06851	0.01192	0.00751	0.00576	0.00176	0.00599	0.00595	0.04139	0.00883
5	0.03226	0.00870	0.01054	0.00950	0.01148	0.00918	0.02187	0.11792	0.09234	0.04844	0.21125	0.19454	0.10827	0.03391	0.00797	0.00208	0.05814	0.00980	0.00540	0.00641
6	0.00819	0.00676	0.00731	0.00701	0.00898	0.00635	0.00530	0.01211	0.12192	0.01861	0.23282	0.04697	0.47125	0.01279	0.00662	0.00190	0.00308	0.01081	0.00564	0.00559
7	0.01066	0.00533	0.00533	0.00533	0.00666	0.00533	0.00400	0.01333	0.01200	0.02132	0.01866	0.02132	0.01466	0.00666	0.00400	0.00133	0.00267	0.00533	0.83073	0.00533
8	0.06101	0.01347	0.01418	0.01138	0.01549	0.10215	0.00921	0.17828	0.09651	0.41013	0.01847	0.01690	0.01240	0.00688	0.00558	0.00174	0.00576	0.00533	0.00600	0.00913
9	0.67250	0.09410	0.01128	0.00822	0.01193	0.01413	0.00692	0.04652	0.05405	0.02470	0.00909	0.01016	0.00711	0.00547	0.00377	0.00172	0.00468	0.00337	0.00365	0.00662
10	0.00705	0.00507	0.00655	0.00770	0.00812	0.00472	0.00512	0.00801	0.01091	0.01442	0.03240	0.69242	0.08601	0.07160	0.00877	0.00252	0.00344	0.01543	0.00518	0.00458
11	0.83938	0.01106	0.00841	0.00752	0.01106	0.01283	0.00619	0.01681	0.00973	0.02566	0.00796	0.00929	0.00619	0.00531	0.00354	0.00177	0.00442	0.00310	0.00354	0.00619
12	0.04968	0.03402	0.02554	0.00883	0.01173	0.00936	0.00719	0.14382	0.04799	0.12295	0.08222	0.04747	0.27599	0.02638	0.07862	0.00258	0.00532	0.00824	0.00525	0.00680
13	0.01361	0.00848	0.03373	0.06211	0.01325	0.00733	0.00742	0.03650	0.01394	0.22647	0.11980	0.14159	0.15361	0.05643	0.00750	0.00203	0.00435	0.00881	0.00538	0.07765
14	0.01186	0.11504	0.48478	0.09796	0.04535	0.01399	0.07691	0.01713	0.01204	0.01706	0.01116	0.05114	0.00898	0.00596	0.00546	0.00178	0.00789	0.00501	0.00263	0.00787
15	0.01175	0.06727	0.70761	0.01662	0.04917	0.01376	0.02045	0.01805	0.01209	0.01790	0.01017	0.01200	0.00731	0.00540	0.00535	0.00178	0.00828	0.00420	0.00243	0.00842

[dist]
# distance from previous block
# <min> <max>
4	5

[block]
# block no. 1 follows, 41 sequences, length 11
# corresponding to MSA columns:
# 87-97
name=unknown_B
#
# <colnr> <probs for GDERKNQSTAVLIFYWHMCP>
#	G	D	E	R	K	N	Q	S	T	A	V	L	I	F	Y	W	H	M	C	P
0	0.01125	0.01060	0.01549	0.39595	0.02661	0.05965	0.06356	0.01417	0.01215	0.03190	0.06843	0.11894	0.05369	0.00843	0.00705	0.00195	0.06620	0.00725	0.00347	0.02326
1	0.00959	0.06781	0.01017	0.00808	0.01002	0.00843	0.00649	0.01180	0.03582	0.05201	0.17653	0.04136	0.39307	0.01214	0.00802	0.00194	0.10424	0.03178	0.00502	0.00568
2	0.53830	0.06263	0.01051	0.00843	0.01165	0.11016	0.00683	0.01637	0.01156	0.02235	0.08433	0.01612	0.06856	0.00667	0.00431	0.00171	0.00501	0.00455	0.00379	0.00614
3	0.00818	0.00609	0.00900	0.00900	0.00996	0.00705	0.00691	0.01009	0.00914	0.01314	0.01549	0.02342	0.01471	0.09112	0.72865	0.00896	0.01470	0.00627	0.00309	0.00500
4	0.01432	0.01019	0.01176	0.03339	0.01365	0.01081	0.00807	0.16547	0.22209	0.10168	0.24648	0.04490	0.07411	0.00929	0.00616	0.00184	0.00433	0.00783	0.00593	0.00771
5	0.01310	0.01232	0.02046	0.02905	0.57720	0.01218	0.03807	0.01665	0.03948	0.01834	0.01387	0.11467	0.01302	0.00679	0.00584	0.00175	0.00622	0.00654	0.00329	0.05115
6	0.41386	0.01571	0.08367	0.01118	0.01468	0.11223	0.00981	0.10127	0.03205	0.02278	0.00929	0.01101	0.00735	0.00636	0.00657	0.00185	0.12598	0.00390	0.00351	0.00695
7	0.01455	0.21419	0.40776	0.01548	0.07756	0.03398	0.01625	0.07393	0.01354	0.06668	0.01076	0.01209	0.00805	0.00550	0.00506	0.00164	0.00741	0.00416	0.00302	0.00836
8	0.01190	0.10806	0.01523	0.01162	0.01290	0.06246	0.00949	0.03547	0.01026	0.01404	0.01133	0.01738	0.01092	0.08389	0.27253	0.00476	0.29365	0.00533	0.00289	0.00591
9	0.01066	0.00533	0.00533	0.00533	0.00666	0.00533	0.00400	0.01333	0.01200	0.02132	0.01866	0.02132	0.01466	0.00666	0.00400	0.00133	0.00267	0.00533	0.83073	0.00533
10	0.00711	0.00509	0.00677	0.00787	0.00833	0.00474	0.00532	0.00833	0.01162	0.01567	0.12514	0.69858	0.03990	0.01712	0.00723	0.00226	0.00324	0.01550	0.00544	0.00474

[dist]
# distance from previous block
# <min> <max>
0	30

[block]
# block no. 2 follows, 41 sequences, length 135
# corresponding to MSA columns:
# 128-262
name=unknown_C
#
# <colnr> <probs for GDERKNQSTAVLIFYWHMCP>
#	G	D	E	R	K	N	Q	S	T	A	V	L	I	F	Y	W	H	M	C	P
0	0.01567	0.66294	0.10568	0.01049	0.01572	0.02060	0.01087	0.01803	0.01202	0.07009	0.00928	0.01024	0.00784	0.00511	0.00401	0.00133	0.00627	0.00338	0.00279	0.00763
1	0.02160	0.02550	0.01615	0.01439	0.01754	0.67744	0.01091	0.08168	0.01708	0.05209	0.00990	0.01103	0.00789	0.00603	0.00523	0.00151	0.00973	0.00390	0.00337	0.00703
2	0.00697	0.00498	0.00664	0.00796	0.00830	0.00465	0.00531	0.00796	0.01095	0.01460	0.03153	0.79525	0.03783	0.01792	0.00730	0.00232	0.00332	0.01626	0.00531	0.00465
3	0.01384	0.01327	0.02264	0.10601	0.69488	0.01351	0.01740	0.01728	0.01287	0.01830	0.01070	0.01426	0.00892	0.00516	0.00567	0.00172	0.00687	0.00510	0.00280	0.00880
4	0.01509	0.74359	0.02905	0.01018	0.01471	0.02225	0.00999	0.01688	0.01141	0.01348	0.00792	0.00942	0.00735	0.00527	0.00479	0.00132	0.06439	0.00320	0.00245	0.00726
5	0.00695	0.00504	0.00657	0.00779	0.00825	0.00466	0.00523	0.00798	0.01112	0.01467	0.03367	0.73513	0.09657	0.01764	0.00726	0.00229	0.00328	0.01592	0.00531	0.00466
6	0.00962	0.00921	0.01762	0.01450	0.01705	0.00862	0.30399	0.01216	0.01198	0.01611	0.02344	0.47931	0.02602	0.01261	0.00708	0.00216	0.00588	0.01241	0.00433	0.00589
7	0.01080	0.01017	0.01716	0.78523	0.03940	0.01271	0.01589	0.01461	0.01144	0.01461	0.01017	0.01525	0.00762	0.00572	0.00572	0.00191	0.00762	0.00508	0.00254	0.00635
8	0.00832	0.00562	0.00671	0.00673	0.00694	0.00578	0.00411	0.00873	0.00860	0.01175	0.01787	0.04989	0.01994	0.64228	0.14952	0.00598	0.00702	0.00805	0.02235	0.00380
9	0.00715	0.00511	0.00685	0.00817	0.00858	0.00480	0.00563	0.00828	0.01113	0.01481	0.03143	0.73590	0.03743	0.01775	0.00735	0.00235	0.00348	0.07381	0.00531	0.00470
10	0.01080	0.01017	0.01716	0.78523	0.03940	0.01271	0.01589	0.01461	0.01144	0.01461	0.01017	0.01525	0.00762	0.00572	0.00572	0.00191	0.00762	0.00508	0.00254	0.00635
11	0.01080	0.01017	0.01716	0.78523	0.03940	0.01271	0.01589	0.01461	0.01144	0.01461	0.01017	0.01525	0.00762	0.00572	0.00572	0.00191	0.00762	0.00508	0.00254	0.00635
12	0.01529	0.80242	0.02997	0.00979	0.01468	0.02263	0.00979	0.01713	0.01162	0.01346	0.00795	0.00918	0.00734	0.00489	0.00367	0.00122	0.00612	0.00306	0.00245	0.00734
13	0.01553	0.67951	0.02792	0.01059	0.01494	0.07932	0.01010	0.01729	0.01174	0.01352	0.00798	0.00953	0.00736	0.00539	0.00501	0.00135	0.06998	0.00326	0.00249	0.00720
14	0.01189	0.01027	0.01231	0.00879	0.01389	0.00776	0.02176	0.01448	0.01189	0.01863	0.01020	0.01193	0.00848	0.00425	0.00429	0.00087	0.00435	0.00346	0.00338	0.81712
15	0.01241	0.01821	0.24266	0.04036	0.02565	0.01304	0.40040	0.03838	0.01376	0.01925	0.10448	0.01780	0.01391	0.00594	0.00631	0.00187	0.00828	0.00637	0.00325	0.00766
16	0.01537	0.01435	0.05495	0.11565	0.03592	0.04305	0.10088	0.15906	0.31333	0.04073	0.01705	0.01843	0.01290	0.00691	0.00591	0.00188	0.00638	0.02412	0.00469	0.00846
17	0.01080	0.01017	0.01716	0.78523	0.03940	0.01271	0.01589	0.01461	0.01144	0.01461	0.01017	0.01525	0.00762	0.00572	0.00572	0.00191	0.00762	0.00508	0.00254	0.00635
18	0.01332	0.33804	0.39811	0.01313	0.01956	0.04125	0.01530	0.02942	0.01248	0.01665	0.04691	0.01242	0.00967	0.00557	0.00479	0.00156	0.00725	0.00406	0.00269	0.00782
19	0.00789	0.00584	0.00736	0.00698	0.00842	0.00531	0.00523	0.01039	0.01570	0.02177	0.65092	0.04464	0.16406	0.01213	0.00675	0.00182	0.00273	0.01061	0.00614	0.00531
20	0.00832	0.00555	0.00624	0.00624	0.00624	0.00555	0.00347	0.00832	0.00832	0.01109	0.01802	0.03743	0.02080	0.79898	0.02911	0.00555	0.00555	0.00832	0.00347	0.00347
21	0.01339	0.01250	0.02104	0.03128	0.64629	0.01250	0.01626	0.01667	0.01305	0.01844	0.01380	0.02200	0.01278	0.00676	0.00601	0.00184	0.00656	0.11716	0.00321	0.00847
22	0.01339	0.01590	0.06186	0.02355	0.02927	0.01451	0.69386	0.01819	0.01331	0.01819	0.01141	0.01522	0.00859	0.00499	0.00704	0.00194	0.03163	0.00660	0.00286	0.00770
23	0.00812	0.00578	0.00740	0.00722	0.00854	0.00528	0.00533	0.01041	0.01503	0.03567	0.55500	0.16079	0.12826	0.01288	0.00681	0.00189	0.00286	0.01136	0.00605	0.00530
24	0.13970	0.00622	0.00581	0.00567	0.00735	0.00650	0.00434	0.01387	0.01164	0.02200	0.01699	0.01945	0.01334	0.00645	0.00393	0.00140	0.00294	0.00498	0.70193	0.00547
25	0.01510	0.01342	0.02228	0.08250	0.59331	0.03054	0.05278	0.01844	0.01331	0.08561	0.01178	0.01468	0.00936	0.00532	0.00572	0.00173	0.00690	0.00521	0.00320	0.00882
26	0.00994	0.00497	0.00745	0.00745	0.00745	0.00497	0.00497	0.00745	0.00745	0.00994	0.00994	0.01739	0.00994	0.01987	0.02235	0.83358	0.00497	0.00497	0.00248	0.00248
27	0.01982	0.04731	0.01776	0.03338	0.13806	0.61596	0.01216	0.02166	0.01547	0.01475	0.00915	0.01100	0.00764	0.00573	0.00521	0.00151	0.00957	0.00392	0.00291	0.00704
28	0.00893	0.00728	0.00762	0.00721	0.00937	0.00694	0.00549	0.06590	0.10172	0.01849	0.08702	0.08363	0.52557	0.01297	0.00654	0.00192	0.00335	0.01086	0.02349	0.00573
29	0.00996	0.00629	0.00801	0.00735	0.00914	0.00565	0.00559	0.01238	0.01562	0.11043	0.54919	0.05602	0.15900	0.01169	0.00664	0.00183	0.00300	0.01018	0.00622	0.00581
30	0.13606	0.02836	0.01575	0.13255	0.03456	0.01499	0.01076	0.40095	0.02005	0.13095	0.01341	0.01405	0.00945	0.00642	0.00538	0.00175	0.00605	0.00489	0.00498	0.00864
31	0.01311	0.01278	0.02233	0.24207	0.46940	0.01355	0.08463	0.01669	0.01249	0.01736	0.01057	0.01453	0.00858	0.00540	0.00620	0.00180	0.03244	0.00524	0.00275	0.00809
32	0.01517	0.69056	0.02779	0.01028	0.01467	0.06023	0.00988	0.01697	0.01161	0.01349	0.00828	0.00995	0.00764	0.00676	0.03623	0.00163	0.04589	0.00331	0.00250	0.00716
33	0.00693	0.00513	0.00648	0.00757	0.00819	0.00468	0.00513	0.00801	0.01133	0.01476	0.03637	0.65955	0.17040	0.01729	0.00720	0.00225	0.00324	0.01549	0.00531	0.00468
34	0.00721	0.00573	0.00647	0.00647	0.00805	0.00499	0.00478	0.00901	0.01383	0.01776	0.28028	0.12667	0.46062	0.01394	0.00681	0.00193	0.00288	0.01195	0.00563	0.00499
35	0.01186	0.01017	0.01186	0.00847	0.01356	0.00762	0.00678	0.01440	0.01186	0.01864	0.01017	0.01186	0.00847	0.00424	0.00424	0.00085	0.00424	0.00339	0.00339	0.83395
36	0.00710	0.00593	0.00622	0.00638	0.00811	0.00519	0.00469	0.00908	0.04309	0.01566	0.05233	0.17121	0.61560	0.01476	0.00681	0.00199	0.00303	0.01251	0.00533	0.00497
37	0.00678	0.00574	0.00586	0.00595	0.00777	0.00482	0.00442	0.00819	0.01289	0.01539	0.05604	0.10829	0.70897	0.01473	0.00680	0.00196	0.00293	0.01237	0.00531	0.00482
38	0.01208	0.02649	0.59952	0.01600	0.02327	0.06954	0.06996	0.01789	0.01282	0.01821	0.07117	0.01467	0.01115	0.00593	0.00561	0.00179	0.00821	0.00486	0.00280	0.00802
39	0.01183	0.01175	0.01412	0.07525	0.01535	0.10377	0.01046	0.01349	0.01010	0.01367	0.01199	0.03317	0.02599	0.05004	0.22489	0.00428	0.35547	0.00567	0.00287	0.00582
40	0.00948	0.00621	0.00823	0.02931	0.00974	0.00703	0.00631	0.01162	0.01027	0.01635	0.01601	0.02150	0.01394	0.04034	0.38401	0.02496	0.04847	0.00575	0.32530	0.00519
41	0.01383	0.01473	0.02946	0.09439	0.02854	0.01482	0.55258	0.07655	0.01399	0.01903	0.01127	0.01503	0.00857	0.00551	0.00759	0.00196	0.07516	0.00631	0.00306	0.00763
42	0.01563	0.30833	0.17522	0.01269	0.01726	0.12044	0.01250	0.06734	0.04299	0.04653	0.02727	0.01230	0.00925	0.00626	0.00646	0.00163	0.10296	0.00417	0.00314	0.00762
43	0.01487	0.71744	0.11128	0.01050	0.01579	0.02160	0.01103	0.01724	0.01167	0.01397	0.00821	0.00949	0.00733	0.00495	0.00386	0.00129	0.00637	0.00319	0.00244	0.00746
44	0.01113	0.01040	0.01609	0.49850	0.02960	0.01327	0.01370	0.01460	0.04503	0.01456	0.01083	0.01668	0.00915	0.06655	0.02407	0.00245	0.18900	0.00539	0.00276	0.00622
45	0.01986	0.08205	0.07846	0.01401	0.01791	0.45772	0.01164	0.17882	0.05247	0.01954	0.01063	0.01163	0.00834	0.00608	0.00522	0.00156	0.00871	0.00413	0.00360	0.00762
46	0.00766	0.00532	0.00693	0.00800	0.00860	0.00499	0.00544	0.00906	0.02855	0.03615	0.03240	0.71814	0.07290	0.01720	0.00720	0.00228	0.00337	0.01552	0.00537	0.00490
47	0.00791	0.00570	0.00750	0.00746	0.00860	0.00529	0.00550	0.01027	0.01506	0.02110	0.59251	0.19242	0.05010	0.01306	0.00689	0.00193	0.00290	0.03450	0.00607	0.00524
48	0.00694	0.00518	0.00647	0.00745	0.00817	0.00470	0.00509	0.00808	0.01154	0.01497	0.05267	0.61036	0.20356	0.01701	0.00717	0.00222	0.00321	0.01518	0.00533	0.00470
49	0.02053	0.02511	0.01585	0.01432	0.01735	0.66072	0.01081	0.04695	0.10446	0.01589	0.01072	0.01174	0.00865	0.00615	0.00525	0.00154	0.00949	0.00406	0.00338	0.00702
50	0.02291	0.00978	0.01258	0.00985	0.01389	0.00891	0.00807	0.08774	0.03285	0.58952	0.02327	0.02095	0.05129	0.00741	0.00566	0.00174	0.00471	0.00600	0.07375	0.00912
51	0.00810	0.00585	0.00765	0.00720	0.00855	0.00540	0.00540	0.01079	0.01619	0.02294	0.76028	0.04273	0.05397	0.01169	0.00675	0.00180	0.00270	0.01034	0.00630	0.00540
52	0.01416	0.01359	0.02322	0.03511	0.76330	0.01359	0.01755	0.01755	0.01302	0.01869	0.01076	0.01416	0.00906	0.00510	0.00566	0.00170	0.00680	0.00510	0.00283	0.00906
53	0.00791	0.00584	0.00739	0.00700	0.00843	0.00532	0.00525	0.01044	0.01576	0.02190	0.66333	0.04443	0.15157	0.01208	0.00675	0.00182	0.00273	0.01058	0.00616	0.00532
54	0.00733	0.00523	0.00705	0.00838	0.00887	0.00496	0.00594	0.00859	0.01131	0.01500	0.03133	0.67821	0.03704	0.01758	0.00740	0.00237	0.00363	0.12974	0.00530	0.00475
55	0.00807	0.00585	0.00761	0.00717	0.00853	0.00539	0.00538	0.01074	0.01613	0.02278	0.74598	0.04298	0.06836	0.01175	0.00675	0.00180	0.00270	0.01038	0.00628	0.00539
56	0.00832	0.00555	0.00624	0.00624	0.00624	0.00555	0.00347	0.00832	0.00832	0.01109	0.01802	0.03743	0.02080	0.79898	0.02911	0.00555	0.00555	0.00832	0.00347	0.00347
57	0.00697	0.00498	0.00664	0.00796	0.00830	0.00465	0.00531	0.00796	0.01095	0.01460	0.03153	0.79525	0.03783	0.01792	0.00730	0.00232	0.00332	0.01626	0.00531	0.00465
58	0.01459	0.01247	0.01314	0.01171	0.01501	0.01440	0.00914	0.06479	0.71798	0.02451	0.02282	0.02097	0.01709	0.00772	0.00582	0.00193	0.00461	0.00640	0.00582	0.00909
59	0.00922	0.00658	0.00922	0.01053	0.01185	0.00658	0.00922	0.01185	0.01317	0.01712	0.03029	0.06452	0.03292	0.01580	0.00790	0.00263	0.00527	0.72480	0.00527	0.00527
60	0.01186	0.01017	0.01186	0.00847	0.01356	0.00762	0.00678	0.01440	0.01186	0.01864	0.01017	0.01186	0.00847	0.00424	0.00424	0.00085	0.00424	0.00339	0.00339	0.83395
61	0.00715	0.00577	0.00637	0.00631	0.00799	0.00498	0.00470	0.00894	0.01383	0.01755	0.25769	0.08991	0.52101	0.01386	0.00678	0.00191	0.00286	0.01179	0.00559	0.00498
62	0.01288	0.31487	0.49641	0.01390	0.02104	0.01673	0.01695	0.01775	0.01191	0.01640	0.00941	0.01101	0.00728	0.00523	0.00478	0.00159	0.00759	0.00380	0.00243	0.00804
63	0.01271	0.01034	0.01229	0.02252	0.01419	0.00825	0.00726	0.03159	0.01232	0.05294	0.01074	0.01233	0.00872	0.00461	0.00476	0.00097	0.02594	0.00361	0.00357	0.74032
64	0.07546	0.04623	0.01562	0.01212	0.01615	0.01625	0.00993	0.43591	0.23542	0.03034	0.01635	0.01693	0.01231	0.00720	0.00558	0.00179	0.00561	0.02628	0.00545	0.00906
65	0.02174	0.01602	0.01717	0.01316	0.01774	0.01774	0.01087	0.74423	0.02689	0.03605	0.01373	0.01373	0.00973	0.00687	0.00572	0.00172	0.00629	0.00515	0.00572	0.00973
66	0.01638	0.17583	0.10831	0.01391	0.05908	0.19408	0.01167	0.11835	0.13277	0.01926	0.02726	0.01453	0.01084	0.03749	0.00658	0.00179	0.03573	0.00471	0.00368	0.00777
67	0.07188	0.64017	0.05618	0.01113	0.01610	0.03544	0.06950	0.01735	0.01175	0.01488	0.00835	0.00982	0.00737	0.00496	0.00401	0.00135	0.00645	0.00342	0.00257	0.00732
68	0.00727	0.00581	0.00645	0.00630	0.00797	0.00505	0.00469	0.00911	0.01400	0.01793	0.30113	0.05025	0.49343	0.03638	0.00741	0.00199	0.00291	0.01136	0.00560	0.00499
69	0.01630	0.01115	0.01283	0.00990	0.01411	0.03192	0.00794	0.14789	0.01572	0.17667	0.05214	0.06274	0.01388	0.00667	0.00547	0.00139	0.02191	0.00537	0.00480	0.38120
70	0.01318	0.01479	0.05157	0.02167	0.02691	0.01358	0.60887	0.05360	0.01387	0.01882	0.01370	0.09562	0.01169	0.00629	0.00672	0.00196	0.00879	0.00758	0.00327	0.00752
71	0.01350	0.01543	0.03375	0.02411	0.02989	0.01446	0.74253	0.01832	0.01350	0.01832	0.01157	0.01543	0.00868	0.00482	0.00675	0.00193	0.00964	0.00675	0.00289	0.00771
72	0.00733	0.00591	0.00658	0.00686	0.00839	0.00529	0.00505	0.00943	0.04363	0.01628	0.10617	0.22896	0.47175	0.01485	0.00689	0.00204	0.00314	0.04101	0.00541	0.00502
73	0.01147	0.02959	0.76934	0.01630	0.02476	0.01328	0.02113	0.01811	0.01208	0.01811	0.01026	0.01208	0.00725	0.00543	0.00543	0.00181	0.00845	0.00423	0.00242	0.00845
74	0.00815	0.00598	0.00873	0.00885	0.00978	0.00681	0.00675	0.01005	0.00940	0.01357	0.01692	0.08922	0.01658	0.06897	0.65655	0.00821	0.01351	0.00706	0.02990	0.00501
75	0.00697	0.00498	0.00664	0.00796	0.00830	0.00465	0.00531	0.00796	0.01095	0.01460	0.03153	0.79525	0.03783	0.01792	0.00730	0.00232	0.00332	0.01626	0.00531	0.00465
76	0.01029	0.00620	0.01031	0.06674	0.01165	0.00632	0.06569	0.00887	0.00824	0.01097	0.01009	0.01707	0.00966	0.01759	0.01985	0.70408	0.00555	0.00512	0.00252	0.00320
77	0.31468	0.27459	0.03413	0.02688	0.05301	0.03535	0.07691	0.01719	0.01116	0.03336	0.00878	0.01071	0.00728	0.00556	0.00538	0.00166	0.06956	0.00380	0.00301	0.00699
78	0.00731	0.00526	0.00664	0.00747	0.00803	0.00492	0.00503	0.00839	0.01126	0.01493	0.09525	0.51868	0.11008	0.13860	0.01061	0.00275	0.00362	0.03152	0.00511	0.00456
79	0.01388	0.01331	0.02272	0.09604	0.70450	0.01352	0.01742	0.01732	0.01290	0.01836	0.01071	0.01425	0.00894	0.00515	0.00567	0.00172	0.00686	0.00510	0.00281	0.00884
80	0.06256	0.01310	0.01468	0.01147	0.01556	0.01384	0.00933	0.43169	0.04015	0.23845	0.01650	0.01715	0.01185	0.06813	0.00743	0.00204	0.00570	0.00549	0.00582	0.00905
81	0.06447	0.01112	0.01369	0.01072	0.01494	0.01076	0.00884	0.20206	0.01838	0.50873	0.02013	0.04074	0.01386	0.00749	0.00574	0.00180	0.00516	0.02562	0.00647	0.00929
82	0.00718	0.00554	0.00653	0.00695	0.00817	0.00494	0.00500	0.00870	0.01277	0.01643	0.17038	0.30789	0.34736	0.03305	0.00749	0.00215	0.00314	0.03606	0.00544	0.00485
83	0.01366	0.01116	0.01207	0.01106	0.01391	0.01264	0.00850	0.04502	0.59522	0.04670	0.02430	0.14159	0.02033	0.00930	0.00605	0.00199	0.00439	0.00794	0.00578	0.00841
84	0.03204	0.07613	0.07011	0.21605	0.01992	0.06082	0.01057	0.09474	0.02820	0.01807	0.03079	0.04213	0.01315	0.10098	0.05167	0.00259	0.00679	0.02138	0.09746	0.00641
85	0.02040	0.14024	0.01885	0.01278	0.01714	0.14853	0.01062	0.48697	0.02227	0.02826	0.01189	0.01238	0.00892	0.00632	0.00526	0.00157	0.00690	0.00452	0.00467	0.03149
86	0.01432	0.43320	0.05850	0.01051	0.01426	0.14144	0.00962	0.01643	0.01310	0.01554	0.14405	0.05497	0.01722	0.00709	0.00515	0.00149	0.02777	0.00524	0.00336	0.00677
87	0.01579	0.00946	0.01115	0.00956	0.01266	0.00946	0.00760	0.07524	0.20819	0.24612	0.14632	0.03085	0.15092	0.00954	0.00617	0.00187	0.00421	0.03085	0.00616	0.00787
88	0.00854	0.00631	0.00736	0.00708	0.00890	0.00572	0.00543	0.01124	0.04695	0.04960	0.33655	0.04771	0.36945	0.01284	0.00674	0.00191	0.00311	0.05327	0.00580	0.00547
89	0.11692	0.01009	0.01227	0.00957	0.01391	0.00908	0.00783	0.02330	0.06121	0.44493	0.01819	0.01755	0.01250	0.00643	0.00519	0.00159	0.00466	0.01951	0.00569	0.19959
90	0.00844	0.00645	0.00784	0.00737	0.00878	0.02718	0.00553	0.01107	0.01611	0.02249	0.72112	0.04212	0.07068	0.01160	0.00670	0.00179	0.00292	0.01020	0.00618	0.00542
91	0.00693	0.00580	0.00603	0.00598	0.00783	0.00490	0.00448	0.00854	0.01344	0.01642	0.14851	0.05346	0.66981	0.01413	0.00676	0.00191	0.00287	0.01185	0.00544	0.00490
92	0.00821	0.00598	0.00781	0.00772	0.00910	0.00558	0.00603	0.01082	0.01543	0.02138	0.58077	0.04752	0.09611	0.01263	0.00696	0.00196	0.00318	0.14143	0.00604	0.00534
93	0.02123	0.01562	0.01672	0.01290	0.01735	0.01730	0.01063	0.70442	0.04653	0.03531	0.01413	0.01415	0.01008	0.00689	0.00568	0.00171	0.00615	0.00519	0.02842	0.00959
94	0.00743	0.00560	0.00739	0.00832	0.00869	0.00565	0.00573	0.00842	0.01077	0.01443	0.03034	0.67352	0.06643	0.04926	0.00903	0.00245	0.06188	0.01491	0.00502	0.00473
95	0.00697	0.00498	0.00664	0.00796	0.00830	0.00465	0.00531	0.00796	0.01095	0.01460	0.03153	0.79525	0.03783	0.01792	0.00730	0.00232	0.00332	0.01626	0.00531	0.00465
96	0.01162	0.02853	0.71455	0.01688	0.02514	0.01337	0.07487	0.01813	0.01218	0.01813	0.01036	0.01233	0.00735	0.00539	0.00553	0.00182	0.00854	0.00441	0.00245	0.00840
97	0.07343	0.31188	0.02216	0.06033	0.05693	0.01793	0.04723	0.23077	0.05209	0.05920	0.01157	0.01256	0.00896	0.00580	0.00485	0.00157	0.00622	0.00439	0.00392	0.00821
98	0.01186	0.01017	0.01186	0.00847	0.01356	0.00762	0.00678	0.01440	0.01186	0.01864	0.01017	0.01186	0.00847	0.00424	0.00424	0.00085	0.00424	0.00339	0.00339	0.83395
99	0.00697	0.00498	0.00664	0.00796	0.00830	0.00465	0.00531	0.00796	0.01095	0.01460	0.03153	0.79525	0.03783	0.01792	0.00730	0.00232	0.00332	0.01626	0.00531	0.00465
100	0.01232	0.16677	0.57725	0.01577	0.02337	0.01505	0.07770	0.01795	0.01211	0.01730	0.00996	0.01183	0.00738	0.00529	0.00523	0.00172	0.00813	0.00422	0.00246	0.00819
101	0.01729	0.02011	0.01676	0.12325	0.01996	0.41830	0.01216	0.04460	0.01372	0.01480	0.00881	0.01178	0.00753	0.00712	0.00927	0.00185	0.23894	0.00432	0.00286	0.00659
102	0.00714	0.00510	0.00683	0.00816	0.00856	0.00479	0.00560	0.00825	0.01112	0.01479	0.03143	0.74082	0.03747	0.01776	0.00735	0.00235	0.00346	0.06904	0.00531	0.00469
103	0.01287	0.06472	0.66932	0.01547	0.02341	0.01331	0.01950	0.01890	0.01242	0.08208	0.01121	0.01257	0.00784	0.00555	0.00538	0.00178	0.00803	0.00430	0.00282	0.00851
104	0.03525	0.00903	0.01155	0.23861	0.01901	0.01016	0.00921	0.15922	0.01454	0.02131	0.01650	0.12107	0.01444	0.00874	0.02349	0.00191	0.00530	0.00664	0.26757	0.00644
105	0.24092	0.19796	0.24126	0.01282	0.05918	0.03303	0.01253	0.01898	0.07133	0.04857	0.01062	0.01176	0.00818	0.00552	0.00456	0.00166	0.00631	0.00393	0.00322	0.00767
106	0.03207	0.01154	0.02996	0.01083	0.01434	0.01176	0.00880	0.18250	0.23888	0.20684	0.11860	0.07062	0.02065	0.00847	0.00595	0.00185	0.00477	0.00703	0.00602	0.00854
107	0.00851	0.00588	0.00672	0.00655	0.00699	0.00565	0.00387	0.00879	0.00880	0.01197	0.01839	0.09180	0.02106	0.67625	0.02547	0.00492	0.00527	0.00851	0.00360	0.07101
108	0.01560	0.01411	0.01448	0.01397	0.07620	0.08303	0.01010	0.09899	0.55508	0.02380	0.02002	0.01902	0.01511	0.00729	0.00574	0.00186	0.00541	0.00598	0.00531	0.00890
109	0.01217	0.17118	0.63388	0.01511	0.02291	0.01500	0.01905	0.01793	0.01199	0.01726	0.00984	0.01154	0.00726	0.00534	0.00511	0.00170	0.00803	0.00401	0.00242	0.00825
110	0.01450	0.67364	0.09492	0.01043	0.01538	0.02060	0.01077	0.01682	0.01178	0.01415	0.00982	0.01356	0.00924	0.00575	0.00414	0.00138	0.00626	0.05692	0.00265	0.00729
111	0.01529	0.80242	0.02997	0.00979	0.01468	0.02263	0.00979	0.01713	0.01162	0.01346	0.00795	0.00918	0.00734	0.00489	0.00367	0.00122	0.00612	0.00306	0.00245	0.00734
112	0.07172	0.00542	0.00752	0.00746	0.00772	0.00555	0.00506	0.00815	0.00762	0.01111	0.00979	0.01678	0.00966	0.01879	0.02095	0.77162	0.00493	0.00483	0.00256	0.00276
113	0.01388	0.01331	0.02272	0.09604	0.70450	0.01352	0.01742	0.01732	0.01290	0.01836	0.01071	0.01425	0.00894	0.00515	0.00567	0.00172	0.00686	0.00510	0.00281	0.00884
114	0.00751	0.00537	0.00726	0.00858	0.00915	0.00511	0.00625	0.00890	0.01149	0.01521	0.03123	0.61886	0.03665	0.01741	0.00745	0.00240	0.00379	0.18729	0.00530	0.00480
115	0.00810	0.00578	0.00740	0.00707	0.00818	0.00540	0.00509	0.01033	0.01482	0.02086	0.62409	0.06319	0.04835	0.13446	0.01024	0.00240	0.00316	0.01020	0.00583	0.00508
116	0.01350	0.01543	0.03375	0.02411	0.02989	0.01446	0.74253	0.01832	0.01350	0.01832	0.01157	0.01543	0.00868	0.00482	0.00675	0.00193	0.00964	0.00675	0.00289	0.00771
117	0.00697	0.00498	0.00664	0.00796	0.00830	0.00465	0.00531	0.00796	0.01095	0.01460	0.03153	0.79525	0.03783	0.01792	0.00730	0.00232	0.00332	0.01626	0.00531	0.00465
118	0.00806	0.00578	0.00748	0.00716	0.00835	0.00537	0.00524	0.01045	0.01529	0.02156	0.66350	0.07998	0.05047	0.07595	0.00859	0.00213	0.00296	0.01048	0.00602	0.00520
119	0.00709	0.00509	0.00669	0.00780	0.00825	0.00473	0.00525	0.00822	0.01139	0.01524	0.09271	0.69387	0.05923	0.03556	0.00775	0.00234	0.00331	0.01546	0.00535	0.00469
120	0.01450	0.01242	0.01309	0.01170	0.01498	0.01436	0.00912	0.05652	0.72640	0.02437	0.02293	0.02106	0.01718	0.00773	0.00582	0.00193	0.00459	0.00642	0.00582	0.00908
121	0.00704	0.00501	0.00662	0.00788	0.00819	0.00469	0.00522	0.00798	0.01082	0.01443	0.03085	0.75730	0.03698	0.05704	0.00839	0.00248	0.00343	0.01586	0.00522	0.00459
122	0.00809	0.00552	0.00624	0.00635	0.00652	0.00542	0.00368	0.00828	0.00888	0.01170	0.02209	0.10030	0.07731	0.67711	0.02568	0.00501	0.00517	0.00924	0.00375	0.00366
123	0.01080	0.01017	0.01716	0.78523	0.03940	0.01271	0.01589	0.01461	0.01144	0.01461	0.01017	0.01525	0.00762	0.00572	0.00572	0.00191	0.00762	0.00508	0.00254	0.00635
124	0.02137	0.02726	0.01621	0.01474	0.01768	0.77602	0.01105	0.02284	0.01621	0.01400	0.00884	0.01031	0.00737	0.00589	0.00516	0.00147	0.01031	0.00368	0.00295	0.00663
125	0.00735	0.00561	0.00678	0.00709	0.00835	0.00504	0.00519	0.00910	0.01339	0.01756	0.26219	0.26865	0.29786	0.01471	0.00697	0.00204	0.00308	0.04847	0.00561	0.00497
126	0.00697	0.00498	0.00664	0.00796	0.00830	0.00465	0.00531	0.00796	0.01095	0.01460	0.03153	0.79525	0.03783	0.01792	0.00730	0.00232	0.00332	0.01626	0.00531	0.00465
127	0.02557	0.00989	0.01337	0.01025	0.01468	0.00864	0.00847	0.04551	0.01663	0.74927	0.02235	0.01933	0.01405	0.00707	0.00575	0.00177	0.00490	0.00574	0.00705	0.00973
128	0.00714	0.00581	0.00631	0.00619	0.00796	0.00499	0.00464	0.00893	0.01392	0.01755	0.25509	0.05159	0.56252	0.01370	0.00676	0.00189	0.00284	0.01159	0.00559	0.00499
129	0.01358	0.07356	0.02967	0.02098	0.04003	0.03020	0.53370	0.01758	0.01285	0.01750	0.01075	0.01428	0.00844	0.00527	0.00734	0.00183	0.07895	0.00595	0.00286	0.07467
130	0.03520	0.55876	0.24324	0.01161	0.01750	0.01968	0.01298	0.01740	0.01171	0.01512	0.00862	0.01002	0.00728	0.00506	0.00418	0.00141	0.00675	0.00340	0.00247	0.00763
131	0.00849	0.00694	0.00727	0.00667	0.00894	0.00614	0.00506	0.06857	0.01399	0.01748	0.07855	0.04714	0.57974	0.04941	0.00753	0.00200	0.00339	0.01062	0.00516	0.06695
132	0.01745	0.01315	0.01427	0.01154	0.01527	0.01426	0.00918	0.40986	0.18790	0.04289	0.01701	0.05648	0.01377	0.07174	0.00760	0.00204	0.00548	0.00612	0.00537	0.07863
133	0.01156	0.00847	0.00994	0.00936	0.01148	0.00856	0.00696	0.09919	0.16043	0.05811	0.06263	0.38513	0.04595	0.01245	0.00643	0.00198	0.00402	0.01094	0.00543	0.08099
134	0.02902	0.01261	0.02073	0.01604	0.01938	0.02770	0.28046	0.08451	0.01330	0.03311	0.01584	0.12026	0.04957	0.00838	0.00898	0.00198	0.17412	0.00734	0.00366	0.07302

[dist]
# distance from previous block
# <min> <max>
4	9

[block]
# block no. 3 follows, 41 sequences, length 30
# corresponding to MSA columns:
# 272-301
name=unknown_D
#
# <colnr> <probs for GDERKNQSTAVLIFYWHMCP>
#	G	D	E	R	K	N	Q	S	T	A	V	L	I	F	Y	W	H	M	C	P
0	0.01237	0.01563	0.12640	0.05145	0.02521	0.01385	0.42701	0.01656	0.01205	0.01691	0.01118	0.01535	0.00891	0.01001	0.09562	0.00282	0.12262	0.00602	0.00278	0.00725
1	0.00918	0.00579	0.00704	0.00706	0.00760	0.00570	0.00450	0.00975	0.00960	0.06347	0.02211	0.16920	0.05328	0.50574	0.09129	0.00491	0.00589	0.00950	0.00408	0.00431
2	0.00887	0.00559	0.00728	0.00787	0.00878	0.00512	0.00546	0.01013	0.01198	0.08568	0.10103	0.56533	0.08706	0.05126	0.00805	0.00234	0.00348	0.01407	0.00549	0.00515
3	0.01524	0.01071	0.01215	0.01024	0.01284	0.01174	0.00804	0.35281	0.01794	0.04200	0.01637	0.06833	0.01440	0.11804	0.14187	0.00352	0.02330	0.00646	0.10683	0.00717
4	0.00736	0.00539	0.00709	0.02230	0.00908	0.00516	0.00561	0.00903	0.03420	0.01565	0.09630	0.67347	0.05445	0.01675	0.00716	0.00225	0.00337	0.01513	0.00536	0.00488
5	0.01318	0.01077	0.01729	0.53303	0.13947	0.01248	0.01479	0.01769	0.06831	0.09866	0.01261	0.01602	0.00930	0.00593	0.00572	0.00186	0.00697	0.00526	0.00333	0.00732
6	0.01519	0.71845	0.08620	0.01044	0.01555	0.04597	0.01070	0.01739	0.01180	0.01383	0.00816	0.00943	0.00733	0.00497	0.00385	0.00128	0.00643	0.00317	0.00246	0.00740
7	0.02979	0.05252	0.01989	0.36152	0.09542	0.01402	0.10610	0.14751	0.01497	0.07063	0.01211	0.01570	0.00914	0.00599	0.00574	0.00182	0.00720	0.01876	0.00356	0.00763
8	0.00808	0.00547	0.00628	0.00647	0.00658	0.00539	0.00376	0.00826	0.00884	0.01173	0.02120	0.14753	0.04592	0.66204	0.02528	0.00497	0.00514	0.00958	0.00379	0.00368
9	0.00701	0.00508	0.00663	0.00778	0.00827	0.00470	0.00525	0.00813	0.01136	0.01508	0.07048	0.70658	0.08779	0.01737	0.00724	0.00227	0.00326	0.01567	0.00536	0.00470
10	0.01167	0.06900	0.73164	0.01597	0.02424	0.01376	0.02055	0.01806	0.01205	0.01788	0.01015	0.01193	0.00725	0.00541	0.00534	0.00178	0.00833	0.00417	0.00242	0.00840
11	0.00729	0.00545	0.00735	0.06055	0.01038	0.00526	0.00596	0.00862	0.01150	0.01523	0.08098	0.63505	0.09228	0.01641	0.00711	0.00223	0.00354	0.01478	0.00519	0.00483
12	0.00736	0.00526	0.00709	0.00842	0.00892	0.00499	0.00600	0.00865	0.01134	0.01504	0.03131	0.66669	0.03697	0.01755	0.00741	0.00238	0.00366	0.14092	0.00530	0.00476
13	0.00984	0.00673	0.00748	0.00702	0.00754	0.00693	0.00431	0.09185	0.01043	0.01392	0.01754	0.03474	0.01954	0.70907	0.02646	0.00511	0.00563	0.00796	0.00372	0.00418
14	0.01343	0.01489	0.05028	0.31710	0.16599	0.10979	0.15819	0.01700	0.01257	0.01609	0.01020	0.01415	0.00804	0.00574	0.00674	0.00186	0.06280	0.00520	0.00271	0.00723
15	0.01147	0.02959	0.76934	0.01630	0.02476	0.01328	0.02113	0.01811	0.01208	0.01811	0.01026	0.01208	0.00725	0.00543	0.00543	0.00181	0.00845	0.00423	0.00242	0.00845
16	0.02080	0.02545	0.01597	0.01437	0.01735	0.68327	0.01086	0.07756	0.01671	0.01566	0.00951	0.01112	0.00786	0.00764	0.03994	0.00184	0.01023	0.00391	0.00317	0.00680
17	0.00803	0.00585	0.00757	0.00723	0.00859	0.00538	0.00545	0.01063	0.01583	0.02220	0.68713	0.05953	0.09103	0.01209	0.00679	0.00184	0.00279	0.03050	0.00619	0.00535
18	0.00937	0.00681	0.00929	0.01048	0.01185	0.00689	0.00903	0.01263	0.05127	0.01736	0.02998	0.09521	0.03234	0.01548	0.00777	0.00258	0.00514	0.65579	0.00530	0.00543
19	0.01471	0.68420	0.14308	0.01078	0.01622	0.02120	0.01152	0.01728	0.01169	0.01417	0.00831	0.00962	0.00733	0.00498	0.00394	0.00131	0.00647	0.00324	0.00244	0.00751
20	0.00704	0.00527	0.00655	0.00736	0.00819	0.00477	0.00509	0.00834	0.01203	0.01573	0.11914	0.53433	0.21252	0.01640	0.00711	0.00217	0.00315	0.01460	0.00542	0.00477
21	0.00713	0.00571	0.00620	0.00625	0.00777	0.00497	0.00451	0.00860	0.01290	0.01613	0.16106	0.11738	0.51799	0.08720	0.00888	0.00228	0.00315	0.01183	0.00529	0.00477
22	0.00708	0.00520	0.00666	0.00766	0.00832	0.00478	0.00527	0.00831	0.01170	0.01542	0.09108	0.61534	0.14117	0.01691	0.00720	0.00223	0.00326	0.03229	0.00538	0.00474
23	0.01123	0.00653	0.00852	0.00768	0.00961	0.00589	0.00588	0.01368	0.01579	0.16074	0.54307	0.07030	0.09593	0.01129	0.00658	0.00182	0.00314	0.00986	0.00633	0.00613
24	0.00702	0.00537	0.00647	0.00720	0.00820	0.00481	0.00507	0.00834	0.01210	0.01551	0.08782	0.46044	0.29990	0.01622	0.00709	0.00216	0.00318	0.03296	0.00537	0.00478
25	0.01597	0.01240	0.01330	0.01144	0.01493	0.01387	0.00904	0.16750	0.51059	0.07711	0.02373	0.02202	0.06624	0.00800	0.00586	0.00188	0.00478	0.00654	0.00585	0.00894
26	0.01350	0.01543	0.03375	0.02411	0.02989	0.01446	0.74253	0.01832	0.01350	0.01832	0.01157	0.01543	0.00868	0.00482	0.00675	0.00193	0.00964	0.00675	0.00289	0.00771
27	0.01304	0.01318	0.01774	0.01502	0.01602	0.05652	0.06645	0.01630	0.09400	0.01525	0.01005	0.01410	0.00904	0.01073	0.05212	0.00266	0.56287	0.00529	0.00296	0.00665
28	0.00919	0.00669	0.00789	0.00743	0.00932	0.00628	0.00569	0.01277	0.08816	0.05824	0.38432	0.04439	0.28792	0.01217	0.00665	0.00189	0.00315	0.03616	0.00592	0.00578
29	0.44094	0.18892	0.09996	0.02405	0.01401	0.01434	0.00893	0.01766	0.01108	0.07849	0.00994	0.01110	0.00764	0.00544	0.00402	0.00163	0.00526	0.00357	0.04608	0.00694

[dist]
# distance from previous block
# <min> <max>
0	3

[block]
# block no. 4 follows, 41 sequences, length 31
# corresponding to MSA columns:
# 305-335
name=unknown_E
#
# <colnr> <probs for GDERKNQSTAVLIFYWHMCP>
#	G	D	E	R	K	N	Q	S	T	A	V	L	I	F	Y	W	H	M	C	P
0	0.38860	0.03415	0.04221	0.07027	0.02954	0.02902	0.00903	0.15402	0.05313	0.03680	0.03662	0.01309	0.00973	0.00645	0.01485	0.00180	0.00548	0.00426	0.00403	0.05692
1	0.07337	0.00668	0.00901	0.00890	0.00993	0.00769	0.00678	0.01058	0.00960	0.01462	0.05004	0.08509	0.01761	0.10353	0.51282	0.00705	0.05114	0.00704	0.00344	0.00508
2	0.00714	0.00505	0.00659	0.00775	0.00804	0.00476	0.00508	0.00801	0.01062	0.01416	0.02983	0.70008	0.03569	0.11600	0.01004	0.00273	0.00360	0.01526	0.00508	0.00450
3	0.01172	0.01107	0.01865	0.57542	0.12191	0.01319	0.05757	0.03334	0.01199	0.01591	0.01040	0.01504	0.00802	0.00589	0.00650	0.00190	0.05265	0.00518	0.01684	0.00681
4	0.01325	0.01559	0.07460	0.01949	0.02295	0.04383	0.36617	0.01659	0.01155	0.01626	0.00970	0.01381	0.00805	0.00705	0.01158	0.00214	0.33180	0.00575	0.00270	0.00712
5	0.01478	0.69812	0.12976	0.01067	0.01604	0.02137	0.01132	0.01726	0.01168	0.01409	0.00826	0.00957	0.00733	0.00497	0.00391	0.00130	0.00643	0.00322	0.00244	0.00749
6	0.02078	0.02615	0.01678	0.01639	0.07834	0.71400	0.01158	0.02241	0.01595	0.01438	0.00900	0.01063	0.00751	0.00583	0.00520	0.00149	0.01003	0.00380	0.00294	0.00683
7	0.00752	0.00558	0.00750	0.00845	0.00874	0.00569	0.00581	0.00842	0.01060	0.01430	0.02865	0.68965	0.03418	0.04140	0.00928	0.02488	0.06489	0.01483	0.00496	0.00468
8	0.00703	0.00502	0.00669	0.00793	0.00831	0.00468	0.00531	0.00811	0.01122	0.01502	0.06838	0.75720	0.03865	0.01761	0.00727	0.00230	0.00329	0.01596	0.00536	0.00468
9	0.00701	0.00512	0.00650	0.00758	0.00811	0.00472	0.00508	0.00802	0.01111	0.01454	0.03450	0.65455	0.13699	0.05694	0.00833	0.00243	0.00337	0.01528	0.00522	0.00461
10	0.00712	0.00508	0.00681	0.00813	0.00853	0.00477	0.00557	0.00822	0.01110	0.01477	0.03144	0.74735	0.03751	0.01778	0.00734	0.00234	0.00345	0.06270	0.00531	0.00469
11	0.01158	0.05121	0.74866	0.01612	0.02447	0.01355	0.02082	0.01809	0.01206	0.01798	0.01020	0.01200	0.00725	0.00542	0.00538	0.00179	0.00839	0.00419	0.00242	0.00842
12	0.00823	0.00696	0.00726	0.00711	0.00914	0.00661	0.00534	0.01246	0.15276	0.01720	0.06972	0.10626	0.54338	0.01340	0.00662	0.00196	0.00323	0.01129	0.00544	0.00563
13	0.00816	0.00569	0.00681	0.00679	0.00719	0.00578	0.00430	0.00876	0.00916	0.01231	0.04986	0.03623	0.07883	0.56586	0.16556	0.00579	0.00705	0.00828	0.00365	0.00395
14	0.01213	0.01205	0.01568	0.01377	0.01416	0.06086	0.01129	0.01356	0.00930	0.01368	0.00924	0.01449	0.00894	0.01673	0.17845	0.00386	0.57798	0.00516	0.00265	0.00604
15	0.00957	0.00830	0.01065	0.01025	0.01128	0.05964	0.00805	0.01148	0.00961	0.01338	0.01396	0.02048	0.01303	0.03652	0.63491	0.00788	0.10685	0.00583	0.00299	0.00535
16	0.00710	0.00577	0.00632	0.00656	0.00810	0.00507	0.00477	0.00891	0.03129	0.01605	0.10586	0.22671	0.51758	0.01490	0.00686	0.00201	0.00302	0.01278	0.00540	0.00494
17	0.00803	0.00546	0.00646	0.00673	0.00685	0.00543	0.00401	0.00833	0.00890	0.01192	0.02068	0.19305	0.02401	0.60323	0.05886	0.00505	0.00553	0.00986	0.00383	0.00378
18	0.00994	0.00821	0.02463	0.04019	0.06137	0.02817	0.00896	0.05539	0.01336	0.01751	0.04345	0.27704	0.05096	0.01425	0.00718	0.00231	0.00499	0.32143	0.00495	0.00572
19	0.75698	0.01124	0.00871	0.02739	0.01177	0.03429	0.00648	0.01677	0.01007	0.02485	0.00854	0.01002	0.00665	0.00540	0.00366	0.00174	0.00459	0.00327	0.04141	0.00617
20	0.01303	0.01450	0.03083	0.15808	0.03157	0.01416	0.61462	0.01767	0.01314	0.01767	0.01132	0.01540	0.00849	0.00498	0.00657	0.00192	0.00929	0.00646	0.00283	0.00748
21	0.01267	0.36885	0.22657	0.07302	0.04623	0.01615	0.01314	0.01606	0.01205	0.01573	0.04608	0.06226	0.01289	0.00685	0.00500	0.00163	0.00652	0.04806	0.00298	0.00726
22	0.01260	0.01009	0.01192	0.00889	0.01363	0.00797	0.00720	0.04347	0.01274	0.04954	0.01242	0.01646	0.01071	0.00538	0.00465	0.00106	0.00443	0.06131	0.00378	0.70176
23	0.06627	0.13527	0.61720	0.01483	0.02246	0.01455	0.01858	0.01789	0.01186	0.01796	0.00979	0.01149	0.00719	0.00535	0.00507	0.00173	0.00787	0.00399	0.00249	0.00815
24	0.00772	0.00555	0.00720	0.00807	0.00871	0.00528	0.00555	0.03819	0.01232	0.01662	0.13160	0.65949	0.03892	0.01661	0.00716	0.00223	0.00335	0.01499	0.00546	0.00496
25	0.00710	0.00575	0.00631	0.00630	0.00797	0.00495	0.00467	0.00882	0.01365	0.01721	0.22645	0.10764	0.53505	0.01407	0.00680	0.00193	0.00288	0.01197	0.00555	0.00495
26	0.02338	0.00945	0.01263	0.00984	0.01393	0.00829	0.00807	0.04618	0.01651	0.65671	0.07927	0.02265	0.05060	0.00775	0.00587	0.00178	0.00466	0.00636	0.00690	0.00919
27	0.01545	0.01317	0.01946	0.20921	0.39524	0.06160	0.01503	0.06181	0.01402	0.10467	0.01246	0.03075	0.00982	0.00589	0.00569	0.00176	0.00690	0.00531	0.00348	0.00828
28	0.04922	0.01031	0.04875	0.00991	0.01383	0.00874	0.00840	0.06642	0.01624	0.50785	0.14530	0.02301	0.02025	0.03701	0.00669	0.00191	0.00477	0.00642	0.00638	0.00859
29	0.01404	0.04042	0.01471	0.02716	0.01442	0.02764	0.01980	0.10767	0.01293	0.07693	0.01369	0.01648	0.03939	0.01169	0.09486	0.00265	0.27044	0.00521	0.06500	0.12489
30	0.01291	0.13414	0.06530	0.04326	0.05515	0.08152	0.06371	0.09035	0.03817	0.01807	0.05176	0.19950	0.02945	0.03762	0.00673	0.00196	0.00603	0.03695	0.00405	0.02338

[dist]
# distance from previous block
# <min> <max>
5	11

[block]
# block no. 5 follows, 41 sequences, length 16
# corresponding to MSA columns:
# 347-362
name=unknown_F
#
# <colnr> <probs for GDERKNQSTAVLIFYWHMCP>
#	G	D	E	R	K	N	Q	S	T	A	V	L	I	F	Y	W	H	M	C	P
0	0.05686	0.16091	0.12036	0.01996	0.21316	0.04290	0.15707	0.01804	0.04190	0.03706	0.04951	0.01571	0.03020	0.00581	0.00544	0.00169	0.00701	0.00529	0.00322	0.00789
1	0.03320	0.03223	0.02733	0.01188	0.05625	0.03851	0.00914	0.09455	0.17532	0.27665	0.02075	0.01961	0.06399	0.00710	0.00552	0.00167	0.00511	0.00574	0.00545	0.11000
2	0.01993	0.01434	0.01548	0.01219	0.01629	0.01582	0.00997	0.57019	0.09931	0.06029	0.01546	0.01552	0.01118	0.00783	0.02432	0.00189	0.00600	0.00534	0.06944	0.00921
3	0.06291	0.00660	0.00786	0.00773	0.00925	0.00636	0.00570	0.05135	0.01427	0.04692	0.31617	0.28423	0.13275	0.01323	0.00663	0.00198	0.00332	0.01156	0.00567	0.00553
4	0.03206	0.25093	0.13331	0.01287	0.01727	0.23405	0.01195	0.08167	0.04102	0.06578	0.01052	0.01166	0.00833	0.00603	0.00576	0.00158	0.06026	0.00402	0.00331	0.00763
5	0.06345	0.07870	0.01726	0.01232	0.01678	0.01708	0.01028	0.56154	0.06448	0.08048	0.01407	0.01393	0.01007	0.00669	0.00545	0.00170	0.00599	0.00499	0.00544	0.00931
6	0.00697	0.00498	0.00664	0.00796	0.00830	0.00465	0.00531	0.00796	0.01095	0.01460	0.03153	0.79525	0.03783	0.01792	0.00730	0.00232	0.00332	0.01626	0.00531	0.00465
7	0.01298	0.01445	0.09705	0.19562	0.42956	0.01374	0.05338	0.01668	0.01224	0.01730	0.01034	0.01411	0.00841	0.00567	0.00682	0.00184	0.07392	0.00508	0.00270	0.00810
8	0.01831	0.07948	0.01798	0.01391	0.05663	0.01475	0.07243	0.35990	0.07204	0.11651	0.01672	0.10579	0.01376	0.00781	0.00583	0.00179	0.00595	0.00657	0.00517	0.00868
9	0.00741	0.00571	0.00669	0.00728	0.00852	0.00517	0.00543	0.00883	0.01212	0.01517	0.04253	0.24746	0.37440	0.08249	0.00902	0.00247	0.00367	0.14574	0.00515	0.00475
10	0.00888	0.00648	0.00875	0.00988	0.01129	0.00634	0.00855	0.01135	0.01315	0.01689	0.03408	0.06322	0.13272	0.01562	0.00774	0.00254	0.00494	0.62710	0.00527	0.00521
11	0.01240	0.05902	0.49115	0.01647	0.08488	0.01247	0.04086	0.01752	0.01230	0.06613	0.01308	0.04865	0.01069	0.00852	0.04851	0.00224	0.00804	0.03600	0.00305	0.00803
12	0.01265	0.05079	0.62732	0.01771	0.10050	0.01334	0.01971	0.01856	0.01240	0.05935	0.01092	0.01261	0.00782	0.00547	0.00542	0.00178	0.00801	0.00436	0.00272	0.00855
