[name]
unknown

[dist]
# distance from previous block
# <min> <max>
5	99

[block]
# block no. 0 follows, 37 sequences, length 20
# corresponding to MSA columns:
# 121-140
name=unknown_A
#
# <colnr> <probs for GDERKNQSTAVLIFYWHMCP>
#	G	D	E	R	K	N	Q	S	T	A	V	L	I	F	Y	W	H	M	C	P
0	0.04293	0.37719	0.07168	0.01259	0.01694	0.08943	0.01169	0.08439	0.01438	0.08919	0.01078	0.01222	0.00879	0.00666	0.00713	0.00171	0.12643	0.00423	0.00352	0.00813
1	0.18565	0.11409	0.01645	0.01224	0.04360	0.07400	0.00970	0.19813	0.01731	0.09099	0.07404	0.01636	0.01363	0.00723	0.00616	0.00180	0.05359	0.00517	0.05173	0.00812
2	0.01437	0.00856	0.00887	0.00780	0.01009	0.00902	0.00611	0.19196	0.01682	0.02675	0.01865	0.02079	0.01437	0.00719	0.00474	0.00153	0.00382	0.00566	0.61602	0.00688
3	0.01541	0.04343	0.01513	0.09191	0.01855	0.08809	0.01007	0.08889	0.29261	0.02252	0.01905	0.01929	0.05074	0.00719	0.00572	0.00171	0.00589	0.00576	0.00478	0.19326
4	0.06663	0.08197	0.01783	0.01364	0.01745	0.21126	0.01100	0.29549	0.10988	0.02612	0.01388	0.03557	0.01106	0.00746	0.00656	0.00183	0.05370	0.00529	0.00472	0.00865
5	0.00755	0.00546	0.00703	0.00820	0.00872	0.00506	0.00549	0.00866	0.01194	0.01578	0.05677	0.65722	0.10245	0.05756	0.00893	0.00261	0.00361	0.01638	0.00561	0.00495
6	0.01812	0.04783	0.01599	0.08453	0.01898	0.25338	0.01060	0.11168	0.11605	0.06123	0.01665	0.03308	0.04967	0.00721	0.00571	0.00167	0.00731	0.00550	0.00440	0.13040
7	0.01403	0.01605	0.05602	0.02239	0.02670	0.01648	0.47209	0.01804	0.01277	0.01804	0.01094	0.01539	0.00883	0.00696	0.01129	0.00226	0.25445	0.00653	0.00294	0.00779
8	0.01047	0.00660	0.00781	0.00762	0.00953	0.00577	0.00562	0.01209	0.01408	0.12511	0.11348	0.22833	0.37278	0.04218	0.00806	0.00227	0.00360	0.01270	0.00599	0.00590
9	0.01418	0.01373	0.02393	0.22495	0.51798	0.01436	0.06548	0.01803	0.01354	0.01885	0.01141	0.01554	0.00927	0.00561	0.00615	0.00189	0.00770	0.00557	0.00295	0.00886
10	0.01450	0.01652	0.05937	0.02320	0.02828	0.01618	0.53642	0.04533	0.01397	0.01939	0.01160	0.01572	0.00904	0.00632	0.00956	0.00217	0.15455	0.00670	0.00311	0.00807
11	0.00861	0.00648	0.00802	0.00801	0.00941	0.00612	0.00586	0.01182	0.06288	0.02136	0.43074	0.22549	0.14368	0.01427	0.00730	0.00209	0.00321	0.01259	0.00630	0.00576
12	0.01339	0.01339	0.01875	0.01607	0.01607	0.01875	0.01339	0.01473	0.00937	0.01473	0.00804	0.01339	0.00804	0.01071	0.02009	0.00268	0.77367	0.00536	0.00268	0.00670
13	0.16721	0.01168	0.01364	0.01074	0.01527	0.03511	0.00883	0.06817	0.01693	0.55858	0.02038	0.01825	0.01315	0.00719	0.00572	0.00188	0.00541	0.00555	0.00668	0.00964
14	0.01164	0.01098	0.01550	0.05457	0.01551	0.01461	0.01146	0.01312	0.01009	0.01495	0.01457	0.18839	0.01588	0.01471	0.06539	0.00307	0.50776	0.00817	0.00340	0.00623
15	0.00839	0.00616	0.00717	0.00728	0.00889	0.00540	0.00532	0.01015	0.01432	0.04618	0.20834	0.22819	0.39132	0.01541	0.00733	0.00213	0.00324	0.01332	0.00600	0.00546
16	0.00786	0.00606	0.00736	0.00757	0.00892	0.00562	0.00552	0.00964	0.01348	0.01766	0.20038	0.21314	0.30973	0.04413	0.11125	0.00332	0.00506	0.01252	0.00553	0.00525
17	0.01325	0.01182	0.01784	0.64888	0.03802	0.04280	0.01586	0.05876	0.01362	0.04273	0.01175	0.01635	0.00873	0.00628	0.00605	0.00199	0.00794	0.00542	0.02479	0.00712
18	0.01381	0.01382	0.01754	0.10190	0.24279	0.13029	0.04068	0.01690	0.03723	0.01760	0.01740	0.19069	0.01748	0.00964	0.00735	0.00205	0.05524	0.03289	0.02728	0.00740
19	0.52727	0.01295	0.01063	0.00911	0.01289	0.07954	0.00734	0.01776	0.01156	0.02420	0.00965	0.01138	0.00774	0.00578	0.00471	0.00168	0.03355	0.00363	0.04705	0.16159

[dist]
# distance from previous block
# <min> <max>
0	4

[block]
# block no. 1 follows, 37 sequences, length 16
# corresponding to MSA columns:
# 145-160
name=unknown_B
#
# <colnr> <probs for GDERKNQSTAVLIFYWHMCP>
#	G	D	E	R	K	N	Q	S	T	A	V	L	I	F	Y	W	H	M	C	P
0	0.00991	0.00699	0.00973	0.00956	0.01104	0.00643	0.03626	0.01149	0.01251	0.06648	0.06749	0.53925	0.03384	0.03390	0.00816	0.00232	0.02333	0.01391	0.00542	0.09198
1	0.06577	0.26709	0.08659	0.04166	0.01770	0.04271	0.01161	0.06032	0.10820	0.03521	0.01189	0.01342	0.00966	0.00663	0.00696	0.00173	0.11059	0.00448	0.00361	0.09418
2	0.01652	0.01730	0.07413	0.02199	0.05379	0.01620	0.43509	0.19113	0.06612	0.02459	0.01366	0.01623	0.01011	0.00595	0.00676	0.00199	0.00890	0.00656	0.00400	0.00897
3	0.01392	0.01003	0.01018	0.00924	0.01145	0.05551	0.00708	0.17398	0.04488	0.02479	0.09917	0.14491	0.02270	0.01067	0.02462	0.00199	0.00476	0.00809	0.31514	0.00688
4	0.01531	0.01068	0.01161	0.00922	0.01291	0.01039	0.00737	0.22516	0.01751	0.02659	0.01561	0.01729	0.01208	0.00639	0.00490	0.00139	0.00452	0.00501	0.32699	0.25906
5	0.00870	0.00631	0.00883	0.00893	0.00969	0.00703	0.00650	0.01024	0.00972	0.01370	0.01831	0.07892	0.01880	0.23599	0.52077	0.00833	0.01282	0.00789	0.00355	0.00498
6	0.00810	0.00600	0.00757	0.00768	0.00893	0.00546	0.00557	0.01028	0.01526	0.02083	0.44040	0.24623	0.16550	0.01480	0.00738	0.00210	0.00310	0.01308	0.00628	0.00546
7	0.00757	0.00564	0.00693	0.00779	0.00863	0.00513	0.00533	0.00883	0.01252	0.01629	0.09118	0.50849	0.21515	0.05954	0.00890	0.00253	0.00352	0.01537	0.00565	0.00501
8	0.02023	0.01382	0.01531	0.01264	0.01680	0.01510	0.01015	0.24604	0.36972	0.17890	0.02160	0.01991	0.01540	0.00786	0.00618	0.00196	0.00550	0.00633	0.00647	0.01006
9	0.01435	0.01400	0.02255	0.26275	0.50033	0.04393	0.01796	0.01804	0.01355	0.01845	0.01124	0.01535	0.00915	0.00569	0.00606	0.00188	0.00770	0.00539	0.00294	0.00870
10	0.00759	0.00540	0.00711	0.00838	0.00875	0.00506	0.00556	0.00865	0.01173	0.01569	0.05658	0.71063	0.03994	0.06616	0.00923	0.00268	0.00368	0.01667	0.00560	0.00492
11	0.00756	0.00575	0.00695	0.00763	0.00871	0.00515	0.00535	0.00904	0.01327	0.01721	0.14479	0.43315	0.27936	0.01699	0.00753	0.00226	0.00330	0.01499	0.00583	0.00515
12	0.01156	0.01088	0.01836	0.77016	0.04216	0.01360	0.01700	0.01564	0.01224	0.01564	0.01088	0.01632	0.00816	0.00612	0.00612	0.00204	0.00816	0.00544	0.00272	0.00680
13	0.01162	0.01022	0.01287	0.24473	0.02155	0.03837	0.01072	0.01781	0.18620	0.01843	0.04134	0.07174	0.10557	0.06757	0.00856	0.00246	0.00598	0.11278	0.00468	0.00679
14	0.00754	0.00539	0.00718	0.00847	0.00890	0.00503	0.00569	0.00873	0.01210	0.01623	0.08185	0.73104	0.04166	0.01873	0.00777	0.00245	0.00351	0.01697	0.00575	0.00503
15	0.01951	0.01256	0.01424	0.01208	0.01602	0.01354	0.00960	0.07536	0.46956	0.25023	0.02404	0.02171	0.01707	0.00802	0.00620	0.00200	0.00508	0.00660	0.00664	0.00996

[dist]
# distance from previous block
# <min> <max>
5	11

[block]
# block no. 2 follows, 37 sequences, length 46
# corresponding to MSA columns:
# 177-209,215-227
name=unknown_C
#
# <colnr> <probs for GDERKNQSTAVLIFYWHMCP>
#	G	D	E	R	K	N	Q	S	T	A	V	L	I	F	Y	W	H	M	C	P
0	0.01010	0.00770	0.00997	0.00983	0.01217	0.00692	0.00815	0.01275	0.01411	0.01943	0.13782	0.09524	0.06058	0.01337	0.00724	0.00218	0.00472	0.36225	0.00533	0.20014
1	0.09083	0.40926	0.02146	0.01035	0.01350	0.01729	0.00913	0.01518	0.01169	0.01602	0.01540	0.22253	0.01674	0.00975	0.00685	0.00185	0.09435	0.00741	0.00358	0.00681
2	0.04826	0.01330	0.01526	0.06140	0.05101	0.02713	0.00987	0.21909	0.04682	0.04527	0.01281	0.01410	0.00986	0.00579	0.00526	0.00141	0.00569	0.00456	0.00446	0.39865
3	0.00875	0.00653	0.00972	0.00972	0.01077	0.00759	0.00750	0.01085	0.00980	0.01412	0.01651	0.02466	0.01557	0.07423	0.73266	0.00969	0.01600	0.00665	0.00330	0.00540
4	0.04812	0.01075	0.01309	0.00967	0.01480	0.00866	0.00784	0.02056	0.01430	0.27637	0.01544	0.01544	0.01111	0.00564	0.00507	0.00129	0.00478	0.00450	0.00502	0.50755
5	0.01185	0.01060	0.04528	0.38309	0.06118	0.01149	0.01339	0.01500	0.01264	0.06234	0.06532	0.16711	0.01840	0.01023	0.02125	0.00229	0.06969	0.00817	0.00389	0.00679
6	0.01498	0.01066	0.01265	0.10450	0.01668	0.05873	0.00932	0.13112	0.01574	0.13544	0.02355	0.35658	0.02400	0.01258	0.00748	0.00218	0.04048	0.01079	0.00539	0.00716
7	0.00828	0.00618	0.00769	0.00744	0.00894	0.00559	0.00553	0.01076	0.01623	0.02224	0.55054	0.09991	0.20089	0.01361	0.00726	0.00199	0.00298	0.01190	0.00644	0.00559
8	0.00884	0.00600	0.00679	0.00685	0.00703	0.00594	0.00403	0.00906	0.00942	0.01242	0.02239	0.04242	0.06571	0.70614	0.02876	0.00557	0.00575	0.03908	0.00391	0.00388
9	0.04101	0.08522	0.12238	0.06502	0.02037	0.08270	0.03695	0.21099	0.01756	0.09792	0.03260	0.01523	0.01086	0.00810	0.02415	0.00210	0.10873	0.00525	0.00431	0.00856
10	0.01680	0.01508	0.02827	0.05128	0.02709	0.01449	0.45219	0.12184	0.01660	0.10487	0.01441	0.03488	0.01080	0.00609	0.00675	0.00195	0.00863	0.00681	0.00412	0.05705
11	0.00867	0.00640	0.00844	0.00815	0.00938	0.00617	0.00606	0.01123	0.01619	0.02285	0.60987	0.15257	0.05324	0.01342	0.00782	0.00204	0.03359	0.01177	0.00642	0.00569
12	0.01617	0.01803	0.13973	0.07769	0.13239	0.03671	0.13115	0.18748	0.04620	0.02350	0.01240	0.01491	0.00949	0.00658	0.00752	0.00195	0.08279	0.00553	0.00381	0.04597
13	0.01226	0.01088	0.01372	0.09166	0.01676	0.05540	0.04156	0.04054	0.03223	0.01716	0.01385	0.02015	0.01256	0.11432	0.20462	0.00428	0.07022	0.00577	0.02146	0.20060
14	0.01254	0.01102	0.01441	0.17764	0.04866	0.00960	0.00984	0.01559	0.01264	0.01900	0.01090	0.01359	0.00889	0.00492	0.00494	0.00119	0.00544	0.00410	0.00340	0.61170
15	0.02095	0.20946	0.02091	0.01452	0.01805	0.55601	0.01157	0.02261	0.01587	0.01483	0.00918	0.01084	0.00788	0.00622	0.00571	0.00156	0.03973	0.00384	0.00301	0.00726
16	0.01472	0.01137	0.01329	0.00963	0.01497	0.00914	0.00776	0.07665	0.01442	0.07730	0.01222	0.01348	0.00964	0.00500	0.00479	0.00106	0.00477	0.00398	0.00414	0.69166
17	0.00890	0.00593	0.00668	0.00668	0.00668	0.00593	0.00371	0.00890	0.00890	0.01187	0.01929	0.04006	0.02225	0.78487	0.03116	0.00593	0.00593	0.00890	0.00371	0.00371
18	0.00745	0.00537	0.00706	0.00842	0.00885	0.00498	0.00564	0.00854	0.01182	0.01567	0.03503	0.74798	0.07256	0.01901	0.00779	0.00247	0.00353	0.01720	0.00568	0.00498
19	0.01428	0.00678	0.00971	0.00893	0.01029	0.00665	0.00656	0.01392	0.01074	0.18800	0.01535	0.02070	0.01295	0.03810	0.15527	0.43764	0.00728	0.00583	0.02590	0.00513
20	0.01792	0.01275	0.01409	0.01215	0.01589	0.01408	0.00959	0.08809	0.52232	0.16007	0.04733	0.02255	0.01863	0.00823	0.00624	0.00202	0.00500	0.00680	0.00648	0.00975
21	0.02722	0.01080	0.01444	0.01107	0.01582	0.00957	0.00915	0.06973	0.01817	0.71012	0.02361	0.02048	0.01488	0.00756	0.00615	0.00189	0.00530	0.00612	0.00749	0.01042
22	0.00796	0.00569	0.00756	0.00857	0.00922	0.00535	0.00603	0.00950	0.01290	0.01743	0.16578	0.55043	0.04260	0.04332	0.00854	0.00253	0.00371	0.08193	0.00581	0.00514
23	0.00729	0.00599	0.00642	0.00675	0.00841	0.00512	0.00490	0.00872	0.01342	0.01632	0.05528	0.23090	0.57657	0.01638	0.00737	0.00217	0.00321	0.01399	0.00568	0.00512
24	0.01156	0.01088	0.01836	0.77016	0.04216	0.01360	0.01700	0.01564	0.01224	0.01564	0.01088	0.01632	0.00816	0.00612	0.00612	0.00204	0.00816	0.00544	0.00272	0.00680
25	0.55470	0.01029	0.00895	0.00800	0.01098	0.01141	0.00617	0.01698	0.01075	0.09447	0.01261	0.01818	0.01118	0.19149	0.01054	0.00286	0.00507	0.00492	0.00414	0.00630
26	0.01331	0.00744	0.01071	0.00992	0.01189	0.00789	0.00783	0.01557	0.01179	0.19006	0.01839	0.02323	0.01528	0.03520	0.55014	0.00760	0.01318	0.00643	0.03746	0.00665
27	0.01782	0.01052	0.01273	0.01071	0.01361	0.01101	0.00848	0.14808	0.07802	0.23302	0.07985	0.08538	0.04783	0.06005	0.00916	0.00225	0.07597	0.00773	0.07964	0.00814
28	0.00830	0.00608	0.00772	0.03569	0.01023	0.00567	0.00600	0.00995	0.01324	0.03656	0.14284	0.40187	0.22977	0.01748	0.03684	0.00255	0.00405	0.01412	0.00568	0.00537
29	0.01460	0.04633	0.11507	0.06497	0.02526	0.07138	0.30029	0.02219	0.18585	0.01996	0.01548	0.04680	0.01231	0.00681	0.00680	0.00202	0.02504	0.00667	0.00384	0.00834
30	0.63428	0.01295	0.01546	0.01228	0.01664	0.01415	0.17763	0.01838	0.01138	0.02559	0.00944	0.01151	0.00726	0.00556	0.00461	0.00193	0.00607	0.00425	0.00362	0.00702
31	0.01237	0.01105	0.01412	0.01250	0.07189	0.02716	0.03762	0.01493	0.01274	0.01885	0.01558	0.11019	0.03094	0.00754	0.00630	0.00143	0.04956	0.03196	0.00387	0.50942
32	0.00899	0.00682	0.00817	0.00784	0.00947	0.00597	0.00543	0.01041	0.01215	0.01675	0.11049	0.28135	0.11034	0.19707	0.01256	0.00287	0.00419	0.01132	0.00491	0.17289
33	0.03607	0.08872	0.04371	0.04961	0.12052	0.01331	0.01110	0.21312	0.01693	0.02305	0.01946	0.24150	0.01968	0.01204	0.03585	0.00234	0.00629	0.03419	0.00473	0.00778
34	0.01373	0.05669	0.54799	0.01733	0.02519	0.01496	0.08896	0.09904	0.01481	0.02127	0.01219	0.03833	0.00927	0.00634	0.00598	0.00193	0.00863	0.00527	0.00314	0.00895
35	0.02278	0.01299	0.01534	0.01184	0.01661	0.01279	0.00969	0.26088	0.08701	0.33910	0.01913	0.01778	0.01301	0.00712	0.00592	0.00175	0.00559	0.00564	0.00639	0.12866
36	0.00843	0.00628	0.00738	0.00728	0.00850	0.00585	0.00510	0.01053	0.03413	0.01871	0.31324	0.11213	0.22272	0.19774	0.01295	0.00297	0.00378	0.01147	0.00564	0.00517
37	0.07393	0.01296	0.01580	0.28067	0.05746	0.07020	0.01230	0.15762	0.01593	0.05123	0.04291	0.05978	0.01358	0.05736	0.00819	0.00222	0.03836	0.00632	0.01572	0.00745
38	0.00809	0.00578	0.00748	0.00833	0.00899	0.00546	0.00582	0.00952	0.01262	0.01694	0.15302	0.45515	0.06800	0.12100	0.01091	0.00287	0.00396	0.08547	0.00559	0.00501
39	0.00874	0.00635	0.00891	0.00895	0.00973	0.00710	0.00654	0.01031	0.00966	0.01364	0.01776	0.05453	0.01802	0.24066	0.54135	0.00855	0.01318	0.00755	0.00348	0.00498
40	0.19108	0.01640	0.01475	0.01259	0.03191	0.13724	0.00986	0.31915	0.05989	0.04852	0.01381	0.01453	0.01029	0.00682	0.00535	0.00178	0.00650	0.00490	0.08606	0.00855
41	0.05019	0.01070	0.03245	0.13629	0.01757	0.01138	0.00967	0.16768	0.01557	0.06523	0.01723	0.11646	0.01520	0.02769	0.00845	0.05316	0.05542	0.00705	0.17558	0.00704
42	0.00928	0.00667	0.00917	0.01052	0.01175	0.00656	0.00883	0.01170	0.01362	0.01771	0.03388	0.20905	0.06530	0.01730	0.00828	0.00272	0.00512	0.54139	0.00565	0.00549
43	0.01108	0.01023	0.01704	0.68093	0.03826	0.01259	0.01567	0.01481	0.01218	0.01564	0.01356	0.10589	0.01195	0.00765	0.00632	0.00209	0.00762	0.00684	0.00307	0.00659
44	0.01256	0.01289	0.07249	0.40823	0.14867	0.01351	0.01608	0.03551	0.02874	0.01742	0.01295	0.02019	0.01099	0.00790	0.00805	0.03425	0.06598	0.06310	0.00317	0.00733
45	0.01572	0.10284	0.36115	0.08969	0.04367	0.04367	0.04273	0.02173	0.07205	0.12864	0.01382	0.01504	0.00991	0.00624	0.00578	0.00187	0.00786	0.00502	0.00370	0.00887

[dist]
# distance from previous block
# <min> <max>
1	5

[block]
# block no. 3 follows, 37 sequences, length 17
# corresponding to MSA columns:
# 233,239-254
name=unknown_D
#
# <colnr> <probs for GDERKNQSTAVLIFYWHMCP>
#	G	D	E	R	K	N	Q	S	T	A	V	L	I	F	Y	W	H	M	C	P
0	0.00882	0.00698	0.00790	0.00800	0.00973	0.00660	0.00593	0.03807	0.07358	0.01890	0.13102	0.24842	0.35852	0.01529	0.00731	0.00218	0.00357	0.03756	0.00587	0.00577
1	0.18076	0.01155	0.01280	0.09271	0.01696	0.01204	0.00886	0.11454	0.11651	0.04934	0.01543	0.06832	0.01316	0.05453	0.00691	0.00197	0.00535	0.00583	0.00455	0.20788
2	0.01169	0.00964	0.01124	0.00857	0.01269	0.00757	0.00648	0.01379	0.01190	0.01814	0.01364	0.05516	0.01319	0.15936	0.00995	0.00198	0.00476	0.00533	0.00374	0.62119
3	0.00860	0.00642	0.00805	0.00809	0.00941	0.00608	0.00589	0.01175	0.06011	0.02135	0.43541	0.25386	0.11309	0.01441	0.00733	0.00211	0.00322	0.01278	0.00631	0.00574
4	0.02067	0.01561	0.01698	0.01285	0.01788	0.01632	0.01056	0.55159	0.02483	0.03400	0.01376	0.01420	0.01008	0.00666	0.00573	0.00161	0.00619	0.00505	0.00551	0.20993
5	0.00890	0.00593	0.00668	0.00668	0.00668	0.00593	0.00371	0.00890	0.00890	0.01187	0.01929	0.04006	0.02225	0.78487	0.03116	0.00593	0.00593	0.00890	0.00371	0.00371
6	0.01823	0.01248	0.01393	0.01207	0.01585	0.01369	0.00952	0.03186	0.55916	0.20385	0.02473	0.02235	0.01782	0.00813	0.00621	0.00203	0.00493	0.00673	0.00656	0.00987
7	0.00873	0.00586	0.00673	0.00690	0.00694	0.00582	0.00395	0.00886	0.00924	0.01232	0.02102	0.12913	0.02445	0.69281	0.02835	0.00552	0.00565	0.00992	0.00395	0.00386
8	0.02046	0.01527	0.01634	0.01301	0.01729	0.01695	0.01059	0.52359	0.16132	0.03461	0.04441	0.01791	0.01409	0.00771	0.00607	0.00186	0.00599	0.00600	0.05672	0.00981
9	0.02311	0.01108	0.01403	0.01088	0.01558	0.00999	0.00887	0.05013	0.11190	0.50358	0.02161	0.01947	0.01440	0.00713	0.00588	0.00174	0.00509	0.00579	0.00666	0.15309
10	0.00744	0.00538	0.00705	0.00838	0.00884	0.00498	0.00562	0.00854	0.01185	0.01568	0.03543	0.73772	0.08255	0.01896	0.00778	0.00246	0.00352	0.01713	0.00568	0.00498
11	0.01298	0.00683	0.00867	0.00833	0.00961	0.00637	0.00567	0.01392	0.01196	0.19475	0.02532	0.28319	0.02661	0.33767	0.01720	0.00379	0.00496	0.01107	0.00532	0.00578
12	0.01633	0.01492	0.02390	0.03414	0.64050	0.01519	0.01774	0.12203	0.01610	0.02271	0.01198	0.01508	0.00980	0.00573	0.00607	0.00182	0.00719	0.00546	0.00348	0.00980
13	0.19255	0.01278	0.01440	0.01128	0.01587	0.01304	0.00931	0.24098	0.01950	0.38211	0.01800	0.01669	0.01193	0.00711	0.00565	0.00188	0.00558	0.00537	0.00634	0.00963
14	0.06745	0.00870	0.00972	0.00838	0.01115	0.00869	0.00662	0.11019	0.01583	0.20364	0.02044	0.06669	0.01582	0.00791	0.00516	0.00169	0.00409	0.00636	0.41395	0.00749
15	0.25905	0.01258	0.01387	0.01230	0.05951	0.01325	0.00934	0.17494	0.07553	0.25516	0.01667	0.01621	0.01161	0.00688	0.00538	0.00187	0.00541	0.00519	0.03622	0.00902
16	0.03875	0.11378	0.03642	0.01159	0.01600	0.05867	0.00983	0.13915	0.05675	0.35919	0.04112	0.04542	0.01513	0.02269	0.00634	0.00190	0.00594	0.00608	0.00598	0.00927

[dist]
# distance from previous block
# <min> <max>
1	6

[block]
# block no. 4 follows, 37 sequences, length 11
# corresponding to MSA columns:
# 261-271
name=unknown_E
#
# <colnr> <probs for GDERKNQSTAVLIFYWHMCP>
#	G	D	E	R	K	N	Q	S	T	A	V	L	I	F	Y	W	H	M	C	P
0	0.10468	0.08799	0.03168	0.01262	0.03269	0.21070	0.01002	0.09022	0.07544	0.02100	0.01216	0.03405	0.01015	0.00639	0.00551	0.00155	0.02665	0.00459	0.00389	0.21804
1	0.01329	0.00714	0.00941	0.00937	0.01105	0.00660	0.00679	0.04447	0.01394	0.20634	0.03046	0.55225	0.03267	0.01568	0.00731	0.00231	0.00411	0.01400	0.00619	0.00661
2	0.62152	0.01147	0.01034	0.00878	0.01282	0.01251	0.00724	0.02105	0.01225	0.21414	0.01256	0.01275	0.00883	0.00617	0.00440	0.00189	0.00486	0.00405	0.00477	0.00761
3	0.01689	0.01148	0.01778	0.32136	0.05859	0.01235	0.07002	0.07910	0.03497	0.20356	0.01691	0.02133	0.01271	0.00732	0.00630	0.00201	0.00695	0.05353	0.03864	0.00820
4	0.06569	0.01502	0.03015	0.02178	0.02754	0.01409	0.53970	0.02154	0.01482	0.16505	0.01449	0.01698	0.01029	0.00567	0.00681	0.00202	0.00897	0.00678	0.00403	0.00859
5	0.01272	0.00738	0.00903	0.00849	0.01059	0.00671	0.00638	0.04263	0.01471	0.17758	0.10290	0.21637	0.23830	0.07572	0.00906	0.00245	0.00413	0.04237	0.00605	0.00644
6	0.01339	0.01339	0.01875	0.01607	0.01607	0.01875	0.01339	0.01473	0.00937	0.01473	0.00804	0.01339	0.00804	0.01071	0.02009	0.00268	0.77367	0.00536	0.00268	0.00670
7	0.12427	0.00951	0.01143	0.00937	0.01303	0.00904	0.00758	0.02403	0.05296	0.42442	0.08139	0.02200	0.01790	0.00770	0.00560	0.00182	0.00450	0.00616	0.15867	0.00863
8	0.01275	0.01440	0.06514	0.01988	0.02448	0.01318	0.44285	0.01711	0.01469	0.02046	0.20059	0.02360	0.02161	0.00756	0.00822	0.00207	0.07198	0.00792	0.00397	0.00753
9	0.07072	0.01304	0.01400	0.01179	0.01555	0.01434	0.00949	0.25660	0.27864	0.08966	0.04490	0.02312	0.04281	0.00845	0.00609	0.00196	0.00529	0.03562	0.04882	0.00912
10	0.00802	0.00607	0.00688	0.00701	0.00821	0.00550	0.00488	0.00938	0.01296	0.01664	0.16281	0.13679	0.33600	0.21455	0.01353	0.00312	0.00393	0.03350	0.00535	0.00489

[dist]
# distance from previous block
# <min> <max>
0	1

[block]
# block no. 5 follows, 37 sequences, length 6
# corresponding to MSA columns:
# 273-278
name=unknown_F
#
# <colnr> <probs for GDERKNQSTAVLIFYWHMCP>
#	G	D	E	R	K	N	Q	S	T	A	V	L	I	F	Y	W	H	M	C	P
0	0.00762	0.00573	0.00696	0.00765	0.00862	0.00518	0.00529	0.00900	0.01292	0.01682	0.13145	0.44045	0.24356	0.05834	0.00882	0.00248	0.00347	0.01485	0.00571	0.00506
1	0.65137	0.01159	0.01017	0.07815	0.01461	0.01342	0.00762	0.05373	0.01142	0.02581	0.00985	0.01299	0.00811	0.06311	0.00614	0.00220	0.00524	0.00403	0.00381	0.00663
2	0.73024	0.01126	0.00910	0.00844	0.01194	0.01293	0.00702	0.01736	0.01086	0.02637	0.01138	0.01701	0.01005	0.00703	0.00435	0.00200	0.00484	0.08730	0.00401	0.00651
3	0.00889	0.00600	0.00699	0.00699	0.00710	0.00611	0.00410	0.00910	0.00899	0.01210	0.01900	0.03846	0.02156	0.71125	0.10384	0.00632	0.00698	0.00867	0.00367	0.00388
4	0.11045	0.15368	0.12721	0.01019	0.01433	0.01294	0.00977	0.01996	0.11508	0.08551	0.06943	0.01895	0.01546	0.00702	0.00505	0.00171	0.00518	0.00541	0.20499	0.00769
5	0.01744	0.01332	0.03687	0.05050	0.10291	0.01382	0.01110	0.33736	0.01978	0.06647	0.04067	0.02037	0.01411	0.09705	0.09907	0.00325	0.00765	0.00620	0.03361	0.00847

[dist]
# distance from previous block
# <min> <max>
3	6

[block]
# block no. 6 follows, 37 sequences, length 123
# corresponding to MSA columns:
# 285-375,378-409
name=unknown_G
#
# <colnr> <probs for GDERKNQSTAVLIFYWHMCP>
#	G	D	E	R	K	N	Q	S	T	A	V	L	I	F	Y	W	H	M	C	P
0	0.37507	0.05101	0.13008	0.01298	0.03639	0.05402	0.03283	0.08372	0.01298	0.02349	0.00971	0.01190	0.00772	0.00688	0.00720	0.02135	0.10744	0.00423	0.00352	0.00748
1	0.02287	0.02917	0.01735	0.01577	0.01892	0.76030	0.01183	0.02444	0.01735	0.01498	0.00946	0.01104	0.00788	0.00631	0.00552	0.00158	0.01104	0.00394	0.00315	0.00710
2	0.01788	0.01359	0.01467	0.01232	0.01617	0.01508	0.00982	0.26000	0.38341	0.07349	0.05550	0.02315	0.06006	0.00855	0.00629	0.00198	0.00530	0.00694	0.00627	0.00953
3	0.00824	0.00592	0.00798	0.00935	0.01011	0.00566	0.00702	0.00989	0.01257	0.01654	0.03417	0.52539	0.06031	0.01832	0.00801	0.00258	0.00422	0.24287	0.00567	0.00520
4	0.00723	0.00620	0.00620	0.00620	0.00827	0.00517	0.00465	0.00878	0.01395	0.01654	0.06201	0.05891	0.74421	0.01550	0.00723	0.00207	0.00310	0.01292	0.00568	0.00517
5	0.21515	0.52642	0.06232	0.01047	0.01545	0.05376	0.01021	0.01857	0.01219	0.01788	0.00868	0.01006	0.00755	0.00542	0.00406	0.00150	0.00643	0.00338	0.00293	0.00758
6	0.03692	0.00749	0.01012	0.01063	0.01252	0.00726	0.00896	0.01500	0.01441	0.13305	0.06601	0.13789	0.03294	0.01515	0.00782	0.00256	0.00517	0.46381	0.00594	0.00635
7	0.00874	0.00656	0.00984	0.00984	0.01093	0.00765	0.00765	0.01093	0.00984	0.01421	0.01640	0.02405	0.01530	0.04591	0.76062	0.00984	0.01640	0.00656	0.00328	0.00547
8	0.00844	0.00618	0.00791	0.00762	0.00904	0.00566	0.00566	0.01105	0.01657	0.02310	0.62392	0.10455	0.12081	0.01332	0.00727	0.00198	0.00296	0.01174	0.00656	0.00566
9	0.01752	0.01369	0.02242	0.06233	0.56137	0.01359	0.01669	0.04006	0.01494	0.15651	0.01393	0.01625	0.01067	0.00593	0.00608	0.00184	0.00691	0.00559	0.00395	0.00973
10	0.04561	0.00646	0.00649	0.00633	0.00796	0.00661	0.00478	0.04675	0.01341	0.02337	0.01995	0.06034	0.01633	0.00769	0.00452	0.00152	0.00314	0.00619	0.70661	0.00592
11	0.75197	0.03648	0.05685	0.00872	0.01288	0.01408	0.00776	0.01809	0.01064	0.02656	0.00868	0.01013	0.00674	0.00568	0.00392	0.00188	0.00506	0.00339	0.00368	0.00682
12	0.01243	0.17522	0.03925	0.00917	0.01136	0.01149	0.00736	0.09358	0.01293	0.01713	0.07523	0.07979	0.01957	0.24007	0.03547	0.12078	0.00597	0.00731	0.02015	0.00574
13	0.00819	0.00607	0.00775	0.00847	0.00947	0.00567	0.00602	0.01031	0.03665	0.01796	0.16743	0.49665	0.10211	0.01676	0.00755	0.00231	0.00358	0.05451	0.00584	0.02670
14	0.33558	0.21676	0.14035	0.03287	0.01708	0.03372	0.03285	0.04938	0.01270	0.02192	0.02587	0.03684	0.00964	0.00626	0.00468	0.00177	0.00635	0.00442	0.00345	0.00751
15	0.01651	0.00901	0.01042	0.03934	0.01258	0.00926	0.00725	0.15201	0.01655	0.16072	0.01919	0.02071	0.01426	0.00928	0.04531	0.00206	0.00496	0.00579	0.43728	0.00751
16	0.38328	0.01126	0.01202	0.00973	0.01405	0.01141	0.00803	0.04624	0.01471	0.40713	0.01691	0.01580	0.01122	0.00673	0.00510	0.00189	0.00505	0.00487	0.00585	0.00873
17	0.01164	0.01100	0.01838	0.73545	0.04096	0.01384	0.01683	0.01560	0.01211	0.01560	0.01075	0.01619	0.00815	0.00633	0.00676	0.00207	0.04340	0.00544	0.00272	0.00680
18	0.01461	0.01375	0.02327	0.08669	0.64927	0.01394	0.01788	0.01822	0.01379	0.01974	0.01241	0.01715	0.01058	0.00591	0.00608	0.00185	0.00713	0.02690	0.03161	0.00923
19	0.00866	0.00626	0.00818	0.00770	0.00914	0.00578	0.00578	0.01155	0.01733	0.02455	0.74346	0.04572	0.05776	0.01251	0.00722	0.00193	0.00289	0.01107	0.00674	0.00578
20	0.00886	0.00592	0.00669	0.00673	0.00674	0.00591	0.00377	0.00889	0.00899	0.01198	0.01971	0.06196	0.02279	0.76224	0.03047	0.00583	0.00586	0.00915	0.00377	0.00375
21	0.01660	0.76116	0.03154	0.01067	0.01583	0.05078	0.01052	0.01855	0.01261	0.01442	0.00854	0.00986	0.00786	0.00528	0.00399	0.00132	0.00671	0.00330	0.00264	0.00783
22	0.01303	0.06935	0.68986	0.01686	0.02555	0.01454	0.02151	0.01971	0.01306	0.04553	0.01133	0.01305	0.00803	0.00585	0.00573	0.00190	0.00878	0.00452	0.00277	0.00904
23	0.01034	0.00741	0.01010	0.01126	0.01277	0.00747	0.00973	0.04409	0.01462	0.01908	0.03169	0.10272	0.03440	0.01660	0.00832	0.00276	0.00558	0.63960	0.00566	0.00581
24	0.03233	0.01072	0.01240	0.00972	0.01396	0.00945	0.00777	0.12944	0.01601	0.02358	0.13021	0.05736	0.01979	0.00761	0.00556	0.00141	0.00464	0.04142	0.00473	0.46188
25	0.01190	0.10643	0.43795	0.01423	0.02036	0.01343	0.01656	0.01701	0.01366	0.01963	0.16890	0.02223	0.01978	0.00798	0.00686	0.00195	0.05162	0.03796	0.00363	0.00792
26	0.01246	0.01180	0.01999	0.58569	0.21957	0.01384	0.01745	0.01643	0.01267	0.01674	0.01104	0.01603	0.00855	0.00595	0.00610	0.00198	0.00794	0.00544	0.00280	0.00753
27	0.01664	0.75707	0.03147	0.01069	0.01584	0.05474	0.01053	0.01858	0.01264	0.01443	0.00855	0.00987	0.00786	0.00528	0.00399	0.00132	0.00673	0.00330	0.00264	0.00782
28	0.00985	0.00809	0.05801	0.00861	0.01064	0.00644	0.00707	0.01281	0.01651	0.06427	0.58677	0.11197	0.05039	0.01242	0.00712	0.00198	0.00349	0.01096	0.00641	0.00618
29	0.00755	0.00621	0.00664	0.00653	0.00846	0.00530	0.00490	0.00939	0.01470	0.01830	0.21221	0.05600	0.59291	0.01484	0.00723	0.00204	0.00305	0.01251	0.00592	0.00530
30	0.02269	0.01670	0.01788	0.01380	0.01855	0.01849	0.01137	0.68522	0.04961	0.03774	0.01515	0.01517	0.01081	0.00737	0.00607	0.00183	0.00657	0.00556	0.02916	0.01025
31	0.04809	0.00562	0.00802	0.00798	0.00815	0.00570	0.00538	0.00843	0.00809	0.01140	0.01054	0.01821	0.01045	0.02055	0.02300	0.78433	0.00529	0.00522	0.00271	0.00284
32	0.01523	0.01315	0.01384	0.01246	0.01592	0.01523	0.00969	0.03253	0.73563	0.02561	0.02491	0.02284	0.01869	0.00830	0.00623	0.00208	0.00484	0.00692	0.00623	0.00969
33	0.06826	0.02250	0.30336	0.01495	0.02125	0.03560	0.01547	0.34160	0.06982	0.02892	0.01344	0.01418	0.00965	0.00669	0.00585	0.00189	0.00749	0.00505	0.00453	0.00951
34	0.00750	0.00555	0.00703	0.00819	0.00890	0.00508	0.00564	0.00872	0.01222	0.01589	0.03896	0.62068	0.17141	0.01841	0.00773	0.00242	0.00354	0.04140	0.00568	0.00503
35	0.00750	0.00621	0.00657	0.00648	0.00843	0.00528	0.00486	0.00930	0.01458	0.01803	0.18898	0.05645	0.61631	0.01495	0.00723	0.00204	0.00306	0.01257	0.00588	0.00528
36	0.01235	0.04166	0.01031	0.00839	0.01059	0.00717	0.00656	0.01511	0.01714	0.15341	0.58284	0.03970	0.04796	0.01131	0.00688	0.00189	0.00346	0.00985	0.00671	0.00669
37	0.04861	0.01031	0.01386	0.01071	0.01530	0.00902	0.00882	0.02889	0.01732	0.70653	0.04820	0.02139	0.01637	0.00769	0.00613	0.00190	0.00512	0.00625	0.00744	0.01016
38	0.00874	0.00656	0.00984	0.00984	0.01093	0.00765	0.00765	0.01093	0.00984	0.01421	0.01640	0.02405	0.01530	0.04591	0.76062	0.00984	0.01640	0.00656	0.00328	0.00547
39	0.04279	0.01230	0.01500	0.01169	0.01627	0.01207	0.00960	0.21323	0.06903	0.47775	0.04093	0.01978	0.01511	0.00766	0.00613	0.00189	0.00551	0.00611	0.00699	0.01016
40	0.01413	0.01371	0.02233	0.29436	0.47644	0.03742	0.01794	0.01786	0.01345	0.01831	0.01123	0.01543	0.00910	0.00571	0.00606	0.00189	0.00770	0.00540	0.00292	0.00860
41	0.05625	0.01392	0.01489	0.05829	0.01728	0.08232	0.01018	0.23659	0.06977	0.15810	0.08064	0.03883	0.05169	0.00936	0.02313	0.00211	0.05597	0.00660	0.00554	0.00854
42	0.78084	0.01178	0.00954	0.05217	0.01359	0.01372	0.00723	0.01786	0.01052	0.02678	0.00866	0.01031	0.00672	0.00571	0.00392	0.00190	0.00493	0.00344	0.00373	0.00664
43	0.01711	0.64251	0.02930	0.04491	0.01735	0.13191	0.01096	0.01911	0.01315	0.01454	0.00875	0.01029	0.00787	0.00543	0.00426	0.00138	0.00728	0.00347	0.00270	0.00770
44	0.00986	0.00705	0.00986	0.01127	0.01268	0.00705	0.00986	0.01268	0.01409	0.01832	0.03241	0.06905	0.03523	0.01691	0.00845	0.00282	0.00564	0.70549	0.00564	0.00564
45	0.16809	0.19554	0.24699	0.05296	0.06398	0.04166	0.01411	0.01908	0.01302	0.06848	0.03957	0.01487	0.01071	0.00628	0.00516	0.00179	0.00701	0.01920	0.00343	0.00807
46	0.02255	0.01500	0.04669	0.01274	0.01744	0.01506	0.01081	0.44189	0.04491	0.21554	0.04296	0.01788	0.01365	0.00754	0.00607	0.00185	0.00607	0.00588	0.04552	0.00995
47	0.02734	0.01062	0.01433	0.01098	0.01572	0.00929	0.00907	0.05031	0.01785	0.72998	0.02387	0.02065	0.01501	0.00757	0.00615	0.00189	0.00525	0.00614	0.00753	0.01042
48	0.15406	0.01620	0.15344	0.07650	0.03775	0.01367	0.05603	0.12543	0.04889	0.18405	0.01490	0.01575	0.01051	0.00671	0.00620	0.00194	0.03431	0.00526	0.02962	0.00877
49	0.05535	0.11261	0.60830	0.01584	0.02392	0.01498	0.01984	0.01891	0.01290	0.01945	0.03702	0.01361	0.00951	0.00599	0.00555	0.00187	0.00832	0.00456	0.00280	0.00867
50	0.00784	0.00561	0.00748	0.00855	0.00918	0.00526	0.00597	0.00936	0.01292	0.01746	0.16589	0.59762	0.04336	0.01779	0.00774	0.00240	0.00356	0.06097	0.00588	0.00516
51	0.00890	0.00593	0.00668	0.00668	0.00668	0.00593	0.00371	0.00890	0.00890	0.01187	0.01929	0.04006	0.02225	0.78487	0.03116	0.00593	0.00593	0.00890	0.00371	0.00371
52	0.08044	0.28479	0.24409	0.01348	0.01943	0.04001	0.05965	0.03861	0.01391	0.07872	0.06311	0.01481	0.01202	0.00624	0.00522	0.00171	0.00718	0.00478	0.00354	0.00825
53	0.29805	0.03282	0.17062	0.20156	0.02419	0.01431	0.05225	0.07814	0.01327	0.02271	0.01111	0.03571	0.00874	0.00632	0.00531	0.00195	0.00698	0.00492	0.00346	0.00757
54	0.00908	0.00562	0.00716	0.00810	0.00885	0.00529	0.00557	0.01054	0.01218	0.04955	0.03075	0.60596	0.03474	0.01642	0.00708	0.00226	0.00349	0.01472	0.15728	0.00535
55	0.01324	0.04680	0.01395	0.00950	0.01476	0.00956	0.00772	0.03972	0.01313	0.02018	0.01082	0.01265	0.00903	0.00484	0.00500	0.00101	0.02653	0.00372	0.00364	0.73420
56	0.01091	0.00930	0.05558	0.01100	0.05280	0.00816	0.00836	0.01559	0.10696	0.05437	0.38021	0.10300	0.04004	0.05365	0.00834	0.00227	0.00429	0.06257	0.00591	0.00671
57	0.01515	0.01454	0.02485	0.03757	0.74669	0.01454	0.01879	0.01879	0.01394	0.02000	0.01151	0.01515	0.00970	0.00545	0.00606	0.00182	0.00727	0.00545	0.00303	0.00970
58	0.01637	0.78856	0.03208	0.01047	0.01571	0.02422	0.01047	0.01833	0.01244	0.01440	0.00851	0.00982	0.00786	0.00524	0.00393	0.00131	0.00655	0.00327	0.00262	0.00786
59	0.01060	0.00726	0.01026	0.01180	0.03528	0.00716	0.00969	0.01325	0.01401	0.05167	0.03151	0.13569	0.03404	0.01635	0.00821	0.00271	0.00546	0.58348	0.00565	0.00592
60	0.00870	0.00628	0.00823	0.00781	0.00925	0.00581	0.00590	0.01158	0.01723	0.02436	0.72255	0.04641	0.05710	0.01264	0.00726	0.00195	0.00297	0.03149	0.00671	0.00577
61	0.02528	0.00990	0.01347	0.01057	0.01488	0.00860	0.00863	0.02762	0.01725	0.66818	0.07426	0.05623	0.01922	0.00843	0.00630	0.00192	0.00497	0.00699	0.00743	0.00986
62	0.01063	0.00532	0.00797	0.00797	0.00797	0.00532	0.00532	0.00797	0.00797	0.01063	0.01063	0.01861	0.01063	0.02127	0.02392	0.82190	0.00532	0.00532	0.00266	0.00266
63	0.01523	0.01315	0.01384	0.01246	0.01592	0.01523	0.00969	0.03253	0.73563	0.02561	0.02491	0.02284	0.01869	0.00830	0.00623	0.00208	0.00484	0.00692	0.00623	0.00969
64	0.02687	0.01097	0.01450	0.01116	0.01587	0.00986	0.00920	0.08009	0.03519	0.68256	0.02349	0.02044	0.01489	0.00758	0.00616	0.00189	0.00531	0.00613	0.00744	0.01040
65	0.00979	0.00702	0.00976	0.01113	0.01256	0.00699	0.00971	0.01257	0.01409	0.01827	0.03326	0.06876	0.05567	0.01687	0.00842	0.00280	0.00556	0.68552	0.00564	0.00562
66	0.00848	0.00623	0.00795	0.00757	0.00905	0.00569	0.00566	0.01119	0.01683	0.02349	0.65464	0.06639	0.12800	0.01300	0.00724	0.00195	0.00293	0.01143	0.00660	0.00569
67	0.01580	0.01329	0.01413	0.01257	0.01609	0.01526	0.00989	0.10045	0.63568	0.02659	0.02421	0.02395	0.01855	0.00857	0.00631	0.00208	0.00506	0.03574	0.00619	0.00959
68	0.79123	0.01208	0.00943	0.00833	0.01217	0.01397	0.00686	0.05045	0.01126	0.02797	0.00881	0.01016	0.00680	0.00576	0.00390	0.00189	0.00483	0.00342	0.00390	0.00680
69	0.00881	0.00631	0.00860	0.00860	0.00926	0.00698	0.00611	0.01014	0.00947	0.01329	0.01753	0.03033	0.01803	0.33568	0.47457	0.00831	0.01229	0.00748	0.00345	0.00478
70	0.02452	0.01036	0.01369	0.01069	0.01498	0.00932	0.00875	0.08129	0.01837	0.59456	0.12356	0.02382	0.02072	0.00825	0.00630	0.00189	0.00500	0.00679	0.00735	0.00977
71	0.01445	0.01651	0.03612	0.02580	0.03199	0.01548	0.72446	0.01961	0.01445	0.01961	0.01238	0.01651	0.00929	0.00516	0.00722	0.00206	0.01032	0.00722	0.00310	0.00826
72	0.02287	0.02917	0.01735	0.01577	0.01892	0.76030	0.01183	0.02444	0.01735	0.01498	0.00946	0.01104	0.00788	0.00631	0.00552	0.00158	0.01104	0.00394	0.00315	0.00710
73	0.06933	0.01077	0.01396	0.01087	0.01542	0.00978	0.00893	0.07488	0.01769	0.63974	0.02301	0.04571	0.01524	0.00785	0.00608	0.00191	0.00523	0.00634	0.00721	0.01003
74	0.01299	0.01199	0.01842	0.18124	0.34048	0.04286	0.01521	0.01633	0.01370	0.01827	0.01786	0.05517	0.01743	0.00927	0.00678	0.00216	0.00704	0.20133	0.00378	0.00770
75	0.01269	0.01088	0.01269	0.00907	0.01451	0.00816	0.00725	0.01541	0.01269	0.01995	0.01088	0.01269	0.00907	0.00453	0.00453	0.00091	0.00453	0.00363	0.00363	0.82229
76	0.01257	0.01216	0.04380	0.38148	0.16651	0.01267	0.09658	0.01656	0.01369	0.03759	0.10863	0.02150	0.01605	0.00706	0.00644	0.00200	0.00743	0.02621	0.00356	0.00751
77	0.01356	0.06319	0.50672	0.02226	0.21183	0.03903	0.02070	0.01934	0.01331	0.01916	0.01095	0.01329	0.00827	0.00571	0.00578	0.00187	0.00853	0.00469	0.00272	0.00909
78	0.02746	0.01042	0.01421	0.01089	0.01563	0.00900	0.00900	0.02983	0.01752	0.75093	0.02415	0.02083	0.01515	0.00758	0.00616	0.00189	0.00521	0.00616	0.00758	0.01042
79	0.00751	0.00547	0.00708	0.00825	0.00884	0.00504	0.00559	0.00873	0.01228	0.01626	0.07968	0.66637	0.10952	0.01842	0.00772	0.00241	0.00347	0.01658	0.00575	0.00504
80	0.01308	0.10052	0.55987	0.03736	0.05070	0.03263	0.06210	0.01899	0.01295	0.01851	0.01080	0.01312	0.00802	0.00615	0.00623	0.02430	0.00875	0.00463	0.00265	0.00863
81	0.01004	0.00645	0.00841	0.00831	0.00940	0.00653	0.00607	0.01183	0.01226	0.05753	0.17406	0.07406	0.02908	0.23198	0.20392	0.00508	0.00751	0.06507	0.06707	0.00533
82	0.00890	0.00593	0.00668	0.00668	0.00668	0.00593	0.00371	0.00890	0.00890	0.01187	0.01929	0.04006	0.02225	0.78487	0.03116	0.00593	0.00593	0.00890	0.00371	0.00371
83	0.01390	0.20712	0.38825	0.08513	0.04132	0.05285	0.03282	0.01865	0.01273	0.01730	0.01012	0.01257	0.00792	0.00610	0.00656	0.00184	0.06945	0.00443	0.00266	0.00828
84	0.01240	0.01196	0.02107	0.54351	0.15338	0.01373	0.09519	0.01648	0.01282	0.01687	0.01190	0.01800	0.00948	0.00628	0.00631	0.00203	0.00817	0.03012	0.00291	0.00739
85	0.00972	0.00694	0.00970	0.01111	0.01245	0.00692	0.00961	0.01243	0.01395	0.01815	0.03249	0.11239	0.03555	0.01705	0.00842	0.00280	0.00551	0.66359	0.00564	0.00560
86	0.01541	0.01567	0.10979	0.09471	0.02731	0.01322	0.37707	0.02029	0.03492	0.13483	0.03924	0.06039	0.01350	0.00682	0.00679	0.00204	0.00838	0.00725	0.00406	0.00832
87	0.08400	0.19401	0.10485	0.04918	0.10090	0.07467	0.01205	0.04771	0.03319	0.11376	0.01532	0.01655	0.04262	0.00779	0.02876	0.00197	0.00693	0.00506	0.05254	0.00815
88	0.11122	0.01390	0.12424	0.01133	0.01580	0.01127	0.01040	0.13327	0.03548	0.26374	0.07131	0.08089	0.03661	0.00854	0.00598	0.00193	0.00551	0.00690	0.04304	0.00864
89	0.75301	0.01242	0.01057	0.02981	0.01367	0.03145	0.03680	0.01815	0.01080	0.02652	0.00877	0.01042	0.00681	0.00569	0.00404	0.00190	0.00521	0.00355	0.00372	0.00671
90	0.00902	0.00647	0.00816	0.00800	0.00966	0.00592	0.00624	0.01159	0.01609	0.04080	0.46449	0.05158	0.20526	0.01372	0.00738	0.00209	0.00342	0.11800	0.00636	0.00574
91	0.15447	0.01946	0.30655	0.10776	0.10096	0.01300	0.04736	0.01834	0.01300	0.05775	0.04960	0.03744	0.01181	0.00654	0.00570	0.00192	0.00726	0.00541	0.00347	0.03221
92	0.01456	0.01077	0.01177	0.01044	0.01371	0.01139	0.00814	0.02509	0.41755	0.11846	0.05536	0.03203	0.20132	0.01003	0.00645	0.00201	0.00439	0.00836	0.00621	0.03196
93	0.01637	0.78856	0.03208	0.01047	0.01571	0.02422	0.01047	0.01833	0.01244	0.01440	0.00851	0.00982	0.00786	0.00524	0.00393	0.00131	0.00655	0.00327	0.00262	0.00786
94	0.01226	0.04848	0.71326	0.01705	0.02576	0.01424	0.02187	0.01910	0.01282	0.01911	0.01110	0.01320	0.00799	0.00705	0.02926	0.00217	0.00922	0.00456	0.00261	0.00891
95	0.00849	0.00620	0.00788	0.00755	0.00894	0.00569	0.00557	0.01105	0.01640	0.02286	0.61815	0.07568	0.12007	0.04845	0.00834	0.00214	0.00307	0.01139	0.00646	0.00559
96	0.01711	0.01342	0.01443	0.01252	0.01622	0.01518	0.00986	0.14359	0.55769	0.07372	0.02344	0.04043	0.01767	0.00838	0.00625	0.00204	0.00514	0.00691	0.00628	0.00973
97	0.00760	0.00543	0.00723	0.00843	0.00891	0.00506	0.00569	0.00887	0.01236	0.01665	0.11495	0.69675	0.04246	0.01841	0.00775	0.00242	0.00348	0.01668	0.00580	0.00506
98	0.01442	0.00855	0.01053	0.00928	0.01194	0.00826	0.00721	0.01969	0.15072	0.20558	0.34464	0.06142	0.10037	0.01099	0.00679	0.00198	0.00387	0.00945	0.00672	0.00759
99	0.77273	0.01220	0.00964	0.00847	0.01233	0.01409	0.00697	0.06673	0.01168	0.02823	0.00895	0.01027	0.00689	0.00580	0.00395	0.00189	0.00487	0.00347	0.00395	0.00689
100	0.04078	0.00720	0.00923	0.00831	0.01032	0.00672	0.00631	0.01485	0.01602	0.15830	0.47278	0.05290	0.05777	0.06801	0.04116	0.00256	0.00420	0.00969	0.00638	0.00648
101	0.00728	0.00620	0.00627	0.00625	0.00830	0.00519	0.00469	0.00888	0.01407	0.01681	0.08520	0.05846	0.72085	0.01540	0.00723	0.00206	0.00309	0.01286	0.00572	0.00519
102	0.02325	0.01768	0.01833	0.01416	0.01898	0.05183	0.01164	0.69518	0.02827	0.03753	0.01446	0.01453	0.01030	0.00730	0.00610	0.00183	0.00693	0.00544	0.00599	0.01026
103	0.02746	0.01042	0.01421	0.01089	0.01563	0.00900	0.00900	0.02983	0.01752	0.75093	0.02415	0.02083	0.01515	0.00758	0.00616	0.00189	0.00521	0.00616	0.00758	0.01042
104	0.01141	0.00571	0.00571	0.00571	0.00713	0.00571	0.00428	0.01426	0.01284	0.02282	0.01997	0.02282	0.01569	0.00713	0.00428	0.00143	0.00285	0.00571	0.81886	0.00571
105	0.02731	0.01066	0.01436	0.01101	0.01575	0.00936	0.00909	0.05496	0.01793	0.72523	0.02381	0.02061	0.01498	0.00757	0.00615	0.00189	0.00526	0.00613	0.00752	0.01042
106	0.01445	0.01651	0.03612	0.02580	0.03199	0.01548	0.72446	0.01961	0.01445	0.01961	0.01238	0.01651	0.00929	0.00516	0.00722	0.00206	0.01032	0.00722	0.00310	0.00826
107	0.00746	0.00533	0.00710	0.00852	0.00888	0.00497	0.00568	0.00852	0.01172	0.01563	0.03374	0.78088	0.04049	0.01918	0.00781	0.00249	0.00355	0.01740	0.00568	0.00497
108	0.79946	0.01164	0.00897	0.00804	0.01174	0.01345	0.00660	0.01777	0.01066	0.02736	0.03422	0.01119	0.00842	0.00592	0.00391	0.00190	0.00467	0.00359	0.00389	0.00660
109	0.02472	0.01051	0.01379	0.01090	0.01526	0.00960	0.00889	0.02905	0.11013	0.61254	0.06865	0.02263	0.01824	0.00798	0.00623	0.00192	0.00502	0.00656	0.00735	0.01004
110	0.01871	0.01138	0.03867	0.01061	0.01442	0.01047	0.00881	0.19816	0.01926	0.26367	0.15803	0.06233	0.07869	0.00940	0.00636	0.00187	0.00495	0.00778	0.03409	0.04234
111	0.03881	0.01387	0.04832	0.17474	0.51799	0.01377	0.01738	0.01765	0.01356	0.01938	0.03370	0.01743	0.03448	0.00613	0.00606	0.00188	0.00717	0.00575	0.00317	0.00876
112	0.00967	0.00796	0.01220	0.15204	0.01720	0.00972	0.00989	0.01214	0.01025	0.01452	0.01464	0.02168	0.01334	0.03544	0.55571	0.00776	0.08065	0.00625	0.00312	0.00582
113	0.02727	0.01073	0.01440	0.01104	0.01578	0.00945	0.00912	0.06174	0.01804	0.71829	0.02372	0.02055	0.01494	0.00757	0.00615	0.00189	0.00528	0.00613	0.00751	0.01042
114	0.03859	0.15798	0.02017	0.01646	0.11174	0.29337	0.03647	0.04001	0.01593	0.11054	0.05648	0.01758	0.01335	0.00699	0.00565	0.00171	0.00798	0.03701	0.00402	0.00796
115	0.01078	0.00621	0.00964	0.13012	0.01345	0.00664	0.00719	0.00920	0.00866	0.01144	0.01067	0.01824	0.01024	0.01884	0.02107	0.69051	0.00577	0.00534	0.00267	0.00332
116	0.01036	0.00672	0.00825	0.00759	0.00961	0.00595	0.00579	0.01277	0.01628	0.10514	0.44592	0.04704	0.26969	0.01289	0.00710	0.00197	0.00322	0.01109	0.00650	0.00611
117	0.01165	0.01099	0.01948	0.46446	0.03305	0.01245	0.14642	0.01558	0.01319	0.01774	0.09619	0.04672	0.01555	0.00727	0.00669	0.00203	0.02231	0.00685	0.04453	0.00683
