[name]
unknown

[dist]
# distance from previous block
# <min> <max>
7	21

[block]
# block no. 0 follows, 47 sequences, length 36
# corresponding to MSA columns:
# 27-62
name=unknown_A
#
# <colnr> <probs for GDERKNQSTAVLIFYWHMCP>
#	G	D	E	R	K	N	Q	S	T	A	V	L	I	F	Y	W	H	M	C	P
0	0.03185	0.00651	0.00746	0.00716	0.00852	0.00644	0.00511	0.09080	0.03034	0.04921	0.06944	0.25081	0.15028	0.19616	0.02904	0.00270	0.00405	0.00951	0.02560	0.01904
1	0.00832	0.00545	0.00683	0.00723	0.00806	0.00521	0.00500	0.04807	0.01115	0.05876	0.07464	0.53149	0.06142	0.10454	0.00858	0.00231	0.00340	0.01209	0.03279	0.00468
2	0.00745	0.00534	0.00629	0.00645	0.00770	0.00481	0.00463	0.00911	0.02911	0.05128	0.16413	0.28826	0.32897	0.05320	0.00726	0.00201	0.00297	0.01138	0.00499	0.00467
3	0.01136	0.00666	0.00821	0.00756	0.00935	0.00622	0.00558	0.05799	0.03053	0.17748	0.11363	0.24698	0.10999	0.12906	0.00892	0.00225	0.00375	0.02024	0.00499	0.03923
4	0.01276	0.00762	0.00920	0.00818	0.01042	0.00750	0.00632	0.06309	0.10173	0.22232	0.07617	0.17318	0.20352	0.03197	0.00684	0.00188	0.03701	0.00871	0.00525	0.00634
5	0.01079	0.00846	0.01043	0.00940	0.01105	0.02882	0.03325	0.18639	0.01294	0.01756	0.01823	0.20498	0.04742	0.08202	0.21972	0.00383	0.05105	0.00778	0.03029	0.00559
6	0.01273	0.00889	0.01024	0.00878	0.01099	0.00946	0.00678	0.19930	0.11770	0.07750	0.11572	0.04208	0.06597	0.11370	0.04213	0.04529	0.03595	0.00649	0.04258	0.02771
7	0.01300	0.00779	0.00967	0.04110	0.01139	0.00776	0.00664	0.10681	0.03177	0.20519	0.21959	0.05701	0.14291	0.05481	0.00730	0.00187	0.03589	0.00758	0.02564	0.00629
8	0.01556	0.01075	0.01288	0.01052	0.01350	0.01155	0.03548	0.34447	0.07614	0.12556	0.03029	0.08276	0.04374	0.05181	0.08309	0.00250	0.03098	0.00629	0.00482	0.00733
9	0.08746	0.00976	0.01098	0.00910	0.01218	0.02626	0.00721	0.18250	0.06844	0.25484	0.06784	0.11207	0.03761	0.03874	0.00604	0.00176	0.00442	0.00645	0.00516	0.05119
10	0.01890	0.03681	0.01169	0.00891	0.01233	0.00830	0.00729	0.05942	0.05819	0.51950	0.12173	0.02147	0.04939	0.00832	0.03164	0.00183	0.00450	0.00597	0.00589	0.00790
11	0.01814	0.01044	0.01215	0.00976	0.01309	0.01072	0.00780	0.27451	0.11270	0.30381	0.01842	0.03749	0.03262	0.09087	0.00747	0.00198	0.00478	0.00574	0.01962	0.00790
12	0.02173	0.04345	0.01315	0.00970	0.01369	0.00969	0.00804	0.12131	0.07279	0.60071	0.01900	0.01679	0.01233	0.00638	0.00516	0.00160	0.00462	0.00511	0.00602	0.00872
13	0.01442	0.70954	0.04983	0.00952	0.01395	0.07119	0.00935	0.04715	0.01145	0.01327	0.00758	0.00868	0.00677	0.00461	0.00356	0.00116	0.00589	0.00293	0.00238	0.00676
14	0.01861	0.06651	0.11636	0.01186	0.01648	0.01496	0.01080	0.53981	0.02079	0.11338	0.01265	0.01263	0.00887	0.00599	0.00506	0.00155	0.00583	0.00452	0.00477	0.00857
15	0.00623	0.00528	0.00539	0.00536	0.00708	0.00443	0.00402	0.00763	0.01206	0.01452	0.10073	0.04938	0.73413	0.01302	0.00615	0.00175	0.00263	0.01089	0.00489	0.00443
16	0.01115	0.03918	0.01878	0.01613	0.09027	0.02611	0.19558	0.01340	0.01004	0.01432	0.04099	0.06343	0.01118	0.01055	0.08279	0.00255	0.33893	0.00579	0.00274	0.00609
17	0.85377	0.01007	0.00765	0.00685	0.01007	0.01168	0.00564	0.01531	0.00886	0.02336	0.00725	0.00846	0.00564	0.00483	0.00322	0.00161	0.00403	0.00282	0.00322	0.00564
18	0.00971	0.00485	0.00485	0.00485	0.00607	0.00485	0.00364	0.01213	0.01092	0.01942	0.01699	0.01942	0.01335	0.00607	0.00364	0.00121	0.00243	0.00485	0.84589	0.00485
19	0.85377	0.01007	0.00765	0.00685	0.01007	0.01168	0.00564	0.01531	0.00886	0.02336	0.00725	0.00846	0.00564	0.00483	0.00322	0.00161	0.00403	0.00282	0.00322	0.00564
20	0.85377	0.01007	0.00765	0.00685	0.01007	0.01168	0.00564	0.01531	0.00886	0.02336	0.00725	0.00846	0.00564	0.00483	0.00322	0.00161	0.00403	0.00282	0.00322	0.00564
21	0.00757	0.00505	0.00568	0.00568	0.00568	0.00505	0.00316	0.00757	0.00757	0.01010	0.01641	0.03408	0.01893	0.81698	0.02651	0.00505	0.00505	0.00757	0.00316	0.00316
22	0.00731	0.00532	0.00688	0.00649	0.00774	0.00489	0.00486	0.00971	0.01459	0.02054	0.74454	0.03947	0.08657	0.01078	0.00614	0.00164	0.00247	0.00950	0.00569	0.00489
23	0.01050	0.02656	0.76803	0.01505	0.02267	0.01213	0.04083	0.01650	0.01103	0.01650	0.00938	0.01108	0.00663	0.00493	0.00498	0.00165	0.00773	0.00391	0.00221	0.00768
24	0.02336	0.00886	0.01209	0.00927	0.01329	0.00765	0.00765	0.02538	0.01491	0.78810	0.02055	0.01773	0.01289	0.00645	0.00524	0.00161	0.00443	0.00524	0.00645	0.00886
25	0.04943	0.01416	0.01535	0.03944	0.01655	0.01582	0.00994	0.69474	0.02302	0.03129	0.01206	0.01238	0.00862	0.00624	0.00544	0.00159	0.02582	0.00462	0.00496	0.00855
26	0.01902	0.01397	0.01545	0.01187	0.01601	0.01523	0.02740	0.65205	0.06435	0.05855	0.01309	0.01304	0.00932	0.00616	0.00518	0.00155	0.00559	0.00474	0.00511	0.04231
27	0.12687	0.03178	0.08563	0.01067	0.01485	0.01284	0.00948	0.35921	0.01774	0.19339	0.03700	0.01364	0.01024	0.00609	0.00516	0.00158	0.02397	0.00455	0.00477	0.03056
28	0.00638	0.00456	0.00608	0.00722	0.00756	0.00426	0.00484	0.00735	0.01016	0.01359	0.05814	0.78330	0.03502	0.01609	0.00663	0.00210	0.00300	0.01459	0.00487	0.00426
29	0.01039	0.00630	0.00740	0.00666	0.00883	0.00555	0.00520	0.03309	0.01345	0.17531	0.19499	0.04031	0.43078	0.01111	0.00596	0.00171	0.00311	0.02892	0.00536	0.00556
30	0.01291	0.01220	0.02047	0.09468	0.69312	0.01245	0.01562	0.04494	0.01223	0.01732	0.00986	0.01296	0.00817	0.00475	0.00516	0.00156	0.00623	0.00464	0.00266	0.00807
31	0.01855	0.01329	0.01448	0.01137	0.01513	0.01454	0.00927	0.65591	0.02256	0.06339	0.01454	0.09623	0.01170	0.00731	0.00536	0.00162	0.00539	0.00577	0.00522	0.00837
32	0.00994	0.00936	0.01581	0.77771	0.06180	0.01160	0.01452	0.01340	0.01046	0.01343	0.00927	0.01385	0.00699	0.00519	0.00520	0.00173	0.00692	0.00463	0.00232	0.00587
33	0.01279	0.01242	0.02048	0.10060	0.69728	0.03294	0.01569	0.01587	0.01180	0.01657	0.00970	0.01289	0.00809	0.00471	0.00515	0.00156	0.00634	0.00461	0.00256	0.00797
34	0.09702	0.01053	0.04239	0.00940	0.01356	0.00912	0.03130	0.11881	0.01377	0.26446	0.01413	0.05457	0.01065	0.00580	0.00467	0.00136	0.00457	0.00469	0.00449	0.28470
35	0.01728	0.01297	0.01398	0.01134	0.01488	0.02702	0.00918	0.43537	0.25544	0.07540	0.01553	0.01515	0.01133	0.00760	0.03029	0.00186	0.02676	0.00510	0.00512	0.00841

[dist]
# distance from previous block
# <min> <max>
0	1

[block]
# block no. 1 follows, 47 sequences, length 96
# corresponding to MSA columns:
# 64-159
name=unknown_B
#
# <colnr> <probs for GDERKNQSTAVLIFYWHMCP>
#	G	D	E	R	K	N	Q	S	T	A	V	L	I	F	Y	W	H	M	C	P
0	0.18081	0.01024	0.01131	0.03112	0.01335	0.01013	0.00737	0.12568	0.10274	0.18648	0.02972	0.01377	0.01040	0.00551	0.00448	0.00139	0.00437	0.00423	0.00443	0.24247
1	0.01281	0.01229	0.02099	0.05209	0.76500	0.01235	0.01594	0.01591	0.01182	0.01692	0.00978	0.01291	0.00821	0.00465	0.00516	0.00155	0.00621	0.00464	0.00257	0.00818
2	0.00653	0.00484	0.00670	0.00756	0.00805	0.00450	0.02608	0.00753	0.01006	0.01336	0.02887	0.74813	0.06158	0.03055	0.00698	0.00215	0.00321	0.01429	0.00474	0.00429
3	0.01392	0.82012	0.02729	0.00891	0.01337	0.02061	0.00891	0.01559	0.01058	0.01225	0.00724	0.00835	0.00668	0.00446	0.00334	0.00111	0.00557	0.00278	0.00223	0.00668
4	0.00745	0.00555	0.00821	0.00821	0.00909	0.00642	0.00631	0.00920	0.00832	0.01197	0.01409	0.02125	0.01336	0.08449	0.75138	0.00818	0.01343	0.00570	0.00281	0.00456
5	0.01980	0.01459	0.01563	0.01198	0.01615	0.01615	0.00990	0.76713	0.02448	0.03282	0.01250	0.01250	0.00886	0.00625	0.00521	0.00156	0.00573	0.00469	0.00521	0.00886
6	0.01291	0.18707	0.03690	0.01265	0.01412	0.11358	0.01088	0.01431	0.00945	0.01259	0.00713	0.01048	0.00678	0.00755	0.01231	0.00190	0.51705	0.00401	0.00232	0.00600
7	0.00642	0.00532	0.00564	0.00565	0.00731	0.00454	0.00429	0.00794	0.01225	0.01502	0.14608	0.04908	0.65123	0.01292	0.00620	0.00177	0.00272	0.04618	0.00495	0.00448
8	0.01248	0.01029	0.01110	0.03470	0.01342	0.01161	0.00788	0.02462	0.62223	0.05517	0.02471	0.02298	0.11051	0.00774	0.00540	0.00176	0.00404	0.00645	0.00520	0.00772
9	0.00725	0.00527	0.00683	0.00655	0.00773	0.00485	0.00487	0.00955	0.01429	0.02008	0.70009	0.09325	0.07755	0.01114	0.00618	0.00168	0.00250	0.00986	0.00563	0.00485
10	0.01062	0.02592	0.73650	0.01603	0.07556	0.01211	0.01901	0.01646	0.01105	0.01653	0.00938	0.01113	0.00671	0.00493	0.00496	0.00164	0.00759	0.00390	0.00223	0.00773
11	0.00634	0.00453	0.00604	0.00725	0.00755	0.00423	0.00483	0.00725	0.00997	0.01329	0.02870	0.81358	0.03444	0.01632	0.00665	0.00211	0.00302	0.01480	0.00483	0.00423
12	0.01025	0.00926	0.01592	0.43819	0.02631	0.01066	0.14188	0.01345	0.01066	0.01502	0.01131	0.03530	0.00905	0.00579	0.00593	0.00169	0.06198	0.00519	0.16639	0.00577
13	0.01295	0.01119	0.01178	0.01060	0.01354	0.01295	0.00824	0.02767	0.77509	0.02178	0.02120	0.01943	0.01590	0.00707	0.00530	0.00177	0.00412	0.00589	0.00530	0.00824
14	0.00710	0.00526	0.00666	0.00688	0.00787	0.00494	0.00494	0.00938	0.04491	0.01738	0.39361	0.34017	0.10553	0.01292	0.00630	0.00184	0.00276	0.01150	0.00529	0.00474
15	0.01361	0.74839	0.09626	0.00945	0.01420	0.01984	0.00984	0.01567	0.01062	0.01264	0.00743	0.00859	0.00668	0.00450	0.00349	0.00116	0.00576	0.00288	0.00223	0.00677
16	0.85377	0.01007	0.00765	0.00685	0.01007	0.01168	0.00564	0.01531	0.00886	0.02336	0.00725	0.00846	0.00564	0.00483	0.00322	0.00161	0.00403	0.00282	0.00322	0.00564
17	0.00634	0.00453	0.00604	0.00725	0.00755	0.00423	0.00483	0.00725	0.00997	0.01329	0.02870	0.81358	0.03444	0.01632	0.00665	0.00211	0.00302	0.01480	0.00483	0.00423
18	0.00729	0.00530	0.00687	0.00658	0.00779	0.00488	0.00493	0.00963	0.01436	0.02015	0.70162	0.07128	0.08332	0.01107	0.00618	0.00168	0.00253	0.02404	0.00564	0.00486
19	0.01289	0.01237	0.02114	0.03196	0.78450	0.01237	0.01598	0.01598	0.01186	0.01701	0.00980	0.01289	0.00825	0.00464	0.00516	0.00155	0.00619	0.00464	0.00258	0.00825
20	0.01253	0.50352	0.33173	0.01128	0.01703	0.01721	0.01303	0.01595	0.01075	0.01394	0.00808	0.00941	0.00665	0.00465	0.00398	0.00133	0.00642	0.00321	0.00222	0.00709
21	0.01370	0.01157	0.01667	0.45615	0.02795	0.01338	0.06503	0.29307	0.01576	0.02078	0.01055	0.01338	0.00772	0.00554	0.00527	0.00167	0.00662	0.00476	0.00341	0.00701
22	0.01295	0.01119	0.01178	0.01060	0.01354	0.01295	0.00824	0.02767	0.77509	0.02178	0.02120	0.01943	0.01590	0.00707	0.00530	0.00177	0.00412	0.00589	0.00530	0.00824
23	0.01218	0.01372	0.02890	0.02092	0.02554	0.01351	0.67208	0.01617	0.01176	0.01617	0.01008	0.01372	0.00777	0.00498	0.00750	0.00182	0.10780	0.00595	0.00259	0.00686
24	0.00971	0.00485	0.00485	0.00485	0.00607	0.00485	0.00364	0.01213	0.01092	0.01942	0.01699	0.01942	0.01335	0.00607	0.00364	0.00121	0.00243	0.00485	0.84589	0.00485
25	0.02336	0.00886	0.01209	0.00927	0.01329	0.00765	0.00765	0.02538	0.01491	0.78810	0.02055	0.01773	0.01289	0.00645	0.00524	0.00161	0.00443	0.00524	0.00645	0.00886
26	0.01080	0.00926	0.01080	0.00771	0.01234	0.00694	0.00617	0.01311	0.01080	0.01697	0.00926	0.01080	0.00771	0.00386	0.00386	0.00077	0.00386	0.00309	0.00309	0.84882
27	0.01945	0.02482	0.01476	0.01342	0.01610	0.79608	0.01006	0.02079	0.01476	0.01275	0.00805	0.00939	0.00671	0.00537	0.00470	0.00134	0.00939	0.00335	0.00268	0.00604
28	0.85377	0.01007	0.00765	0.00685	0.01007	0.01168	0.00564	0.01531	0.00886	0.02336	0.00725	0.00846	0.00564	0.00483	0.00322	0.00161	0.00403	0.00282	0.00322	0.00564
29	0.00744	0.00558	0.00837	0.00837	0.00930	0.00651	0.00651	0.00930	0.00837	0.01209	0.01395	0.02046	0.01302	0.03906	0.79635	0.00837	0.01395	0.00558	0.00279	0.00465
30	0.00744	0.00558	0.00837	0.00837	0.00930	0.00651	0.00651	0.00930	0.00837	0.01209	0.01395	0.02046	0.01302	0.03906	0.79635	0.00837	0.01395	0.00558	0.00279	0.00465
31	0.00757	0.00507	0.00581	0.00581	0.00585	0.00512	0.00332	0.00766	0.00761	0.01019	0.01629	0.03343	0.01865	0.77969	0.06341	0.00521	0.00548	0.00748	0.00314	0.00323
32	0.00622	0.00519	0.00543	0.00556	0.00712	0.00440	0.00410	0.00754	0.01175	0.01423	0.07738	0.13941	0.66687	0.01346	0.00621	0.00180	0.00268	0.01138	0.00487	0.00440
33	0.01080	0.00926	0.01080	0.00771	0.01234	0.00694	0.00617	0.01311	0.01080	0.01697	0.00926	0.01080	0.00771	0.00386	0.00386	0.00077	0.00386	0.00309	0.00309	0.84882
34	0.00729	0.00532	0.00684	0.00646	0.00773	0.00488	0.00485	0.00966	0.01454	0.02041	0.73103	0.03968	0.10016	0.01082	0.00614	0.00165	0.00247	0.00953	0.00567	0.00488
35	0.00744	0.00558	0.00837	0.00837	0.00930	0.00651	0.00651	0.00930	0.00837	0.01209	0.01395	0.02046	0.01302	0.03906	0.79635	0.00837	0.01395	0.00558	0.00279	0.00465
36	0.01361	0.74823	0.09641	0.00945	0.01420	0.01983	0.00985	0.01568	0.01062	0.01264	0.00743	0.00859	0.00668	0.00450	0.00349	0.00116	0.00576	0.00288	0.00223	0.00677
37	0.01274	0.01222	0.02087	0.06899	0.74861	0.01233	0.01591	0.01585	0.01179	0.01684	0.00977	0.01294	0.00819	0.00467	0.00516	0.00156	0.00622	0.00464	0.00257	0.00813
38	0.85377	0.01007	0.00765	0.00685	0.01007	0.01168	0.00564	0.01531	0.00886	0.02336	0.00725	0.00846	0.00564	0.00483	0.00322	0.00161	0.00403	0.00282	0.00322	0.00564
39	0.01892	0.01435	0.01508	0.01180	0.01575	0.03561	0.00966	0.66888	0.08818	0.03095	0.01347	0.02971	0.00994	0.00651	0.00523	0.00159	0.00563	0.00497	0.00514	0.00864
40	0.00751	0.00509	0.00601	0.00605	0.00617	0.00519	0.00361	0.00776	0.00776	0.01045	0.01658	0.06184	0.01882	0.69565	0.11599	0.00533	0.00602	0.00761	0.00318	0.00337
41	0.00716	0.00585	0.02548	0.00694	0.00829	0.00508	0.00539	0.00936	0.02707	0.01724	0.36306	0.19225	0.21604	0.01248	0.00629	0.00183	0.00298	0.07728	0.00517	0.00478
42	0.00649	0.00511	0.00587	0.00606	0.00734	0.00448	0.00440	0.00799	0.01210	0.01552	0.22228	0.23141	0.42579	0.01333	0.00627	0.00182	0.00269	0.01153	0.00505	0.00448
43	0.01234	0.01214	0.02046	0.19899	0.52004	0.03236	0.08213	0.01579	0.02528	0.01615	0.00990	0.01324	0.00803	0.00480	0.00525	0.00161	0.00663	0.00476	0.00258	0.00754
44	0.02459	0.00540	0.00623	0.00599	0.00750	0.00483	0.00451	0.00890	0.01335	0.01792	0.44308	0.04322	0.37253	0.01165	0.00609	0.00169	0.00257	0.00998	0.00528	0.00470
45	0.01579	0.01773	0.01936	0.03607	0.32223	0.33281	0.10791	0.05628	0.01371	0.01597	0.00930	0.01160	0.00758	0.00500	0.00510	0.00149	0.00781	0.00431	0.00276	0.00718
46	0.85377	0.01007	0.00765	0.00685	0.01007	0.01168	0.00564	0.01531	0.00886	0.02336	0.00725	0.00846	0.00564	0.00483	0.00322	0.00161	0.00403	0.00282	0.00322	0.00564
47	0.01059	0.00903	0.01057	0.00769	0.01211	0.00681	0.00611	0.01283	0.01076	0.01679	0.01019	0.04928	0.00899	0.00445	0.00399	0.00084	0.00382	0.00365	0.00317	0.80833
48	0.01169	0.13385	0.46108	0.01587	0.11482	0.03008	0.04646	0.01707	0.06434	0.01627	0.00995	0.01153	0.00755	0.00494	0.00478	0.00154	0.00692	0.00400	0.00252	0.03474
49	0.85377	0.01007	0.00765	0.00685	0.01007	0.01168	0.00564	0.01531	0.00886	0.02336	0.00725	0.00846	0.00564	0.00483	0.00322	0.00161	0.00403	0.00282	0.00322	0.00564
50	0.00905	0.00452	0.00678	0.00678	0.00678	0.00452	0.00452	0.00678	0.00678	0.00905	0.00905	0.01583	0.00905	0.01809	0.02035	0.84848	0.00452	0.00452	0.00226	0.00226
51	0.01906	0.01383	0.01490	0.01157	0.01550	0.01525	0.00947	0.66914	0.06769	0.05766	0.01344	0.01391	0.00979	0.03684	0.00602	0.00171	0.00556	0.00489	0.00518	0.00861
52	0.00871	0.00462	0.00651	0.00656	0.00660	0.00461	0.00427	0.00708	0.00715	0.00966	0.01128	0.04937	0.01183	0.15578	0.02045	0.64805	0.00450	0.00545	0.02494	0.00256
53	0.01378	0.28506	0.17238	0.01451	0.13511	0.12365	0.01204	0.03136	0.06493	0.03562	0.01043	0.04278	0.00886	0.00555	0.00478	0.00145	0.02358	0.00419	0.00283	0.00713
54	0.01080	0.00926	0.01080	0.00771	0.01234	0.00694	0.00617	0.01311	0.01080	0.01697	0.00926	0.01080	0.00771	0.00386	0.00386	0.00077	0.00386	0.00309	0.00309	0.84882
55	0.01299	0.35144	0.36137	0.01188	0.01764	0.03270	0.01350	0.09654	0.01237	0.01637	0.00963	0.01079	0.02190	0.00505	0.00433	0.00142	0.00655	0.00363	0.00260	0.00730
56	0.01326	0.01370	0.02275	0.02365	0.33327	0.06629	0.28632	0.03275	0.12056	0.01758	0.01161	0.01399	0.00911	0.00497	0.00550	0.00164	0.00704	0.00528	0.00304	0.00766
57	0.00737	0.00532	0.00696	0.00655	0.00778	0.00491	0.00491	0.00983	0.01474	0.02088	0.78175	0.03890	0.04914	0.01065	0.00614	0.00164	0.00246	0.00942	0.00573	0.00491
58	0.01244	0.01024	0.01140	0.00847	0.01286	0.03272	0.00677	0.06911	0.06444	0.05396	0.01079	0.01179	0.00856	0.00442	0.00414	0.00095	0.00421	0.00350	0.00353	0.66569
59	0.00805	0.00549	0.00709	0.00659	0.00799	0.00501	0.00498	0.01041	0.01455	0.05718	0.69420	0.03867	0.09876	0.01062	0.00610	0.00165	0.00256	0.00933	0.00570	0.00507
60	0.00929	0.00625	0.00768	0.00713	0.00880	0.00592	0.00540	0.03892	0.06261	0.08710	0.44978	0.12053	0.14857	0.01088	0.00603	0.00171	0.00294	0.00947	0.00552	0.00546
61	0.00696	0.00531	0.00639	0.00612	0.00753	0.00474	0.00459	0.00903	0.01377	0.01858	0.53534	0.04269	0.29698	0.01151	0.00615	0.00168	0.00252	0.00995	0.00543	0.00474
62	0.01392	0.82012	0.02729	0.00891	0.01337	0.02061	0.00891	0.01559	0.01058	0.01225	0.00724	0.00835	0.00668	0.00446	0.00334	0.00111	0.00557	0.00278	0.00223	0.00668
63	0.01283	0.18689	0.04910	0.02765	0.01759	0.08511	0.18260	0.01538	0.02876	0.01381	0.00835	0.01139	0.00725	0.00645	0.00964	0.00178	0.32216	0.00444	0.00245	0.00637
64	0.01717	0.04188	0.01431	0.01194	0.01485	0.30696	0.00940	0.12707	0.22741	0.08651	0.01331	0.01350	0.01013	0.00635	0.00601	0.00159	0.07576	0.00450	0.00405	0.00729
65	0.77489	0.01050	0.00841	0.00733	0.01065	0.01210	0.00604	0.08642	0.01034	0.02426	0.00775	0.00884	0.00594	0.00497	0.00341	0.00161	0.00419	0.00300	0.00341	0.00594
66	0.00971	0.00485	0.00485	0.00485	0.00607	0.00485	0.00364	0.01213	0.01092	0.01942	0.01699	0.01942	0.01335	0.00607	0.00364	0.00121	0.00243	0.00485	0.84589	0.00485
67	0.01945	0.02482	0.01476	0.01342	0.01610	0.79608	0.01006	0.02079	0.01476	0.01275	0.00805	0.00939	0.00671	0.00537	0.00470	0.00134	0.00939	0.00335	0.00268	0.00604
68	0.42511	0.01359	0.01103	0.05512	0.01385	0.19646	0.00783	0.05824	0.01205	0.13309	0.00978	0.01063	0.00723	0.00538	0.00436	0.00157	0.02115	0.00354	0.00361	0.00639
69	0.01947	0.02440	0.01479	0.01336	0.01610	0.76440	0.01006	0.05110	0.01515	0.01356	0.00823	0.00952	0.00680	0.00540	0.00472	0.00135	0.00924	0.00341	0.00279	0.00615
70	0.01504	0.07475	0.44487	0.01237	0.01836	0.02994	0.01416	0.01927	0.01243	0.26830	0.03262	0.01369	0.00975	0.00556	0.00496	0.00159	0.00639	0.00436	0.00369	0.00790
71	0.01392	0.82012	0.02729	0.00891	0.01337	0.02061	0.00891	0.01559	0.01058	0.01225	0.00724	0.00835	0.00668	0.00446	0.00334	0.00111	0.00557	0.00278	0.00223	0.00668
72	0.00619	0.00528	0.00532	0.00531	0.00705	0.00441	0.00398	0.00754	0.01195	0.01426	0.07318	0.04980	0.76184	0.01312	0.00615	0.00176	0.00263	0.01095	0.00486	0.00441
73	0.01945	0.02482	0.01476	0.01342	0.01610	0.79608	0.01006	0.02079	0.01476	0.01275	0.00805	0.00939	0.00671	0.00537	0.00470	0.00134	0.00939	0.00335	0.00268	0.00604
74	0.00757	0.00505	0.00568	0.00568	0.00568	0.00505	0.00316	0.00757	0.00757	0.01010	0.01641	0.03408	0.01893	0.81698	0.02651	0.00505	0.00505	0.00757	0.00316	0.00316
75	0.01044	0.01040	0.01870	0.51928	0.03062	0.01218	0.17989	0.01378	0.01055	0.01397	0.00988	0.03865	0.00800	0.00580	0.00677	0.00181	0.09555	0.00527	0.00246	0.00600
76	0.00748	0.00510	0.00612	0.00619	0.00635	0.00523	0.00377	0.00782	0.00783	0.01059	0.01673	0.07631	0.01890	0.65072	0.14484	0.00540	0.00631	0.00768	0.00319	0.00345
77	0.01295	0.01119	0.01178	0.01060	0.01354	0.01295	0.00824	0.02767	0.77509	0.02178	0.02120	0.01943	0.01590	0.00707	0.00530	0.00177	0.00412	0.00589	0.00530	0.00824
78	0.85377	0.01007	0.00765	0.00685	0.01007	0.01168	0.00564	0.01531	0.00886	0.02336	0.00725	0.00846	0.00564	0.00483	0.00322	0.00161	0.00403	0.00282	0.00322	0.00564
79	0.00757	0.00505	0.00568	0.00568	0.00568	0.00505	0.00316	0.00757	0.00757	0.01010	0.01641	0.03408	0.01893	0.81698	0.02651	0.00505	0.00505	0.00757	0.00316	0.00316
80	0.01329	0.01084	0.01182	0.01065	0.01349	0.01227	0.00854	0.14784	0.51637	0.02254	0.02087	0.02517	0.01719	0.00821	0.00562	0.00184	0.00451	0.13601	0.00520	0.00774
81	0.00648	0.00492	0.00598	0.00650	0.00744	0.00441	0.00458	0.00782	0.01148	0.01500	0.18189	0.42721	0.26893	0.01425	0.00640	0.00191	0.00279	0.01258	0.00501	0.00441
82	0.01983	0.01371	0.01500	0.01157	0.01562	0.01493	0.00953	0.66779	0.02308	0.11331	0.01379	0.03393	0.00996	0.00653	0.00525	0.00158	0.00552	0.00501	0.00533	0.00874
83	0.85377	0.01007	0.00765	0.00685	0.01007	0.01168	0.00564	0.01531	0.00886	0.02336	0.00725	0.00846	0.00564	0.00483	0.00322	0.00161	0.00403	0.00282	0.00322	0.00564
84	0.01115	0.01060	0.01800	0.47094	0.35909	0.01192	0.01512	0.01446	0.01104	0.01491	0.00949	0.01345	0.00751	0.00496	0.00518	0.00165	0.00662	0.00463	0.00243	0.00685
85	0.00708	0.00529	0.00657	0.00630	0.00761	0.00478	0.00471	0.00925	0.01398	0.01920	0.60349	0.06550	0.20429	0.01136	0.00616	0.00168	0.00251	0.00992	0.00551	0.00478
86	0.00754	0.00541	0.00712	0.00738	0.02171	0.00506	0.00529	0.00974	0.02674	0.03073	0.48048	0.25669	0.06534	0.01222	0.00628	0.00180	0.00283	0.03740	0.00537	0.00488
87	0.85377	0.01007	0.00765	0.00685	0.01007	0.01168	0.00564	0.01531	0.00886	0.02336	0.00725	0.00846	0.00564	0.00483	0.00322	0.00161	0.00403	0.00282	0.00322	0.00564
88	0.05404	0.02765	0.01251	0.00959	0.01346	0.08922	0.00785	0.02432	0.01457	0.66316	0.01848	0.01632	0.01185	0.00623	0.00507	0.00157	0.00495	0.00490	0.00585	0.00840
89	0.06737	0.02135	0.00765	0.00673	0.00837	0.00584	0.00517	0.01121	0.01413	0.07021	0.62957	0.03536	0.07749	0.00997	0.00583	0.00163	0.00276	0.00864	0.00550	0.00523
90	0.83160	0.01019	0.00787	0.00698	0.01023	0.01180	0.00575	0.03529	0.00928	0.02362	0.00739	0.00857	0.00573	0.00487	0.00328	0.00161	0.00407	0.00287	0.00328	0.00573
91	0.79511	0.01001	0.00787	0.00691	0.01023	0.01135	0.00568	0.01516	0.00900	0.02292	0.00739	0.00862	0.00578	0.00477	0.00327	0.00155	0.00402	0.00284	0.00321	0.06431
92	0.02870	0.04297	0.47942	0.01678	0.11587	0.03448	0.08279	0.06918	0.01240	0.05461	0.01013	0.01176	0.00736	0.00502	0.00503	0.00161	0.00723	0.00421	0.00273	0.00773
93	0.01909	0.01391	0.01488	0.01149	0.01545	0.01536	0.00946	0.71460	0.02354	0.03189	0.01282	0.01298	0.00917	0.00624	0.00510	0.00154	0.00550	0.00470	0.06371	0.00858
94	0.00993	0.00538	0.00599	0.00674	0.06023	0.00538	0.00450	0.01240	0.01099	0.01925	0.01649	0.01896	0.01299	0.00597	0.00375	0.00124	0.00269	0.00484	0.78721	0.00509
95	0.01684	0.01351	0.08164	0.01136	0.01540	0.01289	0.02415	0.45145	0.04810	0.09934	0.02814	0.06815	0.01243	0.00707	0.00532	0.00161	0.00539	0.03441	0.00486	0.05796

[dist]
# distance from previous block
# <min> <max>
0	1

[block]
# block no. 2 follows, 47 sequences, length 14
# corresponding to MSA columns:
# 161-174
name=unknown_C
#
# <colnr> <probs for GDERKNQSTAVLIFYWHMCP>
#	G	D	E	R	K	N	Q	S	T	A	V	L	I	F	Y	W	H	M	C	P
0	0.12113	0.01312	0.01848	0.02537	0.54304	0.08740	0.03940	0.01656	0.03621	0.01748	0.01012	0.03037	0.00859	0.00507	0.00494	0.00156	0.00617	0.00461	0.00281	0.00757
1	0.13379	0.18863	0.05465	0.02557	0.02852	0.28716	0.00958	0.04945	0.10754	0.01634	0.00977	0.01090	0.00793	0.00602	0.01883	0.00157	0.03043	0.00367	0.00305	0.00659
2	0.61951	0.01257	0.13053	0.02984	0.01302	0.01136	0.00820	0.01641	0.00982	0.09545	0.00891	0.00989	0.00652	0.00502	0.00374	0.00162	0.00472	0.00326	0.00335	0.00627
3	0.81753	0.01002	0.00785	0.00695	0.01021	0.01151	0.00573	0.01575	0.00913	0.05674	0.00783	0.00886	0.00596	0.00490	0.00331	0.00161	0.00405	0.00293	0.00336	0.00578
4	0.01080	0.00926	0.01080	0.00771	0.01234	0.00694	0.00617	0.01311	0.01080	0.01697	0.00926	0.01080	0.00771	0.00386	0.00386	0.00077	0.00386	0.00309	0.00309	0.84882
5	0.02110	0.01249	0.01433	0.01099	0.01510	0.01304	0.00908	0.49534	0.02097	0.30957	0.01545	0.01442	0.01033	0.00632	0.00522	0.00158	0.00525	0.00489	0.00566	0.00886
6	0.34806	0.10144	0.01330	0.01029	0.01344	0.36980	0.00819	0.05250	0.01244	0.01781	0.00786	0.00906	0.00638	0.00510	0.00400	0.00143	0.00671	0.00315	0.00297	0.00608
7	0.00720	0.00532	0.00672	0.00637	0.00767	0.00484	0.00478	0.00949	0.01433	0.01990	0.67671	0.04052	0.15479	0.01101	0.00614	0.00166	0.00248	0.00964	0.00560	0.00484
8	0.01493	0.01614	0.04112	0.02135	0.37342	0.25026	0.01260	0.01916	0.12128	0.03870	0.01239	0.01388	0.03068	0.00551	0.00506	0.00153	0.00676	0.00460	0.00316	0.00747
9	0.00730	0.00532	0.00687	0.00648	0.00774	0.00489	0.00486	0.00970	0.01458	0.02051	0.74179	0.03951	0.08933	0.01079	0.00614	0.00164	0.00247	0.00950	0.00568	0.00489
10	0.01199	0.08315	0.53693	0.01405	0.04133	0.01324	0.01606	0.08992	0.11022	0.01843	0.01102	0.01207	0.00806	0.00530	0.00490	0.00161	0.00685	0.00413	0.00290	0.00782
11	0.00652	0.00469	0.00618	0.00707	0.00758	0.00435	0.00482	0.00771	0.01086	0.01464	0.16089	0.65392	0.06098	0.01523	0.00654	0.00202	0.00291	0.01374	0.00499	0.00435
12	0.00723	0.00536	0.00672	0.00742	0.00822	0.00517	0.00524	0.03105	0.04906	0.01507	0.08921	0.58087	0.10553	0.01472	0.00648	0.00202	0.00316	0.04785	0.00494	0.00466
13	0.09757	0.03892	0.01430	0.01093	0.01467	0.01465	0.00899	0.46630	0.13292	0.02742	0.01261	0.01283	0.00935	0.00612	0.00541	0.00155	0.04214	0.00450	0.00463	0.07417

[dist]
# distance from previous block
# <min> <max>
3	5

[block]
# block no. 3 follows, 47 sequences, length 96
# corresponding to MSA columns:
# 180-275
name=unknown_D
#
# <colnr> <probs for GDERKNQSTAVLIFYWHMCP>
#	G	D	E	R	K	N	Q	S	T	A	V	L	I	F	Y	W	H	M	C	P
0	0.07249	0.50045	0.14523	0.00989	0.01467	0.06260	0.01014	0.01609	0.01091	0.03600	0.00817	0.00931	0.00686	0.00462	0.00377	0.00123	0.00585	0.00308	0.00251	0.07612
1	0.00897	0.00777	0.05002	0.00800	0.00997	0.00668	0.00634	0.09117	0.03473	0.01829	0.23521	0.31274	0.06175	0.02668	0.00628	0.00179	0.00355	0.00982	0.00478	0.09546
2	0.00907	0.00747	0.00766	0.00713	0.00883	0.07054	0.00539	0.05097	0.01418	0.04008	0.40036	0.07298	0.26390	0.01088	0.00597	0.00167	0.00334	0.00927	0.00516	0.00514
3	0.01893	0.01147	0.01358	0.01079	0.01422	0.01221	0.00889	0.37157	0.03248	0.27573	0.03420	0.01790	0.01249	0.02730	0.00686	0.00177	0.07113	0.04502	0.00531	0.00813
4	0.01893	0.01407	0.01509	0.01172	0.01571	0.01559	0.00963	0.68970	0.08101	0.03165	0.03497	0.01378	0.01053	0.00644	0.00524	0.00158	0.00552	0.00491	0.00523	0.00870
5	0.01268	0.00751	0.03401	0.00785	0.01025	0.00650	0.00640	0.05323	0.01510	0.24199	0.48241	0.03081	0.05145	0.00909	0.00580	0.00163	0.00337	0.00783	0.00578	0.00633
6	0.00869	0.00633	0.00768	0.00790	0.00900	0.00634	0.00560	0.08676	0.07468	0.02674	0.06613	0.54743	0.04163	0.05414	0.00728	0.00211	0.00349	0.01197	0.00486	0.02124
7	0.01368	0.01155	0.01219	0.01075	0.01382	0.01329	0.00842	0.10673	0.69484	0.02296	0.02027	0.01869	0.01514	0.00698	0.00529	0.00174	0.00429	0.00576	0.00529	0.00831
8	0.08690	0.01334	0.01405	0.01121	0.01498	0.01489	0.00916	0.55638	0.14913	0.02959	0.01404	0.02735	0.01053	0.00657	0.00512	0.00162	0.00526	0.01648	0.00505	0.00835
9	0.01604	0.01190	0.03027	0.01028	0.01429	0.01170	0.02349	0.36381	0.07342	0.10753	0.03132	0.01681	0.07395	0.00641	0.00504	0.00144	0.00486	0.00511	0.00476	0.18755
10	0.19510	0.10228	0.06965	0.11013	0.01623	0.04721	0.00932	0.10182	0.17086	0.05402	0.04259	0.01487	0.03316	0.00603	0.00461	0.00159	0.00520	0.00458	0.00384	0.00692
11	0.85377	0.01007	0.00765	0.00685	0.01007	0.01168	0.00564	0.01531	0.00886	0.02336	0.00725	0.00846	0.00564	0.00483	0.00322	0.00161	0.00403	0.00282	0.00322	0.00564
12	0.09717	0.06686	0.08762	0.02450	0.02738	0.04460	0.00995	0.35958	0.07000	0.08782	0.01402	0.01417	0.04328	0.00624	0.00516	0.00158	0.02322	0.00466	0.00438	0.00782
13	0.00744	0.00557	0.00831	0.00831	0.00922	0.00648	0.00644	0.00926	0.00835	0.01205	0.01400	0.02075	0.01315	0.05568	0.77989	0.00830	0.01376	0.00562	0.00280	0.00462
14	0.01450	0.01210	0.07696	0.01292	0.10260	0.01145	0.00972	0.35760	0.01717	0.06011	0.01680	0.22816	0.01580	0.00867	0.00552	0.00171	0.00506	0.00736	0.02845	0.00733
15	0.00755	0.00504	0.00569	0.00571	0.00572	0.00503	0.00319	0.00757	0.00762	0.01016	0.01666	0.05026	0.01925	0.80036	0.02609	0.00499	0.00501	0.00772	0.00319	0.00318
16	0.01457	0.01370	0.04539	0.03183	0.20046	0.10293	0.01092	0.10998	0.30762	0.05362	0.04429	0.01611	0.01276	0.00618	0.00520	0.00162	0.00556	0.00515	0.00422	0.00789
17	0.01927	0.02448	0.01493	0.01392	0.03704	0.77471	0.01022	0.02066	0.01468	0.01286	0.00810	0.00949	0.00675	0.00535	0.00471	0.00135	0.00930	0.00339	0.00268	0.00610
18	0.00694	0.00535	0.00587	0.00594	0.00749	0.00465	0.00438	0.00851	0.02356	0.03906	0.11073	0.18153	0.55116	0.01321	0.00620	0.00181	0.00277	0.01126	0.00497	0.00461
19	0.00726	0.00576	0.00626	0.00614	0.00792	0.00504	0.00456	0.00930	0.05040	0.03404	0.07292	0.16703	0.53454	0.01261	0.00604	0.00175	0.00288	0.01071	0.00484	0.05000
20	0.01118	0.00898	0.01045	0.00771	0.01200	0.00701	0.00615	0.01388	0.04121	0.05829	0.01391	0.01475	0.07209	0.00489	0.00418	0.00094	0.00380	0.00396	0.00350	0.70113
21	0.85377	0.01007	0.00765	0.00685	0.01007	0.01168	0.00564	0.01531	0.00886	0.02336	0.00725	0.00846	0.00564	0.00483	0.00322	0.00161	0.00403	0.00282	0.00322	0.00564
22	0.01308	0.01288	0.01746	0.14210	0.42577	0.10496	0.01333	0.04635	0.08539	0.01697	0.02905	0.03107	0.02736	0.00567	0.00520	0.00159	0.00624	0.00506	0.00308	0.00740
23	0.00744	0.00558	0.00837	0.00837	0.00930	0.00651	0.00651	0.00930	0.00837	0.01209	0.01395	0.02046	0.01302	0.03906	0.79635	0.00837	0.01395	0.00558	0.00279	0.00465
24	0.02735	0.01515	0.11566	0.18766	0.34083	0.11502	0.03581	0.04334	0.02778	0.01628	0.00980	0.01278	0.00784	0.01642	0.00538	0.00163	0.00692	0.00445	0.00266	0.00724
25	0.00633	0.00471	0.00591	0.00682	0.00745	0.00428	0.00465	0.00737	0.01050	0.01367	0.05499	0.63126	0.19207	0.01550	0.00653	0.00203	0.00292	0.01385	0.00486	0.00428
26	0.02970	0.01230	0.11023	0.51178	0.02933	0.01255	0.03912	0.08511	0.01160	0.01580	0.00933	0.01304	0.00707	0.00562	0.00633	0.00176	0.08582	0.00454	0.00260	0.00634
27	0.02283	0.00887	0.01200	0.00924	0.01319	0.00774	0.00762	0.03912	0.01508	0.75127	0.04259	0.01824	0.01387	0.00656	0.00526	0.00161	0.00440	0.00535	0.00640	0.00875
28	0.01901	0.01406	0.01544	0.01200	0.01579	0.01580	0.00991	0.66253	0.04475	0.05212	0.01252	0.01276	0.00901	0.00652	0.00619	0.00163	0.07165	0.00473	0.00501	0.00858
29	0.01168	0.01193	0.01584	0.11564	0.01668	0.06261	0.01171	0.01313	0.00870	0.01265	0.00722	0.01159	0.00684	0.00838	0.01481	0.00215	0.65590	0.00449	0.00231	0.00573
30	0.01177	0.01017	0.01171	0.00874	0.01279	0.03060	0.00704	0.04891	0.01133	0.03196	0.00933	0.01104	0.00774	0.00462	0.00539	0.00100	0.09002	0.00337	0.00315	0.67931
31	0.03114	0.53304	0.07779	0.07661	0.05753	0.12052	0.01056	0.01617	0.01118	0.01318	0.00780	0.00938	0.00676	0.00469	0.00388	0.00127	0.00634	0.00319	0.00233	0.00666
32	0.00679	0.00479	0.00652	0.00746	0.00791	0.00468	0.00522	0.00774	0.00971	0.01301	0.02586	0.58544	0.04462	0.03501	0.11242	0.04842	0.00470	0.06110	0.00439	0.00420
33	0.03266	0.14417	0.19684	0.01730	0.18545	0.20878	0.06403	0.02951	0.02288	0.01553	0.00904	0.01088	0.00726	0.00489	0.00470	0.00145	0.00726	0.00389	0.00258	0.03090
34	0.00691	0.00528	0.00633	0.00612	0.00751	0.00471	0.00457	0.00891	0.01358	0.01824	0.50040	0.06486	0.31024	0.01171	0.00616	0.00169	0.00254	0.01013	0.00539	0.00471
35	0.01158	0.02406	0.56862	0.01639	0.03771	0.07684	0.15860	0.01687	0.01156	0.01623	0.00947	0.01147	0.00688	0.00487	0.00516	0.00164	0.00801	0.00425	0.00233	0.00744
36	0.00843	0.00574	0.00734	0.00699	0.00840	0.00537	0.00529	0.01117	0.04690	0.06517	0.55954	0.10989	0.08933	0.01107	0.00614	0.00172	0.00280	0.03794	0.00558	0.00519
37	0.02719	0.01050	0.01569	0.49632	0.19438	0.05327	0.01339	0.01414	0.02674	0.01451	0.01310	0.01642	0.07121	0.00578	0.00521	0.00167	0.00644	0.00508	0.00268	0.00627
38	0.83344	0.00996	0.00764	0.00684	0.01002	0.01152	0.00562	0.01518	0.00900	0.02331	0.02585	0.00919	0.00668	0.00497	0.00329	0.00161	0.00399	0.00298	0.00328	0.00562
39	0.01839	0.01359	0.01468	0.01133	0.01525	0.01483	0.00928	0.67215	0.02289	0.03085	0.05374	0.01443	0.01124	0.02848	0.00578	0.00163	0.00545	0.00495	0.00509	0.04597
40	0.01505	0.01249	0.04282	0.01032	0.01397	0.07572	0.00846	0.11427	0.32656	0.12488	0.03363	0.01655	0.02361	0.00626	0.00500	0.00150	0.00483	0.00503	0.00472	0.15434
41	0.01063	0.02565	0.71413	0.01555	0.02301	0.01220	0.09382	0.01651	0.01112	0.01651	0.00946	0.01130	0.00673	0.00489	0.00507	0.00166	0.00780	0.00408	0.00224	0.00763
42	0.00802	0.00550	0.00695	0.00648	0.00795	0.00497	0.00490	0.01026	0.01426	0.06089	0.61692	0.03967	0.17190	0.01085	0.00610	0.00166	0.00259	0.00946	0.00562	0.00504
43	0.01237	0.18360	0.45804	0.01439	0.03478	0.10238	0.07737	0.01673	0.01140	0.01517	0.00884	0.01058	0.00677	0.00492	0.00493	0.00153	0.02287	0.00380	0.00230	0.00722
44	0.00636	0.00457	0.00604	0.00718	0.00754	0.00425	0.00481	0.00731	0.01013	0.01348	0.04550	0.77476	0.05657	0.01610	0.00662	0.00209	0.00300	0.01458	0.00485	0.00425
45	0.69720	0.01075	0.00909	0.11287	0.01381	0.05375	0.00705	0.01534	0.00938	0.02146	0.00756	0.00923	0.00587	0.00491	0.00356	0.00161	0.00470	0.00309	0.00307	0.00568
46	0.00783	0.00496	0.00587	0.00587	0.00587	0.00496	0.00340	0.00743	0.00743	0.00991	0.01512	0.03088	0.01720	0.67689	0.02543	0.15296	0.00496	0.00704	0.00300	0.00300
47	0.49475	0.03241	0.17398	0.01064	0.04699	0.05385	0.03380	0.01661	0.01031	0.07222	0.00884	0.01003	0.00659	0.00496	0.00398	0.00160	0.00539	0.00341	0.00313	0.00649
48	0.01854	0.02327	0.01423	0.01310	0.01566	0.73103	0.00992	0.01997	0.01453	0.01298	0.00966	0.01345	0.00862	0.00611	0.00490	0.00143	0.00901	0.06478	0.00286	0.00593
49	0.50107	0.00962	0.00951	0.09275	0.01340	0.01074	0.00705	0.06205	0.02818	0.11504	0.07895	0.01420	0.02704	0.00589	0.00416	0.00163	0.00433	0.00424	0.00394	0.00621
50	0.00790	0.00811	0.08520	0.00930	0.06223	0.00621	0.02170	0.01048	0.01317	0.01802	0.40514	0.05903	0.20783	0.01052	0.00604	0.00172	0.00355	0.05372	0.00482	0.00531
51	0.00902	0.00568	0.00737	0.00680	0.00833	0.00515	0.00515	0.01128	0.01433	0.10593	0.60798	0.07383	0.09777	0.01063	0.00607	0.00167	0.00272	0.00932	0.00570	0.00529
52	0.03505	0.60623	0.13450	0.01000	0.01476	0.06579	0.01033	0.01642	0.01102	0.04372	0.00811	0.00917	0.00689	0.00467	0.00373	0.00124	0.00602	0.00307	0.00244	0.00685
53	0.01438	0.75464	0.02626	0.00928	0.01359	0.08445	0.00901	0.01602	0.01093	0.01229	0.00731	0.00844	0.00669	0.00453	0.00345	0.00113	0.00588	0.00283	0.00227	0.00663
54	0.00661	0.00524	0.00572	0.00566	0.00704	0.00459	0.00409	0.00800	0.01191	0.01505	0.20840	0.06642	0.50323	0.11474	0.00875	0.00216	0.00291	0.01031	0.00482	0.00435
55	0.00757	0.00505	0.00568	0.00568	0.00568	0.00505	0.00316	0.00757	0.00757	0.01010	0.01641	0.03408	0.01893	0.81698	0.02651	0.00505	0.00505	0.00757	0.00316	0.00316
56	0.00793	0.00541	0.00639	0.00640	0.00668	0.00553	0.00405	0.02691	0.00843	0.01129	0.01701	0.03435	0.01906	0.66118	0.09320	0.00504	0.00584	0.06840	0.00331	0.00357
57	0.00821	0.00553	0.00704	0.00657	0.00803	0.00501	0.00496	0.01045	0.01427	0.06891	0.61944	0.05395	0.14624	0.01083	0.00610	0.00166	0.00262	0.00947	0.00564	0.00508
58	0.01418	0.01018	0.01217	0.06593	0.01477	0.00935	0.00774	0.18851	0.01441	0.11890	0.01249	0.05515	0.01001	0.00550	0.00459	0.00120	0.00454	0.00447	0.00404	0.44185
59	0.85377	0.01007	0.00765	0.00685	0.01007	0.01168	0.00564	0.01531	0.00886	0.02336	0.00725	0.00846	0.00564	0.00483	0.00322	0.00161	0.00403	0.00282	0.00322	0.00564
60	0.00744	0.00558	0.00837	0.00837	0.00930	0.00651	0.00651	0.00930	0.00837	0.01209	0.01395	0.02046	0.01302	0.03906	0.79635	0.00837	0.01395	0.00558	0.00279	0.00465
61	0.01470	0.54268	0.06559	0.01028	0.01434	0.14596	0.00971	0.06170	0.01214	0.01407	0.02975	0.00991	0.00802	0.00510	0.00439	0.00127	0.03782	0.00331	0.00258	0.00668
62	0.00638	0.00509	0.00572	0.00597	0.00728	0.00443	0.00432	0.00776	0.01180	0.01486	0.15271	0.24643	0.48166	0.01363	0.00628	0.00183	0.00271	0.01175	0.00497	0.00443
63	0.01185	0.05666	0.11109	0.24520	0.07383	0.04635	0.04742	0.07576	0.01132	0.01536	0.00925	0.01277	0.00757	0.00841	0.06330	0.00224	0.18805	0.00451	0.00261	0.00645
64	0.85377	0.01007	0.00765	0.00685	0.01007	0.01168	0.00564	0.01531	0.00886	0.02336	0.00725	0.00846	0.00564	0.00483	0.00322	0.00161	0.00403	0.00282	0.00322	0.00564
65	0.01309	0.00973	0.01120	0.07464	0.01336	0.01069	0.00753	0.33053	0.05434	0.02096	0.01537	0.09081	0.01458	0.25237	0.05502	0.00306	0.00575	0.00656	0.00419	0.00622
66	0.00737	0.00532	0.00696	0.00655	0.00778	0.00491	0.00491	0.00983	0.01474	0.02088	0.78175	0.03890	0.04914	0.01065	0.00614	0.00164	0.00246	0.00942	0.00573	0.00491
67	0.00761	0.00554	0.00721	0.00691	0.00818	0.00522	0.00529	0.01039	0.03524	0.02047	0.69893	0.04000	0.04665	0.01086	0.00621	0.00170	0.00269	0.07025	0.00564	0.00499
68	0.02245	0.01033	0.01299	0.00996	0.01403	0.00983	0.00823	0.21549	0.01736	0.59452	0.01848	0.01639	0.01186	0.00640	0.00523	0.00160	0.00476	0.00510	0.00613	0.00886
69	0.01234	0.01391	0.02994	0.02277	0.08956	0.01310	0.70387	0.01662	0.01226	0.01671	0.01047	0.01395	0.00793	0.00441	0.00606	0.00174	0.00857	0.00602	0.00263	0.00712
70	0.85377	0.01007	0.00765	0.00685	0.01007	0.01168	0.00564	0.01531	0.00886	0.02336	0.00725	0.00846	0.00564	0.00483	0.00322	0.00161	0.00403	0.00282	0.00322	0.00564
71	0.01836	0.02321	0.01398	0.01275	0.01535	0.73090	0.00956	0.01970	0.01452	0.01285	0.01173	0.01274	0.07057	0.00601	0.00482	0.00138	0.00884	0.00398	0.00286	0.00590
72	0.01080	0.00926	0.01080	0.00771	0.01234	0.00694	0.00617	0.01311	0.01080	0.01697	0.00926	0.01080	0.00771	0.00386	0.00386	0.00077	0.00386	0.00309	0.00309	0.84882
73	0.00641	0.00528	0.00565	0.00563	0.00724	0.00451	0.00423	0.00794	0.01232	0.01527	0.17949	0.06982	0.61984	0.01285	0.00618	0.00176	0.00265	0.02346	0.00499	0.00449
74	0.00643	0.00460	0.00612	0.00719	0.00757	0.00429	0.00484	0.00747	0.01038	0.01394	0.09313	0.74730	0.03570	0.01583	0.00660	0.00207	0.00297	0.01434	0.00491	0.00429
75	0.85377	0.01007	0.00765	0.00685	0.01007	0.01168	0.00564	0.01531	0.00886	0.02336	0.00725	0.00846	0.00564	0.00483	0.00322	0.00161	0.00403	0.00282	0.00322	0.00564
76	0.00737	0.00532	0.00696	0.00655	0.00778	0.00491	0.00491	0.00983	0.01474	0.02088	0.78175	0.03890	0.04914	0.01065	0.00614	0.00164	0.00246	0.00942	0.00573	0.00491
77	0.01145	0.01255	0.05928	0.01474	0.01580	0.01541	0.10361	0.01325	0.00866	0.01325	0.00742	0.01170	0.00695	0.00832	0.01511	0.00218	0.66734	0.00471	0.00232	0.00597
78	0.00671	0.00521	0.00602	0.00613	0.00741	0.00464	0.00450	0.00826	0.01216	0.01568	0.24811	0.14759	0.39671	0.06225	0.00752	0.00201	0.00289	0.04676	0.00498	0.00446
79	0.00746	0.00549	0.00793	0.00793	0.00871	0.00627	0.00597	0.00902	0.00824	0.01177	0.01435	0.02267	0.01398	0.16512	0.67159	0.00783	0.01251	0.00590	0.00285	0.00441
80	0.00634	0.00453	0.00604	0.00725	0.00755	0.00423	0.00483	0.00725	0.00997	0.01329	0.02870	0.81358	0.03444	0.01632	0.00665	0.00211	0.00302	0.01480	0.00483	0.00423
81	0.00823	0.00672	0.00977	0.00931	0.01002	0.00833	0.00734	0.00987	0.00826	0.01209	0.01263	0.01923	0.01204	0.06605	0.60824	0.00701	0.17189	0.00546	0.00270	0.00480
82	0.01980	0.01459	0.01563	0.01198	0.01615	0.01615	0.00990	0.76713	0.02448	0.03282	0.01250	0.01250	0.00886	0.00625	0.00521	0.00156	0.00573	0.00469	0.00521	0.00886
83	0.01516	0.62196	0.03915	0.00990	0.01417	0.11481	0.00935	0.09617	0.01258	0.01458	0.00794	0.00897	0.00692	0.00477	0.00374	0.00120	0.00609	0.00308	0.00260	0.00685
84	0.01389	0.77424	0.05710	0.00923	0.01378	0.03454	0.00934	0.01572	0.01067	0.01243	0.00734	0.00848	0.00668	0.00449	0.00343	0.00114	0.00572	0.00284	0.00223	0.00671
85	0.00735	0.00531	0.00694	0.00657	0.00778	0.00490	0.00491	0.00977	0.01464	0.02072	0.76573	0.05538	0.04882	0.01077	0.00615	0.00165	0.00247	0.00953	0.00571	0.00490
86	0.02560	0.01003	0.01344	0.01371	0.13622	0.01042	0.06408	0.15335	0.16745	0.02038	0.08147	0.18741	0.04362	0.00862	0.00561	0.00171	0.00466	0.00767	0.00445	0.04008
87	0.01161	0.08897	0.53232	0.01511	0.08014	0.06339	0.01639	0.03129	0.02747	0.01631	0.01066	0.01425	0.00856	0.00562	0.00498	0.00163	0.00720	0.05416	0.00256	0.00739
88	0.00731	0.00533	0.00690	0.00675	0.00796	0.00492	0.00513	0.00958	0.01402	0.01950	0.62207	0.08673	0.10050	0.01147	0.00626	0.00174	0.00270	0.07077	0.00554	0.00483
89	0.01276	0.29671	0.14825	0.02477	0.01512	0.08601	0.01044	0.03629	0.01107	0.01447	0.01893	0.01132	0.00798	0.03725	0.00657	0.00150	0.10596	0.00365	0.00259	0.14835
90	0.00971	0.00485	0.00485	0.00485	0.00607	0.00485	0.00364	0.01213	0.01092	0.01942	0.01699	0.01942	0.01335	0.00607	0.00364	0.00121	0.00243	0.00485	0.84589	0.00485
91	0.01087	0.00917	0.01070	0.00785	0.01220	0.00713	0.00623	0.04162	0.01127	0.01735	0.01056	0.05946	0.00938	0.00470	0.00408	0.00088	0.00388	0.00386	0.00327	0.76554
92	0.01265	0.01471	0.05038	0.02201	0.10688	0.05517	0.59165	0.01665	0.01216	0.01633	0.01013	0.01347	0.00779	0.00468	0.00638	0.00173	0.04185	0.00570	0.00260	0.00707
