[name]
unknown

[dist]
# distance from previous block
# <min> <max>
24	245

[block]
# block no. 0 follows, 47 sequences, length 9
# corresponding to MSA columns:
# 273-281
name=unknown_A
#
# <colnr> <probs for GDERKNQSTAVLIFYWHMCP>
#	G	D	E	R	K	N	Q	S	T	A	V	L	I	F	Y	W	H	M	C	P
0	0.13986	0.22668	0.01709	0.04599	0.10333	0.02797	0.00938	0.13746	0.01312	0.08692	0.04874	0.01295	0.01006	0.00731	0.04340	0.00183	0.05327	0.00419	0.00349	0.00696
1	0.01536	0.01193	0.01595	0.10565	0.04674	0.01230	0.09771	0.31920	0.04606	0.07732	0.05065	0.01453	0.01087	0.00572	0.00514	0.00149	0.00562	0.00490	0.00423	0.14862
2	0.01472	0.01180	0.01407	0.07904	0.01663	0.01266	0.04693	0.33784	0.17602	0.02419	0.01631	0.01832	0.04853	0.00673	0.00526	0.00159	0.00522	0.04650	0.00454	0.11309
3	0.00986	0.05559	0.01034	0.02131	0.01090	0.00771	0.00650	0.03992	0.01134	0.04525	0.07654	0.28175	0.04918	0.00978	0.00623	0.00158	0.06425	0.02905	0.00406	0.25884
4	0.00761	0.00560	0.00683	0.00688	0.00704	0.00597	0.00447	0.00801	0.00840	0.01131	0.02008	0.21963	0.05768	0.50135	0.01978	0.00390	0.08903	0.00915	0.00355	0.00374
5	0.15169	0.01446	0.06390	0.01372	0.01821	0.01447	0.19123	0.42138	0.01824	0.02645	0.01100	0.01213	0.00798	0.00550	0.00510	0.00162	0.00631	0.00469	0.00409	0.00783
6	0.01521	0.01317	0.01371	0.01134	0.01379	0.10191	0.00916	0.35463	0.01702	0.02234	0.06062	0.01804	0.09235	0.03139	0.00878	0.00184	0.19812	0.00554	0.00415	0.00691
7	0.00912	0.09263	0.00960	0.00690	0.00946	0.00769	0.00552	0.08727	0.01301	0.01672	0.09616	0.07796	0.41315	0.01024	0.00547	0.00154	0.00344	0.00848	0.00443	0.12121
8	0.10103	0.00898	0.01171	0.05182	0.11935	0.00940	0.00935	0.13755	0.01368	0.07736	0.01916	0.09520	0.01887	0.00980	0.00588	0.00195	0.00500	0.29320	0.00440	0.00634

[dist]
# distance from previous block
# <min> <max>
0	1

[block]
# block no. 1 follows, 47 sequences, length 10
# corresponding to MSA columns:
# 283-292
name=unknown_B
#
# <colnr> <probs for GDERKNQSTAVLIFYWHMCP>
#	G	D	E	R	K	N	Q	S	T	A	V	L	I	F	Y	W	H	M	C	P
0	0.01261	0.01404	0.10936	0.03000	0.69707	0.01234	0.01636	0.01604	0.01176	0.01695	0.00974	0.01267	0.00806	0.00468	0.00513	0.00156	0.00636	0.00455	0.00253	0.00819
1	0.00837	0.00673	0.01050	0.00892	0.00995	0.00653	0.14899	0.00929	0.00867	0.01162	0.01631	0.09494	0.01811	0.59525	0.02097	0.00418	0.00559	0.00790	0.00320	0.00398
2	0.01297	0.00871	0.01060	0.09977	0.01388	0.02679	0.00758	0.13876	0.03728	0.15336	0.24698	0.02754	0.10214	0.02195	0.00596	0.00170	0.00427	0.03632	0.00502	0.03841
3	0.01181	0.01325	0.10512	0.19405	0.31987	0.07097	0.01355	0.04842	0.01206	0.01615	0.03938	0.08921	0.01186	0.02503	0.00578	0.00172	0.00629	0.00564	0.00294	0.00689
4	0.06990	0.04310	0.15954	0.00889	0.01210	0.00857	0.00847	0.07060	0.02862	0.05107	0.42163	0.02612	0.02983	0.00812	0.00540	0.00159	0.00410	0.00684	0.00464	0.03085
5	0.07027	0.30013	0.05218	0.01202	0.09617	0.05775	0.00958	0.13844	0.01379	0.12220	0.01378	0.01415	0.06720	0.00580	0.00445	0.00142	0.00549	0.00433	0.00361	0.00726
6	0.12580	0.18246	0.11804	0.05384	0.03121	0.03176	0.00983	0.13782	0.01320	0.10307	0.01051	0.01183	0.00807	0.02667	0.00490	0.00149	0.00549	0.00382	0.00346	0.11672
7	0.03732	0.01139	0.01283	0.17278	0.08516	0.10052	0.00939	0.16841	0.01414	0.04960	0.05025	0.01618	0.01144	0.06767	0.00647	0.00174	0.00559	0.00483	0.10025	0.07401
8	0.13616	0.05875	0.25587	0.17244	0.05141	0.06280	0.05602	0.01561	0.03121	0.01641	0.01101	0.01309	0.03987	0.00539	0.00498	0.00160	0.02252	0.00427	0.00268	0.03791
9	0.03850	0.05343	0.23209	0.02606	0.14089	0.05833	0.08209	0.10092	0.02804	0.01823	0.04163	0.02888	0.07033	0.00620	0.00539	0.00161	0.02469	0.00521	0.03039	0.00708

[dist]
# distance from previous block
# <min> <max>
31	165

[block]
# block no. 2 follows, 47 sequences, length 28
# corresponding to MSA columns:
# 463-490
name=unknown_C
#
# <colnr> <probs for GDERKNQSTAVLIFYWHMCP>
#	G	D	E	R	K	N	Q	S	T	A	V	L	I	F	Y	W	H	M	C	P
0	0.06978	0.04003	0.30177	0.01203	0.05001	0.00987	0.05601	0.03792	0.01254	0.03230	0.23558	0.02027	0.03883	0.00675	0.00519	0.00158	0.00538	0.00572	0.00363	0.05482
1	0.05587	0.01128	0.06023	0.01190	0.09624	0.06014	0.00874	0.15884	0.06220	0.08320	0.06135	0.15892	0.03389	0.03289	0.00599	0.00178	0.00488	0.02728	0.04444	0.01993
2	0.01364	0.50633	0.03577	0.01115	0.07687	0.08028	0.00929	0.01591	0.03049	0.02388	0.04460	0.01100	0.00923	0.00493	0.00408	0.00120	0.01679	0.00348	0.00268	0.09838
3	0.05456	0.31136	0.05133	0.02214	0.01319	0.02374	0.00826	0.14204	0.02322	0.03111	0.05960	0.04059	0.09506	0.00650	0.00446	0.00136	0.00488	0.00495	0.00356	0.09809
4	0.10469	0.40812	0.05219	0.00938	0.01301	0.04112	0.00865	0.06434	0.01116	0.01550	0.02672	0.01157	0.00857	0.05514	0.00637	0.00156	0.07981	0.00362	0.00276	0.07572
5	0.10744	0.11484	0.01027	0.00727	0.00970	0.03194	0.00587	0.04003	0.01243	0.01764	0.22363	0.08831	0.19163	0.00925	0.00520	0.00155	0.00366	0.02676	0.00432	0.08828
6	0.01054	0.00705	0.00853	0.00789	0.00963	0.00681	0.00578	0.10661	0.04095	0.08860	0.12905	0.32607	0.03771	0.10486	0.00826	0.00213	0.00376	0.00960	0.00482	0.08133
7	0.51710	0.07769	0.03142	0.03102	0.11123	0.01270	0.03259	0.01679	0.09296	0.02083	0.00930	0.01059	0.00730	0.00502	0.00389	0.00159	0.00476	0.00356	0.00322	0.00644
8	0.01067	0.00908	0.01051	0.00799	0.01208	0.00737	0.00629	0.01421	0.09389	0.01719	0.01216	0.07783	0.01080	0.00523	0.00424	0.00099	0.00382	0.00436	0.00347	0.68782
9	0.01143	0.08336	0.67175	0.01430	0.02135	0.07724	0.01775	0.01678	0.01128	0.01588	0.00909	0.01067	0.00661	0.00495	0.00481	0.00159	0.00768	0.00373	0.00224	0.00749
10	0.08275	0.01127	0.01173	0.01040	0.01343	0.01293	0.00821	0.10647	0.60127	0.02288	0.01934	0.01927	0.01482	0.00707	0.00519	0.00176	0.00431	0.03382	0.00510	0.00796
11	0.01173	0.00922	0.01143	0.09454	0.01498	0.00750	0.00720	0.01414	0.01109	0.08006	0.01019	0.01170	0.00806	0.00422	0.00412	0.00095	0.00424	0.00343	0.00328	0.68794
12	0.30871	0.01147	0.09467	0.00913	0.01266	0.01050	0.00817	0.10445	0.07569	0.15026	0.08157	0.05587	0.01435	0.00691	0.00473	0.00168	0.00454	0.03341	0.00441	0.00682
13	0.03827	0.00857	0.01002	0.00977	0.01192	0.00928	0.00808	0.07898	0.26932	0.03132	0.07089	0.03812	0.03582	0.01058	0.00615	0.00202	0.00444	0.34507	0.00503	0.00638
14	0.01172	0.01140	0.02048	0.42447	0.02979	0.01260	0.26244	0.09633	0.01249	0.01653	0.01028	0.02670	0.00791	0.00534	0.00587	0.00174	0.02933	0.00530	0.00277	0.00650
15	0.01194	0.00882	0.01082	0.05292	0.01335	0.00721	0.00675	0.03156	0.01149	0.10709	0.01277	0.09918	0.01121	0.00565	0.00443	0.00109	0.00405	0.00474	0.00368	0.59126
16	0.06545	0.09523	0.01021	0.03346	0.01009	0.00855	0.00611	0.07418	0.01149	0.03611	0.13606	0.23142	0.02347	0.16377	0.04523	0.00267	0.02893	0.00835	0.00409	0.00512
17	0.00969	0.00706	0.02703	0.00719	0.00951	0.00600	0.00573	0.01264	0.05546	0.10102	0.40536	0.03320	0.16978	0.00942	0.00567	0.00155	0.00311	0.00809	0.00519	0.11729
18	0.01296	0.01061	0.01194	0.00894	0.01329	0.00957	0.00719	0.17607	0.09689	0.02089	0.01125	0.01210	0.00885	0.00472	0.00430	0.00105	0.00429	0.00373	0.00378	0.57758
19	0.19992	0.00968	0.01431	0.53010	0.02786	0.01175	0.04693	0.01385	0.01004	0.01582	0.00891	0.01266	0.00683	0.00531	0.00539	0.00173	0.04794	0.00429	0.02091	0.00578
20	0.02871	0.00718	0.00735	0.00786	0.00869	0.09087	0.00548	0.00991	0.01081	0.04326	0.07572	0.52701	0.02930	0.09112	0.00819	0.00226	0.00400	0.03315	0.00452	0.00460
21	0.01289	0.01237	0.02114	0.03196	0.78450	0.01237	0.01598	0.01598	0.01186	0.01701	0.00980	0.01289	0.00825	0.00464	0.00516	0.00155	0.00619	0.00464	0.00258	0.00825
22	0.00983	0.00926	0.01562	0.80447	0.03587	0.01157	0.01446	0.01331	0.01041	0.01331	0.00926	0.01388	0.00694	0.00521	0.00521	0.00174	0.00694	0.00463	0.00231	0.00579
23	0.00808	0.02276	0.00737	0.00650	0.00821	0.00599	0.00495	0.07326	0.01399	0.01847	0.36985	0.04037	0.34128	0.04761	0.00693	0.00182	0.00299	0.00944	0.00514	0.00500
24	0.01118	0.01212	0.02526	0.15874	0.02652	0.01188	0.54665	0.01502	0.01170	0.01570	0.01236	0.10444	0.01073	0.00588	0.00604	0.00179	0.00780	0.00686	0.00283	0.00649
25	0.03300	0.25875	0.44189	0.01305	0.01908	0.03831	0.06115	0.01610	0.01106	0.01536	0.02872	0.01102	0.00779	0.00499	0.00473	0.00150	0.02018	0.00379	0.00237	0.00715
26	0.02676	0.45986	0.13561	0.01005	0.01446	0.06106	0.01005	0.01729	0.09430	0.05031	0.02435	0.01253	0.03234	0.00619	0.02368	0.00152	0.00593	0.00386	0.00295	0.00690
27	0.13758	0.01180	0.10871	0.03625	0.01471	0.04291	0.11753	0.07109	0.03046	0.01844	0.08237	0.05559	0.14141	0.02775	0.00580	0.00176	0.00521	0.03287	0.04001	0.01775

[dist]
# distance from previous block
# <min> <max>
4	12

[block]
# block no. 3 follows, 47 sequences, length 12
# corresponding to MSA columns:
# 504-515
name=unknown_D
#
# <colnr> <probs for GDERKNQSTAVLIFYWHMCP>
#	G	D	E	R	K	N	Q	S	T	A	V	L	I	F	Y	W	H	M	C	P
0	0.01440	0.01158	0.01306	0.01037	0.01368	0.04539	0.04837	0.34092	0.04079	0.02258	0.01381	0.08960	0.01239	0.11295	0.00788	0.00191	0.00527	0.00573	0.00421	0.18510
1	0.01082	0.00832	0.00903	0.00865	0.01026	0.05001	0.00637	0.15998	0.06921	0.04276	0.07192	0.42657	0.05493	0.03736	0.00669	0.00197	0.00404	0.01053	0.00488	0.00569
2	0.03787	0.00673	0.00928	0.04240	0.01095	0.00660	0.05995	0.03477	0.04377	0.01472	0.04330	0.31217	0.07483	0.08722	0.00951	0.09911	0.00421	0.03388	0.00399	0.06474
3	0.15632	0.25653	0.01687	0.01096	0.04508	0.27714	0.00871	0.05187	0.01277	0.04297	0.05051	0.01133	0.00935	0.00536	0.00416	0.00136	0.00635	0.00364	0.02234	0.00639
4	0.01703	0.01244	0.01306	0.01046	0.01399	0.07114	0.00838	0.40541	0.01870	0.12094	0.03383	0.11638	0.01334	0.00731	0.00521	0.00152	0.00518	0.00587	0.00487	0.11493
5	0.13372	0.01751	0.01508	0.05057	0.05022	0.32449	0.05045	0.22887	0.04618	0.02063	0.00997	0.01115	0.00767	0.00552	0.00478	0.00151	0.00713	0.00402	0.00355	0.00700
6	0.01289	0.01237	0.02114	0.03196	0.78450	0.01237	0.01598	0.01598	0.01186	0.01701	0.00980	0.01289	0.00825	0.00464	0.00516	0.00155	0.00619	0.00464	0.00258	0.00825
7	0.01076	0.01020	0.01728	0.57150	0.26163	0.01181	0.01492	0.01411	0.01085	0.01442	0.00942	0.01358	0.00734	0.00504	0.00519	0.00168	0.00671	0.00463	0.00239	0.00653
8	0.00904	0.00655	0.00972	0.07725	0.01236	0.00627	0.06579	0.01121	0.01250	0.08172	0.24817	0.19212	0.14504	0.01125	0.00620	0.00185	0.00390	0.08895	0.00484	0.00526
9	0.01260	0.01208	0.02061	0.10555	0.71319	0.01230	0.01584	0.01573	0.01172	0.01666	0.00974	0.01298	0.00812	0.00469	0.00516	0.00156	0.00626	0.00464	0.00255	0.00801
10	0.01108	0.00823	0.00943	0.00859	0.01054	0.00843	0.00654	0.21929	0.04558	0.01928	0.04024	0.22432	0.07345	0.13914	0.00917	0.00232	0.00435	0.09104	0.00459	0.06437
11	0.01068	0.03088	0.04099	0.00857	0.01017	0.03685	0.00671	0.03343	0.01158	0.13736	0.05423	0.45057	0.04434	0.02778	0.00700	0.00199	0.04183	0.03482	0.00472	0.00548

[dist]
# distance from previous block
# <min> <max>
10	67

[block]
# block no. 4 follows, 47 sequences, length 137
# corresponding to MSA columns:
# 583-719
name=unknown_E
#
# <colnr> <probs for GDERKNQSTAVLIFYWHMCP>
#	G	D	E	R	K	N	Q	S	T	A	V	L	I	F	Y	W	H	M	C	P
0	0.01337	0.06658	0.17996	0.03147	0.01490	0.01085	0.02621	0.16803	0.04636	0.11450	0.11354	0.04007	0.01616	0.10357	0.02977	0.00220	0.00566	0.00578	0.00414	0.00689
1	0.01419	0.20541	0.30338	0.01204	0.01723	0.10236	0.01275	0.15686	0.01404	0.04352	0.01209	0.01353	0.04428	0.00576	0.00471	0.00149	0.00662	0.01929	0.00314	0.00732
2	0.01431	0.00973	0.07705	0.00949	0.01264	0.00822	0.00836	0.04770	0.12191	0.27022	0.09249	0.04468	0.07634	0.00900	0.00576	0.00180	0.00444	0.15544	0.00525	0.02516
3	0.10962	0.01047	0.01224	0.16883	0.01754	0.03147	0.00905	0.07312	0.25765	0.19433	0.03230	0.01710	0.03092	0.00642	0.00505	0.00168	0.00492	0.00519	0.00465	0.00742
4	0.01902	0.01350	0.01479	0.02937	0.01594	0.01481	0.00955	0.60788	0.08747	0.09573	0.01468	0.01433	0.02535	0.00645	0.00524	0.00159	0.00545	0.00496	0.00525	0.00865
5	0.01289	0.01237	0.02114	0.03196	0.78450	0.01237	0.01598	0.01598	0.01186	0.01701	0.00980	0.01289	0.00825	0.00464	0.00516	0.00155	0.00619	0.00464	0.00258	0.00825
6	0.00757	0.00505	0.00568	0.00568	0.00568	0.00505	0.00316	0.00757	0.00757	0.01010	0.01641	0.03408	0.01893	0.81698	0.02651	0.00505	0.00505	0.00757	0.00316	0.00316
7	0.01068	0.08013	0.73885	0.01445	0.02192	0.01267	0.01855	0.01643	0.01097	0.01621	0.00920	0.01082	0.00660	0.00491	0.00484	0.00161	0.00755	0.00378	0.00220	0.00763
8	0.00905	0.00452	0.00678	0.00678	0.00678	0.00452	0.00452	0.00678	0.00678	0.00905	0.00905	0.01583	0.00905	0.01809	0.02035	0.84848	0.00452	0.00452	0.00226	0.00226
9	0.00645	0.00461	0.00617	0.00737	0.00772	0.00432	0.00502	0.00744	0.01008	0.01341	0.02864	0.77389	0.03421	0.01621	0.00668	0.00213	0.00311	0.05343	0.00483	0.00426
10	0.01462	0.25470	0.08606	0.01178	0.01485	0.28310	0.01038	0.01712	0.05177	0.01340	0.00953	0.05361	0.00870	0.00638	0.00656	0.00152	0.14272	0.00419	0.00269	0.00633
11	0.01095	0.00936	0.01098	0.02252	0.01285	0.00720	0.00640	0.02754	0.01105	0.01721	0.00932	0.01089	0.00772	0.00393	0.00391	0.00080	0.00395	0.00314	0.00311	0.81717
12	0.01872	0.01399	0.01472	0.01154	0.01532	0.04080	0.00939	0.66600	0.02271	0.04205	0.01355	0.06083	0.01064	0.02785	0.00583	0.00168	0.00565	0.00533	0.00507	0.00834
13	0.01307	0.01264	0.01828	0.33129	0.14126	0.10583	0.13627	0.05596	0.05093	0.05059	0.01108	0.02991	0.00865	0.00544	0.00533	0.00166	0.00702	0.00503	0.00299	0.00678
14	0.00642	0.00540	0.00577	0.00599	0.02117	0.00461	0.00436	0.00787	0.01204	0.01464	0.10562	0.06742	0.67980	0.01294	0.00617	0.00177	0.00274	0.02591	0.00486	0.00451
15	0.01076	0.01020	0.01730	0.56983	0.26325	0.01181	0.01492	0.01412	0.01085	0.01443	0.00942	0.01358	0.00734	0.00503	0.00519	0.00168	0.00671	0.00463	0.00239	0.00653
16	0.01392	0.82012	0.02729	0.00891	0.01337	0.02061	0.00891	0.01559	0.01058	0.01225	0.00724	0.00835	0.00668	0.00446	0.00334	0.00111	0.00557	0.00278	0.00223	0.00668
17	0.04048	0.00908	0.01202	0.00926	0.01324	0.00807	0.00764	0.05882	0.01516	0.72258	0.02051	0.01790	0.02716	0.00653	0.00521	0.00161	0.00445	0.00527	0.00629	0.00871
18	0.01834	0.04466	0.05577	0.01363	0.03186	0.69267	0.01058	0.02001	0.01430	0.01311	0.00878	0.01115	0.00750	0.00560	0.00477	0.00139	0.00899	0.02805	0.00271	0.00615
19	0.45044	0.01006	0.01213	0.29572	0.11221	0.01173	0.01004	0.01467	0.00978	0.01900	0.00827	0.01094	0.00642	0.00494	0.00417	0.00165	0.00533	0.00369	0.00282	0.00600
20	0.00976	0.00917	0.01540	0.78764	0.03526	0.01142	0.01424	0.01318	0.01044	0.01332	0.01017	0.01465	0.02327	0.00537	0.00523	0.00174	0.00685	0.00476	0.00237	0.00576
21	0.00989	0.00922	0.01549	0.73424	0.06483	0.01133	0.01423	0.01329	0.01055	0.01357	0.01018	0.01605	0.00813	0.00563	0.00530	0.00176	0.00681	0.04124	0.00245	0.00584
22	0.01087	0.00904	0.01062	0.00773	0.01215	0.00684	0.00614	0.01312	0.01085	0.03302	0.01034	0.04594	0.00899	0.00445	0.00401	0.00085	0.00383	0.00364	0.00323	0.79434
23	0.27963	0.23835	0.03193	0.02362	0.01330	0.13335	0.00818	0.10850	0.02917	0.03392	0.00916	0.01021	0.00730	0.00514	0.00390	0.00141	0.00554	0.00339	0.04749	0.00651
24	0.01418	0.65101	0.02478	0.00989	0.01367	0.09607	0.00930	0.01576	0.01070	0.01233	0.00727	0.00880	0.00670	0.00507	0.00502	0.00127	0.09635	0.00304	0.00228	0.00651
25	0.01145	0.00934	0.01094	0.00785	0.01245	0.00715	0.00630	0.02800	0.01122	0.04687	0.00975	0.01110	0.00793	0.00400	0.00394	0.00082	0.00391	0.00320	0.00325	0.80051
26	0.00727	0.00477	0.00635	0.00732	0.00782	0.00443	0.00495	0.00821	0.01018	0.05397	0.02802	0.75535	0.03298	0.03263	0.00699	0.00215	0.00314	0.01415	0.00488	0.00445
27	0.00744	0.00558	0.00837	0.00837	0.00930	0.00651	0.00651	0.00930	0.00837	0.01209	0.01395	0.02046	0.01302	0.03906	0.79635	0.00837	0.01395	0.00558	0.00279	0.00465
28	0.01392	0.82012	0.02729	0.00891	0.01337	0.02061	0.00891	0.01559	0.01058	0.01225	0.00724	0.00835	0.00668	0.00446	0.00334	0.00111	0.00557	0.00278	0.00223	0.00668
29	0.01221	0.01264	0.06087	0.16631	0.59200	0.01224	0.03676	0.01556	0.01157	0.01633	0.00970	0.01300	0.00792	0.00475	0.00518	0.00159	0.00647	0.00464	0.00251	0.00775
30	0.01169	0.01076	0.01689	0.43999	0.18183	0.01232	0.04973	0.06593	0.12597	0.01677	0.01142	0.01443	0.00872	0.00540	0.00526	0.00169	0.00638	0.00490	0.00302	0.00691
31	0.01309	0.01125	0.01185	0.01063	0.01359	0.01302	0.00828	0.04221	0.76033	0.02200	0.02102	0.01929	0.01576	0.00705	0.00530	0.00176	0.00415	0.00586	0.00530	0.00825
32	0.00634	0.00455	0.00603	0.00721	0.00754	0.00423	0.00481	0.00726	0.01001	0.01331	0.02923	0.79692	0.05077	0.01625	0.00664	0.00211	0.00301	0.01472	0.00483	0.00423
33	0.00796	0.00619	0.00874	0.00845	0.00907	0.00738	0.00640	0.00933	0.00815	0.01172	0.01359	0.02225	0.01352	0.20217	0.53388	0.00690	0.11117	0.00588	0.00280	0.00446
34	0.00619	0.00526	0.00533	0.00535	0.00706	0.00441	0.00400	0.00753	0.01191	0.01423	0.07155	0.06431	0.74883	0.01318	0.00616	0.00176	0.00264	0.01102	0.00486	0.00441
35	0.01080	0.00926	0.01080	0.00771	0.01234	0.00694	0.00617	0.01311	0.01080	0.01697	0.00926	0.01080	0.00771	0.00386	0.00386	0.00077	0.00386	0.00309	0.00309	0.84882
36	0.01130	0.00951	0.01123	0.00817	0.01253	0.00768	0.00658	0.03430	0.01110	0.03094	0.00942	0.01100	0.00779	0.00425	0.00461	0.00089	0.04617	0.00325	0.00316	0.76611
37	0.01354	0.73252	0.11152	0.00957	0.01438	0.01967	0.01005	0.01569	0.01063	0.01272	0.00747	0.00865	0.00667	0.00451	0.00352	0.00117	0.00580	0.00290	0.00222	0.00679
38	0.01691	0.00771	0.01017	0.00830	0.01125	0.00694	0.00666	0.04007	0.03041	0.45806	0.29230	0.02600	0.04588	0.00813	0.00558	0.00163	0.00371	0.00687	0.00609	0.00733
39	0.00660	0.00463	0.00605	0.00707	0.00735	0.00438	0.00467	0.00736	0.00962	0.01282	0.02662	0.67609	0.03175	0.12708	0.00965	0.01779	0.00336	0.02848	0.00455	0.00406
40	0.01247	0.01169	0.01817	0.32926	0.34238	0.03356	0.02788	0.08903	0.01242	0.01677	0.00966	0.01309	0.00768	0.00527	0.00581	0.00166	0.04870	0.00463	0.00272	0.00713
41	0.01305	0.01275	0.02030	0.03005	0.71472	0.04675	0.01528	0.01635	0.03295	0.01690	0.01085	0.01362	0.02309	0.00490	0.00516	0.00155	0.00620	0.00474	0.00270	0.00808
42	0.00826	0.00588	0.00815	0.00928	0.01038	0.00587	0.00796	0.01046	0.01167	0.01520	0.02704	0.09074	0.02959	0.05667	0.00818	0.00252	0.00473	0.67803	0.00471	0.00468
43	0.01912	0.01425	0.01525	0.01185	0.01589	0.01583	0.00974	0.69435	0.09837	0.03173	0.01336	0.01318	0.00955	0.00633	0.00522	0.00158	0.00557	0.00481	0.00522	0.00880
44	0.02201	0.00917	0.01204	0.00944	0.01333	0.00834	0.00773	0.02568	0.11385	0.68836	0.02063	0.01795	0.01328	0.00653	0.00525	0.00163	0.00439	0.00532	0.00630	0.00878
45	0.01953	0.01433	0.01535	0.01180	0.01589	0.01586	0.00974	0.74757	0.02413	0.03247	0.01262	0.01268	0.00897	0.00625	0.00517	0.00155	0.00564	0.00469	0.02699	0.00875
46	0.01229	0.01405	0.03073	0.02195	0.02722	0.01317	0.76558	0.01668	0.01229	0.01668	0.01054	0.01405	0.00790	0.00439	0.00615	0.00176	0.00878	0.00615	0.00263	0.00702
47	0.01244	0.01204	0.01994	0.18000	0.62448	0.02872	0.01557	0.01557	0.01164	0.01621	0.00966	0.01301	0.00797	0.00476	0.00516	0.00158	0.00640	0.00461	0.00253	0.00773
48	0.01229	0.01405	0.03073	0.02195	0.02722	0.01317	0.76558	0.01668	0.01229	0.01668	0.01054	0.01405	0.00790	0.00439	0.00615	0.00176	0.00878	0.00615	0.00263	0.00702
49	0.00744	0.00558	0.00837	0.00837	0.00930	0.00651	0.00651	0.00930	0.00837	0.01209	0.01395	0.02046	0.01302	0.03906	0.79635	0.00837	0.01395	0.00558	0.00279	0.00465
50	0.00905	0.00452	0.00678	0.00678	0.00678	0.00452	0.00452	0.00678	0.00678	0.00905	0.00905	0.01583	0.00905	0.01809	0.02035	0.84848	0.00452	0.00452	0.00226	0.00226
51	0.06895	0.16103	0.01644	0.01109	0.01481	0.13529	0.00919	0.34167	0.15052	0.02352	0.01206	0.01224	0.00917	0.00585	0.00469	0.00149	0.00587	0.00423	0.00418	0.00773
52	0.00817	0.00630	0.02368	0.00695	0.00858	0.00566	0.00541	0.01139	0.07023	0.04503	0.55901	0.05826	0.15016	0.01064	0.00604	0.00168	0.00280	0.00927	0.00550	0.00526
53	0.01289	0.01237	0.02114	0.03196	0.78450	0.01237	0.01598	0.01598	0.01186	0.01701	0.00980	0.01289	0.00825	0.00464	0.00516	0.00155	0.00619	0.00464	0.00258	0.00825
54	0.01231	0.00746	0.00789	0.02621	0.00939	0.00792	0.00551	0.20634	0.01440	0.02271	0.01565	0.01750	0.01204	0.00609	0.00408	0.00132	0.00339	0.00481	0.60908	0.00591
55	0.01263	0.01451	0.07924	0.02565	0.36206	0.03454	0.36016	0.01647	0.01208	0.01671	0.01006	0.01319	0.00793	0.00457	0.00558	0.00164	0.00757	0.00524	0.00258	0.00759
56	0.00768	0.00597	0.00850	0.00847	0.00944	0.02242	0.00658	0.00953	0.00850	0.01210	0.01383	0.02024	0.01289	0.03838	0.78039	0.00823	0.01386	0.00553	0.00279	0.00468
57	0.00826	0.00593	0.00823	0.00939	0.01058	0.00589	0.00815	0.01058	0.01193	0.01547	0.02842	0.07948	0.05436	0.01440	0.00714	0.00237	0.00468	0.70517	0.00480	0.00477
58	0.01392	0.82012	0.02729	0.00891	0.01337	0.02061	0.00891	0.01559	0.01058	0.01225	0.00724	0.00835	0.00668	0.00446	0.00334	0.00111	0.00557	0.00278	0.00223	0.00668
59	0.00757	0.00581	0.00698	0.00660	0.00810	0.00548	0.00498	0.01081	0.07918	0.01937	0.54683	0.03985	0.21707	0.01093	0.00607	0.00168	0.00264	0.00948	0.00549	0.00508
60	0.00711	0.00512	0.00672	0.00673	0.00772	0.00474	0.00489	0.00916	0.01351	0.01892	0.58690	0.23935	0.04533	0.01211	0.00627	0.00176	0.00260	0.01081	0.00550	0.00474
61	0.00641	0.00464	0.00607	0.00715	0.00761	0.00431	0.00487	0.00742	0.01028	0.01360	0.04881	0.71898	0.08931	0.01590	0.00661	0.00208	0.00303	0.03380	0.00486	0.00427
62	0.00757	0.00505	0.00568	0.00568	0.00568	0.00505	0.00316	0.00757	0.00757	0.01010	0.01641	0.03408	0.01893	0.81698	0.02651	0.00505	0.00505	0.00757	0.00316	0.00316
63	0.00757	0.00505	0.00568	0.00568	0.00568	0.00505	0.00316	0.00757	0.00757	0.01010	0.01641	0.03408	0.01893	0.81698	0.02651	0.00505	0.00505	0.00757	0.00316	0.00316
64	0.01289	0.01237	0.02114	0.03196	0.78450	0.01237	0.01598	0.01598	0.01186	0.01701	0.00980	0.01289	0.00825	0.00464	0.00516	0.00155	0.00619	0.00464	0.00258	0.00825
65	0.00737	0.00532	0.00696	0.00655	0.00778	0.00491	0.00491	0.00983	0.01474	0.02088	0.78175	0.03890	0.04914	0.01065	0.00614	0.00164	0.00246	0.00942	0.00573	0.00491
66	0.83365	0.01005	0.00784	0.02586	0.01069	0.01168	0.00585	0.01526	0.00890	0.02313	0.00730	0.00859	0.00567	0.00484	0.00327	0.00161	0.00410	0.00286	0.00320	0.00564
67	0.01289	0.01237	0.02114	0.03196	0.78450	0.01237	0.01598	0.01598	0.01186	0.01701	0.00980	0.01289	0.00825	0.00464	0.00516	0.00155	0.00619	0.00464	0.00258	0.00825
68	0.00757	0.00505	0.00568	0.00568	0.00568	0.00505	0.00316	0.00757	0.00757	0.01010	0.01641	0.03408	0.01893	0.81698	0.02651	0.00505	0.00505	0.00757	0.00316	0.00316
69	0.00744	0.00558	0.00837	0.00837	0.00930	0.00651	0.00651	0.00930	0.00837	0.01209	0.01395	0.02046	0.01302	0.03906	0.79635	0.00837	0.01395	0.00558	0.00279	0.00465
70	0.01045	0.02694	0.79000	0.01484	0.02254	0.01209	0.01924	0.01649	0.01099	0.01649	0.00935	0.01099	0.00660	0.00495	0.00495	0.00165	0.00770	0.00385	0.00220	0.00770
71	0.00634	0.00453	0.00604	0.00725	0.00755	0.00423	0.00483	0.00725	0.00997	0.01329	0.02870	0.81358	0.03444	0.01632	0.00665	0.00211	0.00302	0.01480	0.00483	0.00423
72	0.00744	0.00558	0.00837	0.00837	0.00930	0.00651	0.00651	0.00930	0.00837	0.01209	0.01395	0.02046	0.01302	0.03906	0.79635	0.00837	0.01395	0.00558	0.00279	0.00465
73	0.01045	0.02694	0.79000	0.01484	0.02254	0.01209	0.01924	0.01649	0.01099	0.01649	0.00935	0.01099	0.00660	0.00495	0.00495	0.00165	0.00770	0.00385	0.00220	0.00770
74	0.00676	0.00501	0.00689	0.00760	0.00824	0.00468	0.02561	0.00798	0.01057	0.01406	0.08657	0.61091	0.07621	0.04171	0.00726	0.00217	0.00330	0.06532	0.00478	0.00437
75	0.01392	0.82012	0.02729	0.00891	0.01337	0.02061	0.00891	0.01559	0.01058	0.01225	0.00724	0.00835	0.00668	0.00446	0.00334	0.00111	0.00557	0.00278	0.00223	0.00668
76	0.02336	0.00886	0.01209	0.00927	0.01329	0.00765	0.00765	0.02538	0.01491	0.78810	0.02055	0.01773	0.01289	0.00645	0.00524	0.00161	0.00443	0.00524	0.00645	0.00886
77	0.01067	0.07900	0.73994	0.01445	0.02194	0.01265	0.01856	0.01643	0.01097	0.01621	0.00921	0.01082	0.00660	0.00492	0.00484	0.00161	0.00756	0.00378	0.00220	0.00763
78	0.00627	0.00523	0.00547	0.00552	0.00713	0.00443	0.00410	0.00766	0.01199	0.01461	0.11432	0.10195	0.66706	0.01318	0.00619	0.00177	0.00265	0.01112	0.00491	0.00443
79	0.85377	0.01007	0.00765	0.00685	0.01007	0.01168	0.00564	0.01531	0.00886	0.02336	0.00725	0.00846	0.00564	0.00483	0.00322	0.00161	0.00403	0.00282	0.00322	0.00564
80	0.01164	0.01211	0.01993	0.01590	0.01732	0.01520	0.21432	0.01365	0.00914	0.01365	0.00783	0.01211	0.00712	0.00784	0.01415	0.00214	0.59256	0.00498	0.00237	0.00605
81	0.01260	0.01208	0.02062	0.10488	0.71384	0.01230	0.01584	0.01573	0.01172	0.01666	0.00974	0.01298	0.00813	0.00469	0.00516	0.00156	0.00626	0.00464	0.00255	0.00802
82	0.01045	0.02694	0.79000	0.01484	0.02254	0.01209	0.01924	0.01649	0.01099	0.01649	0.00935	0.01099	0.00660	0.00495	0.00495	0.00165	0.00770	0.00385	0.00220	0.00770
83	0.00644	0.00459	0.00611	0.00729	0.00761	0.00431	0.00491	0.00738	0.00997	0.01329	0.02835	0.76842	0.03389	0.03701	0.00718	0.00220	0.00313	0.03890	0.00479	0.00422
84	0.01392	0.82012	0.02729	0.00891	0.01337	0.02061	0.00891	0.01559	0.01058	0.01225	0.00724	0.00835	0.00668	0.00446	0.00334	0.00111	0.00557	0.00278	0.00223	0.00668
85	0.00905	0.00452	0.00678	0.00678	0.00678	0.00452	0.00452	0.00678	0.00678	0.00905	0.00905	0.01583	0.00905	0.01809	0.02035	0.84848	0.00452	0.00452	0.00226	0.00226
86	0.01289	0.01237	0.02114	0.03196	0.78450	0.01237	0.01598	0.01598	0.01186	0.01701	0.00980	0.01289	0.00825	0.00464	0.00516	0.00155	0.00619	0.00464	0.00258	0.00825
87	0.00767	0.00568	0.00743	0.00836	0.00959	0.00544	0.00700	0.00966	0.01175	0.01500	0.03343	0.13668	0.20189	0.01432	0.00690	0.00222	0.00412	0.50341	0.00481	0.00464
88	0.01295	0.01119	0.01178	0.01060	0.01354	0.01295	0.00824	0.02767	0.77509	0.02178	0.02120	0.01943	0.01590	0.00707	0.00530	0.00177	0.00412	0.00589	0.00530	0.00824
89	0.00828	0.00622	0.00843	0.00825	0.00949	0.02143	0.05520	0.00986	0.01137	0.04833	0.13346	0.31784	0.12309	0.09864	0.00857	0.00230	0.00393	0.11593	0.00466	0.00473
90	0.01979	0.01485	0.01561	0.01202	0.01615	0.03637	0.00990	0.74778	0.02423	0.03230	0.01239	0.01242	0.00880	0.00623	0.00520	0.00156	0.00583	0.00465	0.00514	0.00878
91	0.85377	0.01007	0.00765	0.00685	0.01007	0.01168	0.00564	0.01531	0.00886	0.02336	0.00725	0.00846	0.00564	0.00483	0.00322	0.00161	0.00403	0.00282	0.00322	0.00564
92	0.00737	0.00532	0.00696	0.00655	0.00778	0.00491	0.00491	0.00983	0.01474	0.02088	0.78175	0.03890	0.04914	0.01065	0.00614	0.00164	0.00246	0.00942	0.00573	0.00491
93	0.85377	0.01007	0.00765	0.00685	0.01007	0.01168	0.00564	0.01531	0.00886	0.02336	0.00725	0.00846	0.00564	0.00483	0.00322	0.00161	0.00403	0.00282	0.00322	0.00564
94	0.01289	0.01237	0.02114	0.03196	0.78450	0.01237	0.01598	0.01598	0.01186	0.01701	0.00980	0.01289	0.00825	0.00464	0.00516	0.00155	0.00619	0.00464	0.00258	0.00825
95	0.00971	0.00485	0.00485	0.00485	0.00607	0.00485	0.00364	0.01213	0.01092	0.01942	0.01699	0.01942	0.01335	0.00607	0.00364	0.00121	0.00243	0.00485	0.84589	0.00485
96	0.00983	0.00926	0.01562	0.80447	0.03587	0.01157	0.01446	0.01331	0.01041	0.01331	0.00926	0.01388	0.00694	0.00521	0.00521	0.00174	0.00694	0.00463	0.00231	0.00579
97	0.01229	0.01405	0.03073	0.02195	0.02722	0.01317	0.76558	0.01668	0.01229	0.01668	0.01054	0.01405	0.00790	0.00439	0.00615	0.00176	0.00878	0.00615	0.00263	0.00702
98	0.00737	0.00532	0.00696	0.00655	0.00778	0.00491	0.00491	0.00983	0.01474	0.02088	0.78175	0.03890	0.04914	0.01065	0.00614	0.00164	0.00246	0.00942	0.00573	0.00491
99	0.85377	0.01007	0.00765	0.00685	0.01007	0.01168	0.00564	0.01531	0.00886	0.02336	0.00725	0.00846	0.00564	0.00483	0.00322	0.00161	0.00403	0.00282	0.00322	0.00564
100	0.00644	0.00526	0.00540	0.00536	0.00705	0.00446	0.00402	0.00792	0.01206	0.01493	0.11252	0.04755	0.67994	0.01260	0.00602	0.00172	0.00261	0.01054	0.04914	0.00446
101	0.01844	0.01380	0.01489	0.01139	0.01558	0.01486	0.00937	0.64852	0.04332	0.03045	0.01232	0.01247	0.00890	0.00596	0.00504	0.00147	0.00544	0.00451	0.00494	0.11834
102	0.01045	0.02694	0.79000	0.01484	0.02254	0.01209	0.01924	0.01649	0.01099	0.01649	0.00935	0.01099	0.00660	0.00495	0.00495	0.00165	0.00770	0.00385	0.00220	0.00770
103	0.04168	0.01435	0.01508	0.01172	0.01567	0.05126	0.00964	0.62681	0.02233	0.09779	0.01271	0.01268	0.00897	0.00627	0.00546	0.00158	0.02777	0.00462	0.00507	0.00856
104	0.83095	0.01004	0.00778	0.00691	0.01016	0.01157	0.00570	0.01558	0.00903	0.04437	0.00762	0.00871	0.00584	0.00488	0.00328	0.00161	0.00404	0.00289	0.00331	0.00573
105	0.00615	0.00528	0.00528	0.00528	0.00703	0.00440	0.00396	0.00747	0.01187	0.01407	0.05276	0.05012	0.78238	0.01319	0.00615	0.00176	0.00264	0.01099	0.00484	0.00440
106	0.01383	0.79957	0.04705	0.00906	0.01360	0.02039	0.00918	0.01562	0.01059	0.01236	0.00729	0.00842	0.00668	0.00447	0.00338	0.00113	0.00562	0.00281	0.00223	0.00671
107	0.01306	0.54532	0.22550	0.01046	0.01559	0.03254	0.01144	0.01591	0.01104	0.03122	0.03987	0.01053	0.00854	0.00490	0.00395	0.00129	0.00605	0.00340	0.00247	0.00691
108	0.02336	0.00886	0.01209	0.00927	0.01329	0.00765	0.00765	0.02538	0.01491	0.78810	0.02055	0.01773	0.01289	0.00645	0.00524	0.00161	0.00443	0.00524	0.00645	0.00886
109	0.00755	0.00540	0.00683	0.00643	0.00780	0.00490	0.00484	0.00984	0.01433	0.03720	0.65872	0.04005	0.15480	0.01092	0.00612	0.00165	0.00253	0.00955	0.00562	0.00493
110	0.01198	0.09191	0.17068	0.01911	0.02465	0.01349	0.54060	0.01635	0.01184	0.01616	0.01038	0.02931	0.00809	0.00474	0.00567	0.00168	0.00816	0.00558	0.00256	0.00706
111	0.01306	0.01270	0.02097	0.03148	0.76440	0.03287	0.01583	0.01611	0.01193	0.01690	0.00975	0.01280	0.00821	0.00466	0.00514	0.00154	0.00627	0.00461	0.00258	0.00819
112	0.00634	0.00453	0.00604	0.00725	0.00755	0.00423	0.00483	0.00725	0.00997	0.01329	0.02870	0.81358	0.03444	0.01632	0.00665	0.00211	0.00302	0.01480	0.00483	0.00423
113	0.00695	0.00517	0.00648	0.00666	0.00770	0.00477	0.00480	0.00895	0.02825	0.01727	0.39722	0.29882	0.16192	0.01288	0.00630	0.00182	0.00271	0.01140	0.00528	0.00467
114	0.02216	0.00912	0.01206	0.00936	0.01324	0.00820	0.00769	0.06388	0.04522	0.68907	0.04918	0.01832	0.01418	0.00662	0.00527	0.00162	0.00441	0.00539	0.00631	0.00869
115	0.00974	0.00913	0.01536	0.78286	0.03510	0.01137	0.01420	0.01314	0.01040	0.01331	0.00978	0.03556	0.00769	0.00551	0.00525	0.00175	0.00684	0.00490	0.00238	0.00574
116	0.85377	0.01007	0.00765	0.00685	0.01007	0.01168	0.00564	0.01531	0.00886	0.02336	0.00725	0.00846	0.00564	0.00483	0.00322	0.00161	0.00403	0.00282	0.00322	0.00564
117	0.00755	0.00573	0.00857	0.00851	0.00942	0.00676	0.00664	0.00939	0.00836	0.01210	0.01376	0.02022	0.01285	0.03826	0.77554	0.00821	0.03514	0.00555	0.00278	0.00468
118	0.01289	0.01237	0.02114	0.03196	0.78450	0.01237	0.01598	0.01598	0.01186	0.01701	0.00980	0.01289	0.00825	0.00464	0.00516	0.00155	0.00619	0.00464	0.00258	0.00825
119	0.00737	0.00532	0.00696	0.00655	0.00778	0.00491	0.00491	0.00983	0.01474	0.02088	0.78175	0.03890	0.04914	0.01065	0.00614	0.00164	0.00246	0.00942	0.00573	0.00491
120	0.83159	0.01004	0.00777	0.00691	0.01016	0.01157	0.00569	0.01558	0.00902	0.04379	0.00761	0.00871	0.00583	0.00488	0.00328	0.00161	0.00404	0.00288	0.00331	0.00573
121	0.00980	0.00917	0.01543	0.78347	0.03520	0.01142	0.01430	0.01324	0.01045	0.01337	0.00974	0.01507	0.00755	0.00545	0.00526	0.00175	0.00689	0.02430	0.00238	0.00576
122	0.00711	0.00553	0.00661	0.00695	0.00844	0.00502	0.00563	0.00898	0.01236	0.01566	0.15924	0.05130	0.40910	0.01320	0.00651	0.00196	0.00335	0.26348	0.00496	0.00461
123	0.01045	0.02694	0.79000	0.01484	0.02254	0.01209	0.01924	0.01649	0.01099	0.01649	0.00935	0.01099	0.00660	0.00495	0.00495	0.00165	0.00770	0.00385	0.00220	0.00770
124	0.01229	0.01405	0.03073	0.02195	0.02722	0.01317	0.76558	0.01668	0.01229	0.01668	0.01054	0.01405	0.00790	0.00439	0.00615	0.00176	0.00878	0.00615	0.00263	0.00702
125	0.00728	0.00515	0.00673	0.00761	0.00837	0.00489	0.00554	0.00896	0.03126	0.03107	0.07074	0.54645	0.08808	0.01499	0.00661	0.00209	0.00333	0.14133	0.00492	0.00458
126	0.01045	0.02694	0.79000	0.01484	0.02254	0.01209	0.01924	0.01649	0.01099	0.01649	0.00935	0.01099	0.00660	0.00495	0.00495	0.00165	0.00770	0.00385	0.00220	0.00770
127	0.01415	0.01178	0.01245	0.01084	0.01400	0.01351	0.00853	0.15694	0.64388	0.02371	0.01968	0.01822	0.01467	0.00692	0.00528	0.00173	0.00440	0.00568	0.00528	0.00835
128	0.02070	0.01313	0.01473	0.01129	0.01542	0.01399	0.00933	0.57866	0.02205	0.22473	0.01455	0.01383	0.00988	0.00630	0.00522	0.00158	0.00540	0.00483	0.00552	0.00886
129	0.02840	0.28620	0.36623	0.01211	0.01768	0.08223	0.02670	0.01685	0.02791	0.04386	0.04023	0.01154	0.00878	0.00514	0.00445	0.00145	0.00668	0.00380	0.00264	0.00711
130	0.01273	0.01416	0.04976	0.02120	0.02648	0.01290	0.71263	0.01706	0.01237	0.05070	0.01095	0.01413	0.00809	0.00450	0.00607	0.00175	0.00856	0.00605	0.00279	0.00712
131	0.02308	0.00893	0.01208	0.00930	0.01330	0.00780	0.00767	0.02544	0.03551	0.76733	0.02056	0.01777	0.01297	0.00646	0.00524	0.00162	0.00442	0.00525	0.00641	0.00885
132	0.01273	0.01221	0.02085	0.07258	0.74513	0.01233	0.01590	0.01584	0.01178	0.01682	0.00977	0.01294	0.00818	0.00467	0.00516	0.00156	0.00623	0.00464	0.00256	0.00812
133	0.02223	0.01027	0.01347	0.01027	0.01437	0.00968	0.03319	0.18573	0.01689	0.59904	0.01847	0.01647	0.01185	0.00634	0.00526	0.00161	0.00486	0.00515	0.00605	0.00880
134	0.01000	0.00942	0.01591	0.76385	0.07523	0.01161	0.01454	0.01345	0.01049	0.01350	0.00928	0.01383	0.00701	0.00518	0.00520	0.00173	0.00690	0.00463	0.00233	0.00591
135	0.79368	0.01005	0.00823	0.04892	0.01149	0.01176	0.00621	0.01515	0.00893	0.02263	0.00735	0.00880	0.00573	0.00493	0.00359	0.00163	0.01916	0.00295	0.00316	0.00565
136	0.11325	0.01083	0.01261	0.01029	0.03500	0.01086	0.00814	0.25991	0.03091	0.32661	0.02893	0.03534	0.01148	0.00628	0.00494	0.00154	0.00473	0.00493	0.00522	0.07818

[dist]
# distance from previous block
# <min> <max>
1	7

[block]
# block no. 5 follows, 47 sequences, length 16
# corresponding to MSA columns:
# 765-780
name=unknown_F
#
# <colnr> <probs for GDERKNQSTAVLIFYWHMCP>
#	G	D	E	R	K	N	Q	S	T	A	V	L	I	F	Y	W	H	M	C	P
0	0.00751	0.00557	0.00735	0.03630	0.00921	0.00528	0.00571	0.00989	0.01391	0.01920	0.57447	0.04198	0.10957	0.01124	0.00627	0.00177	0.00299	0.12153	0.00539	0.00488
1	0.00637	0.00528	0.00557	0.00550	0.00716	0.00449	0.00412	0.00789	0.01237	0.01526	0.18017	0.04816	0.65423	0.01274	0.00615	0.00174	0.00261	0.01072	0.00499	0.00449
2	0.01195	0.04377	0.12360	0.12863	0.03937	0.01211	0.32299	0.07542	0.01247	0.01723	0.01070	0.04170	0.00856	0.00509	0.00535	0.00157	0.00706	0.00524	0.00286	0.12433
3	0.00983	0.00926	0.01562	0.80447	0.03587	0.01157	0.01446	0.01331	0.01041	0.01331	0.00926	0.01388	0.00694	0.00521	0.00521	0.00174	0.00694	0.00463	0.00231	0.00579
4	0.01277	0.07285	0.08162	0.02893	0.66835	0.01296	0.01572	0.01599	0.01170	0.01662	0.00957	0.01241	0.00800	0.00465	0.00501	0.00152	0.00626	0.00444	0.00252	0.00809
5	0.00634	0.00453	0.00604	0.00725	0.00755	0.00423	0.00483	0.00725	0.00997	0.01329	0.02870	0.81358	0.03444	0.01632	0.00665	0.00211	0.00302	0.01480	0.00483	0.00423
6	0.00811	0.00581	0.00734	0.00689	0.00831	0.00553	0.00519	0.01134	0.07030	0.04033	0.64547	0.06827	0.07592	0.01061	0.00608	0.00167	0.00266	0.00933	0.00565	0.00521
7	0.01299	0.01401	0.03906	0.01600	0.01864	0.09673	0.26720	0.07974	0.01176	0.01585	0.00991	0.05411	0.00880	0.00714	0.01020	0.00192	0.32120	0.00550	0.00283	0.00643
8	0.00733	0.00535	0.00690	0.00661	0.00788	0.00493	0.00502	0.00969	0.01437	0.02007	0.68540	0.04081	0.10539	0.01104	0.00620	0.00169	0.00259	0.04823	0.00561	0.00487
9	0.01091	0.00766	0.00889	0.00803	0.00995	0.00772	0.00611	0.18846	0.03453	0.06040	0.20715	0.19475	0.14579	0.06151	0.00726	0.00197	0.00373	0.02425	0.00513	0.00580
10	0.01295	0.01119	0.01178	0.01060	0.01354	0.01295	0.00824	0.02767	0.77509	0.02178	0.02120	0.01943	0.01590	0.00707	0.00530	0.00177	0.00412	0.00589	0.00530	0.00824
11	0.01080	0.00926	0.01080	0.00771	0.01234	0.00694	0.00617	0.01311	0.01080	0.01697	0.00926	0.01080	0.00771	0.00386	0.00386	0.00077	0.00386	0.00309	0.00309	0.84882
12	0.01958	0.01379	0.01492	0.01149	0.01552	0.01510	0.00948	0.68589	0.02327	0.08086	0.01322	0.01315	0.00932	0.00626	0.00514	0.00155	0.00550	0.00473	0.04256	0.00868
13	0.01295	0.01119	0.01178	0.01060	0.01354	0.01295	0.00824	0.02767	0.77509	0.02178	0.02120	0.01943	0.01590	0.00707	0.00530	0.00177	0.00412	0.00589	0.00530	0.00824
14	0.03016	0.00991	0.01139	0.06813	0.03362	0.06286	0.00794	0.03423	0.17270	0.26779	0.12190	0.04560	0.05902	0.00745	0.00533	0.00162	0.00452	0.00620	0.00508	0.04457
15	0.04270	0.00829	0.00955	0.00841	0.01081	0.00845	0.00668	0.16432	0.08416	0.12194	0.19174	0.08665	0.11065	0.00943	0.00564	0.00171	0.00382	0.06547	0.05316	0.00642

[dist]
# distance from previous block
# <min> <max>
0	1

[block]
# block no. 6 follows, 47 sequences, length 15
# corresponding to MSA columns:
# 782-796
name=unknown_G
#
# <colnr> <probs for GDERKNQSTAVLIFYWHMCP>
#	G	D	E	R	K	N	Q	S	T	A	V	L	I	F	Y	W	H	M	C	P
0	0.66155	0.06039	0.02836	0.00784	0.01138	0.01269	0.00673	0.10714	0.01106	0.04170	0.00825	0.00922	0.00629	0.00502	0.00356	0.00158	0.00443	0.00313	0.00346	0.00622
1	0.01919	0.04412	0.01516	0.01298	0.01597	0.62541	0.00996	0.14410	0.03667	0.01629	0.00912	0.01015	0.00731	0.00553	0.00476	0.00138	0.00854	0.00363	0.00316	0.00658
2	0.00637	0.00523	0.00559	0.00578	0.00729	0.00450	0.00431	0.00770	0.01164	0.01415	0.06729	0.13205	0.62057	0.03389	0.00678	0.00191	0.00286	0.05290	0.00481	0.00438
3	0.77498	0.01011	0.00859	0.05404	0.03900	0.01170	0.00652	0.01522	0.00906	0.02256	0.00746	0.00893	0.00581	0.00485	0.00341	0.00162	0.00427	0.00299	0.00315	0.00574
4	0.01156	0.00919	0.01078	0.00796	0.01231	0.00724	0.00634	0.01452	0.05469	0.06525	0.01128	0.03811	0.00938	0.00461	0.00412	0.00092	0.00388	0.00376	0.00348	0.72062
5	0.01302	0.59182	0.18762	0.01074	0.01569	0.01838	0.03153	0.01566	0.01059	0.01328	0.00775	0.00921	0.00671	0.00478	0.00443	0.00130	0.04520	0.00319	0.00224	0.00686
6	0.02274	0.00888	0.01202	0.00919	0.01325	0.00762	0.00758	0.02477	0.01470	0.74989	0.01999	0.01738	0.01263	0.00632	0.00517	0.00157	0.00440	0.00513	0.00628	0.05049
7	0.00774	0.00601	0.00715	0.00673	0.00804	0.03278	0.00505	0.01010	0.01460	0.02026	0.71893	0.03841	0.08339	0.01058	0.00609	0.00163	0.00271	0.00928	0.00558	0.00493
8	0.01139	0.01139	0.01595	0.01367	0.01367	0.01595	0.01139	0.01253	0.00798	0.01253	0.00684	0.01139	0.00684	0.00911	0.01709	0.00228	0.80745	0.00456	0.00228	0.00570
9	0.00634	0.00453	0.00604	0.00725	0.00755	0.00423	0.00483	0.00725	0.00997	0.01329	0.02870	0.81358	0.03444	0.01632	0.00665	0.00211	0.00302	0.01480	0.00483	0.00423
10	0.00634	0.00453	0.00604	0.00725	0.00755	0.00423	0.00483	0.00725	0.00997	0.01329	0.02870	0.81358	0.03444	0.01632	0.00665	0.00211	0.00302	0.01480	0.00483	0.00423
11	0.02263	0.00949	0.01241	0.00957	0.01357	0.00866	0.00789	0.09536	0.04528	0.68722	0.01981	0.01730	0.01263	0.00645	0.00524	0.00161	0.00454	0.00521	0.00628	0.00884
12	0.00639	0.00491	0.00586	0.00641	0.00738	0.00437	0.00451	0.00764	0.01126	0.01448	0.12576	0.43022	0.32322	0.01445	0.00640	0.00192	0.00281	0.01271	0.00494	0.00437
13	0.01295	0.01261	0.02029	0.07546	0.68852	0.04081	0.01543	0.01637	0.03624	0.01680	0.01006	0.01303	0.00836	0.00478	0.00515	0.00156	0.00628	0.00463	0.00265	0.00803
14	0.01041	0.02607	0.75188	0.05371	0.02320	0.01207	0.01901	0.01634	0.01097	0.01634	0.00934	0.01114	0.00661	0.00496	0.00496	0.00165	0.00766	0.00389	0.00220	0.00760

[dist]
# distance from previous block
# <min> <max>
2	12

[block]
# block no. 7 follows, 47 sequences, length 29
# corresponding to MSA columns:
# 809-837
name=unknown_H
#
# <colnr> <probs for GDERKNQSTAVLIFYWHMCP>
#	G	D	E	R	K	N	Q	S	T	A	V	L	I	F	Y	W	H	M	C	P
0	0.03341	0.00769	0.00967	0.02344	0.01108	0.00781	0.02085	0.13511	0.02854	0.11546	0.08839	0.38291	0.04607	0.01143	0.00633	0.00185	0.03197	0.00993	0.00493	0.02313
1	0.11159	0.30724	0.21021	0.03754	0.01681	0.03632	0.02453	0.15223	0.01322	0.03327	0.00911	0.01026	0.00708	0.00503	0.00424	0.00143	0.00612	0.00358	0.00298	0.00721
2	0.08421	0.05278	0.01680	0.01671	0.16838	0.45960	0.04759	0.06534	0.01402	0.01586	0.00870	0.01039	0.00712	0.00515	0.00472	0.00143	0.00791	0.00376	0.00284	0.00669
3	0.63547	0.01033	0.00838	0.00744	0.01043	0.03776	0.00601	0.08837	0.01081	0.02311	0.00964	0.05092	0.00806	0.00567	0.00367	0.00159	0.00420	0.00379	0.06852	0.00584
4	0.01868	0.01410	0.03254	0.01164	0.01568	0.01514	0.00973	0.65838	0.06152	0.04702	0.05239	0.01428	0.01131	0.00649	0.00526	0.00158	0.00550	0.00498	0.00520	0.00860
