[name]
unknown

[dist]
# distance from previous block
# <min> <max>
0	71

[block]
# block no. 0 follows, 46 sequences, length 53
# corresponding to MSA columns:
# 71-123
name=unknown_A
#
# <colnr> <probs for GDERKNQSTAVLIFYWHMCP>
#	G	D	E	R	K	N	Q	S	T	A	V	L	I	F	Y	W	H	M	C	P
0	0.00852	0.00608	0.00852	0.00974	0.01095	0.00608	0.00852	0.01095	0.01217	0.01582	0.02799	0.05963	0.03042	0.01460	0.00730	0.00243	0.00487	0.74565	0.00487	0.00487
1	0.00769	0.00513	0.00577	0.00577	0.00577	0.00513	0.00320	0.00769	0.00769	0.01025	0.01666	0.03460	0.01922	0.81421	0.02691	0.00513	0.00513	0.00769	0.00320	0.00320
2	0.01308	0.01256	0.02146	0.03245	0.78123	0.01256	0.01622	0.01622	0.01204	0.01727	0.00994	0.01308	0.00837	0.00471	0.00523	0.00157	0.00628	0.00471	0.00262	0.00837
3	0.01308	0.01256	0.02146	0.03245	0.78123	0.01256	0.01622	0.01622	0.01204	0.01727	0.00994	0.01308	0.00837	0.00471	0.00523	0.00157	0.00628	0.00471	0.00262	0.00837
4	0.03711	0.01025	0.01239	0.00994	0.02601	0.03869	0.00792	0.10225	0.01486	0.43948	0.03600	0.04307	0.01272	0.00651	0.00551	0.00152	0.03328	0.00516	0.00532	0.15200
5	0.00952	0.00625	0.00790	0.00725	0.00886	0.00589	0.00552	0.05790	0.01489	0.08426	0.54549	0.08163	0.08216	0.03194	0.00670	0.00180	0.00304	0.02789	0.00565	0.00545
6	0.01169	0.27146	0.55226	0.01321	0.02000	0.01495	0.01629	0.01646	0.01103	0.01541	0.00883	0.01033	0.00672	0.00487	0.00452	0.00151	0.00715	0.00357	0.00224	0.00750
7	0.02110	0.00850	0.01150	0.00898	0.01268	0.00736	0.00734	0.02322	0.01500	0.65748	0.12686	0.02082	0.01811	0.00707	0.00541	0.00162	0.00420	0.00585	0.00635	0.03053
8	0.01283	0.01230	0.02099	0.09651	0.71919	0.01249	0.01610	0.01600	0.01192	0.01696	0.00990	0.01317	0.00826	0.00476	0.00524	0.00159	0.00634	0.00471	0.00259	0.00817
9	0.01949	0.01238	0.01397	0.01104	0.01489	0.01318	0.00900	0.44369	0.11633	0.22450	0.01671	0.05361	0.01221	0.00700	0.00538	0.00165	0.00514	0.00555	0.00560	0.00869
10	0.01088	0.01085	0.01821	0.01469	0.01646	0.01266	0.22629	0.03028	0.01045	0.01491	0.04337	0.15155	0.02917	0.00920	0.01138	0.00208	0.37131	0.00721	0.00312	0.00593
11	0.01248	0.01426	0.03119	0.02228	0.02763	0.01337	0.76203	0.01693	0.01248	0.01693	0.01070	0.01426	0.00802	0.00446	0.00624	0.00178	0.00891	0.00624	0.00267	0.00713
12	0.00998	0.00940	0.01586	0.80150	0.03641	0.01175	0.01468	0.01351	0.01057	0.01351	0.00940	0.01409	0.00705	0.00529	0.00529	0.00176	0.00705	0.00470	0.00235	0.00587
13	0.00644	0.00460	0.00613	0.00736	0.00767	0.00429	0.00491	0.00736	0.01012	0.01350	0.02914	0.81076	0.03497	0.01656	0.00675	0.00215	0.00307	0.01503	0.00491	0.00429
14	0.02010	0.01481	0.01587	0.01216	0.01639	0.01639	0.01005	0.76360	0.02486	0.03332	0.01269	0.01269	0.00899	0.00635	0.00529	0.00159	0.00582	0.00476	0.00529	0.00899
15	0.85155	0.01022	0.00777	0.00695	0.01022	0.01186	0.00573	0.01554	0.00900	0.02372	0.00736	0.00859	0.00573	0.00491	0.00327	0.00164	0.00409	0.00286	0.00327	0.00573
16	0.04646	0.00903	0.01214	0.00934	0.01341	0.00788	0.00771	0.02548	0.01496	0.76398	0.02049	0.01774	0.01288	0.00650	0.00526	0.00164	0.00449	0.00525	0.00645	0.00891
17	0.01413	0.81739	0.02770	0.00905	0.01357	0.02092	0.00905	0.01583	0.01074	0.01244	0.00735	0.00848	0.00678	0.00452	0.00339	0.00113	0.00565	0.00283	0.00226	0.00678
18	0.01077	0.01019	0.01727	0.60760	0.22420	0.01195	0.01507	0.01419	0.01094	0.01446	0.00953	0.01384	0.00738	0.00514	0.00527	0.00171	0.00685	0.00470	0.00242	0.00650
19	0.01308	0.01256	0.02146	0.03245	0.78123	0.01256	0.01622	0.01622	0.01204	0.01727	0.00994	0.01308	0.00837	0.00471	0.00523	0.00157	0.00628	0.00471	0.00262	0.00837
20	0.01308	0.01256	0.02146	0.03245	0.78123	0.01256	0.01622	0.01622	0.01204	0.01727	0.00994	0.01308	0.00837	0.00471	0.00523	0.00157	0.00628	0.00471	0.00262	0.00837
21	0.00644	0.00460	0.00613	0.00736	0.00767	0.00429	0.00491	0.00736	0.01012	0.01350	0.02914	0.81076	0.03497	0.01656	0.00675	0.00215	0.00307	0.01503	0.00491	0.00429
22	0.01121	0.01064	0.01806	0.49839	0.32997	0.01207	0.01529	0.01458	0.01115	0.01499	0.00961	0.01370	0.00757	0.00506	0.00527	0.00169	0.00674	0.00470	0.00245	0.00686
23	0.00998	0.00940	0.01586	0.80150	0.03641	0.01175	0.01468	0.01351	0.01057	0.01351	0.00940	0.01409	0.00705	0.00529	0.00529	0.00176	0.00705	0.00470	0.00235	0.00587
24	0.01433	0.01153	0.01226	0.01063	0.01381	0.01302	0.00838	0.16009	0.56369	0.04894	0.02190	0.02034	0.06244	0.00739	0.00542	0.00175	0.00440	0.00606	0.00537	0.00826
25	0.00999	0.00601	0.00724	0.00668	0.00863	0.00523	0.00509	0.01175	0.01328	0.16533	0.24530	0.10939	0.36270	0.01163	0.00611	0.00175	0.00301	0.00993	0.00548	0.00547
26	0.01171	0.01099	0.01867	0.29786	0.45409	0.01178	0.03206	0.01494	0.01146	0.01599	0.01049	0.03007	0.00868	0.00521	0.00524	0.00164	0.00637	0.00496	0.04055	0.00724
27	0.01313	0.32626	0.34286	0.01263	0.01820	0.12077	0.04206	0.01672	0.01154	0.01451	0.00911	0.03305	0.00761	0.00520	0.00446	0.00144	0.00713	0.00384	0.00240	0.00707
28	0.01064	0.01008	0.01698	0.62860	0.18445	0.01202	0.01491	0.01403	0.01080	0.01424	0.00944	0.01383	0.00731	0.00527	0.00557	0.00174	0.02660	0.00470	0.00240	0.00637
29	0.00761	0.00509	0.00579	0.00586	0.00588	0.00507	0.00331	0.00767	0.00784	0.01045	0.01742	0.08184	0.02018	0.76566	0.02568	0.00494	0.00500	0.00813	0.00331	0.00327
30	0.05001	0.01028	0.01264	0.03229	0.01437	0.00898	0.05218	0.10542	0.03013	0.01936	0.01068	0.03651	0.00890	0.00480	0.00435	0.00107	0.00453	0.00399	0.00346	0.58606
31	0.06018	0.01365	0.01636	0.19764	0.02115	0.20240	0.14960	0.01606	0.02557	0.05487	0.01281	0.13071	0.01170	0.00717	0.00619	0.00175	0.05673	0.00614	0.00320	0.00613
32	0.01966	0.00841	0.01111	0.00892	0.01231	0.00749	0.00719	0.05761	0.01483	0.56198	0.08171	0.10205	0.01801	0.00784	0.00545	0.00165	0.00417	0.00658	0.03392	0.02913
33	0.01875	0.01414	0.01511	0.01189	0.01588	0.01576	0.00972	0.62096	0.16970	0.03114	0.01440	0.01406	0.01038	0.00651	0.00531	0.00163	0.00550	0.00500	0.00531	0.00887
34	0.01403	0.79316	0.05098	0.00923	0.01385	0.02065	0.00937	0.01586	0.01075	0.01257	0.00742	0.00856	0.00678	0.00454	0.00344	0.00115	0.00572	0.00286	0.00226	0.00682
35	0.02059	0.04280	0.09429	0.01052	0.01495	0.01060	0.00947	0.18006	0.03203	0.48162	0.03665	0.01638	0.01231	0.00639	0.00523	0.00161	0.00511	0.00508	0.00562	0.00867
36	0.01253	0.52682	0.04378	0.00938	0.01267	0.05059	0.00866	0.01409	0.01049	0.01268	0.01139	0.14122	0.01196	0.04291	0.00620	0.00159	0.06888	0.00524	0.00276	0.00614
37	0.00644	0.00500	0.00582	0.00637	0.00739	0.00443	0.00446	0.00761	0.01119	0.01418	0.07949	0.40518	0.37340	0.03500	0.00700	0.00203	0.00291	0.01280	0.00491	0.00438
38	0.01397	0.78171	0.06198	0.00932	0.01399	0.02053	0.00952	0.01587	0.01076	0.01263	0.00745	0.00860	0.00678	0.00455	0.00347	0.00116	0.00575	0.00288	0.00226	0.00683
39	0.01611	0.00925	0.02874	0.00921	0.01217	0.02082	0.00742	0.09739	0.10505	0.33020	0.12670	0.14806	0.04759	0.00897	0.00569	0.00174	0.00419	0.00761	0.00570	0.00739
40	0.00635	0.00497	0.00576	0.00639	0.00741	0.00438	0.00448	0.00747	0.01105	0.01387	0.04093	0.44383	0.39429	0.01503	0.00651	0.00197	0.00288	0.01316	0.00491	0.00438
41	0.00651	0.00468	0.00607	0.00714	0.00752	0.00436	0.00475	0.00740	0.01008	0.01333	0.02974	0.71706	0.07680	0.06771	0.00802	0.00232	0.00318	0.01433	0.00480	0.00423
42	0.01313	0.01091	0.01245	0.00933	0.01409	0.00833	0.00722	0.01482	0.01233	0.01918	0.01157	0.01398	0.00989	0.00540	0.00488	0.00121	0.00468	0.00388	0.00387	0.81886
43	0.01194	0.00957	0.01119	0.00812	0.01268	0.00753	0.00651	0.05404	0.01188	0.05268	0.01049	0.02764	0.00868	0.00442	0.00411	0.00089	0.00403	0.00356	0.00344	0.74660
44	0.01306	0.01262	0.02179	0.03210	0.75542	0.01259	0.04177	0.01625	0.01205	0.01726	0.00997	0.01312	0.00836	0.00470	0.00527	0.00158	0.00637	0.00476	0.00262	0.00833
45	0.07053	0.00798	0.01006	0.00837	0.01127	0.00751	0.00668	0.01957	0.08362	0.38817	0.29567	0.02536	0.02627	0.00805	0.00552	0.00166	0.00371	0.00676	0.00596	0.00727
46	0.01092	0.09720	0.71970	0.01454	0.02206	0.01304	0.01861	0.01666	0.01112	0.01636	0.00930	0.01092	0.00670	0.00498	0.00488	0.00163	0.00762	0.00381	0.00223	0.00772
47	0.00648	0.00528	0.00571	0.00586	0.00736	0.00455	0.00433	0.00787	0.01194	0.01469	0.10742	0.14411	0.58381	0.03377	0.00686	0.00193	0.00285	0.03577	0.00494	0.00447
48	0.01462	0.01171	0.01233	0.01114	0.03021	0.04707	0.00857	0.08737	0.54138	0.09195	0.02109	0.02068	0.03896	0.00736	0.00543	0.00176	0.00461	0.03036	0.00527	0.00814
49	0.00726	0.00528	0.00683	0.00668	0.00782	0.00485	0.00492	0.00945	0.01407	0.01965	0.62464	0.15532	0.08981	0.01182	0.00631	0.00174	0.00259	0.01047	0.00563	0.00485
50	0.04742	0.01073	0.01297	0.01005	0.01396	0.01058	0.00824	0.26742	0.01792	0.46920	0.03963	0.01706	0.01275	0.02979	0.00589	0.00172	0.00488	0.00525	0.00591	0.00861
51	0.01308	0.01256	0.02146	0.03245	0.78123	0.01256	0.01622	0.01622	0.01204	0.01727	0.00994	0.01308	0.00837	0.00471	0.00523	0.00157	0.00628	0.00471	0.00262	0.00837
52	0.00750	0.00542	0.00729	0.00745	0.00793	0.00590	0.00521	0.00853	0.00848	0.01178	0.01751	0.16401	0.01902	0.31037	0.36467	0.00604	0.02744	0.00800	0.00332	0.00413

[dist]
# distance from previous block
# <min> <max>
0	2

[block]
# block no. 1 follows, 46 sequences, length 21
# corresponding to MSA columns:
# 126-146
name=unknown_B
#
# <colnr> <probs for GDERKNQSTAVLIFYWHMCP>
#	G	D	E	R	K	N	Q	S	T	A	V	L	I	F	Y	W	H	M	C	P
0	0.01180	0.01117	0.01791	0.01294	0.01773	0.00956	0.26075	0.04767	0.01213	0.01780	0.01057	0.01370	0.00866	0.00454	0.00487	0.00121	0.00571	0.02786	0.00313	0.50031
1	0.01977	0.02457	0.01503	0.01353	0.01635	0.74634	0.01020	0.06571	0.01557	0.01416	0.00844	0.00972	0.00694	0.00550	0.00480	0.00138	0.00931	0.00349	0.00288	0.00630
2	0.01030	0.00979	0.01614	0.67645	0.06678	0.01230	0.01439	0.01354	0.01035	0.01358	0.00914	0.01376	0.00709	0.00572	0.00668	0.00182	0.09916	0.00469	0.00236	0.00597
3	0.01058	0.00653	0.00831	0.00745	0.00928	0.00615	0.00571	0.04714	0.04074	0.13543	0.54188	0.07376	0.06547	0.01022	0.00605	0.00169	0.00304	0.00892	0.00581	0.00583
4	0.00868	0.00754	0.01029	0.00997	0.01021	0.00929	0.00763	0.00976	0.00935	0.01338	0.02008	0.43395	0.04052	0.01311	0.01108	0.00218	0.33832	0.01028	0.02944	0.00494
5	0.00791	0.00549	0.00711	0.00670	0.00803	0.00503	0.00502	0.01027	0.01463	0.04579	0.68584	0.06744	0.08868	0.01102	0.00622	0.00169	0.00259	0.00971	0.00576	0.00507
6	0.00756	0.00565	0.00840	0.00840	0.00931	0.00656	0.00649	0.00938	0.00847	0.01220	0.01425	0.02125	0.01342	0.06656	0.76663	0.00838	0.01385	0.00573	0.00284	0.00467
7	0.50262	0.01038	0.00972	0.00817	0.01149	0.01143	0.00668	0.15521	0.01335	0.11433	0.09889	0.01402	0.01229	0.00605	0.00423	0.00163	0.00427	0.00428	0.00432	0.00663
8	0.00676	0.00525	0.00615	0.00619	0.00752	0.00464	0.00454	0.00848	0.01287	0.01685	0.33189	0.17188	0.37220	0.01291	0.00633	0.00180	0.00267	0.01117	0.00526	0.00464
9	0.01078	0.06729	0.74844	0.01476	0.02241	0.01271	0.01900	0.01670	0.01114	0.01652	0.00938	0.01103	0.00670	0.00500	0.00494	0.00165	0.00770	0.00385	0.00223	0.00776
10	0.79635	0.01077	0.00817	0.00728	0.01055	0.04196	0.00596	0.01604	0.00940	0.04447	0.00777	0.00889	0.00597	0.00497	0.00339	0.00163	0.00431	0.00295	0.00334	0.00583
11	0.53080	0.12596	0.20045	0.00922	0.01377	0.01321	0.00955	0.01587	0.00977	0.02046	0.00788	0.00920	0.00611	0.00488	0.00372	0.00158	0.00521	0.00311	0.00288	0.00638
12	0.00835	0.00556	0.00634	0.00624	0.00708	0.00535	0.00409	0.00978	0.03364	0.01411	0.04794	0.16330	0.02093	0.38855	0.01532	0.00322	0.00400	0.00803	0.17368	0.07450
13	0.01096	0.00940	0.01096	0.00783	0.01253	0.00705	0.00626	0.01331	0.01096	0.01723	0.00940	0.01096	0.00783	0.00392	0.00392	0.00078	0.00392	0.00313	0.00313	0.84653
14	0.00803	0.00585	0.00787	0.00878	0.01002	0.00569	0.00744	0.01025	0.01230	0.01600	0.10042	0.09649	0.12534	0.01421	0.00704	0.00227	0.00428	0.54794	0.00496	0.00480
15	0.00717	0.00500	0.00582	0.00617	0.00647	0.00481	0.00378	0.00758	0.00888	0.01164	0.02447	0.25744	0.11150	0.49460	0.01878	0.00389	0.00426	0.01018	0.00389	0.00366
16	0.00769	0.00513	0.00577	0.00577	0.00577	0.00513	0.00320	0.00769	0.00769	0.01025	0.01666	0.03460	0.01922	0.81421	0.02691	0.00513	0.00513	0.00769	0.00320	0.00320
17	0.01491	0.70807	0.02595	0.00968	0.01395	0.12746	0.00921	0.01656	0.01133	0.01251	0.00746	0.00863	0.00679	0.00465	0.00358	0.00116	0.00619	0.00291	0.00233	0.00669
18	0.00744	0.00574	0.00663	0.00635	0.00791	0.00529	0.00478	0.01026	0.06097	0.01852	0.42386	0.04200	0.32956	0.01142	0.00610	0.00170	0.00267	0.00980	0.03400	0.00499
19	0.01413	0.81739	0.02770	0.00905	0.01357	0.02092	0.00905	0.01583	0.01074	0.01244	0.00735	0.00848	0.00678	0.00452	0.00339	0.00113	0.00565	0.00283	0.00226	0.00678
20	0.72453	0.01025	0.00860	0.00743	0.01083	0.01156	0.00612	0.04494	0.01030	0.11203	0.00912	0.00983	0.00670	0.00515	0.00358	0.00163	0.00420	0.00322	0.00373	0.00623

[dist]
# distance from previous block
# <min> <max>
0	3

[block]
# block no. 2 follows, 46 sequences, length 112
# corresponding to MSA columns:
# 150-261
name=unknown_C
#
# <colnr> <probs for GDERKNQSTAVLIFYWHMCP>
#	G	D	E	R	K	N	Q	S	T	A	V	L	I	F	Y	W	H	M	C	P
0	0.01188	0.26549	0.47238	0.01360	0.01998	0.01507	0.06566	0.01668	0.02975	0.01551	0.00917	0.01077	0.00705	0.00497	0.00485	0.00153	0.02210	0.00380	0.00235	0.00743
1	0.00638	0.00527	0.00560	0.00578	0.00732	0.00450	0.00427	0.00773	0.01192	0.01452	0.08231	0.15495	0.62921	0.01373	0.00634	0.00184	0.00277	0.02616	0.00495	0.00447
2	0.00764	0.00517	0.00606	0.00609	0.00620	0.00526	0.00360	0.00787	0.00783	0.01054	0.01670	0.05194	0.01897	0.71309	0.10735	0.00541	0.00603	0.00765	0.00321	0.00339
3	0.01096	0.00940	0.01096	0.00783	0.01253	0.00705	0.00626	0.01331	0.01096	0.01723	0.00940	0.01096	0.00783	0.00392	0.00392	0.00078	0.00392	0.00313	0.00313	0.84653
4	0.01379	0.01149	0.01218	0.01080	0.01389	0.01320	0.00845	0.06922	0.71187	0.04088	0.02101	0.01929	0.01566	0.00711	0.00537	0.00178	0.00428	0.00589	0.00540	0.00842
5	0.00748	0.00540	0.00707	0.00665	0.00790	0.00499	0.00499	0.00998	0.01496	0.02120	0.77844	0.03949	0.04988	0.01081	0.00624	0.00166	0.00249	0.00956	0.00582	0.00499
6	0.00759	0.00551	0.00769	0.00769	0.00836	0.00617	0.00561	0.00893	0.00826	0.01168	0.01489	0.02483	0.01498	0.26698	0.56834	0.00751	0.01151	0.00626	0.00294	0.00427
7	0.02333	0.00908	0.01226	0.00946	0.01350	0.00797	0.00779	0.02585	0.04304	0.75676	0.02088	0.01806	0.01320	0.00657	0.00532	0.00164	0.00449	0.00534	0.00650	0.00897
8	0.00644	0.00460	0.00613	0.00736	0.00767	0.00429	0.00491	0.00736	0.01012	0.01350	0.02914	0.81076	0.03497	0.01656	0.00675	0.00215	0.00307	0.01503	0.00491	0.00429
9	0.00918	0.00459	0.00689	0.00689	0.00689	0.00459	0.00459	0.00689	0.00689	0.00918	0.00918	0.01607	0.00918	0.01837	0.02066	0.84619	0.00459	0.00459	0.00230	0.00230
10	0.01183	0.01353	0.11788	0.08953	0.45216	0.02550	0.05549	0.01529	0.01190	0.01653	0.01343	0.01957	0.03710	0.00623	0.00553	0.00171	0.00646	0.09001	0.00289	0.00745
11	0.00911	0.00571	0.00753	0.00702	0.00847	0.00521	0.00528	0.01140	0.01448	0.10222	0.62019	0.11653	0.04441	0.01094	0.00619	0.00171	0.00277	0.00967	0.00580	0.00535
12	0.01096	0.00940	0.01096	0.00783	0.01253	0.00705	0.00626	0.01331	0.01096	0.01723	0.00940	0.01096	0.00783	0.00392	0.00392	0.00078	0.00392	0.00313	0.00313	0.84653
13	0.01206	0.13813	0.52110	0.01366	0.01978	0.02873	0.01612	0.04999	0.01154	0.03494	0.00943	0.01121	0.00713	0.00617	0.02223	0.00179	0.08213	0.00392	0.00251	0.00746
14	0.00671	0.00486	0.00637	0.00747	0.00801	0.00455	0.00527	0.00785	0.01050	0.01380	0.03082	0.63633	0.09658	0.03037	0.00714	0.00221	0.00330	0.10861	0.00487	0.00436
15	0.00651	0.00465	0.00620	0.00739	0.00774	0.00435	0.00498	0.00749	0.01028	0.01373	0.04809	0.77717	0.03526	0.01638	0.00675	0.00214	0.00309	0.02856	0.00493	0.00432
16	0.01096	0.00940	0.01096	0.00783	0.01253	0.00705	0.00626	0.01331	0.01096	0.01723	0.00940	0.01096	0.00783	0.00392	0.00392	0.00078	0.00392	0.00313	0.00313	0.84653
17	0.02196	0.01061	0.01313	0.01013	0.01413	0.01032	0.00835	0.25067	0.01787	0.52185	0.01814	0.01647	0.01185	0.00719	0.02228	0.00176	0.00507	0.00515	0.02426	0.00881
18	0.00768	0.00514	0.00583	0.00583	0.00585	0.00516	0.00328	0.00773	0.00771	0.01029	0.01660	0.03429	0.01909	0.79716	0.04377	0.00520	0.00532	0.00764	0.00320	0.00324
19	0.00826	0.00629	0.00781	0.00815	0.00956	0.00624	0.00652	0.01184	0.10452	0.01716	0.19546	0.12457	0.15461	0.02955	0.00702	0.00211	0.00373	0.28634	0.00511	0.00516
20	0.00644	0.00460	0.00613	0.00736	0.00767	0.00429	0.00491	0.00736	0.01012	0.01350	0.02914	0.81076	0.03497	0.01656	0.00675	0.00215	0.00307	0.01503	0.00491	0.00429
21	0.01308	0.01256	0.02146	0.03245	0.78123	0.01256	0.01622	0.01622	0.01204	0.01727	0.00994	0.01308	0.00837	0.00471	0.00523	0.00157	0.00628	0.00471	0.00262	0.00837
22	0.85155	0.01022	0.00777	0.00695	0.01022	0.01186	0.00573	0.01554	0.00900	0.02372	0.00736	0.00859	0.00573	0.00491	0.00327	0.00164	0.00409	0.00286	0.00327	0.00573
23	0.78412	0.01033	0.00827	0.00725	0.01059	0.01184	0.00597	0.04316	0.00985	0.05831	0.00816	0.00916	0.00617	0.00503	0.00344	0.00163	0.00417	0.00304	0.00349	0.00599
24	0.01068	0.04484	0.77001	0.01493	0.02267	0.01247	0.01930	0.01672	0.01115	0.01665	0.00944	0.01110	0.00670	0.00501	0.00499	0.00166	0.00777	0.00388	0.00223	0.00779
25	0.00748	0.00540	0.00707	0.00665	0.00790	0.00499	0.00499	0.00998	0.01496	0.02120	0.77844	0.03949	0.04988	0.01081	0.00624	0.00166	0.00249	0.00956	0.00582	0.00499
26	0.02010	0.01481	0.01587	0.01216	0.01639	0.01639	0.01005	0.76360	0.02486	0.03332	0.01269	0.01269	0.00899	0.00635	0.00529	0.00159	0.00582	0.00476	0.00529	0.00899
27	0.01021	0.00970	0.01590	0.68977	0.03321	0.01238	0.01424	0.01340	0.01022	0.01340	0.00905	0.01374	0.00703	0.00585	0.00700	0.00184	0.12018	0.00469	0.00234	0.00586
28	0.00763	0.00535	0.00691	0.00691	0.00730	0.00575	0.00463	0.00842	0.00803	0.01110	0.01561	0.02881	0.01671	0.49029	0.34739	0.00653	0.00890	0.00684	0.00305	0.00384
29	0.00718	0.00544	0.00665	0.00649	0.00790	0.00491	0.00496	0.00932	0.01386	0.01866	0.49863	0.04452	0.27239	0.01189	0.00632	0.00176	0.00273	0.06611	0.00547	0.00482
30	0.00636	0.00513	0.00567	0.00602	0.00733	0.00444	0.00433	0.00763	0.01160	0.01436	0.07883	0.27881	0.52257	0.01423	0.00640	0.00189	0.00279	0.01225	0.00495	0.00444
31	0.85155	0.01022	0.00777	0.00695	0.01022	0.01186	0.00573	0.01554	0.00900	0.02372	0.00736	0.00859	0.00573	0.00491	0.00327	0.00164	0.00409	0.00286	0.00327	0.00573
32	0.85155	0.01022	0.00777	0.00695	0.01022	0.01186	0.00573	0.01554	0.00900	0.02372	0.00736	0.00859	0.00573	0.00491	0.00327	0.00164	0.00409	0.00286	0.00327	0.00573
33	0.02372	0.00900	0.01227	0.00941	0.01350	0.00777	0.00777	0.02576	0.01513	0.78489	0.02086	0.01799	0.01309	0.00654	0.00532	0.00164	0.00450	0.00532	0.00654	0.00900
34	0.01413	0.81739	0.02770	0.00905	0.01357	0.02092	0.00905	0.01583	0.01074	0.01244	0.00735	0.00848	0.00678	0.00452	0.00339	0.00113	0.00565	0.00283	0.00226	0.00678
35	0.00644	0.00460	0.00613	0.00736	0.00767	0.00429	0.00491	0.00736	0.01012	0.01350	0.02914	0.81076	0.03497	0.01656	0.00675	0.00215	0.00307	0.01503	0.00491	0.00429
36	0.00852	0.00608	0.00852	0.00974	0.01095	0.00608	0.00852	0.01095	0.01217	0.01582	0.02799	0.05963	0.03042	0.01460	0.00730	0.00243	0.00487	0.74565	0.00487	0.00487
37	0.00768	0.00514	0.00585	0.00585	0.00588	0.00517	0.00331	0.00774	0.00771	0.01031	0.01658	0.03417	0.01904	0.79045	0.05041	0.00523	0.00540	0.00763	0.00319	0.00325
38	0.01096	0.00940	0.01096	0.00783	0.01253	0.00705	0.00626	0.01331	0.01096	0.01723	0.00940	0.01096	0.00783	0.00392	0.00392	0.00078	0.00392	0.00313	0.00313	0.84653
39	0.85155	0.01022	0.00777	0.00695	0.01022	0.01186	0.00573	0.01554	0.00900	0.02372	0.00736	0.00859	0.00573	0.00491	0.00327	0.00164	0.00409	0.00286	0.00327	0.00573
40	0.00625	0.00536	0.00536	0.00536	0.00714	0.00446	0.00402	0.00759	0.01205	0.01428	0.05355	0.05088	0.77909	0.01339	0.00625	0.00179	0.00268	0.01116	0.00491	0.00446
41	0.01687	0.01314	0.01474	0.05794	0.01645	0.03291	0.02400	0.49934	0.09540	0.02709	0.01429	0.08139	0.01164	0.00758	0.00632	0.02028	0.04216	0.00574	0.00478	0.00795
42	0.00649	0.00534	0.00571	0.00568	0.00730	0.00456	0.00423	0.00803	0.01253	0.01557	0.19053	0.07674	0.61295	0.01301	0.00626	0.00178	0.00266	0.01100	0.00508	0.00456
43	0.01168	0.02935	0.01148	0.00809	0.01266	0.00777	0.00652	0.01474	0.05545	0.04832	0.01051	0.01170	0.00850	0.00423	0.00404	0.00088	0.00400	0.00338	0.00338	0.74331
44	0.01470	0.03008	0.05479	0.00963	0.01415	0.00904	0.03804	0.08143	0.04282	0.19208	0.04111	0.01417	0.01091	0.00519	0.00463	0.00121	0.00462	0.00427	0.00419	0.42291
45	0.01079	0.04371	0.72432	0.01538	0.02297	0.01253	0.06452	0.01673	0.01123	0.01666	0.00951	0.01129	0.00678	0.00498	0.00506	0.00167	0.00783	0.00403	0.00226	0.00775
46	0.85155	0.01022	0.00777	0.00695	0.01022	0.01186	0.00573	0.01554	0.00900	0.02372	0.00736	0.00859	0.00573	0.00491	0.00327	0.00164	0.00409	0.00286	0.00327	0.00573
47	0.00688	0.00481	0.00612	0.00691	0.00714	0.00466	0.00444	0.00755	0.00928	0.01242	0.02454	0.53102	0.02904	0.26985	0.04722	0.00336	0.00420	0.01230	0.00428	0.00397
48	0.01128	0.00939	0.01099	0.00787	0.01255	0.00707	0.00630	0.01362	0.01107	0.03631	0.00968	0.01114	0.00796	0.00398	0.00395	0.00080	0.00393	0.00319	0.00322	0.82570
49	0.01941	0.01537	0.06928	0.01219	0.01667	0.01563	0.01056	0.67170	0.02331	0.05961	0.01271	0.01275	0.00896	0.00622	0.00525	0.00158	0.00588	0.00469	0.00509	0.02313
50	0.00781	0.00532	0.00609	0.00601	0.00601	0.00546	0.00346	0.00784	0.00770	0.01033	0.01636	0.03389	0.01884	0.78952	0.02661	0.00504	0.02964	0.00759	0.00318	0.00328
51	0.01413	0.01230	0.08706	0.03902	0.01606	0.01133	0.08898	0.29090	0.04414	0.07639	0.04582	0.20125	0.03151	0.00871	0.00576	0.00177	0.00540	0.00761	0.00464	0.00722
52	0.02281	0.00999	0.02823	0.00978	0.01397	0.00875	0.00821	0.10290	0.01599	0.67424	0.01953	0.01715	0.01242	0.00644	0.00528	0.00161	0.00469	0.00518	0.00625	0.02659
53	0.83145	0.01019	0.00788	0.00701	0.01030	0.01176	0.00577	0.01579	0.00915	0.04220	0.00769	0.00882	0.00590	0.00495	0.00332	0.00164	0.00410	0.00292	0.00335	0.00580
54	0.01120	0.02317	0.54556	0.01737	0.02440	0.01263	0.25660	0.01680	0.01158	0.01680	0.00987	0.01215	0.00712	0.00484	0.00541	0.00171	0.00816	0.00465	0.00237	0.00759
55	0.01100	0.00870	0.01006	0.00765	0.01165	0.00690	0.00606	0.01375	0.04843	0.06579	0.01853	0.03321	0.13923	0.00607	0.00452	0.00108	0.00374	0.00498	0.00379	0.59486
56	0.00918	0.00459	0.00689	0.00689	0.00689	0.00459	0.00459	0.00689	0.00689	0.00918	0.00918	0.01607	0.00918	0.01837	0.02066	0.84619	0.00459	0.00459	0.00230	0.00230
57	0.02250	0.00961	0.01252	0.00965	0.01363	0.00880	0.00795	0.12392	0.01643	0.64982	0.05385	0.01825	0.01419	0.00671	0.00535	0.00163	0.00458	0.00543	0.00634	0.00882
58	0.00744	0.00540	0.00700	0.00660	0.00787	0.00497	0.00495	0.00989	0.01486	0.02095	0.75213	0.03990	0.07636	0.01090	0.00624	0.00167	0.00250	0.00962	0.00579	0.00497
59	0.01283	0.01230	0.02086	0.03145	0.75268	0.01226	0.01577	0.01591	0.01204	0.01716	0.01155	0.01448	0.03680	0.00503	0.00527	0.00158	0.00615	0.00495	0.00270	0.00823
60	0.00748	0.00540	0.00707	0.00665	0.00790	0.00499	0.00499	0.00998	0.01496	0.02120	0.77844	0.03949	0.04988	0.01081	0.00624	0.00166	0.00249	0.00956	0.00582	0.00499
61	0.01096	0.00940	0.01096	0.00783	0.01253	0.00705	0.00626	0.01331	0.01096	0.01723	0.00940	0.01096	0.00783	0.00392	0.00392	0.00078	0.00392	0.00313	0.00313	0.84653
62	0.81172	0.01075	0.02735	0.00727	0.01068	0.01197	0.00617	0.03257	0.00941	0.02376	0.00754	0.00875	0.00582	0.00494	0.00336	0.00164	0.00422	0.00293	0.00329	0.00585
63	0.01975	0.02520	0.01498	0.01362	0.01634	0.79299	0.01021	0.02111	0.01498	0.01294	0.00817	0.00953	0.00681	0.00545	0.00477	0.00136	0.00953	0.00340	0.00272	0.00613
64	0.01235	0.04546	0.01250	0.00890	0.01307	0.00785	0.04744	0.01463	0.01154	0.11354	0.01307	0.07737	0.01144	0.00570	0.00454	0.00113	0.00430	0.03147	0.00370	0.56001
65	0.02292	0.00894	0.01205	0.00930	0.01321	0.00783	0.00761	0.04034	0.01500	0.73437	0.02050	0.01863	0.01328	0.04288	0.00629	0.00179	0.00455	0.00541	0.00637	0.00874
66	0.01249	0.00939	0.01113	0.00807	0.01266	0.00724	0.00648	0.01504	0.02541	0.10707	0.01096	0.01195	0.00860	0.00428	0.00411	0.00090	0.00399	0.00344	0.00357	0.73323
67	0.00625	0.00536	0.00536	0.00536	0.00714	0.00446	0.00402	0.00759	0.01205	0.01428	0.05355	0.05088	0.77909	0.01339	0.00625	0.00179	0.00268	0.01116	0.00491	0.00446
68	0.02372	0.00900	0.01227	0.00941	0.01350	0.00777	0.00777	0.02576	0.01513	0.78489	0.02086	0.01799	0.01309	0.00654	0.00532	0.00164	0.00450	0.00532	0.00654	0.00900
69	0.00748	0.00540	0.00707	0.00665	0.00790	0.00499	0.00499	0.00998	0.01496	0.02120	0.77844	0.03949	0.04988	0.01081	0.00624	0.00166	0.00249	0.00956	0.00582	0.00499
70	0.85155	0.01022	0.00777	0.00695	0.01022	0.01186	0.00573	0.01554	0.00900	0.02372	0.00736	0.00859	0.00573	0.00491	0.00327	0.00164	0.00409	0.00286	0.00327	0.00573
71	0.01561	0.01085	0.01195	0.01000	0.01312	0.01177	0.00793	0.24332	0.29832	0.12572	0.06266	0.02026	0.04111	0.04452	0.00631	0.00182	0.00450	0.00592	0.05645	0.00786
72	0.01315	0.01136	0.01195	0.01076	0.01375	0.01315	0.00837	0.02809	0.77168	0.02211	0.02152	0.01972	0.01614	0.00717	0.00538	0.00179	0.00418	0.00598	0.00538	0.00837
73	0.01364	0.01077	0.01173	0.01054	0.01348	0.01220	0.00828	0.02660	0.65407	0.08357	0.02160	0.02157	0.01652	0.00828	0.02483	0.00198	0.00449	0.04229	0.00539	0.00816
74	0.00846	0.00607	0.00843	0.00962	0.01085	0.00604	0.00840	0.01086	0.01217	0.01578	0.02867	0.05940	0.05036	0.01457	0.00727	0.00242	0.00481	0.72609	0.00487	0.00486
75	0.02009	0.01502	0.01585	0.01219	0.01639	0.03192	0.01005	0.74876	0.02466	0.03291	0.01260	0.01263	0.00895	0.00633	0.00528	0.00158	0.00589	0.00473	0.00524	0.00893
76	0.01975	0.03062	0.01584	0.01197	0.01611	0.03226	0.00989	0.71720	0.02407	0.03219	0.01259	0.01270	0.00900	0.00629	0.00521	0.00157	0.00582	0.00470	0.02341	0.00880
77	0.01575	0.02910	0.07904	0.01124	0.01499	0.05019	0.00960	0.16791	0.40421	0.11455	0.03500	0.01718	0.01373	0.00670	0.00528	0.00169	0.00509	0.00538	0.00506	0.00830
78	0.01146	0.02615	0.73636	0.01470	0.02227	0.01198	0.01877	0.01733	0.01142	0.06678	0.01023	0.01161	0.00711	0.00512	0.00504	0.00167	0.00760	0.00400	0.00251	0.00789
79	0.04346	0.00896	0.01206	0.00929	0.01331	0.00781	0.00767	0.02520	0.01498	0.75132	0.03553	0.01819	0.01364	0.00659	0.00528	0.00164	0.00445	0.00534	0.00645	0.00884
80	0.00744	0.00561	0.00798	0.02509	0.06193	0.00530	0.02136	0.00874	0.01070	0.02894	0.05169	0.62823	0.08751	0.01467	0.00652	0.00204	0.00347	0.01329	0.00471	0.00479
81	0.01300	0.01254	0.02160	0.04791	0.74593	0.01257	0.03605	0.01619	0.01202	0.01719	0.00995	0.01314	0.00834	0.00472	0.00526	0.00158	0.00637	0.00475	0.00261	0.00829
82	0.02335	0.00892	0.01215	0.00934	0.01337	0.00771	0.00771	0.02540	0.01513	0.76754	0.03807	0.01848	0.01392	0.00664	0.00534	0.00164	0.00445	0.00541	0.00653	0.00891
83	0.83088	0.01034	0.00797	0.00708	0.01038	0.01197	0.00583	0.03414	0.00939	0.02396	0.00749	0.00869	0.00581	0.00494	0.00332	0.00163	0.00413	0.00291	0.00332	0.00581
84	0.00652	0.00466	0.00623	0.00737	0.00770	0.00442	0.00494	0.00746	0.00999	0.01336	0.02817	0.75676	0.03361	0.03657	0.04261	0.00250	0.00362	0.01443	0.00477	0.00429
85	0.01002	0.00945	0.01586	0.78306	0.03588	0.01185	0.01461	0.01349	0.01051	0.01349	0.00934	0.01404	0.00704	0.00538	0.00557	0.00177	0.02573	0.00470	0.00235	0.00587
86	0.85155	0.01022	0.00777	0.00695	0.01022	0.01186	0.00573	0.01554	0.00900	0.02372	0.00736	0.00859	0.00573	0.00491	0.00327	0.00164	0.00409	0.00286	0.00327	0.00573
87	0.01308	0.01256	0.02146	0.03245	0.78123	0.01256	0.01622	0.01622	0.01204	0.01727	0.00994	0.01308	0.00837	0.00471	0.00523	0.00157	0.00628	0.00471	0.00262	0.00837
88	0.02331	0.00891	0.01214	0.00934	0.01336	0.00770	0.00770	0.02537	0.01513	0.76588	0.03972	0.01853	0.01400	0.00665	0.00534	0.00164	0.00445	0.00542	0.00653	0.00890
89	0.00644	0.00460	0.00613	0.00736	0.00767	0.00429	0.00491	0.00736	0.01012	0.01350	0.02914	0.81076	0.03497	0.01656	0.00675	0.00215	0.00307	0.01503	0.00491	0.00429
90	0.01065	0.01001	0.01684	0.58688	0.21518	0.01170	0.01464	0.01395	0.01082	0.01430	0.00979	0.01459	0.00781	0.03451	0.00606	0.00184	0.00679	0.00481	0.00244	0.00638
91	0.00632	0.00536	0.00546	0.00543	0.00719	0.00450	0.00408	0.00773	0.01223	0.01470	0.09789	0.05018	0.73449	0.01323	0.00625	0.00178	0.00267	0.01106	0.00496	0.00450
92	0.01255	0.00922	0.00996	0.00927	0.01155	0.03775	0.00724	0.05227	0.32800	0.08599	0.05493	0.12086	0.02024	0.00901	0.00553	0.00178	0.00410	0.08936	0.12353	0.00685
93	0.01157	0.01157	0.01619	0.01388	0.01388	0.01619	0.01157	0.01272	0.00810	0.01272	0.00694	0.01157	0.00694	0.00925	0.01735	0.00231	0.80453	0.00463	0.00231	0.00578
94	0.00784	0.00591	0.00863	0.00851	0.00938	0.00696	0.00659	0.00963	0.00854	0.01248	0.01403	0.02089	0.01319	0.07174	0.69094	0.00777	0.05276	0.00568	0.03383	0.00471
95	0.00756	0.00564	0.00837	0.00837	0.00927	0.00654	0.00645	0.00936	0.00846	0.01218	0.01428	0.02143	0.01350	0.07657	0.75673	0.00834	0.01373	0.00576	0.00285	0.00465
96	0.02885	0.01002	0.01600	0.56082	0.09689	0.01229	0.01377	0.01366	0.01031	0.01411	0.00903	0.01336	0.00715	0.00577	0.00701	0.00178	0.12829	0.00458	0.00242	0.04390
97	0.01413	0.81739	0.02770	0.00905	0.01357	0.02092	0.00905	0.01583	0.01074	0.01244	0.00735	0.00848	0.00678	0.00452	0.00339	0.00113	0.00565	0.00283	0.00226	0.00678
98	0.01216	0.00894	0.01011	0.00923	0.01125	0.00955	0.00698	0.22603	0.14712	0.03929	0.02191	0.27167	0.04039	0.11338	0.00865	0.00230	0.00442	0.04535	0.00492	0.00634
99	0.00644	0.00460	0.00613	0.00736	0.00767	0.00429	0.00491	0.00736	0.01012	0.01350	0.02914	0.81076	0.03497	0.01656	0.00675	0.00215	0.00307	0.01503	0.00491	0.00429
100	0.00918	0.00459	0.00689	0.00689	0.00689	0.00459	0.00459	0.00689	0.00689	0.00918	0.00918	0.01607	0.00918	0.01837	0.02066	0.84619	0.00459	0.00459	0.00230	0.00230
101	0.04835	0.13079	0.54189	0.01349	0.02017	0.01329	0.03139	0.05087	0.01196	0.07609	0.01015	0.01135	0.00729	0.00511	0.00479	0.00159	0.00704	0.00391	0.00276	0.00772
102	0.01923	0.01416	0.01525	0.01186	0.01584	0.01563	0.00972	0.71559	0.02392	0.03206	0.01374	0.06336	0.01064	0.00699	0.00538	0.00162	0.00564	0.00541	0.00526	0.00869
103	0.01784	0.00776	0.01044	0.00842	0.01153	0.00679	0.00678	0.02005	0.01499	0.50516	0.28351	0.02532	0.02575	0.00797	0.00561	0.00163	0.00379	0.00675	0.00623	0.02369
104	0.01140	0.20651	0.61467	0.01370	0.02077	0.01424	0.01715	0.01654	0.01107	0.01577	0.00900	0.01055	0.00672	0.00491	0.00465	0.00155	0.00732	0.00366	0.00224	0.00758
105	0.64077	0.01242	0.00946	0.00884	0.03485	0.12478	0.00680	0.04334	0.01070	0.02218	0.02472	0.00990	0.00719	0.00518	0.00369	0.00159	0.00494	0.00325	0.01944	0.00595
106	0.01053	0.00908	0.01294	0.24517	0.01861	0.01135	0.01018	0.01279	0.00972	0.01482	0.01038	0.01439	0.00872	0.00811	0.03836	0.00202	0.30112	0.00464	0.18654	0.07055
107	0.00841	0.00666	0.00946	0.00906	0.00982	0.00803	0.00702	0.02608	0.00874	0.01260	0.01360	0.03481	0.01323	0.11691	0.56584	0.00696	0.12922	0.00588	0.00289	0.00480
108	0.00781	0.00549	0.00708	0.00663	0.00799	0.00502	0.00499	0.01021	0.01477	0.04007	0.71015	0.03972	0.09835	0.01087	0.00621	0.00167	0.00256	0.00956	0.00578	0.00505
109	0.01096	0.00940	0.01096	0.00783	0.01253	0.00705	0.00626	0.01331	0.01096	0.01723	0.00940	0.01096	0.00783	0.00392	0.00392	0.00078	0.00392	0.00313	0.00313	0.84653
110	0.01975	0.02520	0.01498	0.01362	0.01634	0.79299	0.01021	0.02111	0.01498	0.01294	0.00817	0.00953	0.00681	0.00545	0.00477	0.00136	0.00953	0.00340	0.00272	0.00613
111	0.08129	0.01286	0.16585	0.01041	0.01518	0.00915	0.01001	0.03915	0.01411	0.56071	0.01744	0.01584	0.01119	0.00612	0.00511	0.00164	0.00516	0.00485	0.00542	0.00852

[dist]
# distance from previous block
# <min> <max>
0	4

[block]
# block no. 3 follows, 46 sequences, length 10
# corresponding to MSA columns:
# 266-275
name=unknown_D
#
# <colnr> <probs for GDERKNQSTAVLIFYWHMCP>
#	G	D	E	R	K	N	Q	S	T	A	V	L	I	F	Y	W	H	M	C	P
0	0.13221	0.65974	0.02419	0.00901	0.01325	0.06267	0.00864	0.01608	0.01073	0.01405	0.00740	0.00855	0.00664	0.00463	0.00345	0.00121	0.00565	0.00286	0.00243	0.00660
1	0.00889	0.00582	0.00747	0.00716	0.00875	0.00532	0.00562	0.01113	0.01404	0.08752	0.46795	0.04269	0.16905	0.01147	0.00632	0.00180	0.00308	0.12510	0.00558	0.00524
2	0.00735	0.00540	0.00689	0.00652	0.00782	0.00493	0.00489	0.00973	0.01466	0.02048	0.70275	0.04068	0.12602	0.01108	0.00624	0.00168	0.00251	0.00973	0.00572	0.00493
3	0.00880	0.00627	0.00747	0.00726	0.00825	0.00631	0.00517	0.08740	0.01184	0.01591	0.15881	0.12024	0.07602	0.33032	0.04912	0.00346	0.00471	0.08374	0.00434	0.00457
4	0.10577	0.02429	0.64377	0.01414	0.02124	0.01208	0.04351	0.01649	0.01096	0.01756	0.00929	0.01097	0.00667	0.00495	0.00483	0.00164	0.00729	0.00384	0.00240	0.03833
5	0.01396	0.76305	0.02693	0.00937	0.01359	0.02060	0.00922	0.01562	0.01056	0.01246	0.00732	0.00869	0.00679	0.00484	0.00433	0.00121	0.05952	0.00295	0.00226	0.00672
6	0.01090	0.00940	0.01128	0.05926	0.01408	0.00735	0.00681	0.01332	0.01094	0.01699	0.00940	0.01117	0.00778	0.00400	0.00400	0.00085	0.00412	0.00323	0.00308	0.79205
7	0.02015	0.03771	0.01439	0.01119	0.01492	0.15618	0.00905	0.31585	0.04696	0.26015	0.04916	0.01510	0.01190	0.00642	0.00519	0.00156	0.00588	0.00489	0.00514	0.00820
8	0.00855	0.00631	0.00776	0.00788	0.00884	0.00660	0.00558	0.06146	0.09012	0.01520	0.04993	0.35157	0.04197	0.15339	0.13885	0.02110	0.00554	0.01011	0.00433	0.00491
9	0.01484	0.00996	0.01167	0.00983	0.01252	0.02989	0.02883	0.27736	0.03150	0.14598	0.10926	0.20168	0.03962	0.04358	0.00669	0.00189	0.00463	0.00808	0.00523	0.00695

[dist]
# distance from previous block
# <min> <max>
31	53

[block]
# block no. 4 follows, 46 sequences, length 24
# corresponding to MSA columns:
# 333-356
name=unknown_E
#
# <colnr> <probs for GDERKNQSTAVLIFYWHMCP>
#	G	D	E	R	K	N	Q	S	T	A	V	L	I	F	Y	W	H	M	C	P
0	0.15155	0.08129	0.01169	0.00868	0.01150	0.03044	0.02655	0.13318	0.01399	0.11425	0.13625	0.06285	0.11569	0.02664	0.05100	0.00210	0.00495	0.00654	0.00453	0.00633
1	0.06942	0.05142	0.08138	0.10008	0.19478	0.07016	0.05469	0.07141	0.05221	0.09608	0.01224	0.01397	0.02812	0.00589	0.00612	0.00167	0.07494	0.00471	0.00336	0.00737
2	0.03236	0.10934	0.09359	0.04658	0.11114	0.27307	0.01119	0.06681	0.03361	0.03192	0.08276	0.01451	0.02604	0.00613	0.00542	0.00152	0.03942	0.00456	0.00324	0.00679
3	0.04561	0.22688	0.29575	0.01240	0.03622	0.10833	0.02753	0.03626	0.04371	0.01641	0.07314	0.01403	0.03099	0.00574	0.00468	0.00150	0.00653	0.00435	0.00293	0.00700
4	0.02886	0.04271	0.04280	0.00878	0.01186	0.02379	0.00729	0.07394	0.17028	0.15770	0.11082	0.05093	0.18953	0.00866	0.00548	0.00165	0.00410	0.00715	0.00505	0.04861
5	0.01476	0.03677	0.10160	0.00974	0.01354	0.01035	0.00869	0.19051	0.08668	0.17272	0.06312	0.02272	0.14140	0.04052	0.00622	0.00174	0.00477	0.00617	0.00483	0.06316
6	0.04541	0.11201	0.48153	0.01354	0.04325	0.01249	0.03471	0.03490	0.03744	0.01758	0.09220	0.02870	0.01226	0.00587	0.00498	0.00162	0.00657	0.00472	0.00292	0.00729
7	0.04029	0.09636	0.25874	0.01657	0.04334	0.04950	0.27365	0.01610	0.01148	0.01611	0.02975	0.01304	0.00861	0.00667	0.03882	0.00197	0.06458	0.00485	0.00258	0.00700
8	0.00724	0.00535	0.00649	0.00658	0.00789	0.00480	0.00491	0.00903	0.01287	0.03216	0.32451	0.18907	0.29894	0.01293	0.00638	0.00184	0.00285	0.05612	0.00529	0.00475
9	0.01307	0.00912	0.01024	0.00906	0.01180	0.00963	0.00708	0.02177	0.40794	0.15396	0.13635	0.02728	0.14284	0.00859	0.00563	0.00175	0.00375	0.00721	0.00557	0.00736
10	0.09314	0.05075	0.08096	0.01024	0.01416	0.07642	0.00895	0.09695	0.09745	0.31916	0.04768	0.04111	0.01309	0.00658	0.00504	0.00161	0.00519	0.00516	0.00495	0.02139
11	0.17021	0.40227	0.06384	0.03023	0.01430	0.03550	0.00922	0.09557	0.02439	0.04905	0.02948	0.01077	0.00839	0.00531	0.00440	0.00141	0.03212	0.00356	0.00310	0.00688
12	0.00859	0.00584	0.00759	0.00778	0.00915	0.00552	0.00615	0.01100	0.03203	0.06258	0.30843	0.15765	0.11820	0.01269	0.00655	0.00197	0.00345	0.22440	0.00534	0.00511
13	0.15561	0.08143	0.01534	0.01202	0.04661	0.15708	0.03240	0.30128	0.04151	0.05684	0.01268	0.01317	0.03969	0.00599	0.00477	0.00154	0.00608	0.00441	0.00409	0.00746
14	0.12099	0.32968	0.26147	0.04343	0.01724	0.04676	0.01220	0.04952	0.03361	0.02857	0.00900	0.01027	0.00710	0.00499	0.00419	0.00145	0.00629	0.00349	0.00269	0.00709
15	0.00659	0.00470	0.00624	0.00734	0.00772	0.00440	0.00496	0.00761	0.01038	0.01390	0.07082	0.72704	0.03527	0.03713	0.00726	0.00221	0.00314	0.03404	0.00491	0.00432
16	0.01411	0.01524	0.04435	0.02694	0.55505	0.15807	0.03398	0.01736	0.03457	0.01646	0.01005	0.01276	0.00836	0.00572	0.02309	0.00170	0.00712	0.00454	0.00271	0.00782
17	0.00775	0.00542	0.00689	0.00708	0.00807	0.00508	0.00504	0.03297	0.01265	0.03666	0.31868	0.38077	0.09620	0.04271	0.00717	0.00201	0.00302	0.01178	0.00525	0.00480
18	0.04794	0.01123	0.03738	0.01105	0.04780	0.01106	0.00870	0.14778	0.24461	0.14749	0.05409	0.01899	0.01454	0.00675	0.00518	0.00159	0.00463	0.04359	0.00491	0.13068
19	0.08276	0.28222	0.36071	0.01202	0.01781	0.05569	0.02921	0.01672	0.01119	0.04023	0.00893	0.01026	0.00693	0.00486	0.00432	0.00144	0.00664	0.00350	0.00254	0.04202
20	0.01634	0.31740	0.06740	0.01143	0.01541	0.23866	0.01011	0.13774	0.10647	0.01734	0.01028	0.01098	0.00827	0.00543	0.00443	0.00138	0.00674	0.00375	0.00325	0.00720
21	0.07582	0.09326	0.03079	0.02604	0.07669	0.02283	0.00767	0.02634	0.06411	0.08232	0.29661	0.02482	0.06408	0.00883	0.03013	0.00177	0.00440	0.00653	0.00450	0.05246
22	0.04129	0.05439	0.05804	0.01017	0.01377	0.01229	0.00870	0.31961	0.10501	0.07973	0.12266	0.04325	0.01655	0.00708	0.00517	0.00157	0.00478	0.00568	0.04494	0.04531
23	0.06710	0.10767	0.01406	0.00985	0.01346	0.02994	0.03118	0.05511	0.15779	0.32207	0.07588	0.01886	0.01522	0.00674	0.00509	0.00161	0.00471	0.02884	0.00514	0.02967

[dist]
# distance from previous block
# <min> <max>
4	16

[block]
# block no. 5 follows, 46 sequences, length 26
# corresponding to MSA columns:
# 373-398
name=unknown_F
#
# <colnr> <probs for GDERKNQSTAVLIFYWHMCP>
#	G	D	E	R	K	N	Q	S	T	A	V	L	I	F	Y	W	H	M	C	P
0	0.01280	0.01351	0.01822	0.04575	0.01766	0.11984	0.17070	0.03463	0.05425	0.01509	0.03242	0.01424	0.02481	0.00804	0.02739	0.00207	0.35895	0.00516	0.00288	0.02161
1	0.04426	0.03089	0.01245	0.01039	0.01328	0.10824	0.00821	0.16281	0.23867	0.05383	0.03467	0.07000	0.08032	0.00780	0.00597	0.00167	0.05191	0.00609	0.00457	0.05396
2	0.00753	0.00504	0.00662	0.00750	0.00808	0.00475	0.00514	0.00886	0.02668	0.04999	0.05471	0.67776	0.03330	0.04892	0.00749	0.00223	0.00327	0.03258	0.00495	0.00459
3	0.01858	0.01403	0.01574	0.01222	0.01625	0.01547	0.04484	0.61806	0.10840	0.03079	0.01376	0.01382	0.00992	0.00634	0.00529	0.00161	0.00566	0.00497	0.03558	0.00869
4	0.02735	0.01038	0.01134	0.00974	0.01271	0.01123	0.00765	0.15638	0.37363	0.03942	0.15443	0.04079	0.03990	0.00774	0.00542	0.00165	0.00410	0.00645	0.00523	0.07445
5	0.03148	0.02491	0.64308	0.01425	0.02127	0.04861	0.01748	0.03416	0.02931	0.07189	0.01053	0.01174	0.00740	0.00523	0.00501	0.00166	0.00745	0.00403	0.00272	0.00781
6	0.03706	0.32208	0.47985	0.01257	0.01902	0.01549	0.01520	0.01637	0.01094	0.01534	0.00862	0.01008	0.00670	0.00483	0.00436	0.00147	0.00689	0.00347	0.00227	0.00737
7	0.00711	0.00539	0.00657	0.00638	0.00777	0.00485	0.00481	0.00921	0.01385	0.01869	0.51001	0.06138	0.27476	0.01187	0.00629	0.00174	0.00265	0.03638	0.00548	0.00481
8	0.01413	0.81739	0.02770	0.00905	0.01357	0.02092	0.00905	0.01583	0.01074	0.01244	0.00735	0.00848	0.00678	0.00452	0.00339	0.00113	0.00565	0.00283	0.00226	0.00678
9	0.01903	0.01050	0.01273	0.01059	0.02998	0.01055	0.00841	0.24479	0.08746	0.36106	0.03337	0.06507	0.03482	0.00768	0.00552	0.00170	0.00475	0.03796	0.00575	0.00828
10	0.00700	0.00533	0.00724	0.00805	0.00837	0.00557	0.00565	0.00800	0.00982	0.01334	0.02607	0.68400	0.03090	0.01736	0.05856	0.00257	0.07972	0.01344	0.00453	0.00446
11	0.00644	0.00460	0.00613	0.00736	0.00767	0.00429	0.00491	0.00736	0.01012	0.01350	0.02914	0.81076	0.03497	0.01656	0.00675	0.00215	0.00307	0.01503	0.00491	0.00429
12	0.01391	0.76734	0.07579	0.00943	0.01416	0.02037	0.00971	0.01589	0.01077	0.01271	0.00749	0.00865	0.00678	0.00455	0.00350	0.00117	0.00579	0.00290	0.00226	0.00685
13	0.01226	0.01190	0.02063	0.16235	0.53421	0.01224	0.08695	0.01584	0.03178	0.01662	0.01171	0.01483	0.03451	0.00514	0.00538	0.00164	0.00649	0.00511	0.00273	0.00769
14	0.00985	0.00493	0.00493	0.00493	0.00616	0.00493	0.00370	0.01232	0.01109	0.01971	0.01725	0.01971	0.01355	0.00616	0.00370	0.00123	0.00246	0.00493	0.84356	0.00493
15	0.00644	0.00460	0.00613	0.00736	0.00767	0.00429	0.00491	0.00736	0.01012	0.01350	0.02914	0.81076	0.03497	0.01656	0.00675	0.00215	0.00307	0.01503	0.00491	0.00429
