[name]
unknown

[dist]
# distance from previous block
# <min> <max>
42	124

[block]
# block no. 0 follows, 46 sequences, length 30
# corresponding to MSA columns:
# 205-234
name=unknown_A
#
# <colnr> <probs for GDERKNQSTAVLIFYWHMCP>
#	G	D	E	R	K	N	Q	S	T	A	V	L	I	F	Y	W	H	M	C	P
0	0.03636	0.08254	0.44597	0.01177	0.01762	0.01090	0.01370	0.01498	0.01162	0.01739	0.12836	0.01522	0.01356	0.00568	0.00483	0.00147	0.00602	0.00453	0.00298	0.15449
1	0.08732	0.01119	0.01165	0.06641	0.01438	0.08406	0.00770	0.11709	0.04348	0.08176	0.08786	0.02776	0.01325	0.02377	0.00518	0.00141	0.00488	0.00468	0.00400	0.30216
2	0.03912	0.27615	0.21003	0.08174	0.05140	0.05063	0.02518	0.08662	0.01287	0.10469	0.01031	0.01146	0.00777	0.00517	0.00454	0.00148	0.00641	0.00389	0.00311	0.00743
3	0.63551	0.08124	0.01057	0.00777	0.01130	0.01261	0.00654	0.07379	0.01095	0.09607	0.00906	0.00979	0.00677	0.00514	0.00363	0.00159	0.00440	0.00324	0.00365	0.00638
4	0.07756	0.00948	0.01051	0.00915	0.01175	0.01027	0.00714	0.13396	0.25547	0.10278	0.13027	0.03681	0.03612	0.06838	0.06355	0.00244	0.00492	0.00638	0.01608	0.00699
5	0.57509	0.01111	0.00923	0.00810	0.01127	0.08532	0.00655	0.01724	0.01051	0.14366	0.01012	0.01112	0.00758	0.00788	0.06420	0.00213	0.00545	0.00352	0.00371	0.00621
6	0.01776	0.00848	0.01105	0.00854	0.01229	0.00711	0.00692	0.01996	0.01407	0.46286	0.14826	0.01994	0.01811	0.00662	0.00513	0.00143	0.00401	0.00550	0.00557	0.21640
7	0.02023	0.00907	0.01176	0.00924	0.01302	0.00818	0.00752	0.04052	0.08719	0.56922	0.08629	0.01938	0.01611	0.00677	0.00530	0.00159	0.00428	0.00557	0.00608	0.07268
8	0.09912	0.00965	0.04658	0.00920	0.01285	0.00838	0.00779	0.06618	0.01455	0.50569	0.08563	0.07902	0.01675	0.00745	0.00530	0.00168	0.00441	0.00610	0.00577	0.00792
9	0.01113	0.01127	0.08000	0.01081	0.08676	0.00803	0.00838	0.01389	0.01108	0.01719	0.00946	0.01118	0.00778	0.00409	0.00414	0.00094	0.00448	0.00335	0.00300	0.69302
10	0.08890	0.01236	0.01284	0.01087	0.01428	0.01407	0.00867	0.26221	0.46595	0.02584	0.01745	0.01650	0.01294	0.00671	0.00517	0.00171	0.00470	0.00531	0.00517	0.00834
11	0.01025	0.00940	0.01454	0.58789	0.02998	0.01048	0.01242	0.01345	0.01068	0.01451	0.00940	0.01325	0.00726	0.00492	0.00492	0.00150	0.00620	0.00428	0.00256	0.23213
12	0.85155	0.01022	0.00777	0.00695	0.01022	0.01186	0.00573	0.01554	0.00900	0.02372	0.00736	0.00859	0.00573	0.00491	0.00327	0.00164	0.00409	0.00286	0.00327	0.00573
13	0.01250	0.42402	0.35546	0.01251	0.01851	0.01670	0.06279	0.01630	0.01104	0.01459	0.00849	0.01001	0.00683	0.00473	0.00428	0.00141	0.00680	0.00352	0.00228	0.00725
14	0.00918	0.00831	0.01280	0.29018	0.14497	0.00886	0.03432	0.01205	0.03131	0.01500	0.04502	0.10623	0.22715	0.00879	0.00572	0.00176	0.00507	0.00777	0.01971	0.00579
15	0.00758	0.00517	0.00619	0.00628	0.00644	0.00528	0.00383	0.00792	0.00799	0.01079	0.01721	0.08985	0.01950	0.64198	0.13759	0.00540	0.00630	0.00793	0.00327	0.00351
16	0.00643	0.00463	0.00610	0.00727	0.00765	0.00430	0.00487	0.00737	0.01020	0.01353	0.03019	0.77809	0.06696	0.01643	0.00673	0.00213	0.00305	0.01486	0.00491	0.00430
17	0.10100	0.02105	0.48208	0.08401	0.02290	0.01224	0.13116	0.03268	0.01136	0.01752	0.01002	0.03260	0.00762	0.00528	0.00510	0.00170	0.00735	0.00453	0.00256	0.00725
18	0.01189	0.01343	0.07455	0.49149	0.02856	0.12694	0.01367	0.03336	0.02487	0.01422	0.00954	0.02496	0.00760	0.00597	0.00657	0.00176	0.09729	0.00462	0.00256	0.00615
19	0.01432	0.01271	0.02473	0.03758	0.02285	0.01280	0.47448	0.01773	0.01215	0.15672	0.01187	0.01447	0.00874	0.00570	0.00799	0.00185	0.14706	0.00575	0.00331	0.00721
20	0.01046	0.01031	0.01949	0.12298	0.10308	0.01039	0.30033	0.01357	0.01153	0.01556	0.01632	0.16717	0.01625	0.00854	0.00666	0.00194	0.03580	0.12006	0.00336	0.00618
21	0.09805	0.01036	0.01248	0.07911	0.01530	0.01072	0.00849	0.22500	0.03999	0.31471	0.10173	0.01782	0.01498	0.00729	0.01865	0.00176	0.00498	0.00538	0.00534	0.00786
22	0.01201	0.02654	0.01129	0.07110	0.07478	0.00857	0.00804	0.04164	0.04577	0.14955	0.17422	0.07564	0.07849	0.07474	0.01971	0.00216	0.06239	0.05257	0.00461	0.00618
23	0.01492	0.10891	0.28087	0.08848	0.02061	0.01230	0.10227	0.06214	0.01309	0.20799	0.03005	0.01394	0.00961	0.00551	0.00512	0.00162	0.00656	0.00467	0.00363	0.00773
24	0.02036	0.15724	0.01630	0.01020	0.01433	0.01048	0.06560	0.02255	0.01412	0.54974	0.05228	0.01695	0.01323	0.00621	0.00508	0.00156	0.00496	0.00513	0.00543	0.00827
25	0.01787	0.01121	0.08087	0.01098	0.02702	0.00946	0.05106	0.14321	0.02612	0.38523	0.05263	0.09430	0.05025	0.00769	0.00556	0.00170	0.00497	0.00653	0.00540	0.00794
26	0.01511	0.04744	0.02986	0.03881	0.31009	0.01048	0.01107	0.06298	0.03175	0.22189	0.01878	0.07896	0.08527	0.00710	0.00539	0.00165	0.00516	0.00621	0.00426	0.00774
27	0.03211	0.00762	0.00939	0.06332	0.05673	0.00790	0.00694	0.07661	0.11120	0.01841	0.18822	0.19094	0.14328	0.05479	0.00708	0.00198	0.00387	0.00916	0.00475	0.00573
28	0.00981	0.00833	0.06782	0.00815	0.01033	0.00702	0.00680	0.08351	0.04937	0.06102	0.41329	0.13683	0.09567	0.01052	0.00603	0.00174	0.00349	0.00914	0.00532	0.00582
29	0.08924	0.00772	0.01099	0.03569	0.22723	0.00774	0.00856	0.01115	0.01085	0.01576	0.03651	0.32511	0.08113	0.04725	0.00685	0.00204	0.00436	0.06220	0.00397	0.00564

[dist]
# distance from previous block
# <min> <max>
6	45

[block]
# block no. 1 follows, 46 sequences, length 23
# corresponding to MSA columns:
# 280-302
name=unknown_B
#
# <colnr> <probs for GDERKNQSTAVLIFYWHMCP>
#	G	D	E	R	K	N	Q	S	T	A	V	L	I	F	Y	W	H	M	C	P
0	0.03947	0.15984	0.10914	0.09480	0.08714	0.02398	0.02260	0.06915	0.04226	0.07561	0.03975	0.04912	0.04719	0.03522	0.00564	0.00163	0.00551	0.00517	0.00348	0.08329
1	0.04803	0.01230	0.01547	0.01799	0.27707	0.11675	0.03802	0.06766	0.01406	0.14973	0.11996	0.05254	0.01634	0.00683	0.00540	0.00162	0.00570	0.02310	0.00411	0.00734
2	0.05958	0.02372	0.01081	0.07105	0.06186	0.00810	0.00764	0.06586	0.01343	0.17248	0.14053	0.10572	0.11816	0.00900	0.00557	0.00169	0.00419	0.04903	0.00479	0.06680
3	0.01152	0.00989	0.03745	0.03630	0.14626	0.05552	0.02421	0.07808	0.01242	0.05952	0.09584	0.15298	0.01964	0.18739	0.01034	0.00244	0.00517	0.00749	0.00393	0.04362
4	0.01279	0.01146	0.01817	0.06735	0.47909	0.03162	0.04646	0.05583	0.01309	0.04126	0.12474	0.01726	0.01463	0.00629	0.00598	0.03191	0.00582	0.00548	0.00334	0.00745
5	0.03821	0.00770	0.00989	0.03397	0.08076	0.00759	0.00710	0.06132	0.07037	0.07175	0.26494	0.18269	0.07462	0.00994	0.00580	0.00171	0.00371	0.00870	0.00493	0.05432
6	0.01700	0.07721	0.01577	0.04557	0.06689	0.15728	0.00976	0.32755	0.01771	0.05004	0.01257	0.01332	0.03854	0.00583	0.00489	0.00141	0.00614	0.00440	0.00401	0.12412
7	0.04293	0.01388	0.01369	0.07166	0.03077	0.14158	0.00951	0.22133	0.20853	0.02194	0.05612	0.02830	0.01270	0.00672	0.00589	0.00163	0.05381	0.00512	0.00428	0.04960
8	0.09886	0.04582	0.01305	0.01041	0.01348	0.12546	0.03752	0.18574	0.01552	0.17963	0.05809	0.14752	0.01604	0.00806	0.00531	0.00167	0.00538	0.02073	0.00470	0.00701
9	0.01197	0.03574	0.07153	0.00928	0.01206	0.00792	0.05265	0.03037	0.07293	0.16870	0.30942	0.09420	0.06464	0.02689	0.00628	0.00178	0.00411	0.00799	0.00515	0.00640
10	0.01694	0.00945	0.01170	0.00909	0.01293	0.00857	0.00737	0.10383	0.05454	0.33681	0.06547	0.01702	0.01366	0.00821	0.05597	0.00184	0.00496	0.00495	0.00506	0.25163
11	0.06276	0.00946	0.00996	0.00827	0.01101	0.01013	0.00664	0.29996	0.03988	0.07573	0.01532	0.01629	0.01142	0.00622	0.00444	0.00143	0.00402	0.00480	0.39537	0.00689
12	0.00985	0.00493	0.00493	0.00493	0.00616	0.00493	0.00370	0.01232	0.01109	0.01971	0.01725	0.01971	0.01355	0.00616	0.00370	0.00123	0.00246	0.00493	0.84356	0.00493
13	0.00755	0.00566	0.00850	0.00850	0.00944	0.00661	0.00661	0.00944	0.00850	0.01227	0.01416	0.02077	0.01322	0.03965	0.79326	0.00850	0.01416	0.00566	0.00283	0.00472
14	0.85155	0.01022	0.00777	0.00695	0.01022	0.01186	0.00573	0.01554	0.00900	0.02372	0.00736	0.00859	0.00573	0.00491	0.00327	0.00164	0.00409	0.00286	0.00327	0.00573
15	0.00985	0.00493	0.00493	0.00493	0.00616	0.00493	0.00370	0.01232	0.01109	0.01971	0.01725	0.01971	0.01355	0.00616	0.00370	0.00123	0.00246	0.00493	0.84356	0.00493
16	0.85155	0.01022	0.00777	0.00695	0.01022	0.01186	0.00573	0.01554	0.00900	0.02372	0.00736	0.00859	0.00573	0.00491	0.00327	0.00164	0.00409	0.00286	0.00327	0.00573
17	0.02350	0.00935	0.01248	0.00957	0.01367	0.00829	0.00791	0.07018	0.01572	0.73965	0.02036	0.01767	0.01284	0.00653	0.00531	0.00163	0.00458	0.00528	0.00647	0.00900
18	0.01026	0.00868	0.01016	0.00757	0.01168	0.00664	0.00598	0.01251	0.01131	0.01724	0.07282	0.04209	0.05844	0.00544	0.00433	0.00096	0.00370	0.00451	0.00351	0.70216
19	0.00644	0.00460	0.00613	0.00736	0.00767	0.00429	0.00491	0.00736	0.01012	0.01350	0.02914	0.81076	0.03497	0.01656	0.00675	0.00215	0.00307	0.01503	0.00491	0.00429
20	0.01231	0.01377	0.02848	0.02076	0.02515	0.01388	0.62648	0.01617	0.01169	0.01617	0.01002	0.01377	0.00783	0.00532	0.00825	0.00188	0.15262	0.00595	0.00261	0.00689
21	0.01267	0.01075	0.01149	0.01035	0.01316	0.01230	0.00805	0.05643	0.64634	0.02172	0.04447	0.04173	0.04141	0.00887	0.03412	0.00203	0.00449	0.00642	0.00527	0.00793
22	0.03409	0.03015	0.06287	0.07553	0.01687	0.01288	0.03932	0.37109	0.06037	0.09014	0.06321	0.07270	0.01398	0.02535	0.00588	0.00175	0.00550	0.00590	0.00472	0.00772

[dist]
# distance from previous block
# <min> <max>
0	1

[block]
# block no. 2 follows, 46 sequences, length 7
# corresponding to MSA columns:
# 304-310
name=unknown_C
#
# <colnr> <probs for GDERKNQSTAVLIFYWHMCP>
#	G	D	E	R	K	N	Q	S	T	A	V	L	I	F	Y	W	H	M	C	P
0	0.01187	0.22089	0.45582	0.01427	0.02067	0.01461	0.11299	0.01719	0.05453	0.01600	0.00980	0.01139	0.00743	0.00495	0.00480	0.00156	0.00721	0.00406	0.00248	0.00750
1	0.01232	0.03791	0.21772	0.01096	0.01502	0.02732	0.04650	0.06641	0.06212	0.11463	0.20235	0.06545	0.03849	0.00782	0.00554	0.00167	0.00519	0.02326	0.00438	0.03493
2	0.10930	0.44541	0.11910	0.00993	0.01434	0.09308	0.00982	0.01683	0.01156	0.06985	0.05034	0.01129	0.00943	0.00521	0.00401	0.00134	0.00588	0.00357	0.00292	0.00679
3	0.02182	0.01061	0.01309	0.01019	0.01421	0.01034	0.00837	0.20088	0.09200	0.53158	0.01899	0.01691	0.01242	0.00656	0.00532	0.00164	0.00478	0.00525	0.00613	0.00893
4	0.01096	0.00940	0.01096	0.00783	0.01253	0.00705	0.00626	0.01331	0.01096	0.01723	0.00940	0.01096	0.00783	0.00392	0.00392	0.00078	0.00392	0.00313	0.00313	0.84653
5	0.85155	0.01022	0.00777	0.00695	0.01022	0.01186	0.00573	0.01554	0.00900	0.02372	0.00736	0.00859	0.00573	0.00491	0.00327	0.00164	0.00409	0.00286	0.00327	0.00573
6	0.00787	0.00594	0.00836	0.00820	0.00884	0.00691	0.00611	0.00924	0.00827	0.01180	0.01427	0.02354	0.01426	0.22899	0.54960	0.00723	0.06715	0.00609	0.00289	0.00442

[dist]
# distance from previous block
# <min> <max>
0	25

[block]
# block no. 3 follows, 46 sequences, length 62
# corresponding to MSA columns:
# 336-397
name=unknown_D
#
# <colnr> <probs for GDERKNQSTAVLIFYWHMCP>
#	G	D	E	R	K	N	Q	S	T	A	V	L	I	F	Y	W	H	M	C	P
0	0.01308	0.01256	0.02146	0.03245	0.78123	0.01256	0.01622	0.01622	0.01204	0.01727	0.00994	0.01308	0.00837	0.00471	0.00523	0.00157	0.00628	0.00471	0.00262	0.00837
1	0.01308	0.01256	0.02146	0.03245	0.78123	0.01256	0.01622	0.01622	0.01204	0.01727	0.00994	0.01308	0.00837	0.00471	0.00523	0.00157	0.00628	0.00471	0.00262	0.00837
2	0.01244	0.01186	0.02018	0.16742	0.63296	0.01227	0.01578	0.01563	0.01178	0.01658	0.01025	0.01429	0.00863	0.00503	0.00529	0.00162	0.00638	0.02113	0.00262	0.00786
3	0.01157	0.01157	0.01619	0.01388	0.01388	0.01619	0.01157	0.01272	0.00810	0.01272	0.00694	0.01157	0.00694	0.00925	0.01735	0.00231	0.80453	0.00463	0.00231	0.00578
4	0.01151	0.01158	0.01607	0.19148	0.01905	0.04370	0.01222	0.01321	0.00891	0.01291	0.00754	0.01206	0.00696	0.00822	0.01417	0.00215	0.59552	0.00460	0.00234	0.00582
5	0.01248	0.01426	0.03119	0.02228	0.02763	0.01337	0.76203	0.01693	0.01248	0.01693	0.01070	0.01426	0.00802	0.00446	0.00624	0.00178	0.00891	0.00624	0.00267	0.00713
6	0.00652	0.00465	0.00618	0.00738	0.00770	0.00435	0.00495	0.00745	0.01011	0.01348	0.02883	0.77586	0.03451	0.03437	0.00721	0.00222	0.00316	0.03191	0.00487	0.00428
7	0.07586	0.01043	0.01695	0.50418	0.26297	0.01200	0.01446	0.01450	0.01090	0.01545	0.00941	0.01336	0.00735	0.00508	0.00511	0.00169	0.00658	0.00456	0.00250	0.00663
8	0.01391	0.01187	0.01359	0.02914	0.10290	0.01344	0.00960	0.11402	0.58013	0.02272	0.01889	0.01801	0.01421	0.00675	0.00535	0.00174	0.00468	0.00566	0.00499	0.00839
9	0.00733	0.00542	0.00687	0.00664	0.00795	0.00496	0.00504	0.00961	0.01427	0.01969	0.61081	0.05712	0.16032	0.01153	0.00631	0.00173	0.00267	0.05124	0.00561	0.00489
10	0.00641	0.00471	0.00602	0.00707	0.00759	0.00432	0.00478	0.00739	0.01040	0.01361	0.03272	0.69934	0.14407	0.01610	0.00667	0.00209	0.00301	0.01446	0.00491	0.00432
11	0.00985	0.00493	0.00493	0.00493	0.00616	0.00493	0.00370	0.01232	0.01109	0.01971	0.01725	0.01971	0.01355	0.00616	0.00370	0.00123	0.00246	0.00493	0.84356	0.00493
12	0.68370	0.01060	0.00939	0.08792	0.01349	0.01230	0.00706	0.08968	0.01073	0.02364	0.00810	0.00955	0.00618	0.00509	0.00368	0.00164	0.00456	0.00324	0.00338	0.00606
13	0.00998	0.00940	0.01586	0.80150	0.03641	0.01175	0.01468	0.01351	0.01057	0.01351	0.00940	0.01409	0.00705	0.00529	0.00529	0.00176	0.00705	0.00470	0.00235	0.00587
14	0.00985	0.00493	0.00493	0.00493	0.00616	0.00493	0.00370	0.01232	0.01109	0.01971	0.01725	0.01971	0.01355	0.00616	0.00370	0.00123	0.00246	0.00493	0.84356	0.00493
15	0.01157	0.01170	0.02193	0.36155	0.23598	0.01245	0.23685	0.01526	0.01153	0.01555	0.00993	0.01387	0.00770	0.00488	0.00555	0.00172	0.00739	0.00516	0.00252	0.00692
16	0.00644	0.00460	0.00613	0.00736	0.00767	0.00429	0.00491	0.00736	0.01012	0.01350	0.02914	0.81076	0.03497	0.01656	0.00675	0.00215	0.00307	0.01503	0.00491	0.00429
17	0.00665	0.00475	0.00637	0.00760	0.00799	0.00447	0.00527	0.00772	0.01033	0.01373	0.02902	0.73611	0.03451	0.01637	0.00680	0.00218	0.00325	0.08764	0.00490	0.00435
18	0.01908	0.01383	0.01478	0.01144	0.01538	0.01525	0.00942	0.68894	0.02349	0.03197	0.01314	0.01339	0.00944	0.00633	0.00513	0.00155	0.00548	0.00478	0.08860	0.00859
19	0.01166	0.01184	0.01771	0.01473	0.01527	0.01591	0.08736	0.01315	0.00854	0.01315	0.00732	0.01184	0.00705	0.00877	0.01623	0.00226	0.72418	0.00479	0.00235	0.00592
20	0.85155	0.01022	0.00777	0.00695	0.01022	0.01186	0.00573	0.01554	0.00900	0.02372	0.00736	0.00859	0.00573	0.00491	0.00327	0.00164	0.00409	0.00286	0.00327	0.00573
21	0.01262	0.01259	0.04777	0.01632	0.11158	0.03313	0.03961	0.01440	0.00943	0.05664	0.00836	0.01215	0.00749	0.00810	0.01396	0.00211	0.58004	0.00468	0.00261	0.00643
22	0.00831	0.00594	0.00828	0.00950	0.01063	0.00591	0.00816	0.01060	0.01197	0.01559	0.02810	0.13428	0.03088	0.01480	0.00725	0.00241	0.00469	0.67304	0.00487	0.00481
23	0.00643	0.00533	0.00563	0.00563	0.00727	0.00453	0.00420	0.00792	0.01238	0.01523	0.15600	0.08345	0.64144	0.01316	0.00627	0.00178	0.00267	0.01110	0.00504	0.00453
24	0.01271	0.01096	0.01176	0.01017	0.01350	0.01193	0.00795	0.02513	0.61925	0.02114	0.01909	0.01797	0.01447	0.00652	0.00509	0.00159	0.00413	0.00541	0.00493	0.17632
25	0.02372	0.00900	0.01227	0.00941	0.01350	0.00777	0.00777	0.02576	0.01513	0.78489	0.02086	0.01799	0.01309	0.00654	0.00532	0.00164	0.00450	0.00532	0.00654	0.00900
26	0.00748	0.00540	0.00707	0.00665	0.00790	0.00499	0.00499	0.00998	0.01496	0.02120	0.77844	0.03949	0.04988	0.01081	0.00624	0.00166	0.00249	0.00956	0.00582	0.00499
27	0.80522	0.01048	0.00822	0.00724	0.01057	0.01211	0.00597	0.05722	0.00988	0.02425	0.00766	0.00882	0.00591	0.00499	0.00338	0.00163	0.00419	0.00297	0.00338	0.00591
28	0.85155	0.01022	0.00777	0.00695	0.01022	0.01186	0.00573	0.01554	0.00900	0.02372	0.00736	0.00859	0.00573	0.00491	0.00327	0.00164	0.00409	0.00286	0.00327	0.00573
29	0.01597	0.01906	0.01423	0.01289	0.01467	0.49294	0.00994	0.01732	0.01247	0.01285	0.00942	0.04741	0.00875	0.01026	0.08624	0.00233	0.20025	0.00445	0.00274	0.00582
30	0.85155	0.01022	0.00777	0.00695	0.01022	0.01186	0.00573	0.01554	0.00900	0.02372	0.00736	0.00859	0.00573	0.00491	0.00327	0.00164	0.00409	0.00286	0.00327	0.00573
31	0.76754	0.00974	0.00753	0.00679	0.00992	0.01112	0.00556	0.01475	0.00930	0.02278	0.01195	0.01279	0.08259	0.00575	0.00357	0.00165	0.00395	0.00369	0.00343	0.00560
32	0.00755	0.00566	0.00850	0.00850	0.00944	0.00661	0.00661	0.00944	0.00850	0.01227	0.01416	0.02077	0.01322	0.03965	0.79326	0.00850	0.01416	0.00566	0.00283	0.00472
33	0.18489	0.01147	0.01234	0.00950	0.01364	0.01155	0.00779	0.29026	0.01635	0.15392	0.01213	0.01231	0.00872	0.00545	0.00452	0.00139	0.00474	0.00404	0.00452	0.23045
34	0.68314	0.04764	0.05289	0.08647	0.01368	0.01228	0.00754	0.01542	0.00935	0.02180	0.00768	0.00927	0.00596	0.00493	0.00357	0.00163	0.00466	0.00310	0.00308	0.00590
35	0.76797	0.01193	0.08520	0.00776	0.01148	0.01190	0.00710	0.01566	0.00921	0.02303	0.00757	0.00884	0.00582	0.00492	0.00345	0.00164	0.00446	0.00297	0.00317	0.00593
36	0.01341	0.01317	0.02115	0.03154	0.74437	0.05018	0.01593	0.01646	0.01218	0.01706	0.00986	0.01291	0.00830	0.00475	0.00521	0.00156	0.00644	0.00465	0.00262	0.00827
37	0.18037	0.01307	0.02551	0.01862	0.02335	0.01271	0.58041	0.01627	0.01169	0.01816	0.01076	0.04476	0.00863	0.00503	0.00566	0.00177	0.00771	0.00591	0.00288	0.00674
38	0.00769	0.00513	0.00577	0.00577	0.00577	0.00513	0.00320	0.00769	0.00769	0.01025	0.01666	0.03460	0.01922	0.81421	0.02691	0.00513	0.00513	0.00769	0.00320	0.00320
39	0.00725	0.00539	0.00674	0.00641	0.00776	0.00489	0.00481	0.00953	0.01442	0.01990	0.64217	0.04163	0.18697	0.01129	0.00624	0.00169	0.00253	0.00986	0.00565	0.00489
40	0.01593	0.01247	0.01340	0.01123	0.01461	0.01400	0.00901	0.37261	0.35564	0.02675	0.01797	0.05381	0.01419	0.00750	0.00547	0.00174	0.00493	0.03513	0.00529	0.00834
41	0.02352	0.00932	0.01247	0.00956	0.01366	0.00825	0.00790	0.06688	0.01567	0.74301	0.02040	0.01770	0.01286	0.00653	0.00531	0.00163	0.00457	0.00529	0.00647	0.00900
42	0.01157	0.24398	0.57866	0.01342	0.02033	0.01465	0.01666	0.01649	0.01105	0.01556	0.00890	0.01043	0.00672	0.00489	0.00458	0.00153	0.00722	0.00361	0.00224	0.00753
43	0.01070	0.02472	0.65687	0.01559	0.02280	0.01209	0.11208	0.01646	0.01150	0.01697	0.04425	0.01283	0.00881	0.00521	0.00523	0.00169	0.00771	0.00445	0.00245	0.00760
44	0.00644	0.00460	0.00613	0.00736	0.00767	0.00429	0.00491	0.00736	0.01012	0.01350	0.02914	0.81076	0.03497	0.01656	0.00675	0.00215	0.00307	0.01503	0.00491	0.00429
45	0.00998	0.00940	0.01586	0.80150	0.03641	0.01175	0.01468	0.01351	0.01057	0.01351	0.00940	0.01409	0.00705	0.00529	0.00529	0.00176	0.00705	0.00470	0.00235	0.00587
46	0.01365	0.09395	0.46883	0.01486	0.05479	0.01265	0.07474	0.05186	0.01250	0.13629	0.01132	0.01238	0.00798	0.00521	0.00504	0.00162	0.00703	0.00429	0.00309	0.00793
47	0.01296	0.01290	0.02341	0.03041	0.63023	0.01272	0.16567	0.01637	0.01213	0.01720	0.01009	0.01332	0.00830	0.00466	0.00544	0.00161	0.00681	0.00502	0.00263	0.00812
48	0.00644	0.00460	0.00613	0.00736	0.00767	0.00429	0.00491	0.00736	0.01012	0.01350	0.02914	0.81076	0.03497	0.01656	0.00675	0.00215	0.00307	0.01503	0.00491	0.00429
49	0.01998	0.01328	0.01481	0.02569	0.01589	0.01434	0.00950	0.56000	0.06412	0.17030	0.01470	0.01447	0.01029	0.02058	0.00568	0.00167	0.00549	0.00498	0.00544	0.00880
50	0.01124	0.01090	0.01523	0.01317	0.01338	0.01500	0.01092	0.02780	0.00849	0.01309	0.00796	0.01274	0.00777	0.01299	0.11395	0.00307	0.68940	0.00476	0.00244	0.00572
51	0.00646	0.00470	0.00609	0.00714	0.00762	0.00433	0.00482	0.00747	0.01048	0.01384	0.05735	0.70870	0.10943	0.01605	0.00668	0.00209	0.00301	0.01446	0.00494	0.00433
52	0.01012	0.00954	0.01611	0.76689	0.06993	0.01178	0.01475	0.01363	0.01064	0.01368	0.00942	0.01405	0.00711	0.00526	0.00528	0.00175	0.00701	0.00470	0.00236	0.00599
53	0.01160	0.01353	0.09125	0.04451	0.01514	0.10010	0.01144	0.01346	0.00939	0.01315	0.00919	0.04188	0.00876	0.01252	0.11591	0.00293	0.47198	0.00494	0.00252	0.00583
54	0.01104	0.02626	0.73188	0.01524	0.02284	0.01221	0.05283	0.01699	0.01133	0.03731	0.00985	0.01148	0.00693	0.00504	0.00509	0.00168	0.00777	0.00405	0.00237	0.00781
55	0.01246	0.01193	0.02034	0.18621	0.63231	0.01240	0.01592	0.01568	0.01174	0.01652	0.00983	0.01329	0.00811	0.00483	0.00524	0.00161	0.00643	0.00471	0.00256	0.00787
56	0.02091	0.00838	0.01137	0.00893	0.01253	0.00729	0.00729	0.02303	0.01510	0.65286	0.15183	0.02171	0.01945	0.00728	0.00548	0.00164	0.00415	0.00605	0.00642	0.00830
57	0.00653	0.00467	0.00624	0.00747	0.00782	0.00437	0.00507	0.00752	0.01021	0.01360	0.02909	0.77695	0.03476	0.01647	0.00677	0.00216	0.00315	0.04791	0.00491	0.00432
58	0.00640	0.00536	0.00556	0.00551	0.00723	0.00453	0.00413	0.00788	0.01240	0.01512	0.14116	0.04950	0.69096	0.01308	0.00625	0.00177	0.00266	0.01096	0.00502	0.00453
59	0.00729	0.00532	0.00686	0.00663	0.00782	0.00488	0.00491	0.00955	0.01428	0.01996	0.65393	0.11693	0.09874	0.01156	0.00629	0.00172	0.00256	0.01021	0.00567	0.00488
60	0.01308	0.01256	0.02146	0.03245	0.78123	0.01256	0.01622	0.01622	0.01204	0.01727	0.00994	0.01308	0.00837	0.00471	0.00523	0.00157	0.00628	0.00471	0.00262	0.00837
61	0.00644	0.00460	0.00613	0.00736	0.00767	0.00429	0.00491	0.00736	0.01012	0.01350	0.02914	0.81076	0.03497	0.01656	0.00675	0.00215	0.00307	0.01503	0.00491	0.00429

[dist]
# distance from previous block
# <min> <max>
0	22

[block]
# block no. 4 follows, 46 sequences, length 77
# corresponding to MSA columns:
# 420-496
name=unknown_E
#
# <colnr> <probs for GDERKNQSTAVLIFYWHMCP>
#	G	D	E	R	K	N	Q	S	T	A	V	L	I	F	Y	W	H	M	C	P
0	0.00748	0.00540	0.00707	0.00665	0.00790	0.00499	0.00499	0.00998	0.01496	0.02120	0.77844	0.03949	0.04988	0.01081	0.00624	0.00166	0.00249	0.00956	0.00582	0.00499
1	0.01413	0.81739	0.02770	0.00905	0.01357	0.02092	0.00905	0.01583	0.01074	0.01244	0.00735	0.00848	0.00678	0.00452	0.00339	0.00113	0.00565	0.00283	0.00226	0.00678
2	0.00625	0.00536	0.00536	0.00536	0.00714	0.00446	0.00402	0.00759	0.01205	0.01428	0.05355	0.05088	0.77909	0.01339	0.00625	0.00179	0.00268	0.01116	0.00491	0.00446
3	0.00745	0.00540	0.00702	0.00661	0.00788	0.00497	0.00496	0.00991	0.01488	0.02100	0.75775	0.03981	0.07070	0.01088	0.00624	0.00167	0.00250	0.00961	0.00579	0.00497
4	0.01413	0.81739	0.02770	0.00905	0.01357	0.02092	0.00905	0.01583	0.01074	0.01244	0.00735	0.00848	0.00678	0.00452	0.00339	0.00113	0.00565	0.00283	0.00226	0.00678
5	0.00769	0.00513	0.00577	0.00577	0.00577	0.00513	0.00320	0.00769	0.00769	0.01025	0.01666	0.03460	0.01922	0.81421	0.02691	0.00513	0.00513	0.00769	0.00320	0.00320
6	0.01888	0.02287	0.01519	0.01353	0.01608	0.64547	0.01035	0.07974	0.01502	0.01455	0.00840	0.01001	0.00700	0.00594	0.00619	0.00148	0.09646	0.00365	0.00288	0.00632
7	0.85155	0.01022	0.00777	0.00695	0.01022	0.01186	0.00573	0.01554	0.00900	0.02372	0.00736	0.00859	0.00573	0.00491	0.00327	0.00164	0.00409	0.00286	0.00327	0.00573
8	0.02010	0.01481	0.01587	0.01216	0.01639	0.01639	0.01005	0.76360	0.02486	0.03332	0.01269	0.01269	0.00899	0.00635	0.00529	0.00159	0.00582	0.00476	0.00529	0.00899
9	0.00769	0.00513	0.00577	0.00577	0.00577	0.00513	0.00320	0.00769	0.00769	0.01025	0.01666	0.03460	0.01922	0.81421	0.02691	0.00513	0.00513	0.00769	0.00320	0.00320
10	0.00646	0.00462	0.00615	0.00735	0.00767	0.00431	0.00491	0.00742	0.01023	0.01366	0.04543	0.79399	0.03529	0.01644	0.00674	0.00214	0.00305	0.01491	0.00493	0.00431
11	0.02095	0.01083	0.01309	0.01032	0.01425	0.01083	0.00843	0.20557	0.15291	0.46564	0.01899	0.01701	0.01264	0.00661	0.00532	0.00165	0.00476	0.00530	0.00603	0.00888
12	0.01005	0.00949	0.01587	0.76861	0.03547	0.01193	0.01455	0.01347	0.01047	0.01347	0.00929	0.01399	0.00704	0.00545	0.00579	0.00178	0.04036	0.00470	0.00235	0.00587
13	0.00727	0.00540	0.00677	0.00643	0.00777	0.00490	0.00482	0.00957	0.01447	0.02002	0.65449	0.04144	0.17457	0.01125	0.00624	0.00168	0.00253	0.00983	0.00566	0.00490
14	0.00998	0.00940	0.01586	0.80150	0.03641	0.01175	0.01468	0.01351	0.01057	0.01351	0.00940	0.01409	0.00705	0.00529	0.00529	0.00176	0.00705	0.00470	0.00235	0.00587
15	0.01413	0.81739	0.02770	0.00905	0.01357	0.02092	0.00905	0.01583	0.01074	0.01244	0.00735	0.00848	0.00678	0.00452	0.00339	0.00113	0.00565	0.00283	0.00226	0.00678
16	0.00657	0.00466	0.00610	0.00719	0.00747	0.00438	0.00473	0.00740	0.00987	0.01316	0.02784	0.72987	0.03332	0.09969	0.00885	0.00246	0.00328	0.01426	0.00473	0.00418
17	0.01855	0.00829	0.01091	0.00880	0.01205	0.00754	0.00710	0.03547	0.06563	0.51326	0.22587	0.02383	0.02318	0.00774	0.00557	0.00165	0.00396	0.00650	0.00625	0.00787
18	0.85155	0.01022	0.00777	0.00695	0.01022	0.01186	0.00573	0.01554	0.00900	0.02372	0.00736	0.00859	0.00573	0.00491	0.00327	0.00164	0.00409	0.00286	0.00327	0.00573
19	0.05749	0.01093	0.01286	0.01001	0.01402	0.05070	0.00822	0.15635	0.01660	0.57883	0.01817	0.01621	0.01172	0.00638	0.00520	0.00161	0.00498	0.00501	0.00598	0.00871
20	0.01975	0.02520	0.01498	0.01362	0.01634	0.79299	0.01021	0.02111	0.01498	0.01294	0.00817	0.00953	0.00681	0.00545	0.00477	0.00136	0.00953	0.00340	0.00272	0.00613
21	0.01096	0.00940	0.01096	0.00783	0.01253	0.00705	0.00626	0.01331	0.01096	0.01723	0.00940	0.01096	0.00783	0.00392	0.00392	0.00078	0.00392	0.00313	0.00313	0.84653
22	0.00625	0.00536	0.00536	0.00536	0.00714	0.00446	0.00402	0.00759	0.01205	0.01428	0.05355	0.05088	0.77909	0.01339	0.00625	0.00179	0.00268	0.01116	0.00491	0.00446
23	0.00636	0.00536	0.00551	0.00547	0.00721	0.00451	0.00410	0.00780	0.01231	0.01491	0.11936	0.04984	0.71289	0.01315	0.00625	0.00177	0.00266	0.01101	0.00499	0.00451
24	0.00649	0.00463	0.00619	0.00741	0.00774	0.00433	0.00499	0.00744	0.01017	0.01355	0.02911	0.79384	0.03486	0.01652	0.00676	0.00215	0.00311	0.03149	0.00491	0.00431
25	0.00748	0.00540	0.00707	0.00665	0.00790	0.00499	0.00499	0.00998	0.01496	0.02120	0.77844	0.03949	0.04988	0.01081	0.00624	0.00166	0.00249	0.00956	0.00582	0.00499
26	0.00776	0.00552	0.00657	0.00630	0.00786	0.00487	0.00472	0.00965	0.01346	0.05794	0.39084	0.08973	0.35138	0.01201	0.00622	0.00174	0.00271	0.01033	0.00542	0.00494
27	0.01315	0.01136	0.01195	0.01076	0.01375	0.01315	0.00837	0.02809	0.77168	0.02211	0.02152	0.01972	0.01614	0.00717	0.00538	0.00179	0.00418	0.00598	0.00538	0.00837
28	0.01308	0.01256	0.02146	0.03245	0.78123	0.01256	0.01622	0.01622	0.01204	0.01727	0.00994	0.01308	0.00837	0.00471	0.00523	0.00157	0.00628	0.00471	0.00262	0.00837
29	0.00740	0.00537	0.00663	0.00631	0.00766	0.00489	0.00473	0.00969	0.01420	0.01986	0.60121	0.04036	0.17969	0.01099	0.00608	0.00166	0.00253	0.00957	0.05629	0.00489
30	0.01413	0.81739	0.02770	0.00905	0.01357	0.02092	0.00905	0.01583	0.01074	0.01244	0.00735	0.00848	0.00678	0.00452	0.00339	0.00113	0.00565	0.00283	0.00226	0.00678
31	0.00644	0.00460	0.00613	0.00736	0.00767	0.00429	0.00491	0.00736	0.01012	0.01350	0.02914	0.81076	0.03497	0.01656	0.00675	0.00215	0.00307	0.01503	0.00491	0.00429
32	0.00644	0.00460	0.00613	0.00736	0.00767	0.00429	0.00491	0.00736	0.01012	0.01350	0.02914	0.81076	0.03497	0.01656	0.00675	0.00215	0.00307	0.01503	0.00491	0.00429
33	0.01133	0.00951	0.01105	0.00804	0.01262	0.00743	0.00642	0.01444	0.05702	0.03191	0.01034	0.01162	0.00843	0.00416	0.00403	0.00086	0.00394	0.00334	0.00333	0.78016
34	0.01189	0.01329	0.10624	0.25798	0.47525	0.01229	0.01614	0.01548	0.01150	0.01610	0.00973	0.01317	0.00779	0.00492	0.00523	0.00164	0.00668	0.00462	0.00249	0.00757
35	0.48366	0.26725	0.10987	0.00861	0.01284	0.01477	0.00847	0.01578	0.00981	0.01930	0.00762	0.00887	0.00618	0.00480	0.00352	0.00148	0.00504	0.00298	0.00282	0.00632
36	0.01330	0.01143	0.01204	0.01079	0.01380	0.01322	0.00840	0.04384	0.75569	0.02235	0.02133	0.01957	0.01598	0.00715	0.00538	0.00179	0.00422	0.00595	0.00538	0.00838
37	0.01426	0.79911	0.02741	0.00915	0.01363	0.03874	0.00907	0.01595	0.01084	0.01245	0.00737	0.00850	0.00678	0.00454	0.00342	0.00114	0.00574	0.00284	0.00227	0.00677
38	0.00706	0.00498	0.00653	0.00755	0.00798	0.00478	0.00531	0.00811	0.01010	0.01339	0.02677	0.53251	0.03139	0.15304	0.01031	0.00271	0.00377	0.15488	0.00461	0.00422
39	0.02039	0.02257	0.01454	0.01294	0.01588	0.66579	0.00982	0.02186	0.01501	0.13799	0.01023	0.01090	0.00783	0.00563	0.00486	0.00141	0.00872	0.00371	0.00334	0.00659
40	0.01210	0.00559	0.00612	0.00565	0.00735	0.00539	0.00436	0.01450	0.01174	0.14366	0.01783	0.01943	0.01348	0.00622	0.00396	0.00130	0.00279	0.00499	0.70797	0.00559
41	0.00697	0.00538	0.00635	0.00611	0.00758	0.00477	0.00458	0.00898	0.01375	0.01831	0.47565	0.04425	0.35448	0.01189	0.00624	0.00171	0.00257	0.01023	0.00544	0.00477
42	0.80129	0.01050	0.00826	0.00727	0.01060	0.01213	0.00599	0.06076	0.00996	0.02430	0.00768	0.00884	0.00592	0.00499	0.00339	0.00163	0.00419	0.00298	0.00339	0.00592
43	0.01413	0.81739	0.02770	0.00905	0.01357	0.02092	0.00905	0.01583	0.01074	0.01244	0.00735	0.00848	0.00678	0.00452	0.00339	0.00113	0.00565	0.00283	0.00226	0.00678
44	0.00918	0.00459	0.00689	0.00689	0.00689	0.00459	0.00459	0.00689	0.00689	0.00918	0.00918	0.01607	0.00918	0.01837	0.02066	0.84619	0.00459	0.00459	0.00230	0.00230
45	0.00730	0.00535	0.00684	0.00656	0.00781	0.00489	0.00489	0.00958	0.01438	0.02005	0.66105	0.08724	0.12151	0.01141	0.00627	0.00170	0.00255	0.01005	0.00567	0.00489
46	0.00817	0.00604	0.00859	0.00761	0.00921	0.00555	0.05078	0.01072	0.01468	0.04176	0.67549	0.03793	0.08210	0.01043	0.00621	0.00168	0.00295	0.00932	0.00560	0.00520
47	0.01070	0.02670	0.74976	0.01542	0.02311	0.01233	0.05595	0.01675	0.01123	0.01675	0.00955	0.01131	0.00676	0.00499	0.00508	0.00168	0.00787	0.00402	0.00225	0.00778
48	0.02186	0.00939	0.01225	0.00950	0.01336	0.00858	0.00781	0.11451	0.01630	0.62639	0.08603	0.01922	0.01580	0.00689	0.00539	0.00163	0.00448	0.00562	0.00633	0.00865
49	0.01217	0.01040	0.01107	0.01002	0.01276	0.01181	0.00777	0.02504	0.64976	0.02158	0.10222	0.02355	0.06290	0.00790	0.00552	0.00178	0.00392	0.00664	0.00540	0.00779
50	0.01041	0.00822	0.01049	0.00993	0.01206	0.00862	0.04705	0.01712	0.27630	0.04248	0.11653	0.08448	0.07687	0.01082	0.00628	0.00200	0.00429	0.24467	0.00510	0.00628
51	0.01256	0.01132	0.01911	0.29152	0.49157	0.01205	0.01529	0.01577	0.01169	0.05365	0.01029	0.01367	0.00816	0.00499	0.00526	0.00164	0.00645	0.00474	0.00272	0.00756
52	0.01308	0.01256	0.02146	0.03245	0.78123	0.01256	0.01622	0.01622	0.01204	0.01727	0.00994	0.01308	0.00837	0.00471	0.00523	0.00157	0.00628	0.00471	0.00262	0.00837
53	0.01300	0.01247	0.02130	0.05376	0.76060	0.01254	0.01618	0.01615	0.01200	0.01717	0.00993	0.01311	0.00834	0.00473	0.00524	0.00158	0.00630	0.00471	0.00261	0.00830
54	0.00644	0.00460	0.00613	0.00736	0.00767	0.00429	0.00491	0.00736	0.01012	0.01350	0.02914	0.81076	0.03497	0.01656	0.00675	0.00215	0.00307	0.01503	0.00491	0.00429
55	0.01899	0.02358	0.01561	0.01532	0.08612	0.69204	0.01079	0.03464	0.01477	0.01372	0.00840	0.00996	0.00700	0.00547	0.00506	0.00140	0.02444	0.00357	0.00276	0.00638
56	0.00749	0.00543	0.00720	0.00682	0.00804	0.00514	0.00514	0.00993	0.01437	0.02038	0.70867	0.03778	0.04653	0.01344	0.07808	0.00229	0.00356	0.00920	0.00555	0.00496
57	0.00680	0.00489	0.00594	0.00670	0.00751	0.00447	0.00470	0.00806	0.01089	0.01455	0.05540	0.50525	0.21614	0.01460	0.00635	0.00197	0.00296	0.03688	0.08149	0.00443
58	0.01994	0.01473	0.01578	0.01213	0.01634	0.01632	0.01001	0.74731	0.04140	0.03307	0.01289	0.01285	0.00915	0.00636	0.00529	0.00159	0.00578	0.00479	0.00529	0.00898
59	0.00779	0.00621	0.00906	0.00792	0.00961	0.00569	0.07398	0.01032	0.01439	0.01997	0.62083	0.03856	0.13411	0.01054	0.00624	0.00169	0.00310	0.00945	0.00542	0.00512
60	0.01141	0.01096	0.01516	0.01306	0.01317	0.01516	0.01085	0.01269	0.00837	0.01336	0.00788	0.01231	0.00754	0.00897	0.01610	0.00221	0.73132	0.00465	0.07911	0.00570
61	0.00774	0.00557	0.00708	0.00786	0.00854	0.00544	0.00547	0.07648	0.01152	0.01536	0.02761	0.71950	0.03248	0.01558	0.00663	0.00210	0.00336	0.03200	0.00494	0.00474
62	0.01378	0.01167	0.01231	0.01089	0.01399	0.01345	0.00852	0.09523	0.70351	0.02314	0.02071	0.01908	0.01549	0.00710	0.00537	0.00177	0.00433	0.00587	0.00537	0.00842
63	0.01932	0.01451	0.01590	0.01232	0.01616	0.01638	0.01019	0.69506	0.02333	0.03144	0.01217	0.01259	0.00880	0.00661	0.00639	0.00165	0.07873	0.00475	0.00502	0.00870
64	0.01977	0.01417	0.01690	0.01281	0.01713	0.01524	0.07846	0.62052	0.02274	0.10814	0.01334	0.01337	0.00932	0.00619	0.00538	0.00161	0.00597	0.00495	0.00518	0.00882
65	0.01259	0.01188	0.02003	0.03001	0.71044	0.01188	0.01504	0.01545	0.01164	0.01663	0.01056	0.01505	0.00936	0.07861	0.00721	0.00189	0.00617	0.00498	0.00267	0.00790
66	0.01914	0.01364	0.01648	0.01259	0.01674	0.01466	0.07826	0.57506	0.02180	0.11301	0.01348	0.01384	0.00957	0.00794	0.04675	0.00197	0.00639	0.00500	0.00506	0.00860
67	0.00783	0.00545	0.00733	0.00874	0.05461	0.00509	0.00562	0.00895	0.01053	0.05145	0.02882	0.57419	0.09889	0.07529	0.00808	0.00229	0.00350	0.03388	0.00472	0.00472
68	0.00904	0.07720	0.00952	0.00749	0.00935	0.00751	0.00593	0.01298	0.11325	0.03339	0.49280	0.03590	0.10658	0.01014	0.00592	0.00168	0.00317	0.04722	0.00533	0.00561
69	0.85155	0.01022	0.00777	0.00695	0.01022	0.01186	0.00573	0.01554	0.00900	0.02372	0.00736	0.00859	0.00573	0.00491	0.00327	0.00164	0.00409	0.00286	0.00327	0.00573
70	0.00674	0.00528	0.00582	0.00577	0.00726	0.00456	0.00426	0.00794	0.01205	0.01502	0.17699	0.06431	0.56172	0.01346	0.00757	0.07886	0.00283	0.01037	0.00483	0.00435
71	0.01856	0.01164	0.01325	0.01068	0.01437	0.01236	0.00865	0.29466	0.24048	0.25241	0.05270	0.01755	0.01417	0.00685	0.00537	0.00167	0.00480	0.00550	0.00571	0.00863
72	0.68108	0.01233	0.00930	0.05594	0.01269	0.12417	0.00691	0.01622	0.00995	0.02155	0.00760	0.00906	0.00596	0.00501	0.00361	0.00160	0.00505	0.00305	0.00314	0.00579
73	0.00758	0.00531	0.00690	0.00656	0.00766	0.00493	0.00481	0.00946	0.01372	0.01920	0.63280	0.03771	0.08294	0.05104	0.00857	0.07893	0.00282	0.00910	0.00532	0.00463
74	0.01379	0.00779	0.00941	0.00791	0.01057	0.00728	0.00627	0.11984	0.01563	0.25004	0.25162	0.03230	0.22647	0.00959	0.00583	0.00168	0.00361	0.00804	0.00572	0.00661
75	0.01993	0.08675	0.01650	0.01237	0.05569	0.01482	0.00981	0.50363	0.02088	0.18589	0.01375	0.01342	0.00960	0.00613	0.00512	0.00155	0.00555	0.00470	0.00513	0.00876
76	0.01028	0.08702	0.61685	0.01332	0.01996	0.01186	0.01657	0.01537	0.01116	0.01602	0.01430	0.05379	0.07860	0.00631	0.00509	0.00166	0.00694	0.00503	0.00261	0.00725

[dist]
# distance from previous block
# <min> <max>
5	19

[block]
# block no. 5 follows, 46 sequences, length 61
# corresponding to MSA columns:
# 518-578
name=unknown_F
#
# <colnr> <probs for GDERKNQSTAVLIFYWHMCP>
#	G	D	E	R	K	N	Q	S	T	A	V	L	I	F	Y	W	H	M	C	P
0	0.01239	0.01180	0.02072	0.02836	0.60896	0.01168	0.09446	0.01522	0.01167	0.01654	0.01115	0.06194	0.01000	0.00619	0.00632	0.05044	0.00627	0.00549	0.00274	0.00764
1	0.77288	0.01031	0.00873	0.00852	0.05490	0.01175	0.00641	0.01595	0.00940	0.05113	0.00800	0.00919	0.00615	0.00496	0.00346	0.00163	0.00423	0.00306	0.00335	0.00600
2	0.00985	0.00915	0.01527	0.75552	0.03464	0.01136	0.01402	0.01317	0.01040	0.01332	0.00982	0.01528	0.00775	0.05203	0.00653	0.00196	0.00694	0.00487	0.00240	0.00572
3	0.01426	0.79897	0.02741	0.00915	0.01363	0.03887	0.00907	0.01595	0.01084	0.01245	0.00737	0.00850	0.00678	0.00454	0.00342	0.00114	0.00574	0.00284	0.00227	0.00677
4	0.00757	0.00557	0.00710	0.00669	0.00802	0.00518	0.00503	0.01034	0.03577	0.02083	0.71557	0.03960	0.09109	0.01086	0.00621	0.00167	0.00255	0.00955	0.00575	0.00505
5	0.00749	0.00560	0.00836	0.00843	0.00934	0.00647	0.00651	0.00932	0.00859	0.01234	0.01503	0.06642	0.01447	0.03831	0.74781	0.00813	0.01352	0.00621	0.00295	0.00470
6	0.00681	0.00578	0.00652	0.00709	0.05198	0.00500	0.00485	0.00841	0.01244	0.01538	0.14818	0.04717	0.63682	0.01254	0.00619	0.00176	0.00286	0.01057	0.00490	0.00476
7	0.00684	0.00519	0.00764	0.00828	0.00889	0.00486	0.04874	0.00799	0.01030	0.01375	0.02805	0.74793	0.03331	0.01582	0.00673	0.00213	0.00345	0.03086	0.00478	0.00447
8	0.85155	0.01022	0.00777	0.00695	0.01022	0.01186	0.00573	0.01554	0.00900	0.02372	0.00736	0.00859	0.00573	0.00491	0.00327	0.00164	0.00409	0.00286	0.00327	0.00573
9	0.02086	0.01358	0.01511	0.01158	0.01578	0.01458	0.00957	0.60829	0.02281	0.19152	0.01441	0.01381	0.00985	0.00639	0.00529	0.00160	0.00554	0.00488	0.00555	0.00899
10	0.02372	0.00900	0.01227	0.00941	0.01350	0.00777	0.00777	0.02576	0.01513	0.78489	0.02086	0.01799	0.01309	0.00654	0.00532	0.00164	0.00450	0.00532	0.00654	0.00900
11	0.01975	0.02520	0.01498	0.01362	0.01634	0.79299	0.01021	0.02111	0.01498	0.01294	0.00817	0.00953	0.00681	0.00545	0.00477	0.00136	0.00953	0.00340	0.00272	0.00613
12	0.00748	0.00540	0.00707	0.00665	0.00790	0.00499	0.00499	0.00998	0.01496	0.02120	0.77844	0.03949	0.04988	0.01081	0.00624	0.00166	0.00249	0.00956	0.00582	0.00499
13	0.85155	0.01022	0.00777	0.00695	0.01022	0.01186	0.00573	0.01554	0.00900	0.02372	0.00736	0.00859	0.00573	0.00491	0.00327	0.00164	0.00409	0.00286	0.00327	0.00573
14	0.01308	0.01256	0.02146	0.03245	0.78123	0.01256	0.01622	0.01622	0.01204	0.01727	0.00994	0.01308	0.00837	0.00471	0.00523	0.00157	0.00628	0.00471	0.00262	0.00837
15	0.02010	0.01481	0.01587	0.01216	0.01639	0.01639	0.01005	0.76360	0.02486	0.03332	0.01269	0.01269	0.00899	0.00635	0.00529	0.00159	0.00582	0.00476	0.00529	0.00899
16	0.02372	0.00900	0.01227	0.00941	0.01350	0.00777	0.00777	0.02576	0.01513	0.78489	0.02086	0.01799	0.01309	0.00654	0.00532	0.00164	0.00450	0.00532	0.00654	0.00900
17	0.00769	0.00513	0.00577	0.00577	0.00577	0.00513	0.00320	0.00769	0.00769	0.01025	0.01666	0.03460	0.01922	0.81421	0.02691	0.00513	0.00513	0.00769	0.00320	0.00320
18	0.00632	0.00536	0.00546	0.00543	0.00719	0.00449	0.00408	0.00773	0.01223	0.01470	0.09768	0.05018	0.73470	0.01323	0.00625	0.00178	0.00267	0.01106	0.00496	0.00449
19	0.01932	0.02084	0.01501	0.01293	0.01615	0.48840	0.01001	0.25191	0.07994	0.02001	0.01066	0.01135	0.00825	0.00587	0.00498	0.00147	0.00794	0.00404	0.00374	0.00720
20	0.02305	0.00958	0.01257	0.00969	0.01375	0.00870	0.00799	0.08948	0.04184	0.69399	0.02017	0.01760	0.01284	0.00655	0.00532	0.00164	0.00460	0.00529	0.00640	0.00897
21	0.00667	0.00477	0.00639	0.00757	0.00800	0.00449	0.00526	0.00779	0.01046	0.01394	0.04980	0.71561	0.03493	0.01621	0.00679	0.00216	0.00323	0.08663	0.00493	0.00437
22	0.00644	0.00460	0.00613	0.00736	0.00767	0.00429	0.00491	0.00736	0.01012	0.01350	0.02914	0.81076	0.03497	0.01656	0.00675	0.00215	0.00307	0.01503	0.00491	0.00429
23	0.01320	0.01349	0.01993	0.16605	0.48947	0.10792	0.06042	0.01625	0.01217	0.01601	0.01013	0.01407	0.00848	0.00514	0.00530	0.00161	0.00694	0.02330	0.00264	0.00749
24	0.01100	0.08661	0.05588	0.01101	0.04038	0.01072	0.00913	0.01839	0.31016	0.01790	0.02188	0.09158	0.02078	0.00998	0.00593	0.00196	0.00475	0.26069	0.00459	0.00667
25	0.00836	0.00597	0.00834	0.00956	0.01070	0.00595	0.00825	0.01068	0.01202	0.01565	0.02808	0.11637	0.03077	0.01475	0.00726	0.00241	0.00473	0.69046	0.00487	0.00482
26	0.08653	0.01062	0.01284	0.00991	0.01398	0.01034	0.00818	0.21842	0.01713	0.51399	0.01745	0.01574	0.01134	0.00631	0.00512	0.00161	0.00480	0.00494	0.00590	0.02485
27	0.01092	0.05673	0.23072	0.02826	0.06348	0.02871	0.10637	0.01436	0.01090	0.05820	0.01475	0.01769	0.06635	0.01584	0.23634	0.00366	0.02192	0.00534	0.00294	0.00651
28	0.01312	0.01376	0.01784	0.34802	0.31979	0.16750	0.01439	0.01607	0.01201	0.01485	0.00936	0.01280	0.00751	0.00510	0.00516	0.00161	0.00725	0.00445	0.00253	0.00689
29	0.01413	0.81739	0.02770	0.00905	0.01357	0.02092	0.00905	0.01583	0.01074	0.01244	0.00735	0.00848	0.00678	0.00452	0.00339	0.00113	0.00565	0.00283	0.00226	0.00678
30	0.01107	0.00949	0.01101	0.00797	0.01259	0.00735	0.00637	0.01403	0.04809	0.01747	0.00999	0.01139	0.00824	0.00407	0.00399	0.00083	0.00393	0.00327	0.00324	0.80562
31	0.00983	0.00598	0.00761	0.00692	0.00871	0.00536	0.00534	0.01204	0.01439	0.13967	0.50752	0.03871	0.17752	0.01071	0.00612	0.00170	0.00290	0.02772	0.00574	0.00552
32	0.02372	0.00900	0.01227	0.00941	0.01350	0.00777	0.00777	0.02576	0.01513	0.78489	0.02086	0.01799	0.01309	0.00654	0.00532	0.00164	0.00450	0.00532	0.00654	0.00900
33	0.02372	0.00900	0.01227	0.00941	0.01350	0.00777	0.00777	0.02576	0.01513	0.78489	0.02086	0.01799	0.01309	0.00654	0.00532	0.00164	0.00450	0.00532	0.00654	0.00900
34	0.01988	0.00961	0.01212	0.00972	0.01331	0.00922	0.00798	0.14923	0.06569	0.48443	0.09164	0.02197	0.01721	0.00748	0.00553	0.00169	0.00454	0.05436	0.00608	0.00830
35	0.02372	0.00900	0.01227	0.00941	0.01350	0.00777	0.00777	0.02576	0.01513	0.78489	0.02086	0.01799	0.01309	0.00654	0.00532	0.00164	0.00450	0.00532	0.00654	0.00900
36	0.01119	0.01172	0.02317	0.31698	0.02927	0.01219	0.40576	0.01544	0.03808	0.01560	0.01170	0.06288	0.00957	0.00560	0.00588	0.00180	0.00768	0.00618	0.00278	0.00652
