[name]
unknown

[dist]
# distance from previous block
# <min> <max>
32	139

[block]
# block no. 0 follows, 47 sequences, length 60
# corresponding to MSA columns:
# 164-223
name=unknown_A
#
# <colnr> <probs for GDERKNQSTAVLIFYWHMCP>
#	G	D	E	R	K	N	Q	S	T	A	V	L	I	F	Y	W	H	M	C	P
0	0.01503	0.01327	0.03883	0.01243	0.08341	0.12785	0.02679	0.11654	0.13938	0.10739	0.01423	0.03214	0.02572	0.01794	0.00521	0.00145	0.00546	0.00476	0.00404	0.20812
1	0.01494	0.06849	0.06105	0.04753	0.11825	0.16204	0.04211	0.11306	0.11208	0.05476	0.01150	0.01258	0.00888	0.00527	0.00479	0.00141	0.00619	0.00422	0.00349	0.14735
2	0.06043	0.01377	0.03630	0.01190	0.05244	0.16474	0.04711	0.11319	0.09507	0.08589	0.05185	0.01523	0.01165	0.00640	0.01867	0.00154	0.00587	0.02334	0.00391	0.18068
3	0.01415	0.07660	0.03872	0.01214	0.07251	0.07962	0.06917	0.09898	0.05806	0.09650	0.04331	0.01482	0.03054	0.01907	0.00511	0.00137	0.00538	0.00456	0.00374	0.25567
4	0.01487	0.03698	0.08850	0.05632	0.07282	0.13299	0.01023	0.15161	0.06126	0.09397	0.04003	0.01527	0.04251	0.00697	0.02778	0.00167	0.02496	0.00472	0.00381	0.11272
5	0.01514	0.06664	0.06067	0.01563	0.20546	0.08347	0.01069	0.11768	0.01373	0.11802	0.01100	0.01217	0.00843	0.00505	0.00491	0.00133	0.02152	0.00404	0.00352	0.22090
6	0.04278	0.01210	0.01681	0.11455	0.33482	0.04093	0.02709	0.12381	0.07705	0.03278	0.02258	0.01347	0.00929	0.00520	0.00498	0.00150	0.00577	0.00457	0.00335	0.10657
7	0.07426	0.01160	0.01334	0.08491	0.08367	0.04462	0.00912	0.18377	0.11890	0.08542	0.01252	0.01353	0.00948	0.01757	0.00504	0.00146	0.00511	0.00434	0.00402	0.21735
8	0.04674	0.01305	0.01769	0.06731	0.24896	0.08006	0.10005	0.14928	0.06857	0.09063	0.03449	0.01416	0.01015	0.00549	0.00518	0.00157	0.00617	0.00488	0.00372	0.03184
9	0.14073	0.01268	0.01295	0.01003	0.01410	0.04969	0.00818	0.38131	0.01762	0.07431	0.01120	0.01165	0.00824	0.00540	0.00455	0.00136	0.00509	0.00398	0.00433	0.22258
10	0.00747	0.00535	0.00725	0.00728	0.00782	0.00588	0.00514	0.00857	0.00809	0.01132	0.01525	0.04338	0.01584	0.34776	0.47292	0.00691	0.01017	0.00658	0.00298	0.00405
11	0.00755	0.00516	0.00623	0.00623	0.00642	0.00535	0.00384	0.00793	0.00774	0.01050	0.01591	0.03129	0.01772	0.65784	0.18399	0.00573	0.00687	0.00717	0.00308	0.00346
12	0.01080	0.00926	0.01080	0.00771	0.01234	0.00694	0.00617	0.01311	0.01080	0.01697	0.00926	0.01080	0.00771	0.00386	0.00386	0.00077	0.00386	0.00309	0.00309	0.84882
13	0.01281	0.01229	0.02099	0.05299	0.76412	0.01235	0.01594	0.01591	0.01182	0.01691	0.00978	0.01292	0.00821	0.00466	0.00516	0.00155	0.00621	0.00464	0.00257	0.00818
14	0.01059	0.01002	0.01698	0.61394	0.22051	0.01177	0.01484	0.01397	0.01077	0.01422	0.00939	0.01364	0.00726	0.00507	0.00519	0.00169	0.00676	0.00463	0.00238	0.00639
15	0.69588	0.03155	0.00929	0.00798	0.01115	0.14178	0.00645	0.01622	0.00988	0.02135	0.00738	0.00861	0.00584	0.00491	0.00347	0.00156	0.00495	0.00291	0.00311	0.00573
16	0.01196	0.01645	0.17476	0.02090	0.04921	0.01294	0.60107	0.01662	0.01203	0.01666	0.01029	0.01343	0.00766	0.00450	0.00589	0.00173	0.00850	0.00566	0.00255	0.00719
17	0.01250	0.07804	0.05132	0.01050	0.01375	0.01270	0.03019	0.06217	0.52030	0.02068	0.07149	0.02059	0.05874	0.00721	0.00524	0.00169	0.00444	0.00600	0.00482	0.00765
18	0.00650	0.00470	0.00615	0.00703	0.00756	0.00435	0.00480	0.00767	0.01083	0.01454	0.14913	0.65007	0.07689	0.01525	0.00654	0.00202	0.00291	0.01375	0.00498	0.00435
19	0.01045	0.02694	0.79000	0.01484	0.02254	0.01209	0.01924	0.01649	0.01099	0.01649	0.00935	0.01099	0.00660	0.00495	0.00495	0.00165	0.00770	0.00385	0.00220	0.00770
20	0.00644	0.00460	0.00615	0.00736	0.00771	0.00431	0.00500	0.00742	0.01007	0.01340	0.02865	0.77769	0.03423	0.01622	0.00667	0.00213	0.00311	0.04974	0.00483	0.00426
21	0.00885	0.00932	0.10874	0.00841	0.01069	0.02447	0.00739	0.03004	0.09194	0.01996	0.51081	0.07795	0.03715	0.00973	0.00590	0.00169	0.00361	0.02258	0.00508	0.00569
22	0.00971	0.00485	0.00485	0.00485	0.00607	0.00485	0.00364	0.01213	0.01092	0.01942	0.01699	0.01942	0.01335	0.00607	0.00364	0.00121	0.00243	0.00485	0.84589	0.00485
23	0.01045	0.02694	0.79000	0.01484	0.02254	0.01209	0.01924	0.01649	0.01099	0.01649	0.00935	0.01099	0.00660	0.00495	0.00495	0.00165	0.00770	0.00385	0.00220	0.00770
24	0.08737	0.01368	0.01457	0.01132	0.01535	0.01508	0.00933	0.62264	0.05736	0.08169	0.01301	0.01284	0.00919	0.00619	0.00505	0.00158	0.00543	0.00463	0.00513	0.00857
25	0.00634	0.00457	0.00600	0.00715	0.00753	0.00424	0.00479	0.00726	0.01006	0.01333	0.02989	0.77588	0.07138	0.01616	0.00662	0.00210	0.00300	0.01462	0.00483	0.00424
26	0.09961	0.00897	0.01168	0.00904	0.01300	0.00802	0.00747	0.02445	0.01435	0.71789	0.01932	0.01687	0.01223	0.00630	0.00505	0.00161	0.00439	0.00502	0.00615	0.00857
27	0.00754	0.00516	0.00627	0.00627	0.00647	0.00537	0.00389	0.00795	0.00775	0.01053	0.01587	0.03111	0.01765	0.64768	0.19404	0.00577	0.00699	0.00714	0.00308	0.00348
28	0.01280	0.01228	0.02097	0.05531	0.76187	0.01235	0.01594	0.01590	0.01181	0.01690	0.00978	0.01292	0.00821	0.00466	0.00516	0.00155	0.00621	0.00464	0.00257	0.00817
29	0.83337	0.01004	0.00776	0.00691	0.01015	0.01158	0.00569	0.01556	0.00901	0.04215	0.00758	0.00869	0.00582	0.00487	0.00327	0.00161	0.00404	0.00288	0.00330	0.00572
30	0.01233	0.01200	0.01944	0.04358	0.63806	0.03872	0.03648	0.01520	0.01185	0.01643	0.01318	0.05309	0.05501	0.00573	0.00530	0.00159	0.00603	0.00550	0.00282	0.00767
31	0.85377	0.01007	0.00765	0.00685	0.01007	0.01168	0.00564	0.01531	0.00886	0.02336	0.00725	0.00846	0.00564	0.00483	0.00322	0.00161	0.00403	0.00282	0.00322	0.00564
32	0.00703	0.00514	0.00661	0.00666	0.00771	0.00472	0.00487	0.00901	0.01328	0.01834	0.52012	0.22634	0.11258	0.01231	0.00628	0.00178	0.00265	0.02445	0.00542	0.00470
33	0.00971	0.00485	0.00485	0.00485	0.00607	0.00485	0.00364	0.01213	0.01092	0.01942	0.01699	0.01942	0.01335	0.00607	0.00364	0.00121	0.00243	0.00485	0.84589	0.00485
34	0.01273	0.01221	0.02086	0.07145	0.74624	0.01233	0.01590	0.01585	0.01178	0.01682	0.00977	0.01294	0.00818	0.00467	0.00516	0.00156	0.00623	0.00464	0.00256	0.00812
35	0.00775	0.00541	0.00705	0.00659	0.00790	0.00497	0.00496	0.01017	0.01468	0.04017	0.74600	0.03862	0.06478	0.01060	0.00612	0.00164	0.00251	0.00935	0.00573	0.00500
36	0.01693	0.11322	0.06580	0.00934	0.01305	0.00982	0.00822	0.05592	0.06249	0.37805	0.09348	0.06400	0.01633	0.00790	0.02663	0.00174	0.00480	0.00574	0.00509	0.04147
37	0.25508	0.40173	0.19953	0.00970	0.01456	0.01605	0.01038	0.01572	0.01018	0.01644	0.00773	0.00900	0.00636	0.00468	0.00368	0.00138	0.00562	0.00304	0.00251	0.00662
38	0.01454	0.01198	0.01267	0.01092	0.01415	0.01370	0.00863	0.19942	0.60075	0.02435	0.01918	0.01782	0.01426	0.00688	0.00528	0.00172	0.00450	0.00561	0.00528	0.00839
39	0.71427	0.01030	0.00845	0.00748	0.01071	0.01188	0.00611	0.03721	0.10182	0.03785	0.00933	0.01007	0.00710	0.00517	0.00356	0.00163	0.00409	0.00329	0.00359	0.00610
40	0.00756	0.00509	0.00587	0.00587	0.00594	0.00515	0.00340	0.00770	0.00763	0.01024	0.01623	0.03310	0.01851	0.76106	0.08185	0.00529	0.00569	0.00743	0.00313	0.00326
41	0.00732	0.00532	0.00689	0.00649	0.00775	0.00489	0.00487	0.00972	0.01461	0.02058	0.74904	0.03940	0.08203	0.01076	0.00614	0.00164	0.00246	0.00949	0.00569	0.00489
42	0.00698	0.00502	0.00661	0.00682	0.00769	0.00465	0.00488	0.00884	0.01291	0.01797	0.49229	0.33667	0.04349	0.01283	0.00634	0.00182	0.00267	0.01149	0.00539	0.00465
43	0.00765	0.00545	0.00746	0.00860	0.00944	0.00535	0.00693	0.00943	0.01109	0.01454	0.02743	0.31587	0.03098	0.05321	0.00792	0.00243	0.00420	0.46278	0.00473	0.00452
44	0.00965	0.00487	0.00491	0.00490	0.00611	0.00486	0.00367	0.01207	0.01102	0.01945	0.03674	0.01992	0.01427	0.00619	0.00370	0.00122	0.00243	0.00497	0.82419	0.00486
45	0.01380	0.73205	0.08967	0.00953	0.01420	0.04215	0.00979	0.01582	0.01074	0.01262	0.00744	0.00860	0.00668	0.00452	0.00351	0.00116	0.00585	0.00289	0.00224	0.00675
46	0.15876	0.00976	0.01420	0.64544	0.03086	0.02992	0.01281	0.01383	0.01024	0.01506	0.00887	0.01282	0.00671	0.00514	0.00485	0.00170	0.00649	0.00428	0.00248	0.00577
47	0.02168	0.00849	0.01154	0.00898	0.01271	0.00736	0.00736	0.02374	0.01489	0.70709	0.10093	0.01996	0.01672	0.00689	0.00533	0.00161	0.00422	0.00568	0.00637	0.00845
48	0.00634	0.00453	0.00604	0.00725	0.00755	0.00423	0.00483	0.00725	0.00997	0.01329	0.02870	0.81358	0.03444	0.01632	0.00665	0.00211	0.00302	0.01480	0.00483	0.00423
49	0.01080	0.00926	0.01080	0.00771	0.01234	0.00694	0.00617	0.01311	0.01080	0.01697	0.00926	0.01080	0.00771	0.00386	0.00386	0.00077	0.00386	0.00309	0.00309	0.84882
50	0.85377	0.01007	0.00765	0.00685	0.01007	0.01168	0.00564	0.01531	0.00886	0.02336	0.00725	0.00846	0.00564	0.00483	0.00322	0.00161	0.00403	0.00282	0.00322	0.00564
51	0.01045	0.02694	0.79000	0.01484	0.02254	0.01209	0.01924	0.01649	0.01099	0.01649	0.00935	0.01099	0.00660	0.00495	0.00495	0.00165	0.00770	0.00385	0.00220	0.00770
52	0.01003	0.00948	0.01587	0.73867	0.06673	0.01179	0.01440	0.01339	0.01037	0.01343	0.00918	0.01374	0.00699	0.00535	0.00570	0.00175	0.04031	0.00463	0.00232	0.00589
53	0.00725	0.00491	0.00577	0.00609	0.00617	0.00484	0.00359	0.00749	0.00819	0.01093	0.01959	0.23604	0.02295	0.60954	0.02136	0.00429	0.00452	0.00945	0.00359	0.00343
54	0.00642	0.00509	0.00577	0.00601	0.00730	0.00445	0.00435	0.00784	0.01190	0.01510	0.17812	0.24245	0.45973	0.01353	0.00628	0.00183	0.00270	0.01168	0.00500	0.00445
55	0.63862	0.00976	0.00880	0.00747	0.01091	0.01064	0.00616	0.01792	0.01043	0.22150	0.01070	0.01086	0.00752	0.00525	0.00374	0.00161	0.00413	0.00345	0.00406	0.00647
56	0.00983	0.00926	0.01562	0.80447	0.03587	0.01157	0.01446	0.01331	0.01041	0.01331	0.00926	0.01388	0.00694	0.00521	0.00521	0.00174	0.00694	0.00463	0.00231	0.00579
57	0.00715	0.00531	0.00665	0.00632	0.00764	0.00482	0.00474	0.00940	0.01422	0.01964	0.64928	0.04094	0.18238	0.01111	0.00614	0.00166	0.00249	0.00970	0.00557	0.00482
58	0.01305	0.01092	0.01238	0.11079	0.01626	0.01255	0.00899	0.13241	0.50595	0.02189	0.04517	0.05616	0.01577	0.00728	0.00537	0.00174	0.00460	0.00610	0.00490	0.00772
59	0.01018	0.00960	0.01624	0.71827	0.11940	0.01166	0.01463	0.01360	0.01057	0.01372	0.00932	0.01377	0.00709	0.00514	0.00520	0.00171	0.00686	0.00463	0.00234	0.00606

[dist]
# distance from previous block
# <min> <max>
0	6

[block]
# block no. 1 follows, 47 sequences, length 61
# corresponding to MSA columns:
# 230-290
name=unknown_B
#
# <colnr> <probs for GDERKNQSTAVLIFYWHMCP>
#	G	D	E	R	K	N	Q	S	T	A	V	L	I	F	Y	W	H	M	C	P
0	0.05837	0.00891	0.01190	0.00916	0.01316	0.00782	0.00757	0.02495	0.01465	0.75587	0.01998	0.01733	0.01259	0.00638	0.00515	0.00161	0.00441	0.00514	0.00631	0.00873
1	0.01052	0.02639	0.75799	0.01514	0.02274	0.01214	0.05070	0.01650	0.01105	0.01650	0.00940	0.01112	0.00665	0.00492	0.00500	0.00165	0.00774	0.00395	0.00222	0.00767
2	0.01279	0.00653	0.00872	0.00753	0.00970	0.00586	0.00591	0.01510	0.01474	0.27977	0.50893	0.03217	0.03650	0.00931	0.00586	0.00164	0.00317	0.02356	0.00595	0.00624
3	0.01369	0.01001	0.01335	0.01404	0.15156	0.01054	0.03614	0.02132	0.33747	0.15567	0.03822	0.06472	0.02942	0.00969	0.06800	0.00224	0.00536	0.00623	0.00470	0.00764
4	0.01289	0.01237	0.02114	0.03196	0.78450	0.01237	0.01598	0.01598	0.01186	0.01701	0.00980	0.01289	0.00825	0.00464	0.00516	0.00155	0.00619	0.00464	0.00258	0.00825
5	0.00660	0.00481	0.00622	0.00695	0.00761	0.00443	0.00483	0.00792	0.01127	0.01513	0.20143	0.55192	0.10905	0.01470	0.00650	0.00198	0.00289	0.02633	0.00504	0.00441
6	0.01216	0.01368	0.11003	0.13770	0.56842	0.01225	0.03874	0.01569	0.01157	0.01642	0.00969	0.01284	0.00786	0.00475	0.00517	0.00159	0.00655	0.00459	0.00250	0.00780
7	0.01295	0.01119	0.01178	0.01060	0.01354	0.01295	0.00824	0.02767	0.77509	0.02178	0.02120	0.01943	0.01590	0.00707	0.00530	0.00177	0.00412	0.00589	0.00530	0.00824
8	0.00633	0.00496	0.00574	0.00630	0.00737	0.00437	0.00448	0.00752	0.01110	0.01396	0.06329	0.39505	0.40562	0.01455	0.00640	0.00193	0.00285	0.02896	0.00486	0.00435
9	0.01555	0.01421	0.10431	0.01144	0.01540	0.01375	0.01007	0.38766	0.25446	0.02650	0.07857	0.01666	0.01411	0.00672	0.00528	0.00164	0.00519	0.00535	0.00493	0.00820
10	0.01058	0.00906	0.01092	0.06870	0.01385	0.00748	0.00682	0.01371	0.05518	0.01728	0.07107	0.01376	0.01140	0.00468	0.00422	0.00097	0.00400	0.00387	0.00336	0.66909
11	0.01134	0.01119	0.01546	0.01310	0.01354	0.01509	0.01089	0.01259	0.00825	0.01296	0.00707	0.01134	0.00692	0.00861	0.01582	0.00213	0.73040	0.00442	0.00236	0.08654
12	0.01057	0.08565	0.02769	0.17121	0.05230	0.01077	0.00942	0.03662	0.02593	0.01291	0.01070	0.04360	0.01023	0.04589	0.01248	0.23460	0.15546	0.03630	0.00268	0.00498
13	0.01468	0.71129	0.02557	0.00953	0.01374	0.12672	0.00907	0.01631	0.01115	0.01232	0.00735	0.00850	0.00669	0.00458	0.00353	0.00115	0.00609	0.00286	0.00229	0.00659
14	0.01256	0.00654	0.00840	0.00764	0.00963	0.00607	0.00583	0.02974	0.01198	0.26824	0.03903	0.17177	0.16591	0.08480	0.11219	0.00293	0.00511	0.02441	0.02134	0.00588
15	0.00755	0.00557	0.00709	0.00667	0.00799	0.00523	0.00501	0.01048	0.04667	0.02063	0.71875	0.03856	0.07885	0.01060	0.00611	0.00165	0.00253	0.00934	0.00568	0.00503
16	0.01244	0.30320	0.41695	0.01213	0.01809	0.01498	0.01410	0.01759	0.08246	0.04772	0.01018	0.01114	0.00776	0.00504	0.00443	0.00147	0.00648	0.00372	0.00268	0.00744
17	0.02264	0.00889	0.01201	0.00918	0.01324	0.00761	0.00757	0.02467	0.01467	0.74361	0.01989	0.01733	0.01259	0.00630	0.00516	0.00156	0.00440	0.00511	0.00625	0.05733
18	0.01080	0.00926	0.01080	0.00771	0.01234	0.00694	0.00617	0.01311	0.01080	0.01697	0.00926	0.01080	0.00771	0.00386	0.00386	0.00077	0.00386	0.00309	0.00309	0.84882
19	0.00971	0.00485	0.00485	0.00485	0.00607	0.00485	0.00364	0.01213	0.01092	0.01942	0.01699	0.01942	0.01335	0.00607	0.00364	0.00121	0.00243	0.00485	0.84589	0.00485
20	0.01069	0.02087	0.51828	0.01447	0.06400	0.01080	0.05741	0.01560	0.01144	0.02853	0.07081	0.01356	0.01039	0.00522	0.00497	0.00152	0.00666	0.00437	0.00272	0.12771
21	0.00759	0.00586	0.00855	0.00855	0.00930	0.00687	0.00656	0.00921	0.00855	0.01225	0.01557	0.13345	0.01575	0.05164	0.60628	0.00693	0.07253	0.00687	0.00305	0.00463
22	0.02126	0.00864	0.01150	0.00898	0.01257	0.00768	0.00727	0.05433	0.01472	0.66122	0.05333	0.01973	0.01479	0.07076	0.00696	0.00188	0.00445	0.00558	0.00610	0.00824
23	0.08391	0.01343	0.08152	0.01080	0.01497	0.01274	0.00944	0.42753	0.01869	0.13609	0.01373	0.06369	0.01052	0.00650	0.00502	0.00155	0.00526	0.00506	0.00477	0.07478
24	0.01099	0.19292	0.04413	0.01020	0.01226	0.02599	0.00887	0.06726	0.01027	0.01398	0.01160	0.01542	0.03271	0.01937	0.31440	0.00427	0.19211	0.00471	0.00276	0.00579
25	0.00971	0.00485	0.00485	0.00485	0.00607	0.00485	0.00364	0.01213	0.01092	0.01942	0.01699	0.01942	0.01335	0.00607	0.00364	0.00121	0.00243	0.00485	0.84589	0.00485
26	0.85377	0.01007	0.00765	0.00685	0.01007	0.01168	0.00564	0.01531	0.00886	0.02336	0.00725	0.00846	0.00564	0.00483	0.00322	0.00161	0.00403	0.00282	0.00322	0.00564
27	0.85377	0.01007	0.00765	0.00685	0.01007	0.01168	0.00564	0.01531	0.00886	0.02336	0.00725	0.00846	0.00564	0.00483	0.00322	0.00161	0.00403	0.00282	0.00322	0.00564
28	0.00971	0.00485	0.00485	0.00485	0.00607	0.00485	0.00364	0.01213	0.01092	0.01942	0.01699	0.01942	0.01335	0.00607	0.00364	0.00121	0.00243	0.00485	0.84589	0.00485
29	0.01265	0.01213	0.02070	0.09319	0.72517	0.01231	0.01586	0.01577	0.01174	0.01672	0.00975	0.01297	0.00815	0.00468	0.00516	0.00156	0.00625	0.00464	0.00256	0.00805
30	0.01351	0.01103	0.01183	0.01057	0.01354	0.01259	0.00832	0.06728	0.66768	0.05164	0.02100	0.02089	0.01608	0.00735	0.00538	0.00178	0.00425	0.04182	0.00531	0.00813
31	0.01229	0.01405	0.03073	0.02195	0.02722	0.01317	0.76558	0.01668	0.01229	0.01668	0.01054	0.01405	0.00790	0.00439	0.00615	0.00176	0.00878	0.00615	0.00263	0.00702
32	0.01916	0.04108	0.01506	0.01297	0.01588	0.62599	0.00994	0.11878	0.03328	0.03259	0.00917	0.01023	0.00734	0.00559	0.00498	0.00140	0.02325	0.00364	0.00314	0.00653
33	0.00634	0.00453	0.00604	0.00725	0.00755	0.00423	0.00483	0.00725	0.00997	0.01329	0.02870	0.81358	0.03444	0.01632	0.00665	0.00211	0.00302	0.01480	0.00483	0.00423
34	0.01657	0.01067	0.01253	0.01030	0.01342	0.01114	0.02263	0.37655	0.04659	0.17808	0.01904	0.21265	0.02849	0.00888	0.00561	0.00172	0.00475	0.00747	0.00531	0.00758
35	0.00744	0.00558	0.00837	0.00837	0.00930	0.00651	0.00651	0.00930	0.00837	0.01209	0.01395	0.02046	0.01302	0.03906	0.79635	0.00837	0.01395	0.00558	0.00279	0.00465
36	0.02745	0.04677	0.56151	0.01447	0.03542	0.01239	0.04956	0.05819	0.01198	0.08524	0.01036	0.01173	0.00736	0.00528	0.00547	0.00165	0.04059	0.00411	0.00279	0.00769
37	0.02336	0.00886	0.01209	0.00927	0.01329	0.00765	0.00765	0.02538	0.01491	0.78810	0.02055	0.01773	0.01289	0.00645	0.00524	0.00161	0.00443	0.00524	0.00645	0.00886
38	0.01229	0.01405	0.03073	0.02195	0.02722	0.01317	0.76558	0.01668	0.01229	0.01668	0.01054	0.01405	0.00790	0.00439	0.00615	0.00176	0.00878	0.00615	0.00263	0.00702
39	0.00658	0.00491	0.00612	0.00662	0.00750	0.00445	0.00466	0.00799	0.01167	0.01550	0.23560	0.43612	0.20506	0.01410	0.00640	0.00191	0.00278	0.01251	0.00507	0.00445
40	0.01147	0.01004	0.01621	0.50486	0.16714	0.01185	0.01370	0.03184	0.01106	0.05909	0.01087	0.01450	0.02573	0.00576	0.00637	0.00174	0.08383	0.00481	0.00272	0.00644
41	0.01967	0.01046	0.07397	0.01028	0.01384	0.00912	0.00904	0.02187	0.01321	0.56951	0.01730	0.01645	0.01154	0.00867	0.05450	0.00212	0.12004	0.00505	0.00529	0.00806
42	0.01289	0.01237	0.02114	0.03196	0.78450	0.01237	0.01598	0.01598	0.01186	0.01701	0.00980	0.01289	0.00825	0.00464	0.00516	0.00155	0.00619	0.00464	0.00258	0.00825
43	0.01036	0.02440	0.67895	0.01439	0.02103	0.01213	0.01785	0.01575	0.01058	0.01590	0.00938	0.01155	0.00697	0.00718	0.04938	0.00207	0.07852	0.00401	0.00224	0.00735
44	0.02855	0.06081	0.15986	0.01627	0.02074	0.01173	0.39004	0.01458	0.01143	0.01590	0.03376	0.13002	0.03475	0.00684	0.00624	0.00177	0.04035	0.00688	0.00299	0.00651
45	0.01229	0.01405	0.03073	0.02195	0.02722	0.01317	0.76558	0.01668	0.01229	0.01668	0.01054	0.01405	0.00790	0.00439	0.00615	0.00176	0.00878	0.00615	0.00263	0.00702
46	0.00737	0.00532	0.00696	0.00655	0.00778	0.00491	0.00491	0.00983	0.01474	0.02088	0.78175	0.03890	0.04914	0.01065	0.00614	0.00164	0.00246	0.00942	0.00573	0.00491
47	0.01027	0.00984	0.01573	0.47209	0.02670	0.01257	0.04440	0.01291	0.00971	0.01331	0.00957	0.04947	0.00831	0.00692	0.00903	0.00192	0.25906	0.00514	0.01734	0.00572
48	0.01227	0.41714	0.37026	0.01233	0.01829	0.01635	0.05722	0.01606	0.01087	0.01441	0.00838	0.00987	0.00671	0.00467	0.00423	0.00139	0.00671	0.00346	0.00224	0.00716
49	0.00634	0.00453	0.00604	0.00725	0.00755	0.00423	0.00483	0.00725	0.00997	0.01329	0.02870	0.81358	0.03444	0.01632	0.00665	0.00211	0.00302	0.01480	0.00483	0.00423
50	0.00691	0.00530	0.00640	0.00670	0.00793	0.00483	0.00504	0.00879	0.02481	0.01602	0.23822	0.22568	0.30641	0.01329	0.00638	0.00189	0.00297	0.10275	0.00508	0.00461
51	0.00959	0.00683	0.00818	0.04483	0.01031	0.00665	0.00587	0.05578	0.08225	0.07985	0.34228	0.03632	0.27051	0.01029	0.00590	0.00169	0.00322	0.00877	0.00527	0.00563
52	0.01289	0.01395	0.01564	0.13399	0.01757	0.18283	0.01157	0.01442	0.00980	0.01270	0.00747	0.01134	0.00682	0.00771	0.01262	0.00199	0.51421	0.00431	0.00237	0.00578
53	0.00758	0.00549	0.00687	0.00657	0.00762	0.00524	0.00472	0.01003	0.04499	0.01858	0.57103	0.06640	0.05677	0.15401	0.00974	0.00227	0.00301	0.00918	0.00520	0.00470
54	0.85377	0.01007	0.00765	0.00685	0.01007	0.01168	0.00564	0.01531	0.00886	0.02336	0.00725	0.00846	0.00564	0.00483	0.00322	0.00161	0.00403	0.00282	0.00322	0.00564
55	0.01200	0.01167	0.01866	0.29801	0.47500	0.04498	0.01503	0.01514	0.01148	0.01552	0.00995	0.01415	0.00824	0.00509	0.00520	0.00162	0.00655	0.02193	0.00254	0.00722
56	0.00757	0.00505	0.00571	0.00570	0.00573	0.00505	0.00320	0.00762	0.00773	0.01034	0.03364	0.03419	0.01961	0.79882	0.02605	0.00497	0.00499	0.00761	0.00321	0.00320
57	0.13214	0.11610	0.01550	0.01057	0.01445	0.01538	0.00890	0.47858	0.03809	0.02705	0.01111	0.01162	0.00829	0.00582	0.00495	0.00149	0.02842	0.00415	0.02074	0.04666
58	0.03838	0.29890	0.03003	0.07066	0.03425	0.05573	0.03514	0.04608	0.01144	0.01506	0.03022	0.03184	0.06463	0.00711	0.03493	0.00160	0.04093	0.00446	0.00293	0.14565
59	0.05077	0.01458	0.09565	0.12078	0.33154	0.08569	0.03871	0.11886	0.02745	0.01853	0.01123	0.01405	0.02406	0.00544	0.00512	0.00160	0.00653	0.01895	0.00305	0.00746
60	0.01270	0.26433	0.24352	0.04840	0.05506	0.08345	0.04381	0.05825	0.01209	0.01565	0.03318	0.05605	0.00979	0.00565	0.00461	0.00145	0.00646	0.00445	0.00275	0.03837

[dist]
# distance from previous block
# <min> <max>
2	9

[block]
# block no. 2 follows, 47 sequences, length 16
# corresponding to MSA columns:
# 300-315
name=unknown_C
#
# <colnr> <probs for GDERKNQSTAVLIFYWHMCP>
#	G	D	E	R	K	N	Q	S	T	A	V	L	I	F	Y	W	H	M	C	P
0	0.00753	0.00535	0.00725	0.00831	0.00907	0.00523	0.00653	0.00918	0.01094	0.01442	0.04803	0.33617	0.03123	0.08319	0.00860	0.00250	0.00409	0.39324	0.00470	0.00445
1	0.01293	0.01262	0.01969	0.02896	0.67266	0.06065	0.01499	0.01585	0.01205	0.01663	0.01116	0.01646	0.00995	0.00549	0.00530	0.00160	0.00627	0.06615	0.00277	0.00783
2	0.01133	0.00957	0.01108	0.00796	0.01256	0.00748	0.00639	0.05727	0.01160	0.01790	0.00945	0.01090	0.00778	0.00400	0.00394	0.00082	0.00397	0.00318	0.00321	0.79963
3	0.00615	0.00528	0.00528	0.00528	0.00703	0.00440	0.00396	0.00747	0.01187	0.01407	0.05276	0.05012	0.78238	0.01319	0.00615	0.00176	0.00264	0.01099	0.00484	0.00440
4	0.00731	0.00527	0.00690	0.00660	0.00777	0.00487	0.00491	0.00966	0.01444	0.02040	0.73389	0.08813	0.04820	0.01101	0.00617	0.00167	0.00249	0.00976	0.00568	0.00487
5	0.01187	0.00955	0.01180	0.03816	0.01384	0.00765	0.02909	0.03882	0.01153	0.06410	0.01009	0.01149	0.00804	0.00416	0.00410	0.00091	0.00421	0.00342	0.00332	0.71386
6	0.00971	0.00485	0.00485	0.00485	0.00607	0.00485	0.00364	0.01213	0.01092	0.01942	0.01699	0.01942	0.01335	0.00607	0.00364	0.00121	0.00243	0.00485	0.84589	0.00485
7	0.01532	0.56666	0.07417	0.00950	0.01410	0.01733	0.00936	0.06379	0.01212	0.12746	0.00973	0.01025	0.00776	0.00487	0.00386	0.00124	0.00549	0.00334	0.00306	0.04059
8	0.00871	0.01016	0.09810	0.00807	0.01054	0.08251	0.00704	0.01180	0.07522	0.01532	0.08318	0.09056	0.41526	0.01109	0.00589	0.00176	0.00414	0.05093	0.00441	0.00530
9	0.01140	0.01296	0.05519	0.01902	0.07441	0.01161	0.51447	0.01516	0.01193	0.01631	0.01513	0.01770	0.09768	0.00553	0.00613	0.00167	0.02818	0.00622	0.00290	0.07640
10	0.00755	0.00516	0.00624	0.00624	0.00643	0.00535	0.00385	0.00793	0.00774	0.01051	0.01590	0.03124	0.01770	0.65477	0.18704	0.00574	0.00690	0.00716	0.00308	0.00347
11	0.01265	0.01170	0.01551	0.12760	0.01700	0.06263	0.01145	0.01422	0.00932	0.07679	0.00839	0.01215	0.00734	0.00810	0.01363	0.00209	0.57623	0.00455	0.00265	0.00599
12	0.00744	0.00558	0.00837	0.00837	0.00930	0.00651	0.00651	0.00930	0.00837	0.01209	0.01395	0.02046	0.01302	0.03906	0.79635	0.00837	0.01395	0.00558	0.00279	0.00465
13	0.00983	0.00926	0.01562	0.80447	0.03587	0.01157	0.01446	0.01331	0.01041	0.01331	0.00926	0.01388	0.00694	0.00521	0.00521	0.00174	0.00694	0.00463	0.00231	0.00579
14	0.01945	0.02482	0.01476	0.01342	0.01610	0.79608	0.01006	0.02079	0.01476	0.01275	0.00805	0.00939	0.00671	0.00537	0.00470	0.00134	0.00939	0.00335	0.00268	0.00604
15	0.01289	0.01237	0.02114	0.03196	0.78450	0.01237	0.01598	0.01598	0.01186	0.01701	0.00980	0.01289	0.00825	0.00464	0.00516	0.00155	0.00619	0.00464	0.00258	0.00825

[dist]
# distance from previous block
# <min> <max>
0	14

[block]
# block no. 3 follows, 47 sequences, length 7
# corresponding to MSA columns:
# 330-336
name=unknown_D
#
# <colnr> <probs for GDERKNQSTAVLIFYWHMCP>
#	G	D	E	R	K	N	Q	S	T	A	V	L	I	F	Y	W	H	M	C	P
0	0.00839	0.00599	0.00839	0.00959	0.01079	0.00599	0.00839	0.01079	0.01199	0.01558	0.02757	0.05874	0.02997	0.01439	0.00719	0.00240	0.00480	0.74945	0.00480	0.00480
1	0.01045	0.02694	0.79000	0.01484	0.02254	0.01209	0.01924	0.01649	0.01099	0.01649	0.00935	0.01099	0.00660	0.00495	0.00495	0.00165	0.00770	0.00385	0.00220	0.00770
2	0.00757	0.00505	0.00568	0.00568	0.00568	0.00505	0.00316	0.00757	0.00757	0.01010	0.01641	0.03408	0.01893	0.81698	0.02651	0.00505	0.00505	0.00757	0.00316	0.00316
3	0.01980	0.01459	0.01563	0.01198	0.01615	0.01615	0.00990	0.76713	0.02448	0.03282	0.01250	0.01250	0.00886	0.00625	0.00521	0.00156	0.00573	0.00469	0.00521	0.00886
4	0.00756	0.00509	0.00591	0.00591	0.00599	0.00517	0.00345	0.00772	0.00764	0.01027	0.01620	0.03290	0.01842	0.74982	0.09298	0.00534	0.00582	0.00740	0.00312	0.00328
5	0.67599	0.01015	0.00856	0.00739	0.01066	0.01148	0.00607	0.08692	0.01085	0.07525	0.00914	0.01002	0.00683	0.00514	0.00357	0.00159	0.00413	0.00326	0.04688	0.00612
6	0.01496	0.01192	0.01245	0.01012	0.01384	0.05854	0.00805	0.16442	0.30883	0.08855	0.01539	0.01497	0.01148	0.00587	0.00484	0.00141	0.00470	0.00468	0.00461	0.24037

[dist]
# distance from previous block
# <min> <max>
0	1

[block]
# block no. 4 follows, 47 sequences, length 11
# corresponding to MSA columns:
# 338-348
name=unknown_E
#
# <colnr> <probs for GDERKNQSTAVLIFYWHMCP>
#	G	D	E	R	K	N	Q	S	T	A	V	L	I	F	Y	W	H	M	C	P
0	0.07340	0.01208	0.05883	0.39599	0.22471	0.03577	0.05483	0.05439	0.01168	0.01636	0.00946	0.01288	0.00731	0.00503	0.00507	0.00165	0.00668	0.00450	0.00262	0.00675
1	0.00905	0.00452	0.00678	0.00678	0.00678	0.00452	0.00452	0.00678	0.00678	0.00905	0.00905	0.01583	0.00905	0.01809	0.02035	0.84848	0.00452	0.00452	0.00226	0.00226
2	0.00757	0.00574	0.00797	0.00948	0.07754	0.00546	0.00632	0.00934	0.01183	0.01608	0.24143	0.34002	0.07359	0.03807	0.00705	0.00205	0.00347	0.12731	0.00483	0.00485
3	0.01166	0.01036	0.01414	0.01101	0.05353	0.00859	0.10266	0.06167	0.01191	0.01794	0.00965	0.01142	0.00784	0.00412	0.00430	0.00099	0.00471	0.00365	0.00314	0.64672
4	0.01321	0.01019	0.01592	0.25582	0.22687	0.01059	0.04627	0.05557	0.03176	0.13709	0.03793	0.01734	0.06240	0.00595	0.00526	0.00161	0.00571	0.00532	0.00359	0.05162
5	0.13071	0.15380	0.46704	0.01225	0.01821	0.05450	0.01436	0.01642	0.01105	0.03719	0.03405	0.01120	0.00803	0.00510	0.00447	0.00154	0.00666	0.00372	0.00260	0.00709
6	0.01202	0.01111	0.12746	0.01082	0.01377	0.00892	0.07528	0.15530	0.01339	0.08526	0.04183	0.22810	0.01823	0.01072	0.00769	0.10789	0.00515	0.05682	0.00416	0.00608
7	0.00928	0.00710	0.00959	0.01136	0.12124	0.00720	0.00710	0.10007	0.01165	0.01575	0.02124	0.39286	0.02374	0.13890	0.05221	0.00278	0.00482	0.05370	0.00418	0.00526
8	0.05819	0.05091	0.15015	0.05424	0.03199	0.03556	0.08769	0.09799	0.03687	0.01823	0.10202	0.03024	0.03728	0.00717	0.00688	0.00172	0.11514	0.04156	0.00346	0.03272
9	0.09669	0.10125	0.33502	0.01499	0.11664	0.01297	0.04737	0.10498	0.01287	0.06544	0.03758	0.01243	0.00894	0.00527	0.00478	0.00157	0.00635	0.00422	0.00311	0.00754
10	0.06365	0.13461	0.17931	0.13856	0.21614	0.05402	0.01321	0.01532	0.01132	0.01600	0.05083	0.01279	0.00941	0.00509	0.00468	0.00148	0.00621	0.00418	0.00265	0.06053

[dist]
# distance from previous block
# <min> <max>
1	16

[block]
# block no. 5 follows, 47 sequences, length 101
# corresponding to MSA columns:
# 365-465
name=unknown_F
#
# <colnr> <probs for GDERKNQSTAVLIFYWHMCP>
#	G	D	E	R	K	N	Q	S	T	A	V	L	I	F	Y	W	H	M	C	P
0	0.26443	0.08335	0.18036	0.00963	0.01356	0.06141	0.00943	0.01539	0.06509	0.01774	0.01402	0.01594	0.07930	0.00852	0.06240	0.00206	0.01680	0.02230	0.00316	0.05511
1	0.12759	0.04648	0.07523	0.01294	0.11395	0.08366	0.02464	0.13505	0.06765	0.08625	0.06204	0.01652	0.06426	0.00624	0.00486	0.00153	0.00536	0.00495	0.00395	0.05686
2	0.01303	0.17986	0.27194	0.02853	0.05826	0.12550	0.01241	0.09269	0.01297	0.01675	0.04007	0.05936	0.02908	0.00614	0.00476	0.00150	0.00646	0.00475	0.02905	0.00689
3	0.22645	0.17016	0.05983	0.04950	0.01476	0.22866	0.00905	0.08267	0.02404	0.01793	0.05070	0.01203	0.02344	0.00556	0.00426	0.00145	0.00619	0.00382	0.00315	0.00633
4	0.00784	0.00595	0.00783	0.00773	0.00835	0.02099	0.00561	0.00904	0.00821	0.01145	0.01443	0.02453	0.01469	0.29889	0.49742	0.00692	0.03684	0.00617	0.00289	0.00421
5	0.02316	0.00920	0.01229	0.00942	0.01346	0.00815	0.00779	0.06878	0.01547	0.74392	0.02007	0.01742	0.01265	0.00643	0.00524	0.00161	0.00451	0.00520	0.00637	0.00886
6	0.00634	0.00453	0.00604	0.00725	0.00755	0.00423	0.00483	0.00725	0.00997	0.01329	0.02870	0.81358	0.03444	0.01632	0.00665	0.00211	0.00302	0.01480	0.00483	0.00423
7	0.85377	0.01007	0.00765	0.00685	0.01007	0.01168	0.00564	0.01531	0.00886	0.02336	0.00725	0.00846	0.00564	0.00483	0.00322	0.00161	0.00403	0.00282	0.00322	0.00564
8	0.00634	0.00453	0.00604	0.00725	0.00755	0.00423	0.00483	0.00725	0.00997	0.01329	0.02870	0.81358	0.03444	0.01632	0.00665	0.00211	0.00302	0.01480	0.00483	0.00423
9	0.01139	0.01139	0.01595	0.01367	0.01367	0.01595	0.01139	0.01253	0.00798	0.01253	0.00684	0.01139	0.00684	0.00911	0.01709	0.00228	0.80745	0.00456	0.00228	0.00570
10	0.02028	0.00819	0.01104	0.00870	0.01222	0.00711	0.00709	0.02233	0.01475	0.64234	0.13425	0.02221	0.05057	0.00735	0.00541	0.00162	0.00406	0.00610	0.00627	0.00809
11	0.01080	0.00926	0.01080	0.00771	0.01234	0.00694	0.00617	0.01311	0.01080	0.01697	0.00926	0.01080	0.00771	0.00386	0.00386	0.00077	0.00386	0.00309	0.00309	0.84882
12	0.79231	0.01024	0.00864	0.00868	0.06667	0.01173	0.00640	0.01536	0.00908	0.02290	0.00744	0.00878	0.00583	0.00482	0.00336	0.00161	0.00419	0.00295	0.00318	0.00583
13	0.00889	0.00628	0.00770	0.11086	0.01049	0.00672	0.00522	0.06326	0.00940	0.01282	0.01518	0.02862	0.01614	0.58185	0.03606	0.00417	0.00535	0.00676	0.06019	0.00405
14	0.00756	0.00509	0.00587	0.00587	0.00594	0.00515	0.00340	0.00770	0.00763	0.01024	0.01623	0.03310	0.01851	0.76107	0.08184	0.00529	0.00569	0.00743	0.00313	0.00326
15	0.01392	0.82012	0.02729	0.00891	0.01337	0.02061	0.00891	0.01559	0.01058	0.01225	0.00724	0.00835	0.00668	0.00446	0.00334	0.00111	0.00557	0.00278	0.00223	0.00668
16	0.01261	0.01209	0.02064	0.10195	0.71668	0.01230	0.01584	0.01574	0.01173	0.01668	0.00975	0.01298	0.00813	0.00469	0.00516	0.00156	0.00626	0.00464	0.00255	0.00803
17	0.00695	0.00531	0.00638	0.00611	0.00752	0.00473	0.00458	0.00901	0.01375	0.01852	0.52929	0.04278	0.30307	0.01153	0.00615	0.00168	0.00252	0.00996	0.00542	0.00473
18	0.00646	0.00465	0.00615	0.00731	0.00772	0.00434	0.00500	0.00747	0.01017	0.01346	0.02963	0.73834	0.06499	0.01607	0.00666	0.00212	0.00311	0.05727	0.00483	0.00427
19	0.01548	0.09581	0.01609	0.01246	0.01497	0.38988	0.02857	0.01724	0.02516	0.01345	0.00811	0.01026	0.00706	0.00602	0.00760	0.00150	0.20745	0.00368	0.00263	0.11657
20	0.00689	0.00530	0.00630	0.00605	0.00749	0.00471	0.00454	0.00890	0.01361	0.01820	0.49425	0.04332	0.33832	0.01165	0.00615	0.00169	0.00253	0.01004	0.00538	0.00471
21	0.01408	0.36516	0.16594	0.06878	0.01763	0.19833	0.02671	0.01665	0.01150	0.01334	0.00801	0.00978	0.00672	0.00508	0.00495	0.00139	0.05355	0.00342	0.00235	0.00661
22	0.01277	0.01501	0.13149	0.02696	0.58135	0.05766	0.01554	0.01663	0.04297	0.01682	0.01102	0.01348	0.02488	0.00501	0.00513	0.00156	0.00643	0.00464	0.00269	0.00796
23	0.00971	0.00485	0.00485	0.00485	0.00607	0.00485	0.00364	0.01213	0.01092	0.01942	0.01699	0.01942	0.01335	0.00607	0.00364	0.00121	0.00243	0.00485	0.84589	0.00485
24	0.00654	0.00463	0.00606	0.00712	0.00740	0.00437	0.00472	0.00738	0.00973	0.01296	0.02718	0.70039	0.03245	0.11379	0.00908	0.00248	0.00331	0.03169	0.00463	0.00411
25	0.00634	0.00453	0.00604	0.00725	0.00755	0.00423	0.00483	0.00725	0.00997	0.01329	0.02870	0.81358	0.03444	0.01632	0.00665	0.00211	0.00302	0.01480	0.00483	0.00423
26	0.01227	0.01399	0.03039	0.02176	0.02691	0.01323	0.74831	0.01659	0.01219	0.01659	0.01045	0.01399	0.00788	0.00450	0.00640	0.00177	0.02708	0.00611	0.00263	0.00699
27	0.01764	0.01371	0.01544	0.01223	0.01547	0.01590	0.01009	0.56505	0.07078	0.02797	0.01193	0.01274	0.00891	0.00689	0.00763	0.00172	0.16835	0.00474	0.00462	0.00817
28	0.02734	0.29975	0.48317	0.01260	0.01881	0.01517	0.01513	0.01601	0.01070	0.01501	0.00849	0.01005	0.00662	0.00493	0.00482	0.00149	0.03696	0.00349	0.00223	0.00723
29	0.01255	0.00902	0.01070	0.00819	0.01192	0.00774	0.00653	0.11075	0.01379	0.10386	0.16806	0.03210	0.01732	0.00605	0.00470	0.00117	0.00386	0.00503	0.00429	0.46238
30	0.10398	0.00937	0.01185	0.00922	0.01315	0.00867	0.00760	0.06749	0.03322	0.65112	0.01880	0.01656	0.01202	0.00629	0.00504	0.00161	0.00446	0.00498	0.00603	0.00853
31	0.01853	0.15704	0.01684	0.01267	0.01564	0.66715	0.00987	0.01993	0.01406	0.01266	0.00792	0.00922	0.00670	0.00521	0.00447	0.00130	0.00876	0.00326	0.00261	0.00614
32	0.01180	0.01247	0.08203	0.05291	0.34492	0.01117	0.18027	0.01559	0.03579	0.03575	0.02423	0.05165	0.01267	0.00652	0.00569	0.00175	0.00645	0.09799	0.00314	0.00722
33	0.00742	0.00538	0.00674	0.00636	0.00774	0.00487	0.00478	0.00966	0.01421	0.03287	0.63420	0.04060	0.18371	0.01104	0.00613	0.00166	0.00252	0.00964	0.00558	0.00489
34	0.00643	0.00457	0.00602	0.00714	0.00742	0.00429	0.00471	0.00727	0.00980	0.01306	0.02780	0.75662	0.03331	0.07483	0.00810	0.00233	0.00317	0.01428	0.00471	0.00415
35	0.01951	0.00962	0.03802	0.01244	0.11435	0.00830	0.01990	0.02204	0.03281	0.55691	0.01943	0.09380	0.01417	0.00710	0.00537	0.00166	0.00469	0.00607	0.00556	0.00825
36	0.01492	0.06660	0.01261	0.00936	0.01239	0.00867	0.06221	0.03227	0.09465	0.30853	0.20069	0.06998	0.06815	0.00818	0.00552	0.00165	0.00417	0.00707	0.00536	0.00704
37	0.00706	0.00531	0.00653	0.00623	0.00759	0.00478	0.00467	0.00923	0.01401	0.01915	0.59620	0.04176	0.23577	0.01129	0.00615	0.00167	0.00250	0.00982	0.00550	0.00478
38	0.01227	0.01373	0.02897	0.02209	0.08159	0.01331	0.65660	0.01633	0.01195	0.01641	0.01022	0.01377	0.00785	0.00475	0.00686	0.00178	0.06599	0.00592	0.00260	0.00702
39	0.08072	0.40939	0.22339	0.01078	0.01587	0.01597	0.03070	0.01742	0.06586	0.07175	0.00985	0.01068	0.00772	0.00495	0.00410	0.00139	0.00590	0.00355	0.00284	0.00715
40	0.04436	0.00775	0.00831	0.00752	0.00913	0.02400	0.00581	0.10713	0.06917	0.01923	0.02950	0.01967	0.02967	0.07965	0.07576	0.00237	0.06672	0.00529	0.38341	0.00555
41	0.05816	0.00489	0.00655	0.00651	0.00687	0.00499	0.00446	0.00805	0.00750	0.01138	0.01009	0.01592	0.00947	0.01558	0.01694	0.67653	0.00419	0.00447	0.12460	0.00283
42	0.00981	0.01114	0.11499	0.50345	0.05830	0.01078	0.01365	0.01381	0.04165	0.01430	0.01192	0.03198	0.01008	0.00863	0.06318	0.00226	0.00717	0.06415	0.00271	0.00604
43	0.01442	0.58131	0.05866	0.05567	0.01523	0.03565	0.00962	0.03593	0.06629	0.07042	0.00958	0.01040	0.00786	0.00492	0.00388	0.00127	0.00565	0.00340	0.00284	0.00699
44	0.01213	0.01134	0.01348	0.01023	0.01403	0.06693	0.05829	0.05670	0.01154	0.01687	0.00907	0.01110	0.00758	0.00494	0.00617	0.00115	0.12729	0.00363	0.00302	0.55451
45	0.01367	0.03089	0.17857	0.09155	0.03972	0.01190	0.21372	0.13917	0.01385	0.10374	0.01284	0.07372	0.01023	0.00600	0.00543	0.00166	0.00666	0.00563	0.00353	0.03752
46	0.00806	0.00790	0.05327	0.00988	0.06576	0.06223	0.00681	0.00946	0.01053	0.01376	0.03931	0.61087	0.02873	0.03898	0.00691	0.00207	0.00403	0.01227	0.00433	0.00483
47	0.56926	0.09043	0.05679	0.02441	0.06874	0.04332	0.00806	0.05625	0.01047	0.02134	0.00791	0.00927	0.00623	0.00489	0.00368	0.00155	0.00490	0.00316	0.00309	0.00624
48	0.00646	0.00458	0.00601	0.00710	0.00738	0.00431	0.00468	0.00728	0.00974	0.01299	0.02754	0.74011	0.03298	0.09178	0.00852	0.00239	0.00321	0.01412	0.00468	0.00413
49	0.01746	0.01331	0.01434	0.01119	0.01521	0.01440	0.00913	0.54326	0.14959	0.02888	0.01355	0.01345	0.00990	0.00608	0.00505	0.00149	0.00521	0.00468	0.00495	0.11888
50	0.01279	0.00919	0.01100	0.00796	0.01249	0.00705	0.00641	0.01506	0.01145	0.13922	0.01105	0.01190	0.00853	0.00427	0.00408	0.00090	0.00395	0.00343	0.00362	0.71566
51	0.00772	0.00590	0.00837	0.00835	0.00926	0.02139	0.00643	0.00940	0.00842	0.01196	0.01375	0.02046	0.01293	0.05780	0.73751	0.03413	0.01334	0.00556	0.00278	0.00456
52	0.01565	0.57170	0.02337	0.01032	0.01422	0.26283	0.00927	0.01722	0.01189	0.01241	0.00749	0.00868	0.00669	0.00474	0.00376	0.00118	0.00676	0.00296	0.00237	0.00648
53	0.00884	0.00597	0.00745	0.00689	0.00841	0.00574	0.00523	0.01234	0.08014	0.05888	0.61343	0.03452	0.04143	0.00974	0.00581	0.00161	0.00270	0.00852	0.07695	0.00539
54	0.01096	0.01067	0.01573	0.13544	0.08584	0.01417	0.01186	0.01269	0.00873	0.01302	0.00807	0.01267	0.00750	0.01063	0.07964	0.00264	0.54688	0.00466	0.00235	0.00585
55	0.01600	0.01277	0.01451	0.01358	0.10371	0.01417	0.00981	0.37428	0.31349	0.02624	0.01659	0.01620	0.03143	0.00656	0.00526	0.00164	0.00508	0.00531	0.00493	0.00843
56	0.01139	0.01139	0.01595	0.01367	0.01367	0.01595	0.01139	0.01253	0.00798	0.01253	0.00684	0.01139	0.00684	0.00911	0.01709	0.00228	0.80745	0.00456	0.00228	0.00570
57	0.01436	0.05420	0.05851	0.03080	0.13243	0.01029	0.00948	0.10569	0.08386	0.18730	0.16484	0.03502	0.03130	0.00725	0.00549	0.00162	0.01648	0.01871	0.02505	0.00732
58	0.85377	0.01007	0.00765	0.00685	0.01007	0.01168	0.00564	0.01531	0.00886	0.02336	0.00725	0.00846	0.00564	0.00483	0.00322	0.00161	0.00403	0.00282	0.00322	0.00564
59	0.00757	0.00505	0.00568	0.00568	0.00568	0.00505	0.00316	0.00757	0.00757	0.01010	0.01641	0.03408	0.01893	0.81698	0.02651	0.00505	0.00505	0.00757	0.00316	0.00316
60	0.00641	0.00458	0.00609	0.00727	0.00759	0.00429	0.00488	0.00734	0.00997	0.01328	0.02844	0.78137	0.03404	0.03180	0.00704	0.00218	0.00310	0.03131	0.00480	0.00422
61	0.01245	0.01192	0.02034	0.14394	0.67598	0.01226	0.01576	0.01559	0.01165	0.01648	0.00972	0.01303	0.00806	0.00472	0.00516	0.00157	0.00630	0.00464	0.00254	0.00789
62	0.01139	0.01139	0.01595	0.01367	0.01367	0.01595	0.01139	0.01253	0.00798	0.01253	0.00684	0.01139	0.00684	0.00911	0.01709	0.00228	0.80745	0.00456	0.00228	0.00570
63	0.00634	0.00453	0.00604	0.00725	0.00755	0.00423	0.00483	0.00725	0.00997	0.01329	0.02870	0.81358	0.03444	0.01632	0.00665	0.00211	0.00302	0.01480	0.00483	0.00423
64	0.00891	0.00662	0.00872	0.00949	0.01091	0.00681	0.00810	0.01291	0.11132	0.01680	0.08516	0.05210	0.02963	0.01315	0.00687	0.00226	0.00453	0.59554	0.00493	0.00525
65	0.00628	0.00478	0.00579	0.00659	0.00738	0.00429	0.00454	0.00733	0.01060	0.01355	0.03672	0.55920	0.28365	0.01527	0.00648	0.00200	0.00289	0.01353	0.00483	0.00429
66	0.00983	0.00926	0.01562	0.80447	0.03587	0.01157	0.01446	0.01331	0.01041	0.01331	0.00926	0.01388	0.00694	0.00521	0.00521	0.00174	0.00694	0.00463	0.00231	0.00579
67	0.01500	0.01190	0.01274	0.01089	0.01414	0.01346	0.00866	0.24494	0.50475	0.04325	0.01889	0.03217	0.01439	0.00714	0.00534	0.00172	0.00460	0.02245	0.00528	0.00829
68	0.85377	0.01007	0.00765	0.00685	0.01007	0.01168	0.00564	0.01531	0.00886	0.02336	0.00725	0.00846	0.00564	0.00483	0.00322	0.00161	0.00403	0.00282	0.00322	0.00564
69	0.01098	0.00996	0.01564	0.66541	0.03223	0.01236	0.01377	0.09146	0.01170	0.01527	0.00942	0.01356	0.00713	0.00560	0.00606	0.00176	0.06435	0.00463	0.00261	0.00610
70	0.01611	0.47969	0.02196	0.01084	0.01448	0.33465	0.00943	0.01763	0.01221	0.01246	0.00756	0.00884	0.00670	0.00493	0.00420	0.00123	0.02521	0.00306	0.00241	0.00640
71	0.00844	0.00722	0.06359	0.00796	0.02793	0.00581	0.00641	0.01111	0.02706	0.04894	0.43693	0.11021	0.10666	0.01059	0.00595	0.00171	0.00323	0.05102	0.05395	0.00529
72	0.01278	0.03479	0.22027	0.03441	0.27023	0.04947	0.03297	0.07636	0.09731	0.01798	0.02389	0.01401	0.00953	0.00575	0.00599	0.00166	0.06403	0.01786	0.00305	0.00764
73	0.01312	0.01127	0.01187	0.01063	0.01361	0.01303	0.00828	0.04601	0.75647	0.02206	0.02098	0.01926	0.01572	0.00705	0.00530	0.00176	0.00416	0.00586	0.00530	0.00826
74	0.77983	0.02656	0.00872	0.00769	0.02796	0.01208	0.00613	0.04964	0.00968	0.02343	0.00755	0.00874	0.00587	0.00489	0.00336	0.00160	0.00419	0.00295	0.00328	0.00587
75	0.07267	0.00900	0.01247	0.01227	0.08694	0.02766	0.10057	0.08677	0.05583	0.06246	0.02020	0.35698	0.03377	0.02983	0.00632	0.00192	0.00472	0.00930	0.00429	0.00604
76	0.01030	0.00856	0.01087	0.00845	0.01209	0.00695	0.04116	0.01263	0.02401	0.03502	0.03265	0.16249	0.01402	0.00660	0.00484	0.00115	0.01825	0.00571	0.00356	0.58070
77	0.01086	0.02403	0.61868	0.01645	0.02359	0.01234	0.18764	0.01653	0.01129	0.01653	0.00961	0.01168	0.00689	0.00482	0.00522	0.00167	0.00794	0.00437	0.00230	0.00754
78	0.00667	0.00491	0.00626	0.00674	0.00756	0.00449	0.00474	0.00818	0.01189	0.01604	0.29352	0.43979	0.14218	0.01392	0.00640	0.00190	0.00277	0.01241	0.00515	0.00449
79	0.00834	0.00596	0.00833	0.00953	0.01071	0.00595	0.00830	0.01070	0.01194	0.01553	0.02760	0.07818	0.03009	0.01444	0.00718	0.00239	0.00475	0.73053	0.00480	0.00478
80	0.00735	0.00532	0.00693	0.00653	0.00777	0.00490	0.00490	0.00978	0.01469	0.02075	0.76797	0.03911	0.06300	0.01069	0.00614	0.00164	0.00246	0.00945	0.00572	0.00490
