[name]
unknown

[dist]
# distance from previous block
# <min> <max>
10	78

[block]
# block no. 0 follows, 47 sequences, length 6
# corresponding to MSA columns:
# 86-91
name=unknown_A
#
# <colnr> <probs for GDERKNQSTAVLIFYWHMCP>
#	G	D	E	R	K	N	Q	S	T	A	V	L	I	F	Y	W	H	M	C	P
0	0.01709	0.00964	0.01162	0.00902	0.01282	0.00891	0.00732	0.15608	0.05430	0.33196	0.06865	0.01893	0.06706	0.00660	0.00505	0.00143	0.00427	0.00536	0.00524	0.19867
1	0.01194	0.01171	0.01930	0.16780	0.02189	0.06642	0.27108	0.01485	0.01090	0.04838	0.01060	0.01439	0.00853	0.00978	0.10195	0.00257	0.15337	0.00520	0.04316	0.00617
2	0.00775	0.00529	0.00638	0.00651	0.00773	0.00477	0.00467	0.00907	0.01143	0.06924	0.13901	0.28923	0.30258	0.07262	0.03724	0.00233	0.00346	0.01114	0.00487	0.00465
3	0.00936	0.00496	0.00539	0.00539	0.00656	0.00510	0.00408	0.01170	0.01053	0.01830	0.01653	0.01957	0.01330	0.01107	0.12386	0.00230	0.00417	0.00496	0.71803	0.00482
4	0.01688	0.00761	0.00987	0.00829	0.01122	0.00677	0.00656	0.01928	0.05174	0.47808	0.06098	0.14446	0.13694	0.00920	0.00564	0.00172	0.00384	0.00780	0.00586	0.00726
5	0.00949	0.00559	0.00698	0.00677	0.00794	0.00513	0.00475	0.01071	0.01134	0.13423	0.18350	0.23523	0.12178	0.21938	0.01138	0.00265	0.00360	0.00987	0.00484	0.00483

[dist]
# distance from previous block
# <min> <max>
5	7

[block]
# block no. 1 follows, 47 sequences, length 23
# corresponding to MSA columns:
# 100-122
name=unknown_B
#
# <colnr> <probs for GDERKNQSTAVLIFYWHMCP>
#	G	D	E	R	K	N	Q	S	T	A	V	L	I	F	Y	W	H	M	C	P
0	0.00633	0.00458	0.00599	0.00711	0.00752	0.00424	0.00477	0.00727	0.01010	0.01335	0.03038	0.76048	0.08647	0.01610	0.00661	0.00209	0.00299	0.01454	0.00483	0.00424
1	0.00644	0.00457	0.00601	0.00713	0.00741	0.00429	0.00470	0.00728	0.00978	0.01304	0.02774	0.75280	0.03323	0.07875	0.00820	0.00234	0.00318	0.01424	0.00470	0.00415
2	0.06848	0.00635	0.00755	0.00765	0.00890	0.00635	0.00551	0.08928	0.01186	0.05737	0.06049	0.48634	0.07207	0.05094	0.03363	0.00230	0.00387	0.01127	0.00474	0.00507
3	0.01980	0.01459	0.01563	0.01198	0.01615	0.01615	0.00990	0.76713	0.02448	0.03282	0.01250	0.01250	0.00886	0.00625	0.00521	0.00156	0.00573	0.00469	0.00521	0.00886
4	0.00710	0.00511	0.00672	0.00674	0.00772	0.00473	0.00489	0.00915	0.01349	0.01889	0.58354	0.24280	0.04527	0.01214	0.00627	0.00176	0.00261	0.01084	0.00550	0.00473
5	0.01768	0.01149	0.01281	0.01024	0.01359	0.01226	0.00823	0.45448	0.05506	0.15623	0.01593	0.06999	0.01256	0.05804	0.00655	0.00181	0.00498	0.00572	0.06448	0.00787
6	0.00679	0.00485	0.00615	0.00670	0.00724	0.00454	0.00451	0.00792	0.01075	0.01452	0.20168	0.45465	0.07528	0.15763	0.01005	0.00251	0.00323	0.01207	0.00474	0.00421
7	0.00634	0.00453	0.00604	0.00725	0.00755	0.00423	0.00483	0.00725	0.00997	0.01329	0.02870	0.81358	0.03444	0.01632	0.00665	0.00211	0.00302	0.01480	0.00483	0.00423
8	0.00985	0.00932	0.01493	0.01265	0.01383	0.01153	0.12124	0.01178	0.00878	0.01296	0.01040	0.01563	0.00962	0.02112	0.34606	0.00479	0.35229	0.00523	0.00255	0.00545
9	0.01596	0.01221	0.01277	0.01045	0.01373	0.03482	0.00833	0.40902	0.20404	0.05146	0.01922	0.01970	0.09170	0.06425	0.00682	0.00187	0.00503	0.00582	0.00502	0.00776
10	0.00999	0.00916	0.01505	0.71478	0.03311	0.01134	0.01368	0.03926	0.01074	0.01389	0.00974	0.01435	0.00748	0.00788	0.06689	0.00225	0.00745	0.00470	0.00245	0.00580
11	0.00634	0.00456	0.00602	0.00718	0.00753	0.00424	0.00480	0.00726	0.01004	0.01332	0.02957	0.78615	0.06132	0.01620	0.00663	0.00210	0.00301	0.01467	0.00483	0.00424
12	0.01880	0.01412	0.01447	0.01150	0.01521	0.07559	0.00932	0.57883	0.04059	0.08265	0.01420	0.07526	0.01114	0.00700	0.00529	0.00160	0.00567	0.00544	0.00507	0.00826
13	0.01336	0.01169	0.06807	0.10494	0.01658	0.01177	0.04700	0.27817	0.05747	0.03895	0.01464	0.11600	0.01335	0.11910	0.00917	0.00221	0.06038	0.00642	0.00403	0.00671
14	0.01648	0.15102	0.01502	0.00973	0.01320	0.01318	0.00802	0.31361	0.06960	0.14097	0.01390	0.01639	0.01113	0.13376	0.00819	0.00202	0.00519	0.00490	0.00446	0.04923
15	0.01345	0.06894	0.02974	0.11114	0.01778	0.04292	0.07764	0.20798	0.04096	0.01962	0.01179	0.07487	0.01011	0.00627	0.00580	0.00149	0.06210	0.00509	0.00356	0.18875
16	0.01369	0.03077	0.01842	0.03291	0.09527	0.01276	0.19283	0.23556	0.04160	0.02065	0.01348	0.05556	0.03663	0.03498	0.00709	0.00176	0.07033	0.00572	0.00368	0.07632
17	0.07855	0.01058	0.01321	0.06657	0.01478	0.01196	0.03296	0.17692	0.05344	0.04660	0.05846	0.05422	0.03132	0.02162	0.00826	0.00176	0.19511	0.00541	0.00382	0.11443
18	0.08707	0.01218	0.01355	0.04136	0.01470	0.09281	0.05082	0.20062	0.04743	0.04665	0.01319	0.12265	0.01199	0.02321	0.00736	0.00176	0.12812	0.00584	0.00386	0.07484
19	0.04156	0.02313	0.06732	0.04450	0.07394	0.08067	0.01995	0.10391	0.01224	0.01690	0.03047	0.08823	0.03573	0.07001	0.04736	0.00218	0.08856	0.01779	0.00336	0.13218
20	0.01185	0.06683	0.01311	0.05537	0.01357	0.04151	0.02699	0.11267	0.04418	0.04332	0.01530	0.18623	0.02535	0.04385	0.04560	0.00218	0.14913	0.00684	0.00369	0.09243
21	0.04294	0.01102	0.01327	0.06790	0.01496	0.03904	0.02974	0.19131	0.04665	0.04601	0.01293	0.07700	0.02204	0.03607	0.03465	0.00200	0.16564	0.00542	0.00372	0.13769
22	0.07065	0.05810	0.01258	0.03664	0.03064	0.03219	0.02651	0.08767	0.04937	0.01724	0.04117	0.15715	0.01468	0.04671	0.00765	0.00176	0.11626	0.00626	0.00360	0.18319

[dist]
# distance from previous block
# <min> <max>
8	96

[block]
# block no. 2 follows, 47 sequences, length 11
# corresponding to MSA columns:
# 255-265
name=unknown_C
#
# <colnr> <probs for GDERKNQSTAVLIFYWHMCP>
#	G	D	E	R	K	N	Q	S	T	A	V	L	I	F	Y	W	H	M	C	P
0	0.01291	0.64838	0.11845	0.00934	0.01378	0.01814	0.00964	0.01497	0.01036	0.01257	0.00834	0.01104	0.00780	0.07915	0.00567	0.00154	0.00578	0.00335	0.00231	0.00648
1	0.01178	0.29101	0.01999	0.30625	0.15668	0.01428	0.01187	0.01440	0.01075	0.01390	0.00913	0.03135	0.00783	0.00501	0.00447	0.00142	0.00598	0.00411	0.00246	0.07733
2	0.00634	0.00528	0.00554	0.00547	0.00715	0.00448	0.00411	0.00784	0.01232	0.01513	0.16653	0.04837	0.66795	0.01279	0.00615	0.00174	0.00261	0.01075	0.00498	0.00448
3	0.01379	0.71256	0.02523	0.00914	0.01339	0.01959	0.00882	0.01720	0.11223	0.01352	0.00910	0.00983	0.00791	0.00480	0.00360	0.00120	0.00538	0.00320	0.00264	0.00689
4	0.01005	0.02070	0.53895	0.01272	0.01851	0.01077	0.01503	0.01638	0.11272	0.01701	0.05303	0.08905	0.04882	0.00694	0.00527	0.00171	0.00629	0.00574	0.00315	0.00716
5	0.00904	0.08142	0.01026	0.00857	0.00981	0.00842	0.02041	0.03158	0.11197	0.01477	0.04722	0.37157	0.02445	0.12398	0.00962	0.00237	0.06057	0.04457	0.00424	0.00517
6	0.01249	0.61480	0.11761	0.00941	0.01371	0.01739	0.00963	0.01459	0.01055	0.01291	0.01035	0.11574	0.01036	0.00609	0.00398	0.00131	0.00549	0.00451	0.00257	0.00648
7	0.01113	0.14424	0.05145	0.08180	0.01362	0.01084	0.00806	0.13998	0.06670	0.01847	0.16448	0.12774	0.07035	0.06051	0.00669	0.00185	0.00457	0.00725	0.00420	0.00609
8	0.09835	0.00800	0.00877	0.00783	0.00980	0.03193	0.00592	0.11279	0.01365	0.12245	0.22837	0.11746	0.05591	0.13282	0.00874	0.00221	0.00404	0.02040	0.00486	0.00571
9	0.13643	0.33758	0.15700	0.00925	0.01323	0.03794	0.00932	0.01414	0.01093	0.01567	0.08326	0.08792	0.05513	0.00676	0.00437	0.00147	0.00516	0.00516	0.00309	0.00618
10	0.11531	0.09629	0.40833	0.01287	0.01848	0.07228	0.06193	0.04155	0.01165	0.05529	0.01057	0.05391	0.00846	0.00561	0.00476	0.00160	0.00677	0.00442	0.00284	0.00709

[dist]
# distance from previous block
# <min> <max>
6	132

[block]
# block no. 3 follows, 47 sequences, length 18
# corresponding to MSA columns:
# 418-435
name=unknown_D
#
# <colnr> <probs for GDERKNQSTAVLIFYWHMCP>
#	G	D	E	R	K	N	Q	S	T	A	V	L	I	F	Y	W	H	M	C	P
0	0.01313	0.08273	0.01618	0.05286	0.08274	0.07260	0.10987	0.10164	0.10007	0.04873	0.03758	0.09354	0.02496	0.02254	0.00608	0.02876	0.00562	0.00589	0.00372	0.09076
1	0.04022	0.10007	0.01444	0.09638	0.07064	0.12888	0.00921	0.10178	0.05944	0.07226	0.01273	0.07731	0.01098	0.00928	0.07782	0.00210	0.00651	0.00504	0.00355	0.10136
2	0.02711	0.01259	0.12381	0.08945	0.07194	0.03316	0.07708	0.08549	0.03133	0.10959	0.01507	0.08225	0.04354	0.02607	0.03359	0.00188	0.00598	0.00570	0.00366	0.12070
3	0.06650	0.03048	0.07688	0.08514	0.07502	0.08658	0.00992	0.10437	0.08817	0.15734	0.05774	0.01767	0.03549	0.04039	0.00616	0.00175	0.01852	0.01632	0.00414	0.02141
4	0.04180	0.01146	0.01400	0.06480	0.10921	0.03910	0.02896	0.27058	0.04663	0.08887	0.10303	0.06176	0.01514	0.00680	0.00523	0.00156	0.00516	0.00570	0.00446	0.07574
5	0.03585	0.03213	0.01394	0.05050	0.06657	0.10117	0.00915	0.27743	0.03985	0.14248	0.07798	0.01611	0.03250	0.00632	0.00506	0.00150	0.00544	0.00499	0.00454	0.07650
6	0.05319	0.01284	0.01414	0.04666	0.01581	0.01394	0.00919	0.52421	0.06751	0.08893	0.01323	0.01382	0.00964	0.03204	0.00573	0.00165	0.00537	0.00471	0.00490	0.06248
7	0.35678	0.03675	0.01115	0.03504	0.02871	0.03113	0.00754	0.15001	0.08285	0.02190	0.01211	0.10063	0.01070	0.00671	0.00491	0.00163	0.03821	0.00497	0.00381	0.05446
8	0.00728	0.00525	0.00719	0.00736	0.00798	0.00563	0.00526	0.00857	0.00897	0.01252	0.08008	0.15971	0.02108	0.22550	0.40708	0.00594	0.00895	0.00795	0.00347	0.00423
9	0.00783	0.00582	0.00806	0.00900	0.07127	0.00606	0.00572	0.00911	0.00929	0.01296	0.11133	0.09417	0.02110	0.31591	0.28411	0.00523	0.00770	0.00749	0.00345	0.00439
10	0.00844	0.00572	0.00851	0.00782	0.00842	0.00574	0.06676	0.00842	0.00810	0.01095	0.03130	0.02586	0.01520	0.36152	0.11131	0.27496	0.00615	0.02848	0.00289	0.00345
11	0.01392	0.82012	0.02729	0.00891	0.01337	0.02061	0.00891	0.01559	0.01058	0.01225	0.00724	0.00835	0.00668	0.00446	0.00334	0.00111	0.00557	0.00278	0.00223	0.00668
12	0.01151	0.01129	0.01618	0.01327	0.01471	0.01406	0.07991	0.01425	0.07177	0.01436	0.00873	0.01221	0.00781	0.00770	0.01308	0.00196	0.54431	0.00459	0.00268	0.13563
13	0.00956	0.00625	0.00827	0.08068	0.01121	0.00605	0.00617	0.01219	0.04739	0.11566	0.35942	0.17856	0.11659	0.01078	0.00600	0.00175	0.00332	0.00946	0.00522	0.00546
14	0.01478	0.02319	0.01293	0.01112	0.03211	0.05433	0.02421	0.21140	0.16196	0.11241	0.07967	0.10200	0.01719	0.02366	0.00683	0.00181	0.06823	0.03017	0.00479	0.00720
15	0.70873	0.01095	0.00878	0.00763	0.01094	0.04691	0.00624	0.06497	0.01053	0.07277	0.00848	0.00936	0.00636	0.00505	0.00355	0.00160	0.00441	0.00312	0.00354	0.00607
16	0.08193	0.00849	0.00983	0.00828	0.01076	0.00864	0.00657	0.20364	0.01674	0.11747	0.43105	0.02715	0.03097	0.00855	0.00556	0.00161	0.00365	0.00717	0.00548	0.00645
17	0.01114	0.00738	0.00952	0.04544	0.09107	0.00692	0.00694	0.03729	0.03763	0.16254	0.13430	0.03502	0.35657	0.00994	0.00580	0.00170	0.00371	0.02610	0.00494	0.00605

[dist]
# distance from previous block
# <min> <max>
17	78

[block]
# block no. 4 follows, 47 sequences, length 36
# corresponding to MSA columns:
# 515-550
name=unknown_E
#
# <colnr> <probs for GDERKNQSTAVLIFYWHMCP>
#	G	D	E	R	K	N	Q	S	T	A	V	L	I	F	Y	W	H	M	C	P
0	0.03245	0.50148	0.07007	0.08956	0.02949	0.01678	0.06621	0.01576	0.04127	0.02812	0.04199	0.01198	0.00933	0.02059	0.00454	0.00141	0.00583	0.00386	0.00266	0.00664
1	0.01133	0.03498	0.10563	0.19511	0.18374	0.05521	0.02557	0.05662	0.03292	0.01668	0.07524	0.03432	0.08851	0.00650	0.00522	0.00158	0.00582	0.00560	0.00324	0.05618
2	0.01673	0.01155	0.01298	0.03225	0.01427	0.01241	0.00849	0.46521	0.05548	0.10291	0.08833	0.01895	0.07323	0.00790	0.00624	0.04963	0.00495	0.00572	0.00511	0.00766
3	0.01347	0.01227	0.04024	0.15188	0.49689	0.04272	0.03191	0.01654	0.01211	0.09297	0.03180	0.01408	0.00950	0.00511	0.00520	0.00159	0.00626	0.00479	0.00300	0.00769
4	0.13636	0.00975	0.05437	0.00885	0.01224	0.00873	0.00753	0.06230	0.07974	0.32477	0.07399	0.07065	0.07346	0.00770	0.00516	0.00166	0.00424	0.02278	0.00517	0.03056
5	0.01854	0.00832	0.01121	0.05391	0.01344	0.00768	0.00752	0.03599	0.05057	0.52647	0.16740	0.04011	0.02014	0.00744	0.00545	0.00164	0.00417	0.00625	0.00596	0.00779
6	0.00752	0.00506	0.00567	0.00567	0.00573	0.00502	0.00318	0.00757	0.00773	0.01024	0.01773	0.03466	0.04675	0.78769	0.02576	0.00493	0.00496	0.00770	0.00322	0.00320
7	0.53778	0.01173	0.01023	0.00857	0.01206	0.05666	0.00701	0.17546	0.01317	0.11005	0.00989	0.01040	0.00719	0.00534	0.00395	0.00159	0.00474	0.00351	0.00397	0.00670
8	0.01926	0.01432	0.01533	0.01187	0.01594	0.01590	0.00977	0.70898	0.08351	0.03195	0.01319	0.01305	0.00941	0.00632	0.00522	0.00158	0.00560	0.00478	0.00522	0.00881
9	0.01392	0.82012	0.02729	0.00891	0.01337	0.02061	0.00891	0.01559	0.01058	0.01225	0.00724	0.00835	0.00668	0.00446	0.00334	0.00111	0.00557	0.00278	0.00223	0.00668
10	0.01392	0.82012	0.02729	0.00891	0.01337	0.02061	0.00891	0.01559	0.01058	0.01225	0.00724	0.00835	0.00668	0.00446	0.00334	0.00111	0.00557	0.00278	0.00223	0.00668
11	0.00833	0.01193	0.22577	0.00985	0.01315	0.00742	0.06866	0.01148	0.01224	0.01695	0.27700	0.09233	0.16132	0.05216	0.00693	0.00189	0.00462	0.00822	0.00414	0.00561
12	0.01060	0.00849	0.01010	0.00768	0.01160	0.00655	0.00601	0.01272	0.01097	0.04724	0.03616	0.11811	0.01273	0.00582	0.00435	0.00101	0.00373	0.00492	0.00353	0.67766
13	0.00703	0.00514	0.00660	0.00659	0.00766	0.00471	0.00481	0.00904	0.01342	0.01857	0.54739	0.21162	0.11374	0.01214	0.00626	0.00175	0.00260	0.01076	0.00545	0.00471
14	0.01392	0.82012	0.02729	0.00891	0.01337	0.02061	0.00891	0.01559	0.01058	0.01225	0.00724	0.00835	0.00668	0.00446	0.00334	0.00111	0.00557	0.00278	0.00223	0.00668
15	0.01084	0.28691	0.35389	0.01114	0.01616	0.01325	0.01261	0.01443	0.01113	0.01511	0.08031	0.09441	0.01419	0.00683	0.00478	0.00155	0.00593	0.03697	0.00290	0.00664
16	0.05835	0.20515	0.23879	0.01293	0.03860	0.10504	0.06902	0.05998	0.04015	0.07988	0.01089	0.01303	0.00856	0.00544	0.00468	0.00152	0.00663	0.03109	0.00308	0.00720
17	0.00722	0.00545	0.00673	0.00678	0.00804	0.00506	0.00511	0.00959	0.03905	0.01773	0.40802	0.16313	0.20815	0.01231	0.00629	0.00181	0.00285	0.07657	0.00529	0.00479
18	0.00960	0.00905	0.01545	0.67592	0.03238	0.01089	0.05602	0.01286	0.01052	0.01352	0.01203	0.07776	0.03000	0.00625	0.00540	0.00177	0.00662	0.00569	0.00260	0.00570
19	0.02884	0.01083	0.07501	0.30603	0.06145	0.02978	0.05436	0.04555	0.05575	0.01650	0.09805	0.06453	0.01618	0.00754	0.00590	0.00180	0.02743	0.08492	0.00343	0.00612
20	0.01175	0.01280	0.09567	0.18792	0.50921	0.01181	0.01555	0.01518	0.01148	0.01611	0.01069	0.01560	0.00909	0.00536	0.00527	0.00165	0.00641	0.04836	0.00262	0.00748
21	0.00837	0.00548	0.00709	0.00728	0.00853	0.00503	0.00553	0.01015	0.01248	0.08012	0.26979	0.27531	0.14315	0.01296	0.00639	0.00192	0.00318	0.12706	0.00525	0.00494
22	0.06999	0.05981	0.11881	0.01104	0.01500	0.04847	0.02669	0.23250	0.17835	0.07131	0.08793	0.01670	0.02764	0.00653	0.00506	0.00160	0.00532	0.00517	0.00447	0.00761
23	0.06043	0.02027	0.40612	0.05994	0.03210	0.07387	0.03080	0.15477	0.01368	0.01922	0.01226	0.04090	0.04112	0.00596	0.00503	0.00163	0.00683	0.00470	0.00308	0.00728
24	0.00697	0.00534	0.00642	0.00638	0.00777	0.00479	0.00487	0.00893	0.01322	0.01751	0.40594	0.07326	0.32603	0.01217	0.00626	0.00177	0.00277	0.07965	0.00527	0.00468
25	0.02809	0.05128	0.06376	0.14169	0.16067	0.05833	0.01126	0.05270	0.09834	0.13105	0.06541	0.01979	0.01400	0.00670	0.00528	0.00167	0.00564	0.07327	0.00392	0.00714
26	0.31257	0.08845	0.05797	0.05407	0.05354	0.01375	0.02673	0.22698	0.05907	0.02340	0.03140	0.01186	0.00876	0.00550	0.00436	0.00157	0.00520	0.00403	0.00373	0.00706
27	0.00670	0.00530	0.00591	0.00583	0.00728	0.00466	0.00433	0.00829	0.01239	0.01583	0.26520	0.04582	0.47925	0.07569	0.00779	0.00200	0.00285	0.03545	0.00497	0.00447
28	0.01045	0.02694	0.79000	0.01484	0.02254	0.01209	0.01924	0.01649	0.01099	0.01649	0.00935	0.01099	0.00660	0.00495	0.00495	0.00165	0.00770	0.00385	0.00220	0.00770
29	0.01392	0.82012	0.02729	0.00891	0.01337	0.02061	0.00891	0.01559	0.01058	0.01225	0.00724	0.00835	0.00668	0.00446	0.00334	0.00111	0.00557	0.00278	0.00223	0.00668
30	0.02133	0.00843	0.01147	0.00901	0.01267	0.00733	0.00741	0.02340	0.01480	0.68886	0.09553	0.02107	0.01698	0.00710	0.00539	0.00164	0.00425	0.02866	0.00632	0.00835
31	0.00634	0.00453	0.00604	0.00725	0.00755	0.00423	0.00483	0.00725	0.00997	0.01329	0.02870	0.81358	0.03444	0.01632	0.00665	0.00211	0.00302	0.01480	0.00483	0.00423
32	0.00656	0.00469	0.00629	0.00750	0.00790	0.00442	0.00521	0.00763	0.01018	0.01354	0.02858	0.73360	0.03397	0.01611	0.00670	0.00214	0.00321	0.09265	0.00483	0.00429
33	0.00646	0.00469	0.00610	0.00701	0.00754	0.00433	0.00478	0.00760	0.01074	0.01434	0.12787	0.65348	0.09516	0.01534	0.00654	0.00203	0.00292	0.01381	0.00495	0.00433
34	0.01355	0.01357	0.02013	0.02926	0.67710	0.09070	0.01508	0.01693	0.04247	0.01678	0.01007	0.01280	0.00840	0.00481	0.00512	0.00153	0.00642	0.00456	0.00270	0.00803
35	0.15895	0.01036	0.01127	0.01128	0.10137	0.05593	0.00780	0.10749	0.08701	0.06425	0.15769	0.06087	0.04695	0.00723	0.00499	0.00155	0.00442	0.00592	0.00434	0.09034

[dist]
# distance from previous block
# <min> <max>
0	9

[block]
# block no. 5 follows, 47 sequences, length 8
# corresponding to MSA columns:
# 565-572
name=unknown_F
#
# <colnr> <probs for GDERKNQSTAVLIFYWHMCP>
#	G	D	E	R	K	N	Q	S	T	A	V	L	I	F	Y	W	H	M	C	P
0	0.03953	0.01191	0.01251	0.00970	0.01372	0.04889	0.00778	0.26538	0.10584	0.02258	0.01162	0.01238	0.00899	0.00551	0.00493	0.02345	0.00480	0.00399	0.00402	0.38248
1	0.01306	0.18005	0.01547	0.11594	0.01619	0.14182	0.00869	0.06921	0.03202	0.01593	0.03228	0.06492	0.01047	0.00569	0.00445	0.00126	0.00559	0.00442	0.00314	0.25939
2	0.00753	0.00605	0.00825	0.00874	0.00904	0.00678	0.00643	0.00858	0.00969	0.01329	0.02409	0.59705	0.02842	0.01469	0.00885	0.00217	0.17001	0.06147	0.00430	0.00457
3	0.01057	0.01283	0.14516	0.51329	0.18895	0.01182	0.01557	0.01439	0.01081	0.01460	0.00938	0.01320	0.00716	0.00505	0.00515	0.00168	0.00691	0.00450	0.00235	0.00661
4	0.01402	0.11263	0.29851	0.01127	0.01677	0.01108	0.02946	0.04865	0.01244	0.18107	0.03460	0.01304	0.00957	0.00519	0.00467	0.00139	0.00574	0.00411	0.00353	0.18226
5	0.42759	0.00956	0.00951	0.14049	0.05978	0.04317	0.00750	0.01339	0.01026	0.01867	0.01856	0.01954	0.19034	0.00689	0.00442	0.00165	0.00454	0.00519	0.00339	0.00554
6	0.00896	0.00551	0.00749	0.00705	0.00806	0.00498	0.00492	0.00817	0.00815	0.01139	0.01235	0.14706	0.01298	0.01484	0.01466	0.53230	0.00414	0.00593	0.00286	0.17820
7	0.31087	0.01105	0.01277	0.01275	0.14063	0.01161	0.00880	0.17417	0.01428	0.23652	0.01245	0.01260	0.00875	0.00554	0.00451	0.00159	0.00485	0.00418	0.00442	0.00763

[dist]
# distance from previous block
# <min> <max>
0	12

[block]
# block no. 6 follows, 47 sequences, length 32
# corresponding to MSA columns:
# 585-616
name=unknown_G
#
# <colnr> <probs for GDERKNQSTAVLIFYWHMCP>
#	G	D	E	R	K	N	Q	S	T	A	V	L	I	F	Y	W	H	M	C	P
0	0.33830	0.01163	0.01312	0.03152	0.15096	0.01261	0.00918	0.23611	0.01474	0.11922	0.01093	0.01170	0.00797	0.00542	0.00444	0.00159	0.00503	0.00403	0.00406	0.00745
1	0.01305	0.51715	0.09539	0.01305	0.13652	0.03034	0.01064	0.01534	0.01108	0.02707	0.03556	0.05467	0.00999	0.00544	0.00411	0.00132	0.00567	0.00412	0.00262	0.00686
2	0.00874	0.00539	0.00642	0.00621	0.00660	0.00539	0.00382	0.00908	0.00820	0.06863	0.01648	0.03154	0.01791	0.68095	0.09939	0.00511	0.00586	0.00721	0.00337	0.00373
3	0.15757	0.00560	0.00641	0.00723	0.00812	0.00564	0.00510	0.00884	0.00990	0.01520	0.02543	0.61964	0.04766	0.01411	0.00605	0.00203	0.00327	0.04315	0.00455	0.00451
4	0.01019	0.00947	0.01583	0.56713	0.18304	0.01104	0.01378	0.01348	0.01115	0.01483	0.08922	0.01627	0.01157	0.00566	0.00529	0.00169	0.00633	0.00513	0.00272	0.00619
5	0.01024	0.00978	0.01657	0.51309	0.19239	0.01109	0.05563	0.01346	0.01098	0.01437	0.01394	0.01743	0.08743	0.00586	0.00535	0.00170	0.00644	0.00537	0.00265	0.00624
6	0.01314	0.73581	0.02509	0.00874	0.01277	0.01891	0.00849	0.01473	0.01052	0.01236	0.00946	0.09159	0.00955	0.00568	0.00368	0.00122	0.00531	0.00403	0.00250	0.00643
7	0.01101	0.01046	0.01775	0.50659	0.32454	0.01188	0.01505	0.01434	0.01097	0.01474	0.00946	0.01350	0.00745	0.00499	0.00519	0.00166	0.00665	0.00463	0.00242	0.00674
8	0.07287	0.00708	0.00981	0.01168	0.09082	0.00715	0.00894	0.01227	0.01186	0.04847	0.02392	0.04852	0.02519	0.01233	0.00660	0.00222	0.00487	0.58549	0.00452	0.00538
9	0.15813	0.00581	0.00619	0.00638	0.00709	0.00599	0.00415	0.00895	0.00879	0.01383	0.05017	0.25397	0.02228	0.40822	0.01579	0.00345	0.00418	0.00888	0.00376	0.00398
10	0.01221	0.01089	0.01835	0.35017	0.43184	0.01178	0.01489	0.01540	0.01143	0.05853	0.01017	0.01357	0.00797	0.00498	0.00518	0.00163	0.00640	0.00467	0.00268	0.00726
11	0.10571	0.01339	0.01454	0.05549	0.01641	0.01480	0.00954	0.59171	0.02137	0.08739	0.01238	0.01255	0.00872	0.00606	0.00501	0.00158	0.00552	0.00453	0.00494	0.00835
12	0.01845	0.03744	0.01419	0.01207	0.01498	0.48883	0.00933	0.11791	0.04747	0.09649	0.06844	0.01330	0.01119	0.00611	0.00515	0.00145	0.02246	0.00429	0.00372	0.00671
13	0.00685	0.00479	0.00589	0.00651	0.00683	0.00456	0.00416	0.00744	0.00930	0.01230	0.04315	0.44015	0.08712	0.30464	0.01401	0.01896	0.00374	0.01158	0.00420	0.00383
14	0.01127	0.21503	0.60914	0.01344	0.02036	0.01411	0.01679	0.01628	0.01090	0.01549	0.00885	0.01037	0.00662	0.00483	0.00457	0.00152	0.00719	0.00360	0.00221	0.00746
15	0.01144	0.00752	0.00915	0.00801	0.01044	0.00700	0.00618	0.05059	0.09270	0.13612	0.19865	0.14862	0.06320	0.03621	0.00627	0.00172	0.00363	0.04120	0.00499	0.15637
16	0.00669	0.00474	0.00625	0.00732	0.00768	0.00450	0.00502	0.00765	0.00991	0.01318	0.02723	0.64932	0.03226	0.10469	0.00890	0.00247	0.00343	0.08994	0.00464	0.00417
17	0.01945	0.02482	0.01476	0.01342	0.01610	0.79608	0.01006	0.02079	0.01476	0.01275	0.00805	0.00939	0.00671	0.00537	0.00470	0.00134	0.00939	0.00335	0.00268	0.00604
18	0.01080	0.00926	0.01080	0.00771	0.01234	0.00694	0.00617	0.01311	0.01080	0.01697	0.00926	0.01080	0.00771	0.00386	0.00386	0.00077	0.00386	0.00309	0.00309	0.84882
19	0.01207	0.00866	0.01068	0.08777	0.07527	0.07526	0.00841	0.02886	0.01227	0.15275	0.03726	0.26736	0.03338	0.01085	0.00603	0.00191	0.00485	0.15592	0.00453	0.00591
20	0.01843	0.02321	0.01432	0.01309	0.01554	0.72361	0.00983	0.01974	0.01424	0.01277	0.00914	0.05354	0.00823	0.00611	0.00526	0.00142	0.03879	0.00403	0.00279	0.00593
21	0.01728	0.02125	0.01482	0.01329	0.01533	0.59661	0.01024	0.01857	0.01311	0.01273	0.00877	0.01077	0.02416	0.00642	0.00762	0.00157	0.19510	0.00381	0.00264	0.00592
22	0.01080	0.00926	0.01080	0.00771	0.01234	0.00694	0.00617	0.01311	0.01080	0.01697	0.00926	0.01080	0.00771	0.00386	0.00386	0.00077	0.00386	0.00309	0.00309	0.84882
23	0.00713	0.00511	0.00689	0.00803	0.00871	0.00491	0.00611	0.00859	0.01074	0.01412	0.02884	0.49079	0.05714	0.03059	0.00721	0.00226	0.00371	0.28989	0.00479	0.00443
24	0.00634	0.00453	0.00604	0.00725	0.00755	0.00423	0.00483	0.00725	0.00997	0.01329	0.02870	0.81358	0.03444	0.01632	0.00665	0.00211	0.00302	0.01480	0.00483	0.00423
25	0.01229	0.01405	0.03073	0.02195	0.02722	0.01317	0.76558	0.01668	0.01229	0.01668	0.01054	0.01405	0.00790	0.00439	0.00615	0.00176	0.00878	0.00615	0.00263	0.00702
26	0.01392	0.82012	0.02729	0.00891	0.01337	0.02061	0.00891	0.01559	0.01058	0.01225	0.00724	0.00835	0.00668	0.00446	0.00334	0.00111	0.00557	0.00278	0.00223	0.00668
27	0.01080	0.00926	0.01080	0.00771	0.01234	0.00694	0.00617	0.01311	0.01080	0.01697	0.00926	0.01080	0.00771	0.00386	0.00386	0.00077	0.00386	0.00309	0.00309	0.84882
28	0.01383	0.79842	0.04815	0.00907	0.01362	0.02037	0.00919	0.01562	0.01059	0.01237	0.00730	0.00843	0.00668	0.00447	0.00339	0.00113	0.00563	0.00281	0.00223	0.00671
29	0.40900	0.01058	0.01017	0.00864	0.01189	0.01179	0.00700	0.15274	0.14936	0.09559	0.07435	0.01446	0.01223	0.00610	0.00437	0.00163	0.00426	0.00446	0.00445	0.00692
30	0.01149	0.00804	0.00956	0.00798	0.01071	0.00749	0.00619	0.07102	0.10637	0.10323	0.27988	0.05211	0.04881	0.04081	0.00616	0.00159	0.00359	0.00678	0.00490	0.21327
31	0.62284	0.01138	0.06735	0.00806	0.01162	0.01145	0.00716	0.02863	0.00959	0.03895	0.00798	0.00934	0.00621	0.00504	0.00427	0.00156	0.04918	0.00311	0.00319	0.09309

[dist]
# distance from previous block
# <min> <max>
0	1

[block]
# block no. 7 follows, 47 sequences, length 21
# corresponding to MSA columns:
# 618-638
name=unknown_H
#
# <colnr> <probs for GDERKNQSTAVLIFYWHMCP>
#	G	D	E	R	K	N	Q	S	T	A	V	L	I	F	Y	W	H	M	C	P
0	0.01402	0.01123	0.01200	0.01041	0.01356	0.01261	0.00820	0.12825	0.58209	0.05894	0.02112	0.01959	0.04967	0.00713	0.00529	0.00171	0.00428	0.00586	0.00527	0.02880
1	0.49742	0.01027	0.00949	0.00815	0.01121	0.01156	0.00657	0.14667	0.08030	0.05410	0.04483	0.01245	0.00962	0.00663	0.00529	0.06702	0.00432	0.00394	0.00392	0.00627
2	0.00653	0.00467	0.00629	0.00746	0.00785	0.00443	0.00515	0.00758	0.01008	0.01344	0.02821	0.73366	0.03351	0.01679	0.02823	0.00231	0.00346	0.07128	0.00478	0.00428
3	0.01327	0.01135	0.01196	0.01066	0.01366	0.01310	0.00832	0.06238	0.73986	0.02230	0.02079	0.01910	0.01557	0.00703	0.00529	0.00176	0.00420	0.00583	0.00529	0.00827
4	0.01161	0.01050	0.01801	0.47184	0.28439	0.01173	0.05003	0.01493	0.01120	0.05152	0.01003	0.01374	0.00771	0.00504	0.00524	0.00167	0.00666	0.00473	0.00261	0.00681
5	0.71289	0.01083	0.00900	0.00772	0.01110	0.01244	0.00636	0.14231	0.01150	0.02496	0.00814	0.00914	0.00618	0.00507	0.00356	0.00160	0.00432	0.00314	0.00356	0.00618
6	0.01392	0.82012	0.02729	0.00891	0.01337	0.02061	0.00891	0.01559	0.01058	0.01225	0.00724	0.00835	0.00668	0.00446	0.00334	0.00111	0.00557	0.00278	0.00223	0.00668
7	0.01135	0.01075	0.01822	0.35552	0.43905	0.01171	0.01490	0.01451	0.01118	0.01531	0.01032	0.04519	0.00874	0.00534	0.00524	0.00165	0.00638	0.00504	0.00256	0.00705
8	0.00827	0.00619	0.00881	0.00841	0.00994	0.00578	0.06426	0.01040	0.02405	0.04754	0.19681	0.19896	0.17463	0.04925	0.00735	0.00208	0.00380	0.16366	0.00485	0.00495
9	0.00781	0.00544	0.00711	0.00721	0.00834	0.00511	0.00553	0.00984	0.01301	0.03695	0.43183	0.13502	0.07745	0.06376	0.00770	0.00208	0.00323	0.16259	0.00524	0.00477
10	0.01053	0.01108	0.02258	0.05336	0.02164	0.01073	0.48742	0.01383	0.01141	0.01545	0.01517	0.20354	0.01479	0.00849	0.02540	0.00203	0.03494	0.02827	0.00319	0.00615
11	0.01195	0.01133	0.01922	0.21437	0.56993	0.01188	0.01526	0.01510	0.01152	0.01606	0.01051	0.01530	0.00897	0.00524	0.00526	0.00163	0.00630	0.04003	0.00262	0.00750
12	0.13200	0.00706	0.00916	0.02536	0.04552	0.00698	0.00654	0.01385	0.01064	0.21039	0.06742	0.07051	0.01579	0.03193	0.01032	0.25445	0.00436	0.06831	0.00411	0.00530
13	0.00792	0.00579	0.00843	0.08657	0.05907	0.00583	0.00702	0.00897	0.01006	0.01326	0.02339	0.36790	0.06640	0.01429	0.00884	0.14738	0.00416	0.14632	0.00400	0.00441
14	0.00743	0.00567	0.00786	0.14173	0.01246	0.00579	0.00661	0.00877	0.01034	0.01340	0.04743	0.34944	0.14351	0.06449	0.00855	0.05880	0.00404	0.09515	0.00415	0.00440
15	0.08165	0.03092	0.01465	0.06294	0.09453	0.29349	0.01012	0.15504	0.03296	0.07604	0.01168	0.01292	0.03064	0.00674	0.02483	0.00170	0.04441	0.00429	0.00353	0.00691
16	0.01072	0.04555	0.55647	0.01506	0.05404	0.01215	0.06329	0.01648	0.05835	0.01628	0.01040	0.01246	0.00783	0.00777	0.06646	0.00218	0.03036	0.00428	0.00248	0.00739
17	0.00831	0.00683	0.00755	0.00767	0.00830	0.05502	0.00548	0.00926	0.00988	0.01275	0.05890	0.19804	0.09606	0.30044	0.03506	0.00327	0.06671	0.10239	0.00389	0.00420
18	0.01123	0.06189	0.19683	0.06266	0.39238	0.01145	0.01426	0.01456	0.01118	0.01581	0.03388	0.07614	0.01158	0.05634	0.00648	0.00182	0.00612	0.00545	0.00276	0.00718
19	0.01324	0.01189	0.01820	0.23740	0.44295	0.05183	0.01424	0.05130	0.01236	0.06443	0.01073	0.02919	0.00865	0.00525	0.00518	0.00160	0.00636	0.00481	0.00292	0.00746
20	0.05251	0.05570	0.01057	0.00822	0.01087	0.05660	0.00654	0.09068	0.06133	0.12097	0.29703	0.02653	0.10754	0.00828	0.00533	0.00154	0.00394	0.00684	0.00496	0.06401

[dist]
# distance from previous block
# <min> <max>
24	158

[block]
# block no. 8 follows, 47 sequences, length 17
# corresponding to MSA columns:
# 823-839
name=unknown_I
#
# <colnr> <probs for GDERKNQSTAVLIFYWHMCP>
#	G	D	E	R	K	N	Q	S	T	A	V	L	I	F	Y	W	H	M	C	P
0	0.16154	0.01084	0.08315	0.01003	0.01403	0.00909	0.05963	0.02090	0.04486	0.43130	0.08738	0.01732	0.01423	0.00631	0.00501	0.00163	0.00476	0.00517	0.00513	0.00769
1	0.03670	0.62146	0.07100	0.01149	0.06686	0.06448	0.03637	0.01601	0.01095	0.01331	0.00770	0.00908	0.00680	0.00456	0.00373	0.00122	0.00603	0.00313	0.00232	0.00680
2	0.62701	0.14603	0.01186	0.00783	0.01125	0.01303	0.03275	0.01560	0.03360	0.02113	0.03524	0.01006	0.00776	0.00503	0.00351	0.00154	0.00440	0.00326	0.00319	0.00592
3	0.01215	0.05597	0.03726	0.28401	0.32513	0.06536	0.01365	0.01600	0.07472	0.01528	0.01026	0.01336	0.00825	0.00564	0.00568	0.03673	0.00642	0.00453	0.00268	0.00693
4	0.01105	0.01114	0.01750	0.53840	0.06570	0.06486	0.12170	0.01505	0.05260	0.01440	0.01119	0.01482	0.02826	0.00539	0.00533	0.00171	0.00707	0.00500	0.00263	0.00619
5	0.00905	0.00452	0.00678	0.00678	0.00678	0.00452	0.00452	0.00678	0.00678	0.00905	0.00905	0.01583	0.00905	0.01809	0.02035	0.84848	0.00452	0.00452	0.00226	0.00226
6	0.73197	0.00939	0.00755	0.00681	0.00974	0.01071	0.00554	0.01452	0.00971	0.02301	0.11870	0.01284	0.01190	0.00567	0.00364	0.00162	0.00380	0.00377	0.00358	0.00554
7	0.00966	0.00743	0.00998	0.00926	0.01064	0.00871	0.00731	0.11912	0.03515	0.01537	0.01355	0.01894	0.01222	0.04671	0.58985	0.00671	0.06536	0.00543	0.00319	0.00541
8	0.00808	0.00615	0.00812	0.00779	0.00812	0.00714	0.00554	0.00890	0.00792	0.01116	0.01415	0.02595	0.01508	0.42314	0.29986	0.00584	0.12369	0.00643	0.00290	0.00405
9	0.01249	0.00907	0.01085	0.00792	0.01235	0.00697	0.00635	0.01472	0.01137	0.12783	0.01141	0.03374	0.00919	0.00457	0.00413	0.00093	0.00392	0.00372	0.00362	0.70486
10	0.77500	0.03806	0.03502	0.02775	0.01127	0.01200	0.00644	0.01531	0.00903	0.02250	0.00737	0.00868	0.00574	0.00483	0.00334	0.00160	0.00428	0.00290	0.00313	0.00575
11	0.00631	0.00483	0.00580	0.00652	0.00737	0.00431	0.00452	0.00742	0.01082	0.01383	0.06337	0.51175	0.30444	0.01499	0.00645	0.00197	0.00286	0.01324	0.00487	0.00431
12	0.01276	0.26839	0.14783	0.03797	0.12762	0.05783	0.06999	0.03022	0.01124	0.01491	0.00885	0.02147	0.00752	0.00519	0.00559	0.00144	0.07950	0.00396	0.00251	0.08521
13	0.03509	0.00970	0.01143	0.06324	0.01405	0.00893	0.00737	0.16762	0.01359	0.05264	0.01304	0.12274	0.01176	0.00630	0.00466	0.00124	0.00437	0.00523	0.00386	0.44314
14	0.05601	0.01172	0.01526	0.23462	0.07676	0.04483	0.01159	0.17660	0.01281	0.01793	0.00935	0.01285	0.00770	0.02310	0.02027	0.01431	0.24024	0.00455	0.00303	0.00649
15	0.00720	0.00590	0.00959	0.00937	0.01038	0.00552	0.11430	0.00861	0.01030	0.01378	0.02609	0.69853	0.03062	0.01460	0.00657	0.00206	0.00385	0.01356	0.00452	0.00463
16	0.18062	0.01317	0.01387	0.01152	0.04652	0.01448	0.00905	0.51515	0.05462	0.02896	0.01159	0.01196	0.00847	0.00582	0.00475	0.00154	0.00524	0.00429	0.00460	0.05378

[dist]
# distance from previous block
# <min> <max>
0	1

[block]
# block no. 9 follows, 47 sequences, length 11
# corresponding to MSA columns:
# 841-851
name=unknown_J
#
# <colnr> <probs for GDERKNQSTAVLIFYWHMCP>
#	G	D	E	R	K	N	Q	S	T	A	V	L	I	F	Y	W	H	M	C	P
0	0.04267	0.01437	0.01436	0.01144	0.01524	0.08816	0.00927	0.51594	0.10439	0.06703	0.01353	0.02956	0.01003	0.00636	0.00510	0.00155	0.00567	0.00482	0.00491	0.03561
1	0.01469	0.31077	0.16898	0.06954	0.01768	0.19546	0.01170	0.08730	0.03295	0.01544	0.00883	0.01025	0.00714	0.00516	0.00463	0.00140	0.02495	0.00355	0.00269	0.00689
2	0.00765	0.00514	0.00593	0.00605	0.00616	0.00514	0.00365	0.00787	0.00799	0.01061	0.01745	0.03638	0.01996	0.74195	0.02470	0.00480	0.00503	0.07693	0.00331	0.00331
3	0.00792	0.00582	0.00774	0.00863	0.00993	0.00564	0.00738	0.01013	0.01212	0.01561	0.07541	0.05603	0.16877	0.01395	0.00694	0.00224	0.00427	0.57188	0.00486	0.00473
4	0.01300	0.48034	0.26408	0.01109	0.01628	0.07605	0.01213	0.01602	0.01094	0.01361	0.00822	0.00973	0.00690	0.00602	0.03473	0.00158	0.00685	0.00327	0.00227	0.00687
5	0.01737	0.01161	0.05239	0.09902	0.05076	0.01109	0.08383	0.15290	0.10743	0.30965	0.03880	0.01634	0.01199	0.00613	0.00533	0.00165	0.00549	0.00527	0.00488	0.00807
6	0.00757	0.00505	0.00568	0.00568	0.00568	0.00505	0.00316	0.00757	0.00757	0.01010	0.01641	0.03408	0.01893	0.81698	0.02651	0.00505	0.00505	0.00757	0.00316	0.00316
7	0.00716	0.00491	0.00576	0.00611	0.00628	0.00478	0.00367	0.00748	0.00846	0.01120	0.02166	0.25609	0.06036	0.55077	0.01988	0.00406	0.00436	0.00979	0.00371	0.00352
8	0.13571	0.04683	0.09232	0.42447	0.07158	0.01189	0.01253	0.05185	0.01108	0.04381	0.00978	0.01343	0.00760	0.03992	0.00572	0.00180	0.00625	0.00435	0.00278	0.00629
9	0.01223	0.07720	0.01924	0.04473	0.40072	0.01237	0.08290	0.06153	0.03301	0.01710	0.04412	0.04215	0.05190	0.00709	0.02890	0.00181	0.04708	0.00555	0.00310	0.00727
10	0.51253	0.01310	0.13620	0.04450	0.04676	0.03491	0.00895	0.01641	0.02785	0.07730	0.00939	0.01103	0.00717	0.02937	0.00461	0.00172	0.00507	0.00355	0.00326	0.00633

[dist]
# distance from previous block
# <min> <max>
0	1

[block]
# block no. 10 follows, 47 sequences, length 46
# corresponding to MSA columns:
# 853-898
name=unknown_K
#
# <colnr> <probs for GDERKNQSTAVLIFYWHMCP>
#	G	D	E	R	K	N	Q	S	T	A	V	L	I	F	Y	W	H	M	C	P
0	0.00971	0.00485	0.00485	0.00485	0.00607	0.00485	0.00364	0.01213	0.01092	0.01942	0.01699	0.01942	0.01335	0.00607	0.00364	0.00121	0.00243	0.00485	0.84589	0.00485
1	0.08318	0.14237	0.04666	0.02522	0.04640	0.02916	0.00956	0.33267	0.11404	0.02404	0.06842	0.01424	0.01188	0.00619	0.00507	0.00154	0.02284	0.00467	0.00423	0.00764
2	0.00803	0.00593	0.00778	0.00859	0.00974	0.00590	0.00697	0.01092	0.06793	0.01590	0.09806	0.23029	0.07524	0.01389	0.00677	0.00218	0.00399	0.41205	0.00493	0.00490
3	0.01071	0.01060	0.01623	0.69026	0.07451	0.06482	0.03260	0.01404	0.01083	0.01355	0.00923	0.01353	0.00702	0.00517	0.00519	0.00170	0.00711	0.00458	0.00236	0.00596
4	0.00732	0.00530	0.00677	0.00641	0.00758	0.00490	0.00472	0.00952	0.01403	0.01967	0.68256	0.03913	0.08629	0.07390	0.00774	0.00191	0.00267	0.00936	0.00548	0.00475
5	0.00757	0.00505	0.00568	0.00568	0.00568	0.00505	0.00316	0.00757	0.00757	0.01010	0.01641	0.03408	0.01893	0.81698	0.02651	0.00505	0.00505	0.00757	0.00316	0.00316
6	0.00828	0.00596	0.00824	0.00938	0.01060	0.00592	0.00817	0.01063	0.01198	0.01551	0.02882	0.05832	0.06713	0.01433	0.00714	0.00237	0.00469	0.71297	0.00480	0.00478
7	0.00897	0.00569	0.00741	0.00677	0.00832	0.00517	0.00515	0.01132	0.01462	0.10019	0.66645	0.03726	0.08187	0.01034	0.00605	0.00164	0.00267	0.00906	0.00576	0.00530
8	0.00905	0.00452	0.00678	0.00678	0.00678	0.00452	0.00452	0.00678	0.00678	0.00905	0.00905	0.01583	0.00905	0.01809	0.02035	0.84848	0.00452	0.00452	0.00226	0.00226
9	0.01878	0.02340	0.01445	0.01312	0.01583	0.71478	0.00987	0.02151	0.09368	0.01368	0.00941	0.01043	0.00766	0.00554	0.00476	0.00139	0.00884	0.00362	0.00295	0.00627
10	0.01909	0.01423	0.01523	0.01184	0.01588	0.01582	0.00973	0.69037	0.10240	0.03167	0.01341	0.01322	0.00959	0.00634	0.00522	0.00158	0.00556	0.00481	0.00522	0.00879
11	0.01141	0.00962	0.01113	0.00800	0.01260	0.00757	0.00642	0.06422	0.01173	0.01804	0.00948	0.01091	0.00779	0.00402	0.00395	0.00082	0.00398	0.00319	0.00323	0.79189
12	0.07320	0.00997	0.01327	0.00982	0.01417	0.00862	0.09242	0.05213	0.02552	0.18282	0.02874	0.01332	0.00978	0.00485	0.00450	0.00119	0.00461	0.00413	0.00396	0.44297
13	0.00905	0.00452	0.00678	0.00678	0.00678	0.00452	0.00452	0.00678	0.00678	0.00905	0.00905	0.01583	0.00905	0.01809	0.02035	0.84848	0.00452	0.00452	0.00226	0.00226
14	0.06967	0.00804	0.00988	0.00954	0.01181	0.00821	0.00808	0.09618	0.07052	0.14689	0.02378	0.04030	0.04776	0.01095	0.00621	0.00205	0.00466	0.41419	0.00505	0.00621
15	0.00751	0.00531	0.00700	0.00700	0.00746	0.00577	0.00481	0.00842	0.00796	0.01108	0.01520	0.02738	0.01602	0.43417	0.40534	0.00668	0.00943	0.00659	0.00298	0.00389
16	0.29248	0.01169	0.01141	0.00972	0.01307	0.01336	0.00781	0.21418	0.32850	0.02515	0.01435	0.01402	0.01069	0.00612	0.00459	0.00166	0.00451	0.00457	0.00459	0.00754
17	0.00960	0.00619	0.00779	0.00707	0.00881	0.00581	0.00541	0.01283	0.07216	0.11190	0.57001	0.03587	0.10592	0.01009	0.00597	0.00165	0.00283	0.00879	0.00571	0.00559
18	0.00983	0.00926	0.01562	0.80447	0.03587	0.01157	0.01446	0.01331	0.01041	0.01331	0.00926	0.01388	0.00694	0.00521	0.00521	0.00174	0.00694	0.00463	0.00231	0.00579
19	0.01075	0.01057	0.01590	0.01345	0.01410	0.01397	0.07878	0.01232	0.00844	0.01283	0.00848	0.01330	0.00807	0.01418	0.15907	0.00335	0.58956	0.00489	0.00240	0.00562
20	0.01202	0.01448	0.08014	0.04758	0.04275	0.01327	0.60521	0.01617	0.01174	0.01619	0.01006	0.01357	0.00769	0.00488	0.00699	0.00179	0.08020	0.00576	0.00256	0.00694
21	0.00983	0.00926	0.01562	0.80447	0.03587	0.01157	0.01446	0.01331	0.01041	0.01331	0.00926	0.01388	0.00694	0.00521	0.00521	0.00174	0.00694	0.00463	0.00231	0.00579
22	0.72769	0.00966	0.00787	0.00699	0.01005	0.01100	0.00571	0.03304	0.00998	0.04006	0.08807	0.01192	0.01039	0.00551	0.00362	0.00161	0.00392	0.00360	0.00360	0.00571
23	0.00638	0.00456	0.00607	0.00723	0.00756	0.00425	0.00484	0.00734	0.01013	0.01355	0.05433	0.78722	0.03494	0.01612	0.00663	0.00210	0.00300	0.01462	0.00486	0.00425
24	0.01064	0.07030	0.74830	0.01452	0.02204	0.01256	0.01868	0.01644	0.01097	0.01626	0.00923	0.01085	0.00660	0.00492	0.00486	0.00162	0.00758	0.00379	0.00220	0.00764
25	0.01980	0.01459	0.01563	0.01198	0.01615	0.01615	0.00990	0.76713	0.02448	0.03282	0.01250	0.01250	0.00886	0.00625	0.00521	0.00156	0.00573	0.00469	0.00521	0.00886
26	0.00650	0.00467	0.00617	0.00709	0.00758	0.00434	0.00483	0.00766	0.01077	0.01450	0.14745	0.67329	0.05511	0.01535	0.00656	0.00203	0.00292	0.01387	0.00498	0.00434
27	0.00653	0.00461	0.00599	0.00701	0.00727	0.00435	0.00458	0.00730	0.00961	0.01281	0.02683	0.69513	0.03209	0.13799	0.00966	0.00256	0.00333	0.01371	0.00458	0.00407
28	0.01354	0.01151	0.01272	0.09924	0.05866	0.11079	0.00902	0.18655	0.01378	0.05607	0.03752	0.07506	0.01331	0.14170	0.05028	0.00259	0.09188	0.00592	0.00370	0.00618
29	0.01101	0.01101	0.01796	0.02960	0.01620	0.01354	0.19011	0.01277	0.00903	0.01323	0.00934	0.03412	0.00907	0.09214	0.01505	0.02041	0.48174	0.00550	0.00252	0.00564
30	0.01165	0.01182	0.01591	0.01366	0.01375	0.04072	0.01135	0.01280	0.00819	0.01254	0.00687	0.01133	0.00683	0.00900	0.01670	0.00225	0.78212	0.00452	0.00229	0.00571
31	0.03328	0.00951	0.01414	0.33648	0.07384	0.00952	0.04474	0.01363	0.01072	0.03208	0.00994	0.02906	0.00807	0.00510	0.00499	0.01784	0.00551	0.00427	0.00281	0.33447
32	0.01482	0.61559	0.06781	0.02438	0.01467	0.12760	0.00970	0.01674	0.01137	0.04506	0.00807	0.00914	0.00695	0.00471	0.00373	0.00121	0.00620	0.00306	0.00247	0.00673
33	0.02336	0.00886	0.01209	0.00927	0.01329	0.00765	0.00765	0.02538	0.01491	0.78810	0.02055	0.01773	0.01289	0.00645	0.00524	0.00161	0.00443	0.00524	0.00645	0.00886
34	0.00971	0.00485	0.00485	0.00485	0.00607	0.00485	0.00364	0.01213	0.01092	0.01942	0.01699	0.01942	0.01335	0.00607	0.00364	0.00121	0.00243	0.00485	0.84589	0.00485
35	0.00734	0.00530	0.00693	0.00657	0.00777	0.00489	0.00491	0.00974	0.01458	0.02063	0.75659	0.06479	0.04865	0.01084	0.00616	0.00165	0.00248	0.00960	0.00570	0.00489
36	0.00724	0.00527	0.00681	0.00652	0.00772	0.00484	0.00485	0.00953	0.01428	0.02002	0.69270	0.08750	0.09092	0.01115	0.00617	0.00167	0.00250	0.00984	0.00562	0.00484
37	0.00736	0.00540	0.00693	0.00687	0.00810	0.00501	0.00530	0.00957	0.01367	0.01878	0.53881	0.06246	0.13376	0.03107	0.00681	0.00186	0.00292	0.12514	0.00539	0.00477
38	0.00737	0.00497	0.00574	0.00593	0.00598	0.00492	0.00343	0.00752	0.00796	0.01061	0.01840	0.16012	0.02144	0.68752	0.02329	0.00457	0.00472	0.00874	0.00343	0.00333
39	0.01980	0.01459	0.01563	0.01198	0.01615	0.01615	0.00990	0.76713	0.02448	0.03282	0.01250	0.01250	0.00886	0.00625	0.00521	0.00156	0.00573	0.00469	0.00521	0.00886
40	0.01045	0.02694	0.79000	0.01484	0.02254	0.01209	0.01924	0.01649	0.01099	0.01649	0.00935	0.01099	0.00660	0.00495	0.00495	0.00165	0.00770	0.00385	0.00220	0.00770
41	0.01346	0.01135	0.01230	0.01131	0.03582	0.01297	0.00864	0.10336	0.64205	0.02252	0.02024	0.02023	0.01556	0.00723	0.00537	0.00177	0.00438	0.03810	0.00519	0.00816
42	0.00664	0.00523	0.00591	0.00613	0.00745	0.00463	0.00454	0.00806	0.01172	0.01476	0.14465	0.15286	0.46138	0.06785	0.00769	0.00207	0.00302	0.07616	0.00484	0.00440
43	0.01054	0.04813	0.76962	0.01468	0.02229	0.01232	0.01896	0.01647	0.01098	0.01638	0.00929	0.01092	0.00660	0.00493	0.00490	0.00163	0.00764	0.00382	0.00220	0.00767
44	0.00634	0.00453	0.00604	0.00725	0.00755	0.00423	0.00483	0.00725	0.00997	0.01329	0.02870	0.81358	0.03444	0.01632	0.00665	0.00211	0.00302	0.01480	0.00483	0.00423
