[name]
unknown

[dist]
# distance from previous block
# <min> <max>
3	42

[block]
# block no. 0 follows, 45 sequences, length 69
# corresponding to MSA columns:
# 142-210
name=unknown_A
#
# <colnr> <probs for GDERKNQSTAVLIFYWHMCP>
#	G	D	E	R	K	N	Q	S	T	A	V	L	I	F	Y	W	H	M	C	P
0	0.01246	0.01209	0.01974	0.07404	0.05123	0.06536	0.30439	0.03309	0.01301	0.05345	0.10313	0.04864	0.04168	0.00638	0.00593	0.00163	0.02033	0.00632	0.00354	0.12354
1	0.01193	0.01117	0.01798	0.19535	0.39505	0.01110	0.03507	0.01504	0.01172	0.01677	0.02843	0.01369	0.00909	0.00487	0.00507	0.00146	0.00597	0.00457	0.00280	0.20286
2	0.02541	0.00685	0.00961	0.03441	0.13467	0.00657	0.00743	0.01102	0.01227	0.05409	0.17407	0.27175	0.15565	0.01197	0.00627	0.00190	0.00380	0.06194	0.00476	0.00555
3	0.00738	0.00509	0.00602	0.00633	0.00658	0.00494	0.00387	0.00786	0.00916	0.01220	0.07022	0.24443	0.06257	0.50774	0.01946	0.00400	0.00435	0.01011	0.00397	0.00373
4	0.01352	0.01188	0.01221	0.01100	0.01402	0.03273	0.00854	0.02835	0.74938	0.02222	0.02151	0.01977	0.01615	0.00724	0.00545	0.00181	0.00438	0.00600	0.00539	0.00844
5	0.01388	0.00924	0.01179	0.00885	0.01301	0.00759	0.03681	0.02854	0.03122	0.19465	0.09181	0.01735	0.03741	0.00574	0.00477	0.00120	0.00417	0.00483	0.00439	0.47273
6	0.01102	0.08317	0.73034	0.01487	0.02257	0.01308	0.01908	0.01693	0.01130	0.01669	0.00948	0.01114	0.00681	0.00506	0.00498	0.00166	0.00778	0.00389	0.00227	0.00786
7	0.01622	0.01121	0.01245	0.01057	0.01394	0.01223	0.00840	0.13354	0.46316	0.17944	0.04018	0.02012	0.03933	0.00732	0.00548	0.00175	0.00446	0.00601	0.00569	0.00851
8	0.00652	0.00476	0.00613	0.00723	0.00772	0.00438	0.00488	0.00750	0.01051	0.01380	0.03252	0.71834	0.12312	0.01644	0.00679	0.00214	0.00307	0.01479	0.00498	0.00438
9	0.01066	0.01002	0.01688	0.61254	0.18542	0.01181	0.01483	0.01409	0.01114	0.01468	0.02854	0.02689	0.00892	0.00556	0.00540	0.00175	0.00682	0.00505	0.00257	0.00643
10	0.01787	0.01226	0.01369	0.01105	0.01458	0.01334	0.00891	0.43814	0.13660	0.12825	0.01643	0.05468	0.01273	0.03798	0.05600	0.00225	0.00585	0.00577	0.00530	0.00832
11	0.02354	0.00900	0.01227	0.00949	0.01352	0.00778	0.00780	0.02558	0.01521	0.75792	0.02144	0.04260	0.01397	0.00696	0.00544	0.00168	0.00452	0.00570	0.00659	0.00899
12	0.02388	0.00946	0.01266	0.00971	0.01387	0.00838	0.00802	0.06688	0.01591	0.74009	0.02072	0.01797	0.01306	0.00663	0.00540	0.00166	0.00464	0.00537	0.00657	0.00913
13	0.01329	0.01275	0.02179	0.03295	0.77787	0.01275	0.01647	0.01647	0.01222	0.01754	0.01010	0.01329	0.00850	0.00478	0.00531	0.00159	0.00638	0.00478	0.00266	0.00850
14	0.01267	0.01448	0.03167	0.02262	0.02805	0.01357	0.75837	0.01719	0.01267	0.01719	0.01086	0.01448	0.00814	0.00452	0.00633	0.00181	0.00905	0.00633	0.00271	0.00724
15	0.02013	0.01477	0.01582	0.01216	0.01637	0.01634	0.01003	0.74023	0.02487	0.03347	0.01301	0.01308	0.00925	0.00644	0.00533	0.00160	0.00582	0.00484	0.02744	0.00902
16	0.01185	0.01797	0.29202	0.01717	0.02272	0.01232	0.33686	0.06605	0.03466	0.01788	0.01271	0.08362	0.01073	0.03087	0.00650	0.00190	0.00767	0.00622	0.00303	0.00727
17	0.37027	0.01016	0.01294	0.36626	0.08776	0.01190	0.01090	0.01528	0.01034	0.04589	0.00912	0.01197	0.00691	0.00520	0.00449	0.00171	0.00571	0.00400	0.00296	0.00623
18	0.00887	0.00515	0.00527	0.00524	0.00664	0.00488	0.00393	0.01108	0.01179	0.01867	0.08056	0.02976	0.21696	0.00852	0.00462	0.00143	0.00256	0.00700	0.56218	0.00488
19	0.01002	0.00870	0.01132	0.03854	0.01198	0.04732	0.02648	0.01131	0.01007	0.04313	0.04545	0.32371	0.02100	0.06915	0.03437	0.00254	0.26669	0.00924	0.00378	0.00522
20	0.00782	0.01944	0.00769	0.02586	0.00910	0.00590	0.00549	0.01082	0.07062	0.01865	0.43168	0.20955	0.13300	0.01208	0.00631	0.00182	0.00298	0.01064	0.00541	0.00515
21	0.00746	0.00561	0.00691	0.00656	0.00799	0.00514	0.00493	0.01003	0.03176	0.02003	0.60205	0.04214	0.20659	0.01146	0.00631	0.00172	0.00261	0.00998	0.00570	0.00503
22	0.01113	0.00954	0.01113	0.00795	0.01272	0.00716	0.00636	0.01352	0.01113	0.01749	0.00954	0.01113	0.00795	0.00398	0.00398	0.00080	0.00398	0.00318	0.00318	0.84417
23	0.00770	0.04493	0.00816	0.00729	0.00853	0.00604	0.00542	0.00945	0.01252	0.01710	0.33824	0.30543	0.12258	0.01267	0.00669	0.00184	0.03206	0.01106	0.00507	0.03723
24	0.01271	0.01113	0.01662	0.51345	0.04293	0.01312	0.04208	0.17941	0.02418	0.01857	0.01040	0.01386	0.00780	0.00572	0.00589	0.00174	0.04105	0.00481	0.00313	0.03140
25	0.00654	0.00467	0.00623	0.00747	0.00779	0.00436	0.00498	0.00747	0.01028	0.01370	0.02959	0.80785	0.03550	0.01682	0.00685	0.00218	0.00311	0.01526	0.00498	0.00436
26	0.01014	0.00954	0.01610	0.79845	0.03697	0.01193	0.01491	0.01371	0.01073	0.01371	0.00954	0.01431	0.00716	0.00537	0.00537	0.00179	0.00716	0.00477	0.00239	0.00596
27	0.01023	0.00973	0.01670	0.76854	0.03663	0.01199	0.04357	0.01385	0.01081	0.01385	0.00959	0.01432	0.00719	0.00533	0.00540	0.00179	0.00723	0.00483	0.00240	0.00601
28	0.02398	0.00930	0.01256	0.00963	0.01379	0.00814	0.00796	0.04712	0.01565	0.76023	0.02094	0.01812	0.01317	0.00664	0.00540	0.00166	0.00461	0.00538	0.00661	0.00914
29	0.00634	0.00544	0.00544	0.00544	0.00725	0.00453	0.00408	0.00770	0.01224	0.01450	0.05438	0.05166	0.77569	0.01359	0.00634	0.00181	0.00272	0.01133	0.00498	0.00453
30	0.01307	0.01406	0.08821	0.03141	0.71207	0.01273	0.01677	0.01652	0.01215	0.01749	0.01006	0.01312	0.00835	0.00481	0.00530	0.00160	0.00651	0.00471	0.00262	0.00845
31	0.01267	0.01208	0.02030	0.18252	0.60282	0.01261	0.01586	0.01640	0.04108	0.01698	0.01044	0.01375	0.00854	0.00499	0.00533	0.00164	0.00645	0.00483	0.00271	0.00800
32	0.00766	0.00567	0.00820	0.00820	0.00905	0.00647	0.00621	0.00932	0.00858	0.01222	0.01541	0.02348	0.02741	0.14203	0.67540	0.00806	0.01296	0.00612	0.00296	0.00458
33	0.00652	0.00475	0.00615	0.00727	0.00773	0.00438	0.00489	0.00750	0.01048	0.01378	0.03209	0.73132	0.11041	0.01649	0.00680	0.00214	0.00307	0.01486	0.00498	0.00438
34	0.03695	0.01040	0.01816	0.62500	0.08611	0.01219	0.10663	0.01440	0.01103	0.01473	0.00968	0.01409	0.00733	0.00521	0.00542	0.00177	0.00724	0.00491	0.00247	0.00629
35	0.07055	0.18822	0.57370	0.01346	0.02038	0.01424	0.01666	0.01672	0.01109	0.01660	0.00904	0.01059	0.00675	0.00499	0.00463	0.00158	0.00722	0.00367	0.00235	0.00757
36	0.01195	0.01490	0.11716	0.06384	0.07611	0.01261	0.51429	0.01633	0.01231	0.01686	0.01217	0.03180	0.01006	0.00561	0.00615	0.00183	0.00824	0.05782	0.00284	0.00712
37	0.01238	0.26154	0.47021	0.01395	0.02056	0.01506	0.08104	0.01699	0.01143	0.03691	0.00941	0.01099	0.00712	0.00494	0.00472	0.00154	0.00728	0.00389	0.00244	0.00759
38	0.01281	0.17284	0.27490	0.01745	0.20408	0.10110	0.01436	0.01645	0.01222	0.01611	0.06139	0.01542	0.01136	0.00584	0.00500	0.00157	0.00682	0.04016	0.00280	0.00734
39	0.05379	0.01043	0.03990	0.00936	0.01360	0.00872	0.02937	0.05321	0.07628	0.10702	0.03458	0.01706	0.01199	0.00575	0.00472	0.00127	0.00449	0.05606	0.00404	0.45837
40	0.01203	0.01230	0.01527	0.01331	0.01368	0.08971	0.01090	0.01328	0.00893	0.01284	0.00816	0.01303	0.00798	0.02926	0.09882	0.00298	0.62458	0.00476	0.00246	0.00574
41	0.00813	0.00596	0.00795	0.00894	0.01023	0.00578	0.00761	0.01034	0.01231	0.01583	0.05208	0.09564	0.15610	0.01462	0.00718	0.00233	0.00442	0.56472	0.00498	0.00485
42	0.01357	0.01402	0.01915	0.20702	0.44585	0.13784	0.01490	0.01646	0.01216	0.01572	0.00953	0.01287	0.00786	0.00526	0.00585	0.00164	0.04573	0.00456	0.00260	0.00742
43	0.01114	0.01033	0.01705	0.63429	0.15985	0.01228	0.01495	0.04857	0.01165	0.01528	0.00979	0.01407	0.00747	0.00532	0.00536	0.00175	0.00697	0.00478	0.00257	0.00653
44	0.01417	0.01452	0.02067	0.05204	0.64657	0.12515	0.01555	0.01711	0.01261	0.01679	0.00982	0.01279	0.00823	0.00491	0.00525	0.00157	0.00688	0.00459	0.00267	0.00810
45	0.00760	0.00549	0.00718	0.00675	0.00802	0.00506	0.00506	0.01013	0.01519	0.02153	0.77503	0.04010	0.05065	0.01097	0.00633	0.00169	0.00253	0.00971	0.00591	0.00506
46	0.00697	0.00525	0.00740	0.10119	0.01124	0.00526	0.00616	0.00821	0.01033	0.01370	0.02721	0.71383	0.03214	0.01546	0.00668	0.00213	0.00359	0.01402	0.00468	0.00455
47	0.02303	0.01037	0.01733	0.43016	0.02810	0.01164	0.14788	0.10080	0.01274	0.01690	0.01326	0.12019	0.01189	0.00708	0.00576	0.00184	0.00672	0.02477	0.00321	0.00633
48	0.00654	0.00467	0.00623	0.00747	0.00779	0.00436	0.00498	0.00747	0.01028	0.01370	0.02959	0.80785	0.03550	0.01682	0.00685	0.00218	0.00311	0.01526	0.00498	0.00436
49	0.01969	0.01451	0.01552	0.01202	0.01614	0.01607	0.00989	0.69771	0.06087	0.03278	0.01349	0.01349	0.00965	0.00648	0.00532	0.00161	0.00570	0.00490	0.03521	0.00895
50	0.01293	0.02068	0.43079	0.04421	0.04617	0.01273	0.14134	0.05375	0.02657	0.08636	0.01109	0.01292	0.00799	0.00555	0.00625	0.00176	0.06346	0.00468	0.00297	0.00780
51	0.02018	0.01493	0.01599	0.01231	0.01656	0.01654	0.01015	0.73706	0.04851	0.03347	0.01317	0.01311	0.00936	0.00647	0.00537	0.00162	0.00585	0.00487	0.00537	0.00911
52	0.00777	0.00519	0.00586	0.00590	0.00590	0.00518	0.00330	0.00780	0.00787	0.01049	0.01724	0.05506	0.01993	0.79086	0.02679	0.00513	0.00515	0.00800	0.00330	0.00328
53	0.01789	0.06172	0.07434	0.01562	0.09304	0.27440	0.07861	0.23192	0.01700	0.05759	0.01083	0.01201	0.00821	0.00561	0.00513	0.00153	0.00753	0.00436	0.01500	0.00766
54	0.03879	0.05956	0.28206	0.18073	0.05342	0.04295	0.17796	0.03842	0.01217	0.04900	0.01025	0.01277	0.00755	0.00511	0.00530	0.00169	0.00759	0.00466	0.00273	0.00729
55	0.00862	0.00583	0.00641	0.00616	0.00812	0.00494	0.00465	0.01002	0.01244	0.11182	0.04773	0.12164	0.60624	0.01303	0.00627	0.00183	0.00299	0.01096	0.00520	0.00510
56	0.01329	0.01275	0.02179	0.03295	0.77787	0.01275	0.01647	0.01647	0.01222	0.01754	0.01010	0.01329	0.00850	0.00478	0.00531	0.00159	0.00638	0.00478	0.00266	0.00850
57	0.16348	0.46894	0.13717	0.00988	0.01442	0.03027	0.02038	0.01566	0.01071	0.01550	0.00941	0.06543	0.00871	0.00562	0.00398	0.00141	0.00572	0.00397	0.00268	0.00667
58	0.01276	0.00921	0.01002	0.00886	0.01119	0.06312	0.00686	0.04091	0.19803	0.13651	0.40098	0.02895	0.03233	0.00890	0.00584	0.00169	0.00386	0.00758	0.00567	0.00672
59	0.12476	0.02268	0.01437	0.01299	0.01563	0.63658	0.00989	0.02012	0.01395	0.01451	0.00810	0.00970	0.00678	0.00573	0.00555	0.00149	0.06474	0.00347	0.00281	0.00615
60	0.01095	0.00672	0.00908	0.04700	0.01136	0.00655	0.02114	0.06133	0.03094	0.14792	0.02550	0.54550	0.02754	0.01334	0.00639	0.00202	0.00389	0.01196	0.00514	0.00574
61	0.01104	0.01354	0.11643	0.01554	0.01918	0.06518	0.30638	0.01456	0.02438	0.01590	0.01703	0.19291	0.01704	0.00897	0.00673	0.00196	0.03584	0.10762	0.00349	0.00629
62	0.00662	0.00473	0.00632	0.00756	0.00791	0.00443	0.00512	0.00761	0.01035	0.01379	0.02954	0.78064	0.03534	0.01674	0.00687	0.00219	0.00318	0.04171	0.00498	0.00438
63	0.04571	0.00943	0.01120	0.00882	0.01270	0.00847	0.00709	0.03982	0.12206	0.24985	0.06636	0.01862	0.04038	0.00633	0.00493	0.00138	0.00413	0.01715	0.00489	0.32069
64	0.01702	0.04167	0.11658	0.01053	0.01462	0.01075	0.00952	0.10071	0.18525	0.30831	0.02114	0.05756	0.06721	0.00747	0.00544	0.00171	0.00493	0.00610	0.00530	0.00819
65	0.01782	0.01283	0.03910	0.01127	0.01504	0.01334	0.00932	0.36780	0.22110	0.14982	0.01770	0.07160	0.01353	0.00739	0.00549	0.00172	0.00512	0.00596	0.00547	0.00859
66	0.01451	0.01076	0.01211	0.01051	0.01340	0.01206	0.00832	0.07369	0.47393	0.12909	0.07000	0.02155	0.05393	0.00783	0.00640	0.00181	0.06036	0.00628	0.00541	0.00803
67	0.01890	0.01242	0.01398	0.01119	0.01491	0.01331	0.00911	0.45798	0.09763	0.17523	0.01700	0.07197	0.01315	0.00812	0.01974	0.00183	0.00541	0.02403	0.00554	0.00855
68	0.01267	0.01183	0.01962	0.29925	0.44776	0.01276	0.03243	0.06788	0.01263	0.01734	0.01012	0.01364	0.00807	0.00510	0.00536	0.00167	0.00668	0.00482	0.00275	0.00763

[dist]
# distance from previous block
# <min> <max>
2	7

[block]
# block no. 1 follows, 45 sequences, length 6
# corresponding to MSA columns:
# 222-227
name=unknown_B
#
# <colnr> <probs for GDERKNQSTAVLIFYWHMCP>
#	G	D	E	R	K	N	Q	S	T	A	V	L	I	F	Y	W	H	M	C	P
0	0.01540	0.26345	0.32318	0.01219	0.01782	0.10066	0.01329	0.01893	0.01239	0.15912	0.01100	0.01163	0.00806	0.00528	0.00462	0.00149	0.00683	0.00385	0.00315	0.00765
1	0.01468	0.60075	0.02652	0.01141	0.01567	0.10558	0.09144	0.01664	0.01145	0.01320	0.00791	0.00952	0.00704	0.00492	0.00460	0.00130	0.04478	0.00340	0.00240	0.00680
2	0.01377	0.01111	0.01255	0.00920	0.01384	0.00986	0.00745	0.22611	0.01515	0.02214	0.01049	0.01163	0.00829	0.00468	0.00437	0.00103	0.00453	0.00365	0.00380	0.60634
3	0.00861	0.00739	0.00909	0.11384	0.01294	0.05546	0.00742	0.01016	0.01075	0.01386	0.04240	0.36456	0.06013	0.07646	0.03632	0.00256	0.05402	0.10508	0.00415	0.00481
4	0.10780	0.01331	0.01646	0.09045	0.25746	0.14745	0.06292	0.01761	0.01302	0.11513	0.09463	0.01589	0.01300	0.00589	0.00521	0.00162	0.00631	0.00507	0.00359	0.00719
5	0.05879	0.01213	0.01346	0.01051	0.01442	0.01267	0.00858	0.42996	0.01873	0.05656	0.01240	0.01359	0.00944	0.01031	0.10888	0.00237	0.00646	0.00452	0.00451	0.19171

[dist]
# distance from previous block
# <min> <max>
3	19

[block]
# block no. 2 follows, 45 sequences, length 67
# corresponding to MSA columns:
# 247-251,257-318
name=unknown_C
#
# <colnr> <probs for GDERKNQSTAVLIFYWHMCP>
#	G	D	E	R	K	N	Q	S	T	A	V	L	I	F	Y	W	H	M	C	P
0	0.03091	0.01229	0.02220	0.07107	0.34125	0.01194	0.23375	0.01848	0.01285	0.17283	0.01249	0.01463	0.00924	0.00512	0.00560	0.00168	0.00680	0.00533	0.00348	0.00805
1	0.01014	0.00954	0.01610	0.79845	0.03697	0.01193	0.01491	0.01371	0.01073	0.01371	0.00954	0.01431	0.00716	0.00537	0.00537	0.00179	0.00716	0.00477	0.00239	0.00596
2	0.00926	0.00468	0.00695	0.00695	0.00695	0.00468	0.00460	0.00703	0.00703	0.00937	0.00964	0.01709	0.00975	0.05143	0.02124	0.80914	0.00468	0.00479	0.00237	0.00237
3	0.01329	0.01275	0.02179	0.03295	0.77787	0.01275	0.01647	0.01647	0.01222	0.01754	0.01010	0.01329	0.00850	0.00478	0.00531	0.00159	0.00638	0.00478	0.00266	0.00850
4	0.00652	0.00540	0.00571	0.00572	0.00738	0.00459	0.00425	0.00801	0.01252	0.01538	0.14723	0.08948	0.64247	0.01342	0.00637	0.00182	0.00272	0.01132	0.00511	0.00459
5	0.01295	0.01271	0.02271	0.16218	0.38847	0.01304	0.20684	0.05527	0.03955	0.01780	0.01076	0.01399	0.00849	0.00499	0.00559	0.00169	0.00710	0.00523	0.00287	0.00777
6	0.01897	0.01432	0.01530	0.01206	0.01610	0.01598	0.00986	0.61100	0.17655	0.03151	0.01471	0.01434	0.01061	0.00661	0.00539	0.00165	0.00557	0.00508	0.00539	0.00900
7	0.01798	0.01030	0.02964	0.00974	0.01317	0.00993	0.00803	0.21819	0.06466	0.32141	0.14919	0.04849	0.01949	0.00768	0.00552	0.00166	0.00448	0.00633	0.04611	0.00799
8	0.00767	0.00575	0.00863	0.00863	0.00959	0.00671	0.00671	0.00959	0.00863	0.01246	0.01438	0.02109	0.01342	0.04026	0.79008	0.00863	0.01438	0.00575	0.00288	0.00479
9	0.80562	0.01034	0.00832	0.04822	0.01176	0.01204	0.00629	0.01567	0.00922	0.02354	0.00758	0.00901	0.00588	0.00500	0.00343	0.00167	0.00431	0.00300	0.00327	0.00582
10	0.01422	0.78683	0.05478	0.00940	0.01411	0.02093	0.00956	0.01611	0.01092	0.01278	0.00754	0.00871	0.00689	0.00461	0.00350	0.00117	0.00582	0.00291	0.00230	0.00693
11	0.00864	0.00703	0.00732	0.00674	0.00890	0.00664	0.00519	0.10507	0.05879	0.01795	0.09985	0.04400	0.58002	0.01212	0.00617	0.00178	0.00320	0.01007	0.00513	0.00539
12	0.84927	0.01038	0.00789	0.00706	0.01038	0.01204	0.00581	0.01578	0.00914	0.02408	0.00747	0.00872	0.00581	0.00498	0.00332	0.00166	0.00415	0.00291	0.00332	0.00581
13	0.00663	0.00471	0.00620	0.00736	0.00766	0.00442	0.00487	0.00750	0.01011	0.01348	0.02873	0.75565	0.03442	0.07049	0.00823	0.00238	0.00326	0.01476	0.00487	0.00429
14	0.01269	0.01273	0.04015	0.09214	0.42760	0.01267	0.14094	0.01797	0.12449	0.01782	0.01256	0.01620	0.01025	0.00552	0.00558	0.00171	0.00657	0.03133	0.00313	0.00793
15	0.00767	0.00575	0.00863	0.00863	0.00959	0.00671	0.00671	0.00959	0.00863	0.01246	0.01438	0.02109	0.01342	0.04026	0.79008	0.00863	0.01438	0.00575	0.00288	0.00479
16	0.04562	0.01065	0.03553	0.55912	0.05140	0.01218	0.05238	0.03022	0.10059	0.01598	0.01148	0.01566	0.00884	0.00574	0.00538	0.00179	0.00671	0.02133	0.00292	0.00648
17	0.01297	0.51038	0.32019	0.01155	0.01743	0.01785	0.01330	0.01643	0.01107	0.01432	0.00830	0.00966	0.00685	0.00479	0.00408	0.00136	0.00659	0.00329	0.00228	0.00729
18	0.12054	0.64528	0.08961	0.00943	0.01415	0.01932	0.00966	0.01611	0.01072	0.01446	0.00765	0.00886	0.00674	0.00469	0.00357	0.00126	0.00572	0.00297	0.00242	0.00684
19	0.01115	0.02509	0.63184	0.01678	0.02421	0.01269	0.16885	0.01704	0.01160	0.01704	0.00988	0.01197	0.00707	0.00498	0.00535	0.00172	0.00816	0.00444	0.00236	0.00779
20	0.01391	0.01141	0.01215	0.01085	0.01395	0.01307	0.00846	0.02840	0.72902	0.06194	0.02181	0.01994	0.01622	0.00725	0.00546	0.00181	0.00426	0.00603	0.00552	0.00853
21	0.00974	0.00644	0.02390	0.00714	0.00904	0.00548	0.00562	0.01190	0.01406	0.13078	0.41644	0.09151	0.21149	0.01129	0.00623	0.00176	0.00307	0.02291	0.00564	0.00555
22	0.02408	0.00914	0.01246	0.00955	0.01370	0.00789	0.00789	0.02616	0.01536	0.78158	0.02118	0.01827	0.01329	0.00664	0.00540	0.00166	0.00457	0.00540	0.00664	0.00914
23	0.00767	0.00575	0.00863	0.00863	0.00959	0.00671	0.00671	0.00959	0.00863	0.01246	0.01438	0.02109	0.01342	0.04026	0.79008	0.00863	0.01438	0.00575	0.00288	0.00479
24	0.00742	0.00548	0.00692	0.00656	0.00791	0.00499	0.00492	0.00978	0.01477	0.02051	0.67069	0.04177	0.15562	0.01135	0.00633	0.00171	0.00256	0.00994	0.00578	0.00499
25	0.02408	0.00914	0.01246	0.00955	0.01370	0.00789	0.00789	0.02616	0.01536	0.78158	0.02118	0.01827	0.01329	0.00664	0.00540	0.00166	0.00457	0.00540	0.00664	0.00914
26	0.02068	0.01460	0.01584	0.01214	0.01643	0.01600	0.01003	0.70545	0.02450	0.08938	0.01350	0.01329	0.00944	0.00646	0.00537	0.00161	0.00581	0.00487	0.00546	0.00913
27	0.01014	0.00954	0.01610	0.79845	0.03697	0.01193	0.01491	0.01371	0.01073	0.01371	0.00954	0.01431	0.00716	0.00537	0.00537	0.00179	0.00716	0.00477	0.00239	0.00596
28	0.00865	0.00618	0.00865	0.00989	0.01112	0.00618	0.00865	0.01112	0.01236	0.01606	0.02842	0.06055	0.03089	0.01483	0.00741	0.00247	0.00494	0.74174	0.00494	0.00494
29	0.01113	0.00954	0.01113	0.00795	0.01272	0.00716	0.00636	0.01352	0.01113	0.01749	0.00954	0.01113	0.00795	0.00398	0.00398	0.00080	0.00398	0.00318	0.00318	0.84417
30	0.02389	0.00944	0.01265	0.00969	0.01385	0.00834	0.00801	0.06391	0.01587	0.74311	0.02075	0.01799	0.01307	0.00663	0.00540	0.00166	0.00464	0.00537	0.00658	0.00913
31	0.00792	0.00559	0.00710	0.00666	0.00809	0.00508	0.00502	0.01029	0.01481	0.04309	0.65859	0.04096	0.14426	0.01119	0.00631	0.00170	0.00262	0.00979	0.00581	0.00512
32	0.00777	0.00555	0.00762	0.00762	0.00827	0.00617	0.00549	0.00906	0.00842	0.01196	0.01530	0.02573	0.01545	0.29573	0.51760	0.00731	0.01104	0.00642	0.02320	0.00429
33	0.02089	0.01426	0.01563	0.01198	0.01626	0.01550	0.00990	0.66410	0.02395	0.13152	0.01397	0.01359	0.00967	0.00647	0.00537	0.00162	0.00573	0.00491	0.00554	0.00913
34	0.02198	0.00867	0.01178	0.00919	0.01298	0.00753	0.00753	0.02412	0.01534	0.68464	0.11733	0.02105	0.01805	0.00720	0.00552	0.00166	0.00431	0.00595	0.00655	0.00862
35	0.00939	0.00494	0.00522	0.00544	0.00652	0.00489	0.00397	0.01162	0.01108	0.01890	0.01965	0.15932	0.01760	0.00812	0.00430	0.00142	0.00261	0.00682	0.69329	0.00489
36	0.00941	0.00827	0.01186	0.03851	0.01212	0.01073	0.00880	0.01096	0.00848	0.01255	0.01141	0.01801	0.01103	0.07825	0.39911	0.00562	0.33159	0.00543	0.00267	0.00517
37	0.01014	0.00954	0.01610	0.79845	0.03697	0.01193	0.01491	0.01371	0.01073	0.01371	0.00954	0.01431	0.00716	0.00537	0.00537	0.00179	0.00716	0.00477	0.00239	0.00596
38	0.00747	0.00548	0.00700	0.00662	0.00794	0.00501	0.00497	0.00989	0.01490	0.02083	0.70374	0.04124	0.12238	0.01123	0.00633	0.00170	0.00255	0.00987	0.00582	0.00501
39	0.00661	0.00470	0.00621	0.00739	0.00769	0.00440	0.00489	0.00749	0.01015	0.01353	0.02893	0.76779	0.03467	0.05800	0.00791	0.00234	0.00322	0.01487	0.00489	0.00430
40	0.02805	0.01186	0.01558	0.24897	0.16197	0.03005	0.01190	0.25085	0.05207	0.02155	0.01575	0.01750	0.08385	0.00651	0.00539	0.00168	0.00597	0.00544	0.01764	0.00740
41	0.01077	0.02777	0.78354	0.01530	0.02323	0.01247	0.01983	0.01700	0.01133	0.01700	0.00963	0.01133	0.00680	0.00510	0.00510	0.00170	0.00793	0.00397	0.00227	0.00793
42	0.00738	0.00548	0.00688	0.00653	0.00789	0.00497	0.00490	0.00972	0.01469	0.02033	0.65265	0.04206	0.17377	0.01142	0.00633	0.00171	0.00256	0.00998	0.00575	0.00497
43	0.01038	0.00968	0.01619	0.70983	0.08547	0.01189	0.01465	0.01385	0.01080	0.01413	0.00974	0.01434	0.00742	0.00543	0.00557	0.00177	0.02291	0.00478	0.02507	0.00611
44	0.01014	0.00954	0.01610	0.79845	0.03697	0.01193	0.01491	0.01371	0.01073	0.01371	0.00954	0.01431	0.00716	0.00537	0.00537	0.00179	0.00716	0.00477	0.00239	0.00596
45	0.01014	0.00954	0.01610	0.79845	0.03697	0.01193	0.01491	0.01371	0.01073	0.01371	0.00954	0.01431	0.00716	0.00537	0.00537	0.00179	0.00716	0.00477	0.00239	0.00596
46	0.00738	0.00534	0.00683	0.00751	0.00823	0.00508	0.00521	0.04467	0.01187	0.01595	0.14749	0.61651	0.06722	0.01525	0.00668	0.00206	0.00314	0.01371	0.00515	0.00471
47	0.01113	0.00954	0.01113	0.00795	0.01272	0.00716	0.00636	0.01352	0.01113	0.01749	0.00954	0.01113	0.00795	0.00398	0.00398	0.00080	0.00398	0.00318	0.00318	0.84417
48	0.46244	0.30745	0.08946	0.00863	0.01286	0.01546	0.00839	0.01600	0.01000	0.01920	0.00768	0.00893	0.00630	0.00485	0.00354	0.00148	0.00510	0.00299	0.00284	0.00641
49	0.00781	0.00520	0.00585	0.00585	0.00585	0.00520	0.00325	0.00781	0.00781	0.01041	0.01691	0.03513	0.01952	0.81135	0.02732	0.00520	0.00520	0.00781	0.00325	0.00325
50	0.01998	0.01300	0.01479	0.01202	0.03798	0.01387	0.00954	0.47475	0.09772	0.20379	0.03622	0.01560	0.01193	0.00665	0.00541	0.00165	0.00535	0.00522	0.00561	0.00894
51	0.01113	0.00954	0.01113	0.00795	0.01272	0.00716	0.00636	0.01352	0.01113	0.01749	0.00954	0.01113	0.00795	0.00398	0.00398	0.00080	0.00398	0.00318	0.00318	0.84417
52	0.03679	0.01076	0.01347	0.01205	0.07252	0.01099	0.00900	0.12528	0.18513	0.38205	0.04327	0.01783	0.01389	0.00682	0.00582	0.00171	0.03286	0.00549	0.00565	0.00862
53	0.02836	0.01199	0.01898	0.30925	0.43314	0.03211	0.01521	0.05645	0.01241	0.01705	0.00995	0.01346	0.00796	0.00511	0.00529	0.00166	0.00668	0.00471	0.00272	0.00751
54	0.00760	0.00549	0.00718	0.00675	0.00802	0.00506	0.00506	0.01013	0.01519	0.02153	0.77503	0.04010	0.05065	0.01097	0.00633	0.00169	0.00253	0.00971	0.00591	0.00506
55	0.00654	0.00467	0.00623	0.00747	0.00779	0.00436	0.00498	0.00747	0.01028	0.01370	0.02959	0.80785	0.03550	0.01682	0.00685	0.00218	0.00311	0.01526	0.00498	0.00436
56	0.01435	0.81458	0.02813	0.00918	0.01378	0.02124	0.00918	0.01607	0.01091	0.01263	0.00746	0.00861	0.00689	0.00459	0.00344	0.00115	0.00574	0.00287	0.00230	0.00689
57	0.00781	0.00520	0.00585	0.00585	0.00585	0.00520	0.00325	0.00781	0.00781	0.01041	0.01691	0.03513	0.01952	0.81135	0.02732	0.00520	0.00520	0.00781	0.00325	0.00325
58	0.84927	0.01038	0.00789	0.00706	0.01038	0.01204	0.00581	0.01578	0.00914	0.02408	0.00747	0.00872	0.00581	0.00498	0.00332	0.00166	0.00415	0.00291	0.00332	0.00581
59	0.02359	0.00993	0.01295	0.00993	0.01410	0.00907	0.00820	0.12514	0.01670	0.68072	0.02006	0.01754	0.01273	0.00662	0.00539	0.00165	0.00475	0.00532	0.00647	0.00913
60	0.84927	0.01038	0.00789	0.00706	0.01038	0.01204	0.00581	0.01578	0.00914	0.02408	0.00747	0.00872	0.00581	0.00498	0.00332	0.00166	0.00415	0.00291	0.00332	0.00581
61	0.01272	0.01096	0.01185	0.01007	0.01360	0.01158	0.00789	0.02423	0.55162	0.02104	0.01833	0.01748	0.01397	0.00634	0.00504	0.00153	0.00417	0.00524	0.00481	0.24754
62	0.68215	0.01132	0.00955	0.00813	0.01164	0.01297	0.00670	0.16583	0.01238	0.02605	0.00857	0.00956	0.00648	0.00528	0.00373	0.00165	0.00451	0.00330	0.00373	0.00648
63	0.02011	0.01489	0.01595	0.01229	0.01654	0.01651	0.01013	0.72972	0.05596	0.03336	0.01326	0.01318	0.00943	0.00648	0.00537	0.00162	0.00584	0.00488	0.00537	0.00910
64	0.14678	0.00913	0.01150	0.00903	0.01291	0.00836	0.00743	0.02377	0.01442	0.62870	0.05827	0.01797	0.01411	0.00662	0.00514	0.00166	0.00440	0.00525	0.00611	0.00843
65	0.00740	0.00511	0.00618	0.00669	0.00695	0.00497	0.00427	0.00795	0.00913	0.01208	0.02326	0.29615	0.05053	0.45833	0.01826	0.00387	0.00440	0.06666	0.00402	0.00379
66	0.00934	0.00467	0.00695	0.00695	0.00698	0.00467	0.00464	0.00712	0.00709	0.00957	0.00951	0.01640	0.00943	0.01836	0.02058	0.82431	0.00461	0.00467	0.02176	0.00239

[dist]
# distance from previous block
# <min> <max>
0	8

[block]
# block no. 3 follows, 45 sequences, length 52
# corresponding to MSA columns:
# 327-356,361-382
name=unknown_D
#
# <colnr> <probs for GDERKNQSTAVLIFYWHMCP>
#	G	D	E	R	K	N	Q	S	T	A	V	L	I	F	Y	W	H	M	C	P
0	0.02408	0.00914	0.01246	0.00955	0.01370	0.00789	0.00789	0.02616	0.01536	0.78158	0.02118	0.01827	0.01329	0.00664	0.00540	0.00166	0.00457	0.00540	0.00664	0.00914
1	0.00734	0.00533	0.00703	0.00771	0.00863	0.00502	0.00584	0.00912	0.01230	0.01651	0.23803	0.35323	0.09544	0.01446	0.00681	0.00209	0.00337	0.19182	0.00523	0.00471
2	0.01053	0.01006	0.01753	0.64500	0.09052	0.01190	0.07708	0.01411	0.01107	0.01439	0.01044	0.01608	0.00828	0.00563	0.00553	0.00180	0.00717	0.03413	0.00253	0.00622
3	0.01245	0.04218	0.61366	0.01459	0.02145	0.01244	0.03343	0.01774	0.01160	0.10236	0.01073	0.01214	0.00757	0.00553	0.00594	0.00173	0.05958	0.00420	0.00277	0.00789
4	0.00825	0.00658	0.00758	0.00711	0.00847	0.04766	0.00533	0.01069	0.01514	0.02093	0.71869	0.03868	0.06308	0.01073	0.00625	0.00167	0.00292	0.00940	0.00572	0.00512
5	0.00932	0.00466	0.00699	0.00699	0.00699	0.00466	0.00466	0.00699	0.00699	0.00932	0.00932	0.01632	0.00932	0.01865	0.02098	0.84382	0.00466	0.00466	0.00233	0.00233
6	0.01113	0.00954	0.01113	0.00795	0.01272	0.00716	0.00636	0.01352	0.01113	0.01749	0.00954	0.01113	0.00795	0.00398	0.00398	0.00080	0.00398	0.00318	0.00318	0.84417
7	0.06117	0.01226	0.03104	0.28307	0.31800	0.04456	0.04619	0.01532	0.01119	0.01588	0.00934	0.01305	0.00761	0.00557	0.00672	0.00176	0.10301	0.00466	0.00257	0.00702
8	0.01906	0.01411	0.01519	0.01188	0.01586	0.01566	0.00975	0.65244	0.08141	0.03172	0.01377	0.01397	0.00999	0.00781	0.03577	0.00189	0.00601	0.00497	0.02996	0.00879
9	0.00768	0.00522	0.00670	0.00721	0.00816	0.00476	0.00513	0.00911	0.01187	0.05450	0.18080	0.47831	0.14727	0.01460	0.00662	0.00201	0.00307	0.03692	0.00525	0.00479
10	0.01192	0.02650	0.66104	0.01542	0.02271	0.07201	0.05364	0.04478	0.01221	0.01734	0.00971	0.01141	0.00696	0.00516	0.00515	0.00168	0.00804	0.00407	0.00244	0.00781
11	0.01163	0.01111	0.01855	0.40556	0.32608	0.01263	0.03012	0.01528	0.03486	0.01551	0.01001	0.01392	0.00799	0.00544	0.00617	0.00175	0.05890	0.00484	0.00259	0.00706
12	0.00720	0.00541	0.00645	0.00627	0.00752	0.00489	0.00455	0.00901	0.01323	0.01777	0.43678	0.07291	0.26794	0.10603	0.00882	0.00216	0.00293	0.01020	0.00528	0.00466
13	0.02005	0.02558	0.01521	0.01383	0.01659	0.78980	0.01037	0.02143	0.01521	0.01314	0.00830	0.00968	0.00691	0.00553	0.00484	0.00138	0.00968	0.00346	0.00277	0.00622
14	0.00651	0.00480	0.00610	0.00713	0.00770	0.00439	0.00483	0.00751	0.01061	0.01384	0.03377	0.68034	0.16032	0.01627	0.00677	0.00212	0.00305	0.01460	0.00498	0.00439
15	0.00746	0.00548	0.00698	0.00661	0.00793	0.00501	0.00495	0.00986	0.01486	0.02074	0.69471	0.04139	0.13146	0.01127	0.00633	0.00170	0.00255	0.00989	0.00581	0.00501
16	0.01077	0.02777	0.78354	0.01530	0.02323	0.01247	0.01983	0.01700	0.01133	0.01700	0.00963	0.01133	0.00680	0.00510	0.00510	0.00170	0.00793	0.00397	0.00227	0.00793
17	0.01113	0.00954	0.01113	0.00795	0.01272	0.00716	0.00636	0.01352	0.01113	0.01749	0.00954	0.01113	0.00795	0.00398	0.00398	0.00080	0.00398	0.00318	0.00318	0.84417
18	0.02041	0.01504	0.01611	0.01235	0.01665	0.01665	0.01020	0.75997	0.02524	0.03383	0.01289	0.01289	0.00913	0.00644	0.00537	0.00161	0.00591	0.00483	0.00537	0.00913
19	0.01270	0.01351	0.02688	0.02414	0.23954	0.01272	0.47480	0.01663	0.01239	0.01732	0.01052	0.01382	0.00823	0.00454	0.00582	0.00165	0.00780	0.00559	0.00274	0.08868
20	0.01895	0.09951	0.10315	0.01215	0.01688	0.01603	0.01101	0.54677	0.02148	0.08297	0.01255	0.01265	0.00893	0.00611	0.00514	0.00158	0.00602	0.00457	0.00479	0.00876
21	0.00865	0.00618	0.00865	0.00989	0.01112	0.00618	0.00865	0.01112	0.01236	0.01606	0.02842	0.06055	0.03089	0.01483	0.00741	0.00247	0.00494	0.74174	0.00494	0.00494
22	0.01234	0.01395	0.03029	0.02180	0.02695	0.01307	0.71747	0.01667	0.01254	0.01701	0.01188	0.05755	0.00963	0.00519	0.00636	0.00183	0.00873	0.00682	0.00284	0.00708
23	0.01014	0.00954	0.01610	0.79845	0.03697	0.01193	0.01491	0.01371	0.01073	0.01371	0.00954	0.01431	0.00716	0.00537	0.00537	0.00179	0.00716	0.00477	0.00239	0.00596
24	0.02319	0.00894	0.01217	0.00940	0.01340	0.00774	0.00774	0.02529	0.01535	0.74054	0.06189	0.01945	0.01531	0.00688	0.00545	0.00166	0.00446	0.00563	0.00660	0.00892
25	0.71858	0.01055	0.00872	0.00756	0.01096	0.01200	0.00623	0.07365	0.01078	0.06861	0.00891	0.00985	0.00668	0.00522	0.00361	0.00165	0.00427	0.00325	0.02267	0.00624
26	0.05712	0.01237	0.02458	0.23678	0.04389	0.01257	0.45722	0.01573	0.01197	0.01669	0.03573	0.02946	0.00965	0.00523	0.00589	0.00179	0.00788	0.00596	0.00280	0.00671
27	0.03324	0.05500	0.01611	0.01241	0.02960	0.07840	0.00999	0.54889	0.11357	0.02928	0.01320	0.01322	0.00965	0.00633	0.00521	0.00160	0.00598	0.00474	0.00494	0.00864
28	0.00654	0.00467	0.00623	0.00747	0.00779	0.00436	0.00498	0.00747	0.01028	0.01370	0.02959	0.80785	0.03550	0.01682	0.00685	0.00218	0.00311	0.01526	0.00498	0.00436
29	0.00662	0.00513	0.00596	0.00647	0.00755	0.00456	0.00458	0.00785	0.01146	0.01453	0.09208	0.36094	0.37653	0.04640	0.00740	0.00210	0.00301	0.02739	0.00498	0.00446
30	0.01277	0.10342	0.02780	0.07839	0.16932	0.01425	0.45664	0.01655	0.01211	0.01637	0.01012	0.01350	0.00797	0.00479	0.00610	0.00171	0.03279	0.00549	0.00262	0.00731
31	0.44753	0.29030	0.01565	0.00851	0.01216	0.10226	0.00744	0.01644	0.01048	0.01880	0.00780	0.00906	0.00650	0.00494	0.00354	0.00144	0.00528	0.00301	0.02266	0.00621
32	0.00712	0.00549	0.00801	0.00839	0.00924	0.00508	0.05252	0.00845	0.01083	0.01451	0.06926	0.65773	0.05824	0.01531	0.00673	0.00210	0.00350	0.03115	0.00485	0.02150
33	0.01329	0.01275	0.02179	0.03295	0.77787	0.01275	0.01647	0.01647	0.01222	0.01754	0.01010	0.01329	0.00850	0.00478	0.00531	0.00159	0.00638	0.00478	0.00266	0.00850
34	0.20402	0.26740	0.01787	0.01159	0.04451	0.32926	0.00922	0.03328	0.01259	0.01603	0.00802	0.00934	0.00677	0.00510	0.00409	0.00139	0.00700	0.00323	0.00279	0.00649
35	0.00653	0.00472	0.00618	0.00734	0.00775	0.00437	0.00492	0.00749	0.01041	0.01376	0.03121	0.75825	0.08405	0.01661	0.00682	0.00216	0.00309	0.01500	0.00498	0.00437
36	0.01113	0.00954	0.01113	0.00795	0.01272	0.00716	0.00636	0.01352	0.01113	0.01749	0.00954	0.01113	0.00795	0.00398	0.00398	0.00080	0.00398	0.00318	0.00318	0.84417
37	0.00681	0.00502	0.00669	0.05019	0.00921	0.00484	0.00536	0.00785	0.01025	0.01353	0.02910	0.67029	0.07578	0.06812	0.00808	0.00234	0.00345	0.01397	0.00473	0.00438
38	0.00639	0.00544	0.00551	0.00549	0.00728	0.00455	0.00412	0.00780	0.01235	0.01478	0.08296	0.05120	0.74694	0.01349	0.00634	0.00181	0.00271	0.01126	0.00502	0.00455
39	0.01206	0.01268	0.02164	0.01701	0.01886	0.01546	0.26664	0.01438	0.00974	0.01438	0.00835	0.01268	0.00742	0.00773	0.01376	0.00216	0.53098	0.00526	0.00247	0.00634
40	0.21858	0.01392	0.01414	0.01109	0.01515	0.01555	0.00915	0.58204	0.02139	0.03150	0.01159	0.01189	0.00834	0.00609	0.00488	0.00162	0.00549	0.00437	0.00488	0.00834
41	0.00768	0.00572	0.00845	0.00845	0.00934	0.00661	0.00648	0.00947	0.00857	0.01233	0.01454	0.02201	0.01382	0.09084	0.74005	0.00840	0.01378	0.00589	0.00290	0.00469
42	0.14373	0.38637	0.07008	0.01016	0.01437	0.09063	0.00943	0.07105	0.11023	0.03399	0.01023	0.01090	0.00825	0.00530	0.00411	0.00142	0.00581	0.00361	0.00322	0.00714
43	0.02022	0.01571	0.01596	0.01242	0.01658	0.07195	0.01018	0.69066	0.04118	0.03209	0.01276	0.01282	0.00913	0.00640	0.00533	0.00160	0.00614	0.00476	0.00519	0.00891
44	0.00639	0.00527	0.00561	0.00589	0.00737	0.00449	0.00428	0.00765	0.01180	0.01432	0.04884	0.22063	0.61030	0.01431	0.00646	0.00189	0.00281	0.01221	0.00498	0.00449
45	0.01200	0.01449	0.07875	0.02081	0.02595	0.01269	0.64354	0.01633	0.01237	0.01687	0.01243	0.08418	0.01047	0.00565	0.00630	0.00184	0.00845	0.00697	0.00289	0.00703
46	0.01925	0.01281	0.11231	0.01092	0.01522	0.01077	0.00982	0.18608	0.09722	0.38620	0.01848	0.06816	0.01332	0.00714	0.00546	0.00171	0.00517	0.00581	0.00556	0.00860
47	0.00654	0.00467	0.00623	0.00747	0.00779	0.00436	0.00498	0.00747	0.01028	0.01370	0.02959	0.80785	0.03550	0.01682	0.00685	0.00218	0.00311	0.01526	0.00498	0.00436
48	0.04952	0.01595	0.01453	0.05493	0.01660	0.20694	0.01003	0.28356	0.17366	0.02295	0.01332	0.01490	0.01039	0.00673	0.00605	0.00168	0.05865	0.02768	0.00429	0.00763
49	0.01229	0.01249	0.02331	0.20998	0.34031	0.01296	0.24623	0.01591	0.01185	0.01635	0.01008	0.01384	0.00802	0.00502	0.00612	0.00174	0.03824	0.00526	0.00260	0.00741
50	0.06124	0.20809	0.13244	0.01386	0.07975	0.21503	0.01171	0.12312	0.04401	0.01784	0.00954	0.01087	0.00766	0.00550	0.00511	0.00149	0.03857	0.00382	0.00306	0.00729
51	0.00663	0.00526	0.00596	0.00618	0.00753	0.00459	0.00448	0.00810	0.01231	0.01562	0.18351	0.23421	0.45887	0.01389	0.00647	0.00188	0.00278	0.01199	0.00516	0.00459

[dist]
# distance from previous block
# <min> <max>
0	9

[block]
# block no. 4 follows, 45 sequences, length 73
# corresponding to MSA columns:
# 392-464
name=unknown_E
#
# <colnr> <probs for GDERKNQSTAVLIFYWHMCP>
#	G	D	E	R	K	N	Q	S	T	A	V	L	I	F	Y	W	H	M	C	P
0	0.06720	0.12016	0.14042	0.04461	0.23424	0.13891	0.02826	0.13100	0.01415	0.01889	0.00966	0.01151	0.00765	0.00521	0.00487	0.00154	0.00694	0.00412	0.00302	0.00766
1	0.01367	0.01347	0.02142	0.03187	0.73512	0.05638	0.01613	0.01675	0.01239	0.01729	0.01000	0.01308	0.00841	0.00482	0.00529	0.00158	0.00656	0.00471	0.00266	0.00837
2	0.03968	0.01364	0.01575	0.05526	0.03730	0.01551	0.01053	0.51036	0.04607	0.07280	0.01249	0.01327	0.00913	0.00675	0.00700	0.00173	0.11476	0.00484	0.00475	0.00839
3	0.04209	0.29822	0.49544	0.01290	0.01951	0.01547	0.01566	0.01664	0.01111	0.01575	0.00881	0.01030	0.00680	0.00492	0.00447	0.00151	0.00704	0.00355	0.00231	0.00750
4	0.01022	0.00971	0.01662	0.77256	0.03667	0.01198	0.03971	0.01383	0.01080	0.01383	0.00958	0.01432	0.00719	0.00534	0.00540	0.00179	0.00722	0.00482	0.00240	0.00601
5	0.12678	0.01759	0.28932	0.07863	0.20083	0.01245	0.14298	0.01633	0.01145	0.01786	0.01017	0.01355	0.00799	0.00520	0.00520	0.00172	0.00710	0.02476	0.00266	0.00743
6	0.01174	0.01174	0.01644	0.01409	0.01409	0.01644	0.01174	0.01292	0.00822	0.01292	0.00705	0.01174	0.00705	0.00940	0.01762	0.00235	0.80153	0.00470	0.00235	0.00587
7	0.01426	0.79380	0.04808	0.00935	0.01403	0.02101	0.00947	0.01610	0.01092	0.01274	0.00752	0.00868	0.00689	0.00461	0.00349	0.00116	0.00580	0.00290	0.00230	0.00692
8	0.00654	0.00467	0.00623	0.00747	0.00779	0.00436	0.00498	0.00747	0.01028	0.01370	0.02959	0.80785	0.03550	0.01682	0.00685	0.00218	0.00311	0.01526	0.00498	0.00436
9	0.00760	0.00549	0.00718	0.00675	0.00802	0.00506	0.00506	0.01013	0.01519	0.02153	0.77503	0.04010	0.05065	0.01097	0.00633	0.00169	0.00253	0.00971	0.00591	0.00506
10	0.00647	0.00546	0.00561	0.00562	0.00739	0.00460	0.00425	0.00791	0.01238	0.01487	0.08734	0.05136	0.72133	0.01351	0.00637	0.00182	0.00277	0.03134	0.00503	0.00457
11	0.02316	0.01061	0.01337	0.01025	0.01444	0.01008	0.00847	0.21007	0.01784	0.59418	0.01910	0.01692	0.01225	0.00659	0.00539	0.00165	0.00490	0.00526	0.00632	0.00913
12	0.02041	0.01504	0.01611	0.01235	0.01665	0.01665	0.01020	0.75997	0.02524	0.03383	0.01289	0.01289	0.00913	0.00644	0.00537	0.00161	0.00591	0.00483	0.00537	0.00913
13	0.00767	0.00575	0.00863	0.00863	0.00959	0.00671	0.00671	0.00959	0.00863	0.01246	0.01438	0.02109	0.01342	0.04026	0.79008	0.00863	0.01438	0.00575	0.00288	0.00479
14	0.01173	0.00640	0.00850	0.00745	0.00944	0.00577	0.00577	0.01415	0.01524	0.21201	0.58610	0.03463	0.04129	0.00989	0.00610	0.00168	0.00304	0.00863	0.00609	0.00609
15	0.00654	0.00467	0.00623	0.00747	0.00779	0.00436	0.00498	0.00747	0.01028	0.01370	0.02959	0.80785	0.03550	0.01682	0.00685	0.00218	0.00311	0.01526	0.00498	0.00436
16	0.84927	0.01038	0.00789	0.00706	0.01038	0.01204	0.00581	0.01578	0.00914	0.02408	0.00747	0.00872	0.00581	0.00498	0.00332	0.00166	0.00415	0.00291	0.00332	0.00581
17	0.01077	0.02777	0.78354	0.01530	0.02323	0.01247	0.01983	0.01700	0.01133	0.01700	0.00963	0.01133	0.00680	0.00510	0.00510	0.00170	0.00793	0.00397	0.00227	0.00793
18	0.00652	0.00544	0.00569	0.00563	0.00736	0.00461	0.00422	0.00805	0.01266	0.01551	0.15791	0.05000	0.67153	0.01322	0.00634	0.00179	0.00269	0.01110	0.00512	0.00461
19	0.01145	0.00973	0.01130	0.00810	0.01285	0.00748	0.00649	0.03892	0.01161	0.01805	0.00965	0.01119	0.00799	0.00406	0.00402	0.00082	0.00404	0.00324	0.00325	0.81574
20	0.02041	0.01504	0.01611	0.01235	0.01665	0.01665	0.01020	0.75997	0.02524	0.03383	0.01289	0.01289	0.00913	0.00644	0.00537	0.00161	0.00591	0.00483	0.00537	0.00913
21	0.00664	0.00480	0.00623	0.00723	0.00770	0.00445	0.00487	0.00768	0.01066	0.01417	0.08108	0.67853	0.08615	0.04326	0.00748	0.00222	0.00312	0.01437	0.00499	0.00438
22	0.01500	0.01390	0.02121	0.02693	0.52060	0.04450	0.08069	0.17355	0.01513	0.02077	0.01068	0.01316	0.00854	0.00514	0.00540	0.00161	0.00665	0.00488	0.00324	0.00843
23	0.01435	0.81458	0.02813	0.00918	0.01378	0.02124	0.00918	0.01607	0.01091	0.01263	0.00746	0.00861	0.00689	0.00459	0.00344	0.00115	0.00574	0.00287	0.00230	0.00689
24	0.01014	0.00954	0.01610	0.79845	0.03697	0.01193	0.01491	0.01371	0.01073	0.01371	0.00954	0.01431	0.00716	0.00537	0.00537	0.00179	0.00716	0.00477	0.00239	0.00596
25	0.00639	0.00544	0.00550	0.00548	0.00728	0.00455	0.00411	0.00779	0.01234	0.01474	0.07892	0.05127	0.75100	0.01351	0.00634	0.00181	0.00271	0.01127	0.00502	0.00455
26	0.01370	0.01145	0.01215	0.01088	0.01395	0.01317	0.00848	0.02845	0.74344	0.04739	0.02183	0.01997	0.01628	0.00726	0.00546	0.00182	0.00426	0.00605	0.00550	0.00852
27	0.00707	0.00561	0.00639	0.00636	0.00794	0.00501	0.00484	0.00917	0.03008	0.01699	0.27987	0.07504	0.44946	0.01282	0.00641	0.00183	0.00286	0.06212	0.00529	0.00481
28	0.00809	0.00559	0.00728	0.00683	0.00818	0.00513	0.00513	0.01054	0.01500	0.04651	0.71258	0.05933	0.06734	0.01105	0.00631	0.00170	0.00262	0.00975	0.00589	0.00517
29	0.01014	0.00954	0.01610	0.79845	0.03697	0.01193	0.01491	0.01371	0.01073	0.01371	0.00954	0.01431	0.00716	0.00537	0.00537	0.00179	0.00716	0.00477	0.00239	0.00596
30	0.01267	0.01448	0.03167	0.02262	0.02805	0.01357	0.75837	0.01719	0.01267	0.01719	0.01086	0.01448	0.00814	0.00452	0.00633	0.00181	0.00905	0.00633	0.00271	0.00724
31	0.00654	0.00467	0.00623	0.00747	0.00779	0.00436	0.00498	0.00747	0.01028	0.01370	0.02959	0.80785	0.03550	0.01682	0.00685	0.00218	0.00311	0.01526	0.00498	0.00436
32	0.00932	0.00466	0.00699	0.00699	0.00699	0.00466	0.00466	0.00699	0.00699	0.00932	0.00932	0.01632	0.00932	0.01865	0.02098	0.84382	0.00466	0.00466	0.00233	0.00233
33	0.04165	0.61343	0.13990	0.01037	0.01529	0.07482	0.01076	0.01659	0.01122	0.01370	0.00785	0.00910	0.00684	0.00475	0.00379	0.00126	0.00630	0.00308	0.00236	0.00696
34	0.00678	0.00506	0.00724	0.00808	0.00859	0.00473	0.03497	0.00786	0.01037	0.01384	0.02884	0.77627	0.03441	0.01633	0.00683	0.00217	0.00335	0.01490	0.00489	0.00447
35	0.01335	0.01153	0.01214	0.01092	0.01396	0.01335	0.00850	0.02852	0.76817	0.02245	0.02185	0.02003	0.01639	0.00728	0.00546	0.00182	0.00425	0.00607	0.00546	0.00850
36	0.13158	0.12487	0.05680	0.29891	0.11724	0.01399	0.07541	0.08948	0.01235	0.01796	0.00947	0.01232	0.00735	0.00516	0.00487	0.00164	0.00651	0.00434	0.00286	0.00690
37	0.01435	0.81458	0.02813	0.00918	0.01378	0.02124	0.00918	0.01607	0.01091	0.01263	0.00746	0.00861	0.00689	0.00459	0.00344	0.00115	0.00574	0.00287	0.00230	0.00689
38	0.00734	0.00539	0.00688	0.00668	0.00791	0.00493	0.00495	0.00957	0.01433	0.01989	0.61358	0.12446	0.13031	0.01190	0.00639	0.00176	0.00262	0.01049	0.00571	0.00493
39	0.00654	0.00467	0.00623	0.00747	0.00779	0.00436	0.00498	0.00747	0.01028	0.01370	0.02959	0.80785	0.03550	0.01682	0.00685	0.00218	0.00311	0.01526	0.00498	0.00436
40	0.00757	0.00549	0.00713	0.00672	0.00800	0.00505	0.00504	0.01007	0.01512	0.02136	0.75783	0.04037	0.06796	0.01104	0.00633	0.00169	0.00254	0.00975	0.00589	0.00505
41	0.00654	0.00467	0.00623	0.00747	0.00779	0.00436	0.00498	0.00747	0.01028	0.01370	0.02959	0.80785	0.03550	0.01682	0.00685	0.00218	0.00311	0.01526	0.00498	0.00436
42	0.00717	0.00532	0.00670	0.00676	0.00792	0.00485	0.00497	0.00915	0.01353	0.01843	0.46487	0.20900	0.17595	0.01281	0.00648	0.00184	0.00276	0.03117	0.00552	0.00481
