[name]
unknown

[dist]
# distance from previous block
# <min> <max>
12	58

[block]
# block no. 0 follows, 46 sequences, length 126
# corresponding to MSA columns:
# 65-190
name=unknown_A
#
# <colnr> <probs for GDERKNQSTAVLIFYWHMCP>
#	G	D	E	R	K	N	Q	S	T	A	V	L	I	F	Y	W	H	M	C	P
0	0.01439	0.01064	0.01185	0.03244	0.01337	0.01136	0.00793	0.40774	0.04155	0.02513	0.04996	0.17877	0.06532	0.00892	0.00553	0.00167	0.00462	0.00742	0.05730	0.04410
1	0.04857	0.00985	0.01080	0.00892	0.01188	0.00998	0.00691	0.24441	0.08662	0.02191	0.03713	0.11265	0.01499	0.10130	0.00752	0.00188	0.00445	0.00614	0.04998	0.20410
2	0.31642	0.01236	0.01180	0.02679	0.01355	0.05225	0.00794	0.32724	0.03376	0.04815	0.06829	0.01401	0.01128	0.02817	0.00520	0.00171	0.00507	0.00449	0.00439	0.00714
3	0.56085	0.01062	0.00951	0.02212	0.01172	0.02587	0.00674	0.11467	0.01183	0.08162	0.01107	0.03426	0.02570	0.00592	0.00432	0.00165	0.02624	0.00398	0.02499	0.00633
4	0.01627	0.01233	0.01359	0.01084	0.01426	0.04568	0.04312	0.37987	0.11847	0.05893	0.02998	0.01647	0.01191	0.06276	0.00661	0.00178	0.00528	0.00518	0.08922	0.05744
5	0.01180	0.01098	0.01675	0.07760	0.04703	0.04661	0.19665	0.10425	0.03495	0.01768	0.06312	0.14104	0.01569	0.02522	0.03826	0.00214	0.09758	0.00710	0.03925	0.00629
6	0.01333	0.01290	0.02041	0.08728	0.65664	0.04573	0.01552	0.03688	0.02863	0.01735	0.01015	0.01314	0.00839	0.00488	0.00522	0.00158	0.00642	0.00468	0.00273	0.00811
7	0.01413	0.81739	0.02770	0.00905	0.01357	0.02092	0.00905	0.01583	0.01074	0.01244	0.00735	0.00848	0.00678	0.00452	0.00339	0.00113	0.00565	0.00283	0.00226	0.00678
8	0.00655	0.00483	0.00618	0.00714	0.00775	0.00439	0.00484	0.00756	0.01037	0.01369	0.03139	0.69949	0.12039	0.01583	0.00661	0.00207	0.00305	0.01423	0.00486	0.02878
9	0.00930	0.00465	0.00654	0.00654	0.00676	0.00465	0.00443	0.00785	0.00763	0.01105	0.01061	0.01671	0.00996	0.01620	0.01766	0.69654	0.00421	0.00465	0.15129	0.00276
10	0.01076	0.00610	0.00777	0.00761	0.00888	0.00576	0.00539	0.04497	0.01154	0.16665	0.05478	0.40018	0.05264	0.16261	0.02667	0.00268	0.00405	0.01073	0.00492	0.00527
11	0.01353	0.00692	0.00889	0.00769	0.01009	0.00623	0.00601	0.01608	0.04341	0.30557	0.31536	0.07576	0.14295	0.00978	0.00589	0.00170	0.00337	0.00838	0.00589	0.00650
12	0.01154	0.00771	0.00919	0.00793	0.01011	0.00762	0.00620	0.16071	0.03252	0.09371	0.45762	0.03239	0.10377	0.00959	0.00589	0.00165	0.00339	0.00819	0.02410	0.00617
13	0.01120	0.01078	0.01857	0.51017	0.16713	0.01246	0.09677	0.03590	0.01131	0.01508	0.00959	0.01375	0.00744	0.00535	0.00607	0.00176	0.05275	0.00487	0.00252	0.00654
14	0.02995	0.11493	0.42718	0.01589	0.04345	0.04676	0.16615	0.01717	0.04094	0.01640	0.00980	0.01174	0.00738	0.00504	0.00533	0.00163	0.02600	0.00433	0.00250	0.00743
15	0.85155	0.01022	0.00777	0.00695	0.01022	0.01186	0.00573	0.01554	0.00900	0.02372	0.00736	0.00859	0.00573	0.00491	0.00327	0.00164	0.00409	0.00286	0.00327	0.00573
16	0.01956	0.01440	0.01541	0.01191	0.01601	0.01595	0.00981	0.71635	0.05050	0.03254	0.01313	0.01314	0.00937	0.00637	0.00525	0.00158	0.00566	0.00481	0.02940	0.00885
17	0.00721	0.00508	0.00646	0.00689	0.00782	0.00462	0.00487	0.00869	0.01200	0.03796	0.25263	0.43855	0.15946	0.01407	0.00648	0.00193	0.00288	0.01252	0.00522	0.00466
18	0.01919	0.01048	0.01304	0.01028	0.01383	0.05175	0.03991	0.11152	0.03071	0.43958	0.12010	0.01913	0.01661	0.00696	0.00586	0.00162	0.03585	0.00565	0.00559	0.04235
19	0.01305	0.57549	0.26014	0.01089	0.01642	0.01827	0.01226	0.01611	0.01087	0.01376	0.00800	0.00930	0.00676	0.00468	0.00389	0.00130	0.00631	0.00316	0.00225	0.00710
20	0.00733	0.00530	0.00692	0.00671	0.00785	0.00489	0.00496	0.00960	0.01430	0.02010	0.67039	0.13524	0.06339	0.01157	0.00630	0.00173	0.00257	0.01027	0.00569	0.00489
21	0.01281	0.52081	0.31267	0.01131	0.01706	0.01767	0.01298	0.01617	0.01090	0.01405	0.00815	0.00949	0.00675	0.00471	0.00400	0.00133	0.00646	0.00323	0.00225	0.00717
22	0.01667	0.01216	0.01308	0.01070	0.01394	0.03400	0.00855	0.49773	0.03348	0.06692	0.03977	0.16665	0.04524	0.00869	0.00562	0.00170	0.00508	0.00711	0.00521	0.00772
23	0.02257	0.00984	0.01268	0.00979	0.01381	0.00912	0.00806	0.13295	0.03820	0.63846	0.03473	0.01770	0.01331	0.00662	0.00533	0.00163	0.00464	0.00534	0.00631	0.00890
24	0.00644	0.00460	0.00613	0.00736	0.00767	0.00429	0.00491	0.00736	0.01012	0.01350	0.02914	0.81076	0.03497	0.01656	0.00675	0.00215	0.00307	0.01503	0.00491	0.00429
25	0.01874	0.00946	0.01138	0.00941	0.01265	0.03849	0.00749	0.08079	0.08801	0.46332	0.05418	0.12712	0.03827	0.00828	0.00556	0.00171	0.00444	0.00692	0.00589	0.00789
26	0.01038	0.00739	0.00960	0.00882	0.01039	0.00746	0.04382	0.11588	0.02647	0.07171	0.05583	0.35642	0.10310	0.10563	0.00908	0.00230	0.03513	0.01041	0.00471	0.00548
27	0.00652	0.00468	0.00622	0.00741	0.00779	0.00437	0.00504	0.00752	0.01026	0.01361	0.02970	0.75974	0.05352	0.01640	0.00676	0.00215	0.00313	0.04593	0.00491	0.00432
28	0.01308	0.01256	0.02146	0.03245	0.78123	0.01256	0.01622	0.01622	0.01204	0.01727	0.00994	0.01308	0.00837	0.00471	0.00523	0.00157	0.00628	0.00471	0.00262	0.00837
29	0.01287	0.01234	0.02106	0.08661	0.72878	0.01250	0.01612	0.01603	0.01193	0.01701	0.00991	0.01316	0.00828	0.00475	0.00524	0.00158	0.00633	0.00471	0.00260	0.00820
30	0.01805	0.01822	0.01520	0.01323	0.03764	0.36312	0.03896	0.24346	0.04337	0.03550	0.01102	0.01217	0.00853	0.00600	0.00561	0.00151	0.04948	0.00427	0.06757	0.00712
31	0.78399	0.01144	0.00836	0.00749	0.01072	0.07530	0.00609	0.01599	0.00948	0.02284	0.00743	0.00866	0.00581	0.00495	0.00339	0.00161	0.00453	0.00291	0.00323	0.00576
32	0.83352	0.01032	0.00795	0.00707	0.01036	0.01196	0.00582	0.03177	0.00934	0.02393	0.00748	0.00868	0.00580	0.00494	0.00332	0.00163	0.00413	0.00290	0.00332	0.00580
33	0.01935	0.04201	0.01511	0.01324	0.01608	0.70908	0.01004	0.06758	0.01544	0.01424	0.00944	0.01062	0.02400	0.00566	0.00480	0.00138	0.00906	0.00365	0.00292	0.00629
34	0.00643	0.00535	0.00561	0.00558	0.00726	0.00453	0.00417	0.00792	0.01242	0.01524	0.15559	0.06605	0.65947	0.01309	0.00626	0.00178	0.00266	0.01102	0.00504	0.00453
35	0.01793	0.28162	0.01910	0.01214	0.01545	0.54307	0.00984	0.01940	0.01361	0.01278	0.00791	0.00919	0.00680	0.00515	0.00432	0.00129	0.00828	0.00322	0.00257	0.00634
36	0.12880	0.01054	0.04114	0.00954	0.01266	0.01039	0.00784	0.24221	0.03777	0.18638	0.05050	0.16428	0.01656	0.03237	0.02318	0.00197	0.00484	0.00685	0.00501	0.00718
37	0.01010	0.00952	0.01607	0.77168	0.06530	0.01178	0.01474	0.01361	0.01063	0.01365	0.00942	0.01406	0.00710	0.00526	0.00528	0.00175	0.00702	0.00470	0.00236	0.00597
38	0.01976	0.02475	0.01502	0.01356	0.01635	0.76003	0.01021	0.05262	0.01540	0.01380	0.00836	0.00967	0.00690	0.00549	0.00479	0.00137	0.00938	0.00346	0.00283	0.00625
39	0.01656	0.02703	0.01168	0.00945	0.01266	0.00956	0.00770	0.13124	0.14547	0.30461	0.11229	0.02541	0.06808	0.00817	0.00559	0.00171	0.00433	0.06955	0.00567	0.02323
40	0.00818	0.00550	0.00635	0.00621	0.00649	0.00566	0.00382	0.02575	0.00863	0.01197	0.04284	0.03197	0.01907	0.65023	0.07127	0.00482	0.02029	0.00732	0.05999	0.00366
41	0.85155	0.01022	0.00777	0.00695	0.01022	0.01186	0.00573	0.01554	0.00900	0.02372	0.00736	0.00859	0.00573	0.00491	0.00327	0.00164	0.00409	0.00286	0.00327	0.00573
42	0.00810	0.00560	0.00715	0.00777	0.00856	0.00541	0.00541	0.06945	0.01171	0.03769	0.06632	0.68324	0.03300	0.01515	0.00656	0.00206	0.00330	0.01363	0.00503	0.00485
43	0.03468	0.01136	0.01190	0.01057	0.01359	0.01307	0.00826	0.08240	0.66999	0.02291	0.02035	0.01892	0.01525	0.00702	0.00526	0.00175	0.00424	0.00577	0.03447	0.00823
44	0.01368	0.00903	0.01099	0.00817	0.01247	0.00706	0.00654	0.01588	0.01189	0.19657	0.01322	0.05885	0.01063	0.00526	0.00441	0.00106	0.00400	0.00433	0.00403	0.60194
45	0.00644	0.00460	0.00613	0.00736	0.00767	0.00429	0.00491	0.00736	0.01012	0.01350	0.02914	0.81076	0.03497	0.01656	0.00675	0.00215	0.00307	0.01503	0.00491	0.00429
46	0.01157	0.01157	0.01619	0.01388	0.01388	0.01619	0.01157	0.01272	0.00810	0.01272	0.00694	0.01157	0.00694	0.00925	0.01735	0.00231	0.80453	0.00463	0.00231	0.00578
47	0.00660	0.00545	0.00574	0.00581	0.00743	0.00470	0.00429	0.02296	0.01216	0.01482	0.07613	0.15226	0.63618	0.01358	0.00630	0.00183	0.00279	0.01149	0.00495	0.00455
48	0.02372	0.00900	0.01227	0.00941	0.01350	0.00777	0.00777	0.02576	0.01513	0.78489	0.02086	0.01799	0.01309	0.00654	0.00532	0.00164	0.00450	0.00532	0.00654	0.00900
49	0.01266	0.01007	0.01088	0.00971	0.01250	0.01116	0.00756	0.04973	0.54051	0.06572	0.10026	0.02486	0.10506	0.00817	0.00556	0.00176	0.00392	0.00684	0.00543	0.00765
50	0.00918	0.00459	0.00689	0.00689	0.00689	0.00459	0.00459	0.00689	0.00689	0.00918	0.00918	0.01607	0.00918	0.01837	0.02066	0.84619	0.00459	0.00459	0.00230	0.00230
51	0.00998	0.00940	0.01586	0.80150	0.03641	0.01175	0.01468	0.01351	0.01057	0.01351	0.00940	0.01409	0.00705	0.00529	0.00529	0.00176	0.00705	0.00470	0.00235	0.00587
52	0.01975	0.02520	0.01498	0.01362	0.01634	0.79299	0.01021	0.02111	0.01498	0.01294	0.00817	0.00953	0.00681	0.00545	0.00477	0.00136	0.00953	0.00340	0.00272	0.00613
53	0.01228	0.01278	0.01639	0.01403	0.01437	0.08234	0.02665	0.01352	0.00877	0.01283	0.00712	0.01145	0.00695	0.00883	0.01605	0.00222	0.72067	0.00455	0.00236	0.00584
54	0.00651	0.00519	0.00585	0.00606	0.00740	0.00452	0.00440	0.00796	0.01212	0.01534	0.17765	0.22812	0.47289	0.01368	0.00636	0.00185	0.00274	0.01178	0.00507	0.00452
55	0.01135	0.00938	0.01100	0.00788	0.01256	0.00707	0.00631	0.01369	0.01109	0.04064	0.00975	0.01118	0.00799	0.00400	0.00396	0.00081	0.00393	0.00320	0.00324	0.82099
56	0.00638	0.00536	0.00554	0.00549	0.00722	0.00452	0.00412	0.00784	0.01236	0.01501	0.12974	0.04968	0.70245	0.01312	0.00625	0.00177	0.00266	0.01099	0.00500	0.00452
57	0.00736	0.00540	0.00690	0.00652	0.00782	0.00494	0.00489	0.00974	0.01468	0.02052	0.70699	0.04061	0.12176	0.01106	0.00624	0.00167	0.00251	0.00972	0.00573	0.00494
58	0.01071	0.01013	0.01716	0.62231	0.20996	0.01194	0.01504	0.01414	0.01091	0.01438	0.00952	0.01386	0.00736	0.00515	0.00527	0.00172	0.00687	0.00470	0.00241	0.00646
59	0.01008	0.00949	0.01603	0.77805	0.05912	0.01177	0.01473	0.01359	0.01062	0.01362	0.00941	0.01406	0.00709	0.00527	0.00528	0.00176	0.00702	0.00470	0.00236	0.00595
60	0.00644	0.00460	0.00613	0.00736	0.00767	0.00429	0.00491	0.00736	0.01012	0.01350	0.02914	0.81076	0.03497	0.01656	0.00675	0.00215	0.00307	0.01503	0.00491	0.00429
61	0.00644	0.00460	0.00613	0.00736	0.00767	0.00429	0.00491	0.00736	0.01012	0.01350	0.02914	0.81076	0.03497	0.01656	0.00675	0.00215	0.00307	0.01503	0.00491	0.00429
62	0.02076	0.10405	0.08674	0.00984	0.01425	0.00976	0.00895	0.02342	0.03128	0.58934	0.01896	0.01701	0.02859	0.00633	0.00509	0.00159	0.00490	0.00504	0.00558	0.00852
63	0.02359	0.00920	0.01239	0.00950	0.01360	0.00807	0.00785	0.05150	0.01547	0.75868	0.02057	0.01781	0.01294	0.00654	0.00532	0.00163	0.00454	0.00530	0.00650	0.00900
64	0.85155	0.01022	0.00777	0.00695	0.01022	0.01186	0.00573	0.01554	0.00900	0.02372	0.00736	0.00859	0.00573	0.00491	0.00327	0.00164	0.00409	0.00286	0.00327	0.00573
65	0.02364	0.00913	0.01235	0.00947	0.01356	0.00796	0.00782	0.04225	0.01535	0.76810	0.02067	0.01788	0.01299	0.00654	0.00532	0.00163	0.00453	0.00530	0.00652	0.00900
66	0.01451	0.76381	0.02684	0.00936	0.01376	0.07313	0.00912	0.01619	0.01103	0.01247	0.00741	0.00855	0.00679	0.00459	0.00349	0.00115	0.00592	0.00287	0.00229	0.00674
67	0.01096	0.00940	0.01096	0.00783	0.01253	0.00705	0.00626	0.01331	0.01096	0.01723	0.00940	0.01096	0.00783	0.00392	0.00392	0.00078	0.00392	0.00313	0.00313	0.84653
68	0.01530	0.65291	0.02506	0.01000	0.01414	0.18122	0.00929	0.01693	0.01162	0.01254	0.00752	0.00870	0.00679	0.00471	0.00368	0.00118	0.00646	0.00295	0.00236	0.00665
69	0.02317	0.00902	0.01220	0.00939	0.01340	0.00788	0.00774	0.04153	0.01534	0.74628	0.04260	0.01850	0.01406	0.00666	0.00534	0.00164	0.00447	0.00543	0.00649	0.00888
70	0.00998	0.00940	0.01586	0.80150	0.03641	0.01175	0.01468	0.01351	0.01057	0.01351	0.00940	0.01409	0.00705	0.00529	0.00529	0.00176	0.00705	0.00470	0.00235	0.00587
71	0.01413	0.81739	0.02770	0.00905	0.01357	0.02092	0.00905	0.01583	0.01074	0.01244	0.00735	0.00848	0.00678	0.00452	0.00339	0.00113	0.00565	0.00283	0.00226	0.00678
72	0.82718	0.01006	0.00774	0.00695	0.01013	0.01165	0.00569	0.01529	0.00894	0.02330	0.00741	0.00880	0.00583	0.00530	0.00377	0.02607	0.00410	0.00291	0.00324	0.00563
73	0.01060	0.02735	0.78682	0.01507	0.02288	0.01228	0.01953	0.01674	0.01116	0.01674	0.00949	0.01116	0.00670	0.00502	0.00502	0.00167	0.00781	0.00391	0.00223	0.00781
74	0.02010	0.01481	0.01587	0.01216	0.01639	0.01639	0.01005	0.76360	0.02486	0.03332	0.01269	0.01269	0.00899	0.00635	0.00529	0.00159	0.00582	0.00476	0.00529	0.00899
75	0.85155	0.01022	0.00777	0.00695	0.01022	0.01186	0.00573	0.01554	0.00900	0.02372	0.00736	0.00859	0.00573	0.00491	0.00327	0.00164	0.00409	0.00286	0.00327	0.00573
76	0.00918	0.00459	0.00689	0.00689	0.00689	0.00459	0.00459	0.00689	0.00689	0.00918	0.00918	0.01607	0.00918	0.01837	0.02066	0.84619	0.00459	0.00459	0.00230	0.00230
77	0.04862	0.01441	0.01532	0.01189	0.01600	0.01602	0.00978	0.68746	0.07513	0.03222	0.01311	0.01303	0.00936	0.00635	0.00522	0.00160	0.00565	0.00478	0.00522	0.00883
78	0.01987	0.01459	0.01563	0.01201	0.01617	0.01614	0.00991	0.74716	0.02455	0.03302	0.01279	0.01285	0.00909	0.00634	0.00525	0.00158	0.00574	0.00476	0.02363	0.00890
79	0.00644	0.00460	0.00613	0.00736	0.00767	0.00429	0.00491	0.00736	0.01012	0.01350	0.02914	0.81076	0.03497	0.01656	0.00675	0.00215	0.00307	0.01503	0.00491	0.00429
80	0.01157	0.01157	0.01619	0.01388	0.01388	0.01619	0.01157	0.01272	0.00810	0.01272	0.00694	0.01157	0.00694	0.00925	0.01735	0.00231	0.80453	0.00463	0.00231	0.00578
81	0.00998	0.00940	0.01586	0.80150	0.03641	0.01175	0.01468	0.01351	0.01057	0.01351	0.00940	0.01409	0.00705	0.00529	0.00529	0.00176	0.00705	0.00470	0.00235	0.00587
82	0.02372	0.00900	0.01227	0.00941	0.01350	0.00777	0.00777	0.02576	0.01513	0.78489	0.02086	0.01799	0.01309	0.00654	0.00532	0.00164	0.00450	0.00532	0.00654	0.00900
83	0.00660	0.00469	0.00620	0.00736	0.00768	0.00441	0.00495	0.00752	0.01006	0.01339	0.02835	0.73568	0.03386	0.06369	0.00796	0.00233	0.00326	0.04295	0.00481	0.00425
84	0.01157	0.01157	0.01619	0.01388	0.01388	0.01619	0.01157	0.01272	0.00810	0.01272	0.00694	0.01157	0.00694	0.00925	0.01735	0.00231	0.80453	0.00463	0.00231	0.00578
85	0.00769	0.00513	0.00577	0.00577	0.00577	0.00513	0.00320	0.00769	0.00769	0.01025	0.01666	0.03460	0.01922	0.81421	0.02691	0.00513	0.00513	0.00769	0.00320	0.00320
86	0.82254	0.01075	0.00802	0.00718	0.01044	0.03910	0.00588	0.01573	0.00921	0.02334	0.00739	0.00862	0.00576	0.00493	0.00332	0.00163	0.00428	0.00288	0.00325	0.00574
87	0.01145	0.01139	0.01597	0.01372	0.01375	0.01591	0.01142	0.01263	0.00811	0.01271	0.00715	0.01183	0.00712	0.01014	0.03989	0.00249	0.78157	0.00466	0.00233	0.00575
88	0.00644	0.00460	0.00613	0.00736	0.00767	0.00429	0.00491	0.00736	0.01012	0.01350	0.02914	0.81076	0.03497	0.01656	0.00675	0.00215	0.00307	0.01503	0.00491	0.00429
89	0.02140	0.00855	0.01126	0.00886	0.01252	0.00761	0.00725	0.02405	0.04669	0.64924	0.02040	0.01830	0.01328	0.00652	0.00510	0.00159	0.00421	0.00529	0.11948	0.00842
90	0.00785	0.00552	0.00697	0.00653	0.00797	0.00500	0.00492	0.01013	0.01449	0.04693	0.63131	0.04063	0.16978	0.01109	0.00620	0.00168	0.00260	0.00968	0.00569	0.00504
91	0.02372	0.00900	0.01227	0.00941	0.01350	0.00777	0.00777	0.02576	0.01513	0.78489	0.02086	0.01799	0.01309	0.00654	0.00532	0.00164	0.00450	0.00532	0.00654	0.00900
92	0.21173	0.01328	0.01348	0.01062	0.01449	0.01481	0.00875	0.55534	0.02054	0.03046	0.01168	0.01207	0.00845	0.00600	0.00475	0.00158	0.00526	0.00433	0.04434	0.00804
93	0.00742	0.00551	0.00660	0.00634	0.00778	0.00498	0.00472	0.00960	0.02660	0.03156	0.46127	0.07235	0.28988	0.03368	0.00679	0.00182	0.00271	0.01012	0.00541	0.00487
94	0.00644	0.00460	0.00613	0.00736	0.00767	0.00429	0.00491	0.00736	0.01012	0.01350	0.02914	0.81076	0.03497	0.01656	0.00675	0.00215	0.00307	0.01503	0.00491	0.00429
95	0.00641	0.00474	0.00599	0.00700	0.00757	0.00432	0.00475	0.00740	0.01047	0.01364	0.03356	0.67328	0.16959	0.01599	0.00666	0.00208	0.00300	0.01433	0.00491	0.00432
96	0.01252	0.08877	0.08059	0.02081	0.04213	0.01397	0.62795	0.01680	0.01222	0.01652	0.01029	0.01350	0.00783	0.00451	0.00588	0.00171	0.00848	0.00574	0.00261	0.00717
97	0.01650	0.01160	0.03502	0.01020	0.01318	0.01208	0.00826	0.40077	0.01775	0.12070	0.01443	0.01866	0.01191	0.19556	0.01094	0.00245	0.04881	0.00549	0.03842	0.00726
98	0.79531	0.01064	0.02479	0.03020	0.01136	0.01194	0.00635	0.02803	0.00935	0.02344	0.00755	0.00887	0.00584	0.00494	0.00340	0.00164	0.00428	0.00297	0.00326	0.00583
99	0.04861	0.00896	0.01202	0.00927	0.01327	0.00783	0.00765	0.02511	0.01494	0.74499	0.03701	0.01818	0.01367	0.00659	0.00527	0.00164	0.00444	0.00533	0.00643	0.00881
100	0.01963	0.01441	0.01545	0.01192	0.01602	0.01593	0.00982	0.73386	0.02430	0.03268	0.01307	0.02632	0.00953	0.00651	0.00528	0.00159	0.00570	0.00494	0.02423	0.00882
101	0.00715	0.00550	0.00638	0.00667	0.00780	0.00506	0.00468	0.02491	0.03315	0.01476	0.08607	0.36015	0.29598	0.08744	0.00825	0.00221	0.00319	0.01186	0.00479	0.02398
102	0.01360	0.01130	0.01161	0.01032	0.01324	0.04711	0.00804	0.05483	0.57874	0.06448	0.06512	0.02180	0.06119	0.00759	0.00544	0.00175	0.00433	0.00628	0.00532	0.00791
103	0.00722	0.00507	0.00649	0.00736	0.00801	0.00474	0.00504	0.02978	0.01084	0.03197	0.03073	0.69891	0.10259	0.01574	0.00663	0.00209	0.00314	0.01415	0.00496	0.00455
104	0.01060	0.02735	0.78682	0.01507	0.02288	0.01228	0.01953	0.01674	0.01116	0.01674	0.00949	0.01116	0.00670	0.00502	0.00502	0.00167	0.00781	0.00391	0.00223	0.00781
105	0.01413	0.81739	0.02770	0.00905	0.01357	0.02092	0.00905	0.01583	0.01074	0.01244	0.00735	0.00848	0.00678	0.00452	0.00339	0.00113	0.00565	0.00283	0.00226	0.00678
106	0.01577	0.01215	0.01296	0.01061	0.01401	0.01337	0.00850	0.41095	0.24189	0.02663	0.01945	0.03287	0.08255	0.03082	0.00599	0.00175	0.00487	0.00593	0.02215	0.02677
107	0.01302	0.01249	0.02134	0.04888	0.76532	0.01254	0.01619	0.01617	0.01201	0.01719	0.00993	0.01311	0.00835	0.00472	0.00523	0.00157	0.00630	0.00471	0.00261	0.00832
108	0.21454	0.01057	0.01100	0.03329	0.01281	0.01177	0.00757	0.33276	0.01615	0.02514	0.01342	0.07888	0.01127	0.00958	0.07078	0.00218	0.00545	0.00525	0.12079	0.00681
109	0.00998	0.00940	0.01586	0.80150	0.03641	0.01175	0.01468	0.01351	0.01057	0.01351	0.00940	0.01409	0.00705	0.00529	0.00529	0.00176	0.00705	0.00470	0.00235	0.00587
110	0.01175	0.01007	0.01069	0.00977	0.01245	0.01134	0.00760	0.02378	0.60544	0.02058	0.04692	0.02579	0.13071	0.00904	0.02216	0.00194	0.00414	0.02302	0.00526	0.00754
111	0.01096	0.00940	0.01096	0.00783	0.01253	0.00705	0.00626	0.01331	0.01096	0.01723	0.00940	0.01096	0.00783	0.00392	0.00392	0.00078	0.00392	0.00313	0.00313	0.84653
112	0.02363	0.00564	0.00656	0.00631	0.00783	0.00516	0.00474	0.00968	0.03672	0.01850	0.45057	0.05980	0.32230	0.01168	0.00617	0.00172	0.00266	0.01004	0.00539	0.00489
113	0.01413	0.81739	0.02770	0.00905	0.01357	0.02092	0.00905	0.01583	0.01074	0.01244	0.00735	0.00848	0.00678	0.00452	0.00339	0.00113	0.00565	0.00283	0.00226	0.00678
114	0.00644	0.00460	0.00613	0.00736	0.00767	0.00429	0.00491	0.00736	0.01012	0.01350	0.02914	0.81076	0.03497	0.01656	0.00675	0.00215	0.00307	0.01503	0.00491	0.00429
115	0.00680	0.00504	0.00637	0.00717	0.00787	0.00474	0.00495	0.00849	0.04044	0.01479	0.11648	0.60280	0.12410	0.01517	0.00658	0.00204	0.00300	0.01360	0.00503	0.00455
116	0.02010	0.01481	0.01587	0.01216	0.01639	0.01639	0.01005	0.76360	0.02486	0.03332	0.01269	0.01269	0.00899	0.00635	0.00529	0.00159	0.00582	0.00476	0.00529	0.00899
117	0.80509	0.00993	0.00761	0.00684	0.01000	0.01148	0.00561	0.01536	0.00911	0.02350	0.00791	0.00920	0.00616	0.00498	0.00329	0.00161	0.00400	0.00298	0.04966	0.00568
118	0.01152	0.00995	0.01124	0.00818	0.01277	0.02259	0.00653	0.04030	0.03354	0.01785	0.00984	0.01125	0.00809	0.00412	0.00402	0.00085	0.00410	0.00328	0.00327	0.77671
119	0.00775	0.04659	0.00805	0.00682	0.00817	0.00575	0.00519	0.01010	0.01442	0.02023	0.68866	0.09001	0.04668	0.01088	0.00613	0.00167	0.00269	0.00959	0.00558	0.00503
120	0.01256	0.00873	0.01114	0.01181	0.10792	0.00890	0.00778	0.20790	0.01444	0.08960	0.02044	0.35292	0.02127	0.08939	0.00801	0.00217	0.00452	0.00943	0.00470	0.00636
121	0.01249	0.01379	0.02927	0.02109	0.02614	0.01304	0.69157	0.04813	0.01288	0.01745	0.01172	0.05475	0.00943	0.00515	0.00622	0.00179	0.00848	0.00662	0.00290	0.00706
122	0.11119	0.00794	0.00933	0.00799	0.01055	0.00783	0.00632	0.06662	0.06904	0.21622	0.35617	0.02773	0.06437	0.00860	0.00553	0.00166	0.00354	0.00720	0.00560	0.00658
123	0.00934	0.00905	0.00780	0.00766	0.00910	0.15213	0.00553	0.01099	0.02905	0.01496	0.17394	0.17241	0.26902	0.09553	0.00820	0.00210	0.00428	0.00961	0.00451	0.00480
124	0.63210	0.01299	0.13126	0.00881	0.01277	0.01186	0.02515	0.04719	0.01013	0.02248	0.00884	0.04041	0.00720	0.00543	0.00383	0.00166	0.00482	0.00366	0.00324	0.00617
125	0.03173	0.17657	0.08918	0.01480	0.10552	0.30608	0.03285	0.10586	0.03124	0.01671	0.00991	0.01235	0.00828	0.00557	0.00475	0.00146	0.00740	0.02966	0.00302	0.00704

[dist]
# distance from previous block
# <min> <max>
2	5

[block]
# block no. 1 follows, 46 sequences, length 71
# corresponding to MSA columns:
# 196-266
name=unknown_B
#
# <colnr> <probs for GDERKNQSTAVLIFYWHMCP>
#	G	D	E	R	K	N	Q	S	T	A	V	L	I	F	Y	W	H	M	C	P
0	0.02077	0.00902	0.01182	0.00948	0.01311	0.00828	0.00776	0.05842	0.07365	0.59716	0.05525	0.04226	0.01625	0.00745	0.00550	0.00170	0.00443	0.04300	0.00623	0.00843
1	0.01298	0.01124	0.01244	0.01212	0.06310	0.01286	0.00888	0.02671	0.69519	0.02157	0.02101	0.02074	0.01616	0.00728	0.00544	0.00180	0.00434	0.03273	0.00518	0.00824
2	0.01060	0.02735	0.78682	0.01507	0.02288	0.01228	0.01953	0.01674	0.01116	0.01674	0.00949	0.01116	0.00670	0.00502	0.00502	0.00167	0.00781	0.00391	0.00223	0.00781
3	0.00734	0.00532	0.00693	0.00670	0.00786	0.00490	0.00496	0.00965	0.01439	0.02023	0.68273	0.12153	0.06465	0.01148	0.00629	0.00172	0.00256	0.01018	0.00570	0.00490
4	0.00761	0.00516	0.00609	0.00615	0.00626	0.00525	0.00366	0.00787	0.00789	0.01063	0.01696	0.06927	0.01928	0.69052	0.11152	0.00536	0.00604	0.00780	0.00324	0.00342
5	0.03959	0.01470	0.01568	0.01204	0.01625	0.01629	0.00995	0.74607	0.02448	0.03309	0.01257	0.01260	0.00891	0.00631	0.00524	0.00159	0.00578	0.00472	0.00524	0.00891
6	0.00918	0.00459	0.00689	0.00689	0.00689	0.00459	0.00459	0.00689	0.00689	0.00918	0.00918	0.01607	0.00918	0.01837	0.02066	0.84619	0.00459	0.00459	0.00230	0.00230
7	0.85155	0.01022	0.00777	0.00695	0.01022	0.01186	0.00573	0.01554	0.00900	0.02372	0.00736	0.00859	0.00573	0.00491	0.00327	0.00164	0.00409	0.00286	0.00327	0.00573
8	0.02001	0.01740	0.01564	0.01253	0.01638	0.21044	0.01009	0.57808	0.02239	0.02823	0.01156	0.01190	0.00845	0.00612	0.00516	0.00153	0.00675	0.00442	0.00465	0.00828
9	0.85155	0.01022	0.00777	0.00695	0.01022	0.01186	0.00573	0.01554	0.00900	0.02372	0.00736	0.00859	0.00573	0.00491	0.00327	0.00164	0.00409	0.00286	0.00327	0.00573
10	0.01670	0.00932	0.01128	0.00940	0.01255	0.00938	0.00750	0.07060	0.24933	0.33538	0.18476	0.02285	0.02174	0.00765	0.00553	0.00169	0.00405	0.00640	0.00595	0.00793
11	0.01975	0.02520	0.01498	0.01362	0.01634	0.79299	0.01021	0.02111	0.01498	0.01294	0.00817	0.00953	0.00681	0.00545	0.00477	0.00136	0.00953	0.00340	0.00272	0.00613
12	0.00755	0.00566	0.00850	0.00850	0.00944	0.00661	0.00661	0.00944	0.00850	0.01227	0.01416	0.02077	0.01322	0.03965	0.79326	0.00850	0.01416	0.00566	0.00283	0.00472
13	0.01248	0.01426	0.03119	0.02228	0.02763	0.01337	0.76203	0.01693	0.01248	0.01693	0.01070	0.01426	0.00802	0.00446	0.00624	0.00178	0.00891	0.00624	0.00267	0.00713
14	0.00644	0.00460	0.00613	0.00736	0.00767	0.00429	0.00491	0.00736	0.01012	0.01350	0.02914	0.81076	0.03497	0.01656	0.00675	0.00215	0.00307	0.01503	0.00491	0.00429
15	0.85155	0.01022	0.00777	0.00695	0.01022	0.01186	0.00573	0.01554	0.00900	0.02372	0.00736	0.00859	0.00573	0.00491	0.00327	0.00164	0.00409	0.00286	0.00327	0.00573
16	0.01270	0.01097	0.01153	0.01041	0.01332	0.01259	0.00809	0.02677	0.72274	0.02161	0.02358	0.02173	0.06530	0.00757	0.00544	0.00179	0.00409	0.00631	0.00535	0.00812
17	0.85155	0.01022	0.00777	0.00695	0.01022	0.01186	0.00573	0.01554	0.00900	0.02372	0.00736	0.00859	0.00573	0.00491	0.00327	0.00164	0.00409	0.00286	0.00327	0.00573
18	0.01899	0.02361	0.01463	0.01329	0.01605	0.70354	0.01000	0.02191	0.10177	0.01399	0.00970	0.01070	0.00788	0.00565	0.00484	0.00141	0.00892	0.00370	0.00303	0.00639
19	0.02119	0.01043	0.04365	0.01106	0.01533	0.00896	0.08603	0.02470	0.07717	0.61353	0.01943	0.01749	0.01257	0.00632	0.00541	0.00167	0.00505	0.00541	0.00588	0.00871
20	0.10797	0.04461	0.01544	0.01267	0.01327	0.01563	0.01061	0.01316	0.00838	0.01414	0.00725	0.01129	0.00695	0.00849	0.01484	0.00216	0.66081	0.00436	0.02219	0.00580
21	0.00639	0.00531	0.00559	0.00563	0.00726	0.00450	0.00418	0.00782	0.01221	0.01494	0.12654	0.10424	0.65050	0.01335	0.00628	0.00180	0.00269	0.01127	0.00500	0.00450
22	0.01209	0.01364	0.02958	0.02132	0.02634	0.01278	0.71325	0.01632	0.01233	0.01671	0.01188	0.06558	0.00976	0.00524	0.00627	0.00181	0.00854	0.00681	0.00282	0.00695
23	0.01273	0.01220	0.02082	0.12065	0.69581	0.01247	0.01605	0.01591	0.01187	0.01684	0.00988	0.01320	0.00822	0.00478	0.00524	0.00159	0.00637	0.00471	0.00259	0.00809
24	0.00654	0.00472	0.00619	0.00718	0.00767	0.00438	0.00487	0.00765	0.01074	0.01436	0.11035	0.69024	0.07396	0.01579	0.00667	0.00208	0.00299	0.01425	0.00500	0.00438
25	0.01096	0.00940	0.01096	0.00783	0.01253	0.00705	0.00626	0.01331	0.01096	0.01723	0.00940	0.01096	0.00783	0.00392	0.00392	0.00078	0.00392	0.00313	0.00313	0.84653
26	0.14723	0.00605	0.00586	0.00554	0.00729	0.00623	0.00429	0.01371	0.01101	0.06966	0.01588	0.01780	0.01225	0.00598	0.00373	0.00132	0.00286	0.00462	0.65337	0.00532
27	0.01233	0.01179	0.02009	0.22062	0.59899	0.01236	0.01585	0.01556	0.01168	0.01635	0.00981	0.01333	0.00805	0.00485	0.00525	0.00162	0.00647	0.00471	0.00255	0.00776
28	0.00732	0.00531	0.00690	0.00667	0.00784	0.00489	0.00494	0.00960	0.01432	0.02008	0.66760	0.12345	0.07817	0.01154	0.00629	0.00172	0.00256	0.01022	0.00568	0.00489
29	0.01391	0.76624	0.07685	0.00944	0.01417	0.02036	0.00972	0.01589	0.01077	0.01272	0.00749	0.00865	0.00678	0.00456	0.00350	0.00117	0.00579	0.00290	0.00226	0.00685
30	0.01975	0.01195	0.01365	0.01079	0.01467	0.01259	0.00881	0.35529	0.16471	0.28529	0.01726	0.01600	0.01185	0.00657	0.00528	0.00163	0.00498	0.00519	0.02497	0.00878
31	0.00649	0.00462	0.00612	0.00729	0.00759	0.00433	0.00484	0.00737	0.01002	0.01336	0.02862	0.77836	0.03431	0.04986	0.00759	0.00227	0.00315	0.01472	0.00484	0.00425
32	0.04441	0.01303	0.01888	0.01533	0.01675	0.07010	0.16584	0.01429	0.00952	0.01403	0.00782	0.01186	0.00711	0.00783	0.01364	0.00211	0.55413	0.00481	0.00245	0.00608
33	0.74132	0.04448	0.00928	0.00759	0.01092	0.05168	0.00626	0.04629	0.01002	0.02310	0.00762	0.00880	0.00596	0.00498	0.00343	0.00160	0.00450	0.00297	0.00328	0.00592
34	0.01581	0.01136	0.01220	0.00997	0.01306	0.01237	0.00798	0.47400	0.06335	0.02718	0.01748	0.09026	0.04872	0.02486	0.00567	0.00168	0.00475	0.00617	0.14563	0.00751
35	0.00910	0.09915	0.01005	0.00798	0.02485	0.00806	0.00585	0.04681	0.01064	0.01459	0.10865	0.09972	0.05420	0.22249	0.19050	0.00408	0.02198	0.00732	0.04911	0.00487
36	0.00663	0.00566	0.00575	0.00573	0.00755	0.00491	0.00434	0.00863	0.04750	0.01469	0.05137	0.04966	0.72335	0.01313	0.00624	0.00180	0.00281	0.03067	0.00493	0.00466
37	0.01266	0.01198	0.01994	0.04520	0.67781	0.01209	0.01507	0.01636	0.05038	0.01769	0.06003	0.01514	0.01141	0.00524	0.00531	0.00159	0.00595	0.00509	0.00296	0.00811
38	0.00977	0.00760	0.00913	0.00876	0.01040	0.00791	0.02396	0.12341	0.13649	0.01787	0.02680	0.39473	0.11340	0.03547	0.04631	0.00235	0.00436	0.01070	0.00484	0.00573
39	0.00731	0.00553	0.00676	0.00643	0.00785	0.00505	0.00483	0.00982	0.03218	0.01952	0.58242	0.04182	0.22823	0.01136	0.00622	0.00170	0.00258	0.00987	0.00559	0.00494
40	0.04808	0.01255	0.01430	0.01100	0.01514	0.01312	0.00908	0.47170	0.02082	0.30591	0.01549	0.01449	0.01037	0.00637	0.00523	0.00161	0.00528	0.00490	0.00568	0.00889
41	0.02346	0.00941	0.01252	0.00960	0.01370	0.00838	0.00793	0.07819	0.01582	0.73149	0.02028	0.01762	0.01280	0.00653	0.00531	0.00163	0.00459	0.00528	0.00645	0.00900
42	0.05437	0.01060	0.01306	0.01005	0.01414	0.01023	0.00830	0.22250	0.01749	0.55503	0.01816	0.01622	0.01171	0.00643	0.00523	0.00162	0.00484	0.00507	0.00608	0.00887
43	0.01308	0.01256	0.02146	0.03245	0.78123	0.01256	0.01622	0.01622	0.01204	0.01727	0.00994	0.01308	0.00837	0.00471	0.00523	0.00157	0.00628	0.00471	0.00262	0.00837
44	0.00769	0.00513	0.00577	0.00577	0.00577	0.00513	0.00320	0.00769	0.00769	0.01025	0.01666	0.03460	0.01922	0.81421	0.02691	0.00513	0.00513	0.00769	0.00320	0.00320
45	0.01157	0.01157	0.01619	0.01388	0.01388	0.01619	0.01157	0.01272	0.00810	0.01272	0.00694	0.01157	0.00694	0.00925	0.01735	0.00231	0.80453	0.00463	0.00231	0.00578
46	0.02010	0.01481	0.01587	0.01216	0.01639	0.01639	0.01005	0.76360	0.02486	0.03332	0.01269	0.01269	0.00899	0.00635	0.00529	0.00159	0.00582	0.00476	0.00529	0.00899
47	0.00979	0.00591	0.00771	0.00701	0.00868	0.00535	0.00534	0.01210	0.01466	0.13416	0.59773	0.06172	0.08815	0.01051	0.00612	0.00168	0.00282	0.00920	0.00584	0.00553
48	0.02343	0.00945	0.01255	0.00962	0.01372	0.00845	0.00795	0.08386	0.01590	0.72571	0.02021	0.01758	0.01276	0.00653	0.00531	0.00163	0.00460	0.00527	0.00644	0.00900
49	0.00725	0.00530	0.00681	0.00663	0.00781	0.00486	0.00490	0.00945	0.01411	0.01965	0.62356	0.13787	0.10858	0.01175	0.00630	0.00173	0.00258	0.01038	0.00563	0.00486
50	0.16457	0.01238	0.01269	0.01057	0.01411	0.01397	0.00851	0.30181	0.33209	0.05107	0.01568	0.01506	0.01151	0.00644	0.00497	0.00168	0.00479	0.00495	0.00501	0.00815
51	0.03947	0.06778	0.01426	0.01024	0.01425	0.01177	0.00853	0.24857	0.07189	0.41736	0.01706	0.01568	0.01146	0.00692	0.01867	0.00171	0.00511	0.00497	0.00564	0.00865
52	0.01250	0.18048	0.01764	0.31315	0.05387	0.09312	0.01160	0.03138	0.06016	0.01450	0.01014	0.02965	0.00848	0.00602	0.00628	0.00163	0.10362	0.00448	0.03496	0.00634
53	0.85155	0.01022	0.00777	0.00695	0.01022	0.01186	0.00573	0.01554	0.00900	0.02372	0.00736	0.00859	0.00573	0.00491	0.00327	0.00164	0.00409	0.00286	0.00327	0.00573
54	0.01121	0.10608	0.62459	0.01595	0.07339	0.01322	0.05100	0.01662	0.01124	0.01635	0.00935	0.01116	0.00688	0.00493	0.00492	0.00162	0.00754	0.00395	0.00228	0.00772
55	0.00704	0.00506	0.00670	0.00714	0.00794	0.00472	0.00513	0.00879	0.01254	0.01730	0.38786	0.40371	0.04188	0.01371	0.00653	0.00193	0.00288	0.04913	0.00534	0.00466
56	0.00756	0.00564	0.00837	0.00837	0.00926	0.00654	0.00645	0.00936	0.00846	0.01218	0.01428	0.02143	0.01350	0.07674	0.75656	0.00833	0.01373	0.00576	0.00285	0.00465
57	0.01392	0.01174	0.01239	0.01091	0.01404	0.01351	0.00855	0.10980	0.68871	0.02336	0.02054	0.01894	0.01534	0.00708	0.00537	0.00177	0.00437	0.00584	0.00537	0.00844
58	0.00918	0.00459	0.00689	0.00689	0.00689	0.00459	0.00459	0.00689	0.00689	0.00918	0.00918	0.01607	0.00918	0.01837	0.02066	0.84619	0.00459	0.00459	0.00230	0.00230
59	0.85155	0.01022	0.00777	0.00695	0.01022	0.01186	0.00573	0.01554	0.00900	0.02372	0.00736	0.00859	0.00573	0.00491	0.00327	0.00164	0.00409	0.00286	0.00327	0.00573
60	0.00768	0.00516	0.00593	0.00593	0.00599	0.00522	0.00341	0.00779	0.00774	0.01037	0.01650	0.03375	0.01885	0.76689	0.07373	0.00533	0.00568	0.00756	0.00318	0.00330
61	0.85155	0.01022	0.00777	0.00695	0.01022	0.01186	0.00573	0.01554	0.00900	0.02372	0.00736	0.00859	0.00573	0.00491	0.00327	0.00164	0.00409	0.00286	0.00327	0.00573
62	0.00998	0.00940	0.01586	0.80150	0.03641	0.01175	0.01468	0.01351	0.01057	0.01351	0.00940	0.01409	0.00705	0.00529	0.00529	0.00176	0.00705	0.00470	0.00235	0.00587
63	0.85155	0.01022	0.00777	0.00695	0.01022	0.01186	0.00573	0.01554	0.00900	0.02372	0.00736	0.00859	0.00573	0.00491	0.00327	0.00164	0.00409	0.00286	0.00327	0.00573
64	0.85155	0.01022	0.00777	0.00695	0.01022	0.01186	0.00573	0.01554	0.00900	0.02372	0.00736	0.00859	0.00573	0.00491	0.00327	0.00164	0.00409	0.00286	0.00327	0.00573
65	0.00998	0.00940	0.01586	0.80150	0.03641	0.01175	0.01468	0.01351	0.01057	0.01351	0.00940	0.01409	0.00705	0.00529	0.00529	0.00176	0.00705	0.00470	0.00235	0.00587
66	0.00644	0.00460	0.00613	0.00736	0.00767	0.00429	0.00491	0.00736	0.01012	0.01350	0.02914	0.81076	0.03497	0.01656	0.00675	0.00215	0.00307	0.01503	0.00491	0.00429
67	0.85155	0.01022	0.00777	0.00695	0.01022	0.01186	0.00573	0.01554	0.00900	0.02372	0.00736	0.00859	0.00573	0.00491	0.00327	0.00164	0.00409	0.00286	0.00327	0.00573
68	0.01149	0.01149	0.01633	0.01393	0.01406	0.01591	0.02697	0.01273	0.00820	0.01280	0.00718	0.01183	0.00711	0.00985	0.03492	0.00244	0.76994	0.00468	0.00233	0.00579
69	0.01096	0.00940	0.01096	0.00783	0.01253	0.00705	0.00626	0.01331	0.01096	0.01723	0.00940	0.01096	0.00783	0.00392	0.00392	0.00078	0.00392	0.00313	0.00313	0.84653
70	0.01347	0.66981	0.16951	0.01017	0.01531	0.01930	0.01100	0.01600	0.01082	0.01324	0.00775	0.00898	0.00677	0.00462	0.00370	0.00123	0.00606	0.00303	0.00226	0.00698

[dist]
# distance from previous block
# <min> <max>
6	7

[block]
# block no. 2 follows, 46 sequences, length 9
# corresponding to MSA columns:
# 275-283
name=unknown_C
#
# <colnr> <probs for GDERKNQSTAVLIFYWHMCP>
#	G	D	E	R	K	N	Q	S	T	A	V	L	I	F	Y	W	H	M	C	P
0	0.01999	0.00883	0.01150	0.00921	0.01276	0.00814	0.00747	0.02390	0.12128	0.57205	0.12590	0.02121	0.01861	0.00722	0.00545	0.00166	0.00418	0.00600	0.00628	0.00835
1	0.02372	0.00900	0.01227	0.00941	0.01350	0.00777	0.00777	0.02576	0.01513	0.78489	0.02086	0.01799	0.01309	0.00654	0.00532	0.00164	0.00450	0.00532	0.00654	0.00900
2	0.00748	0.00540	0.00707	0.00665	0.00790	0.00499	0.00499	0.00998	0.01496	0.02120	0.77844	0.03949	0.04988	0.01081	0.00624	0.00166	0.00249	0.00956	0.00582	0.00499
3	0.00625	0.00536	0.00536	0.00536	0.00714	0.00446	0.00402	0.00759	0.01205	0.01428	0.05355	0.05088	0.77909	0.01339	0.00625	0.00179	0.00268	0.01116	0.00491	0.00446
4	0.01254	0.01083	0.01138	0.01029	0.01317	0.01239	0.00799	0.02630	0.70514	0.02143	0.02432	0.02245	0.08297	0.00772	0.00546	0.00179	0.00405	0.00643	0.00534	0.00803
5	0.01096	0.00940	0.01096	0.00783	0.01253	0.00705	0.00626	0.01331	0.01096	0.01723	0.00940	0.01096	0.00783	0.00392	0.00392	0.00078	0.00392	0.00313	0.00313	0.84653
6	0.00998	0.00940	0.01586	0.80150	0.03641	0.01175	0.01468	0.01351	0.01057	0.01351	0.00940	0.01409	0.00705	0.00529	0.00529	0.00176	0.00705	0.00470	0.00235	0.00587
7	0.01192	0.01308	0.02756	0.06268	0.07747	0.01248	0.60424	0.01598	0.01221	0.01655	0.01219	0.05774	0.01025	0.00553	0.00619	0.00181	0.00818	0.03417	0.00285	0.00691
8	0.00732	0.00536	0.00687	0.00658	0.00782	0.00491	0.00490	0.00964	0.01447	0.02022	0.67838	0.08051	0.11062	0.01132	0.00626	0.00170	0.00254	0.00998	0.00570	0.00491

[dist]
# distance from previous block
# <min> <max>
0	1

[block]
# block no. 3 follows, 46 sequences, length 41
# corresponding to MSA columns:
# 285-325
name=unknown_D
#
# <colnr> <probs for GDERKNQSTAVLIFYWHMCP>
#	G	D	E	R	K	N	Q	S	T	A	V	L	I	F	Y	W	H	M	C	P
0	0.01540	0.01188	0.01229	0.01022	0.01311	0.06592	0.00816	0.42420	0.01946	0.02612	0.14867	0.06934	0.01901	0.02388	0.02046	0.00182	0.00519	0.03423	0.06345	0.00717
1	0.76431	0.01037	0.00825	0.00726	0.01054	0.01192	0.00597	0.06714	0.01020	0.02405	0.00935	0.01035	0.03301	0.00530	0.00352	0.00164	0.00416	0.00328	0.00347	0.00591
2	0.00653	0.00464	0.00611	0.00725	0.00754	0.00435	0.00479	0.00738	0.00995	0.01327	0.02827	0.75693	0.03387	0.07188	0.00815	0.00235	0.00321	0.01452	0.00479	0.00422
3	0.79284	0.01014	0.00809	0.00713	0.01046	0.01157	0.00587	0.01627	0.00943	0.07770	0.00832	0.00926	0.00625	0.00502	0.00342	0.00164	0.00412	0.00304	0.00350	0.00596
4	0.07750	0.01161	0.01363	0.12782	0.01751	0.01258	0.00944	0.36408	0.03636	0.19695	0.01418	0.01445	0.00988	0.00614	0.00504	0.00161	0.00531	0.00478	0.06313	0.00800
5	0.01070	0.01014	0.01709	0.61440	0.19928	0.01203	0.01495	0.01408	0.01083	0.01431	0.00946	0.01381	0.00734	0.00525	0.00556	0.00173	0.02550	0.00470	0.00241	0.00642
6	0.01058	0.01006	0.01724	0.58188	0.10607	0.01150	0.08314	0.01405	0.01093	0.01459	0.00974	0.01392	0.00746	0.00508	0.00524	0.00167	0.00683	0.00474	0.02078	0.06452
7	0.00744	0.00540	0.00701	0.00661	0.00787	0.00497	0.00495	0.00989	0.01486	0.02096	0.75308	0.03989	0.07539	0.01090	0.00624	0.00167	0.00250	0.00962	0.00579	0.00497
8	0.01396	0.01464	0.01873	0.10962	0.49151	0.18333	0.01432	0.01672	0.01253	0.01584	0.01048	0.01495	0.00909	0.00547	0.00525	0.00159	0.00700	0.04480	0.00273	0.00742
9	0.01892	0.00863	0.01119	0.00893	0.01228	0.00791	0.00724	0.08784	0.03116	0.50270	0.20038	0.02343	0.03984	0.00771	0.00556	0.00164	0.00409	0.00643	0.00620	0.00793
10	0.00687	0.00538	0.00622	0.00601	0.00752	0.00473	0.00451	0.00880	0.01353	0.01778	0.42046	0.04511	0.41000	0.01208	0.00624	0.00172	0.00258	0.01035	0.00537	0.00473
11	0.02328	0.00890	0.01213	0.00933	0.01334	0.00769	0.00769	0.02533	0.01513	0.76414	0.04145	0.01858	0.01409	0.00666	0.00534	0.00164	0.00444	0.00543	0.00652	0.00889
12	0.02100	0.00840	0.01140	0.00895	0.01256	0.00730	0.00730	0.02312	0.01510	0.65723	0.14750	0.02159	0.01924	0.00726	0.00547	0.00164	0.00416	0.00603	0.00642	0.00833
13	0.02372	0.00900	0.01227	0.00941	0.01350	0.00777	0.00777	0.02576	0.01513	0.78489	0.02086	0.01799	0.01309	0.00654	0.00532	0.00164	0.00450	0.00532	0.00654	0.00900
14	0.01308	0.01256	0.02146	0.03245	0.78123	0.01256	0.01622	0.01622	0.01204	0.01727	0.00994	0.01308	0.00837	0.00471	0.00523	0.00157	0.00628	0.00471	0.00262	0.00837
15	0.01157	0.01157	0.01619	0.01388	0.01388	0.01619	0.01157	0.01272	0.00810	0.01272	0.00694	0.01157	0.00694	0.00925	0.01735	0.00231	0.80453	0.00463	0.00231	0.00578
16	0.01157	0.01157	0.01619	0.01388	0.01388	0.01619	0.01157	0.01272	0.00810	0.01272	0.00694	0.01157	0.00694	0.00925	0.01735	0.00231	0.80453	0.00463	0.00231	0.00578
17	0.01379	0.01168	0.01232	0.01089	0.01399	0.01345	0.00852	0.09620	0.70253	0.02315	0.02070	0.01907	0.01548	0.00710	0.00537	0.00177	0.00434	0.00586	0.00537	0.00843
18	0.00736	0.00540	0.00690	0.00653	0.00783	0.00494	0.00489	0.00975	0.01468	0.02053	0.70867	0.04059	0.12007	0.01106	0.00624	0.00167	0.00251	0.00971	0.00573	0.00494
19	0.00702	0.00541	0.00597	0.00590	0.00752	0.00465	0.00440	0.00859	0.01260	0.03736	0.20386	0.10795	0.54431	0.01290	0.00626	0.00178	0.00272	0.01096	0.00515	0.00469
20	0.02292	0.00944	0.01246	0.00959	0.01361	0.00850	0.00790	0.09419	0.01603	0.69325	0.04141	0.01810	0.01374	0.00664	0.00534	0.00163	0.00457	0.00538	0.00641	0.00888
21	0.01344	0.01129	0.01196	0.01072	0.01374	0.01300	0.00835	0.02803	0.75093	0.04304	0.02150	0.01968	0.01605	0.00716	0.00538	0.00179	0.00419	0.00596	0.00541	0.00838
22	0.01151	0.15007	0.60605	0.01444	0.02151	0.01380	0.05810	0.03662	0.01153	0.01652	0.00930	0.01095	0.00684	0.00495	0.00484	0.00159	0.00748	0.00389	0.00234	0.00765
23	0.41616	0.01194	0.01073	0.00901	0.01248	0.08662	0.00730	0.11791	0.04767	0.19719	0.02903	0.01256	0.00939	0.00576	0.00431	0.00161	0.00490	0.00401	0.00438	0.00704
24	0.85155	0.01022	0.00777	0.00695	0.01022	0.01186	0.00573	0.01554	0.00900	0.02372	0.00736	0.00859	0.00573	0.00491	0.00327	0.00164	0.00409	0.00286	0.00327	0.00573
25	0.01127	0.12730	0.67248	0.01424	0.02155	0.01347	0.01798	0.03408	0.01143	0.01658	0.00929	0.01086	0.00676	0.00499	0.00482	0.00160	0.00749	0.00379	0.00231	0.00771
26	0.00733	0.00528	0.00693	0.00676	0.00786	0.00489	0.00498	0.00959	0.01425	0.02006	0.66720	0.15399	0.04767	0.01166	0.00631	0.00173	0.00258	0.01037	0.00568	0.00489
27	0.00763	0.00522	0.00631	0.00634	0.00654	0.00540	0.00392	0.00802	0.00791	0.01073	0.01648	0.05124	0.01843	0.64184	0.17726	0.00571	0.00685	0.00747	0.00317	0.00353
28	0.01315	0.01136	0.01195	0.01076	0.01375	0.01315	0.00837	0.02809	0.77168	0.02211	0.02152	0.01972	0.01614	0.00717	0.00538	0.00179	0.00418	0.00598	0.00538	0.00837
29	0.00918	0.00459	0.00689	0.00689	0.00689	0.00459	0.00459	0.00689	0.00689	0.00918	0.00918	0.01607	0.00918	0.01837	0.02066	0.84619	0.00459	0.00459	0.00230	0.00230
30	0.85155	0.01022	0.00777	0.00695	0.01022	0.01186	0.00573	0.01554	0.00900	0.02372	0.00736	0.00859	0.00573	0.00491	0.00327	0.00164	0.00409	0.00286	0.00327	0.00573
31	0.02010	0.01481	0.01587	0.01216	0.01639	0.01639	0.01005	0.76360	0.02486	0.03332	0.01269	0.01269	0.00899	0.00635	0.00529	0.00159	0.00582	0.00476	0.00529	0.00899
32	0.01975	0.02520	0.01498	0.01362	0.01634	0.79299	0.01021	0.02111	0.01498	0.01294	0.00817	0.00953	0.00681	0.00545	0.00477	0.00136	0.00953	0.00340	0.00272	0.00613
