[name]
unknown

[dist]
# distance from previous block
# <min> <max>
5	102

[block]
# block no. 0 follows, 43 sequences, length 31
# corresponding to MSA columns:
# 354-384
name=unknown_A
#
# <colnr> <probs for GDERKNQSTAVLIFYWHMCP>
#	G	D	E	R	K	N	Q	S	T	A	V	L	I	F	Y	W	H	M	C	P
0	0.01849	0.05574	0.07861	0.01235	0.01666	0.01500	0.02725	0.42175	0.07115	0.11433	0.02745	0.01506	0.01097	0.02543	0.00657	0.00178	0.04378	0.00511	0.00497	0.02753
1	0.01404	0.01254	0.06039	0.17004	0.04892	0.01228	0.03653	0.17227	0.15346	0.04705	0.05018	0.01723	0.01267	0.00636	0.00543	0.00163	0.00572	0.02114	0.00422	0.14790
2	0.10484	0.01296	0.09514	0.01112	0.03010	0.01080	0.03664	0.11201	0.08589	0.15065	0.01377	0.02806	0.01030	0.00574	0.00490	0.00146	0.00517	0.00461	0.00432	0.27151
3	0.05261	0.18790	0.39017	0.01287	0.01886	0.01423	0.02823	0.05922	0.01240	0.03467	0.02985	0.03694	0.00948	0.00585	0.00527	0.00160	0.03116	0.00442	0.00294	0.06133
4	0.06038	0.01212	0.01694	0.01439	0.01476	0.01661	0.03464	0.01364	0.00868	0.01413	0.00742	0.01202	0.00723	0.00927	0.01696	0.00237	0.72505	0.00479	0.00249	0.00610
5	0.01025	0.00986	0.05719	0.05725	0.04971	0.05261	0.05583	0.01325	0.03718	0.04835	0.30530	0.05751	0.15081	0.04877	0.00746	0.00196	0.01755	0.00850	0.00473	0.00593
6	0.01939	0.00981	0.01246	0.01000	0.01374	0.00933	0.02041	0.05629	0.16506	0.44537	0.09401	0.02184	0.04205	0.00747	0.00565	0.00171	0.00449	0.00622	0.00618	0.04850
7	0.73783	0.04722	0.07386	0.00810	0.01198	0.01288	0.00737	0.01640	0.00970	0.02371	0.00790	0.00922	0.00613	0.00513	0.00359	0.00169	0.00468	0.00309	0.00329	0.00623
8	0.08711	0.17933	0.04217	0.01356	0.11841	0.07617	0.01011	0.03572	0.06968	0.22681	0.02556	0.01417	0.01063	0.00589	0.00508	0.00155	0.02046	0.00450	0.00420	0.04888
9	0.00962	0.00481	0.00722	0.00722	0.00722	0.00481	0.00481	0.00722	0.00722	0.00962	0.00962	0.01684	0.00962	0.01924	0.02165	0.83886	0.00481	0.00481	0.00241	0.00241
10	0.00810	0.00594	0.00818	0.00810	0.00871	0.00672	0.00586	0.00937	0.00859	0.01214	0.01549	0.02646	0.01581	0.30519	0.49621	0.00746	0.03753	0.00663	0.00308	0.00443
11	0.02071	0.01461	0.01736	0.01402	0.05363	0.01567	0.05343	0.58406	0.02337	0.12534	0.01410	0.01410	0.00986	0.00648	0.00560	0.00168	0.00613	0.00515	0.00541	0.00928
12	0.00779	0.00566	0.00734	0.00692	0.00824	0.00521	0.00519	0.01036	0.01556	0.02194	0.74160	0.04181	0.07872	0.01142	0.00653	0.00175	0.00262	0.01008	0.00606	0.00521
13	0.01148	0.00984	0.01148	0.00820	0.01312	0.00738	0.00656	0.01395	0.01148	0.01805	0.00984	0.01148	0.00820	0.00410	0.00410	0.00082	0.00410	0.00328	0.00328	0.83922
14	0.09617	0.35466	0.36068	0.01218	0.01832	0.01677	0.01407	0.04088	0.01175	0.01694	0.00888	0.01029	0.00703	0.00507	0.00437	0.00151	0.00678	0.00354	0.00256	0.00755
15	0.00675	0.00482	0.00643	0.00771	0.00803	0.00450	0.00514	0.00771	0.01060	0.01414	0.03053	0.80175	0.03663	0.01735	0.00707	0.00225	0.00321	0.01574	0.00514	0.00450
16	0.01414	0.01246	0.01656	0.51954	0.03081	0.05840	0.01369	0.23005	0.01571	0.02017	0.01078	0.01406	0.00796	0.00587	0.00551	0.00177	0.00716	0.00486	0.00338	0.00712
17	0.00688	0.00491	0.00658	0.00786	0.00824	0.00461	0.00537	0.00794	0.01073	0.01428	0.03045	0.75763	0.03635	0.01723	0.00710	0.00227	0.00333	0.05858	0.00514	0.00453
18	0.01046	0.00984	0.01661	0.79205	0.03814	0.01230	0.01538	0.01415	0.01107	0.01415	0.00984	0.01477	0.00738	0.00554	0.00554	0.00185	0.00738	0.00492	0.00246	0.00615
19	0.04101	0.74939	0.02778	0.00962	0.01423	0.05505	0.00942	0.01682	0.01139	0.01342	0.00774	0.00894	0.00707	0.00479	0.00361	0.00121	0.00605	0.00299	0.00242	0.00704
20	0.01241	0.01261	0.01692	0.01453	0.01463	0.04340	0.01207	0.01363	0.00873	0.01334	0.00731	0.01204	0.00727	0.00956	0.01772	0.00239	0.76813	0.00480	0.00244	0.00607
21	0.01047	0.00967	0.01560	0.63208	0.03283	0.01205	0.01399	0.01459	0.05548	0.01452	0.01100	0.01571	0.00860	0.00949	0.08509	0.00259	0.04226	0.00510	0.00270	0.00618
22	0.00805	0.00537	0.00604	0.00604	0.00604	0.00537	0.00336	0.00805	0.00805	0.01074	0.01745	0.03624	0.02013	0.80536	0.02819	0.00537	0.00537	0.00805	0.00336	0.00336
23	0.01484	0.01195	0.05638	0.05720	0.01543	0.03720	0.00924	0.09755	0.29883	0.14191	0.03719	0.02491	0.11202	0.02377	0.00622	0.00190	0.00501	0.03540	0.00523	0.00783
24	0.00784	0.00566	0.00740	0.00697	0.00827	0.00523	0.00523	0.01045	0.01568	0.02221	0.76789	0.04137	0.05226	0.01132	0.00653	0.00174	0.00261	0.01002	0.00610	0.00523
25	0.01148	0.00984	0.01148	0.00820	0.01312	0.00738	0.00656	0.01395	0.01148	0.01805	0.00984	0.01148	0.00820	0.00410	0.00410	0.00082	0.00410	0.00328	0.00328	0.83922
26	0.00675	0.00482	0.00643	0.00771	0.00803	0.00450	0.00514	0.00771	0.01060	0.01414	0.03053	0.80175	0.03663	0.01735	0.00707	0.00225	0.00321	0.01574	0.00514	0.00450
27	0.01518	0.71871	0.05146	0.01008	0.01477	0.08527	0.00992	0.01708	0.01164	0.01322	0.00784	0.00906	0.00711	0.00484	0.00373	0.00122	0.00633	0.00305	0.00241	0.00708
28	0.00908	0.00765	0.01113	0.01046	0.01118	0.00970	0.00836	0.01084	0.00878	0.01299	0.01274	0.01909	0.01203	0.03272	0.57158	0.00711	0.23087	0.00563	0.00282	0.00525
29	0.02040	0.05327	0.01676	0.01314	0.04648	0.06175	0.01039	0.52655	0.06698	0.10735	0.01406	0.01392	0.01003	0.00651	0.00542	0.00164	0.00609	0.00494	0.00526	0.00907
30	0.01558	0.05190	0.01368	0.03743	0.08060	0.04425	0.03173	0.11141	0.03012	0.22155	0.03479	0.18279	0.08857	0.02207	0.00624	0.00186	0.00506	0.00804	0.00503	0.00730

[dist]
# distance from previous block
# <min> <max>
2	7

[block]
# block no. 1 follows, 43 sequences, length 19
# corresponding to MSA columns:
# 392-410
name=unknown_B
#
# <colnr> <probs for GDERKNQSTAVLIFYWHMCP>
#	G	D	E	R	K	N	Q	S	T	A	V	L	I	F	Y	W	H	M	C	P
0	0.01522	0.03930	0.01436	0.01038	0.01488	0.01103	0.03790	0.16641	0.08381	0.10045	0.01288	0.01353	0.00977	0.00539	0.00509	0.00127	0.02338	0.00430	0.00426	0.42640
1	0.01405	0.01312	0.03665	0.10066	0.47090	0.03140	0.01461	0.05149	0.13413	0.03938	0.01288	0.01508	0.01016	0.00560	0.00546	0.00169	0.00626	0.00512	0.02294	0.00841
2	0.00655	0.00561	0.00561	0.00561	0.00748	0.00468	0.00421	0.00795	0.01262	0.01496	0.05610	0.05330	0.76857	0.01403	0.00655	0.00187	0.00281	0.01169	0.00514	0.00468
3	0.01720	0.01360	0.01445	0.01196	0.01571	0.01537	0.00959	0.36958	0.41508	0.02869	0.01819	0.01720	0.01338	0.00711	0.00559	0.00178	0.00519	0.00566	0.00559	0.00907
4	0.00754	0.00562	0.00701	0.00671	0.00810	0.00509	0.00502	0.00985	0.01489	0.02047	0.59885	0.06838	0.19789	0.01207	0.00655	0.00178	0.00267	0.01054	0.00587	0.00509
5	0.00805	0.00537	0.00604	0.00604	0.00604	0.00537	0.00336	0.00805	0.00805	0.01074	0.01745	0.03624	0.02013	0.80536	0.02819	0.00537	0.00537	0.00805	0.00336	0.00336
6	0.05346	0.00926	0.01238	0.00960	0.01369	0.00813	0.00790	0.02568	0.01561	0.70570	0.06289	0.01975	0.01558	0.00704	0.00555	0.00172	0.00458	0.00572	0.00669	0.00907
7	0.01046	0.00984	0.01661	0.79205	0.03814	0.01230	0.01538	0.01415	0.01107	0.01415	0.00984	0.01477	0.00738	0.00554	0.00554	0.00185	0.00738	0.00492	0.00246	0.00615
8	0.01111	0.02865	0.77667	0.01579	0.02397	0.01286	0.02046	0.01754	0.01169	0.01754	0.00994	0.01169	0.00702	0.00526	0.00526	0.00175	0.00818	0.00409	0.00234	0.00818
9	0.00829	0.00579	0.00739	0.00692	0.00839	0.00527	0.00521	0.01075	0.01534	0.04776	0.66190	0.04192	0.13126	0.01147	0.00650	0.00176	0.00271	0.01005	0.00602	0.00531
10	0.00784	0.00566	0.00740	0.00697	0.00827	0.00523	0.00523	0.01045	0.01568	0.02221	0.76789	0.04137	0.05226	0.01132	0.00653	0.00174	0.00261	0.01002	0.00610	0.00523
11	0.06033	0.01058	0.01333	0.01026	0.01454	0.00997	0.00848	0.15790	0.01741	0.60757	0.01968	0.01741	0.01259	0.00674	0.00547	0.00170	0.00494	0.00535	0.00647	0.00927
12	0.01288	0.00679	0.00897	0.00778	0.01000	0.00608	0.00606	0.01531	0.01561	0.24733	0.51723	0.03508	0.06807	0.01009	0.00624	0.00174	0.00325	0.00875	0.00629	0.00646
13	0.84448	0.01071	0.00814	0.00728	0.01071	0.01242	0.00600	0.01628	0.00943	0.02485	0.00771	0.00900	0.00600	0.00514	0.00343	0.00171	0.00428	0.00300	0.00343	0.00600
14	0.01407	0.01385	0.02213	0.03296	0.73147	0.05335	0.01667	0.01726	0.01277	0.01786	0.01032	0.01351	0.00869	0.00497	0.00546	0.00163	0.00676	0.00486	0.00275	0.00865
15	0.01111	0.02865	0.77667	0.01579	0.02397	0.01286	0.02046	0.01754	0.01169	0.01754	0.00994	0.01169	0.00702	0.00526	0.00526	0.00175	0.00818	0.00409	0.00234	0.00818
16	0.01269	0.22995	0.52887	0.01449	0.04470	0.01504	0.01702	0.01764	0.01177	0.04592	0.00984	0.01131	0.00736	0.00518	0.00484	0.00160	0.00741	0.00388	0.00254	0.00797
17	0.01413	0.01373	0.02797	0.02228	0.11216	0.01311	0.53463	0.01818	0.01322	0.09539	0.03849	0.01601	0.01048	0.00535	0.00677	0.00184	0.03896	0.00631	0.00331	0.00769
18	0.01511	0.05295	0.03820	0.01181	0.04173	0.01063	0.07228	0.11814	0.05542	0.14979	0.01552	0.07957	0.01294	0.00675	0.00527	0.00149	0.00522	0.03331	0.00442	0.26945

[dist]
# distance from previous block
# <min> <max>
0	1

[block]
# block no. 2 follows, 43 sequences, length 33
# corresponding to MSA columns:
# 412-444
name=unknown_C
#
# <colnr> <probs for GDERKNQSTAVLIFYWHMCP>
#	G	D	E	R	K	N	Q	S	T	A	V	L	I	F	Y	W	H	M	C	P
0	0.00707	0.00505	0.00679	0.00807	0.00854	0.00477	0.00569	0.00826	0.01092	0.01449	0.03035	0.69386	0.03594	0.01705	0.00715	0.00229	0.00349	0.12050	0.00514	0.00459
1	0.01148	0.00984	0.01148	0.00820	0.01312	0.00738	0.00656	0.01395	0.01148	0.01805	0.00984	0.01148	0.00820	0.00410	0.00410	0.00082	0.00410	0.00328	0.00328	0.83922
2	0.00792	0.00590	0.00871	0.00871	0.00964	0.00682	0.00669	0.00977	0.00884	0.01272	0.01501	0.02271	0.01426	0.09199	0.73353	0.00867	0.01421	0.00607	0.00299	0.00484
3	0.00674	0.00485	0.00640	0.00764	0.00802	0.00450	0.00511	0.00772	0.01067	0.01416	0.03135	0.77764	0.06021	0.01724	0.00705	0.00224	0.00320	0.01561	0.00514	0.00450
4	0.00720	0.00516	0.00678	0.00787	0.00836	0.00489	0.00538	0.02661	0.01124	0.01503	0.05821	0.73389	0.03642	0.01680	0.00703	0.00222	0.00331	0.03374	0.00519	0.00467
5	0.00794	0.00582	0.00832	0.00832	0.00911	0.00661	0.00620	0.00952	0.00873	0.01243	0.01537	0.02470	0.01512	0.19687	0.62983	0.00818	0.01291	0.00636	0.00305	0.00462
6	0.00675	0.00482	0.00643	0.00771	0.00803	0.00450	0.00514	0.00771	0.01060	0.01414	0.03053	0.80175	0.03663	0.01735	0.00707	0.00225	0.00321	0.01574	0.00514	0.00450
7	0.01307	0.01494	0.03268	0.02334	0.02894	0.01401	0.75070	0.01774	0.01307	0.01774	0.01120	0.01494	0.00840	0.00467	0.00654	0.00187	0.00934	0.00654	0.00280	0.00747
8	0.84448	0.01071	0.00814	0.00728	0.01071	0.01242	0.00600	0.01628	0.00943	0.02485	0.00771	0.00900	0.00600	0.00514	0.00343	0.00171	0.00428	0.00300	0.00343	0.00600
9	0.84448	0.01071	0.00814	0.00728	0.01071	0.01242	0.00600	0.01628	0.00943	0.02485	0.00771	0.00900	0.00600	0.00514	0.00343	0.00171	0.00428	0.00300	0.00343	0.00600
10	0.01148	0.00984	0.01148	0.00820	0.01312	0.00738	0.00656	0.01395	0.01148	0.01805	0.00984	0.01148	0.00820	0.00410	0.00410	0.00082	0.00410	0.00328	0.00328	0.83922
11	0.84448	0.01071	0.00814	0.00728	0.01071	0.01242	0.00600	0.01628	0.00943	0.02485	0.00771	0.00900	0.00600	0.00514	0.00343	0.00171	0.00428	0.00300	0.00343	0.00600
12	0.00805	0.00539	0.00615	0.00615	0.00619	0.00543	0.00349	0.00812	0.00809	0.01082	0.01735	0.03569	0.01989	0.77621	0.05702	0.00550	0.00573	0.00797	0.00334	0.00342
13	0.01111	0.02865	0.77667	0.01579	0.02397	0.01286	0.02046	0.01754	0.01169	0.01754	0.00994	0.01169	0.00702	0.00526	0.00526	0.00175	0.00818	0.00409	0.00234	0.00818
14	0.09462	0.01069	0.01107	0.00907	0.01213	0.01160	0.00733	0.36223	0.01833	0.04962	0.01495	0.01603	0.01115	0.00643	0.00467	0.00152	0.00446	0.00489	0.34183	0.00737
15	0.01177	0.00967	0.01198	0.10396	0.01604	0.00806	0.00770	0.01464	0.03067	0.04865	0.01153	0.04581	0.00975	0.00504	0.00450	0.00107	0.00450	0.00418	0.00347	0.64703
16	0.03336	0.01037	0.01735	0.69746	0.03612	0.01258	0.05904	0.04043	0.01168	0.01538	0.00999	0.01457	0.00748	0.00551	0.00554	0.00184	0.00737	0.00497	0.00262	0.00634
17	0.01148	0.00984	0.01148	0.00820	0.01312	0.00738	0.00656	0.01395	0.01148	0.01805	0.00984	0.01148	0.00820	0.00410	0.00410	0.00082	0.00410	0.00328	0.00328	0.83922
18	0.01372	0.01140	0.01223	0.01096	0.01395	0.01293	0.00860	0.10958	0.56794	0.02357	0.04440	0.05626	0.03933	0.00848	0.00583	0.00190	0.00447	0.04061	0.00558	0.00828
19	0.01132	0.07250	0.73463	0.01543	0.02342	0.01337	0.01984	0.01749	0.01167	0.01729	0.00981	0.01153	0.00702	0.00523	0.00517	0.00172	0.00806	0.00403	0.00234	0.00812
20	0.09159	0.01061	0.01287	0.00998	0.01412	0.01020	0.00822	0.17354	0.01709	0.50683	0.01841	0.01675	0.01205	0.00657	0.00527	0.00166	0.00485	0.00515	0.04123	0.03301
21	0.22997	0.01504	0.01441	0.01146	0.01553	0.06862	0.00939	0.51537	0.02111	0.03088	0.01155	0.01198	0.00839	0.00620	0.00497	0.00166	0.00590	0.00438	0.00482	0.00834
22	0.84448	0.01071	0.00814	0.00728	0.01071	0.01242	0.00600	0.01628	0.00943	0.02485	0.00771	0.00900	0.00600	0.00514	0.00343	0.00171	0.00428	0.00300	0.00343	0.00600
23	0.00962	0.00481	0.00722	0.00722	0.00722	0.00481	0.00481	0.00722	0.00722	0.00962	0.00962	0.01684	0.00962	0.01924	0.02165	0.83886	0.00481	0.00481	0.00241	0.00241
24	0.00691	0.00546	0.00624	0.00654	0.00791	0.00479	0.00480	0.00845	0.01264	0.01603	0.16670	0.23613	0.43953	0.01445	0.00672	0.00197	0.00297	0.04174	0.00530	0.00474
25	0.06621	0.01373	0.02091	0.07409	0.26967	0.06278	0.17908	0.11489	0.01407	0.01963	0.01187	0.06684	0.01022	0.00628	0.00629	0.00178	0.04490	0.00582	0.00331	0.00764
26	0.01267	0.01210	0.02060	0.27643	0.53650	0.01289	0.01648	0.01609	0.01212	0.01683	0.01023	0.01405	0.00833	0.00513	0.00550	0.00171	0.00684	0.00493	0.00265	0.00793
27	0.02280	0.00897	0.01220	0.00951	0.01343	0.00779	0.00779	0.02499	0.01583	0.68386	0.11187	0.02157	0.01836	0.00739	0.00569	0.00172	0.00446	0.00611	0.00676	0.00892
28	0.01081	0.00563	0.00568	0.00550	0.00694	0.00570	0.00417	0.04619	0.01226	0.02129	0.01785	0.02032	0.01398	0.00646	0.00395	0.00131	0.00274	0.00515	0.79872	0.00535
29	0.01164	0.02761	0.73001	0.01578	0.02376	0.01273	0.03966	0.01787	0.01188	0.04397	0.01039	0.01203	0.00729	0.00530	0.00531	0.00176	0.00809	0.00421	0.00251	0.00821
30	0.06684	0.13992	0.59137	0.01458	0.02186	0.01418	0.04364	0.01732	0.01153	0.01738	0.00951	0.01122	0.00701	0.00516	0.00494	0.00167	0.00764	0.00394	0.00243	0.00786
31	0.00840	0.00627	0.00833	0.00809	0.00851	0.00717	0.00573	0.00935	0.00845	0.01189	0.01534	0.02773	0.01620	0.40377	0.34655	0.00657	0.08741	0.00684	0.00310	0.00429
32	0.01045	0.00943	0.01560	0.72263	0.03535	0.01167	0.01437	0.01404	0.01112	0.01472	0.01057	0.01528	0.00798	0.00562	0.00539	0.00180	0.00696	0.00494	0.07601	0.00606

[dist]
# distance from previous block
# <min> <max>
0	6

[block]
# block no. 3 follows, 43 sequences, length 132
# corresponding to MSA columns:
# 451-505,510-586
name=unknown_D
#
# <colnr> <probs for GDERKNQSTAVLIFYWHMCP>
#	G	D	E	R	K	N	Q	S	T	A	V	L	I	F	Y	W	H	M	C	P
0	0.01046	0.00984	0.01661	0.79205	0.03814	0.01230	0.01538	0.01415	0.01107	0.01415	0.00984	0.01477	0.00738	0.00554	0.00554	0.00185	0.00738	0.00492	0.00246	0.00615
1	0.84448	0.01071	0.00814	0.00728	0.01071	0.01242	0.00600	0.01628	0.00943	0.02485	0.00771	0.00900	0.00600	0.00514	0.00343	0.00171	0.00428	0.00300	0.00343	0.00600
2	0.01378	0.01190	0.01252	0.01127	0.01440	0.01378	0.00877	0.02943	0.76081	0.02317	0.02254	0.02066	0.01691	0.00751	0.00564	0.00188	0.00438	0.00626	0.00564	0.00877
3	0.84448	0.01071	0.00814	0.00728	0.01071	0.01242	0.00600	0.01628	0.00943	0.02485	0.00771	0.00900	0.00600	0.00514	0.00343	0.00171	0.00428	0.00300	0.00343	0.00600
4	0.00719	0.00515	0.00674	0.00787	0.00832	0.00489	0.00531	0.03082	0.01108	0.01478	0.02999	0.77728	0.03579	0.01702	0.00702	0.00223	0.00330	0.01541	0.00515	0.00465
5	0.02105	0.01551	0.01662	0.01274	0.01717	0.01717	0.01053	0.75235	0.02604	0.03490	0.01330	0.01330	0.00942	0.00665	0.00554	0.00166	0.00609	0.00499	0.00554	0.00942
6	0.01416	0.01209	0.01274	0.01135	0.01455	0.01396	0.00886	0.06776	0.72185	0.02379	0.02205	0.02027	0.01651	0.00747	0.00563	0.00187	0.00447	0.00619	0.00563	0.00880
7	0.01265	0.00998	0.01172	0.00844	0.01331	0.00771	0.00678	0.03569	0.01219	0.06949	0.01075	0.01203	0.00861	0.00436	0.00424	0.00090	0.00420	0.00348	0.00359	0.75987
8	0.00675	0.00482	0.00643	0.00771	0.00803	0.00450	0.00514	0.00771	0.01060	0.01414	0.03053	0.80175	0.03663	0.01735	0.00707	0.00225	0.00321	0.01574	0.00514	0.00450
9	0.01425	0.01213	0.01279	0.01137	0.01458	0.01400	0.00888	0.07624	0.71323	0.02393	0.02194	0.02019	0.01642	0.00746	0.00563	0.00186	0.00449	0.00618	0.00563	0.00881
10	0.01278	0.00930	0.01085	0.00891	0.01214	0.00887	0.00702	0.08768	0.15844	0.08686	0.26020	0.02394	0.02489	0.00763	0.00545	0.00149	0.00389	0.00644	0.02080	0.24243
11	0.06027	0.01509	0.01600	0.01240	0.01672	0.01677	0.01022	0.67862	0.06420	0.03380	0.01352	0.01348	0.00965	0.00662	0.00544	0.00168	0.00592	0.00496	0.00544	0.00922
12	0.02105	0.01551	0.01662	0.01274	0.01717	0.01717	0.01053	0.75235	0.02604	0.03490	0.01330	0.01330	0.00942	0.00665	0.00554	0.00166	0.00609	0.00499	0.00554	0.00942
13	0.00811	0.00579	0.00799	0.00927	0.01019	0.00567	0.00751	0.01007	0.01195	0.01567	0.02977	0.33835	0.03365	0.01606	0.00743	0.00244	0.00440	0.46567	0.00512	0.00488
14	0.01588	0.01178	0.01360	0.03560	0.01509	0.04878	0.04110	0.35429	0.01855	0.08351	0.01933	0.26409	0.01862	0.01007	0.00609	0.00187	0.00542	0.02374	0.00516	0.00744
15	0.01307	0.01494	0.03268	0.02334	0.02894	0.01401	0.75070	0.01774	0.01307	0.01774	0.01120	0.01494	0.00840	0.00467	0.00654	0.00187	0.00934	0.00654	0.00280	0.00747
16	0.00749	0.00548	0.00641	0.00660	0.00747	0.00511	0.00454	0.00863	0.01128	0.01472	0.15906	0.14861	0.23213	0.29110	0.01427	0.00317	0.00389	0.06106	0.00468	0.00431
17	0.03521	0.03071	0.05934	0.03852	0.44592	0.02696	0.01424	0.07250	0.16032	0.02019	0.01280	0.01461	0.01015	0.00558	0.00537	0.00167	0.00613	0.00499	0.00351	0.03129
18	0.02105	0.01551	0.01662	0.01274	0.01717	0.01717	0.01053	0.75235	0.02604	0.03490	0.01330	0.01330	0.00942	0.00665	0.00554	0.00166	0.00609	0.00499	0.00554	0.00942
19	0.02100	0.03000	0.02675	0.00971	0.01423	0.00885	0.00814	0.06091	0.01516	0.52509	0.01800	0.01645	0.01190	0.00611	0.00517	0.00149	0.00473	0.00491	0.00575	0.20567
20	0.01356	0.06573	0.28331	0.01777	0.13382	0.01258	0.14451	0.03303	0.04913	0.09909	0.08117	0.01633	0.01289	0.00593	0.00559	0.00172	0.00691	0.00540	0.00353	0.00800
21	0.01478	0.29773	0.15543	0.01785	0.20701	0.07458	0.05252	0.03517	0.01268	0.05268	0.01004	0.01181	0.00809	0.00513	0.00475	0.00149	0.00685	0.00411	0.01947	0.00781
22	0.00840	0.00741	0.01311	0.01171	0.01339	0.00694	0.19313	0.01033	0.01128	0.01511	0.02563	0.58471	0.02940	0.01410	0.00695	0.00216	0.00480	0.03163	0.00455	0.00526
23	0.01640	0.00780	0.01031	0.00856	0.01140	0.00704	0.00681	0.03363	0.03162	0.38406	0.37865	0.02955	0.03213	0.00900	0.00603	0.00173	0.00373	0.00770	0.00644	0.00740
24	0.01610	0.42548	0.16686	0.01180	0.01678	0.16968	0.01178	0.05380	0.01317	0.05542	0.00931	0.01038	0.00756	0.00523	0.00436	0.00139	0.00710	0.00353	0.00285	0.00741
25	0.00800	0.00583	0.00840	0.00840	0.00926	0.00666	0.00634	0.00972	0.00886	0.01277	0.01529	0.02375	0.01473	0.14730	0.65651	0.00820	0.01318	0.00621	0.02587	0.00473
26	0.00673	0.00487	0.00637	0.00758	0.00800	0.00451	0.00508	0.00773	0.01073	0.01419	0.03214	0.75448	0.08286	0.01714	0.00704	0.00223	0.00319	0.01549	0.00514	0.00451
27	0.01276	0.01199	0.02068	0.13852	0.48285	0.01221	0.08873	0.01637	0.02771	0.03290	0.06793	0.01738	0.03347	0.00581	0.00571	0.00172	0.00649	0.00570	0.00316	0.00790
28	0.01214	0.01224	0.01607	0.01394	0.01420	0.05655	0.01151	0.01344	0.00891	0.01329	0.00812	0.01300	0.00794	0.01276	0.09631	0.00304	0.67320	0.00489	0.00250	0.00596
29	0.00805	0.00537	0.00604	0.00604	0.00604	0.00537	0.00336	0.00805	0.00805	0.01074	0.01745	0.03624	0.02013	0.80536	0.02819	0.00537	0.00537	0.00805	0.00336	0.00336
30	0.01046	0.00984	0.01661	0.79205	0.03814	0.01230	0.01538	0.01415	0.01107	0.01415	0.00984	0.01477	0.00738	0.00554	0.00554	0.00185	0.00738	0.00492	0.00246	0.00615
31	0.02485	0.00943	0.01285	0.00985	0.01414	0.00814	0.00814	0.02699	0.01585	0.77465	0.02185	0.01885	0.01371	0.00685	0.00557	0.00171	0.00471	0.00557	0.00685	0.00943
32	0.01481	0.80869	0.02902	0.00948	0.01421	0.02191	0.00948	0.01658	0.01125	0.01303	0.00770	0.00888	0.00711	0.00474	0.00355	0.00118	0.00592	0.00296	0.00237	0.00711
33	0.02075	0.02459	0.01585	0.01401	0.01713	0.65600	0.01067	0.14331	0.01741	0.01710	0.00935	0.01054	0.00751	0.00586	0.00508	0.00147	0.00934	0.00380	0.00330	0.00692
34	0.00655	0.00561	0.00561	0.00561	0.00748	0.00468	0.00421	0.00795	0.01262	0.01496	0.05610	0.05330	0.76857	0.01403	0.00655	0.00187	0.00281	0.01169	0.00514	0.00468
35	0.00781	0.00566	0.00736	0.00694	0.00826	0.00521	0.00520	0.01039	0.01560	0.02204	0.75097	0.04165	0.06928	0.01139	0.00653	0.00174	0.00262	0.01006	0.00607	0.00521
36	0.01658	0.01901	0.01842	0.07732	0.27174	0.37253	0.02749	0.01912	0.02814	0.01537	0.00949	0.01207	0.00793	0.00580	0.00638	0.00163	0.07663	0.00434	0.00280	0.00723
37	0.01481	0.80869	0.02902	0.00948	0.01421	0.02191	0.00948	0.01658	0.01125	0.01303	0.00770	0.00888	0.00711	0.00474	0.00355	0.00118	0.00592	0.00296	0.00237	0.00711
38	0.02476	0.00956	0.01294	0.00992	0.01421	0.00834	0.00819	0.04334	0.01608	0.75798	0.02166	0.01873	0.01361	0.00685	0.00557	0.00171	0.00474	0.00556	0.00683	0.00943
39	0.01111	0.02865	0.77667	0.01579	0.02397	0.01286	0.02046	0.01754	0.01169	0.01754	0.00994	0.01169	0.00702	0.00526	0.00526	0.00175	0.00818	0.00409	0.00234	0.00818
40	0.00795	0.00542	0.00616	0.00626	0.00646	0.00534	0.00373	0.00820	0.00868	0.01141	0.02114	0.05972	0.07468	0.68916	0.02507	0.00490	0.00511	0.04342	0.00362	0.00357
41	0.00664	0.00561	0.00574	0.00571	0.00754	0.00472	0.00428	0.00813	0.01285	0.01550	0.10880	0.05242	0.71554	0.01383	0.00654	0.00186	0.00279	0.01156	0.00521	0.00472
42	0.01046	0.00984	0.01661	0.79205	0.03814	0.01230	0.01538	0.01415	0.01107	0.01415	0.00984	0.01477	0.00738	0.00554	0.00554	0.00185	0.00738	0.00492	0.00246	0.00615
43	0.01014	0.00831	0.01186	0.03007	0.19869	0.00825	0.00874	0.05192	0.04851	0.02049	0.37450	0.12096	0.06516	0.01002	0.00622	0.00179	0.00404	0.00896	0.00499	0.00640
44	0.01167	0.01109	0.01602	0.48523	0.02869	0.04819	0.01352	0.04958	0.01131	0.01499	0.00979	0.01436	0.00792	0.00847	0.04961	0.00231	0.18751	0.00490	0.01863	0.00622
45	0.00681	0.00490	0.00647	0.00771	0.00812	0.00456	0.00522	0.00784	0.01075	0.01424	0.03145	0.75051	0.06415	0.01716	0.00707	0.00224	0.00326	0.03787	0.00514	0.00452
46	0.00794	0.02583	0.00785	0.00696	0.00838	0.00562	0.00528	0.01047	0.01540	0.02159	0.71106	0.04119	0.08910	0.01130	0.00646	0.00173	0.00271	0.00993	0.00595	0.00524
47	0.01148	0.00984	0.01148	0.00820	0.01312	0.00738	0.00656	0.01395	0.01148	0.01805	0.00984	0.01148	0.00820	0.00410	0.00410	0.00082	0.00410	0.00328	0.00328	0.83922
48	0.12052	0.48189	0.08009	0.01148	0.04498	0.11362	0.01044	0.01716	0.01152	0.01515	0.00806	0.00959	0.00704	0.00519	0.00462	0.00140	0.04438	0.00330	0.00258	0.00698
49	0.13842	0.01007	0.01248	0.00972	0.01389	0.00942	0.00802	0.08052	0.01573	0.61438	0.01924	0.01706	0.01231	0.00660	0.00527	0.00171	0.00476	0.00517	0.00628	0.00895
50	0.41277	0.07235	0.12595	0.04688	0.11436	0.01295	0.01056	0.03417	0.01142	0.09836	0.01006	0.01136	0.00752	0.00533	0.00434	0.00168	0.00550	0.00380	0.00345	0.00720
51	0.01152	0.00990	0.01164	0.02772	0.01378	0.00768	0.00684	0.01437	0.03195	0.01809	0.01019	0.01182	0.00842	0.00423	0.00418	0.00087	0.00419	0.00340	0.00333	0.79587
52	0.00962	0.00481	0.00722	0.00722	0.00722	0.00481	0.00481	0.00722	0.00722	0.00962	0.00962	0.01684	0.00962	0.01924	0.02165	0.83886	0.00481	0.00481	0.00241	0.00241
53	0.01444	0.01218	0.01316	0.01206	0.03635	0.01393	0.00920	0.10829	0.63786	0.02414	0.02136	0.02079	0.01626	0.00756	0.00568	0.00187	0.00465	0.02596	0.00553	0.00874
54	0.00695	0.00557	0.00622	0.00618	0.00776	0.00483	0.00459	0.00869	0.01339	0.01709	0.26974	0.10718	0.49538	0.01346	0.00658	0.00186	0.00278	0.01149	0.00543	0.00483
55	0.00675	0.00482	0.00643	0.00771	0.00803	0.00450	0.00514	0.00771	0.01060	0.01414	0.03053	0.80175	0.03663	0.01735	0.00707	0.00225	0.00321	0.01574	0.00514	0.00450
56	0.84448	0.01071	0.00814	0.00728	0.01071	0.01242	0.00600	0.01628	0.00943	0.02485	0.00771	0.00900	0.00600	0.00514	0.00343	0.00171	0.00428	0.00300	0.00343	0.00600
57	0.01307	0.01494	0.03268	0.02334	0.02894	0.01401	0.75070	0.01774	0.01307	0.01774	0.01120	0.01494	0.00840	0.00467	0.00654	0.00187	0.00934	0.00654	0.00280	0.00747
58	0.02105	0.01551	0.01662	0.01274	0.01717	0.01717	0.01053	0.75235	0.02604	0.03490	0.01330	0.01330	0.00942	0.00665	0.00554	0.00166	0.00609	0.00499	0.00554	0.00942
59	0.00796	0.00573	0.00787	0.00787	0.00850	0.00636	0.00564	0.00923	0.00860	0.01209	0.01578	0.02698	0.01611	0.31689	0.51116	0.00763	0.01142	0.00670	0.00311	0.00437
60	0.84448	0.01071	0.00814	0.00728	0.01071	0.01242	0.00600	0.01628	0.00943	0.02485	0.00771	0.00900	0.00600	0.00514	0.00343	0.00171	0.00428	0.00300	0.00343	0.00600
61	0.84448	0.01071	0.00814	0.00728	0.01071	0.01242	0.00600	0.01628	0.00943	0.02485	0.00771	0.00900	0.00600	0.00514	0.00343	0.00171	0.00428	0.00300	0.00343	0.00600
62	0.00805	0.00537	0.00604	0.00604	0.00604	0.00537	0.00336	0.00805	0.00805	0.01074	0.01745	0.03624	0.02013	0.80536	0.02819	0.00537	0.00537	0.00805	0.00336	0.00336
63	0.01032	0.00516	0.00516	0.00516	0.00645	0.00516	0.00387	0.01290	0.01161	0.02065	0.01807	0.02065	0.01420	0.00645	0.00387	0.00129	0.00258	0.00516	0.83611	0.00516
64	0.08420	0.00952	0.01251	0.00967	0.01389	0.00845	0.00798	0.02622	0.01539	0.72036	0.02083	0.01814	0.01315	0.00673	0.00541	0.00171	0.00468	0.00538	0.00661	0.00918
65	0.00773	0.00558	0.00731	0.00704	0.00825	0.00515	0.00522	0.01018	0.01517	0.02140	0.69431	0.11725	0.05070	0.01192	0.00659	0.00179	0.00267	0.01059	0.00600	0.00515
66	0.01378	0.01190	0.01252	0.01127	0.01440	0.01378	0.00877	0.02943	0.76081	0.02317	0.02254	0.02066	0.01691	0.00751	0.00564	0.00188	0.00438	0.00626	0.00564	0.00877
67	0.00791	0.00593	0.00890	0.00890	0.00989	0.00692	0.00692	0.00989	0.00890	0.01286	0.01483	0.02176	0.01385	0.04154	0.78341	0.00890	0.01483	0.00593	0.00297	0.00494
68	0.00675	0.00482	0.00643	0.00771	0.00803	0.00450	0.00514	0.00771	0.01060	0.01414	0.03053	0.80175	0.03663	0.01735	0.00707	0.00225	0.00321	0.01574	0.00514	0.00450
69	0.02105	0.01551	0.01662	0.01274	0.01717	0.01717	0.01053	0.75235	0.02604	0.03490	0.01330	0.01330	0.00942	0.00665	0.00554	0.00166	0.00609	0.00499	0.00554	0.00942
70	0.00810	0.00550	0.00654	0.00669	0.00690	0.00556	0.00420	0.00852	0.00864	0.01155	0.01875	0.05444	0.02125	0.65587	0.07764	0.00526	0.00595	0.08143	0.00354	0.00367
71	0.02485	0.00943	0.01285	0.00985	0.01414	0.00814	0.00814	0.02699	0.01585	0.77465	0.02185	0.01885	0.01371	0.00685	0.00557	0.00171	0.00471	0.00557	0.00685	0.00943
72	0.01148	0.00984	0.01148	0.00820	0.01312	0.00738	0.00656	0.01395	0.01148	0.01805	0.00984	0.01148	0.00820	0.00410	0.00410	0.00082	0.00410	0.00328	0.00328	0.83922
73	0.01322	0.01748	0.20505	0.02087	0.12021	0.01404	0.32764	0.05255	0.01275	0.03633	0.01062	0.01364	0.00814	0.00568	0.00762	0.00187	0.11625	0.00542	0.00286	0.00775
74	0.84448	0.01071	0.00814	0.00728	0.01071	0.01242	0.00600	0.01628	0.00943	0.02485	0.00771	0.00900	0.00600	0.00514	0.00343	0.00171	0.00428	0.00300	0.00343	0.00600
75	0.00675	0.00482	0.00643	0.00771	0.00803	0.00450	0.00514	0.00771	0.01060	0.01414	0.03053	0.80175	0.03663	0.01735	0.00707	0.00225	0.00321	0.01574	0.00514	0.00450
76	0.01395	0.01427	0.05807	0.03079	0.64762	0.03259	0.01650	0.04475	0.01293	0.01834	0.01029	0.01342	0.00859	0.00529	0.00614	0.00169	0.04854	0.00486	0.00281	0.00857
77	0.01488	0.01453	0.02670	0.02064	0.07116	0.01479	0.46058	0.16724	0.01526	0.03609	0.01138	0.01431	0.00862	0.00567	0.00748	0.00187	0.09164	0.00592	0.00340	0.00784
78	0.01082	0.00632	0.00836	0.00747	0.00930	0.00574	0.00574	0.01335	0.01571	0.15418	0.63704	0.03742	0.04550	0.01054	0.00636	0.00174	0.00298	0.00924	0.00623	0.00596
79	0.00679	0.00484	0.00642	0.00766	0.00798	0.00452	0.00509	0.00772	0.01053	0.01404	0.03015	0.77977	0.03616	0.03998	0.00768	0.00234	0.00328	0.01552	0.00509	0.00447
80	0.00676	0.00514	0.00625	0.00711	0.00798	0.00463	0.00498	0.00793	0.01135	0.01450	0.03895	0.52599	0.27880	0.01617	0.00692	0.00214	0.00315	0.04153	0.00514	0.00458
81	0.01378	0.01190	0.01252	0.01127	0.01440	0.01378	0.00877	0.02943	0.76081	0.02317	0.02254	0.02066	0.01691	0.00751	0.00564	0.00188	0.00438	0.00626	0.00564	0.00877
82	0.84448	0.01071	0.00814	0.00728	0.01071	0.01242	0.00600	0.01628	0.00943	0.02485	0.00771	0.00900	0.00600	0.00514	0.00343	0.00171	0.00428	0.00300	0.00343	0.00600
83	0.84448	0.01071	0.00814	0.00728	0.01071	0.01242	0.00600	0.01628	0.00943	0.02485	0.00771	0.00900	0.00600	0.00514	0.00343	0.00171	0.00428	0.00300	0.00343	0.00600
84	0.00707	0.00572	0.00634	0.00673	0.00812	0.00518	0.00483	0.00921	0.05896	0.01518	0.04475	0.32184	0.45665	0.01482	0.00668	0.00201	0.00305	0.01281	0.00517	0.00487
85	0.01148	0.00984	0.01148	0.00820	0.01312	0.00738	0.00656	0.01395	0.01148	0.01805	0.00984	0.01148	0.00820	0.00410	0.00410	0.00082	0.00410	0.00328	0.00328	0.83922
86	0.01172	0.00998	0.01161	0.00831	0.01322	0.00762	0.00666	0.03175	0.01184	0.01845	0.00993	0.01153	0.00823	0.00416	0.00414	0.00084	0.00415	0.00332	0.00334	0.81921
87	0.00674	0.00551	0.00597	0.00622	0.00778	0.00474	0.00461	0.00817	0.01242	0.01520	0.08061	0.17970	0.58251	0.01453	0.00668	0.00196	0.00297	0.04381	0.00518	0.00469
88	0.65505	0.09159	0.01154	0.02569	0.05206	0.01342	0.00730	0.03527	0.01042	0.04452	0.00844	0.00974	0.00659	0.00518	0.00371	0.00166	0.00469	0.00326	0.00341	0.00644
89	0.04922	0.22512	0.12635	0.01787	0.21524	0.15764	0.01311	0.04925	0.01320	0.05312	0.00979	0.01149	0.00791	0.00535	0.00506	0.00152	0.02410	0.00400	0.00295	0.00771
90	0.64201	0.02994	0.02559	0.00794	0.01168	0.01196	0.00670	0.01744	0.04025	0.07977	0.00959	0.01047	0.00725	0.00527	0.00377	0.00163	0.00443	0.00337	0.00371	0.07722
91	0.01032	0.00516	0.00516	0.00516	0.00645	0.00516	0.00387	0.01290	0.01161	0.02065	0.01807	0.02065	0.01420	0.00645	0.00387	0.00129	0.00258	0.00516	0.83611	0.00516
92	0.01427	0.01212	0.01281	0.01132	0.01458	0.01389	0.00885	0.08279	0.69061	0.02393	0.02159	0.01992	0.01617	0.00738	0.00560	0.00184	0.00450	0.00610	0.00558	0.02614
93	0.02476	0.00957	0.01294	0.00992	0.01421	0.00835	0.00820	0.04424	0.01609	0.75706	0.02165	0.01872	0.01361	0.00685	0.00557	0.00171	0.00475	0.00556	0.00682	0.00943
94	0.01448	0.61413	0.14067	0.01131	0.01651	0.05992	0.04546	0.01707	0.01164	0.01395	0.00824	0.00964	0.00715	0.00486	0.00402	0.00131	0.00663	0.00333	0.00241	0.00725
95	0.01760	0.08597	0.01440	0.01053	0.01425	0.01294	0.00863	0.18494	0.26274	0.21587	0.04180	0.02046	0.07023	0.00748	0.00549	0.00172	0.00482	0.00600	0.00560	0.00852
96	0.00832	0.00644	0.00772	0.00724	0.00861	0.03463	0.00543	0.01089	0.01568	0.02188	0.73919	0.04018	0.05055	0.01111	0.00647	0.00173	0.00289	0.00977	0.00597	0.00527
97	0.00791	0.00593	0.00890	0.00890	0.00989	0.00692	0.00692	0.00989	0.00890	0.01286	0.01483	0.02176	0.01385	0.04154	0.78341	0.00890	0.01483	0.00593	0.00297	0.00494
98	0.01228	0.02905	0.08930	0.44318	0.19843	0.02798	0.01559	0.06384	0.01247	0.01666	0.01006	0.01385	0.00778	0.00557	0.00584	0.00178	0.03167	0.00478	0.00272	0.00717
99	0.02285	0.00917	0.01233	0.00964	0.01360	0.00808	0.00789	0.02555	0.04399	0.67643	0.09109	0.02101	0.01741	0.00729	0.00566	0.00172	0.00451	0.00601	0.00674	0.00901
100	0.23433	0.00676	0.00615	0.00585	0.00779	0.00718	0.00455	0.01416	0.01113	0.04071	0.01539	0.01748	0.01199	0.00611	0.00380	0.00141	0.00309	0.00459	0.59204	0.00549
101	0.00782	0.00549	0.00640	0.00640	0.00681	0.00550	0.00400	0.00831	0.00883	0.01165	0.02259	0.03654	0.12611	0.57961	0.13655	0.00539	0.00640	0.00826	0.00355	0.00378
102	0.03173	0.06029	0.50814	0.02028	0.22187	0.01338	0.03328	0.01732	0.01189	0.01765	0.00993	0.01210	0.00749	0.00514	0.00522	0.00170	0.00758	0.00429	0.00248	0.00822
103	0.01296	0.01401	0.02869	0.10029	0.06496	0.01344	0.56987	0.03785	0.01311	0.01790	0.01100	0.01458	0.00833	0.00479	0.00619	0.00178	0.00856	0.00603	0.00287	0.06278
104	0.00803	0.00571	0.00699	0.00676	0.00825	0.00510	0.00503	0.01009	0.01425	0.04955	0.45021	0.12456	0.25985	0.01258	0.00655	0.00183	0.00282	0.01094	0.00575	0.00516
105	0.01049	0.00740	0.01067	0.04483	0.01249	0.00686	0.08492	0.01301	0.03444	0.12278	0.18162	0.13913	0.26948	0.02799	0.00686	0.00195	0.00409	0.00996	0.00518	0.00588
106	0.01028	0.00972	0.01491	0.23500	0.02061	0.02722	0.08789	0.01263	0.01086	0.01478	0.03820	0.16244	0.06860	0.01016	0.02406	0.00217	0.20543	0.00768	0.03157	0.00578
107	0.01307	0.01494	0.03268	0.02334	0.02894	0.01401	0.75070	0.01774	0.01307	0.01774	0.01120	0.01494	0.00840	0.00467	0.00654	0.00187	0.00934	0.00654	0.00280	0.00747
108	0.02070	0.02609	0.01572	0.01422	0.01712	0.76148	0.01070	0.04275	0.01599	0.01416	0.00869	0.01008	0.00720	0.00573	0.00501	0.00143	0.00988	0.00361	0.00293	0.00651
109	0.01192	0.06650	0.66096	0.01488	0.02235	0.01276	0.01869	0.01770	0.01194	0.05740	0.01139	0.01437	0.00857	0.00580	0.00531	0.00176	0.00774	0.03920	0.00271	0.00805
110	0.01371	0.01316	0.02248	0.03399	0.77081	0.01316	0.01700	0.01700	0.01261	0.01809	0.01042	0.01371	0.00877	0.00493	0.00548	0.00164	0.00658	0.00493	0.00274	0.00877
111	0.00793	0.00588	0.00861	0.00861	0.00950	0.00677	0.00656	0.00970	0.00882	0.01264	0.01510	0.02322	0.01448	0.11877	0.70705	0.00854	0.01388	0.00615	0.00301	0.00478
112	0.00791	0.00593	0.00890	0.00890	0.00989	0.00692	0.00692	0.00989	0.00890	0.01286	0.01483	0.02176	0.01385	0.04154	0.78341	0.00890	0.01483	0.00593	0.00297	0.00494
113	0.01341	0.01407	0.06275	0.05267	0.63097	0.01321	0.09705	0.01703	0.01257	0.01792	0.01046	0.01377	0.00860	0.00494	0.00559	0.00168	0.00699	0.00506	0.00272	0.00853
114	0.01046	0.00984	0.01661	0.79205	0.03814	0.01230	0.01538	0.01415	0.01107	0.01415	0.00984	0.01477	0.00738	0.00554	0.00554	0.00185	0.00738	0.00492	0.00246	0.00615
115	0.00802	0.00552	0.00682	0.00682	0.00709	0.00579	0.00433	0.00855	0.00828	0.01131	0.01674	0.03230	0.01842	0.59769	0.23353	0.00633	0.00794	0.00748	0.00325	0.00379
116	0.01148	0.00984	0.01148	0.00820	0.01312	0.00738	0.00656	0.01395	0.01148	0.01805	0.00984	0.01148	0.00820	0.00410	0.00410	0.00082	0.00410	0.00328	0.00328	0.83922
117	0.07550	0.01579	0.11308	0.05784	0.02678	0.01381	0.54250	0.01723	0.01233	0.01788	0.01055	0.01399	0.00796	0.00505	0.00665	0.00187	0.04529	0.00584	0.00276	0.00731
118	0.01481	0.80869	0.02902	0.00948	0.01421	0.02191	0.00948	0.01658	0.01125	0.01303	0.00770	0.00888	0.00711	0.00474	0.00355	0.00118	0.00592	0.00296	0.00237	0.00711
119	0.00915	0.00728	0.04407	0.00702	0.00933	0.00579	0.00577	0.01153	0.03225	0.09493	0.23237	0.04390	0.45203	0.01201	0.00636	0.00182	0.00325	0.01013	0.00544	0.00557
120	0.01205	0.02410	0.55480	0.01863	0.11890	0.01277	0.10429	0.01767	0.01208	0.03841	0.01047	0.01252	0.00761	0.00517	0.00542	0.00173	0.00792	0.00450	0.00259	0.02838
121	0.00754	0.00571	0.00645	0.00628	0.00797	0.00495	0.00470	0.00933	0.01361	0.04083	0.28242	0.08440	0.47988	0.01310	0.00654	0.00184	0.00282	0.01116	0.00550	0.00499
122	0.00771	0.00566	0.00722	0.00683	0.00819	0.00517	0.00512	0.01020	0.01537	0.02148	0.69602	0.04257	0.12458	0.01160	0.00653	0.00175	0.00263	0.01018	0.00600	0.00517
123	0.03400	0.01074	0.01847	0.48020	0.03054	0.01273	0.14343	0.01465	0.01108	0.01541	0.01025	0.01469	0.00797	0.00598	0.00719	0.00188	0.10991	0.00516	0.05941	0.00630
124	0.01273	0.25964	0.51430	0.01375	0.02071	0.01578	0.01667	0.05621	0.01232	0.01712	0.00945	0.01094	0.00717	0.00518	0.00477	0.00158	0.00740	0.00380	0.00252	0.00793
125	0.00734	0.00550	0.00680	0.00677	0.00804	0.00497	0.00497	0.00937	0.01405	0.01904	0.46679	0.17808	0.22191	0.01303	0.00663	0.00186	0.00276	0.01143	0.00570	0.00497
126	0.00778	0.00566	0.00732	0.00690	0.00824	0.00520	0.00518	0.01034	0.01554	0.02187	0.73506	0.04192	0.08530	0.01145	0.00653	0.00175	0.00262	0.01009	0.00605	0.00520
127	0.01481	0.01618	0.01596	0.09973	0.17740	0.28694	0.03930	0.03597	0.08255	0.01630	0.01613	0.09561	0.06462	0.00743	0.00560	0.00170	0.00717	0.00619	0.00350	0.00690
128	0.00916	0.00760	0.01081	0.01013	0.01076	0.00955	0.00798	0.01075	0.00877	0.01297	0.01303	0.02038	0.01260	0.10277	0.48133	0.00659	0.23235	0.00581	0.02157	0.00511
129	0.00675	0.00482	0.00643	0.00771	0.00803	0.00450	0.00514	0.00771	0.01060	0.01414	0.03053	0.80175	0.03663	0.01735	0.00707	0.00225	0.00321	0.01574	0.00514	0.00450
130	0.02192	0.01092	0.03154	0.01039	0.01453	0.01008	0.00869	0.16323	0.06116	0.51922	0.05275	0.01964	0.03527	0.00720	0.00563	0.00172	0.00490	0.00582	0.00635	0.00905
131	0.01242	0.05601	0.56364	0.01778	0.10665	0.03743	0.05758	0.05293	0.01267	0.01815	0.01009	0.01200	0.00741	0.00525	0.00529	0.00171	0.00793	0.00430	0.00258	0.00818

[dist]
# distance from previous block
# <min> <max>
3	4

[block]
# block no. 4 follows, 43 sequences, length 49
# corresponding to MSA columns:
# 591-639
name=unknown_E
#
# <colnr> <probs for GDERKNQSTAVLIFYWHMCP>
#	G	D	E	R	K	N	Q	S	T	A	V	L	I	F	Y	W	H	M	C	P
0	0.84448	0.01071	0.00814	0.00728	0.01071	0.01242	0.00600	0.01628	0.00943	0.02485	0.00771	0.00900	0.00600	0.00514	0.00343	0.00171	0.00428	0.00300	0.00343	0.00600
1	0.00784	0.00566	0.00740	0.00697	0.00827	0.00523	0.00523	0.01045	0.01568	0.02221	0.76789	0.04137	0.05226	0.01132	0.00653	0.00174	0.00261	0.01002	0.00610	0.00523
2	0.01096	0.00832	0.01043	0.02448	0.01230	0.00696	0.02400	0.01352	0.03841	0.06845	0.03393	0.22357	0.04412	0.00851	0.00526	0.00141	0.00399	0.00743	0.02656	0.42739
3	0.00675	0.00482	0.00643	0.00771	0.00803	0.00450	0.00514	0.00771	0.01060	0.01414	0.03053	0.80175	0.03663	0.01735	0.00707	0.00225	0.00321	0.01574	0.00514	0.00450
4	0.01148	0.00984	0.01148	0.00820	0.01312	0.00738	0.00656	0.01395	0.01148	0.01805	0.00984	0.01148	0.00820	0.00410	0.00410	0.00082	0.00410	0.00328	0.00328	0.83922
5	0.02105	0.01551	0.01662	0.01274	0.01717	0.01717	0.01053	0.75235	0.02604	0.03490	0.01330	0.01330	0.00942	0.00665	0.00554	0.00166	0.00609	0.00499	0.00554	0.00942
6	0.84448	0.01071	0.00814	0.00728	0.01071	0.01242	0.00600	0.01628	0.00943	0.02485	0.00771	0.00900	0.00600	0.00514	0.00343	0.00171	0.00428	0.00300	0.00343	0.00600
7	0.84448	0.01071	0.00814	0.00728	0.01071	0.01242	0.00600	0.01628	0.00943	0.02485	0.00771	0.00900	0.00600	0.00514	0.00343	0.00171	0.00428	0.00300	0.00343	0.00600
8	0.00798	0.00688	0.00879	0.09425	0.09309	0.00654	0.00686	0.00975	0.01207	0.01499	0.05759	0.04311	0.49476	0.09084	0.00850	0.00221	0.00402	0.02814	0.00444	0.00517
9	0.00675	0.00482	0.00643	0.00771	0.00803	0.00450	0.00514	0.00771	0.01060	0.01414	0.03053	0.80175	0.03663	0.01735	0.00707	0.00225	0.00321	0.01574	0.00514	0.00450
10	0.01378	0.01190	0.01252	0.01127	0.01440	0.01378	0.00877	0.02943	0.76081	0.02317	0.02254	0.02066	0.01691	0.00751	0.00564	0.00188	0.00438	0.00626	0.00564	0.00877
11	0.01145	0.00972	0.01131	0.00812	0.01295	0.00732	0.00649	0.01392	0.01149	0.01812	0.01006	0.01173	0.00836	0.00416	0.00410	0.00083	0.00406	0.00333	0.02561	0.81685
12	0.01176	0.01119	0.01890	0.47937	0.32261	0.01274	0.01593	0.01524	0.01161	0.01567	0.01001	0.01429	0.00792	0.00540	0.00581	0.00178	0.02510	0.00493	0.00257	0.00717
13	0.67459	0.01037	0.00873	0.00793	0.01111	0.01182	0.00657	0.06111	0.01103	0.02448	0.03604	0.01616	0.01058	0.00655	0.00412	0.00180	0.00443	0.08268	0.00383	0.00609
14	0.00687	0.00487	0.00639	0.00755	0.00784	0.00458	0.00497	0.00774	0.01036	0.01381	0.02926	0.72752	0.03503	0.09376	0.00912	0.00255	0.00342	0.01500	0.00497	0.00439
15	0.01307	0.01494	0.03268	0.02334	0.02894	0.01401	0.75070	0.01774	0.01307	0.01774	0.01120	0.01494	0.00840	0.00467	0.00654	0.00187	0.00934	0.00654	0.00280	0.00747
16	0.01157	0.00836	0.00976	0.00924	0.01123	0.00888	0.02063	0.03799	0.29479	0.07048	0.02487	0.28729	0.04067	0.03973	0.00678	0.00205	0.00395	0.00949	0.09557	0.00667
17	0.00678	0.00487	0.00644	0.00764	0.00803	0.00453	0.00512	0.00781	0.01082	0.01443	0.05598	0.75904	0.05384	0.01707	0.00704	0.00222	0.00318	0.01546	0.00517	0.00453
18	0.84448	0.01071	0.00814	0.00728	0.01071	0.01242	0.00600	0.01628	0.00943	0.02485	0.00771	0.00900	0.00600	0.00514	0.00343	0.00171	0.00428	0.00300	0.00343	0.00600
19	0.00675	0.00482	0.00643	0.00771	0.00803	0.00450	0.00514	0.00771	0.01060	0.01414	0.03053	0.80175	0.03663	0.01735	0.00707	0.00225	0.00321	0.01574	0.00514	0.00450
20	0.01987	0.01386	0.01520	0.01195	0.01601	0.01514	0.00976	0.54079	0.12222	0.11178	0.03563	0.01571	0.01203	0.00721	0.00596	0.02124	0.00559	0.00535	0.00564	0.00906
21	0.74114	0.01044	0.00853	0.00748	0.01094	0.01181	0.00615	0.01725	0.01012	0.09910	0.00939	0.01028	0.00698	0.00535	0.00365	0.00170	0.00428	0.00331	0.02578	0.00632
