[name]
unknown

[dist]
# distance from previous block
# <min> <max>
0	0

[block]
# block no. 0 follows, 47 sequences, length 26
# corresponding to MSA columns:
# 0-25
name=unknown_A
#
# <colnr> <probs for GDERKNQSTAVLIFYWHMCP>
#	G	D	E	R	K	N	Q	S	T	A	V	L	I	F	Y	W	H	M	C	P
0	0.00839	0.00599	0.00839	0.00959	0.01079	0.00599	0.00839	0.01079	0.01199	0.01558	0.02757	0.05874	0.02997	0.01439	0.00719	0.00240	0.00480	0.74945	0.00480	0.00480
1	0.85377	0.01007	0.00765	0.00685	0.01007	0.01168	0.00564	0.01531	0.00886	0.02336	0.00725	0.00846	0.00564	0.00483	0.00322	0.00161	0.00403	0.00282	0.00322	0.00564
2	0.01289	0.01237	0.02114	0.03196	0.78450	0.01237	0.01598	0.01598	0.01186	0.01701	0.00980	0.01289	0.00825	0.00464	0.00516	0.00155	0.00619	0.00464	0.00258	0.00825
3	0.01289	0.01237	0.02114	0.03196	0.78450	0.01237	0.01598	0.01598	0.01186	0.01701	0.00980	0.01289	0.00825	0.00464	0.00516	0.00155	0.00619	0.00464	0.00258	0.00825
4	0.01229	0.01405	0.03073	0.02195	0.02722	0.01317	0.76558	0.01668	0.01229	0.01668	0.01054	0.01405	0.00790	0.00439	0.00615	0.00176	0.00878	0.00615	0.00263	0.00702
5	0.01139	0.01139	0.01595	0.01367	0.01367	0.01595	0.01139	0.01253	0.00798	0.01253	0.00684	0.01139	0.00684	0.00911	0.01709	0.00228	0.80745	0.00456	0.00228	0.00570
6	0.01980	0.01459	0.01563	0.01198	0.01615	0.01615	0.00990	0.76713	0.02448	0.03282	0.01250	0.01250	0.00886	0.00625	0.00521	0.00156	0.00573	0.00469	0.00521	0.00886
7	0.01289	0.01237	0.02114	0.03196	0.78450	0.01237	0.01598	0.01598	0.01186	0.01701	0.00980	0.01289	0.00825	0.00464	0.00516	0.00155	0.00619	0.00464	0.00258	0.00825
8	0.01392	0.82012	0.02729	0.00891	0.01337	0.02061	0.00891	0.01559	0.01058	0.01225	0.00724	0.00835	0.00668	0.00446	0.00334	0.00111	0.00557	0.00278	0.00223	0.00668
9	0.00983	0.00926	0.01562	0.80447	0.03587	0.01157	0.01446	0.01331	0.01041	0.01331	0.00926	0.01388	0.00694	0.00521	0.00521	0.00174	0.00694	0.00463	0.00231	0.00579
10	0.00828	0.00591	0.00826	0.00946	0.01061	0.00589	0.00819	0.01059	0.01187	0.01545	0.02764	0.10157	0.03022	0.01450	0.00716	0.00238	0.00469	0.70776	0.00480	0.00476
11	0.00755	0.00514	0.00616	0.00616	0.00633	0.00531	0.00376	0.00788	0.00772	0.01046	0.01597	0.03163	0.01787	0.67700	0.16503	0.00565	0.00665	0.00721	0.00309	0.00342
12	0.00618	0.00519	0.00537	0.00551	0.00710	0.00438	0.00406	0.00745	0.01164	0.01398	0.04989	0.14114	0.69321	0.01356	0.00621	0.00180	0.00268	0.01145	0.00484	0.00438
13	0.01295	0.01119	0.01178	0.01060	0.01354	0.01295	0.00824	0.02767	0.77509	0.02178	0.02120	0.01943	0.01590	0.00707	0.00530	0.00177	0.00412	0.00589	0.00530	0.00824
14	0.01328	0.01189	0.01952	0.12794	0.59826	0.01225	0.01492	0.05015	0.03405	0.05175	0.01065	0.01340	0.00853	0.00493	0.00517	0.00158	0.00613	0.00470	0.00291	0.00799
15	0.01295	0.01119	0.01178	0.01060	0.01354	0.01295	0.00824	0.02767	0.77509	0.02178	0.02120	0.01943	0.01590	0.00707	0.00530	0.00177	0.00412	0.00589	0.00530	0.00824
16	0.01045	0.02694	0.79000	0.01484	0.02254	0.01209	0.01924	0.01649	0.01099	0.01649	0.00935	0.01099	0.00660	0.00495	0.00495	0.00165	0.00770	0.00385	0.00220	0.00770
17	0.00905	0.00452	0.00678	0.00678	0.00678	0.00452	0.00452	0.00678	0.00678	0.00905	0.00905	0.01583	0.00905	0.01809	0.02035	0.84848	0.00452	0.00452	0.00226	0.00226
18	0.02289	0.00902	0.01249	0.01029	0.04795	0.00787	0.00803	0.02496	0.01477	0.75345	0.02006	0.01751	0.01268	0.00636	0.00523	0.00161	0.00451	0.00521	0.00627	0.00883
19	0.01295	0.01119	0.01178	0.01060	0.01354	0.01295	0.00824	0.02767	0.77509	0.02178	0.02120	0.01943	0.01590	0.00707	0.00530	0.00177	0.00412	0.00589	0.00530	0.00824
20	0.01045	0.02694	0.79000	0.01484	0.02254	0.01209	0.01924	0.01649	0.01099	0.01649	0.00935	0.01099	0.00660	0.00495	0.00495	0.00165	0.00770	0.00385	0.00220	0.00770
21	0.00905	0.00452	0.00678	0.00678	0.00678	0.00452	0.00452	0.00678	0.00678	0.00905	0.00905	0.01583	0.00905	0.01809	0.02035	0.84848	0.00452	0.00452	0.00226	0.00226
22	0.85377	0.01007	0.00765	0.00685	0.01007	0.01168	0.00564	0.01531	0.00886	0.02336	0.00725	0.00846	0.00564	0.00483	0.00322	0.00161	0.00403	0.00282	0.00322	0.00564
23	0.85377	0.01007	0.00765	0.00685	0.01007	0.01168	0.00564	0.01531	0.00886	0.02336	0.00725	0.00846	0.00564	0.00483	0.00322	0.00161	0.00403	0.00282	0.00322	0.00564
24	0.02273	0.00891	0.01198	0.00923	0.01313	0.00783	0.00757	0.04791	0.01496	0.73853	0.02016	0.01811	0.01297	0.03355	0.00595	0.00172	0.00449	0.00530	0.00630	0.00867
25	0.01289	0.01237	0.02114	0.03196	0.78450	0.01237	0.01598	0.01598	0.01186	0.01701	0.00980	0.01289	0.00825	0.00464	0.00516	0.00155	0.00619	0.00464	0.00258	0.00825

[dist]
# distance from previous block
# <min> <max>
4	5

[block]
# block no. 1 follows, 47 sequences, length 66
# corresponding to MSA columns:
# 31-96
name=unknown_B
#
# <colnr> <probs for GDERKNQSTAVLIFYWHMCP>
#	G	D	E	R	K	N	Q	S	T	A	V	L	I	F	Y	W	H	M	C	P
0	0.01303	0.00999	0.01096	0.00983	0.01258	0.01111	0.00763	0.02445	0.57936	0.09776	0.08282	0.06199	0.03958	0.00792	0.00545	0.00176	0.00392	0.00669	0.00541	0.00773
1	0.01075	0.00926	0.01106	0.05109	0.01362	0.00719	0.00662	0.01312	0.01078	0.01677	0.00926	0.01097	0.00767	0.00393	0.00393	0.00082	0.00402	0.00317	0.00304	0.80292
2	0.00757	0.00505	0.00568	0.00568	0.00568	0.00505	0.00316	0.00757	0.00757	0.01010	0.01641	0.03408	0.01893	0.81698	0.02651	0.00505	0.00505	0.00757	0.00316	0.00316
3	0.01285	0.01249	0.02179	0.03128	0.73282	0.01243	0.06714	0.01603	0.01189	0.01699	0.00985	0.01297	0.00823	0.00462	0.00522	0.00156	0.00636	0.00474	0.00258	0.00817
4	0.01072	0.00973	0.01562	0.73397	0.03411	0.01198	0.01406	0.08037	0.01166	0.01504	0.00954	0.01376	0.00711	0.00530	0.00521	0.00172	0.00683	0.00463	0.00257	0.00606
5	0.00634	0.00453	0.00604	0.00725	0.00755	0.00423	0.00483	0.00725	0.00997	0.01329	0.02870	0.81358	0.03444	0.01632	0.00665	0.00211	0.00302	0.01480	0.00483	0.00423
6	0.01080	0.00926	0.01080	0.00771	0.01234	0.00694	0.00617	0.01311	0.01080	0.01697	0.00926	0.01080	0.00771	0.00386	0.00386	0.00077	0.00386	0.00309	0.00309	0.84882
7	0.00756	0.00512	0.00604	0.00604	0.00616	0.00524	0.00360	0.00780	0.00768	0.01036	0.01608	0.03227	0.01815	0.71360	0.12881	0.00549	0.00623	0.00731	0.00311	0.00335
8	0.00744	0.00558	0.00837	0.00837	0.00930	0.00651	0.00651	0.00930	0.00837	0.01209	0.01395	0.02046	0.01302	0.03906	0.79635	0.00837	0.01395	0.00558	0.00279	0.00465
9	0.00971	0.00485	0.00485	0.00485	0.00607	0.00485	0.00364	0.01213	0.01092	0.01942	0.01699	0.01942	0.01335	0.00607	0.00364	0.00121	0.00243	0.00485	0.84589	0.00485
10	0.00971	0.00485	0.00485	0.00485	0.00607	0.00485	0.00364	0.01213	0.01092	0.01942	0.01699	0.01942	0.01335	0.00607	0.00364	0.00121	0.00243	0.00485	0.84589	0.00485
11	0.02254	0.01018	0.01290	0.00989	0.01395	0.00961	0.00817	0.19636	0.01711	0.61401	0.01869	0.01652	0.01196	0.00640	0.00523	0.00160	0.00473	0.00511	0.00616	0.00886
12	0.00637	0.00455	0.00607	0.00723	0.00756	0.00425	0.00484	0.00732	0.01010	0.01349	0.04847	0.79325	0.03483	0.01617	0.00663	0.00210	0.00301	0.01466	0.00486	0.00425
13	0.01319	0.01130	0.01191	0.01065	0.01363	0.01306	0.00830	0.05334	0.74903	0.02217	0.02089	0.01919	0.01565	0.00704	0.00530	0.00176	0.00418	0.00585	0.00530	0.00826
14	0.00757	0.00505	0.00568	0.00568	0.00568	0.00505	0.00316	0.00757	0.00757	0.01010	0.01641	0.03408	0.01893	0.81698	0.02651	0.00505	0.00505	0.00757	0.00316	0.00316
15	0.01131	0.00952	0.01035	0.00971	0.01202	0.01075	0.00737	0.02256	0.57938	0.01994	0.05617	0.18878	0.02129	0.00918	0.00562	0.00183	0.00381	0.00793	0.00522	0.00725
16	0.01111	0.00925	0.01083	0.00775	0.01236	0.00696	0.00621	0.01341	0.01090	0.03597	0.00953	0.01097	0.00784	0.00392	0.00389	0.00079	0.00387	0.00314	0.00317	0.82813
17	0.00757	0.00506	0.00574	0.00574	0.00576	0.00508	0.00323	0.00761	0.00759	0.01014	0.01635	0.03377	0.01880	0.79941	0.04389	0.00512	0.00525	0.00753	0.00315	0.00319
18	0.04866	0.02448	0.67661	0.01393	0.02092	0.01193	0.01744	0.05426	0.01177	0.01785	0.04776	0.01234	0.00878	0.00529	0.00494	0.00164	0.00717	0.00412	0.00257	0.00752
19	0.01337	0.62744	0.05156	0.00901	0.01306	0.03474	0.00876	0.03203	0.01121	0.03232	0.04568	0.02606	0.02855	0.02052	0.02550	0.00148	0.00566	0.00382	0.00271	0.00651
20	0.01242	0.00921	0.01096	0.00791	0.01246	0.00703	0.00636	0.01469	0.01133	0.11627	0.01071	0.01169	0.00838	0.00419	0.00403	0.00088	0.00393	0.00336	0.00352	0.74066
21	0.00779	0.00544	0.00715	0.00677	0.00806	0.00503	0.00515	0.01023	0.01460	0.03828	0.72589	0.03942	0.04733	0.01074	0.00617	0.00168	0.00262	0.04693	0.00570	0.00500
22	0.03239	0.00499	0.00493	0.00491	0.00617	0.00504	0.00369	0.01222	0.01087	0.01952	0.01673	0.01912	0.01314	0.00603	0.00363	0.00122	0.00247	0.00480	0.82325	0.00487
23	0.01295	0.01119	0.01178	0.01060	0.01354	0.01295	0.00824	0.02767	0.77509	0.02178	0.02120	0.01943	0.01590	0.00707	0.00530	0.00177	0.00412	0.00589	0.00530	0.00824
24	0.03490	0.03218	0.05196	0.01411	0.18358	0.00971	0.00963	0.08910	0.02828	0.25972	0.09053	0.01910	0.06802	0.00653	0.00514	0.00152	0.00475	0.00549	0.00458	0.08117
25	0.01352	0.72923	0.11468	0.00959	0.01442	0.01963	0.01009	0.01570	0.01063	0.01274	0.00748	0.00866	0.00667	0.00451	0.00353	0.00118	0.00581	0.00291	0.00222	0.00680
26	0.85377	0.01007	0.00765	0.00685	0.01007	0.01168	0.00564	0.01531	0.00886	0.02336	0.00725	0.00846	0.00564	0.00483	0.00322	0.00161	0.00403	0.00282	0.00322	0.00564
27	0.01830	0.01478	0.01523	0.01211	0.01553	0.08564	0.00990	0.56939	0.04095	0.02790	0.01174	0.01244	0.00871	0.00654	0.00659	0.00163	0.10490	0.00459	0.02502	0.00810
28	0.00734	0.00532	0.00692	0.00652	0.00776	0.00490	0.00489	0.00977	0.01467	0.02072	0.76388	0.03918	0.06711	0.01071	0.00614	0.00164	0.00246	0.00946	0.00571	0.00490
29	0.00757	0.00505	0.00568	0.00568	0.00568	0.00505	0.00316	0.00757	0.00757	0.01010	0.01641	0.03408	0.01893	0.81698	0.02651	0.00505	0.00505	0.00757	0.00316	0.00316
30	0.01289	0.54497	0.27708	0.01094	0.01643	0.03257	0.01232	0.01599	0.01080	0.01365	0.00795	0.00924	0.00666	0.00463	0.00389	0.00129	0.00634	0.00314	0.00223	0.00700
31	0.00710	0.00535	0.00606	0.00621	0.00763	0.00473	0.00453	0.00879	0.03030	0.04167	0.12503	0.25167	0.45549	0.01336	0.00623	0.00184	0.00282	0.01152	0.00500	0.00466
32	0.00849	0.00626	0.00832	0.00922	0.01050	0.00635	0.00778	0.01180	0.07974	0.01602	0.05110	0.13445	0.04964	0.01379	0.00691	0.00227	0.00442	0.56304	0.00487	0.00504
33	0.01657	0.01794	0.01508	0.02871	0.01581	0.37299	0.02603	0.14860	0.08234	0.01706	0.00997	0.01173	0.00812	0.00734	0.02869	0.00182	0.17709	0.00421	0.00326	0.00663
34	0.00615	0.00528	0.00528	0.00528	0.00703	0.00440	0.00396	0.00747	0.01187	0.01407	0.05276	0.05012	0.78238	0.01319	0.00615	0.00176	0.00264	0.01099	0.00484	0.00440
35	0.00765	0.00622	0.00704	0.02297	0.00884	0.00597	0.00515	0.01135	0.12376	0.01754	0.30177	0.05503	0.38483	0.01130	0.00602	0.00172	0.00289	0.00964	0.00516	0.00516
36	0.01101	0.00938	0.01091	0.00781	0.01243	0.00716	0.00626	0.03094	0.01112	0.01734	0.00933	0.01084	0.00774	0.00391	0.00389	0.00079	0.00390	0.00312	0.00314	0.82896
37	0.00744	0.00558	0.00837	0.00837	0.00930	0.00651	0.00651	0.00930	0.00837	0.01209	0.01395	0.02046	0.01302	0.03906	0.79635	0.00837	0.01395	0.00558	0.00279	0.00465
38	0.00628	0.00524	0.00548	0.00550	0.00713	0.00444	0.00409	0.00769	0.01205	0.01469	0.12205	0.08652	0.67477	0.01310	0.00618	0.00176	0.00264	0.01103	0.00492	0.00444
39	0.01086	0.01051	0.01649	0.40556	0.20267	0.03841	0.06241	0.01476	0.06427	0.01501	0.01431	0.03887	0.07147	0.00611	0.00536	0.00169	0.00632	0.00557	0.00289	0.00646
40	0.01289	0.01237	0.02114	0.03196	0.78450	0.01237	0.01598	0.01598	0.01186	0.01701	0.00980	0.01289	0.00825	0.00464	0.00516	0.00155	0.00619	0.00464	0.00258	0.00825
41	0.00769	0.00567	0.00772	0.00760	0.00813	0.00643	0.00546	0.00880	0.00804	0.01134	0.01454	0.02525	0.01499	0.33761	0.45978	0.00678	0.05085	0.00630	0.00290	0.00413
42	0.77248	0.01029	0.00896	0.00928	0.08494	0.01175	0.00664	0.01537	0.00915	0.02275	0.00750	0.00889	0.00589	0.00482	0.00341	0.00161	0.00424	0.00300	0.00316	0.00589
43	0.01243	0.01191	0.02031	0.14801	0.67204	0.01225	0.01575	0.01558	0.01164	0.01646	0.00971	0.01304	0.00805	0.00473	0.00516	0.00158	0.00630	0.00464	0.00254	0.00788
44	0.01422	0.01610	0.01553	0.01358	0.01452	0.28916	0.01093	0.01543	0.01035	0.01261	0.00726	0.01069	0.00679	0.00780	0.01275	0.00195	0.52796	0.00414	0.00242	0.00582
45	0.01080	0.00926	0.01080	0.00771	0.01234	0.00694	0.00617	0.01311	0.01080	0.01697	0.00926	0.01080	0.00771	0.00386	0.00386	0.00077	0.00386	0.00309	0.00309	0.84882
46	0.00737	0.00532	0.00696	0.00655	0.00778	0.00491	0.00491	0.00983	0.01474	0.02088	0.78175	0.03890	0.04914	0.01065	0.00614	0.00164	0.00246	0.00942	0.00573	0.00491
47	0.01367	0.01182	0.01216	0.01078	0.01382	0.03405	0.00842	0.08624	0.69522	0.02242	0.02016	0.01861	0.01509	0.00696	0.00528	0.00174	0.00439	0.00573	0.00522	0.00823
48	0.85377	0.01007	0.00765	0.00685	0.01007	0.01168	0.00564	0.01531	0.00886	0.02336	0.00725	0.00846	0.00564	0.00483	0.00322	0.00161	0.00403	0.00282	0.00322	0.00564
49	0.05752	0.00965	0.02831	0.01040	0.04847	0.00886	0.00814	0.02387	0.13805	0.54234	0.02013	0.03912	0.02740	0.00675	0.00520	0.00165	0.00444	0.00554	0.00577	0.00836
50	0.01168	0.00988	0.03155	0.00821	0.01270	0.00762	0.00676	0.06374	0.01193	0.04642	0.02621	0.02928	0.00939	0.00455	0.00413	0.00093	0.00406	0.00368	0.00342	0.70386
51	0.00646	0.00462	0.00618	0.00739	0.00774	0.00433	0.00504	0.00746	0.01009	0.01343	0.02864	0.76949	0.03418	0.01620	0.00668	0.00213	0.00312	0.05772	0.00483	0.00426
52	0.01400	0.01223	0.02020	0.02930	0.68944	0.01222	0.01507	0.05484	0.01272	0.07381	0.01071	0.01322	0.00862	0.00485	0.00516	0.00155	0.00604	0.00469	0.00299	0.00832
53	0.08604	0.01247	0.08049	0.01555	0.01957	0.02677	0.39734	0.01461	0.01161	0.03698	0.04175	0.13773	0.04867	0.00706	0.00595	0.00176	0.02048	0.00715	0.00330	0.02472
54	0.03187	0.07488	0.53831	0.01603	0.11496	0.01267	0.02990	0.04256	0.03033	0.01716	0.00963	0.01130	0.00715	0.00492	0.00483	0.00157	0.00700	0.00394	0.00249	0.03848
55	0.01372	0.77447	0.07118	0.00925	0.01389	0.02012	0.00951	0.01565	0.01061	0.01250	0.00736	0.00851	0.00668	0.00448	0.00343	0.00114	0.00569	0.00285	0.00223	0.00674
56	0.00634	0.00453	0.00604	0.00725	0.00755	0.00423	0.00483	0.00725	0.00997	0.01329	0.02870	0.81358	0.03444	0.01632	0.00665	0.00211	0.00302	0.01480	0.00483	0.00423
57	0.00631	0.00529	0.00550	0.00548	0.00718	0.00448	0.00413	0.00776	0.01215	0.01476	0.12304	0.04919	0.69719	0.01296	0.00617	0.00176	0.00266	0.02460	0.00492	0.00445
58	0.01149	0.01009	0.01229	0.01098	0.10785	0.02175	0.00759	0.03380	0.02708	0.01742	0.00963	0.01125	0.00796	0.00411	0.00410	0.00092	0.00430	0.00338	0.00312	0.69090
59	0.00634	0.00457	0.00601	0.00716	0.00753	0.00424	0.00479	0.00726	0.01006	0.01333	0.02981	0.77858	0.06874	0.01617	0.00662	0.00210	0.00300	0.01463	0.00483	0.00424
60	0.01302	0.01276	0.05257	0.01146	0.01460	0.07857	0.06366	0.04341	0.46760	0.03836	0.04732	0.02019	0.07079	0.00723	0.00579	0.00173	0.03286	0.00599	0.00463	0.00748
61	0.00757	0.00505	0.00568	0.00568	0.00568	0.00505	0.00316	0.00757	0.00757	0.01010	0.01641	0.03408	0.01893	0.81698	0.02651	0.00505	0.00505	0.00757	0.00316	0.00316
62	0.01139	0.01139	0.01595	0.01367	0.01367	0.01595	0.01139	0.01253	0.00798	0.01253	0.00684	0.01139	0.00684	0.00911	0.01709	0.00228	0.80745	0.00456	0.00228	0.00570
63	0.01289	0.01237	0.02114	0.03196	0.78450	0.01237	0.01598	0.01598	0.01186	0.01701	0.00980	0.01289	0.00825	0.00464	0.00516	0.00155	0.00619	0.00464	0.00258	0.00825
64	0.01945	0.02482	0.01476	0.01342	0.01610	0.79608	0.01006	0.02079	0.01476	0.01275	0.00805	0.00939	0.00671	0.00537	0.00470	0.00134	0.00939	0.00335	0.00268	0.00604
65	0.02024	0.01286	0.01446	0.01114	0.01523	0.01364	0.00917	0.53032	0.05226	0.22576	0.01485	0.01409	0.01015	0.00628	0.00519	0.00157	0.00529	0.00484	0.00548	0.02717

[dist]
# distance from previous block
# <min> <max>
0	11

[block]
# block no. 2 follows, 47 sequences, length 70
# corresponding to MSA columns:
# 108-177
name=unknown_C
#
# <colnr> <probs for GDERKNQSTAVLIFYWHMCP>
#	G	D	E	R	K	N	Q	S	T	A	V	L	I	F	Y	W	H	M	C	P
0	0.01192	0.35564	0.45840	0.01253	0.01883	0.01565	0.02997	0.01612	0.01085	0.01474	0.00850	0.00996	0.00666	0.00473	0.00431	0.00143	0.00684	0.00345	0.00222	0.00726
1	0.82174	0.01071	0.03736	0.00715	0.01054	0.01170	0.00616	0.01535	0.00894	0.02310	0.00733	0.00856	0.00568	0.00484	0.00329	0.00161	0.00417	0.00286	0.00318	0.00572
2	0.01048	0.02635	0.76061	0.01480	0.02220	0.01224	0.01894	0.01634	0.01088	0.01634	0.00925	0.01101	0.00661	0.00511	0.00541	0.00167	0.03807	0.00388	0.00220	0.00762
3	0.00750	0.00534	0.00717	0.00717	0.00769	0.00586	0.00502	0.00853	0.00802	0.01120	0.01504	0.02651	0.01565	0.38492	0.45408	0.00689	0.00999	0.00647	0.00295	0.00399
4	0.01166	0.01217	0.02028	0.01610	0.01764	0.01514	0.23223	0.01375	0.00924	0.01375	0.00792	0.01217	0.00715	0.00773	0.01389	0.00213	0.57359	0.00502	0.00238	0.00609
5	0.00971	0.00485	0.00485	0.00485	0.00607	0.00485	0.00364	0.01213	0.01092	0.01942	0.01699	0.01942	0.01335	0.00607	0.00364	0.00121	0.00243	0.00485	0.84589	0.00485
6	0.01080	0.00926	0.01080	0.00771	0.01234	0.00694	0.00617	0.01311	0.01080	0.01697	0.00926	0.01080	0.00771	0.00386	0.00386	0.00077	0.00386	0.00309	0.00309	0.84882
7	0.00737	0.00532	0.00696	0.00655	0.00778	0.00491	0.00491	0.00983	0.01474	0.02088	0.78175	0.03890	0.04914	0.01065	0.00614	0.00164	0.00246	0.00942	0.00573	0.00491
8	0.00634	0.00453	0.00604	0.00725	0.00755	0.00423	0.00483	0.00725	0.00997	0.01329	0.02870	0.81358	0.03444	0.01632	0.00665	0.00211	0.00302	0.01480	0.00483	0.00423
9	0.01881	0.04743	0.01520	0.01330	0.01587	0.72664	0.01011	0.02015	0.01423	0.01272	0.00795	0.00948	0.00671	0.00556	0.00540	0.00139	0.05696	0.00341	0.00265	0.00604
10	0.01289	0.01237	0.02114	0.03196	0.78450	0.01237	0.01598	0.01598	0.01186	0.01701	0.00980	0.01289	0.00825	0.00464	0.00516	0.00155	0.00619	0.00464	0.00258	0.00825
11	0.00754	0.02621	0.00748	0.00661	0.00792	0.00532	0.00502	0.00998	0.01463	0.02066	0.76189	0.03812	0.04805	0.01049	0.00607	0.00162	0.00254	0.00925	0.00564	0.00496
12	0.00757	0.00505	0.00568	0.00568	0.00568	0.00505	0.00316	0.00757	0.00757	0.01010	0.01641	0.03408	0.01893	0.81698	0.02651	0.00505	0.00505	0.00757	0.00316	0.00316
13	0.01295	0.01119	0.01178	0.01060	0.01354	0.01295	0.00824	0.02767	0.77509	0.02178	0.02120	0.01943	0.01590	0.00707	0.00530	0.00177	0.00412	0.00589	0.00530	0.00824
14	0.01045	0.02694	0.79000	0.01484	0.02254	0.01209	0.01924	0.01649	0.01099	0.01649	0.00935	0.01099	0.00660	0.00495	0.00495	0.00165	0.00770	0.00385	0.00220	0.00770
15	0.00756	0.00509	0.00591	0.00591	0.00599	0.00517	0.00344	0.00772	0.00764	0.01027	0.01620	0.03291	0.01842	0.75013	0.09266	0.00533	0.00581	0.00740	0.00312	0.00328
16	0.01295	0.01119	0.01178	0.01060	0.01354	0.01295	0.00824	0.02767	0.77509	0.02178	0.02120	0.01943	0.01590	0.00707	0.00530	0.00177	0.00412	0.00589	0.00530	0.00824
17	0.01126	0.01120	0.01570	0.01350	0.01353	0.01564	0.01123	0.01243	0.00799	0.01252	0.00707	0.01170	0.00704	0.01011	0.04305	0.00248	0.78102	0.00459	0.00230	0.00566
18	0.00615	0.00528	0.00528	0.00528	0.00703	0.00440	0.00396	0.00747	0.01187	0.01407	0.05276	0.05012	0.78238	0.01319	0.00615	0.00176	0.00264	0.01099	0.00484	0.00440
19	0.00750	0.00549	0.00706	0.00664	0.00793	0.00513	0.00499	0.01029	0.03644	0.02076	0.74409	0.03859	0.06417	0.01060	0.00612	0.00164	0.00251	0.00935	0.00570	0.00500
20	0.02336	0.00886	0.01209	0.00927	0.01329	0.00765	0.00765	0.02538	0.01491	0.78810	0.02055	0.01773	0.01289	0.00645	0.00524	0.00161	0.00443	0.00524	0.00645	0.00886
21	0.00718	0.00532	0.00669	0.00635	0.00766	0.00483	0.00476	0.00946	0.01429	0.01981	0.66658	0.04067	0.16498	0.01105	0.00614	0.00166	0.00249	0.00967	0.00559	0.00483
22	0.01244	0.01192	0.02033	0.14499	0.67496	0.01226	0.01576	0.01559	0.01165	0.01647	0.00972	0.01303	0.00806	0.00472	0.00516	0.00157	0.00630	0.00464	0.00254	0.00789
23	0.01288	0.01112	0.01174	0.01050	0.01350	0.01275	0.00817	0.02719	0.74963	0.02162	0.02080	0.01914	0.01562	0.00696	0.00525	0.00173	0.00411	0.00579	0.00523	0.03625
24	0.01324	0.01133	0.01194	0.01066	0.01365	0.01309	0.00831	0.05899	0.74330	0.02225	0.02083	0.01914	0.01560	0.00703	0.00530	0.00176	0.00419	0.00584	0.00530	0.00827
25	0.85377	0.01007	0.00765	0.00685	0.01007	0.01168	0.00564	0.01531	0.00886	0.02336	0.00725	0.00846	0.00564	0.00483	0.00322	0.00161	0.00403	0.00282	0.00322	0.00564
26	0.01945	0.02482	0.01476	0.01342	0.01610	0.79608	0.01006	0.02079	0.01476	0.01275	0.00805	0.00939	0.00671	0.00537	0.00470	0.00134	0.00939	0.00335	0.00268	0.00604
27	0.00737	0.00532	0.00696	0.00655	0.00778	0.00491	0.00491	0.00983	0.01474	0.02088	0.78175	0.03890	0.04914	0.01065	0.00614	0.00164	0.00246	0.00942	0.00573	0.00491
28	0.00757	0.00505	0.00568	0.00568	0.00568	0.00505	0.00316	0.00757	0.00757	0.01010	0.01641	0.03408	0.01893	0.81698	0.02651	0.00505	0.00505	0.00757	0.00316	0.00316
29	0.01161	0.00669	0.00688	0.00620	0.00797	0.00698	0.00482	0.15439	0.01348	0.02194	0.01614	0.01811	0.01250	0.00610	0.00394	0.00128	0.00305	0.00482	0.68749	0.00561
30	0.00765	0.00587	0.00870	0.00859	0.00945	0.00697	0.00669	0.00943	0.00833	0.01207	0.01363	0.02027	0.01282	0.05339	0.74050	0.00799	0.05463	0.00557	0.00277	0.00467
31	0.01045	0.02694	0.79000	0.01484	0.02254	0.01209	0.01924	0.01649	0.01099	0.01649	0.00935	0.01099	0.00660	0.00495	0.00495	0.00165	0.00770	0.00385	0.00220	0.00770
32	0.02336	0.00886	0.01209	0.00927	0.01329	0.00765	0.00765	0.02538	0.01491	0.78810	0.02055	0.01773	0.01289	0.00645	0.00524	0.00161	0.00443	0.00524	0.00645	0.00886
33	0.00650	0.00529	0.00575	0.00563	0.00724	0.00454	0.00422	0.00813	0.01267	0.01598	0.25699	0.04697	0.57695	0.01248	0.00615	0.00172	0.00259	0.01055	0.00509	0.00454
34	0.01269	0.01246	0.02200	0.05342	0.65571	0.01252	0.10479	0.01591	0.01178	0.01677	0.00980	0.01302	0.00814	0.00472	0.00553	0.00159	0.02377	0.00482	0.00257	0.00798
35	0.01045	0.02694	0.79000	0.01484	0.02254	0.01209	0.01924	0.01649	0.01099	0.01649	0.00935	0.01099	0.00660	0.00495	0.00495	0.00165	0.00770	0.00385	0.00220	0.00770
36	0.00634	0.00453	0.00604	0.00725	0.00755	0.00423	0.00483	0.00725	0.00997	0.01329	0.02870	0.81358	0.03444	0.01632	0.00665	0.00211	0.00302	0.01480	0.00483	0.00423
37	0.01945	0.02482	0.01476	0.01342	0.01610	0.79608	0.01006	0.02079	0.01476	0.01275	0.00805	0.00939	0.00671	0.00537	0.00470	0.00134	0.00939	0.00335	0.00268	0.00604
38	0.00623	0.00509	0.00550	0.00579	0.00718	0.00437	0.00419	0.00747	0.01146	0.01402	0.06179	0.23801	0.58304	0.01391	0.00628	0.00184	0.00273	0.01190	0.00485	0.00437
39	0.01289	0.01237	0.02114	0.03196	0.78450	0.01237	0.01598	0.01598	0.01186	0.01701	0.00980	0.01289	0.00825	0.00464	0.00516	0.00155	0.00619	0.00464	0.00258	0.00825
40	0.01364	0.01167	0.01200	0.01027	0.01361	0.05101	0.00805	0.07136	0.53084	0.04410	0.01784	0.01690	0.01345	0.00634	0.00500	0.00155	0.00445	0.00517	0.00480	0.15795
41	0.01289	0.01237	0.02114	0.03196	0.78450	0.01237	0.01598	0.01598	0.01186	0.01701	0.00980	0.01289	0.00825	0.00464	0.00516	0.00155	0.00619	0.00464	0.00258	0.00825
42	0.01945	0.02482	0.01476	0.01342	0.01610	0.79608	0.01006	0.02079	0.01476	0.01275	0.00805	0.00939	0.00671	0.00537	0.00470	0.00134	0.00939	0.00335	0.00268	0.00604
43	0.00905	0.00452	0.00678	0.00678	0.00678	0.00452	0.00452	0.00678	0.00678	0.00905	0.00905	0.01583	0.00905	0.01809	0.02035	0.84848	0.00452	0.00452	0.00226	0.00226
44	0.01290	0.01260	0.02046	0.09154	0.69690	0.04207	0.01564	0.01596	0.01186	0.01656	0.00969	0.01283	0.00809	0.00471	0.00514	0.00155	0.00637	0.00459	0.00256	0.00797
45	0.01045	0.02694	0.79000	0.01484	0.02254	0.01209	0.01924	0.01649	0.01099	0.01649	0.00935	0.01099	0.00660	0.00495	0.00495	0.00165	0.00770	0.00385	0.00220	0.00770
46	0.00634	0.00453	0.00604	0.00725	0.00755	0.00423	0.00483	0.00725	0.00997	0.01329	0.02870	0.81358	0.03444	0.01632	0.00665	0.00211	0.00302	0.01480	0.00483	0.00423
47	0.00634	0.00456	0.00601	0.00717	0.00753	0.00424	0.00480	0.00726	0.01005	0.01333	0.02975	0.78033	0.06702	0.01618	0.00663	0.00210	0.00300	0.01464	0.00483	0.00424
48	0.01295	0.01119	0.01178	0.01060	0.01354	0.01295	0.00824	0.02767	0.77509	0.02178	0.02120	0.01943	0.01590	0.00707	0.00530	0.00177	0.00412	0.00589	0.00530	0.00824
49	0.01356	0.73638	0.10780	0.00954	0.01433	0.01971	0.01000	0.01569	0.01063	0.01270	0.00746	0.00863	0.00667	0.00451	0.00351	0.00117	0.00579	0.00290	0.00222	0.00679
50	0.01053	0.04629	0.77139	0.01470	0.02232	0.01230	0.01899	0.01647	0.01098	0.01639	0.00929	0.01093	0.00660	0.00494	0.00491	0.00164	0.00764	0.00382	0.00220	0.00767
51	0.01155	0.00923	0.01088	0.00781	0.01240	0.00698	0.00626	0.01385	0.01104	0.06310	0.00993	0.01121	0.00802	0.00401	0.00394	0.00082	0.00389	0.00321	0.00329	0.79858
52	0.00757	0.00505	0.00568	0.00568	0.00568	0.00505	0.00316	0.00757	0.00757	0.01010	0.01641	0.03408	0.01893	0.81698	0.02651	0.00505	0.00505	0.00757	0.00316	0.00316
53	0.01420	0.01124	0.01227	0.01113	0.03629	0.01269	0.00848	0.09596	0.61414	0.07308	0.01990	0.01848	0.01475	0.00685	0.00524	0.00172	0.00431	0.00567	0.02534	0.00826
54	0.01073	0.01017	0.01724	0.57721	0.25610	0.01181	0.01491	0.01409	0.01084	0.01440	0.00941	0.01359	0.00733	0.00504	0.00519	0.00168	0.00672	0.00463	0.00239	0.00651
55	0.01413	0.16838	0.34924	0.01423	0.04984	0.16060	0.07091	0.01790	0.01210	0.08195	0.00980	0.01110	0.00734	0.00501	0.00473	0.00149	0.00736	0.00389	0.00271	0.00727
56	0.01392	0.82012	0.02729	0.00891	0.01337	0.02061	0.00891	0.01559	0.01058	0.01225	0.00724	0.00835	0.00668	0.00446	0.00334	0.00111	0.00557	0.00278	0.00223	0.00668
57	0.00630	0.00473	0.00584	0.00674	0.00742	0.00427	0.00461	0.00731	0.01046	0.01349	0.03495	0.61533	0.22867	0.01550	0.00652	0.00202	0.00292	0.01381	0.00483	0.00427
58	0.00615	0.00528	0.00528	0.00528	0.00703	0.00440	0.00396	0.00747	0.01187	0.01407	0.05276	0.05012	0.78238	0.01319	0.00615	0.00176	0.00264	0.01099	0.00484	0.00440
59	0.01269	0.01095	0.01152	0.01039	0.01329	0.01262	0.00807	0.02688	0.74505	0.02148	0.02244	0.02064	0.04606	0.00731	0.00533	0.00177	0.00406	0.00609	0.00528	0.00809
60	0.00616	0.00525	0.00531	0.00535	0.00705	0.00439	0.00399	0.00746	0.01180	0.01404	0.05181	0.08016	0.75295	0.01331	0.00617	0.00177	0.00265	0.01114	0.00484	0.00439
61	0.01229	0.01405	0.03073	0.02195	0.02722	0.01317	0.76558	0.01668	0.01229	0.01668	0.01054	0.01405	0.00790	0.00439	0.00615	0.00176	0.00878	0.00615	0.00263	0.00702
62	0.01899	0.09186	0.01581	0.01304	0.01587	0.73071	0.00996	0.02036	0.01441	0.01270	0.00798	0.00930	0.00671	0.00529	0.00458	0.00132	0.00907	0.00331	0.00264	0.00609
63	0.01080	0.00926	0.01080	0.00771	0.01234	0.00694	0.00617	0.01311	0.01080	0.01697	0.00926	0.01080	0.00771	0.00386	0.00386	0.00077	0.00386	0.00309	0.00309	0.84882
64	0.01908	0.02371	0.01475	0.01330	0.01597	0.72438	0.01005	0.05009	0.03309	0.01374	0.00850	0.00981	0.00702	0.00555	0.00508	0.00139	0.03196	0.00350	0.00283	0.00619
65	0.02100	0.00981	0.02729	0.01032	0.03258	0.03160	0.03068	0.02374	0.04757	0.62877	0.06554	0.01848	0.01465	0.00656	0.00530	0.00162	0.00468	0.00545	0.00595	0.00842
66	0.00649	0.00467	0.00615	0.00709	0.00757	0.00433	0.00482	0.00763	0.01072	0.01441	0.13829	0.67909	0.05859	0.01540	0.00656	0.00204	0.00293	0.01391	0.00496	0.00433
67	0.01365	0.73443	0.07846	0.00938	0.01400	0.01973	0.00959	0.01613	0.04069	0.01292	0.00793	0.00897	0.00704	0.00459	0.00353	0.00118	0.00566	0.00298	0.00235	0.00681
68	0.06696	0.02925	0.01440	0.01122	0.01504	0.04286	0.02507	0.40851	0.17635	0.13417	0.01481	0.01426	0.01055	0.00626	0.00508	0.00160	0.00531	0.00485	0.00508	0.00836
69	0.01271	0.01219	0.02082	0.07657	0.74127	0.01233	0.01589	0.01583	0.01177	0.01680	0.00976	0.01295	0.00817	0.00467	0.00516	0.00156	0.00623	0.00464	0.00256	0.00811

[dist]
# distance from previous block
# <min> <max>
0	1

[block]
# block no. 3 follows, 47 sequences, length 79
# corresponding to MSA columns:
# 179-257
name=unknown_D
#
# <colnr> <probs for GDERKNQSTAVLIFYWHMCP>
#	G	D	E	R	K	N	Q	S	T	A	V	L	I	F	Y	W	H	M	C	P
0	0.00826	0.00553	0.00712	0.00663	0.00806	0.00503	0.00500	0.01056	0.01440	0.06896	0.65335	0.05495	0.11089	0.01072	0.00610	0.00166	0.00261	0.00940	0.00568	0.00511
1	0.00758	0.00577	0.00712	0.00784	0.00866	0.00585	0.00546	0.01106	0.15004	0.01508	0.05025	0.64477	0.03150	0.01445	0.00639	0.00204	0.00321	0.01301	0.00495	0.00498
2	0.13090	0.00838	0.00899	0.00836	0.01028	0.02359	0.00633	0.17713	0.04823	0.02095	0.17588	0.31289	0.02637	0.01068	0.00564	0.00179	0.00382	0.00915	0.00485	0.00580
3	0.01202	0.37310	0.43245	0.01248	0.01868	0.01585	0.03860	0.01611	0.01086	0.01465	0.00846	0.00994	0.00668	0.00471	0.00428	0.00142	0.00680	0.00346	0.00223	0.00723
4	0.00757	0.00505	0.00568	0.00568	0.00568	0.00505	0.00316	0.00757	0.00757	0.01010	0.01641	0.03408	0.01893	0.81698	0.02651	0.00505	0.00505	0.00757	0.00316	0.00316
5	0.01392	0.82012	0.02729	0.00891	0.01337	0.02061	0.00891	0.01559	0.01058	0.01225	0.00724	0.00835	0.00668	0.00446	0.00334	0.00111	0.00557	0.00278	0.00223	0.00668
6	0.01139	0.01139	0.01595	0.01367	0.01367	0.01595	0.01139	0.01253	0.00798	0.01253	0.00684	0.01139	0.00684	0.00911	0.01709	0.00228	0.80745	0.00456	0.00228	0.00570
7	0.00735	0.00533	0.00689	0.00655	0.00776	0.00492	0.00491	0.00968	0.01433	0.02013	0.70798	0.03974	0.07921	0.03539	0.00679	0.00177	0.00260	0.02824	0.00559	0.00483
8	0.01275	0.01238	0.02155	0.05606	0.71391	0.01240	0.06210	0.01594	0.01184	0.01687	0.00982	0.01299	0.00819	0.00464	0.00522	0.00157	0.00637	0.00473	0.00257	0.00809
9	0.01539	0.01754	0.01843	0.02156	0.33307	0.34440	0.06531	0.01765	0.01278	0.01477	0.00923	0.02608	0.00795	0.00549	0.00597	0.00154	0.06886	0.00438	0.00264	0.00696
10	0.29910	0.07120	0.11453	0.01011	0.01413	0.08323	0.00925	0.25023	0.01478	0.02345	0.00982	0.01079	0.00740	0.00539	0.00423	0.00152	0.00553	0.00371	0.05463	0.00697
11	0.00679	0.00500	0.00636	0.00723	0.00782	0.00477	0.00493	0.00855	0.05142	0.01425	0.08185	0.65276	0.08018	0.03305	0.00695	0.00211	0.00306	0.01356	0.00488	0.00448
12	0.01254	0.06805	0.02030	0.02744	0.62940	0.01250	0.02870	0.01604	0.05052	0.01674	0.01286	0.01522	0.05619	0.00527	0.00512	0.00154	0.00587	0.00499	0.00283	0.00788
13	0.00667	0.00494	0.00623	0.00666	0.00754	0.00450	0.00471	0.00818	0.01195	0.01605	0.29317	0.41157	0.17109	0.01381	0.00639	0.00189	0.00276	0.01227	0.00514	0.00450
14	0.02841	0.60895	0.21575	0.01034	0.01558	0.01834	0.01141	0.01581	0.01065	0.01350	0.00776	0.00901	0.00664	0.00458	0.00374	0.00126	0.00607	0.00305	0.00224	0.00691
15	0.01460	0.69349	0.04598	0.00947	0.01397	0.01980	0.00931	0.11414	0.01242	0.01506	0.00799	0.00897	0.00697	0.00470	0.00363	0.00119	0.00565	0.00306	0.00262	0.00699
16	0.01079	0.10621	0.71377	0.01425	0.02162	0.01294	0.01821	0.01640	0.01095	0.01607	0.00914	0.01073	0.00661	0.00490	0.00479	0.00160	0.00748	0.00374	0.00220	0.00760
17	0.01108	0.17209	0.65042	0.01376	0.02086	0.01365	0.01735	0.01633	0.01092	0.01572	0.00896	0.01051	0.00661	0.00486	0.00465	0.00155	0.00731	0.00365	0.00220	0.00751
18	0.00752	0.00508	0.00655	0.00736	0.00812	0.00472	0.00519	0.00886	0.02344	0.05522	0.03050	0.60583	0.11394	0.02665	0.00682	0.00211	0.00324	0.06935	0.00490	0.00459
19	0.01251	0.03086	0.02263	0.16867	0.38167	0.05113	0.22447	0.01592	0.01183	0.01593	0.00976	0.01312	0.00780	0.00471	0.00538	0.00162	0.00719	0.00495	0.00254	0.00731
20	0.01201	0.01164	0.02025	0.23639	0.52006	0.01227	0.06761	0.01526	0.01144	0.01593	0.00965	0.01321	0.00785	0.00485	0.00543	0.00162	0.01980	0.00474	0.00251	0.00747
21	0.00810	0.00579	0.00806	0.00926	0.01033	0.00574	0.00789	0.01029	0.01170	0.01526	0.02773	0.16582	0.03061	0.01466	0.00712	0.00236	0.00454	0.64523	0.00480	0.00472
22	0.03526	0.01522	0.09962	0.09487	0.23972	0.10745	0.08390	0.12585	0.04494	0.07440	0.01108	0.01290	0.00838	0.00532	0.00533	0.00160	0.01864	0.00460	0.00331	0.00760
23	0.01569	0.14274	0.23832	0.01219	0.01724	0.02931	0.01227	0.39149	0.01774	0.02384	0.01135	0.03164	0.00881	0.00597	0.00490	0.00154	0.00625	0.01691	0.00383	0.00796
24	0.01392	0.82012	0.02729	0.00891	0.01337	0.02061	0.00891	0.01559	0.01058	0.01225	0.00724	0.00835	0.00668	0.00446	0.00334	0.00111	0.00557	0.00278	0.00223	0.00668
25	0.01108	0.00925	0.01083	0.00775	0.01236	0.00696	0.00620	0.01339	0.01089	0.03448	0.00951	0.01096	0.00783	0.00392	0.00389	0.00079	0.00387	0.00313	0.00316	0.82974
26	0.01542	0.01181	0.05996	0.01058	0.01406	0.01185	0.00882	0.10873	0.45961	0.17672	0.01943	0.03489	0.01438	0.02248	0.00569	0.00178	0.00458	0.00572	0.00528	0.00822
27	0.00754	0.00569	0.00841	0.00835	0.00921	0.00666	0.00645	0.00929	0.00832	0.01199	0.01391	0.02097	0.01319	0.08007	0.73609	0.00804	0.03277	0.00566	0.00280	0.00459
28	0.09700	0.02225	0.01370	0.01249	0.01511	0.67385	0.00943	0.01957	0.01381	0.01370	0.00834	0.00999	0.00700	0.00739	0.05331	0.00180	0.00917	0.00344	0.00274	0.00591
29	0.00615	0.00528	0.00528	0.00528	0.00703	0.00440	0.00396	0.00747	0.01187	0.01407	0.05276	0.05012	0.78238	0.01319	0.00615	0.00176	0.00264	0.01099	0.00484	0.00440
30	0.01945	0.02482	0.01476	0.01342	0.01610	0.79608	0.01006	0.02079	0.01476	0.01275	0.00805	0.00939	0.00671	0.00537	0.00470	0.00134	0.00939	0.00335	0.00268	0.00604
31	0.00898	0.00581	0.00748	0.00733	0.00890	0.00533	0.00583	0.01112	0.01343	0.09629	0.37005	0.06981	0.17297	0.01175	0.00632	0.00185	0.00326	0.18292	0.00539	0.00517
32	0.01780	0.01351	0.01468	0.05118	0.04902	0.05190	0.00981	0.45738	0.16156	0.08401	0.01429	0.01446	0.01040	0.01905	0.00554	0.00166	0.00558	0.00493	0.00491	0.00834
33	0.75659	0.01201	0.09781	0.00777	0.01151	0.01173	0.00721	0.01544	0.00911	0.02257	0.00749	0.00875	0.00575	0.00485	0.00342	0.00162	0.00445	0.00294	0.00310	0.00588
34	0.01392	0.82012	0.02729	0.00891	0.01337	0.02061	0.00891	0.01559	0.01058	0.01225	0.00724	0.00835	0.00668	0.00446	0.00334	0.00111	0.00557	0.00278	0.00223	0.00668
35	0.00759	0.00630	0.00679	0.00679	0.00851	0.00605	0.00512	0.01141	0.15271	0.01569	0.06757	0.15334	0.47332	0.01247	0.00612	0.00184	0.00306	0.04527	0.00495	0.00512
36	0.01289	0.01237	0.02114	0.03196	0.78450	0.01237	0.01598	0.01598	0.01186	0.01701	0.00980	0.01289	0.00825	0.00464	0.00516	0.00155	0.00619	0.00464	0.00258	0.00825
37	0.01181	0.01307	0.02741	0.16622	0.02833	0.01297	0.59983	0.01591	0.01179	0.01591	0.01017	0.01392	0.00769	0.00471	0.00636	0.00177	0.03702	0.00581	0.00256	0.00675
38	0.00824	0.00594	0.00818	0.00929	0.01053	0.00588	0.00808	0.01056	0.01198	0.01548	0.02932	0.05814	0.08227	0.01430	0.00712	0.00235	0.00465	0.69812	0.00480	0.00477
39	0.00655	0.00475	0.00623	0.00733	0.00785	0.00443	0.00514	0.00765	0.01036	0.01361	0.03073	0.66467	0.10070	0.01583	0.00666	0.00211	0.00318	0.09309	0.00483	0.00431
40	0.01335	0.01282	0.08213	0.12816	0.33192	0.02577	0.14994	0.01669	0.01203	0.11749	0.01212	0.05269	0.00974	0.00552	0.00540	0.00165	0.00655	0.00540	0.00314	0.00750
41	0.01111	0.17973	0.64308	0.01370	0.02077	0.01373	0.01725	0.01632	0.01092	0.01568	0.00894	0.01049	0.00661	0.00485	0.00464	0.00155	0.00729	0.00364	0.00220	0.00750
42	0.00634	0.00453	0.00604	0.00725	0.00755	0.00423	0.00483	0.00725	0.00997	0.01329	0.02870	0.81358	0.03444	0.01632	0.00665	0.00211	0.00302	0.01480	0.00483	0.00423
43	0.83486	0.01012	0.00796	0.00741	0.02749	0.01170	0.00587	0.01532	0.00893	0.02322	0.00731	0.00856	0.00570	0.00483	0.00327	0.00161	0.00408	0.00286	0.00321	0.00570
44	0.01347	0.01144	0.01206	0.01070	0.01374	0.01319	0.00837	0.08313	0.71880	0.02261	0.02054	0.01891	0.01537	0.00700	0.00529	0.00175	0.00424	0.00580	0.00529	0.00829
45	0.01092	0.11131	0.66747	0.01459	0.02181	0.01306	0.05818	0.01641	0.01102	0.01605	0.00918	0.01088	0.00668	0.00486	0.00484	0.00160	0.00753	0.00386	0.00223	0.00755
46	0.01341	0.01336	0.02063	0.03049	0.72345	0.07463	0.01551	0.01636	0.01209	0.01667	0.00966	0.01261	0.00813	0.00470	0.00512	0.00153	0.00644	0.00454	0.00259	0.00807
47	0.56167	0.00965	0.00921	0.00770	0.01120	0.01027	0.00635	0.01885	0.01099	0.29237	0.01193	0.01172	0.00819	0.00540	0.00393	0.00161	0.00417	0.00367	0.00436	0.00677
48	0.01198	0.01144	0.01949	0.26263	0.56096	0.01213	0.01553	0.01518	0.01143	0.01591	0.00963	0.01319	0.00786	0.00481	0.00517	0.00160	0.00641	0.00464	0.00250	0.00751
49	0.01131	0.11641	0.29758	0.01559	0.04019	0.01227	0.25499	0.01540	0.01142	0.03610	0.01304	0.09819	0.02563	0.00630	0.00540	0.00168	0.00700	0.02175	0.00285	0.00691
50	0.01402	0.00803	0.00952	0.00826	0.01099	0.00779	0.00649	0.01915	0.21167	0.28531	0.09929	0.06672	0.21231	0.00917	0.00564	0.00172	0.00365	0.00771	0.00560	0.00699
51	0.02102	0.00847	0.01126	0.00882	0.01228	0.00750	0.00707	0.04197	0.01411	0.65768	0.01975	0.01992	0.01365	0.12203	0.00827	0.00210	0.00455	0.00556	0.00594	0.00805
52	0.00784	0.05552	0.00813	0.00779	0.00866	0.00615	0.00560	0.06075	0.01111	0.01469	0.02620	0.67311	0.03075	0.01480	0.00637	0.00203	0.00345	0.04763	0.00470	0.00473
53	0.01103	0.01136	0.06243	0.01285	0.01400	0.01324	0.04970	0.06454	0.01006	0.01468	0.01206	0.13769	0.01251	0.00981	0.01281	0.00214	0.49409	0.04615	0.00302	0.00583
54	0.85377	0.01007	0.00765	0.00685	0.01007	0.01168	0.00564	0.01531	0.00886	0.02336	0.00725	0.00846	0.00564	0.00483	0.00322	0.00161	0.00403	0.00282	0.00322	0.00564
55	0.85377	0.01007	0.00765	0.00685	0.01007	0.01168	0.00564	0.01531	0.00886	0.02336	0.00725	0.00846	0.00564	0.00483	0.00322	0.00161	0.00403	0.00282	0.00322	0.00564
56	0.85377	0.01007	0.00765	0.00685	0.01007	0.01168	0.00564	0.01531	0.00886	0.02336	0.00725	0.00846	0.00564	0.00483	0.00322	0.00161	0.00403	0.00282	0.00322	0.00564
57	0.85377	0.01007	0.00765	0.00685	0.01007	0.01168	0.00564	0.01531	0.00886	0.02336	0.00725	0.00846	0.00564	0.00483	0.00322	0.00161	0.00403	0.00282	0.00322	0.00564
58	0.12000	0.10543	0.05203	0.01246	0.01632	0.19197	0.09055	0.27092	0.02716	0.02151	0.01023	0.02550	0.00806	0.00566	0.00497	0.00152	0.02066	0.00426	0.00360	0.00719
59	0.01289	0.01237	0.02114	0.03196	0.78450	0.01237	0.01598	0.01598	0.01186	0.01701	0.00980	0.01289	0.00825	0.00464	0.00516	0.00155	0.00619	0.00464	0.00258	0.00825
60	0.02264	0.00902	0.01206	0.00936	0.01331	0.00802	0.00769	0.02554	0.06774	0.73484	0.02059	0.01784	0.01310	0.00649	0.00524	0.00162	0.00441	0.00528	0.00637	0.00882
61	0.01194	0.01336	0.02848	0.10157	0.04698	0.01283	0.65610	0.01615	0.01208	0.01630	0.01116	0.01466	0.02200	0.00464	0.00603	0.00175	0.00841	0.00604	0.00264	0.00688
62	0.01540	0.01716	0.01707	0.07486	0.29185	0.33760	0.02677	0.03052	0.07950	0.01553	0.01033	0.01285	0.00853	0.00547	0.00526	0.00153	0.02280	0.01702	0.00291	0.00704
63	0.01056	0.02614	0.74324	0.01528	0.02283	0.01216	0.06520	0.01650	0.01107	0.01650	0.00942	0.01118	0.00668	0.00491	0.00502	0.00166	0.00776	0.00399	0.00223	0.00765
64	0.00994	0.00940	0.01564	0.74950	0.03432	0.01187	0.01425	0.01325	0.01024	0.01325	0.00909	0.01371	0.00693	0.00548	0.00603	0.00177	0.06258	0.00462	0.00231	0.00578
65	0.02336	0.00886	0.01209	0.00927	0.01329	0.00765	0.00765	0.02538	0.01491	0.78810	0.02055	0.01773	0.01289	0.00645	0.00524	0.00161	0.00443	0.00524	0.00645	0.00886
66	0.02260	0.03046	0.01247	0.00927	0.01324	0.00819	0.00769	0.04730	0.01508	0.72504	0.03930	0.01786	0.01353	0.00649	0.00521	0.00160	0.00445	0.00526	0.00628	0.00870
67	0.02336	0.00886	0.01209	0.00927	0.01329	0.00765	0.00765	0.02538	0.01491	0.78810	0.02055	0.01773	0.01289	0.00645	0.00524	0.00161	0.00443	0.00524	0.00645	0.00886
68	0.00647	0.00468	0.00602	0.00696	0.00743	0.00434	0.00468	0.00747	0.01033	0.01371	0.08237	0.65490	0.09636	0.05862	0.00764	0.00221	0.00306	0.01373	0.00481	0.00423
69	0.03810	0.01176	0.12624	0.01016	0.01461	0.00888	0.00937	0.02407	0.08433	0.58786	0.01868	0.01670	0.01209	0.00625	0.00516	0.00163	0.00487	0.00504	0.00565	0.00857
70	0.02087	0.00918	0.01189	0.00936	0.01307	0.00850	0.00764	0.07441	0.08663	0.60417	0.08088	0.01922	0.01580	0.00683	0.00531	0.00162	0.00433	0.00559	0.00620	0.00849
71	0.00639	0.00528	0.00562	0.00576	0.00729	0.00457	0.00423	0.00797	0.02649	0.01452	0.09331	0.16729	0.60638	0.01340	0.00621	0.00181	0.00271	0.01139	0.00490	0.00448
72	0.00742	0.00679	0.05006	0.01084	0.11019	0.00572	0.00704	0.00890	0.01033	0.01398	0.02594	0.64168	0.05291	0.01408	0.00634	0.00200	0.00368	0.01276	0.00440	0.00495
73	0.02137	0.05772	0.07755	0.00999	0.01436	0.00967	0.00892	0.10302	0.01535	0.59933	0.01800	0.01607	0.01158	0.00619	0.00510	0.00158	0.00490	0.00492	0.00572	0.00864
74	0.02090	0.01019	0.01366	0.05303	0.08493	0.00979	0.00914	0.14510	0.03288	0.53754	0.01769	0.01627	0.01157	0.00620	0.00522	0.00161	0.00493	0.00508	0.00565	0.00863
75	0.01059	0.01058	0.04172	0.59249	0.21639	0.01178	0.01498	0.01405	0.01078	0.01430	0.00939	0.01355	0.00725	0.00506	0.00519	0.00169	0.00678	0.00461	0.00237	0.00644
76	0.01687	0.01708	0.19228	0.01449	0.07154	0.01462	0.05293	0.48799	0.01968	0.04396	0.01167	0.01239	0.00834	0.00575	0.00520	0.00159	0.00634	0.00459	0.00423	0.00845
