[name]
unknown

[dist]
# distance from previous block
# <min> <max>
0	110

[block]
# block no. 0 follows, 41 sequences, length 7
# corresponding to MSA columns:
# 121-127
name=unknown_A
#
# <colnr> <probs for GDERKNQSTAVLIFYWHMCP>
#	G	D	E	R	K	N	Q	S	T	A	V	L	I	F	Y	W	H	M	C	P
0	0.03048	0.01027	0.01404	0.19799	0.08729	0.01027	0.01065	0.06994	0.04050	0.07990	0.01543	0.06173	0.01360	0.00733	0.00559	0.00167	0.00557	0.08997	0.00402	0.24376
1	0.08966	0.01146	0.01424	0.11883	0.03922	0.01169	0.02815	0.11712	0.11305	0.10966	0.01406	0.03023	0.01077	0.00617	0.00553	0.00157	0.02644	0.00496	0.00435	0.24285
2	0.11367	0.01287	0.01444	0.01305	0.07583	0.01398	0.00969	0.34614	0.11407	0.02777	0.05466	0.01646	0.01299	0.00997	0.07492	0.00236	0.00635	0.00531	0.00486	0.07061
3	0.01374	0.09725	0.08427	0.10391	0.07909	0.01135	0.04050	0.03603	0.03998	0.10884	0.02798	0.10018	0.01329	0.00686	0.00534	0.00157	0.00566	0.00589	0.00390	0.21437
4	0.01571	0.01218	0.01666	0.10583	0.09237	0.01301	0.07679	0.12143	0.25451	0.11407	0.01691	0.01768	0.01257	0.00862	0.05014	0.00222	0.00646	0.00574	0.00473	0.05236
5	0.01406	0.01391	0.10477	0.08806	0.01989	0.01137	0.09157	0.10717	0.07497	0.06158	0.01253	0.01404	0.00947	0.00536	0.00520	0.00143	0.00597	0.00462	0.00382	0.35021
6	0.01468	0.01366	0.01856	0.11218	0.31135	0.09337	0.05512	0.05334	0.05961	0.05841	0.01587	0.01780	0.07072	0.00629	0.00567	0.00168	0.00664	0.00559	0.00361	0.07585

[dist]
# distance from previous block
# <min> <max>
0	1

[block]
# block no. 1 follows, 41 sequences, length 18
# corresponding to MSA columns:
# 129-146
name=unknown_B
#
# <colnr> <probs for GDERKNQSTAVLIFYWHMCP>
#	G	D	E	R	K	N	Q	S	T	A	V	L	I	F	Y	W	H	M	C	P
0	0.01451	0.09748	0.24869	0.14184	0.08646	0.01440	0.04091	0.12255	0.06611	0.06139	0.01218	0.01388	0.00902	0.00578	0.00541	0.00172	0.00703	0.00475	0.00350	0.04237
1	0.02933	0.08581	0.27488	0.01658	0.15028	0.01263	0.03031	0.03190	0.03940	0.05864	0.01131	0.01292	0.00867	0.00522	0.00506	0.00151	0.00650	0.00429	0.00320	0.21158
2	0.01253	0.00806	0.00981	0.00873	0.01101	0.00774	0.00668	0.13438	0.01628	0.12190	0.27108	0.21616	0.08822	0.01162	0.00645	0.00187	0.00383	0.01008	0.00585	0.04772
3	0.01387	0.08177	0.28073	0.07144	0.02597	0.01502	0.29033	0.11575	0.01453	0.02000	0.01104	0.01355	0.00815	0.00537	0.00585	0.00180	0.00837	0.00527	0.00305	0.00811
4	0.00970	0.00512	0.00769	0.00769	0.00782	0.00526	0.00526	0.00782	0.00769	0.01039	0.01066	0.01807	0.01052	0.02297	0.12398	0.72246	0.00636	0.00512	0.00256	0.00284
5	0.00839	0.00897	0.11011	0.00850	0.01070	0.00639	0.00752	0.01129	0.01459	0.02044	0.49429	0.11992	0.09082	0.03037	0.00719	0.00198	0.00370	0.03369	0.00550	0.00564
6	0.01226	0.01018	0.01301	0.01208	0.11422	0.00821	0.00817	0.01478	0.01210	0.04497	0.01245	0.07717	0.01118	0.00558	0.00474	0.00112	0.00453	0.00477	0.00360	0.62488
7	0.00715	0.00517	0.00671	0.00766	0.00822	0.00479	0.00520	0.00837	0.01170	0.01566	0.13098	0.62131	0.08537	0.04313	0.00793	0.00234	0.00328	0.01493	0.00538	0.00472
8	0.01471	0.04020	0.15275	0.06766	0.04627	0.03698	0.32284	0.08049	0.02912	0.06897	0.01196	0.01445	0.00887	0.00564	0.00661	0.00183	0.04582	0.00556	0.00335	0.03592
9	0.12903	0.07274	0.01730	0.04364	0.12561	0.20951	0.01134	0.20316	0.05875	0.02237	0.01098	0.01243	0.00864	0.00617	0.00577	0.00168	0.04478	0.00441	0.00381	0.00787
10	0.01251	0.01251	0.01752	0.01502	0.01502	0.01752	0.01251	0.01377	0.00876	0.01377	0.00751	0.01251	0.00751	0.01001	0.01877	0.00250	0.78851	0.00501	0.00250	0.00626
11	0.01202	0.01088	0.01513	0.05670	0.01729	0.00885	0.10649	0.01494	0.01206	0.01836	0.01036	0.01254	0.00845	0.00440	0.00466	0.00106	0.00517	0.00394	0.00327	0.67344
12	0.00994	0.03130	0.00842	0.00739	0.00917	0.00607	0.00559	0.01198	0.01446	0.10675	0.37737	0.13907	0.20233	0.03547	0.00726	0.00198	0.00327	0.01067	0.00584	0.00569
13	0.00830	0.00556	0.00633	0.00630	0.00639	0.00554	0.00359	0.00848	0.00882	0.01184	0.06517	0.03777	0.02290	0.74897	0.02769	0.00531	0.00536	0.00845	0.00365	0.00359
14	0.01761	0.01275	0.01553	0.05323	0.11727	0.01382	0.01070	0.28436	0.18949	0.11643	0.01678	0.01786	0.01262	0.04455	0.03397	0.00221	0.00606	0.00570	0.02027	0.00878
15	0.07481	0.01386	0.03045	0.06556	0.04379	0.08581	0.01048	0.20092	0.09544	0.07867	0.01486	0.09011	0.01258	0.00799	0.00737	0.00187	0.11146	0.00601	0.00445	0.04353
16	0.03561	0.01078	0.01391	0.22000	0.03637	0.03840	0.01047	0.03524	0.11986	0.21333	0.03071	0.06806	0.02651	0.00743	0.00611	0.00180	0.03172	0.00614	0.00468	0.08288
17	0.12359	0.08606	0.01653	0.05314	0.11699	0.06050	0.03162	0.12703	0.09487	0.07856	0.02854	0.01566	0.03523	0.00621	0.00513	0.00161	0.00580	0.00495	0.00417	0.10382

[dist]
# distance from previous block
# <min> <max>
1	19

[block]
# block no. 2 follows, 41 sequences, length 9
# corresponding to MSA columns:
# 166-174
name=unknown_C
#
# <colnr> <probs for GDERKNQSTAVLIFYWHMCP>
#	G	D	E	R	K	N	Q	S	T	A	V	L	I	F	Y	W	H	M	C	P
0	0.18221	0.00977	0.01064	0.00918	0.02572	0.00973	0.00708	0.10257	0.01320	0.03541	0.03449	0.11086	0.03687	0.00847	0.02456	0.00174	0.03842	0.00596	0.08516	0.24795
1	0.18557	0.01241	0.03088	0.25584	0.14102	0.01352	0.03491	0.11882	0.07494	0.04498	0.01181	0.01414	0.00890	0.00584	0.00526	0.00179	0.00631	0.00482	0.00367	0.02455
2	0.13437	0.02427	0.01520	0.01363	0.01677	0.61967	0.01037	0.07048	0.01603	0.01709	0.00905	0.01040	0.00736	0.00588	0.00497	0.00153	0.00923	0.00370	0.00322	0.00678
3	0.09247	0.00657	0.00782	0.00830	0.00939	0.00660	0.00584	0.05915	0.01192	0.04521	0.02650	0.57500	0.03037	0.05628	0.02843	0.00255	0.00412	0.01312	0.00507	0.00529
4	0.01280	0.00679	0.00886	0.00857	0.01053	0.00612	0.00660	0.01453	0.01340	0.23393	0.07249	0.28562	0.14206	0.03397	0.00740	0.00220	0.00402	0.11803	0.00582	0.00625
5	0.02340	0.00939	0.01256	0.00984	0.01388	0.00829	0.00805	0.02619	0.04400	0.65761	0.07692	0.02132	0.01724	0.00743	0.00577	0.00176	0.00462	0.00610	0.03640	0.00923
6	0.01102	0.00641	0.00900	0.00850	0.00884	0.00695	0.00603	0.06237	0.00899	0.01218	0.01002	0.01671	0.00972	0.01810	0.02083	0.70356	0.06975	0.00498	0.00272	0.00333
7	0.01589	0.72646	0.02862	0.01027	0.01497	0.09646	0.00991	0.01769	0.01207	0.01351	0.00804	0.00929	0.00734	0.00499	0.00382	0.00125	0.00653	0.00312	0.00250	0.00727
8	0.43854	0.01073	0.01093	0.00929	0.01259	0.01191	0.00760	0.02031	0.07304	0.22086	0.04559	0.01475	0.01143	0.00672	0.00595	0.00186	0.08131	0.00458	0.00468	0.00734

[dist]
# distance from previous block
# <min> <max>
0	1

[block]
# block no. 3 follows, 41 sequences, length 27
# corresponding to MSA columns:
# 176-202
name=unknown_D
#
# <colnr> <probs for GDERKNQSTAVLIFYWHMCP>
#	G	D	E	R	K	N	Q	S	T	A	V	L	I	F	Y	W	H	M	C	P
0	0.04774	0.08085	0.01565	0.01123	0.01494	0.01284	0.00938	0.16730	0.03420	0.38652	0.01745	0.04602	0.01254	0.00760	0.00724	0.00183	0.10669	0.00563	0.00560	0.00875
1	0.12766	0.01538	0.01603	0.01243	0.01687	0.01710	0.01027	0.65000	0.02467	0.03470	0.01299	0.01316	0.00927	0.00666	0.00544	0.00172	0.00605	0.00488	0.00544	0.00927
2	0.01060	0.00989	0.01660	0.74408	0.03775	0.01228	0.01533	0.01426	0.01141	0.01461	0.01130	0.05655	0.00922	0.00636	0.00580	0.00193	0.00740	0.00568	0.00269	0.00626
3	0.00702	0.00504	0.00666	0.00786	0.00829	0.00469	0.00529	0.00811	0.01127	0.01503	0.06767	0.73688	0.05996	0.01752	0.00726	0.00229	0.00328	0.01585	0.00536	0.00469
4	0.00881	0.00651	0.00919	0.00901	0.01007	0.00743	0.00686	0.04348	0.00989	0.01405	0.01558	0.02392	0.01489	0.13469	0.64881	0.00840	0.01370	0.00635	0.00324	0.00512
5	0.01020	0.00618	0.00810	0.00779	0.00891	0.00606	0.00554	0.01167	0.01173	0.10847	0.19719	0.13771	0.02893	0.25271	0.16880	0.00448	0.00645	0.00913	0.00476	0.00520
6	0.00994	0.00497	0.00745	0.00745	0.00745	0.00497	0.00497	0.00745	0.00745	0.00994	0.00994	0.01739	0.00994	0.01987	0.02235	0.83358	0.00497	0.00497	0.00248	0.00248
7	0.01529	0.80242	0.02997	0.00979	0.01468	0.02263	0.00979	0.01713	0.01162	0.01346	0.00795	0.00918	0.00734	0.00489	0.00367	0.00122	0.00612	0.00306	0.00245	0.00734
8	0.01744	0.01299	0.01488	0.01138	0.01579	0.01307	0.02866	0.39820	0.03702	0.06574	0.04714	0.03459	0.03052	0.00675	0.00544	0.00151	0.00538	0.00541	0.00506	0.24304
9	0.04222	0.05721	0.16948	0.06703	0.03047	0.14075	0.01230	0.12062	0.04632	0.04080	0.09613	0.01690	0.01409	0.00964	0.06438	0.00231	0.05287	0.00526	0.00379	0.00740
10	0.01803	0.01578	0.13683	0.08610	0.20151	0.06209	0.02512	0.08981	0.04337	0.24209	0.01478	0.01550	0.01043	0.00611	0.00565	0.00176	0.00670	0.00514	0.00440	0.00881
11	0.01247	0.01158	0.01839	0.25100	0.15420	0.03400	0.11143	0.06180	0.01271	0.01747	0.01256	0.05533	0.01076	0.00989	0.07455	0.00252	0.07472	0.00595	0.06172	0.00696
12	0.09618	0.00630	0.00658	0.00656	0.00805	0.00637	0.00483	0.03043	0.01191	0.04870	0.02124	0.18953	0.03589	0.04628	0.00602	0.00183	0.00330	0.00778	0.45678	0.00545
13	0.00976	0.00578	0.00769	0.00814	0.00921	0.00528	0.00574	0.01115	0.01242	0.12237	0.12161	0.57555	0.05208	0.01553	0.00700	0.00217	0.00345	0.01394	0.00568	0.00546
14	0.01206	0.01195	0.01650	0.11416	0.01769	0.03691	0.01230	0.01367	0.00945	0.01391	0.00950	0.05469	0.00942	0.01118	0.04889	0.00268	0.59061	0.00562	0.00269	0.00614
15	0.01055	0.00970	0.01615	0.66558	0.03487	0.01182	0.03217	0.01389	0.01108	0.01425	0.01122	0.01813	0.00936	0.10846	0.00877	0.00238	0.00741	0.00554	0.00267	0.00601
16	0.00715	0.00548	0.00644	0.00687	0.00798	0.00490	0.00483	0.00854	0.01246	0.01607	0.15924	0.33341	0.32540	0.06412	0.00835	0.00228	0.00319	0.01315	0.00536	0.00477
17	0.07821	0.01657	0.11325	0.01265	0.01752	0.01567	0.01143	0.51926	0.02243	0.08479	0.01370	0.01391	0.00966	0.00658	0.00547	0.00172	0.00620	0.00493	0.03691	0.00914
18	0.00741	0.00556	0.00687	0.00710	0.00826	0.00502	0.00511	0.00926	0.01375	0.01845	0.35608	0.28512	0.22237	0.01436	0.00693	0.00200	0.00294	0.01265	0.00574	0.00502
19	0.01115	0.01085	0.01931	0.68664	0.03816	0.01294	0.11002	0.01509	0.01170	0.01509	0.01035	0.01527	0.00776	0.00560	0.00585	0.00191	0.00789	0.00530	0.00259	0.00653
20	0.00770	0.00588	0.00780	0.10800	0.01183	0.00590	0.00618	0.00893	0.01079	0.01402	0.02981	0.43822	0.13305	0.17153	0.01137	0.00286	0.00426	0.01264	0.00458	0.00466
21	0.47495	0.01120	0.01173	0.21529	0.01927	0.01309	0.00928	0.11030	0.01251	0.02387	0.00979	0.01200	0.00742	0.00568	0.00442	0.00178	0.00544	0.00399	0.04131	0.00666
22	0.01368	0.47612	0.34215	0.01254	0.01893	0.01869	0.01458	0.01754	0.01181	0.01542	0.00893	0.01040	0.00730	0.00512	0.00442	0.00147	0.00710	0.00355	0.00243	0.00781
23	0.01292	0.00932	0.01111	0.00837	0.01254	0.00734	0.00649	0.01504	0.01193	0.11024	0.01354	0.04620	0.01190	0.10807	0.00776	0.00163	0.00445	0.00481	0.00393	0.59243
24	0.01277	0.34145	0.31957	0.01339	0.05207	0.03097	0.01409	0.01646	0.01187	0.01570	0.01207	0.11240	0.01133	0.00682	0.00496	0.00163	0.00679	0.00534	0.00283	0.00750
25	0.01456	0.04469	0.01373	0.02442	0.01447	0.00979	0.00812	0.01687	0.01225	0.15259	0.01196	0.01326	0.00931	0.00555	0.00640	0.00126	0.10609	0.00404	0.00388	0.52673
26	0.04803	0.11535	0.09435	0.01217	0.01637	0.01578	0.01084	0.18766	0.30746	0.06668	0.01636	0.01607	0.01222	0.00694	0.00608	0.00180	0.04706	0.00526	0.00482	0.00871

[dist]
# distance from previous block
# <min> <max>
0	10

[block]
# block no. 4 follows, 41 sequences, length 52
# corresponding to MSA columns:
# 213-264
name=unknown_E
#
# <colnr> <probs for GDERKNQSTAVLIFYWHMCP>
#	G	D	E	R	K	N	Q	S	T	A	V	L	I	F	Y	W	H	M	C	P
0	0.01842	0.01339	0.01436	0.01155	0.01519	0.03768	0.00927	0.44083	0.10085	0.08523	0.13172	0.02058	0.01826	0.04761	0.00706	0.00194	0.00553	0.00626	0.00572	0.00857
1	0.00865	0.00599	0.00749	0.00709	0.00867	0.00539	0.00532	0.01098	0.01529	0.05848	0.54169	0.07990	0.19896	0.01234	0.00673	0.00185	0.00288	0.01076	0.00608	0.00546
2	0.00891	0.01365	0.26413	0.01075	0.01407	0.00794	0.01074	0.03056	0.01211	0.01679	0.06076	0.43386	0.06715	0.01293	0.00657	0.00209	0.00507	0.01140	0.00439	0.00611
3	0.05954	0.00994	0.01316	0.01014	0.01453	0.00881	0.00837	0.04437	0.01634	0.71899	0.02175	0.01891	0.01372	0.00700	0.00566	0.00177	0.00488	0.00563	0.00690	0.00959
4	0.02383	0.02293	0.01394	0.01067	0.01499	0.01032	0.00878	0.11043	0.09631	0.59198	0.02140	0.01885	0.01390	0.00709	0.00572	0.00177	0.00501	0.00572	0.00672	0.00962
5	0.01470	0.01123	0.01327	0.01267	0.09322	0.01182	0.00894	0.32393	0.04915	0.02666	0.20812	0.02723	0.10298	0.04963	0.00727	0.00196	0.00491	0.00743	0.01727	0.00762
6	0.01260	0.09514	0.01400	0.00879	0.01383	0.00961	0.00725	0.04184	0.01239	0.01873	0.01006	0.01164	0.00840	0.00440	0.00423	0.00092	0.00451	0.00342	0.00337	0.71486
7	0.02111	0.01550	0.01670	0.01283	0.01739	0.01696	0.01057	0.67237	0.04963	0.04903	0.01405	0.01400	0.01001	0.00677	0.00566	0.00168	0.00611	0.00512	0.00564	0.04888
8	0.01325	0.01898	0.27484	0.02877	0.51423	0.01349	0.01876	0.01774	0.01270	0.01849	0.01059	0.01346	0.00845	0.00521	0.00559	0.00174	0.00735	0.00480	0.00269	0.00886
9	0.00929	0.00695	0.00890	0.00901	0.04019	0.00675	0.00653	0.01330	0.09429	0.03612	0.51167	0.06072	0.10032	0.01158	0.00668	0.00189	0.00332	0.06059	0.00595	0.00595
10	0.00742	0.00530	0.00712	0.00825	0.00884	0.00501	0.00589	0.00883	0.01183	0.01586	0.10931	0.60888	0.03885	0.01695	0.00733	0.00231	0.00353	0.11828	0.00541	0.00482
11	0.01130	0.01145	0.02257	0.09807	0.04278	0.01113	0.38823	0.01493	0.01284	0.01710	0.01932	0.13591	0.04745	0.00905	0.00689	0.00210	0.00744	0.13111	0.00370	0.00664
12	0.01632	0.00961	0.01189	0.00939	0.01347	0.00818	0.00752	0.04164	0.05172	0.27170	0.01826	0.10098	0.01505	0.00740	0.00536	0.00147	0.00447	0.03589	0.00512	0.36457
13	0.01543	0.60595	0.13608	0.01110	0.01647	0.02075	0.01155	0.09506	0.01332	0.01655	0.00891	0.01008	0.00758	0.00518	0.00415	0.00136	0.00648	0.00345	0.00279	0.00776
14	0.01142	0.00818	0.00977	0.02581	0.02255	0.00822	0.00703	0.11037	0.08392	0.06676	0.22088	0.11571	0.17179	0.04908	0.00763	0.00212	0.00407	0.06273	0.00559	0.00636
15	0.01387	0.16107	0.10798	0.01611	0.05356	0.02620	0.25785	0.01752	0.01293	0.05979	0.03773	0.01450	0.01034	0.00526	0.00536	0.00154	0.00703	0.00508	0.03063	0.15566
16	0.00760	0.00576	0.00711	0.00760	0.00876	0.00526	0.00549	0.00949	0.02858	0.01682	0.16972	0.39974	0.20237	0.01518	0.00698	0.00210	0.00329	0.05955	0.00543	0.03316
17	0.11810	0.30602	0.05723	0.01238	0.01671	0.17456	0.07750	0.01954	0.07435	0.03010	0.01020	0.01151	0.00834	0.00553	0.00489	0.00152	0.02350	0.00397	0.00313	0.04091
18	0.01002	0.00709	0.00815	0.00752	0.00848	0.00729	0.00499	0.09809	0.01099	0.01485	0.01817	0.03223	0.04287	0.54989	0.11697	0.00522	0.00670	0.00758	0.00375	0.03915
19	0.01184	0.07833	0.14611	0.01191	0.01582	0.01122	0.08839	0.07325	0.06472	0.03308	0.24515	0.02725	0.07765	0.00862	0.00642	0.00180	0.02890	0.03056	0.00456	0.03444
20	0.00810	0.00585	0.00765	0.00720	0.00855	0.00540	0.00540	0.01079	0.01619	0.02294	0.76028	0.04273	0.05397	0.01169	0.00675	0.00180	0.00270	0.01034	0.00630	0.00540
21	0.01569	0.13454	0.01941	0.01396	0.01720	0.19464	0.11326	0.08593	0.13821	0.01824	0.01424	0.09723	0.01273	0.00772	0.00701	0.00180	0.09095	0.00611	0.00380	0.00733
22	0.01290	0.01304	0.02088	0.13972	0.23297	0.04735	0.12803	0.01579	0.01148	0.01597	0.01017	0.01457	0.00870	0.00965	0.07228	0.00259	0.22864	0.00535	0.00273	0.00722
23	0.00685	0.00571	0.00598	0.00610	0.00783	0.00484	0.00450	0.00832	0.01298	0.01575	0.09157	0.13359	0.64693	0.01471	0.00682	0.00197	0.00293	0.01243	0.00536	0.00484
24	0.02136	0.01469	0.01602	0.01240	0.01675	0.01600	0.01020	0.60751	0.04867	0.11314	0.01524	0.01498	0.01070	0.00691	0.00564	0.00171	0.00590	0.00527	0.04744	0.00948
25	0.00703	0.00549	0.00617	0.00660	0.00778	0.00486	0.00460	0.00819	0.01190	0.01486	0.05969	0.30253	0.42289	0.09951	0.00933	0.00245	0.00332	0.01305	0.00513	0.00463
26	0.02137	0.02726	0.01621	0.01474	0.01768	0.77602	0.01105	0.02284	0.01621	0.01400	0.00884	0.01031	0.00737	0.00589	0.00516	0.00147	0.01031	0.00368	0.00295	0.00663
27	0.05796	0.01138	0.01605	0.37512	0.12338	0.04398	0.02690	0.03631	0.08550	0.06769	0.05036	0.01873	0.04935	0.00665	0.00570	0.00184	0.00650	0.00573	0.00368	0.00719
28	0.01817	0.26009	0.04512	0.01284	0.01662	0.35527	0.01082	0.07870	0.09410	0.01677	0.01051	0.01155	0.00863	0.00599	0.00527	0.00151	0.03339	0.00397	0.00329	0.00740
29	0.83938	0.01106	0.00841	0.00752	0.01106	0.01283	0.00619	0.01681	0.00973	0.02566	0.00796	0.00929	0.00619	0.00531	0.00354	0.00177	0.00442	0.00310	0.00354	0.00619
30	0.01980	0.01501	0.01673	0.09560	0.01976	0.01684	0.01122	0.59317	0.09949	0.03252	0.01433	0.01467	0.01029	0.00683	0.00573	0.00176	0.00626	0.00528	0.00539	0.00930
31	0.02304	0.01164	0.01420	0.01109	0.01532	0.01147	0.00908	0.25755	0.05025	0.46515	0.02018	0.05458	0.01400	0.00755	0.00582	0.00179	0.00524	0.00609	0.00651	0.00946
32	0.00717	0.00520	0.00680	0.00788	0.00847	0.00483	0.00547	0.00843	0.01165	0.01547	0.09129	0.63770	0.09380	0.01704	0.00725	0.00227	0.00335	0.05578	0.00539	0.00475
33	0.00758	0.00526	0.00682	0.00767	0.00824	0.00490	0.00518	0.00874	0.01155	0.02975	0.12117	0.58995	0.06726	0.08636	0.00912	0.00252	0.00345	0.01445	0.00530	0.00474
34	0.00702	0.00506	0.00656	0.00774	0.00816	0.00470	0.00516	0.00800	0.01095	0.01448	0.03251	0.71033	0.08264	0.05705	0.00837	0.00246	0.00340	0.01560	0.00522	0.00460
35	0.01506	0.00950	0.03523	0.00915	0.01196	0.03104	0.00742	0.09856	0.01650	0.23361	0.31645	0.03082	0.07452	0.05499	0.02741	0.00218	0.00463	0.00794	0.00592	0.00710
36	0.83938	0.01106	0.00841	0.00752	0.01106	0.01283	0.00619	0.01681	0.00973	0.02566	0.00796	0.00929	0.00619	0.00531	0.00354	0.00177	0.00442	0.00310	0.00354	0.00619
37	0.01946	0.09865	0.01718	0.01209	0.01621	0.01642	0.01002	0.55663	0.02305	0.05561	0.01548	0.10455	0.01290	0.00795	0.00569	0.00174	0.00588	0.00624	0.00537	0.00888
38	0.20078	0.41948	0.12517	0.01082	0.01529	0.01850	0.01087	0.01678	0.01090	0.01690	0.00822	0.01001	0.00709	0.00570	0.00575	0.00159	0.10290	0.00347	0.00270	0.00710
39	0.45267	0.03522	0.01219	0.03736	0.01423	0.08778	0.00824	0.16647	0.04258	0.02495	0.01030	0.01221	0.00818	0.03818	0.00576	0.00190	0.02682	0.00404	0.00392	0.00700
40	0.00700	0.00516	0.00658	0.00770	0.00831	0.00473	0.00527	0.00812	0.01135	0.01481	0.03566	0.65634	0.15197	0.01731	0.00723	0.00227	0.00331	0.03686	0.00531	0.00469
41	0.01264	0.00924	0.01123	0.15861	0.01643	0.02782	0.00873	0.16520	0.01462	0.02078	0.01661	0.02441	0.01454	0.07801	0.08740	0.00284	0.00639	0.08251	0.23572	0.00629
42	0.00787	0.00580	0.00736	0.00706	0.00843	0.00529	0.00526	0.01033	0.01553	0.02158	0.63596	0.08218	0.14134	0.01236	0.00678	0.00184	0.00275	0.01086	0.00612	0.00529
43	0.00862	0.00624	0.00845	0.00947	0.01072	0.00607	0.00792	0.01096	0.01321	0.01729	0.11080	0.15186	0.09554	0.01552	0.00761	0.00245	0.00456	0.50216	0.00539	0.00517
44	0.00986	0.00877	0.01037	0.01006	0.01119	0.09000	0.00779	0.01173	0.00989	0.01332	0.01422	0.02101	0.01333	0.06035	0.62299	0.00783	0.06309	0.00586	0.00303	0.00529
45	0.00710	0.00512	0.00673	0.00778	0.00830	0.00475	0.00528	0.00832	0.01168	0.01567	0.12280	0.67201	0.06923	0.01701	0.00721	0.00224	0.00322	0.01536	0.00543	0.00475
46	0.00943	0.00744	0.01020	0.00973	0.01051	0.00884	0.00742	0.04514	0.01001	0.01423	0.01613	0.10552	0.01653	0.15621	0.41033	0.00640	0.14000	0.00734	0.00340	0.00520
47	0.47338	0.04202	0.20558	0.01145	0.05083	0.01284	0.01092	0.01838	0.01126	0.10233	0.01025	0.01132	0.00749	0.00551	0.00437	0.00176	0.00567	0.00376	0.00356	0.00733
48	0.03646	0.01074	0.01682	0.56649	0.09107	0.01258	0.01446	0.03863	0.01196	0.01636	0.01017	0.01447	0.00785	0.00569	0.00597	0.00179	0.03565	0.00484	0.00279	0.09520
49	0.01662	0.01219	0.01297	0.01096	0.01434	0.04386	0.00869	0.20024	0.29780	0.12814	0.11403	0.02390	0.07409	0.00835	0.00594	0.00182	0.00490	0.00683	0.00587	0.00845
50	0.02083	0.01602	0.01649	0.01291	0.01715	0.06367	0.01057	0.64925	0.02507	0.03327	0.01360	0.01410	0.00990	0.00862	0.04448	0.00207	0.00693	0.00511	0.02074	0.00922
51	0.01541	0.02784	0.10813	0.01431	0.09592	0.04922	0.01127	0.14065	0.24118	0.07511	0.10560	0.01944	0.01711	0.00716	0.00570	0.00175	0.00564	0.00591	0.00490	0.04776

[dist]
# distance from previous block
# <min> <max>
1	3

[block]
# block no. 5 follows, 41 sequences, length 18
# corresponding to MSA columns:
# 271-288
name=unknown_F
#
# <colnr> <probs for GDERKNQSTAVLIFYWHMCP>
#	G	D	E	R	K	N	Q	S	T	A	V	L	I	F	Y	W	H	M	C	P
0	0.09222	0.23188	0.01880	0.01245	0.03897	0.29535	0.00992	0.12523	0.01584	0.01912	0.07968	0.01357	0.01202	0.00623	0.00486	0.00151	0.00723	0.00434	0.00358	0.00720
1	0.01782	0.01537	0.01624	0.01452	0.06281	0.13794	0.05920	0.14759	0.33748	0.10286	0.01770	0.01723	0.01306	0.00687	0.00574	0.00179	0.00628	0.00565	0.00509	0.00876
2	0.06958	0.00681	0.00765	0.05891	0.01068	0.00667	0.00580	0.01115	0.05988	0.01781	0.17587	0.11305	0.37309	0.04898	0.00748	0.00210	0.00356	0.01048	0.00513	0.00533
3	0.00947	0.00759	0.00811	0.00747	0.00970	0.00729	0.00574	0.10480	0.07233	0.01987	0.15653	0.06606	0.47845	0.01266	0.00657	0.00190	0.00344	0.01060	0.00555	0.00587
4	0.01066	0.00533	0.00533	0.00533	0.00666	0.00533	0.00400	0.01333	0.01200	0.02132	0.01866	0.02132	0.01466	0.00666	0.00400	0.00133	0.00267	0.00533	0.83073	0.00533
5	0.01103	0.01040	0.01756	0.73506	0.08781	0.01277	0.01600	0.01481	0.01154	0.01489	0.01021	0.01518	0.00772	0.00568	0.00571	0.00189	0.00757	0.00508	0.00256	0.00654
6	0.01346	0.01101	0.01196	0.01080	0.01373	0.01238	0.00842	0.04060	0.56924	0.04443	0.12960	0.02645	0.04350	0.00872	0.00604	0.00193	0.00429	0.02922	0.00589	0.00833
7	0.01198	0.00736	0.01050	0.00888	0.01128	0.00662	0.06053	0.01456	0.01559	0.17684	0.45369	0.03755	0.14012	0.01061	0.00654	0.00182	0.00369	0.00936	0.00607	0.00640
8	0.01650	0.01290	0.01491	0.03777	0.07150	0.01380	0.01002	0.36728	0.14294	0.02723	0.01694	0.11824	0.01448	0.00801	0.00577	0.00174	0.00545	0.00663	0.00510	0.10279
9	0.00855	0.00596	0.00745	0.00708	0.00863	0.00537	0.00531	0.01086	0.01520	0.05534	0.53020	0.09057	0.20318	0.01246	0.00674	0.00186	0.00288	0.01087	0.00606	0.00543
10	0.63125	0.01072	0.00965	0.00820	0.01197	0.01170	0.00676	0.01964	0.01143	0.21535	0.01170	0.01189	0.00823	0.00576	0.00411	0.00177	0.00454	0.00378	0.00445	0.00710
11	0.02127	0.01486	0.01630	0.01244	0.01705	0.01589	0.01026	0.60655	0.02449	0.10899	0.01432	0.01415	0.01007	0.00665	0.00559	0.00164	0.00597	0.00505	0.00565	0.08281
12	0.01291	0.10941	0.21401	0.08113	0.04162	0.01489	0.35538	0.01753	0.01252	0.01725	0.01050	0.01361	0.00804	0.00525	0.00636	0.00180	0.03910	0.00536	0.00269	0.03062
13	0.00843	0.00668	0.00763	0.06446	0.01100	0.00624	0.00590	0.01114	0.06318	0.04575	0.07822	0.09364	0.53373	0.01321	0.00664	0.00196	0.00351	0.02800	0.00525	0.00544
14	0.00829	0.00628	0.00856	0.00857	0.00932	0.00704	0.00634	0.00974	0.00961	0.01348	0.02078	0.13688	0.07367	0.16614	0.40620	0.00637	0.06600	0.00830	0.02360	0.00482
15	0.01324	0.01035	0.03352	0.00936	0.01185	0.01022	0.00719	0.22668	0.06962	0.02101	0.01683	0.04880	0.01619	0.32469	0.01499	0.00321	0.00546	0.02741	0.03057	0.09881
16	0.18228	0.13035	0.01656	0.01205	0.03770	0.10575	0.00963	0.28513	0.09778	0.02556	0.01268	0.03790	0.01012	0.00655	0.00498	0.00167	0.00610	0.00476	0.00439	0.00805
17	0.21161	0.04555	0.07123	0.11250	0.10313	0.12111	0.04227	0.08812	0.03076	0.02017	0.01035	0.01287	0.00826	0.00813	0.05305	0.00222	0.04373	0.00444	0.00329	0.00722

[dist]
# distance from previous block
# <min> <max>
0	2

[block]
# block no. 6 follows, 41 sequences, length 28
# corresponding to MSA columns:
# 291-318
name=unknown_G
#
# <colnr> <probs for GDERKNQSTAVLIFYWHMCP>
#	G	D	E	R	K	N	Q	S	T	A	V	L	I	F	Y	W	H	M	C	P
0	0.09791	0.09391	0.01704	0.01356	0.03051	0.41457	0.01055	0.18169	0.03447	0.02026	0.01010	0.01126	0.00805	0.00610	0.00536	0.00157	0.02803	0.00402	0.00363	0.00743
1	0.02012	0.12561	0.01910	0.01399	0.01783	0.39284	0.04656	0.23900	0.03619	0.02101	0.01067	0.01170	0.00838	0.00605	0.00522	0.00155	0.00838	0.00426	0.00378	0.00777
2	0.22441	0.05419	0.01085	0.00841	0.01130	0.00972	0.00672	0.06557	0.01399	0.17029	0.21064	0.04091	0.03746	0.04363	0.00719	0.04258	0.00430	0.00647	0.00507	0.02630
3	0.00680	0.00564	0.00595	0.00620	0.00783	0.00479	0.00452	0.00816	0.01265	0.01529	0.05304	0.19232	0.62687	0.01512	0.00686	0.00200	0.00298	0.01285	0.00531	0.00479
4	0.01181	0.01149	0.01895	0.56219	0.13324	0.02918	0.06253	0.01570	0.02723	0.01553	0.01044	0.01499	0.00808	0.00586	0.00647	0.00190	0.04968	0.00519	0.00268	0.00686
5	0.01167	0.00860	0.00969	0.00898	0.01138	0.00889	0.00690	0.01905	0.29837	0.08901	0.16119	0.10526	0.20196	0.01107	0.00638	0.00195	0.00375	0.02305	0.00584	0.00700
6	0.00740	0.00530	0.00695	0.00807	0.00856	0.00502	0.00546	0.02769	0.01157	0.01548	0.05786	0.74674	0.03768	0.01740	0.00724	0.00229	0.00338	0.01575	0.00536	0.00481
7	0.01348	0.01570	0.05245	0.02450	0.06931	0.01439	0.68454	0.01828	0.01344	0.01834	0.01149	0.01527	0.00866	0.00485	0.00666	0.00191	0.00946	0.00659	0.00288	0.00781
8	0.01341	0.00719	0.00932	0.00810	0.01047	0.00650	0.00631	0.01624	0.03683	0.24474	0.46081	0.03619	0.09963	0.01044	0.00642	0.00181	0.00341	0.00901	0.00644	0.00675
9	0.01786	0.01241	0.01374	0.01130	0.01471	0.01339	0.00902	0.45547	0.06226	0.08245	0.01887	0.17612	0.01658	0.00920	0.00595	0.00183	0.00525	0.00757	0.05766	0.00837
10	0.00994	0.00497	0.00745	0.00745	0.00745	0.00497	0.00497	0.00745	0.00745	0.00994	0.00994	0.01739	0.00994	0.01987	0.02235	0.83358	0.00497	0.00497	0.00248	0.00248
11	0.01251	0.01251	0.01752	0.01502	0.01502	0.01752	0.01251	0.01377	0.00876	0.01377	0.00751	0.01251	0.00751	0.01001	0.01877	0.00250	0.78851	0.00501	0.00250	0.00626
12	0.01186	0.01017	0.01186	0.00847	0.01356	0.00762	0.00678	0.01440	0.01186	0.01864	0.01017	0.01186	0.00847	0.00424	0.00424	0.00085	0.00424	0.00339	0.00339	0.83395
13	0.01948	0.08766	0.01806	0.01555	0.01763	0.03015	0.01123	0.03118	0.01598	0.02269	0.02312	0.03381	0.02201	0.14368	0.40042	0.00771	0.05498	0.00881	0.02559	0.01027
14	0.01971	0.01451	0.01575	0.01227	0.01637	0.01590	0.01006	0.63498	0.02530	0.03410	0.12493	0.01805	0.01632	0.00759	0.00587	0.00173	0.00576	0.00592	0.00581	0.00908
15	0.01543	0.44816	0.03929	0.05616	0.01659	0.10958	0.01057	0.09040	0.01395	0.01652	0.01215	0.01843	0.01141	0.00690	0.00484	0.00157	0.00665	0.11099	0.00326	0.00715
16	0.02471	0.02022	0.01973	0.01784	0.02158	0.09917	0.01298	0.14705	0.40719	0.03180	0.04126	0.03197	0.03816	0.03360	0.01028	0.00362	0.00862	0.00894	0.00824	0.01304
17	0.01202	0.01163	0.01628	0.01435	0.01455	0.01589	0.01202	0.01348	0.00942	0.01426	0.01090	0.02026	0.01129	0.01087	0.01715	0.00252	0.67185	0.11222	0.00291	0.00611
18	0.00938	0.00848	0.00805	0.00859	0.00940	0.11973	0.00588	0.01046	0.01186	0.01471	0.08440	0.48448	0.06094	0.12422	0.00995	0.00259	0.00461	0.01265	0.00478	0.00484
19	0.64239	0.01370	0.12219	0.00907	0.01342	0.01250	0.00862	0.01801	0.01068	0.09168	0.00963	0.01063	0.00707	0.00549	0.00402	0.00178	0.00506	0.00351	0.00369	0.00685
20	0.00719	0.00581	0.00638	0.00624	0.00799	0.00501	0.00468	0.00903	0.01404	0.01784	0.28196	0.05112	0.53547	0.01360	0.00676	0.00189	0.00283	0.01152	0.00563	0.00501
21	0.00715	0.00515	0.00702	0.00815	0.00858	0.00502	0.00558	0.00830	0.01069	0.01440	0.02911	0.68014	0.03433	0.02164	0.12184	0.00335	0.00511	0.01475	0.00498	0.00471
22	0.01897	0.01417	0.01547	0.01259	0.01652	0.01565	0.01041	0.54935	0.11211	0.03177	0.01735	0.02221	0.01411	0.00830	0.00606	0.00188	0.00593	0.11250	0.00567	0.00898
23	0.01951	0.01450	0.01547	0.01206	0.01625	0.01582	0.00990	0.63460	0.02483	0.03298	0.02032	0.01989	0.12162	0.00800	0.00588	0.00175	0.00579	0.00618	0.00566	0.00900
24	0.01529	0.80242	0.02997	0.00979	0.01468	0.02263	0.00979	0.01713	0.01162	0.01346	0.00795	0.00918	0.00734	0.00489	0.00367	0.00122	0.00612	0.00306	0.00245	0.00734
25	0.06026	0.01285	0.01458	0.01161	0.01553	0.01383	0.00950	0.42254	0.04791	0.18536	0.01589	0.01630	0.01145	0.01223	0.12040	0.00285	0.00718	0.00537	0.00551	0.00884
26	0.00805	0.00569	0.00738	0.00722	0.00842	0.00528	0.00532	0.01050	0.01521	0.02162	0.61547	0.15377	0.04964	0.01237	0.00669	0.00185	0.00279	0.01098	0.04647	0.00528
27	0.01027	0.00709	0.00788	0.00733	0.00802	0.00733	0.00463	0.11792	0.01118	0.01493	0.01786	0.06065	0.01975	0.65343	0.02486	0.00486	0.00558	0.00813	0.00387	0.00444

[dist]
# distance from previous block
# <min> <max>
0	1

[block]
# block no. 7 follows, 41 sequences, length 21
# corresponding to MSA columns:
# 320-340
name=unknown_H
#
# <colnr> <probs for GDERKNQSTAVLIFYWHMCP>
#	G	D	E	R	K	N	Q	S	T	A	V	L	I	F	Y	W	H	M	C	P
0	0.01246	0.01012	0.01672	0.69860	0.03662	0.01223	0.01505	0.01610	0.01199	0.09874	0.01155	0.01572	0.00836	0.00587	0.00572	0.00189	0.00732	0.00516	0.00305	0.00673
1	0.00753	0.00574	0.00788	0.09466	0.01183	0.00567	0.00651	0.00905	0.01166	0.01540	0.08862	0.56459	0.09960	0.01571	0.00705	0.00221	0.00376	0.03252	0.00508	0.00493
2	0.00815	0.00557	0.00672	0.00687	0.00706	0.00568	0.00422	0.00856	0.00874	0.01181	0.01913	0.11993	0.02174	0.60004	0.13700	0.00572	0.00674	0.00888	0.00361	0.00384
3	0.01518	0.55313	0.02460	0.01061	0.01445	0.13859	0.00962	0.01684	0.01213	0.01369	0.01070	0.09738	0.01076	0.00676	0.00505	0.00145	0.04462	0.00473	0.00285	0.00688
4	0.00695	0.00507	0.00654	0.00772	0.00823	0.00467	0.00520	0.00799	0.01118	0.01470	0.03448	0.71251	0.11866	0.01754	0.00724	0.00228	0.00327	0.01579	0.00531	0.00467
5	0.02012	0.01416	0.01554	0.01216	0.01629	0.01539	0.00995	0.56302	0.06550	0.09437	0.09844	0.01787	0.01547	0.00747	0.00584	0.00174	0.00568	0.00585	0.00590	0.00921
6	0.01874	0.01365	0.01494	0.01190	0.01565	0.01493	0.00961	0.56014	0.04407	0.04524	0.07509	0.06935	0.01593	0.03818	0.02379	0.00208	0.00591	0.00649	0.00563	0.00869
7	0.05766	0.51321	0.02419	0.01068	0.01510	0.15460	0.00970	0.03587	0.01326	0.10497	0.00999	0.01072	0.00816	0.00540	0.00422	0.00137	0.00664	0.00354	0.00322	0.00750
8	0.01044	0.00647	0.00836	0.00818	0.00983	0.00581	0.00595	0.01244	0.02915	0.12406	0.18001	0.42354	0.05511	0.01359	0.00665	0.00199	0.00350	0.01210	0.00561	0.07723
9	0.12186	0.03653	0.31460	0.01270	0.05785	0.01032	0.01267	0.01441	0.01205	0.01859	0.08447	0.16986	0.06670	0.00931	0.00580	0.00192	0.00578	0.03399	0.00378	0.00680
10	0.01286	0.01330	0.02624	0.13377	0.06145	0.01314	0.45892	0.06469	0.01388	0.01867	0.02852	0.08677	0.02654	0.00660	0.00653	0.00193	0.00816	0.00735	0.00336	0.00733
11	0.01385	0.01010	0.01206	0.00872	0.01371	0.00774	0.00701	0.01634	0.01251	0.12654	0.01195	0.01296	0.00929	0.00465	0.00445	0.00098	0.00433	0.00373	0.00392	0.71515
12	0.01147	0.02959	0.76934	0.01630	0.02476	0.01328	0.02113	0.01811	0.01208	0.01811	0.01026	0.01208	0.00725	0.00543	0.00543	0.00181	0.00845	0.00423	0.00242	0.00845
13	0.01350	0.01543	0.03375	0.02411	0.02989	0.01446	0.74253	0.01832	0.01350	0.01832	0.01157	0.01543	0.00868	0.00482	0.00675	0.00193	0.00964	0.00675	0.00289	0.00771
14	0.01216	0.02862	0.73247	0.01600	0.02426	0.01305	0.02051	0.01859	0.01229	0.05465	0.01086	0.01244	0.00758	0.00551	0.00545	0.00181	0.00828	0.00430	0.00264	0.00852
15	0.00827	0.00602	0.00865	0.00865	0.00953	0.00686	0.00652	0.01003	0.00915	0.01319	0.01581	0.02462	0.01526	0.15237	0.64449	0.00843	0.01352	0.00643	0.02733	0.00487
16	0.00846	0.00655	0.00975	0.00958	0.01053	0.00784	0.00751	0.01045	0.00916	0.01331	0.01480	0.02181	0.01385	0.04071	0.72599	0.00875	0.06669	0.00605	0.00303	0.00518
17	0.00696	0.00502	0.00659	0.00785	0.00827	0.00466	0.00526	0.00798	0.01106	0.01464	0.03287	0.75760	0.07461	0.01775	0.00727	0.00230	0.00330	0.01605	0.00531	0.00466
18	0.01350	0.01543	0.03375	0.02411	0.02989	0.01446	0.74253	0.01832	0.01350	0.01832	0.01157	0.01543	0.00868	0.00482	0.00675	0.00193	0.00964	0.00675	0.00289	0.00771
19	0.01263	0.01014	0.01194	0.00857	0.01361	0.00767	0.00687	0.01516	0.01211	0.06058	0.01086	0.01229	0.00879	0.00440	0.00432	0.00090	0.00427	0.00352	0.00360	0.78777
20	0.05896	0.00828	0.04704	0.00808	0.01032	0.00726	0.00662	0.06074	0.03418	0.04241	0.46727	0.05697	0.14798	0.01102	0.00639	0.00183	0.00348	0.00944	0.00574	0.00599

[dist]
# distance from previous block
# <min> <max>
0	1

[block]
# block no. 8 follows, 41 sequences, length 70
# corresponding to MSA columns:
# 342-389,395-416
name=unknown_I
#
# <colnr> <probs for GDERKNQSTAVLIFYWHMCP>
#	G	D	E	R	K	N	Q	S	T	A	V	L	I	F	Y	W	H	M	C	P
0	0.01289	0.01075	0.01239	0.02457	0.01440	0.00929	0.00754	0.09184	0.08547	0.02071	0.01276	0.04770	0.01076	0.00549	0.00471	0.00113	0.00451	0.00447	0.00394	0.61468
1	0.72462	0.01109	0.00982	0.01019	0.08413	0.01260	0.00727	0.01664	0.01032	0.02487	0.03945	0.01115	0.00846	0.00555	0.00388	0.00176	0.00458	0.00359	0.00359	0.00644
2	0.01397	0.01327	0.01824	0.48480	0.11531	0.08788	0.03618	0.12788	0.01451	0.01841	0.01069	0.01442	0.00812	0.00582	0.00569	0.00181	0.00765	0.00501	0.00311	0.00724
3	0.01682	0.01289	0.04659	0.01071	0.01449	0.01293	0.00901	0.42178	0.02008	0.02849	0.01453	0.01622	0.01111	0.02833	0.04398	0.00202	0.00580	0.00511	0.19063	0.08847
4	0.11991	0.01133	0.01769	0.35555	0.12672	0.01342	0.07374	0.01540	0.01119	0.01710	0.01005	0.01418	0.00804	0.00626	0.00757	0.00193	0.13535	0.00496	0.04285	0.00674
5	0.01860	0.02160	0.01514	0.03004	0.04756	0.51093	0.01039	0.05637	0.11904	0.01636	0.01210	0.01492	0.01028	0.08331	0.00764	0.00196	0.00865	0.00468	0.00352	0.00691
6	0.02349	0.01005	0.01304	0.01009	0.01435	0.00902	0.00829	0.09571	0.01703	0.61999	0.02415	0.02149	0.07147	0.00756	0.00579	0.00176	0.00484	0.00613	0.00672	0.02903
7	0.02026	0.01239	0.01425	0.01140	0.01535	0.01299	0.00925	0.32115	0.15420	0.26001	0.07389	0.03633	0.01641	0.00770	0.00586	0.00179	0.00520	0.00621	0.00620	0.00917
8	0.02066	0.01439	0.01579	0.01239	0.01654	0.01563	0.01011	0.60873	0.02440	0.09917	0.01625	0.09027	0.01286	0.00796	0.00588	0.00178	0.00588	0.00628	0.00580	0.00923
9	0.00800	0.00683	0.00689	0.00675	0.00851	0.03112	0.00502	0.01024	0.04835	0.01655	0.15065	0.04898	0.51390	0.08078	0.00861	0.00223	0.00349	0.03279	0.00524	0.00507
10	0.01044	0.00601	0.00718	0.10336	0.01110	0.00643	0.00579	0.01319	0.01166	0.01971	0.01728	0.02067	0.01375	0.01002	0.07836	0.00216	0.00450	0.00538	0.64758	0.00544
11	0.01359	0.01037	0.01220	0.00887	0.01383	0.00819	0.00713	0.04037	0.03049	0.09217	0.01180	0.01289	0.00928	0.00468	0.00447	0.00099	0.00437	0.00375	0.00388	0.70666
12	0.01005	0.00632	0.00817	0.00751	0.00927	0.00573	0.00576	0.01256	0.01581	0.10874	0.58400	0.04187	0.11747	0.01155	0.00667	0.00183	0.00305	0.03153	0.00626	0.00584
13	0.06673	0.42308	0.02206	0.01014	0.01475	0.01710	0.00925	0.09138	0.03076	0.24447	0.01327	0.01301	0.00979	0.00583	0.00454	0.00148	0.00562	0.00415	0.00430	0.00827
14	0.00832	0.00555	0.00624	0.00624	0.00624	0.00555	0.00347	0.00832	0.00832	0.01109	0.01802	0.03743	0.02080	0.79898	0.02911	0.00555	0.00555	0.00832	0.00347	0.00347
15	0.02103	0.01546	0.01658	0.01279	0.01713	0.01709	0.01048	0.70505	0.02590	0.03472	0.01396	0.01499	0.01032	0.04904	0.00697	0.00192	0.00625	0.00532	0.00560	0.00939
16	0.00829	0.00565	0.00676	0.00676	0.00694	0.00583	0.00412	0.00865	0.00847	0.01148	0.01754	0.03477	0.01964	0.66468	0.16184	0.00619	0.00728	0.00793	0.00339	0.00376
17	0.83938	0.01106	0.00841	0.00752	0.01106	0.01283	0.00619	0.01681	0.00973	0.02566	0.00796	0.00929	0.00619	0.00531	0.00354	0.00177	0.00442	0.00310	0.00354	0.00619
18	0.66952	0.01227	0.03226	0.02505	0.01306	0.01347	0.00753	0.11994	0.01237	0.03788	0.00912	0.01028	0.00688	0.00557	0.00398	0.00177	0.00488	0.00350	0.00385	0.00682
19	0.01430	0.48870	0.19834	0.01324	0.01885	0.04062	0.09817	0.01755	0.01199	0.01511	0.00891	0.01070	0.00748	0.00519	0.00492	0.00149	0.03050	0.00383	0.00251	0.00759
20	0.01251	0.01251	0.01752	0.01502	0.01502	0.01752	0.01251	0.01377	0.00876	0.01377	0.00751	0.01251	0.00751	0.01001	0.01877	0.00250	0.78851	0.00501	0.00250	0.00626
21	0.00702	0.00501	0.00669	0.00802	0.00837	0.00469	0.00539	0.00805	0.01100	0.01466	0.03150	0.77944	0.03772	0.01787	0.00731	0.00233	0.00336	0.03159	0.00531	0.00466
22	0.00994	0.00497	0.00745	0.00745	0.00745	0.00497	0.00497	0.00745	0.00745	0.00994	0.00994	0.01739	0.00994	0.01987	0.02235	0.83358	0.00497	0.00497	0.00248	0.00248
23	0.01512	0.76823	0.06268	0.01008	0.01513	0.02222	0.01029	0.01717	0.01164	0.01366	0.00805	0.00930	0.00734	0.00492	0.00375	0.00125	0.00622	0.00311	0.00245	0.00739
24	0.01111	0.01025	0.01684	0.65160	0.09320	0.01242	0.01511	0.01529	0.04233	0.01552	0.01155	0.03504	0.00911	0.00609	0.00571	0.00188	0.00717	0.00543	0.02776	0.00660
25	0.00832	0.00555	0.00624	0.00624	0.00624	0.00555	0.00347	0.00832	0.00832	0.01109	0.01802	0.03743	0.02080	0.79898	0.02911	0.00555	0.00555	0.00832	0.00347	0.00347
26	0.02004	0.01518	0.01621	0.01282	0.01709	0.01694	0.01046	0.58252	0.19138	0.03330	0.01590	0.01546	0.01148	0.00707	0.00574	0.00177	0.00589	0.00545	0.00574	0.00957
27	0.00800	0.00584	0.00751	0.00709	0.00849	0.00536	0.00532	0.01061	0.01596	0.02239	0.70923	0.04362	0.10536	0.01190	0.00675	0.00181	0.00271	0.01047	0.00622	0.00536
28	0.00832	0.00555	0.00624	0.00624	0.00624	0.00555	0.00347	0.00832	0.00832	0.01109	0.01802	0.03743	0.02080	0.79898	0.02911	0.00555	0.00555	0.00832	0.00347	0.00347
29	0.00734	0.00582	0.00660	0.00640	0.00808	0.00507	0.00480	0.00933	0.01440	0.01869	0.36168	0.04972	0.45522	0.01328	0.00675	0.00187	0.00281	0.01132	0.00574	0.00507
30	0.00766	0.00521	0.00696	0.00808	0.00861	0.00485	0.00553	0.00881	0.01140	0.03808	0.06145	0.71821	0.03763	0.01727	0.00725	0.00229	0.00340	0.03707	0.00540	0.00485
31	0.00829	0.00566	0.00681	0.00681	0.00701	0.00586	0.00418	0.00869	0.00849	0.01151	0.01750	0.03454	0.01954	0.65263	0.17374	0.00625	0.00744	0.00789	0.00339	0.00378
32	0.03758	0.01686	0.01637	0.01306	0.01726	0.10989	0.01059	0.55776	0.11008	0.03172	0.01413	0.01411	0.01027	0.00682	0.00562	0.00171	0.00654	0.00508	0.00535	0.00920
33	0.01584	0.73288	0.02874	0.01023	0.01495	0.09023	0.00990	0.01764	0.01203	0.01351	0.00803	0.00928	0.00734	0.00498	0.00380	0.00125	0.00649	0.00311	0.00249	0.00728
34	0.83938	0.01106	0.00841	0.00752	0.01106	0.01283	0.00619	0.01681	0.00973	0.02566	0.00796	0.00929	0.00619	0.00531	0.00354	0.00177	0.00442	0.00310	0.00354	0.00619
35	0.02192	0.01500	0.01646	0.01268	0.01715	0.01630	0.01045	0.63931	0.02524	0.12693	0.01521	0.03084	0.01087	0.00712	0.00576	0.00174	0.00605	0.00546	0.00588	0.00962
36	0.00768	0.00599	0.00688	0.00680	0.00837	0.00536	0.00503	0.02981	0.01423	0.01852	0.29732	0.15435	0.39150	0.01379	0.00680	0.00193	0.00298	0.01187	0.00567	0.00514
37	0.00819	0.00607	0.00889	0.00889	0.00981	0.00699	0.00677	0.01002	0.00910	0.01305	0.01560	0.02400	0.01496	0.12005	0.70007	0.00882	0.01432	0.00635	0.00311	0.00494
38	0.00947	0.00626	0.00717	0.00676	0.00880	0.00539	0.00513	0.01123	0.01397	0.11348	0.19125	0.09087	0.48287	0.01318	0.00666	0.00191	0.00314	0.01116	0.00573	0.00556
39	0.00696	0.00503	0.00659	0.00784	0.00826	0.00466	0.00525	0.00798	0.01107	0.01465	0.03308	0.75172	0.08036	0.01772	0.00727	0.00230	0.00329	0.01601	0.00531	0.00466
40	0.01066	0.00533	0.00533	0.00533	0.00666	0.00533	0.00400	0.01333	0.01200	0.02132	0.01866	0.02132	0.01466	0.00666	0.00400	0.00133	0.00267	0.00533	0.83073	0.00533
41	0.01186	0.01017	0.01186	0.00847	0.01356	0.00762	0.00678	0.01440	0.01186	0.01864	0.01017	0.01186	0.00847	0.00424	0.00424	0.00085	0.00424	0.00339	0.00339	0.83395
42	0.00775	0.00583	0.00716	0.00683	0.00833	0.00525	0.00512	0.01012	0.01537	0.02098	0.57689	0.04594	0.23858	0.01242	0.00675	0.00183	0.00275	0.01080	0.00604	0.00525
43	0.00806	0.00585	0.00760	0.00716	0.00852	0.00538	0.00537	0.01073	0.01611	0.02275	0.74278	0.04303	0.07159	0.01176	0.00675	0.00180	0.00270	0.01039	0.00627	0.00538
44	0.01186	0.01017	0.01186	0.00847	0.01356	0.00762	0.00678	0.01440	0.01186	0.01864	0.01017	0.01186	0.00847	0.00424	0.00424	0.00085	0.00424	0.00339	0.00339	0.83395
45	0.00828	0.00555	0.00623	0.00623	0.00628	0.00553	0.00349	0.00832	0.00845	0.01121	0.01911	0.03791	0.04096	0.77761	0.02850	0.00545	0.00547	0.00842	0.00352	0.00350
46	0.81504	0.01104	0.00866	0.03037	0.01189	0.01283	0.00648	0.01675	0.00978	0.02534	0.00803	0.00947	0.00624	0.00532	0.00360	0.00177	0.00452	0.00316	0.00351	0.00620
47	0.12388	0.01516	0.01581	0.01228	0.01666	0.01685	0.01013	0.63688	0.02441	0.03442	0.01312	0.01335	0.00939	0.00667	0.00541	0.00171	0.00598	0.00490	0.02380	0.00919
48	0.00971	0.08744	0.01005	0.00793	0.00970	0.00751	0.00620	0.01210	0.03455	0.05737	0.31339	0.14405	0.13193	0.06351	0.00800	0.00216	0.00376	0.07965	0.00538	0.00561
49	0.00860	0.00616	0.00830	0.00820	0.00905	0.00692	0.00610	0.01023	0.00952	0.01390	0.01815	0.02669	0.05405	0.19144	0.46097	0.00687	0.04325	0.00675	0.10002	0.00483
50	0.01638	0.01568	0.01985	0.11452	0.38989	0.13258	0.01477	0.17106	0.01626	0.02111	0.01143	0.01466	0.00927	0.00589	0.00565	0.00171	0.00730	0.02009	0.00348	0.00843
