[name]
unknown

[dist]
# distance from previous block
# <min> <max>
0	94

[block]
# block no. 0 follows, 49 sequences, length 64
# corresponding to MSA columns:
# 108-171
name=unknown_A
#
# <colnr> <probs for GDERKNQSTAVLIFYWHMCP>
#	G	D	E	R	K	N	Q	S	T	A	V	L	I	F	Y	W	H	M	C	P
0	0.05505	0.01141	0.04672	0.09014	0.12161	0.04257	0.00980	0.18556	0.02706	0.12831	0.05007	0.07001	0.01247	0.00650	0.00524	0.00153	0.02321	0.01904	0.00402	0.08970
1	0.09948	0.01063	0.10256	0.00948	0.01249	0.02640	0.04714	0.05032	0.01219	0.13763	0.16533	0.06416	0.07833	0.02853	0.00659	0.00169	0.07187	0.00624	0.00414	0.06479
2	0.01619	0.01120	0.01350	0.01122	0.04615	0.02559	0.04626	0.28543	0.12012	0.17818	0.07426	0.01716	0.04045	0.00639	0.00509	0.00150	0.00482	0.00528	0.00487	0.08636
3	0.01274	0.00756	0.02455	0.00825	0.03016	0.00668	0.00641	0.06602	0.01433	0.23757	0.37210	0.03987	0.06122	0.00830	0.00542	0.00152	0.00344	0.00711	0.02346	0.06330
4	0.01548	0.04528	0.02669	0.01590	0.22815	0.10991	0.02227	0.12041	0.02590	0.16861	0.07708	0.01593	0.01260	0.00584	0.00495	0.00145	0.00551	0.02368	0.00396	0.07039
5	0.01169	0.00951	0.01136	0.00820	0.01265	0.00765	0.02348	0.07673	0.01177	0.04616	0.00968	0.01094	0.00777	0.00404	0.00395	0.00086	0.00402	0.00327	0.00328	0.73298
6	0.02701	0.00676	0.02747	0.00723	0.00899	0.00627	0.00567	0.02930	0.10096	0.06066	0.48468	0.09698	0.09825	0.01002	0.00575	0.00165	0.00296	0.00871	0.00526	0.00542
7	0.00767	0.00587	0.00840	0.00831	0.00937	0.00684	0.00646	0.01052	0.07264	0.01252	0.01413	0.01978	0.01287	0.03533	0.73577	0.00759	0.01275	0.00544	0.00291	0.00481
8	0.01367	0.00970	0.04515	0.02736	0.05656	0.00927	0.00803	0.14438	0.14244	0.17891	0.24831	0.02349	0.05541	0.00764	0.00537	0.00160	0.00410	0.00645	0.00512	0.00703
9	0.01271	0.00995	0.01152	0.00846	0.01273	0.00860	0.00685	0.14994	0.01301	0.06034	0.01008	0.01115	0.00793	0.00442	0.00438	0.00097	0.02453	0.00342	0.00352	0.63549
10	0.01252	0.01109	0.01297	0.01121	0.01426	0.01260	0.07176	0.02598	0.71741	0.02074	0.01972	0.01843	0.01479	0.00664	0.00521	0.00171	0.00438	0.00574	0.00493	0.00791
11	0.01162	0.00904	0.01058	0.00790	0.01205	0.00735	0.00629	0.02856	0.07533	0.07813	0.01156	0.04127	0.00952	0.00469	0.00409	0.00096	0.00381	0.00383	0.00353	0.66988
12	0.03783	0.01030	0.01338	0.15814	0.01773	0.01026	0.04862	0.19257	0.03524	0.11242	0.03160	0.02626	0.00983	0.00533	0.00469	0.00134	0.00501	0.00445	0.00386	0.27114
13	0.01646	0.28836	0.01846	0.01160	0.01456	0.47742	0.00951	0.01785	0.01244	0.01220	0.00746	0.00895	0.00652	0.00522	0.00513	0.00131	0.07494	0.00317	0.00243	0.00604
14	0.00980	0.00914	0.01486	0.74342	0.03302	0.01135	0.01354	0.01408	0.07446	0.01361	0.00995	0.01393	0.00747	0.00521	0.00506	0.00169	0.00651	0.00460	0.00249	0.00582
15	0.01293	0.12128	0.29389	0.01133	0.01673	0.04718	0.05323	0.01642	0.01134	0.12483	0.01032	0.01130	0.00765	0.00465	0.00441	0.00129	0.00587	0.00369	0.00300	0.23867
16	0.00747	0.00548	0.00675	0.00738	0.00823	0.00538	0.00515	0.02904	0.09285	0.02880	0.02849	0.63376	0.09349	0.01420	0.00621	0.00197	0.00311	0.01272	0.00478	0.00474
17	0.00955	0.00899	0.01517	0.81013	0.03483	0.01123	0.01404	0.01292	0.01011	0.01292	0.00899	0.01348	0.00674	0.00506	0.00506	0.00169	0.00674	0.00449	0.00225	0.00562
18	0.01258	0.01086	0.01143	0.01029	0.01315	0.01258	0.00800	0.02687	0.78161	0.02115	0.02058	0.01887	0.01544	0.00686	0.00515	0.00172	0.00400	0.00572	0.00515	0.00800
19	0.01049	0.00899	0.01049	0.00749	0.01198	0.00674	0.00599	0.01273	0.01049	0.01648	0.00899	0.01049	0.00749	0.00374	0.00374	0.00075	0.00374	0.00300	0.00300	0.85320
20	0.01106	0.01106	0.01549	0.01328	0.01328	0.01549	0.01106	0.01217	0.00774	0.01217	0.00664	0.01106	0.00664	0.00885	0.01659	0.00221	0.81303	0.00443	0.00221	0.00553
21	0.01922	0.01416	0.01518	0.01163	0.01568	0.01568	0.00961	0.77388	0.02378	0.03187	0.01214	0.01214	0.00860	0.00607	0.00506	0.00152	0.00556	0.00455	0.00506	0.00860
22	0.85801	0.00978	0.00743	0.00665	0.00978	0.01134	0.00548	0.01486	0.00861	0.02269	0.00704	0.00821	0.00548	0.00469	0.00313	0.00156	0.00391	0.00274	0.00313	0.00548
23	0.00722	0.00542	0.00813	0.00813	0.00903	0.00632	0.00632	0.00903	0.00813	0.01174	0.01354	0.01987	0.01264	0.03792	0.80225	0.00813	0.01354	0.00542	0.00271	0.00451
24	0.01106	0.01106	0.01549	0.01328	0.01328	0.01549	0.01106	0.01217	0.00774	0.01217	0.00664	0.01106	0.00664	0.00885	0.01659	0.00221	0.81303	0.00443	0.00221	0.00553
25	0.00734	0.00495	0.00576	0.00576	0.00585	0.00504	0.00337	0.00751	0.00743	0.00999	0.01571	0.03183	0.01784	0.74752	0.09976	0.00521	0.00573	0.00717	0.00303	0.00320
26	0.01352	0.82533	0.02650	0.00865	0.01298	0.02001	0.00865	0.01514	0.01027	0.01190	0.00703	0.00811	0.00649	0.00433	0.00324	0.00108	0.00541	0.00270	0.00216	0.00649
27	0.83639	0.00976	0.00763	0.02712	0.01042	0.01134	0.00569	0.01481	0.00864	0.02244	0.00709	0.00835	0.00551	0.00470	0.00318	0.00157	0.00398	0.00278	0.00311	0.00548
28	0.01523	0.01218	0.01293	0.01083	0.01416	0.01382	0.00865	0.32523	0.47893	0.02543	0.01721	0.01618	0.01271	0.00654	0.00511	0.00164	0.00463	0.00525	0.00511	0.00824
29	0.01821	0.01072	0.01239	0.00983	0.01353	0.02287	0.00797	0.21600	0.18084	0.33819	0.03188	0.01595	0.01229	0.00618	0.00498	0.00151	0.00455	0.00495	0.00536	0.08177
30	0.00955	0.00899	0.01517	0.81013	0.03483	0.01123	0.01404	0.01292	0.01011	0.01292	0.00899	0.01348	0.00674	0.00506	0.00506	0.00169	0.00674	0.00449	0.00225	0.00562
31	0.01191	0.01066	0.01787	0.23054	0.36597	0.01098	0.07441	0.01488	0.01111	0.06101	0.01026	0.02796	0.00830	0.00497	0.00529	0.00152	0.02665	0.00467	0.00275	0.09830
32	0.00733	0.00489	0.00552	0.00555	0.00556	0.00488	0.00310	0.00735	0.00741	0.00987	0.01620	0.05054	0.01872	0.80438	0.02531	0.00484	0.00486	0.00751	0.00310	0.00309
33	0.00742	0.00498	0.00573	0.00583	0.00593	0.00498	0.00349	0.00761	0.00771	0.01025	0.01684	0.03509	0.01928	0.75487	0.02417	0.00469	0.00488	0.06985	0.00320	0.00320
34	0.01014	0.02616	0.79609	0.01441	0.02189	0.01174	0.01868	0.01601	0.01068	0.01601	0.00907	0.01068	0.00641	0.00480	0.00480	0.00160	0.00747	0.00374	0.00214	0.00747
35	0.85801	0.00978	0.00743	0.00665	0.00978	0.01134	0.00548	0.01486	0.00861	0.02269	0.00704	0.00821	0.00548	0.00469	0.00313	0.00156	0.00391	0.00274	0.00313	0.00548
36	0.00878	0.00439	0.00659	0.00659	0.00659	0.00439	0.00439	0.00659	0.00659	0.00878	0.00878	0.01537	0.00878	0.01757	0.01976	0.85288	0.00439	0.00439	0.00220	0.00220
37	0.00724	0.00536	0.00782	0.00782	0.00862	0.00616	0.00594	0.00884	0.00804	0.01151	0.01382	0.02140	0.01331	0.12869	0.71239	0.00775	0.01254	0.00564	0.00275	0.00435
38	0.00735	0.00490	0.00552	0.00552	0.00552	0.00490	0.00306	0.00735	0.00735	0.00980	0.01593	0.03309	0.01838	0.82229	0.02574	0.00490	0.00490	0.00735	0.00306	0.00306
39	0.01208	0.01157	0.01973	0.14635	0.67886	0.01190	0.01530	0.01513	0.01131	0.01599	0.00943	0.01266	0.00782	0.00459	0.00501	0.00153	0.00612	0.00450	0.00247	0.00766
40	0.00716	0.00517	0.00676	0.00636	0.00755	0.00477	0.00477	0.00954	0.01431	0.02028	0.78808	0.03777	0.04771	0.01034	0.00596	0.00159	0.00239	0.00914	0.00557	0.00477
41	0.01982	0.01370	0.01452	0.01124	0.01518	0.05587	0.00923	0.60035	0.02162	0.16677	0.01330	0.01288	0.00919	0.00606	0.00504	0.00151	0.00553	0.00458	0.00514	0.00846
42	0.00599	0.00506	0.00518	0.00528	0.00687	0.00426	0.00391	0.00724	0.01137	0.01360	0.04928	0.11291	0.72570	0.01306	0.00602	0.00174	0.00259	0.01098	0.00470	0.00426
43	0.01049	0.00899	0.01049	0.00749	0.01198	0.00674	0.00599	0.01273	0.01049	0.01648	0.00899	0.01049	0.00749	0.00374	0.00374	0.00075	0.00374	0.00300	0.00300	0.85320
44	0.01058	0.10493	0.66585	0.01409	0.02094	0.01272	0.04828	0.01583	0.01060	0.01550	0.00885	0.01055	0.00647	0.00485	0.00503	0.00157	0.03017	0.00374	0.00216	0.00729
45	0.01002	0.03021	0.07766	0.22752	0.09499	0.00894	0.05493	0.03224	0.01139	0.01682	0.09498	0.01795	0.02935	0.00592	0.00468	0.00148	0.00487	0.00516	0.26511	0.00578
46	0.02723	0.01002	0.01681	0.53352	0.28739	0.01150	0.01437	0.01383	0.01055	0.01432	0.00912	0.01305	0.00714	0.00486	0.00500	0.00162	0.00644	0.00446	0.00235	0.00642
47	0.01185	0.05780	0.10015	0.02001	0.02530	0.01307	0.66258	0.01612	0.01173	0.01595	0.00995	0.01307	0.00749	0.00432	0.00572	0.00166	0.00826	0.00559	0.00250	0.00686
48	0.06365	0.01438	0.01473	0.01143	0.01537	0.05091	0.00940	0.69968	0.02255	0.03050	0.01168	0.01180	0.00834	0.00596	0.00493	0.00151	0.00564	0.00440	0.00485	0.00831
49	0.00735	0.00490	0.00552	0.00552	0.00552	0.00490	0.00306	0.00735	0.00735	0.00980	0.01593	0.03309	0.01838	0.82229	0.02574	0.00490	0.00490	0.00735	0.00306	0.00306
50	0.02924	0.00549	0.00598	0.00549	0.00719	0.00532	0.00425	0.01407	0.01123	0.15301	0.01690	0.01835	0.01273	0.00593	0.00379	0.00125	0.00273	0.00474	0.68691	0.00540
51	0.00756	0.00483	0.00574	0.00574	0.00580	0.00482	0.00338	0.00725	0.00735	0.00977	0.01560	0.03020	0.03723	0.64682	0.03869	0.15150	0.00491	0.00689	0.00295	0.00297
52	0.00809	0.00580	0.00807	0.00920	0.01038	0.00578	0.00803	0.01039	0.01164	0.01509	0.02743	0.05682	0.04942	0.01394	0.00696	0.00231	0.00460	0.73675	0.00466	0.00465
53	0.00722	0.00542	0.00813	0.00813	0.00903	0.00632	0.00632	0.00903	0.00813	0.01174	0.01354	0.01987	0.01264	0.03792	0.80225	0.00813	0.01354	0.00542	0.00271	0.00451
54	0.01946	0.01379	0.01494	0.01146	0.01550	0.01513	0.00946	0.72355	0.02315	0.08309	0.01267	0.01248	0.00886	0.00608	0.00506	0.00152	0.00548	0.00459	0.00514	0.00860
55	0.00705	0.00518	0.00661	0.00630	0.00755	0.00474	0.00476	0.00930	0.01391	0.01935	0.67966	0.03960	0.13449	0.01073	0.00599	0.00163	0.00247	0.03053	0.00544	0.00471
56	0.01027	0.04353	0.75803	0.01447	0.02181	0.01196	0.03911	0.01600	0.01070	0.01593	0.00906	0.01070	0.00644	0.00478	0.00480	0.00159	0.00746	0.00377	0.00215	0.00743
57	0.01786	0.18173	0.01684	0.01200	0.01511	0.55735	0.00953	0.10516	0.01460	0.01450	0.00815	0.00926	0.00675	0.00513	0.00436	0.00128	0.00798	0.00330	0.00280	0.00630
58	0.01049	0.00899	0.01049	0.00749	0.01198	0.00674	0.00599	0.01273	0.01049	0.01648	0.00899	0.01049	0.00749	0.00374	0.00374	0.00075	0.00374	0.00300	0.00300	0.85320
59	0.06359	0.00879	0.01100	0.00886	0.01212	0.00833	0.00712	0.13299	0.01472	0.50264	0.03236	0.11692	0.01498	0.03431	0.00584	0.00173	0.00429	0.00619	0.00560	0.00763
60	0.00798	0.00540	0.00607	0.00587	0.00613	0.00547	0.00347	0.04805	0.00848	0.01136	0.04394	0.03215	0.01894	0.74938	0.02392	0.00460	0.00485	0.00727	0.00326	0.00342
61	0.04226	0.00977	0.01364	0.34181	0.05584	0.01060	0.03324	0.11800	0.06267	0.01751	0.01136	0.05565	0.00932	0.00559	0.00480	0.00148	0.00542	0.00480	0.02485	0.17139
62	0.03470	0.10976	0.08482	0.06785	0.38712	0.10888	0.06210	0.05701	0.01218	0.01619	0.00907	0.01143	0.00739	0.00470	0.00475	0.00146	0.00656	0.00413	0.00259	0.00728
63	0.16977	0.01193	0.01624	0.05487	0.33650	0.04076	0.05889	0.10421	0.05318	0.01936	0.00986	0.01182	0.00782	0.00482	0.00461	0.00147	0.00557	0.00416	0.00310	0.08106

[dist]
# distance from previous block
# <min> <max>
0	4

[block]
# block no. 1 follows, 49 sequences, length 150
# corresponding to MSA columns:
# 176-325
name=unknown_B
#
# <colnr> <probs for GDERKNQSTAVLIFYWHMCP>
#	G	D	E	R	K	N	Q	S	T	A	V	L	I	F	Y	W	H	M	C	P
0	0.00753	0.00549	0.00718	0.00789	0.00884	0.00524	0.00593	0.04120	0.01087	0.01455	0.02573	0.52565	0.02958	0.01416	0.00637	0.00202	0.00357	0.21651	0.00459	0.05709
1	0.18299	0.01220	0.01212	0.01010	0.01341	0.03668	0.00811	0.34917	0.24214	0.02552	0.01415	0.04782	0.01099	0.00642	0.00475	0.00160	0.00477	0.00492	0.00461	0.00753
2	0.15241	0.06075	0.03359	0.00941	0.03459	0.01021	0.02093	0.09744	0.08730	0.13376	0.04230	0.02806	0.01076	0.00540	0.00433	0.00132	0.00436	0.00424	0.00396	0.25489
3	0.00686	0.00469	0.00591	0.00661	0.00708	0.00439	0.00437	0.00766	0.00959	0.03382	0.04380	0.55610	0.09127	0.18088	0.01033	0.00259	0.00333	0.01226	0.00442	0.00404
4	0.04738	0.20436	0.54108	0.01381	0.06703	0.01360	0.01566	0.01574	0.01055	0.01541	0.00855	0.01011	0.00648	0.00467	0.00439	0.00148	0.00677	0.00351	0.00221	0.00720
5	0.00978	0.05532	0.28446	0.09886	0.05488	0.02465	0.05828	0.01417	0.05860	0.01633	0.16714	0.06127	0.04921	0.00704	0.00525	0.00162	0.00561	0.01787	0.00334	0.00632
6	0.02964	0.00682	0.00889	0.00796	0.01026	0.00617	0.00613	0.01637	0.03902	0.38354	0.04910	0.30010	0.07793	0.01036	0.00566	0.00177	0.00363	0.02476	0.00545	0.00644
7	0.00967	0.00936	0.01781	0.01404	0.03145	0.00877	0.36918	0.01270	0.02596	0.03074	0.12820	0.15166	0.10182	0.04321	0.00686	0.00189	0.00569	0.02156	0.00373	0.00570
8	0.00956	0.00875	0.01273	0.02482	0.06042	0.02341	0.04161	0.01195	0.04713	0.01287	0.01097	0.01580	0.01003	0.02185	0.38413	0.00488	0.28607	0.00501	0.00263	0.00539
9	0.85801	0.00978	0.00743	0.00665	0.00978	0.01134	0.00548	0.01486	0.00861	0.02269	0.00704	0.00821	0.00548	0.00469	0.00313	0.00156	0.00391	0.00274	0.00313	0.00548
10	0.01084	0.00944	0.01212	0.03948	0.01387	0.00796	0.05249	0.04603	0.01108	0.01677	0.00987	0.01288	0.00841	0.00456	0.00462	0.00100	0.03573	0.03565	0.00307	0.66412
11	0.01011	0.00936	0.01543	0.73701	0.07175	0.01146	0.01393	0.04566	0.01077	0.01391	0.00915	0.01338	0.00688	0.00507	0.00505	0.00167	0.00665	0.00450	0.00238	0.00586
12	0.00846	0.00612	0.00668	0.00644	0.00687	0.02973	0.00405	0.04763	0.02582	0.01142	0.01517	0.02923	0.01665	0.64129	0.09552	0.02952	0.00583	0.00678	0.00314	0.00365
13	0.01225	0.01057	0.01129	0.00986	0.01297	0.01167	0.00769	0.02468	0.66225	0.02043	0.01879	0.01757	0.01421	0.00638	0.00493	0.00157	0.00396	0.00530	0.00481	0.13883
14	0.85801	0.00978	0.00743	0.00665	0.00978	0.01134	0.00548	0.01486	0.00861	0.02269	0.00704	0.00821	0.00548	0.00469	0.00313	0.00156	0.00391	0.00274	0.00313	0.00548
15	0.00723	0.00522	0.00687	0.00659	0.00778	0.00485	0.00504	0.00962	0.01410	0.01988	0.72846	0.03928	0.04626	0.01062	0.00604	0.00165	0.00256	0.06768	0.00550	0.00476
16	0.81751	0.00967	0.00757	0.00677	0.00988	0.01112	0.00558	0.01507	0.00883	0.04499	0.00779	0.00941	0.00613	0.00492	0.00326	0.00158	0.00394	0.01717	0.00325	0.00555
17	0.02193	0.00844	0.01149	0.00887	0.01265	0.00730	0.00730	0.02391	0.01447	0.75670	0.05721	0.01821	0.01422	0.00646	0.00513	0.00157	0.00421	0.00528	0.00623	0.00842
18	0.01194	0.01364	0.02984	0.02131	0.02643	0.01279	0.77238	0.01620	0.01194	0.01620	0.01023	0.01364	0.00767	0.00426	0.00597	0.00171	0.00853	0.00597	0.00256	0.00682
19	0.00611	0.00513	0.00531	0.00526	0.00691	0.00433	0.00395	0.00751	0.01184	0.01440	0.13370	0.04745	0.70575	0.01253	0.00598	0.00169	0.00254	0.01050	0.00479	0.00433
20	0.00635	0.00453	0.00608	0.00725	0.00763	0.00427	0.00501	0.00736	0.00986	0.01311	0.02777	0.74829	0.03304	0.01567	0.00650	0.00208	0.00309	0.08326	0.00469	0.00416
21	0.85801	0.00978	0.00743	0.00665	0.00978	0.01134	0.00548	0.01486	0.00861	0.02269	0.00704	0.00821	0.00548	0.00469	0.00313	0.00156	0.00391	0.00274	0.00313	0.00548
22	0.01998	0.00849	0.01129	0.00863	0.01249	0.00719	0.00707	0.02200	0.01383	0.63224	0.05657	0.01717	0.01348	0.00606	0.00492	0.00144	0.00412	0.00496	0.00571	0.14236
23	0.03444	0.51678	0.02149	0.01064	0.05191	0.16759	0.00900	0.01550	0.01081	0.01248	0.00786	0.00964	0.00709	0.00759	0.07400	0.00181	0.02964	0.00319	0.00234	0.00622
24	0.01342	0.80276	0.04824	0.00882	0.01323	0.01978	0.00894	0.01517	0.01029	0.01201	0.00709	0.00818	0.00649	0.00434	0.00329	0.00110	0.00547	0.00273	0.00216	0.00652
25	0.01228	0.01330	0.09138	0.02819	0.65850	0.01204	0.03821	0.01615	0.04991	0.01670	0.01005	0.01270	0.00822	0.00464	0.00502	0.00153	0.00612	0.00454	0.00260	0.00792
26	0.00719	0.00539	0.00806	0.00810	0.00898	0.00626	0.00627	0.00897	0.00817	0.01177	0.01396	0.04311	0.01325	0.03728	0.77910	0.00795	0.01324	0.00568	0.00277	0.00450
27	0.00626	0.00516	0.00553	0.00576	0.00720	0.00452	0.00423	0.00787	0.03432	0.01376	0.04499	0.20609	0.59425	0.01328	0.00607	0.00179	0.00273	0.02712	0.00471	0.00436
28	0.00890	0.00471	0.00494	0.00504	0.00604	0.00467	0.00364	0.01093	0.01037	0.01763	0.03996	0.09476	0.01630	0.07080	0.00561	0.00156	0.00261	0.00595	0.68104	0.00453
29	0.01189	0.01351	0.02910	0.02090	0.02575	0.01293	0.73331	0.01599	0.01172	0.01599	0.01005	0.01351	0.00762	0.00450	0.00651	0.00173	0.04981	0.00589	0.00254	0.00675
30	0.00779	0.00570	0.00792	0.00759	0.00838	0.00623	0.02610	0.03093	0.00846	0.01189	0.01432	0.02419	0.01445	0.31641	0.46398	0.00647	0.00987	0.00609	0.01905	0.00418
31	0.01620	0.08891	0.02924	0.01166	0.01548	0.03410	0.05651	0.41385	0.23592	0.02527	0.01378	0.01367	0.01019	0.00598	0.00495	0.00154	0.00541	0.00475	0.00455	0.00804
32	0.01100	0.08557	0.49090	0.01553	0.07341	0.03374	0.12437	0.01569	0.01090	0.01554	0.00920	0.01125	0.00694	0.00563	0.02880	0.00172	0.00742	0.00403	0.00229	0.04606
33	0.03210	0.12862	0.45106	0.01525	0.12309	0.04662	0.02954	0.01654	0.05866	0.01594	0.00970	0.01124	0.00738	0.00486	0.00458	0.00150	0.00665	0.00385	0.02558	0.00724
34	0.01769	0.01312	0.01416	0.01106	0.01477	0.01448	0.00906	0.65665	0.06988	0.03013	0.08466	0.01494	0.01265	0.00652	0.00515	0.00154	0.00517	0.00505	0.00511	0.00821
35	0.01349	0.01469	0.07840	0.08506	0.10729	0.12730	0.16548	0.11010	0.05824	0.02914	0.01022	0.01259	0.00803	0.00654	0.03059	0.00183	0.11046	0.00463	0.00299	0.02293
36	0.01682	0.02039	0.01410	0.01417	0.09596	0.60515	0.00977	0.01889	0.05172	0.01308	0.00931	0.01174	0.00803	0.05417	0.03390	0.00179	0.00845	0.00383	0.00275	0.00598
37	0.00735	0.00490	0.00552	0.00552	0.00552	0.00490	0.00306	0.00735	0.00735	0.00980	0.01593	0.03309	0.01838	0.82229	0.02574	0.00490	0.00490	0.00735	0.00306	0.00306
38	0.00878	0.00439	0.00659	0.00659	0.00659	0.00439	0.00439	0.00659	0.00659	0.00878	0.00878	0.01537	0.00878	0.01757	0.01976	0.85288	0.00439	0.00439	0.00220	0.00220
39	0.78588	0.00968	0.00780	0.00685	0.01005	0.01101	0.00565	0.01571	0.00911	0.08931	0.00816	0.00899	0.00608	0.00483	0.00330	0.00156	0.00395	0.00294	0.00340	0.00575
40	0.01841	0.10522	0.01624	0.01124	0.01522	0.04703	0.00941	0.64685	0.02168	0.02865	0.01147	0.01168	0.00835	0.00584	0.00481	0.00145	0.00564	0.00430	0.01832	0.00819
41	0.00961	0.00899	0.01488	0.76037	0.03341	0.01096	0.01354	0.01291	0.01013	0.01314	0.00899	0.01330	0.00679	0.00497	0.00497	0.00163	0.00656	0.00440	0.00229	0.05816
42	0.01137	0.04430	0.01567	0.01290	0.01329	0.02716	0.01076	0.01332	0.05592	0.01272	0.00754	0.01140	0.00718	0.00849	0.01516	0.00212	0.71816	0.00442	0.00240	0.00573
43	0.01014	0.02616	0.79609	0.01441	0.02189	0.01174	0.01868	0.01601	0.01068	0.01601	0.00907	0.01068	0.00641	0.00480	0.00480	0.00160	0.00747	0.00374	0.00214	0.00747
44	0.00616	0.00440	0.00587	0.00704	0.00733	0.00411	0.00469	0.00704	0.00968	0.01291	0.02787	0.81899	0.03344	0.01584	0.00645	0.00205	0.00293	0.01438	0.00469	0.00411
45	0.01113	0.00700	0.00938	0.00937	0.03375	0.00682	0.02085	0.03079	0.07003	0.14993	0.12999	0.03995	0.08795	0.01068	0.00609	0.00192	0.00413	0.33638	0.02808	0.00579
46	0.00618	0.00442	0.00589	0.00703	0.00734	0.00412	0.00470	0.00709	0.00978	0.01306	0.04398	0.80243	0.03375	0.01573	0.00644	0.00204	0.00292	0.01426	0.00471	0.00412
47	0.85801	0.00978	0.00743	0.00665	0.00978	0.01134	0.00548	0.01486	0.00861	0.02269	0.00704	0.00821	0.00548	0.00469	0.00313	0.00156	0.00391	0.00274	0.00313	0.00548
48	0.06991	0.02099	0.01376	0.01236	0.01483	0.62238	0.00943	0.06149	0.01381	0.01408	0.00818	0.00982	0.00684	0.00687	0.03948	0.00168	0.06194	0.00347	0.00276	0.00591
49	0.01292	0.01103	0.01163	0.01036	0.01328	0.01274	0.00809	0.06539	0.74253	0.02171	0.02015	0.01852	0.01508	0.00682	0.00514	0.00170	0.00408	0.00566	0.00514	0.00803
50	0.00735	0.00490	0.00552	0.00552	0.00552	0.00490	0.00306	0.00735	0.00735	0.00980	0.01593	0.03309	0.01838	0.82229	0.02574	0.00490	0.00490	0.00735	0.00306	0.00306
51	0.01048	0.00723	0.00887	0.02545	0.03935	0.00716	0.00633	0.07684	0.10501	0.10659	0.24315	0.13576	0.17568	0.01004	0.00572	0.00169	0.00343	0.02031	0.00507	0.00586
52	0.06486	0.00905	0.01107	0.00857	0.01235	0.00812	0.00695	0.08060	0.04136	0.40166	0.04489	0.03906	0.01252	0.00594	0.00469	0.00136	0.00411	0.00480	0.00500	0.23302
53	0.11112	0.03204	0.12241	0.07553	0.19658	0.12495	0.11234	0.04740	0.01215	0.01712	0.07697	0.01439	0.01097	0.00542	0.00491	0.00155	0.00642	0.01815	0.00293	0.00665
54	0.08457	0.03775	0.05345	0.03626	0.33032	0.15110	0.05798	0.01664	0.03050	0.05495	0.01043	0.01229	0.02154	0.00488	0.00469	0.00143	0.00622	0.00418	0.00288	0.07794
55	0.36122	0.13194	0.02639	0.04403	0.01405	0.16120	0.03762	0.09526	0.01187	0.04088	0.00831	0.00959	0.00653	0.00504	0.00426	0.00147	0.02773	0.00335	0.00308	0.00620
56	0.01646	0.01071	0.01288	0.01161	0.07494	0.01117	0.00864	0.37015	0.03655	0.18053	0.07102	0.08320	0.01561	0.02546	0.00580	0.00170	0.00481	0.04615	0.00504	0.00757
57	0.01340	0.01129	0.01629	0.16369	0.22708	0.02414	0.06868	0.13427	0.14374	0.06967	0.02746	0.01557	0.03422	0.00570	0.00514	0.00158	0.00565	0.00509	0.00368	0.02365
58	0.01203	0.00956	0.01108	0.00803	0.01245	0.00779	0.00647	0.10007	0.01218	0.05333	0.00984	0.01098	0.00784	0.00412	0.00396	0.00087	0.00398	0.00327	0.00338	0.71877
59	0.01049	0.00899	0.01049	0.00749	0.01198	0.00674	0.00599	0.01273	0.01049	0.01648	0.00899	0.01049	0.00749	0.00374	0.00374	0.00075	0.00374	0.00300	0.00300	0.85320
60	0.01531	0.06371	0.05201	0.06428	0.11910	0.38205	0.03558	0.06598	0.06064	0.01506	0.01032	0.01346	0.00872	0.02116	0.01788	0.00163	0.00752	0.03621	0.00293	0.00645
61	0.17276	0.01188	0.03073	0.06176	0.46427	0.03517	0.01232	0.07809	0.01177	0.01832	0.00950	0.01261	0.00796	0.04556	0.00568	0.00169	0.00567	0.00427	0.00285	0.00714
62	0.00990	0.02481	0.74710	0.01396	0.02098	0.01127	0.01782	0.01546	0.01061	0.01582	0.01024	0.06079	0.00808	0.00549	0.00491	0.00163	0.00719	0.00440	0.00229	0.00726
63	0.00724	0.00536	0.00679	0.00655	0.00776	0.00504	0.00486	0.00997	0.05071	0.01911	0.62261	0.12415	0.08889	0.01093	0.00598	0.00165	0.00254	0.00965	0.00540	0.00482
64	0.01161	0.02817	0.01203	0.02025	0.01311	0.04245	0.02103	0.06795	0.02284	0.01710	0.00920	0.01075	0.00757	0.00432	0.00459	0.00095	0.04469	0.00330	0.00308	0.65501
65	0.01129	0.00946	0.01092	0.00787	0.01232	0.00756	0.00633	0.08283	0.01171	0.01789	0.00928	0.01064	0.00759	0.00396	0.00387	0.00082	0.00391	0.00314	0.00319	0.77542
66	0.01166	0.01573	0.16515	0.02088	0.08754	0.01254	0.57722	0.01611	0.01168	0.01619	0.00997	0.01302	0.00747	0.00438	0.00568	0.00167	0.00813	0.00545	0.00248	0.00703
67	0.01031	0.08536	0.71512	0.01374	0.02080	0.01216	0.01752	0.01576	0.01075	0.01583	0.03197	0.01129	0.00763	0.00493	0.00472	0.00156	0.00717	0.00382	0.00224	0.00732
68	0.00735	0.00490	0.00552	0.00552	0.00552	0.00490	0.00306	0.00735	0.00735	0.00980	0.01593	0.03309	0.01838	0.82229	0.02574	0.00490	0.00490	0.00735	0.00306	0.00306
69	0.01584	0.08144	0.01548	0.08584	0.05645	0.43649	0.03145	0.09441	0.01402	0.01506	0.04287	0.05176	0.00997	0.00597	0.00500	0.00143	0.02293	0.00443	0.00301	0.00616
70	0.02844	0.11805	0.06168	0.25222	0.18005	0.08947	0.06584	0.02761	0.07370	0.01501	0.01006	0.02614	0.00816	0.00519	0.00497	0.00154	0.01812	0.00444	0.00268	0.00664
71	0.01004	0.00916	0.01496	0.69659	0.07460	0.01116	0.01345	0.03576	0.02295	0.01406	0.00961	0.01370	0.00727	0.00512	0.00499	0.00165	0.00644	0.00453	0.03813	0.00584
72	0.00716	0.00517	0.00676	0.00636	0.00755	0.00477	0.00477	0.00954	0.01431	0.02028	0.78808	0.03777	0.04771	0.01034	0.00596	0.00159	0.00239	0.00914	0.00557	0.00477
73	0.01057	0.01061	0.13089	0.00943	0.01207	0.00865	0.00835	0.18168	0.06758	0.03123	0.09281	0.31872	0.04662	0.01049	0.00573	0.00179	0.00432	0.03789	0.00452	0.00606
74	0.01014	0.02616	0.79609	0.01441	0.02189	0.01174	0.01868	0.01601	0.01068	0.01601	0.00907	0.01068	0.00641	0.00480	0.00480	0.00160	0.00747	0.00374	0.00214	0.00747
75	0.85801	0.00978	0.00743	0.00665	0.00978	0.01134	0.00548	0.01486	0.00861	0.02269	0.00704	0.00821	0.00548	0.00469	0.00313	0.00156	0.00391	0.00274	0.00313	0.00548
76	0.00735	0.00492	0.00562	0.00562	0.00566	0.00496	0.00319	0.00742	0.00738	0.00988	0.01584	0.03256	0.01815	0.79084	0.05687	0.00503	0.00525	0.00728	0.00305	0.00312
77	0.01194	0.01364	0.02984	0.02131	0.02643	0.01279	0.77238	0.01620	0.01194	0.01620	0.01023	0.01364	0.00767	0.00426	0.00597	0.00171	0.00853	0.00597	0.00256	0.00682
78	0.00824	0.00541	0.00711	0.00655	0.00793	0.00496	0.00496	0.01059	0.01432	0.07416	0.73460	0.03634	0.04526	0.01005	0.00590	0.00159	0.00252	0.00886	0.00561	0.00504
79	0.01341	0.06174	0.01280	0.01035	0.01343	0.01340	0.00823	0.11322	0.64545	0.02183	0.01876	0.01742	0.01408	0.00661	0.00502	0.00165	0.00427	0.00539	0.00495	0.00798
80	0.01124	0.00896	0.01056	0.00758	0.01204	0.00678	0.00608	0.01347	0.01073	0.06470	0.00967	0.01090	0.00780	0.00390	0.00383	0.00080	0.00378	0.00313	0.00320	0.80084
81	0.00705	0.00531	0.00630	0.00682	0.00757	0.00520	0.00463	0.00931	0.09429	0.01337	0.02857	0.47006	0.14653	0.15905	0.00970	0.00247	0.00335	0.01159	0.00445	0.00437
82	0.00878	0.00439	0.00659	0.00659	0.00659	0.00439	0.00439	0.00659	0.00659	0.00878	0.00878	0.01537	0.00878	0.01757	0.01976	0.85288	0.00439	0.00439	0.00220	0.00220
83	0.01187	0.01240	0.01537	0.01325	0.01352	0.09636	0.01093	0.01299	0.00842	0.01219	0.00676	0.01086	0.00663	0.00848	0.01536	0.00212	0.73037	0.00431	0.00225	0.00557
84	0.01194	0.01364	0.02984	0.02131	0.02643	0.01279	0.77238	0.01620	0.01194	0.01620	0.01023	0.01364	0.00767	0.00426	0.00597	0.00171	0.00853	0.00597	0.00256	0.00682
85	0.85801	0.00978	0.00743	0.00665	0.00978	0.01134	0.00548	0.01486	0.00861	0.02269	0.00704	0.00821	0.00548	0.00469	0.00313	0.00156	0.00391	0.00274	0.00313	0.00548
86	0.01049	0.00734	0.00835	0.00740	0.00838	0.00800	0.00517	0.16327	0.01108	0.02864	0.01450	0.02564	0.01490	0.51194	0.01872	0.00365	0.07248	0.00630	0.06918	0.00461
87	0.00600	0.00501	0.00524	0.00542	0.00691	0.00424	0.00397	0.00722	0.01124	0.01354	0.04761	0.16790	0.67179	0.01328	0.00605	0.00176	0.00262	0.01125	0.00470	0.00424
88	0.01015	0.00880	0.01418	0.51570	0.06501	0.01044	0.04954	0.03510	0.01065	0.01491	0.01049	0.01431	0.00809	0.00536	0.00537	0.00160	0.04503	0.00461	0.16494	0.00571
89	0.01377	0.78806	0.02593	0.00886	0.01310	0.05638	0.00870	0.01538	0.01046	0.01192	0.00707	0.00816	0.00649	0.00437	0.00331	0.00109	0.00558	0.00273	0.00218	0.00646
90	0.01454	0.67348	0.02419	0.00948	0.01348	0.16821	0.00886	0.01610	0.01104	0.01199	0.00718	0.00830	0.00649	0.00449	0.00349	0.00112	0.00611	0.00281	0.00225	0.00637
91	0.83292	0.01026	0.03077	0.00688	0.01014	0.01136	0.00587	0.01490	0.00867	0.02249	0.00710	0.00829	0.00550	0.00470	0.00318	0.00157	0.00402	0.00277	0.00310	0.00554
92	0.00976	0.00921	0.01556	0.75369	0.08959	0.01129	0.01415	0.01311	0.01021	0.01318	0.00903	0.01341	0.00683	0.00502	0.00505	0.00167	0.00669	0.00449	0.00227	0.00579
93	0.01654	0.01343	0.01363	0.01118	0.01466	0.06098	0.00898	0.43003	0.32679	0.02642	0.01527	0.01466	0.01121	0.00634	0.00506	0.00158	0.00515	0.00494	0.00495	0.00820
94	0.01438	0.28362	0.03963	0.01260	0.10515	0.22449	0.00958	0.04420	0.05271	0.01467	0.00882	0.01008	0.00739	0.00469	0.00410	0.00120	0.00617	0.00337	0.00272	0.15043
95	0.00756	0.00579	0.00869	0.00934	0.05721	0.00656	0.00663	0.00930	0.00827	0.01188	0.01349	0.02047	0.01282	0.09892	0.69038	0.00746	0.01238	0.00552	0.00272	0.00461
96	0.01229	0.00681	0.00871	0.00767	0.00979	0.00645	0.00594	0.01588	0.10727	0.24714	0.40526	0.09504	0.03225	0.00918	0.00565	0.00164	0.00319	0.00797	0.00565	0.00624
97	0.01153	0.04583	0.39523	0.03036	0.09368	0.07320	0.16187	0.01591	0.01124	0.01567	0.00917	0.01125	0.00693	0.00458	0.00488	0.00149	0.00721	0.00411	0.00238	0.09349
98	0.01196	0.01109	0.01054	0.00959	0.01218	0.09150	0.00739	0.02240	0.55202	0.01898	0.04674	0.02341	0.14498	0.00779	0.00525	0.00167	0.00424	0.00640	0.00482	0.00707
99	0.00762	0.00527	0.00691	0.00644	0.00772	0.00485	0.00485	0.01000	0.01432	0.04357	0.76496	0.03715	0.04665	0.01022	0.00594	0.00159	0.00244	0.00902	0.00559	0.00489
100	0.01238	0.10295	0.02126	0.04322	0.54778	0.01267	0.09123	0.01554	0.02613	0.01598	0.00948	0.01216	0.00789	0.00447	0.00484	0.00144	0.00604	0.00439	0.00254	0.05762
101	0.01371	0.01132	0.01196	0.01036	0.01342	0.01288	0.00817	0.18566	0.58666	0.02312	0.02009	0.01871	0.04711	0.00695	0.00516	0.00167	0.00427	0.00568	0.00511	0.00797
102	0.02042	0.00812	0.01095	0.00856	0.01211	0.00703	0.00701	0.02238	0.01431	0.68399	0.09225	0.02068	0.05452	0.00696	0.00521	0.00157	0.00404	0.00574	0.00612	0.00804
103	0.01114	0.00984	0.01517	0.67904	0.03168	0.01196	0.01332	0.13785	0.01235	0.01603	0.00951	0.01326	0.00705	0.00522	0.00506	0.00166	0.00655	0.00450	0.00271	0.00611
104	0.00878	0.00439	0.00659	0.00659	0.00659	0.00439	0.00439	0.00659	0.00659	0.00878	0.00878	0.01537	0.00878	0.01757	0.01976	0.85288	0.00439	0.00439	0.00220	0.00220
105	0.01045	0.02573	0.77699	0.01428	0.02167	0.01164	0.01841	0.01622	0.01077	0.03496	0.00934	0.01084	0.00655	0.00484	0.00481	0.00160	0.00740	0.00377	0.00224	0.00750
106	0.00722	0.00542	0.00813	0.00813	0.00903	0.00632	0.00632	0.00903	0.00813	0.01174	0.01354	0.01987	0.01264	0.03792	0.80225	0.00813	0.01354	0.00542	0.00271	0.00451
107	0.01922	0.01416	0.01518	0.01163	0.01568	0.01568	0.00961	0.77388	0.02378	0.03187	0.01214	0.01214	0.00860	0.00607	0.00506	0.00152	0.00556	0.00455	0.00506	0.00860
108	0.01284	0.01119	0.01157	0.01037	0.01325	0.02765	0.00807	0.04316	0.75037	0.02122	0.02015	0.01853	0.01512	0.00681	0.00513	0.00170	0.00413	0.00564	0.00510	0.00798
109	0.00944	0.00884	0.01485	0.73130	0.03255	0.01089	0.02641	0.01270	0.01031	0.01333	0.04818	0.02762	0.00923	0.00554	0.00532	0.00169	0.01887	0.00491	0.00246	0.00557
110	0.01049	0.00899	0.01049	0.00749	0.01198	0.00674	0.00599	0.01273	0.01049	0.01648	0.00899	0.01049	0.00749	0.00374	0.00374	0.00075	0.00374	0.00300	0.00300	0.85320
111	0.00683	0.00521	0.00628	0.00609	0.00742	0.00471	0.00454	0.00899	0.02671	0.01780	0.50049	0.08923	0.27444	0.01138	0.00598	0.00166	0.00250	0.00988	0.00524	0.00463
112	0.00728	0.00539	0.00799	0.00799	0.00888	0.00625	0.00618	0.00906	0.00817	0.01186	0.01367	0.02014	0.01278	0.05477	0.76638	0.00789	0.01309	0.00544	0.02230	0.00449
113	0.85801	0.00978	0.00743	0.00665	0.00978	0.01134	0.00548	0.01486	0.00861	0.02269	0.00704	0.00821	0.00548	0.00469	0.00313	0.00156	0.00391	0.00274	0.00313	0.00548
114	0.00878	0.00439	0.00659	0.00659	0.00659	0.00439	0.00439	0.00659	0.00659	0.00878	0.00878	0.01537	0.00878	0.01757	0.01976	0.85288	0.00439	0.00439	0.00220	0.00220
115	0.85801	0.00978	0.00743	0.00665	0.00978	0.01134	0.00548	0.01486	0.00861	0.02269	0.00704	0.00821	0.00548	0.00469	0.00313	0.00156	0.00391	0.00274	0.00313	0.00548
116	0.01493	0.61507	0.02330	0.00980	0.01368	0.22521	0.00895	0.01647	0.01134	0.01202	0.00724	0.00838	0.00650	0.00456	0.00359	0.00114	0.00638	0.00285	0.00228	0.00632
117	0.00866	0.00640	0.00783	0.00708	0.00867	0.00629	0.00541	0.09049	0.05355	0.02136	0.64828	0.03444	0.06222	0.00978	0.00583	0.00159	0.00280	0.00853	0.00547	0.00532
118	0.56683	0.01259	0.02500	0.00997	0.06885	0.12708	0.00743	0.04502	0.06399	0.02084	0.00851	0.00960	0.00664	0.00496	0.00372	0.00153	0.00496	0.00324	0.00320	0.00605
119	0.01926	0.01293	0.01428	0.01105	0.01495	0.01397	0.00909	0.61860	0.03555	0.15191	0.01400	0.03735	0.01009	0.00641	0.00511	0.00154	0.00526	0.00495	0.00524	0.00845
120	0.06481	0.01337	0.09068	0.04671	0.54623	0.03430	0.02615	0.01662	0.08089	0.01705	0.01027	0.01260	0.00829	0.00479	0.00489	0.00154	0.00598	0.00442	0.00274	0.00766
121	0.01194	0.01364	0.02984	0.02131	0.02643	0.01279	0.77238	0.01620	0.01194	0.01620	0.01023	0.01364	0.00767	0.00426	0.00597	0.00171	0.00853	0.00597	0.00256	0.00682
122	0.01238	0.01207	0.01955	0.02872	0.70031	0.04351	0.02674	0.01521	0.01153	0.01613	0.01055	0.06064	0.00947	0.00521	0.00509	0.00153	0.00599	0.00507	0.00264	0.00767
123	0.01958	0.01316	0.01452	0.01112	0.01516	0.01416	0.00918	0.63728	0.02199	0.15316	0.01332	0.01291	0.00920	0.00605	0.00503	0.00151	0.00532	0.00460	0.00520	0.02754
124	0.01258	0.01086	0.01143	0.01029	0.01315	0.01258	0.00800	0.02687	0.78161	0.02115	0.02058	0.01887	0.01544	0.00686	0.00515	0.00172	0.00400	0.00572	0.00515	0.00800
125	0.02269	0.00861	0.01174	0.00900	0.01291	0.00743	0.00743	0.02464	0.01447	0.79425	0.01995	0.01721	0.01252	0.00626	0.00509	0.00156	0.00430	0.00509	0.00626	0.00861
126	0.83431	0.00990	0.00765	0.00679	0.00995	0.01147	0.00559	0.03630	0.00903	0.02295	0.00719	0.00833	0.00556	0.00473	0.00318	0.00156	0.00396	0.00279	0.00318	0.00556
127	0.00878	0.00439	0.00659	0.00659	0.00659	0.00439	0.00439	0.00659	0.00659	0.00878	0.00878	0.01537	0.00878	0.01757	0.01976	0.85288	0.00439	0.00439	0.00220	0.00220
128	0.00703	0.00532	0.00680	0.00713	0.00827	0.00464	0.00495	0.00818	0.00984	0.01363	0.02408	0.65652	0.02823	0.01341	0.00591	0.00179	0.00310	0.01209	0.00435	0.17473
129	0.02269	0.00861	0.01174	0.00900	0.01291	0.00743	0.00743	0.02464	0.01447	0.79425	0.01995	0.01721	0.01252	0.00626	0.00509	0.00156	0.00430	0.00509	0.00626	0.00861
130	0.02239	0.00854	0.01164	0.00895	0.01281	0.00738	0.00738	0.02436	0.01447	0.77946	0.03463	0.01760	0.01319	0.00634	0.00510	0.00157	0.00427	0.00516	0.00625	0.00853
131	0.00723	0.00485	0.00555	0.00568	0.00571	0.00482	0.00324	0.00732	0.00760	0.01013	0.01720	0.11637	0.01998	0.73683	0.02369	0.00460	0.00469	0.00810	0.00324	0.00317
132	0.01049	0.00899	0.01049	0.00749	0.01198	0.00674	0.00599	0.01273	0.01049	0.01648	0.00899	0.01049	0.00749	0.00374	0.00374	0.00075	0.00374	0.00300	0.00300	0.85320
133	0.00708	0.00513	0.00655	0.00624	0.00735	0.00474	0.00458	0.00919	0.01351	0.01892	0.66931	0.05605	0.08556	0.07468	0.00754	0.00187	0.00261	0.00921	0.00530	0.00459
134	0.00735	0.00490	0.00552	0.00552	0.00552	0.00490	0.00306	0.00735	0.00735	0.00980	0.01593	0.03309	0.01838	0.82229	0.02574	0.00490	0.00490	0.00735	0.00306	0.00306
135	0.01014	0.02616	0.79609	0.01441	0.02189	0.01174	0.01868	0.01601	0.01068	0.01601	0.00907	0.01068	0.00641	0.00480	0.00480	0.00160	0.00747	0.00374	0.00214	0.00747
136	0.01049	0.00899	0.01049	0.00749	0.01198	0.00674	0.00599	0.01273	0.01049	0.01648	0.00899	0.01049	0.00749	0.00374	0.00374	0.00075	0.00374	0.00300	0.00300	0.85320
137	0.01106	0.01106	0.01549	0.01328	0.01328	0.01549	0.01106	0.01217	0.00774	0.01217	0.00664	0.01106	0.00664	0.00885	0.01659	0.00221	0.81303	0.00443	0.00221	0.00553
138	0.00878	0.00439	0.00659	0.00659	0.00659	0.00439	0.00439	0.00659	0.00659	0.00878	0.00878	0.01537	0.00878	0.01757	0.01976	0.85288	0.00439	0.00439	0.00220	0.00220
139	0.01194	0.01364	0.02984	0.02131	0.02643	0.01279	0.77238	0.01620	0.01194	0.01620	0.01023	0.01364	0.00767	0.00426	0.00597	0.00171	0.00853	0.00597	0.00256	0.00682
140	0.00631	0.00514	0.00559	0.00547	0.00703	0.00441	0.00410	0.00790	0.01231	0.01553	0.25952	0.04559	0.57923	0.01211	0.00597	0.00167	0.00251	0.01024	0.00494	0.00441
141	0.00931	0.00474	0.00482	0.00480	0.00597	0.00472	0.00360	0.01167	0.01079	0.01892	0.05503	0.01980	0.01470	0.00611	0.00366	0.00120	0.00236	0.00493	0.80817	0.00472
142	0.00810	0.00579	0.00810	0.00926	0.01041	0.00578	0.00807	0.01040	0.01160	0.01508	0.02680	0.07413	0.02920	0.01401	0.00697	0.00232	0.00462	0.74006	0.00466	0.00464
143	0.02269	0.00861	0.01174	0.00900	0.01291	0.00743	0.00743	0.02464	0.01447	0.79425	0.01995	0.01721	0.01252	0.00626	0.00509	0.00156	0.00430	0.00509	0.00626	0.00861
144	0.60515	0.02699	0.00934	0.00766	0.01080	0.01108	0.00636	0.03071	0.01004	0.17616	0.00969	0.01026	0.00703	0.00528	0.00439	0.00159	0.05422	0.00334	0.00371	0.00618
145	0.85801	0.00978	0.00743	0.00665	0.00978	0.01134	0.00548	0.01486	0.00861	0.02269	0.00704	0.00821	0.00548	0.00469	0.00313	0.00156	0.00391	0.00274	0.00313	0.00548
146	0.00618	0.00442	0.00589	0.00703	0.00734	0.00412	0.00470	0.00710	0.00979	0.01308	0.04544	0.80094	0.03377	0.01572	0.00644	0.00204	0.00292	0.01425	0.00471	0.00412
147	0.01922	0.01416	0.01518	0.01163	0.01568	0.01568	0.00961	0.77388	0.02378	0.03187	0.01214	0.01214	0.00860	0.00607	0.00506	0.00152	0.00556	0.00455	0.00506	0.00860
148	0.01258	0.01086	0.01143	0.01029	0.01315	0.01258	0.00800	0.02687	0.78161	0.02115	0.02058	0.01887	0.01544	0.00686	0.00515	0.00172	0.00400	0.00572	0.00515	0.00800
149	0.85801	0.00978	0.00743	0.00665	0.00978	0.01134	0.00548	0.01486	0.00861	0.02269	0.00704	0.00821	0.00548	0.00469	0.00313	0.00156	0.00391	0.00274	0.00313	0.00548

[dist]
# distance from previous block
# <min> <max>
0	2

[block]
# block no. 2 follows, 49 sequences, length 56
# corresponding to MSA columns:
# 328-383
name=unknown_C
#
# <colnr> <probs for GDERKNQSTAVLIFYWHMCP>
#	G	D	E	R	K	N	Q	S	T	A	V	L	I	F	Y	W	H	M	C	P
0	0.00878	0.00439	0.00659	0.00659	0.00659	0.00439	0.00439	0.00659	0.00659	0.00878	0.00878	0.01537	0.00878	0.01757	0.01976	0.85288	0.00439	0.00439	0.00220	0.00220
1	0.00598	0.00512	0.00512	0.00512	0.00683	0.00427	0.00384	0.00726	0.01153	0.01366	0.05123	0.04866	0.78869	0.01281	0.00598	0.00171	0.00256	0.01067	0.00470	0.00427
2	0.01025	0.02542	0.75103	0.01482	0.02215	0.01181	0.06301	0.01602	0.01075	0.01602	0.00914	0.01085	0.00648	0.00477	0.00487	0.00161	0.00754	0.00387	0.00216	0.00743
3	0.00880	0.00440	0.00653	0.00653	0.00657	0.00440	0.00437	0.00675	0.00671	0.00909	0.00902	0.01548	0.00891	0.01721	0.01927	0.82697	0.00433	0.00440	0.02800	0.00227
4	0.20544	0.60742	0.05340	0.00843	0.01261	0.01770	0.00834	0.01511	0.00991	0.01452	0.00712	0.00824	0.00626	0.00443	0.00328	0.00121	0.00515	0.00275	0.00238	0.00630
5	0.68858	0.08684	0.07852	0.00762	0.01126	0.01227	0.00701	0.03025	0.00925	0.02129	0.00732	0.00850	0.00571	0.00470	0.00333	0.00152	0.00440	0.00286	0.00299	0.00581
6	0.01068	0.02270	0.59425	0.01730	0.10774	0.01193	0.13236	0.01599	0.01096	0.01610	0.00930	0.01133	0.00678	0.00469	0.00500	0.00161	0.00747	0.00416	0.00224	0.00743
7	0.00951	0.00898	0.01527	0.76696	0.03382	0.01107	0.03314	0.01284	0.01015	0.01300	0.00956	0.03658	0.00753	0.00534	0.00512	0.00170	0.00668	0.00481	0.00233	0.00560
8	0.00722	0.00504	0.00611	0.00611	0.00645	0.00519	0.00390	0.00775	0.00785	0.01055	0.01799	0.03109	0.07447	0.57439	0.20991	0.00543	0.00679	0.00714	0.00310	0.00350
9	0.01014	0.02616	0.79609	0.01441	0.02189	0.01174	0.01868	0.01601	0.01068	0.01601	0.00907	0.01068	0.00641	0.00480	0.00480	0.00160	0.00747	0.00374	0.00214	0.00747
10	0.00735	0.00490	0.00552	0.00552	0.00552	0.00490	0.00306	0.00735	0.00735	0.00980	0.01593	0.03309	0.01838	0.82229	0.02574	0.00490	0.00490	0.00735	0.00306	0.00306
11	0.01079	0.03587	0.41742	0.07981	0.06510	0.01206	0.25561	0.01564	0.01115	0.01587	0.02716	0.01250	0.00786	0.00475	0.00520	0.00162	0.00751	0.00464	0.00238	0.00707
12	0.01689	0.32225	0.01886	0.01140	0.01465	0.51100	0.00935	0.01831	0.01282	0.01220	0.00752	0.00874	0.00650	0.00488	0.00407	0.00122	0.00774	0.00305	0.00244	0.00610
13	0.02177	0.00840	0.01144	0.00884	0.01259	0.00728	0.00728	0.02376	0.01446	0.74873	0.06512	0.01842	0.01459	0.00650	0.00514	0.00157	0.00419	0.00532	0.00622	0.00838
14	0.01049	0.00899	0.01049	0.00749	0.01198	0.00674	0.00599	0.01273	0.01049	0.01648	0.00899	0.01049	0.00749	0.00374	0.00374	0.00075	0.00374	0.00300	0.00300	0.85320
15	0.01922	0.01416	0.01518	0.01163	0.01568	0.01568	0.00961	0.77388	0.02378	0.03187	0.01214	0.01214	0.00860	0.00607	0.00506	0.00152	0.00556	0.00455	0.00506	0.00860
16	0.00722	0.00542	0.00813	0.00813	0.00903	0.00632	0.00632	0.00903	0.00813	0.01174	0.01354	0.01987	0.01264	0.03792	0.80225	0.00813	0.01354	0.00542	0.00271	0.00451
17	0.01825	0.01338	0.01440	0.01114	0.01494	0.01475	0.00916	0.70846	0.02287	0.03084	0.05789	0.01383	0.01102	0.00632	0.00507	0.00151	0.00529	0.00483	0.02779	0.00827
18	0.01014	0.02616	0.79609	0.01441	0.02189	0.01174	0.01868	0.01601	0.01068	0.01601	0.00907	0.01068	0.00641	0.00480	0.00480	0.00160	0.00747	0.00374	0.00214	0.00747
19	0.01252	0.01201	0.02053	0.03104	0.79074	0.01201	0.01552	0.01552	0.01151	0.01652	0.00951	0.01252	0.00801	0.00451	0.00501	0.00150	0.00601	0.00451	0.00250	0.00801
20	0.01889	0.02410	0.01433	0.01303	0.01563	0.80199	0.00977	0.02019	0.01433	0.01238	0.00782	0.00912	0.00651	0.00521	0.00456	0.00130	0.00912	0.00326	0.00261	0.00586
21	0.00878	0.00439	0.00659	0.00659	0.00659	0.00439	0.00439	0.00659	0.00659	0.00878	0.00878	0.01537	0.00878	0.01757	0.01976	0.85288	0.00439	0.00439	0.00220	0.00220
22	0.85801	0.00978	0.00743	0.00665	0.00978	0.01134	0.00548	0.01486	0.00861	0.02269	0.00704	0.00821	0.00548	0.00469	0.00313	0.00156	0.00391	0.00274	0.00313	0.00548
23	0.79614	0.00969	0.00775	0.00682	0.01001	0.01105	0.00562	0.01559	0.00904	0.07983	0.00800	0.00888	0.00600	0.00481	0.00327	0.00156	0.00394	0.00291	0.00336	0.00571
24	0.41514	0.00978	0.00999	0.00820	0.01169	0.01030	0.00674	0.08583	0.05764	0.31865	0.01322	0.01263	0.00903	0.00554	0.00417	0.00157	0.00421	0.00397	0.00461	0.00710
25	0.00735	0.00490	0.00552	0.00552	0.00552	0.00490	0.00306	0.00735	0.00735	0.00980	0.01593	0.03309	0.01838	0.82229	0.02574	0.00490	0.00490	0.00735	0.00306	0.00306
