[name]
unknown

[dist]
# distance from previous block
# <min> <max>
27	130

[block]
# block no. 0 follows, 45 sequences, length 53
# corresponding to MSA columns:
# 195-247
name=unknown_A
#
# <colnr> <probs for GDERKNQSTAVLIFYWHMCP>
#	G	D	E	R	K	N	Q	S	T	A	V	L	I	F	Y	W	H	M	C	P
0	0.11180	0.01327	0.11121	0.02540	0.06478	0.05143	0.00995	0.15946	0.04582	0.17649	0.07927	0.06039	0.03141	0.00801	0.02604	0.00186	0.00559	0.00574	0.00458	0.00750
1	0.21309	0.10447	0.08824	0.01260	0.08423	0.03203	0.05072	0.10851	0.03878	0.11416	0.02666	0.02856	0.00973	0.00567	0.00464	0.00155	0.00550	0.00442	0.00380	0.06261
2	0.13863	0.05734	0.10203	0.02957	0.10279	0.04300	0.02975	0.21969	0.06010	0.09008	0.01253	0.01441	0.00958	0.00597	0.00497	0.00162	0.00585	0.03086	0.00405	0.03718
3	0.07222	0.10340	0.36958	0.01495	0.06762	0.02839	0.09407	0.03441	0.01225	0.12251	0.01140	0.02641	0.00845	0.00542	0.00502	0.00164	0.00690	0.00449	0.00314	0.00773
4	0.01172	0.00539	0.00788	0.00741	0.00808	0.00519	0.00519	0.01010	0.00835	0.13463	0.01125	0.01663	0.00997	0.01670	0.01845	0.70718	0.00465	0.00478	0.00303	0.00344
5	0.72657	0.01024	0.00863	0.03792	0.01172	0.01155	0.00631	0.01613	0.00964	0.06395	0.00840	0.00958	0.00638	0.00503	0.00355	0.00162	0.00428	0.00313	0.00346	0.05193
6	0.01275	0.01201	0.01985	0.02883	0.65347	0.01173	0.01476	0.01581	0.01226	0.01775	0.05122	0.01450	0.01071	0.00503	0.00522	0.00151	0.00591	0.00487	0.00289	0.09892
7	0.00760	0.00549	0.00718	0.00675	0.00802	0.00506	0.00506	0.01013	0.01519	0.02153	0.77503	0.04010	0.05065	0.01097	0.00633	0.00169	0.00253	0.00971	0.00591	0.00506
8	0.01874	0.01414	0.01611	0.13990	0.01994	0.01588	0.01097	0.63889	0.02288	0.03057	0.01234	0.01312	0.00881	0.00627	0.00537	0.00164	0.00611	0.00482	0.00489	0.00862
9	0.18762	0.00938	0.01155	0.00906	0.01304	0.00871	0.00748	0.02410	0.01413	0.63147	0.01846	0.01638	0.01181	0.00631	0.00499	0.00166	0.00449	0.00490	0.00599	0.00848
10	0.00760	0.00549	0.00718	0.00675	0.00802	0.00506	0.00506	0.01013	0.01519	0.02153	0.77503	0.04010	0.05065	0.01097	0.00633	0.00169	0.00253	0.00971	0.00591	0.00506
11	0.00654	0.00467	0.00623	0.00747	0.00779	0.00436	0.00498	0.00747	0.01028	0.01370	0.02959	0.80785	0.03550	0.01682	0.00685	0.00218	0.00311	0.01526	0.00498	0.00436
12	0.00781	0.00520	0.00585	0.00585	0.00585	0.00520	0.00325	0.00781	0.00781	0.01041	0.01691	0.03513	0.01952	0.81135	0.02732	0.00520	0.00520	0.00781	0.00325	0.00325
13	0.01435	0.81458	0.02813	0.00918	0.01378	0.02124	0.00918	0.01607	0.01091	0.01263	0.00746	0.00861	0.00689	0.00459	0.00344	0.00115	0.00574	0.00287	0.00230	0.00689
14	0.00865	0.00618	0.00865	0.00989	0.01112	0.00618	0.00865	0.01112	0.01236	0.01606	0.02842	0.06055	0.03089	0.01483	0.00741	0.00247	0.00494	0.74174	0.00494	0.00494
15	0.01435	0.81458	0.02813	0.00918	0.01378	0.02124	0.00918	0.01607	0.01091	0.01263	0.00746	0.00861	0.00689	0.00459	0.00344	0.00115	0.00574	0.00287	0.00230	0.00689
16	0.84927	0.01038	0.00789	0.00706	0.01038	0.01204	0.00581	0.01578	0.00914	0.02408	0.00747	0.00872	0.00581	0.00498	0.00332	0.00166	0.00415	0.00291	0.00332	0.00581
17	0.00760	0.00549	0.00718	0.00675	0.00802	0.00506	0.00506	0.01013	0.01519	0.02153	0.77503	0.04010	0.05065	0.01097	0.00633	0.00169	0.00253	0.00971	0.00591	0.00506
18	0.00654	0.00467	0.00623	0.00747	0.00779	0.00436	0.00498	0.00747	0.01028	0.01370	0.02959	0.80785	0.03550	0.01682	0.00685	0.00218	0.00311	0.01526	0.00498	0.00436
19	0.01001	0.00500	0.00500	0.00500	0.00625	0.00500	0.00375	0.01251	0.01126	0.02001	0.01751	0.02001	0.01376	0.00625	0.00375	0.00125	0.00250	0.00500	0.84115	0.00500
20	0.01831	0.19740	0.05923	0.01290	0.01634	0.58086	0.01062	0.02003	0.01407	0.01323	0.00819	0.00954	0.00690	0.00530	0.00455	0.00135	0.00873	0.00336	0.00264	0.00646
21	0.02041	0.01504	0.01611	0.01235	0.01665	0.01665	0.01020	0.75997	0.02524	0.03383	0.01289	0.01289	0.00913	0.00644	0.00537	0.00161	0.00591	0.00483	0.00537	0.00913
22	0.01077	0.02777	0.78354	0.01530	0.02323	0.01247	0.01983	0.01700	0.01133	0.01700	0.00963	0.01133	0.00680	0.00510	0.00510	0.00170	0.00793	0.00397	0.00227	0.00793
23	0.05665	0.11760	0.53282	0.01433	0.03455	0.04802	0.03223	0.01667	0.01129	0.01657	0.02356	0.01147	0.00766	0.00538	0.00553	0.00165	0.05016	0.00397	0.00244	0.00745
24	0.01051	0.00834	0.01012	0.05118	0.01270	0.00701	0.00653	0.04043	0.01152	0.03107	0.01506	0.20101	0.01490	0.00736	0.00480	0.00125	0.00395	0.00633	0.04882	0.50709
25	0.02041	0.01504	0.01611	0.01235	0.01665	0.01665	0.01020	0.75997	0.02524	0.03383	0.01289	0.01289	0.00913	0.00644	0.00537	0.00161	0.00591	0.00483	0.00537	0.00913
26	0.01014	0.00954	0.01610	0.79845	0.03697	0.01193	0.01491	0.01371	0.01073	0.01371	0.00954	0.01431	0.00716	0.00537	0.00537	0.00179	0.00716	0.00477	0.00239	0.00596
27	0.01056	0.09645	0.01680	0.25379	0.17237	0.01103	0.06686	0.01328	0.01128	0.01498	0.01549	0.17192	0.01551	0.00830	0.00568	0.00182	0.00589	0.08193	0.01984	0.00623
28	0.02408	0.00914	0.01246	0.00955	0.01370	0.00789	0.00789	0.02616	0.01536	0.78158	0.02118	0.01827	0.01329	0.00664	0.00540	0.00166	0.00457	0.00540	0.00664	0.00914
29	0.23678	0.00946	0.01128	0.00891	0.01285	0.00896	0.00735	0.02348	0.01376	0.58633	0.01765	0.01581	0.01136	0.00622	0.00486	0.00166	0.00446	0.00476	0.00579	0.00828
30	0.00755	0.00549	0.00711	0.00671	0.00799	0.00505	0.00503	0.01004	0.01509	0.02127	0.74915	0.04051	0.07669	0.01107	0.00633	0.00169	0.00254	0.00977	0.00588	0.00505
31	0.01480	0.67815	0.08879	0.00982	0.01465	0.01964	0.01002	0.04341	0.01170	0.05499	0.00857	0.00951	0.00731	0.00481	0.00375	0.00124	0.00586	0.00317	0.00264	0.00718
32	0.00740	0.00534	0.00700	0.00689	0.00798	0.00493	0.00505	0.00964	0.01428	0.02008	0.63692	0.18234	0.04784	0.01206	0.00643	0.00178	0.00264	0.01074	0.00574	0.00493
33	0.00781	0.00520	0.00585	0.00585	0.00585	0.00520	0.00325	0.00781	0.00781	0.01041	0.01691	0.03513	0.01952	0.81135	0.02732	0.00520	0.00520	0.00781	0.00325	0.00325
34	0.02267	0.02928	0.01301	0.03059	0.01434	0.00878	0.00822	0.02544	0.05377	0.68762	0.02028	0.01789	0.01300	0.00665	0.00560	0.00167	0.02070	0.00534	0.00628	0.00890
35	0.05671	0.02681	0.74104	0.01485	0.02253	0.01244	0.01906	0.01693	0.01121	0.01739	0.00951	0.01119	0.00675	0.00509	0.00500	0.00170	0.00773	0.00391	0.00232	0.00782
36	0.00879	0.00647	0.00922	0.01096	0.05207	0.00645	0.00887	0.01124	0.01229	0.01605	0.02804	0.07761	0.04630	0.01432	0.00726	0.00240	0.00492	0.66681	0.00482	0.00511
37	0.84927	0.01038	0.00789	0.00706	0.01038	0.01204	0.00581	0.01578	0.00914	0.02408	0.00747	0.00872	0.00581	0.00498	0.00332	0.00166	0.00415	0.00291	0.00332	0.00581
38	0.00760	0.00550	0.00725	0.00685	0.00810	0.00515	0.00515	0.01010	0.01484	0.02104	0.73409	0.03907	0.04864	0.01255	0.04852	0.00206	0.00317	0.00949	0.00575	0.00505
39	0.01330	0.10029	0.28976	0.01552	0.03943	0.05562	0.17404	0.06890	0.09481	0.03102	0.01130	0.01286	0.00850	0.00534	0.00546	0.00163	0.02334	0.00465	0.00307	0.04116
40	0.00839	0.00580	0.00749	0.00696	0.00840	0.00540	0.00525	0.01124	0.03634	0.05181	0.70894	0.03890	0.06301	0.01075	0.00627	0.00169	0.00267	0.00947	0.00591	0.00531
41	0.01327	0.01123	0.01221	0.05391	0.01506	0.01294	0.00873	0.02718	0.69162	0.03971	0.02190	0.02040	0.03316	0.00731	0.00548	0.00181	0.00438	0.00610	0.00531	0.00828
42	0.03579	0.00804	0.05030	0.00796	0.01040	0.00680	0.00657	0.01419	0.07188	0.10831	0.50455	0.03121	0.03657	0.00913	0.00581	0.00162	0.00335	0.00789	0.00546	0.07416
43	0.01252	0.34746	0.42536	0.01311	0.01945	0.03328	0.04832	0.01673	0.01131	0.01514	0.00877	0.01033	0.00690	0.00488	0.00448	0.00147	0.00713	0.00361	0.00231	0.00744
44	0.01435	0.81458	0.02813	0.00918	0.01378	0.02124	0.00918	0.01607	0.01091	0.01263	0.00746	0.00861	0.00689	0.00459	0.00344	0.00115	0.00574	0.00287	0.00230	0.00689
45	0.00781	0.00520	0.00585	0.00585	0.00585	0.00520	0.00325	0.00781	0.00781	0.01041	0.01691	0.03513	0.01952	0.81135	0.02732	0.00520	0.00520	0.00781	0.00325	0.00325
46	0.00764	0.00555	0.00681	0.00647	0.00794	0.00497	0.00486	0.00981	0.01428	0.03856	0.54064	0.05805	0.25120	0.01171	0.00632	0.00173	0.00265	0.01016	0.00565	0.00500
47	0.01113	0.00954	0.01113	0.00795	0.01272	0.00716	0.00636	0.01352	0.01113	0.01749	0.00954	0.01113	0.00795	0.00398	0.00398	0.00080	0.00398	0.00318	0.00318	0.84417
48	0.00780	0.00522	0.00594	0.00594	0.00597	0.00525	0.00336	0.00786	0.00783	0.01047	0.01684	0.03470	0.01933	0.78808	0.05034	0.00531	0.00548	0.00774	0.00324	0.00330
49	0.03282	0.00686	0.00900	0.00992	0.01140	0.00710	0.00855	0.01309	0.09228	0.01697	0.02714	0.05480	0.02865	0.01375	0.00709	0.00238	0.00485	0.64305	0.00495	0.00534
50	0.84927	0.01038	0.00789	0.00706	0.01038	0.01204	0.00581	0.01578	0.00914	0.02408	0.00747	0.00872	0.00581	0.00498	0.00332	0.00166	0.00415	0.00291	0.00332	0.00581
51	0.01264	0.01072	0.01161	0.01077	0.01353	0.01226	0.00852	0.02588	0.65327	0.02148	0.02285	0.02619	0.01859	0.00843	0.00576	0.00192	0.00435	0.11790	0.00538	0.00796
52	0.84927	0.01038	0.00789	0.00706	0.01038	0.01204	0.00581	0.01578	0.00914	0.02408	0.00747	0.00872	0.00581	0.00498	0.00332	0.00166	0.00415	0.00291	0.00332	0.00581

[dist]
# distance from previous block
# <min> <max>
0	2

[block]
# block no. 1 follows, 45 sequences, length 14
# corresponding to MSA columns:
# 250-263
name=unknown_B
#
# <colnr> <probs for GDERKNQSTAVLIFYWHMCP>
#	G	D	E	R	K	N	Q	S	T	A	V	L	I	F	Y	W	H	M	C	P
0	0.01077	0.02777	0.78354	0.01530	0.02323	0.01247	0.01983	0.01700	0.01133	0.01700	0.00963	0.01133	0.00680	0.00510	0.00510	0.00170	0.00793	0.00397	0.00227	0.00793
1	0.02326	0.00895	0.01219	0.00941	0.01342	0.00775	0.00775	0.02535	0.01536	0.74340	0.05905	0.01937	0.01516	0.00686	0.00544	0.00166	0.00447	0.00561	0.00661	0.00893
2	0.01782	0.02173	0.01560	0.04163	0.11964	0.59634	0.01105	0.01956	0.01413	0.01370	0.00907	0.01124	0.00766	0.00822	0.06807	0.00201	0.00953	0.00386	0.00275	0.00641
3	0.00781	0.00520	0.00585	0.00585	0.00585	0.00520	0.00325	0.00781	0.00781	0.01041	0.01691	0.03513	0.01952	0.81135	0.02732	0.00520	0.00520	0.00781	0.00325	0.00325
4	0.00654	0.00467	0.00623	0.00747	0.00779	0.00436	0.00498	0.00747	0.01028	0.01370	0.02959	0.80785	0.03550	0.01682	0.00685	0.00218	0.00311	0.01526	0.00498	0.00436
5	0.84927	0.01038	0.00789	0.00706	0.01038	0.01204	0.00581	0.01578	0.00914	0.02408	0.00747	0.00872	0.00581	0.00498	0.00332	0.00166	0.00415	0.00291	0.00332	0.00581
6	0.84927	0.01038	0.00789	0.00706	0.01038	0.01204	0.00581	0.01578	0.00914	0.02408	0.00747	0.00872	0.00581	0.00498	0.00332	0.00166	0.00415	0.00291	0.00332	0.00581
7	0.00760	0.00549	0.00718	0.00675	0.00802	0.00506	0.00506	0.01013	0.01519	0.02153	0.77503	0.04010	0.05065	0.01097	0.00633	0.00169	0.00253	0.00971	0.00591	0.00506
8	0.02408	0.00914	0.01246	0.00955	0.01370	0.00789	0.00789	0.02616	0.01536	0.78158	0.02118	0.01827	0.01329	0.00664	0.00540	0.00166	0.00457	0.00540	0.00664	0.00914
9	0.07267	0.01377	0.01568	0.14361	0.06799	0.04710	0.01097	0.46598	0.01995	0.07202	0.01210	0.01306	0.00870	0.00604	0.00521	0.00164	0.00611	0.00467	0.00453	0.00823
10	0.01088	0.00674	0.00935	0.00980	0.08302	0.00621	0.00662	0.01319	0.01430	0.15354	0.46414	0.11866	0.06127	0.01034	0.00613	0.00173	0.00333	0.00914	0.00559	0.00602
11	0.01238	0.01162	0.01966	0.02902	0.65371	0.01178	0.01490	0.01536	0.01164	0.01672	0.01079	0.01455	0.00930	0.01052	0.13214	0.00273	0.00767	0.00494	0.00269	0.00790
12	0.73227	0.01194	0.06705	0.00869	0.01249	0.01217	0.05608	0.01596	0.00953	0.02311	0.00786	0.00929	0.00604	0.00496	0.00365	0.00167	0.00475	0.00321	0.00320	0.00606
13	0.00745	0.00544	0.00700	0.00670	0.00795	0.00499	0.00499	0.00981	0.01471	0.02059	0.68225	0.08511	0.09993	0.01149	0.00636	0.00173	0.00258	0.01014	0.00579	0.00499

[dist]
# distance from previous block
# <min> <max>
0	1

[block]
# block no. 2 follows, 45 sequences, length 69
# corresponding to MSA columns:
# 265-333
name=unknown_C
#
# <colnr> <probs for GDERKNQSTAVLIFYWHMCP>
#	G	D	E	R	K	N	Q	S	T	A	V	L	I	F	Y	W	H	M	C	P
0	0.56050	0.22821	0.05222	0.00809	0.01192	0.01441	0.00745	0.01576	0.00971	0.02034	0.00775	0.00914	0.00635	0.00578	0.02346	0.00170	0.00503	0.00302	0.00298	0.00618
1	0.00781	0.00520	0.00585	0.00585	0.00585	0.00520	0.00325	0.00781	0.00781	0.01041	0.01691	0.03513	0.01952	0.81135	0.02732	0.00520	0.00520	0.00781	0.00325	0.00325
2	0.01649	0.52051	0.02337	0.01084	0.01483	0.26685	0.00962	0.05658	0.01303	0.01390	0.00801	0.00918	0.00701	0.00499	0.00399	0.00125	0.00701	0.00316	0.00261	0.00679
3	0.01218	0.01009	0.01140	0.00900	0.01300	0.00930	0.00711	0.03208	0.26239	0.03812	0.05083	0.01568	0.01295	0.00552	0.00464	0.00121	0.00405	0.00453	0.00419	0.49174
4	0.01159	0.16591	0.51751	0.01314	0.01947	0.06184	0.01571	0.01626	0.01177	0.01612	0.05595	0.01437	0.04660	0.00579	0.00492	0.00159	0.00708	0.00443	0.00265	0.00731
5	0.02029	0.01045	0.01410	0.01090	0.01486	0.00997	0.06949	0.16591	0.04951	0.46720	0.03848	0.03514	0.05389	0.00713	0.00557	0.00169	0.00500	0.00601	0.00589	0.00852
6	0.02330	0.00895	0.01214	0.00937	0.01332	0.00776	0.00767	0.02528	0.01500	0.74444	0.02097	0.01908	0.01359	0.04540	0.00645	0.00183	0.00460	0.00551	0.00648	0.00885
7	0.01329	0.01275	0.02179	0.03295	0.77787	0.01275	0.01647	0.01647	0.01222	0.01754	0.01010	0.01329	0.00850	0.00478	0.00531	0.00159	0.00638	0.00478	0.00266	0.00850
8	0.01279	0.01391	0.09326	0.09448	0.64543	0.01266	0.01666	0.01630	0.01202	0.01717	0.01001	0.01319	0.00823	0.00486	0.00530	0.00162	0.00659	0.00470	0.00260	0.00824
9	0.01029	0.00970	0.01638	0.76139	0.07284	0.01197	0.01498	0.01385	0.01081	0.01390	0.00957	0.01426	0.00722	0.00534	0.00536	0.00178	0.00712	0.00477	0.00240	0.00609
10	0.00781	0.00520	0.00585	0.00585	0.00585	0.00520	0.00325	0.00781	0.00781	0.01041	0.01691	0.03513	0.01952	0.81135	0.02732	0.00520	0.00520	0.00781	0.00325	0.00325
11	0.00781	0.00520	0.00585	0.00585	0.00585	0.00520	0.00325	0.00781	0.00781	0.01041	0.01691	0.03513	0.01952	0.81135	0.02732	0.00520	0.00520	0.00781	0.00325	0.00325
12	0.01104	0.06189	0.70621	0.01546	0.02309	0.01292	0.06241	0.01697	0.01139	0.01682	0.00961	0.01140	0.00688	0.00504	0.00510	0.00168	0.00790	0.00406	0.00229	0.00785
13	0.00640	0.00544	0.00552	0.00550	0.00729	0.00456	0.00413	0.00782	0.01238	0.01484	0.08927	0.05110	0.74059	0.01347	0.00634	0.00181	0.00271	0.01125	0.00503	0.00456
14	0.00767	0.00575	0.00863	0.00863	0.00959	0.00671	0.00671	0.00959	0.00863	0.01246	0.01438	0.02109	0.01342	0.04026	0.79008	0.00863	0.01438	0.00575	0.00288	0.00479
15	0.00651	0.00479	0.00611	0.00716	0.00770	0.00439	0.00484	0.00751	0.01058	0.01383	0.03343	0.69073	0.15014	0.01632	0.00677	0.00212	0.00305	0.01465	0.00498	0.00439
16	0.01413	0.46336	0.19516	0.01144	0.01662	0.01740	0.04771	0.09026	0.01259	0.04165	0.00969	0.02541	0.00812	0.01994	0.00471	0.00146	0.00631	0.00388	0.00283	0.00732
17	0.01329	0.01275	0.02179	0.03295	0.77787	0.01275	0.01647	0.01647	0.01222	0.01754	0.01010	0.01329	0.00850	0.00478	0.00531	0.00159	0.00638	0.00478	0.00266	0.00850
18	0.00768	0.00572	0.00847	0.00847	0.00937	0.00662	0.00651	0.00948	0.00858	0.01234	0.01453	0.02191	0.01377	0.08521	0.74561	0.00843	0.01384	0.00587	0.00290	0.00470
19	0.02408	0.00914	0.01246	0.00955	0.01370	0.00789	0.00789	0.02616	0.01536	0.78158	0.02118	0.01827	0.01329	0.00664	0.00540	0.00166	0.00457	0.00540	0.00664	0.00914
20	0.01313	0.01265	0.02164	0.03099	0.69715	0.01247	0.05162	0.01634	0.01218	0.01752	0.01010	0.01322	0.00845	0.00472	0.00529	0.00156	0.00637	0.00476	0.00269	0.05716
21	0.01108	0.00951	0.01125	0.00846	0.02856	0.00722	0.00654	0.01346	0.01114	0.01742	0.00996	0.02733	0.00852	0.00425	0.00406	0.00084	0.00401	0.00346	0.00321	0.80972
22	0.01834	0.14671	0.08746	0.01322	0.01677	0.58255	0.01105	0.03754	0.01443	0.01390	0.00840	0.00974	0.00695	0.00537	0.00466	0.00138	0.00883	0.00345	0.00271	0.00655
23	0.01994	0.01436	0.01543	0.01189	0.01603	0.01582	0.00981	0.70263	0.02426	0.05120	0.01333	0.01340	0.00947	0.00644	0.00528	0.00159	0.00569	0.00486	0.04965	0.00891
24	0.84927	0.01038	0.00789	0.00706	0.01038	0.01204	0.00581	0.01578	0.00914	0.02408	0.00747	0.00872	0.00581	0.00498	0.00332	0.00166	0.00415	0.00291	0.00332	0.00581
25	0.00638	0.00529	0.00559	0.00582	0.00735	0.00450	0.00425	0.00766	0.01187	0.01435	0.04971	0.19408	0.63628	0.01420	0.00644	0.00188	0.00279	0.01207	0.00498	0.00450
26	0.84927	0.01038	0.00789	0.00706	0.01038	0.01204	0.00581	0.01578	0.00914	0.02408	0.00747	0.00872	0.00581	0.00498	0.00332	0.00166	0.00415	0.00291	0.00332	0.00581
27	0.00778	0.00529	0.00628	0.00628	0.00643	0.00544	0.00379	0.00808	0.00793	0.01073	0.01652	0.03295	0.01857	0.69193	0.14545	0.00573	0.00662	0.00749	0.00319	0.00349
28	0.01148	0.00953	0.01117	0.00799	0.01275	0.00718	0.00640	0.01386	0.01125	0.03828	0.00986	0.01133	0.00810	0.00405	0.00401	0.00082	0.00399	0.00324	0.00327	0.82145
29	0.84927	0.01038	0.00789	0.00706	0.01038	0.01204	0.00581	0.01578	0.00914	0.02408	0.00747	0.00872	0.00581	0.00498	0.00332	0.00166	0.00415	0.00291	0.00332	0.00581
30	0.02408	0.00914	0.01246	0.00955	0.01370	0.00789	0.00789	0.02616	0.01536	0.78158	0.02118	0.01827	0.01329	0.00664	0.00540	0.00166	0.00457	0.00540	0.00664	0.00914
31	0.00676	0.00481	0.00640	0.00742	0.00776	0.00464	0.00497	0.00769	0.00990	0.01328	0.02707	0.66683	0.03209	0.09426	0.07616	0.00302	0.00428	0.01373	0.00464	0.00429
32	0.01176	0.14738	0.63159	0.01430	0.02147	0.05124	0.01776	0.01707	0.01146	0.01615	0.00924	0.01084	0.00682	0.00504	0.00484	0.00160	0.00768	0.00378	0.00230	0.00769
33	0.00653	0.00471	0.00619	0.00737	0.00776	0.00437	0.00493	0.00749	0.01038	0.01375	0.03090	0.76781	0.07469	0.01665	0.00682	0.00216	0.00309	0.01505	0.00498	0.00437
34	0.00672	0.00545	0.00597	0.00584	0.00748	0.00469	0.00438	0.00844	0.01313	0.01663	0.27326	0.04815	0.55547	0.01280	0.00634	0.00177	0.00266	0.01084	0.00527	0.00469
35	0.01245	0.01026	0.01102	0.01040	0.01275	0.05041	0.00835	0.13929	0.27273	0.02083	0.04091	0.11516	0.04105	0.01049	0.00617	0.00199	0.00480	0.21900	0.00511	0.00684
36	0.01241	0.02022	0.37135	0.01861	0.02511	0.01277	0.38398	0.01758	0.01221	0.05758	0.01085	0.01325	0.00781	0.00490	0.00573	0.00175	0.00831	0.00521	0.00272	0.00765
37	0.01001	0.00500	0.00500	0.00500	0.00625	0.00500	0.00375	0.01251	0.01126	0.02001	0.01751	0.02001	0.01376	0.00625	0.00375	0.00125	0.00250	0.00500	0.84115	0.00500
38	0.01329	0.01275	0.02179	0.03295	0.77787	0.01275	0.01647	0.01647	0.01222	0.01754	0.01010	0.01329	0.00850	0.00478	0.00531	0.00159	0.00638	0.00478	0.00266	0.00850
39	0.03606	0.01842	0.10096	0.09757	0.09028	0.23557	0.01224	0.28535	0.01751	0.03987	0.01068	0.01202	0.00800	0.00574	0.00514	0.00158	0.00731	0.00430	0.00370	0.00770
40	0.01751	0.01340	0.03547	0.07583	0.30259	0.10196	0.01234	0.09410	0.01466	0.24118	0.01426	0.01509	0.02540	0.00581	0.00531	0.00161	0.00621	0.00493	0.00412	0.00821
41	0.84927	0.01038	0.00789	0.00706	0.01038	0.01204	0.00581	0.01578	0.00914	0.02408	0.00747	0.00872	0.00581	0.00498	0.00332	0.00166	0.00415	0.00291	0.00332	0.00581
42	0.00654	0.00467	0.00623	0.00747	0.00779	0.00436	0.00498	0.00747	0.01028	0.01370	0.02959	0.80785	0.03550	0.01682	0.00685	0.00218	0.00311	0.01526	0.00498	0.00436
43	0.01329	0.01275	0.02179	0.03295	0.77787	0.01275	0.01647	0.01647	0.01222	0.01754	0.01010	0.01329	0.00850	0.00478	0.00531	0.00159	0.00638	0.00478	0.00266	0.00850
44	0.00748	0.00540	0.00707	0.00683	0.00799	0.00499	0.00506	0.00985	0.01467	0.02069	0.69567	0.12183	0.04904	0.01160	0.00639	0.00174	0.00259	0.01030	0.00581	0.00499
45	0.02408	0.00914	0.01246	0.00955	0.01370	0.00789	0.00789	0.02616	0.01536	0.78158	0.02118	0.01827	0.01329	0.00664	0.00540	0.00166	0.00457	0.00540	0.00664	0.00914
46	0.00753	0.00548	0.00708	0.00668	0.00798	0.00504	0.00501	0.01000	0.01504	0.02115	0.73688	0.04071	0.08904	0.01111	0.00633	0.00169	0.00254	0.00979	0.00586	0.00504
47	0.02321	0.00894	0.01218	0.00940	0.01340	0.00774	0.00774	0.02531	0.01535	0.74134	0.06109	0.01943	0.01527	0.00687	0.00545	0.00166	0.00446	0.00563	0.00660	0.00892
48	0.02041	0.01504	0.01611	0.01235	0.01665	0.01665	0.01020	0.75997	0.02524	0.03383	0.01289	0.01289	0.00913	0.00644	0.00537	0.00161	0.00591	0.00483	0.00537	0.00913
49	0.02041	0.01504	0.01611	0.01235	0.01665	0.01665	0.01020	0.75997	0.02524	0.03383	0.01289	0.01289	0.00913	0.00644	0.00537	0.00161	0.00591	0.00483	0.00537	0.00913
50	0.02408	0.00914	0.01246	0.00955	0.01370	0.00789	0.00789	0.02616	0.01536	0.78158	0.02118	0.01827	0.01329	0.00664	0.00540	0.00166	0.00457	0.00540	0.00664	0.00914
51	0.01435	0.81458	0.02813	0.00918	0.01378	0.02124	0.00918	0.01607	0.01091	0.01263	0.00746	0.00861	0.00689	0.00459	0.00344	0.00115	0.00574	0.00287	0.00230	0.00689
52	0.01003	0.00940	0.01582	0.77581	0.03614	0.01171	0.01462	0.01354	0.01072	0.01371	0.01011	0.03702	0.00797	0.00569	0.00541	0.00180	0.00704	0.00507	0.00246	0.00592
53	0.00663	0.00545	0.00583	0.00573	0.00742	0.00465	0.00430	0.00825	0.01290	0.01608	0.21678	0.04905	0.61230	0.01300	0.00634	0.00178	0.00268	0.01096	0.00519	0.00465
54	0.01329	0.01275	0.02179	0.03295	0.77787	0.01275	0.01647	0.01647	0.01222	0.01754	0.01010	0.01329	0.00850	0.00478	0.00531	0.00159	0.00638	0.00478	0.00266	0.00850
55	0.00760	0.00549	0.00718	0.00675	0.00802	0.00506	0.00506	0.01013	0.01519	0.02153	0.77503	0.04010	0.05065	0.01097	0.00633	0.00169	0.00253	0.00971	0.00591	0.00506
56	0.01433	0.74770	0.05294	0.01017	0.03602	0.03784	0.00978	0.01624	0.01105	0.01293	0.00763	0.00886	0.00693	0.00464	0.00358	0.00118	0.00592	0.00297	0.00232	0.00695
57	0.02408	0.00914	0.01246	0.00955	0.01370	0.00789	0.00789	0.02616	0.01536	0.78158	0.02118	0.01827	0.01329	0.00664	0.00540	0.00166	0.00457	0.00540	0.00664	0.00914
58	0.02005	0.02558	0.01521	0.01383	0.01659	0.78980	0.01037	0.02143	0.01521	0.01314	0.00830	0.00968	0.00691	0.00553	0.00484	0.00138	0.00968	0.00346	0.00277	0.00622
59	0.00654	0.00467	0.00623	0.00747	0.00779	0.00436	0.00498	0.00747	0.01028	0.01370	0.02959	0.80785	0.03550	0.01682	0.00685	0.00218	0.00311	0.01526	0.00498	0.00436
60	0.02290	0.00973	0.01332	0.01144	0.07024	0.00878	0.00865	0.06102	0.03015	0.67434	0.01997	0.01768	0.01279	0.00651	0.00539	0.00166	0.00476	0.00534	0.00627	0.00908
61	0.02408	0.00914	0.01246	0.00955	0.01370	0.00789	0.00789	0.02616	0.01536	0.78158	0.02118	0.01827	0.01329	0.00664	0.00540	0.00166	0.00457	0.00540	0.00664	0.00914
62	0.02396	0.00933	0.01258	0.00964	0.01380	0.00818	0.00797	0.05072	0.01569	0.75656	0.02090	0.01809	0.01315	0.00664	0.00540	0.00166	0.00461	0.00538	0.00660	0.00914
63	0.78570	0.01102	0.00819	0.00735	0.01059	0.05146	0.00599	0.01598	0.00950	0.02342	0.00777	0.00906	0.00607	0.00504	0.00341	0.00164	0.00439	0.00299	0.02460	0.00581
64	0.00661	0.00470	0.00621	0.00738	0.00767	0.00441	0.00488	0.00749	0.01013	0.01351	0.02885	0.76280	0.03457	0.06313	0.00804	0.00236	0.00324	0.01483	0.00488	0.00430
65	0.01229	0.01045	0.01287	0.00929	0.01405	0.00861	0.04962	0.09959	0.01284	0.01935	0.01000	0.01152	0.00810	0.00429	0.00427	0.00095	0.00449	0.00355	0.00341	0.70046
66	0.00844	0.00694	0.01073	0.00964	0.01145	0.00643	0.12191	0.02830	0.01232	0.02929	0.14331	0.34821	0.16266	0.01270	0.00652	0.00195	0.00408	0.05017	0.00478	0.02018
67	0.01839	0.01373	0.01534	0.01248	0.03125	0.01515	0.02741	0.49367	0.22229	0.06967	0.01561	0.01512	0.01125	0.00660	0.00542	0.00167	0.00548	0.00523	0.00535	0.00890
68	0.00978	0.00875	0.00893	0.00974	0.01097	0.12700	0.00781	0.01164	0.01222	0.01493	0.02616	0.25937	0.04376	0.01391	0.00684	0.00221	0.00512	0.41127	0.00462	0.00497

[dist]
# distance from previous block
# <min> <max>
0	26

[block]
# block no. 3 follows, 45 sequences, length 32
# corresponding to MSA columns:
# 360-391
name=unknown_D
#
# <colnr> <probs for GDERKNQSTAVLIFYWHMCP>
#	G	D	E	R	K	N	Q	S	T	A	V	L	I	F	Y	W	H	M	C	P
0	0.00781	0.00520	0.00585	0.00585	0.00585	0.00520	0.00325	0.00781	0.00781	0.01041	0.01691	0.03513	0.01952	0.81135	0.02732	0.00520	0.00520	0.00781	0.00325	0.00325
1	0.01435	0.81458	0.02813	0.00918	0.01378	0.02124	0.00918	0.01607	0.01091	0.01263	0.00746	0.00861	0.00689	0.00459	0.00344	0.00115	0.00574	0.00287	0.00230	0.00689
2	0.02345	0.00899	0.01225	0.00944	0.01348	0.00778	0.00778	0.02554	0.01536	0.75235	0.05017	0.01911	0.01472	0.00681	0.00543	0.00166	0.00449	0.00556	0.00662	0.00898
3	0.00640	0.00544	0.00552	0.00550	0.00729	0.00456	0.00412	0.00781	0.01237	0.01482	0.08710	0.05113	0.74277	0.01348	0.00634	0.00181	0.00271	0.01126	0.00503	0.00456
4	0.00755	0.00549	0.00711	0.00671	0.00799	0.00505	0.00503	0.01005	0.01509	0.02128	0.74998	0.04050	0.07586	0.01107	0.00633	0.00169	0.00254	0.00976	0.00588	0.00505
5	0.02012	0.01486	0.01595	0.01221	0.01652	0.01635	0.01008	0.73674	0.02480	0.03332	0.01278	0.01283	0.00909	0.00637	0.00533	0.00159	0.00585	0.00478	0.00530	0.03511
6	0.02408	0.00914	0.01246	0.00955	0.01370	0.00789	0.00789	0.02616	0.01536	0.78158	0.02118	0.01827	0.01329	0.00664	0.00540	0.00166	0.00457	0.00540	0.00664	0.00914
7	0.01435	0.81458	0.02813	0.00918	0.01378	0.02124	0.00918	0.01607	0.01091	0.01263	0.00746	0.00861	0.00689	0.00459	0.00344	0.00115	0.00574	0.00287	0.00230	0.00689
8	0.02194	0.00883	0.01188	0.00937	0.01311	0.00778	0.00762	0.04772	0.01528	0.66710	0.05205	0.08031	0.01639	0.00760	0.00555	0.00170	0.00442	0.00632	0.00644	0.00860
9	0.00781	0.00520	0.00585	0.00585	0.00585	0.00520	0.00325	0.00781	0.00781	0.01041	0.01691	0.03513	0.01952	0.81135	0.02732	0.00520	0.00520	0.00781	0.00325	0.00325
10	0.01100	0.02637	0.71272	0.01694	0.09339	0.01249	0.01952	0.01695	0.01142	0.01705	0.00968	0.01151	0.00696	0.00507	0.00512	0.00169	0.00779	0.00404	0.00230	0.00799
11	0.01894	0.02358	0.01594	0.04757	0.09755	0.67656	0.01120	0.02060	0.01472	0.01362	0.00854	0.01025	0.00709	0.00545	0.00491	0.00142	0.00923	0.00365	0.00274	0.00645
12	0.00654	0.00467	0.00623	0.00747	0.00779	0.00436	0.00498	0.00747	0.01028	0.01370	0.02959	0.80785	0.03550	0.01682	0.00685	0.00218	0.00311	0.01526	0.00498	0.00436
13	0.01329	0.01275	0.02179	0.03295	0.77787	0.01275	0.01647	0.01647	0.01222	0.01754	0.01010	0.01329	0.00850	0.00478	0.00531	0.00159	0.00638	0.00478	0.00266	0.00850
14	0.01113	0.00954	0.01113	0.00795	0.01272	0.00716	0.00636	0.01352	0.01113	0.01749	0.00954	0.01113	0.00795	0.00398	0.00398	0.00080	0.00398	0.00318	0.00318	0.84417
15	0.02395	0.00934	0.01259	0.00965	0.01381	0.00820	0.00797	0.05216	0.01571	0.75509	0.02088	0.01808	0.01314	0.00664	0.00540	0.00166	0.00462	0.00538	0.00660	0.00914
16	0.01113	0.00954	0.01113	0.00795	0.01272	0.00716	0.00636	0.01352	0.01113	0.01749	0.00954	0.01113	0.00795	0.00398	0.00398	0.00080	0.00398	0.00318	0.00318	0.84417
17	0.01435	0.81458	0.02813	0.00918	0.01378	0.02124	0.00918	0.01607	0.01091	0.01263	0.00746	0.00861	0.00689	0.00459	0.00344	0.00115	0.00574	0.00287	0.00230	0.00689
18	0.00634	0.00544	0.00544	0.00544	0.00725	0.00453	0.00408	0.00770	0.01224	0.01450	0.05438	0.05166	0.77569	0.01359	0.00634	0.00181	0.00272	0.01133	0.00498	0.00453
19	0.00781	0.00520	0.00585	0.00585	0.00585	0.00520	0.00325	0.00781	0.00781	0.01041	0.01691	0.03513	0.01952	0.81135	0.02732	0.00520	0.00520	0.00781	0.00325	0.00325
20	0.00652	0.00476	0.00614	0.00725	0.00773	0.00438	0.00488	0.00750	0.01050	0.01379	0.03236	0.72323	0.11833	0.01646	0.00679	0.00214	0.00307	0.01482	0.00498	0.00438
21	0.02383	0.00954	0.01271	0.00974	0.01390	0.00849	0.00805	0.07619	0.01604	0.73060	0.02061	0.01790	0.01300	0.00663	0.00540	0.00166	0.00466	0.00536	0.00656	0.00913
22	0.02408	0.00914	0.01246	0.00955	0.01370	0.00789	0.00789	0.02616	0.01536	0.78158	0.02118	0.01827	0.01329	0.00664	0.00540	0.00166	0.00457	0.00540	0.00664	0.00914
23	0.02104	0.01402	0.01548	0.01187	0.01614	0.01514	0.00981	0.63401	0.02354	0.16218	0.01431	0.01381	0.00984	0.00648	0.00537	0.00162	0.00568	0.00493	0.00559	0.00913
24	0.01331	0.01318	0.02099	0.11779	0.63306	0.05799	0.03275	0.01647	0.01224	0.01684	0.00995	0.01322	0.00825	0.00489	0.00532	0.00161	0.00672	0.00474	0.00263	0.00806
25	0.01254	0.01047	0.00945	0.00839	0.01093	0.12356	0.00650	0.13139	0.04530	0.08369	0.03490	0.05354	0.39883	0.01024	0.00577	0.00169	0.00448	0.00829	0.03395	0.00608
26	0.00654	0.00467	0.00623	0.00747	0.00779	0.00436	0.00498	0.00747	0.01028	0.01370	0.02959	0.80785	0.03550	0.01682	0.00685	0.00218	0.00311	0.01526	0.00498	0.00436
27	0.27061	0.27147	0.03324	0.01027	0.01395	0.26625	0.00880	0.04278	0.01225	0.01709	0.00796	0.00919	0.00664	0.00509	0.00396	0.00141	0.00658	0.00316	0.00286	0.00644
28	0.00743	0.00539	0.00700	0.00679	0.00797	0.00496	0.00502	0.00973	0.01451	0.02037	0.66273	0.13116	0.07327	0.01175	0.00639	0.00175	0.00261	0.01042	0.00577	0.00496
29	0.01199	0.11786	0.01348	0.00839	0.01287	0.00970	0.00695	0.06484	0.03094	0.01789	0.01179	0.02870	0.03586	0.00491	0.00418	0.00099	0.00429	0.00386	0.00337	0.60715
30	0.01238	0.01063	0.01236	0.00984	0.01378	0.01026	0.03626	0.06022	0.31160	0.02035	0.03288	0.01652	0.03124	0.00583	0.00484	0.00133	0.00432	0.00488	0.00429	0.39618
31	0.06035	0.12192	0.01780	0.03505	0.01688	0.09140	0.04396	0.44878	0.04395	0.02613	0.01136	0.01210	0.00851	0.00604	0.00540	0.00157	0.03196	0.00444	0.00430	0.00808

[dist]
# distance from previous block
# <min> <max>
0	1

[block]
# block no. 4 follows, 45 sequences, length 58
# corresponding to MSA columns:
# 393-450
name=unknown_E
#
# <colnr> <probs for GDERKNQSTAVLIFYWHMCP>
#	G	D	E	R	K	N	Q	S	T	A	V	L	I	F	Y	W	H	M	C	P
0	0.01070	0.02654	0.73507	0.01538	0.04043	0.01218	0.01917	0.01672	0.01151	0.01719	0.03973	0.01251	0.00856	0.00532	0.00515	0.00170	0.00768	0.00421	0.00242	0.00783
1	0.01001	0.00500	0.00500	0.00500	0.00625	0.00500	0.00375	0.01251	0.01126	0.02001	0.01751	0.02001	0.01376	0.00625	0.00375	0.00125	0.00250	0.00500	0.84115	0.00500
2	0.00667	0.00540	0.00592	0.00591	0.00748	0.00465	0.00438	0.00828	0.01282	0.01617	0.22973	0.10225	0.54521	0.01318	0.00638	0.00181	0.00270	0.01121	0.00521	0.00465
3	0.00760	0.00549	0.00718	0.00675	0.00802	0.00506	0.00506	0.01013	0.01519	0.02153	0.77503	0.04010	0.05065	0.01097	0.00633	0.00169	0.00253	0.00971	0.00591	0.00506
4	0.00641	0.00544	0.00553	0.00550	0.00729	0.00456	0.00413	0.00783	0.01238	0.01485	0.09054	0.05108	0.73931	0.01346	0.00634	0.00181	0.00271	0.01125	0.00503	0.00456
5	0.01077	0.02777	0.78354	0.01530	0.02323	0.01247	0.01983	0.01700	0.01133	0.01700	0.00963	0.01133	0.00680	0.00510	0.00510	0.00170	0.00793	0.00397	0.00227	0.00793
6	0.01435	0.81458	0.02813	0.00918	0.01378	0.02124	0.00918	0.01607	0.01091	0.01263	0.00746	0.00861	0.00689	0.00459	0.00344	0.00115	0.00574	0.00287	0.00230	0.00689
7	0.02408	0.00914	0.01246	0.00955	0.01370	0.00789	0.00789	0.02616	0.01536	0.78158	0.02118	0.01827	0.01329	0.00664	0.00540	0.00166	0.00457	0.00540	0.00664	0.00914
8	0.00660	0.00473	0.00636	0.00754	0.00789	0.00449	0.00508	0.00759	0.01018	0.01363	0.02873	0.76342	0.03426	0.01814	0.05108	0.00254	0.00375	0.01472	0.00486	0.00438
9	0.02408	0.00914	0.01246	0.00955	0.01370	0.00789	0.00789	0.02616	0.01536	0.78158	0.02118	0.01827	0.01329	0.00664	0.00540	0.00166	0.00457	0.00540	0.00664	0.00914
10	0.84927	0.01038	0.00789	0.00706	0.01038	0.01204	0.00581	0.01578	0.00914	0.02408	0.00747	0.00872	0.00581	0.00498	0.00332	0.00166	0.00415	0.00291	0.00332	0.00581
11	0.00749	0.00545	0.00704	0.00671	0.00797	0.00501	0.00501	0.00989	0.01484	0.02083	0.70541	0.07055	0.09100	0.01135	0.00635	0.00171	0.00257	0.01001	0.00582	0.00501
12	0.01267	0.01448	0.03167	0.02262	0.02805	0.01357	0.75837	0.01719	0.01267	0.01719	0.01086	0.01448	0.00814	0.00452	0.00633	0.00181	0.00905	0.00633	0.00271	0.00724
13	0.02408	0.00914	0.01246	0.00955	0.01370	0.00789	0.00789	0.02616	0.01536	0.78158	0.02118	0.01827	0.01329	0.00664	0.00540	0.00166	0.00457	0.00540	0.00664	0.00914
14	0.02408	0.00914	0.01246	0.00955	0.01370	0.00789	0.00789	0.02616	0.01536	0.78158	0.02118	0.01827	0.01329	0.00664	0.00540	0.00166	0.00457	0.00540	0.00664	0.00914
15	0.01307	0.01346	0.03550	0.15014	0.51825	0.05749	0.10112	0.01642	0.01220	0.01664	0.00999	0.01334	0.00813	0.00489	0.00541	0.00164	0.00702	0.00487	0.00262	0.00782
16	0.02390	0.00943	0.01264	0.00969	0.01385	0.00832	0.00800	0.06248	0.01585	0.74458	0.02077	0.01800	0.01308	0.00663	0.00540	0.00166	0.00463	0.00537	0.00658	0.00913
17	0.02408	0.00914	0.01246	0.00955	0.01370	0.00789	0.00789	0.02616	0.01536	0.78158	0.02118	0.01827	0.01329	0.00664	0.00540	0.00166	0.00457	0.00540	0.00664	0.00914
18	0.14427	0.01659	0.13782	0.06456	0.20104	0.11858	0.17564	0.01697	0.01186	0.01740	0.00938	0.01204	0.00739	0.00513	0.00563	0.00168	0.03965	0.00452	0.00270	0.00716
19	0.00854	0.00614	0.00850	0.00968	0.01094	0.00610	0.00843	0.01096	0.01235	0.01599	0.02965	0.06013	0.06616	0.01477	0.00736	0.00244	0.00484	0.70715	0.00494	0.00492
20	0.01014	0.00954	0.01610	0.79845	0.03697	0.01193	0.01491	0.01371	0.01073	0.01371	0.00954	0.01431	0.00716	0.00537	0.00537	0.00179	0.00716	0.00477	0.00239	0.00596
21	0.01001	0.00500	0.00500	0.00500	0.00625	0.00500	0.00375	0.01251	0.01126	0.02001	0.01751	0.02001	0.01376	0.00625	0.00375	0.00125	0.00250	0.00500	0.84115	0.00500
22	0.00639	0.00544	0.00551	0.00549	0.00728	0.00455	0.00412	0.00780	0.01235	0.01478	0.08270	0.05121	0.74719	0.01349	0.00634	0.00181	0.00271	0.01127	0.00502	0.00455
23	0.02324	0.00933	0.01246	0.00960	0.01365	0.00827	0.00791	0.06697	0.01591	0.70986	0.04997	0.01881	0.01450	0.00680	0.00543	0.00166	0.00456	0.00553	0.00654	0.00898
24	0.00753	0.00546	0.00710	0.00674	0.00799	0.00503	0.00504	0.00999	0.01497	0.02111	0.73451	0.06311	0.06878	0.01121	0.00635	0.00171	0.00255	0.00991	0.00586	0.00503
25	0.01333	0.01159	0.01408	0.05623	0.14798	0.01304	0.01031	0.06162	0.52806	0.02144	0.01898	0.01989	0.01477	0.00702	0.00551	0.00180	0.00488	0.03643	0.00479	0.00825
26	0.01335	0.01153	0.01214	0.01092	0.01396	0.01335	0.00850	0.02852	0.76817	0.02245	0.02185	0.02003	0.01639	0.00728	0.00546	0.00182	0.00425	0.00607	0.00546	0.00850
27	0.01376	0.01173	0.01237	0.01101	0.01411	0.01354	0.00859	0.07047	0.72556	0.02311	0.02133	0.01962	0.01597	0.00723	0.00546	0.00181	0.00434	0.00600	0.00546	0.00853
28	0.00657	0.00471	0.00619	0.00737	0.00772	0.00439	0.00491	0.00749	0.01027	0.01364	0.03001	0.76309	0.05810	0.03854	0.00740	0.00225	0.00316	0.01493	0.00494	0.00433
29	0.03693	0.03645	0.09638	0.01246	0.03003	0.01517	0.01086	0.51795	0.07623	0.07890	0.01337	0.01337	0.00952	0.00622	0.00523	0.00161	0.00584	0.00474	0.00492	0.02380
30	0.05270	0.08044	0.66217	0.01420	0.02140	0.01283	0.01788	0.01658	0.01109	0.01687	0.00956	0.01140	0.00702	0.00644	0.03575	0.00193	0.00785	0.00391	0.00235	0.00763
31	0.01308	0.26632	0.42117	0.01231	0.01854	0.01429	0.01440	0.01725	0.01167	0.08861	0.02811	0.01183	0.00854	0.00517	0.00459	0.00148	0.00661	0.00386	0.00282	0.04936
32	0.01355	0.01097	0.05896	0.07205	0.09617	0.01054	0.00960	0.05736	0.26427	0.14095	0.05977	0.02400	0.14289	0.00783	0.00559	0.00174	0.00471	0.00660	0.00486	0.00757
33	0.00653	0.00470	0.00620	0.00741	0.00777	0.00437	0.00495	0.00748	0.01034	0.01373	0.03036	0.78413	0.05872	0.01672	0.00684	0.00217	0.00310	0.01514	0.00498	0.00437
34	0.01370	0.01302	0.06117	0.02286	0.33257	0.02373	0.19372	0.04580	0.02974	0.08585	0.01396	0.03636	0.01190	0.00636	0.00581	0.00177	0.00671	0.08377	0.00347	0.00774
35	0.01543	0.09616	0.16233	0.01515	0.05732	0.03963	0.17411	0.13249	0.06744	0.12790	0.03530	0.01446	0.01045	0.00565	0.00533	0.00162	0.00666	0.00503	0.00385	0.02368
36	0.09288	0.00996	0.04200	0.00956	0.01379	0.00842	0.00818	0.02493	0.01468	0.68828	0.01958	0.01720	0.01241	0.00644	0.00521	0.00166	0.00466	0.00513	0.00619	0.00881
37	0.36676	0.03339	0.10385	0.01088	0.03346	0.07677	0.00952	0.22190	0.01480	0.06804	0.01014	0.01091	0.00745	0.00553	0.00439	0.00162	0.00565	0.00380	0.00387	0.00729
38	0.01113	0.00954	0.01113	0.00795	0.01272	0.00716	0.00636	0.01352	0.01113	0.01749	0.00954	0.01113	0.00795	0.00398	0.00398	0.00080	0.00398	0.00318	0.00318	0.84417
39	0.01855	0.01415	0.01611	0.01250	0.01657	0.01555	0.05201	0.59870	0.10919	0.03100	0.04988	0.01508	0.01187	0.00665	0.00548	0.00165	0.00573	0.00529	0.00526	0.00876
40	0.00693	0.00495	0.00641	0.00734	0.00783	0.00466	0.00505	0.00800	0.01058	0.01407	0.07933	0.56861	0.06851	0.10949	0.00925	0.00251	0.00345	0.07386	0.00484	0.00433
41	0.00690	0.00575	0.00606	0.00593	0.00771	0.00506	0.00446	0.00914	0.05064	0.01604	0.16977	0.04820	0.61986	0.01285	0.00630	0.00179	0.00277	0.01080	0.00516	0.00482
42	0.01029	0.00970	0.01638	0.76028	0.07391	0.01197	0.01499	0.01385	0.01081	0.01391	0.00957	0.01426	0.00722	0.00534	0.00536	0.00178	0.00712	0.00477	0.00240	0.00609
43	0.03318	0.10801	0.03457	0.04498	0.49089	0.12437	0.01414	0.01679	0.01238	0.01630	0.01037	0.01448	0.00908	0.00540	0.00509	0.00156	0.00670	0.04129	0.00275	0.00767
44	0.01488	0.36089	0.20737	0.01199	0.01675	0.19652	0.01208	0.05442	0.01274	0.01507	0.02520	0.01051	0.00794	0.00530	0.00472	0.00140	0.02898	0.00357	0.00263	0.00703
45	0.00634	0.00544	0.00544	0.00544	0.00725	0.00453	0.00408	0.00770	0.01224	0.01450	0.05438	0.05166	0.77569	0.01359	0.00634	0.00181	0.00272	0.01133	0.00498	0.00453
46	0.62208	0.01117	0.01022	0.00860	0.01215	0.01261	0.02895	0.12414	0.04972	0.06321	0.00976	0.01053	0.00726	0.00538	0.00392	0.00167	0.00458	0.00357	0.00387	0.00663
47	0.01784	0.19642	0.05656	0.05694	0.01747	0.40843	0.01081	0.14356	0.01550	0.01672	0.00902	0.01033	0.00729	0.00545	0.00466	0.00141	0.00795	0.00366	0.00305	0.00693
48	0.00676	0.00545	0.00602	0.00588	0.00751	0.00471	0.00441	0.00851	0.01322	0.01684	0.29443	0.04781	0.53417	0.01272	0.00634	0.00177	0.00266	0.01079	0.00529	0.00471
49	0.01806	0.01366	0.01466	0.01175	0.01554	0.01520	0.00952	0.55902	0.18171	0.03019	0.01581	0.06300	0.01228	0.00726	0.00548	0.00169	0.00538	0.00573	0.00537	0.00870
50	0.00652	0.00494	0.00601	0.00681	0.00762	0.00444	0.00470	0.00764	0.01107	0.01423	0.06381	0.54174	0.26992	0.01559	0.00667	0.00205	0.00297	0.01382	0.00502	0.00444
51	0.01504	0.21732	0.14957	0.03854	0.06119	0.21153	0.06628	0.06729	0.03036	0.01580	0.00915	0.01101	0.00745	0.00552	0.00579	0.00154	0.07282	0.00397	0.00275	0.00709
52	0.01426	0.79505	0.04688	0.00934	0.01401	0.02102	0.00945	0.01610	0.01092	0.01274	0.00752	0.00868	0.00689	0.00461	0.00349	0.00116	0.00579	0.00290	0.00230	0.00691
53	0.00638	0.00544	0.00548	0.00547	0.00727	0.00454	0.00410	0.00776	0.01231	0.01468	0.07230	0.05137	0.75766	0.01353	0.00634	0.00181	0.00271	0.01129	0.00501	0.00454
54	0.00691	0.00528	0.00766	0.00823	0.00892	0.00491	0.04749	0.00811	0.01063	0.01416	0.05155	0.71098	0.06314	0.01583	0.00679	0.00213	0.00342	0.01444	0.00488	0.00455
55	0.05333	0.03937	0.05633	0.02303	0.01435	0.16161	0.00918	0.16691	0.15594	0.01957	0.01453	0.01665	0.03056	0.03864	0.17292	0.00321	0.00807	0.00505	0.00387	0.00689
56	0.71738	0.00949	0.00763	0.00712	0.00997	0.01084	0.00568	0.01448	0.00931	0.02246	0.01093	0.13378	0.01046	0.00683	0.00387	0.00174	0.00399	0.00484	0.00358	0.00559
57	0.66688	0.02808	0.01115	0.02849	0.01301	0.01236	0.08151	0.04590	0.01029	0.02316	0.00840	0.00996	0.00649	0.00504	0.00377	0.00165	0.00477	0.00344	0.02957	0.00609

[dist]
# distance from previous block
# <min> <max>
17	199

[block]
# block no. 5 follows, 45 sequences, length 53
# corresponding to MSA columns:
# 652-704
name=unknown_F
#
# <colnr> <probs for GDERKNQSTAVLIFYWHMCP>
#	G	D	E	R	K	N	Q	S	T	A	V	L	I	F	Y	W	H	M	C	P
0	0.01415	0.01099	0.02934	0.01102	0.05476	0.03386	0.00813	0.32338	0.01706	0.04705	0.09320	0.14347	0.01915	0.14297	0.00932	0.00229	0.00512	0.00737	0.00471	0.02267
1	0.04552	0.04263	0.01178	0.05065	0.01345	0.10434	0.00782	0.14607	0.05572	0.08330	0.09509	0.12941	0.06501	0.03410	0.01914	0.00189	0.00521	0.02686	0.00454	0.05747
2	0.37106	0.01274	0.11263	0.00948	0.01313	0.05203	0.03493	0.04970	0.02981	0.08265	0.02864	0.07093	0.06727	0.00740	0.01627	0.00180	0.00515	0.00527	0.02273	0.00641
3	0.59367	0.03471	0.00968	0.10946	0.01389	0.01140	0.00707	0.01475	0.00962	0.02116	0.00952	0.06877	0.00837	0.00583	0.00390	0.00164	0.00450	0.00408	0.00328	0.06471
4	0.03319	0.00515	0.00642	0.00701	0.00744	0.00508	0.00463	0.00819	0.00975	0.01354	0.08068	0.43534	0.02932	0.25538	0.07081	0.00351	0.00456	0.01152	0.00433	0.00416
5	0.09636	0.01162	0.02179	0.03536	0.02086	0.01135	0.43566	0.05989	0.01258	0.01818	0.03529	0.18586	0.01500	0.00754	0.00606	0.00186	0.00686	0.00788	0.00351	0.00650
6	0.48736	0.02730	0.00889	0.00761	0.01055	0.01063	0.00613	0.01667	0.11303	0.06479	0.12772	0.01846	0.06849	0.00687	0.00439	0.00169	0.00388	0.00508	0.00427	0.00618
7	0.01694	0.01309	0.01406	0.01141	0.01511	0.01449	0.00919	0.44434	0.27056	0.02845	0.03455	0.04047	0.01330	0.00705	0.00541	0.00167	0.00511	0.00561	0.00531	0.04390
8	0.01014	0.00954	0.01610	0.79845	0.03697	0.01193	0.01491	0.01371	0.01073	0.01371	0.00954	0.01431	0.00716	0.00537	0.00537	0.00179	0.00716	0.00477	0.00239	0.00596
9	0.01014	0.00954	0.01610	0.79845	0.03697	0.01193	0.01491	0.01371	0.01073	0.01371	0.00954	0.01431	0.00716	0.00537	0.00537	0.00179	0.00716	0.00477	0.00239	0.00596
