[name]
unknown

[dist]
# distance from previous block
# <min> <max>
0	18

[block]
# block no. 0 follows, 48 sequences, length 49
# corresponding to MSA columns:
# 18-66
name=unknown_A
#
# <colnr> <probs for GDERKNQSTAVLIFYWHMCP>
#	G	D	E	R	K	N	Q	S	T	A	V	L	I	F	Y	W	H	M	C	P
0	0.16644	0.01017	0.01155	0.01015	0.06375	0.01001	0.00758	0.16353	0.04590	0.09893	0.03231	0.02796	0.01047	0.00667	0.03212	0.00157	0.00473	0.01820	0.00399	0.27398
1	0.01324	0.01080	0.02837	0.02923	0.12209	0.02667	0.05473	0.09489	0.10216	0.09920	0.03811	0.06491	0.01218	0.00589	0.00487	0.00137	0.00485	0.00512	0.00391	0.27740
2	0.01377	0.01079	0.01521	0.04064	0.33041	0.03671	0.01068	0.04217	0.01252	0.13725	0.05807	0.01431	0.01106	0.00509	0.00478	0.00133	0.00508	0.00448	0.00354	0.24210
3	0.07907	0.00973	0.01326	0.14526	0.16758	0.00925	0.00948	0.01532	0.03787	0.09491	0.02730	0.01295	0.00909	0.00476	0.00446	0.00127	0.00480	0.00402	0.00329	0.34634
4	0.13770	0.11214	0.04784	0.00987	0.01383	0.01349	0.00856	0.35728	0.03332	0.07124	0.02729	0.02778	0.03612	0.00601	0.00458	0.00146	0.00499	0.00449	0.00425	0.07776
5	0.06362	0.01205	0.01896	0.02793	0.66505	0.03878	0.01438	0.01547	0.01157	0.01686	0.01057	0.03263	0.00937	0.00526	0.00506	0.00157	0.00595	0.03456	0.00272	0.00767
6	0.00746	0.00497	0.00560	0.00560	0.00560	0.00497	0.00311	0.00746	0.00746	0.00995	0.01617	0.03358	0.01865	0.81967	0.02612	0.00497	0.00497	0.00746	0.00311	0.00311
7	0.13938	0.01265	0.03845	0.01040	0.01419	0.01324	0.00875	0.46391	0.05261	0.11712	0.03076	0.03523	0.01064	0.00634	0.00488	0.00157	0.00504	0.00482	0.02213	0.00791
8	0.00798	0.00540	0.00709	0.00658	0.00791	0.00496	0.00496	0.01038	0.01453	0.05550	0.75031	0.03738	0.04680	0.01030	0.00601	0.00161	0.00251	0.00909	0.00568	0.00502
9	0.00733	0.00550	0.00825	0.00825	0.00916	0.00641	0.00641	0.00916	0.00825	0.01191	0.01374	0.02016	0.01283	0.03848	0.79934	0.00825	0.01374	0.00550	0.00275	0.00458
10	0.01170	0.01430	0.09094	0.14203	0.03917	0.03757	0.53773	0.01584	0.01174	0.01572	0.01036	0.02952	0.00802	0.00477	0.00576	0.00171	0.00815	0.00569	0.00255	0.00672
11	0.01869	0.02365	0.01461	0.01323	0.01572	0.75168	0.00999	0.02000	0.01414	0.01255	0.00786	0.00937	0.00662	0.00551	0.00537	0.00138	0.05772	0.00338	0.00262	0.00593
12	0.01198	0.01042	0.07094	0.00831	0.01304	0.00731	0.00723	0.01451	0.01110	0.10243	0.01036	0.01141	0.00808	0.00417	0.00403	0.00092	0.00415	0.00333	0.00334	0.69294
13	0.02003	0.01083	0.01244	0.00997	0.01361	0.05325	0.00807	0.16073	0.13265	0.46566	0.01849	0.04381	0.01282	0.00668	0.00518	0.00160	0.00477	0.00538	0.00570	0.00833
14	0.00657	0.00468	0.00591	0.00666	0.00706	0.00439	0.00439	0.00743	0.00986	0.01315	0.09090	0.54910	0.07760	0.17500	0.01036	0.00260	0.00330	0.01250	0.00451	0.00402
15	0.01939	0.01284	0.01424	0.01111	0.01504	0.01386	0.00911	0.53137	0.11353	0.18291	0.01494	0.01417	0.01036	0.00629	0.00515	0.00157	0.00520	0.00487	0.00539	0.00865
16	0.02061	0.00992	0.01343	0.09896	0.01646	0.00961	0.02994	0.15588	0.01580	0.54803	0.01732	0.01603	0.01120	0.00612	0.00518	0.00160	0.00499	0.00502	0.00558	0.00834
17	0.02180	0.00846	0.01151	0.00892	0.01268	0.00733	0.00733	0.02381	0.01467	0.73127	0.07973	0.01909	0.01548	0.00667	0.00523	0.00159	0.00421	0.00548	0.00630	0.00843
18	0.00724	0.00521	0.00666	0.00749	0.00808	0.00505	0.00514	0.06422	0.01089	0.01454	0.02709	0.75621	0.03205	0.01533	0.00644	0.00204	0.00318	0.01384	0.00479	0.00451
19	0.01525	0.05901	0.01317	0.01047	0.01375	0.03789	0.00838	0.13352	0.50696	0.11640	0.01836	0.01700	0.01348	0.00657	0.00507	0.00164	0.00457	0.00529	0.00509	0.00813
20	0.01926	0.01145	0.03834	0.01106	0.03093	0.01144	0.00909	0.23651	0.10118	0.38250	0.01634	0.01534	0.01110	0.00650	0.00613	0.00165	0.07257	0.00496	0.00532	0.00835
21	0.01475	0.01656	0.01574	0.16852	0.05718	0.35263	0.07461	0.04176	0.09089	0.01488	0.01101	0.01480	0.00921	0.00605	0.00566	0.00160	0.04526	0.04956	0.00301	0.00631
22	0.01962	0.01381	0.01500	0.01154	0.01561	0.01512	0.00952	0.68808	0.04345	0.09583	0.01321	0.01293	0.00925	0.00620	0.00514	0.00155	0.00550	0.00470	0.00524	0.00871
23	0.00730	0.00491	0.00627	0.00687	0.00771	0.00446	0.00479	0.00848	0.01088	0.05962	0.10647	0.56617	0.15802	0.01445	0.00634	0.00195	0.00294	0.01289	0.00494	0.00453
24	0.01009	0.00969	0.01725	0.61870	0.05505	0.01128	0.12824	0.01358	0.01070	0.01410	0.02713	0.01442	0.00818	0.00514	0.00524	0.00169	0.00684	0.00490	0.03188	0.00591
25	0.01056	0.00912	0.01104	0.07481	0.01411	0.00722	0.00677	0.01294	0.01061	0.01642	0.00912	0.01090	0.00754	0.00391	0.00391	0.00084	0.00406	0.00317	0.00298	0.78000
26	0.01807	0.01365	0.01538	0.07923	0.04429	0.01513	0.01022	0.64398	0.04371	0.02955	0.01214	0.01261	0.00872	0.00599	0.00511	0.00154	0.00568	0.00461	0.00476	0.02563
27	0.01263	0.01152	0.01530	0.06717	0.35275	0.08714	0.01123	0.05016	0.03673	0.05049	0.05868	0.08014	0.03760	0.00636	0.00511	0.00150	0.00545	0.00563	0.00339	0.10100
28	0.01471	0.01073	0.01292	0.05841	0.01458	0.01146	0.02385	0.35285	0.03221	0.06435	0.01241	0.03261	0.01008	0.04858	0.06303	0.07350	0.03929	0.00490	0.00407	0.11543
29	0.01378	0.05849	0.01197	0.00944	0.01203	0.01072	0.00757	0.05555	0.29998	0.17438	0.17646	0.02152	0.02031	0.02922	0.00679	0.00176	0.07172	0.00609	0.00504	0.00716
30	0.00713	0.00511	0.00604	0.00644	0.00699	0.00490	0.00420	0.03389	0.00975	0.01274	0.02694	0.38544	0.14258	0.30830	0.01356	0.00307	0.00374	0.01107	0.00417	0.00397
31	0.00682	0.00511	0.00635	0.00670	0.00768	0.00457	0.00465	0.00805	0.01068	0.01438	0.13818	0.47578	0.14079	0.06586	0.00744	0.00204	0.00304	0.01185	0.00464	0.07539
32	0.00905	0.00632	0.00732	0.00696	0.00801	0.00643	0.00486	0.12032	0.01184	0.01626	0.12576	0.17648	0.06587	0.29916	0.04934	0.00316	0.00443	0.00853	0.06527	0.00463
33	0.00669	0.00522	0.00572	0.00590	0.00732	0.00457	0.00429	0.00819	0.02674	0.03156	0.06957	0.22787	0.53530	0.02923	0.00654	0.00187	0.00280	0.01136	0.00481	0.00446
34	0.00988	0.00586	0.00721	0.00695	0.00792	0.00565	0.00472	0.04975	0.01070	0.12197	0.09338	0.25978	0.02462	0.35157	0.01446	0.00316	0.00410	0.00925	0.00439	0.00466
35	0.01324	0.00951	0.01051	0.00904	0.01144	0.01020	0.00694	0.27505	0.16087	0.06169	0.06167	0.12592	0.05460	0.13149	0.00857	0.00218	0.00441	0.00717	0.02886	0.00663
36	0.00867	0.00619	0.00730	0.00721	0.00847	0.00597	0.00513	0.10311	0.01206	0.03697	0.07299	0.38892	0.16052	0.11809	0.00869	0.00225	0.00353	0.01086	0.00464	0.02843
37	0.01548	0.01082	0.01185	0.00944	0.01260	0.01137	0.00750	0.42028	0.03915	0.06604	0.01415	0.04352	0.01156	0.10122	0.00730	0.00184	0.00477	0.00520	0.10456	0.10135
38	0.01180	0.00860	0.00944	0.00825	0.01055	0.00904	0.00642	0.23192	0.12265	0.03428	0.14151	0.10430	0.14715	0.02602	0.00584	0.00170	0.00375	0.00760	0.10289	0.00629
39	0.02031	0.00830	0.01111	0.00883	0.01225	0.00735	0.00713	0.04794	0.01440	0.64143	0.05869	0.08343	0.01624	0.03048	0.00591	0.00172	0.00422	0.00618	0.00605	0.00801
40	0.01991	0.01372	0.01499	0.01150	0.01559	0.01494	0.00950	0.68432	0.02303	0.12012	0.01324	0.01291	0.00919	0.00618	0.00514	0.00155	0.00550	0.00468	0.00527	0.00873
41	0.02018	0.00832	0.01092	0.00860	0.01210	0.00742	0.00702	0.04612	0.02892	0.62051	0.06290	0.01964	0.03934	0.00677	0.00511	0.00156	0.00407	0.00553	0.07695	0.00803
42	0.01232	0.00858	0.00958	0.00823	0.01013	0.00903	0.00608	0.27413	0.03546	0.05466	0.06801	0.07836	0.05988	0.31320	0.02729	0.00301	0.00488	0.00707	0.00438	0.00573
43	0.01826	0.00980	0.01177	0.00945	0.01273	0.00976	0.00757	0.25124	0.05081	0.36940	0.03967	0.08248	0.03663	0.05791	0.00662	0.00183	0.00457	0.00619	0.00553	0.00776
44	0.00658	0.00467	0.00592	0.00667	0.00705	0.00440	0.00438	0.00743	0.00981	0.01310	0.09042	0.55081	0.06674	0.18447	0.01060	0.00264	0.00333	0.01247	0.00449	0.00401
45	0.00770	0.00492	0.00643	0.00703	0.00771	0.00458	0.00488	0.00849	0.01012	0.06007	0.05672	0.51352	0.09341	0.07245	0.00896	0.07355	0.00336	0.04728	0.00456	0.00427
46	0.02757	0.01063	0.01261	0.04588	0.01431	0.01112	0.02163	0.31410	0.09053	0.20174	0.09855	0.03495	0.03313	0.03530	0.00599	0.00171	0.00476	0.00577	0.00515	0.02457
47	0.00736	0.00559	0.00643	0.00650	0.00768	0.00521	0.00465	0.04223	0.02160	0.01475	0.11046	0.23857	0.29241	0.14910	0.00951	0.00235	0.00336	0.04378	0.00456	0.02390
48	0.01172	0.00845	0.00962	0.00853	0.01070	0.00889	0.00663	0.20050	0.11819	0.06153	0.09089	0.07685	0.14204	0.10221	0.07466	0.00263	0.00498	0.05015	0.00473	0.00611

[dist]
# distance from previous block
# <min> <max>
0	3

[block]
# block no. 1 follows, 48 sequences, length 52
# corresponding to MSA columns:
# 70-121
name=unknown_B
#
# <colnr> <probs for GDERKNQSTAVLIFYWHMCP>
#	G	D	E	R	K	N	Q	S	T	A	V	L	I	F	Y	W	H	M	C	P
0	0.01658	0.01155	0.01279	0.01028	0.01350	0.01256	0.00826	0.48792	0.06390	0.09037	0.01542	0.03790	0.03072	0.07271	0.06815	0.00235	0.00579	0.00545	0.02621	0.00760
1	0.08038	0.00870	0.01358	0.61287	0.02895	0.01060	0.01217	0.02971	0.01008	0.01396	0.00944	0.01450	0.00756	0.00677	0.00670	0.09733	0.00625	0.02262	0.00247	0.00534
2	0.06748	0.02343	0.63514	0.01357	0.02030	0.01200	0.01668	0.08203	0.01188	0.03639	0.00972	0.01118	0.00693	0.00584	0.02441	0.00178	0.00725	0.00387	0.00261	0.00750
3	0.08127	0.11577	0.13037	0.01419	0.08084	0.28506	0.06485	0.08755	0.01313	0.01630	0.00888	0.01065	0.00716	0.00639	0.03518	0.00171	0.02745	0.00380	0.00278	0.00668
4	0.36382	0.07223	0.02767	0.06918	0.01449	0.01109	0.09850	0.04442	0.01082	0.07158	0.06544	0.02443	0.01049	0.00670	0.02105	0.04132	0.00511	0.00433	0.00338	0.03395
5	0.00718	0.00493	0.00602	0.00647	0.00719	0.00454	0.00436	0.00811	0.01020	0.04256	0.08388	0.41884	0.17482	0.18413	0.01049	0.00257	0.00334	0.01163	0.00454	0.00420
6	0.01006	0.00699	0.00799	0.00733	0.00937	0.00685	0.00563	0.03034	0.16898	0.10621	0.20271	0.05495	0.28445	0.04484	0.00666	0.00185	0.00330	0.03056	0.00517	0.00577
7	0.02926	0.34153	0.11446	0.03411	0.17412	0.10655	0.01161	0.01668	0.03676	0.04370	0.00946	0.01166	0.00796	0.00509	0.00451	0.00139	0.02014	0.02138	0.00265	0.00698
8	0.03135	0.01149	0.01242	0.04004	0.13224	0.13322	0.00876	0.11992	0.04710	0.12414	0.09009	0.06140	0.06207	0.04134	0.04192	0.00201	0.00568	0.00600	0.02222	0.00663
9	0.00924	0.00553	0.00708	0.00735	0.00835	0.00518	0.00520	0.03022	0.01077	0.12237	0.02629	0.48181	0.07103	0.12953	0.00913	0.00241	0.00361	0.05532	0.00476	0.00482
10	0.22029	0.01097	0.01435	0.12893	0.25528	0.02846	0.01083	0.04258	0.08703	0.11263	0.01132	0.01285	0.00856	0.00535	0.00498	0.00161	0.02909	0.00430	0.00347	0.00713
11	0.05997	0.00771	0.03342	0.15408	0.01357	0.02650	0.00706	0.02624	0.04795	0.04344	0.05430	0.20833	0.01934	0.24292	0.03083	0.00286	0.00501	0.00791	0.00369	0.00488
12	0.17900	0.00940	0.03008	0.17050	0.08566	0.03973	0.00862	0.01435	0.04204	0.09749	0.07490	0.06023	0.12480	0.03515	0.00571	0.00177	0.00475	0.00610	0.00379	0.00594
13	0.20436	0.06753	0.01250	0.04529	0.07319	0.18535	0.00836	0.01484	0.03597	0.01543	0.02497	0.01447	0.02356	0.07010	0.11391	0.00270	0.07457	0.00433	0.00291	0.00566
14	0.00679	0.00506	0.00615	0.00619	0.00724	0.00460	0.00442	0.00842	0.01226	0.01648	0.38633	0.18579	0.22718	0.09022	0.00808	0.00206	0.00282	0.01048	0.00502	0.00442
15	0.01766	0.01324	0.01432	0.01107	0.01504	0.01425	0.00906	0.61773	0.05596	0.02927	0.01286	0.03993	0.00976	0.00624	0.00502	0.00147	0.00526	0.00482	0.00487	0.11217
16	0.04263	0.06038	0.04569	0.01492	0.05554	0.01074	0.31282	0.01421	0.03767	0.01634	0.07990	0.07981	0.02793	0.00783	0.03089	0.00187	0.03297	0.05233	0.00329	0.07224
17	0.08358	0.08074	0.32006	0.02289	0.01598	0.03061	0.01166	0.07153	0.02653	0.10447	0.03197	0.03226	0.03457	0.06861	0.00636	0.00180	0.00583	0.00471	0.00335	0.04249
18	0.01393	0.00805	0.00966	0.00839	0.01091	0.00803	0.00649	0.01947	0.24217	0.27098	0.15077	0.06501	0.07981	0.07399	0.00716	0.00195	0.00380	0.00713	0.00543	0.00688
19	0.02203	0.00910	0.01200	0.00929	0.01316	0.00821	0.00764	0.07493	0.04145	0.69385	0.03947	0.01771	0.01346	0.00647	0.00518	0.00159	0.00439	0.00525	0.00621	0.00861
20	0.04734	0.00713	0.00978	0.03517	0.01108	0.03201	0.05486	0.01135	0.01003	0.05273	0.09179	0.03502	0.04498	0.05040	0.39225	0.00495	0.03044	0.00601	0.06760	0.00506
21	0.00763	0.00499	0.00614	0.00640	0.00718	0.00460	0.00435	0.00825	0.01000	0.05116	0.07818	0.31008	0.20183	0.16987	0.01159	0.09549	0.00347	0.01042	0.00430	0.00406
22	0.00883	0.00622	0.00730	0.00696	0.00823	0.00619	0.00500	0.06216	0.07622	0.03722	0.26107	0.16211	0.09920	0.17799	0.01001	0.00238	0.00346	0.00899	0.04549	0.00496
23	0.01248	0.00735	0.00899	0.00776	0.00988	0.00714	0.00596	0.10399	0.05608	0.19101	0.31706	0.04983	0.07656	0.08824	0.00808	0.02704	0.00366	0.00754	0.00529	0.00605
24	0.02983	0.01128	0.01927	0.20891	0.52996	0.01179	0.05214	0.01496	0.01132	0.01598	0.01018	0.01461	0.00857	0.00506	0.00518	0.00161	0.00630	0.03315	0.00258	0.00732
25	0.01228	0.00716	0.00893	0.00815	0.01023	0.00697	0.00627	0.03959	0.13163	0.21553	0.21131	0.21072	0.05931	0.01030	0.00582	0.00177	0.00350	0.03878	0.00547	0.00628
26	0.00937	0.00600	0.00731	0.00702	0.00854	0.00559	0.00525	0.06108	0.01239	0.09796	0.15362	0.21004	0.24987	0.02885	0.00763	0.07267	0.00335	0.04364	0.00485	0.00496
27	0.01132	0.01598	0.20513	0.01876	0.05260	0.01221	0.46225	0.01557	0.01141	0.01603	0.01073	0.05252	0.00873	0.00527	0.00626	0.00171	0.05032	0.00571	0.00260	0.03488
28	0.08780	0.00798	0.00934	0.00798	0.01066	0.00785	0.00625	0.01863	0.15827	0.30565	0.08291	0.02416	0.12814	0.05600	0.00714	0.04381	0.00387	0.00632	0.02058	0.00667
29	0.01061	0.00591	0.00755	0.00710	0.00866	0.00537	0.00530	0.01217	0.01218	0.19060	0.22683	0.16171	0.12548	0.13285	0.00903	0.00226	0.00352	0.06249	0.00510	0.00528
30	0.00905	0.00568	0.00731	0.00707	0.00847	0.00523	0.00529	0.02794	0.01319	0.10784	0.38895	0.23723	0.10526	0.01171	0.00610	0.00177	0.00297	0.03841	0.00538	0.00516
31	0.50957	0.00967	0.00899	0.00774	0.01095	0.01061	0.00629	0.04299	0.11017	0.16178	0.02894	0.01414	0.04766	0.00590	0.00406	0.00161	0.00401	0.00419	0.00421	0.00649
32	0.00678	0.00496	0.00611	0.00675	0.00742	0.00464	0.00462	0.02609	0.01050	0.01377	0.07021	0.51972	0.16044	0.10829	0.00869	0.00233	0.00321	0.02662	0.00463	0.00423
33	0.00750	0.00545	0.00674	0.00651	0.00761	0.00514	0.00470	0.03785	0.01309	0.01802	0.48479	0.13870	0.11627	0.11446	0.00864	0.00211	0.00296	0.00972	0.00510	0.00463
34	0.00958	0.00538	0.00648	0.00633	0.00705	0.00516	0.00410	0.01023	0.00922	0.12081	0.01919	0.18535	0.02039	0.47846	0.01742	0.00361	0.00428	0.00833	0.07438	0.00425
35	0.00723	0.00512	0.00623	0.00653	0.00760	0.00463	0.00471	0.00860	0.01141	0.04410	0.17855	0.30614	0.26020	0.07197	0.00771	0.00210	0.00306	0.05477	0.00487	0.00447
36	0.53950	0.00876	0.00803	0.00727	0.00996	0.00960	0.00581	0.03315	0.01018	0.11614	0.03095	0.09544	0.01228	0.05036	0.00530	0.00186	0.00401	0.04180	0.00391	0.00570
37	0.01568	0.01151	0.01233	0.01051	0.01377	0.03142	0.00833	0.14517	0.51441	0.14930	0.01910	0.01754	0.01385	0.00669	0.00518	0.00167	0.00449	0.00545	0.00533	0.00827
38	0.00727	0.00525	0.00664	0.00727	0.00803	0.00504	0.00524	0.03707	0.01100	0.01457	0.09621	0.44639	0.09876	0.10220	0.00862	0.00235	0.00348	0.12553	0.00467	0.00439
39	0.01193	0.00857	0.01013	0.00896	0.01104	0.00883	0.02201	0.24886	0.03869	0.04914	0.03459	0.22826	0.04765	0.13957	0.00903	0.00228	0.00449	0.07040	0.00459	0.04097
40	0.06524	0.00907	0.01186	0.00914	0.01308	0.00816	0.00755	0.06128	0.01485	0.71469	0.01919	0.01675	0.01214	0.00626	0.00506	0.00159	0.00441	0.00501	0.00613	0.00857
41	0.00673	0.00485	0.00648	0.00709	0.00743	0.00462	0.02392	0.00747	0.00923	0.01232	0.02449	0.58044	0.02906	0.23679	0.01192	0.00287	0.00367	0.01241	0.00425	0.00395
42	0.00900	0.00616	0.00712	0.00672	0.00779	0.00620	0.00473	0.07251	0.01100	0.04709	0.07904	0.11758	0.16579	0.30943	0.03301	0.00307	0.03465	0.00832	0.06626	0.00454
43	0.01166	0.01113	0.01896	0.29851	0.52875	0.01192	0.01523	0.01484	0.01119	0.01551	0.00947	0.01304	0.00768	0.00476	0.00510	0.00159	0.00635	0.00457	0.00245	0.00729
44	0.08903	0.00806	0.01040	0.00832	0.01158	0.00728	0.00674	0.02075	0.01398	0.55707	0.16853	0.02118	0.01923	0.02726	0.00569	0.00168	0.00397	0.00582	0.00587	0.00757
45	0.00639	0.00499	0.00569	0.00596	0.00711	0.00440	0.00424	0.00768	0.01139	0.01449	0.15982	0.25812	0.41753	0.05952	0.00734	0.00200	0.00281	0.01143	0.00481	0.00430
46	0.01478	0.01082	0.01211	0.01005	0.01286	0.01178	0.00807	0.47485	0.01852	0.02482	0.03620	0.06613	0.04511	0.06995	0.08171	0.02349	0.00590	0.06127	0.00464	0.00694
47	0.00704	0.00506	0.00712	0.00766	0.00826	0.00480	0.03022	0.02308	0.01037	0.01393	0.08912	0.63351	0.03174	0.01513	0.00753	0.06876	0.00332	0.02452	0.00457	0.00426
48	0.01004	0.00840	0.01365	0.16594	0.01705	0.00972	0.11197	0.01204	0.00959	0.04304	0.01289	0.06331	0.02992	0.01387	0.15389	0.07098	0.16949	0.00570	0.07323	0.00528
49	0.01389	0.01424	0.01487	0.33265	0.10099	0.24727	0.01177	0.05425	0.06703	0.04433	0.01197	0.01416	0.03937	0.00567	0.00502	0.00156	0.00697	0.00455	0.00302	0.00640
50	0.16683	0.00907	0.01029	0.00892	0.02588	0.00919	0.00699	0.04822	0.17085	0.24341	0.12661	0.02027	0.03277	0.00693	0.00492	0.00159	0.00397	0.02890	0.00500	0.06940
51	0.05236	0.01061	0.01728	0.30924	0.31791	0.01144	0.05075	0.03063	0.03024	0.08763	0.01103	0.01441	0.00857	0.00522	0.00511	0.00163	0.00615	0.01974	0.00299	0.00706

[dist]
# distance from previous block
# <min> <max>
7	24

[block]
# block no. 2 follows, 48 sequences, length 17
# corresponding to MSA columns:
# 146-162
name=unknown_C
#
# <colnr> <probs for GDERKNQSTAVLIFYWHMCP>
#	G	D	E	R	K	N	Q	S	T	A	V	L	I	F	Y	W	H	M	C	P
0	0.04339	0.01003	0.01094	0.06020	0.01308	0.05559	0.00783	0.09241	0.23142	0.03148	0.09633	0.09801	0.04708	0.02138	0.00686	0.00177	0.09397	0.00653	0.04825	0.02347
1	0.00763	0.00585	0.00715	0.00784	0.00869	0.00599	0.00547	0.01140	0.17250	0.01487	0.02671	0.64759	0.03007	0.01415	0.00627	0.00201	0.00321	0.01273	0.00486	0.00500
2	0.01469	0.01198	0.01269	0.01083	0.01408	0.01366	0.00859	0.23935	0.56318	0.02457	0.01844	0.01720	0.01368	0.00673	0.00520	0.00168	0.00451	0.00546	0.00520	0.00829
3	0.01289	0.08568	0.17530	0.01476	0.14769	0.14465	0.02703	0.08923	0.04334	0.01804	0.17387	0.01701	0.01627	0.00623	0.00504	0.00151	0.00603	0.00512	0.00347	0.00685
4	0.00929	0.00887	0.01417	0.47754	0.02570	0.01061	0.05672	0.01198	0.01033	0.01336	0.01793	0.02090	0.17172	0.00730	0.00705	0.00179	0.12049	0.00597	0.00282	0.00547
5	0.19072	0.01301	0.02546	0.01848	0.02324	0.01267	0.60743	0.01615	0.01140	0.01783	0.00970	0.01268	0.00731	0.00442	0.00545	0.00170	0.00766	0.00536	0.00272	0.00663
6	0.00969	0.00758	0.01058	0.00970	0.01133	0.00761	0.08843	0.16974	0.01310	0.01753	0.02297	0.55940	0.02577	0.01271	0.00620	0.00193	0.00416	0.01155	0.00461	0.00543
7	0.39419	0.01120	0.07919	0.02918	0.04716	0.01018	0.00797	0.01626	0.02851	0.12254	0.00997	0.01091	0.00744	0.00493	0.00421	0.00143	0.02252	0.00347	0.00346	0.18530
8	0.00621	0.00462	0.00579	0.00673	0.00733	0.00420	0.00458	0.00719	0.01022	0.01326	0.03330	0.65399	0.19303	0.01542	0.00645	0.00201	0.00290	0.01379	0.00476	0.00420
9	0.00918	0.00668	0.00807	0.00820	0.00942	0.00677	0.00601	0.16897	0.01305	0.01735	0.02575	0.56744	0.05747	0.01373	0.00627	0.00197	0.00364	0.06000	0.00484	0.00517
10	0.67888	0.01086	0.00920	0.00782	0.01119	0.01244	0.00644	0.17499	0.01199	0.02499	0.00824	0.00918	0.00623	0.00506	0.00359	0.00158	0.00432	0.00317	0.00359	0.00623
11	0.00706	0.00499	0.00593	0.00621	0.00704	0.00458	0.00421	0.00806	0.01045	0.03435	0.11984	0.30704	0.23651	0.20712	0.01102	0.00261	0.00333	0.01098	0.00451	0.00416
12	0.01516	0.01142	0.01824	0.07298	0.52538	0.01141	0.01351	0.06862	0.01307	0.18152	0.01204	0.01374	0.00906	0.00509	0.00510	0.00155	0.00574	0.00470	0.00351	0.00815
13	0.05400	0.01080	0.01280	0.01181	0.10664	0.01043	0.00837	0.20581	0.08340	0.02126	0.01207	0.03622	0.01001	0.00549	0.00457	0.00127	0.00458	0.02777	0.00381	0.36890
14	0.01238	0.01121	0.01663	0.05390	0.38670	0.03798	0.04513	0.01575	0.05485	0.04911	0.01145	0.05158	0.00974	0.00518	0.00487	0.00138	0.00544	0.00479	0.00308	0.21884
15	0.31456	0.00881	0.03103	0.00777	0.01057	0.00862	0.02657	0.05315	0.01208	0.12122	0.20257	0.03380	0.06571	0.04319	0.00563	0.00173	0.00390	0.00578	0.00436	0.03896
16	0.01489	0.18377	0.23039	0.05026	0.01769	0.03485	0.01212	0.27991	0.04567	0.04739	0.01109	0.01258	0.00843	0.00560	0.00472	0.00150	0.00617	0.02178	0.00355	0.00764

[dist]
# distance from previous block
# <min> <max>
4	19

[block]
# block no. 3 follows, 48 sequences, length 12
# corresponding to MSA columns:
# 182-193
name=unknown_D
#
# <colnr> <probs for GDERKNQSTAVLIFYWHMCP>
#	G	D	E	R	K	N	Q	S	T	A	V	L	I	F	Y	W	H	M	C	P
0	0.04373	0.25048	0.42829	0.03428	0.04940	0.01412	0.04268	0.01628	0.01089	0.05258	0.00913	0.01058	0.00691	0.00478	0.00443	0.00147	0.00666	0.00366	0.00245	0.00722
1	0.01424	0.01105	0.01388	0.01168	0.04966	0.01156	0.07633	0.35062	0.07072	0.03544	0.09527	0.04948	0.01548	0.10627	0.00785	0.00197	0.00516	0.00596	0.00446	0.06292
2	0.01436	0.01065	0.01290	0.16230	0.01754	0.01126	0.00907	0.28588	0.08333	0.08581	0.06724	0.03006	0.04119	0.00639	0.00505	0.00149	0.00496	0.00522	0.00438	0.14092
3	0.01179	0.01141	0.01854	0.07361	0.50033	0.03677	0.07803	0.01525	0.05200	0.01627	0.02985	0.10843	0.01232	0.00622	0.00535	0.00163	0.00591	0.00601	0.00301	0.00726
4	0.01265	0.04324	0.01804	0.26214	0.37841	0.01255	0.01379	0.12824	0.01308	0.01775	0.01057	0.01476	0.00871	0.00540	0.00512	0.00160	0.00617	0.03757	0.00293	0.00727
5	0.01018	0.00878	0.01101	0.12786	0.01530	0.00733	0.00721	0.01253	0.01052	0.01591	0.01051	0.06961	0.00940	0.00489	0.00420	0.00100	0.00420	0.00411	0.00305	0.66239
6	0.01131	0.00959	0.01098	0.00811	0.01247	0.00792	0.00648	0.05270	0.09245	0.01801	0.01052	0.01162	0.00851	0.00425	0.00402	0.00090	0.00392	0.00341	0.00338	0.71943
7	0.01289	0.01052	0.01738	0.17464	0.47209	0.01079	0.01353	0.01582	0.01194	0.11095	0.05412	0.01687	0.01159	0.00564	0.00524	0.00161	0.00576	0.03797	0.00322	0.00741
8	0.01643	0.01169	0.01284	0.01063	0.01385	0.02829	0.00865	0.44249	0.09556	0.09670	0.04136	0.08818	0.01537	0.00808	0.00549	0.00170	0.00501	0.08486	0.00514	0.00767
9	0.01263	0.01272	0.01880	0.22438	0.51721	0.09514	0.01475	0.01559	0.01163	0.01540	0.00934	0.01258	0.00764	0.00479	0.00504	0.00155	0.00662	0.00443	0.00249	0.00729
10	0.07787	0.00990	0.01189	0.00905	0.01307	0.00897	0.04346	0.11158	0.06365	0.10128	0.02955	0.04294	0.01057	0.00529	0.00442	0.00119	0.00430	0.00435	0.00391	0.44276
11	0.01448	0.01141	0.01338	0.03205	0.01428	0.04280	0.05132	0.35934	0.03891	0.04660	0.12659	0.03372	0.06225	0.02520	0.04496	0.00201	0.05072	0.00599	0.00455	0.01944

[dist]
# distance from previous block
# <min> <max>
1	8

[block]
# block no. 4 follows, 48 sequences, length 10
# corresponding to MSA columns:
# 202-211
name=unknown_E
#
# <colnr> <probs for GDERKNQSTAVLIFYWHMCP>
#	G	D	E	R	K	N	Q	S	T	A	V	L	I	F	Y	W	H	M	C	P
0	0.01413	0.01105	0.01303	0.00989	0.01397	0.01058	0.03876	0.29235	0.04822	0.04126	0.04454	0.01460	0.01091	0.00550	0.00468	0.00123	0.00467	0.02823	0.00413	0.38828
1	0.01637	0.01222	0.01368	0.06862	0.01574	0.01338	0.00906	0.56236	0.02017	0.02708	0.01392	0.10340	0.01182	0.04463	0.00620	0.00174	0.00532	0.00580	0.00470	0.04379
2	0.01345	0.32234	0.28662	0.01152	0.01677	0.08322	0.01234	0.09647	0.04932	0.01634	0.00921	0.01027	0.00726	0.00492	0.00426	0.00136	0.00641	0.00351	0.00271	0.04170
3	0.00993	0.00730	0.00889	0.00742	0.01022	0.00616	0.00574	0.01259	0.04742	0.07337	0.23520	0.11986	0.05039	0.00808	0.00509	0.00134	0.00334	0.02429	0.00443	0.35893
4	0.00637	0.00467	0.00602	0.00705	0.00761	0.00432	0.00490	0.00743	0.01022	0.01336	0.03138	0.65844	0.13434	0.01552	0.00652	0.00206	0.00305	0.06775	0.00476	0.00423
5	0.00719	0.00521	0.00660	0.00627	0.00740	0.00482	0.00459	0.00928	0.01358	0.01897	0.65002	0.03867	0.10071	0.09474	0.00814	0.00197	0.00270	0.00921	0.00532	0.00462
6	0.01064	0.00912	0.01064	0.00760	0.01216	0.00684	0.00608	0.01292	0.01064	0.01672	0.00912	0.01064	0.00760	0.00380	0.00380	0.00076	0.00380	0.00304	0.00304	0.85104
7	0.00625	0.00482	0.00572	0.00632	0.00725	0.00428	0.00442	0.00742	0.01092	0.01396	0.09411	0.45182	0.33547	0.01443	0.00632	0.00191	0.00278	0.01269	0.00483	0.00428
8	0.01086	0.01072	0.01564	0.20233	0.01867	0.01469	0.01195	0.01253	0.00843	0.01253	0.00730	0.01181	0.00676	0.00806	0.01405	0.00212	0.61914	0.00451	0.00225	0.00563
9	0.01222	0.01250	0.02110	0.08808	0.09394	0.04964	0.33095	0.05611	0.01199	0.01648	0.01004	0.03017	0.00818	0.00512	0.00627	0.00155	0.07477	0.00507	0.00280	0.16302

[dist]
# distance from previous block
# <min> <max>
3	16

[block]
# block no. 5 follows, 48 sequences, length 8
# corresponding to MSA columns:
# 228-235
name=unknown_F
#
# <colnr> <probs for GDERKNQSTAVLIFYWHMCP>
#	G	D	E	R	K	N	Q	S	T	A	V	L	I	F	Y	W	H	M	C	P
0	0.41164	0.11935	0.01299	0.03862	0.01320	0.06997	0.03336	0.13962	0.01251	0.03943	0.03649	0.01190	0.03133	0.00546	0.00402	0.00151	0.00501	0.00381	0.00348	0.00631
1	0.11683	0.01066	0.01209	0.00979	0.01280	0.03400	0.05589	0.26556	0.05328	0.09021	0.07141	0.04702	0.04718	0.10620	0.00761	0.00199	0.00493	0.00579	0.00444	0.04231
2	0.03276	0.46262	0.10370	0.01129	0.06374	0.05134	0.01010	0.08159	0.06232	0.01552	0.01010	0.05558	0.00898	0.00548	0.00410	0.00134	0.00566	0.00403	0.00286	0.00689
3	0.12655	0.01222	0.01834	0.07328	0.42158	0.04036	0.07741	0.05841	0.01186	0.04118	0.00955	0.01217	0.00769	0.00509	0.00572	0.00161	0.06237	0.00443	0.00286	0.00732
4	0.01357	0.01004	0.01261	0.01037	0.01317	0.01043	0.05888	0.31691	0.01621	0.06543	0.05772	0.22678	0.01765	0.00990	0.03308	0.00189	0.03342	0.00752	0.00460	0.07984
5	0.01529	0.01535	0.01329	0.07359	0.06493	0.29427	0.00936	0.20149	0.05288	0.01897	0.06471	0.06104	0.05456	0.00692	0.00510	0.00152	0.00636	0.00541	0.02841	0.00656
6	0.01586	0.01101	0.01283	0.01132	0.06429	0.01147	0.00848	0.26246	0.20703	0.15478	0.06654	0.01800	0.04634	0.00665	0.00514	0.00154	0.00457	0.00543	0.00503	0.08124
7	0.30725	0.01283	0.01234	0.06015	0.01485	0.06736	0.00844	0.35125	0.04482	0.05871	0.01069	0.01129	0.00780	0.00559	0.00443	0.00156	0.00528	0.00396	0.00416	0.00723

[dist]
# distance from previous block
# <min> <max>
3	12

[block]
# block no. 6 follows, 48 sequences, length 6
# corresponding to MSA columns:
# 248-253
name=unknown_G
#
# <colnr> <probs for GDERKNQSTAVLIFYWHMCP>
#	G	D	E	R	K	N	Q	S	T	A	V	L	I	F	Y	W	H	M	C	P
0	0.01692	0.01309	0.01609	0.01326	0.06754	0.01375	0.07647	0.48165	0.07083	0.05187	0.01239	0.01289	0.00905	0.00565	0.00505	0.00147	0.00555	0.00464	0.00451	0.11734
1	0.01188	0.01028	0.01494	0.10075	0.32460	0.01077	0.01149	0.12180	0.07724	0.01859	0.04070	0.02400	0.09984	0.00742	0.00550	0.00170	0.00526	0.10250	0.00373	0.00700
2	0.01887	0.01324	0.01595	0.01206	0.01627	0.01397	0.07600	0.55722	0.02100	0.13782	0.01310	0.01309	0.00915	0.00590	0.00515	0.00152	0.00563	0.00474	0.00497	0.05436
3	0.01128	0.00895	0.01210	0.00954	0.01313	0.00772	0.08374	0.04857	0.04443	0.06857	0.01494	0.13038	0.01402	0.00692	0.00492	0.00132	0.00439	0.07127	0.00380	0.43999
4	0.18254	0.01148	0.01151	0.00946	0.01279	0.04798	0.00763	0.27278	0.12477	0.11509	0.06718	0.01609	0.03798	0.00642	0.00475	0.00155	0.00464	0.00490	0.02685	0.03359
5	0.01829	0.01477	0.01432	0.01146	0.01521	0.12573	0.00925	0.48238	0.12558	0.07000	0.01317	0.01303	0.00955	0.00604	0.00501	0.00150	0.00578	0.00455	0.00476	0.04963

[dist]
# distance from previous block
# <min> <max>
4	30

[block]
# block no. 7 follows, 48 sequences, length 11
# corresponding to MSA columns:
# 287-297
name=unknown_H
#
# <colnr> <probs for GDERKNQSTAVLIFYWHMCP>
#	G	D	E	R	K	N	Q	S	T	A	V	L	I	F	Y	W	H	M	C	P
0	0.01593	0.05162	0.08042	0.04782	0.08488	0.01358	0.07449	0.32117	0.01646	0.10200	0.01141	0.01255	0.00840	0.00576	0.00605	0.00157	0.07687	0.00452	0.00393	0.06057
1	0.01136	0.00767	0.00947	0.04585	0.01142	0.00781	0.00674	0.17496	0.01407	0.09689	0.11688	0.33150	0.05588	0.02578	0.00645	0.00185	0.01921	0.02384	0.00487	0.02749
2	0.01095	0.00787	0.00962	0.05319	0.01174	0.00740	0.00647	0.12156	0.01460	0.07654	0.34313	0.02660	0.09165	0.00802	0.00532	0.00143	0.00359	0.00682	0.00479	0.18868
3	0.03686	0.01121	0.01295	0.01112	0.05674	0.01181	0.00833	0.40189	0.01760	0.13643	0.01409	0.04770	0.01152	0.12406	0.00834	0.00204	0.02179	0.00536	0.00463	0.05555
4	0.01375	0.01074	0.01166	0.01005	0.01281	0.01207	0.00786	0.22417	0.43207	0.02228	0.01810	0.01801	0.04399	0.00856	0.00738	0.12450	0.00449	0.00549	0.00475	0.00728
5	0.01064	0.00912	0.01064	0.00760	0.01216	0.00684	0.00608	0.01292	0.01064	0.01672	0.00912	0.01064	0.00760	0.00380	0.00380	0.00076	0.00380	0.00304	0.00304	0.85104
6	0.01040	0.00735	0.00782	0.00763	0.00801	0.11940	0.00525	0.00868	0.00782	0.00944	0.00877	0.01468	0.00858	0.01601	0.01782	0.72784	0.00515	0.00429	0.00229	0.00277
7	0.01671	0.01272	0.01430	0.01148	0.01454	0.01446	0.00936	0.56858	0.02004	0.02712	0.01344	0.10936	0.01149	0.00777	0.00700	0.00171	0.12172	0.00581	0.00467	0.00772
8	0.08269	0.01326	0.01472	0.30863	0.11106	0.17165	0.01160	0.09656	0.04471	0.01663	0.01093	0.01339	0.03334	0.00570	0.00545	0.00161	0.04429	0.00442	0.00297	0.00639
9	0.01267	0.01277	0.01951	0.11281	0.37317	0.07075	0.12599	0.01736	0.12248	0.01640	0.01102	0.01357	0.00882	0.00526	0.00592	0.00164	0.05472	0.00487	0.00290	0.00736
10	0.06509	0.01020	0.01502	0.55931	0.07273	0.01217	0.01284	0.12397	0.04852	0.01713	0.01004	0.01335	0.00752	0.00531	0.00501	0.00167	0.00631	0.00451	0.00290	0.00638

[dist]
# distance from previous block
# <min> <max>
1	8

[block]
# block no. 8 follows, 48 sequences, length 19
# corresponding to MSA columns:
# 306-324
name=unknown_I
#
# <colnr> <probs for GDERKNQSTAVLIFYWHMCP>
#	G	D	E	R	K	N	Q	S	T	A	V	L	I	F	Y	W	H	M	C	P
0	0.01342	0.11969	0.02034	0.09899	0.52078	0.06842	0.01393	0.04232	0.01207	0.02906	0.00942	0.01203	0.00779	0.00474	0.00482	0.00147	0.00626	0.00425	0.00263	0.00757
1	0.18731	0.17511	0.37580	0.03835	0.09875	0.01347	0.01371	0.01568	0.01039	0.01681	0.00842	0.01009	0.00650	0.00473	0.00424	0.00151	0.00625	0.00348	0.00242	0.00697
2	0.00627	0.00516	0.00539	0.00549	0.00698	0.00443	0.00403	0.00750	0.01133	0.01370	0.06148	0.09231	0.64923	0.07319	0.00761	0.00201	0.00286	0.03213	0.00466	0.00425
3	0.01369	0.05719	0.01716	0.02497	0.01669	0.01103	0.22001	0.05440	0.19557	0.15170	0.01767	0.08732	0.03029	0.00706	0.00550	0.00169	0.00549	0.04203	0.00431	0.03623
4	0.01551	0.01239	0.01315	0.01100	0.01439	0.01405	0.00879	0.33038	0.47081	0.02590	0.01739	0.01636	0.01283	0.00663	0.00519	0.00166	0.00471	0.00532	0.00519	0.00837
5	0.01028	0.02530	0.73846	0.01496	0.04937	0.01169	0.01836	0.01601	0.01099	0.01642	0.03560	0.01184	0.00798	0.00505	0.00492	0.00162	0.00735	0.00401	0.00230	0.00751
6	0.01321	0.05526	0.51194	0.01449	0.06404	0.01150	0.04966	0.01814	0.02803	0.16811	0.01161	0.01244	0.00807	0.00515	0.00494	0.00160	0.00675	0.00420	0.00309	0.00778
7	0.01101	0.04589	0.09310	0.01983	0.26250	0.01079	0.20017	0.01439	0.01179	0.01620	0.04099	0.02539	0.01484	0.00726	0.00579	0.00179	0.00636	0.20200	0.00319	0.00670
8	0.00638	0.00452	0.00592	0.00698	0.00725	0.00425	0.00459	0.00718	0.00958	0.01277	0.02702	0.73508	0.03235	0.09949	0.00858	0.00238	0.00318	0.01385	0.00459	0.00406
9	0.01149	0.10142	0.61748	0.01427	0.02116	0.01255	0.07314	0.01668	0.01111	0.06039	0.00973	0.01119	0.00696	0.00487	0.00483	0.00158	0.00728	0.00394	0.00244	0.00750
10	0.01182	0.01402	0.10464	0.11386	0.15515	0.01270	0.38405	0.03969	0.01174	0.01625	0.01006	0.02532	0.00795	0.00509	0.00640	0.00172	0.06461	0.00536	0.00259	0.00697
11	0.00736	0.00495	0.00570	0.00580	0.00585	0.00495	0.00334	0.00748	0.00768	0.01027	0.01712	0.09922	0.01978	0.73014	0.04601	0.00482	0.00505	0.00801	0.00324	0.00324
12	0.00625	0.00447	0.00595	0.00714	0.00744	0.00417	0.00476	0.00714	0.00982	0.01310	0.02828	0.81633	0.03394	0.01608	0.00655	0.00208	0.00298	0.01459	0.00476	0.00417
13	0.02227	0.00926	0.01215	0.00939	0.01332	0.00842	0.00773	0.08060	0.05214	0.69770	0.01968	0.01716	0.01255	0.00637	0.00516	0.00159	0.00445	0.00515	0.00621	0.00870
14	0.08939	0.33667	0.37903	0.01143	0.01714	0.01530	0.01321	0.03746	0.02997	0.01582	0.00858	0.00983	0.00674	0.00476	0.00411	0.00142	0.00629	0.00336	0.00243	0.00705
15	0.00744	0.00558	0.00692	0.00682	0.00804	0.00533	0.00506	0.01034	0.07005	0.01827	0.48197	0.15146	0.12213	0.03744	0.00675	0.00184	0.00282	0.04160	0.00527	0.00487
16	0.03988	0.73664	0.04230	0.03642	0.01408	0.03461	0.00911	0.01540	0.01046	0.01255	0.00726	0.00850	0.00656	0.00445	0.00341	0.00115	0.00560	0.00284	0.00224	0.00653
17	0.01076	0.08443	0.62301	0.01437	0.05310	0.01244	0.01687	0.01681	0.06806	0.01646	0.03070	0.01207	0.00838	0.00513	0.00482	0.00159	0.00696	0.00404	0.00251	0.00750
18	0.01309	0.01339	0.01877	0.15443	0.53344	0.12589	0.01441	0.01593	0.01184	0.01556	0.00930	0.01231	0.00768	0.00475	0.00499	0.00151	0.00661	0.00435	0.00253	0.02923

[dist]
# distance from previous block
# <min> <max>
1	4

[block]
# block no. 9 follows, 48 sequences, length 6
# corresponding to MSA columns:
# 329-334
name=unknown_J
#
# <colnr> <probs for GDERKNQSTAVLIFYWHMCP>
#	G	D	E	R	K	N	Q	S	T	A	V	L	I	F	Y	W	H	M	C	P
0	0.01472	0.01073	0.01221	0.01154	0.06246	0.03602	0.00864	0.10581	0.38035	0.15023	0.04831	0.02239	0.01640	0.00750	0.00541	0.00173	0.00459	0.08814	0.00511	0.00772
1	0.03423	0.22814	0.45171	0.01218	0.01788	0.01318	0.03503	0.01502	0.01079	0.01528	0.03609	0.06387	0.01040	0.00593	0.00467	0.00154	0.00642	0.02822	0.00258	0.00685
2	0.08334	0.01314	0.01408	0.01092	0.01490	0.01428	0.00898	0.57577	0.06095	0.08988	0.01283	0.01269	0.00910	0.00599	0.00492	0.00152	0.00524	0.00450	0.00497	0.05201
3	0.05483	0.01131	0.13119	0.00959	0.01382	0.00840	0.00893	0.02232	0.04833	0.54384	0.01775	0.01627	0.01162	0.00606	0.00491	0.00157	0.00467	0.00485	0.07167	0.00808
4	0.33984	0.01120	0.05588	0.00882	0.01222	0.02969	0.00757	0.13181	0.08217	0.13863	0.08634	0.01632	0.03011	0.00637	0.00451	0.00161	0.00447	0.02131	0.00437	0.00676
5	0.01182	0.01102	0.01814	0.09100	0.58016	0.01128	0.01403	0.01547	0.05529	0.01683	0.05325	0.01800	0.01226	0.00581	0.00530	0.00162	0.00574	0.06250	0.00301	0.00749

[dist]
# distance from previous block
# <min> <max>
2	9

[block]
# block no. 10 follows, 48 sequences, length 12
# corresponding to MSA columns:
# 344-355
name=unknown_K
#
# <colnr> <probs for GDERKNQSTAVLIFYWHMCP>
#	G	D	E	R	K	N	Q	S	T	A	V	L	I	F	Y	W	H	M	C	P
0	0.01276	0.01102	0.01160	0.01044	0.01334	0.01276	0.00812	0.02727	0.77840	0.02146	0.02088	0.01914	0.01566	0.00696	0.00522	0.00174	0.00406	0.00580	0.00522	0.00812
1	0.01036	0.00882	0.01034	0.00757	0.01186	0.00667	0.00600	0.01255	0.01059	0.01649	0.01035	0.06255	0.00930	0.00459	0.00398	0.00085	0.00375	0.00378	0.00315	0.79647
2	0.01192	0.00988	0.01133	0.00821	0.01270	0.00815	0.00661	0.12237	0.01259	0.01898	0.00958	0.01088	0.00776	0.00414	0.00399	0.00087	0.00407	0.00327	0.00334	0.72935
3	0.01306	0.00930	0.01106	0.00804	0.01248	0.00737	0.00649	0.04947	0.01192	0.14372	0.01108	0.01183	0.00848	0.00432	0.00408	0.00093	0.00398	0.00346	0.00368	0.67525
4	0.01346	0.01131	0.01201	0.01040	0.01358	0.01272	0.00818	0.12124	0.62365	0.02249	0.01890	0.01763	0.01416	0.00662	0.00510	0.00164	0.00424	0.00544	0.00504	0.07218
5	0.00793	0.00604	0.00713	0.02869	0.00898	0.00575	0.00527	0.03425	0.06508	0.03486	0.30469	0.11134	0.31730	0.01143	0.00600	0.00173	0.00298	0.03041	0.00509	0.00504
6	0.15196	0.01172	0.01419	0.22291	0.03610	0.05256	0.05401	0.16679	0.10321	0.02008	0.01075	0.01258	0.00817	0.00546	0.00515	0.00157	0.03460	0.00431	0.00345	0.08040
7	0.63362	0.05301	0.01022	0.00793	0.01137	0.01291	0.00662	0.17645	0.01211	0.02444	0.00825	0.00918	0.00629	0.00504	0.00360	0.00155	0.00441	0.00317	0.00354	0.00629
8	0.00732	0.00506	0.00590	0.00584	0.00620	0.00498	0.00361	0.00788	0.00890	0.01197	0.13584	0.03478	0.08108	0.59321	0.06311	0.00439	0.00488	0.00789	0.00360	0.00354
9	0.51735	0.01026	0.00943	0.02560	0.01165	0.03684	0.00660	0.09066	0.01195	0.15749	0.06905	0.01275	0.01043	0.00564	0.00402	0.00158	0.00432	0.00393	0.00407	0.00638
10	0.03433	0.00695	0.00706	0.00679	0.00853	0.05147	0.00523	0.03316	0.01259	0.04652	0.17835	0.04145	0.40185	0.05330	0.00698	0.00191	0.00351	0.09043	0.00474	0.00485
11	0.06687	0.00989	0.01124	0.00923	0.01247	0.05464	0.00746	0.10276	0.08314	0.40228	0.13735	0.02075	0.01793	0.00716	0.00522	0.00161	0.00445	0.03241	0.00555	0.00758

[dist]
# distance from previous block
# <min> <max>
4	13

[block]
# block no. 11 follows, 48 sequences, length 13
# corresponding to MSA columns:
# 370-382
name=unknown_L
#
# <colnr> <probs for GDERKNQSTAVLIFYWHMCP>
#	G	D	E	R	K	N	Q	S	T	A	V	L	I	F	Y	W	H	M	C	P
0	0.01594	0.01231	0.01348	0.01085	0.01392	0.03468	0.00878	0.50455	0.01961	0.02646	0.09660	0.08516	0.01495	0.00764	0.00634	0.00162	0.07730	0.00589	0.00475	0.03917
1	0.53187	0.00967	0.00894	0.00773	0.01079	0.01066	0.00625	0.11353	0.01181	0.12027	0.04250	0.08372	0.01113	0.00639	0.00410	0.00163	0.00409	0.00464	0.00407	0.00622
2	0.09178	0.01058	0.01169	0.00975	0.01304	0.01140	0.00782	0.16968	0.31992	0.20770	0.07709	0.01793	0.01523	0.00673	0.00507	0.00164	0.00431	0.00542	0.00532	0.00790
3	0.01351	0.00999	0.01203	0.01168	0.09235	0.01025	0.00822	0.04230	0.36688	0.13320	0.01807	0.08815	0.01453	0.00689	0.00507	0.00155	0.00422	0.00587	0.00470	0.15056
4	0.01001	0.00954	0.01621	0.65027	0.03207	0.01105	0.08110	0.01339	0.01047	0.01380	0.00923	0.01337	0.00701	0.00491	0.00507	0.00161	0.00667	0.00453	0.00239	0.09730
5	0.08955	0.01263	0.01391	0.11040	0.01694	0.04170	0.00966	0.44139	0.05104	0.02511	0.01232	0.06624	0.00998	0.00680	0.00595	0.00166	0.06794	0.00512	0.00427	0.00740
6	0.01246	0.01068	0.01138	0.01038	0.01316	0.01230	0.00813	0.02615	0.72691	0.02105	0.02131	0.02175	0.01659	0.00745	0.00535	0.00178	0.00411	0.05599	0.00519	0.00789
7	0.01064	0.00912	0.01064	0.00760	0.01216	0.00684	0.00608	0.01292	0.01064	0.01672	0.00912	0.01064	0.00760	0.00380	0.00380	0.00076	0.00380	0.00304	0.00304	0.85104
8	0.00656	0.00469	0.00628	0.00733	0.00781	0.00441	0.00515	0.00774	0.01045	0.01400	0.09429	0.66624	0.03473	0.01538	0.00656	0.00207	0.00312	0.09406	0.00484	0.00429
9	0.00969	0.00912	0.01539	0.80734	0.03534	0.01140	0.01425	0.01311	0.01026	0.01311	0.00912	0.01368	0.00684	0.00513	0.00513	0.00171	0.00684	0.00456	0.00228	0.00570
10	0.01415	0.00921	0.01114	0.00814	0.01254	0.00734	0.00659	0.04292	0.01216	0.21704	0.01210	0.01246	0.00896	0.00454	0.00420	0.00100	0.00401	0.00364	0.00397	0.60390
11	0.00764	0.00522	0.00686	0.00669	0.00782	0.00481	0.00492	0.00974	0.01361	0.04709	0.60917	0.18977	0.04429	0.01143	0.00612	0.00170	0.00260	0.01017	0.00550	0.00485
12	0.00969	0.00912	0.01539	0.80734	0.03534	0.01140	0.01425	0.01311	0.01026	0.01311	0.00912	0.01368	0.00684	0.00513	0.00513	0.00171	0.00684	0.00456	0.00228	0.00570

[dist]
# distance from previous block
# <min> <max>
9	12

[block]
# block no. 12 follows, 48 sequences, length 6
# corresponding to MSA columns:
# 397-402
name=unknown_M
#
# <colnr> <probs for GDERKNQSTAVLIFYWHMCP>
#	G	D	E	R	K	N	Q	S	T	A	V	L	I	F	Y	W	H	M	C	P
0	0.01176	0.01020	0.01331	0.01335	0.18896	0.00872	0.00855	0.06921	0.01187	0.01788	0.00948	0.01123	0.00780	0.00415	0.00419	0.00099	0.00446	0.00350	0.00308	0.59731
1	0.20304	0.00930	0.00993	0.00741	0.01165	0.00790	0.00596	0.01341	0.01021	0.01815	0.00867	0.01012	0.00713	0.00402	0.00366	0.00095	0.00384	0.00298	0.00307	0.65859
2	0.01215	0.01546	0.19661	0.02765	0.61343	0.01213	0.01648	0.01586	0.01149	0.01665	0.00955	0.01227	0.00776	0.00464	0.00503	0.00155	0.00643	0.00439	0.00245	0.00800
3	0.01237	0.01186	0.02024	0.11553	0.70618	0.01211	0.01559	0.01546	0.01153	0.01637	0.00959	0.01281	0.00799	0.00463	0.00509	0.00154	0.00618	0.00457	0.00251	0.00786
4	0.77806	0.00949	0.00748	0.00672	0.00972	0.01090	0.00549	0.01459	0.00926	0.02280	0.07850	0.01109	0.00949	0.00529	0.00344	0.00159	0.00383	0.00337	0.00340	0.00549
5	0.01061	0.09959	0.72280	0.01409	0.02138	0.01269	0.01802	0.01617	0.01080	0.01587	0.00902	0.01059	0.00651	0.00483	0.00473	0.00158	0.00739	0.00370	0.00217	0.00749

[dist]
# distance from previous block
# <min> <max>
0	1

[block]
# block no. 13 follows, 48 sequences, length 75
# corresponding to MSA columns:
# 404-478
name=unknown_N
#
# <colnr> <probs for GDERKNQSTAVLIFYWHMCP>
#	G	D	E	R	K	N	Q	S	T	A	V	L	I	F	Y	W	H	M	C	P
0	0.74668	0.01066	0.00816	0.00726	0.01036	0.05316	0.00591	0.04187	0.00983	0.02269	0.03970	0.00977	0.00751	0.00508	0.00344	0.00157	0.00424	0.00314	0.00332	0.00566
1	0.01216	0.46112	0.37490	0.01143	0.01727	0.01649	0.01340	0.01577	0.01061	0.01397	0.00808	0.00941	0.00655	0.00461	0.00401	0.00134	0.00644	0.00322	0.00218	0.00704
