[name]
unknown

[dist]
# distance from previous block
# <min> <max>
21	150

[block]
# block no. 0 follows, 47 sequences, length 25
# corresponding to MSA columns:
# 188-212
name=unknown_A
#
# <colnr> <probs for GDERKNQSTAVLIFYWHMCP>
#	G	D	E	R	K	N	Q	S	T	A	V	L	I	F	Y	W	H	M	C	P
0	0.11840	0.09084	0.01775	0.05770	0.01723	0.01150	0.21169	0.01574	0.03843	0.08587	0.04896	0.02905	0.01089	0.02083	0.02153	0.00173	0.05733	0.00498	0.00334	0.13620
1	0.01487	0.01215	0.08910	0.00957	0.01417	0.03622	0.00844	0.09994	0.05434	0.18450	0.01265	0.01291	0.00925	0.00501	0.00452	0.00120	0.00477	0.00396	0.00406	0.41837
2	0.08540	0.01352	0.12782	0.08933	0.03055	0.01213	0.01047	0.21306	0.14982	0.12368	0.01380	0.01466	0.01012	0.03388	0.00569	0.00172	0.00543	0.00471	0.00427	0.04995
3	0.01649	0.01046	0.01200	0.01034	0.02409	0.02581	0.00808	0.19119	0.22951	0.23949	0.03964	0.11849	0.01671	0.00807	0.00549	0.00172	0.00454	0.02459	0.00545	0.00784
4	0.01577	0.01161	0.01343	0.03815	0.06909	0.01281	0.00926	0.18371	0.42976	0.13096	0.01806	0.01707	0.01314	0.00657	0.00526	0.00168	0.00475	0.00541	0.00515	0.00838
5	0.00630	0.00512	0.00558	0.00581	0.00721	0.00440	0.00423	0.00763	0.01171	0.01448	0.10984	0.21194	0.56034	0.01364	0.00626	0.00182	0.00270	0.01167	0.00491	0.00440
6	0.01830	0.01366	0.01552	0.01359	0.09181	0.01492	0.01015	0.61045	0.05312	0.04571	0.05018	0.01421	0.01113	0.00634	0.00525	0.00157	0.00552	0.00497	0.00500	0.00858
7	0.00653	0.00529	0.00580	0.00567	0.00727	0.00456	0.00425	0.00821	0.01276	0.01619	0.27965	0.04663	0.55417	0.01240	0.00615	0.00172	0.00258	0.01050	0.00512	0.00456
8	0.01392	0.82012	0.02729	0.00891	0.01337	0.02061	0.00891	0.01559	0.01058	0.01225	0.00724	0.00835	0.00668	0.00446	0.00334	0.00111	0.00557	0.00278	0.00223	0.00668
9	0.00983	0.00926	0.01562	0.80447	0.03587	0.01157	0.01446	0.01331	0.01041	0.01331	0.00926	0.01388	0.00694	0.00521	0.00521	0.00174	0.00694	0.00463	0.00231	0.00579
10	0.01992	0.01438	0.01550	0.01189	0.01605	0.01585	0.00982	0.74083	0.02415	0.05961	0.01279	0.01269	0.00900	0.00626	0.00521	0.00156	0.00568	0.00471	0.00525	0.00886
11	0.62372	0.03719	0.00977	0.00786	0.01129	0.01215	0.00651	0.10152	0.03858	0.09614	0.00959	0.01018	0.00709	0.00521	0.00371	0.00160	0.00431	0.00337	0.00379	0.00643
12	0.00634	0.00453	0.00604	0.00725	0.00755	0.00423	0.00483	0.00725	0.00997	0.01329	0.02870	0.81358	0.03444	0.01632	0.00665	0.00211	0.00302	0.01480	0.00483	0.00423
13	0.00994	0.00756	0.00988	0.00903	0.01017	0.00896	0.00707	0.10985	0.01060	0.01540	0.01321	0.01940	0.01219	0.11479	0.40094	0.00541	0.13730	0.00545	0.08764	0.00522
14	0.01812	0.02193	0.01621	0.01399	0.01697	0.60317	0.08491	0.06157	0.06859	0.01487	0.00944	0.01078	0.00760	0.00552	0.00518	0.00145	0.02636	0.00391	0.00299	0.00644
15	0.01084	0.00910	0.01058	0.00799	0.01208	0.00735	0.00629	0.04479	0.04847	0.01750	0.01190	0.09094	0.01081	0.00535	0.00426	0.00099	0.00387	0.00445	0.00346	0.68898
16	0.01199	0.01014	0.01315	0.00960	0.01414	0.00849	0.08191	0.05570	0.06382	0.04353	0.01074	0.01203	0.00852	0.00434	0.00430	0.00101	0.00448	0.00374	0.00342	0.63494
17	0.01141	0.23607	0.57044	0.01345	0.02023	0.01437	0.03437	0.01626	0.01092	0.01538	0.00882	0.01037	0.00665	0.00480	0.00455	0.00151	0.00716	0.00362	0.00222	0.00741
18	0.01139	0.01139	0.01595	0.01367	0.01367	0.01595	0.01139	0.01253	0.00798	0.01253	0.00684	0.01139	0.00684	0.00911	0.01709	0.00228	0.80745	0.00456	0.00228	0.00570
19	0.01972	0.01344	0.01475	0.01140	0.01539	0.01460	0.00936	0.62174	0.04786	0.13371	0.01398	0.01402	0.00991	0.02829	0.00579	0.00167	0.00548	0.00488	0.00532	0.00868
20	0.01133	0.01118	0.01544	0.01308	0.01354	0.01506	0.01088	0.01259	0.00826	0.01297	0.00708	0.01133	0.00692	0.00859	0.01578	0.00213	0.72772	0.00441	0.00236	0.08935
21	0.05240	0.02238	0.52501	0.01688	0.14256	0.06204	0.01682	0.01629	0.01120	0.01650	0.00977	0.01274	0.00764	0.00539	0.00539	0.00166	0.03581	0.02969	0.00243	0.00741
22	0.01140	0.00950	0.01157	0.03161	0.01336	0.00808	0.03208	0.06812	0.03695	0.03646	0.01447	0.01548	0.08502	0.00528	0.00462	0.00107	0.01905	0.00430	0.00351	0.58807
23	0.05855	0.01355	0.01431	0.01185	0.03731	0.03066	0.00935	0.53040	0.16317	0.02899	0.01385	0.01378	0.01010	0.00626	0.00507	0.00159	0.00533	0.00480	0.03270	0.00838
24	0.10083	0.01261	0.01379	0.01118	0.03965	0.01332	0.00883	0.48584	0.01945	0.07797	0.01241	0.03544	0.00935	0.00601	0.00485	0.00147	0.00514	0.00459	0.00468	0.13259

[dist]
# distance from previous block
# <min> <max>
0	3

[block]
# block no. 1 follows, 47 sequences, length 11
# corresponding to MSA columns:
# 216-226
name=unknown_B
#
# <colnr> <probs for GDERKNQSTAVLIFYWHMCP>
#	G	D	E	R	K	N	Q	S	T	A	V	L	I	F	Y	W	H	M	C	P
0	0.03744	0.49614	0.16032	0.00990	0.01427	0.01594	0.01040	0.01477	0.01101	0.01425	0.04850	0.01756	0.01206	0.00628	0.00432	0.00144	0.00564	0.11048	0.00279	0.00648
1	0.01780	0.01340	0.01436	0.01130	0.01517	0.01476	0.00922	0.57237	0.15957	0.02962	0.01406	0.01389	0.01022	0.00628	0.00511	0.00155	0.00524	0.00483	0.03145	0.04979
2	0.01247	0.05493	0.57531	0.01314	0.01990	0.01133	0.01595	0.01742	0.01152	0.12712	0.01086	0.01184	0.00761	0.00504	0.00482	0.00154	0.00679	0.00393	0.00289	0.08559
3	0.00683	0.00488	0.00660	0.00780	0.00832	0.00465	0.00567	0.00809	0.01045	0.01383	0.02844	0.63544	0.03339	0.01586	0.00678	0.00218	0.00344	0.18818	0.00482	0.00436
4	0.01087	0.00703	0.00865	0.00754	0.00949	0.00681	0.00583	0.12006	0.01580	0.10699	0.52652	0.03319	0.07605	0.03392	0.00652	0.00173	0.00323	0.00830	0.00561	0.00584
5	0.01303	0.01356	0.05793	0.03042	0.71797	0.04277	0.01591	0.01619	0.01193	0.01682	0.00971	0.01266	0.00811	0.00468	0.00513	0.00154	0.00638	0.00455	0.00256	0.00814
6	0.01139	0.01139	0.01595	0.01367	0.01367	0.01595	0.01139	0.01253	0.00798	0.01253	0.00684	0.01139	0.00684	0.00911	0.01709	0.00228	0.80745	0.00456	0.00228	0.00570
7	0.00633	0.00457	0.00600	0.00715	0.00753	0.00424	0.00479	0.00726	0.01007	0.01334	0.02999	0.77263	0.07456	0.01615	0.00662	0.00210	0.00300	0.01460	0.00483	0.00424
8	0.01304	0.12831	0.02202	0.02866	0.67381	0.01356	0.01497	0.01593	0.01167	0.01633	0.00943	0.01224	0.00802	0.00461	0.00490	0.00148	0.00610	0.00437	0.00253	0.00802
9	0.20536	0.01255	0.01300	0.01025	0.01413	0.03740	0.00843	0.40234	0.01846	0.20835	0.01310	0.01274	0.00903	0.00596	0.00476	0.00158	0.00516	0.00436	0.00498	0.00806
10	0.00628	0.00519	0.00551	0.00561	0.00716	0.00442	0.00414	0.00765	0.01189	0.01456	0.11213	0.13777	0.63304	0.01333	0.00621	0.00179	0.00267	0.01130	0.00491	0.00442

[dist]
# distance from previous block
# <min> <max>
2	50

[block]
# block no. 2 follows, 47 sequences, length 48
# corresponding to MSA columns:
# 277-324
name=unknown_C
#
# <colnr> <probs for GDERKNQSTAVLIFYWHMCP>
#	G	D	E	R	K	N	Q	S	T	A	V	L	I	F	Y	W	H	M	C	P
0	0.00757	0.00505	0.00568	0.00568	0.00568	0.00505	0.00316	0.00757	0.00757	0.01010	0.01641	0.03408	0.01893	0.81698	0.02651	0.00505	0.00505	0.00757	0.00316	0.00316
1	0.04452	0.00929	0.01529	0.77169	0.03481	0.01157	0.01410	0.01339	0.01035	0.01372	0.00917	0.01366	0.00689	0.00519	0.00512	0.00173	0.00682	0.00455	0.00235	0.00578
2	0.73100	0.01074	0.00883	0.00760	0.01097	0.01234	0.00627	0.12598	0.01116	0.02476	0.00802	0.00905	0.00611	0.00504	0.00352	0.00160	0.00428	0.00309	0.00352	0.00611
3	0.85377	0.01007	0.00765	0.00685	0.01007	0.01168	0.00564	0.01531	0.00886	0.02336	0.00725	0.00846	0.00564	0.00483	0.00322	0.00161	0.00403	0.00282	0.00322	0.00564
4	0.01080	0.00926	0.01080	0.00771	0.01234	0.00694	0.00617	0.01311	0.01080	0.01697	0.00926	0.01080	0.00771	0.00386	0.00386	0.00077	0.00386	0.00309	0.00309	0.84882
5	0.00615	0.00528	0.00528	0.00528	0.00703	0.00440	0.00396	0.00747	0.01187	0.01407	0.05276	0.05012	0.78238	0.01319	0.00615	0.00176	0.00264	0.01099	0.00484	0.00440
6	0.01872	0.01402	0.01503	0.01168	0.01573	0.01547	0.00958	0.65875	0.10625	0.03104	0.01334	0.01320	0.00959	0.00625	0.00517	0.00156	0.00549	0.00476	0.00514	0.03925
7	0.00709	0.00525	0.00662	0.00641	0.00764	0.00478	0.00476	0.00925	0.01390	0.01919	0.60509	0.10331	0.16441	0.01151	0.00618	0.00170	0.00253	0.01010	0.00552	0.00478
8	0.09050	0.00896	0.01173	0.00907	0.01303	0.00798	0.00749	0.02456	0.01442	0.72628	0.01947	0.01698	0.01230	0.00632	0.00507	0.00161	0.00440	0.00504	0.00618	0.00860
9	0.01055	0.02634	0.75840	0.01555	0.05385	0.01211	0.01911	0.01647	0.01103	0.01651	0.00936	0.01107	0.00666	0.00493	0.00496	0.00164	0.00763	0.00388	0.00221	0.00772
10	0.00744	0.00558	0.00837	0.00837	0.00930	0.00651	0.00651	0.00930	0.00837	0.01209	0.01395	0.02046	0.01302	0.03906	0.79635	0.00837	0.01395	0.00558	0.00279	0.00465
11	0.00839	0.00599	0.00839	0.00959	0.01079	0.00599	0.00839	0.01079	0.01199	0.01558	0.02757	0.05874	0.02997	0.01439	0.00719	0.00240	0.00480	0.74945	0.00480	0.00480
12	0.01120	0.02594	0.72740	0.01461	0.02202	0.01242	0.01849	0.07718	0.01209	0.01781	0.00960	0.01112	0.00678	0.00505	0.00497	0.00164	0.00754	0.00392	0.00244	0.00779
13	0.01045	0.02694	0.79000	0.01484	0.02254	0.01209	0.01924	0.01649	0.01099	0.01649	0.00935	0.01099	0.00660	0.00495	0.00495	0.00165	0.00770	0.00385	0.00220	0.00770
14	0.00737	0.00532	0.00696	0.00655	0.00778	0.00491	0.00491	0.00983	0.01474	0.02088	0.78175	0.03890	0.04914	0.01065	0.00614	0.00164	0.00246	0.00942	0.00573	0.00491
15	0.00634	0.00453	0.00604	0.00725	0.00755	0.00423	0.00483	0.00725	0.00997	0.01329	0.02870	0.81358	0.03444	0.01632	0.00665	0.00211	0.00302	0.01480	0.00483	0.00423
16	0.01277	0.01103	0.01160	0.01045	0.01336	0.01272	0.00813	0.02712	0.75426	0.02157	0.02206	0.02027	0.03682	0.00723	0.00532	0.00177	0.00408	0.00603	0.00529	0.00814
17	0.01945	0.02482	0.01476	0.01342	0.01610	0.79608	0.01006	0.02079	0.01476	0.01275	0.00805	0.00939	0.00671	0.00537	0.00470	0.00134	0.00939	0.00335	0.00268	0.00604
18	0.01080	0.00926	0.01080	0.00771	0.01234	0.00694	0.00617	0.01311	0.01080	0.01697	0.00926	0.01080	0.00771	0.00386	0.00386	0.00077	0.00386	0.00309	0.00309	0.84882
19	0.01334	0.01379	0.02139	0.04412	0.49888	0.09383	0.14030	0.01681	0.03970	0.01640	0.01001	0.01291	0.00822	0.00497	0.00581	0.00161	0.04280	0.00480	0.00268	0.00764
20	0.02161	0.04616	0.01345	0.00982	0.01381	0.01033	0.00817	0.21590	0.01706	0.53551	0.01777	0.01601	0.01159	0.00630	0.00510	0.00156	0.00476	0.00498	0.03146	0.00864
21	0.85377	0.01007	0.00765	0.00685	0.01007	0.01168	0.00564	0.01531	0.00886	0.02336	0.00725	0.00846	0.00564	0.00483	0.00322	0.00161	0.00403	0.00282	0.00322	0.00564
22	0.00755	0.00515	0.00619	0.00619	0.00636	0.00532	0.00379	0.00790	0.00772	0.01047	0.01595	0.03151	0.01782	0.67051	0.17145	0.00567	0.00672	0.00720	0.00309	0.00344
23	0.00744	0.00558	0.00837	0.00837	0.00930	0.00651	0.00651	0.00930	0.00837	0.01209	0.01395	0.02046	0.01302	0.03906	0.79635	0.00837	0.01395	0.00558	0.00279	0.00465
24	0.00688	0.00551	0.00629	0.00668	0.00825	0.00491	0.00540	0.00855	0.01191	0.01456	0.04458	0.05292	0.53820	0.01358	0.00649	0.00197	0.00334	0.25064	0.00482	0.00453
25	0.01945	0.02482	0.01476	0.01342	0.01610	0.79608	0.01006	0.02079	0.01476	0.01275	0.00805	0.00939	0.00671	0.00537	0.00470	0.00134	0.00939	0.00335	0.00268	0.00604
26	0.01021	0.00983	0.01613	0.74358	0.05796	0.02996	0.03257	0.01364	0.01060	0.01349	0.00928	0.01375	0.00700	0.00517	0.00522	0.00172	0.00702	0.00464	0.00234	0.00590
27	0.01392	0.82012	0.02729	0.00891	0.01337	0.02061	0.00891	0.01559	0.01058	0.01225	0.00724	0.00835	0.00668	0.00446	0.00334	0.00111	0.00557	0.00278	0.00223	0.00668
28	0.00737	0.00532	0.00696	0.00655	0.00778	0.00491	0.00491	0.00983	0.01474	0.02088	0.78175	0.03890	0.04914	0.01065	0.00614	0.00164	0.00246	0.00942	0.00573	0.00491
29	0.00757	0.00505	0.00568	0.00568	0.00568	0.00505	0.00316	0.00757	0.00757	0.01010	0.01641	0.03408	0.01893	0.81698	0.02651	0.00505	0.00505	0.00757	0.00316	0.00316
30	0.85377	0.01007	0.00765	0.00685	0.01007	0.01168	0.00564	0.01531	0.00886	0.02336	0.00725	0.00846	0.00564	0.00483	0.00322	0.00161	0.00403	0.00282	0.00322	0.00564
31	0.01961	0.01192	0.11159	0.01040	0.01470	0.00966	0.00942	0.08646	0.12393	0.50026	0.01868	0.01754	0.01254	0.00649	0.00525	0.00165	0.00492	0.02083	0.00560	0.00854
32	0.27789	0.01726	0.29147	0.03096	0.01852	0.01274	0.12367	0.11014	0.01210	0.02054	0.00917	0.01091	0.00679	0.00513	0.00501	0.00166	0.03207	0.00401	0.00297	0.00699
33	0.85377	0.01007	0.00765	0.00685	0.01007	0.01168	0.00564	0.01531	0.00886	0.02336	0.00725	0.00846	0.00564	0.00483	0.00322	0.00161	0.00403	0.00282	0.00322	0.00564
34	0.01392	0.82012	0.02729	0.00891	0.01337	0.02061	0.00891	0.01559	0.01058	0.01225	0.00724	0.00835	0.00668	0.00446	0.00334	0.00111	0.00557	0.00278	0.00223	0.00668
35	0.00757	0.00505	0.00568	0.00568	0.00568	0.00505	0.00316	0.00757	0.00757	0.01010	0.01641	0.03408	0.01893	0.81698	0.02651	0.00505	0.00505	0.00757	0.00316	0.00316
36	0.00640	0.00529	0.00561	0.00553	0.00718	0.00450	0.00415	0.00794	0.01244	0.01543	0.19841	0.04788	0.63588	0.01268	0.00615	0.00173	0.00260	0.01068	0.00502	0.00450
37	0.01295	0.01119	0.01178	0.01060	0.01354	0.01295	0.00824	0.02767	0.77509	0.02178	0.02120	0.01943	0.01590	0.00707	0.00530	0.00177	0.00412	0.00589	0.00530	0.00824
38	0.01980	0.01459	0.01563	0.01198	0.01615	0.01615	0.00990	0.76713	0.02448	0.03282	0.01250	0.01250	0.00886	0.00625	0.00521	0.00156	0.00573	0.00469	0.00521	0.00886
39	0.01080	0.00926	0.01080	0.00771	0.01234	0.00694	0.00617	0.01311	0.01080	0.01697	0.00926	0.01080	0.00771	0.00386	0.00386	0.00077	0.00386	0.00309	0.00309	0.84882
40	0.01083	0.11399	0.70629	0.01419	0.02153	0.01303	0.01811	0.01639	0.01095	0.01603	0.00911	0.01070	0.00661	0.00489	0.00477	0.00159	0.00746	0.00373	0.00220	0.00759
41	0.00729	0.00532	0.00685	0.00646	0.00773	0.00488	0.00485	0.00967	0.01454	0.02042	0.73194	0.03967	0.09923	0.01082	0.00614	0.00165	0.00247	0.00953	0.00567	0.00488
42	0.01980	0.01459	0.01563	0.01198	0.01615	0.01615	0.00990	0.76713	0.02448	0.03282	0.01250	0.01250	0.00886	0.00625	0.00521	0.00156	0.00573	0.00469	0.00521	0.00886
43	0.01229	0.01405	0.03073	0.02195	0.02722	0.01317	0.76558	0.01668	0.01229	0.01668	0.01054	0.01405	0.00790	0.00439	0.00615	0.00176	0.00878	0.00615	0.00263	0.00702
44	0.00839	0.00599	0.00839	0.00959	0.01079	0.00599	0.00839	0.01079	0.01199	0.01558	0.02757	0.05874	0.02997	0.01439	0.00719	0.00240	0.00480	0.74945	0.00480	0.00480
45	0.00757	0.00505	0.00568	0.00568	0.00568	0.00505	0.00316	0.00757	0.00757	0.01010	0.01641	0.03408	0.01893	0.81698	0.02651	0.00505	0.00505	0.00757	0.00316	0.00316
46	0.85377	0.01007	0.00765	0.00685	0.01007	0.01168	0.00564	0.01531	0.00886	0.02336	0.00725	0.00846	0.00564	0.00483	0.00322	0.00161	0.00403	0.00282	0.00322	0.00564
47	0.01045	0.02694	0.79000	0.01484	0.02254	0.01209	0.01924	0.01649	0.01099	0.01649	0.00935	0.01099	0.00660	0.00495	0.00495	0.00165	0.00770	0.00385	0.00220	0.00770

[dist]
# distance from previous block
# <min> <max>
0	4

[block]
# block no. 3 follows, 47 sequences, length 74
# corresponding to MSA columns:
# 329-402
name=unknown_D
#
# <colnr> <probs for GDERKNQSTAVLIFYWHMCP>
#	G	D	E	R	K	N	Q	S	T	A	V	L	I	F	Y	W	H	M	C	P
0	0.00820	0.00586	0.00818	0.00938	0.01049	0.00583	0.00807	0.01047	0.01180	0.01537	0.02768	0.12788	0.03038	0.01456	0.00714	0.00237	0.00463	0.68216	0.00480	0.00474
1	0.00697	0.00542	0.00634	0.00609	0.00758	0.00486	0.00457	0.00919	0.02888	0.01800	0.45602	0.04328	0.36065	0.01166	0.00613	0.00169	0.00257	0.01002	0.00534	0.00476
2	0.80991	0.01006	0.00780	0.00694	0.01014	0.01163	0.00571	0.03582	0.00934	0.02353	0.00764	0.00884	0.00592	0.00490	0.00329	0.00160	0.00404	0.00292	0.02425	0.00571
3	0.00728	0.00532	0.00684	0.00646	0.00772	0.00488	0.00484	0.00965	0.01453	0.02038	0.72760	0.03973	0.10361	0.01084	0.00614	0.00165	0.00247	0.00953	0.00567	0.00488
4	0.00905	0.00452	0.00678	0.00678	0.00678	0.00452	0.00452	0.00678	0.00678	0.00905	0.00905	0.01583	0.00905	0.01809	0.02035	0.84848	0.00452	0.00452	0.00226	0.00226
5	0.01945	0.00962	0.01193	0.00960	0.01318	0.00940	0.00777	0.08851	0.19058	0.48868	0.07774	0.01927	0.01598	0.00689	0.00532	0.00164	0.00432	0.00566	0.00602	0.00842
6	0.00843	0.00615	0.00830	0.00919	0.01047	0.00617	0.00785	0.01142	0.05222	0.01636	0.10430	0.07400	0.04597	0.01365	0.00695	0.00227	0.00443	0.60197	0.00492	0.00497
7	0.01021	0.00534	0.00539	0.00521	0.00657	0.00542	0.00395	0.04980	0.01160	0.02008	0.01676	0.01907	0.01312	0.00608	0.00372	0.00123	0.00259	0.00485	0.80395	0.00505
8	0.00640	0.00457	0.00610	0.00731	0.00763	0.00427	0.00492	0.00734	0.01002	0.01335	0.02867	0.79488	0.03433	0.01627	0.00666	0.00212	0.00307	0.03301	0.00483	0.00424
9	0.00905	0.00452	0.00678	0.00678	0.00678	0.00452	0.00452	0.00678	0.00678	0.00905	0.00905	0.01583	0.00905	0.01809	0.02035	0.84848	0.00452	0.00452	0.00226	0.00226
10	0.01057	0.02531	0.70616	0.01490	0.02188	0.01245	0.03555	0.01616	0.01076	0.01616	0.00916	0.01110	0.00665	0.00529	0.00602	0.00171	0.07649	0.00396	0.00222	0.00751
11	0.01229	0.01405	0.03073	0.02195	0.02722	0.01317	0.76558	0.01668	0.01229	0.01668	0.01054	0.01405	0.00790	0.00439	0.00615	0.00176	0.00878	0.00615	0.00263	0.00702
12	0.00828	0.00592	0.00826	0.00942	0.01058	0.00589	0.00815	0.01062	0.01197	0.01562	0.04639	0.09020	0.03064	0.01437	0.00714	0.00237	0.00466	0.69993	0.00482	0.00477
13	0.83198	0.01051	0.02787	0.00705	0.01039	0.01169	0.00599	0.01534	0.00892	0.02319	0.00731	0.00853	0.00566	0.00484	0.00327	0.00161	0.00412	0.00285	0.00320	0.00569
14	0.01171	0.01274	0.02634	0.21990	0.07527	0.01272	0.53075	0.01579	0.01179	0.01585	0.01017	0.01394	0.00768	0.00461	0.00585	0.00174	0.00816	0.00567	0.00255	0.00679
15	0.01080	0.00926	0.01080	0.00771	0.01234	0.00694	0.00617	0.01311	0.01080	0.01697	0.00926	0.01080	0.00771	0.00386	0.00386	0.00077	0.00386	0.00309	0.00309	0.84882
16	0.03383	0.07299	0.29779	0.01897	0.25797	0.05561	0.03200	0.06324	0.01262	0.09132	0.01052	0.01207	0.00787	0.00505	0.00492	0.00156	0.00668	0.00421	0.00297	0.00783
17	0.01266	0.01359	0.09216	0.25182	0.36128	0.06872	0.02810	0.03522	0.01200	0.04183	0.01032	0.01395	0.00826	0.00521	0.00518	0.00162	0.00673	0.02137	0.00272	0.00726
18	0.00717	0.00525	0.00669	0.00645	0.00764	0.00481	0.00477	0.00934	0.01391	0.01935	0.63156	0.09913	0.12210	0.03059	0.00667	0.00177	0.00258	0.00995	0.00551	0.00477
19	0.01966	0.02398	0.01462	0.01320	0.01595	0.75475	0.00994	0.02104	0.01477	0.05339	0.00870	0.00983	0.00703	0.00542	0.00472	0.00136	0.00913	0.00345	0.00288	0.00619
20	0.00635	0.00458	0.00602	0.00714	0.00753	0.00425	0.00479	0.00731	0.01016	0.01348	0.04417	0.76034	0.07253	0.01605	0.00661	0.00209	0.00299	0.01451	0.00485	0.00425
21	0.00700	0.00531	0.00645	0.00616	0.00755	0.00476	0.00462	0.00911	0.01387	0.01881	0.56049	0.04230	0.27169	0.01142	0.00615	0.00167	0.00251	0.00990	0.00546	0.00476
22	0.01045	0.02694	0.79000	0.01484	0.02254	0.01209	0.01924	0.01649	0.01099	0.01649	0.00935	0.01099	0.00660	0.00495	0.00495	0.00165	0.00770	0.00385	0.00220	0.00770
23	0.00634	0.00453	0.00604	0.00725	0.00755	0.00423	0.00483	0.00725	0.00997	0.01329	0.02870	0.81358	0.03444	0.01632	0.00665	0.00211	0.00302	0.01480	0.00483	0.00423
24	0.85377	0.01007	0.00765	0.00685	0.01007	0.01168	0.00564	0.01531	0.00886	0.02336	0.00725	0.00846	0.00564	0.00483	0.00322	0.00161	0.00403	0.00282	0.00322	0.00564
25	0.01080	0.00926	0.01080	0.00771	0.01234	0.00694	0.00617	0.01311	0.01080	0.01697	0.00926	0.01080	0.00771	0.00386	0.00386	0.00077	0.00386	0.00309	0.00309	0.84882
26	0.85377	0.01007	0.00765	0.00685	0.01007	0.01168	0.00564	0.01531	0.00886	0.02336	0.00725	0.00846	0.00564	0.00483	0.00322	0.00161	0.00403	0.00282	0.00322	0.00564
27	0.00983	0.00926	0.01562	0.80447	0.03587	0.01157	0.01446	0.01331	0.01041	0.01331	0.00926	0.01388	0.00694	0.00521	0.00521	0.00174	0.00694	0.00463	0.00231	0.00579
28	0.85377	0.01007	0.00765	0.00685	0.01007	0.01168	0.00564	0.01531	0.00886	0.02336	0.00725	0.00846	0.00564	0.00483	0.00322	0.00161	0.00403	0.00282	0.00322	0.00564
29	0.01295	0.01119	0.01178	0.01060	0.01354	0.01295	0.00824	0.02767	0.77509	0.02178	0.02120	0.01943	0.01590	0.00707	0.00530	0.00177	0.00412	0.00589	0.00530	0.00824
30	0.00634	0.00453	0.00604	0.00725	0.00755	0.00423	0.00483	0.00725	0.00997	0.01329	0.02870	0.81358	0.03444	0.01632	0.00665	0.00211	0.00302	0.01480	0.00483	0.00423
31	0.00767	0.00555	0.00751	0.00862	0.00962	0.00540	0.00709	0.00958	0.01144	0.01485	0.02991	0.25923	0.09186	0.01480	0.00696	0.00227	0.00415	0.49408	0.00481	0.00461
32	0.02202	0.00857	0.01166	0.00904	0.01283	0.00742	0.00742	0.02407	0.01489	0.72373	0.08441	0.01950	0.01593	0.00680	0.00531	0.00161	0.00427	0.00559	0.00639	0.00853
33	0.01392	0.82012	0.02729	0.00891	0.01337	0.02061	0.00891	0.01559	0.01058	0.01225	0.00724	0.00835	0.00668	0.00446	0.00334	0.00111	0.00557	0.00278	0.00223	0.00668
34	0.00638	0.00455	0.00603	0.00721	0.00751	0.00425	0.00479	0.00726	0.00991	0.01321	0.02839	0.79353	0.03404	0.03692	0.00716	0.00219	0.00307	0.01462	0.00479	0.00420
35	0.00633	0.00457	0.00600	0.00715	0.00753	0.00424	0.00479	0.00726	0.01007	0.01333	0.02996	0.77356	0.07365	0.01615	0.00662	0.00210	0.00300	0.01460	0.00483	0.00424
36	0.00988	0.00931	0.01563	0.78380	0.03529	0.01168	0.01438	0.01329	0.01035	0.01329	0.00919	0.01382	0.00694	0.00531	0.00552	0.00175	0.02786	0.00463	0.00231	0.00578
37	0.81765	0.01027	0.00800	0.00707	0.01033	0.01188	0.00582	0.04787	0.00954	0.02377	0.00748	0.00863	0.00578	0.00490	0.00331	0.00161	0.00410	0.00290	0.00331	0.00578
38	0.01879	0.01081	0.01266	0.01020	0.01383	0.01117	0.00826	0.21455	0.22986	0.34509	0.05446	0.01786	0.01441	0.00677	0.00529	0.00164	0.00458	0.00548	0.00578	0.00850
39	0.02034	0.01371	0.01509	0.01157	0.01571	0.01485	0.00955	0.65355	0.02302	0.14847	0.01373	0.01330	0.00947	0.00628	0.00521	0.00157	0.00553	0.00477	0.00540	0.00886
40	0.01289	0.01237	0.02114	0.03196	0.78450	0.01237	0.01598	0.01598	0.01186	0.01701	0.00980	0.01289	0.00825	0.00464	0.00516	0.00155	0.00619	0.00464	0.00258	0.00825
41	0.00754	0.00508	0.00579	0.00587	0.00598	0.00505	0.00344	0.00770	0.00793	0.01051	0.01814	0.05619	0.03959	0.74172	0.02465	0.00478	0.00492	0.03854	0.00331	0.00328
42	0.01091	0.01175	0.08643	0.14711	0.37016	0.01064	0.07080	0.01426	0.01211	0.01704	0.16237	0.03487	0.01648	0.00617	0.00545	0.00163	0.00584	0.00584	0.00318	0.00697
43	0.03671	0.10560	0.03251	0.01525	0.11860	0.48778	0.01089	0.05589	0.01377	0.01457	0.00835	0.01004	0.00700	0.00543	0.00538	0.00143	0.05792	0.00360	0.00272	0.00654
44	0.00757	0.00505	0.00568	0.00568	0.00568	0.00505	0.00316	0.00757	0.00757	0.01010	0.01641	0.03408	0.01893	0.81698	0.02651	0.00505	0.00505	0.00757	0.00316	0.00316
45	0.01295	0.01105	0.01183	0.01082	0.02885	0.01263	0.00826	0.06574	0.67594	0.02196	0.03575	0.02048	0.04586	0.00728	0.00534	0.00175	0.00416	0.00606	0.00523	0.00806
46	0.01266	0.14212	0.30223	0.02013	0.28858	0.03456	0.05458	0.05565	0.01211	0.01679	0.00937	0.01145	0.00738	0.00481	0.00484	0.00152	0.00684	0.00411	0.00253	0.00772
47	0.02028	0.01303	0.01457	0.01126	0.01533	0.01394	0.00927	0.54974	0.06251	0.21315	0.01490	0.01413	0.01020	0.00634	0.00522	0.00159	0.00533	0.00488	0.00551	0.00882
48	0.00636	0.00461	0.00601	0.00709	0.00752	0.00426	0.00477	0.00734	0.01024	0.01356	0.05109	0.73658	0.08950	0.01593	0.00660	0.00208	0.00298	0.01438	0.00486	0.00426
49	0.01419	0.04772	0.03730	0.03275	0.01625	0.17250	0.06819	0.11114	0.01202	0.01559	0.00822	0.01126	0.00714	0.00725	0.01110	0.00188	0.41203	0.00436	0.00276	0.00636
50	0.00635	0.00525	0.00558	0.00557	0.00718	0.00447	0.00415	0.00783	0.01222	0.01509	0.16479	0.08624	0.63140	0.01295	0.00618	0.00176	0.00263	0.01094	0.00498	0.00447
51	0.01252	0.01327	0.01578	0.01364	0.01401	0.12497	0.01121	0.01369	0.00892	0.01256	0.00701	0.01111	0.00682	0.00859	0.01536	0.00215	0.69592	0.00439	0.00234	0.00574
52	0.00727	0.00518	0.00705	0.00822	0.00891	0.00502	0.00633	0.00880	0.01078	0.01420	0.02789	0.46532	0.03209	0.03671	0.00741	0.00232	0.00384	0.33344	0.00477	0.00445
53	0.00731	0.00532	0.00688	0.00649	0.00774	0.00489	0.00487	0.00972	0.01460	0.02056	0.74705	0.03943	0.08404	0.01077	0.00614	0.00164	0.00247	0.00949	0.00569	0.00489
54	0.01045	0.02694	0.79000	0.01484	0.02254	0.01209	0.01924	0.01649	0.01099	0.01649	0.00935	0.01099	0.00660	0.00495	0.00495	0.00165	0.00770	0.00385	0.00220	0.00770
55	0.00959	0.00488	0.00496	0.00494	0.00615	0.00486	0.00371	0.01202	0.01112	0.01949	0.05612	0.02041	0.01518	0.00630	0.00377	0.00124	0.00243	0.00509	0.80291	0.00486
56	0.01980	0.01459	0.01563	0.01198	0.01615	0.01615	0.00990	0.76713	0.02448	0.03282	0.01250	0.01250	0.00886	0.00625	0.00521	0.00156	0.00573	0.00469	0.00521	0.00886
57	0.01080	0.00926	0.01080	0.00771	0.01234	0.00694	0.00617	0.01311	0.01080	0.01697	0.00926	0.01080	0.00771	0.00386	0.00386	0.00077	0.00386	0.00309	0.00309	0.84882
58	0.01795	0.00991	0.01182	0.00985	0.01329	0.01016	0.00788	0.02613	0.38325	0.39895	0.03855	0.01904	0.01519	0.00684	0.00529	0.00169	0.00424	0.00565	0.00587	0.00847
59	0.00634	0.00453	0.00604	0.00725	0.00755	0.00423	0.00483	0.00725	0.00997	0.01329	0.02870	0.81358	0.03444	0.01632	0.00665	0.00211	0.00302	0.01480	0.00483	0.00423
60	0.01195	0.01307	0.02717	0.15277	0.11159	0.01282	0.55897	0.01605	0.01193	0.01616	0.01024	0.01389	0.00778	0.00455	0.00588	0.00173	0.00819	0.00573	0.00257	0.00695
61	0.01293	0.01330	0.05499	0.03079	0.73345	0.03006	0.01599	0.01611	0.01189	0.01689	0.00974	0.01273	0.00814	0.00467	0.00514	0.00155	0.00633	0.00458	0.00256	0.00817
62	0.00643	0.00477	0.00601	0.00680	0.00748	0.00434	0.00468	0.00760	0.01089	0.01434	0.12252	0.57756	0.17744	0.01505	0.00649	0.00199	0.00288	0.01345	0.00494	0.00434
63	0.01229	0.01405	0.03073	0.02195	0.02722	0.01317	0.76558	0.01668	0.01229	0.01668	0.01054	0.01405	0.00790	0.00439	0.00615	0.00176	0.00878	0.00615	0.00263	0.00702
64	0.00962	0.00970	0.05389	0.01216	0.03224	0.01121	0.04561	0.01155	0.00862	0.01285	0.01047	0.01568	0.00974	0.02225	0.37198	0.00499	0.34439	0.00507	0.00253	0.00545
65	0.03436	0.02912	0.04591	0.03014	0.08843	0.13787	0.24465	0.13356	0.03433	0.05874	0.01171	0.05488	0.00956	0.00600	0.00614	0.00167	0.05702	0.00540	0.00339	0.00712
66	0.01680	0.01735	0.01371	0.01282	0.05045	0.36537	0.00944	0.05043	0.32091	0.06779	0.01439	0.01425	0.01096	0.00612	0.00501	0.00155	0.00667	0.00460	0.00407	0.00731
67	0.00634	0.00453	0.00604	0.00725	0.00755	0.00423	0.00483	0.00725	0.00997	0.01329	0.02870	0.81358	0.03444	0.01632	0.00665	0.00211	0.00302	0.01480	0.00483	0.00423
68	0.01248	0.01362	0.09677	0.02932	0.66831	0.01214	0.03034	0.01587	0.01179	0.01691	0.01037	0.01430	0.00882	0.00500	0.00522	0.00159	0.00634	0.03013	0.00262	0.00805
69	0.00971	0.00485	0.00485	0.00485	0.00607	0.00485	0.00364	0.01213	0.01092	0.01942	0.01699	0.01942	0.01335	0.00607	0.00364	0.00121	0.00243	0.00485	0.84589	0.00485
70	0.00968	0.01072	0.16469	0.00895	0.01198	0.00757	0.00854	0.03350	0.08429	0.06533	0.27937	0.03352	0.17151	0.00964	0.00585	0.00174	0.00413	0.07823	0.00475	0.00602
71	0.01423	0.55683	0.10571	0.01023	0.01466	0.10464	0.01010	0.05576	0.03156	0.01408	0.00842	0.00966	0.00724	0.00593	0.03043	0.00148	0.00647	0.00324	0.00253	0.00681
72	0.03181	0.07238	0.55424	0.01604	0.13042	0.01212	0.01667	0.01596	0.01112	0.01672	0.02601	0.01207	0.00807	0.00505	0.00479	0.00158	0.00687	0.00404	0.04658	0.00745
73	0.04330	0.29787	0.11528	0.01080	0.01498	0.14741	0.01013	0.09351	0.02872	0.06325	0.02303	0.01095	0.00826	0.00532	0.00483	0.00136	0.04295	0.00364	0.00309	0.07132

[dist]
# distance from previous block
# <min> <max>
1	17

[block]
# block no. 4 follows, 47 sequences, length 6
# corresponding to MSA columns:
# 420-425
name=unknown_E
#
# <colnr> <probs for GDERKNQSTAVLIFYWHMCP>
#	G	D	E	R	K	N	Q	S	T	A	V	L	I	F	Y	W	H	M	C	P
0	0.01238	0.08107	0.01843	0.40325	0.14176	0.05570	0.07067	0.03901	0.01151	0.04915	0.00964	0.01299	0.00750	0.00535	0.00588	0.00166	0.06029	0.00454	0.00266	0.00657
1	0.01275	0.01028	0.01173	0.07893	0.05072	0.02837	0.00838	0.08235	0.35497	0.06684	0.05151	0.02175	0.10987	0.00732	0.00527	0.00163	0.00443	0.00609	0.02391	0.06291
2	0.00926	0.00623	0.00746	0.04409	0.00971	0.00577	0.00540	0.01174	0.05491	0.11465	0.22834	0.06522	0.36665	0.03911	0.00667	0.00184	0.00320	0.00929	0.00512	0.00533
3	0.01814	0.01374	0.01511	0.06949	0.01723	0.01538	0.01001	0.61205	0.12517	0.02990	0.01344	0.01354	0.00967	0.00629	0.00522	0.00160	0.00560	0.00485	0.00501	0.00855
4	0.06926	0.01106	0.01462	0.08933	0.09264	0.01204	0.07483	0.14662	0.24570	0.06410	0.01640	0.03983	0.01342	0.00705	0.00541	0.00176	0.00532	0.07883	0.00437	0.00743
5	0.00639	0.00468	0.00590	0.00685	0.00736	0.00431	0.00459	0.00731	0.01011	0.01321	0.03158	0.64798	0.14729	0.06659	0.00783	0.00225	0.00309	0.01377	0.00473	0.00419

[dist]
# distance from previous block
# <min> <max>
0	2

[block]
# block no. 5 follows, 47 sequences, length 53
# corresponding to MSA columns:
# 428-464,470-485
name=unknown_F
#
# <colnr> <probs for GDERKNQSTAVLIFYWHMCP>
#	G	D	E	R	K	N	Q	S	T	A	V	L	I	F	Y	W	H	M	C	P
0	0.01730	0.00980	0.01138	0.00937	0.01259	0.01012	0.00750	0.15200	0.22896	0.30500	0.03203	0.01828	0.01387	0.02538	0.00554	0.00167	0.00427	0.00540	0.12161	0.00793
1	0.78676	0.01049	0.00843	0.02823	0.03308	0.03166	0.00628	0.01542	0.00914	0.02265	0.00740	0.00875	0.00578	0.00485	0.00337	0.00161	0.00430	0.00293	0.00317	0.00573
2	0.01670	0.01111	0.01220	0.01028	0.01359	0.03714	0.00817	0.12052	0.39916	0.24002	0.05895	0.01874	0.01557	0.00692	0.00529	0.00168	0.00450	0.00565	0.00555	0.00825
3	0.03408	0.00993	0.01129	0.00836	0.01268	0.00844	0.00670	0.13560	0.01294	0.01955	0.01061	0.04744	0.00906	0.00484	0.00419	0.00098	0.00413	0.00387	0.00351	0.65180
4	0.00721	0.00532	0.00673	0.00638	0.00768	0.00484	0.00478	0.00951	0.01435	0.01996	0.68327	0.04042	0.14820	0.01099	0.00614	0.00165	0.00248	0.00963	0.00561	0.00484
5	0.01635	0.01200	0.01378	0.01119	0.01410	0.01363	0.00916	0.46488	0.03272	0.06177	0.01349	0.04497	0.01085	0.01003	0.07468	0.00227	0.12089	0.01992	0.04575	0.00758
6	0.00905	0.00452	0.00678	0.00678	0.00678	0.00452	0.00452	0.00678	0.00678	0.00905	0.00905	0.01583	0.00905	0.01809	0.02035	0.84848	0.00452	0.00452	0.00226	0.00226
7	0.01121	0.01113	0.01561	0.01343	0.01347	0.01552	0.01117	0.01239	0.00799	0.01251	0.00716	0.01180	0.00712	0.01047	0.05245	0.00256	0.77145	0.00460	0.00230	0.00565
8	0.02050	0.00884	0.01160	0.00923	0.01284	0.00804	0.00754	0.04921	0.06736	0.60626	0.05462	0.02077	0.01543	0.02755	0.00589	0.00173	0.00439	0.03924	0.00607	0.02288
9	0.01559	0.12074	0.03485	0.01044	0.01400	0.01331	0.00879	0.13864	0.38074	0.14699	0.01781	0.01797	0.01341	0.00673	0.00508	0.00164	0.00474	0.03551	0.00496	0.00807
10	0.00634	0.00453	0.00604	0.00725	0.00755	0.00423	0.00483	0.00725	0.00997	0.01329	0.02870	0.81358	0.03444	0.01632	0.00665	0.00211	0.00302	0.01480	0.00483	0.00423
11	0.01048	0.08594	0.65168	0.01397	0.02081	0.01220	0.03662	0.01580	0.01107	0.01616	0.03422	0.04816	0.00923	0.00559	0.00497	0.00163	0.00718	0.00450	0.00244	0.00736
12	0.01187	0.01675	0.19671	0.02037	0.04501	0.01300	0.55788	0.01649	0.01185	0.01651	0.01013	0.01326	0.00759	0.00467	0.00622	0.00174	0.03469	0.00555	0.00253	0.00716
13	0.00731	0.00532	0.00688	0.00649	0.00774	0.00489	0.00487	0.00971	0.01460	0.02055	0.74582	0.03945	0.08528	0.01077	0.00614	0.00164	0.00247	0.00950	0.00569	0.00489
14	0.01108	0.00943	0.01094	0.00788	0.01246	0.00731	0.00631	0.03279	0.02728	0.01748	0.00959	0.01102	0.00792	0.00399	0.00392	0.00081	0.00391	0.00319	0.00319	0.80950
15	0.01755	0.01228	0.01394	0.06707	0.01613	0.01334	0.00926	0.48012	0.08631	0.11494	0.01500	0.06641	0.01163	0.02253	0.00569	0.00168	0.00529	0.00553	0.00503	0.03027
16	0.85377	0.01007	0.00765	0.00685	0.01007	0.01168	0.00564	0.01531	0.00886	0.02336	0.00725	0.00846	0.00564	0.00483	0.00322	0.00161	0.00403	0.00282	0.00322	0.00564
17	0.00932	0.00684	0.00817	0.00782	0.00923	0.00690	0.00574	0.14056	0.04389	0.01925	0.26246	0.32861	0.06128	0.05628	0.00726	0.00200	0.00345	0.01047	0.00511	0.00535
18	0.01080	0.00926	0.01080	0.00771	0.01234	0.00694	0.00617	0.01311	0.01080	0.01697	0.00926	0.01080	0.00771	0.00386	0.00386	0.00077	0.00386	0.00309	0.00309	0.84882
19	0.01326	0.01119	0.01189	0.01058	0.01354	0.01285	0.00829	0.08637	0.67808	0.02251	0.04064	0.02024	0.01651	0.00725	0.00536	0.00176	0.00422	0.02204	0.00529	0.00813
20	0.00616	0.00524	0.00531	0.00536	0.00706	0.00439	0.00400	0.00746	0.01178	0.01403	0.05167	0.08446	0.74874	0.01333	0.00618	0.00177	0.00266	0.01116	0.00484	0.00439
21	0.00619	0.00528	0.00532	0.00531	0.00705	0.00441	0.00398	0.00754	0.01195	0.01425	0.07210	0.04982	0.76293	0.01312	0.00615	0.00176	0.00263	0.01095	0.00486	0.00441
22	0.00623	0.00524	0.00540	0.00544	0.00710	0.00442	0.00405	0.00759	0.01194	0.01441	0.09167	0.08510	0.70723	0.01320	0.00618	0.00177	0.00265	0.01108	0.00489	0.00442
23	0.02336	0.00886	0.01209	0.00927	0.01329	0.00765	0.00765	0.02538	0.01491	0.78810	0.02055	0.01773	0.01289	0.00645	0.00524	0.00161	0.00443	0.00524	0.00645	0.00886
24	0.01139	0.01139	0.01595	0.01367	0.01367	0.01595	0.01139	0.01253	0.00798	0.01253	0.00684	0.01139	0.00684	0.00911	0.01709	0.00228	0.80745	0.00456	0.00228	0.00570
25	0.01045	0.02694	0.79000	0.01484	0.02254	0.01209	0.01924	0.01649	0.01099	0.01649	0.00935	0.01099	0.00660	0.00495	0.00495	0.00165	0.00770	0.00385	0.00220	0.00770
26	0.00757	0.00505	0.00568	0.00568	0.00568	0.00505	0.00316	0.00757	0.00757	0.01010	0.01641	0.03408	0.01893	0.81698	0.02651	0.00505	0.00505	0.00757	0.00316	0.00316
27	0.00746	0.00548	0.00786	0.00786	0.00861	0.00623	0.00587	0.00897	0.00822	0.01171	0.01441	0.02304	0.01414	0.18629	0.65065	0.00774	0.01226	0.00596	0.00286	0.00437
28	0.01392	0.82012	0.02729	0.00891	0.01337	0.02061	0.00891	0.01559	0.01058	0.01225	0.00724	0.00835	0.00668	0.00446	0.00334	0.00111	0.00557	0.00278	0.00223	0.00668
29	0.02336	0.00886	0.01209	0.00927	0.01329	0.00765	0.00765	0.02538	0.01491	0.78810	0.02055	0.01773	0.01289	0.00645	0.00524	0.00161	0.00443	0.00524	0.00645	0.00886
30	0.00634	0.00453	0.00604	0.00725	0.00755	0.00423	0.00483	0.00725	0.00997	0.01329	0.02870	0.81358	0.03444	0.01632	0.00665	0.00211	0.00302	0.01480	0.00483	0.00423
31	0.01080	0.00926	0.01080	0.00771	0.01234	0.00694	0.00617	0.01311	0.01080	0.01697	0.00926	0.01080	0.00771	0.00386	0.00386	0.00077	0.00386	0.00309	0.00309	0.84882
32	0.00698	0.00531	0.00642	0.00614	0.00754	0.00475	0.00461	0.00907	0.01382	0.01869	0.54709	0.04251	0.28517	0.01146	0.00615	0.00168	0.00252	0.00992	0.00544	0.00475
33	0.01128	0.01123	0.01573	0.01352	0.01355	0.01568	0.01125	0.01244	0.00799	0.01252	0.00704	0.01165	0.00701	0.00997	0.03942	0.00245	0.78472	0.00459	0.00229	0.00567
34	0.01229	0.01405	0.03073	0.02195	0.02722	0.01317	0.76558	0.01668	0.01229	0.01668	0.01054	0.01405	0.00790	0.00439	0.00615	0.00176	0.00878	0.00615	0.00263	0.00702
35	0.00757	0.00505	0.00568	0.00568	0.00568	0.00505	0.00316	0.00757	0.00757	0.01010	0.01641	0.03408	0.01893	0.81698	0.02651	0.00505	0.00505	0.00757	0.00316	0.00316
36	0.01229	0.01405	0.03073	0.02195	0.02722	0.01317	0.76558	0.01668	0.01229	0.01668	0.01054	0.01405	0.00790	0.00439	0.00615	0.00176	0.00878	0.00615	0.00263	0.00702
37	0.01164	0.01110	0.01888	0.34841	0.47783	0.01204	0.01536	0.01489	0.01127	0.01549	0.00957	0.01330	0.00771	0.00487	0.00518	0.00162	0.00650	0.00464	0.00247	0.00724
38	0.06266	0.01023	0.01230	0.00981	0.01359	0.01018	0.00800	0.13146	0.17529	0.48079	0.01886	0.01687	0.01258	0.00647	0.00514	0.00164	0.00453	0.00517	0.00587	0.00857
39	0.01826	0.01371	0.01480	0.01135	0.01551	0.01477	0.00932	0.63018	0.05982	0.03016	0.01250	0.01262	0.00905	0.00597	0.00503	0.00147	0.00540	0.00453	0.00493	0.12061
40	0.01020	0.00944	0.01543	0.72865	0.03371	0.01175	0.01398	0.04168	0.01085	0.01402	0.00969	0.03024	0.00758	0.00562	0.00568	0.00176	0.03655	0.00484	0.00247	0.00587
41	0.85377	0.01007	0.00765	0.00685	0.01007	0.01168	0.00564	0.01531	0.00886	0.02336	0.00725	0.00846	0.00564	0.00483	0.00322	0.00161	0.00403	0.00282	0.00322	0.00564
42	0.00900	0.00454	0.00675	0.00675	0.00675	0.00454	0.00448	0.00681	0.00681	0.00908	0.00929	0.01643	0.00937	0.04431	0.02055	0.82080	0.00454	0.00462	0.00229	0.00229
43	0.01053	0.00576	0.00586	0.00556	0.00705	0.00594	0.00425	0.06478	0.04078	0.02043	0.01684	0.01894	0.01313	0.00612	0.00381	0.00126	0.00272	0.00488	0.75611	0.00526
44	0.01045	0.02694	0.79000	0.01484	0.02254	0.01209	0.01924	0.01649	0.01099	0.01649	0.00935	0.01099	0.00660	0.00495	0.00495	0.00165	0.00770	0.00385	0.00220	0.00770
45	0.01289	0.01237	0.02114	0.03196	0.78450	0.01237	0.01598	0.01598	0.01186	0.01701	0.00980	0.01289	0.00825	0.00464	0.00516	0.00155	0.00619	0.00464	0.00258	0.00825
46	0.00811	0.00579	0.00805	0.00919	0.01028	0.00574	0.00783	0.01033	0.01185	0.01551	0.05625	0.14920	0.03124	0.01448	0.00709	0.00233	0.00449	0.63266	0.00484	0.00473
47	0.00712	0.00531	0.00661	0.00629	0.00763	0.00481	0.00472	0.00934	0.01415	0.01948	0.63169	0.04121	0.20008	0.01117	0.00614	0.00166	0.00249	0.00974	0.00555	0.00481
48	0.01392	0.82012	0.02729	0.00891	0.01337	0.02061	0.00891	0.01559	0.01058	0.01225	0.00724	0.00835	0.00668	0.00446	0.00334	0.00111	0.00557	0.00278	0.00223	0.00668
49	0.00719	0.00534	0.00689	0.00676	0.00784	0.00505	0.00499	0.00922	0.01342	0.01865	0.55697	0.18066	0.11129	0.01187	0.00654	0.00175	0.02500	0.01041	0.00539	0.00476
50	0.13669	0.02514	0.05883	0.01017	0.01426	0.01101	0.02357	0.17051	0.08951	0.38279	0.01607	0.01493	0.01079	0.00608	0.00492	0.00161	0.00490	0.00475	0.00524	0.00821
51	0.03711	0.09156	0.68806	0.01424	0.02148	0.01280	0.03233	0.01638	0.01092	0.01636	0.00913	0.01076	0.00660	0.00489	0.00478	0.00161	0.00743	0.00377	0.00224	0.00754
52	0.03819	0.63995	0.04478	0.00972	0.01399	0.11754	0.00928	0.05036	0.01170	0.01367	0.00764	0.00875	0.00675	0.00468	0.00364	0.00119	0.00607	0.00297	0.00245	0.00670

[dist]
# distance from previous block
# <min> <max>
1	4

[block]
# block no. 6 follows, 47 sequences, length 13
# corresponding to MSA columns:
# 490-502
name=unknown_G
#
# <colnr> <probs for GDERKNQSTAVLIFYWHMCP>
#	G	D	E	R	K	N	Q	S	T	A	V	L	I	F	Y	W	H	M	C	P
0	0.08195	0.01212	0.01396	0.01283	0.08531	0.03558	0.02921	0.33984	0.08701	0.06638	0.01501	0.03972	0.01253	0.00715	0.00528	0.00166	0.00533	0.09627	0.00458	0.04827
1	0.00745	0.00500	0.00572	0.00584	0.00587	0.00496	0.00333	0.00754	0.00782	0.01043	0.01768	0.11493	0.02054	0.73394	0.02445	0.00474	0.00484	0.00832	0.00333	0.00327
2	0.01077	0.01070	0.01803	0.54640	0.04873	0.04000	0.14709	0.01415	0.01082	0.01415	0.00960	0.01379	0.00736	0.00530	0.00595	0.00173	0.05147	0.00486	0.03308	0.00603
3	0.00752	0.00509	0.00584	0.00582	0.00596	0.00510	0.00339	0.00772	0.00795	0.01063	0.03984	0.03404	0.04215	0.73197	0.06245	0.00501	0.00533	0.00763	0.00326	0.00332
4	0.00737	0.00532	0.00696	0.00655	0.00778	0.00491	0.00491	0.00983	0.01474	0.02088	0.78175	0.03890	0.04914	0.01065	0.00614	0.00164	0.00246	0.00942	0.00573	0.00491
5	0.00634	0.00453	0.00604	0.00725	0.00755	0.00423	0.00483	0.00725	0.00997	0.01329	0.02870	0.81358	0.03444	0.01632	0.00665	0.00211	0.00302	0.01480	0.00483	0.00423
6	0.01916	0.01411	0.01518	0.01176	0.01574	0.01559	0.00966	0.73119	0.02380	0.03190	0.01327	0.05039	0.01007	0.00673	0.00528	0.00159	0.00560	0.00517	0.00519	0.00864
7	0.01179	0.00938	0.01167	0.06098	0.05041	0.00776	0.00735	0.03912	0.01152	0.06729	0.01083	0.04081	0.00904	0.00468	0.00424	0.00100	0.00424	0.00388	0.00336	0.64063
8	0.04605	0.01274	0.02449	0.05649	0.02307	0.01335	0.48799	0.01608	0.05280	0.01623	0.01070	0.01491	0.00864	0.00581	0.00810	0.00187	0.16373	0.02751	0.00278	0.00665
9	0.01093	0.00924	0.01083	0.00790	0.01231	0.00724	0.00632	0.03910	0.01114	0.01725	0.00962	0.01138	0.00804	0.00586	0.04711	0.00121	0.00447	0.00328	0.00314	0.77361
10	0.01340	0.01141	0.01203	0.01069	0.01371	0.01316	0.00835	0.07583	0.72620	0.02250	0.02063	0.01898	0.01544	0.00701	0.00529	0.00175	0.00423	0.00581	0.00529	0.00828
11	0.01253	0.00928	0.01100	0.00803	0.01251	0.00726	0.00644	0.01528	0.04047	0.11826	0.01119	0.01204	0.00870	0.00432	0.00409	0.00092	0.00394	0.00347	0.00361	0.70665
12	0.02202	0.01008	0.01273	0.00986	0.01384	0.00959	0.00811	0.16434	0.06584	0.59722	0.01908	0.01686	0.01233	0.00645	0.00524	0.00161	0.00465	0.00518	0.00614	0.00882

[dist]
# distance from previous block
# <min> <max>
0	1

[block]
# block no. 7 follows, 47 sequences, length 13
# corresponding to MSA columns:
# 504-516
name=unknown_H
#
# <colnr> <probs for GDERKNQSTAVLIFYWHMCP>
#	G	D	E	R	K	N	Q	S	T	A	V	L	I	F	Y	W	H	M	C	P
0	0.01233	0.00948	0.01181	0.01224	0.10445	0.02951	0.03089	0.04300	0.27868	0.10465	0.05523	0.21092	0.05590	0.00922	0.00568	0.00178	0.00432	0.00811	0.00484	0.00695
1	0.00637	0.00464	0.00600	0.00702	0.00751	0.00427	0.00475	0.00738	0.01036	0.01368	0.06127	0.70437	0.11168	0.01577	0.00658	0.00206	0.00296	0.01420	0.00487	0.00427
2	0.00822	0.00616	0.00854	0.00827	0.00913	0.00710	0.00625	0.04477	0.00896	0.01271	0.01403	0.02225	0.01366	0.18225	0.58067	0.00716	0.04646	0.00587	0.00295	0.00461
