[name]
unknown

[dist]
# distance from previous block
# <min> <max>
0	110

[block]
# block no. 0 follows, 46 sequences, length 20
# corresponding to MSA columns:
# 110-129
name=unknown_A
#
# <colnr> <probs for GDERKNQSTAVLIFYWHMCP>
#	G	D	E	R	K	N	Q	S	T	A	V	L	I	F	Y	W	H	M	C	P
0	0.17267	0.31154	0.01792	0.01079	0.05068	0.09806	0.00882	0.07400	0.12257	0.03238	0.01126	0.01340	0.00943	0.00574	0.00426	0.00147	0.00554	0.03910	0.00340	0.00694
1	0.03669	0.01163	0.05397	0.02739	0.01715	0.01028	0.19694	0.11109	0.03005	0.04569	0.07145	0.01545	0.01198	0.00799	0.06713	0.00195	0.00639	0.00502	0.00359	0.26817
2	0.01566	0.39262	0.19306	0.01110	0.01612	0.08137	0.01140	0.08440	0.01305	0.12096	0.01022	0.01084	0.00783	0.00515	0.00430	0.00138	0.00632	0.00363	0.00315	0.00746
3	0.01390	0.41685	0.22398	0.01116	0.01639	0.08178	0.01176	0.07518	0.01234	0.01563	0.00856	0.00980	0.00702	0.00483	0.00413	0.00130	0.00642	0.00334	0.00260	0.07304
4	0.00812	0.00576	0.00655	0.00630	0.00805	0.00508	0.00474	0.01014	0.03473	0.07648	0.21548	0.10833	0.46628	0.01234	0.00619	0.00178	0.00285	0.01050	0.00526	0.00504
5	0.04812	0.00935	0.01520	0.54874	0.02931	0.01088	0.06367	0.03113	0.01129	0.07553	0.01214	0.07678	0.00995	0.00624	0.00534	0.00176	0.00638	0.00559	0.02648	0.00612
6	0.01842	0.02143	0.01474	0.01386	0.05410	0.57888	0.01007	0.12764	0.01589	0.01616	0.01057	0.07324	0.00942	0.00642	0.00502	0.00147	0.00832	0.00458	0.00326	0.00651
7	0.00644	0.00460	0.00613	0.00736	0.00767	0.00429	0.00491	0.00736	0.01012	0.01350	0.02914	0.81076	0.03497	0.01656	0.00675	0.00215	0.00307	0.01503	0.00491	0.00429
8	0.01096	0.00940	0.01096	0.00783	0.01253	0.00705	0.00626	0.01331	0.01096	0.01723	0.00940	0.01096	0.00783	0.00392	0.00392	0.00078	0.00392	0.00313	0.00313	0.84653
9	0.00625	0.00536	0.00536	0.00536	0.00714	0.00446	0.00402	0.00759	0.01205	0.01428	0.05355	0.05088	0.77909	0.01339	0.00625	0.00179	0.00268	0.01116	0.00491	0.00446
10	0.01413	0.81739	0.02770	0.00905	0.01357	0.02092	0.00905	0.01583	0.01074	0.01244	0.00735	0.00848	0.00678	0.00452	0.00339	0.00113	0.00565	0.00283	0.00226	0.00678
11	0.00625	0.00536	0.00536	0.00536	0.00714	0.00446	0.00402	0.00759	0.01205	0.01428	0.05355	0.05088	0.77909	0.01339	0.00625	0.00179	0.00268	0.01116	0.00491	0.00446
12	0.01840	0.01018	0.01211	0.01009	0.01362	0.01048	0.00807	0.02693	0.39568	0.40122	0.02119	0.01886	0.01462	0.00686	0.00535	0.00171	0.00434	0.00565	0.00596	0.00868
13	0.00805	0.00552	0.00656	0.00645	0.00675	0.00574	0.00402	0.03163	0.00837	0.01133	0.01609	0.03147	0.01784	0.65236	0.16138	0.00561	0.00674	0.00724	0.00320	0.00365
14	0.10869	0.01220	0.01365	0.01061	0.01466	0.01282	0.00875	0.40641	0.04235	0.29297	0.01523	0.01431	0.01028	0.00629	0.00509	0.00162	0.00513	0.00479	0.00551	0.00863
15	0.01047	0.00989	0.01674	0.68064	0.15346	0.01187	0.01492	0.01393	0.01080	0.01410	0.00948	0.01394	0.00726	0.00520	0.00528	0.00173	0.00693	0.00470	0.00239	0.00627
16	0.00644	0.00460	0.00613	0.00736	0.00767	0.00429	0.00491	0.00736	0.01012	0.01350	0.02914	0.81076	0.03497	0.01656	0.00675	0.00215	0.00307	0.01503	0.00491	0.00429
17	0.58398	0.01056	0.01185	0.00953	0.01324	0.01132	0.11138	0.01760	0.01060	0.16140	0.01028	0.01109	0.00739	0.00514	0.00406	0.00166	0.00484	0.00378	0.00378	0.00652
18	0.08150	0.15007	0.60236	0.01344	0.02036	0.01360	0.01673	0.01650	0.01091	0.01665	0.00897	0.01052	0.00663	0.00493	0.00462	0.00159	0.00716	0.00365	0.00232	0.00748
19	0.00951	0.00526	0.00811	0.00903	0.07166	0.00526	0.00556	0.00767	0.00732	0.00986	0.00925	0.01582	0.00912	0.01722	0.01937	0.77554	0.00473	0.00460	0.00232	0.00280

[dist]
# distance from previous block
# <min> <max>
0	2

[block]
# block no. 1 follows, 46 sequences, length 162
# corresponding to MSA columns:
# 132-189,193-201,203-297
name=unknown_B
#
# <colnr> <probs for GDERKNQSTAVLIFYWHMCP>
#	G	D	E	R	K	N	Q	S	T	A	V	L	I	F	Y	W	H	M	C	P
0	0.01617	0.74678	0.04318	0.01073	0.01529	0.02116	0.01009	0.01726	0.01242	0.01518	0.03412	0.01299	0.01049	0.00638	0.00462	0.00162	0.00639	0.00391	0.00323	0.00798
1	0.00998	0.00940	0.01586	0.80150	0.03641	0.01175	0.01468	0.01351	0.01057	0.01351	0.00940	0.01409	0.00705	0.00529	0.00529	0.00176	0.00705	0.00470	0.00235	0.00587
2	0.01263	0.01210	0.02064	0.14475	0.67247	0.01244	0.01600	0.01583	0.01182	0.01672	0.00986	0.01323	0.00818	0.00479	0.00524	0.00160	0.00639	0.00471	0.00258	0.00801
3	0.01063	0.01006	0.01703	0.64081	0.19204	0.01192	0.01500	0.01407	0.01088	0.01429	0.00951	0.01388	0.00732	0.00517	0.00527	0.00172	0.00689	0.00470	0.00241	0.00640
4	0.00659	0.00537	0.00583	0.00571	0.00735	0.00461	0.00429	0.00825	0.01286	0.01620	0.25450	0.04772	0.57695	0.01267	0.00624	0.00175	0.00263	0.01071	0.00516	0.00461
5	0.01152	0.00947	0.01109	0.00795	0.01262	0.00723	0.00638	0.02631	0.01133	0.04159	0.00981	0.01121	0.00801	0.00404	0.00398	0.00082	0.00397	0.00323	0.00328	0.80616
6	0.10199	0.01091	0.01547	0.01183	0.01576	0.01080	0.13680	0.16194	0.01552	0.35831	0.04817	0.01629	0.01216	0.00740	0.03335	0.00191	0.02307	0.00530	0.00506	0.00796
7	0.01390	0.77441	0.05663	0.00924	0.01384	0.02034	0.00939	0.01577	0.01082	0.01274	0.01935	0.00906	0.00745	0.00464	0.00350	0.00116	0.00569	0.00297	0.00232	0.00680
8	0.00915	0.00462	0.00692	0.00692	0.00695	0.00464	0.00464	0.00695	0.00692	0.00925	0.00930	0.01618	0.00927	0.01885	0.03831	0.82705	0.00481	0.00462	0.00231	0.00235
9	0.00998	0.00940	0.01586	0.80150	0.03641	0.01175	0.01468	0.01351	0.01057	0.01351	0.00940	0.01409	0.00705	0.00529	0.00529	0.00176	0.00705	0.00470	0.00235	0.00587
10	0.01308	0.01256	0.02146	0.03245	0.78123	0.01256	0.01622	0.01622	0.01204	0.01727	0.00994	0.01308	0.00837	0.00471	0.00523	0.00157	0.00628	0.00471	0.00262	0.00837
11	0.01071	0.01014	0.01717	0.62082	0.21140	0.01194	0.01504	0.01415	0.01092	0.01439	0.00952	0.01386	0.00736	0.00515	0.00527	0.00172	0.00687	0.00470	0.00241	0.00646
12	0.00687	0.00495	0.00654	0.00729	0.00797	0.00462	0.00518	0.00833	0.01160	0.01570	0.22364	0.52458	0.06543	0.01481	0.00664	0.00203	0.00305	0.07111	0.00514	0.00452
13	0.03630	0.01050	0.01271	0.00993	0.01391	0.04293	0.00813	0.10984	0.05537	0.61358	0.01919	0.01696	0.01238	0.00648	0.00526	0.00163	0.00484	0.00516	0.00612	0.00879
14	0.09934	0.01070	0.01259	0.00984	0.01368	0.01072	0.00809	0.26189	0.01768	0.40925	0.07751	0.01711	0.01401	0.00667	0.00519	0.00162	0.00473	0.00524	0.00577	0.00837
15	0.00742	0.00596	0.00639	0.00629	0.00784	0.02822	0.00467	0.00908	0.01289	0.03298	0.26823	0.12308	0.44288	0.01255	0.00623	0.00177	0.00291	0.01071	0.00515	0.00475
16	0.01057	0.01013	0.01735	0.63459	0.10872	0.01209	0.06378	0.01427	0.02590	0.01425	0.00970	0.01404	0.00742	0.00533	0.00571	0.00176	0.03085	0.00482	0.00246	0.00625
17	0.01936	0.00916	0.01187	0.00993	0.03567	0.00857	0.00775	0.09968	0.05813	0.49834	0.12596	0.03795	0.03825	0.00749	0.00550	0.00166	0.00432	0.00622	0.00605	0.00817
18	0.01172	0.01149	0.01877	0.39140	0.34845	0.04212	0.05303	0.01500	0.01145	0.01525	0.01004	0.02955	0.00821	0.00523	0.00532	0.00167	0.00683	0.00494	0.00254	0.00697
19	0.00645	0.00532	0.00566	0.00566	0.00729	0.00453	0.00421	0.00794	0.01240	0.01530	0.16379	0.08965	0.62721	0.01316	0.00627	0.00179	0.00267	0.01112	0.00505	0.00453
20	0.01809	0.01152	0.01345	0.06260	0.01573	0.01218	0.00898	0.36296	0.09404	0.21971	0.01801	0.06765	0.04193	0.00730	0.00541	0.00166	0.00507	0.00590	0.00535	0.02247
21	0.01707	0.01165	0.01598	0.01816	0.28150	0.01192	0.01122	0.18537	0.11461	0.21616	0.01569	0.04082	0.01187	0.00637	0.00536	0.00165	0.00533	0.01609	0.00467	0.00849
22	0.01877	0.04380	0.24080	0.01173	0.01697	0.01096	0.02680	0.13351	0.01522	0.40407	0.01562	0.01478	0.01027	0.00595	0.00518	0.00162	0.00580	0.00475	0.00486	0.00853
23	0.00760	0.00509	0.00579	0.00588	0.00590	0.00506	0.00333	0.00766	0.00787	0.01049	0.01757	0.09109	0.02037	0.75615	0.02544	0.00491	0.00498	0.00822	0.00333	0.00328
24	0.01933	0.01200	0.01413	0.01092	0.01499	0.01224	0.02497	0.39195	0.05079	0.25573	0.01579	0.03278	0.01136	0.00654	0.00526	0.00156	0.00516	0.01908	0.00539	0.09005
25	0.05252	0.01348	0.01450	0.01144	0.01537	0.01485	0.00935	0.55530	0.13225	0.08772	0.01471	0.02983	0.01073	0.00663	0.00525	0.00163	0.00535	0.00511	0.00531	0.00868
26	0.00646	0.00462	0.00615	0.00735	0.00767	0.00431	0.00491	0.00741	0.01022	0.01365	0.04423	0.79523	0.03527	0.01645	0.00674	0.00214	0.00306	0.01492	0.00493	0.00431
27	0.01096	0.00940	0.01096	0.00783	0.01253	0.00705	0.00626	0.01331	0.01096	0.01723	0.00940	0.01096	0.00783	0.00392	0.00392	0.00078	0.00392	0.00313	0.00313	0.84653
28	0.01172	0.01108	0.01873	0.23587	0.52019	0.01168	0.01490	0.01479	0.01149	0.01596	0.01134	0.07736	0.01015	0.00581	0.00537	0.00167	0.00623	0.00554	0.00273	0.00738
29	0.01461	0.54914	0.10265	0.01053	0.01502	0.03671	0.01046	0.12504	0.01277	0.01596	0.00834	0.00959	0.00711	0.00517	0.00477	0.00133	0.05761	0.00335	0.00271	0.00713
30	0.00786	0.00598	0.00676	0.00673	0.00828	0.00554	0.00496	0.05023	0.04192	0.03312	0.13299	0.25053	0.39940	0.01315	0.00628	0.00185	0.00303	0.01133	0.00510	0.00498
31	0.01401	0.68030	0.02569	0.00986	0.01372	0.04987	0.00942	0.01562	0.01055	0.01249	0.00733	0.00893	0.00681	0.00518	0.00529	0.00130	0.11163	0.00309	0.00229	0.00663
32	0.01107	0.00949	0.01101	0.00797	0.01259	0.00734	0.00637	0.01402	0.04743	0.01746	0.00998	0.01138	0.00823	0.00407	0.00399	0.00083	0.00393	0.00327	0.00324	0.80634
33	0.00892	0.00617	0.00818	0.00791	0.00877	0.00674	0.00575	0.07967	0.00974	0.01344	0.01493	0.07926	0.01514	0.20517	0.37791	0.12896	0.00915	0.00655	0.00322	0.00440
34	0.00728	0.00499	0.00585	0.00620	0.00636	0.00486	0.00372	0.00759	0.00854	0.01132	0.02159	0.25461	0.05271	0.55814	0.02042	0.00416	0.00445	0.00990	0.00375	0.00356
35	0.01059	0.01100	0.02132	0.04623	0.02026	0.01127	0.40472	0.01354	0.01115	0.01533	0.02974	0.21831	0.01553	0.00848	0.00812	0.00196	0.13488	0.00824	0.00324	0.00610
36	0.04386	0.01125	0.01191	0.01057	0.01366	0.01286	0.00827	0.04347	0.68389	0.06713	0.02078	0.01907	0.01543	0.00704	0.00530	0.00177	0.00423	0.00580	0.00537	0.00832
37	0.00644	0.00461	0.00612	0.00732	0.00766	0.00430	0.00489	0.00737	0.01016	0.01351	0.02958	0.79692	0.04851	0.01650	0.00674	0.00214	0.00306	0.01496	0.00491	0.00430
38	0.01320	0.55195	0.18907	0.01066	0.01560	0.01826	0.01134	0.01689	0.07179	0.01415	0.00893	0.01008	0.00752	0.00503	0.00444	0.00135	0.03677	0.00338	0.00251	0.00709
39	0.01182	0.00875	0.01089	0.02901	0.01262	0.00742	0.02378	0.06373	0.01297	0.09312	0.13945	0.06445	0.04434	0.00658	0.00486	0.00123	0.00397	0.00559	0.00418	0.45123
40	0.01148	0.20702	0.58459	0.01397	0.02094	0.01429	0.04574	0.01654	0.01112	0.01577	0.00905	0.01067	0.00677	0.00489	0.00470	0.00155	0.00736	0.00375	0.00226	0.00755
41	0.39196	0.06196	0.12496	0.00909	0.01281	0.07389	0.00847	0.03830	0.01164	0.07434	0.12034	0.01440	0.01307	0.00617	0.00456	0.01477	0.00503	0.00428	0.00366	0.00630
42	0.00691	0.00584	0.00603	0.00590	0.00773	0.00520	0.00445	0.00943	0.07325	0.01550	0.11237	0.04741	0.65612	0.01267	0.00618	0.00178	0.00278	0.01061	0.00502	0.00482
43	0.83103	0.03001	0.00826	0.00700	0.01031	0.01208	0.00581	0.01555	0.00904	0.02344	0.00736	0.00859	0.00575	0.00490	0.00327	0.00162	0.00413	0.00286	0.00325	0.00575
44	0.00756	0.00564	0.00836	0.00836	0.00925	0.00653	0.00644	0.00935	0.00846	0.01217	0.01429	0.02147	0.01352	0.07882	0.75450	0.00833	0.01370	0.00577	0.00285	0.00464
45	0.00822	0.00594	0.00743	0.00845	0.00902	0.00548	0.00571	0.00912	0.02865	0.01534	0.04988	0.73040	0.04696	0.01682	0.00729	0.00238	0.00364	0.02865	0.00539	0.00521
46	0.01068	0.04449	0.77034	0.01494	0.02268	0.01246	0.01930	0.01672	0.01115	0.01665	0.00944	0.01110	0.00670	0.00501	0.00499	0.00166	0.00777	0.00388	0.00223	0.00779
47	0.02260	0.00888	0.01201	0.00928	0.01319	0.00776	0.00764	0.03955	0.01532	0.72065	0.06946	0.01927	0.01537	0.00681	0.00537	0.00164	0.00440	0.00558	0.00647	0.00874
48	0.01277	0.01224	0.02089	0.11085	0.70531	0.01248	0.01607	0.01595	0.01189	0.01689	0.00989	0.01319	0.00824	0.00477	0.00524	0.00159	0.00636	0.00471	0.00259	0.00812
49	0.01254	0.01251	0.02189	0.15616	0.49596	0.02571	0.14050	0.01587	0.01180	0.01638	0.00986	0.01334	0.00803	0.00492	0.00578	0.00166	0.03195	0.00494	0.00257	0.00764
50	0.00627	0.00534	0.00540	0.00542	0.00716	0.00447	0.00405	0.00762	0.01206	0.01439	0.06564	0.06592	0.75151	0.01341	0.00626	0.00179	0.00268	0.01121	0.00492	0.00447
51	0.00796	0.00619	0.00948	0.12421	0.01330	0.00732	0.00772	0.01010	0.00886	0.01263	0.01354	0.01977	0.01232	0.03381	0.65884	0.00733	0.01283	0.00550	0.02337	0.00489
52	0.06366	0.34036	0.21882	0.01177	0.01682	0.11072	0.03145	0.10690	0.02523	0.01705	0.00896	0.01014	0.00715	0.00505	0.00431	0.00141	0.00667	0.00355	0.00279	0.00721
53	0.00684	0.00583	0.00619	0.00637	0.02649	0.00513	0.00460	0.00897	0.04987	0.01520	0.09859	0.04766	0.67443	0.01270	0.00618	0.00177	0.00283	0.01064	0.00494	0.00479
54	0.00644	0.00460	0.00613	0.00736	0.00767	0.00429	0.00491	0.00736	0.01012	0.01350	0.02914	0.81076	0.03497	0.01656	0.00675	0.00215	0.00307	0.01503	0.00491	0.00429
55	0.00837	0.00517	0.00693	0.00762	0.00842	0.00478	0.00536	0.00959	0.01109	0.09282	0.08507	0.63909	0.03367	0.01502	0.00659	0.00207	0.00325	0.04510	0.00514	0.00485
56	0.01419	0.06245	0.15428	0.07599	0.38994	0.10349	0.01484	0.04076	0.01266	0.06714	0.01028	0.01245	0.00805	0.00505	0.00505	0.00156	0.00681	0.00435	0.00287	0.00781
57	0.01873	0.01392	0.01495	0.01179	0.01573	0.01546	0.00963	0.60746	0.15610	0.04598	0.01467	0.02649	0.01074	0.00666	0.00533	0.00163	0.00546	0.00515	0.00532	0.00881
58	0.01565	0.01436	0.01287	0.01137	0.01445	0.17767	0.00883	0.07486	0.51653	0.06756	0.01808	0.01700	0.01351	0.00672	0.00524	0.00168	0.00544	0.00531	0.00488	0.00797
59	0.01244	0.01055	0.01241	0.00941	0.01373	0.00953	0.03403	0.09661	0.17009	0.01995	0.01231	0.01308	0.00968	0.00487	0.00445	0.00111	0.00435	0.00401	0.00381	0.55357
60	0.01130	0.17095	0.62590	0.01419	0.02133	0.01388	0.03979	0.01658	0.01112	0.01596	0.00913	0.01077	0.00675	0.00491	0.00476	0.00158	0.00745	0.00378	0.00225	0.00761
61	0.01947	0.01450	0.01551	0.01204	0.01616	0.01610	0.00990	0.69735	0.09213	0.03231	0.01349	0.01333	0.00963	0.00642	0.00530	0.00161	0.00567	0.00487	0.00530	0.00893
62	0.00998	0.00940	0.01586	0.80150	0.03641	0.01175	0.01468	0.01351	0.01057	0.01351	0.00940	0.01409	0.00705	0.00529	0.00529	0.00176	0.00705	0.00470	0.00235	0.00587
63	0.01975	0.02520	0.01498	0.01362	0.01634	0.79299	0.01021	0.02111	0.01498	0.01294	0.00817	0.00953	0.00681	0.00545	0.00477	0.00136	0.00953	0.00340	0.00272	0.00613
64	0.00656	0.00529	0.00546	0.00549	0.00686	0.00460	0.00386	0.00760	0.01106	0.01339	0.04503	0.06483	0.59790	0.18638	0.01072	0.00251	0.00322	0.01050	0.00454	0.00419
65	0.00761	0.00509	0.00579	0.00587	0.00589	0.00507	0.00332	0.00767	0.00785	0.01046	0.01748	0.08566	0.02026	0.76174	0.02558	0.00493	0.00499	0.00817	0.00332	0.00328
66	0.85155	0.01022	0.00777	0.00695	0.01022	0.01186	0.00573	0.01554	0.00900	0.02372	0.00736	0.00859	0.00573	0.00491	0.00327	0.00164	0.00409	0.00286	0.00327	0.00573
67	0.00998	0.00940	0.01586	0.80150	0.03641	0.01175	0.01468	0.01351	0.01057	0.01351	0.00940	0.01409	0.00705	0.00529	0.00529	0.00176	0.00705	0.00470	0.00235	0.00587
68	0.00758	0.00489	0.00654	0.00750	0.00805	0.00452	0.00510	0.00857	0.01045	0.06424	0.02859	0.75861	0.03353	0.01590	0.00665	0.00211	0.00316	0.01439	0.00501	0.00460
69	0.01873	0.01413	0.01510	0.01189	0.01587	0.01576	0.00972	0.61896	0.17172	0.03111	0.01443	0.01408	0.01040	0.00651	0.00531	0.00163	0.00550	0.00500	0.00531	0.00887
70	0.85155	0.01022	0.00777	0.00695	0.01022	0.01186	0.00573	0.01554	0.00900	0.02372	0.00736	0.00859	0.00573	0.00491	0.00327	0.00164	0.00409	0.00286	0.00327	0.00573
71	0.01959	0.10680	0.01482	0.01006	0.01391	0.01206	0.00847	0.25113	0.01710	0.36863	0.01881	0.01761	0.07230	0.00690	0.00562	0.00160	0.03572	0.00529	0.00535	0.00824
72	0.02267	0.00969	0.01260	0.00971	0.01378	0.00885	0.00799	0.10120	0.04518	0.66231	0.01980	0.01737	0.01267	0.00649	0.00529	0.00162	0.00461	0.00524	0.00630	0.02663
73	0.85155	0.01022	0.00777	0.00695	0.01022	0.01186	0.00573	0.01554	0.00900	0.02372	0.00736	0.00859	0.00573	0.00491	0.00327	0.00164	0.00409	0.00286	0.00327	0.00573
74	0.01367	0.03577	0.36485	0.01170	0.01691	0.01044	0.01281	0.07423	0.04307	0.18167	0.16275	0.01853	0.01702	0.00665	0.00532	0.00165	0.00573	0.00543	0.00420	0.00760
75	0.00918	0.00459	0.00689	0.00689	0.00689	0.00459	0.00459	0.00689	0.00689	0.00918	0.00918	0.01607	0.00918	0.01837	0.02066	0.84619	0.00459	0.00459	0.00230	0.00230
76	0.01112	0.14271	0.67597	0.01419	0.02152	0.01354	0.01800	0.01661	0.01110	0.01611	0.00917	0.01077	0.00671	0.00495	0.00478	0.00159	0.00750	0.00375	0.00224	0.00766
77	0.08814	0.01107	0.01273	0.01003	0.01391	0.03509	0.00821	0.20226	0.06413	0.45437	0.03402	0.01627	0.01231	0.00646	0.00515	0.00163	0.00488	0.00506	0.00577	0.00852
78	0.00632	0.00536	0.00545	0.00543	0.00718	0.00449	0.00407	0.00772	0.01221	0.01466	0.09372	0.05025	0.73868	0.01325	0.00625	0.00178	0.00267	0.01107	0.00496	0.00449
79	0.00748	0.00540	0.00707	0.00665	0.00790	0.00499	0.00499	0.00998	0.01496	0.02120	0.77844	0.03949	0.04988	0.01081	0.00624	0.00166	0.00249	0.00956	0.00582	0.00499
80	0.01122	0.01036	0.01675	0.58745	0.15082	0.01241	0.01446	0.06324	0.01161	0.01536	0.00957	0.01371	0.00738	0.00547	0.00591	0.00175	0.04878	0.00470	0.00258	0.00647
81	0.02228	0.03175	0.01367	0.01019	0.01431	0.01061	0.00845	0.23147	0.03058	0.54202	0.01824	0.01630	0.01183	0.00645	0.00526	0.00161	0.00489	0.00511	0.00606	0.00893
82	0.00762	0.00541	0.00722	0.00722	0.00772	0.00592	0.00502	0.00862	0.00812	0.01133	0.01533	0.02723	0.01602	0.40149	0.43525	0.00692	0.00994	0.00661	0.00301	0.00401
83	0.01076	0.06265	0.75289	0.01480	0.02246	0.01266	0.01906	0.01670	0.01114	0.01655	0.00939	0.01104	0.00670	0.00500	0.00495	0.00165	0.00772	0.00386	0.00223	0.00777
84	0.01308	0.01256	0.02146	0.03245	0.78123	0.01256	0.01622	0.01622	0.01204	0.01727	0.00994	0.01308	0.00837	0.00471	0.00523	0.00157	0.00628	0.00471	0.00262	0.00837
85	0.01341	0.65637	0.18242	0.01027	0.01547	0.01916	0.01118	0.01602	0.01083	0.01332	0.00779	0.00903	0.00677	0.00462	0.00372	0.00124	0.00609	0.00305	0.00226	0.00699
86	0.00972	0.00891	0.01256	0.02939	0.01217	0.01175	0.00922	0.01102	0.00852	0.01266	0.01225	0.13131	0.01293	0.04815	0.19232	0.00379	0.45877	0.00650	0.00285	0.00523
87	0.00665	0.00522	0.00601	0.00613	0.00747	0.00458	0.00448	0.00824	0.01252	0.01614	0.25978	0.19743	0.42004	0.01326	0.00634	0.00182	0.00270	0.01146	0.00517	0.00458
88	0.00803	0.00603	0.00868	0.00797	0.00870	0.00626	0.06519	0.00899	0.00833	0.01144	0.01538	0.02852	0.01639	0.50040	0.27144	0.00594	0.00833	0.00692	0.00304	0.00401
89	0.00643	0.00466	0.00607	0.00720	0.00763	0.00431	0.00484	0.00738	0.01028	0.01356	0.03110	0.74978	0.09468	0.01631	0.00671	0.00212	0.00304	0.01472	0.00491	0.00431
90	0.81966	0.01018	0.00794	0.00705	0.01035	0.01170	0.00580	0.01593	0.00923	0.05304	0.00788	0.00895	0.00601	0.00497	0.00335	0.00164	0.00411	0.00296	0.00340	0.00585
91	0.01067	0.04326	0.77152	0.01495	0.02269	0.01245	0.01932	0.01672	0.01115	0.01666	0.00944	0.01111	0.00670	0.00501	0.00499	0.00166	0.00777	0.00388	0.00223	0.00779
92	0.02365	0.00911	0.01234	0.00946	0.01355	0.00793	0.00781	0.03964	0.01531	0.77076	0.02070	0.01789	0.01301	0.00654	0.00532	0.00163	0.00452	0.00531	0.00652	0.00900
93	0.02372	0.00900	0.01227	0.00941	0.01350	0.00777	0.00777	0.02576	0.01513	0.78489	0.02086	0.01799	0.01309	0.00654	0.00532	0.00164	0.00450	0.00532	0.00654	0.00900
94	0.01235	0.01403	0.03041	0.02183	0.02697	0.01328	0.73168	0.01667	0.01234	0.01678	0.01093	0.02810	0.00847	0.00478	0.00650	0.00180	0.02699	0.00636	0.00270	0.00705
95	0.00661	0.00557	0.00571	0.00570	0.00741	0.00485	0.00423	0.00849	0.04377	0.01458	0.06322	0.07812	0.68137	0.03834	0.00688	0.00190	0.00283	0.01095	0.00489	0.00459
96	0.00776	0.00576	0.00752	0.00844	0.00970	0.00551	0.00707	0.00978	0.01193	0.01521	0.03424	0.13479	0.21040	0.01451	0.00699	0.00225	0.00416	0.49439	0.00488	0.00471
97	0.00727	0.00550	0.00672	0.00640	0.00781	0.00500	0.00480	0.00969	0.02743	0.01947	0.58228	0.04202	0.23334	0.01140	0.00622	0.00170	0.00257	0.00990	0.00558	0.00491
98	0.01240	0.01404	0.02999	0.02161	0.02653	0.01360	0.70181	0.01660	0.01213	0.01660	0.01039	0.01404	0.00793	0.00484	0.00713	0.00183	0.07276	0.00611	0.00264	0.00702
99	0.01877	0.02363	0.01446	0.01321	0.01579	0.72988	0.00993	0.02017	0.01446	0.01288	0.00865	0.01044	0.00732	0.00819	0.06804	0.00193	0.00990	0.00359	0.00273	0.00602
100	0.00838	0.00626	0.00771	0.00720	0.00870	0.00618	0.00544	0.01270	0.12534	0.02129	0.64402	0.03598	0.04381	0.01013	0.00603	0.00167	0.00274	0.00889	0.03205	0.00548
101	0.01919	0.08813	0.01598	0.01315	0.01608	0.68808	0.01008	0.04834	0.02875	0.01382	0.00852	0.00975	0.00706	0.00544	0.00469	0.00136	0.00899	0.00346	0.00283	0.00633
102	0.00755	0.00566	0.00850	0.00850	0.00944	0.00661	0.00661	0.00944	0.00850	0.01227	0.01416	0.02077	0.01322	0.03965	0.79326	0.00850	0.01416	0.00566	0.00283	0.00472
103	0.01130	0.18271	0.63753	0.01388	0.02105	0.01398	0.01747	0.01656	0.01108	0.01590	0.00907	0.01063	0.00671	0.00492	0.00470	0.00157	0.00739	0.00369	0.00224	0.00761
104	0.00625	0.00536	0.00536	0.00536	0.00714	0.00446	0.00402	0.00759	0.01205	0.01428	0.05355	0.05088	0.77909	0.01339	0.00625	0.00179	0.00268	0.01116	0.00491	0.00446
105	0.01096	0.00940	0.01096	0.00783	0.01253	0.00705	0.00626	0.01331	0.01096	0.01723	0.00940	0.01096	0.00783	0.00392	0.00392	0.00078	0.00392	0.00313	0.00313	0.84653
106	0.00900	0.05974	0.01008	0.00856	0.00991	0.00819	0.00671	0.07021	0.00988	0.01377	0.01384	0.02066	0.01304	0.11025	0.60328	0.00713	0.01205	0.00560	0.00303	0.00505
107	0.01129	0.01281	0.05420	0.01844	0.02235	0.01220	0.51011	0.01479	0.01146	0.01581	0.01321	0.14549	0.01228	0.00711	0.00773	0.00191	0.11194	0.00739	0.00298	0.00651
108	0.01245	0.01191	0.02031	0.19052	0.62814	0.01239	0.01591	0.01567	0.01174	0.01650	0.00983	0.01329	0.00810	0.00483	0.00524	0.00161	0.00644	0.00471	0.00256	0.00786
109	0.01263	0.01210	0.02064	0.14475	0.67247	0.01244	0.01600	0.01583	0.01182	0.01672	0.00986	0.01323	0.00818	0.00479	0.00524	0.00160	0.00639	0.00471	0.00258	0.00801
110	0.01217	0.01503	0.09090	0.02116	0.02646	0.01316	0.66657	0.01660	0.01221	0.01673	0.01090	0.03108	0.00847	0.00489	0.00644	0.00180	0.02946	0.00620	0.00268	0.00709
111	0.00742	0.00550	0.00698	0.00688	0.00821	0.00506	0.00534	0.00970	0.01403	0.01918	0.53887	0.04449	0.17660	0.01183	0.00639	0.00180	0.00288	0.11847	0.00552	0.00488
112	0.01308	0.01319	0.02669	0.02002	0.05345	0.03003	0.58593	0.01700	0.01283	0.07867	0.06241	0.03685	0.01187	0.00539	0.00611	0.00175	0.00790	0.00649	0.00325	0.00709
113	0.01302	0.01249	0.02134	0.04900	0.76520	0.01254	0.01619	0.01617	0.01201	0.01719	0.00993	0.01311	0.00835	0.00472	0.00523	0.00157	0.00630	0.00471	0.00261	0.00832
114	0.00852	0.00705	0.00760	0.00727	0.00923	0.00700	0.00554	0.03047	0.20240	0.01756	0.13599	0.09095	0.40927	0.01158	0.00607	0.00181	0.00318	0.02777	0.00515	0.00561
115	0.01238	0.01406	0.03041	0.04536	0.02759	0.01338	0.72331	0.01674	0.01232	0.01674	0.01057	0.01420	0.00797	0.00459	0.00645	0.00179	0.02625	0.00616	0.00266	0.00706
116	0.01248	0.01426	0.03119	0.02228	0.02763	0.01337	0.76203	0.01693	0.01248	0.01693	0.01070	0.01426	0.00802	0.00446	0.00624	0.00178	0.00891	0.00624	0.00267	0.00713
117	0.01208	0.01362	0.02955	0.02130	0.02632	0.01277	0.71222	0.01630	0.01232	0.01671	0.01191	0.06666	0.00979	0.00525	0.00627	0.00181	0.00853	0.00682	0.00282	0.00694
118	0.00672	0.00480	0.00643	0.00755	0.00801	0.00452	0.00527	0.00789	0.01064	0.01423	0.07832	0.68524	0.03549	0.01599	0.00677	0.00214	0.00321	0.08741	0.00496	0.00440
119	0.02073	0.00965	0.01218	0.00976	0.01350	0.00923	0.00792	0.06795	0.16895	0.55839	0.02083	0.04743	0.01428	0.00703	0.00538	0.00168	0.00446	0.00578	0.00617	0.00869
120	0.01122	0.16630	0.65330	0.01401	0.02124	0.01380	0.01769	0.01658	0.01109	0.01598	0.00911	0.01069	0.00671	0.00493	0.00474	0.00158	0.00743	0.00372	0.00224	0.00763
121	0.00753	0.00540	0.00696	0.00784	0.00847	0.00525	0.00550	0.05740	0.01121	0.01492	0.02772	0.68309	0.03259	0.03104	0.00708	0.00219	0.00343	0.07284	0.00490	0.00463
122	0.01187	0.31156	0.51373	0.01290	0.01953	0.01539	0.01576	0.01641	0.01101	0.01519	0.00872	0.01020	0.00673	0.00484	0.00444	0.00148	0.00704	0.00352	0.00224	0.00744
123	0.01029	0.00973	0.01632	0.70962	0.09531	0.01198	0.01469	0.01370	0.01059	0.01378	0.00935	0.01392	0.00715	0.00539	0.00574	0.00177	0.03754	0.00470	0.00237	0.00607
124	0.01248	0.01194	0.02037	0.18229	0.63612	0.01240	0.01592	0.01570	0.01175	0.01654	0.00984	0.01328	0.00812	0.00482	0.00524	0.00161	0.00643	0.00471	0.00256	0.00789
125	0.01060	0.02735	0.78682	0.01507	0.02288	0.01228	0.01953	0.01674	0.01116	0.01674	0.00949	0.01116	0.00670	0.00502	0.00502	0.00167	0.00781	0.00391	0.00223	0.00781
126	0.02060	0.00935	0.01196	0.00943	0.01313	0.00872	0.00770	0.09937	0.07415	0.55967	0.09014	0.02041	0.03625	0.00714	0.00543	0.00165	0.00438	0.00585	0.00622	0.00846
127	0.01351	0.67723	0.16238	0.01011	0.01522	0.01939	0.01091	0.01599	0.01082	0.01320	0.00773	0.00896	0.00677	0.00461	0.00368	0.00123	0.00604	0.00302	0.00226	0.00697
128	0.00675	0.00566	0.00603	0.00594	0.00768	0.00507	0.00449	0.00884	0.04719	0.01494	0.09659	0.04627	0.63428	0.01504	0.06936	0.00232	0.00366	0.01037	0.00482	0.00470
129	0.01362	0.01357	0.02094	0.03094	0.71985	0.07519	0.01574	0.01662	0.01227	0.01692	0.00980	0.01280	0.00825	0.00477	0.00520	0.00155	0.00654	0.00461	0.00263	0.00819
130	0.00998	0.00940	0.01586	0.80150	0.03641	0.01175	0.01468	0.01351	0.01057	0.01351	0.00940	0.01409	0.00705	0.00529	0.00529	0.00176	0.00705	0.00470	0.00235	0.00587
131	0.01770	0.01712	0.01409	0.01204	0.01506	0.30391	0.00939	0.33972	0.05363	0.02222	0.01346	0.11627	0.01187	0.00744	0.00552	0.00160	0.02186	0.00565	0.00423	0.00722
132	0.02191	0.00873	0.01178	0.00917	0.01295	0.00765	0.00752	0.03887	0.01531	0.68803	0.10182	0.02019	0.01694	0.00700	0.00541	0.00164	0.00431	0.00576	0.00644	0.00857
133	0.02158	0.00988	0.01231	0.00962	0.01341	0.03205	0.00787	0.11856	0.01636	0.59242	0.09206	0.01912	0.01590	0.00689	0.00538	0.00162	0.00463	0.00559	0.00620	0.00853
134	0.00830	0.00567	0.00833	0.00846	0.00950	0.00524	0.05499	0.00965	0.01098	0.07601	0.05941	0.62617	0.05420	0.01459	0.00657	0.00206	0.00356	0.02648	0.00493	0.00490
135	0.02039	0.01434	0.01558	0.01194	0.01616	0.01570	0.00987	0.70440	0.02408	0.09363	0.01335	0.01312	0.00932	0.00636	0.00529	0.00159	0.00571	0.00480	0.00539	0.00899
136	0.02338	0.00892	0.01216	0.00935	0.01338	0.00771	0.00771	0.02543	0.01513	0.76879	0.03683	0.01845	0.01386	0.00663	0.00534	0.00164	0.00446	0.00541	0.00653	0.00891
137	0.01997	0.01010	0.01230	0.00982	0.01357	0.00991	0.00799	0.13748	0.16300	0.47185	0.02189	0.01968	0.06344	0.00709	0.00539	0.00167	0.00452	0.00574	0.00602	0.00858
138	0.01237	0.01183	0.02017	0.20957	0.60969	0.01237	0.01587	0.01560	0.01170	0.01640	0.00982	0.01332	0.00807	0.00484	0.00525	0.00161	0.00646	0.00471	0.00256	0.00780
139	0.00756	0.00565	0.00843	0.00843	0.00936	0.00657	0.00653	0.00940	0.00848	0.01223	0.01422	0.02109	0.01335	0.05746	0.77564	0.00842	0.01395	0.00571	0.00284	0.00469
140	0.01451	0.01056	0.07742	0.01104	0.01458	0.00884	0.11813	0.09601	0.01528	0.24263	0.27531	0.02497	0.03804	0.00781	0.00579	0.00168	0.00485	0.02026	0.00518	0.00711
141	0.01121	0.09988	0.60494	0.01555	0.02270	0.01325	0.12697	0.01668	0.01131	0.01636	0.00946	0.01136	0.00690	0.00489	0.00505	0.00164	0.00777	0.00415	0.00230	0.00762
142	0.02331	0.00965	0.01267	0.00971	0.01382	0.00873	0.00802	0.10813	0.01622	0.70100	0.01995	0.01740	0.01263	0.00652	0.00531	0.00163	0.00465	0.00525	0.00640	0.00900
143	0.00985	0.00493	0.00493	0.00493	0.00616	0.00493	0.00370	0.01232	0.01109	0.01971	0.01725	0.01971	0.01355	0.00616	0.00370	0.00123	0.00246	0.00493	0.84356	0.00493
144	0.01211	0.01482	0.09005	0.08607	0.04214	0.01319	0.61027	0.01653	0.01211	0.01655	0.01040	0.01392	0.00782	0.00468	0.00628	0.00178	0.02574	0.00586	0.00260	0.00708
145	0.01082	0.07505	0.74098	0.01470	0.02232	0.01280	0.01890	0.01669	0.01114	0.01648	0.00936	0.01100	0.00670	0.00499	0.00492	0.00164	0.00768	0.00384	0.00223	0.00775
146	0.00644	0.00460	0.00613	0.00736	0.00767	0.00429	0.00491	0.00736	0.01012	0.01350	0.02914	0.81076	0.03497	0.01656	0.00675	0.00215	0.00307	0.01503	0.00491	0.00429
147	0.85155	0.01022	0.00777	0.00695	0.01022	0.01186	0.00573	0.01554	0.00900	0.02372	0.00736	0.00859	0.00573	0.00491	0.00327	0.00164	0.00409	0.00286	0.00327	0.00573
148	0.00649	0.00471	0.00613	0.00715	0.00764	0.00435	0.00484	0.00755	0.01059	0.01407	0.08039	0.69905	0.09566	0.01593	0.00667	0.00209	0.00300	0.01436	0.00497	0.00435
149	0.01255	0.01405	0.03000	0.02353	0.12028	0.01327	0.67034	0.01685	0.01242	0.01698	0.01060	0.01412	0.00806	0.00449	0.00612	0.00176	0.00859	0.00605	0.00267	0.00728
150	0.85155	0.01022	0.00777	0.00695	0.01022	0.01186	0.00573	0.01554	0.00900	0.02372	0.00736	0.00859	0.00573	0.00491	0.00327	0.00164	0.00409	0.00286	0.00327	0.00573
151	0.01252	0.01400	0.04771	0.01502	0.19130	0.21575	0.00978	0.01626	0.10748	0.01609	0.06499	0.02489	0.22659	0.00798	0.00546	0.00161	0.00573	0.00655	0.00379	0.00648
152	0.01899	0.13335	0.01674	0.01296	0.01596	0.66830	0.01005	0.03859	0.01464	0.01337	0.00817	0.00947	0.00686	0.00534	0.00459	0.00134	0.00891	0.00336	0.00272	0.00629
153	0.00740	0.00540	0.00695	0.00657	0.00785	0.00495	0.00492	0.00982	0.01477	0.02074	0.73076	0.04024	0.09785	0.01098	0.00624	0.00167	0.00251	0.00967	0.00576	0.00495
154	0.01030	0.00972	0.01643	0.72324	0.11221	0.01183	0.01484	0.01378	0.01072	0.01389	0.00945	0.01399	0.00718	0.00523	0.00528	0.00174	0.00697	0.00470	0.00238	0.00613
155	0.01318	0.01042	0.07172	0.07587	0.01529	0.00959	0.04949	0.17947	0.01450	0.13123	0.04710	0.26188	0.01950	0.02599	0.00660	0.00192	0.02461	0.03037	0.00463	0.00663
156	0.01060	0.02735	0.78682	0.01507	0.02288	0.01228	0.01953	0.01674	0.01116	0.01674	0.00949	0.01116	0.00670	0.00502	0.00502	0.00167	0.00781	0.00391	0.00223	0.00781
157	0.00644	0.00460	0.00613	0.00736	0.00767	0.00429	0.00491	0.00736	0.01012	0.01350	0.02914	0.81076	0.03497	0.01656	0.00675	0.00215	0.00307	0.01503	0.00491	0.00429
158	0.00699	0.00540	0.00728	0.00901	0.06967	0.00502	0.00567	0.00824	0.01083	0.01431	0.06864	0.58258	0.15706	0.01480	0.00652	0.00202	0.00323	0.01329	0.00477	0.00468
159	0.01136	0.03806	0.63001	0.01420	0.02100	0.01154	0.03195	0.01675	0.01154	0.06711	0.01206	0.01644	0.00950	0.00606	0.00526	0.00174	0.00728	0.07778	0.00279	0.00757
160	0.01326	0.01078	0.01162	0.01042	0.01320	0.01219	0.00807	0.12128	0.55010	0.03506	0.02146	0.13429	0.01790	0.00842	0.00557	0.00182	0.00424	0.00713	0.00532	0.00786
161	0.14432	0.00942	0.01173	0.00917	0.01312	0.00876	0.00756	0.05059	0.02613	0.63532	0.01860	0.01646	0.01191	0.00631	0.00502	0.00164	0.00448	0.00495	0.00600	0.00851

[dist]
# distance from previous block
# <min> <max>
0	1

[block]
# block no. 2 follows, 46 sequences, length 39
# corresponding to MSA columns:
# 299-337
name=unknown_C
#
# <colnr> <probs for GDERKNQSTAVLIFYWHMCP>
#	G	D	E	R	K	N	Q	S	T	A	V	L	I	F	Y	W	H	M	C	P
0	0.02944	0.01366	0.01925	0.03736	0.51621	0.10070	0.04679	0.05653	0.04974	0.01779	0.01223	0.01523	0.03358	0.00550	0.00528	0.00160	0.00646	0.02180	0.00304	0.00781
1	0.01715	0.01303	0.01402	0.01138	0.01495	0.01450	0.00917	0.51423	0.20716	0.02877	0.01635	0.08672	0.01310	0.00747	0.00544	0.00169	0.00517	0.00599	0.00528	0.00841
2	0.00644	0.00460	0.00613	0.00736	0.00767	0.00429	0.00491	0.00736	0.01012	0.01350	0.02914	0.81076	0.03497	0.01656	0.00675	0.00215	0.00307	0.01503	0.00491	0.00429
3	0.01096	0.00940	0.01096	0.00783	0.01253	0.00705	0.00626	0.01331	0.01096	0.01723	0.00940	0.01096	0.00783	0.00392	0.00392	0.00078	0.00392	0.00313	0.00313	0.84653
4	0.03815	0.03162	0.01444	0.01130	0.01503	0.10285	0.00916	0.45092	0.05996	0.13466	0.01529	0.04875	0.02994	0.00686	0.00524	0.00160	0.00573	0.00527	0.00504	0.00819
5	0.01158	0.00991	0.01050	0.00956	0.01221	0.01109	0.00740	0.02333	0.58801	0.02080	0.09008	0.02631	0.13969	0.00846	0.00559	0.00178	0.00380	0.00710	0.00534	0.00747
6	0.00764	0.00513	0.00575	0.00575	0.00581	0.00510	0.00323	0.00768	0.00782	0.01038	0.01781	0.03510	0.04294	0.78921	0.02626	0.00502	0.00505	0.00780	0.00326	0.00324
7	0.03212	0.01282	0.01442	0.07870	0.03605	0.03804	0.00997	0.42567	0.09826	0.10935	0.01520	0.01789	0.01167	0.00696	0.00542	0.00169	0.00563	0.06701	0.00497	0.00816
8	0.04876	0.01439	0.10063	0.26368	0.30219	0.08912	0.06075	0.01615	0.02510	0.01597	0.00969	0.01284	0.00763	0.00503	0.00516	0.00164	0.00703	0.00453	0.00258	0.00713
9	0.00659	0.00535	0.00574	0.00572	0.00727	0.00462	0.00424	0.00804	0.01220	0.01514	0.16463	0.06431	0.58435	0.06327	0.00757	0.00200	0.00286	0.02670	0.00495	0.00447
10	0.00654	0.00474	0.00617	0.00714	0.00765	0.00438	0.00485	0.00765	0.01077	0.01436	0.10960	0.67356	0.09160	0.01572	0.00666	0.00207	0.00298	0.01417	0.00500	0.00438
11	0.03068	0.10941	0.59221	0.01515	0.02220	0.01333	0.11218	0.01664	0.01123	0.01647	0.00936	0.01121	0.00685	0.00489	0.00496	0.00163	0.00764	0.00406	0.00232	0.00757
12	0.01065	0.00609	0.00807	0.00721	0.00899	0.00552	0.00553	0.01302	0.01487	0.17150	0.60914	0.05583	0.04223	0.01012	0.00607	0.00167	0.00290	0.00887	0.00594	0.00576
13	0.00654	0.00501	0.00600	0.00651	0.00751	0.00447	0.00459	0.00786	0.01160	0.01502	0.15791	0.40840	0.31060	0.01448	0.00648	0.00194	0.00283	0.01273	0.00505	0.00447
14	0.01875	0.03563	0.01447	0.01262	0.01547	0.59851	0.00963	0.11426	0.03997	0.01629	0.00982	0.01099	0.00788	0.00565	0.00475	0.00139	0.00830	0.00376	0.06535	0.00648
15	0.24515	0.11535	0.01493	0.01050	0.01429	0.11487	0.00872	0.35206	0.03744	0.02519	0.01023	0.01083	0.00774	0.00563	0.00444	0.00152	0.00576	0.00386	0.00404	0.00744
16	0.09655	0.69383	0.05182	0.00915	0.01362	0.03601	0.00911	0.01594	0.01067	0.01371	0.00744	0.00861	0.00668	0.00460	0.00347	0.00120	0.00566	0.00288	0.00237	0.00670
17	0.01666	0.01313	0.01353	0.01083	0.01451	0.06233	0.00884	0.48184	0.03212	0.02678	0.01680	0.01921	0.07510	0.00721	0.00529	0.00155	0.00540	0.05987	0.02108	0.10792
18	0.00762	0.00561	0.00720	0.00709	0.00842	0.00525	0.00553	0.01019	0.02705	0.01957	0.56165	0.04374	0.12586	0.01166	0.00640	0.00181	0.00294	0.13190	0.00555	0.00497
19	0.14863	0.01212	0.01266	0.01039	0.01371	0.01339	0.00834	0.47357	0.05929	0.02767	0.01499	0.13924	0.01315	0.02182	0.00558	0.00176	0.00501	0.00620	0.00488	0.00760
20	0.07039	0.01336	0.08444	0.25468	0.14926	0.02980	0.20133	0.07101	0.01250	0.03167	0.01095	0.01392	0.02246	0.00520	0.00536	0.00170	0.00708	0.00500	0.00288	0.00701
21	0.03756	0.00967	0.01255	0.00968	0.01374	0.00884	0.00798	0.10128	0.03244	0.67801	0.01980	0.01732	0.01260	0.00651	0.00528	0.00163	0.00462	0.00523	0.00633	0.00893
22	0.00753	0.00600	0.00694	0.00728	0.00890	0.00563	0.00586	0.01021	0.06650	0.01549	0.06014	0.07700	0.43488	0.01339	0.00655	0.00201	0.00351	0.25234	0.00495	0.00488
23	0.04733	0.10314	0.67957	0.01413	0.02143	0.01310	0.01792	0.01660	0.01103	0.01663	0.00919	0.01079	0.00666	0.00497	0.00479	0.00162	0.00744	0.00376	0.00228	0.00762
24	0.00780	0.00583	0.00833	0.00834	0.00912	0.00667	0.00639	0.00940	0.00866	0.01225	0.01547	0.02598	0.01542	0.16441	0.57248	0.00721	0.04065	0.06803	0.00305	0.00452
25	0.00755	0.00566	0.00850	0.00850	0.00944	0.00661	0.00661	0.00944	0.00850	0.01227	0.01416	0.02077	0.01322	0.03965	0.79326	0.00850	0.01416	0.00566	0.00283	0.00472
26	0.01707	0.01381	0.01775	0.01407	0.03777	0.01493	0.14158	0.45992	0.16287	0.02765	0.01402	0.01444	0.01024	0.00612	0.00544	0.00165	0.00600	0.00525	0.02097	0.00845
27	0.01891	0.09988	0.02905	0.01146	0.01490	0.33463	0.00924	0.02308	0.15347	0.23215	0.01414	0.01371	0.01029	0.00597	0.00490	0.00150	0.00670	0.00437	0.00423	0.00745
28	0.00765	0.00522	0.00623	0.00620	0.00643	0.00531	0.00380	0.00811	0.00840	0.01143	0.08023	0.03320	0.02101	0.64555	0.12537	0.00528	0.00609	0.00758	0.00337	0.00355
29	0.00785	0.00582	0.00718	0.00676	0.00820	0.00553	0.00510	0.01114	0.07054	0.02049	0.62212	0.03861	0.12325	0.01067	0.00609	0.00167	0.00264	0.00932	0.03184	0.00518
30	0.01252	0.01129	0.01794	0.38206	0.31212	0.02476	0.02725	0.07789	0.01258	0.03696	0.01061	0.01468	0.00842	0.00540	0.00532	0.00168	0.00661	0.02188	0.00288	0.00716
31	0.01279	0.58676	0.07088	0.00927	0.01327	0.01716	0.00914	0.01483	0.01058	0.02955	0.02924	0.01183	0.00918	0.01093	0.14228	0.00248	0.00717	0.00362	0.00255	0.00649
32	0.05432	0.00776	0.01001	0.00813	0.01121	0.00699	0.00656	0.02025	0.01428	0.49101	0.17610	0.02225	0.02042	0.00730	0.00520	0.00159	0.00379	0.00603	0.11933	0.00748
33	0.01157	0.01157	0.01619	0.01388	0.01388	0.01619	0.01157	0.01272	0.00810	0.01272	0.00694	0.01157	0.00694	0.00925	0.01735	0.00231	0.80453	0.00463	0.00231	0.00578
34	0.01506	0.01160	0.01251	0.01082	0.01408	0.01309	0.00854	0.12731	0.60085	0.09407	0.02026	0.01861	0.01489	0.00700	0.00536	0.00175	0.00443	0.00575	0.00547	0.00851
35	0.14368	0.08469	0.58815	0.01330	0.01996	0.01296	0.01637	0.01639	0.01072	0.01742	0.00893	0.01056	0.00656	0.00506	0.00490	0.00164	0.02527	0.00368	0.00240	0.00736
36	0.01425	0.12344	0.08767	0.02441	0.48355	0.06126	0.01447	0.07942	0.01311	0.03520	0.00993	0.01216	0.00808	0.00494	0.00494	0.00151	0.00645	0.00432	0.00286	0.00804
37	0.01350	0.39666	0.19409	0.01540	0.16689	0.08361	0.01288	0.01646	0.01149	0.01447	0.00887	0.01121	0.00760	0.00497	0.00432	0.00139	0.00658	0.01997	0.00242	0.00723
38	0.06202	0.07498	0.14298	0.08563	0.41766	0.06970	0.03067	0.01629	0.01173	0.01655	0.00989	0.01247	0.01680	0.00496	0.00495	0.00157	0.00666	0.00435	0.00258	0.00758

[dist]
# distance from previous block
# <min> <max>
1	3

[block]
# block no. 3 follows, 46 sequences, length 32
# corresponding to MSA columns:
# 341-372
name=unknown_D
#
# <colnr> <probs for GDERKNQSTAVLIFYWHMCP>
#	G	D	E	R	K	N	Q	S	T	A	V	L	I	F	Y	W	H	M	C	P
0	0.13609	0.04137	0.04975	0.13705	0.08060	0.01067	0.07565	0.04170	0.07802	0.09308	0.06510	0.08504	0.03919	0.01808	0.00585	0.02097	0.00529	0.00608	0.00384	0.00657
1	0.01470	0.05659	0.01181	0.00900	0.01202	0.02566	0.00729	0.22808	0.07988	0.14815	0.16428	0.02553	0.14752	0.00834	0.00546	0.00162	0.00426	0.00679	0.03595	0.00710
2	0.00737	0.00538	0.00693	0.00658	0.00784	0.00493	0.00492	0.00975	0.01464	0.02053	0.70967	0.06115	0.09824	0.01114	0.00625	0.00168	0.00252	0.00982	0.00573	0.00493
3	0.00655	0.00472	0.00620	0.00719	0.00767	0.00438	0.00488	0.00767	0.01075	0.01440	0.11474	0.68986	0.06986	0.01577	0.00667	0.00208	0.00299	0.01424	0.00501	0.00438
4	0.01144	0.01140	0.04948	0.02926	0.01718	0.01042	0.21042	0.05912	0.05462	0.01723	0.01345	0.09758	0.02835	0.00683	0.00677	0.02076	0.08044	0.00589	0.00334	0.26604
5	0.01887	0.02195	0.01476	0.01350	0.03422	0.59575	0.01006	0.08160	0.11166	0.03291	0.01055	0.01135	0.00834	0.00575	0.00491	0.00145	0.00837	0.00391	0.00335	0.00676
6	0.00644	0.00460	0.00613	0.00736	0.00767	0.00429	0.00491	0.00736	0.01012	0.01350	0.02914	0.81076	0.03497	0.01656	0.00675	0.00215	0.00307	0.01503	0.00491	0.00429
7	0.03009	0.01088	0.01824	0.31388	0.35602	0.01172	0.06414	0.01500	0.03599	0.01593	0.01329	0.01641	0.06428	0.00562	0.00536	0.00168	0.00636	0.00528	0.00279	0.00702
8	0.01482	0.31773	0.10316	0.01297	0.04590	0.16578	0.05828	0.09469	0.01293	0.01566	0.00888	0.01074	0.00745	0.00690	0.04117	0.00176	0.06770	0.00381	0.00273	0.00691
9	0.00756	0.00525	0.00652	0.00696	0.00806	0.00473	0.00505	0.00897	0.01174	0.05457	0.14247	0.40071	0.24277	0.01422	0.00650	0.00197	0.00306	0.05907	0.00512	0.00472
10	0.01010	0.00963	0.01681	0.48075	0.04440	0.01116	0.13095	0.01328	0.01071	0.01428	0.01251	0.07271	0.03074	0.00756	0.03171	0.00202	0.05684	0.00590	0.03203	0.00590
11	0.01271	0.07197	0.60285	0.01456	0.04588	0.03359	0.01714	0.01786	0.01174	0.10793	0.01069	0.01183	0.00752	0.00518	0.00496	0.00163	0.00729	0.00402	0.00277	0.00786
12	0.01686	0.02006	0.01513	0.07772	0.05714	0.51848	0.01078	0.04445	0.01369	0.01393	0.00997	0.01205	0.03245	0.00691	0.02318	0.00170	0.11242	0.00409	0.00280	0.00620
13	0.01140	0.00938	0.01114	0.02864	0.01319	0.00720	0.00654	0.01377	0.01110	0.04518	0.00982	0.01130	0.00800	0.00405	0.00400	0.00084	0.00402	0.00325	0.00324	0.79394
14	0.01096	0.00940	0.01096	0.00783	0.01253	0.00705	0.00626	0.01331	0.01096	0.01723	0.00940	0.01096	0.00783	0.00392	0.00392	0.00078	0.00392	0.00313	0.00313	0.84653
15	0.01845	0.06206	0.01541	0.01127	0.01521	0.04053	0.00928	0.56629	0.03865	0.05433	0.01304	0.02752	0.00987	0.02818	0.00567	0.00162	0.00561	0.00483	0.02359	0.04858
16	0.00688	0.00506	0.00650	0.00740	0.00801	0.00482	0.00511	0.00865	0.04617	0.01470	0.09949	0.64782	0.07358	0.01539	0.00662	0.00207	0.00308	0.02905	0.00501	0.00457
