[name]
unknown

[dist]
# distance from previous block
# <min> <max>
0	69

[block]
# block no. 0 follows, 45 sequences, length 18
# corresponding to MSA columns:
# 69-86
name=unknown_A
#
# <colnr> <probs for GDERKNQSTAVLIFYWHMCP>
#	G	D	E	R	K	N	Q	S	T	A	V	L	I	F	Y	W	H	M	C	P
0	0.09360	0.06542	0.16732	0.03841	0.01718	0.16429	0.04326	0.04651	0.06736	0.13636	0.01290	0.01527	0.00997	0.00604	0.00499	0.00160	0.00656	0.04454	0.00371	0.05471
1	0.06516	0.05921	0.28646	0.01129	0.01617	0.01111	0.01178	0.05881	0.10607	0.04185	0.01414	0.08192	0.01225	0.00706	0.00536	0.01705	0.00565	0.04658	0.00357	0.13850
2	0.07352	0.01486	0.19233	0.07489	0.07559	0.01191	0.01210	0.08062	0.16746	0.20387	0.01499	0.01511	0.01060	0.00610	0.00543	0.00172	0.02155	0.00488	0.00433	0.00813
3	0.01283	0.01267	0.01621	0.17247	0.20125	0.11832	0.05461	0.03403	0.13655	0.01717	0.04307	0.02106	0.03084	0.00702	0.00584	0.00177	0.01971	0.08404	0.00355	0.00699
4	0.00852	0.07419	0.05007	0.01050	0.05402	0.00764	0.05051	0.01077	0.03899	0.01473	0.02557	0.48976	0.06829	0.01316	0.00632	0.00200	0.00424	0.06097	0.00438	0.00535
5	0.02003	0.01619	0.01581	0.01247	0.01651	0.11298	0.01014	0.63308	0.05925	0.03071	0.01274	0.01283	0.00920	0.00637	0.00531	0.00159	0.00630	0.00472	0.00505	0.00874
6	0.00677	0.00569	0.00590	0.00581	0.00761	0.00495	0.00437	0.00882	0.04331	0.01560	0.13253	0.04910	0.66484	0.01305	0.00631	0.00180	0.00276	0.01094	0.00511	0.00475
7	0.00767	0.00575	0.00863	0.00863	0.00959	0.00671	0.00671	0.00959	0.00863	0.01246	0.01438	0.02109	0.01342	0.04026	0.79008	0.00863	0.01438	0.00575	0.00288	0.00479
8	0.04811	0.01146	0.01908	0.31521	0.47056	0.01242	0.01544	0.01542	0.01154	0.01640	0.00978	0.01347	0.00789	0.00501	0.00525	0.00167	0.00657	0.00470	0.00259	0.00745
9	0.02051	0.00862	0.01144	0.00908	0.01268	0.00768	0.00739	0.02336	0.05762	0.60389	0.12834	0.02266	0.04670	0.00754	0.00557	0.00168	0.00420	0.00626	0.00641	0.00836
10	0.02026	0.01052	0.01259	0.00990	0.01362	0.01048	0.00810	0.25581	0.05211	0.39917	0.05091	0.01778	0.01378	0.00676	0.00526	0.00161	0.00467	0.00540	0.09276	0.00850
11	0.01014	0.00954	0.01610	0.79845	0.03697	0.01193	0.01491	0.01371	0.01073	0.01371	0.00954	0.01431	0.00716	0.00537	0.00537	0.00179	0.00716	0.00477	0.00239	0.00596
12	0.01388	0.01158	0.01373	0.11250	0.04505	0.04201	0.04716	0.19940	0.22722	0.03996	0.02166	0.02170	0.13484	0.00750	0.00552	0.00171	0.00525	0.00626	0.03565	0.00742
13	0.00634	0.00544	0.00544	0.00544	0.00725	0.00453	0.00408	0.00770	0.01224	0.01450	0.05438	0.05166	0.77569	0.01359	0.00634	0.00181	0.00272	0.01133	0.00498	0.00453
14	0.01329	0.01275	0.02179	0.03295	0.77787	0.01275	0.01647	0.01647	0.01222	0.01754	0.01010	0.01329	0.00850	0.00478	0.00531	0.00159	0.00638	0.00478	0.00266	0.00850
15	0.01080	0.01033	0.01785	0.62966	0.16187	0.01215	0.05281	0.01436	0.01108	0.01454	0.00970	0.01415	0.00743	0.00523	0.00541	0.00176	0.00712	0.00485	0.00245	0.00646
16	0.01146	0.01032	0.01658	0.55521	0.16453	0.01208	0.01432	0.07334	0.01221	0.01623	0.01071	0.01561	0.00847	0.00567	0.00538	0.00175	0.00673	0.02776	0.02506	0.00661
17	0.06368	0.25743	0.37602	0.01315	0.01917	0.05176	0.07077	0.01740	0.01159	0.05927	0.00954	0.01092	0.00724	0.00501	0.00460	0.00153	0.00703	0.00381	0.00264	0.00743

[dist]
# distance from previous block
# <min> <max>
0	1

[block]
# block no. 1 follows, 45 sequences, length 18
# corresponding to MSA columns:
# 88-105
name=unknown_B
#
# <colnr> <probs for GDERKNQSTAVLIFYWHMCP>
#	G	D	E	R	K	N	Q	S	T	A	V	L	I	F	Y	W	H	M	C	P
0	0.01981	0.02220	0.01550	0.01344	0.01651	0.55133	0.01038	0.21858	0.01761	0.01866	0.00947	0.01062	0.00751	0.00593	0.00551	0.00148	0.04115	0.00388	0.00345	0.00699
1	0.01658	0.01350	0.01418	0.04471	0.01621	0.04222	0.00959	0.35222	0.38008	0.02681	0.01688	0.01625	0.01244	0.00677	0.00540	0.00171	0.00530	0.00537	0.00520	0.00859
2	0.00653	0.00470	0.00620	0.00739	0.00776	0.00437	0.00495	0.00748	0.01036	0.01374	0.03061	0.77653	0.06616	0.01668	0.00683	0.00216	0.00310	0.01510	0.00498	0.00437
3	0.00767	0.00575	0.00863	0.00863	0.00959	0.00671	0.00671	0.00959	0.00863	0.01246	0.01438	0.02109	0.01342	0.04026	0.79008	0.00863	0.01438	0.00575	0.00288	0.00479
4	0.02005	0.02558	0.01521	0.01383	0.01659	0.78980	0.01037	0.02143	0.01521	0.01314	0.00830	0.00968	0.00691	0.00553	0.00484	0.00138	0.00968	0.00346	0.00277	0.00622
5	0.02381	0.00958	0.01273	0.00976	0.01392	0.00854	0.00806	0.08096	0.01610	0.72575	0.02056	0.01787	0.01298	0.00663	0.00540	0.00166	0.00467	0.00536	0.00655	0.00913
6	0.00654	0.00467	0.00623	0.00747	0.00779	0.00436	0.00498	0.00747	0.01028	0.01370	0.02959	0.80785	0.03550	0.01682	0.00685	0.00218	0.00311	0.01526	0.00498	0.00436
7	0.01018	0.00935	0.01558	0.69077	0.07692	0.01139	0.01414	0.01359	0.01082	0.01421	0.01066	0.04362	0.00856	0.00579	0.00535	0.00177	0.00676	0.00517	0.03936	0.00601
8	0.02041	0.01504	0.01611	0.01235	0.01665	0.01665	0.01020	0.75997	0.02524	0.03383	0.01289	0.01289	0.00913	0.00644	0.00537	0.00161	0.00591	0.00483	0.00537	0.00913
9	0.00656	0.00545	0.00574	0.00566	0.00738	0.00462	0.00425	0.00812	0.01275	0.01571	0.17876	0.04966	0.65055	0.01314	0.00634	0.00179	0.00269	0.01105	0.00514	0.00462
10	0.01074	0.00666	0.00962	0.00898	0.01039	0.00741	0.00705	0.01256	0.00973	0.14515	0.01524	0.02068	0.01329	0.06655	0.57618	0.00691	0.05807	0.00572	0.00351	0.00554
11	0.01187	0.17272	0.44416	0.01539	0.02162	0.01463	0.15184	0.01654	0.01125	0.01589	0.00925	0.01142	0.00708	0.00523	0.00598	0.00167	0.06939	0.00425	0.00236	0.00745
12	0.01435	0.81458	0.02813	0.00918	0.01378	0.02124	0.00918	0.01607	0.01091	0.01263	0.00746	0.00861	0.00689	0.00459	0.00344	0.00115	0.00574	0.00287	0.00230	0.00689
13	0.02118	0.01380	0.01535	0.01176	0.01603	0.01481	0.00972	0.60638	0.02317	0.19033	0.01462	0.01401	0.01000	0.00649	0.00538	0.00162	0.00563	0.00495	0.00564	0.00913
14	0.00979	0.00614	0.00716	0.00672	0.00871	0.00539	0.00510	0.01173	0.03183	0.14801	0.14838	0.13649	0.42984	0.01226	0.00622	0.00181	0.00310	0.01042	0.00542	0.00548
15	0.00781	0.00520	0.00585	0.00585	0.00585	0.00520	0.00325	0.00781	0.00781	0.01041	0.01691	0.03513	0.01952	0.81135	0.02732	0.00520	0.00520	0.00781	0.00325	0.00325
16	0.00751	0.00548	0.00705	0.00666	0.00797	0.00503	0.00500	0.00996	0.01499	0.02103	0.72431	0.04091	0.10169	0.01116	0.00633	0.00170	0.00255	0.00982	0.00584	0.00503
17	0.31714	0.02897	0.01167	0.00924	0.01276	0.03981	0.00762	0.07401	0.01319	0.34956	0.01395	0.01364	0.00960	0.00694	0.02494	0.00185	0.04852	0.00431	0.00479	0.00750

[dist]
# distance from previous block
# <min> <max>
0	3

[block]
# block no. 2 follows, 45 sequences, length 21
# corresponding to MSA columns:
# 109-129
name=unknown_C
#
# <colnr> <probs for GDERKNQSTAVLIFYWHMCP>
#	G	D	E	R	K	N	Q	S	T	A	V	L	I	F	Y	W	H	M	C	P
0	0.09008	0.01272	0.03785	0.01621	0.02076	0.02772	0.39216	0.05432	0.01359	0.20353	0.03194	0.04980	0.01137	0.00589	0.00576	0.00175	0.00695	0.00609	0.00401	0.00748
1	0.00656	0.00473	0.00622	0.00735	0.00777	0.00439	0.00494	0.00757	0.01052	0.01398	0.05348	0.74823	0.07143	0.01648	0.00681	0.00215	0.00308	0.01490	0.00501	0.00439
2	0.00932	0.00466	0.00699	0.00699	0.00699	0.00466	0.00466	0.00699	0.00699	0.00932	0.00932	0.01632	0.00932	0.01865	0.02098	0.84382	0.00466	0.00466	0.00233	0.00233
3	0.01109	0.00954	0.01132	0.03878	0.01367	0.00734	0.00669	0.01352	0.01112	0.01734	0.00954	0.01126	0.00792	0.00403	0.00403	0.00083	0.00410	0.00324	0.00315	0.81147
4	0.12231	0.15516	0.20158	0.03219	0.07529	0.03534	0.15122	0.04446	0.01229	0.09112	0.01078	0.01291	0.00823	0.00526	0.00491	0.00161	0.00674	0.01806	0.00312	0.00740
5	0.01380	0.00993	0.01141	0.01211	0.01313	0.00868	0.00807	0.01297	0.01494	0.02071	0.08974	0.67537	0.04008	0.01962	0.00950	0.00332	0.00553	0.01587	0.00714	0.00806
6	0.01113	0.00954	0.01113	0.00795	0.01272	0.00716	0.00636	0.01352	0.01113	0.01749	0.00954	0.01113	0.00795	0.00398	0.00398	0.00080	0.00398	0.00318	0.00318	0.84417
7	0.00684	0.00467	0.00631	0.00742	0.00770	0.00439	0.00495	0.00742	0.00993	0.01324	0.02743	0.72381	0.03272	0.01701	0.00835	0.09154	0.00328	0.01413	0.00470	0.00414
8	0.00746	0.00552	0.00713	0.00723	0.00840	0.00494	0.00516	0.00919	0.01236	0.01727	0.32947	0.41221	0.03871	0.01309	0.00634	0.00183	0.00297	0.01173	0.00517	0.09381
9	0.02271	0.00918	0.01232	0.00938	0.01360	0.00781	0.00773	0.02482	0.01491	0.70046	0.01994	0.01751	0.01272	0.00636	0.00525	0.00157	0.00450	0.00516	0.00628	0.09780
10	0.01910	0.02388	0.01478	0.01320	0.01618	0.70670	0.00995	0.02059	0.01478	0.01360	0.00843	0.00983	0.00702	0.00537	0.00475	0.00132	0.00907	0.00343	0.00281	0.09519
11	0.00654	0.00467	0.00623	0.00747	0.00779	0.00436	0.00498	0.00747	0.01028	0.01370	0.02959	0.80785	0.03550	0.01682	0.00685	0.00218	0.00311	0.01526	0.00498	0.00436
12	0.01014	0.00954	0.01610	0.79845	0.03697	0.01193	0.01491	0.01371	0.01073	0.01371	0.00954	0.01431	0.00716	0.00537	0.00537	0.00179	0.00716	0.00477	0.00239	0.00596
13	0.01001	0.00500	0.00500	0.00500	0.00625	0.00500	0.00375	0.01251	0.01126	0.02001	0.01751	0.02001	0.01376	0.00625	0.00375	0.00125	0.00250	0.00500	0.84115	0.00500
14	0.84927	0.01038	0.00789	0.00706	0.01038	0.01204	0.00581	0.01578	0.00914	0.02408	0.00747	0.00872	0.00581	0.00498	0.00332	0.00166	0.00415	0.00291	0.00332	0.00581
15	0.00659	0.00469	0.00621	0.00741	0.00771	0.00439	0.00492	0.00749	0.01018	0.01358	0.02910	0.77829	0.03489	0.04721	0.00763	0.00230	0.00319	0.01497	0.00492	0.00432
16	0.00932	0.00466	0.00699	0.00699	0.00699	0.00466	0.00466	0.00699	0.00699	0.00932	0.00932	0.01632	0.00932	0.01865	0.02098	0.84382	0.00466	0.00466	0.00233	0.00233
17	0.00767	0.00575	0.00863	0.00863	0.00959	0.00671	0.00671	0.00959	0.00863	0.01246	0.01438	0.02109	0.01342	0.04026	0.79008	0.00863	0.01438	0.00575	0.00288	0.00479
18	0.02015	0.01310	0.01448	0.01133	0.01525	0.02993	0.00924	0.50292	0.03886	0.20516	0.01544	0.03288	0.01119	0.02983	0.02313	0.00189	0.00574	0.00530	0.00549	0.00869
19	0.01294	0.01143	0.03297	0.04737	0.06901	0.01001	0.10267	0.12311	0.01355	0.03734	0.01125	0.02851	0.00922	0.00506	0.00481	0.00124	0.00531	0.01848	0.00350	0.45224
20	0.01328	0.01266	0.03276	0.19381	0.25434	0.07214	0.09215	0.01653	0.02618	0.06768	0.01104	0.02880	0.00887	0.00549	0.00589	0.00161	0.04613	0.00491	0.00302	0.10274

[dist]
# distance from previous block
# <min> <max>
3	5

[block]
# block no. 3 follows, 45 sequences, length 75
# corresponding to MSA columns:
# 137-211
name=unknown_D
#
# <colnr> <probs for GDERKNQSTAVLIFYWHMCP>
#	G	D	E	R	K	N	Q	S	T	A	V	L	I	F	Y	W	H	M	C	P
0	0.01374	0.01241	0.01221	0.01098	0.01393	0.07399	0.00851	0.04138	0.65779	0.02190	0.05732	0.02005	0.01717	0.00731	0.00545	0.00178	0.00462	0.00602	0.00527	0.00816
1	0.01001	0.00500	0.00500	0.00500	0.00625	0.00500	0.00375	0.01251	0.01126	0.02001	0.01751	0.02001	0.01376	0.00625	0.00375	0.00125	0.00250	0.00500	0.84115	0.00500
2	0.00767	0.00575	0.00863	0.00863	0.00959	0.00671	0.00671	0.00959	0.00863	0.01246	0.01438	0.02109	0.01342	0.04026	0.79008	0.00863	0.01438	0.00575	0.00288	0.00479
3	0.00781	0.00520	0.00585	0.00585	0.00585	0.00520	0.00325	0.00781	0.00781	0.01041	0.01691	0.03513	0.01952	0.81135	0.02732	0.00520	0.00520	0.00781	0.00325	0.00325
4	0.01329	0.01275	0.02179	0.03295	0.77787	0.01275	0.01647	0.01647	0.01222	0.01754	0.01010	0.01329	0.00850	0.00478	0.00531	0.00159	0.00638	0.00478	0.00266	0.00850
5	0.02041	0.01504	0.01611	0.01235	0.01665	0.01665	0.01020	0.75997	0.02524	0.03383	0.01289	0.01289	0.00913	0.00644	0.00537	0.00161	0.00591	0.00483	0.00537	0.00913
6	0.01335	0.01153	0.01214	0.01092	0.01396	0.01335	0.00850	0.02852	0.76817	0.02245	0.02185	0.02003	0.01639	0.00728	0.00546	0.00182	0.00425	0.00607	0.00546	0.00850
7	0.01435	0.81458	0.02813	0.00918	0.01378	0.02124	0.00918	0.01607	0.01091	0.01263	0.00746	0.00861	0.00689	0.00459	0.00344	0.00115	0.00574	0.00287	0.00230	0.00689
8	0.84927	0.01038	0.00789	0.00706	0.01038	0.01204	0.00581	0.01578	0.00914	0.02408	0.00747	0.00872	0.00581	0.00498	0.00332	0.00166	0.00415	0.00291	0.00332	0.00581
9	0.01174	0.01174	0.01644	0.01409	0.01409	0.01644	0.01174	0.01292	0.00822	0.01292	0.00705	0.01174	0.00705	0.00940	0.01762	0.00235	0.80153	0.00470	0.00235	0.00587
10	0.01619	0.01247	0.01235	0.01078	0.01396	0.09958	0.00844	0.04335	0.49134	0.16711	0.01981	0.01836	0.01445	0.00690	0.00531	0.00171	0.00489	0.00557	0.03920	0.00824
11	0.20738	0.02215	0.01356	0.01230	0.01519	0.61410	0.00934	0.02016	0.01384	0.01561	0.00811	0.00946	0.00667	0.00541	0.00450	0.00145	0.00843	0.00333	0.00289	0.00613
12	0.02005	0.02558	0.01521	0.01383	0.01659	0.78980	0.01037	0.02143	0.01521	0.01314	0.00830	0.00968	0.00691	0.00553	0.00484	0.00138	0.00968	0.00346	0.00277	0.00622
13	0.00881	0.00471	0.00655	0.00682	0.00706	0.00464	0.00461	0.00786	0.00830	0.01175	0.01488	0.18981	0.01566	0.01654	0.01552	0.54388	0.00403	0.00703	0.11840	0.00314
14	0.04155	0.01435	0.01540	0.01187	0.01604	0.01580	0.00979	0.68660	0.02397	0.06451	0.01324	0.01323	0.00936	0.00641	0.00527	0.00160	0.00570	0.00481	0.03158	0.00891
15	0.00781	0.00520	0.00585	0.00585	0.00585	0.00520	0.00325	0.00781	0.00781	0.01041	0.01691	0.03513	0.01952	0.81135	0.02732	0.00520	0.00520	0.00781	0.00325	0.00325
16	0.02018	0.02168	0.01554	0.01328	0.01661	0.50402	0.01031	0.29442	0.01892	0.02079	0.00999	0.01087	0.00773	0.00587	0.00504	0.00147	0.00829	0.00397	0.00373	0.00730
17	0.01307	0.01124	0.01190	0.01072	0.01367	0.01295	0.00833	0.02763	0.73146	0.02241	0.05856	0.02101	0.01806	0.00746	0.00550	0.00181	0.00416	0.00625	0.00548	0.00833
18	0.02066	0.01328	0.01482	0.01147	0.01560	0.01421	0.00944	0.53916	0.05887	0.20367	0.01533	0.01463	0.01054	0.00653	0.00534	0.00162	0.00544	0.00503	0.02536	0.00900
19	0.01014	0.00954	0.01610	0.79845	0.03697	0.01193	0.01491	0.01371	0.01073	0.01371	0.00954	0.01431	0.00716	0.00537	0.00537	0.00179	0.00716	0.00477	0.00239	0.00596
20	0.00654	0.00467	0.00623	0.00747	0.00779	0.00436	0.00498	0.00747	0.01028	0.01370	0.02959	0.80785	0.03550	0.01682	0.00685	0.00218	0.00311	0.01526	0.00498	0.00436
21	0.02005	0.02558	0.01521	0.01383	0.01659	0.78980	0.01037	0.02143	0.01521	0.01314	0.00830	0.00968	0.00691	0.00553	0.00484	0.00138	0.00968	0.00346	0.00277	0.00622
22	0.00663	0.00471	0.00620	0.00736	0.00765	0.00442	0.00486	0.00750	0.01010	0.01347	0.02868	0.75261	0.03436	0.07362	0.00831	0.00240	0.00326	0.01473	0.00486	0.00428
23	0.01174	0.01174	0.01644	0.01409	0.01409	0.01644	0.01174	0.01292	0.00822	0.01292	0.00705	0.01174	0.00705	0.00940	0.01762	0.00235	0.80153	0.00470	0.00235	0.00587
24	0.00744	0.00523	0.00679	0.00703	0.00800	0.00480	0.00503	0.00923	0.01298	0.03432	0.40496	0.35717	0.09000	0.01346	0.00653	0.00190	0.00283	0.01201	0.00548	0.00483
25	0.02265	0.00918	0.01231	0.00937	0.01359	0.00781	0.00772	0.02476	0.01490	0.69706	0.01989	0.01748	0.01270	0.00635	0.00524	0.00157	0.00450	0.00515	0.00626	0.10151
26	0.00891	0.00983	0.08832	0.03672	0.01505	0.00840	0.16503	0.01168	0.03555	0.01501	0.02186	0.44645	0.03836	0.01188	0.00718	0.00204	0.05724	0.01089	0.00401	0.00560
27	0.00654	0.00467	0.00623	0.00747	0.00779	0.00436	0.00498	0.00747	0.01028	0.01370	0.02959	0.80785	0.03550	0.01682	0.00685	0.00218	0.00311	0.01526	0.00498	0.00436
28	0.02355	0.00902	0.01228	0.00946	0.01352	0.00780	0.00780	0.02564	0.01536	0.75676	0.04580	0.01898	0.01451	0.00679	0.00543	0.00166	0.00450	0.00554	0.00662	0.00900
29	0.78787	0.01029	0.00823	0.00724	0.01063	0.01173	0.00597	0.01655	0.00960	0.08044	0.00849	0.00943	0.00637	0.00511	0.00348	0.00166	0.00418	0.00309	0.00357	0.00606
30	0.01261	0.03464	0.19716	0.02059	0.04371	0.04662	0.52984	0.01729	0.01243	0.01689	0.01039	0.01343	0.00778	0.00470	0.00591	0.00175	0.00870	0.00558	0.00261	0.00737
31	0.01215	0.01159	0.01973	0.30955	0.51016	0.01245	0.01591	0.01548	0.01168	0.01616	0.00990	0.01366	0.00802	0.00499	0.00533	0.00166	0.00666	0.00478	0.00256	0.00759
32	0.84927	0.01038	0.00789	0.00706	0.01038	0.01204	0.00581	0.01578	0.00914	0.02408	0.00747	0.00872	0.00581	0.00498	0.00332	0.00166	0.00415	0.00291	0.00332	0.00581
33	0.84927	0.01038	0.00789	0.00706	0.01038	0.01204	0.00581	0.01578	0.00914	0.02408	0.00747	0.00872	0.00581	0.00498	0.00332	0.00166	0.00415	0.00291	0.00332	0.00581
34	0.01001	0.00500	0.00500	0.00500	0.00625	0.00500	0.00375	0.01251	0.01126	0.02001	0.01751	0.02001	0.01376	0.00625	0.00375	0.00125	0.00250	0.00500	0.84115	0.00500
35	0.00683	0.00549	0.00604	0.00628	0.00779	0.00483	0.00479	0.00828	0.01197	0.01467	0.07041	0.09268	0.55465	0.06307	0.00782	0.00214	0.00322	0.11963	0.00490	0.00452
36	0.00642	0.00542	0.00555	0.00556	0.00730	0.00456	0.00415	0.00783	0.01235	0.01486	0.09277	0.06867	0.71922	0.01353	0.00636	0.00181	0.00272	0.01133	0.00503	0.00456
37	0.00746	0.00548	0.00698	0.00661	0.00793	0.00501	0.00496	0.00986	0.01487	0.02075	0.69531	0.04138	0.13086	0.01126	0.00633	0.00170	0.00255	0.00989	0.00581	0.00501
38	0.01435	0.81458	0.02813	0.00918	0.01378	0.02124	0.00918	0.01607	0.01091	0.01263	0.00746	0.00861	0.00689	0.00459	0.00344	0.00115	0.00574	0.00287	0.00230	0.00689
39	0.02074	0.01450	0.01578	0.01209	0.01638	0.01585	0.00999	0.69296	0.02434	0.10211	0.01364	0.01338	0.00951	0.00646	0.00537	0.00162	0.00578	0.00488	0.00549	0.00913
40	0.01335	0.01153	0.01214	0.01092	0.01396	0.01335	0.00850	0.02852	0.76817	0.02245	0.02185	0.02003	0.01639	0.00728	0.00546	0.00182	0.00425	0.00607	0.00546	0.00850
41	0.01014	0.00954	0.01610	0.79845	0.03697	0.01193	0.01491	0.01371	0.01073	0.01371	0.00954	0.01431	0.00716	0.00537	0.00537	0.00179	0.00716	0.00477	0.00239	0.00596
42	0.01217	0.01162	0.01977	0.30397	0.51556	0.01246	0.01592	0.01550	0.01170	0.01618	0.00990	0.01365	0.00803	0.00499	0.00533	0.00166	0.00665	0.00478	0.00256	0.00760
43	0.84927	0.01038	0.00789	0.00706	0.01038	0.01204	0.00581	0.01578	0.00914	0.02408	0.00747	0.00872	0.00581	0.00498	0.00332	0.00166	0.00415	0.00291	0.00332	0.00581
44	0.01329	0.01275	0.02179	0.03295	0.77787	0.01275	0.01647	0.01647	0.01222	0.01754	0.01010	0.01329	0.00850	0.00478	0.00531	0.00159	0.00638	0.00478	0.00266	0.00850
45	0.01014	0.00954	0.01610	0.79845	0.03697	0.01193	0.01491	0.01371	0.01073	0.01371	0.00954	0.01431	0.00716	0.00537	0.00537	0.00179	0.00716	0.00477	0.00239	0.00596
46	0.00781	0.00520	0.00585	0.00585	0.00585	0.00520	0.00325	0.00781	0.00781	0.01041	0.01691	0.03513	0.01952	0.81135	0.02732	0.00520	0.00520	0.00781	0.00325	0.00325
47	0.01113	0.00954	0.01113	0.00795	0.01272	0.00716	0.00636	0.01352	0.01113	0.01749	0.00954	0.01113	0.00795	0.00398	0.00398	0.00080	0.00398	0.00318	0.00318	0.84417
48	0.01435	0.81458	0.02813	0.00918	0.01378	0.02124	0.00918	0.01607	0.01091	0.01263	0.00746	0.00861	0.00689	0.00459	0.00344	0.00115	0.00574	0.00287	0.00230	0.00689
49	0.02041	0.01504	0.01611	0.01235	0.01665	0.01665	0.01020	0.75997	0.02524	0.03383	0.01289	0.01289	0.00913	0.00644	0.00537	0.00161	0.00591	0.00483	0.00537	0.00913
50	0.00859	0.00613	0.00858	0.00981	0.01102	0.00612	0.00854	0.01101	0.01229	0.01599	0.02846	0.08322	0.03103	0.01489	0.00740	0.00246	0.00489	0.71970	0.00494	0.00493
51	0.02029	0.01478	0.01590	0.01224	0.01649	0.01632	0.01009	0.71890	0.04752	0.05272	0.01337	0.01324	0.00946	0.00647	0.00537	0.00162	0.00582	0.00488	0.00541	0.00911
52	0.01329	0.01275	0.02179	0.03295	0.77787	0.01275	0.01647	0.01647	0.01222	0.01754	0.01010	0.01329	0.00850	0.00478	0.00531	0.00159	0.00638	0.00478	0.00266	0.00850
53	0.01335	0.01153	0.01214	0.01092	0.01396	0.01335	0.00850	0.02852	0.76817	0.02245	0.02185	0.02003	0.01639	0.00728	0.00546	0.00182	0.00425	0.00607	0.00546	0.00850
54	0.00635	0.00540	0.00548	0.00554	0.00728	0.00452	0.00412	0.00769	0.01214	0.01446	0.05317	0.08852	0.73961	0.01375	0.00637	0.00183	0.00274	0.01152	0.00498	0.00452
55	0.01113	0.00954	0.01113	0.00795	0.01272	0.00716	0.00636	0.01352	0.01113	0.01749	0.00954	0.01113	0.00795	0.00398	0.00398	0.00080	0.00398	0.00318	0.00318	0.84417
56	0.00646	0.00547	0.00559	0.00565	0.00744	0.00461	0.00430	0.00787	0.01224	0.01458	0.05312	0.05209	0.73963	0.01365	0.00640	0.00184	0.00283	0.04669	0.00498	0.00455
57	0.00932	0.00466	0.00699	0.00699	0.00699	0.00466	0.00466	0.00699	0.00699	0.00932	0.00932	0.01632	0.00932	0.01865	0.02098	0.84382	0.00466	0.00466	0.00233	0.00233
58	0.01528	0.01028	0.01130	0.00978	0.01281	0.01122	0.00771	0.08967	0.43827	0.15686	0.02019	0.01909	0.01474	0.00692	0.00514	0.00167	0.00415	0.00566	0.15120	0.00806
59	0.01045	0.00544	0.00548	0.00532	0.00670	0.00551	0.00403	0.04475	0.01186	0.02061	0.01731	0.01971	0.01356	0.00626	0.00382	0.00127	0.00265	0.00500	0.80510	0.00518
60	0.00757	0.00547	0.00715	0.00677	0.00801	0.00505	0.00506	0.01006	0.01506	0.02132	0.75497	0.06076	0.05024	0.01113	0.00635	0.00170	0.00255	0.00986	0.00588	0.00505
61	0.00669	0.00483	0.00626	0.00731	0.00779	0.00450	0.00497	0.00771	0.01053	0.01391	0.05017	0.66535	0.09431	0.05141	0.00772	0.00228	0.00323	0.04173	0.00493	0.00436
62	0.02005	0.02558	0.01521	0.01383	0.01659	0.78980	0.01037	0.02143	0.01521	0.01314	0.00830	0.00968	0.00691	0.00553	0.00484	0.00138	0.00968	0.00346	0.00277	0.00622
63	0.01013	0.00940	0.01575	0.77356	0.03601	0.01171	0.01456	0.01368	0.01075	0.01391	0.00979	0.01449	0.00736	0.00539	0.00532	0.00177	0.00701	0.00478	0.02869	0.00593
64	0.02268	0.01105	0.01360	0.01047	0.01464	0.01078	0.00863	0.25777	0.03578	0.52818	0.01858	0.01661	0.01205	0.00660	0.00539	0.00165	0.00498	0.00524	0.00621	0.00912
65	0.00645	0.00539	0.00561	0.00567	0.00734	0.00456	0.00421	0.00786	0.01230	0.01493	0.10280	0.10387	0.67332	0.01364	0.00638	0.00183	0.00273	0.01149	0.00505	0.00456
66	0.01178	0.01158	0.11266	0.13237	0.09842	0.01007	0.07786	0.07575	0.01203	0.06814	0.04524	0.06719	0.01376	0.13251	0.04477	0.04564	0.02430	0.00621	0.00342	0.00629
67	0.01664	0.11151	0.01701	0.16919	0.05287	0.47698	0.01133	0.01859	0.01338	0.01336	0.00865	0.01097	0.00720	0.00634	0.02524	0.00165	0.02638	0.00379	0.00263	0.00630
68	0.00927	0.00791	0.01125	0.03602	0.01161	0.01009	0.00834	0.01069	0.00864	0.01275	0.01274	0.07372	0.01275	0.07598	0.33626	0.02470	0.30075	0.00609	0.02538	0.00504
69	0.00910	0.00763	0.01180	0.38542	0.05137	0.00869	0.01017	0.02700	0.01071	0.01402	0.03182	0.23538	0.03496	0.07355	0.00836	0.04370	0.00548	0.02221	0.00341	0.00523
70	0.01285	0.06475	0.03436	0.08459	0.21798	0.14583	0.07546	0.03289	0.05315	0.01607	0.02791	0.15668	0.01469	0.00770	0.00557	0.00171	0.00641	0.03124	0.00339	0.00676
71	0.01242	0.04987	0.01877	0.40647	0.24126	0.01317	0.04555	0.08469	0.04432	0.01712	0.01048	0.01386	0.00813	0.00531	0.00530	0.00169	0.00671	0.00481	0.00288	0.00718
72	0.01115	0.00841	0.00946	0.02977	0.02611	0.06711	0.00744	0.04564	0.06000	0.08360	0.02517	0.19232	0.07769	0.09776	0.00868	0.00239	0.00486	0.23216	0.00470	0.00559
73	0.14763	0.06386	0.01241	0.09274	0.01445	0.06032	0.03660	0.12537	0.01315	0.01970	0.03274	0.07287	0.07843	0.00745	0.00562	0.00164	0.05550	0.00578	0.14761	0.00611
74	0.09401	0.09289	0.12505	0.04749	0.06469	0.21343	0.04266	0.04321	0.01261	0.03697	0.01286	0.06834	0.04133	0.00660	0.00542	0.00160	0.03907	0.00505	0.04011	0.00658

[dist]
# distance from previous block
# <min> <max>
0	20

[block]
# block no. 4 follows, 45 sequences, length 47
# corresponding to MSA columns:
# 239-285
name=unknown_E
#
# <colnr> <probs for GDERKNQSTAVLIFYWHMCP>
#	G	D	E	R	K	N	Q	S	T	A	V	L	I	F	Y	W	H	M	C	P
0	0.08331	0.04151	0.04138	0.24602	0.09528	0.14344	0.03416	0.07932	0.01285	0.01681	0.01374	0.01683	0.07165	0.00791	0.04185	0.00199	0.02256	0.01983	0.00310	0.00646
1	0.01336	0.05364	0.14953	0.06236	0.05073	0.02777	0.19167	0.18279	0.01465	0.01996	0.01305	0.09321	0.01135	0.00680	0.00600	0.00174	0.03363	0.02388	0.01969	0.02420
2	0.06808	0.12018	0.06328	0.01022	0.03557	0.05522	0.00845	0.07563	0.03747	0.07059	0.12852	0.09730	0.04429	0.04198	0.00714	0.00184	0.07000	0.01883	0.03908	0.00634
3	0.01678	0.01245	0.01360	0.01098	0.01439	0.01351	0.00879	0.53362	0.05628	0.02850	0.04569	0.13285	0.01529	0.03297	0.00626	0.00179	0.00519	0.00666	0.00519	0.03922
4	0.01359	0.11253	0.01452	0.02597	0.01355	0.04654	0.04694	0.17598	0.01459	0.07601	0.07308	0.14395	0.04568	0.01060	0.05551	0.00213	0.06282	0.00694	0.03520	0.02387
5	0.05365	0.32442	0.04823	0.01369	0.07903	0.23862	0.05693	0.08072	0.01346	0.01593	0.00881	0.01039	0.00738	0.00580	0.02061	0.00153	0.00732	0.00368	0.00280	0.00699
6	0.00932	0.00466	0.00699	0.00699	0.00699	0.00466	0.00466	0.00699	0.00699	0.00932	0.00932	0.01632	0.00932	0.01865	0.02098	0.84382	0.00466	0.00466	0.00233	0.00233
7	0.01435	0.81458	0.02813	0.00918	0.01378	0.02124	0.00918	0.01607	0.01091	0.01263	0.00746	0.00861	0.00689	0.00459	0.00344	0.00115	0.00574	0.00287	0.00230	0.00689
8	0.01299	0.00818	0.00818	0.00716	0.00924	0.02931	0.00561	0.20770	0.01501	0.02343	0.01606	0.01787	0.01237	0.00628	0.00420	0.00135	0.00358	0.00492	0.60044	0.00611
9	0.01994	0.01500	0.01704	0.01297	0.01733	0.01646	0.05498	0.71551	0.02449	0.03283	0.01277	0.01298	0.00907	0.00633	0.00543	0.00162	0.00609	0.00492	0.00521	0.00902
10	0.00670	0.00480	0.00637	0.00736	0.00782	0.00447	0.00500	0.00788	0.01103	0.01490	0.14360	0.69042	0.03782	0.01592	0.00677	0.00210	0.00303	0.01441	0.00512	0.00447
11	0.01174	0.01174	0.01644	0.01409	0.01409	0.01644	0.01174	0.01292	0.00822	0.01292	0.00705	0.01174	0.00705	0.00940	0.01762	0.00235	0.80153	0.00470	0.00235	0.00587
12	0.00659	0.00471	0.00628	0.00753	0.00786	0.00440	0.00507	0.00756	0.01033	0.01376	0.02956	0.79059	0.03540	0.01677	0.00686	0.00219	0.00316	0.03204	0.00498	0.00437
13	0.01113	0.00954	0.01113	0.00795	0.01272	0.00716	0.00636	0.01352	0.01113	0.01749	0.00954	0.01113	0.00795	0.00398	0.00398	0.00080	0.00398	0.00318	0.00318	0.84417
14	0.00668	0.00487	0.00630	0.00718	0.00777	0.00448	0.00491	0.00790	0.01121	0.01497	0.14584	0.62207	0.10473	0.01563	0.00673	0.00207	0.00299	0.01406	0.00512	0.00448
15	0.00932	0.00466	0.00699	0.00699	0.00699	0.00466	0.00466	0.00699	0.00699	0.00932	0.00932	0.01632	0.00932	0.01865	0.02098	0.84382	0.00466	0.00466	0.00233	0.00233
16	0.00756	0.00549	0.00712	0.00671	0.00800	0.00505	0.00503	0.01006	0.01510	0.02131	0.75319	0.04045	0.07263	0.01105	0.00633	0.00169	0.00254	0.00976	0.00588	0.00505
17	0.01661	0.01246	0.01370	0.01081	0.01458	0.01305	0.00871	0.51016	0.02040	0.02780	0.01484	0.13416	0.01295	0.00758	0.00534	0.00155	0.00513	0.00613	0.00492	0.15910
18	0.09407	0.15682	0.22340	0.01703	0.16882	0.13626	0.07032	0.01721	0.01193	0.01646	0.00902	0.01097	0.00722	0.00492	0.00470	0.00151	0.00711	0.00391	0.00259	0.03572
19	0.01392	0.01139	0.01218	0.01084	0.01391	0.01297	0.00852	0.08067	0.64551	0.04865	0.02204	0.02158	0.03061	0.00761	0.00554	0.00182	0.00438	0.03403	0.00547	0.00835
20	0.01077	0.02777	0.78354	0.01530	0.02323	0.01247	0.01983	0.01700	0.01133	0.01700	0.00963	0.01133	0.00680	0.00510	0.00510	0.00170	0.00793	0.00397	0.00227	0.00793
21	0.01267	0.01152	0.01946	0.25217	0.51563	0.01216	0.01550	0.01591	0.01192	0.04545	0.01083	0.01498	0.00887	0.00528	0.00539	0.00168	0.00650	0.02361	0.00279	0.00770
22	0.02191	0.01296	0.01353	0.01093	0.01468	0.17485	0.02768	0.06815	0.01575	0.51471	0.03083	0.01783	0.01279	0.00669	0.00539	0.00163	0.00583	0.03004	0.00557	0.00825
23	0.01882	0.01126	0.01297	0.04469	0.04368	0.06855	0.00878	0.19283	0.03214	0.34128	0.03151	0.08291	0.03757	0.00769	0.00552	0.00169	0.00519	0.02229	0.02264	0.00797
24	0.00634	0.00544	0.00544	0.00544	0.00725	0.00453	0.00408	0.00770	0.01224	0.01450	0.05438	0.05166	0.77569	0.01359	0.00634	0.00181	0.00272	0.01133	0.00498	0.00453
25	0.01072	0.05886	0.70594	0.01454	0.02193	0.01238	0.01851	0.01655	0.01155	0.01709	0.05536	0.01294	0.00943	0.00543	0.00511	0.00168	0.00752	0.00427	0.00249	0.00772
26	0.18887	0.16425	0.14661	0.01281	0.07495	0.17386	0.01102	0.05027	0.03571	0.08107	0.01002	0.01101	0.00770	0.00530	0.00444	0.00151	0.00651	0.00372	0.00322	0.00716
27	0.01065	0.01023	0.01543	0.56799	0.04556	0.04523	0.01346	0.01361	0.01053	0.01374	0.01019	0.04420	0.00854	0.00736	0.02874	0.00204	0.12229	0.00513	0.01917	0.00590
28	0.00657	0.00489	0.00612	0.00699	0.00769	0.00445	0.00479	0.00771	0.01103	0.01441	0.08592	0.59298	0.19544	0.01573	0.00671	0.00207	0.00299	0.01404	0.00505	0.00445
29	0.01265	0.34055	0.42701	0.01303	0.01933	0.04917	0.03774	0.01683	0.01137	0.01510	0.00875	0.01027	0.00688	0.00490	0.00447	0.00147	0.00717	0.00358	0.00231	0.00742
30	0.13556	0.07570	0.46831	0.01418	0.05197	0.01318	0.03799	0.03279	0.05666	0.03354	0.01019	0.01164	0.00753	0.00530	0.00508	0.00167	0.02428	0.00403	0.00280	0.00759
31	0.00928	0.00468	0.00696	0.00696	0.00696	0.00468	0.00463	0.00701	0.00701	0.00935	0.00952	0.01681	0.00959	0.03923	0.02114	0.82204	0.00468	0.00474	0.00235	0.00235
32	0.01273	0.01050	0.01135	0.01027	0.01304	0.01185	0.00799	0.04296	0.60055	0.03898	0.09997	0.04128	0.03843	0.00820	0.00565	0.00182	0.00408	0.02697	0.00550	0.00789
33	0.01288	0.09687	0.09292	0.09319	0.32400	0.06297	0.04133	0.01654	0.04927	0.03609	0.03473	0.04525	0.01095	0.00716	0.03531	0.00189	0.02309	0.00515	0.00300	0.00740
34	0.01177	0.16117	0.12655	0.03574	0.02207	0.01345	0.39577	0.01546	0.01177	0.01574	0.01277	0.12844	0.01169	0.00642	0.00569	0.00173	0.00739	0.00665	0.00290	0.00682
35	0.00684	0.00480	0.00614	0.00710	0.00734	0.00456	0.00458	0.00755	0.00970	0.01293	0.02663	0.62770	0.03178	0.20205	0.01162	0.00289	0.00360	0.01352	0.00458	0.00410
36	0.01188	0.14739	0.54305	0.01679	0.12718	0.03109	0.01751	0.01688	0.01148	0.01631	0.00933	0.01115	0.00705	0.00499	0.00487	0.00159	0.00741	0.00390	0.00234	0.00781
37	0.01800	0.05287	0.14291	0.01124	0.01553	0.08737	0.01038	0.15037	0.05607	0.28677	0.06503	0.01778	0.01371	0.02196	0.00573	0.00171	0.00579	0.02390	0.00488	0.00802
38	0.01701	0.01176	0.01249	0.00995	0.01326	0.01285	0.00810	0.51621	0.02068	0.02932	0.01440	0.01521	0.01064	0.00638	0.00484	0.00149	0.00480	0.00489	0.27793	0.00778
39	0.84927	0.01038	0.00789	0.00706	0.01038	0.01204	0.00581	0.01578	0.00914	0.02408	0.00747	0.00872	0.00581	0.00498	0.00332	0.00166	0.00415	0.00291	0.00332	0.00581
40	0.02408	0.00914	0.01246	0.00955	0.01370	0.00789	0.00789	0.02616	0.01536	0.78158	0.02118	0.01827	0.01329	0.00664	0.00540	0.00166	0.00457	0.00540	0.00664	0.00914
41	0.01469	0.76736	0.02736	0.00946	0.01395	0.06724	0.00926	0.01639	0.01116	0.01266	0.00751	0.00867	0.00689	0.00465	0.00353	0.00116	0.00598	0.00291	0.00232	0.00685
42	0.00643	0.00537	0.00560	0.00569	0.00734	0.00455	0.00421	0.00781	0.01222	0.01481	0.09070	0.11711	0.67229	0.01374	0.00639	0.00184	0.00274	0.01159	0.00503	0.00455
43	0.07797	0.04127	0.01340	0.03163	0.01422	0.02706	0.00863	0.11711	0.07848	0.35946	0.01832	0.01758	0.05680	0.00718	0.00674	0.00174	0.10401	0.00532	0.00515	0.00793
44	0.01881	0.01391	0.01506	0.01156	0.01582	0.01494	0.00950	0.60942	0.05270	0.04759	0.01383	0.01383	0.02419	0.00632	0.00522	0.00153	0.00552	0.00482	0.00513	0.11031
45	0.00659	0.00482	0.00612	0.00709	0.00763	0.00444	0.00478	0.00759	0.01057	0.01387	0.05078	0.64722	0.14183	0.05012	0.00764	0.00224	0.00313	0.01424	0.00493	0.00435
46	0.02225	0.00900	0.01206	0.00942	0.01326	0.00796	0.00770	0.05580	0.01560	0.67379	0.07052	0.04627	0.01631	0.00726	0.00551	0.00168	0.00444	0.00599	0.00648	0.00871

[dist]
# distance from previous block
# <min> <max>
0	1

[block]
# block no. 5 follows, 45 sequences, length 44
# corresponding to MSA columns:
# 287-330
name=unknown_F
#
# <colnr> <probs for GDERKNQSTAVLIFYWHMCP>
#	G	D	E	R	K	N	Q	S	T	A	V	L	I	F	Y	W	H	M	C	P
0	0.08235	0.01015	0.01008	0.00877	0.01137	0.04789	0.00702	0.26778	0.03501	0.02367	0.01989	0.05170	0.09236	0.00802	0.00503	0.00162	0.00443	0.06315	0.24316	0.00655
1	0.00656	0.00477	0.00620	0.00733	0.00780	0.00441	0.00497	0.00757	0.01051	0.01383	0.03192	0.72085	0.10576	0.01647	0.00681	0.00215	0.00311	0.02959	0.00498	0.00439
2	0.01201	0.01237	0.04279	0.32819	0.34263	0.02873	0.09810	0.01548	0.01159	0.01575	0.00981	0.01363	0.00781	0.00516	0.00584	0.00172	0.03372	0.00490	0.00254	0.00722
3	0.01329	0.01275	0.02179	0.03295	0.77787	0.01275	0.01647	0.01647	0.01222	0.01754	0.01010	0.01329	0.00850	0.00478	0.00531	0.00159	0.00638	0.00478	0.00266	0.00850
4	0.01113	0.00954	0.01113	0.00795	0.01272	0.00716	0.00636	0.01352	0.01113	0.01749	0.00954	0.01113	0.00795	0.00398	0.00398	0.00080	0.00398	0.00318	0.00318	0.84417
5	0.00654	0.00467	0.00623	0.00747	0.00779	0.00436	0.00498	0.00747	0.01028	0.01370	0.02959	0.80785	0.03550	0.01682	0.00685	0.00218	0.00311	0.01526	0.00498	0.00436
6	0.01021	0.00969	0.01655	0.77580	0.03671	0.01197	0.03661	0.01382	0.01079	0.01382	0.00958	0.01432	0.00718	0.00534	0.00539	0.00179	0.00721	0.00482	0.00239	0.00600
7	0.01130	0.00970	0.01121	0.00818	0.01282	0.00764	0.00653	0.01469	0.07010	0.01788	0.01050	0.01182	0.00861	0.00423	0.00409	0.00087	0.00400	0.00341	0.00336	0.77907
8	0.00665	0.00475	0.00635	0.00760	0.00795	0.00445	0.00517	0.00766	0.01038	0.01382	0.02953	0.77001	0.03527	0.01672	0.00688	0.00219	0.00321	0.05205	0.00498	0.00439
9	0.00932	0.00466	0.00699	0.00699	0.00699	0.00466	0.00466	0.00699	0.00699	0.00932	0.00932	0.01632	0.00932	0.01865	0.02098	0.84382	0.00466	0.00466	0.00233	0.00233
10	0.00658	0.00545	0.00577	0.00569	0.00740	0.00463	0.00427	0.00817	0.01280	0.01584	0.19211	0.04945	0.63712	0.01309	0.00634	0.00179	0.00268	0.01102	0.00516	0.00463
11	0.02041	0.01504	0.01611	0.01235	0.01665	0.01665	0.01020	0.75997	0.02524	0.03383	0.01289	0.01289	0.00913	0.00644	0.00537	0.00161	0.00591	0.00483	0.00537	0.00913
12	0.01304	0.01444	0.03051	0.02189	0.02713	0.01380	0.70192	0.05470	0.01320	0.01793	0.01087	0.01433	0.00817	0.00474	0.00657	0.00181	0.02859	0.00622	0.00284	0.00730
13	0.01345	0.01303	0.02001	0.17731	0.55138	0.05984	0.01549	0.05390	0.01278	0.01736	0.01002	0.01324	0.00818	0.00502	0.00530	0.00162	0.00670	0.00470	0.00275	0.00791
14	0.01410	0.01190	0.01256	0.01108	0.01424	0.01370	0.00868	0.10640	0.68907	0.02367	0.02089	0.01927	0.01561	0.00719	0.00545	0.00180	0.00442	0.00594	0.00545	0.00856
15	0.00792	0.00592	0.00816	0.10686	0.01160	0.00588	0.00626	0.01046	0.01411	0.01988	0.59460	0.09618	0.04273	0.01056	0.00616	0.00172	0.00316	0.00936	0.03336	0.00512
16	0.00634	0.00544	0.00544	0.00544	0.00725	0.00453	0.00408	0.00770	0.01224	0.01450	0.05438	0.05166	0.77569	0.01359	0.00634	0.00181	0.00272	0.01133	0.00498	0.00453
17	0.00932	0.00466	0.00699	0.00699	0.00699	0.00466	0.00466	0.00699	0.00699	0.00932	0.00932	0.01632	0.00932	0.01865	0.02098	0.84382	0.00466	0.00466	0.00233	0.00233
18	0.00653	0.00470	0.00619	0.00739	0.00776	0.00437	0.00494	0.00748	0.01036	0.01374	0.03065	0.77525	0.06741	0.01668	0.00683	0.00216	0.00310	0.01509	0.00498	0.00437
19	0.02005	0.02558	0.01521	0.01383	0.01659	0.78980	0.01037	0.02143	0.01521	0.01314	0.00830	0.00968	0.00691	0.00553	0.00484	0.00138	0.00968	0.00346	0.00277	0.00622
20	0.01121	0.02714	0.75770	0.01511	0.02291	0.01231	0.01943	0.01731	0.01147	0.04262	0.01002	0.01157	0.00702	0.00515	0.00511	0.00170	0.00782	0.00401	0.00241	0.00797
21	0.00746	0.00548	0.00699	0.00661	0.00794	0.00501	0.00496	0.00987	0.01488	0.02077	0.69770	0.04134	0.12846	0.01126	0.00633	0.00170	0.00255	0.00988	0.00581	0.00501
22	0.01086	0.00923	0.01082	0.00786	0.01235	0.00699	0.00626	0.01325	0.01145	0.01781	0.06917	0.01339	0.01128	0.00452	0.00416	0.00086	0.00386	0.00369	0.00339	0.77880
23	0.05556	0.52810	0.22461	0.01092	0.01610	0.01824	0.01193	0.01615	0.01080	0.01437	0.00801	0.00948	0.00682	0.00498	0.00457	0.00138	0.04533	0.00325	0.00234	0.00706
24	0.01014	0.00871	0.01141	0.01028	0.01115	0.01087	0.00823	0.01272	0.06845	0.01487	0.01619	0.07943	0.06828	0.02697	0.12713	0.00303	0.35175	0.00630	0.12045	0.03363
25	0.01364	0.50295	0.25243	0.01170	0.01718	0.07249	0.03271	0.01676	0.01138	0.01409	0.00826	0.00966	0.00690	0.00481	0.00411	0.00135	0.00676	0.00333	0.00233	0.00716
26	0.01902	0.01414	0.01520	0.01194	0.01590	0.01565	0.00975	0.65743	0.08220	0.03173	0.01460	0.06157	0.01129	0.00714	0.00547	0.00166	0.00561	0.00556	0.00535	0.00879
27	0.00911	0.00466	0.00693	0.00703	0.00705	0.00464	0.00469	0.00703	0.00725	0.00967	0.01090	0.07798	0.01136	0.01851	0.01988	0.77826	0.00454	0.00549	0.00254	0.00249
28	0.01441	0.72547	0.07500	0.00980	0.01451	0.05928	0.00991	0.01640	0.01115	0.01293	0.00764	0.00884	0.00688	0.00467	0.00362	0.00119	0.00608	0.00297	0.00232	0.00692
29	0.00781	0.00520	0.00585	0.00585	0.00585	0.00520	0.00325	0.00781	0.00781	0.01041	0.01691	0.03513	0.01952	0.81135	0.02732	0.00520	0.00520	0.00781	0.00325	0.00325
30	0.01316	0.01130	0.01189	0.01067	0.01368	0.01297	0.00831	0.04536	0.71073	0.02232	0.02332	0.02149	0.05562	0.00759	0.00551	0.00182	0.00421	0.00631	0.00543	0.00831
31	0.01113	0.00954	0.01113	0.00795	0.01272	0.00716	0.00636	0.01352	0.01113	0.01749	0.00954	0.01113	0.00795	0.00398	0.00398	0.00080	0.00398	0.00318	0.00318	0.84417
32	0.00645	0.00533	0.00567	0.00588	0.00743	0.00455	0.00434	0.00780	0.01200	0.01459	0.06927	0.17226	0.62406	0.01406	0.00644	0.00188	0.00282	0.02563	0.00501	0.00453
33	0.00649	0.00539	0.00554	0.00559	0.00718	0.00459	0.00408	0.00776	0.01187	0.01430	0.06632	0.08430	0.66724	0.07583	0.00800	0.00209	0.00293	0.01120	0.00487	0.00444
34	0.00654	0.00467	0.00623	0.00747	0.00779	0.00436	0.00498	0.00747	0.01028	0.01370	0.02959	0.80785	0.03550	0.01682	0.00685	0.00218	0.00311	0.01526	0.00498	0.00436
35	0.00742	0.00543	0.00696	0.00669	0.00794	0.00497	0.00498	0.00975	0.01461	0.02041	0.66404	0.09252	0.11105	0.01159	0.00637	0.00173	0.00259	0.01022	0.00577	0.00497
36	0.01999	0.01483	0.01588	0.01227	0.01649	0.01645	0.01010	0.71681	0.06907	0.03316	0.01342	0.01331	0.00956	0.00649	0.00538	0.00162	0.00581	0.00491	0.00538	0.00909
37	0.04473	0.00972	0.01245	0.00977	0.01377	0.00906	0.00801	0.05752	0.10941	0.63474	0.02054	0.01800	0.01330	0.00667	0.00535	0.00168	0.00457	0.00539	0.00635	0.00897
38	0.02041	0.01504	0.01611	0.01235	0.01665	0.01665	0.01020	0.75997	0.02524	0.03383	0.01289	0.01289	0.00913	0.00644	0.00537	0.00161	0.00591	0.00483	0.00537	0.00913
39	0.01965	0.04855	0.01558	0.01138	0.01538	0.01237	0.06701	0.33377	0.01873	0.29519	0.04124	0.01664	0.01232	0.03511	0.00613	0.00174	0.00543	0.00533	0.03003	0.00841
40	0.01747	0.01318	0.01467	0.01114	0.01544	0.01363	0.02112	0.50738	0.03712	0.04091	0.01242	0.01326	0.00929	0.02580	0.00557	0.00150	0.00538	0.00454	0.00473	0.22544
41	0.19062	0.09421	0.03013	0.01026	0.01352	0.11583	0.00854	0.19502	0.09947	0.02264	0.11170	0.01686	0.01470	0.00681	0.00517	0.00162	0.02518	0.02651	0.00421	0.00699
42	0.40440	0.06646	0.09940	0.00957	0.01382	0.01294	0.00882	0.16351	0.01366	0.14559	0.01097	0.01135	0.00784	0.00552	0.00426	0.00162	0.00510	0.00380	0.00407	0.00731
43	0.00940	0.00792	0.00811	0.03085	0.01005	0.07535	0.00597	0.01258	0.08308	0.03057	0.26081	0.09082	0.21915	0.01198	0.04031	0.00203	0.00414	0.02140	0.07011	0.00538

[dist]
# distance from previous block
# <min> <max>
1	3

[block]
# block no. 6 follows, 45 sequences, length 80
# corresponding to MSA columns:
# 335-393,395-415
name=unknown_G
#
# <colnr> <probs for GDERKNQSTAVLIFYWHMCP>
#	G	D	E	R	K	N	Q	S	T	A	V	L	I	F	Y	W	H	M	C	P
0	0.01283	0.01375	0.02335	0.05314	0.02207	0.07175	0.38822	0.03644	0.01175	0.01601	0.00988	0.01357	0.00803	0.00699	0.03059	0.00206	0.21860	0.00543	0.02396	0.03159
1	0.04318	0.01003	0.01594	0.61940	0.09727	0.01203	0.01413	0.05880	0.01175	0.01576	0.01056	0.01601	0.00841	0.00579	0.00538	0.00179	0.00680	0.03793	0.00274	0.00632
2	0.01357	0.01090	0.01181	0.01067	0.01357	0.01234	0.00846	0.08373	0.57504	0.04451	0.02171	0.02401	0.01727	0.00802	0.00561	0.00185	0.00441	0.08932	0.03516	0.00804
3	0.01625	0.04920	0.01400	0.01125	0.01466	0.06445	0.00909	0.26100	0.34355	0.06526	0.01845	0.01961	0.02855	0.00734	0.00544	0.00173	0.00523	0.05160	0.00514	0.00821
4	0.02048	0.01450	0.01573	0.01210	0.01635	0.01591	0.00998	0.68546	0.04501	0.08887	0.01375	0.01348	0.00964	0.00648	0.00537	0.00162	0.00576	0.00491	0.00547	0.00911
5	0.03407	0.02650	0.72702	0.01511	0.02272	0.01235	0.03924	0.01684	0.01138	0.01729	0.02392	0.01188	0.00763	0.00519	0.00511	0.00170	0.00776	0.00411	0.00238	0.00780
6	0.00779	0.00525	0.00611	0.00611	0.00620	0.00534	0.00357	0.00797	0.00788	0.01060	0.01668	0.03383	0.01895	0.74017	0.09773	0.00552	0.00605	0.00762	0.00322	0.00339
7	0.02041	0.01504	0.01611	0.01235	0.01665	0.01665	0.01020	0.75997	0.02524	0.03383	0.01289	0.01289	0.00913	0.00644	0.00537	0.00161	0.00591	0.00483	0.00537	0.00913
8	0.00932	0.00466	0.00699	0.00699	0.00699	0.00466	0.00466	0.00699	0.00699	0.00932	0.00932	0.01632	0.00932	0.01865	0.02098	0.84382	0.00466	0.00466	0.00233	0.00233
9	0.01635	0.01826	0.01652	0.09544	0.03727	0.36557	0.03932	0.09797	0.01375	0.01564	0.00872	0.01134	0.00730	0.00662	0.00852	0.00174	0.22606	0.00422	0.00289	0.00651
10	0.00767	0.00575	0.00863	0.00863	0.00959	0.00671	0.00671	0.00959	0.00863	0.01246	0.01438	0.02109	0.01342	0.04026	0.79008	0.00863	0.01438	0.00575	0.00288	0.00479
