[name]
unknown

[dist]
# distance from previous block
# <min> <max>
4	175

[block]
# block no. 0 follows, 47 sequences, length 10
# corresponding to MSA columns:
# 191-200
name=unknown_A
#
# <colnr> <probs for GDERKNQSTAVLIFYWHMCP>
#	G	D	E	R	K	N	Q	S	T	A	V	L	I	F	Y	W	H	M	C	P
0	0.00887	0.00552	0.00678	0.00685	0.00772	0.00522	0.00463	0.02927	0.01057	0.09136	0.07948	0.33743	0.09106	0.27604	0.01288	0.00294	0.00382	0.01050	0.00452	0.00453
1	0.00676	0.00492	0.00589	0.00632	0.00696	0.00457	0.00420	0.00769	0.01027	0.01347	0.11924	0.34793	0.18885	0.23485	0.01194	0.00279	0.00343	0.01138	0.00448	0.00405
2	0.00729	0.00496	0.00587	0.00611	0.00646	0.00480	0.00383	0.00797	0.00935	0.01276	0.11513	0.22108	0.05631	0.45843	0.01743	0.00363	0.00403	0.00954	0.04126	0.00375
3	0.05297	0.00654	0.00774	0.00748	0.00859	0.00698	0.00537	0.09329	0.02631	0.01544	0.04091	0.16765	0.03827	0.25030	0.20867	0.00436	0.00665	0.00781	0.03993	0.00474
4	0.07060	0.00824	0.00920	0.00823	0.01018	0.00885	0.00635	0.19711	0.03122	0.01921	0.06301	0.10196	0.17932	0.09071	0.12256	0.00301	0.03625	0.00754	0.02080	0.00567
5	0.03616	0.01006	0.01150	0.00971	0.01219	0.01114	0.00763	0.26160	0.14302	0.08521	0.06962	0.01998	0.01505	0.13010	0.10903	0.00302	0.04783	0.00575	0.00455	0.00685
6	0.01071	0.00858	0.01103	0.01136	0.08738	0.04254	0.00794	0.05126	0.06679	0.03872	0.01303	0.01777	0.01153	0.05884	0.33946	0.06479	0.07837	0.00516	0.03580	0.03892
7	0.01640	0.01289	0.01370	0.03705	0.07757	0.09573	0.00931	0.31828	0.10993	0.10391	0.04669	0.01821	0.08038	0.00779	0.02681	0.00178	0.00569	0.00551	0.00470	0.00767
8	0.01152	0.05948	0.11991	0.03440	0.10721	0.01098	0.03931	0.14104	0.05022	0.01773	0.01680	0.12267	0.06793	0.08306	0.04173	0.00228	0.03995	0.00661	0.00360	0.02356
9	0.00991	0.00782	0.00841	0.02996	0.01056	0.05142	0.00630	0.03136	0.08448	0.07111	0.10034	0.09014	0.30528	0.01093	0.00593	0.00177	0.00387	0.11330	0.00479	0.05234

[dist]
# distance from previous block
# <min> <max>
13	55

[block]
# block no. 1 follows, 47 sequences, length 91
# corresponding to MSA columns:
# 256-310,316-351
name=unknown_B
#
# <colnr> <probs for GDERKNQSTAVLIFYWHMCP>
#	G	D	E	R	K	N	Q	S	T	A	V	L	I	F	Y	W	H	M	C	P
0	0.56374	0.06721	0.02788	0.02195	0.02668	0.01234	0.07523	0.04736	0.02601	0.02151	0.00831	0.00973	0.00649	0.00481	0.00377	0.00153	0.00478	0.00336	0.00317	0.06413
1	0.16181	0.02138	0.50533	0.01481	0.03740	0.01226	0.12690	0.01622	0.01076	0.01768	0.00911	0.01104	0.00666	0.00492	0.00507	0.00167	0.02329	0.00404	0.00246	0.00720
2	0.01208	0.01169	0.02046	0.25692	0.46394	0.01231	0.09871	0.03179	0.01176	0.01624	0.00978	0.01330	0.00784	0.00481	0.00528	0.00163	0.00669	0.00480	0.00256	0.00740
3	0.00754	0.00516	0.00625	0.00625	0.00645	0.00536	0.00387	0.00794	0.00774	0.01052	0.01588	0.03117	0.01767	0.65063	0.19113	0.00576	0.00695	0.00715	0.00308	0.00347
4	0.00702	0.00500	0.00677	0.00795	0.00853	0.00480	0.00592	0.00837	0.01055	0.01394	0.02808	0.55922	0.03270	0.03313	0.00725	0.00227	0.00362	0.24570	0.00479	0.00438
5	0.00870	0.00484	0.00693	0.00706	0.00727	0.00487	0.00482	0.02298	0.00787	0.01054	0.01311	0.14123	0.01403	0.04883	0.05484	0.60789	0.00479	0.02365	0.00284	0.00291
6	0.00745	0.00555	0.00821	0.00821	0.00909	0.00642	0.00631	0.00920	0.00832	0.01197	0.01409	0.02126	0.01337	0.08458	0.75129	0.00818	0.01343	0.00570	0.00281	0.00456
7	0.02268	0.00997	0.01277	0.00979	0.01384	0.00929	0.00809	0.16833	0.01675	0.64254	0.01900	0.01672	0.01211	0.00641	0.00523	0.00160	0.00468	0.00513	0.00621	0.00886
8	0.01080	0.00926	0.01080	0.00771	0.01234	0.00694	0.00617	0.01311	0.01080	0.01697	0.00926	0.01080	0.00771	0.00386	0.00386	0.00077	0.00386	0.00309	0.00309	0.84882
9	0.01139	0.01139	0.01595	0.01367	0.01367	0.01595	0.01139	0.01253	0.00798	0.01253	0.00684	0.01139	0.00684	0.00911	0.01709	0.00228	0.80745	0.00456	0.00228	0.00570
10	0.01876	0.01596	0.10169	0.01230	0.01686	0.01570	0.01094	0.68371	0.02299	0.03101	0.01215	0.01234	0.00861	0.00611	0.00518	0.00157	0.00595	0.00460	0.00487	0.00873
11	0.85377	0.01007	0.00765	0.00685	0.01007	0.01168	0.00564	0.01531	0.00886	0.02336	0.00725	0.00846	0.00564	0.00483	0.00322	0.00161	0.00403	0.00282	0.00322	0.00564
12	0.00757	0.00505	0.00568	0.00568	0.00568	0.00505	0.00316	0.00757	0.00757	0.01010	0.01641	0.03408	0.01893	0.81698	0.02651	0.00505	0.00505	0.00757	0.00316	0.00316
13	0.01978	0.01507	0.01559	0.01205	0.01615	0.05334	0.00991	0.73154	0.02402	0.03186	0.01229	0.01235	0.00875	0.00621	0.00519	0.00155	0.00591	0.00462	0.00509	0.00872
14	0.01945	0.02482	0.01476	0.01342	0.01610	0.79608	0.01006	0.02079	0.01476	0.01275	0.00805	0.00939	0.00671	0.00537	0.00470	0.00134	0.00939	0.00335	0.00268	0.00604
15	0.01229	0.01405	0.03073	0.02195	0.02722	0.01317	0.76558	0.01668	0.01229	0.01668	0.01054	0.01405	0.00790	0.00439	0.00615	0.00176	0.00878	0.00615	0.00263	0.00702
16	0.00860	0.00527	0.00697	0.00720	0.00818	0.00485	0.00510	0.01005	0.01185	0.10154	0.25293	0.46002	0.03579	0.04739	0.00718	0.00204	0.00309	0.01182	0.00521	0.00490
17	0.21795	0.01193	0.01293	0.09836	0.01620	0.01328	0.00896	0.40336	0.01761	0.08323	0.01221	0.03110	0.00934	0.01993	0.00517	0.00169	0.00527	0.01956	0.00445	0.00746
18	0.01045	0.02694	0.79000	0.01484	0.02254	0.01209	0.01924	0.01649	0.01099	0.01649	0.00935	0.01099	0.00660	0.00495	0.00495	0.00165	0.00770	0.00385	0.00220	0.00770
19	0.00700	0.00481	0.00585	0.00642	0.00656	0.00466	0.00394	0.00742	0.00870	0.01160	0.02218	0.40027	0.02622	0.44085	0.01718	0.00367	0.00410	0.01097	0.00394	0.00366
20	0.01207	0.01154	0.01966	0.23893	0.58392	0.01216	0.01558	0.01527	0.01147	0.01602	0.00965	0.01316	0.00790	0.00479	0.00517	0.00160	0.00639	0.00464	0.00251	0.00759
21	0.01945	0.02482	0.01476	0.01342	0.01610	0.79608	0.01006	0.02079	0.01476	0.01275	0.00805	0.00939	0.00671	0.00537	0.00470	0.00134	0.00939	0.00335	0.00268	0.00604
22	0.08585	0.00895	0.01175	0.00908	0.01305	0.00796	0.00750	0.02462	0.01445	0.73056	0.01954	0.01703	0.01235	0.00632	0.00509	0.00161	0.00440	0.00506	0.00620	0.00862
23	0.00882	0.00561	0.00675	0.00650	0.00810	0.00494	0.00482	0.01038	0.01245	0.11833	0.21735	0.18890	0.33511	0.03953	0.00681	0.00189	0.00299	0.01046	0.00521	0.00504
24	0.00770	0.00626	0.00980	0.06373	0.01191	0.00610	0.09017	0.02593	0.01131	0.01527	0.14084	0.53280	0.03130	0.01313	0.00638	0.00196	0.00390	0.01209	0.00456	0.00485
25	0.00991	0.00614	0.00803	0.00824	0.00985	0.00578	0.00684	0.01191	0.01231	0.12232	0.09401	0.04817	0.16667	0.06596	0.00792	0.00228	0.00417	0.39930	0.00500	0.00519
26	0.05129	0.00927	0.01216	0.00936	0.01337	0.00833	0.00773	0.07217	0.01531	0.71419	0.01958	0.01708	0.01239	0.00638	0.00517	0.00161	0.00450	0.00512	0.00626	0.00875
27	0.24713	0.00951	0.01172	0.01206	0.13178	0.00954	0.00822	0.05893	0.01268	0.31448	0.01585	0.10350	0.01273	0.00698	0.00487	0.00167	0.00452	0.02187	0.00468	0.00728
28	0.00629	0.00508	0.00559	0.00588	0.00722	0.00439	0.00425	0.00757	0.01156	0.01432	0.09469	0.24984	0.53747	0.01384	0.00628	0.00184	0.00273	0.01189	0.00489	0.00439
29	0.00634	0.00453	0.00604	0.00725	0.00755	0.00423	0.00483	0.00725	0.00997	0.01329	0.02870	0.81358	0.03444	0.01632	0.00665	0.00211	0.00302	0.01480	0.00483	0.00423
30	0.07686	0.02380	0.01427	0.01296	0.01568	0.74211	0.00976	0.02042	0.01435	0.01348	0.00799	0.00933	0.00663	0.00533	0.00459	0.00136	0.00902	0.00332	0.00272	0.00601
31	0.00983	0.00926	0.01562	0.80447	0.03587	0.01157	0.01446	0.01331	0.01041	0.01331	0.00926	0.01388	0.00694	0.00521	0.00521	0.00174	0.00694	0.00463	0.00231	0.00579
32	0.01260	0.01084	0.01139	0.01026	0.01314	0.01242	0.00798	0.03878	0.70989	0.02144	0.02322	0.02142	0.06851	0.00747	0.00536	0.00176	0.00405	0.00622	0.00527	0.00799
33	0.00639	0.00459	0.00607	0.00718	0.00755	0.00427	0.00482	0.00738	0.01024	0.01369	0.06672	0.76061	0.04922	0.01597	0.00661	0.00208	0.00299	0.01446	0.00488	0.00427
34	0.00657	0.00529	0.00585	0.00571	0.00729	0.00457	0.00428	0.00827	0.01284	0.01638	0.30015	0.04631	0.53355	0.01233	0.00615	0.00172	0.00258	0.01046	0.00514	0.00457
35	0.00694	0.00516	0.00647	0.00646	0.00760	0.00468	0.00472	0.00888	0.01327	0.01812	0.49817	0.19479	0.18105	0.01224	0.00624	0.00175	0.00260	0.01078	0.00539	0.00468
36	0.01080	0.00926	0.01080	0.00771	0.01234	0.00694	0.00617	0.01311	0.01080	0.01697	0.00926	0.01080	0.00771	0.00386	0.00386	0.00077	0.00386	0.00309	0.00309	0.84882
37	0.01080	0.00926	0.01080	0.00771	0.01234	0.00694	0.00617	0.01311	0.01080	0.01697	0.00926	0.01080	0.00771	0.00386	0.00386	0.00077	0.00386	0.00309	0.00309	0.84882
38	0.00698	0.00531	0.00641	0.00614	0.00754	0.00475	0.00460	0.00906	0.01381	0.01867	0.54546	0.04254	0.28680	0.01147	0.00615	0.00168	0.00252	0.00993	0.00544	0.00475
39	0.00696	0.00511	0.00659	0.00746	0.00806	0.00495	0.00516	0.00902	0.06319	0.01477	0.11185	0.65615	0.03470	0.01501	0.00651	0.00204	0.00307	0.02985	0.00497	0.00459
40	0.01391	0.78848	0.02669	0.00896	0.01334	0.02024	0.00888	0.02995	0.01081	0.01265	0.00747	0.00867	0.00685	0.00517	0.01907	0.00127	0.00574	0.00288	0.00230	0.00668
41	0.01139	0.01139	0.01595	0.01367	0.01367	0.01595	0.01139	0.01253	0.00798	0.01253	0.00684	0.01139	0.00684	0.00911	0.01709	0.00228	0.80745	0.00456	0.00228	0.00570
42	0.10501	0.01125	0.01503	0.01291	0.01327	0.01548	0.01075	0.01284	0.00807	0.01374	0.00688	0.01107	0.00670	0.00864	0.01555	0.00220	0.71816	0.00436	0.00238	0.00569
43	0.02186	0.01098	0.09861	0.00994	0.01438	0.00832	0.00899	0.03903	0.01466	0.68745	0.01914	0.01687	0.01211	0.00628	0.00520	0.00161	0.00482	0.00507	0.00595	0.00873
44	0.00801	0.00544	0.00707	0.00668	0.00800	0.00498	0.00500	0.01029	0.01430	0.05666	0.66346	0.09165	0.07675	0.01094	0.00613	0.00167	0.00260	0.00965	0.00567	0.00503
45	0.01852	0.00883	0.01220	0.01139	0.09794	0.00814	0.00811	0.07180	0.01481	0.48121	0.14929	0.02038	0.01815	0.00751	0.00610	0.04199	0.00438	0.00582	0.00561	0.00780
46	0.00691	0.00529	0.00714	0.00796	0.00823	0.00553	0.00556	0.00784	0.00975	0.01321	0.02627	0.72443	0.03138	0.01551	0.00781	0.00213	0.09242	0.01367	0.00455	0.00439
47	0.85377	0.01007	0.00765	0.00685	0.01007	0.01168	0.00564	0.01531	0.00886	0.02336	0.00725	0.00846	0.00564	0.00483	0.00322	0.00161	0.00403	0.00282	0.00322	0.00564
48	0.01869	0.01399	0.01563	0.10005	0.01834	0.01564	0.01041	0.68336	0.02292	0.03065	0.01214	0.01266	0.00864	0.00614	0.00521	0.00158	0.00587	0.00468	0.00489	0.00851
49	0.00971	0.00485	0.00485	0.00485	0.00607	0.00485	0.00364	0.01213	0.01092	0.01942	0.01699	0.01942	0.01335	0.00607	0.00364	0.00121	0.00243	0.00485	0.84589	0.00485
50	0.01030	0.00873	0.01027	0.00766	0.01181	0.00664	0.00602	0.01246	0.01071	0.01656	0.01142	0.10002	0.01068	0.00524	0.00417	0.00092	0.00376	0.00439	0.00328	0.75496
51	0.01283	0.01231	0.02102	0.04787	0.76908	0.01236	0.01595	0.01593	0.01183	0.01694	0.00978	0.01291	0.00822	0.00465	0.00516	0.00155	0.00620	0.00464	0.00257	0.00820
52	0.00802	0.00571	0.00673	0.04402	0.00789	0.00556	0.00406	0.00846	0.00811	0.01107	0.01547	0.04335	0.01737	0.67473	0.02265	0.00437	0.00497	0.00705	0.00314	0.09728
53	0.00983	0.00926	0.01562	0.80447	0.03587	0.01157	0.01446	0.01331	0.01041	0.01331	0.00926	0.01388	0.00694	0.00521	0.00521	0.00174	0.00694	0.00463	0.00231	0.00579
54	0.00729	0.00535	0.00700	0.00667	0.00790	0.00506	0.00503	0.00961	0.01384	0.01944	0.64626	0.03762	0.09557	0.01398	0.09396	0.00239	0.00375	0.00910	0.00534	0.00485
55	0.01092	0.00817	0.01047	0.00921	0.01150	0.00798	0.04933	0.13746	0.07079	0.05519	0.09049	0.33392	0.04061	0.01057	0.00580	0.00173	0.00402	0.02115	0.00474	0.11596
56	0.07289	0.23239	0.13375	0.04886	0.01649	0.06297	0.01071	0.21112	0.09947	0.04770	0.01108	0.01172	0.00842	0.00547	0.00451	0.00148	0.00592	0.00399	0.00358	0.00749
57	0.02955	0.00989	0.01313	0.00946	0.01409	0.00797	0.09073	0.02988	0.01147	0.06598	0.01013	0.01158	0.00804	0.00415	0.00421	0.00097	0.00448	0.00359	0.00329	0.66741
58	0.08457	0.01280	0.01425	0.15687	0.14486	0.14194	0.01065	0.10799	0.05134	0.07311	0.02569	0.01573	0.05880	0.00735	0.03242	0.00185	0.04458	0.00489	0.00352	0.00679
59	0.01208	0.15694	0.36086	0.05407	0.11992	0.01415	0.07985	0.05811	0.01167	0.01635	0.00915	0.01130	0.00710	0.00515	0.00567	0.00160	0.06211	0.00410	0.00247	0.00737
60	0.00635	0.00483	0.00586	0.00662	0.00745	0.00434	0.00462	0.00746	0.01076	0.01377	0.05332	0.52344	0.28615	0.01510	0.00648	0.00199	0.00292	0.02939	0.00485	0.00431
61	0.01017	0.00960	0.01623	0.71861	0.11907	0.01166	0.01463	0.01360	0.01057	0.01372	0.00932	0.01377	0.00709	0.00514	0.00520	0.00171	0.00686	0.00463	0.00234	0.00606
62	0.02761	0.00858	0.09481	0.00818	0.01058	0.00665	0.00708	0.01327	0.03871	0.15548	0.18048	0.12614	0.13079	0.07107	0.07988	0.00259	0.00487	0.02279	0.00469	0.00576
63	0.01829	0.01127	0.01474	0.09974	0.03044	0.01168	0.05545	0.32136	0.01769	0.27876	0.01587	0.07478	0.01184	0.00682	0.00538	0.00165	0.00542	0.00571	0.00507	0.00805
64	0.01015	0.00666	0.00837	0.00739	0.00919	0.00640	0.00571	0.09535	0.01584	0.08929	0.62970	0.03412	0.04149	0.00979	0.00596	0.00163	0.00299	0.00853	0.00574	0.00570
65	0.00886	0.00452	0.00673	0.00682	0.00684	0.00450	0.00454	0.00682	0.00700	0.00934	0.01040	0.07072	0.01079	0.01797	0.01941	0.79025	0.00442	0.00523	0.00244	0.00240
66	0.01643	0.34370	0.06666	0.01129	0.01527	0.25780	0.01004	0.15306	0.05085	0.01682	0.00923	0.01011	0.00752	0.00521	0.00429	0.00133	0.00684	0.00351	0.00305	0.00701
67	0.01297	0.01123	0.01576	0.01402	0.05044	0.01486	0.01117	0.02989	0.00928	0.09936	0.00862	0.01219	0.00762	0.00854	0.01496	0.00215	0.66325	0.00464	0.00282	0.00624
68	0.01321	0.00830	0.00971	0.00821	0.01071	0.00822	0.00646	0.18758	0.04147	0.16416	0.23585	0.03033	0.16437	0.06475	0.00715	0.00189	0.00389	0.02192	0.00537	0.00645
69	0.00845	0.00676	0.00821	0.09574	0.01171	0.01875	0.00653	0.06165	0.01290	0.01665	0.19079	0.05559	0.28134	0.06850	0.00759	0.00206	0.00394	0.13327	0.00461	0.00497
70	0.01148	0.16724	0.33453	0.10282	0.02240	0.01420	0.16610	0.01562	0.01082	0.01500	0.00894	0.01148	0.00694	0.00518	0.00611	0.00164	0.08594	0.00427	0.00231	0.00697
71	0.00691	0.00529	0.00714	0.00796	0.00823	0.00553	0.00556	0.00784	0.00975	0.01321	0.02627	0.72443	0.03138	0.01551	0.00781	0.00213	0.09242	0.01367	0.00455	0.00439
72	0.00659	0.00495	0.00609	0.00662	0.00753	0.00449	0.00470	0.00795	0.01146	0.01502	0.18437	0.40910	0.24179	0.03079	0.00684	0.00199	0.00291	0.03745	0.00498	0.00441
73	0.01246	0.01051	0.01664	0.44626	0.06492	0.01191	0.09288	0.09946	0.07728	0.07007	0.01221	0.03090	0.00936	0.00580	0.00537	0.00172	0.00645	0.01574	0.00330	0.00675
74	0.01546	0.17702	0.09576	0.02822	0.01825	0.12354	0.14648	0.20037	0.09672	0.03228	0.01118	0.01223	0.00852	0.00538	0.00492	0.00151	0.00678	0.00444	0.00348	0.00747
75	0.26340	0.03348	0.02437	0.16741	0.01707	0.11018	0.02065	0.12807	0.01260	0.01986	0.01016	0.03046	0.00814	0.00574	0.00485	0.00158	0.03757	0.00416	0.09406	0.00617
76	0.00983	0.00926	0.01562	0.80447	0.03587	0.01157	0.01446	0.01331	0.01041	0.01331	0.00926	0.01388	0.00694	0.00521	0.00521	0.00174	0.00694	0.00463	0.00231	0.00579
77	0.00744	0.00558	0.00837	0.00837	0.00930	0.00651	0.00651	0.00930	0.00837	0.01209	0.01395	0.02046	0.01302	0.03906	0.79635	0.00837	0.01395	0.00558	0.00279	0.00465
78	0.00752	0.00562	0.00713	0.00675	0.00809	0.00536	0.00509	0.01042	0.05028	0.01967	0.62268	0.03778	0.11545	0.01267	0.06047	0.00212	0.00334	0.00914	0.00542	0.00500
79	0.02019	0.01395	0.01523	0.01168	0.01583	0.01521	0.00965	0.68470	0.02342	0.11676	0.01340	0.01308	0.00930	0.00627	0.00521	0.00157	0.00559	0.00475	0.00535	0.00886
80	0.00765	0.00575	0.00735	0.00815	0.00954	0.00546	0.00691	0.00968	0.01195	0.01508	0.03597	0.05587	0.28075	0.01399	0.00685	0.00218	0.00408	0.50332	0.00481	0.00466
81	0.15370	0.00930	0.01140	0.00897	0.01276	0.00878	0.00738	0.06573	0.02921	0.58210	0.04481	0.01674	0.01285	0.00634	0.00495	0.00161	0.00437	0.00498	0.00582	0.00820
82	0.01364	0.75671	0.08826	0.00938	0.01410	0.01993	0.00974	0.01567	0.01061	0.01259	0.00741	0.00856	0.00668	0.00449	0.00347	0.00116	0.00574	0.00287	0.00223	0.00676
83	0.00633	0.00528	0.00552	0.00546	0.00714	0.00447	0.00409	0.00781	0.01228	0.01504	0.15654	0.04852	0.67800	0.01283	0.00615	0.00174	0.00261	0.01077	0.00496	0.00447
84	0.00688	0.00526	0.00631	0.00614	0.00750	0.00469	0.00457	0.00884	0.01345	0.01802	0.47923	0.08722	0.30924	0.01188	0.00618	0.00171	0.00255	0.01029	0.00536	0.00469
85	0.01430	0.76540	0.02643	0.00922	0.01355	0.07396	0.00899	0.01595	0.01087	0.01229	0.00730	0.00843	0.00668	0.00452	0.00343	0.00113	0.00583	0.00282	0.00226	0.00664
86	0.00628	0.00486	0.00573	0.00639	0.00733	0.00431	0.00446	0.00739	0.01086	0.01375	0.05113	0.47445	0.35469	0.01489	0.00643	0.00195	0.00285	0.01309	0.00485	0.00431
87	0.01832	0.01375	0.01538	0.09995	0.01814	0.01537	0.01029	0.65447	0.03929	0.03009	0.01260	0.02601	0.00922	0.00632	0.00523	0.00160	0.00578	0.00488	0.00488	0.00843
88	0.01758	0.01271	0.01420	0.01120	0.03279	0.01318	0.00894	0.51705	0.02030	0.08062	0.02691	0.02615	0.01005	0.00598	0.00497	0.00141	0.00516	0.00465	0.00480	0.18134
89	0.00646	0.00477	0.00605	0.00681	0.00750	0.00436	0.00470	0.00766	0.01099	0.01453	0.14246	0.57087	0.16385	0.01496	0.00649	0.00198	0.00287	0.01337	0.00497	0.00436
90	0.01131	0.00908	0.02692	0.01211	0.12797	0.00904	0.00821	0.09433	0.16452	0.05473	0.31615	0.06814	0.04573	0.00869	0.00571	0.00168	0.00396	0.02007	0.00499	0.00667

[dist]
# distance from previous block
# <min> <max>
1	3

[block]
# block no. 2 follows, 47 sequences, length 19
# corresponding to MSA columns:
# 355-373
name=unknown_C
#
# <colnr> <probs for GDERKNQSTAVLIFYWHMCP>
#	G	D	E	R	K	N	Q	S	T	A	V	L	I	F	Y	W	H	M	C	P
0	0.01275	0.00828	0.01051	0.01045	0.05640	0.00844	0.00773	0.10562	0.11030	0.15576	0.07689	0.19021	0.04306	0.02511	0.00657	0.00194	0.01891	0.13948	0.00507	0.00651
1	0.00720	0.00526	0.00677	0.00651	0.00771	0.00482	0.00484	0.00946	0.01417	0.01981	0.67102	0.09709	0.10336	0.01126	0.00618	0.00168	0.00251	0.00994	0.00560	0.00482
2	0.02797	0.01085	0.01902	0.45125	0.19276	0.01208	0.14213	0.01520	0.04856	0.01529	0.01014	0.01386	0.00780	0.00503	0.00532	0.00170	0.00690	0.00491	0.00259	0.00664
3	0.01156	0.00750	0.00897	0.00814	0.01015	0.00762	0.00623	0.01690	0.22021	0.14478	0.26737	0.03130	0.05762	0.11725	0.00856	0.00218	0.00375	0.05843	0.00529	0.00620
4	0.00630	0.00525	0.00549	0.00549	0.00714	0.00445	0.00410	0.00773	0.01213	0.01481	0.13447	0.07706	0.67166	0.01302	0.00617	0.00176	0.00263	0.01095	0.00494	0.00445
5	0.01392	0.82012	0.02729	0.00891	0.01337	0.02061	0.00891	0.01559	0.01058	0.01225	0.00724	0.00835	0.00668	0.00446	0.00334	0.00111	0.00557	0.00278	0.00223	0.00668
6	0.00741	0.00498	0.00573	0.00588	0.00592	0.00494	0.00337	0.00753	0.00789	0.01051	0.01801	0.13556	0.02095	0.71275	0.02392	0.00467	0.00478	0.00851	0.00337	0.00330
7	0.01002	0.00956	0.01610	0.72252	0.03397	0.01194	0.03671	0.01335	0.01029	0.01335	0.00912	0.01370	0.00696	0.00547	0.00611	0.00178	0.06626	0.00467	0.00232	0.00582
8	0.01058	0.11086	0.01114	0.03736	0.01090	0.06657	0.00663	0.01308	0.04124	0.07407	0.35785	0.02865	0.09978	0.02799	0.05817	0.00210	0.02568	0.00724	0.00455	0.00559
9	0.00757	0.00505	0.00568	0.00568	0.00568	0.00505	0.00316	0.00757	0.00757	0.01010	0.01641	0.03408	0.01893	0.81698	0.02651	0.00505	0.00505	0.00757	0.00316	0.00316
10	0.01403	0.00677	0.00900	0.00779	0.01014	0.00601	0.00611	0.01609	0.01414	0.34521	0.33026	0.10431	0.06918	0.00963	0.00583	0.00170	0.00342	0.02802	0.00588	0.00649
11	0.01841	0.01333	0.01456	0.01147	0.01523	0.01466	0.00942	0.65789	0.02252	0.05071	0.01405	0.05374	0.01105	0.00823	0.03468	0.00187	0.00584	0.02889	0.00512	0.00834
12	0.00811	0.00587	0.00738	0.00816	0.02495	0.00575	0.00560	0.05693	0.05116	0.03187	0.02804	0.59836	0.08254	0.03548	0.00692	0.00210	0.00341	0.02764	0.00482	0.00491
13	0.00887	0.00500	0.00760	0.04623	0.00862	0.00507	0.02122	0.00741	0.00735	0.00977	0.01092	0.06928	0.01131	0.07619	0.01886	0.67093	0.00467	0.00546	0.00251	0.00273
14	0.00971	0.00485	0.00485	0.00485	0.00607	0.00485	0.00364	0.01213	0.01092	0.01942	0.01699	0.01942	0.01335	0.00607	0.00364	0.00121	0.00243	0.00485	0.84589	0.00485
15	0.70264	0.09260	0.01022	0.00754	0.01089	0.05387	0.00632	0.03610	0.00977	0.02195	0.00743	0.00861	0.00589	0.00486	0.00337	0.00155	0.00451	0.00290	0.00315	0.00585
16	0.00811	0.00546	0.00687	0.00658	0.00799	0.00491	0.00491	0.01011	0.01359	0.07143	0.49200	0.13840	0.18689	0.01157	0.00615	0.00172	0.00270	0.01012	0.00549	0.00500
17	0.01649	0.36704	0.02057	0.01221	0.04938	0.34110	0.00987	0.07101	0.01326	0.01414	0.00805	0.00939	0.00692	0.00514	0.00463	0.00130	0.03693	0.00330	0.00265	0.00660
18	0.00879	0.02885	0.02944	0.06035	0.04587	0.00724	0.00747	0.06622	0.03637	0.01620	0.07311	0.33419	0.10594	0.01240	0.00622	0.00196	0.00409	0.14546	0.00453	0.00530

[dist]
# distance from previous block
# <min> <max>
0	2

[block]
# block no. 3 follows, 47 sequences, length 6
# corresponding to MSA columns:
# 376-381
name=unknown_D
#
# <colnr> <probs for GDERKNQSTAVLIFYWHMCP>
#	G	D	E	R	K	N	Q	S	T	A	V	L	I	F	Y	W	H	M	C	P
0	0.01049	0.04170	0.02882	0.04059	0.08785	0.00847	0.02335	0.07060	0.05874	0.04733	0.06594	0.18134	0.03878	0.15769	0.04297	0.00255	0.00501	0.00764	0.00394	0.07619
1	0.01528	0.06014	0.01104	0.00839	0.01132	0.00835	0.00668	0.04813	0.09889	0.32643	0.07417	0.09971	0.10085	0.05840	0.00667	0.00183	0.00407	0.00700	0.00525	0.04739
2	0.00971	0.00485	0.00485	0.00485	0.00607	0.00485	0.00364	0.01213	0.01092	0.01942	0.01699	0.01942	0.01335	0.00607	0.00364	0.00121	0.00243	0.00485	0.84589	0.00485
3	0.05175	0.00946	0.01023	0.00868	0.01103	0.02876	0.00659	0.24386	0.04841	0.09830	0.05035	0.06239	0.06200	0.22165	0.04068	0.00277	0.00516	0.00652	0.00448	0.02692
4	0.17368	0.13764	0.01593	0.04261	0.13494	0.15689	0.00978	0.09915	0.05615	0.04727	0.01123	0.01244	0.03361	0.00567	0.00502	0.00152	0.04221	0.00408	0.00330	0.00687
5	0.12468	0.23094	0.14762	0.02902	0.03258	0.04691	0.02684	0.10428	0.04925	0.05316	0.04088	0.01240	0.00954	0.00656	0.03335	0.00170	0.00602	0.00401	0.00327	0.03700

[dist]
# distance from previous block
# <min> <max>
0	12

[block]
# block no. 4 follows, 47 sequences, length 18
# corresponding to MSA columns:
# 394-411
name=unknown_E
#
# <colnr> <probs for GDERKNQSTAVLIFYWHMCP>
#	G	D	E	R	K	N	Q	S	T	A	V	L	I	F	Y	W	H	M	C	P
0	0.01172	0.07483	0.01207	0.01036	0.07111	0.03695	0.00733	0.15906	0.01280	0.01730	0.04781	0.11757	0.01503	0.10886	0.08271	0.07431	0.00571	0.00616	0.00363	0.12468
1	0.21541	0.16053	0.19378	0.07665	0.08108	0.05590	0.01155	0.05381	0.01163	0.08162	0.00951	0.01085	0.00719	0.00504	0.00431	0.00152	0.00597	0.00367	0.00302	0.00698
2	0.08094	0.17347	0.04409	0.07411	0.08920	0.13343	0.01028	0.24199	0.01544	0.02017	0.01200	0.02585	0.04587	0.00588	0.00466	0.00148	0.00613	0.00440	0.00348	0.00712
3	0.00743	0.00535	0.00705	0.00757	0.00818	0.00548	0.00529	0.04503	0.00998	0.01355	0.02270	0.47972	0.02592	0.12073	0.20619	0.00401	0.00613	0.01111	0.00413	0.00443
4	0.04750	0.16944	0.01880	0.11375	0.24753	0.08314	0.03386	0.03661	0.04964	0.12215	0.01110	0.01270	0.00858	0.00534	0.00497	0.01402	0.00606	0.00428	0.00324	0.00732
5	0.01167	0.01330	0.07559	0.21307	0.04959	0.01265	0.40339	0.01733	0.11673	0.01655	0.01158	0.01451	0.00869	0.00500	0.00569	0.00174	0.00754	0.00554	0.00289	0.00697
6	0.00971	0.00485	0.00485	0.00485	0.00607	0.00485	0.00364	0.01213	0.01092	0.01942	0.01699	0.01942	0.01335	0.00607	0.00364	0.00121	0.00243	0.00485	0.84589	0.00485
7	0.47343	0.00928	0.00997	0.22315	0.01704	0.01061	0.00805	0.01485	0.01013	0.08189	0.02902	0.01458	0.06804	0.00584	0.00421	0.00166	0.00471	0.00428	0.00342	0.00583
8	0.01821	0.01321	0.01688	0.03238	0.01744	0.01410	0.11358	0.51667	0.02043	0.11503	0.01315	0.01381	0.00938	0.00790	0.05128	0.00199	0.00651	0.00500	0.00478	0.00828
9	0.00782	0.00535	0.00741	0.06279	0.01026	0.00523	0.00615	0.00926	0.01080	0.05201	0.07390	0.54157	0.03143	0.02982	0.00691	0.00213	0.00363	0.12409	0.00476	0.00467
10	0.00643	0.00459	0.00614	0.00735	0.00769	0.00430	0.00498	0.00740	0.01005	0.01339	0.02866	0.78274	0.03426	0.01624	0.00667	0.00213	0.00309	0.04482	0.00483	0.00425
11	0.01881	0.01498	0.01432	0.01146	0.01503	0.13866	0.00919	0.52233	0.03936	0.07230	0.01283	0.01390	0.00962	0.05198	0.00629	0.00172	0.00606	0.00471	0.02849	0.00796
12	0.62594	0.00990	0.00884	0.00756	0.01069	0.01107	0.00620	0.01491	0.00939	0.04254	0.02925	0.01011	0.00742	0.00524	0.00453	0.00155	0.06658	0.00324	0.00329	0.12178
13	0.00968	0.00642	0.00769	0.00776	0.00887	0.04397	0.00559	0.01099	0.01098	0.11782	0.10117	0.38054	0.03938	0.09214	0.11719	0.00310	0.00519	0.02195	0.00460	0.00498
14	0.11324	0.13185	0.03760	0.05788	0.05558	0.11240	0.03438	0.03416	0.02441	0.03202	0.00916	0.01157	0.00771	0.00815	0.06800	0.00203	0.13083	0.00390	0.00283	0.12229
15	0.66653	0.00963	0.00838	0.07161	0.01204	0.01115	0.00637	0.04100	0.00968	0.02225	0.00855	0.01023	0.00667	0.00598	0.02586	0.00178	0.00448	0.00327	0.06887	0.00567
16	0.01700	0.04809	0.01435	0.01222	0.03590	0.36463	0.00930	0.22103	0.07881	0.02009	0.11438	0.01507	0.01378	0.00640	0.00504	0.00147	0.00681	0.00475	0.00397	0.00691
17	0.07499	0.01099	0.14012	0.05351	0.01292	0.04185	0.00830	0.03327	0.01257	0.01795	0.26228	0.02839	0.14324	0.03644	0.00613	0.00172	0.00442	0.03283	0.00412	0.07395

[dist]
# distance from previous block
# <min> <max>
0	2

[block]
# block no. 5 follows, 47 sequences, length 19
# corresponding to MSA columns:
# 414-432
name=unknown_F
#
# <colnr> <probs for GDERKNQSTAVLIFYWHMCP>
#	G	D	E	R	K	N	Q	S	T	A	V	L	I	F	Y	W	H	M	C	P
0	0.16482	0.16193	0.04978	0.04964	0.17105	0.03169	0.03841	0.05075	0.01141	0.01799	0.01125	0.01324	0.02775	0.00534	0.00450	0.00146	0.02240	0.00415	0.15594	0.00651
1	0.00945	0.00483	0.00495	0.00504	0.00618	0.00481	0.00373	0.01176	0.01085	0.01894	0.01789	0.08053	0.01497	0.00686	0.00387	0.00128	0.00247	0.00562	0.78116	0.00481
2	0.00708	0.00525	0.00660	0.00688	0.00782	0.00495	0.00490	0.00929	0.04684	0.01686	0.34617	0.35805	0.11438	0.03189	0.00679	0.00193	0.00284	0.01159	0.00519	0.00469
3	0.00943	0.00772	0.01049	0.00968	0.01065	0.00948	0.00763	0.05807	0.05393	0.01387	0.01290	0.01903	0.01204	0.09451	0.46097	0.00591	0.18996	0.00548	0.00300	0.00523
4	0.08942	0.07297	0.01254	0.00908	0.01273	0.09154	0.00745	0.04089	0.02999	0.41926	0.01567	0.01482	0.01073	0.00581	0.00462	0.00144	0.00482	0.00444	0.07475	0.07703
5	0.00753	0.00549	0.00699	0.00676	0.00797	0.00513	0.00500	0.03359	0.01412	0.01964	0.59292	0.16216	0.08992	0.01156	0.00619	0.00172	0.00266	0.01022	0.00552	0.00490
6	0.03422	0.39209	0.20388	0.01305	0.04385	0.06228	0.11177	0.01657	0.03671	0.01477	0.02171	0.01083	0.00787	0.00482	0.00434	0.00140	0.00660	0.00379	0.00250	0.00698
7	0.01247	0.29067	0.43363	0.01249	0.01841	0.09678	0.01445	0.01647	0.01135	0.01480	0.02910	0.01069	0.00777	0.00498	0.00442	0.00144	0.00702	0.00359	0.00235	0.00711
8	0.01441	0.75330	0.02632	0.00917	0.01360	0.02024	0.00899	0.07793	0.01173	0.01396	0.00768	0.00870	0.00686	0.00460	0.00350	0.00115	0.00558	0.00294	0.00247	0.00686
9	0.00971	0.00485	0.00485	0.00485	0.00607	0.00485	0.00364	0.01213	0.01092	0.01942	0.01699	0.01942	0.01335	0.00607	0.00364	0.00121	0.00243	0.00485	0.84589	0.00485
10	0.01143	0.00950	0.01468	0.57616	0.04725	0.01105	0.01264	0.01586	0.09087	0.07882	0.01145	0.01452	0.00846	0.00539	0.00511	0.00165	0.00618	0.00469	0.00303	0.07124
11	0.01393	0.07873	0.01357	0.01064	0.01387	0.01401	0.00852	0.12364	0.61325	0.02244	0.01890	0.01760	0.01421	0.00674	0.00512	0.00169	0.00445	0.00547	0.00503	0.00819
12	0.01295	0.01119	0.01178	0.01060	0.01354	0.01295	0.00824	0.02767	0.77509	0.02178	0.02120	0.01943	0.01590	0.00707	0.00530	0.00177	0.00412	0.00589	0.00530	0.00824
13	0.00715	0.00531	0.00665	0.00632	0.00764	0.00482	0.00474	0.00940	0.01422	0.01965	0.64936	0.04094	0.18230	0.01111	0.00614	0.00166	0.00249	0.00970	0.00557	0.00482
14	0.00905	0.00452	0.00678	0.00678	0.00678	0.00452	0.00452	0.00678	0.00678	0.00905	0.00905	0.01583	0.00905	0.01809	0.02035	0.84848	0.00452	0.00452	0.00226	0.00226
15	0.01295	0.01131	0.01276	0.01283	0.09422	0.01289	0.00905	0.02645	0.69522	0.02129	0.02000	0.01875	0.01510	0.00681	0.00528	0.00174	0.00434	0.00576	0.00501	0.00824
16	0.00959	0.00902	0.00938	0.00917	0.01038	0.14979	0.00701	0.01127	0.00956	0.01219	0.01344	0.04527	0.01275	0.05370	0.60495	0.00679	0.01251	0.00554	0.00285	0.00485
17	0.09095	0.01179	0.02157	0.04721	0.08394	0.02586	0.39129	0.01589	0.01146	0.08035	0.01177	0.04289	0.00952	0.00892	0.08880	0.00243	0.03991	0.00572	0.00307	0.00668
18	0.01479	0.01731	0.15927	0.02869	0.08931	0.19194	0.10436	0.07376	0.03802	0.08120	0.02972	0.01283	0.00913	0.00523	0.00499	0.00146	0.00688	0.00438	0.00329	0.12345

[dist]
# distance from previous block
# <min> <max>
9	12

[block]
# block no. 6 follows, 47 sequences, length 7
# corresponding to MSA columns:
# 445-451
name=unknown_G
#
# <colnr> <probs for GDERKNQSTAVLIFYWHMCP>
#	G	D	E	R	K	N	Q	S	T	A	V	L	I	F	Y	W	H	M	C	P
0	0.01165	0.00845	0.01162	0.00896	0.01252	0.00697	0.07458	0.01400	0.01217	0.12632	0.15589	0.09374	0.01868	0.00671	0.00495	0.00127	0.00404	0.00595	0.00418	0.41736
1	0.07385	0.43369	0.02278	0.01129	0.01545	0.04298	0.14856	0.01527	0.01107	0.01464	0.01000	0.01447	0.00915	0.00539	0.00431	0.00137	0.00596	0.07457	0.00271	0.08250
2	0.01127	0.08058	0.46170	0.01644	0.11937	0.01237	0.08749	0.04375	0.01204	0.01727	0.07921	0.01391	0.01087	0.00538	0.00509	0.00160	0.00690	0.00462	0.00272	0.00742
3	0.01367	0.04905	0.19414	0.02038	0.22172	0.01364	0.21420	0.17349	0.01437	0.01993	0.01036	0.01251	0.00785	0.00497	0.00531	0.00161	0.00709	0.00480	0.00305	0.00786
4	0.00699	0.00541	0.00782	0.15490	0.01280	0.00559	0.00662	0.00837	0.01005	0.01330	0.02510	0.66548	0.02935	0.01426	0.00638	0.00204	0.00375	0.01292	0.00437	0.00452
5	0.01309	0.01369	0.01850	0.15404	0.41881	0.15684	0.05656	0.01584	0.01204	0.01532	0.01079	0.07048	0.00963	0.00570	0.00524	0.00159	0.00682	0.00522	0.00272	0.00707
6	0.01339	0.16283	0.01998	0.08199	0.35671	0.09980	0.03558	0.01729	0.09426	0.01587	0.02832	0.01306	0.00943	0.00523	0.00512	0.00151	0.02498	0.00444	0.00287	0.00735

[dist]
# distance from previous block
# <min> <max>
0	3

[block]
# block no. 7 follows, 47 sequences, length 8
# corresponding to MSA columns:
# 455-462
name=unknown_H
#
# <colnr> <probs for GDERKNQSTAVLIFYWHMCP>
#	G	D	E	R	K	N	Q	S	T	A	V	L	I	F	Y	W	H	M	C	P
0	0.01254	0.17454	0.01860	0.09355	0.35145	0.08914	0.01165	0.01469	0.01102	0.01411	0.01019	0.01534	0.00948	0.14316	0.00839	0.00205	0.00625	0.00464	0.00259	0.00662
1	0.00978	0.00779	0.00861	0.00737	0.00998	0.00722	0.00572	0.13895	0.03680	0.01890	0.12783	0.08560	0.32697	0.00984	0.00554	0.00154	0.00346	0.00823	0.00468	0.17519
2	0.15968	0.17535	0.01764	0.01116	0.01530	0.01534	0.07966	0.34538	0.04237	0.05188	0.01086	0.01150	0.00813	0.00544	0.00455	0.00149	0.00554	0.00414	0.00402	0.03056
3	0.01102	0.00719	0.00976	0.08347	0.01268	0.02920	0.00769	0.01293	0.01049	0.14496	0.01730	0.02802	0.01615	0.10770	0.30437	0.00469	0.02799	0.15520	0.00380	0.00541
4	0.01155	0.00818	0.01032	0.14361	0.01462	0.00846	0.00761	0.16375	0.01540	0.09263	0.27650	0.02961	0.17872	0.00896	0.00571	0.00166	0.00410	0.00758	0.00493	0.00612
5	0.01177	0.01239	0.01545	0.64533	0.03189	0.16939	0.01358	0.01481	0.01129	0.01319	0.00901	0.01298	0.00689	0.00524	0.00510	0.00166	0.00743	0.00437	0.00239	0.00584
6	0.00988	0.00908	0.01489	0.53697	0.12985	0.01070	0.01293	0.01304	0.01125	0.01506	0.14088	0.01792	0.01430	0.00620	0.00579	0.00171	0.03521	0.00544	0.00293	0.00596
7	0.01105	0.01027	0.01580	0.48003	0.15802	0.01217	0.01334	0.01662	0.16438	0.01561	0.01165	0.01473	0.00896	0.00565	0.00571	0.00173	0.03975	0.00488	0.00296	0.00670

[dist]
# distance from previous block
# <min> <max>
0	23

[block]
# block no. 8 follows, 47 sequences, length 42
# corresponding to MSA columns:
# 486-493,495-528
name=unknown_I
#
# <colnr> <probs for GDERKNQSTAVLIFYWHMCP>
#	G	D	E	R	K	N	Q	S	T	A	V	L	I	F	Y	W	H	M	C	P
0	0.01042	0.00981	0.01667	0.50749	0.23623	0.01120	0.03248	0.01360	0.01081	0.01439	0.01110	0.08213	0.00968	0.00598	0.00534	0.00172	0.00645	0.00554	0.00261	0.00635
1	0.01415	0.70809	0.02532	0.00925	0.01353	0.03750	0.00891	0.03968	0.07660	0.01371	0.00861	0.00945	0.00754	0.00475	0.00360	0.00119	0.00554	0.00312	0.00259	0.00687
2	0.00693	0.00529	0.00638	0.00624	0.00761	0.00473	0.00469	0.00891	0.01342	0.01797	0.46742	0.08242	0.30155	0.01193	0.00621	0.00173	0.00262	0.03390	0.00535	0.00470
3	0.00816	0.00775	0.07529	0.00875	0.01019	0.00721	0.00730	0.03286	0.00950	0.01354	0.06305	0.07912	0.01659	0.11578	0.48346	0.00611	0.04077	0.00649	0.00317	0.00490
4	0.01377	0.01352	0.02039	0.08645	0.54090	0.08026	0.06909	0.08060	0.01311	0.01769	0.00989	0.01271	0.00804	0.00487	0.00520	0.00156	0.00667	0.00464	0.00280	0.00783
5	0.01836	0.01119	0.01262	0.01031	0.01386	0.03304	0.00830	0.18612	0.27262	0.31539	0.04829	0.01776	0.01427	0.00675	0.00527	0.00165	0.00467	0.00545	0.00566	0.00842
6	0.00644	0.00457	0.00601	0.00713	0.00740	0.00430	0.00470	0.00728	0.00978	0.01304	0.02772	0.75132	0.03320	0.08027	0.00823	0.00235	0.00318	0.01423	0.00470	0.00414
7	0.85377	0.01007	0.00765	0.00685	0.01007	0.01168	0.00564	0.01531	0.00886	0.02336	0.00725	0.00846	0.00564	0.00483	0.00322	0.00161	0.00403	0.00282	0.00322	0.00564
8	0.04390	0.06847	0.01249	0.02044	0.01300	0.00942	0.00703	0.07820	0.03050	0.01804	0.00990	0.02701	0.00835	0.00470	0.00455	0.00102	0.03637	0.00358	0.00326	0.59977
9	0.69087	0.06042	0.02899	0.00790	0.01118	0.07953	0.00669	0.01576	0.00950	0.02136	0.00736	0.00867	0.00585	0.00496	0.00373	0.00158	0.02387	0.00293	0.00307	0.00579
10	0.01876	0.01428	0.01503	0.01180	0.01576	0.03164	0.00965	0.64052	0.13729	0.03075	0.01372	0.01348	0.00987	0.00636	0.00521	0.00159	0.00556	0.00484	0.00517	0.00871
11	0.01176	0.04671	0.36739	0.03513	0.15565	0.02371	0.05757	0.01581	0.01153	0.07500	0.06676	0.01597	0.01160	0.07495	0.00695	0.00190	0.00657	0.00492	0.00297	0.00715
12	0.02257	0.00910	0.01213	0.00934	0.01328	0.00809	0.00770	0.07158	0.01550	0.71303	0.04729	0.01815	0.01393	0.00658	0.00527	0.00161	0.00444	0.00535	0.00634	0.00872
13	0.26827	0.06907	0.41182	0.01220	0.03552	0.01262	0.01351	0.01608	0.01026	0.04163	0.00877	0.01033	0.00656	0.00519	0.00512	0.00164	0.05824	0.00358	0.00266	0.00693
14	0.03129	0.13310	0.02961	0.01177	0.01560	0.08210	0.05710	0.41058	0.05876	0.02458	0.04102	0.03460	0.01136	0.00646	0.00505	0.00155	0.00591	0.02756	0.00431	0.00768
15	0.02002	0.00928	0.01209	0.05946	0.01428	0.00884	0.00793	0.13271	0.01541	0.53107	0.04730	0.01892	0.01382	0.07594	0.00709	0.00191	0.00476	0.00548	0.00569	0.00803
16	0.01433	0.01066	0.01258	0.01242	0.10833	0.01145	0.00861	0.14500	0.33657	0.09332	0.01708	0.01784	0.01310	0.05747	0.00639	0.00181	0.00457	0.00536	0.07683	0.04629
17	0.00679	0.00509	0.00632	0.00657	0.00764	0.00461	0.00478	0.00849	0.01246	0.01668	0.34387	0.28507	0.21976	0.01317	0.00634	0.00184	0.00276	0.03797	0.00520	0.00457
18	0.00642	0.00459	0.00613	0.00734	0.00768	0.00430	0.00497	0.00739	0.01005	0.01338	0.02866	0.78481	0.03427	0.01624	0.00667	0.00213	0.00309	0.04281	0.00483	0.00425
19	0.02171	0.00940	0.01221	0.00945	0.01329	0.00863	0.00777	0.12707	0.01622	0.62789	0.07452	0.01853	0.01496	0.00672	0.00530	0.00161	0.00447	0.00546	0.00622	0.00858
20	0.00757	0.00505	0.00568	0.00568	0.00568	0.00505	0.00316	0.00757	0.00757	0.01010	0.01641	0.03408	0.01893	0.81698	0.02651	0.00505	0.00505	0.00757	0.00316	0.00316
21	0.85377	0.01007	0.00765	0.00685	0.01007	0.01168	0.00564	0.01531	0.00886	0.02336	0.00725	0.00846	0.00564	0.00483	0.00322	0.00161	0.00403	0.00282	0.00322	0.00564
22	0.01812	0.01376	0.01469	0.01164	0.01551	0.01537	0.00949	0.58645	0.20789	0.03012	0.01463	0.01420	0.01058	0.00645	0.00523	0.00161	0.00534	0.00498	0.00523	0.00871
23	0.00652	0.00466	0.00624	0.00745	0.00783	0.00438	0.00514	0.00755	0.01014	0.01349	0.02861	0.74891	0.03406	0.01615	0.00669	0.00214	0.00317	0.07774	0.00483	0.00428
24	0.00757	0.00505	0.00568	0.00568	0.00568	0.00505	0.00316	0.00757	0.00757	0.01010	0.01641	0.03408	0.01893	0.81698	0.02651	0.00505	0.00505	0.00757	0.00316	0.00316
25	0.01667	0.01303	0.01387	0.01135	0.01496	0.01469	0.00914	0.42914	0.36757	0.02778	0.01648	0.01567	0.01207	0.00662	0.00525	0.00166	0.00500	0.00524	0.00525	0.00858
26	0.16838	0.00941	0.01145	0.05933	0.01412	0.00939	0.00798	0.09982	0.02582	0.42933	0.01739	0.03488	0.01274	0.00695	0.00507	0.00169	0.00465	0.06867	0.00529	0.00764
27	0.01205	0.01106	0.06771	0.00902	0.01352	0.00865	0.00783	0.10881	0.04063	0.03260	0.01146	0.01449	0.00957	0.00506	0.00439	0.00109	0.00445	0.05060	0.00354	0.58347
28	0.00744	0.00558	0.00837	0.00837	0.00930	0.00651	0.00651	0.00930	0.00837	0.01209	0.01395	0.02046	0.01302	0.03906	0.79635	0.00837	0.01395	0.00558	0.00279	0.00465
29	0.01277	0.01263	0.02102	0.11119	0.62297	0.04149	0.06986	0.01593	0.01185	0.01644	0.00973	0.01295	0.00803	0.00471	0.00522	0.00157	0.00657	0.00470	0.00256	0.00782
30	0.76293	0.01025	0.00854	0.02350	0.01097	0.01206	0.00629	0.03369	0.00922	0.02271	0.00740	0.00885	0.00582	0.00515	0.00419	0.00165	0.05485	0.00301	0.00319	0.00573
31	0.01817	0.01283	0.01403	0.01106	0.01482	0.01389	0.00913	0.60062	0.02192	0.08479	0.01748	0.01902	0.07675	0.00737	0.00542	0.00164	0.00531	0.05228	0.00524	0.00822
32	0.01047	0.04099	0.57691	0.01509	0.02179	0.01181	0.14397	0.01573	0.01128	0.01622	0.01322	0.01480	0.07328	0.00555	0.00522	0.00166	0.00740	0.00482	0.00250	0.00728
33	0.01237	0.00916	0.01041	0.00944	0.01153	0.00978	0.00717	0.32211	0.07133	0.02196	0.02148	0.42573	0.02255	0.01150	0.00596	0.00186	0.00422	0.00999	0.00502	0.00643
34	0.00892	0.00780	0.01083	0.01011	0.01078	0.02683	0.00808	0.01052	0.00842	0.01226	0.01187	0.03206	0.01135	0.02855	0.52120	0.00620	0.26117	0.00538	0.00267	0.00500
35	0.00656	0.00523	0.00566	0.00563	0.00702	0.00457	0.00406	0.00791	0.01179	0.01479	0.18078	0.07337	0.52515	0.11414	0.00874	0.00216	0.00292	0.01041	0.00479	0.00433
36	0.01427	0.76991	0.02650	0.00920	0.01354	0.06956	0.00898	0.01592	0.01085	0.01228	0.00729	0.00842	0.00668	0.00451	0.00343	0.00113	0.00581	0.00282	0.00226	0.00664
37	0.00686	0.00535	0.00560	0.00558	0.00725	0.00453	0.00413	0.00813	0.01168	0.04265	0.04843	0.10356	0.67053	0.04380	0.00693	0.00190	0.00282	0.01092	0.00483	0.00450
38	0.01188	0.01152	0.01632	0.16264	0.05140	0.03425	0.03865	0.06766	0.01017	0.01451	0.00856	0.03297	0.00782	0.00791	0.01252	0.00205	0.49565	0.00488	0.00260	0.00607
39	0.02941	0.09202	0.40792	0.01502	0.11729	0.02914	0.01472	0.01851	0.01203	0.19789	0.01178	0.01250	0.00828	0.00522	0.00486	0.00157	0.00651	0.00415	0.00328	0.00788
40	0.01939	0.01036	0.01253	0.00970	0.01348	0.01006	0.00791	0.26355	0.01745	0.39273	0.07871	0.01761	0.01425	0.02899	0.00577	0.00162	0.00466	0.00528	0.00561	0.08034
41	0.01309	0.01096	0.01297	0.00984	0.01382	0.02573	0.04121	0.20624	0.01425	0.02047	0.01122	0.06206	0.00964	0.00559	0.00519	0.00119	0.04663	0.00445	0.00367	0.48177

[dist]
# distance from previous block
# <min> <max>
0	3

[block]
# block no. 9 follows, 47 sequences, length 10
# corresponding to MSA columns:
# 532-541
name=unknown_J
#
# <colnr> <probs for GDERKNQSTAVLIFYWHMCP>
#	G	D	E	R	K	N	Q	S	T	A	V	L	I	F	Y	W	H	M	C	P
0	0.02414	0.07271	0.04060	0.40801	0.11996	0.02456	0.01220	0.01415	0.01131	0.06294	0.06759	0.01809	0.04365	0.00716	0.02928	0.00186	0.00626	0.02623	0.00305	0.00623
1	0.00671	0.00522	0.00589	0.00618	0.00738	0.00468	0.00452	0.00796	0.01112	0.01390	0.07851	0.15769	0.43804	0.13236	0.00935	0.00236	0.00329	0.09595	0.00463	0.00426
2	0.02754	0.12650	0.07190	0.01896	0.13622	0.01346	0.36333	0.04365	0.01193	0.01637	0.01130	0.08076	0.00992	0.00575	0.00592	0.00167	0.03917	0.00587	0.00282	0.00695
3	0.01633	0.07562	0.01526	0.07925	0.01668	0.03302	0.00954	0.42874	0.14655	0.02557	0.01340	0.03594	0.01030	0.00626	0.00501	0.00153	0.00543	0.00488	0.00453	0.06616
4	0.00686	0.00514	0.00705	0.00861	0.05543	0.00482	0.00549	0.00810	0.01072	0.01443	0.11571	0.64307	0.06539	0.01481	0.00648	0.00201	0.00314	0.01340	0.00480	0.00456
5	0.03048	0.00558	0.00685	0.00751	0.03547	0.00513	0.01792	0.00833	0.01088	0.01419	0.06585	0.30313	0.33307	0.08779	0.00813	0.00220	0.00335	0.04511	0.00455	0.00448
6	0.03737	0.06284	0.38778	0.01821	0.16467	0.01314	0.11527	0.03391	0.02513	0.01677	0.00950	0.01175	0.00730	0.00518	0.00596	0.00166	0.06925	0.00432	0.00249	0.00748
7	0.01492	0.01300	0.03472	0.04759	0.53764	0.05311	0.02923	0.07561	0.01332	0.11358	0.01124	0.01329	0.00871	0.00504	0.00516	0.00156	0.00620	0.00466	0.00325	0.00815
8	0.00801	0.00640	0.00696	0.00666	0.00846	0.00603	0.00506	0.07896	0.05452	0.01706	0.14000	0.12578	0.47604	0.01225	0.00610	0.00178	0.00307	0.02680	0.00501	0.00507
