[name]
unknown

[dist]
# distance from previous block
# <min> <max>
0	68

[block]
# block no. 0 follows, 41 sequences, length 21
# corresponding to MSA columns:
# 70-90
name=unknown_A
#
# <colnr> <probs for GDERKNQSTAVLIFYWHMCP>
#	G	D	E	R	K	N	Q	S	T	A	V	L	I	F	Y	W	H	M	C	P
0	0.07998	0.01199	0.11918	0.01171	0.03315	0.03845	0.03994	0.06998	0.01404	0.03925	0.12864	0.16764	0.02612	0.01121	0.00648	0.00208	0.00541	0.18361	0.00471	0.00642
1	0.05651	0.16188	0.27926	0.01307	0.01854	0.01448	0.06804	0.12907	0.03240	0.02069	0.01417	0.01684	0.04090	0.00646	0.00520	0.00170	0.00664	0.03437	0.07203	0.00775
2	0.07103	0.09588	0.29313	0.04078	0.04994	0.01287	0.03307	0.08528	0.01411	0.10682	0.07853	0.04598	0.01367	0.00668	0.00540	0.00173	0.00645	0.00541	0.00386	0.02937
3	0.11200	0.03047	0.04391	0.04126	0.01619	0.06927	0.05745	0.23129	0.04712	0.07832	0.05077	0.01752	0.01285	0.07228	0.00750	0.00202	0.01850	0.00541	0.05686	0.02900
4	0.00746	0.00555	0.00696	0.00761	0.00860	0.00494	0.00525	0.00852	0.01124	0.01489	0.03344	0.56966	0.15963	0.01627	0.00758	0.03663	0.00339	0.01400	0.00503	0.07335
5	0.04124	0.01176	0.01958	0.40376	0.07738	0.01331	0.15252	0.04701	0.09204	0.01782	0.01263	0.04299	0.01007	0.00630	0.00623	0.00192	0.02717	0.00587	0.00324	0.00715
6	0.00982	0.00660	0.00741	0.00691	0.00898	0.00585	0.00522	0.03939	0.01402	0.10518	0.13691	0.08668	0.47963	0.05214	0.00774	0.00209	0.00339	0.01088	0.00557	0.00559
7	0.01381	0.01351	0.08951	0.19238	0.12011	0.01285	0.14475	0.01776	0.04063	0.10362	0.01240	0.01591	0.00964	0.03695	0.00840	0.00203	0.10850	0.00547	0.00335	0.04842
8	0.01327	0.01354	0.12114	0.28457	0.02479	0.01263	0.03240	0.07606	0.17616	0.06776	0.01784	0.01931	0.06576	0.00703	0.00603	0.00188	0.02220	0.00588	0.02415	0.00762
9	0.00843	0.00732	0.06229	0.00738	0.00817	0.00616	0.00528	0.00929	0.00926	0.01265	0.05698	0.08995	0.02227	0.58327	0.08364	0.00513	0.00622	0.00853	0.00364	0.00415
10	0.01451	0.22280	0.29497	0.01393	0.01954	0.06511	0.06054	0.05442	0.07859	0.05007	0.01190	0.03172	0.00945	0.00615	0.00576	0.00169	0.04297	0.00469	0.00323	0.00798
11	0.02782	0.06880	0.22701	0.08057	0.07871	0.05353	0.07008	0.14817	0.04141	0.04970	0.05000	0.05319	0.01241	0.00670	0.00565	0.00177	0.00703	0.00563	0.00377	0.00802
12	0.01008	0.00688	0.00832	0.00781	0.00993	0.00596	0.00578	0.03037	0.01298	0.09214	0.08819	0.32461	0.21104	0.01292	0.00641	0.00187	0.00355	0.01127	0.00525	0.14463
13	0.01113	0.00945	0.01105	0.00828	0.01275	0.00720	0.00651	0.01347	0.01184	0.01809	0.01468	0.08814	0.05053	0.00606	0.00466	0.00104	0.00408	0.00506	0.00367	0.71230
14	0.02064	0.01535	0.01651	0.01293	0.01727	0.01702	0.01066	0.65663	0.08725	0.03431	0.01516	0.01629	0.01125	0.00728	0.00581	0.00177	0.00611	0.03252	0.00571	0.00950
15	0.02059	0.01097	0.01338	0.01018	0.01466	0.01002	0.00834	0.17599	0.01737	0.39630	0.01962	0.01832	0.05086	0.00675	0.00544	0.00155	0.00492	0.00540	0.00583	0.20352
16	0.01476	0.07974	0.26774	0.02916	0.06410	0.04195	0.11831	0.05541	0.05265	0.11411	0.01510	0.03409	0.04046	0.00632	0.00562	0.00174	0.00711	0.00547	0.00370	0.04247
17	0.01231	0.26689	0.31392	0.01383	0.04486	0.01527	0.05595	0.01621	0.01216	0.01647	0.05650	0.03307	0.06571	0.00674	0.00586	0.00168	0.04691	0.00525	0.00297	0.00745
18	0.00832	0.00555	0.00624	0.00624	0.00624	0.00555	0.00347	0.00832	0.00832	0.01109	0.01802	0.03743	0.02080	0.79898	0.02911	0.00555	0.00555	0.00832	0.00347	0.00347
19	0.04479	0.06251	0.19210	0.01295	0.01831	0.01329	0.04844	0.17734	0.07814	0.27044	0.01602	0.01556	0.01096	0.00641	0.00554	0.00176	0.00628	0.00514	0.00501	0.00903
20	0.02163	0.01527	0.01630	0.01271	0.01710	0.03996	0.01042	0.57256	0.08351	0.12810	0.01548	0.01497	0.01084	0.00694	0.00572	0.00173	0.00610	0.00529	0.00582	0.00958

[dist]
# distance from previous block
# <min> <max>
0	1

[block]
# block no. 1 follows, 41 sequences, length 34
# corresponding to MSA columns:
# 92-96,110-138
name=unknown_B
#
# <colnr> <probs for GDERKNQSTAVLIFYWHMCP>
#	G	D	E	R	K	N	Q	S	T	A	V	L	I	F	Y	W	H	M	C	P
0	0.00734	0.00598	0.00651	0.00635	0.00815	0.00524	0.00477	0.00953	0.03371	0.01779	0.25544	0.05067	0.54136	0.01352	0.00673	0.00189	0.00288	0.01143	0.00560	0.00510
1	0.01147	0.02959	0.76934	0.01630	0.02476	0.01328	0.02113	0.01811	0.01208	0.01811	0.01026	0.01208	0.00725	0.00543	0.00543	0.00181	0.00845	0.00423	0.00242	0.00845
2	0.01422	0.03432	0.01339	0.04049	0.01503	0.01096	0.00827	0.24464	0.01644	0.02316	0.01488	0.14617	0.01381	0.00748	0.00527	0.00143	0.00492	0.00620	0.00439	0.37453
3	0.01379	0.01262	0.04651	0.21779	0.27239	0.01310	0.01394	0.07612	0.15760	0.04482	0.01443	0.03510	0.01162	0.03754	0.00667	0.00197	0.00640	0.00574	0.00378	0.00809
4	0.02137	0.02726	0.01621	0.01474	0.01768	0.77602	0.01105	0.02284	0.01621	0.01400	0.00884	0.01031	0.00737	0.00589	0.00516	0.00147	0.01031	0.00368	0.00295	0.00663
5	0.00950	0.00614	0.00778	0.00720	0.00871	0.00562	0.00532	0.01172	0.01496	0.08479	0.53993	0.04128	0.11470	0.10621	0.00935	0.00226	0.00325	0.00987	0.00593	0.00548
6	0.01233	0.01015	0.01191	0.00853	0.01359	0.00765	0.00683	0.01486	0.01201	0.04385	0.01058	0.01212	0.00866	0.00433	0.00429	0.00088	0.00426	0.00347	0.00351	0.80619
7	0.05664	0.00978	0.01309	0.01008	0.01447	0.00858	0.00832	0.02745	0.01612	0.73903	0.02201	0.01908	0.01386	0.00701	0.00567	0.00177	0.00485	0.00565	0.00694	0.00960
8	0.00870	0.00599	0.00776	0.00724	0.00873	0.00548	0.00546	0.01131	0.01603	0.05118	0.69471	0.04248	0.08987	0.01166	0.00671	0.00180	0.00279	0.01026	0.00627	0.00553
9	0.00817	0.00551	0.00626	0.00636	0.00644	0.00546	0.00363	0.00829	0.00865	0.01148	0.02014	0.09783	0.04158	0.71660	0.02680	0.00520	0.00530	0.00904	0.00366	0.00359
10	0.01210	0.01144	0.01537	0.33149	0.10054	0.07114	0.01251	0.03548	0.05927	0.01716	0.09750	0.04181	0.02874	0.00845	0.02682	0.00208	0.09018	0.00614	0.02512	0.00666
11	0.78124	0.03286	0.00938	0.04081	0.01237	0.01310	0.00671	0.01673	0.00986	0.02485	0.00806	0.00954	0.00629	0.00532	0.00364	0.00176	0.00461	0.00318	0.00347	0.00623
12	0.01193	0.00615	0.00705	0.00658	0.00829	0.00599	0.00503	0.02895	0.01337	0.10549	0.14624	0.04732	0.02190	0.00930	0.03452	0.00180	0.00350	0.00658	0.52412	0.00590
13	0.01182	0.00729	0.00893	0.00806	0.01027	0.00687	0.00619	0.01570	0.10305	0.16179	0.35718	0.07984	0.17771	0.01124	0.00648	0.00186	0.00340	0.00968	0.00614	0.00650
14	0.01497	0.01460	0.04185	0.11361	0.53803	0.05053	0.01635	0.10486	0.01464	0.02009	0.01095	0.01399	0.00885	0.00543	0.00565	0.00172	0.00704	0.00501	0.00314	0.00871
15	0.11978	0.44159	0.10657	0.01156	0.01631	0.08521	0.03901	0.04298	0.03171	0.01681	0.00901	0.01045	0.00759	0.00542	0.00479	0.00149	0.03588	0.00362	0.00285	0.00736
16	0.01059	0.00558	0.00799	0.00777	0.00802	0.00567	0.00529	0.04825	0.00853	0.01138	0.01015	0.01718	0.00992	0.01915	0.02143	0.78752	0.00504	0.00498	0.00266	0.00288
17	0.01531	0.08753	0.15533	0.09339	0.35454	0.01347	0.01562	0.01937	0.03502	0.13729	0.01261	0.01449	0.00951	0.00559	0.00546	0.00171	0.00673	0.00490	0.00346	0.00865
18	0.02566	0.00973	0.01327	0.01018	0.01460	0.00841	0.00841	0.02788	0.01637	0.76726	0.02257	0.01947	0.01416	0.00708	0.00575	0.00177	0.00487	0.00575	0.00708	0.00973
19	0.01055	0.00731	0.00826	0.00767	0.00890	0.00748	0.00533	0.13391	0.01326	0.01827	0.10261	0.11419	0.06740	0.35393	0.03713	0.00363	0.00496	0.00874	0.08128	0.00517
20	0.01999	0.01464	0.01611	0.05177	0.01804	0.01622	0.01060	0.55236	0.12859	0.07048	0.01635	0.01611	0.02764	0.00712	0.00576	0.00177	0.00596	0.00552	0.00564	0.00935
21	0.01313	0.01414	0.07457	0.21341	0.41285	0.05806	0.01602	0.01656	0.01250	0.01709	0.01141	0.04708	0.00977	0.00607	0.00611	0.00179	0.03398	0.00542	0.02221	0.00784
22	0.00994	0.00497	0.00745	0.00745	0.00745	0.00497	0.00497	0.00745	0.00745	0.00994	0.00994	0.01739	0.00994	0.01987	0.02235	0.83358	0.00497	0.00497	0.00248	0.00248
23	0.02006	0.17432	0.01901	0.01422	0.03371	0.60041	0.01095	0.03608	0.01548	0.01444	0.00881	0.01025	0.00745	0.00571	0.00490	0.00144	0.00936	0.00363	0.00290	0.00688
24	0.01172	0.01001	0.01171	0.00843	0.01337	0.00754	0.00673	0.01427	0.01202	0.01879	0.03731	0.01298	0.01012	0.00451	0.00433	0.00088	0.00418	0.00364	0.00349	0.80396
25	0.01482	0.01058	0.01247	0.07473	0.01516	0.01149	0.00862	0.29520	0.06769	0.06705	0.01913	0.18810	0.01817	0.11767	0.05001	0.00279	0.00593	0.00816	0.00501	0.00721
26	0.01804	0.13416	0.05245	0.05151	0.01791	0.44159	0.01134	0.05991	0.02887	0.01599	0.04906	0.01275	0.01017	0.00643	0.00614	0.00159	0.06771	0.00427	0.00318	0.00692
27	0.76120	0.01188	0.00922	0.00811	0.01170	0.03619	0.00665	0.06458	0.01105	0.02599	0.00837	0.00961	0.00646	0.00543	0.00373	0.00176	0.00472	0.00325	0.00366	0.00644
28	0.83938	0.01106	0.00841	0.00752	0.01106	0.01283	0.00619	0.01681	0.00973	0.02566	0.00796	0.00929	0.00619	0.00531	0.00354	0.00177	0.00442	0.00310	0.00354	0.00619
29	0.00697	0.00498	0.00664	0.00796	0.00830	0.00465	0.00531	0.00796	0.01095	0.01460	0.03153	0.79525	0.03783	0.01792	0.00730	0.00232	0.00332	0.01626	0.00531	0.00465
30	0.03061	0.68141	0.04554	0.00970	0.01435	0.03990	0.00958	0.01654	0.01183	0.01399	0.01222	0.01312	0.07046	0.00574	0.00401	0.00131	0.00598	0.00386	0.00272	0.00712
31	0.00887	0.00725	0.00956	0.00949	0.01061	0.04785	0.00736	0.01088	0.00956	0.01332	0.01498	0.02183	0.01393	0.04094	0.73549	0.00878	0.01506	0.00600	0.00306	0.00519
32	0.00702	0.00500	0.00662	0.00790	0.00822	0.00468	0.00524	0.00798	0.01085	0.01446	0.03099	0.76542	0.03716	0.04867	0.00816	0.00245	0.00341	0.01595	0.00524	0.00460
33	0.01200	0.01698	0.20014	0.04237	0.02570	0.01266	0.43720	0.01667	0.01279	0.01767	0.01433	0.11112	0.01273	0.00698	0.00652	0.00197	0.00838	0.03326	0.00315	0.00738

[dist]
# distance from previous block
# <min> <max>
5	7

[block]
# block no. 2 follows, 41 sequences, length 23
# corresponding to MSA columns:
# 147-169
name=unknown_C
#
# <colnr> <probs for GDERKNQSTAVLIFYWHMCP>
#	G	D	E	R	K	N	Q	S	T	A	V	L	I	F	Y	W	H	M	C	P
0	0.01466	0.00951	0.01063	0.00896	0.01156	0.02448	0.00705	0.22450	0.01811	0.10619	0.26436	0.02723	0.04305	0.04071	0.00670	0.00183	0.00423	0.00723	0.16198	0.00704
1	0.01197	0.04243	0.06013	0.00990	0.01284	0.00938	0.03240	0.01808	0.19121	0.09092	0.34251	0.03183	0.05690	0.00951	0.00621	0.00183	0.00422	0.03704	0.00560	0.02510
2	0.00799	0.00579	0.00753	0.00720	0.00851	0.00534	0.00536	0.01056	0.01580	0.02224	0.69779	0.08718	0.07293	0.01214	0.00678	0.00183	0.00274	0.01074	0.00621	0.00534
3	0.03543	0.05998	0.71788	0.01579	0.02396	0.01364	0.02025	0.01804	0.01199	0.01814	0.01011	0.01188	0.00722	0.00541	0.00531	0.00179	0.00824	0.00415	0.00245	0.00834
4	0.02462	0.00950	0.01294	0.01000	0.01424	0.00823	0.00823	0.02686	0.01636	0.72306	0.06638	0.02085	0.01652	0.00735	0.00581	0.00177	0.00474	0.00602	0.00703	0.00948
5	0.00922	0.00658	0.00922	0.01053	0.01185	0.00658	0.00922	0.01185	0.01317	0.01712	0.03029	0.06452	0.03292	0.01580	0.00790	0.00263	0.00527	0.72480	0.00527	0.00527
6	0.00778	0.00581	0.00789	0.03877	0.01028	0.00581	0.00655	0.00927	0.01164	0.01554	0.08299	0.52708	0.05810	0.03178	0.00812	0.00238	0.03191	0.12827	0.00513	0.00491
7	0.02126	0.01578	0.01690	0.01306	0.01756	0.01751	0.01076	0.69875	0.07315	0.03528	0.01434	0.01422	0.01022	0.00692	0.00573	0.00173	0.00618	0.00523	0.00573	0.00968
8	0.01387	0.03987	0.01979	0.40063	0.16045	0.04605	0.07174	0.12103	0.03679	0.01891	0.01116	0.01462	0.00854	0.00574	0.00570	0.00180	0.00741	0.00514	0.00319	0.00755
9	0.01839	0.01415	0.01516	0.01237	0.01626	0.01585	0.01000	0.45391	0.27789	0.03059	0.01770	0.01865	0.01346	0.02716	0.00641	0.00192	0.00563	0.02962	0.00568	0.00919
10	0.22930	0.01015	0.01204	0.00956	0.01372	0.00972	0.00787	0.02519	0.03987	0.55592	0.01893	0.01698	0.01227	0.00666	0.00520	0.00178	0.00474	0.00511	0.00615	0.00882
11	0.01221	0.01064	0.01291	0.03555	0.01473	0.00935	0.00793	0.03640	0.01191	0.01842	0.00994	0.01211	0.00836	0.00509	0.00616	0.00112	0.10332	0.00370	0.00332	0.67682
12	0.00780	0.00583	0.00719	0.00685	0.00830	0.00527	0.00511	0.01014	0.01526	0.02091	0.58081	0.04536	0.21268	0.03447	0.00738	0.00193	0.00282	0.01068	0.00599	0.00521
13	0.00832	0.00555	0.00624	0.00624	0.00624	0.00555	0.00347	0.00832	0.00832	0.01109	0.01802	0.03743	0.02080	0.79898	0.02911	0.00555	0.00555	0.00832	0.00347	0.00347
14	0.00946	0.00816	0.00977	0.00963	0.01080	0.08194	0.00740	0.01138	0.00984	0.01327	0.01479	0.02182	0.01386	0.06638	0.67448	0.00831	0.01448	0.00597	0.00307	0.00520
15	0.83938	0.01106	0.00841	0.00752	0.01106	0.01283	0.00619	0.01681	0.00973	0.02566	0.00796	0.00929	0.00619	0.00531	0.00354	0.00177	0.00442	0.00310	0.00354	0.00619
16	0.01529	0.80242	0.02997	0.00979	0.01468	0.02263	0.00979	0.01713	0.01162	0.01346	0.00795	0.00918	0.00734	0.00489	0.00367	0.00122	0.00612	0.00306	0.00245	0.00734
17	0.00688	0.00532	0.00629	0.00707	0.00806	0.00472	0.00491	0.00807	0.01181	0.01495	0.04246	0.48876	0.33726	0.01650	0.00708	0.00216	0.00314	0.01453	0.00531	0.00472
18	0.10486	0.01027	0.01616	0.69695	0.03618	0.01272	0.01479	0.01486	0.01124	0.01587	0.00992	0.01457	0.00746	0.00567	0.00547	0.00189	0.00726	0.00486	0.00265	0.00634
19	0.02103	0.01653	0.01709	0.06146	0.01909	0.07636	0.01120	0.64264	0.02510	0.03300	0.01313	0.01356	0.00941	0.00672	0.00568	0.00171	0.00669	0.00503	0.00531	0.00928
20	0.01251	0.01251	0.01752	0.01502	0.01502	0.01752	0.01251	0.01377	0.00876	0.01377	0.00751	0.01251	0.00751	0.01001	0.01877	0.00250	0.78851	0.00501	0.00250	0.00626
21	0.01201	0.10393	0.63584	0.01632	0.02420	0.01430	0.08009	0.01804	0.01215	0.01768	0.01015	0.01207	0.00737	0.00533	0.00537	0.00176	0.00832	0.00432	0.00246	0.00828
22	0.01073	0.01000	0.01680	0.75006	0.03814	0.01243	0.01558	0.01449	0.01152	0.01473	0.01108	0.01749	0.00877	0.00618	0.00582	0.00194	0.00752	0.03776	0.00267	0.00630

[dist]
# distance from previous block
# <min> <max>
0	11

[block]
# block no. 3 follows, 41 sequences, length 19
# corresponding to MSA columns:
# 181-199
name=unknown_D
#
# <colnr> <probs for GDERKNQSTAVLIFYWHMCP>
#	G	D	E	R	K	N	Q	S	T	A	V	L	I	F	Y	W	H	M	C	P
0	0.00801	0.00584	0.00753	0.00711	0.00850	0.00536	0.00533	0.01064	0.01600	0.02248	0.71767	0.04347	0.09687	0.01186	0.00675	0.00181	0.00271	0.01045	0.00624	0.00536
1	0.01439	0.01132	0.01414	0.01045	0.01523	0.00983	0.05657	0.14778	0.01493	0.06713	0.01261	0.04755	0.01036	0.00553	0.00490	0.00120	0.00497	0.00465	0.00409	0.54237
2	0.00725	0.00528	0.00676	0.00764	0.00832	0.00489	0.00529	0.00854	0.01183	0.01570	0.12718	0.54529	0.12137	0.05516	0.00827	0.00238	0.00339	0.04537	0.00534	0.00473
3	0.01315	0.01112	0.01390	0.01054	0.03330	0.00931	0.05208	0.10068	0.01376	0.02075	0.01094	0.01264	0.00883	0.00468	0.00459	0.00105	0.00482	0.00390	0.02831	0.64166
4	0.00823	0.00551	0.00627	0.00635	0.00638	0.00549	0.00359	0.00829	0.00849	0.01132	0.01892	0.08791	0.02193	0.74695	0.02766	0.00533	0.00540	0.00885	0.00359	0.00354
5	0.02174	0.01602	0.01717	0.01316	0.01774	0.01774	0.01087	0.74423	0.02689	0.03605	0.01373	0.01373	0.00973	0.00687	0.00572	0.00172	0.00629	0.00515	0.00572	0.00973
6	0.01577	0.07300	0.03075	0.03375	0.04905	0.05302	0.01003	0.11008	0.44097	0.06433	0.02025	0.01936	0.03972	0.00732	0.00562	0.00181	0.00537	0.00592	0.00517	0.00869
7	0.00832	0.00555	0.00624	0.00624	0.00624	0.00555	0.00347	0.00832	0.00832	0.01109	0.01802	0.03743	0.02080	0.79898	0.02911	0.00555	0.00555	0.00832	0.00347	0.00347
8	0.00701	0.00577	0.00621	0.00642	0.00811	0.00496	0.00484	0.00855	0.01296	0.01581	0.08366	0.13325	0.60232	0.01482	0.00690	0.00202	0.00310	0.06307	0.00535	0.00487
9	0.16025	0.12671	0.10986	0.13931	0.03784	0.06859	0.06144	0.06248	0.04527	0.06978	0.01095	0.01288	0.00837	0.00596	0.00589	0.00176	0.05736	0.00446	0.00339	0.00744
10	0.01318	0.00961	0.01117	0.00982	0.01191	0.01045	0.00747	0.28881	0.01607	0.02170	0.01856	0.12076	0.03833	0.18707	0.20403	0.00449	0.00792	0.00767	0.00451	0.00645
11	0.01066	0.00533	0.00533	0.00533	0.00666	0.00533	0.00400	0.01333	0.01200	0.02132	0.01866	0.02132	0.01466	0.00666	0.00400	0.00133	0.00267	0.00533	0.83073	0.00533
12	0.01331	0.01258	0.02127	0.03192	0.67465	0.01254	0.01612	0.01643	0.01278	0.01821	0.01320	0.10587	0.01244	0.00660	0.00586	0.00177	0.00639	0.00641	0.00312	0.00854
13	0.05066	0.08873	0.05782	0.03604	0.08201	0.01393	0.21119	0.18557	0.01568	0.02197	0.01394	0.08054	0.01201	0.00713	0.00604	0.01686	0.00673	0.02075	0.06477	0.00762
14	0.03081	0.00846	0.01227	0.20900	0.01821	0.01021	0.00987	0.01211	0.01069	0.01535	0.06532	0.12780	0.03815	0.01715	0.17932	0.00364	0.16377	0.00732	0.03178	0.02878
15	0.00965	0.00768	0.01076	0.06191	0.04004	0.00793	0.04190	0.06013	0.04992	0.01699	0.02637	0.39086	0.05711	0.06157	0.00857	0.00242	0.02177	0.11393	0.00480	0.00568
16	0.07688	0.04307	0.13057	0.10943	0.07040	0.06448	0.15720	0.09088	0.03341	0.04701	0.01386	0.03786	0.04199	0.00660	0.00644	0.00184	0.05137	0.00566	0.00348	0.00756
17	0.03670	0.07417	0.07707	0.05770	0.16048	0.16399	0.02692	0.07435	0.01379	0.01786	0.01325	0.08098	0.01224	0.00855	0.02852	0.00200	0.06240	0.04191	0.03996	0.00717
18	0.03809	0.05264	0.04481	0.10561	0.11153	0.01203	0.07162	0.11004	0.02757	0.10848	0.05772	0.06941	0.04539	0.00795	0.00633	0.00184	0.03273	0.04777	0.00431	0.04413

[dist]
# distance from previous block
# <min> <max>
0	26

[block]
# block no. 4 follows, 41 sequences, length 110
# corresponding to MSA columns:
# 240-261,263-350
name=unknown_E
#
# <colnr> <probs for GDERKNQSTAVLIFYWHMCP>
#	G	D	E	R	K	N	Q	S	T	A	V	L	I	F	Y	W	H	M	C	P
0	0.01669	0.01161	0.01384	0.01108	0.01466	0.02925	0.03581	0.21272	0.06324	0.16041	0.03939	0.08991	0.03203	0.04206	0.00738	0.00185	0.04654	0.00651	0.00508	0.15996
1	0.06471	0.08654	0.05870	0.01059	0.02950	0.07297	0.00858	0.17452	0.03540	0.04619	0.05124	0.06654	0.09193	0.13487	0.04105	0.00264	0.00611	0.00681	0.00434	0.00677
2	0.15316	0.12370	0.22623	0.01176	0.01659	0.01425	0.01194	0.15848	0.03367	0.02203	0.03411	0.07370	0.03747	0.00726	0.00564	0.00176	0.03523	0.00548	0.00379	0.02374
3	0.01445	0.32729	0.21990	0.01245	0.01756	0.06258	0.03317	0.04053	0.05126	0.04929	0.06267	0.01411	0.01162	0.00677	0.01933	0.00173	0.03991	0.00451	0.00324	0.00765
4	0.01901	0.07971	0.03893	0.02480	0.01525	0.07836	0.00925	0.12320	0.11837	0.29222	0.03687	0.02087	0.08410	0.00839	0.02315	0.00190	0.00577	0.00600	0.00546	0.00840
5	0.03722	0.01213	0.01414	0.07700	0.01716	0.03442	0.03238	0.18962	0.04869	0.03969	0.01252	0.03182	0.00997	0.00569	0.00498	0.00134	0.00535	0.00460	0.02239	0.39889
6	0.10526	0.20521	0.11818	0.04667	0.12892	0.01552	0.19621	0.01696	0.01191	0.01742	0.01010	0.01301	0.00825	0.00760	0.05479	0.00217	0.02679	0.00475	0.00278	0.00749
7	0.01305	0.01519	0.05489	0.04274	0.02861	0.01403	0.64808	0.01763	0.01316	0.01793	0.01227	0.05004	0.00988	0.00559	0.00703	0.00196	0.03043	0.00700	0.00297	0.00753
8	0.00813	0.00582	0.00682	0.00680	0.00815	0.00523	0.00489	0.00969	0.01303	0.04440	0.23583	0.15252	0.31683	0.12910	0.01010	0.00249	0.00341	0.02645	0.00537	0.00495
9	0.00817	0.00612	0.00913	0.00913	0.01013	0.00711	0.00707	0.01017	0.00917	0.01323	0.01538	0.02280	0.01444	0.05949	0.75992	0.00911	0.01511	0.00618	0.00307	0.00507
10	0.00699	0.00505	0.00662	0.00781	0.00827	0.00468	0.00526	0.00807	0.01124	0.01491	0.05607	0.72853	0.08031	0.01752	0.00725	0.00228	0.00327	0.01583	0.00534	0.00468
11	0.02566	0.00973	0.01327	0.01018	0.01460	0.00841	0.00841	0.02788	0.01637	0.76726	0.02257	0.01947	0.01416	0.00708	0.00575	0.00177	0.00487	0.00575	0.00708	0.00973
12	0.01350	0.01543	0.03375	0.02411	0.02989	0.01446	0.74253	0.01832	0.01350	0.01832	0.01157	0.01543	0.00868	0.00482	0.00675	0.00193	0.00964	0.00675	0.00289	0.00771
13	0.00865	0.00595	0.00767	0.00718	0.00854	0.00549	0.00532	0.01109	0.01550	0.04573	0.66190	0.04183	0.06564	0.07440	0.00850	0.00210	0.00300	0.01007	0.00607	0.00537
14	0.01394	0.01114	0.01279	0.00931	0.01429	0.00935	0.00751	0.13728	0.01452	0.04454	0.01115	0.01241	0.00886	0.00476	0.00453	0.00102	0.00460	0.00376	0.00389	0.67035
15	0.00680	0.00580	0.00585	0.00583	0.00775	0.00484	0.00438	0.00828	0.01313	0.01566	0.07771	0.05470	0.74109	0.01441	0.00676	0.00193	0.00289	0.01202	0.00534	0.00484
16	0.00833	0.00605	0.00794	0.00893	0.00995	0.00585	0.00695	0.03220	0.01265	0.01657	0.05397	0.39804	0.09652	0.01627	0.00743	0.00238	0.00413	0.29543	0.00533	0.00508
17	0.02090	0.07261	0.01730	0.01465	0.03227	0.62526	0.01108	0.10804	0.01714	0.01668	0.00941	0.01073	0.00768	0.00593	0.00514	0.00149	0.00951	0.00385	0.00324	0.00709
18	0.01697	0.09805	0.01417	0.03032	0.01421	0.03036	0.00840	0.06498	0.23534	0.23638	0.07728	0.04270	0.01813	0.07788	0.00772	0.00211	0.00504	0.00644	0.00547	0.00807
19	0.02796	0.08969	0.64214	0.01618	0.05620	0.01382	0.01934	0.01773	0.01206	0.01785	0.01130	0.01300	0.02696	0.00561	0.00530	0.00176	0.00797	0.00435	0.00253	0.00825
20	0.01781	0.10994	0.01863	0.07226	0.14297	0.41638	0.01208	0.05256	0.01493	0.01582	0.01153	0.01340	0.04141	0.00619	0.00562	0.00158	0.03224	0.00443	0.00306	0.00715
21	0.01305	0.05610	0.28956	0.09012	0.29363	0.03774	0.07408	0.01759	0.01258	0.01771	0.01038	0.01317	0.00810	0.00523	0.00551	0.00171	0.00767	0.00471	0.00267	0.03869
22	0.04337	0.14172	0.57877	0.01547	0.03641	0.01458	0.04069	0.01813	0.01208	0.03425	0.01016	0.01185	0.00745	0.00536	0.00515	0.00172	0.00788	0.00414	0.00259	0.00822
23	0.01265	0.01157	0.01718	0.45100	0.14354	0.04822	0.01447	0.01652	0.04919	0.04929	0.01292	0.01750	0.02758	0.00668	0.00694	0.00192	0.07644	0.02627	0.00312	0.00699
24	0.01308	0.00777	0.00955	0.00894	0.03549	0.00763	0.00671	0.10400	0.01612	0.12294	0.30347	0.03050	0.02989	0.00913	0.00577	0.00170	0.00370	0.04696	0.23006	0.00660
25	0.01454	0.01439	0.02747	0.01975	0.02523	0.01344	0.51089	0.09725	0.01478	0.04615	0.01195	0.01477	0.00895	0.00502	0.00617	0.00171	0.00818	0.00596	0.00343	0.14996
26	0.00696	0.00500	0.00661	0.00789	0.00828	0.00465	0.00528	0.00797	0.01102	0.01463	0.03238	0.77142	0.06111	0.01781	0.00728	0.00231	0.00330	0.01613	0.00531	0.00465
27	0.07347	0.02276	0.47347	0.01696	0.08167	0.01265	0.08995	0.01850	0.01244	0.07630	0.01121	0.01293	0.00807	0.00539	0.00539	0.00175	0.00760	0.00453	0.00300	0.06198
28	0.01167	0.00942	0.00977	0.00870	0.01129	0.03372	0.00673	0.08676	0.21124	0.02183	0.15795	0.03185	0.20838	0.00964	0.00587	0.00174	0.00392	0.00801	0.10277	0.05875
29	0.00697	0.00498	0.00664	0.00796	0.00830	0.00465	0.00531	0.00796	0.01095	0.01460	0.03153	0.79525	0.03783	0.01792	0.00730	0.00232	0.00332	0.01626	0.00531	0.00465
30	0.10930	0.01173	0.03609	0.34259	0.16359	0.01249	0.11265	0.01593	0.03529	0.01758	0.01378	0.04557	0.04657	0.00638	0.00570	0.00187	0.00690	0.00586	0.00310	0.00701
31	0.09860	0.04468	0.59309	0.03433	0.04296	0.01352	0.05956	0.01787	0.01191	0.01874	0.01005	0.01203	0.00727	0.00537	0.00528	0.00180	0.00798	0.00426	0.00257	0.00811
32	0.01529	0.80242	0.02997	0.00979	0.01468	0.02263	0.00979	0.01713	0.01162	0.01346	0.00795	0.00918	0.00734	0.00489	0.00367	0.00122	0.00612	0.00306	0.00245	0.00734
33	0.00688	0.00578	0.00583	0.00583	0.00761	0.00488	0.00428	0.00822	0.01268	0.01512	0.05494	0.05372	0.70523	0.07357	0.00844	0.00220	0.00310	0.01179	0.00517	0.00473
34	0.01326	0.01639	0.12678	0.04194	0.05026	0.01357	0.54816	0.01798	0.01321	0.04208	0.01267	0.05311	0.01007	0.00564	0.00651	0.00192	0.00889	0.00676	0.00307	0.00773
35	0.01125	0.01195	0.11467	0.01107	0.01417	0.01041	0.00995	0.01996	0.32499	0.02020	0.06977	0.07541	0.08492	0.01075	0.00649	0.00210	0.00494	0.18457	0.00517	0.00724
36	0.01186	0.01017	0.01186	0.00847	0.01356	0.00762	0.00678	0.01440	0.01186	0.01864	0.01017	0.01186	0.00847	0.00424	0.00424	0.00085	0.00424	0.00339	0.00339	0.83395
37	0.03910	0.01114	0.05748	0.03489	0.01400	0.04358	0.00851	0.07192	0.12828	0.19257	0.12075	0.11062	0.08599	0.00931	0.00596	0.00183	0.00476	0.00780	0.02691	0.02461
38	0.00840	0.00604	0.00685	0.00659	0.00744	0.00561	0.00412	0.00896	0.00955	0.01281	0.02340	0.10717	0.11384	0.53871	0.02149	0.00426	0.00486	0.00897	0.00386	0.09706
39	0.00699	0.00502	0.00664	0.00788	0.00829	0.00467	0.00529	0.00805	0.01115	0.01485	0.05204	0.75456	0.05805	0.01766	0.00727	0.00230	0.00329	0.01599	0.00534	0.00467
40	0.16623	0.04975	0.37642	0.08255	0.10978	0.01335	0.03581	0.01819	0.02620	0.05576	0.01069	0.01260	0.00787	0.00548	0.00513	0.00178	0.00713	0.00434	0.00299	0.00794
41	0.20354	0.06340	0.06032	0.05768	0.06347	0.04764	0.01017	0.10778	0.18111	0.06082	0.01611	0.03592	0.03535	0.00704	0.00520	0.00180	0.00560	0.02492	0.00438	0.00776
42	0.01452	0.01404	0.02224	0.08763	0.64984	0.04771	0.01689	0.04470	0.01357	0.01883	0.01074	0.01405	0.00891	0.00524	0.00565	0.00170	0.00699	0.00503	0.00292	0.00878
43	0.01748	0.01608	0.10917	0.01372	0.06024	0.06644	0.01139	0.31922	0.09941	0.07992	0.06884	0.04573	0.01456	0.00727	0.00572	0.00173	0.00611	0.00583	0.00498	0.04616
44	0.00719	0.00515	0.00657	0.00755	0.00798	0.00482	0.00499	0.00816	0.01095	0.01454	0.06388	0.60760	0.08311	0.12669	0.01029	0.00272	0.00358	0.01461	0.00510	0.00453
45	0.02277	0.01356	0.04873	0.01179	0.01642	0.01303	0.01007	0.37050	0.02116	0.36812	0.01849	0.01710	0.02674	0.00705	0.00574	0.00175	0.00567	0.00552	0.00618	0.00958
46	0.02164	0.01560	0.01680	0.01290	0.01741	0.01718	0.01065	0.70607	0.02625	0.05922	0.01412	0.01407	0.00997	0.00687	0.00569	0.00171	0.00617	0.00517	0.02287	0.00964
47	0.00718	0.00594	0.00631	0.00619	0.00804	0.00514	0.00465	0.00918	0.02928	0.01709	0.19389	0.05194	0.60769	0.01380	0.00674	0.00191	0.00289	0.01162	0.00551	0.00503
48	0.02137	0.02726	0.01621	0.01474	0.01768	0.77602	0.01105	0.02284	0.01621	0.01400	0.00884	0.01031	0.00737	0.00589	0.00516	0.00147	0.01031	0.00368	0.00295	0.00663
49	0.00740	0.00518	0.00649	0.00736	0.00762	0.00494	0.00470	0.00808	0.01015	0.01349	0.02777	0.53533	0.04836	0.26885	0.01430	0.00335	0.00402	0.01362	0.00472	0.00427
50	0.00994	0.00497	0.00745	0.00745	0.00745	0.00497	0.00497	0.00745	0.00745	0.00994	0.00994	0.01739	0.00994	0.01987	0.02235	0.83358	0.00497	0.00497	0.00248	0.00248
51	0.00913	0.00655	0.00909	0.01036	0.01170	0.00652	0.00904	0.01171	0.01316	0.01706	0.03132	0.06417	0.06010	0.01575	0.00786	0.00261	0.00518	0.69820	0.00527	0.00525
52	0.02139	0.02668	0.01626	0.01465	0.01769	0.73703	0.01104	0.05993	0.01676	0.01513	0.00909	0.01049	0.00749	0.00594	0.00519	0.00149	0.01011	0.00376	0.00309	0.00679
53	0.07707	0.03677	0.01606	0.14990	0.06515	0.20369	0.01140	0.25417	0.01778	0.02259	0.01429	0.01679	0.05376	0.00689	0.00550	0.00172	0.00718	0.02770	0.00402	0.00757
54	0.04234	0.01011	0.01307	0.01046	0.01452	0.00940	0.00865	0.07926	0.06227	0.58329	0.02230	0.02292	0.01551	0.00784	0.00589	0.00185	0.00498	0.06948	0.00666	0.00921
55	0.01333	0.01468	0.06476	0.11434	0.14073	0.04399	0.25175	0.04888	0.01268	0.01741	0.01125	0.04979	0.00961	0.00683	0.00883	0.00200	0.17274	0.00602	0.00297	0.00740
56	0.02092	0.01197	0.01414	0.01139	0.01531	0.01227	0.00933	0.32366	0.06536	0.31419	0.02008	0.07170	0.01542	0.00837	0.00600	0.00186	0.00537	0.05745	0.00619	0.00904
57	0.01097	0.01034	0.01747	0.74670	0.07658	0.01275	0.01597	0.01477	0.01152	0.01482	0.01020	0.01519	0.00770	0.00569	0.00572	0.00190	0.00758	0.00508	0.00256	0.00649
58	0.02174	0.01602	0.01717	0.01316	0.01774	0.01774	0.01087	0.74423	0.02689	0.03605	0.01373	0.01373	0.00973	0.00687	0.00572	0.00172	0.00629	0.00515	0.00572	0.00973
59	0.02174	0.01602	0.01717	0.01316	0.01774	0.01774	0.01087	0.74423	0.02689	0.03605	0.01373	0.01373	0.00973	0.00687	0.00572	0.00172	0.00629	0.00515	0.00572	0.00973
60	0.01528	0.01250	0.01305	0.01161	0.01493	0.03462	0.00906	0.03000	0.67738	0.07960	0.02283	0.02090	0.01694	0.00766	0.00580	0.00191	0.00471	0.00634	0.00584	0.00904
61	0.01251	0.01251	0.01752	0.01502	0.01502	0.01752	0.01251	0.01377	0.00876	0.01377	0.00751	0.01251	0.00751	0.01001	0.01877	0.00250	0.78851	0.00501	0.00250	0.00626
62	0.00817	0.00613	0.00919	0.00919	0.01021	0.00715	0.00715	0.01021	0.00919	0.01328	0.01532	0.02247	0.01430	0.04290	0.77631	0.00919	0.01532	0.00613	0.00306	0.00511
63	0.01529	0.80242	0.02997	0.00979	0.01468	0.02263	0.00979	0.01713	0.01162	0.01346	0.00795	0.00918	0.00734	0.00489	0.00367	0.00122	0.00612	0.00306	0.00245	0.00734
64	0.01186	0.01017	0.01186	0.00847	0.01356	0.00762	0.00678	0.01440	0.01186	0.01864	0.01017	0.01186	0.00847	0.00424	0.00424	0.00085	0.00424	0.00339	0.00339	0.83395
65	0.01236	0.01229	0.01723	0.01482	0.01485	0.01716	0.01233	0.01364	0.00877	0.01375	0.00778	0.01286	0.00774	0.01115	0.04491	0.00273	0.76184	0.00504	0.00252	0.00622
66	0.01292	0.01318	0.01746	0.01500	0.01514	0.05188	0.01245	0.01418	0.00910	0.01378	0.00757	0.01241	0.00750	0.00982	0.01815	0.00246	0.75326	0.00495	0.00252	0.00627
67	0.02137	0.02726	0.01621	0.01474	0.01768	0.77602	0.01105	0.02284	0.01621	0.01400	0.00884	0.01031	0.00737	0.00589	0.00516	0.00147	0.01031	0.00368	0.00295	0.00663
68	0.00707	0.00509	0.00671	0.00781	0.00830	0.00473	0.00529	0.00825	0.01154	0.01546	0.10452	0.69528	0.06438	0.01719	0.00723	0.00226	0.00324	0.01553	0.00541	0.00473
69	0.00697	0.00498	0.00664	0.00796	0.00830	0.00465	0.00531	0.00796	0.01095	0.01460	0.03153	0.79525	0.03783	0.01792	0.00730	0.00232	0.00332	0.01626	0.00531	0.00465
70	0.01091	0.00557	0.00560	0.00551	0.00692	0.00561	0.00415	0.02994	0.01233	0.02166	0.01855	0.02115	0.01455	0.00667	0.00404	0.00134	0.00275	0.00533	0.81199	0.00543
71	0.00748	0.00579	0.00682	0.00663	0.00819	0.00513	0.00494	0.00958	0.01465	0.01942	0.43259	0.07609	0.35585	0.01312	0.00677	0.00188	0.00281	0.01130	0.00584	0.00513
72	0.00798	0.00583	0.00749	0.00711	0.00848	0.00534	0.00532	0.01055	0.01586	0.02222	0.69450	0.05904	0.10483	0.01202	0.00676	0.00182	0.00273	0.01059	0.00620	0.00534
73	0.02247	0.01318	0.01520	0.01184	0.01622	0.01374	0.00972	0.39008	0.09967	0.31911	0.01818	0.01677	0.01227	0.00704	0.00574	0.00176	0.00555	0.00552	0.00626	0.00966
74	0.83938	0.01106	0.00841	0.00752	0.01106	0.01283	0.00619	0.01681	0.00973	0.02566	0.00796	0.00929	0.00619	0.00531	0.00354	0.00177	0.00442	0.00310	0.00354	0.00619
75	0.01119	0.00731	0.00899	0.16509	0.01443	0.00816	0.00718	0.03455	0.06354	0.01987	0.01676	0.02034	0.01335	0.04201	0.00607	0.00172	0.02695	0.00548	0.52114	0.00586
76	0.01416	0.01359	0.02322	0.03511	0.76330	0.01359	0.01755	0.01755	0.01302	0.01869	0.01076	0.01416	0.00906	0.00510	0.00566	0.00170	0.00680	0.00510	0.00283	0.00906
77	0.01296	0.01571	0.11376	0.11190	0.21632	0.01363	0.36921	0.01745	0.01306	0.01811	0.03403	0.01553	0.00988	0.00528	0.00620	0.00185	0.00834	0.00596	0.00289	0.00792
78	0.00888	0.00602	0.00790	0.00733	0.00882	0.00553	0.00553	0.01156	0.01620	0.05616	0.72736	0.04169	0.05219	0.01149	0.00670	0.00180	0.00280	0.01014	0.00633	0.00559
79	0.01034	0.03342	0.00985	0.00847	0.01054	0.00855	0.00654	0.04113	0.19943	0.02292	0.47069	0.03526	0.07457	0.01031	0.00630	0.00180	0.00340	0.00890	0.03109	0.00649
80	0.00704	0.00498	0.00666	0.00795	0.00828	0.00465	0.00530	0.00795	0.01087	0.01449	0.03102	0.77685	0.03717	0.01797	0.00766	0.02198	0.00336	0.01599	0.00524	0.00459
81	0.01031	0.00532	0.00776	0.00763	0.00778	0.00537	0.00515	0.03071	0.00807	0.01076	0.01006	0.01727	0.00993	0.01946	0.02183	0.80732	0.00501	0.00497	0.00259	0.00271
82	0.01237	0.01047	0.01213	0.00871	0.01377	0.00814	0.00699	0.05192	0.01263	0.01953	0.01035	0.01196	0.00854	0.00437	0.00431	0.00089	0.00434	0.00348	0.00351	0.79157
83	0.01206	0.01028	0.01197	0.00856	0.01364	0.00782	0.00686	0.02875	0.01216	0.01898	0.01024	0.01190	0.00850	0.00429	0.00427	0.00086	0.00428	0.00342	0.00343	0.81775
84	0.02187	0.01582	0.01704	0.01306	0.01764	0.01744	0.01079	0.72123	0.02656	0.05953	0.01402	0.01392	0.00987	0.00687	0.00572	0.00172	0.00625	0.00517	0.00577	0.00973
85	0.02528	0.01036	0.01366	0.01047	0.01491	0.00933	0.00865	0.09876	0.01741	0.69491	0.02169	0.01890	0.01372	0.00706	0.00575	0.00176	0.00501	0.00569	0.00695	0.00973
86	0.03923	0.01317	0.01390	0.01132	0.01499	0.01466	0.00915	0.42531	0.20438	0.03030	0.01678	0.01678	0.01239	0.00701	0.00540	0.00171	0.00520	0.00545	0.14414	0.00873
87	0.01299	0.01065	0.01234	0.00891	0.01393	0.00850	0.00716	0.07668	0.01323	0.03593	0.01073	0.01218	0.00870	0.00452	0.00439	0.00094	0.00442	0.00359	0.00366	0.74652
88	0.01160	0.00833	0.00983	0.00923	0.01092	0.00877	0.00705	0.19289	0.01475	0.01985	0.03765	0.14050	0.06122	0.19514	0.09709	0.00366	0.00617	0.12960	0.02989	0.00585
89	0.00697	0.00498	0.00664	0.00796	0.00830	0.00465	0.00531	0.00796	0.01095	0.01460	0.03153	0.79525	0.03783	0.01792	0.00730	0.00232	0.00332	0.01626	0.00531	0.00465
90	0.00839	0.00640	0.00971	0.01015	0.03791	0.00739	0.00753	0.01048	0.00933	0.01348	0.01515	0.02216	0.01411	0.04151	0.74797	0.00892	0.01501	0.00609	0.00306	0.00525
91	0.01168	0.00998	0.01167	0.00845	0.01336	0.00752	0.00672	0.01417	0.01183	0.01849	0.01095	0.04067	0.00955	0.00474	0.00435	0.00090	0.00420	0.00386	0.00346	0.80345
92	0.00901	0.00651	0.00916	0.01071	0.02779	0.00646	0.00885	0.01143	0.01285	0.01680	0.03003	0.16674	0.03309	0.01587	0.00777	0.00257	0.00502	0.60886	0.00522	0.00526
93	0.01342	0.01053	0.01241	0.00903	0.01390	0.00851	0.00727	0.05645	0.01295	0.07285	0.01118	0.01253	0.00892	0.00474	0.00481	0.00101	0.02484	0.00370	0.00376	0.70720
94	0.00721	0.00563	0.00654	0.00669	0.00810	0.00496	0.00487	0.00894	0.01354	0.01753	0.26499	0.21257	0.38922	0.01439	0.00687	0.00198	0.00293	0.01246	0.00561	0.00496
95	0.00830	0.00632	0.00945	0.00937	0.01036	0.00747	0.00731	0.01032	0.00918	0.01329	0.01508	0.02217	0.01409	0.04190	0.75324	0.00899	0.03887	0.00609	0.00305	0.00514
96	0.83938	0.01106	0.00841	0.00752	0.01106	0.01283	0.00619	0.01681	0.00973	0.02566	0.00796	0.00929	0.00619	0.00531	0.00354	0.00177	0.00442	0.00310	0.00354	0.00619
97	0.01147	0.02959	0.76934	0.01630	0.02476	0.01328	0.02113	0.01811	0.01208	0.01811	0.01026	0.01208	0.00725	0.00543	0.00543	0.00181	0.00845	0.00423	0.00242	0.00845
98	0.02566	0.00973	0.01327	0.01018	0.01460	0.00841	0.00841	0.02788	0.01637	0.76726	0.02257	0.01947	0.01416	0.00708	0.00575	0.00177	0.00487	0.00575	0.00708	0.00973
99	0.02174	0.01602	0.01717	0.01316	0.01774	0.01774	0.01087	0.74423	0.02689	0.03605	0.01373	0.01373	0.00973	0.00687	0.00572	0.00172	0.00629	0.00515	0.00572	0.00973
100	0.02137	0.02726	0.01621	0.01474	0.01768	0.77602	0.01105	0.02284	0.01621	0.01400	0.00884	0.01031	0.00737	0.00589	0.00516	0.00147	0.01031	0.00368	0.00295	0.00663
101	0.01251	0.01251	0.01752	0.01502	0.01502	0.01752	0.01251	0.01377	0.00876	0.01377	0.00751	0.01251	0.00751	0.01001	0.01877	0.00250	0.78851	0.00501	0.00250	0.00626
102	0.02174	0.01602	0.01717	0.01316	0.01774	0.01774	0.01087	0.74423	0.02689	0.03605	0.01373	0.01373	0.00973	0.00687	0.00572	0.00172	0.00629	0.00515	0.00572	0.00973
103	0.04818	0.01338	0.01499	0.01166	0.01590	0.01416	0.00958	0.47589	0.02241	0.22832	0.01656	0.03398	0.01171	0.00712	0.00561	0.00173	0.00560	0.00552	0.04842	0.00927
104	0.00794	0.00581	0.00745	0.00711	0.00847	0.00532	0.00531	0.01047	0.01573	0.02200	0.67463	0.07184	0.11220	0.01216	0.00677	0.00183	0.00274	0.01071	0.00618	0.00532
105	0.08472	0.14030	0.01656	0.01105	0.01529	0.08814	0.00920	0.19053	0.10990	0.17375	0.01449	0.01424	0.01058	0.00622	0.00503	0.00157	0.00578	0.00462	0.00480	0.09324
106	0.00704	0.00526	0.00658	0.00759	0.00836	0.00480	0.00530	0.00824	0.01158	0.01495	0.03780	0.57673	0.21127	0.01698	0.00720	0.00225	0.00333	0.05472	0.00531	0.00472
107	0.09233	0.10060	0.54236	0.01481	0.04150	0.04182	0.01738	0.01761	0.01203	0.01814	0.01191	0.01344	0.04084	0.00578	0.00514	0.00174	0.00761	0.00436	0.00269	0.00791
108	0.04501	0.05836	0.21203	0.08032	0.11404	0.34178	0.01463	0.03854	0.01420	0.01665	0.00961	0.01166	0.00759	0.00562	0.00523	0.00163	0.00868	0.00411	0.00283	0.00748
109	0.01193	0.00976	0.01141	0.00832	0.01300	0.00745	0.00657	0.01429	0.01183	0.04091	0.01238	0.01481	0.03129	0.04983	0.00577	0.00117	0.00429	0.00399	0.00356	0.73742

[dist]
# distance from previous block
# <min> <max>
0	5

[block]
# block no. 5 follows, 41 sequences, length 52
# corresponding to MSA columns:
# 356-407
name=unknown_F
#
# <colnr> <probs for GDERKNQSTAVLIFYWHMCP>
#	G	D	E	R	K	N	Q	S	T	A	V	L	I	F	Y	W	H	M	C	P
0	0.08071	0.01064	0.01183	0.00907	0.01354	0.00945	0.00724	0.05415	0.11915	0.02086	0.03237	0.01419	0.01100	0.00607	0.02261	0.00135	0.00462	0.00415	0.00394	0.56306
1	0.01158	0.01014	0.01695	0.74459	0.03810	0.01248	0.01549	0.01531	0.01170	0.05408	0.01082	0.01547	0.00797	0.00579	0.00572	0.00190	0.00748	0.00512	0.00278	0.00653
2	0.02462	0.00986	0.01314	0.01014	0.01436	0.00876	0.00830	0.06450	0.01654	0.69262	0.02188	0.02003	0.01425	0.04509	0.00687	0.00195	0.00497	0.00584	0.00683	0.00943
3	0.01366	0.01814	0.25506	0.09687	0.26466	0.03226	0.05848	0.01919	0.07873	0.06457	0.03484	0.01541	0.01069	0.00582	0.00570	0.00179	0.00721	0.00520	0.00331	0.00840
4	0.01198	0.05147	0.01289	0.04820	0.03548	0.05836	0.00888	0.03456	0.04276	0.01675	0.01345	0.01769	0.01160	0.02865	0.18362	0.00355	0.19677	0.00529	0.21196	0.00610
5	0.01608	0.01139	0.01298	0.01117	0.01421	0.01215	0.00906	0.39875	0.02008	0.06252	0.02247	0.16220	0.05835	0.01162	0.02500	0.00217	0.00557	0.13097	0.00555	0.00770
6	0.02566	0.01255	0.08586	0.05174	0.16379	0.05728	0.04642	0.05868	0.03386	0.01821	0.01978	0.12783	0.03191	0.01174	0.04344	0.00241	0.00671	0.19124	0.00405	0.00686
7	0.10693	0.12292	0.39232	0.01880	0.17600	0.01456	0.05618	0.01773	0.01203	0.01850	0.00988	0.01200	0.00759	0.00525	0.00511	0.00171	0.00741	0.00427	0.00266	0.00814
8	0.00903	0.00725	0.01089	0.00996	0.01129	0.00793	0.06549	0.03133	0.01026	0.01423	0.01907	0.06655	0.07083	0.15545	0.44270	0.00663	0.04505	0.00742	0.00345	0.00519
9	0.04244	0.01566	0.01680	0.01291	0.01745	0.01726	0.01066	0.69899	0.02607	0.06331	0.01392	0.01384	0.00981	0.00684	0.00567	0.00172	0.00619	0.00512	0.00572	0.00964
10	0.01321	0.01765	0.15596	0.02368	0.08734	0.01420	0.56421	0.01823	0.01322	0.01832	0.01129	0.01477	0.00847	0.00495	0.00644	0.00189	0.00922	0.00620	0.00281	0.00795
11	0.01340	0.01438	0.08830	0.14871	0.52411	0.01348	0.01693	0.01817	0.07196	0.01842	0.01163	0.01472	0.00935	0.00544	0.00566	0.00176	0.00689	0.00513	0.00299	0.00858
12	0.00791	0.00584	0.00739	0.00701	0.00843	0.00532	0.00525	0.01044	0.01576	0.02192	0.66505	0.04440	0.14983	0.01207	0.00675	0.00182	0.00273	0.01058	0.00616	0.00532
13	0.00882	0.00783	0.02693	0.00767	0.00970	0.02266	0.00597	0.01302	0.12826	0.01905	0.27491	0.06162	0.34260	0.03670	0.00725	0.00200	0.00347	0.01026	0.00553	0.00575
14	0.00696	0.00501	0.00660	0.00787	0.00827	0.00465	0.00527	0.00797	0.01104	0.01464	0.03265	0.76369	0.06866	0.01777	0.00728	0.00231	0.00330	0.01608	0.00531	0.00465
15	0.01431	0.01626	0.05522	0.03866	0.06157	0.16654	0.09092	0.03473	0.01177	0.01540	0.00973	0.03727	0.00888	0.00908	0.03326	0.00230	0.37922	0.00529	0.00283	0.00677
16	0.02227	0.00950	0.01238	0.00969	0.01357	0.00864	0.00794	0.05877	0.01580	0.56703	0.02054	0.01889	0.01355	0.00696	0.00582	0.00168	0.02807	0.00553	0.12522	0.04814
17	0.83938	0.01106	0.00841	0.00752	0.01106	0.01283	0.00619	0.01681	0.00973	0.02566	0.00796	0.00929	0.00619	0.00531	0.00354	0.00177	0.00442	0.00310	0.00354	0.00619
18	0.01529	0.80242	0.02997	0.00979	0.01468	0.02263	0.00979	0.01713	0.01162	0.01346	0.00795	0.00918	0.00734	0.00489	0.00367	0.00122	0.00612	0.00306	0.00245	0.00734
19	0.06344	0.00951	0.01263	0.00983	0.01399	0.00840	0.00808	0.02609	0.01604	0.67708	0.07595	0.02069	0.01670	0.00733	0.00572	0.00177	0.00469	0.00596	0.00685	0.00925
20	0.00709	0.00507	0.00674	0.00788	0.00832	0.00472	0.00532	0.00826	0.01150	0.01548	0.10791	0.71637	0.03952	0.01727	0.00724	0.00227	0.00325	0.01564	0.00541	0.00472
21	0.00831	0.00557	0.00638	0.00638	0.00643	0.00562	0.00364	0.00841	0.00836	0.01120	0.01789	0.03671	0.02048	0.76268	0.06499	0.00572	0.00601	0.00821	0.00345	0.00354
22	0.00676	0.00579	0.00579	0.00579	0.00773	0.00483	0.00435	0.00821	0.01304	0.01545	0.05794	0.05505	0.76098	0.01449	0.00676	0.00193	0.00290	0.01207	0.00531	0.00483
23	0.01186	0.01017	0.01186	0.00847	0.01356	0.00762	0.00678	0.01440	0.01186	0.01864	0.01017	0.01186	0.00847	0.00424	0.00424	0.00085	0.00424	0.00339	0.00339	0.83395
24	0.01147	0.02959	0.76934	0.01630	0.02476	0.01328	0.02113	0.01811	0.01208	0.01811	0.01026	0.01208	0.00725	0.00543	0.00543	0.00181	0.00845	0.00423	0.00242	0.00845
25	0.83938	0.01106	0.00841	0.00752	0.01106	0.01283	0.00619	0.01681	0.00973	0.02566	0.00796	0.00929	0.00619	0.00531	0.00354	0.00177	0.00442	0.00310	0.00354	0.00619
26	0.00994	0.00497	0.00745	0.00745	0.00745	0.00497	0.00497	0.00745	0.00745	0.00994	0.00994	0.01739	0.00994	0.01987	0.02235	0.83358	0.00497	0.00497	0.00248	0.00248
27	0.00830	0.00563	0.00666	0.00666	0.00681	0.00578	0.00400	0.00859	0.00844	0.01141	0.01763	0.03528	0.01986	0.69018	0.13663	0.00607	0.00695	0.00800	0.00341	0.00370
28	0.01251	0.01251	0.01752	0.01502	0.01502	0.01752	0.01251	0.01377	0.00876	0.01377	0.00751	0.01251	0.00751	0.01001	0.01877	0.00250	0.78851	0.00501	0.00250	0.00626
