[name]
unknown

[dist]
# distance from previous block
# <min> <max>
0	107

[block]
# block no. 0 follows, 39 sequences, length 14
# corresponding to MSA columns:
# 107-120
name=unknown_A
#
# <colnr> <probs for GDERKNQSTAVLIFYWHMCP>
#	G	D	E	R	K	N	Q	S	T	A	V	L	I	F	Y	W	H	M	C	P
0	0.01420	0.00984	0.03591	0.01112	0.01404	0.00926	0.00962	0.07152	0.11003	0.14439	0.02642	0.04371	0.04118	0.01191	0.00700	0.00225	0.00534	0.36645	0.00565	0.06020
1	0.11217	0.01075	0.01274	0.04782	0.01557	0.01057	0.00865	0.03617	0.16935	0.28580	0.03725	0.02035	0.01487	0.00719	0.00554	0.00174	0.00492	0.03796	0.00558	0.15498
2	0.01676	0.01361	0.01493	0.01345	0.05151	0.09964	0.02566	0.12538	0.16508	0.12295	0.05646	0.06182	0.06594	0.00884	0.00790	0.00195	0.11071	0.00685	0.00507	0.02548
3	0.00975	0.00801	0.01110	0.01036	0.01119	0.00962	0.00804	0.01141	0.00997	0.01464	0.05120	0.07532	0.01719	0.11499	0.35203	0.00587	0.20546	0.00708	0.02326	0.04352
4	0.01597	0.01761	0.02047	0.24080	0.28152	0.25255	0.05163	0.01905	0.01406	0.01657	0.01036	0.01377	0.00837	0.00570	0.00576	0.00176	0.00857	0.00489	0.00288	0.00770
5	0.00728	0.00526	0.00690	0.00806	0.00857	0.00487	0.00545	0.00847	0.01184	0.01580	0.08885	0.69522	0.07582	0.01786	0.00748	0.00234	0.00336	0.01613	0.00557	0.00487
6	0.02467	0.01036	0.01362	0.01059	0.01493	0.00938	0.00869	0.07842	0.04153	0.63572	0.07008	0.02133	0.01710	0.00764	0.00601	0.00183	0.00498	0.00624	0.00712	0.00975
7	0.01240	0.00673	0.00895	0.00867	0.01046	0.00609	0.00652	0.01431	0.01430	0.20102	0.21077	0.33536	0.06768	0.01386	0.00703	0.00213	0.00378	0.05741	0.00619	0.00634
8	0.00956	0.00646	0.00736	0.00708	0.00916	0.00557	0.00543	0.01134	0.01415	0.10311	0.13877	0.09868	0.49923	0.01403	0.00696	0.00202	0.00335	0.04624	0.00583	0.00566
9	0.00725	0.00581	0.00649	0.00672	0.00825	0.00504	0.00489	0.00885	0.01351	0.01699	0.16213	0.21921	0.48344	0.01532	0.00711	0.00207	0.00306	0.01317	0.00565	0.00504
10	0.01484	0.05194	0.07734	0.10000	0.44458	0.08362	0.01626	0.01992	0.09819	0.01881	0.01221	0.01484	0.00985	0.00574	0.00572	0.00177	0.00727	0.00513	0.00322	0.00874
11	0.01970	0.07181	0.01768	0.01590	0.08784	0.43588	0.01144	0.10631	0.01695	0.04894	0.03318	0.01497	0.04457	0.00689	0.00615	0.00165	0.04407	0.00483	0.00371	0.00752
12	0.01499	0.01190	0.01328	0.00996	0.01465	0.04470	0.00801	0.08750	0.01426	0.08598	0.01200	0.01333	0.00945	0.00534	0.00547	0.00118	0.04410	0.00404	0.02253	0.57732
13	0.03378	0.04784	0.01746	0.05001	0.01826	0.06391	0.08964	0.34832	0.01961	0.02603	0.01643	0.15879	0.01510	0.02531	0.00661	0.00193	0.00650	0.00740	0.00483	0.04221

[dist]
# distance from previous block
# <min> <max>
0	8

[block]
# block no. 1 follows, 39 sequences, length 14
# corresponding to MSA columns:
# 129-142
name=unknown_B
#
# <colnr> <probs for GDERKNQSTAVLIFYWHMCP>
#	G	D	E	R	K	N	Q	S	T	A	V	L	I	F	Y	W	H	M	C	P
0	0.03915	0.20794	0.11270	0.01096	0.01513	0.07463	0.01011	0.04397	0.05417	0.17937	0.07615	0.01972	0.01551	0.10605	0.00840	0.00217	0.00620	0.00556	0.00441	0.00769
1	0.01270	0.07378	0.57945	0.04750	0.02596	0.01432	0.10849	0.01880	0.01272	0.03677	0.01095	0.01305	0.00787	0.00556	0.00570	0.00185	0.00862	0.00469	0.00269	0.00852
2	0.00834	0.00563	0.00653	0.00678	0.00684	0.00556	0.00393	0.00853	0.00910	0.01213	0.02119	0.17590	0.02472	0.65056	0.02597	0.00512	0.00531	0.01010	0.00393	0.00381
3	0.00730	0.00526	0.00676	0.00792	0.00836	0.00489	0.00526	0.00828	0.01126	0.01486	0.03345	0.67309	0.09003	0.08180	0.00936	0.00265	0.00359	0.01582	0.00533	0.00472
4	0.00744	0.00540	0.00703	0.00791	0.00859	0.00498	0.00544	0.00888	0.01264	0.01702	0.19020	0.57743	0.09134	0.01689	0.00739	0.00226	0.00326	0.01519	0.00571	0.00498
5	0.01192	0.01103	0.10124	0.00998	0.01297	0.00905	0.00872	0.06532	0.13518	0.07572	0.34901	0.09827	0.06602	0.01064	0.00656	0.00193	0.00430	0.00918	0.00583	0.00711
6	0.01353	0.01292	0.02200	0.27359	0.52666	0.01376	0.01760	0.01718	0.01294	0.01797	0.01093	0.01500	0.00889	0.00547	0.00587	0.00182	0.00730	0.00526	0.00283	0.00847
7	0.01355	0.01611	0.07175	0.02355	0.02936	0.01434	0.64698	0.01848	0.01386	0.01885	0.01320	0.01920	0.01059	0.00579	0.00699	0.00204	0.00960	0.05481	0.00313	0.00785
8	0.01618	0.01354	0.01454	0.07730	0.06415	0.09347	0.01011	0.12427	0.20139	0.08607	0.01956	0.04490	0.06305	0.00751	0.00576	0.00172	0.00583	0.00613	0.00486	0.13967
9	0.01304	0.01161	0.01650	0.23750	0.02389	0.01123	0.07871	0.07519	0.04328	0.01971	0.01150	0.01420	0.00900	0.00526	0.00527	0.00142	0.00613	0.00463	0.00350	0.40843
10	0.01226	0.01051	0.01226	0.00876	0.01401	0.00788	0.00701	0.01489	0.01226	0.01927	0.01051	0.01226	0.00876	0.00438	0.00438	0.00088	0.00438	0.00350	0.00350	0.82832
11	0.01374	0.01072	0.01219	0.00934	0.01383	0.03072	0.00737	0.04812	0.03796	0.08355	0.03442	0.08558	0.01367	0.00644	0.00503	0.00122	0.00459	0.00533	0.00427	0.57190
12	0.01509	0.01415	0.07215	0.04595	0.36777	0.01281	0.01444	0.12239	0.01541	0.05097	0.01429	0.01872	0.02649	0.00648	0.00581	0.00171	0.00643	0.05320	0.00381	0.13191
13	0.01093	0.00760	0.01026	0.00881	0.01056	0.00697	0.05991	0.01208	0.01060	0.07516	0.01856	0.10869	0.01957	0.44149	0.03584	0.00406	0.00575	0.00822	0.00402	0.14089

[dist]
# distance from previous block
# <min> <max>
0	8

[block]
# block no. 2 follows, 39 sequences, length 21
# corresponding to MSA columns:
# 181-201
name=unknown_C
#
# <colnr> <probs for GDERKNQSTAVLIFYWHMCP>
#	G	D	E	R	K	N	Q	S	T	A	V	L	I	F	Y	W	H	M	C	P
0	0.03618	0.05516	0.39263	0.01478	0.02123	0.01320	0.08626	0.08958	0.01376	0.02004	0.01264	0.01563	0.02510	0.05348	0.03293	0.00223	0.00787	0.00503	0.00319	0.09910
1	0.01355	0.04568	0.53934	0.01504	0.02251	0.01256	0.03452	0.01910	0.01295	0.10198	0.01275	0.03970	0.00954	0.00609	0.00558	0.00177	0.00766	0.00491	0.00326	0.09152
2	0.05755	0.00706	0.00974	0.00933	0.01096	0.00779	0.00729	0.01140	0.00982	0.01504	0.01485	0.02132	0.01368	0.03802	0.64634	0.00818	0.01402	0.00586	0.00323	0.08851
3	0.05211	0.48259	0.02542	0.09768	0.06322	0.01941	0.02600	0.01655	0.01169	0.01517	0.01012	0.05695	0.00958	0.00651	0.00601	0.00162	0.08468	0.00461	0.00281	0.00726
4	0.06418	0.01516	0.01618	0.06907	0.04620	0.06148	0.01073	0.43563	0.02149	0.02965	0.01274	0.01378	0.00947	0.00635	0.00545	0.00162	0.00632	0.00482	0.02945	0.14021
5	0.00838	0.00599	0.00808	0.00822	0.00881	0.00650	0.00576	0.00959	0.00935	0.01301	0.01859	0.10638	0.01978	0.32411	0.41292	0.00736	0.01077	0.00825	0.00356	0.00459
6	0.00936	0.00731	0.02781	0.00812	0.00987	0.00655	0.00627	0.04409	0.04032	0.03841	0.44145	0.16324	0.13515	0.02617	0.00733	0.00203	0.00341	0.01123	0.00604	0.00586
7	0.01581	0.79572	0.03099	0.01012	0.01518	0.02340	0.01012	0.01771	0.01202	0.01391	0.00822	0.00949	0.00759	0.00506	0.00379	0.00126	0.00632	0.00316	0.00253	0.00759
8	0.01975	0.01477	0.01655	0.01405	0.06037	0.01612	0.01078	0.57275	0.04058	0.03359	0.08961	0.05157	0.01609	0.00802	0.00609	0.00181	0.00599	0.00640	0.00578	0.00932
9	0.01474	0.51894	0.16717	0.01158	0.01713	0.03856	0.01215	0.01763	0.01215	0.01543	0.00893	0.01051	0.00770	0.00531	0.00481	0.00139	0.03462	0.00352	0.00264	0.09510
10	0.00732	0.00524	0.00697	0.00815	0.00860	0.00488	0.00550	0.00853	0.01187	0.01597	0.10531	0.71311	0.04080	0.01788	0.00749	0.00235	0.00337	0.01619	0.00559	0.00488
11	0.01023	0.00575	0.00854	0.00838	0.00850	0.00618	0.00586	0.00842	0.00799	0.01090	0.01073	0.01825	0.01062	0.02255	0.10526	0.68688	0.05394	0.00527	0.00264	0.00311
12	0.01567	0.76815	0.05731	0.01036	0.01555	0.02305	0.01054	0.01774	0.01203	0.01409	0.00831	0.00959	0.00759	0.00508	0.00386	0.00129	0.00641	0.00321	0.00253	0.00763
13	0.00727	0.00523	0.00678	0.00799	0.00842	0.00487	0.00532	0.00827	0.01130	0.01494	0.03347	0.70024	0.08189	0.06289	0.00881	0.00257	0.00354	0.01607	0.00538	0.00474
14	0.01226	0.01051	0.01226	0.00876	0.01401	0.00788	0.00701	0.01489	0.01226	0.01927	0.01051	0.01226	0.00876	0.00438	0.00438	0.00088	0.00438	0.00350	0.00350	0.82832
15	0.02151	0.01571	0.01683	0.01301	0.01743	0.01735	0.01067	0.67914	0.02648	0.03573	0.01457	0.01537	0.01067	0.03364	0.00666	0.00189	0.00632	0.00544	0.04196	0.00964
16	0.03897	0.01117	0.01366	0.01123	0.01504	0.01138	0.02754	0.07416	0.27396	0.33463	0.10269	0.02271	0.01973	0.00797	0.00606	0.00190	0.00488	0.00665	0.00648	0.00918
17	0.01307	0.06094	0.01843	0.07043	0.06094	0.03426	0.13458	0.01739	0.08066	0.01876	0.02796	0.04813	0.01178	0.00595	0.00562	0.00146	0.01959	0.00537	0.00361	0.36107
18	0.00721	0.00515	0.00686	0.00823	0.00858	0.00480	0.00549	0.00823	0.01132	0.01510	0.03259	0.78831	0.03911	0.01853	0.00755	0.00240	0.00343	0.01681	0.00549	0.00480
19	0.01754	0.01548	0.01513	0.07740	0.05531	0.20793	0.02492	0.13259	0.04614	0.11469	0.01740	0.09329	0.04286	0.00956	0.03952	0.00209	0.00734	0.00642	0.00451	0.06989
20	0.01252	0.00963	0.01169	0.07628	0.01504	0.00892	0.00787	0.12070	0.01460	0.04765	0.04216	0.19086	0.06573	0.03386	0.00656	0.00174	0.00472	0.00794	0.00459	0.31696

[dist]
# distance from previous block
# <min> <max>
13	26

[block]
# block no. 3 follows, 39 sequences, length 29
# corresponding to MSA columns:
# 228-256
name=unknown_D
#
# <colnr> <probs for GDERKNQSTAVLIFYWHMCP>
#	G	D	E	R	K	N	Q	S	T	A	V	L	I	F	Y	W	H	M	C	P
0	0.02069	0.04986	0.04108	0.01303	0.01764	0.01594	0.03531	0.49355	0.02294	0.12093	0.01494	0.01572	0.01087	0.02810	0.04487	0.00223	0.00689	0.00541	0.00546	0.03455
1	0.02629	0.04440	0.03326	0.00880	0.01091	0.04720	0.00707	0.09578	0.01434	0.04432	0.09166	0.11395	0.04050	0.03307	0.01866	0.02912	0.03848	0.00737	0.28860	0.00624
2	0.01759	0.01286	0.03739	0.01159	0.01515	0.01307	0.00953	0.41438	0.02116	0.08960	0.02238	0.15902	0.07042	0.03424	0.00713	0.00208	0.00558	0.04280	0.00572	0.00829
3	0.16359	0.15166	0.24150	0.01338	0.01836	0.04125	0.04861	0.04924	0.01255	0.01961	0.04252	0.01310	0.00973	0.00648	0.00703	0.00182	0.11869	0.00447	0.00313	0.03325
4	0.02919	0.06637	0.16142	0.08768	0.35939	0.03950	0.03391	0.04019	0.01342	0.01899	0.01215	0.04855	0.01029	0.00613	0.00564	0.00177	0.00714	0.00544	0.04448	0.00835
5	0.00769	0.00671	0.04031	0.00773	0.00902	0.00547	0.00579	0.00930	0.01259	0.01659	0.15887	0.36526	0.22452	0.09090	0.00941	0.00250	0.00367	0.01330	0.00534	0.00504
6	0.09776	0.51943	0.04915	0.01094	0.01541	0.15523	0.01016	0.01835	0.01266	0.01548	0.00955	0.04443	0.00887	0.00591	0.00428	0.00144	0.00688	0.00393	0.00287	0.00725
7	0.00825	0.00552	0.00714	0.00809	0.00872	0.00514	0.00549	0.00930	0.01149	0.04736	0.03239	0.61181	0.07978	0.09723	0.00978	0.00270	0.00377	0.03573	0.00537	0.00494
8	0.04121	0.01479	0.04133	0.18735	0.13381	0.08986	0.01312	0.14819	0.16153	0.03953	0.01532	0.01896	0.01218	0.00711	0.00593	0.00190	0.00686	0.04846	0.00428	0.00828
9	0.11631	0.01512	0.04576	0.15137	0.35821	0.08719	0.06055	0.01893	0.05597	0.01932	0.01127	0.01426	0.00900	0.00564	0.00561	0.00181	0.00733	0.00503	0.00315	0.00818
10	0.00837	0.00569	0.00674	0.00695	0.00709	0.00571	0.00416	0.00869	0.00909	0.01220	0.02058	0.15345	0.02372	0.61648	0.08198	0.00550	0.00614	0.00970	0.00385	0.00390
11	0.04615	0.76665	0.03016	0.01003	0.01504	0.02302	0.00998	0.01770	0.01194	0.01438	0.00822	0.00949	0.00755	0.00508	0.00379	0.00129	0.00626	0.00316	0.00257	0.00755
12	0.00793	0.00582	0.00718	0.00722	0.00833	0.00535	0.00512	0.00980	0.01408	0.01913	0.39810	0.19068	0.16994	0.11272	0.01002	0.00248	0.00332	0.01193	0.00576	0.00507
13	0.05953	0.18434	0.14405	0.08153	0.01985	0.10020	0.05925	0.09532	0.01466	0.03565	0.04741	0.01460	0.01099	0.00685	0.02094	0.00179	0.00725	0.00474	0.04488	0.04616
14	0.02084	0.05218	0.01632	0.01223	0.01638	0.01524	0.01002	0.48927	0.02310	0.15265	0.01780	0.11528	0.01446	0.00852	0.00603	0.00184	0.00586	0.00681	0.00593	0.00926
15	0.04894	0.01058	0.01368	0.01069	0.01512	0.00973	0.00878	0.05240	0.08780	0.64230	0.02265	0.01981	0.01458	0.00733	0.00589	0.00185	0.00503	0.00592	0.00704	0.00989
16	0.00741	0.00551	0.00693	0.00779	0.00865	0.00503	0.00547	0.00883	0.01255	0.01647	0.12865	0.51300	0.18757	0.01689	0.00739	0.00226	0.00335	0.04566	0.00562	0.00497
17	0.01729	0.20574	0.01927	0.01388	0.07036	0.21619	0.01062	0.05450	0.03947	0.08619	0.03832	0.03011	0.06927	0.00759	0.00694	0.00172	0.09580	0.00540	0.00384	0.00750
18	0.04089	0.01514	0.08548	0.15521	0.11049	0.01377	0.40420	0.01747	0.01312	0.01832	0.01264	0.06219	0.01045	0.00607	0.00648	0.00197	0.00860	0.00675	0.00306	0.00770
19	0.03428	0.00631	0.00760	0.00729	0.00897	0.00574	0.00546	0.01121	0.01514	0.05680	0.43755	0.11767	0.23806	0.01305	0.00688	0.00195	0.00307	0.01131	0.00609	0.00559
20	0.00864	0.00660	0.00982	0.00968	0.01076	0.00629	0.07779	0.02770	0.01195	0.01635	0.04581	0.56181	0.03281	0.08346	0.00919	0.00256	0.00430	0.01399	0.05528	0.00520
21	0.14417	0.09589	0.22141	0.01269	0.03929	0.01303	0.01238	0.09233	0.01454	0.18318	0.01568	0.08667	0.01276	0.00750	0.00548	0.00185	0.00619	0.02227	0.00444	0.00826
22	0.01444	0.01653	0.05391	0.07571	0.06367	0.08794	0.48033	0.04453	0.01426	0.01856	0.01246	0.04130	0.01015	0.03004	0.00734	0.00205	0.00923	0.00669	0.00316	0.00770
23	0.00906	0.00641	0.00799	0.00787	0.00910	0.00613	0.00564	0.03482	0.03698	0.03539	0.38674	0.23352	0.07923	0.10243	0.00967	0.00245	0.00353	0.01172	0.00584	0.00548
24	0.63694	0.01235	0.06674	0.03270	0.01334	0.01250	0.00790	0.01731	0.01055	0.06030	0.01000	0.01245	0.00797	0.04655	0.03051	0.00229	0.00545	0.00387	0.00370	0.00659
25	0.00902	0.00685	0.00809	0.00797	0.00942	0.00645	0.00556	0.03529	0.04366	0.01605	0.02912	0.31598	0.13765	0.18828	0.05051	0.00321	0.00478	0.01133	0.00474	0.10604
26	0.13477	0.09261	0.20692	0.05415	0.09654	0.03658	0.01298	0.01876	0.09743	0.02006	0.04149	0.01546	0.02821	0.00612	0.00515	0.00168	0.00631	0.00479	0.00351	0.11646
27	0.09746	0.07497	0.03063	0.05954	0.06661	0.07789	0.00972	0.09669	0.03787	0.13679	0.09878	0.04131	0.06316	0.03692	0.00669	0.00198	0.00577	0.04488	0.00483	0.00750
28	0.12517	0.06025	0.01404	0.01065	0.01419	0.03804	0.03051	0.14912	0.09939	0.09019	0.16621	0.04034	0.03191	0.00802	0.00591	0.00175	0.02052	0.00644	0.00517	0.08215

[dist]
# distance from previous block
# <min> <max>
0	1

[block]
# block no. 4 follows, 39 sequences, length 32
# corresponding to MSA columns:
# 258-289
name=unknown_E
#
# <colnr> <probs for GDERKNQSTAVLIFYWHMCP>
#	G	D	E	R	K	N	Q	S	T	A	V	L	I	F	Y	W	H	M	C	P
0	0.11297	0.05512	0.06214	0.03899	0.05942	0.03754	0.00947	0.08591	0.05169	0.04195	0.16810	0.02606	0.02203	0.00840	0.00568	0.00181	0.00514	0.07740	0.09533	0.03485
1	0.49157	0.01170	0.05058	0.01043	0.06018	0.01186	0.00807	0.01786	0.06453	0.06228	0.09352	0.01762	0.03055	0.04048	0.00577	0.00201	0.00481	0.00505	0.00426	0.00688
2	0.02915	0.09377	0.35929	0.09120	0.04878	0.03080	0.04514	0.07042	0.01351	0.01944	0.01100	0.01329	0.00835	0.00581	0.00581	0.00174	0.03343	0.00454	0.04720	0.06733
3	0.01027	0.00514	0.00770	0.00770	0.00770	0.00514	0.00514	0.00770	0.00770	0.01027	0.01027	0.01798	0.01027	0.02054	0.02311	0.82794	0.00514	0.00514	0.00257	0.00257
4	0.01389	0.01380	0.07523	0.28404	0.22119	0.01375	0.03563	0.12413	0.05785	0.02114	0.06992	0.01757	0.01293	0.00648	0.00599	0.00187	0.00699	0.00576	0.00370	0.00812
5	0.00824	0.00569	0.00702	0.00733	0.00761	0.00573	0.00463	0.00888	0.00970	0.01314	0.05179	0.21395	0.02617	0.47602	0.12378	0.00530	0.00644	0.01032	0.00410	0.00418
6	0.00935	0.00588	0.00797	0.00823	0.00870	0.00588	0.00571	0.03287	0.01087	0.01468	0.10010	0.28396	0.02651	0.07214	0.01543	0.32891	0.02044	0.03395	0.00427	0.00415
7	0.01420	0.01360	0.02321	0.13049	0.66453	0.01394	0.01793	0.01776	0.01326	0.01879	0.01105	0.01478	0.00918	0.00535	0.00586	0.00178	0.00713	0.00527	0.00289	0.00901
8	0.00900	0.00673	0.00944	0.00937	0.01037	0.00761	0.00709	0.04015	0.01068	0.01507	0.04270	0.13481	0.01978	0.09573	0.52077	0.00739	0.03616	0.00809	0.00374	0.00532
9	0.00921	0.00652	0.00820	0.00767	0.00922	0.00611	0.00574	0.04221	0.01641	0.03890	0.58850	0.08322	0.10401	0.03844	0.00771	0.00202	0.00315	0.01076	0.00627	0.00572
10	0.01269	0.02572	0.56498	0.01829	0.08378	0.01317	0.07987	0.01870	0.01313	0.05089	0.05419	0.01511	0.01087	0.00598	0.00584	0.00187	0.00820	0.00510	0.00301	0.00860
11	0.01207	0.07179	0.72219	0.01649	0.02503	0.01425	0.02122	0.01867	0.01246	0.01847	0.01048	0.01232	0.00750	0.00559	0.00552	0.00184	0.00861	0.00430	0.00250	0.00868
12	0.01867	0.01077	0.01324	0.00981	0.01476	0.00896	0.00798	0.07245	0.01524	0.31482	0.01587	0.01553	0.01119	0.00574	0.00511	0.00132	0.00479	0.00461	0.00519	0.44393
13	0.01315	0.09755	0.60705	0.01613	0.02391	0.03405	0.03837	0.01904	0.01267	0.04758	0.01082	0.01258	0.00783	0.00576	0.00588	0.00183	0.03010	0.00440	0.00272	0.00856
14	0.00859	0.00578	0.00667	0.00667	0.00675	0.00585	0.00386	0.00874	0.00867	0.01163	0.01843	0.03758	0.02102	0.73819	0.08341	0.00601	0.00646	0.00844	0.00355	0.00371
15	0.83394	0.01144	0.00869	0.00778	0.01144	0.01327	0.00640	0.01738	0.01006	0.02653	0.00823	0.00961	0.00640	0.00549	0.00366	0.00183	0.00457	0.00320	0.00366	0.00640
16	0.01226	0.01051	0.01226	0.00876	0.01401	0.00788	0.00701	0.01489	0.01226	0.01927	0.01051	0.01226	0.00876	0.00438	0.00438	0.00088	0.00438	0.00350	0.00350	0.82832
17	0.51696	0.16314	0.07391	0.00935	0.01359	0.04892	0.00861	0.01789	0.01141	0.04336	0.04084	0.01164	0.00913	0.00578	0.00412	0.00171	0.00545	0.00371	0.00355	0.00691
18	0.01308	0.02665	0.01191	0.05523	0.01427	0.00896	0.00764	0.10654	0.01424	0.07914	0.02009	0.19574	0.05560	0.05545	0.00717	0.00184	0.00475	0.00786	0.00461	0.30925
19	0.07806	0.00994	0.01143	0.03054	0.01356	0.00870	0.00713	0.03105	0.01213	0.01968	0.01252	0.05578	0.01116	0.03343	0.00610	0.00137	0.03777	0.00471	0.07422	0.54071
20	0.00861	0.00626	0.00759	0.00735	0.00890	0.00574	0.00543	0.01123	0.03939	0.04082	0.42398	0.12513	0.23429	0.03927	0.00775	0.00209	0.00314	0.01148	0.00604	0.00553
21	0.01593	0.06066	0.03810	0.08012	0.10547	0.24865	0.01329	0.01798	0.01251	0.01521	0.00898	0.01245	0.00793	0.00750	0.01075	0.00197	0.30598	0.00460	0.00279	0.02911
22	0.01472	0.01260	0.01324	0.01193	0.01515	0.02784	0.00935	0.06756	0.62314	0.02481	0.05366	0.02475	0.01985	0.00855	0.00615	0.00202	0.00485	0.04489	0.00595	0.00899
23	0.00833	0.00591	0.00724	0.00704	0.00846	0.00541	0.00523	0.01076	0.01529	0.02155	0.49859	0.10071	0.16968	0.01251	0.00671	0.00187	0.00287	0.01090	0.09552	0.00541
24	0.00835	0.00587	0.00725	0.00732	0.00780	0.00601	0.00479	0.00916	0.00972	0.01313	0.05501	0.08542	0.07536	0.46938	0.20464	0.00598	0.00770	0.00896	0.00388	0.00427
25	0.00741	0.00591	0.00641	0.00644	0.00798	0.00516	0.00463	0.00891	0.01327	0.01662	0.16333	0.10531	0.50472	0.10601	0.00974	0.00244	0.00332	0.01205	0.00543	0.00491
26	0.01166	0.00893	0.02334	0.05133	0.01349	0.00898	0.00814	0.06527	0.16537	0.06494	0.12399	0.20667	0.11215	0.01249	0.00684	0.00213	0.00444	0.09738	0.00566	0.00678
27	0.71238	0.01162	0.00939	0.00841	0.01202	0.01348	0.00684	0.01947	0.11906	0.02627	0.01058	0.01146	0.00813	0.00587	0.00401	0.00186	0.00459	0.00372	0.00401	0.00684
28	0.01516	0.09183	0.07930	0.09153	0.30590	0.04616	0.03953	0.10135	0.06013	0.03673	0.01472	0.03771	0.04103	0.00655	0.00577	0.00178	0.00691	0.00572	0.00365	0.00852
29	0.00844	0.00622	0.00775	0.00848	0.00929	0.00615	0.00584	0.03448	0.06546	0.01663	0.06055	0.57705	0.06044	0.07347	0.02788	0.00273	0.00406	0.01443	0.00539	0.00527
30	0.11617	0.03015	0.14452	0.01355	0.11559	0.01017	0.01049	0.03876	0.02913	0.03832	0.14786	0.13272	0.03571	0.10117	0.00880	0.00236	0.00540	0.00797	0.00434	0.00680
31	0.03915	0.09140	0.01451	0.01046	0.01411	0.06980	0.00842	0.16524	0.06334	0.11525	0.01921	0.07528	0.06696	0.05171	0.03963	0.00219	0.00600	0.00638	0.00479	0.13616

[dist]
# distance from previous block
# <min> <max>
4	10

[block]
# block no. 5 follows, 39 sequences, length 37
# corresponding to MSA columns:
# 301-337
name=unknown_F
#
# <colnr> <probs for GDERKNQSTAVLIFYWHMCP>
#	G	D	E	R	K	N	Q	S	T	A	V	L	I	F	Y	W	H	M	C	P
0	0.13734	0.22209	0.35686	0.01342	0.03830	0.01547	0.01480	0.01864	0.01252	0.07074	0.04173	0.01320	0.00993	0.00584	0.00494	0.00170	0.00694	0.00428	0.00320	0.00807
1	0.06970	0.06740	0.01444	0.04213	0.01500	0.06761	0.00904	0.22676	0.05321	0.05350	0.01629	0.12560	0.01525	0.10225	0.00992	0.02035	0.05677	0.00697	0.00458	0.02324
2	0.15339	0.00765	0.00788	0.02037	0.00958	0.00832	0.00572	0.06780	0.01251	0.02218	0.01584	0.01925	0.01282	0.02841	0.05807	0.04967	0.02147	0.00519	0.46804	0.00582
3	0.01399	0.01653	0.12463	0.10335	0.44042	0.03172	0.12587	0.01853	0.03274	0.01880	0.01142	0.01476	0.00910	0.00543	0.00599	0.00183	0.00781	0.00541	0.00293	0.00874
4	0.01027	0.00514	0.00770	0.00770	0.00770	0.00514	0.00514	0.00770	0.00770	0.01027	0.01027	0.01798	0.01027	0.02054	0.02311	0.82794	0.00514	0.00514	0.00257	0.00257
5	0.00944	0.00699	0.00936	0.01066	0.03190	0.00687	0.00859	0.03569	0.01375	0.01781	0.03417	0.16339	0.12896	0.01585	0.00778	0.00252	0.00492	0.48038	0.00540	0.00556
6	0.02090	0.12196	0.01929	0.01308	0.01767	0.01881	0.01102	0.57997	0.06775	0.03283	0.01383	0.01400	0.01014	0.00695	0.00594	0.00174	0.02402	0.00511	0.00539	0.00960
7	0.01237	0.03596	0.01289	0.01331	0.11844	0.07037	0.00902	0.06280	0.09956	0.01943	0.08167	0.03418	0.21636	0.01067	0.00703	0.03661	0.00516	0.08512	0.00473	0.06432
8	0.01288	0.04582	0.35764	0.01937	0.07607	0.01412	0.21802	0.01802	0.01269	0.01842	0.01074	0.01352	0.00818	0.00561	0.00680	0.00183	0.06254	0.00509	0.00277	0.08987
9	0.06675	0.01376	0.03065	0.02586	0.06954	0.06458	0.01019	0.26991	0.06646	0.07526	0.01796	0.02098	0.04646	0.00777	0.00596	0.00180	0.02092	0.05519	0.09173	0.03826
10	0.01546	0.00741	0.00854	0.00753	0.00996	0.00720	0.00590	0.01934	0.07893	0.22296	0.05049	0.02242	0.01692	0.00732	0.00491	0.00158	0.00355	0.00594	0.49655	0.00710
11	0.01033	0.00768	0.01041	0.02998	0.04171	0.00772	0.03039	0.08828	0.01375	0.03453	0.08782	0.34736	0.06705	0.08330	0.06240	0.00301	0.00539	0.05796	0.00508	0.00586
12	0.06353	0.19063	0.05559	0.03731	0.13302	0.14989	0.01235	0.19577	0.04245	0.02208	0.01183	0.01439	0.00969	0.00634	0.00527	0.00167	0.00722	0.02888	0.00380	0.00829
13	0.00994	0.02674	0.00876	0.00861	0.00957	0.00664	0.00639	0.05523	0.01222	0.01673	0.07089	0.29494	0.02724	0.01627	0.01121	0.21899	0.00436	0.11781	0.07264	0.00483
14	0.00729	0.00521	0.00681	0.00805	0.00841	0.00487	0.00533	0.00827	0.01120	0.01487	0.03245	0.71521	0.05915	0.07140	0.00908	0.00262	0.00358	0.01612	0.00536	0.00473
15	0.01265	0.00926	0.01260	0.01120	0.02930	0.00912	0.07419	0.14825	0.02861	0.07790	0.18141	0.24314	0.11360	0.01206	0.00682	0.00202	0.00464	0.01072	0.00565	0.00684
16	0.04070	0.23311	0.34194	0.01512	0.02144	0.09975	0.08707	0.01924	0.01298	0.04421	0.01026	0.01202	0.00791	0.00563	0.00550	0.00170	0.02623	0.00428	0.00283	0.00807
17	0.01152	0.00664	0.00884	0.00800	0.00981	0.00605	0.00607	0.01382	0.01602	0.14644	0.55932	0.06055	0.04538	0.01203	0.00788	0.05611	0.00334	0.00971	0.00636	0.00611
18	0.06833	0.06835	0.02261	0.03085	0.60566	0.01447	0.01612	0.01840	0.04389	0.01956	0.01244	0.01527	0.02717	0.00562	0.00560	0.00174	0.00662	0.00522	0.00314	0.00894
19	0.01503	0.01120	0.01385	0.01014	0.01519	0.00928	0.03818	0.08979	0.01447	0.11229	0.01296	0.02863	0.01021	0.00532	0.00490	0.00116	0.00489	0.00439	0.00424	0.59389
20	0.21643	0.04605	0.01457	0.08235	0.09143	0.08097	0.01015	0.13708	0.01451	0.02288	0.01207	0.03517	0.00992	0.00681	0.00621	0.00179	0.07532	0.00490	0.12416	0.00725
21	0.14965	0.06471	0.01700	0.03253	0.01737	0.10595	0.06046	0.30927	0.01910	0.06871	0.02995	0.01458	0.01059	0.00804	0.03627	0.00205	0.00704	0.00499	0.03349	0.00824
22	0.03083	0.42370	0.04458	0.06354	0.08829	0.05290	0.01122	0.03488	0.09736	0.01677	0.01314	0.01459	0.03950	0.00765	0.03685	0.00187	0.00681	0.00453	0.00325	0.00773
23	0.01117	0.01051	0.01774	0.77795	0.04073	0.01314	0.01642	0.01511	0.01182	0.01511	0.01051	0.01577	0.00788	0.00591	0.00591	0.00197	0.00788	0.00526	0.00263	0.00657
24	0.00766	0.00596	0.00696	0.00684	0.00843	0.00526	0.00508	0.00973	0.01486	0.01957	0.38508	0.10366	0.37196	0.01387	0.00702	0.00196	0.00293	0.01195	0.00597	0.00526
25	0.83394	0.01144	0.00869	0.00778	0.01144	0.01327	0.00640	0.01738	0.01006	0.02653	0.00823	0.00961	0.00640	0.00549	0.00366	0.00183	0.00457	0.00320	0.00366	0.00640
26	0.01334	0.01138	0.01358	0.01002	0.01497	0.00970	0.02762	0.07552	0.06477	0.02099	0.01173	0.01323	0.00949	0.00504	0.00511	0.00111	0.02650	0.00402	0.00384	0.65803
27	0.00791	0.00567	0.00751	0.00850	0.00906	0.00557	0.00588	0.02796	0.01149	0.01542	0.02944	0.61617	0.03450	0.06558	0.09155	0.00336	0.00506	0.03929	0.00514	0.00495
28	0.01344	0.00727	0.00955	0.00839	0.01072	0.00659	0.00656	0.01625	0.02795	0.22583	0.48903	0.03840	0.07457	0.01096	0.00671	0.00188	0.00352	0.02888	0.00665	0.00684
29	0.01078	0.00673	0.00895	0.00844	0.01006	0.00645	0.00648	0.01311	0.01488	0.11599	0.41465	0.10443	0.06719	0.04191	0.07155	0.00276	0.02426	0.05944	0.00594	0.00599
30	0.01105	0.04017	0.00972	0.00872	0.01046	0.06461	0.00656	0.02908	0.03155	0.06858	0.19935	0.21088	0.14200	0.07965	0.00880	0.00235	0.00443	0.06084	0.00540	0.00581
31	0.68466	0.01140	0.00976	0.00839	0.01222	0.01275	0.00691	0.04328	0.01170	0.13760	0.01072	0.01135	0.00777	0.00582	0.00408	0.00183	0.00471	0.00369	0.00429	0.00708
32	0.00887	0.00582	0.00743	0.00798	0.00886	0.00533	0.00543	0.01001	0.01174	0.06407	0.06613	0.52859	0.07907	0.12312	0.01038	0.00272	0.00382	0.01398	0.00533	0.03130
33	0.08130	0.00866	0.03009	0.00902	0.01103	0.00831	0.00698	0.13781	0.01500	0.02101	0.09151	0.36875	0.14486	0.01388	0.00675	0.00212	0.00414	0.02730	0.00541	0.00609
34	0.01889	0.08605	0.01929	0.01660	0.10274	0.28346	0.06474	0.09185	0.11662	0.07660	0.01321	0.01414	0.01019	0.00619	0.00552	0.00164	0.00780	0.00484	0.00403	0.05558
35	0.08427	0.36204	0.15300	0.01231	0.01698	0.04281	0.01229	0.05564	0.03034	0.01756	0.00937	0.01125	0.00792	0.00622	0.00680	0.00167	0.12916	0.00393	0.00294	0.03350
36	0.01628	0.01414	0.09476	0.01169	0.01548	0.01304	0.01010	0.36956	0.03747	0.04417	0.09051	0.10445	0.01910	0.09885	0.00891	0.00230	0.00582	0.00738	0.00526	0.03074

[dist]
# distance from previous block
# <min> <max>
5	9

[block]
# block no. 6 follows, 39 sequences, length 40
# corresponding to MSA columns:
# 347-349,353-389
name=unknown_G
#
# <colnr> <probs for GDERKNQSTAVLIFYWHMCP>
#	G	D	E	R	K	N	Q	S	T	A	V	L	I	F	Y	W	H	M	C	P
0	0.05835	0.03274	0.01335	0.00996	0.01428	0.05177	0.00795	0.08672	0.05059	0.07679	0.01268	0.01494	0.01035	0.05557	0.00690	0.00156	0.03276	0.00440	0.00408	0.45425
1	0.01487	0.01316	0.06185	0.01146	0.01602	0.01168	0.03653	0.18454	0.08479	0.04079	0.01472	0.06942	0.01230	0.00680	0.00583	0.00150	0.03145	0.00553	0.02709	0.34966
2	0.05092	0.01364	0.01397	0.01197	0.01561	0.06629	0.00957	0.18562	0.33292	0.12784	0.02167	0.02273	0.03846	0.00824	0.00601	0.00194	0.00555	0.05231	0.00582	0.00893
3	0.00717	0.00529	0.00672	0.00787	0.00848	0.00483	0.00533	0.00828	0.01168	0.01524	0.03709	0.66801	0.15651	0.01794	0.00746	0.00234	0.00336	0.01610	0.00549	0.00483
4	0.01328	0.01219	0.01643	0.15329	0.07401	0.04783	0.03553	0.05088	0.01260	0.03381	0.03572	0.05127	0.02585	0.00790	0.00963	0.00190	0.23057	0.00576	0.01967	0.16189
5	0.12398	0.00863	0.00972	0.00886	0.01067	0.00974	0.00688	0.09584	0.02975	0.02044	0.04341	0.02347	0.05472	0.10345	0.18746	0.00403	0.07128	0.00627	0.17535	0.00603
6	0.01396	0.01595	0.03490	0.02493	0.03091	0.01496	0.73380	0.01894	0.01396	0.01894	0.01196	0.01595	0.00897	0.00499	0.00698	0.00199	0.00997	0.00698	0.00299	0.00798
7	0.01202	0.06131	0.73219	0.01659	0.02518	0.01412	0.02138	0.01869	0.01247	0.01854	0.01052	0.01237	0.00750	0.00560	0.00555	0.00185	0.00864	0.00432	0.00250	0.00869
8	0.00845	0.00634	0.00950	0.00950	0.01056	0.00739	0.00739	0.01056	0.00950	0.01373	0.01584	0.02323	0.01478	0.04435	0.76873	0.00950	0.01584	0.00634	0.00317	0.00528
9	0.01226	0.01051	0.01226	0.00876	0.01401	0.00788	0.00701	0.01489	0.01226	0.01927	0.01051	0.01226	0.00876	0.00438	0.00438	0.00088	0.00438	0.00350	0.00350	0.82832
10	0.01222	0.01029	0.01200	0.00896	0.01371	0.00813	0.00707	0.03857	0.03135	0.01964	0.01293	0.08120	0.01172	0.00581	0.00475	0.00107	0.00437	0.00482	0.00382	0.70755
11	0.83394	0.01144	0.00869	0.00778	0.01144	0.01327	0.00640	0.01738	0.01006	0.02653	0.00823	0.00961	0.00640	0.00549	0.00366	0.00183	0.00457	0.00320	0.00366	0.00640
12	0.00790	0.00600	0.00728	0.00702	0.00856	0.00537	0.00524	0.01024	0.01555	0.02104	0.51423	0.07316	0.27043	0.01320	0.00700	0.00192	0.00287	0.01145	0.00616	0.00537
13	0.01206	0.01011	0.01289	0.03210	0.15563	0.03320	0.00974	0.01791	0.18414	0.03976	0.16594	0.03530	0.10016	0.05291	0.00787	0.00222	0.00503	0.11073	0.00511	0.00718
14	0.00750	0.00564	0.00694	0.00739	0.00850	0.00509	0.00525	0.00918	0.01353	0.01792	0.25548	0.36774	0.23705	0.01564	0.00723	0.00213	0.00312	0.01381	0.00580	0.00509
15	0.00884	0.00614	0.00756	0.00730	0.00891	0.00549	0.00543	0.01103	0.01519	0.06071	0.43229	0.13554	0.24678	0.01341	0.00699	0.00196	0.00305	0.01167	0.00615	0.00557
16	0.01226	0.01051	0.01226	0.00876	0.01401	0.00788	0.00701	0.01489	0.01226	0.01927	0.01051	0.01226	0.00876	0.00438	0.00438	0.00088	0.00438	0.00350	0.00350	0.82832
17	0.00945	0.00678	0.00942	0.01074	0.01212	0.00675	0.00937	0.01214	0.01361	0.01764	0.03220	0.06640	0.05636	0.01629	0.00813	0.00270	0.00537	0.69364	0.00545	0.00543
18	0.18561	0.05803	0.13876	0.20590	0.23625	0.01423	0.02919	0.01725	0.01203	0.01930	0.01007	0.01321	0.00794	0.00562	0.00557	0.00184	0.02392	0.00460	0.00291	0.00777
19	0.02248	0.01656	0.01775	0.01361	0.01834	0.01834	0.01124	0.73556	0.02780	0.03727	0.01420	0.01420	0.01006	0.00710	0.00592	0.00177	0.00651	0.00532	0.00592	0.01006
20	0.01294	0.01145	0.01766	0.50644	0.13734	0.03215	0.01506	0.03876	0.01296	0.05708	0.01441	0.01817	0.05594	0.00669	0.00650	0.00194	0.03838	0.00572	0.00322	0.00717
21	0.01422	0.01228	0.01290	0.01165	0.01491	0.01409	0.00905	0.02996	0.69806	0.02418	0.02635	0.02428	0.06482	0.00847	0.00608	0.00201	0.00457	0.00705	0.00598	0.00908
22	0.12537	0.00954	0.01284	0.06618	0.01575	0.00931	0.05779	0.01936	0.05622	0.26672	0.02133	0.22422	0.01907	0.00968	0.00605	0.00195	0.00502	0.00841	0.00538	0.05981
23	0.01487	0.01469	0.06048	0.05498	0.55655	0.01390	0.07286	0.05739	0.01438	0.03941	0.03539	0.01573	0.01086	0.00566	0.00597	0.00179	0.00715	0.00555	0.00329	0.00907
24	0.01226	0.01051	0.01226	0.00876	0.01401	0.00788	0.00701	0.01489	0.01226	0.01927	0.01051	0.01226	0.00876	0.00438	0.00438	0.00088	0.00438	0.00350	0.00350	0.82832
25	0.00859	0.00576	0.00656	0.00656	0.00660	0.00579	0.00372	0.00867	0.00863	0.01155	0.01853	0.03814	0.02126	0.76528	0.05666	0.00587	0.00610	0.00852	0.00357	0.00364
26	0.06579	0.01222	0.01612	0.26297	0.05924	0.04521	0.01262	0.10259	0.02645	0.01862	0.01156	0.04636	0.00997	0.00902	0.02412	0.03538	0.20426	0.00558	0.02506	0.00687
27	0.01470	0.01286	0.01463	0.01490	0.10290	0.01463	0.01040	0.02985	0.65811	0.02410	0.02254	0.02119	0.01703	0.00770	0.00600	0.00198	0.00496	0.00652	0.00565	0.00936
28	0.01471	0.01270	0.01337	0.01203	0.01538	0.01471	0.00936	0.03142	0.74459	0.02474	0.02407	0.02206	0.01805	0.00802	0.00602	0.00201	0.00468	0.00669	0.00602	0.00936
29	0.02209	0.02819	0.01676	0.01524	0.01828	0.76843	0.01143	0.02361	0.01676	0.01447	0.00914	0.01066	0.00762	0.00609	0.00533	0.00152	0.01066	0.00381	0.00305	0.00686
30	0.00725	0.00518	0.00690	0.00821	0.00859	0.00483	0.00549	0.00834	0.01151	0.01540	0.05818	0.76185	0.03971	0.01830	0.00753	0.00238	0.00341	0.01659	0.00553	0.00483
31	0.00801	0.00603	0.00740	0.00706	0.00861	0.00543	0.00530	0.01046	0.01589	0.02169	0.57083	0.04751	0.23839	0.01285	0.00698	0.00190	0.00284	0.01116	0.00624	0.00543
32	0.00809	0.00603	0.00752	0.00715	0.00867	0.00546	0.00536	0.01063	0.01609	0.02217	0.61401	0.04672	0.19491	0.01267	0.00698	0.00189	0.00283	0.01105	0.00631	0.00546
33	0.00836	0.00587	0.00696	0.00706	0.00769	0.00564	0.00468	0.00937	0.01138	0.01520	0.17639	0.09172	0.11150	0.43626	0.01965	0.00408	0.00465	0.06451	0.00466	0.00437
34	0.02041	0.01037	0.03044	0.03083	0.01538	0.00948	0.03170	0.06848	0.03878	0.45224	0.09236	0.10884	0.02045	0.00901	0.00668	0.00193	0.02993	0.00758	0.00639	0.00871
35	0.01471	0.01138	0.01290	0.00945	0.01453	0.03203	0.00758	0.06121	0.01386	0.09871	0.01206	0.01317	0.00943	0.00491	0.00467	0.00105	0.00477	0.00388	0.00404	0.66566
36	0.11750	0.10815	0.19836	0.03062	0.10274	0.03292	0.07189	0.08227	0.11459	0.05152	0.01279	0.01411	0.00968	0.00609	0.00567	0.00181	0.02225	0.00488	0.00373	0.00845
37	0.10816	0.06250	0.04634	0.01404	0.04069	0.38808	0.02700	0.08362	0.05516	0.05959	0.01310	0.01402	0.03396	0.00647	0.00529	0.00165	0.00816	0.00458	0.02007	0.00752
38	0.11886	0.01092	0.01056	0.00939	0.01202	0.10197	0.00724	0.05606	0.04916	0.09587	0.29495	0.09130	0.05428	0.00978	0.00605	0.00181	0.00465	0.00811	0.00546	0.05158
39	0.01732	0.04235	0.04023	0.04280	0.01696	0.01343	0.03226	0.26689	0.09299	0.12546	0.04208	0.08975	0.03580	0.00912	0.02205	0.00200	0.03376	0.00682	0.00529	0.06266

[dist]
# distance from previous block
# <min> <max>
3	6

[block]
# block no. 7 follows, 39 sequences, length 20
# corresponding to MSA columns:
# 397-416
name=unknown_H
#
# <colnr> <probs for GDERKNQSTAVLIFYWHMCP>
#	G	D	E	R	K	N	Q	S	T	A	V	L	I	F	Y	W	H	M	C	P
0	0.09477	0.34372	0.08978	0.03947	0.05364	0.01702	0.01091	0.03661	0.04949	0.01782	0.01217	0.06809	0.01100	0.00691	0.00579	0.00167	0.06502	0.00501	0.06376	0.00735
1	0.05591	0.10595	0.01717	0.03736	0.03069	0.08938	0.01030	0.29155	0.09712	0.05186	0.01381	0.01485	0.01061	0.00926	0.05958	0.00223	0.02229	0.00496	0.01936	0.05575
2	0.07761	0.19221	0.04086	0.07793	0.04866	0.13364	0.01149	0.22241	0.01723	0.02256	0.04837	0.01381	0.01077	0.00659	0.00600	0.00170	0.05163	0.00468	0.00389	0.00794
3	0.01001	0.00648	0.00770	0.00735	0.00772	0.00681	0.00469	0.01050	0.00938	0.05071	0.01804	0.03408	0.01944	0.60934	0.05256	0.00511	0.06147	0.00790	0.06637	0.00433
4	0.01142	0.00702	0.00872	0.00787	0.00990	0.00648	0.00597	0.01447	0.05446	0.14030	0.43242	0.04091	0.16207	0.06173	0.00825	0.00213	0.00348	0.00988	0.00626	0.00628
5	0.02270	0.00985	0.01288	0.01033	0.01435	0.00898	0.00842	0.02668	0.10092	0.57446	0.07952	0.02464	0.04262	0.00826	0.00613	0.00188	0.00477	0.02628	0.00700	0.00935
6	0.01402	0.01154	0.01447	0.01228	0.01433	0.03653	0.05103	0.15149	0.06667	0.02117	0.01427	0.01765	0.01178	0.01434	0.14240	0.00328	0.21308	0.00565	0.17698	0.00704
7	0.83394	0.01144	0.00869	0.00778	0.01144	0.01327	0.00640	0.01738	0.01006	0.02653	0.00823	0.00961	0.00640	0.00549	0.00366	0.00183	0.00457	0.00320	0.00366	0.00640
8	0.01572	0.69232	0.09743	0.01096	0.01627	0.05471	0.01125	0.01806	0.01226	0.01438	0.00848	0.00981	0.00758	0.00516	0.00403	0.00133	0.00673	0.00330	0.00255	0.00766
9	0.02449	0.01048	0.01368	0.01064	0.01497	0.00958	0.00873	0.09580	0.03969	0.61500	0.07475	0.02134	0.01725	0.00766	0.00602	0.00183	0.00500	0.00625	0.00709	0.00972
10	0.00742	0.00536	0.00708	0.00837	0.00891	0.00501	0.00583	0.00865	0.01167	0.01540	0.03404	0.67484	0.07975	0.01811	0.00758	0.00241	0.00360	0.08561	0.00549	0.00488
11	0.00710	0.00585	0.00625	0.00646	0.00814	0.00499	0.00473	0.00858	0.01327	0.01623	0.09197	0.18476	0.59033	0.01545	0.00709	0.00206	0.00306	0.01315	0.00555	0.00499
12	0.00849	0.00601	0.00737	0.00739	0.00884	0.00556	0.00567	0.01091	0.01484	0.02068	0.38920	0.08977	0.18905	0.01294	0.00681	0.00197	0.00320	0.09933	0.10658	0.00539
13	0.01581	0.79572	0.03099	0.01012	0.01518	0.02340	0.01012	0.01771	0.01202	0.01391	0.00822	0.00949	0.00759	0.00506	0.00379	0.00126	0.00632	0.00316	0.00253	0.00759
14	0.01226	0.01051	0.01226	0.00876	0.01401	0.00788	0.00701	0.01489	0.01226	0.01927	0.01051	0.01226	0.00876	0.00438	0.00438	0.00088	0.00438	0.00350	0.00350	0.82832
15	0.83394	0.01144	0.00869	0.00778	0.01144	0.01327	0.00640	0.01738	0.01006	0.02653	0.00823	0.00961	0.00640	0.00549	0.00366	0.00183	0.00457	0.00320	0.00366	0.00640
16	0.01102	0.00551	0.00551	0.00551	0.00689	0.00551	0.00413	0.01378	0.01240	0.02205	0.01929	0.02205	0.01516	0.00689	0.00413	0.00138	0.00276	0.00551	0.82500	0.00551
17	0.01217	0.01030	0.01478	0.12466	0.08542	0.03021	0.07900	0.07985	0.01355	0.01908	0.01954	0.13588	0.06816	0.01097	0.04612	0.00232	0.07605	0.00774	0.15757	0.00664
18	0.07805	0.01450	0.01600	0.01268	0.01652	0.01627	0.01040	0.48438	0.03762	0.04842	0.01350	0.01493	0.01025	0.02540	0.04775	0.00231	0.08993	0.00523	0.00512	0.05075
19	0.01614	0.09413	0.15573	0.06835	0.15596	0.01464	0.18755	0.07149	0.03351	0.12549	0.01321	0.01508	0.00970	0.00578	0.00590	0.00182	0.00764	0.00545	0.00373	0.00872

[dist]
# distance from previous block
# <min> <max>
0	1

[block]
# block no. 8 follows, 39 sequences, length 53
# corresponding to MSA columns:
# 418-470
name=unknown_I
#
# <colnr> <probs for GDERKNQSTAVLIFYWHMCP>
#	G	D	E	R	K	N	Q	S	T	A	V	L	I	F	Y	W	H	M	C	P
0	0.01229	0.00762	0.00941	0.00875	0.01016	0.00770	0.00631	0.08536	0.01326	0.11646	0.09648	0.16383	0.02587	0.29737	0.05394	0.00380	0.02701	0.04361	0.00499	0.00577
1	0.01293	0.01312	0.01805	0.01536	0.01604	0.05616	0.05803	0.01457	0.00983	0.01448	0.00910	0.01428	0.00870	0.01398	0.11041	0.00335	0.59710	0.00536	0.00271	0.00644
2	0.11313	0.03634	0.20257	0.01486	0.10946	0.01173	0.02685	0.05333	0.03161	0.16140	0.11314	0.01984	0.04080	0.00711	0.00567	0.00180	0.00597	0.00584	0.00452	0.03406
3	0.01264	0.05035	0.53210	0.01990	0.08879	0.01431	0.16157	0.01869	0.01285	0.01867	0.01085	0.01326	0.00795	0.00545	0.00585	0.00187	0.00876	0.00492	0.00263	0.00861
4	0.00721	0.00515	0.00686	0.00823	0.00858	0.00480	0.00549	0.00823	0.01132	0.01510	0.03259	0.78831	0.03911	0.01853	0.00755	0.00240	0.00343	0.01681	0.00549	0.00480
5	0.05771	0.01366	0.11048	0.06888	0.22011	0.01124	0.03685	0.02132	0.01435	0.29516	0.03064	0.05034	0.01348	0.00704	0.00593	0.00187	0.00627	0.02106	0.00476	0.00883
6	0.03096	0.14124	0.21404	0.02374	0.30624	0.01587	0.08030	0.01793	0.01256	0.01798	0.01025	0.01313	0.00837	0.00576	0.00674	0.00181	0.07704	0.00481	0.00275	0.00848
7	0.00734	0.00600	0.00650	0.00667	0.00834	0.00524	0.00489	0.00922	0.02985	0.01678	0.12230	0.18431	0.54154	0.01517	0.00706	0.00206	0.00309	0.01294	0.00560	0.00511
8	0.00864	0.00617	0.00763	0.00719	0.00884	0.00554	0.00542	0.01110	0.01594	0.04649	0.55752	0.04650	0.22579	0.01264	0.00694	0.00189	0.00292	0.01097	0.00629	0.00559
9	0.02171	0.11263	0.01723	0.01336	0.06298	0.15955	0.01020	0.05298	0.12200	0.34061	0.01767	0.01667	0.01238	0.00676	0.00556	0.00172	0.00642	0.00522	0.00537	0.00899
10	0.04361	0.01274	0.06656	0.01205	0.03910	0.01128	0.01008	0.16770	0.05002	0.43165	0.03933	0.01879	0.01413	0.00718	0.00579	0.00181	0.00545	0.00576	0.04750	0.00947
11	0.00721	0.00515	0.00686	0.00823	0.00858	0.00480	0.00549	0.00823	0.01132	0.01510	0.03259	0.78831	0.03911	0.01853	0.00755	0.00240	0.00343	0.01681	0.00549	0.00480
12	0.01251	0.01066	0.01240	0.00888	0.01412	0.00814	0.00711	0.03255	0.01264	0.01971	0.01060	0.01231	0.00879	0.00445	0.00442	0.00090	0.00443	0.00355	0.00356	0.80826
13	0.01193	0.01178	0.04037	0.57129	0.17783	0.01318	0.03569	0.01587	0.01223	0.01632	0.01091	0.01563	0.00839	0.00578	0.00587	0.00191	0.00766	0.00529	0.02489	0.00718
14	0.01435	0.01375	0.02348	0.09847	0.69538	0.01397	0.01800	0.01789	0.01333	0.01897	0.01107	0.01473	0.00924	0.00532	0.00586	0.00177	0.00710	0.00527	0.00290	0.00913
15	0.00720	0.00517	0.00683	0.00816	0.00856	0.00481	0.00546	0.00824	0.01139	0.01513	0.03349	0.76440	0.06245	0.01841	0.00753	0.00239	0.00342	0.01667	0.00549	0.00481
16	0.00760	0.00580	0.00698	0.00715	0.00848	0.00518	0.00519	0.00950	0.01423	0.01886	0.33114	0.24000	0.28901	0.01473	0.00713	0.00205	0.00302	0.01288	0.00590	0.00518
17	0.00824	0.00604	0.00773	0.00730	0.00876	0.00552	0.00548	0.01091	0.01643	0.02299	0.68718	0.04537	0.12123	0.01236	0.00698	0.00187	0.00281	0.01086	0.00641	0.00552
18	0.00840	0.00565	0.00651	0.00671	0.00676	0.00560	0.00386	0.00855	0.00900	0.01199	0.02066	0.14777	0.02406	0.67960	0.02682	0.00525	0.00540	0.00979	0.00386	0.00376
19	0.00822	0.00596	0.00775	0.00747	0.00878	0.00549	0.00554	0.01081	0.01614	0.02268	0.66466	0.11254	0.07621	0.01277	0.00703	0.00191	0.00285	0.01131	0.00638	0.00549
20	0.01471	0.01270	0.01337	0.01203	0.01538	0.01471	0.00936	0.03142	0.74459	0.02474	0.02407	0.02206	0.01805	0.00802	0.00602	0.00201	0.00468	0.00669	0.00602	0.00936
21	0.01294	0.01294	0.01811	0.01553	0.01553	0.01811	0.01294	0.01423	0.00906	0.01423	0.00776	0.01294	0.00776	0.01035	0.01941	0.00259	0.78134	0.00518	0.00259	0.00647
22	0.01294	0.01294	0.01811	0.01553	0.01553	0.01811	0.01294	0.01423	0.00906	0.01423	0.00776	0.01294	0.00776	0.01035	0.01941	0.00259	0.78134	0.00518	0.00259	0.00647
23	0.01294	0.01294	0.01811	0.01553	0.01553	0.01811	0.01294	0.01423	0.00906	0.01423	0.00776	0.01294	0.00776	0.01035	0.01941	0.00259	0.78134	0.00518	0.00259	0.00647
