[name]
unknown

[dist]
# distance from previous block
# <min> <max>
0	19

[block]
# block no. 0 follows, 42 sequences, length 30
# corresponding to MSA columns:
# 19-48
name=unknown_A
#
# <colnr> <probs for GDERKNQSTAVLIFYWHMCP>
#	G	D	E	R	K	N	Q	S	T	A	V	L	I	F	Y	W	H	M	C	P
0	0.06116	0.03030	0.07343	0.01064	0.01501	0.02847	0.00934	0.09015	0.07591	0.42498	0.03132	0.01910	0.02763	0.00700	0.00548	0.00171	0.00521	0.02484	0.00572	0.05260
1	0.01708	0.07040	0.05983	0.01118	0.01494	0.04531	0.00950	0.24208	0.13802	0.13076	0.03275	0.01848	0.03162	0.06930	0.00765	0.00198	0.03188	0.00556	0.02305	0.03863
2	0.01391	0.05136	0.14754	0.01291	0.01791	0.03201	0.12774	0.09134	0.04183	0.07247	0.01361	0.07136	0.01124	0.00619	0.00529	0.00151	0.00612	0.00544	0.02933	0.24087
3	0.09513	0.18981	0.47561	0.01376	0.02055	0.01488	0.04055	0.01770	0.03016	0.01776	0.00975	0.01134	0.00738	0.00523	0.00482	0.00164	0.00727	0.00392	0.00262	0.03014
4	0.05362	0.19506	0.48988	0.01491	0.03902	0.01497	0.05859	0.01785	0.01191	0.04114	0.00996	0.01159	0.00744	0.00523	0.00497	0.00166	0.00754	0.00406	0.00262	0.00798
5	0.04892	0.01024	0.01295	0.01000	0.01432	0.02600	0.00821	0.04286	0.03158	0.63892	0.02031	0.01796	0.01307	0.00668	0.00546	0.00167	0.00487	0.00535	0.00642	0.07421
6	0.01373	0.01334	0.02219	0.10798	0.64482	0.02897	0.03643	0.01736	0.02766	0.01799	0.01076	0.01413	0.00890	0.00514	0.00560	0.00170	0.00687	0.00506	0.00282	0.00857
7	0.00691	0.00494	0.00658	0.00780	0.00817	0.00461	0.00523	0.00797	0.01103	0.01477	0.06711	0.76130	0.03800	0.01733	0.00716	0.00226	0.00323	0.01571	0.00527	0.00461
8	0.01246	0.09774	0.35912	0.01792	0.02403	0.01484	0.26882	0.01731	0.01195	0.01696	0.01001	0.01279	0.00765	0.00560	0.00713	0.00184	0.09857	0.00499	0.00255	0.00771
9	0.01194	0.01005	0.01449	0.24696	0.02137	0.01125	0.06852	0.12298	0.07358	0.01944	0.06994	0.14608	0.01750	0.02714	0.00713	0.00197	0.04693	0.00746	0.04797	0.02729
10	0.00814	0.00544	0.00615	0.00620	0.00621	0.00543	0.00347	0.00817	0.00827	0.01103	0.01820	0.06341	0.02104	0.77484	0.02789	0.00535	0.00538	0.00846	0.00347	0.00345
11	0.00727	0.00542	0.00744	0.06901	0.01067	0.00530	0.00613	0.00862	0.01121	0.01488	0.06633	0.65057	0.06071	0.01620	0.00703	0.00222	0.00361	0.03755	0.00506	0.00476
12	0.01371	0.17017	0.08631	0.01966	0.02508	0.01572	0.49737	0.01779	0.01266	0.03405	0.01065	0.01369	0.00825	0.00509	0.00649	0.00178	0.04553	0.00564	0.00280	0.00755
13	0.00978	0.00489	0.00733	0.00733	0.00733	0.00489	0.00489	0.00733	0.00733	0.00978	0.00978	0.01711	0.00978	0.01955	0.02199	0.83627	0.00489	0.00489	0.00244	0.00244
14	0.00712	0.00507	0.00678	0.00805	0.00846	0.00479	0.00556	0.00823	0.01093	0.01452	0.03054	0.70393	0.03629	0.03829	0.00781	0.00240	0.00352	0.08794	0.00517	0.00460
15	0.01302	0.01579	0.08876	0.02385	0.10684	0.01379	0.59287	0.01766	0.01306	0.01795	0.01173	0.03592	0.00924	0.00517	0.00644	0.00188	0.00893	0.00653	0.00287	0.00771
16	0.01427	0.00711	0.00937	0.00815	0.01057	0.00631	0.00634	0.01648	0.01525	0.30325	0.35764	0.10812	0.09257	0.01061	0.00632	0.00182	0.00353	0.00918	0.00631	0.00680
17	0.02102	0.02682	0.01595	0.01450	0.01740	0.77963	0.01087	0.02247	0.01595	0.01377	0.00870	0.01015	0.00725	0.00580	0.00507	0.00145	0.01015	0.00362	0.00290	0.00652
18	0.61825	0.01119	0.01141	0.12378	0.06372	0.01286	0.02833	0.04077	0.01069	0.02337	0.00861	0.01061	0.00666	0.00531	0.00409	0.00176	0.00516	0.00362	0.00335	0.00645
19	0.05439	0.00789	0.01018	0.00854	0.01137	0.00723	0.00678	0.01897	0.03855	0.35605	0.37592	0.02968	0.03238	0.00907	0.00603	0.00176	0.00374	0.00772	0.00640	0.00736
20	0.01252	0.22076	0.47657	0.01559	0.02264	0.01554	0.12688	0.01761	0.01198	0.01671	0.00972	0.01166	0.00736	0.00512	0.00511	0.00166	0.00792	0.00424	0.00245	0.00793
21	0.00819	0.00591	0.00746	0.00817	0.00893	0.00570	0.00560	0.06606	0.01190	0.01595	0.02845	0.67948	0.03349	0.05471	0.00803	0.00236	0.00362	0.01443	0.00512	0.02645
22	0.03137	0.00987	0.01629	0.74432	0.03704	0.01228	0.01502	0.01439	0.01123	0.01486	0.01021	0.01505	0.00769	0.00565	0.00552	0.00185	0.00727	0.00496	0.02891	0.00622
23	0.77663	0.01046	0.00810	0.00730	0.01051	0.01206	0.00588	0.01589	0.00947	0.02413	0.00861	0.01131	0.00722	0.06769	0.00545	0.00203	0.00444	0.00345	0.00348	0.00588
24	0.01117	0.00590	0.00597	0.00572	0.00723	0.00600	0.00435	0.05861	0.01271	0.02188	0.01806	0.02052	0.01412	0.00657	0.00404	0.00133	0.00284	0.00523	0.78224	0.00551
25	0.01477	0.03431	0.10911	0.10821	0.16464	0.12381	0.04784	0.08213	0.19160	0.01981	0.01361	0.01510	0.01045	0.00604	0.00547	0.00172	0.00688	0.00507	0.03141	0.00802
26	0.00665	0.00570	0.00570	0.00570	0.00760	0.00475	0.00428	0.00808	0.01283	0.01520	0.05701	0.05416	0.76483	0.01425	0.00665	0.00190	0.00285	0.01188	0.00523	0.00475
27	0.01354	0.01363	0.02009	0.28977	0.44009	0.09330	0.01604	0.01683	0.01261	0.01654	0.01019	0.01390	0.00826	0.00531	0.00554	0.00172	0.00733	0.00486	0.00270	0.00776
28	0.01126	0.00783	0.01088	0.04647	0.01268	0.00864	0.00794	0.04916	0.02618	0.09029	0.01464	0.01975	0.01272	0.04421	0.46465	0.03284	0.05973	0.00563	0.00355	0.07097
29	0.01531	0.00989	0.01039	0.00865	0.01137	0.01064	0.00692	0.33783	0.01828	0.02738	0.01622	0.01768	0.01228	0.00664	0.00468	0.00148	0.00420	0.00517	0.46785	0.00716

[dist]
# distance from previous block
# <min> <max>
1	5

[block]
# block no. 1 follows, 42 sequences, length 10
# corresponding to MSA columns:
# 54-63
name=unknown_B
#
# <colnr> <probs for GDERKNQSTAVLIFYWHMCP>
#	G	D	E	R	K	N	Q	S	T	A	V	L	I	F	Y	W	H	M	C	P
0	0.01388	0.01414	0.08343	0.11099	0.59576	0.01303	0.01698	0.01747	0.01272	0.05186	0.01101	0.01411	0.00885	0.00519	0.00556	0.00171	0.00682	0.00497	0.00291	0.00862
1	0.84197	0.01088	0.00827	0.00740	0.01088	0.01262	0.00609	0.01654	0.00958	0.02525	0.00784	0.00914	0.00609	0.00522	0.00348	0.00174	0.00435	0.00305	0.00348	0.00609
2	0.00883	0.00594	0.00680	0.00666	0.00700	0.00607	0.00407	0.04261	0.00932	0.01271	0.01784	0.06026	0.01987	0.65663	0.07487	0.00524	0.00593	0.00805	0.03737	0.00391
3	0.84197	0.01088	0.00827	0.00740	0.01088	0.01262	0.00609	0.01654	0.00958	0.02525	0.00784	0.00914	0.00609	0.00522	0.00348	0.00174	0.00435	0.00305	0.00348	0.00609
4	0.00714	0.00558	0.00647	0.00654	0.00797	0.00491	0.00479	0.00891	0.01355	0.01760	0.29658	0.17617	0.39592	0.01388	0.00674	0.00192	0.00285	0.01199	0.00556	0.00491
5	0.00806	0.00553	0.00641	0.00641	0.00665	0.00557	0.00385	0.00837	0.00861	0.01144	0.02029	0.03656	0.07346	0.66719	0.10439	0.00557	0.00626	0.00823	0.00350	0.00367
6	0.01999	0.01238	0.01418	0.01117	0.01489	0.01307	0.00901	0.43270	0.02061	0.21785	0.01630	0.01816	0.01221	0.09979	0.05897	0.00261	0.00633	0.00564	0.00554	0.00857
7	0.01809	0.07494	0.07032	0.01190	0.01619	0.01476	0.01030	0.26028	0.29035	0.14635	0.01767	0.01670	0.01270	0.00686	0.00549	0.00175	0.00547	0.00541	0.00540	0.00906
8	0.06462	0.07200	0.07115	0.01552	0.13066	0.20073	0.01142	0.07576	0.11554	0.16742	0.01391	0.01420	0.01026	0.00609	0.00522	0.00164	0.00676	0.00468	0.00423	0.00819
9	0.09142	0.23558	0.05279	0.01129	0.01526	0.07403	0.03738	0.04782	0.03343	0.20171	0.01306	0.03863	0.01020	0.00650	0.00609	0.00164	0.08075	0.00469	0.00401	0.03370

[dist]
# distance from previous block
# <min> <max>
2	33

[block]
# block no. 2 follows, 42 sequences, length 54
# corresponding to MSA columns:
# 97-150
name=unknown_C
#
# <colnr> <probs for GDERKNQSTAVLIFYWHMCP>
#	G	D	E	R	K	N	Q	S	T	A	V	L	I	F	Y	W	H	M	C	P
0	0.01540	0.59017	0.06157	0.01126	0.01604	0.09096	0.05940	0.01763	0.01222	0.03579	0.02293	0.01064	0.00839	0.00510	0.00416	0.00132	0.00661	0.00358	0.00270	0.02414
1	0.69794	0.09785	0.06101	0.00821	0.01216	0.01369	0.00745	0.01666	0.00993	0.02346	0.00798	0.00931	0.00628	0.00519	0.00362	0.00169	0.00479	0.00312	0.00329	0.00636
2	0.00753	0.00574	0.00692	0.00663	0.00814	0.00513	0.00497	0.00978	0.01491	0.02014	0.53099	0.04603	0.28778	0.01241	0.00664	0.00181	0.00272	0.01074	0.00588	0.00513
3	0.00839	0.00589	0.00755	0.00782	0.00894	0.00541	0.00556	0.02295	0.01242	0.03846	0.19468	0.45253	0.04886	0.05760	0.00796	0.00222	0.00347	0.04030	0.00527	0.06372
4	0.00764	0.00546	0.00741	0.00860	0.00930	0.00523	0.00646	0.00924	0.01180	0.01568	0.07665	0.51518	0.03667	0.01658	0.00734	0.00235	0.00384	0.24451	0.00527	0.00481
5	0.00868	0.00593	0.00765	0.00712	0.00863	0.00541	0.00537	0.01122	0.01571	0.05706	0.67788	0.04185	0.10314	0.01149	0.00659	0.00178	0.00277	0.01009	0.00616	0.00547
6	0.00979	0.00646	0.00825	0.00756	0.00925	0.00612	0.00575	0.01329	0.06543	0.08133	0.63853	0.03833	0.04670	0.01077	0.00644	0.00177	0.00294	0.00945	0.02595	0.00588
7	0.01167	0.01000	0.01167	0.00834	0.01334	0.00750	0.00667	0.01417	0.01167	0.01834	0.01000	0.01167	0.00834	0.00417	0.00417	0.00083	0.00417	0.00333	0.00333	0.83663
8	0.00686	0.00490	0.00653	0.00784	0.00816	0.00457	0.00522	0.00784	0.01077	0.01437	0.03102	0.79855	0.03722	0.01763	0.00718	0.00229	0.00326	0.01600	0.00522	0.00457
9	0.03702	0.60386	0.06620	0.01033	0.01479	0.10287	0.00998	0.01690	0.01186	0.01394	0.00959	0.06214	0.00920	0.00582	0.00410	0.00135	0.00636	0.00401	0.00268	0.00700
10	0.00686	0.00490	0.00653	0.00784	0.00816	0.00457	0.00522	0.00784	0.01077	0.01437	0.03102	0.79855	0.03722	0.01763	0.00718	0.00229	0.00326	0.01600	0.00522	0.00457
11	0.02478	0.00947	0.01291	0.00993	0.01420	0.00819	0.00819	0.02697	0.01610	0.75073	0.04231	0.01977	0.01499	0.00709	0.00569	0.00174	0.00473	0.00578	0.00694	0.00946
12	0.00674	0.00570	0.00582	0.00579	0.00765	0.00479	0.00434	0.00824	0.01303	0.01568	0.10331	0.05337	0.71823	0.01407	0.00665	0.00189	0.00284	0.01177	0.00529	0.00479
13	0.01400	0.01209	0.01273	0.01145	0.01463	0.01400	0.00891	0.02990	0.75695	0.02354	0.02291	0.02100	0.01718	0.00764	0.00573	0.00191	0.00445	0.00636	0.00573	0.00891
14	0.01167	0.01000	0.01167	0.00834	0.01334	0.00750	0.00667	0.01417	0.01167	0.01834	0.01000	0.01167	0.00834	0.00417	0.00417	0.00083	0.00417	0.00333	0.00333	0.83663
15	0.00907	0.00648	0.00907	0.01036	0.01166	0.00648	0.00907	0.01166	0.01296	0.01684	0.02980	0.06348	0.03239	0.01555	0.00777	0.00259	0.00518	0.72924	0.00518	0.00518
16	0.02793	0.01028	0.01643	0.70512	0.03615	0.01271	0.01489	0.03034	0.06143	0.01564	0.01089	0.01526	0.00816	0.00578	0.00559	0.00187	0.00721	0.00505	0.00280	0.00649
17	0.00796	0.00575	0.00752	0.00708	0.00841	0.00531	0.00531	0.01062	0.01593	0.02257	0.76415	0.04204	0.05310	0.01150	0.00664	0.00177	0.00265	0.01018	0.00619	0.00531
18	0.00686	0.00490	0.00653	0.00784	0.00816	0.00457	0.00522	0.00784	0.01077	0.01437	0.03102	0.79855	0.03722	0.01763	0.00718	0.00229	0.00326	0.01600	0.00522	0.00457
19	0.01312	0.01632	0.09381	0.02309	0.02900	0.01414	0.68722	0.01801	0.01317	0.01801	0.01128	0.01491	0.00842	0.00479	0.00654	0.00189	0.00939	0.00644	0.00281	0.00765
20	0.01491	0.77797	0.05596	0.00986	0.01480	0.02194	0.01003	0.01689	0.01145	0.01340	0.00790	0.00913	0.00722	0.00483	0.00367	0.00122	0.00610	0.00305	0.00241	0.00726
21	0.01163	0.01000	0.01187	0.03841	0.01432	0.00769	0.00701	0.01418	0.01165	0.01819	0.01000	0.01180	0.00830	0.00422	0.00422	0.00087	0.00430	0.00340	0.00330	0.80462
22	0.00791	0.00678	0.05805	0.00827	0.00932	0.00541	0.00623	0.00926	0.01085	0.03992	0.02877	0.60837	0.05963	0.08108	0.02975	0.00266	0.00414	0.01379	0.00488	0.00492
23	0.00712	0.00525	0.00664	0.00736	0.00814	0.00484	0.00512	0.00847	0.01192	0.01579	0.15751	0.48870	0.16410	0.04299	0.02198	0.00237	0.00342	0.02828	0.00528	0.00471
24	0.84197	0.01088	0.00827	0.00740	0.01088	0.01262	0.00609	0.01654	0.00958	0.02525	0.00784	0.00914	0.00609	0.00522	0.00348	0.00174	0.00435	0.00305	0.00348	0.00609
25	0.06827	0.01023	0.01189	0.04467	0.01450	0.00866	0.00733	0.04389	0.03752	0.05970	0.01151	0.02846	0.00938	0.00495	0.00444	0.00109	0.00444	0.00394	0.00371	0.62141
26	0.01186	0.01939	0.37674	0.21417	0.09567	0.01258	0.01706	0.01659	0.01190	0.04577	0.03860	0.01430	0.00943	0.00594	0.00634	0.00181	0.05991	0.00476	0.00280	0.03439
27	0.01033	0.00530	0.00550	0.00550	0.00679	0.00536	0.00414	0.01291	0.01162	0.02045	0.01814	0.02106	0.01440	0.00894	0.05586	0.00183	0.00346	0.00530	0.77789	0.00523
28	0.01151	0.01055	0.01763	0.59981	0.03386	0.01259	0.08254	0.05538	0.01225	0.01631	0.01081	0.01526	0.00817	0.00579	0.00598	0.00185	0.02974	0.00517	0.05831	0.00649
29	0.02321	0.01054	0.01485	0.01411	0.13500	0.00962	0.00985	0.06764	0.01618	0.60790	0.01984	0.01799	0.01287	0.00664	0.00564	0.00173	0.00517	0.00552	0.00622	0.00947
30	0.00808	0.00577	0.00793	0.00923	0.01009	0.00562	0.00735	0.00995	0.01198	0.01573	0.03034	0.39299	0.03455	0.01648	0.00751	0.00245	0.00432	0.40951	0.00520	0.00491
31	0.00819	0.00555	0.00656	0.00669	0.00686	0.00561	0.00412	0.00854	0.00865	0.01158	0.01877	0.06212	0.02133	0.66801	0.08213	0.00543	0.00608	0.05653	0.00356	0.00369
32	0.03038	0.02736	0.68460	0.01658	0.02454	0.01317	0.09018	0.01781	0.01196	0.01801	0.01017	0.01214	0.00724	0.00529	0.00543	0.00179	0.00834	0.00437	0.00245	0.00820
33	0.01173	0.07688	0.64998	0.01642	0.02425	0.01377	0.09462	0.01778	0.01200	0.01755	0.01009	0.01204	0.00728	0.00525	0.00537	0.00176	0.00829	0.00434	0.00243	0.00817
34	0.84197	0.01088	0.00827	0.00740	0.01088	0.01262	0.00609	0.01654	0.00958	0.02525	0.00784	0.00914	0.00609	0.00522	0.00348	0.00174	0.00435	0.00305	0.00348	0.00609
35	0.11949	0.20408	0.36849	0.03616	0.02060	0.01549	0.08013	0.01709	0.01139	0.01738	0.00923	0.01127	0.00717	0.00544	0.00563	0.00170	0.05516	0.00404	0.00258	0.00752
36	0.00788	0.00571	0.00743	0.00708	0.00838	0.00526	0.00528	0.01043	0.01561	0.02200	0.71233	0.07728	0.07045	0.01186	0.00666	0.00180	0.00269	0.01049	0.00613	0.00526
37	0.01505	0.80561	0.02949	0.00963	0.01444	0.02227	0.00963	0.01685	0.01143	0.01324	0.00782	0.00903	0.00722	0.00481	0.00361	0.00120	0.00602	0.00301	0.00241	0.00722
38	0.01505	0.80561	0.02949	0.00963	0.01444	0.02227	0.00963	0.01685	0.01143	0.01324	0.00782	0.00903	0.00722	0.00481	0.00361	0.00120	0.00602	0.00301	0.00241	0.00722
39	0.01063	0.01000	0.01688	0.78870	0.03876	0.01250	0.01563	0.01438	0.01125	0.01438	0.01000	0.01500	0.00750	0.00563	0.00563	0.00188	0.00750	0.00500	0.00250	0.00625
40	0.00764	0.00523	0.00630	0.00683	0.00696	0.00510	0.00415	0.00804	0.00924	0.01231	0.02313	0.34606	0.02726	0.48371	0.01993	0.00417	0.00457	0.01136	0.00415	0.00388
41	0.00686	0.00490	0.00653	0.00784	0.00816	0.00457	0.00522	0.00784	0.01077	0.01437	0.03102	0.79855	0.03722	0.01763	0.00718	0.00229	0.00326	0.01600	0.00522	0.00457
42	0.00806	0.00608	0.00766	0.00820	0.00970	0.00568	0.00677	0.01028	0.01348	0.01740	0.17933	0.05630	0.27813	0.01435	0.00719	0.00221	0.00393	0.35481	0.00539	0.00506
43	0.00892	0.00728	0.00827	0.00868	0.01042	0.02757	0.00708	0.01244	0.09431	0.01692	0.05540	0.08090	0.30438	0.01392	0.00701	0.00220	0.00424	0.31940	0.00522	0.00544
44	0.00689	0.00496	0.00654	0.00773	0.00815	0.00461	0.00520	0.00795	0.01104	0.01471	0.06016	0.74420	0.06246	0.01728	0.00714	0.00225	0.00323	0.01563	0.00526	0.00461
45	0.00810	0.00545	0.00631	0.00638	0.00645	0.00549	0.00370	0.00826	0.00837	0.01122	0.01835	0.07943	0.02109	0.71900	0.06555	0.00546	0.00582	0.00852	0.00349	0.00356
46	0.00686	0.00490	0.00653	0.00784	0.00816	0.00457	0.00522	0.00784	0.01077	0.01437	0.03102	0.79855	0.03722	0.01763	0.00718	0.00229	0.00326	0.01600	0.00522	0.00457
47	0.01186	0.00959	0.01084	0.01045	0.01285	0.01065	0.00840	0.02211	0.44212	0.02125	0.07493	0.03541	0.03760	0.01027	0.00632	0.00207	0.00443	0.21769	0.04381	0.00733
48	0.00978	0.00610	0.00785	0.00740	0.00889	0.00559	0.00550	0.01189	0.01445	0.10415	0.47338	0.10711	0.09112	0.08789	0.00873	0.00220	0.00331	0.03333	0.00583	0.00550
49	0.01129	0.02911	0.77306	0.01604	0.02436	0.01307	0.02079	0.01782	0.01188	0.01782	0.01010	0.01188	0.00713	0.00535	0.00535	0.00178	0.00832	0.00416	0.00238	0.00832
50	0.01121	0.01047	0.01692	0.67508	0.03534	0.01321	0.01508	0.04174	0.01153	0.01508	0.00985	0.01465	0.00757	0.00613	0.00703	0.00193	0.09321	0.00500	0.00261	0.00637
51	0.00924	0.00585	0.00799	0.06072	0.01092	0.00557	0.00624	0.01065	0.01177	0.10042	0.06925	0.58868	0.06065	0.01516	0.00686	0.00215	0.00368	0.01362	0.00529	0.00530
52	0.01056	0.00991	0.01650	0.72286	0.03647	0.01242	0.01507	0.01409	0.01111	0.01434	0.01069	0.04508	0.00864	0.00628	0.00628	0.00192	0.04356	0.00542	0.00260	0.00618
53	0.06830	0.01396	0.11343	0.01986	0.30696	0.01137	0.03026	0.05802	0.01297	0.01951	0.01365	0.01559	0.06177	0.00559	0.00514	0.00149	0.00584	0.00485	0.00326	0.22815

[dist]
# distance from previous block
# <min> <max>
0	1

[block]
# block no. 3 follows, 42 sequences, length 60
# corresponding to MSA columns:
# 152-185,188-211,213,214
name=unknown_D
#
# <colnr> <probs for GDERKNQSTAVLIFYWHMCP>
#	G	D	E	R	K	N	Q	S	T	A	V	L	I	F	Y	W	H	M	C	P
0	0.06870	0.04245	0.01520	0.01422	0.06424	0.51392	0.01016	0.05203	0.05237	0.01600	0.01094	0.03475	0.00967	0.06381	0.00679	0.00182	0.00847	0.00454	0.00328	0.00664
1	0.02139	0.01576	0.01689	0.01295	0.01745	0.01745	0.01070	0.74835	0.02646	0.03547	0.01351	0.01351	0.00957	0.00676	0.00563	0.00169	0.00619	0.00507	0.00563	0.00957
2	0.01502	0.01099	0.01229	0.01045	0.01330	0.01169	0.00810	0.35388	0.08373	0.04280	0.04673	0.22711	0.02006	0.06739	0.00769	0.00210	0.00494	0.00845	0.00531	0.04798
3	0.00978	0.00489	0.00733	0.00733	0.00733	0.00489	0.00489	0.00733	0.00733	0.00978	0.00978	0.01711	0.00978	0.01955	0.02199	0.83627	0.00489	0.00489	0.00244	0.00244
4	0.01467	0.01302	0.02200	0.05018	0.69580	0.01298	0.01658	0.01794	0.01302	0.07279	0.01141	0.01433	0.00924	0.00517	0.00558	0.00168	0.00657	0.00506	0.00308	0.00890
5	0.01167	0.01000	0.01167	0.00834	0.01334	0.00750	0.00667	0.01417	0.01167	0.01834	0.01000	0.01167	0.00834	0.00417	0.00417	0.00083	0.00417	0.00333	0.00333	0.83663
6	0.00804	0.00603	0.00904	0.00904	0.01005	0.00703	0.00703	0.01005	0.00904	0.01306	0.01507	0.02211	0.01407	0.04221	0.77992	0.00904	0.01507	0.00603	0.00301	0.00502
7	0.00698	0.00495	0.00649	0.00767	0.00797	0.00466	0.00505	0.00787	0.01053	0.01404	0.02975	0.72609	0.03563	0.09227	0.00922	0.00259	0.00347	0.01526	0.00505	0.00446
8	0.01507	0.71133	0.08267	0.01033	0.01531	0.05861	0.01050	0.01720	0.01169	0.01360	0.00803	0.00929	0.00722	0.00490	0.00381	0.00126	0.00639	0.00312	0.00243	0.00727
9	0.00848	0.00619	0.00829	0.00928	0.01058	0.00601	0.00783	0.01080	0.01300	0.01688	0.09103	0.11642	0.13454	0.01521	0.00749	0.00241	0.00452	0.52068	0.00527	0.00509
10	0.00685	0.00493	0.00650	0.00775	0.00814	0.00458	0.00519	0.00785	0.01085	0.01440	0.03203	0.76944	0.06567	0.01750	0.00716	0.00227	0.00325	0.01584	0.00522	0.00458
11	0.01167	0.01000	0.01167	0.00834	0.01334	0.00750	0.00667	0.01417	0.01167	0.01834	0.01000	0.01167	0.00834	0.00417	0.00417	0.00083	0.00417	0.00333	0.00333	0.83663
12	0.01574	0.01324	0.01331	0.01147	0.01468	0.06153	0.00895	0.22527	0.42266	0.02493	0.01996	0.03726	0.03109	0.06517	0.00737	0.00208	0.00530	0.00630	0.00533	0.00836
13	0.01412	0.01268	0.03238	0.11449	0.10945	0.01400	0.01121	0.08685	0.49181	0.02261	0.01866	0.01853	0.01406	0.00693	0.00568	0.00185	0.00535	0.00586	0.00487	0.00861
14	0.00818	0.00548	0.00628	0.00628	0.00633	0.00553	0.00359	0.00828	0.00823	0.01102	0.01760	0.03611	0.02015	0.76509	0.06535	0.00563	0.00593	0.00808	0.00339	0.00349
15	0.77158	0.01233	0.03653	0.00806	0.01169	0.05012	0.00686	0.01688	0.00997	0.02442	0.00796	0.00929	0.00619	0.00526	0.00363	0.00173	0.00478	0.00312	0.00341	0.00620
16	0.02026	0.02165	0.01583	0.01365	0.01707	0.45425	0.01058	0.24258	0.11129	0.02154	0.01192	0.01251	0.00919	0.00632	0.00532	0.00158	0.00825	0.00440	0.00408	0.00774
17	0.01337	0.01107	0.01257	0.00932	0.01408	0.00960	0.00748	0.12906	0.07814	0.02143	0.01166	0.01276	0.00929	0.00487	0.00453	0.00106	0.00451	0.00386	0.00390	0.63745
18	0.00693	0.00499	0.00657	0.00769	0.00816	0.00463	0.00519	0.00805	0.01124	0.01500	0.08543	0.71129	0.06992	0.01704	0.00712	0.00223	0.00320	0.01540	0.00529	0.00463
19	0.01063	0.00568	0.00798	0.00769	0.00805	0.00581	0.00529	0.06111	0.00881	0.01188	0.01023	0.01693	0.00986	0.01834	0.02041	0.75742	0.00493	0.00491	0.02100	0.00302
20	0.00818	0.00546	0.00614	0.00614	0.00614	0.00546	0.00341	0.00818	0.00818	0.01091	0.01773	0.03683	0.02046	0.80222	0.02864	0.00546	0.00546	0.00818	0.00341	0.00341
21	0.01701	0.03928	0.01479	0.01195	0.01561	0.05529	0.00961	0.31465	0.36291	0.02705	0.01916	0.01905	0.03717	0.00748	0.00566	0.00179	0.00546	0.02190	0.00541	0.00878
22	0.01348	0.47413	0.31673	0.01231	0.01829	0.01851	0.01405	0.01710	0.01150	0.01503	0.00869	0.01026	0.00719	0.00522	0.00486	0.00148	0.03764	0.00353	0.00240	0.00760
23	0.01442	0.60429	0.17107	0.01101	0.01634	0.05319	0.01173	0.01714	0.01182	0.01436	0.02561	0.01038	0.00826	0.00511	0.00408	0.00134	0.00656	0.00342	0.00251	0.00736
24	0.01156	0.08568	0.71889	0.01557	0.02363	0.01374	0.01998	0.01775	0.01185	0.01749	0.00993	0.01167	0.00714	0.00531	0.00522	0.00174	0.00815	0.00407	0.00238	0.00824
25	0.00711	0.00508	0.00646	0.00739	0.00781	0.00476	0.00487	0.00804	0.01072	0.01423	0.06435	0.59152	0.08163	0.14549	0.01063	0.00276	0.00357	0.01419	0.00497	0.00443
26	0.01277	0.00841	0.01159	0.01073	0.02736	0.02533	0.07075	0.08356	0.01373	0.16138	0.02587	0.44995	0.04930	0.01281	0.00660	0.00205	0.00459	0.01154	0.00529	0.00640
27	0.01129	0.02911	0.77306	0.01604	0.02436	0.01307	0.02079	0.01782	0.01188	0.01782	0.01010	0.01188	0.00713	0.00535	0.00535	0.00178	0.00832	0.00416	0.00238	0.00832
28	0.00689	0.00492	0.00656	0.00781	0.00817	0.00459	0.00523	0.00792	0.01094	0.01463	0.05438	0.77445	0.03773	0.01744	0.00717	0.00227	0.00325	0.01581	0.00525	0.00459
29	0.01328	0.01586	0.13750	0.16183	0.49002	0.04958	0.01723	0.01710	0.01255	0.01738	0.01032	0.01362	0.00831	0.00521	0.00552	0.00171	0.00724	0.00481	0.00268	0.00825
30	0.84197	0.01088	0.00827	0.00740	0.01088	0.01262	0.00609	0.01654	0.00958	0.02525	0.00784	0.00914	0.00609	0.00522	0.00348	0.00174	0.00435	0.00305	0.00348	0.00609
31	0.01400	0.01209	0.01273	0.01145	0.01463	0.01400	0.00891	0.02990	0.75695	0.02354	0.02291	0.02100	0.01718	0.00764	0.00573	0.00191	0.00445	0.00636	0.00573	0.00891
32	0.01620	0.01351	0.01357	0.01190	0.01500	0.09632	0.00935	0.05023	0.51203	0.11067	0.01987	0.01874	0.01477	0.00749	0.00657	0.00187	0.06218	0.00584	0.00533	0.00855
33	0.00689	0.00492	0.00656	0.00781	0.00817	0.00459	0.00523	0.00792	0.01094	0.01462	0.05409	0.77474	0.03772	0.01744	0.00717	0.00227	0.00325	0.01582	0.00525	0.00459
34	0.00898	0.00733	0.01054	0.01001	0.01070	0.00909	0.00783	0.01063	0.00887	0.01296	0.01367	0.02139	0.01323	0.10733	0.54411	0.00728	0.18201	0.00600	0.00293	0.00512
35	0.01128	0.03285	0.01907	0.59968	0.06658	0.01336	0.08494	0.01485	0.01131	0.01480	0.00989	0.01459	0.00764	0.00583	0.00670	0.00190	0.07059	0.00510	0.00254	0.00651
36	0.02525	0.00958	0.01306	0.01001	0.01437	0.00827	0.00827	0.02743	0.01611	0.77102	0.02220	0.01915	0.01393	0.00697	0.00566	0.00174	0.00479	0.00566	0.00697	0.00958
37	0.01491	0.01209	0.01291	0.01143	0.01473	0.01381	0.00894	0.05786	0.68712	0.06565	0.02250	0.02060	0.01670	0.00756	0.00572	0.00189	0.00454	0.00627	0.00579	0.00897
38	0.01110	0.03452	0.33268	0.01530	0.02069	0.01154	0.18976	0.01653	0.05723	0.01859	0.13056	0.07062	0.01828	0.00753	0.00607	0.00187	0.00697	0.03924	0.00359	0.00731
39	0.00765	0.00595	0.00877	0.00912	0.01014	0.00557	0.05936	0.00921	0.01161	0.01534	0.05833	0.55221	0.09600	0.01591	0.00716	0.00225	0.00392	0.11150	0.00508	0.00491
40	0.01316	0.01495	0.03248	0.05781	0.02983	0.01415	0.71410	0.01786	0.01319	0.01786	0.01132	0.01517	0.00849	0.00478	0.00660	0.00190	0.00940	0.00657	0.00283	0.00753
41	0.01274	0.01225	0.02112	0.29991	0.48355	0.01310	0.04328	0.01628	0.01228	0.01696	0.01041	0.01435	0.00840	0.00522	0.00563	0.00175	0.00708	0.00507	0.00269	0.00793
42	0.01408	0.01397	0.02202	0.10190	0.63897	0.06343	0.02917	0.01736	0.01288	0.01771	0.01042	0.01380	0.00867	0.00512	0.00556	0.00168	0.00703	0.00495	0.00277	0.00849
43	0.03616	0.05020	0.01892	0.03112	0.11727	0.08007	0.09705	0.28790	0.10632	0.07913	0.01414	0.01566	0.01069	0.00639	0.00562	0.00172	0.00662	0.02190	0.00454	0.00857
44	0.00695	0.00496	0.00664	0.00794	0.00831	0.00465	0.00539	0.00800	0.01087	0.01447	0.03097	0.76769	0.03702	0.01754	0.00721	0.00230	0.00335	0.04594	0.00522	0.00460
45	0.01187	0.01177	0.02257	0.09124	0.04039	0.01155	0.39062	0.06780	0.01353	0.01820	0.03670	0.19369	0.01713	0.00850	0.00661	0.00199	0.00724	0.03805	0.00373	0.00680
46	0.02130	0.01461	0.01578	0.01233	0.01663	0.03591	0.01010	0.53082	0.09841	0.16151	0.01584	0.01516	0.01104	0.00686	0.00563	0.00171	0.00588	0.00526	0.00580	0.00942
47	0.00829	0.00600	0.00755	0.00817	0.00902	0.00583	0.00571	0.07571	0.01277	0.01713	0.10338	0.63219	0.05493	0.01594	0.00697	0.00217	0.00346	0.01431	0.00536	0.00511
48	0.00811	0.00576	0.00769	0.00769	0.00823	0.00630	0.00535	0.00918	0.00864	0.01206	0.01631	0.02894	0.01704	0.39516	0.43103	0.00738	0.01061	0.00703	0.00320	0.00427
49	0.01442	0.38248	0.20695	0.01266	0.01748	0.12543	0.02961	0.01732	0.01195	0.01462	0.00980	0.01153	0.02666	0.00587	0.00599	0.00155	0.09200	0.00389	0.00256	0.00722
50	0.02974	0.42967	0.23952	0.01198	0.01749	0.08379	0.01279	0.01873	0.06213	0.03314	0.00990	0.01098	0.00800	0.00530	0.00442	0.00146	0.00687	0.00368	0.00279	0.00762
51	0.01393	0.01337	0.02284	0.03454	0.76712	0.01337	0.01727	0.01727	0.01281	0.01839	0.01059	0.01393	0.00891	0.00501	0.00557	0.00167	0.00669	0.00501	0.00279	0.00891
52	0.00877	0.00591	0.00775	0.00725	0.00869	0.00543	0.00545	0.01133	0.01573	0.05881	0.69889	0.07086	0.05056	0.01153	0.00661	0.00179	0.00278	0.01019	0.00619	0.00549
53	0.01358	0.01547	0.12306	0.03207	0.66790	0.01333	0.01774	0.01734	0.01269	0.01831	0.01052	0.01365	0.00868	0.00506	0.00554	0.00169	0.00690	0.00490	0.00273	0.00883
54	0.21379	0.18553	0.03335	0.08524	0.06577	0.01401	0.00965	0.06172	0.04557	0.12845	0.05803	0.01444	0.01150	0.00606	0.00496	0.00163	0.02148	0.00451	0.00395	0.03037
55	0.00712	0.00511	0.00660	0.00771	0.00809	0.00484	0.00511	0.00831	0.02542	0.01425	0.03018	0.69824	0.05025	0.08899	0.00910	0.00256	0.00348	0.01501	0.00507	0.00455
56	0.01123	0.00646	0.00856	0.00775	0.00960	0.00586	0.00595	0.01371	0.01564	0.16469	0.57029	0.07523	0.04439	0.01103	0.00650	0.00181	0.00315	0.02577	0.00627	0.00608
57	0.04901	0.09297	0.28982	0.02247	0.33713	0.01399	0.01660	0.03285	0.04055	0.01864	0.02809	0.01344	0.00935	0.00541	0.00525	0.00168	0.00692	0.00461	0.00288	0.00835
58	0.01304	0.03602	0.22878	0.10851	0.39252	0.03216	0.01713	0.01814	0.06631	0.01794	0.01117	0.01378	0.00879	0.00538	0.00547	0.00173	0.00713	0.00479	0.00285	0.00836
59	0.00825	0.00526	0.00698	0.00791	0.00851	0.00488	0.00536	0.00927	0.01103	0.06898	0.02973	0.70490	0.03472	0.05519	0.00812	0.00240	0.00348	0.01487	0.00526	0.00488

[dist]
# distance from previous block
# <min> <max>
4	8

[block]
# block no. 4 follows, 42 sequences, length 12
# corresponding to MSA columns:
# 223-234
name=unknown_E
#
# <colnr> <probs for GDERKNQSTAVLIFYWHMCP>
#	G	D	E	R	K	N	Q	S	T	A	V	L	I	F	Y	W	H	M	C	P
0	0.01701	0.01540	0.11263	0.03673	0.01735	0.01414	0.01097	0.46191	0.02047	0.02795	0.01402	0.06930	0.01154	0.04694	0.00670	0.00184	0.00605	0.00568	0.00472	0.09867
1	0.03026	0.06043	0.38669	0.11536	0.05688	0.01397	0.04112	0.11548	0.07053	0.02024	0.02933	0.01391	0.00947	0.00583	0.00541	0.00176	0.00727	0.00474	0.00323	0.00809
2	0.06916	0.01180	0.01446	0.27731	0.02275	0.01343	0.01106	0.29030	0.07648	0.02385	0.01862	0.01988	0.11236	0.00736	0.00563	0.00180	0.00593	0.00594	0.00437	0.00749
3	0.01222	0.14689	0.53265	0.01583	0.06573	0.03867	0.03574	0.01743	0.01224	0.01726	0.04761	0.01310	0.00959	0.00555	0.00518	0.00168	0.00767	0.00438	0.00263	0.00796
4	0.00924	0.00603	0.00793	0.00730	0.00885	0.00553	0.00553	0.01186	0.01594	0.07763	0.70957	0.04035	0.05022	0.01117	0.00657	0.00177	0.00281	0.00985	0.00625	0.00562
5	0.01422	0.01476	0.11489	0.12834	0.05704	0.04278	0.10728	0.19439	0.02945	0.02163	0.02967	0.04303	0.01118	0.00675	0.00657	0.00179	0.06661	0.00562	0.09651	0.00749
6	0.00801	0.00541	0.00632	0.00649	0.00657	0.00541	0.00380	0.00822	0.00856	0.01145	0.01933	0.13447	0.02234	0.66726	0.05921	0.00521	0.00560	0.00910	0.00363	0.00363
7	0.01162	0.02602	0.62154	0.04544	0.05419	0.01321	0.11414	0.01770	0.01208	0.01775	0.01028	0.01250	0.00739	0.00527	0.00553	0.00180	0.00838	0.00454	0.00246	0.00817
8	0.01470	0.70393	0.02792	0.01029	0.01449	0.02162	0.00997	0.01643	0.01107	0.01328	0.00777	0.00945	0.00724	0.00546	0.00552	0.00136	0.10675	0.00325	0.00241	0.00709
9	0.00818	0.00546	0.00614	0.00614	0.00614	0.00546	0.00341	0.00818	0.00818	0.01091	0.01773	0.03683	0.02046	0.80222	0.02864	0.00546	0.00546	0.00818	0.00341	0.00341
10	0.00714	0.00510	0.00686	0.00816	0.00861	0.00482	0.00572	0.00833	0.01106	0.01469	0.03086	0.70370	0.03660	0.01736	0.00726	0.00232	0.00351	0.10804	0.00522	0.00465
11	0.00978	0.00489	0.00733	0.00733	0.00733	0.00489	0.00489	0.00733	0.00733	0.00978	0.00978	0.01711	0.00978	0.01955	0.02199	0.83627	0.00489	0.00489	0.00244	0.00244

[dist]
# distance from previous block
# <min> <max>
0	25

[block]
# block no. 5 follows, 42 sequences, length 31
# corresponding to MSA columns:
# 260-290
name=unknown_F
#
# <colnr> <probs for GDERKNQSTAVLIFYWHMCP>
#	G	D	E	R	K	N	Q	S	T	A	V	L	I	F	Y	W	H	M	C	P
0	0.02525	0.00958	0.01306	0.01001	0.01437	0.00827	0.00827	0.02743	0.01611	0.77102	0.02220	0.01915	0.01393	0.00697	0.00566	0.00174	0.00479	0.00566	0.00697	0.00958
1	0.02102	0.02682	0.01595	0.01450	0.01740	0.77963	0.01087	0.02247	0.01595	0.01377	0.00870	0.01015	0.00725	0.00580	0.00507	0.00145	0.01015	0.00362	0.00290	0.00652
2	0.02104	0.01543	0.01652	0.01270	0.01710	0.01706	0.01048	0.72482	0.02599	0.03500	0.01367	0.01375	0.00973	0.00675	0.00558	0.00168	0.00608	0.00507	0.03213	0.00943
3	0.00706	0.00569	0.00629	0.00620	0.00787	0.00492	0.00463	0.00886	0.01372	0.01746	0.27515	0.07513	0.52024	0.01351	0.00666	0.00187	0.00280	0.01149	0.00553	0.00492
4	0.00818	0.00546	0.00614	0.00614	0.00614	0.00546	0.00341	0.00818	0.00818	0.01091	0.01773	0.03683	0.02046	0.80222	0.02864	0.00546	0.00546	0.00818	0.00341	0.00341
5	0.00978	0.00489	0.00733	0.00733	0.00733	0.00489	0.00489	0.00733	0.00733	0.00978	0.00978	0.01711	0.00978	0.01955	0.02199	0.83627	0.00489	0.00489	0.00244	0.00244
6	0.01730	0.01318	0.01418	0.01187	0.01558	0.01479	0.00948	0.27601	0.45603	0.07860	0.01964	0.01831	0.01435	0.00729	0.00569	0.00182	0.00507	0.00587	0.00578	0.00918
7	0.01063	0.01000	0.01688	0.78870	0.03876	0.01250	0.01563	0.01438	0.01125	0.01438	0.01000	0.01500	0.00750	0.00563	0.00563	0.00188	0.00750	0.00500	0.00250	0.00625
8	0.02525	0.00958	0.01306	0.01001	0.01437	0.00827	0.00827	0.02743	0.01611	0.77102	0.02220	0.01915	0.01393	0.00697	0.00566	0.00174	0.00479	0.00566	0.00697	0.00958
9	0.00686	0.00490	0.00653	0.00784	0.00816	0.00457	0.00522	0.00784	0.01077	0.01437	0.03102	0.79855	0.03722	0.01763	0.00718	0.00229	0.00326	0.01600	0.00522	0.00457
10	0.02104	0.02622	0.01600	0.01441	0.01740	0.73813	0.01086	0.06200	0.01652	0.01495	0.00896	0.01033	0.00738	0.00585	0.00510	0.00146	0.00993	0.00370	0.00305	0.00669
11	0.00667	0.00565	0.00576	0.00585	0.00764	0.00474	0.00434	0.00806	0.01269	0.01515	0.05524	0.10486	0.71527	0.01448	0.00669	0.00193	0.00288	0.01216	0.00523	0.00474
12	0.01167	0.01000	0.01167	0.00834	0.01334	0.00750	0.00667	0.01417	0.01167	0.01834	0.01000	0.01167	0.00834	0.00417	0.00417	0.00083	0.00417	0.00333	0.00333	0.83663
13	0.00765	0.00524	0.00659	0.00742	0.00777	0.00506	0.00495	0.00854	0.01019	0.01378	0.02609	0.45071	0.03039	0.26887	0.01399	0.00329	0.00412	0.08050	0.04056	0.00429
14	0.01167	0.01000	0.01167	0.00834	0.01334	0.00750	0.00667	0.01417	0.01167	0.01834	0.01000	0.01167	0.00834	0.00417	0.00417	0.00083	0.00417	0.00333	0.00333	0.83663
15	0.01141	0.01106	0.01676	0.35232	0.02506	0.01477	0.01355	0.01377	0.00979	0.01389	0.00883	0.01387	0.00770	0.00928	0.04291	0.00247	0.41891	0.00500	0.00250	0.00615
16	0.01892	0.03643	0.01502	0.01143	0.01528	0.01526	0.00936	0.56883	0.04885	0.03153	0.01454	0.01541	0.01080	0.02714	0.00590	0.00172	0.00555	0.00516	0.13422	0.00865
17	0.00820	0.00611	0.00872	0.00865	0.00943	0.00703	0.00649	0.00979	0.00886	0.01266	0.01536	0.02469	0.01512	0.18958	0.61046	0.00815	0.03649	0.00642	0.00308	0.00474
18	0.00782	0.00575	0.00733	0.00693	0.00832	0.00525	0.00520	0.01035	0.01560	0.02178	0.68808	0.04334	0.12966	0.01180	0.00664	0.00178	0.00268	0.01036	0.00609	0.00525
19	0.00818	0.00548	0.00625	0.00625	0.00629	0.00552	0.00355	0.00826	0.00822	0.01099	0.01763	0.03626	0.02022	0.77315	0.05738	0.00559	0.00582	0.00810	0.00339	0.00347
20	0.01222	0.01033	0.01196	0.00860	0.01357	0.00806	0.00690	0.05559	0.01250	0.01930	0.01020	0.01177	0.00841	0.00431	0.00425	0.00088	0.00428	0.00343	0.00346	0.78996
21	0.10789	0.03542	0.19834	0.01852	0.08033	0.01350	0.30082	0.04959	0.05208	0.01982	0.02867	0.01637	0.01043	0.00581	0.00578	0.00184	0.00759	0.03628	0.00324	0.00768
22	0.04353	0.04855	0.03176	0.01114	0.01429	0.13892	0.04062	0.20624	0.05742	0.02164	0.06652	0.07209	0.15815	0.00930	0.00590	0.00179	0.00580	0.05472	0.00467	0.00694
23	0.01272	0.01272	0.05114	0.01668	0.03819	0.01181	0.34193	0.11363	0.01431	0.01987	0.03214	0.14683	0.02888	0.00774	0.00657	0.00184	0.02971	0.00771	0.05210	0.05349
24	0.06602	0.22165	0.39152	0.03171	0.02057	0.03161	0.06269	0.03123	0.01203	0.01728	0.00989	0.02634	0.00787	0.00539	0.00486	0.00160	0.00726	0.00417	0.00266	0.04364
25	0.16501	0.24125	0.18145	0.01257	0.06416	0.04007	0.03946	0.03473	0.01232	0.01853	0.07392	0.01514	0.04392	0.00604	0.00470	0.00157	0.00605	0.00459	0.00320	0.03130
26	0.01237	0.04840	0.07982	0.02004	0.14641	0.01278	0.31675	0.01636	0.02768	0.01800	0.08301	0.03381	0.02884	0.00629	0.00681	0.00177	0.05890	0.00628	0.00327	0.07243
27	0.20004	0.20999	0.07230	0.03254	0.01754	0.12716	0.12520	0.03542	0.01224	0.01792	0.00924	0.01158	0.00765	0.02531	0.00547	0.00165	0.02324	0.00405	0.00295	0.05852
28	0.05325	0.04155	0.04603	0.01378	0.08501	0.12975	0.01043	0.22654	0.09966	0.11933	0.01645	0.01662	0.05061	0.00686	0.00570	0.00169	0.02596	0.00524	0.03737	0.00818
29	0.01333	0.16531	0.06439	0.08499	0.03545	0.05939	0.00954	0.09656	0.08026	0.01888	0.01554	0.05087	0.03690	0.02732	0.02201	0.00184	0.02560	0.00546	0.17953	0.00683
30	0.01404	0.04718	0.01271	0.04364	0.01408	0.03752	0.02605	0.11745	0.14293	0.11080	0.04209	0.06758	0.17324	0.02366	0.00648	0.00182	0.02361	0.00734	0.02376	0.06402

[dist]
# distance from previous block
# <min> <max>
6	95

[block]
# block no. 6 follows, 42 sequences, length 34
# corresponding to MSA columns:
# 398-420,435-445
name=unknown_G
#
# <colnr> <probs for GDERKNQSTAVLIFYWHMCP>
#	G	D	E	R	K	N	Q	S	T	A	V	L	I	F	Y	W	H	M	C	P
0	0.05297	0.04491	0.04891	0.01623	0.16621	0.04297	0.01137	0.25568	0.14695	0.08045	0.03317	0.01580	0.01193	0.00720	0.02178	0.00186	0.00606	0.00522	0.02170	0.00862
1	0.01673	0.01244	0.01362	0.01095	0.01458	0.01328	0.00883	0.43213	0.10102	0.04553	0.12701	0.04157	0.07086	0.00820	0.00581	0.00170	0.00503	0.00662	0.00557	0.05852
2	0.09383	0.01173	0.03037	0.04687	0.12741	0.01214	0.04959	0.19413	0.07684	0.04280	0.10945	0.05605	0.06019	0.00817	0.00610	0.00184	0.02266	0.03768	0.00464	0.00753
3	0.01523	0.01776	0.08214	0.01854	0.05497	0.16447	0.33059	0.09361	0.06437	0.01924	0.01342	0.01546	0.03818	0.00575	0.00592	0.00173	0.00826	0.00567	0.00340	0.04128
4	0.36560	0.01424	0.13958	0.04190	0.04989	0.01255	0.04230	0.03686	0.12200	0.04154	0.01235	0.01485	0.00970	0.00607	0.00476	0.00178	0.00557	0.03528	0.00374	0.03942
5	0.01240	0.16823	0.59250	0.01494	0.02242	0.01492	0.03528	0.04597	0.01240	0.01769	0.00985	0.01151	0.00727	0.00529	0.00507	0.00168	0.00785	0.00404	0.00252	0.00815
6	0.01438	0.01196	0.01330	0.01169	0.03347	0.01311	0.02701	0.17921	0.42448	0.02439	0.02485	0.02362	0.12551	0.00816	0.00580	0.00181	0.00476	0.00676	0.00539	0.04035
7	0.00733	0.00562	0.00672	0.00668	0.00808	0.00500	0.00492	0.00931	0.01409	0.01876	0.40587	0.15032	0.31022	0.01335	0.00672	0.00189	0.00281	0.01160	0.00571	0.00500
8	0.00978	0.00489	0.00733	0.00733	0.00733	0.00489	0.00489	0.00733	0.00733	0.00978	0.00978	0.01711	0.00978	0.01955	0.02199	0.83627	0.00489	0.00489	0.00244	0.00244
9	0.00792	0.00575	0.00746	0.00704	0.00838	0.00529	0.00528	0.01054	0.01583	0.02233	0.74162	0.04242	0.07577	0.01159	0.00664	0.00177	0.00266	0.01023	0.00616	0.00529
10	0.01129	0.02911	0.77306	0.01604	0.02436	0.01307	0.02079	0.01782	0.01188	0.01782	0.01010	0.01188	0.00713	0.00535	0.00535	0.00178	0.00832	0.00416	0.00238	0.00832
11	0.84197	0.01088	0.00827	0.00740	0.01088	0.01262	0.00609	0.01654	0.00958	0.02525	0.00784	0.00914	0.00609	0.00522	0.00348	0.00174	0.00435	0.00305	0.00348	0.00609
12	0.00686	0.00490	0.00653	0.00784	0.00816	0.00457	0.00522	0.00784	0.01077	0.01437	0.03102	0.79855	0.03722	0.01763	0.00718	0.00229	0.00326	0.01600	0.00522	0.00457
13	0.00788	0.00572	0.00743	0.00707	0.00838	0.00526	0.00528	0.01044	0.01563	0.02203	0.71469	0.07336	0.07201	0.01183	0.00666	0.00179	0.00269	0.01046	0.00613	0.00526
14	0.01167	0.01000	0.01167	0.00834	0.01334	0.00750	0.00667	0.01417	0.01167	0.01834	0.01000	0.01167	0.00834	0.00417	0.00417	0.00083	0.00417	0.00333	0.00333	0.83663
15	0.80869	0.01083	0.00847	0.00751	0.01103	0.01245	0.00618	0.01699	0.00984	0.05564	0.00842	0.00955	0.00641	0.00529	0.00357	0.00174	0.00437	0.00315	0.00362	0.00624
16	0.00671	0.00570	0.00578	0.00576	0.00764	0.00478	0.00432	0.00819	0.01296	0.01552	0.08770	0.05363	0.73395	0.01413	0.00665	0.00189	0.00284	0.01180	0.00527	0.00478
17	0.01505	0.80561	0.02949	0.00963	0.01444	0.02227	0.00963	0.01685	0.01143	0.01324	0.00782	0.00903	0.00722	0.00481	0.00361	0.00120	0.00602	0.00301	0.00241	0.00722
18	0.00818	0.00546	0.00614	0.00614	0.00614	0.00546	0.00341	0.00818	0.00818	0.01091	0.01773	0.03683	0.02046	0.80222	0.02864	0.00546	0.00546	0.00818	0.00341	0.00341
19	0.01098	0.00572	0.00577	0.00559	0.00705	0.00579	0.00424	0.04618	0.01246	0.02163	0.01814	0.02064	0.01421	0.00657	0.00401	0.00133	0.00278	0.00524	0.79623	0.00544
20	0.02102	0.02682	0.01595	0.01450	0.01740	0.77963	0.01087	0.02247	0.01595	0.01377	0.00870	0.01015	0.00725	0.00580	0.00507	0.00145	0.01015	0.00362	0.00290	0.00652
21	0.01231	0.01231	0.01724	0.01477	0.01477	0.01724	0.01231	0.01354	0.00862	0.01354	0.00739	0.01231	0.00739	0.00985	0.01847	0.00246	0.79192	0.00492	0.00246	0.00616
22	0.13452	0.53306	0.02358	0.01010	0.01440	0.14015	0.00926	0.01817	0.01209	0.04912	0.00861	0.00968	0.00737	0.00513	0.00392	0.00134	0.00638	0.00323	0.00284	0.00706
23	0.00772	0.00552	0.00693	0.00751	0.00815	0.00527	0.00508	0.03269	0.01176	0.01582	0.14533	0.49564	0.06568	0.14699	0.01060	0.00270	0.00361	0.01325	0.00509	0.00467
24	0.01394	0.01359	0.02222	0.08374	0.69417	0.03866	0.01695	0.01725	0.01281	0.01797	0.01048	0.01387	0.00877	0.00508	0.00556	0.00168	0.00685	0.00497	0.00277	0.00866
25	0.05349	0.00973	0.01254	0.00951	0.01398	0.00825	0.00780	0.02380	0.01478	0.56037	0.01870	0.01696	0.01228	0.00622	0.00521	0.00152	0.00462	0.00500	0.00595	0.20928
26	0.03656	0.00800	0.01011	0.00877	0.01149	0.00743	0.00688	0.04786	0.04726	0.32636	0.18108	0.15115	0.09738	0.01045	0.00619	0.00187	0.00396	0.02385	0.00613	0.00723
27	0.02525	0.00958	0.01306	0.01001	0.01437	0.00827	0.00827	0.02743	0.01611	0.77102	0.02220	0.01915	0.01393	0.00697	0.00566	0.00174	0.00479	0.00566	0.00697	0.00958
28	0.01349	0.01157	0.01228	0.01119	0.01417	0.01332	0.00864	0.02832	0.70349	0.02288	0.02349	0.07671	0.01861	0.00835	0.00583	0.00194	0.00437	0.00705	0.00569	0.00860
29	0.00978	0.00489	0.00733	0.00733	0.00733	0.00489	0.00489	0.00733	0.00733	0.00978	0.00978	0.01711	0.00978	0.01955	0.02199	0.83627	0.00489	0.00489	0.00244	0.00244
30	0.01129	0.02911	0.77306	0.01604	0.02436	0.01307	0.02079	0.01782	0.01188	0.01782	0.01010	0.01188	0.00713	0.00535	0.00535	0.00178	0.00832	0.00416	0.00238	0.00832
31	0.00792	0.00575	0.00746	0.00704	0.00838	0.00529	0.00528	0.01054	0.01583	0.02233	0.74133	0.04243	0.07607	0.01159	0.00664	0.00177	0.00266	0.01023	0.00616	0.00529
32	0.01505	0.80561	0.02949	0.00963	0.01444	0.02227	0.00963	0.01685	0.01143	0.01324	0.00782	0.00903	0.00722	0.00481	0.00361	0.00120	0.00602	0.00301	0.00241	0.00722
33	0.47440	0.02902	0.03724	0.02963	0.03891	0.03056	0.00856	0.20259	0.01439	0.02621	0.00964	0.01082	0.00732	0.00556	0.00429	0.00166	0.00526	0.00374	0.00390	0.05629

[dist]
# distance from previous block
# <min> <max>
0	1

[block]
# block no. 7 follows, 42 sequences, length 16
# corresponding to MSA columns:
# 447-462
name=unknown_H
#
# <colnr> <probs for GDERKNQSTAVLIFYWHMCP>
#	G	D	E	R	K	N	Q	S	T	A	V	L	I	F	Y	W	H	M	C	P
0	0.01388	0.01246	0.07050	0.01123	0.01466	0.01239	0.00950	0.08446	0.46658	0.06073	0.07386	0.02548	0.05164	0.00847	0.00593	0.00191	0.00477	0.05780	0.00550	0.00826
