[name]
unknown

[dist]
# distance from previous block
# <min> <max>
0	53

[block]
# block no. 0 follows, 44 sequences, length 28
# corresponding to MSA columns:
# 54-81
name=unknown_A
#
# <colnr> <probs for GDERKNQSTAVLIFYWHMCP>
#	G	D	E	R	K	N	Q	S	T	A	V	L	I	F	Y	W	H	M	C	P
0	0.10930	0.07196	0.10965	0.03531	0.07908	0.05998	0.06095	0.15278	0.01435	0.05450	0.01188	0.04806	0.00984	0.00600	0.00497	0.00154	0.00605	0.02234	0.00364	0.13782
1	0.08033	0.10426	0.09139	0.03304	0.11846	0.09427	0.01038	0.05971	0.01282	0.08440	0.05178	0.01863	0.07792	0.06431	0.00745	0.00189	0.05520	0.00532	0.00360	0.02485
2	0.19271	0.05089	0.03993	0.01042	0.07896	0.01004	0.00750	0.07493	0.01159	0.10363	0.01283	0.01858	0.01150	0.22451	0.01119	0.02281	0.00512	0.00504	0.00371	0.10413
3	0.10090	0.02878	0.03935	0.01018	0.04481	0.00946	0.02566	0.10191	0.01312	0.12874	0.03068	0.07073	0.01273	0.07803	0.00720	0.01864	0.00481	0.00534	0.00410	0.26481
4	0.05333	0.14752	0.13834	0.01205	0.04738	0.01332	0.02742	0.18217	0.01515	0.12793	0.04984	0.03788	0.01192	0.00719	0.02434	0.00175	0.02358	0.00497	0.03123	0.04271
5	0.05314	0.38044	0.18919	0.01119	0.01623	0.04862	0.01151	0.12077	0.03048	0.04287	0.04186	0.01194	0.00955	0.00550	0.00443	0.00144	0.00622	0.00391	0.00320	0.00750
6	0.00746	0.00545	0.00710	0.00776	0.00828	0.00542	0.00531	0.02305	0.01035	0.01403	0.04283	0.56878	0.03054	0.12227	0.06987	0.00307	0.02792	0.01283	0.00457	0.02311
7	0.01341	0.09128	0.27072	0.11786	0.06761	0.05920	0.08869	0.07160	0.03012	0.05219	0.03325	0.01348	0.00929	0.00545	0.00520	0.00162	0.00710	0.00460	0.00309	0.05426
8	0.00779	0.00584	0.00876	0.00876	0.00974	0.00681	0.00681	0.00974	0.00876	0.01266	0.01460	0.02142	0.01363	0.04089	0.78680	0.00876	0.01460	0.00584	0.00292	0.00487
9	0.01005	0.01051	0.04100	0.01560	0.01870	0.00962	0.36889	0.01303	0.01173	0.01587	0.01962	0.33095	0.02075	0.01038	0.00697	0.00204	0.02622	0.05826	0.00380	0.00602
10	0.01932	0.01447	0.01550	0.01211	0.01622	0.01600	0.00989	0.63125	0.11684	0.03199	0.01424	0.01447	0.01041	0.02517	0.00595	0.00173	0.00573	0.00510	0.00536	0.02827
11	0.84691	0.01054	0.00801	0.00717	0.01054	0.01223	0.00590	0.01603	0.00928	0.02446	0.00759	0.00886	0.00590	0.00506	0.00337	0.00169	0.00422	0.00295	0.00337	0.00590
12	0.00764	0.00519	0.00600	0.00624	0.00636	0.00510	0.00366	0.00786	0.00855	0.01134	0.02085	0.18188	0.04736	0.63272	0.02312	0.00459	0.00480	0.00948	0.00369	0.00356
13	0.77452	0.01106	0.00873	0.00778	0.01094	0.03409	0.00639	0.01601	0.00940	0.02348	0.00759	0.00906	0.00601	0.00534	0.00427	0.00172	0.05131	0.00308	0.00330	0.00592
14	0.02037	0.02598	0.01545	0.01404	0.01685	0.78652	0.01053	0.02177	0.01545	0.01334	0.00843	0.00983	0.00702	0.00562	0.00492	0.00140	0.00983	0.00351	0.00281	0.00632
15	0.01352	0.04600	0.01652	0.01333	0.01454	0.01635	0.01109	0.13938	0.07065	0.01770	0.03230	0.01351	0.00958	0.00871	0.01388	0.00215	0.54581	0.00498	0.00325	0.00675
16	0.00785	0.00539	0.00631	0.00643	0.00648	0.00548	0.00382	0.00803	0.00832	0.01115	0.01883	0.15106	0.02191	0.66603	0.02433	0.00474	0.02777	0.00898	0.00354	0.00355
17	0.01976	0.01586	0.07497	0.01272	0.01718	0.01619	0.01108	0.63651	0.02339	0.06445	0.01295	0.01316	0.00918	0.00657	0.00596	0.00168	0.03935	0.00486	0.00514	0.00904
18	0.02042	0.01512	0.01619	0.01248	0.01679	0.01677	0.01029	0.72556	0.05678	0.03387	0.01347	0.01339	0.00958	0.00658	0.00546	0.00165	0.00593	0.00496	0.00546	0.00924
19	0.01093	0.02820	0.78016	0.01554	0.02360	0.01266	0.02014	0.01727	0.01151	0.01727	0.00978	0.01151	0.00691	0.00518	0.00518	0.00173	0.00806	0.00403	0.00230	0.00806
20	0.02446	0.00928	0.01265	0.00970	0.01392	0.00801	0.00801	0.02657	0.01560	0.77817	0.02151	0.01856	0.01350	0.00675	0.00548	0.00169	0.00464	0.00548	0.00675	0.00928
21	0.00713	0.00575	0.00684	0.00745	0.03993	0.00510	0.00518	0.00883	0.01281	0.01640	0.21164	0.16478	0.44005	0.01337	0.00651	0.00188	0.00300	0.03328	0.00518	0.00488
22	0.06033	0.03204	0.01260	0.01035	0.06171	0.00866	0.00777	0.01840	0.01307	0.29050	0.07968	0.01641	0.01363	0.00591	0.00521	0.00136	0.02785	0.00474	0.00465	0.32513
23	0.81729	0.01117	0.03538	0.00747	0.01101	0.01225	0.00641	0.01607	0.00936	0.02421	0.00767	0.00895	0.00594	0.00506	0.00344	0.00169	0.00435	0.00299	0.00334	0.00598
24	0.02291	0.01086	0.01352	0.01046	0.01465	0.01048	0.00861	0.20113	0.06343	0.55454	0.01954	0.01736	0.01268	0.00674	0.00548	0.00168	0.00494	0.00539	0.00637	0.00924
25	0.00664	0.00474	0.00633	0.00759	0.00791	0.00443	0.00506	0.00759	0.01044	0.01392	0.03005	0.80485	0.03606	0.01708	0.00696	0.00221	0.00316	0.01550	0.00506	0.00443
26	0.01130	0.00969	0.01130	0.00807	0.01292	0.00727	0.00646	0.01373	0.01130	0.01776	0.00969	0.01130	0.00807	0.00404	0.00404	0.00081	0.00404	0.00323	0.00323	0.84173
27	0.01198	0.01206	0.08646	0.30877	0.02620	0.01145	0.18125	0.03641	0.02770	0.07468	0.09211	0.05426	0.01416	0.00667	0.00621	0.00182	0.03136	0.00623	0.00346	0.00674

[dist]
# distance from previous block
# <min> <max>
0	1

[block]
# block no. 1 follows, 44 sequences, length 49
# corresponding to MSA columns:
# 83-131
name=unknown_B
#
# <colnr> <probs for GDERKNQSTAVLIFYWHMCP>
#	G	D	E	R	K	N	Q	S	T	A	V	L	I	F	Y	W	H	M	C	P
0	0.64568	0.14528	0.01208	0.00793	0.01160	0.01415	0.00681	0.07128	0.01080	0.02325	0.00800	0.00915	0.00634	0.00510	0.00355	0.00160	0.00462	0.00309	0.00335	0.00634
1	0.01283	0.01460	0.03158	0.02265	0.02795	0.01390	0.72641	0.01730	0.01270	0.01730	0.01088	0.01460	0.00823	0.00478	0.00687	0.00186	0.03914	0.00637	0.00274	0.00730
2	0.02039	0.02536	0.01550	0.01396	0.01686	0.74156	0.01052	0.06467	0.01604	0.01457	0.00870	0.01002	0.00715	0.00567	0.00495	0.00142	0.00961	0.00359	0.00296	0.00649
3	0.02066	0.01726	0.01619	0.01282	0.01690	0.16003	0.01039	0.61963	0.02374	0.03045	0.01222	0.01248	0.00885	0.00637	0.00535	0.00159	0.00671	0.00465	0.00496	0.00872
4	0.01130	0.00969	0.01130	0.00807	0.01292	0.00727	0.00646	0.01373	0.01130	0.01776	0.00969	0.01130	0.00807	0.00404	0.00404	0.00081	0.00404	0.00323	0.00323	0.84173
5	0.00664	0.00474	0.00633	0.00759	0.00791	0.00443	0.00506	0.00759	0.01044	0.01392	0.03005	0.80485	0.03606	0.01708	0.00696	0.00221	0.00316	0.01550	0.00506	0.00443
6	0.03146	0.00627	0.00681	0.00697	0.00829	0.02959	0.00506	0.00965	0.03129	0.01660	0.22056	0.24681	0.28969	0.04204	0.00721	0.00203	0.00326	0.02643	0.00512	0.00484
7	0.01016	0.00508	0.00508	0.00508	0.00635	0.00508	0.00381	0.01270	0.01143	0.02033	0.01778	0.02033	0.01397	0.00635	0.00381	0.00127	0.00254	0.00508	0.83867	0.00508
8	0.01130	0.00969	0.01130	0.00807	0.01292	0.00727	0.00646	0.01373	0.01130	0.01776	0.00969	0.01130	0.00807	0.00404	0.00404	0.00081	0.00404	0.00323	0.00323	0.84173
9	0.00769	0.00542	0.00710	0.02615	0.00832	0.00569	0.00507	0.00866	0.00896	0.01237	0.01940	0.21843	0.02148	0.34504	0.24679	0.00537	0.00750	0.00900	0.02739	0.00416
10	0.84691	0.01054	0.00801	0.00717	0.01054	0.01223	0.00590	0.01603	0.00928	0.02446	0.00759	0.00886	0.00590	0.00506	0.00337	0.00169	0.00422	0.00295	0.00337	0.00590
11	0.00664	0.00474	0.00633	0.00759	0.00791	0.00443	0.00506	0.00759	0.01044	0.01392	0.03005	0.80485	0.03606	0.01708	0.00696	0.00221	0.00316	0.01550	0.00506	0.00443
12	0.00779	0.00584	0.00876	0.00876	0.00974	0.00681	0.00681	0.00974	0.00876	0.01266	0.01460	0.02142	0.01363	0.04089	0.78680	0.00876	0.01460	0.00584	0.00292	0.00487
13	0.02435	0.00946	0.01276	0.00978	0.01401	0.00828	0.00808	0.04828	0.01590	0.75604	0.02126	0.01839	0.01337	0.00674	0.00548	0.00169	0.00468	0.00547	0.00671	0.00928
14	0.01093	0.02820	0.78016	0.01554	0.02360	0.01266	0.02014	0.01727	0.01151	0.01727	0.00978	0.01151	0.00691	0.00518	0.00518	0.00173	0.00806	0.00403	0.00230	0.00806
15	0.01287	0.01471	0.03217	0.02298	0.02849	0.01379	0.75460	0.01746	0.01287	0.01746	0.01103	0.01471	0.00827	0.00460	0.00643	0.00184	0.00919	0.00643	0.00276	0.00735
16	0.00648	0.00538	0.00567	0.00590	0.00746	0.00457	0.00431	0.00778	0.01206	0.01458	0.05064	0.18947	0.63814	0.01440	0.00654	0.00191	0.00283	0.01223	0.00506	0.00457
17	0.02072	0.01527	0.01636	0.01254	0.01691	0.01691	0.01036	0.75622	0.02563	0.03436	0.01309	0.01309	0.00927	0.00654	0.00545	0.00164	0.00600	0.00491	0.00545	0.00927
18	0.84691	0.01054	0.00801	0.00717	0.01054	0.01223	0.00590	0.01603	0.00928	0.02446	0.00759	0.00886	0.00590	0.00506	0.00337	0.00169	0.00422	0.00295	0.00337	0.00590
19	0.01424	0.01205	0.01271	0.01123	0.01443	0.01388	0.00879	0.09769	0.69473	0.02390	0.02133	0.01966	0.01595	0.00732	0.00554	0.00183	0.00447	0.00605	0.00554	0.00869
20	0.02025	0.01447	0.01574	0.01203	0.01642	0.01562	0.00992	0.65395	0.02392	0.08027	0.01337	0.01330	0.00945	0.00637	0.00535	0.00158	0.00576	0.00482	0.00537	0.07206
21	0.00793	0.00529	0.00595	0.00595	0.00595	0.00529	0.00330	0.00793	0.00793	0.01057	0.01718	0.03568	0.01982	0.80840	0.02775	0.00529	0.00529	0.00793	0.00330	0.00330
22	0.01356	0.01171	0.01233	0.01109	0.01418	0.01356	0.00863	0.02897	0.76455	0.02281	0.02219	0.02034	0.01664	0.00740	0.00555	0.00185	0.00431	0.00616	0.00555	0.00863
23	0.01978	0.01326	0.01469	0.01165	0.01568	0.01437	0.00949	0.44253	0.19646	0.17806	0.01687	0.01586	0.01183	0.00678	0.00548	0.00170	0.00534	0.00531	0.00573	0.00912
24	0.01142	0.00979	0.01136	0.00823	0.01298	0.00759	0.00657	0.01451	0.04981	0.01802	0.01033	0.01177	0.00851	0.00421	0.00411	0.00086	0.00405	0.00338	0.00335	0.79914
25	0.01030	0.00969	0.01635	0.79530	0.03755	0.01211	0.01514	0.01393	0.01090	0.01393	0.00969	0.01453	0.00727	0.00545	0.00545	0.00182	0.00727	0.00484	0.00242	0.00606
26	0.01493	0.01297	0.01890	0.02550	0.49986	0.06587	0.01394	0.01860	0.06811	0.10797	0.01287	0.04279	0.01059	0.00606	0.00623	0.00170	0.05612	0.00531	0.00346	0.00823
27	0.00919	0.00743	0.01133	0.15764	0.01591	0.00801	0.06012	0.02754	0.02869	0.03878	0.03779	0.46886	0.02523	0.01258	0.00729	0.00208	0.06057	0.01122	0.00431	0.00542
28	0.02038	0.02549	0.01549	0.01398	0.01686	0.75082	0.01053	0.05584	0.01592	0.01432	0.00864	0.00998	0.00713	0.00566	0.00494	0.00142	0.00965	0.00358	0.00293	0.00646
29	0.01075	0.01124	0.02176	0.03691	0.02074	0.02846	0.42995	0.01385	0.01187	0.01589	0.01751	0.29295	0.01797	0.00920	0.00693	0.00198	0.03280	0.00947	0.00355	0.00622
30	0.01011	0.00910	0.01494	0.69180	0.03343	0.01121	0.01362	0.01341	0.01071	0.01404	0.01071	0.01643	0.00858	0.06504	0.00701	0.00204	0.00685	0.00509	0.05008	0.00580
31	0.01919	0.01451	0.01550	0.01223	0.01632	0.01619	0.00999	0.60005	0.18430	0.03188	0.01504	0.01465	0.01085	0.00673	0.00547	0.00168	0.00564	0.00518	0.00547	0.00913
32	0.00947	0.00473	0.00710	0.00710	0.00710	0.00473	0.00473	0.00710	0.00710	0.00947	0.00947	0.01657	0.00947	0.01894	0.02131	0.84138	0.00473	0.00473	0.00237	0.00237
33	0.00701	0.00497	0.00657	0.00771	0.00810	0.00472	0.00531	0.00805	0.01043	0.01386	0.02864	0.64395	0.03392	0.09509	0.00908	0.00255	0.00358	0.09718	0.00488	0.00438
34	0.00779	0.00584	0.00876	0.00876	0.00974	0.00681	0.00681	0.00974	0.00876	0.01266	0.01460	0.02142	0.01363	0.04089	0.78680	0.00876	0.01460	0.00584	0.00292	0.00487
35	0.01030	0.00969	0.01635	0.79530	0.03755	0.01211	0.01514	0.01393	0.01090	0.01393	0.00969	0.01453	0.00727	0.00545	0.00545	0.00182	0.00727	0.00484	0.00242	0.00606
36	0.00674	0.00570	0.00584	0.00578	0.00761	0.00490	0.00434	0.00860	0.03409	0.01546	0.10502	0.05072	0.69959	0.01344	0.00642	0.00183	0.00279	0.01124	0.00514	0.00476
37	0.01338	0.01284	0.02192	0.06094	0.74782	0.01292	0.01667	0.01663	0.01236	0.01767	0.01023	0.01353	0.00859	0.00488	0.00540	0.00163	0.00651	0.00486	0.00269	0.00854
38	0.01130	0.00969	0.01130	0.00807	0.01292	0.00727	0.00646	0.01373	0.01130	0.01776	0.00969	0.01130	0.00807	0.00404	0.00404	0.00081	0.00404	0.00323	0.00323	0.84173
39	0.02072	0.01527	0.01636	0.01254	0.01691	0.01691	0.01036	0.75622	0.02563	0.03436	0.01309	0.01309	0.00927	0.00654	0.00545	0.00164	0.00600	0.00491	0.00545	0.00927
40	0.00892	0.00584	0.00767	0.00706	0.00856	0.00535	0.00535	0.01146	0.01544	0.07616	0.71767	0.03913	0.04872	0.01083	0.00636	0.00171	0.00272	0.00955	0.00605	0.00544
41	0.01412	0.01159	0.01234	0.01102	0.01416	0.01328	0.00860	0.02885	0.72626	0.06142	0.02215	0.02025	0.01648	0.00736	0.00554	0.00184	0.00433	0.00613	0.00561	0.00866
42	0.01193	0.01193	0.01670	0.01431	0.01431	0.01670	0.01193	0.01312	0.00835	0.01312	0.00716	0.01193	0.00716	0.00954	0.01789	0.00239	0.79843	0.00477	0.00239	0.00596
43	0.01120	0.05714	0.71017	0.01601	0.04474	0.01304	0.03915	0.01722	0.01156	0.01712	0.00975	0.01155	0.00700	0.00514	0.00516	0.00171	0.00796	0.00407	0.00233	0.00801
44	0.01130	0.00969	0.01130	0.00807	0.01292	0.00727	0.00646	0.01373	0.01130	0.01776	0.00969	0.01130	0.00807	0.00404	0.00404	0.00081	0.00404	0.00323	0.00323	0.84173
45	0.00793	0.00529	0.00595	0.00595	0.00595	0.00529	0.00330	0.00793	0.00793	0.01057	0.01718	0.03568	0.01982	0.80840	0.02775	0.00529	0.00529	0.00793	0.00330	0.00330
46	0.01192	0.01147	0.01895	0.14012	0.32890	0.01292	0.07238	0.01447	0.01092	0.01543	0.01183	0.01566	0.04722	0.00792	0.02686	0.03599	0.20209	0.00532	0.00270	0.00694
47	0.01210	0.00982	0.01214	0.02510	0.01398	0.00762	0.03008	0.01460	0.01160	0.06226	0.01042	0.01190	0.00838	0.00424	0.00423	0.00091	0.00430	0.00350	0.00340	0.74941
48	0.01008	0.00940	0.01577	0.74929	0.03582	0.01166	0.01455	0.01356	0.01087	0.01393	0.01088	0.06070	0.00895	0.00613	0.00554	0.00184	0.00703	0.00547	0.00258	0.00596

[dist]
# distance from previous block
# <min> <max>
2	3

[block]
# block no. 2 follows, 44 sequences, length 12
# corresponding to MSA columns:
# 135-146
name=unknown_C
#
# <colnr> <probs for GDERKNQSTAVLIFYWHMCP>
#	G	D	E	R	K	N	Q	S	T	A	V	L	I	F	Y	W	H	M	C	P
0	0.01474	0.01654	0.01655	0.01513	0.05095	0.26625	0.01170	0.01610	0.01084	0.01341	0.00771	0.01132	0.00718	0.00805	0.01309	0.00203	0.50529	0.00437	0.00254	0.00621
1	0.17685	0.06443	0.19199	0.13524	0.10490	0.01180	0.01224	0.01614	0.02583	0.05694	0.02331	0.01276	0.00851	0.00586	0.00544	0.03945	0.00594	0.00413	0.00304	0.09522
2	0.01200	0.01142	0.01906	0.32255	0.40473	0.01275	0.01547	0.01519	0.01149	0.01588	0.01033	0.01519	0.00866	0.00579	0.00655	0.00179	0.07454	0.02667	0.00264	0.00731
3	0.00661	0.00488	0.00619	0.00723	0.00781	0.00446	0.00490	0.00763	0.01078	0.01406	0.03440	0.67489	0.16320	0.01651	0.00687	0.00215	0.00309	0.01481	0.00506	0.00446
4	0.00736	0.00539	0.00677	0.00674	0.00782	0.00495	0.00485	0.00927	0.01352	0.01855	0.47914	0.18130	0.14481	0.07505	0.00820	0.00210	0.00292	0.01096	0.00549	0.00480
5	0.21675	0.01344	0.01388	0.01094	0.01501	0.01480	0.00901	0.48434	0.04484	0.10572	0.01292	0.01287	0.00913	0.00624	0.00497	0.00166	0.00539	0.00454	0.00509	0.00845
6	0.01162	0.17542	0.63893	0.01437	0.02179	0.01434	0.01811	0.01709	0.01143	0.01643	0.00937	0.01099	0.00692	0.00508	0.00486	0.00162	0.00764	0.00382	0.00231	0.00786
7	0.00793	0.00529	0.00595	0.00595	0.00595	0.00529	0.00330	0.00793	0.00793	0.01057	0.01718	0.03568	0.01982	0.80840	0.02775	0.00529	0.00529	0.00793	0.00330	0.00330
8	0.01674	0.37644	0.02141	0.01181	0.01524	0.31420	0.01007	0.04734	0.03399	0.01417	0.00848	0.00997	0.00738	0.00567	0.00562	0.00142	0.08702	0.00350	0.00273	0.00677
9	0.03785	0.16202	0.03931	0.15444	0.08501	0.06945	0.25189	0.05078	0.01297	0.06977	0.01061	0.01309	0.00811	0.00512	0.00530	0.00164	0.00743	0.00488	0.00303	0.00728
10	0.01798	0.04026	0.01509	0.05061	0.01646	0.01431	0.00958	0.46057	0.09784	0.08611	0.04416	0.03690	0.01247	0.00682	0.00538	0.00161	0.00543	0.00538	0.00516	0.06789
11	0.01796	0.04856	0.01510	0.06845	0.01741	0.44698	0.01021	0.04718	0.20180	0.05473	0.01272	0.01329	0.00983	0.00610	0.00511	0.00156	0.00774	0.00439	0.00373	0.00715

[dist]
# distance from previous block
# <min> <max>
1	3

[block]
# block no. 3 follows, 44 sequences, length 16
# corresponding to MSA columns:
# 150-165
name=unknown_D
#
# <colnr> <probs for GDERKNQSTAVLIFYWHMCP>
#	G	D	E	R	K	N	Q	S	T	A	V	L	I	F	Y	W	H	M	C	P
0	0.01623	0.01151	0.01422	0.08772	0.08228	0.01233	0.00984	0.34486	0.04350	0.10669	0.15969	0.02004	0.01813	0.02459	0.02201	0.00190	0.00546	0.00603	0.00507	0.00788
1	0.01886	0.00942	0.01163	0.00959	0.01300	0.00915	0.00764	0.04206	0.20667	0.44710	0.03968	0.04973	0.05747	0.04409	0.00663	0.00192	0.00442	0.00653	0.00609	0.00833
2	0.01544	0.01565	0.01319	0.01191	0.01492	0.22699	0.00916	0.02698	0.55771	0.02019	0.01839	0.01744	0.01399	0.00691	0.00537	0.00173	0.00584	0.00543	0.00479	0.00799
3	0.01130	0.00969	0.01130	0.00807	0.01292	0.00727	0.00646	0.01373	0.01130	0.01776	0.00969	0.01130	0.00807	0.00404	0.00404	0.00081	0.00404	0.00323	0.00323	0.84173
4	0.01449	0.01267	0.01282	0.01135	0.01454	0.04889	0.00887	0.09187	0.66634	0.02338	0.02077	0.01923	0.01557	0.00724	0.00551	0.00181	0.00471	0.00593	0.00542	0.00858
5	0.01264	0.01427	0.03079	0.09013	0.02928	0.01364	0.69030	0.01716	0.01270	0.01716	0.01091	0.01469	0.00818	0.00467	0.00635	0.00184	0.00902	0.00630	0.00273	0.00724
6	0.00663	0.00479	0.00628	0.00748	0.00788	0.00444	0.00501	0.00760	0.01055	0.01396	0.03142	0.76382	0.07620	0.01690	0.00693	0.00219	0.00314	0.01528	0.00506	0.00444
7	0.01030	0.00969	0.01635	0.79530	0.03755	0.01211	0.01514	0.01393	0.01090	0.01393	0.00969	0.01453	0.00727	0.00545	0.00545	0.00182	0.00727	0.00484	0.00242	0.00606
8	0.00947	0.00473	0.00710	0.00710	0.00710	0.00473	0.00473	0.00710	0.00710	0.00947	0.00947	0.01657	0.00947	0.01894	0.02131	0.84138	0.00473	0.00473	0.00237	0.00237
9	0.01230	0.01139	0.01886	0.28076	0.43834	0.01224	0.01528	0.04249	0.01241	0.01701	0.01179	0.01799	0.01019	0.00600	0.00560	0.00176	0.00659	0.06857	0.00291	0.00750
10	0.01130	0.00969	0.01130	0.00807	0.01292	0.00727	0.00646	0.01373	0.01130	0.01776	0.00969	0.01130	0.00807	0.00404	0.00404	0.00081	0.00404	0.00323	0.00323	0.84173
11	0.01393	0.00947	0.07524	0.05059	0.01356	0.00770	0.00826	0.01745	0.05902	0.25644	0.29847	0.04361	0.02778	0.00861	0.00584	0.00171	0.00423	0.03684	0.00548	0.05578
12	0.01353	0.56837	0.23679	0.01184	0.04145	0.01882	0.01257	0.01660	0.01124	0.01422	0.00828	0.00967	0.00702	0.00481	0.00403	0.00134	0.00647	0.00329	0.00234	0.00734
13	0.00904	0.00606	0.00711	0.00665	0.00835	0.00545	0.00494	0.02758	0.01356	0.08857	0.29298	0.06929	0.33756	0.08853	0.00839	0.00212	0.00320	0.01002	0.00538	0.00520
14	0.01199	0.05203	0.01227	0.00820	0.01302	0.00805	0.00667	0.01436	0.01146	0.04698	0.01004	0.01145	0.00823	0.00418	0.00406	0.00086	0.00416	0.00330	0.00332	0.76537
15	0.01265	0.39192	0.23829	0.01282	0.05685	0.01633	0.03220	0.01581	0.01115	0.01482	0.00986	0.05735	0.00888	0.00578	0.00516	0.00147	0.04875	0.00429	0.00257	0.05306

[dist]
# distance from previous block
# <min> <max>
0	2

[block]
# block no. 4 follows, 44 sequences, length 131
# corresponding to MSA columns:
# 168-298
name=unknown_E
#
# <colnr> <probs for GDERKNQSTAVLIFYWHMCP>
#	G	D	E	R	K	N	Q	S	T	A	V	L	I	F	Y	W	H	M	C	P
0	0.01756	0.03383	0.03885	0.02946	0.01602	0.01395	0.00970	0.38732	0.17022	0.09792	0.01584	0.03586	0.01199	0.00685	0.00538	0.00164	0.00537	0.01973	0.00514	0.07736
1	0.01183	0.04468	0.05007	0.00948	0.01450	0.00856	0.05526	0.01454	0.01151	0.03515	0.00997	0.01159	0.00811	0.00422	0.00426	0.00095	0.00465	0.00351	0.00320	0.69398
2	0.01205	0.01030	0.01150	0.01136	0.05214	0.01154	0.00822	0.02370	0.55981	0.02081	0.04166	0.13706	0.05805	0.00909	0.00581	0.00189	0.00414	0.00782	0.00531	0.00773
3	0.01458	0.81168	0.02857	0.00933	0.01399	0.02157	0.00933	0.01632	0.01108	0.01283	0.00758	0.00875	0.00700	0.00466	0.00350	0.00117	0.00583	0.00292	0.00233	0.00700
4	0.00793	0.00529	0.00595	0.00595	0.00595	0.00529	0.00330	0.00793	0.00793	0.01057	0.01718	0.03568	0.01982	0.80840	0.02775	0.00529	0.00529	0.00793	0.00330	0.00330
5	0.00691	0.00554	0.00617	0.00601	0.00765	0.00480	0.00451	0.00872	0.01352	0.01733	0.31688	0.04818	0.50891	0.01283	0.00644	0.00179	0.00269	0.01090	0.00541	0.00480
6	0.01474	0.75520	0.04253	0.00979	0.01453	0.02084	0.02772	0.01665	0.01125	0.03408	0.00809	0.00921	0.00720	0.00473	0.00366	0.00121	0.00592	0.00309	0.00246	0.00709
7	0.84691	0.01054	0.00801	0.00717	0.01054	0.01223	0.00590	0.01603	0.00928	0.02446	0.00759	0.00886	0.00590	0.00506	0.00337	0.00169	0.00422	0.00295	0.00337	0.00590
8	0.00664	0.00477	0.00630	0.00753	0.00789	0.00443	0.00503	0.00760	0.01050	0.01394	0.03081	0.78198	0.05843	0.01698	0.00694	0.00220	0.00315	0.01538	0.00506	0.00443
9	0.00896	0.00682	0.00973	0.00919	0.01039	0.00774	0.02597	0.06520	0.01007	0.01421	0.01493	0.04352	0.01432	0.12029	0.58622	0.00735	0.03055	0.00626	0.00319	0.00510
10	0.01379	0.01182	0.01245	0.01114	0.01426	0.01367	0.00868	0.05197	0.74118	0.02317	0.02190	0.02011	0.01641	0.00737	0.00554	0.00184	0.00437	0.00612	0.00554	0.00865
11	0.00717	0.00559	0.00654	0.00641	0.00796	0.00495	0.00488	0.00918	0.01384	0.01816	0.38909	0.04749	0.39181	0.01263	0.00650	0.00182	0.00280	0.05278	0.00550	0.00488
12	0.01016	0.00508	0.00508	0.00508	0.00635	0.00508	0.00381	0.01270	0.01143	0.02033	0.01778	0.02033	0.01397	0.00635	0.00381	0.00127	0.00254	0.00508	0.83867	0.00508
13	0.84691	0.01054	0.00801	0.00717	0.01054	0.01223	0.00590	0.01603	0.00928	0.02446	0.00759	0.00886	0.00590	0.00506	0.00337	0.00169	0.00422	0.00295	0.00337	0.00590
14	0.02418	0.00972	0.01293	0.00991	0.01414	0.00867	0.00819	0.08076	0.01635	0.72293	0.02088	0.01815	0.01318	0.00673	0.00548	0.00168	0.00474	0.00544	0.00665	0.00928
15	0.84691	0.01054	0.00801	0.00717	0.01054	0.01223	0.00590	0.01603	0.00928	0.02446	0.00759	0.00886	0.00590	0.00506	0.00337	0.00169	0.00422	0.00295	0.00337	0.00590
16	0.02072	0.01527	0.01636	0.01254	0.01691	0.01691	0.01036	0.75622	0.02563	0.03436	0.01309	0.01309	0.00927	0.00654	0.00545	0.00164	0.00600	0.00491	0.00545	0.00927
17	0.02037	0.01480	0.01597	0.01229	0.01654	0.01630	0.01013	0.71409	0.02506	0.05105	0.03905	0.01415	0.01080	0.00671	0.00549	0.00164	0.00585	0.00509	0.00550	0.00913
18	0.00794	0.00540	0.00654	0.00654	0.00677	0.00561	0.00407	0.00842	0.00818	0.01122	0.01663	0.03228	0.01836	0.62618	0.19103	0.00595	0.00724	0.00742	0.02053	0.00368
19	0.00680	0.00488	0.00649	0.00772	0.00815	0.00457	0.00532	0.00787	0.01064	0.01411	0.03056	0.73158	0.05338	0.01685	0.00699	0.00223	0.00329	0.06904	0.00506	0.00448
20	0.01030	0.00969	0.01635	0.79530	0.03755	0.01211	0.01514	0.01393	0.01090	0.01393	0.00969	0.01453	0.00727	0.00545	0.00545	0.00182	0.00727	0.00484	0.00242	0.00606
21	0.01193	0.01193	0.01670	0.01431	0.01431	0.01670	0.01193	0.01312	0.00835	0.01312	0.00716	0.01193	0.00716	0.00954	0.01789	0.00239	0.79843	0.00477	0.00239	0.00596
22	0.84691	0.01054	0.00801	0.00717	0.01054	0.01223	0.00590	0.01603	0.00928	0.02446	0.00759	0.00886	0.00590	0.00506	0.00337	0.00169	0.00422	0.00295	0.00337	0.00590
23	0.00787	0.00552	0.00714	0.00714	0.00755	0.00593	0.00479	0.00869	0.00828	0.01145	0.01609	0.02964	0.01720	0.48329	0.34927	0.00676	0.00923	0.00704	0.00314	0.00397
24	0.02446	0.00928	0.01265	0.00970	0.01392	0.00801	0.00801	0.02657	0.01560	0.77817	0.02151	0.01856	0.01350	0.00675	0.00548	0.00169	0.00464	0.00548	0.00675	0.00928
25	0.00657	0.00553	0.00570	0.00566	0.00744	0.00466	0.00424	0.00807	0.01273	0.01545	0.12726	0.05129	0.69970	0.01354	0.00644	0.00183	0.00274	0.01134	0.00516	0.00466
26	0.01193	0.01193	0.01670	0.01431	0.01431	0.01670	0.01193	0.01312	0.00835	0.01312	0.00716	0.01193	0.00716	0.00954	0.01789	0.00239	0.79843	0.00477	0.00239	0.00596
27	0.00879	0.00628	0.00879	0.01004	0.01130	0.00628	0.00879	0.01130	0.01255	0.01632	0.02887	0.06150	0.03138	0.01506	0.00753	0.00251	0.00502	0.73770	0.00502	0.00502
28	0.00779	0.00584	0.00876	0.00876	0.00974	0.00681	0.00681	0.00974	0.00876	0.01266	0.01460	0.02142	0.01363	0.04089	0.78680	0.00876	0.01460	0.00584	0.00292	0.00487
29	0.01803	0.01045	0.01231	0.01029	0.01378	0.01084	0.00822	0.06366	0.36365	0.33619	0.07456	0.02068	0.01743	0.00735	0.00558	0.00176	0.00441	0.00608	0.00607	0.00868
30	0.02446	0.00928	0.01265	0.00970	0.01392	0.00801	0.00801	0.02657	0.01560	0.77817	0.02151	0.01856	0.01350	0.00675	0.00548	0.00169	0.00464	0.00548	0.00675	0.00928
31	0.02021	0.02567	0.01538	0.01398	0.01679	0.76940	0.01049	0.02193	0.03203	0.01355	0.00873	0.01006	0.00724	0.00566	0.00493	0.00141	0.00971	0.00357	0.00287	0.00637
32	0.01320	0.01262	0.02123	0.04804	0.71508	0.01269	0.01609	0.01671	0.03172	0.01776	0.01197	0.01492	0.03296	0.00522	0.00544	0.00164	0.00632	0.00510	0.00284	0.00845
33	0.09989	0.01472	0.01545	0.01199	0.01622	0.01637	0.00989	0.66572	0.04378	0.03310	0.01280	0.01288	0.00914	0.00642	0.00526	0.00165	0.00578	0.00475	0.00526	0.00893
34	0.00879	0.00628	0.00879	0.01004	0.01130	0.00628	0.00879	0.01130	0.01255	0.01632	0.02887	0.06150	0.03138	0.01506	0.00753	0.00251	0.00502	0.73770	0.00502	0.00502
35	0.02979	0.40381	0.26567	0.01427	0.10840	0.01688	0.01360	0.03426	0.01174	0.01571	0.00946	0.01210	0.00803	0.00526	0.00444	0.00147	0.00656	0.02852	0.00255	0.00750
36	0.19441	0.11825	0.01556	0.01189	0.01517	0.46506	0.00939	0.08087	0.01445	0.01737	0.00853	0.00976	0.00697	0.00546	0.00446	0.00145	0.00784	0.00344	0.00309	0.00656
37	0.01305	0.00798	0.00844	0.02644	0.01000	0.00848	0.00588	0.21590	0.01530	0.02400	0.01630	0.01821	0.01252	0.00638	0.00430	0.00138	0.00360	0.00503	0.59054	0.00625
38	0.02419	0.00934	0.01264	0.00973	0.01392	0.00815	0.00803	0.02663	0.03429	0.75932	0.02153	0.01860	0.01357	0.00676	0.00548	0.00169	0.00463	0.00550	0.00672	0.00926
39	0.00783	0.00524	0.00598	0.00608	0.00610	0.00522	0.00344	0.00790	0.00813	0.01083	0.01819	0.09620	0.02110	0.74614	0.02611	0.00504	0.00512	0.00852	0.00344	0.00339
40	0.01016	0.00508	0.00508	0.00508	0.00635	0.00508	0.00381	0.01270	0.01143	0.02033	0.01778	0.02033	0.01397	0.00635	0.00381	0.00127	0.00254	0.00508	0.83867	0.00508
41	0.02038	0.02545	0.01550	0.01397	0.01686	0.74792	0.01053	0.05860	0.01596	0.01440	0.00866	0.00999	0.00714	0.00566	0.00494	0.00142	0.00964	0.00358	0.00294	0.00647
42	0.02446	0.00928	0.01265	0.00970	0.01392	0.00801	0.00801	0.02657	0.01560	0.77817	0.02151	0.01856	0.01350	0.00675	0.00548	0.00169	0.00464	0.00548	0.00675	0.00928
43	0.01458	0.81168	0.02857	0.00933	0.01399	0.02157	0.00933	0.01632	0.01108	0.01283	0.00758	0.00875	0.00700	0.00466	0.00350	0.00117	0.00583	0.00292	0.00233	0.00700
44	0.84691	0.01054	0.00801	0.00717	0.01054	0.01223	0.00590	0.01603	0.00928	0.02446	0.00759	0.00886	0.00590	0.00506	0.00337	0.00169	0.00422	0.00295	0.00337	0.00590
45	0.01458	0.81168	0.02857	0.00933	0.01399	0.02157	0.00933	0.01632	0.01108	0.01283	0.00758	0.00875	0.00700	0.00466	0.00350	0.00117	0.00583	0.00292	0.00233	0.00700
46	0.00790	0.00527	0.00596	0.00599	0.00599	0.00526	0.00335	0.00792	0.00799	0.01065	0.01750	0.05477	0.02022	0.78876	0.02723	0.00521	0.00523	0.00812	0.00335	0.00333
47	0.00664	0.00474	0.00633	0.00759	0.00791	0.00443	0.00506	0.00759	0.01044	0.01392	0.03005	0.80485	0.03606	0.01708	0.00696	0.00221	0.00316	0.01550	0.00506	0.00443
48	0.00672	0.00546	0.00586	0.00588	0.00744	0.00470	0.00431	0.00817	0.01249	0.01549	0.15484	0.10325	0.57777	0.05407	0.00756	0.00202	0.00289	0.01137	0.00511	0.00460
49	0.00772	0.00557	0.00729	0.00686	0.00814	0.00514	0.00514	0.01029	0.01543	0.02186	0.77152	0.04072	0.05144	0.01115	0.00643	0.00171	0.00257	0.00986	0.00600	0.00514
50	0.01130	0.00969	0.01130	0.00807	0.01292	0.00727	0.00646	0.01373	0.01130	0.01776	0.00969	0.01130	0.00807	0.00404	0.00404	0.00081	0.00404	0.00323	0.00323	0.84173
51	0.01287	0.01471	0.03217	0.02298	0.02849	0.01379	0.75460	0.01746	0.01287	0.01746	0.01103	0.01471	0.00827	0.00460	0.00643	0.00184	0.00919	0.00643	0.00276	0.00735
52	0.01335	0.01477	0.11207	0.02264	0.26346	0.01285	0.26445	0.01915	0.12675	0.05506	0.01330	0.03431	0.01043	0.00558	0.00579	0.00176	0.00708	0.00578	0.00336	0.00806
53	0.84691	0.01054	0.00801	0.00717	0.01054	0.01223	0.00590	0.01603	0.00928	0.02446	0.00759	0.00886	0.00590	0.00506	0.00337	0.00169	0.00422	0.00295	0.00337	0.00590
54	0.01107	0.01036	0.01729	0.65221	0.15654	0.01237	0.01528	0.03291	0.01151	0.01507	0.00987	0.01433	0.00754	0.00538	0.00544	0.00178	0.00711	0.00485	0.00254	0.00655
55	0.00667	0.00477	0.00635	0.00757	0.00791	0.00445	0.00506	0.00766	0.01056	0.01412	0.04871	0.78562	0.03644	0.01693	0.00695	0.00220	0.00315	0.01536	0.00508	0.00445
56	0.00923	0.00537	0.00754	0.02650	0.00848	0.00542	0.00530	0.04135	0.00913	0.01221	0.04062	0.20575	0.01742	0.03551	0.01643	0.53510	0.00442	0.00756	0.00330	0.00338
57	0.00649	0.00550	0.00560	0.00562	0.00740	0.00461	0.00420	0.00790	0.01247	0.01493	0.07723	0.07162	0.73028	0.01381	0.00646	0.00185	0.00277	0.01156	0.00509	0.00461
58	0.01379	0.01319	0.08609	0.01146	0.01507	0.01323	0.00971	0.02774	0.65923	0.05554	0.02097	0.01941	0.01557	0.00715	0.00551	0.00183	0.00469	0.00593	0.00529	0.00860
59	0.01356	0.01171	0.01233	0.01109	0.01418	0.01356	0.00863	0.02897	0.76455	0.02281	0.02219	0.02034	0.01664	0.00740	0.00555	0.00185	0.00431	0.00616	0.00555	0.00863
60	0.01093	0.02820	0.78016	0.01554	0.02360	0.01266	0.02014	0.01727	0.01151	0.01727	0.00978	0.01151	0.00691	0.00518	0.00518	0.00173	0.00806	0.00403	0.00230	0.00806
61	0.01016	0.00508	0.00508	0.00508	0.00635	0.00508	0.00381	0.01270	0.01143	0.02033	0.01778	0.02033	0.01397	0.00635	0.00381	0.00127	0.00254	0.00508	0.83867	0.00508
62	0.84691	0.01054	0.00801	0.00717	0.01054	0.01223	0.00590	0.01603	0.00928	0.02446	0.00759	0.00886	0.00590	0.00506	0.00337	0.00169	0.00422	0.00295	0.00337	0.00590
63	0.01158	0.01093	0.01850	0.45131	0.34356	0.01226	0.01559	0.01501	0.01159	0.01563	0.01058	0.01570	0.00866	0.00553	0.00550	0.00176	0.00686	0.02975	0.00263	0.00710
64	0.00678	0.00484	0.00649	0.00775	0.00813	0.00455	0.00530	0.00783	0.01058	0.01407	0.02997	0.75618	0.03575	0.01695	0.00700	0.00223	0.00328	0.06278	0.00506	0.00447
65	0.01116	0.01284	0.07315	0.01850	0.07723	0.02981	0.41233	0.01466	0.01221	0.01652	0.03422	0.22834	0.01672	0.00821	0.00638	0.00190	0.00714	0.00862	0.00342	0.00663
66	0.00758	0.00557	0.00710	0.00672	0.00806	0.00509	0.00504	0.01003	0.01512	0.02112	0.69717	0.04194	0.12625	0.01142	0.00643	0.00173	0.00259	0.01003	0.00590	0.00509
67	0.01775	0.01298	0.01391	0.01090	0.01475	0.01400	0.00889	0.53827	0.05740	0.02995	0.01529	0.01557	0.03606	0.00660	0.00516	0.00154	0.00520	0.00508	0.11408	0.07662
68	0.01130	0.00969	0.01130	0.00807	0.01292	0.00727	0.00646	0.01373	0.01130	0.01776	0.00969	0.01130	0.00807	0.00404	0.00404	0.00081	0.00404	0.00323	0.00323	0.84173
69	0.84691	0.01054	0.00801	0.00717	0.01054	0.01223	0.00590	0.01603	0.00928	0.02446	0.00759	0.00886	0.00590	0.00506	0.00337	0.00169	0.00422	0.00295	0.00337	0.00590
70	0.01102	0.04717	0.76196	0.01539	0.02336	0.01288	0.01988	0.01724	0.01150	0.01716	0.00973	0.01144	0.00691	0.00517	0.00514	0.00171	0.00800	0.00400	0.00230	0.00803
71	0.00713	0.00565	0.00599	0.00588	0.00771	0.00479	0.00446	0.00869	0.01286	0.03657	0.13575	0.05037	0.65415	0.01333	0.00644	0.00184	0.00284	0.02555	0.00522	0.00480
72	0.01327	0.00691	0.00902	0.00778	0.01011	0.00621	0.00608	0.01584	0.02948	0.27145	0.45462	0.03390	0.09321	0.00982	0.00610	0.00172	0.00330	0.00847	0.00617	0.00654
73	0.00729	0.00556	0.00670	0.00641	0.00789	0.00496	0.00481	0.00947	0.01443	0.01949	0.53335	0.04463	0.29109	0.01203	0.00643	0.00176	0.00263	0.01041	0.00569	0.00496
74	0.00664	0.00505	0.00611	0.00685	0.00774	0.00453	0.00476	0.00782	0.01139	0.01464	0.08012	0.50855	0.28488	0.01564	0.00676	0.00206	0.00299	0.01384	0.00511	0.00453
75	0.01130	0.00969	0.01130	0.00807	0.01292	0.00727	0.00646	0.01373	0.01130	0.01776	0.00969	0.01130	0.00807	0.00404	0.00404	0.00081	0.00404	0.00323	0.00323	0.84173
76	0.01285	0.01465	0.03184	0.02279	0.02819	0.01385	0.73887	0.01737	0.01277	0.01737	0.01095	0.01465	0.00825	0.00470	0.00668	0.00185	0.02590	0.00640	0.00275	0.00732
77	0.84691	0.01054	0.00801	0.00717	0.01054	0.01223	0.00590	0.01603	0.00928	0.02446	0.00759	0.00886	0.00590	0.00506	0.00337	0.00169	0.00422	0.00295	0.00337	0.00590
78	0.00789	0.00530	0.00607	0.00610	0.00615	0.00533	0.00349	0.00799	0.00802	0.01074	0.01738	0.05370	0.01996	0.75741	0.05874	0.00536	0.00562	0.00802	0.00333	0.00340
79	0.01030	0.00969	0.01635	0.79530	0.03755	0.01211	0.01514	0.01393	0.01090	0.01393	0.00969	0.01453	0.00727	0.00545	0.00545	0.00182	0.00727	0.00484	0.00242	0.00606
80	0.00793	0.00529	0.00595	0.00595	0.00595	0.00529	0.00330	0.00793	0.00793	0.01057	0.01718	0.03568	0.01982	0.80840	0.02775	0.00529	0.00529	0.00793	0.00330	0.00330
81	0.02112	0.02827	0.01377	0.01048	0.01442	0.02992	0.00861	0.27609	0.01894	0.40821	0.09622	0.01857	0.01570	0.00707	0.00552	0.00165	0.00504	0.00564	0.00604	0.00872
82	0.00748	0.00556	0.00696	0.00661	0.00800	0.00504	0.00496	0.00983	0.01487	0.02052	0.63712	0.04293	0.18668	0.01164	0.00643	0.00174	0.00261	0.01017	0.00583	0.00504
83	0.04120	0.53898	0.04966	0.01048	0.01479	0.14688	0.00978	0.06935	0.01283	0.03100	0.00864	0.00983	0.00741	0.00586	0.02202	0.00146	0.00671	0.00331	0.00277	0.00705
84	0.00664	0.00474	0.00633	0.00759	0.00791	0.00443	0.00506	0.00759	0.01044	0.01392	0.03005	0.80485	0.03606	0.01708	0.00696	0.00221	0.00316	0.01550	0.00506	0.00443
85	0.01118	0.00955	0.01117	0.00806	0.01278	0.00719	0.00642	0.01356	0.01128	0.01766	0.01025	0.03299	0.00884	0.00439	0.00412	0.00085	0.00401	0.00357	0.00328	0.81885
86	0.01458	0.81168	0.02857	0.00933	0.01399	0.02157	0.00933	0.01632	0.01108	0.01283	0.00758	0.00875	0.00700	0.00466	0.00350	0.00117	0.00583	0.00292	0.00233	0.00700
87	0.82433	0.01067	0.00824	0.00732	0.01072	0.01236	0.00603	0.03625	0.00972	0.02473	0.00774	0.00897	0.00600	0.00510	0.00343	0.00169	0.00427	0.00301	0.00343	0.00600
88	0.01179	0.00999	0.01237	0.01055	0.08608	0.00783	0.00748	0.01429	0.01150	0.03384	0.00999	0.01167	0.00824	0.00417	0.00420	0.00090	0.00428	0.00343	0.00325	0.74412
89	0.02072	0.01527	0.01636	0.01254	0.01691	0.01691	0.01036	0.75622	0.02563	0.03436	0.01309	0.01309	0.00927	0.00654	0.00545	0.00164	0.00600	0.00491	0.00545	0.00927
90	0.01022	0.00954	0.01600	0.76848	0.03647	0.01188	0.01474	0.01373	0.01080	0.01382	0.00994	0.01525	0.00769	0.03273	0.00621	0.00193	0.00720	0.00495	0.00245	0.00596
91	0.84691	0.01054	0.00801	0.00717	0.01054	0.01223	0.00590	0.01603	0.00928	0.02446	0.00759	0.00886	0.00590	0.00506	0.00337	0.00169	0.00422	0.00295	0.00337	0.00590
92	0.00779	0.00584	0.00876	0.00876	0.00974	0.00681	0.00681	0.00974	0.00876	0.01266	0.01460	0.02142	0.01363	0.04089	0.78680	0.00876	0.01460	0.00584	0.00292	0.00487
93	0.00763	0.00555	0.00718	0.00682	0.00810	0.00510	0.00510	0.01011	0.01517	0.02134	0.72083	0.06087	0.08289	0.01142	0.00644	0.00173	0.00260	0.01008	0.00594	0.00510
94	0.02391	0.01016	0.01320	0.01012	0.01436	0.00932	0.00836	0.13351	0.01707	0.66916	0.02027	0.01775	0.01288	0.00672	0.00548	0.00168	0.00484	0.00540	0.00656	0.00928
95	0.01093	0.02820	0.78016	0.01554	0.02360	0.01266	0.02014	0.01727	0.01151	0.01727	0.00978	0.01151	0.00691	0.00518	0.00518	0.00173	0.00806	0.00403	0.00230	0.00806
96	0.00707	0.00579	0.00626	0.00610	0.00785	0.00511	0.00459	0.00934	0.04441	0.01691	0.23905	0.04810	0.55449	0.01285	0.00640	0.00181	0.00278	0.01086	0.00533	0.00491
97	0.00791	0.00534	0.00622	0.00622	0.00631	0.00543	0.00364	0.00810	0.00801	0.01077	0.01693	0.03431	0.01923	0.73468	0.10065	0.00562	0.00618	0.00773	0.00327	0.00345
98	0.84691	0.01054	0.00801	0.00717	0.01054	0.01223	0.00590	0.01603	0.00928	0.02446	0.00759	0.00886	0.00590	0.00506	0.00337	0.00169	0.00422	0.00295	0.00337	0.00590
99	0.01609	0.01150	0.03077	0.01078	0.01424	0.01217	0.00870	0.04717	0.53914	0.19464	0.02139	0.01953	0.01543	0.00715	0.00548	0.00179	0.00448	0.00590	0.02494	0.00870
100	0.01193	0.01193	0.01670	0.01431	0.01431	0.01670	0.01193	0.01312	0.00835	0.01312	0.00716	0.01193	0.00716	0.00954	0.01789	0.00239	0.79843	0.00477	0.00239	0.00596
101	0.00780	0.00523	0.00598	0.00611	0.00615	0.00520	0.00348	0.00789	0.00818	0.01091	0.01849	0.11434	0.02148	0.72748	0.02562	0.00497	0.00507	0.00870	0.00348	0.00342
102	0.01282	0.01501	0.04917	0.02281	0.02838	0.01376	0.73790	0.01746	0.01284	0.01746	0.01100	0.01463	0.00824	0.00461	0.00641	0.00184	0.00917	0.00638	0.00275	0.00737
103	0.00664	0.00474	0.00633	0.00759	0.00791	0.00443	0.00506	0.00759	0.01044	0.01392	0.03005	0.80485	0.03606	0.01708	0.00696	0.00221	0.00316	0.01550	0.00506	0.00443
104	0.01130	0.00969	0.01130	0.00807	0.01292	0.00727	0.00646	0.01373	0.01130	0.01776	0.00969	0.01130	0.00807	0.00404	0.00404	0.00081	0.00404	0.00323	0.00323	0.84173
105	0.01420	0.73004	0.10689	0.00998	0.01499	0.02064	0.01046	0.01642	0.01112	0.01329	0.00781	0.00903	0.00699	0.00472	0.00367	0.00122	0.00606	0.00303	0.00233	0.00711
106	0.00664	0.00474	0.00633	0.00759	0.00791	0.00443	0.00506	0.00759	0.01044	0.01392	0.03005	0.80485	0.03606	0.01708	0.00696	0.00221	0.00316	0.01550	0.00506	0.00443
107	0.84691	0.01054	0.00801	0.00717	0.01054	0.01223	0.00590	0.01603	0.00928	0.02446	0.00759	0.00886	0.00590	0.00506	0.00337	0.00169	0.00422	0.00295	0.00337	0.00590
108	0.01118	0.00956	0.01117	0.00806	0.01279	0.00719	0.00642	0.01356	0.01128	0.01766	0.01023	0.03248	0.00882	0.00439	0.00412	0.00085	0.00401	0.00356	0.00328	0.81939
109	0.00644	0.00552	0.00552	0.00552	0.00736	0.00460	0.00414	0.00782	0.01243	0.01473	0.05523	0.05247	0.77218	0.01381	0.00644	0.00184	0.00276	0.01151	0.00506	0.00460
110	0.84691	0.01054	0.00801	0.00717	0.01054	0.01223	0.00590	0.01603	0.00928	0.02446	0.00759	0.00886	0.00590	0.00506	0.00337	0.00169	0.00422	0.00295	0.00337	0.00590
111	0.02437	0.00943	0.01275	0.00977	0.01399	0.00824	0.00807	0.04511	0.01586	0.75927	0.02129	0.01842	0.01339	0.00674	0.00548	0.00169	0.00467	0.00547	0.00671	0.00928
112	0.02037	0.02598	0.01545	0.01404	0.01685	0.78652	0.01053	0.02177	0.01545	0.01334	0.00843	0.00983	0.00702	0.00562	0.00492	0.00140	0.00983	0.00351	0.00281	0.00632
113	0.84691	0.01054	0.00801	0.00717	0.01054	0.01223	0.00590	0.01603	0.00928	0.02446	0.00759	0.00886	0.00590	0.00506	0.00337	0.00169	0.00422	0.00295	0.00337	0.00590
114	0.00664	0.00474	0.00633	0.00759	0.00791	0.00443	0.00506	0.00759	0.01044	0.01392	0.03005	0.80485	0.03606	0.01708	0.00696	0.00221	0.00316	0.01550	0.00506	0.00443
115	0.02446	0.00928	0.01265	0.00970	0.01392	0.00801	0.00801	0.02657	0.01560	0.77817	0.02151	0.01856	0.01350	0.00675	0.00548	0.00169	0.00464	0.00548	0.00675	0.00928
116	0.04415	0.03288	0.01390	0.01033	0.01458	0.01071	0.00858	0.20800	0.01782	0.55245	0.01867	0.01668	0.01207	0.00660	0.00537	0.00166	0.00500	0.00520	0.00622	0.00913
117	0.01520	0.01047	0.01233	0.00906	0.01371	0.00888	0.00735	0.12955	0.01430	0.16209	0.01241	0.01293	0.00927	0.00493	0.00452	0.00110	0.00445	0.00391	0.00423	0.55933
118	0.01040	0.00979	0.01653	0.77121	0.06085	0.01214	0.01519	0.01402	0.01095	0.01405	0.00971	0.01450	0.00731	0.00543	0.00545	0.00181	0.00724	0.00485	0.00243	0.00614
119	0.01445	0.77279	0.02799	0.00957	0.01401	0.02133	0.00945	0.01617	0.01094	0.01284	0.00756	0.00890	0.00700	0.00490	0.00420	0.00123	0.04438	0.00301	0.00233	0.00695
120	0.00793	0.00529	0.00595	0.00595	0.00595	0.00529	0.00330	0.00793	0.00793	0.01057	0.01718	0.03568	0.01982	0.80840	0.02775	0.00529	0.00529	0.00793	0.00330	0.00330
121	0.00668	0.00478	0.00640	0.00763	0.00796	0.00450	0.00511	0.00766	0.01039	0.01388	0.02958	0.78103	0.03538	0.01780	0.03066	0.00241	0.00351	0.01520	0.00500	0.00444
122	0.01294	0.00773	0.00968	0.00826	0.01057	0.00744	0.00648	0.12284	0.01696	0.17375	0.51156	0.03228	0.03773	0.00960	0.00610	0.00170	0.00348	0.00827	0.00607	0.00657
123	0.01130	0.00969	0.01130	0.00807	0.01292	0.00727	0.00646	0.01373	0.01130	0.01776	0.00969	0.01130	0.00807	0.00404	0.00404	0.00081	0.00404	0.00323	0.00323	0.84173
124	0.01196	0.01014	0.01155	0.02757	0.04919	0.01132	0.00831	0.02316	0.51720	0.02180	0.17891	0.02608	0.04314	0.00839	0.00580	0.00183	0.00409	0.02650	0.00541	0.00765
125	0.02446	0.00928	0.01265	0.00970	0.01392	0.00801	0.00801	0.02657	0.01560	0.77817	0.02151	0.01856	0.01350	0.00675	0.00548	0.00169	0.00464	0.00548	0.00675	0.00928
126	0.00981	0.00510	0.00729	0.00717	0.00735	0.00515	0.00484	0.03103	0.00788	0.01071	0.01011	0.01710	0.00991	0.03855	0.02029	0.76035	0.00470	0.00484	0.03512	0.00272
127	0.00789	0.00543	0.00666	0.00666	0.00691	0.00567	0.00420	0.00839	0.00814	0.01110	0.01652	0.03205	0.01825	0.61314	0.22086	0.00617	0.00766	0.00740	0.00321	0.00370
128	0.02937	0.05159	0.72446	0.01514	0.02288	0.02923	0.01930	0.01730	0.01153	0.01720	0.00964	0.01133	0.00689	0.00517	0.00508	0.00170	0.00794	0.00396	0.00234	0.00794
129	0.01329	0.32839	0.26707	0.01488	0.02073	0.05537	0.19547	0.01718	0.01187	0.01540	0.00917	0.01114	0.00728	0.00486	0.00482	0.00152	0.00756	0.00416	0.00245	0.00739
130	0.22480	0.06949	0.07191	0.03213	0.10978	0.01185	0.00944	0.09956	0.02902	0.10755	0.04448	0.01642	0.05499	0.00637	0.00494	0.00163	0.01906	0.00488	0.07453	0.00714

[dist]
# distance from previous block
# <min> <max>
0	1

[block]
# block no. 5 follows, 44 sequences, length 34
# corresponding to MSA columns:
# 300,302-334
name=unknown_F
#
# <colnr> <probs for GDERKNQSTAVLIFYWHMCP>
