[name]
unknown

[dist]
# distance from previous block
# <min> <max>
6	170

[block]
# block no. 0 follows, 36 sequences, length 6
# corresponding to MSA columns:
# 187-192
name=unknown_A
#
# <colnr> <probs for GDERKNQSTAVLIFYWHMCP>
#	G	D	E	R	K	N	Q	S	T	A	V	L	I	F	Y	W	H	M	C	P
0	0.01106	0.00845	0.00996	0.00925	0.01149	0.00805	0.00689	0.11130	0.04131	0.02199	0.16646	0.31553	0.11730	0.01368	0.00702	0.00205	0.00407	0.01196	0.00579	0.11640
1	0.01966	0.01412	0.01637	0.11475	0.02034	0.01559	0.01118	0.42805	0.06611	0.08365	0.01722	0.05762	0.01388	0.08234	0.00878	0.00235	0.00658	0.00669	0.00562	0.00912
2	0.01542	0.00981	0.01281	0.01122	0.01331	0.01100	0.00886	0.08001	0.05536	0.17055	0.01786	0.02308	0.01501	0.11176	0.26483	0.00525	0.12623	0.00658	0.03375	0.00731
3	0.01235	0.00742	0.00968	0.00916	0.01070	0.00766	0.00679	0.05177	0.01268	0.11567	0.04596	0.12688	0.02163	0.17945	0.28450	0.00574	0.00919	0.00859	0.06806	0.00612
4	0.02380	0.01697	0.01782	0.01390	0.01869	0.05761	0.01138	0.55290	0.06508	0.13299	0.01654	0.01605	0.01157	0.00751	0.00621	0.00188	0.00678	0.00569	0.00628	0.01037
5	0.14461	0.06871	0.01648	0.14172	0.02029	0.13408	0.02933	0.04884	0.04213	0.11540	0.01539	0.03696	0.03626	0.02887	0.02961	0.00230	0.07158	0.00570	0.00417	0.00757

[dist]
# distance from previous block
# <min> <max>
0	1

[block]
# block no. 1 follows, 36 sequences, length 7
# corresponding to MSA columns:
# 194-200
name=unknown_B
#
# <colnr> <probs for GDERKNQSTAVLIFYWHMCP>
#	G	D	E	R	K	N	Q	S	T	A	V	L	I	F	Y	W	H	M	C	P
0	0.00769	0.00601	0.00698	0.00740	0.00879	0.00530	0.00530	0.00934	0.01401	0.01792	0.16988	0.30685	0.37925	0.01655	0.00757	0.00223	0.00328	0.01441	0.00597	0.00530
1	0.04621	0.28434	0.04232	0.05207	0.04113	0.09265	0.01147	0.09533	0.06537	0.14301	0.01360	0.01427	0.01036	0.00657	0.00582	0.00171	0.03611	0.00470	0.00429	0.02867
2	0.08316	0.01468	0.02098	0.23457	0.02667	0.08021	0.13288	0.01723	0.01205	0.01722	0.00993	0.01452	0.00830	0.00777	0.01143	0.00227	0.29054	0.00550	0.00295	0.00714
3	0.01463	0.00926	0.01030	0.06109	0.01310	0.01000	0.00740	0.19907	0.01710	0.02643	0.01808	0.02068	0.01401	0.00939	0.04592	0.00207	0.00506	0.00578	0.50350	0.00712
4	0.01006	0.00665	0.00818	0.00855	0.00963	0.00638	0.00588	0.01239	0.06478	0.07282	0.06972	0.42424	0.09533	0.16101	0.01211	0.00305	0.00422	0.01368	0.00565	0.00566
5	0.01768	0.01331	0.01496	0.01254	0.01589	0.01474	0.00999	0.40802	0.09060	0.03019	0.05676	0.15232	0.01964	0.01347	0.07186	0.00275	0.03246	0.00826	0.00583	0.00874
6	0.01296	0.00990	0.01253	0.04082	0.01420	0.01053	0.03303	0.20170	0.01733	0.02349	0.14759	0.23582	0.04940	0.07932	0.05051	0.00292	0.03506	0.01057	0.00546	0.00687

[dist]
# distance from previous block
# <min> <max>
0	4

[block]
# block no. 2 follows, 36 sequences, length 14
# corresponding to MSA columns:
# 205-218
name=unknown_C
#
# <colnr> <probs for GDERKNQSTAVLIFYWHMCP>
#	G	D	E	R	K	N	Q	S	T	A	V	L	I	F	Y	W	H	M	C	P
0	0.01652	0.07977	0.01715	0.01440	0.07360	0.07969	0.02679	0.12569	0.19164	0.05459	0.04089	0.03813	0.05525	0.02921	0.03232	0.00224	0.04140	0.00653	0.00491	0.06926
1	0.01550	0.01041	0.01206	0.01070	0.01295	0.02915	0.00806	0.18396	0.03987	0.11960	0.02164	0.18978	0.02110	0.17094	0.09615	0.00381	0.03262	0.00918	0.00532	0.00720
2	0.04962	0.00983	0.01240	0.01042	0.01385	0.00929	0.00820	0.07038	0.06325	0.40309	0.09291	0.15461	0.02389	0.03936	0.00754	0.00220	0.00488	0.00873	0.00682	0.00875
3	0.01773	0.01607	0.04229	0.11505	0.27641	0.09453	0.15538	0.02185	0.03657	0.14144	0.01415	0.01653	0.01056	0.00613	0.00637	0.00192	0.00816	0.00588	0.00394	0.00904
4	0.01426	0.00922	0.01060	0.00942	0.01224	0.00907	0.00728	0.07136	0.15143	0.15890	0.13150	0.09666	0.24855	0.03147	0.00754	0.00217	0.00425	0.01014	0.00638	0.00757
5	0.00796	0.00599	0.00737	0.00776	0.00897	0.00540	0.00554	0.00981	0.01451	0.01929	0.28574	0.33311	0.23351	0.01618	0.00759	0.00222	0.00326	0.01427	0.00616	0.00540
6	0.01363	0.01363	0.01908	0.01636	0.01636	0.01908	0.01363	0.01499	0.00954	0.01499	0.00818	0.01363	0.00818	0.01091	0.02045	0.00273	0.76963	0.00545	0.00273	0.00682
7	0.13783	0.01131	0.01404	0.01093	0.01562	0.01057	0.00902	0.07965	0.01768	0.59500	0.02167	0.01921	0.01387	0.00743	0.00593	0.00192	0.00535	0.00582	0.00707	0.01007
8	0.01463	0.01579	0.02732	0.17480	0.11588	0.06905	0.32121	0.01854	0.01351	0.01800	0.01121	0.01565	0.00895	0.00654	0.00912	0.00214	0.14054	0.00620	0.00300	0.00792
9	0.00768	0.00550	0.00716	0.00844	0.00885	0.00514	0.00560	0.00871	0.01183	0.01568	0.03461	0.69400	0.07115	0.07202	0.00957	0.00275	0.00376	0.01691	0.00564	0.00498
10	0.00799	0.00633	0.00716	0.00746	0.00896	0.00571	0.00535	0.01017	0.04167	0.01782	0.13952	0.26408	0.39615	0.04240	0.00833	0.00234	0.00343	0.01385	0.00588	0.00541
11	0.01490	0.01511	0.05440	0.11698	0.63621	0.01468	0.01908	0.01880	0.01396	0.01984	0.01163	0.01546	0.00962	0.00564	0.00616	0.00188	0.00758	0.00551	0.00303	0.00952
12	0.01225	0.00838	0.01000	0.00945	0.01136	0.00846	0.00701	0.10228	0.08944	0.06883	0.21438	0.28008	0.05702	0.04633	0.00815	0.00231	0.00414	0.01168	0.04167	0.00679
13	0.66976	0.01310	0.01101	0.00938	0.01346	0.01501	0.00773	0.15455	0.01423	0.03015	0.00989	0.01106	0.00749	0.00611	0.00432	0.00192	0.00521	0.00381	0.00432	0.00749

[dist]
# distance from previous block
# <min> <max>
1	3

[block]
# block no. 3 follows, 36 sequences, length 19
# corresponding to MSA columns:
# 223-241
name=unknown_D
#
# <colnr> <probs for GDERKNQSTAVLIFYWHMCP>
#	G	D	E	R	K	N	Q	S	T	A	V	L	I	F	Y	W	H	M	C	P
0	0.04755	0.11626	0.01591	0.01190	0.01481	0.30344	0.00920	0.07605	0.01566	0.04136	0.03563	0.02301	0.09102	0.14372	0.01055	0.00248	0.02442	0.00619	0.00401	0.00683
1	0.11056	0.03464	0.01668	0.28328	0.07239	0.03824	0.01274	0.11698	0.10473	0.04388	0.01494	0.06497	0.01223	0.00740	0.00592	0.00196	0.00672	0.00610	0.00423	0.04140
2	0.01566	0.01625	0.01612	0.01410	0.01607	0.19255	0.01124	0.04920	0.08320	0.01759	0.01386	0.01713	0.03745	0.01382	0.10915	0.00315	0.29590	0.00558	0.00361	0.06837
3	0.01474	0.01262	0.01354	0.01197	0.01554	0.01405	0.00931	0.02975	0.60514	0.02540	0.07770	0.02397	0.02103	0.00839	0.00624	0.00198	0.00475	0.00703	0.00611	0.09073
4	0.00891	0.00621	0.00754	0.00754	0.00794	0.00641	0.00480	0.00955	0.00962	0.01296	0.02173	0.03810	0.06714	0.55546	0.20410	0.00674	0.00841	0.00875	0.00380	0.00430
5	0.00824	0.00595	0.00849	0.00919	0.00987	0.00556	0.03526	0.00910	0.01176	0.01556	0.03263	0.61353	0.08144	0.01893	0.00974	0.09481	0.00407	0.01560	0.00533	0.00495
6	0.66764	0.01176	0.01020	0.00876	0.01281	0.01303	0.00722	0.02069	0.01203	0.16985	0.01182	0.01231	0.00846	0.00616	0.00433	0.00193	0.00491	0.00394	0.00462	0.00751
7	0.02327	0.02970	0.01766	0.01605	0.01926	0.75602	0.01204	0.02488	0.01766	0.01525	0.00963	0.01124	0.00803	0.00642	0.00562	0.00161	0.01124	0.00401	0.00321	0.00722
8	0.01210	0.01008	0.01419	0.43854	0.02843	0.04195	0.01245	0.01553	0.01273	0.01813	0.01472	0.04913	0.01201	0.00728	0.00624	0.00191	0.03624	0.00605	0.25580	0.00651
9	0.01017	0.00606	0.00690	0.00724	0.00832	0.00602	0.00514	0.02909	0.01265	0.01975	0.02560	0.25891	0.04665	0.07619	0.05050	0.00267	0.00426	0.01003	0.40836	0.00550
10	0.04593	0.00668	0.00819	0.00838	0.00997	0.00612	0.00606	0.01234	0.01373	0.11411	0.11105	0.41404	0.18821	0.01586	0.00736	0.00227	0.00372	0.01393	0.00607	0.00599
11	0.01921	0.34372	0.06298	0.01475	0.02012	0.09406	0.14194	0.06691	0.01555	0.14608	0.01281	0.01382	0.00973	0.00601	0.00542	0.00167	0.00774	0.00487	0.00393	0.00868
12	0.01164	0.00652	0.00872	0.00914	0.01041	0.00597	0.00650	0.01306	0.01321	0.15561	0.05223	0.56474	0.03602	0.04160	0.00840	0.00252	0.00407	0.03740	0.00612	0.00612
13	0.00890	0.00668	0.01001	0.01001	0.01113	0.00779	0.00779	0.01113	0.01001	0.01446	0.01669	0.02448	0.01558	0.04673	0.75634	0.01001	0.01669	0.00668	0.00334	0.00556
14	0.01853	0.01338	0.01451	0.01191	0.01535	0.01464	0.00931	0.39529	0.12986	0.05341	0.01883	0.05526	0.01594	0.15837	0.01120	0.00273	0.00605	0.00706	0.03967	0.00872
15	0.01356	0.01399	0.06169	0.25569	0.34868	0.01415	0.05784	0.01740	0.01321	0.01851	0.01248	0.04557	0.01057	0.00671	0.00717	0.00201	0.05676	0.00608	0.02961	0.00833
16	0.01070	0.00758	0.00900	0.00884	0.00981	0.00784	0.00610	0.10362	0.01362	0.01865	0.07436	0.31160	0.02972	0.27636	0.01603	0.00355	0.03046	0.01172	0.04494	0.00551
17	0.70988	0.01232	0.01092	0.00935	0.01323	0.01403	0.04193	0.05512	0.01173	0.02752	0.00964	0.01195	0.00773	0.03724	0.00528	0.00210	0.00526	0.00392	0.00394	0.00691
18	0.05388	0.01392	0.03904	0.01236	0.01654	0.03485	0.01023	0.17771	0.16141	0.27035	0.01947	0.01948	0.01400	0.04570	0.00811	0.00215	0.04758	0.00604	0.00604	0.04113

[dist]
# distance from previous block
# <min> <max>
0	1

[block]
# block no. 4 follows, 36 sequences, length 13
# corresponding to MSA columns:
# 243-255
name=unknown_E
#
# <colnr> <probs for GDERKNQSTAVLIFYWHMCP>
#	G	D	E	R	K	N	Q	S	T	A	V	L	I	F	Y	W	H	M	C	P
0	0.03693	0.00898	0.01134	0.01168	0.08039	0.00870	0.00802	0.05384	0.06528	0.13177	0.22879	0.08149	0.17006	0.04763	0.00806	0.00223	0.00442	0.02712	0.00603	0.00725
1	0.01474	0.10147	0.04438	0.01403	0.08900	0.11440	0.01040	0.05542	0.06860	0.01940	0.05335	0.02187	0.08812	0.05395	0.02046	0.00206	0.04936	0.00608	0.00406	0.16886
2	0.01863	0.49882	0.02639	0.01143	0.01629	0.03935	0.01054	0.14080	0.01599	0.09317	0.01197	0.01306	0.00974	0.00895	0.05872	0.00212	0.00739	0.00428	0.00386	0.00852
3	0.02262	0.01039	0.01332	0.01057	0.01463	0.00954	0.00860	0.10936	0.01894	0.48252	0.15268	0.02761	0.07249	0.00913	0.00653	0.00194	0.00492	0.00755	0.00725	0.00940
4	0.00881	0.00628	0.00775	0.00830	0.00920	0.00600	0.00572	0.04282	0.01353	0.01831	0.13858	0.46414	0.10053	0.09712	0.01009	0.00271	0.00385	0.01443	0.03646	0.00535
5	0.01739	0.01439	0.02324	0.11527	0.24080	0.06006	0.17878	0.02143	0.03764	0.16365	0.01586	0.05605	0.01246	0.00686	0.00653	0.00198	0.00779	0.00669	0.00423	0.00890
6	0.01133	0.00678	0.00897	0.00863	0.01027	0.00622	0.00645	0.01366	0.01589	0.12559	0.41498	0.21809	0.04625	0.03752	0.00814	0.00226	0.00366	0.04245	0.00658	0.00629
7	0.00963	0.00662	0.00772	0.00775	0.00816	0.00670	0.00482	0.05111	0.01086	0.01454	0.02216	0.18488	0.02534	0.55393	0.05520	0.00526	0.00604	0.01048	0.00430	0.00451
8	0.04525	0.36501	0.10872	0.16202	0.02244	0.06267	0.01328	0.01883	0.04696	0.01698	0.03775	0.01394	0.01044	0.00637	0.00583	0.00172	0.04636	0.00454	0.00309	0.00778
9	0.05547	0.30185	0.25194	0.01399	0.01947	0.05869	0.01480	0.01943	0.01280	0.06043	0.01037	0.01230	0.00837	0.00662	0.00743	0.00183	0.12863	0.00428	0.00305	0.00824
10	0.01094	0.00720	0.00794	0.00743	0.00992	0.00624	0.00568	0.01321	0.04073	0.13292	0.05407	0.09126	0.56070	0.01443	0.00718	0.00210	0.00359	0.01208	0.00611	0.00626
11	0.01525	0.01449	0.05170	0.03102	0.03798	0.08940	0.00971	0.07660	0.07650	0.05041	0.01715	0.03344	0.06201	0.00672	0.00548	0.00144	0.00584	0.00537	0.00433	0.40513
12	0.13644	0.17830	0.08566	0.09363	0.01830	0.04883	0.02683	0.05332	0.01339	0.01981	0.05072	0.01796	0.03867	0.01209	0.10167	0.00285	0.03748	0.00536	0.05148	0.00722

[dist]
# distance from previous block
# <min> <max>
0	2

[block]
# block no. 5 follows, 36 sequences, length 44
# corresponding to MSA columns:
# 258-301
name=unknown_F
#
# <colnr> <probs for GDERKNQSTAVLIFYWHMCP>
#	G	D	E	R	K	N	Q	S	T	A	V	L	I	F	Y	W	H	M	C	P
0	0.01646	0.01408	0.02320	0.03316	0.61019	0.01371	0.01717	0.01996	0.01445	0.09270	0.01295	0.01579	0.01037	0.00569	0.00605	0.00178	0.00696	0.00547	0.00359	0.07627
1	0.02327	0.02970	0.01766	0.01605	0.01926	0.75602	0.01204	0.02488	0.01766	0.01525	0.00963	0.01124	0.00803	0.00642	0.00562	0.00161	0.01124	0.00401	0.00321	0.00722
2	0.01183	0.03020	0.01086	0.05271	0.01332	0.02737	0.00757	0.05860	0.15475	0.03596	0.18859	0.07504	0.22851	0.01157	0.00669	0.00200	0.00431	0.00976	0.06342	0.00695
3	0.00873	0.00659	0.00744	0.00722	0.00854	0.00619	0.00501	0.01099	0.04895	0.01814	0.24371	0.04813	0.27741	0.25876	0.01508	0.00332	0.00410	0.01100	0.00548	0.00519
4	0.02178	0.01650	0.01762	0.01395	0.01860	0.01843	0.01138	0.56109	0.19270	0.03619	0.01738	0.01689	0.01256	0.00771	0.00626	0.00193	0.00641	0.00594	0.00626	0.01042
5	0.01174	0.02255	0.01075	0.10313	0.01339	0.00801	0.00751	0.04673	0.00993	0.01319	0.01131	0.01900	0.01084	0.04937	0.02093	0.60031	0.02890	0.00555	0.00294	0.00392
6	0.02327	0.02970	0.01766	0.01605	0.01926	0.75602	0.01204	0.02488	0.01766	0.01525	0.00963	0.01124	0.00803	0.00642	0.00562	0.00161	0.01124	0.00401	0.00321	0.00722
7	0.00772	0.00631	0.00684	0.00698	0.00884	0.00544	0.00527	0.00950	0.01445	0.01784	0.13931	0.11057	0.56569	0.01578	0.00748	0.00216	0.00332	0.05524	0.00591	0.00535
8	0.01018	0.00610	0.00720	0.00756	0.00858	0.00619	0.00543	0.01254	0.03763	0.01893	0.02354	0.21809	0.02332	0.07580	0.08039	0.04801	0.00494	0.03020	0.36995	0.00541
9	0.00769	0.00553	0.00731	0.00865	0.00914	0.00515	0.00588	0.00890	0.01224	0.01627	0.05449	0.70977	0.06652	0.01913	0.00794	0.00251	0.00365	0.03830	0.00581	0.00511
10	0.04197	0.01459	0.02025	0.07736	0.37565	0.06290	0.01509	0.08721	0.05462	0.11948	0.01550	0.01954	0.01242	0.00699	0.00624	0.00194	0.00707	0.04751	0.00435	0.00931
11	0.43813	0.01017	0.00995	0.00869	0.01207	0.01076	0.00698	0.01907	0.01366	0.17906	0.15887	0.05142	0.02061	0.00818	0.00524	0.00195	0.00445	0.00621	0.02725	0.00730
12	0.00923	0.00731	0.00830	0.00912	0.00982	0.04508	0.00629	0.01105	0.04211	0.01598	0.04594	0.48817	0.03445	0.14903	0.04133	0.00337	0.00512	0.05782	0.00526	0.00524
13	0.00940	0.00669	0.00810	0.00837	0.00945	0.00648	0.00585	0.06421	0.01417	0.01925	0.15957	0.39330	0.10161	0.11458	0.01056	0.00274	0.00398	0.01356	0.04262	0.00552
14	0.05752	0.01500	0.02330	0.18940	0.43132	0.05948	0.07406	0.04034	0.01434	0.02004	0.01147	0.01524	0.00925	0.00580	0.00613	0.00191	0.00793	0.00549	0.00317	0.00882
15	0.01619	0.01338	0.01345	0.03390	0.04311	0.09766	0.00899	0.24124	0.04711	0.02369	0.01945	0.04802	0.05810	0.19695	0.01271	0.00289	0.02703	0.00716	0.08164	0.00734
16	0.56647	0.08398	0.01355	0.10723	0.01708	0.01481	0.02844	0.03803	0.01174	0.02479	0.01029	0.04149	0.00861	0.00637	0.00450	0.00192	0.00561	0.00439	0.00373	0.00698
17	0.01402	0.31282	0.09420	0.06898	0.01985	0.04596	0.09139	0.01691	0.01238	0.01588	0.01213	0.05442	0.01121	0.02705	0.10673	0.00297	0.07711	0.00559	0.00302	0.00739
18	0.00863	0.00628	0.00774	0.00828	0.00921	0.00595	0.00576	0.03564	0.01347	0.01790	0.14629	0.41141	0.13495	0.12085	0.01096	0.00285	0.00397	0.03889	0.00570	0.00527
19	0.06502	0.13993	0.18244	0.06882	0.07310	0.10030	0.07922	0.01827	0.01343	0.01838	0.03238	0.06875	0.01207	0.00717	0.00652	0.00186	0.04865	0.00576	0.00328	0.05465
20	0.08474	0.08505	0.01766	0.13010	0.11134	0.07096	0.01208	0.06552	0.07059	0.11716	0.01575	0.02056	0.01292	0.02682	0.02701	0.00228	0.04561	0.05581	0.01990	0.00814
21	0.02745	0.01062	0.01441	0.01102	0.01587	0.00913	0.00910	0.02987	0.01767	0.72203	0.02413	0.02093	0.01521	0.00761	0.00621	0.00189	0.00528	0.00618	0.00758	0.03783
22	0.03358	0.00979	0.01449	0.37544	0.02643	0.01189	0.01234	0.03351	0.01237	0.01771	0.01569	0.13371	0.01458	0.00949	0.00851	0.02488	0.10609	0.00737	0.12568	0.00643
23	0.01416	0.10426	0.04206	0.22087	0.08881	0.03440	0.14209	0.07434	0.01437	0.01903	0.03409	0.07318	0.01287	0.00853	0.02550	0.00222	0.07134	0.00665	0.00350	0.00773
24	0.00827	0.00591	0.00787	0.00883	0.00958	0.00558	0.00635	0.00999	0.01347	0.01822	0.19247	0.48671	0.04380	0.04242	0.00868	0.00256	0.00385	0.11418	0.00595	0.00530
25	0.00906	0.00604	0.00680	0.00680	0.00680	0.00604	0.00378	0.00906	0.00906	0.01208	0.01963	0.04077	0.02265	0.78103	0.03171	0.00604	0.00604	0.00906	0.00378	0.00378
26	0.08644	0.59336	0.10130	0.01110	0.01650	0.02158	0.01135	0.01867	0.01264	0.03510	0.01027	0.03885	0.00929	0.00601	0.00438	0.00151	0.00661	0.00407	0.00301	0.00797
27	0.14795	0.02580	0.53011	0.04283	0.02358	0.01364	0.01856	0.01902	0.01301	0.04032	0.03731	0.01564	0.03343	0.00651	0.00569	0.00197	0.00793	0.00498	0.00322	0.00851
28	0.00994	0.00714	0.00990	0.01128	0.01274	0.00710	0.00984	0.01276	0.01434	0.01858	0.03415	0.06988	0.06298	0.01716	0.00856	0.00284	0.00564	0.67375	0.00574	0.00572
29	0.01304	0.01104	0.01287	0.00936	0.01468	0.00851	0.00745	0.03675	0.01338	0.02070	0.01211	0.04309	0.01053	0.00529	0.00479	0.00101	0.00464	0.00430	0.00385	0.76260
30	0.01450	0.12593	0.39346	0.01751	0.03855	0.01549	0.12873	0.01975	0.01371	0.07336	0.04717	0.01560	0.01124	0.00648	0.00683	0.00194	0.05231	0.00538	0.00332	0.00874
31	0.01211	0.01138	0.01901	0.67668	0.09967	0.01371	0.01707	0.01618	0.01262	0.01646	0.01113	0.01637	0.00847	0.00611	0.00616	0.00201	0.00809	0.00547	0.00283	0.03847
32	0.01666	0.78478	0.03265	0.01066	0.01599	0.02465	0.01066	0.01866	0.01266	0.01466	0.00866	0.00999	0.00800	0.00533	0.00400	0.00133	0.00666	0.00333	0.00267	0.00800
33	0.01298	0.00785	0.00993	0.00883	0.01117	0.00740	0.00682	0.01718	0.08777	0.15976	0.49494	0.04029	0.08687	0.01155	0.00705	0.00198	0.00359	0.01003	0.00690	0.00712
34	0.00882	0.00637	0.00833	0.00784	0.00931	0.00588	0.00588	0.01176	0.01764	0.02499	0.73888	0.04654	0.05879	0.01274	0.00735	0.00196	0.00294	0.01127	0.00686	0.00588
35	0.02381	0.01635	0.01791	0.01383	0.01872	0.01781	0.01139	0.59605	0.06439	0.13013	0.01675	0.01620	0.01166	0.00756	0.00624	0.00189	0.00655	0.00577	0.00643	0.01056
36	0.01043	0.00566	0.00843	0.00843	0.00863	0.00586	0.00580	0.00869	0.00849	0.01152	0.01212	0.02053	0.01200	0.04638	0.15747	0.65027	0.00748	0.00574	0.00285	0.00325
37	0.02327	0.02970	0.01766	0.01605	0.01926	0.75602	0.01204	0.02488	0.01766	0.01525	0.00963	0.01124	0.00803	0.00642	0.00562	0.00161	0.01124	0.00401	0.00321	0.00722
38	0.02180	0.01605	0.01729	0.01374	0.01834	0.01781	0.01119	0.50778	0.20972	0.07273	0.01814	0.01742	0.01302	0.00774	0.00626	0.00194	0.00628	0.00601	0.00634	0.01041
39	0.00952	0.00694	0.00934	0.01053	0.01200	0.00677	0.00899	0.01212	0.01429	0.01843	0.05583	0.10313	0.13421	0.01701	0.00837	0.00272	0.00520	0.55319	0.00578	0.00564
40	0.00772	0.00630	0.00689	0.00720	0.00901	0.00546	0.00548	0.00942	0.01404	0.01713	0.07344	0.14528	0.56189	0.01630	0.00757	0.00224	0.00349	0.09002	0.00581	0.00531
41	0.02301	0.01695	0.01822	0.01410	0.01889	0.01872	0.01159	0.69150	0.02857	0.03829	0.01577	0.04692	0.01188	0.00798	0.00630	0.00190	0.00672	0.00612	0.00621	0.01036
42	0.73895	0.01155	0.00931	0.00831	0.01195	0.01322	0.00676	0.01814	0.01074	0.05619	0.00947	0.01115	0.00737	0.00690	0.00530	0.05561	0.00488	0.00363	0.00394	0.00664
43	0.00918	0.00641	0.00895	0.00906	0.01005	0.00717	0.00681	0.01120	0.01046	0.01550	0.01871	0.07984	0.01814	0.10894	0.53461	0.00797	0.01292	0.00758	0.11111	0.00539

[dist]
# distance from previous block
# <min> <max>
0	3

[block]
# block no. 6 follows, 36 sequences, length 98
# corresponding to MSA columns:
# 305-402
name=unknown_G
#
# <colnr> <probs for GDERKNQSTAVLIFYWHMCP>
#	G	D	E	R	K	N	Q	S	T	A	V	L	I	F	Y	W	H	M	C	P
0	0.77110	0.01216	0.00964	0.00849	0.01241	0.01396	0.00699	0.04010	0.01144	0.05500	0.00946	0.01068	0.00719	0.00591	0.00402	0.00193	0.00490	0.00355	0.00407	0.00701
1	0.00981	0.00744	0.00996	0.11764	0.01404	0.00812	0.00748	0.04296	0.01149	0.01542	0.02213	0.26655	0.02470	0.29548	0.08630	0.00441	0.03576	0.01077	0.00430	0.00523
2	0.03339	0.01007	0.01151	0.00994	0.01236	0.03377	0.00748	0.07900	0.04149	0.08660	0.09330	0.08585	0.02160	0.18368	0.01370	0.03992	0.05672	0.02522	0.00484	0.14954
3	0.07831	0.31788	0.15765	0.03158	0.03998	0.09226	0.01296	0.05938	0.01439	0.04846	0.04518	0.01400	0.01102	0.00749	0.02679	0.00192	0.02467	0.00453	0.00345	0.00814
4	0.01566	0.03739	0.17881	0.01540	0.05160	0.14146	0.03148	0.13257	0.01582	0.02078	0.03898	0.01771	0.01241	0.04341	0.13581	0.00345	0.07058	0.00561	0.02321	0.00785
5	0.12715	0.01062	0.01356	0.01060	0.01517	0.00964	0.00873	0.02814	0.01692	0.62888	0.04984	0.02078	0.01599	0.00766	0.00600	0.00193	0.00515	0.00609	0.00720	0.00994
6	0.00860	0.00602	0.00801	0.04312	0.01050	0.00589	0.00633	0.00946	0.01151	0.01511	0.03036	0.42118	0.08298	0.13638	0.01336	0.09193	0.00459	0.08492	0.00500	0.00478
7	0.19119	0.01673	0.18850	0.23009	0.07156	0.01381	0.01489	0.07477	0.01395	0.07164	0.01206	0.01470	0.00888	0.00662	0.00605	0.02225	0.00719	0.00491	0.02220	0.00803
8	0.02379	0.00661	0.00836	0.03744	0.01091	0.00647	0.00658	0.01133	0.04692	0.01870	0.18772	0.36359	0.11915	0.05594	0.00883	0.00252	0.00398	0.06981	0.00578	0.00557
9	0.01003	0.00669	0.00793	0.00772	0.00823	0.00674	0.00489	0.03129	0.01123	0.03838	0.10137	0.11940	0.02775	0.54501	0.02455	0.00486	0.02482	0.00996	0.00451	0.00465
10	0.05583	0.00971	0.01254	0.12938	0.04997	0.01038	0.00951	0.13804	0.01521	0.02147	0.06058	0.19702	0.02192	0.04871	0.03925	0.05253	0.00600	0.04199	0.03484	0.04511
11	0.01466	0.12513	0.36601	0.10093	0.10141	0.01584	0.06345	0.04614	0.03750	0.05406	0.01222	0.01436	0.00908	0.00602	0.00586	0.00189	0.00825	0.00501	0.00323	0.00895
12	0.01004	0.00717	0.01004	0.01147	0.01291	0.00717	0.01004	0.01291	0.01434	0.01865	0.03299	0.07028	0.03586	0.01721	0.00861	0.00287	0.00574	0.70023	0.00574	0.00574
13	0.01333	0.01411	0.02917	0.07419	0.04616	0.01366	0.49777	0.01745	0.01378	0.01864	0.01551	0.10833	0.01401	0.00827	0.00843	0.03957	0.02629	0.03028	0.00349	0.00756
14	0.04324	0.05137	0.14956	0.11061	0.07639	0.19964	0.01394	0.08896	0.06557	0.02019	0.01396	0.03014	0.02695	0.00761	0.00667	0.03924	0.00803	0.00535	0.03464	0.00793
15	0.01543	0.00936	0.02946	0.01069	0.01305	0.00917	0.02180	0.03557	0.05472	0.20849	0.04384	0.12371	0.02092	0.06469	0.09440	0.04101	0.06364	0.05136	0.08146	0.00722
16	0.65226	0.01247	0.02873	0.00879	0.01248	0.03448	0.00739	0.03576	0.01203	0.02704	0.06064	0.01491	0.01161	0.00668	0.00440	0.00193	0.00499	0.02182	0.03480	0.00680
17	0.00938	0.00657	0.00823	0.00787	0.00956	0.00598	0.00600	0.01193	0.01645	0.05175	0.49989	0.04976	0.19565	0.03626	0.00812	0.00217	0.00336	0.05869	0.00650	0.00587
18	0.03311	0.01230	0.03978	0.59156	0.12690	0.01408	0.01699	0.01748	0.05425	0.01747	0.01192	0.01658	0.00907	0.00625	0.00616	0.00204	0.00794	0.00554	0.00304	0.00752
19	0.01251	0.01060	0.01240	0.00910	0.01417	0.00806	0.00716	0.01509	0.01272	0.01976	0.01252	0.05023	0.01129	0.03682	0.00587	0.00121	0.00462	0.00457	0.00379	0.74750
20	0.02259	0.01722	0.01806	0.01416	0.01891	0.03763	0.01158	0.61213	0.12224	0.03690	0.01620	0.01597	0.01165	0.00758	0.00623	0.00190	0.00671	0.00576	0.00617	0.01041
21	0.35623	0.05010	0.24119	0.01351	0.05101	0.01382	0.03308	0.02018	0.01264	0.11803	0.01184	0.01315	0.00861	0.00642	0.00552	0.02166	0.00661	0.00439	0.00385	0.00816
22	0.00901	0.00624	0.00782	0.00782	0.00817	0.00660	0.00505	0.00972	0.00936	0.01284	0.01870	0.03559	0.02040	0.54738	0.26229	0.00730	0.00943	0.00830	0.00364	0.00434
23	0.01550	0.01338	0.01409	0.01268	0.01620	0.01550	0.00986	0.03311	0.73091	0.02606	0.02536	0.02325	0.01902	0.00845	0.00634	0.00211	0.00493	0.00704	0.00634	0.00986
24	0.00890	0.00611	0.00744	0.00757	0.00781	0.00629	0.00471	0.00942	0.00949	0.01286	0.02036	0.10174	0.02293	0.57620	0.16641	0.00648	0.00784	0.00936	0.00387	0.00422
25	0.02368	0.01745	0.01870	0.01434	0.01932	0.01932	0.01184	0.72139	0.02929	0.03927	0.01496	0.01496	0.01060	0.00748	0.00623	0.00187	0.00686	0.00561	0.00623	0.01060
26	0.00794	0.00664	0.00699	0.00712	0.00913	0.00586	0.00540	0.01033	0.04811	0.01732	0.05729	0.10975	0.60922	0.01579	0.00744	0.00219	0.00344	0.05871	0.00581	0.00550
27	0.00992	0.00638	0.00836	0.00859	0.00992	0.00585	0.00630	0.01193	0.01479	0.08248	0.28764	0.35556	0.09442	0.01566	0.00759	0.00226	0.00362	0.05650	0.00633	0.00589
28	0.01495	0.00875	0.01094	0.01015	0.01259	0.00852	0.00786	0.08829	0.06618	0.19252	0.11519	0.27033	0.07064	0.01350	0.00723	0.00224	0.00454	0.08170	0.00645	0.00744
29	0.02191	0.01622	0.01732	0.01353	0.01815	0.01790	0.01110	0.61417	0.07681	0.03672	0.01809	0.01791	0.04476	0.00792	0.00622	0.00188	0.00640	0.00606	0.03681	0.01012
30	0.01313	0.00756	0.00904	0.00869	0.01028	0.02004	0.00628	0.02793	0.02686	0.14962	0.04379	0.26568	0.04335	0.14349	0.03793	0.00303	0.01748	0.01054	0.14900	0.00628
31	0.00872	0.00634	0.00821	0.00780	0.00926	0.00583	0.00583	0.01155	0.01733	0.02439	0.69067	0.06816	0.08638	0.01306	0.00737	0.00198	0.00297	0.01153	0.00678	0.00583
32	0.03758	0.01493	0.05601	0.07418	0.02044	0.01499	0.08602	0.32665	0.07244	0.05517	0.01555	0.01811	0.01191	0.05577	0.00826	0.02694	0.00681	0.00597	0.05678	0.03551
33	0.01653	0.09083	0.01403	0.00998	0.01312	0.01320	0.00808	0.29785	0.01955	0.02794	0.07442	0.02196	0.01701	0.07595	0.00773	0.00205	0.00516	0.00620	0.27064	0.00778
34	0.13016	0.01017	0.01259	0.01005	0.01414	0.00936	0.00817	0.04017	0.01681	0.45483	0.15781	0.02394	0.02207	0.00823	0.00605	0.00188	0.00478	0.00667	0.00677	0.05535
35	0.03344	0.05602	0.01463	0.24348	0.02157	0.03994	0.01062	0.05418	0.01299	0.03652	0.01519	0.08364	0.01403	0.09968	0.01049	0.02596	0.06619	0.00667	0.09641	0.05836
36	0.01385	0.01364	0.02058	0.03457	0.01864	0.01782	0.09799	0.04225	0.01097	0.01642	0.00942	0.01467	0.00877	0.01160	0.04590	0.02248	0.58475	0.00573	0.00293	0.00701
37	0.62905	0.01202	0.01042	0.00901	0.01291	0.01350	0.00738	0.06382	0.03656	0.10213	0.04468	0.01366	0.01067	0.00649	0.00449	0.00193	0.00491	0.00429	0.00462	0.00745
38	0.01375	0.01533	0.10984	0.05072	0.47406	0.01318	0.04342	0.01771	0.01416	0.02010	0.06116	0.05732	0.01611	0.00758	0.00652	0.00199	0.00717	0.05741	0.00359	0.00886
39	0.01399	0.02181	0.26761	0.02350	0.03075	0.01534	0.49371	0.01988	0.01420	0.01988	0.01214	0.01562	0.00895	0.00547	0.00689	0.00206	0.01008	0.00646	0.00298	0.00866
40	0.00794	0.00627	0.00718	0.00722	0.00893	0.00551	0.00540	0.00995	0.01506	0.01936	0.27056	0.12761	0.43040	0.01525	0.00746	0.00213	0.00323	0.03898	0.00612	0.00545
41	0.01363	0.01363	0.01908	0.01636	0.01636	0.01908	0.01363	0.01499	0.00954	0.01499	0.00818	0.01363	0.00818	0.01091	0.02045	0.00273	0.76963	0.00545	0.00273	0.00682
42	0.56050	0.01111	0.01007	0.00864	0.01248	0.01206	0.00708	0.02075	0.01253	0.19485	0.01351	0.01397	0.00966	0.00638	0.00447	0.00188	0.00475	0.00428	0.08348	0.00755
43	0.05960	0.01696	0.01532	0.10574	0.01950	0.23228	0.01072	0.14485	0.01799	0.18659	0.01546	0.01704	0.01144	0.03835	0.00681	0.00196	0.00749	0.00533	0.07832	0.00825
44	0.01489	0.00794	0.01071	0.01043	0.01287	0.00736	0.00870	0.01740	0.01548	0.23578	0.08964	0.09733	0.09478	0.01404	0.00766	0.00243	0.00502	0.33400	0.00642	0.00711
45	0.00786	0.00628	0.00705	0.00711	0.00887	0.00547	0.00532	0.00979	0.01489	0.01892	0.23323	0.12025	0.47623	0.01538	0.00746	0.00213	0.00324	0.03903	0.00606	0.00542
46	0.01192	0.01054	0.01692	0.63999	0.03739	0.01295	0.01540	0.01653	0.04519	0.01726	0.01284	0.01771	0.00972	0.00645	0.00601	0.00200	0.00750	0.00564	0.10111	0.00692
47	0.02235	0.02003	0.01864	0.01556	0.03696	0.20145	0.01225	0.45962	0.02403	0.03038	0.01287	0.01391	0.00970	0.00752	0.00753	0.00189	0.08570	0.00520	0.00505	0.00936
48	0.76004	0.01192	0.00952	0.00850	0.01210	0.01395	0.00700	0.01803	0.01063	0.02719	0.00903	0.01072	0.00712	0.00607	0.00466	0.00195	0.04097	0.00355	0.03033	0.00672
49	0.04058	0.00733	0.00939	0.00919	0.01063	0.00720	0.02248	0.05652	0.01528	0.02145	0.31032	0.23818	0.04172	0.09444	0.00998	0.00263	0.00424	0.08671	0.00589	0.00582
50	0.03778	0.21938	0.01943	0.01197	0.01606	0.16454	0.01002	0.14572	0.05153	0.11862	0.05009	0.01862	0.05695	0.00848	0.02471	0.00191	0.00709	0.00554	0.02320	0.00834
51	0.01210	0.00988	0.01276	0.03217	0.04655	0.03374	0.03158	0.07484	0.05862	0.03962	0.04528	0.36965	0.02701	0.04685	0.03814	0.00278	0.09513	0.01164	0.00504	0.00663
52	0.05430	0.04136	0.04690	0.01463	0.01890	0.01728	0.06820	0.44144	0.02237	0.03083	0.01519	0.07872	0.01262	0.00945	0.02711	0.00222	0.07755	0.00657	0.00519	0.00917
53	0.02288	0.07809	0.01874	0.01553	0.01905	0.63798	0.01193	0.09069	0.01843	0.01749	0.01007	0.01151	0.00827	0.00645	0.00557	0.00161	0.01052	0.00412	0.00346	0.00759
54	0.01202	0.00866	0.01008	0.00938	0.01137	0.03785	0.00710	0.07056	0.03987	0.07359	0.39787	0.18809	0.04317	0.01289	0.00718	0.00206	0.00408	0.03160	0.00638	0.02622
55	0.00873	0.00637	0.00820	0.00774	0.00925	0.00584	0.00581	0.01158	0.01742	0.02446	0.69553	0.04740	0.10246	0.01293	0.00735	0.00197	0.00295	0.01139	0.00679	0.00584
56	0.00823	0.00604	0.00774	0.00813	0.00925	0.00555	0.00588	0.01030	0.01493	0.02032	0.36346	0.32658	0.13089	0.01585	0.00763	0.00223	0.00333	0.04189	0.00628	0.00549
57	0.55118	0.04281	0.01100	0.00897	0.01233	0.01345	0.00725	0.09622	0.01256	0.02585	0.02609	0.01291	0.00906	0.00868	0.00753	0.13426	0.00518	0.00413	0.00396	0.00656
58	0.02327	0.02970	0.01766	0.01605	0.01926	0.75602	0.01204	0.02488	0.01766	0.01525	0.00963	0.01124	0.00803	0.00642	0.00562	0.00161	0.01124	0.00401	0.00321	0.00722
59	0.02384	0.01577	0.01749	0.01356	0.01839	0.01702	0.01115	0.52908	0.08534	0.17647	0.01770	0.01687	0.01224	0.00761	0.00625	0.00190	0.00639	0.00586	0.00653	0.01054
60	0.00765	0.00547	0.00729	0.00863	0.00905	0.00510	0.00579	0.00883	0.01222	0.01637	0.07032	0.73967	0.04211	0.01917	0.00792	0.00250	0.00358	0.01738	0.00584	0.00510
61	0.00785	0.00642	0.00698	0.00710	0.00906	0.00556	0.00550	0.00973	0.01460	0.01794	0.13356	0.05974	0.57999	0.01562	0.00751	0.00218	0.00344	0.09593	0.00590	0.00539
62	0.03662	0.60195	0.02870	0.01155	0.01635	0.12189	0.01077	0.02015	0.03699	0.03312	0.00972	0.01096	0.00852	0.00579	0.00475	0.00146	0.02609	0.00367	0.00301	0.00796
63	0.01022	0.00747	0.01061	0.01247	0.04604	0.00745	0.01018	0.01308	0.01436	0.01884	0.05843	0.06631	0.03528	0.03119	0.00889	0.00285	0.00571	0.62910	0.00562	0.00589
64	0.00890	0.00668	0.01001	0.01001	0.01113	0.00779	0.00779	0.01113	0.01001	0.01446	0.01669	0.02448	0.01558	0.04673	0.75634	0.01001	0.01669	0.00668	0.00334	0.00556
65	0.49232	0.01186	0.01253	0.23725	0.02165	0.01396	0.01018	0.06454	0.01252	0.02488	0.01030	0.01295	0.00786	0.00609	0.00475	0.00195	0.00593	0.00428	0.03719	0.00702
66	0.01467	0.01456	0.02224	0.30782	0.42565	0.07173	0.01790	0.01837	0.01381	0.01831	0.01132	0.01554	0.00914	0.00587	0.00615	0.00192	0.00804	0.00543	0.00298	0.00857
67	0.00824	0.00619	0.00783	0.00827	0.00914	0.00596	0.00581	0.00981	0.01344	0.01807	0.21963	0.38823	0.15002	0.07629	0.01008	0.00260	0.03517	0.01416	0.00578	0.00528
68	0.77704	0.01267	0.03064	0.00861	0.01261	0.01404	0.00731	0.01880	0.03254	0.02766	0.00925	0.01061	0.00715	0.00587	0.00399	0.00193	0.00495	0.00352	0.00390	0.00691
69	0.00848	0.00600	0.00764	0.00834	0.00918	0.00566	0.00579	0.02735	0.01370	0.01877	0.18908	0.51088	0.07430	0.03606	0.00818	0.00241	0.00355	0.01501	0.04422	0.00539
70	0.00913	0.00626	0.00790	0.00804	0.00922	0.00579	0.00576	0.01100	0.01441	0.04709	0.31259	0.24344	0.12848	0.11678	0.01076	0.00271	0.00378	0.04536	0.00601	0.00548
71	0.01573	0.48165	0.15272	0.03801	0.07602	0.02076	0.05611	0.04724	0.01360	0.01731	0.01004	0.01204	0.00847	0.00634	0.01912	0.00174	0.00763	0.00418	0.00288	0.00840
72	0.00912	0.00700	0.01044	0.01031	0.01137	0.00832	0.00806	0.01131	0.00999	0.01449	0.01629	0.02396	0.01523	0.04503	0.72150	0.00967	0.05234	0.00662	0.00331	0.00562
73	0.05587	0.01098	0.01440	0.01119	0.01589	0.00990	0.00926	0.07222	0.01818	0.65520	0.02366	0.02188	0.01542	0.00791	0.00625	0.00195	0.00539	0.02671	0.00742	0.01032
74	0.01013	0.00690	0.00824	0.00829	0.00933	0.00689	0.00577	0.01279	0.07550	0.04400	0.10671	0.16449	0.07160	0.31438	0.03813	0.00395	0.00515	0.06433	0.03802	0.00539
75	0.38878	0.03199	0.01558	0.08246	0.05138	0.03705	0.06655	0.10356	0.01453	0.06498	0.05130	0.01486	0.01118	0.00666	0.00575	0.00195	0.03454	0.00495	0.00424	0.00771
76	0.00878	0.00637	0.00827	0.00779	0.00928	0.00586	0.00584	0.01167	0.01753	0.02474	0.71883	0.04694	0.07899	0.01283	0.00735	0.00196	0.00295	0.01132	0.00683	0.00586
77	0.00945	0.00679	0.00718	0.00720	0.00733	0.03069	0.00416	0.00956	0.00950	0.01239	0.02010	0.07995	0.02318	0.71398	0.02956	0.00570	0.00608	0.00937	0.00387	0.00396
78	0.01202	0.00871	0.01105	0.06563	0.01370	0.00937	0.00812	0.14774	0.01459	0.01947	0.02351	0.30577	0.04128	0.08753	0.01268	0.12015	0.04025	0.04761	0.00487	0.00593
79	0.02016	0.01517	0.01498	0.01254	0.01644	0.09968	0.00997	0.22849	0.25476	0.14066	0.02095	0.02008	0.03279	0.00791	0.00607	0.00190	0.00605	0.00621	0.07576	0.00942
80	0.00993	0.00709	0.00991	0.01135	0.01273	0.00707	0.00985	0.01271	0.01423	0.01852	0.03305	0.10264	0.03610	0.01732	0.00858	0.00285	0.00564	0.66898	0.00574	0.00571
81	0.01398	0.02984	0.60356	0.01928	0.08865	0.06276	0.02144	0.05324	0.01430	0.02042	0.01131	0.01331	0.00820	0.00599	0.00594	0.00193	0.00907	0.00470	0.00288	0.00920
82	0.09800	0.09409	0.39919	0.01802	0.09186	0.01542	0.06381	0.01966	0.05037	0.02017	0.01169	0.01398	0.00896	0.00763	0.03478	0.00225	0.03354	0.00486	0.00306	0.00867
83	0.00966	0.00791	0.01119	0.10093	0.01487	0.00811	0.03048	0.01178	0.01336	0.01840	0.20284	0.26256	0.08267	0.03872	0.00943	0.02189	0.06571	0.01127	0.00504	0.07317
84	0.01666	0.78478	0.03265	0.01066	0.01599	0.02465	0.01066	0.01866	0.01266	0.01466	0.00866	0.00999	0.00800	0.00533	0.00400	0.00133	0.00666	0.00333	0.00267	0.00800
85	0.00839	0.00638	0.00776	0.00766	0.00929	0.00575	0.00583	0.01081	0.01605	0.02149	0.43736	0.08062	0.27765	0.01433	0.00747	0.00210	0.00325	0.06577	0.00638	0.00564
86	0.00838	0.00676	0.00751	0.00725	0.00921	0.00610	0.00546	0.01142	0.05884	0.02033	0.30443	0.05290	0.45057	0.01424	0.00730	0.00205	0.00319	0.01210	0.00621	0.00576
87	0.02328	0.01725	0.01847	0.01425	0.01917	0.01913	0.01174	0.68706	0.06429	0.03861	0.01548	0.01537	0.01102	0.00753	0.00624	0.00188	0.00676	0.00568	0.00624	0.01056
88	0.01077	0.00552	0.00824	0.00833	0.00842	0.00552	0.00571	0.00842	0.00851	0.01132	0.01224	0.02222	0.01242	0.02136	0.02335	0.76663	0.00543	0.04977	0.00290	0.00290
89	0.02327	0.02970	0.01766	0.01605	0.01926	0.75602	0.01204	0.02488	0.01766	0.01525	0.00963	0.01124	0.00803	0.00642	0.00562	0.00161	0.01124	0.00401	0.00321	0.00722
90	0.02249	0.01645	0.01759	0.01366	0.01833	0.01820	0.01123	0.64261	0.05709	0.03758	0.01577	0.01589	0.01133	0.00750	0.00610	0.00185	0.00650	0.00568	0.06391	0.01022
91	0.00799	0.00577	0.00760	0.00863	0.00936	0.00538	0.00608	0.00957	0.01325	0.01779	0.16204	0.55655	0.07702	0.01794	0.00787	0.00243	0.00364	0.06982	0.00597	0.00527
92	0.00800	0.00649	0.00721	0.00758	0.00949	0.00571	0.00601	0.00987	0.01418	0.01724	0.05533	0.07962	0.55708	0.01621	0.00767	0.00229	0.00377	0.17511	0.00577	0.00537
93	0.01881	0.01316	0.01482	0.01231	0.01576	0.01416	0.00984	0.44782	0.02265	0.06007	0.02017	0.13735	0.03480	0.01163	0.00858	0.08808	0.00598	0.04972	0.00581	0.00849
94	0.33488	0.01038	0.01049	0.00898	0.01230	0.01097	0.00723	0.08988	0.01566	0.14691	0.19158	0.02260	0.02217	0.00812	0.00540	0.00188	0.00447	0.00624	0.08240	0.00748
95	0.01122	0.00652	0.00745	0.00734	0.00875	0.00683	0.00552	0.04556	0.01290	0.02113	0.02007	0.06819	0.01740	0.04867	0.17243	0.00362	0.00631	0.00683	0.51741	0.00584
96	0.12727	0.01144	0.01418	0.07375	0.08915	0.01280	0.03138	0.15706	0.01562	0.02485	0.01503	0.04244	0.01237	0.02223	0.00733	0.00196	0.08166	0.00585	0.24611	0.00751
97	0.01583	0.24800	0.02516	0.19355	0.28341	0.09959	0.01537	0.01889	0.01372	0.01706	0.01042	0.01359	0.00874	0.00574	0.00547	0.00172	0.00781	0.00471	0.00290	0.00834

[dist]
# distance from previous block
# <min> <max>
0	4

[block]
# block no. 7 follows, 36 sequences, length 12
# corresponding to MSA columns:
# 407-418
name=unknown_H
#
# <colnr> <probs for GDERKNQSTAVLIFYWHMCP>
#	G	D	E	R	K	N	Q	S	T	A	V	L	I	F	Y	W	H	M	C	P
0	0.03980	0.14198	0.32560	0.11067	0.02548	0.06006	0.07799	0.05897	0.01419	0.01952	0.02967	0.01420	0.00955	0.00632	0.00638	0.00190	0.04131	0.00496	0.00309	0.00836
1	0.04704	0.00946	0.03109	0.01153	0.02796	0.00905	0.05921	0.06013	0.09059	0.06221	0.13028	0.33434	0.03113	0.01376	0.00805	0.04543	0.00483	0.01160	0.00557	0.00675
2	0.02383	0.00969	0.01314	0.01039	0.01448	0.00845	0.00845	0.02635	0.01779	0.59094	0.17857	0.02667	0.02477	0.00880	0.00650	0.00193	0.00479	0.00734	0.00753	0.00958
3	0.00801	0.00567	0.00725	0.00821	0.00859	0.00546	0.00537	0.00892	0.01121	0.01493	0.03082	0.53175	0.05998	0.20478	0.05555	0.00378	0.00492	0.01484	0.00516	0.00479
4	0.01516	0.23688	0.23583	0.05055	0.08173	0.04580	0.07290	0.08211	0.01492	0.01969	0.03000	0.01612	0.04657	0.00658	0.00589	0.00179	0.02038	0.00526	0.00333	0.00849
5	0.01225	0.01132	0.01945	0.01540	0.01844	0.02806	0.27034	0.01548	0.01314	0.01898	0.02062	0.10226	0.07424	0.01196	0.06654	0.00267	0.08868	0.00822	0.19519	0.00676
6	0.00903	0.00611	0.00715	0.00712	0.00730	0.00617	0.00423	0.00939	0.00965	0.01305	0.06267	0.03979	0.02425	0.67488	0.08938	0.00612	0.00672	0.00900	0.00393	0.00405
7	0.12884	0.04357	0.01454	0.19348	0.02058	0.05399	0.03838	0.07876	0.05988	0.02162	0.05349	0.01949	0.01393	0.04014	0.04935	0.02373	0.00685	0.00578	0.12659	0.00699
8	0.01093	0.00871	0.01182	0.01119	0.01308	0.00882	0.06636	0.08772	0.09645	0.02019	0.04509	0.44661	0.07153	0.01588	0.02198	0.00250	0.00499	0.04397	0.00565	0.00654
9	0.00989	0.00733	0.00965	0.01074	0.01233	0.00730	0.00914	0.01334	0.05507	0.01870	0.03646	0.10194	0.12481	0.01665	0.00829	0.00271	0.00526	0.53874	0.00578	0.00588
10	0.07776	0.01056	0.01666	0.61049	0.03643	0.01289	0.01527	0.01547	0.01239	0.01706	0.01368	0.06782	0.01194	0.00770	0.00629	0.00214	0.00757	0.04794	0.00323	0.00672
11	0.08914	0.01725	0.12301	0.01353	0.01826	0.03633	0.01225	0.28968	0.08723	0.13068	0.01581	0.01675	0.01160	0.02937	0.03094	0.00233	0.05569	0.00557	0.00526	0.00932

[dist]
# distance from previous block
# <min> <max>
0	1

[block]
# block no. 8 follows, 36 sequences, length 19
# corresponding to MSA columns:
# 420-438
name=unknown_I
#
# <colnr> <probs for GDERKNQSTAVLIFYWHMCP>
#	G	D	E	R	K	N	Q	S	T	A	V	L	I	F	Y	W	H	M	C	P
0	0.47155	0.04974	0.11832	0.05448	0.04390	0.05166	0.01058	0.01790	0.01180	0.02325	0.01196	0.01493	0.03314	0.00711	0.00551	0.03327	0.00615	0.02409	0.00358	0.00708
1	0.01105	0.00998	0.01180	0.01094	0.01198	0.08038	0.03648	0.01247	0.01094	0.01437	0.01908	0.08133	0.05378	0.24358	0.25118	0.00579	0.11768	0.00807	0.00365	0.00545
2	0.03279	0.01275	0.01585	0.01373	0.04789	0.01329	0.06247	0.33169	0.01995	0.02740	0.01918	0.16486	0.01832	0.07877	0.00880	0.00235	0.00613	0.03484	0.02484	0.06408
3	0.01220	0.00968	0.01150	0.00878	0.01308	0.00762	0.00687	0.01482	0.01392	0.04543	0.16236	0.02316	0.04850	0.04241	0.00658	0.00145	0.00430	0.00594	0.00456	0.55685
4	0.01666	0.78478	0.03265	0.01066	0.01599	0.02465	0.01066	0.01866	0.01266	0.01466	0.00866	0.00999	0.00800	0.00533	0.00400	0.00133	0.00666	0.00333	0.00267	0.00800
5	0.04686	0.05907	0.48134	0.01777	0.02530	0.01492	0.12689	0.02025	0.01344	0.07705	0.01209	0.01412	0.00870	0.00620	0.00679	0.00200	0.05006	0.00510	0.00317	0.00891
6	0.00945	0.00640	0.00794	0.00786	0.00837	0.00687	0.00528	0.01049	0.00984	0.01423	0.01856	0.03315	0.01939	0.45193	0.23818	0.00654	0.02929	0.00787	0.10374	0.00463
7	0.01715	0.01420	0.01502	0.01301	0.01683	0.01627	0.01026	0.17198	0.58934	0.02873	0.02326	0.02157	0.01732	0.00826	0.00632	0.00206	0.00532	0.00675	0.00632	0.01001
8	0.00897	0.00632	0.00782	0.00817	0.00955	0.00591	0.00629	0.01130	0.01474	0.02032	0.26185	0.15604	0.17122	0.03384	0.00796	0.00230	0.00374	0.15615	0.10197	0.00556
9	0.02368	0.01745	0.01870	0.01434	0.01932	0.01932	0.01184	0.72139	0.02929	0.03927	0.01496	0.01496	0.01060	0.00748	0.00623	0.00187	0.00686	0.00561	0.00623	0.01060
10	0.01636	0.01306	0.01328	0.01184	0.01509	0.07350	0.00944	0.16824	0.23147	0.07663	0.02933	0.06338	0.13523	0.01086	0.00680	0.00213	0.00565	0.10341	0.00596	0.00835
11	0.00926	0.00644	0.00822	0.00786	0.00943	0.00585	0.00586	0.01185	0.01671	0.05062	0.56621	0.11495	0.13623	0.01354	0.00737	0.00203	0.00312	0.01190	0.00666	0.00591
12	0.00855	0.00619	0.00761	0.00829	0.00953	0.00564	0.00611	0.01017	0.01343	0.03533	0.08990	0.34627	0.25893	0.04817	0.00875	0.00254	0.00389	0.11953	0.00582	0.00537
13	0.01922	0.01547	0.01580	0.01309	0.01701	0.06510	0.01050	0.33243	0.24946	0.05723	0.02274	0.02195	0.08461	0.00867	0.00689	0.00199	0.03570	0.00672	0.00594	0.00947
14	0.09615	0.00955	0.01107	0.00939	0.01266	0.00928	0.00747	0.06890	0.07302	0.25098	0.19444	0.03271	0.15425	0.01016	0.00642	0.00196	0.00433	0.00837	0.03092	0.00797
15	0.03747	0.00605	0.00610	0.00607	0.00758	0.00616	0.00458	0.01449	0.01285	0.02299	0.01979	0.02287	0.01566	0.00897	0.03784	0.00185	0.00358	0.00577	0.75351	0.00583
16	0.01973	0.01401	0.01509	0.01219	0.01626	0.01524	0.00987	0.40983	0.15382	0.08076	0.02239	0.02180	0.07817	0.00839	0.00616	0.00189	0.00565	0.00661	0.09270	0.00947
17	0.04230	0.32050	0.02345	0.01473	0.06143	0.34829	0.01157	0.05726	0.01578	0.01713	0.00991	0.01149	0.00843	0.00600	0.00497	0.00153	0.00860	0.00395	0.02488	0.00781
