[name]
unknown

[dist]
# distance from previous block
# <min> <max>
0	26

[block]
# block no. 0 follows, 41 sequences, length 14
# corresponding to MSA columns:
# 126-139
name=unknown_A
#
# <colnr> <probs for GDERKNQSTAVLIFYWHMCP>
#	G	D	E	R	K	N	Q	S	T	A	V	L	I	F	Y	W	H	M	C	P
0	0.09519	0.02618	0.01493	0.33427	0.07333	0.03083	0.01222	0.04492	0.16988	0.01910	0.01518	0.02110	0.01263	0.00722	0.00568	0.00193	0.00623	0.08409	0.01800	0.00710
1	0.02782	0.01098	0.01587	0.38171	0.11988	0.03593	0.01311	0.07668	0.05048	0.01744	0.01211	0.01632	0.00974	0.01288	0.15221	0.00321	0.00866	0.00524	0.00316	0.02657
2	0.01482	0.01367	0.03607	0.18771	0.41995	0.01422	0.03288	0.15548	0.03186	0.02123	0.01149	0.01445	0.00903	0.00562	0.00571	0.00176	0.00692	0.00516	0.00338	0.00857
3	0.01263	0.01055	0.01361	0.10842	0.01716	0.01005	0.00904	0.01509	0.01152	0.06017	0.01041	0.01284	0.00852	0.00560	0.00707	0.00133	0.14251	0.00402	0.00334	0.53613
4	0.01345	0.01151	0.01537	0.38897	0.06487	0.04445	0.01249	0.15386	0.03943	0.04238	0.05035	0.02111	0.10303	0.00736	0.00587	0.00184	0.00646	0.00619	0.00393	0.00711
5	0.16340	0.00869	0.01062	0.00900	0.01220	0.00818	0.00714	0.02051	0.01416	0.42242	0.09243	0.16748	0.02108	0.00927	0.00575	0.00188	0.00429	0.00772	0.00605	0.00773
6	0.01033	0.00701	0.00998	0.14457	0.01487	0.00723	0.00781	0.01277	0.01327	0.10138	0.27400	0.10468	0.09312	0.01690	0.15290	0.00328	0.00628	0.00882	0.00493	0.00587
7	0.01233	0.00760	0.00969	0.00862	0.00959	0.00818	0.00618	0.01323	0.01068	0.15654	0.08820	0.03014	0.02038	0.43424	0.02071	0.00393	0.14272	0.00744	0.00426	0.00533
8	0.01198	0.00891	0.01091	0.01026	0.01273	0.00879	0.00855	0.15128	0.01508	0.02041	0.02243	0.04301	0.02305	0.08715	0.00888	0.00242	0.00531	0.39246	0.00485	0.15155
9	0.01938	0.00958	0.01221	0.00975	0.01360	0.00849	0.00779	0.09049	0.01557	0.42250	0.02093	0.15378	0.01681	0.00842	0.00573	0.00169	0.00461	0.00709	0.00594	0.16562
10	0.00782	0.00534	0.00638	0.00687	0.00699	0.00522	0.00414	0.00819	0.00928	0.01238	0.02296	0.31474	0.02703	0.51317	0.02113	0.00437	0.00473	0.01122	0.00414	0.00390
11	0.53634	0.00981	0.00843	0.00727	0.01066	0.01049	0.00588	0.01573	0.01054	0.02360	0.01039	0.01203	0.00821	0.00538	0.00375	0.00152	0.00406	0.00357	0.16087	0.15147
12	0.01772	0.01246	0.01374	0.01163	0.01533	0.01374	0.00925	0.15534	0.48527	0.16746	0.02147	0.01965	0.01547	0.00747	0.00579	0.00187	0.00490	0.00610	0.00604	0.00930
13	0.01196	0.00986	0.01657	0.15678	0.31992	0.01039	0.03447	0.01328	0.01062	0.01464	0.01031	0.01553	0.00908	0.01071	0.01211	0.30617	0.02377	0.00509	0.00265	0.00607

[dist]
# distance from previous block
# <min> <max>
0	5

[block]
# block no. 1 follows, 41 sequences, length 13
# corresponding to MSA columns:
# 145-157
name=unknown_B
#
# <colnr> <probs for GDERKNQSTAVLIFYWHMCP>
#	G	D	E	R	K	N	Q	S	T	A	V	L	I	F	Y	W	H	M	C	P
0	0.00888	0.00613	0.00727	0.00709	0.00886	0.00533	0.00524	0.01061	0.01346	0.07913	0.19960	0.22106	0.34357	0.01363	0.00669	0.00193	0.00317	0.01178	0.00559	0.04099
1	0.05713	0.01040	0.01475	0.01125	0.01566	0.00939	0.06897	0.05689	0.01631	0.61913	0.04499	0.01924	0.01450	0.00696	0.00578	0.00178	0.00523	0.00585	0.00650	0.00928
2	0.02306	0.00916	0.01244	0.00973	0.01370	0.00796	0.00796	0.02534	0.01634	0.65685	0.13200	0.02292	0.02006	0.00776	0.00590	0.00177	0.00455	0.00643	0.00696	0.00909
3	0.00705	0.00561	0.00633	0.00656	0.00801	0.00489	0.00476	0.00861	0.01310	0.01658	0.17630	0.23071	0.46169	0.01482	0.00689	0.00200	0.00296	0.01277	0.00549	0.00489
4	0.02566	0.00973	0.01327	0.01018	0.01460	0.00841	0.00841	0.02788	0.01637	0.76726	0.02257	0.01947	0.01416	0.00708	0.00575	0.00177	0.00487	0.00575	0.00708	0.00973
5	0.02256	0.12760	0.01568	0.01022	0.01452	0.01116	0.00864	0.05861	0.05865	0.54806	0.05068	0.01875	0.01479	0.00698	0.00549	0.00170	0.00501	0.00556	0.00622	0.00916
6	0.05276	0.01056	0.01346	0.01041	0.01471	0.00983	0.00858	0.13309	0.01769	0.60401	0.04942	0.01917	0.01477	0.00717	0.00571	0.00176	0.00498	0.00575	0.00672	0.00944
7	0.00801	0.00542	0.00633	0.00663	0.00670	0.00534	0.00388	0.00824	0.00891	0.01188	0.02107	0.20873	0.02465	0.62243	0.02418	0.00482	0.00504	0.01011	0.00388	0.00373
8	0.02534	0.01025	0.01360	0.01042	0.01486	0.00918	0.00861	0.08705	0.01724	0.70686	0.02184	0.01899	0.01379	0.00706	0.00575	0.00177	0.00499	0.00570	0.00697	0.00973
9	0.01242	0.00974	0.01327	0.26271	0.02114	0.02528	0.04719	0.11162	0.05555	0.03416	0.01758	0.10104	0.03845	0.00890	0.02900	0.00201	0.00588	0.00674	0.19073	0.00659
10	0.01659	0.61475	0.02577	0.00984	0.01440	0.04193	0.00936	0.01852	0.01273	0.12585	0.05455	0.01272	0.01110	0.00565	0.00420	0.00135	0.00585	0.00391	0.00338	0.00756
11	0.01381	0.13204	0.03244	0.02277	0.07986	0.01561	0.58221	0.01809	0.01319	0.01763	0.01098	0.01441	0.00851	0.00485	0.00622	0.00181	0.00892	0.00608	0.00282	0.00775
12	0.01269	0.01592	0.14386	0.22041	0.09061	0.04925	0.22939	0.01753	0.05453	0.01712	0.01162	0.01558	0.00907	0.00611	0.00669	0.02616	0.02329	0.01781	0.00292	0.02944

[dist]
# distance from previous block
# <min> <max>
0	1

[block]
# block no. 2 follows, 41 sequences, length 13
# corresponding to MSA columns:
# 159-171
name=unknown_C
#
# <colnr> <probs for GDERKNQSTAVLIFYWHMCP>
#	G	D	E	R	K	N	Q	S	T	A	V	L	I	F	Y	W	H	M	C	P
0	0.04774	0.03776	0.04172	0.05744	0.02300	0.06938	0.32609	0.09916	0.01368	0.01877	0.01036	0.01379	0.00826	0.00675	0.00924	0.02593	0.17501	0.00553	0.00311	0.00728
1	0.01037	0.00686	0.01008	0.00960	0.01096	0.00782	0.00757	0.01239	0.00998	0.09857	0.01574	0.02162	0.01394	0.03717	0.65044	0.00801	0.05367	0.00603	0.00349	0.00569
2	0.03463	0.13764	0.05365	0.01414	0.01791	0.09919	0.09365	0.19792	0.05090	0.07520	0.01168	0.01322	0.00906	0.00679	0.00793	0.00181	0.15797	0.00484	0.00389	0.00796
3	0.00794	0.00584	0.00744	0.00704	0.00845	0.00533	0.00528	0.01050	0.01583	0.02209	0.68085	0.04412	0.13393	0.01201	0.00675	0.00181	0.00272	0.01054	0.00619	0.00533
4	0.00959	0.00680	0.00828	0.00782	0.00937	0.00666	0.00579	0.01354	0.11137	0.05371	0.44026	0.07538	0.08923	0.10838	0.00939	0.00233	0.00349	0.02704	0.00578	0.00576
5	0.00776	0.00531	0.00640	0.00695	0.00709	0.00517	0.00423	0.00817	0.00940	0.01254	0.02359	0.34993	0.02782	0.47690	0.02012	0.00422	0.00463	0.01159	0.00423	0.00395
6	0.00726	0.00589	0.00649	0.00656	0.00832	0.00512	0.00506	0.00905	0.01360	0.01692	0.17589	0.05397	0.55912	0.01415	0.00688	0.00199	0.00312	0.09016	0.00548	0.00497
7	0.01559	0.01296	0.01370	0.01192	0.01539	0.01486	0.00938	0.15962	0.62152	0.02612	0.02155	0.01996	0.01606	0.00760	0.00580	0.00190	0.00485	0.00623	0.00580	0.00918
8	0.01251	0.01251	0.01752	0.01502	0.01502	0.01752	0.01251	0.01377	0.00876	0.01377	0.00751	0.01251	0.00751	0.01001	0.01877	0.00250	0.78851	0.00501	0.00250	0.00626
9	0.01834	0.01503	0.10001	0.01232	0.01658	0.01406	0.01082	0.46599	0.02143	0.09793	0.01730	0.15187	0.01481	0.00867	0.00597	0.00184	0.00588	0.00706	0.00540	0.00869
10	0.02479	0.01099	0.04994	0.01061	0.01524	0.00908	0.00914	0.06124	0.01666	0.69657	0.02156	0.01884	0.01362	0.00699	0.00574	0.00177	0.00511	0.00565	0.00679	0.00967
11	0.01251	0.01251	0.01752	0.01502	0.01502	0.01752	0.01251	0.01377	0.00876	0.01377	0.00751	0.01251	0.00751	0.01001	0.01877	0.00250	0.78851	0.00501	0.00250	0.00626
12	0.01232	0.02010	0.32826	0.14556	0.11903	0.01359	0.24346	0.01754	0.01253	0.01768	0.01071	0.01388	0.00797	0.00525	0.00592	0.00185	0.00849	0.00525	0.00263	0.00796

[dist]
# distance from previous block
# <min> <max>
0	13

[block]
# block no. 3 follows, 41 sequences, length 8
# corresponding to MSA columns:
# 185-192
name=unknown_D
#
# <colnr> <probs for GDERKNQSTAVLIFYWHMCP>
#	G	D	E	R	K	N	Q	S	T	A	V	L	I	F	Y	W	H	M	C	P
0	0.01899	0.15947	0.07428	0.01324	0.01731	0.32750	0.01132	0.22982	0.01783	0.02056	0.01054	0.01186	0.00840	0.00788	0.04504	0.00192	0.00853	0.00417	0.00363	0.00771
1	0.00694	0.00508	0.00653	0.00770	0.00823	0.00467	0.00519	0.00799	0.01120	0.01470	0.03473	0.70556	0.12545	0.01750	0.00724	0.00228	0.00327	0.01575	0.00531	0.00467
2	0.05425	0.01386	0.08269	0.10523	0.09900	0.01342	0.01170	0.28259	0.07958	0.02474	0.02040	0.02234	0.12182	0.00789	0.00583	0.00183	0.00592	0.03432	0.00456	0.00802
3	0.08407	0.07085	0.07292	0.01137	0.01511	0.01239	0.05352	0.14032	0.09942	0.11442	0.07109	0.02088	0.03135	0.03231	0.05092	0.00231	0.02613	0.03308	0.03142	0.02611
4	0.01280	0.01316	0.01730	0.06643	0.01708	0.08240	0.04436	0.01448	0.00984	0.01400	0.00873	0.01359	0.00821	0.01230	0.08907	0.00299	0.55933	0.00508	0.00262	0.00625
5	0.00697	0.00498	0.00664	0.00796	0.00830	0.00465	0.00531	0.00796	0.01095	0.01460	0.03153	0.79525	0.03783	0.01792	0.00730	0.00232	0.00332	0.01626	0.00531	0.00465
6	0.01701	0.07223	0.14678	0.08052	0.01787	0.02774	0.01114	0.06676	0.07339	0.27472	0.05685	0.06578	0.03138	0.02460	0.00620	0.00187	0.00578	0.00626	0.00497	0.00814
7	0.05201	0.04856	0.09773	0.10975	0.10975	0.01087	0.05571	0.02011	0.01371	0.30274	0.03492	0.08993	0.01419	0.00731	0.00574	0.00182	0.00596	0.00635	0.00470	0.00813

[dist]
# distance from previous block
# <min> <max>
0	1

[block]
# block no. 4 follows, 41 sequences, length 20
# corresponding to MSA columns:
# 194-213
name=unknown_E
#
# <colnr> <probs for GDERKNQSTAVLIFYWHMCP>
#	G	D	E	R	K	N	Q	S	T	A	V	L	I	F	Y	W	H	M	C	P
0	0.01716	0.01466	0.01966	0.06984	0.37811	0.10331	0.04004	0.12589	0.01573	0.11095	0.01268	0.01465	0.00968	0.00577	0.00560	0.00169	0.00691	0.00508	0.03397	0.00861
1	0.15057	0.01820	0.01655	0.01648	0.11783	0.31749	0.03974	0.03503	0.01308	0.01712	0.00920	0.01192	0.00785	0.00812	0.04179	0.00212	0.16273	0.00430	0.00301	0.00686
2	0.00871	0.00602	0.00761	0.00711	0.00870	0.00545	0.00537	0.01119	0.01569	0.05707	0.61133	0.04362	0.16675	0.01193	0.00670	0.00182	0.00283	0.01041	0.00617	0.00551
3	0.01736	0.01285	0.03411	0.10861	0.01879	0.04010	0.02936	0.20832	0.18434	0.16425	0.04956	0.02144	0.03074	0.00769	0.00593	0.00186	0.00580	0.04513	0.00533	0.00843
4	0.00835	0.00585	0.00782	0.00786	0.00867	0.00637	0.00571	0.00987	0.00948	0.01366	0.01887	0.05176	0.05218	0.22972	0.44938	0.00693	0.01062	0.00720	0.08500	0.00468
5	0.00829	0.00601	0.00759	0.02122	0.00922	0.00593	0.00582	0.01023	0.03206	0.01614	0.16428	0.14951	0.13436	0.16965	0.08299	0.02494	0.00511	0.11584	0.02599	0.00483
6	0.05249	0.01084	0.01292	0.00942	0.01437	0.00899	0.02991	0.07738	0.01339	0.07177	0.01126	0.01253	0.00887	0.00472	0.00451	0.00106	0.00463	0.00379	0.00383	0.64331
7	0.00768	0.00597	0.00700	0.00678	0.00838	0.00539	0.00507	0.01018	0.03564	0.01958	0.42331	0.07625	0.34208	0.01297	0.00675	0.00188	0.00286	0.01117	0.00584	0.00524
8	0.02082	0.01622	0.01707	0.01440	0.06204	0.06835	0.01110	0.58429	0.07712	0.04949	0.01411	0.01420	0.01018	0.00676	0.00569	0.00172	0.00644	0.00516	0.00540	0.00943
9	0.02073	0.01481	0.01607	0.01263	0.01695	0.01631	0.01033	0.55463	0.15652	0.09641	0.01620	0.01559	0.01150	0.00705	0.00574	0.00176	0.00585	0.00544	0.00586	0.00961
10	0.01213	0.01025	0.01192	0.00866	0.01356	0.00797	0.00691	0.04642	0.01249	0.01927	0.01104	0.03823	0.00951	0.00481	0.00440	0.00094	0.00430	0.00390	0.00356	0.76971
11	0.01234	0.01045	0.01212	0.00870	0.01376	0.00812	0.00698	0.05011	0.01260	0.01949	0.01034	0.01195	0.00853	0.00436	0.00431	0.00089	0.00434	0.00347	0.00350	0.79362
12	0.01192	0.00691	0.00901	0.00799	0.01004	0.00639	0.00616	0.01510	0.04785	0.17388	0.57909	0.03709	0.04433	0.01059	0.00650	0.00180	0.00322	0.00925	0.00643	0.00643
13	0.00730	0.00540	0.00758	0.00836	0.00898	0.00503	0.02771	0.00862	0.01166	0.01572	0.11897	0.68064	0.03890	0.01677	0.00722	0.00225	0.00344	0.01526	0.00536	0.00483
14	0.02018	0.01374	0.01515	0.01167	0.01603	0.01447	0.00958	0.50438	0.03919	0.12488	0.01500	0.01495	0.01066	0.00660	0.00544	0.00160	0.00559	0.00507	0.06341	0.10239
15	0.05600	0.01067	0.01223	0.00987	0.01364	0.02681	0.00799	0.14582	0.05818	0.24727	0.10680	0.02348	0.06092	0.00785	0.00564	0.00165	0.00474	0.04015	0.00558	0.15471
16	0.01264	0.06778	0.21419	0.11357	0.03124	0.08609	0.03178	0.04780	0.01253	0.01693	0.04409	0.08255	0.01260	0.00874	0.03140	0.00209	0.12895	0.00582	0.01967	0.02954
17	0.04501	0.11508	0.13249	0.03962	0.02157	0.07025	0.24990	0.01889	0.06874	0.05745	0.01257	0.03379	0.00997	0.00715	0.03536	0.00199	0.00787	0.00542	0.00333	0.06356
18	0.01439	0.08811	0.07098	0.01378	0.04560	0.09909	0.07654	0.03715	0.05944	0.08724	0.04070	0.09841	0.01480	0.07157	0.01005	0.00221	0.15256	0.00658	0.00382	0.00698
19	0.16912	0.16774	0.10867	0.01179	0.01520	0.08282	0.01087	0.03552	0.03281	0.05276	0.01019	0.01247	0.00844	0.00915	0.06088	0.00231	0.17980	0.00422	0.01825	0.00699

[dist]
# distance from previous block
# <min> <max>
3	15

[block]
# block no. 5 follows, 41 sequences, length 27
# corresponding to MSA columns:
# 230-256
name=unknown_F
#
# <colnr> <probs for GDERKNQSTAVLIFYWHMCP>
#	G	D	E	R	K	N	Q	S	T	A	V	L	I	F	Y	W	H	M	C	P
0	0.04455	0.08170	0.06202	0.01150	0.01564	0.01457	0.00990	0.37646	0.07311	0.04565	0.01599	0.07191	0.02524	0.04022	0.00649	0.00186	0.00571	0.02050	0.00489	0.07211
1	0.00892	0.07388	0.00827	0.00660	0.00708	0.00696	0.00412	0.00922	0.00886	0.01181	0.01787	0.07342	0.02031	0.66462	0.02498	0.00487	0.00539	0.00818	0.03072	0.00392
2	0.01749	0.01314	0.03525	0.07821	0.01750	0.01400	0.01030	0.44165	0.02052	0.07020	0.01629	0.12004	0.01392	0.02527	0.02876	0.00213	0.03226	0.00674	0.02812	0.00823
3	0.01186	0.01307	0.16308	0.06788	0.01879	0.00977	0.13054	0.04996	0.01320	0.08223	0.02077	0.24134	0.02078	0.01067	0.00662	0.00210	0.00624	0.11997	0.00432	0.00679
4	0.02833	0.03376	0.11479	0.17059	0.05933	0.01302	0.20033	0.01574	0.03268	0.01662	0.01282	0.08186	0.01128	0.00920	0.05156	0.00239	0.11007	0.00637	0.02231	0.00694
5	0.01378	0.01382	0.04727	0.09885	0.67687	0.01350	0.01753	0.01732	0.01286	0.01832	0.01069	0.01418	0.00888	0.00516	0.00566	0.00172	0.00692	0.00507	0.00279	0.00881
6	0.01297	0.01736	0.21475	0.19584	0.24976	0.04076	0.05039	0.03572	0.05494	0.01799	0.01156	0.01517	0.00912	0.00589	0.00607	0.00183	0.02926	0.01967	0.00295	0.00800
7	0.01248	0.01194	0.12027	0.10675	0.13753	0.00963	0.01163	0.03092	0.04043	0.11814	0.02616	0.09243	0.17199	0.00964	0.00623	0.00195	0.00553	0.07479	0.00443	0.00715
8	0.00720	0.00589	0.00631	0.00644	0.00808	0.00518	0.00474	0.00903	0.03290	0.01585	0.09032	0.14114	0.56130	0.05025	0.00785	0.00215	0.00317	0.03199	0.00529	0.00490
9	0.01437	0.01456	0.08529	0.01955	0.16076	0.01343	0.21135	0.05478	0.23549	0.06272	0.01794	0.01888	0.05076	0.00653	0.00605	0.00186	0.00670	0.00628	0.00421	0.00849
10	0.05505	0.01064	0.01647	0.22837	0.11758	0.01146	0.10106	0.01729	0.12281	0.04198	0.03271	0.02647	0.08710	0.00809	0.00614	0.00197	0.00621	0.09755	0.00399	0.00706
11	0.01253	0.08804	0.54435	0.01788	0.08341	0.04034	0.08103	0.01807	0.01230	0.01757	0.01012	0.01225	0.00753	0.00543	0.00573	0.00177	0.02649	0.00442	0.00251	0.00824
12	0.01241	0.01256	0.01746	0.01492	0.01538	0.04339	0.05312	0.01385	0.00948	0.01410	0.00985	0.07976	0.01017	0.01025	0.01662	0.00242	0.64925	0.00602	0.00278	0.00621
13	0.01095	0.01027	0.01730	0.72288	0.07995	0.01260	0.01581	0.01471	0.01157	0.01491	0.01071	0.01643	0.00835	0.00594	0.00577	0.00191	0.00752	0.02330	0.00263	0.00648
14	0.01317	0.01639	0.13228	0.11330	0.21638	0.05707	0.24045	0.01721	0.01256	0.01716	0.01079	0.01449	0.00859	0.00745	0.04686	0.00224	0.05769	0.00545	0.00275	0.00772
15	0.01193	0.02859	0.72509	0.01638	0.02464	0.01319	0.04368	0.01839	0.01224	0.03883	0.01065	0.01239	0.00748	0.00546	0.00548	0.00181	0.00839	0.00435	0.00256	0.00847
16	0.01066	0.00533	0.00533	0.00533	0.00666	0.00533	0.00400	0.01333	0.01200	0.02132	0.01866	0.02132	0.01466	0.00666	0.00400	0.00133	0.00267	0.00533	0.83073	0.00533
17	0.00847	0.00645	0.00842	0.00886	0.00960	0.00698	0.00641	0.01108	0.07468	0.01570	0.04991	0.47263	0.02917	0.03108	0.12398	0.00332	0.06945	0.01210	0.04645	0.00527
18	0.01783	0.01291	0.01412	0.01147	0.01504	0.01400	0.00919	0.47830	0.08519	0.06129	0.04461	0.11077	0.05849	0.03139	0.00668	0.00193	0.00540	0.00726	0.00567	0.00847
19	0.01703	0.00957	0.01096	0.00921	0.01228	0.05159	0.00730	0.08686	0.01629	0.32664	0.16162	0.06527	0.16539	0.01045	0.02123	0.00195	0.00467	0.00812	0.00607	0.00750
20	0.00810	0.00585	0.00733	0.00732	0.00842	0.00550	0.00540	0.01004	0.01365	0.01862	0.40759	0.07287	0.12221	0.17293	0.01147	0.00271	0.00367	0.10601	0.00544	0.00490
21	0.04685	0.09209	0.55321	0.03127	0.04942	0.01360	0.03300	0.01825	0.01235	0.06080	0.03114	0.01318	0.00898	0.00563	0.00530	0.00176	0.00767	0.00443	0.00286	0.00822
22	0.04575	0.11017	0.11594	0.15664	0.10598	0.07141	0.03417	0.16435	0.07172	0.03628	0.01222	0.01466	0.00948	0.00610	0.00539	0.00173	0.00699	0.01933	0.00366	0.00803
23	0.00726	0.00578	0.00651	0.00639	0.00805	0.00503	0.00477	0.00916	0.01413	0.01820	0.31776	0.07698	0.47258	0.01357	0.00677	0.00190	0.00284	0.01158	0.00568	0.00503
24	0.00832	0.00562	0.00660	0.00678	0.00694	0.00563	0.00416	0.00866	0.00890	0.01185	0.01970	0.07874	0.02254	0.66960	0.04747	0.00523	0.00568	0.07014	0.00370	0.00373
25	0.76821	0.03156	0.00940	0.03549	0.01226	0.01297	0.00669	0.01702	0.01001	0.04327	0.00840	0.00975	0.00647	0.00536	0.00368	0.00176	0.00459	0.00323	0.00356	0.00632
26	0.04039	0.38766	0.08393	0.01317	0.07063	0.14676	0.01127	0.05201	0.01352	0.08053	0.01022	0.01140	0.00828	0.00558	0.00487	0.00147	0.02664	0.00383	0.02019	0.00765

[dist]
# distance from previous block
# <min> <max>
4	6

[block]
# block no. 6 follows, 41 sequences, length 96
# corresponding to MSA columns:
# 263-273,293-377
name=unknown_G
#
# <colnr> <probs for GDERKNQSTAVLIFYWHMCP>
#	G	D	E	R	K	N	Q	S	T	A	V	L	I	F	Y	W	H	M	C	P
0	0.69818	0.03650	0.05294	0.00862	0.01251	0.03748	0.00755	0.05610	0.01105	0.02506	0.00843	0.00972	0.00651	0.00541	0.00382	0.00174	0.00499	0.00329	0.00354	0.00656
1	0.01565	0.75738	0.02917	0.01007	0.01486	0.06641	0.00986	0.01746	0.01189	0.01349	0.00800	0.00924	0.00734	0.00495	0.00376	0.00124	0.00636	0.00309	0.00248	0.00730
2	0.00938	0.00578	0.00694	0.00692	0.00741	0.00559	0.00431	0.00991	0.00995	0.07027	0.07105	0.17439	0.02563	0.54304	0.02184	0.00442	0.00490	0.00971	0.00427	0.00429
3	0.00716	0.00581	0.00635	0.00621	0.00797	0.00500	0.00466	0.00898	0.01398	0.01769	0.26829	0.05136	0.54923	0.01365	0.00676	0.00189	0.00284	0.01155	0.00561	0.00500
4	0.04705	0.00736	0.00915	0.00809	0.01039	0.00686	0.00633	0.04611	0.01585	0.18784	0.41412	0.05381	0.12132	0.01078	0.00640	0.00184	0.00352	0.03052	0.00617	0.00649
5	0.00685	0.00578	0.00582	0.00582	0.00764	0.00487	0.00429	0.00822	0.01276	0.01520	0.05562	0.05402	0.71797	0.06007	0.00806	0.00214	0.00305	0.01185	0.00520	0.00475
6	0.02137	0.02726	0.01621	0.01474	0.01768	0.77602	0.01105	0.02284	0.01621	0.01400	0.00884	0.01031	0.00737	0.00589	0.00516	0.00147	0.01031	0.00368	0.00295	0.00663
7	0.00832	0.00555	0.00624	0.00624	0.00624	0.00555	0.00347	0.00832	0.00832	0.01109	0.01802	0.03743	0.02080	0.79898	0.02911	0.00555	0.00555	0.00832	0.00347	0.00347
8	0.00832	0.00555	0.00624	0.00624	0.00624	0.00555	0.00347	0.00832	0.00832	0.01109	0.01802	0.03743	0.02080	0.79898	0.02911	0.00555	0.00555	0.00832	0.00347	0.00347
9	0.02556	0.00990	0.01338	0.01026	0.01469	0.00866	0.00847	0.04721	0.01666	0.74753	0.02233	0.01931	0.01404	0.00707	0.00575	0.00177	0.00491	0.00574	0.00704	0.00973
10	0.00704	0.00503	0.00672	0.00804	0.00841	0.00471	0.00543	0.00808	0.01102	0.01468	0.03149	0.77260	0.03768	0.01785	0.00732	0.00233	0.00338	0.03822	0.00531	0.00467
11	0.01147	0.02959	0.76934	0.01630	0.02476	0.01328	0.02113	0.01811	0.01208	0.01811	0.01026	0.01208	0.00725	0.00543	0.00543	0.00181	0.00845	0.00423	0.00242	0.00845
12	0.83938	0.01106	0.00841	0.00752	0.01106	0.01283	0.00619	0.01681	0.00973	0.02566	0.00796	0.00929	0.00619	0.00531	0.00354	0.00177	0.00442	0.00310	0.00354	0.00619
13	0.00996	0.00498	0.00739	0.00739	0.00743	0.00498	0.00494	0.00763	0.00759	0.01027	0.01019	0.01750	0.01008	0.01948	0.02181	0.80884	0.00490	0.00498	0.02710	0.00257
14	0.01897	0.01589	0.01719	0.01384	0.01692	0.07897	0.01137	0.46868	0.02064	0.02764	0.01149	0.01309	0.00888	0.00772	0.00956	0.00193	0.23924	0.00499	0.00454	0.00845
15	0.00702	0.00503	0.00659	0.00782	0.00818	0.00469	0.00519	0.00799	0.01090	0.01447	0.03173	0.73689	0.05981	0.05393	0.00829	0.00246	0.00341	0.01576	0.00522	0.00460
16	0.02553	0.00995	0.01341	0.01028	0.01471	0.00873	0.00849	0.05251	0.01673	0.74212	0.02226	0.01927	0.01401	0.00707	0.00575	0.00177	0.00492	0.00573	0.00703	0.00973
17	0.01147	0.02959	0.76934	0.01630	0.02476	0.01328	0.02113	0.01811	0.01208	0.01811	0.01026	0.01208	0.00725	0.00543	0.00543	0.00181	0.00845	0.00423	0.00242	0.00845
18	0.00804	0.00603	0.00847	0.00898	0.00978	0.00585	0.03753	0.03099	0.01185	0.01601	0.06078	0.63928	0.03509	0.01625	0.00739	0.00226	0.01923	0.04777	0.02337	0.00504
19	0.00830	0.00563	0.00665	0.00665	0.00679	0.00577	0.00398	0.00858	0.00844	0.01140	0.01765	0.03534	0.01989	0.69350	0.13335	0.00605	0.00691	0.00801	0.00341	0.00369
20	0.01289	0.03380	0.03810	0.23523	0.02817	0.03818	0.32778	0.03248	0.01250	0.01694	0.01085	0.01487	0.00846	0.00597	0.00777	0.00193	0.11448	0.00569	0.04688	0.00702
21	0.00767	0.00583	0.00706	0.00675	0.00829	0.00522	0.00506	0.00997	0.01519	0.02056	0.53723	0.04664	0.27851	0.01258	0.00675	0.00184	0.00276	0.01089	0.00598	0.00522
22	0.01168	0.03591	0.01893	0.54768	0.14819	0.01286	0.05161	0.01532	0.01182	0.01570	0.01026	0.01464	0.00796	0.00544	0.00558	0.00177	0.00729	0.00498	0.00267	0.06973
23	0.01066	0.00533	0.00533	0.00533	0.00666	0.00533	0.00400	0.01333	0.01200	0.02132	0.01866	0.02132	0.01466	0.00666	0.00400	0.00133	0.00267	0.00533	0.83073	0.00533
24	0.00798	0.00622	0.00731	0.00713	0.00878	0.00574	0.00542	0.01094	0.05749	0.01961	0.39105	0.06883	0.31683	0.01293	0.00678	0.00192	0.00304	0.05082	0.00581	0.00537
25	0.00780	0.00584	0.00723	0.00688	0.00836	0.00527	0.00516	0.01021	0.01548	0.02125	0.60232	0.04550	0.21299	0.01232	0.00675	0.00183	0.00274	0.01073	0.00607	0.00527
26	0.02064	0.00869	0.01169	0.00948	0.01298	0.00768	0.00761	0.02316	0.03286	0.55153	0.15899	0.08740	0.02350	0.00883	0.00606	0.00182	0.00433	0.00747	0.00676	0.00850
27	0.02547	0.01005	0.01347	0.01032	0.01476	0.00887	0.00853	0.06339	0.01689	0.73101	0.02213	0.01918	0.01394	0.00707	0.00575	0.00177	0.00494	0.00572	0.00701	0.00973
28	0.01186	0.01017	0.01186	0.00847	0.01356	0.00762	0.00678	0.01440	0.01186	0.01864	0.01017	0.01186	0.00847	0.00424	0.00424	0.00085	0.00424	0.00339	0.00339	0.83395
29	0.00817	0.00613	0.00919	0.00919	0.01021	0.00715	0.00715	0.01021	0.00919	0.01328	0.01532	0.02247	0.01430	0.04290	0.77631	0.00919	0.01532	0.00613	0.00306	0.00511
30	0.00813	0.00580	0.00743	0.00705	0.00819	0.00542	0.00510	0.01041	0.01497	0.02110	0.64543	0.04191	0.04884	0.13351	0.01021	0.00238	0.00314	0.01003	0.00586	0.00510
31	0.00796	0.00582	0.00748	0.00712	0.00848	0.00533	0.00532	0.01052	0.01580	0.02214	0.68730	0.06600	0.10515	0.01208	0.00676	0.00182	0.00273	0.01065	0.00620	0.00533
32	0.01227	0.01090	0.01205	0.00874	0.01373	0.04073	0.00696	0.01477	0.01205	0.01844	0.01011	0.01179	0.00842	0.00431	0.00428	0.00087	0.00450	0.00340	0.00337	0.79831
33	0.00817	0.00613	0.00919	0.00919	0.01021	0.00715	0.00715	0.01021	0.00919	0.01328	0.01532	0.02247	0.01430	0.04290	0.77631	0.00919	0.01532	0.00613	0.00306	0.00511
34	0.02142	0.01586	0.01698	0.01310	0.01761	0.01759	0.01079	0.71348	0.05817	0.03553	0.01414	0.01406	0.01006	0.00690	0.00573	0.00173	0.00622	0.00521	0.00573	0.00970
35	0.02343	0.00969	0.01297	0.00998	0.01438	0.00825	0.00823	0.02570	0.01571	0.65067	0.02127	0.01995	0.01405	0.00700	0.00563	0.00168	0.00480	0.02824	0.00656	0.11179
36	0.01188	0.01024	0.01204	0.00868	0.01360	0.00794	0.00696	0.01438	0.01176	0.01848	0.01008	0.01188	0.00844	0.00442	0.00469	0.00090	0.02897	0.00344	0.00336	0.80784
37	0.02158	0.01521	0.01654	0.01279	0.01727	0.01668	0.01053	0.63289	0.07485	0.09982	0.01516	0.01475	0.01064	0.00695	0.00573	0.00174	0.00605	0.00529	0.00585	0.00968
38	0.09430	0.01514	0.01590	0.01241	0.01672	0.01683	0.01018	0.62508	0.06192	0.03390	0.01381	0.01429	0.01007	0.02570	0.00609	0.00182	0.00602	0.00511	0.00548	0.00923
39	0.00832	0.00555	0.00624	0.00624	0.00624	0.00555	0.00347	0.00832	0.00832	0.01109	0.01802	0.03743	0.02080	0.79898	0.02911	0.00555	0.00555	0.00832	0.00347	0.00347
40	0.01169	0.04671	0.70578	0.01664	0.02484	0.01358	0.06630	0.01810	0.01216	0.01802	0.01029	0.01222	0.00734	0.00538	0.00548	0.00181	0.00847	0.00436	0.00245	0.00838
41	0.01072	0.00967	0.01580	0.65403	0.03434	0.01200	0.01434	0.01427	0.01142	0.01525	0.02763	0.01644	0.00940	0.00716	0.02812	0.00209	0.03828	0.00525	0.06758	0.00621
42	0.01256	0.01310	0.02542	0.16202	0.04608	0.01390	0.40628	0.01637	0.01212	0.01695	0.01113	0.01540	0.00879	0.00688	0.02676	0.00215	0.13857	0.00601	0.05247	0.00705
43	0.00832	0.00555	0.00624	0.00624	0.00624	0.00555	0.00347	0.00832	0.00832	0.01109	0.01802	0.03743	0.02080	0.79898	0.02911	0.00555	0.00555	0.00832	0.00347	0.00347
44	0.01269	0.01227	0.02125	0.34935	0.37590	0.01331	0.07714	0.01675	0.03352	0.01709	0.01093	0.01493	0.00866	0.00541	0.00578	0.00181	0.00732	0.00527	0.00280	0.00781
45	0.01486	0.01375	0.02279	0.07618	0.38800	0.03770	0.15497	0.06327	0.01382	0.06233	0.01209	0.03791	0.00993	0.00605	0.00681	0.00183	0.06035	0.00574	0.00331	0.00831
46	0.01411	0.04387	0.54784	0.01577	0.04246	0.06196	0.01808	0.08570	0.03743	0.06311	0.01158	0.01283	0.00826	0.00574	0.00544	0.00177	0.00794	0.00443	0.00314	0.00854
47	0.00820	0.00665	0.02099	0.00889	0.00930	0.00692	0.00642	0.00922	0.01018	0.01391	0.02465	0.47732	0.02889	0.16901	0.03511	0.00317	0.11498	0.03701	0.00444	0.00474
48	0.01191	0.01032	0.01249	0.00892	0.01402	0.00782	0.02779	0.01451	0.01191	0.01863	0.01021	0.01196	0.00848	0.00425	0.00431	0.00088	0.00439	0.00348	0.00337	0.81035
49	0.03894	0.07831	0.03896	0.00942	0.01094	0.02194	0.04478	0.01073	0.01124	0.01548	0.04762	0.50418	0.02880	0.05260	0.00802	0.00227	0.02909	0.01218	0.02919	0.00532
50	0.00697	0.00498	0.00664	0.00796	0.00830	0.00465	0.00531	0.00796	0.01095	0.01460	0.03153	0.79525	0.03783	0.01792	0.00730	0.00232	0.00332	0.01626	0.00531	0.00465
51	0.00830	0.00632	0.00944	0.00937	0.01036	0.00746	0.00731	0.01032	0.00918	0.01329	0.01509	0.02217	0.01410	0.04191	0.75363	0.00899	0.03848	0.00609	0.00305	0.00514
52	0.01401	0.03564	0.07783	0.15469	0.47525	0.07790	0.04803	0.01758	0.01294	0.01743	0.01043	0.01379	0.00849	0.00527	0.00561	0.00172	0.00746	0.00493	0.00276	0.00826
53	0.00864	0.00669	0.00999	0.05448	0.01206	0.00798	0.00785	0.01076	0.00939	0.01364	0.01470	0.02147	0.01355	0.03780	0.66588	0.00816	0.05652	0.00598	0.02923	0.00525
54	0.00736	0.00514	0.00652	0.00746	0.00769	0.00491	0.00477	0.00807	0.01018	0.01358	0.02758	0.57374	0.03285	0.24622	0.01368	0.00326	0.00397	0.01394	0.00477	0.00430
55	0.01339	0.01450	0.02922	0.02504	0.18296	0.01418	0.50546	0.01784	0.02937	0.01815	0.01279	0.01629	0.03141	0.00556	0.00725	0.00192	0.05739	0.00644	0.00299	0.00785
56	0.01219	0.09623	0.66849	0.01548	0.02340	0.01402	0.01955	0.01856	0.03109	0.03459	0.01067	0.01223	0.00767	0.00548	0.00530	0.00176	0.00807	0.00422	0.00261	0.00840
57	0.05060	0.01030	0.01340	0.01029	0.01472	0.00928	0.00849	0.08502	0.01689	0.66465	0.02106	0.01848	0.01340	0.00693	0.00564	0.00174	0.00495	0.00556	0.00676	0.03186
58	0.01374	0.03244	0.01329	0.00945	0.01414	0.00964	0.00769	0.08507	0.01337	0.06337	0.01101	0.01245	0.00883	0.00502	0.00533	0.00109	0.05177	0.00378	0.00375	0.63478
59	0.01386	0.02799	0.01125	0.00913	0.01246	0.00945	0.00720	0.08250	0.16819	0.13103	0.04275	0.08836	0.15462	0.00893	0.00567	0.00166	0.00419	0.00743	0.04084	0.17250
60	0.25402	0.16605	0.01655	0.01162	0.01498	0.32616	0.00944	0.03940	0.03658	0.01814	0.00893	0.01038	0.00742	0.00587	0.00527	0.00159	0.05406	0.00361	0.00316	0.00678
61	0.01348	0.01426	0.08756	0.02758	0.50490	0.01306	0.03211	0.01901	0.12158	0.01926	0.01429	0.01947	0.01222	0.00645	0.00589	0.00183	0.00654	0.06844	0.00345	0.00864
62	0.00789	0.00580	0.00739	0.00707	0.00844	0.00530	0.00527	0.01037	0.01560	0.02170	0.64694	0.07658	0.13577	0.01229	0.00677	0.00184	0.00275	0.01080	0.00614	0.00530
63	0.19766	0.00947	0.00832	0.00749	0.00986	0.05819	0.00588	0.11408	0.01379	0.02382	0.01497	0.01690	0.01163	0.00634	0.00420	0.00149	0.00404	0.00470	0.48095	0.00620
64	0.00994	0.00497	0.00745	0.00745	0.00745	0.00497	0.00497	0.00745	0.00745	0.00994	0.00994	0.01739	0.00994	0.01987	0.02235	0.83358	0.00497	0.00497	0.00248	0.00248
65	0.03901	0.04034	0.06475	0.05139	0.42131	0.07666	0.01486	0.08465	0.09671	0.03707	0.01231	0.01434	0.00974	0.00570	0.00551	0.00171	0.00678	0.00498	0.00350	0.00867
66	0.01507	0.75752	0.07293	0.01017	0.01527	0.02209	0.01045	0.01718	0.01165	0.01373	0.00809	0.00934	0.00733	0.00492	0.00377	0.00126	0.00625	0.00313	0.00244	0.00741
67	0.00785	0.00584	0.00730	0.00694	0.00839	0.00529	0.00520	0.01031	0.01561	0.02155	0.62985	0.04501	0.18527	0.01221	0.00675	0.00182	0.00274	0.01067	0.00611	0.00529
68	0.00917	0.00807	0.03185	0.00789	0.01026	0.00733	0.00634	0.01409	0.17381	0.03564	0.06658	0.06916	0.47162	0.01267	0.00657	0.00197	0.00362	0.05195	0.00540	0.00601
69	0.01251	0.01251	0.01752	0.01502	0.01502	0.01752	0.01251	0.01377	0.00876	0.01377	0.00751	0.01251	0.00751	0.01001	0.01877	0.00250	0.78851	0.00501	0.00250	0.00626
70	0.00994	0.00497	0.00745	0.00745	0.00745	0.00497	0.00497	0.00745	0.00745	0.00994	0.00994	0.01739	0.00994	0.01987	0.02235	0.83358	0.00497	0.00497	0.00248	0.00248
71	0.00922	0.00658	0.00922	0.01053	0.01185	0.00658	0.00922	0.01185	0.01317	0.01712	0.03029	0.06452	0.03292	0.01580	0.00790	0.00263	0.00527	0.72480	0.00527	0.00527
72	0.00994	0.00497	0.00745	0.00745	0.00745	0.00497	0.00497	0.00745	0.00745	0.00994	0.00994	0.01739	0.00994	0.01987	0.02235	0.83358	0.00497	0.00497	0.00248	0.00248
73	0.01391	0.01024	0.01217	0.00880	0.01379	0.00795	0.00708	0.03253	0.01279	0.11809	0.01189	0.01291	0.00925	0.00467	0.00447	0.00099	0.00437	0.00374	0.00393	0.70642
74	0.00697	0.00498	0.00664	0.00796	0.00830	0.00465	0.00531	0.00796	0.01095	0.01460	0.03153	0.79525	0.03783	0.01792	0.00730	0.00232	0.00332	0.01626	0.00531	0.00465
75	0.00832	0.00555	0.00624	0.00624	0.00624	0.00555	0.00347	0.00832	0.00832	0.01109	0.01802	0.03743	0.02080	0.79898	0.02911	0.00555	0.00555	0.00832	0.00347	0.00347
76	0.01455	0.01168	0.01276	0.01155	0.01466	0.01320	0.00921	0.08806	0.55652	0.05105	0.02347	0.02694	0.01894	0.00883	0.00611	0.00202	0.00480	0.11129	0.00578	0.00858
77	0.01207	0.14949	0.65464	0.01529	0.02319	0.01473	0.01937	0.01796	0.01201	0.01739	0.00991	0.01163	0.00726	0.00535	0.00516	0.00172	0.00809	0.00405	0.00242	0.00828
78	0.01635	0.22071	0.18203	0.05813	0.01937	0.20079	0.01305	0.12809	0.03269	0.01832	0.01022	0.01186	0.00814	0.00685	0.02638	0.00180	0.03031	0.00411	0.00316	0.00766
79	0.00994	0.00497	0.00745	0.00745	0.00745	0.00497	0.00497	0.00745	0.00745	0.00994	0.00994	0.01739	0.00994	0.01987	0.02235	0.83358	0.00497	0.00497	0.00248	0.00248
80	0.72914	0.01156	0.04026	0.00797	0.01169	0.01234	0.00687	0.01739	0.01030	0.06829	0.00928	0.01041	0.00699	0.00546	0.00376	0.00176	0.00456	0.00338	0.03215	0.00646
81	0.01915	0.01559	0.05982	0.03586	0.01794	0.01609	0.01107	0.56154	0.08832	0.03176	0.01512	0.05554	0.01166	0.00735	0.00576	0.00176	0.00610	0.00576	0.00537	0.02844
82	0.00994	0.00497	0.00745	0.00745	0.00745	0.00497	0.00497	0.00745	0.00745	0.00994	0.00994	0.01739	0.00994	0.01987	0.02235	0.83358	0.00497	0.00497	0.00248	0.00248
83	0.01080	0.01017	0.01716	0.78523	0.03940	0.01271	0.01589	0.01461	0.01144	0.01461	0.01017	0.01525	0.00762	0.00572	0.00572	0.00191	0.00762	0.00508	0.00254	0.00635
84	0.01803	0.01604	0.03140	0.04607	0.01740	0.15757	0.03547	0.38877	0.02013	0.02592	0.01396	0.05978	0.01141	0.01033	0.07338	0.00236	0.00769	0.00565	0.05069	0.00796
85	0.01382	0.39591	0.16901	0.01166	0.01613	0.08982	0.01171	0.01686	0.03107	0.01519	0.03481	0.08403	0.01238	0.00710	0.00561	0.00160	0.05202	0.02111	0.00302	0.00712
86	0.01382	0.24339	0.15009	0.05662	0.04822	0.05173	0.01113	0.06913	0.03029	0.03491	0.03469	0.01557	0.01129	0.03216	0.02851	0.00187	0.00635	0.00466	0.14838	0.00718
87	0.00697	0.00498	0.00664	0.00796	0.00830	0.00465	0.00531	0.00796	0.01095	0.01460	0.03153	0.79525	0.03783	0.01792	0.00730	0.00232	0.00332	0.01626	0.00531	0.00465
88	0.01837	0.02218	0.01736	0.01683	0.09034	0.51783	0.03443	0.02012	0.01427	0.01452	0.00917	0.01174	0.00790	0.00807	0.04075	0.00201	0.14023	0.00424	0.00286	0.00677
89	0.00703	0.00502	0.00671	0.00803	0.00839	0.00470	0.00542	0.00807	0.01101	0.01467	0.03149	0.77533	0.03770	0.01786	0.00732	0.00233	0.00337	0.03557	0.00531	0.00466
90	0.02143	0.01572	0.01683	0.01294	0.01742	0.01738	0.01068	0.72336	0.02647	0.03563	0.01387	0.01395	0.00987	0.00686	0.00567	0.00171	0.00619	0.00515	0.02928	0.00960
91	0.01479	0.01012	0.01198	0.00901	0.01330	0.00869	0.00723	0.08288	0.01377	0.14082	0.01342	0.01492	0.01041	0.02995	0.00578	0.00131	0.02683	0.00430	0.07830	0.50219
92	0.00856	0.00544	0.00643	0.00670	0.00771	0.00531	0.00479	0.00996	0.01101	0.01608	0.02815	0.18751	0.17189	0.07248	0.10980	0.06811	0.00489	0.00923	0.26123	0.00470
93	0.01199	0.01014	0.01182	0.00861	0.01347	0.00784	0.00686	0.03922	0.01234	0.01906	0.01121	0.04567	0.00978	0.00492	0.00442	0.00094	0.00427	0.00400	0.00355	0.76988
94	0.00816	0.00551	0.00644	0.00659	0.00668	0.00553	0.00387	0.00838	0.00866	0.01160	0.01939	0.12160	0.02236	0.67085	0.06674	0.00538	0.00582	0.00909	0.00365	0.00369
95	0.01499	0.01148	0.01262	0.01138	0.01456	0.01289	0.00900	0.02840	0.60511	0.10307	0.02386	0.02516	0.01854	0.00843	0.00601	0.00199	0.00463	0.07320	0.00590	0.00877

[dist]
# distance from previous block
# <min> <max>
0	2

[block]
# block no. 7 follows, 41 sequences, length 23
# corresponding to MSA columns:
# 380-402
name=unknown_H
#
# <colnr> <probs for GDERKNQSTAVLIFYWHMCP>
#	G	D	E	R	K	N	Q	S	T	A	V	L	I	F	Y	W	H	M	C	P
0	0.01529	0.80242	0.02997	0.00979	0.01468	0.02263	0.00979	0.01713	0.01162	0.01346	0.00795	0.00918	0.00734	0.00489	0.00367	0.00122	0.00612	0.00306	0.00245	0.00734
1	0.01186	0.01017	0.01186	0.00847	0.01356	0.00762	0.00678	0.01440	0.01186	0.01864	0.01017	0.01186	0.00847	0.00424	0.00424	0.00085	0.00424	0.00339	0.00339	0.83395
2	0.00810	0.00585	0.00765	0.00720	0.00855	0.00540	0.00540	0.01079	0.01619	0.02294	0.76028	0.04273	0.05397	0.01169	0.00675	0.00180	0.00270	0.01034	0.00630	0.00540
3	0.01423	0.01229	0.01293	0.01164	0.01487	0.01423	0.00905	0.03039	0.75297	0.02393	0.02328	0.02134	0.01746	0.00776	0.00582	0.00194	0.00453	0.00647	0.00582	0.00905
4	0.42608	0.13406	0.01444	0.01016	0.01389	0.19090	0.00838	0.09256	0.01340	0.03814	0.00907	0.01018	0.00717	0.00558	0.00420	0.00161	0.00624	0.00349	0.00354	0.00690
5	0.00712	0.00526	0.00691	0.00803	0.00846	0.00504	0.00546	0.00815	0.01103	0.01463	0.03261	0.72117	0.08639	0.01745	0.00761	0.00230	0.02681	0.01564	0.00523	0.00471
6	0.01186	0.01017	0.01186	0.00847	0.01356	0.00762	0.00678	0.01440	0.01186	0.01864	0.01017	0.01186	0.00847	0.00424	0.00424	0.00085	0.00424	0.00339	0.00339	0.83395
7	0.01137	0.00913	0.01040	0.01030	0.02812	0.00981	0.00770	0.03427	0.35309	0.03590	0.06011	0.19521	0.12323	0.01162	0.00648	0.00206	0.00414	0.07439	0.00557	0.00709
8	0.00935	0.00520	0.00749	0.00753	0.00772	0.00528	0.00509	0.00802	0.00828	0.01121	0.04533	0.05613	0.01477	0.10495	0.10591	0.57948	0.00601	0.00620	0.00295	0.00311
9	0.01230	0.01230	0.01618	0.03625	0.01514	0.05815	0.01172	0.01376	0.00932	0.01373	0.00884	0.01397	0.00853	0.01463	0.13210	0.00344	0.60582	0.00510	0.00261	0.00611
10	0.01286	0.27215	0.19626	0.01200	0.03597	0.04939	0.01183	0.06195	0.01352	0.01748	0.07387	0.06560	0.05984	0.00822	0.00543	0.00172	0.00619	0.08502	0.00362	0.00709
11	0.01135	0.01053	0.01584	0.60839	0.03298	0.05449	0.01404	0.01410	0.01107	0.01393	0.00995	0.01514	0.00791	0.00776	0.00841	0.11117	0.03953	0.00499	0.00256	0.00586
12	0.01252	0.05526	0.08453	0.00995	0.01401	0.00908	0.02533	0.03544	0.04349	0.08960	0.03672	0.18020	0.01682	0.00882	0.02180	0.00166	0.00500	0.00691	0.00423	0.33863
13	0.04748	0.01475	0.15363	0.02821	0.03866	0.01077	0.12143	0.06574	0.01330	0.06992	0.01216	0.03520	0.00974	0.02360	0.00573	0.00154	0.00615	0.00486	0.00357	0.33354
14	0.02202	0.01559	0.01690	0.01295	0.01752	0.01709	0.01070	0.69456	0.02616	0.08675	0.01435	0.01413	0.01003	0.00688	0.00572	0.00172	0.00620	0.00519	0.00582	0.00973
15	0.01186	0.01017	0.01186	0.00847	0.01356	0.00762	0.00678	0.01440	0.01186	0.01864	0.01017	0.01186	0.00847	0.00424	0.00424	0.00085	0.00424	0.00339	0.00339	0.83395
16	0.00765	0.00581	0.00794	0.03027	0.02712	0.00579	0.00638	0.00897	0.01134	0.01518	0.06065	0.61892	0.06513	0.01642	0.00771	0.00228	0.03808	0.05433	0.00509	0.00494
17	0.00719	0.00515	0.00684	0.00781	0.00835	0.00479	0.00533	0.00852	0.01198	0.01625	0.17526	0.64683	0.04101	0.01669	0.00719	0.00222	0.00320	0.01509	0.00550	0.00479
18	0.00712	0.00509	0.00681	0.00814	0.00854	0.00478	0.00558	0.00823	0.01110	0.01477	0.03144	0.74526	0.03749	0.01777	0.00734	0.00234	0.00345	0.06473	0.00531	0.00469
19	0.00883	0.00695	0.01073	0.01203	0.09272	0.00786	0.00829	0.01102	0.00961	0.01387	0.01482	0.02156	0.01373	0.03876	0.69189	0.00837	0.01439	0.00602	0.00304	0.00554
20	0.72328	0.01115	0.00906	0.00806	0.01159	0.01284	0.00658	0.01865	0.09137	0.04890	0.01010	0.01093	0.00768	0.00563	0.00386	0.00179	0.00445	0.00355	0.00390	0.00662
21	0.01022	0.00600	0.00701	0.00667	0.00715	0.00586	0.00401	0.01046	0.00920	0.09393	0.01852	0.03546	0.02007	0.71222	0.02655	0.00513	0.00547	0.00804	0.00386	0.00415
22	0.02010	0.01490	0.01592	0.01235	0.01664	0.01632	0.01016	0.66359	0.02538	0.03379	0.01858	0.01826	0.09203	0.00770	0.00584	0.00174	0.00592	0.00591	0.00568	0.00919

[dist]
# distance from previous block
# <min> <max>
0	76

[block]
# block no. 8 follows, 41 sequences, length 37
# corresponding to MSA columns:
# 479-515
name=unknown_I
#
# <colnr> <probs for GDERKNQSTAVLIFYWHMCP>
#	G	D	E	R	K	N	Q	S	T	A	V	L	I	F	Y	W	H	M	C	P
0	0.01544	0.01463	0.02146	0.10571	0.50954	0.06880	0.03327	0.12471	0.01515	0.02049	0.01102	0.01396	0.00888	0.00547	0.00567	0.00171	0.00713	0.00504	0.00324	0.00868
1	0.01240	0.02704	0.65042	0.01687	0.02483	0.01317	0.10060	0.01862	0.01245	0.05506	0.01102	0.01281	0.00775	0.00545	0.00560	0.00182	0.00841	0.00458	0.00270	0.00843
2	0.00834	0.00720	0.00736	0.00705	0.00876	0.05474	0.00528	0.01040	0.01476	0.01897	0.39324	0.04623	0.37177	0.01259	0.00665	0.00184	0.00328	0.01070	0.00563	0.00522
3	0.00802	0.00579	0.00758	0.00725	0.00853	0.00535	0.00539	0.01061	0.01585	0.02240	0.71338	0.09116	0.05293	0.01209	0.00678	0.00183	0.00274	0.01073	0.00623	0.00535
4	0.01138	0.05253	0.69703	0.01564	0.02350	0.01318	0.01987	0.01757	0.01188	0.01766	0.01052	0.01265	0.00770	0.00783	0.05499	0.00227	0.00882	0.00431	0.00246	0.00820
5	0.01034	0.00562	0.00634	0.03754	0.00846	0.00585	0.00490	0.01286	0.01152	0.01980	0.01771	0.02114	0.01423	0.01149	0.10222	0.01962	0.00452	0.00541	0.67512	0.00529
6	0.01155	0.00983	0.01152	0.00844	0.01322	0.00743	0.00668	0.01399	0.01180	0.01838	0.01154	0.06228	0.01036	0.00512	0.00443	0.00094	0.00418	0.00422	0.00351	0.78057
7	0.41902	0.30473	0.01710	0.00874	0.01290	0.01585	0.00784	0.01848	0.01137	0.12534	0.01001	0.01068	0.00774	0.00540	0.00390	0.00157	0.00512	0.00346	0.00363	0.00712
8	0.00817	0.00613	0.00919	0.00919	0.01021	0.00715	0.00715	0.01021	0.00919	0.01328	0.01532	0.02247	0.01430	0.04290	0.77631	0.00919	0.01532	0.00613	0.00306	0.00511
9	0.00994	0.00497	0.00745	0.00745	0.00745	0.00497	0.00497	0.00745	0.00745	0.00994	0.00994	0.01739	0.00994	0.01987	0.02235	0.83358	0.00497	0.00497	0.00248	0.00248
10	0.01186	0.01017	0.01186	0.00847	0.01356	0.00762	0.00678	0.01440	0.01186	0.01864	0.01017	0.01186	0.00847	0.00424	0.00424	0.00085	0.00424	0.00339	0.00339	0.83395
11	0.01759	0.01318	0.01532	0.01224	0.01587	0.01423	0.04608	0.50693	0.02173	0.02935	0.01644	0.12757	0.01441	0.03802	0.04473	0.00229	0.00633	0.00695	0.02345	0.02730
12	0.03576	0.01846	0.01762	0.05920	0.15703	0.26203	0.01228	0.27064	0.03099	0.04675	0.01159	0.01298	0.00887	0.00622	0.00578	0.00167	0.02518	0.00466	0.00404	0.00826
13	0.01245	0.00751	0.00929	0.00815	0.01048	0.00707	0.00634	0.04960	0.06439	0.17100	0.42595	0.03715	0.14615	0.01070	0.00644	0.00182	0.00345	0.00919	0.00625	0.00662
14	0.01219	0.01131	0.01702	0.44290	0.02863	0.01454	0.01407	0.07470	0.01181	0.01611	0.01010	0.03368	0.00851	0.00756	0.01015	0.00210	0.26986	0.00534	0.00286	0.00656
15	0.00897	0.00606	0.00779	0.00723	0.00881	0.00551	0.00547	0.01152	0.01591	0.06446	0.65251	0.04256	0.11808	0.01169	0.00669	0.00181	0.00284	0.01025	0.00625	0.00559
16	0.01118	0.00583	0.00589	0.00570	0.00718	0.00591	0.00432	0.04771	0.01270	0.02202	0.01843	0.02097	0.01443	0.00667	0.00408	0.00135	0.00284	0.00532	0.79192	0.00554
