[name]
unknown

[dist]
# distance from previous block
# <min> <max>
0	352

[block]
# block no. 0 follows, 47 sequences, length 21
# corresponding to MSA columns:
# 429-449
name=unknown_A
#
# <colnr> <probs for GDERKNQSTAVLIFYWHMCP>
#	G	D	E	R	K	N	Q	S	T	A	V	L	I	F	Y	W	H	M	C	P
0	0.01069	0.00644	0.00855	0.00854	0.01030	0.00611	0.00710	0.03202	0.01324	0.14508	0.17579	0.07728	0.09534	0.01210	0.00650	0.00203	0.00404	0.36804	0.00527	0.00554
1	0.00636	0.00483	0.00580	0.00651	0.00731	0.00434	0.00448	0.00742	0.01066	0.01366	0.05978	0.50266	0.28432	0.04743	0.00727	0.00210	0.00296	0.01307	0.00479	0.00426
2	0.01012	0.00814	0.01221	0.30462	0.09719	0.00885	0.01045	0.04471	0.01216	0.05235	0.07100	0.05972	0.12374	0.00895	0.00584	0.00185	0.00523	0.15324	0.00382	0.00581
3	0.01097	0.01239	0.09159	0.43028	0.19969	0.01206	0.13879	0.01475	0.01110	0.01498	0.00959	0.01342	0.00736	0.00492	0.00533	0.00169	0.00715	0.00481	0.00241	0.00672
4	0.02336	0.00886	0.01209	0.00927	0.01329	0.00765	0.00765	0.02538	0.01491	0.78810	0.02055	0.01773	0.01289	0.00645	0.00524	0.00161	0.00443	0.00524	0.00645	0.00886
5	0.00637	0.00462	0.00602	0.00708	0.00752	0.00427	0.00477	0.00737	0.01031	0.01366	0.06144	0.72605	0.08957	0.01585	0.00659	0.00207	0.00297	0.01430	0.00487	0.00427
6	0.01103	0.06158	0.56860	0.01750	0.14464	0.01243	0.05879	0.01621	0.01128	0.01649	0.02838	0.01203	0.00798	0.00498	0.00500	0.00161	0.00728	0.00419	0.00237	0.00763
7	0.00751	0.00643	0.00820	0.00986	0.13234	0.00580	0.00611	0.00937	0.01251	0.01606	0.20795	0.04163	0.49472	0.01125	0.00599	0.00170	0.00317	0.00962	0.00467	0.00513
8	0.01014	0.00957	0.01617	0.72725	0.11070	0.01165	0.01461	0.01357	0.01056	0.01368	0.00931	0.01378	0.00707	0.00515	0.00520	0.00172	0.00687	0.00463	0.00234	0.00603
9	0.00983	0.00926	0.01562	0.80447	0.03587	0.01157	0.01446	0.01331	0.01041	0.01331	0.00926	0.01388	0.00694	0.00521	0.00521	0.00174	0.00694	0.00463	0.00231	0.00579
10	0.10985	0.01248	0.06451	0.05230	0.35512	0.02378	0.09731	0.01805	0.01217	0.18666	0.01187	0.01345	0.00876	0.00508	0.00505	0.00160	0.00602	0.00467	0.00347	0.00779
11	0.00864	0.00632	0.00934	0.00807	0.00985	0.00579	0.07598	0.01114	0.01423	0.06367	0.60138	0.05222	0.09252	0.01011	0.00610	0.00167	0.00318	0.00909	0.00540	0.00529
12	0.01645	0.01019	0.01174	0.01001	0.01328	0.01085	0.00794	0.02633	0.48480	0.29157	0.04361	0.01941	0.01583	0.00695	0.00530	0.00171	0.00418	0.00576	0.00572	0.00836
13	0.03226	0.01087	0.09137	0.08605	0.08229	0.00914	0.02706	0.05926	0.02856	0.34730	0.08504	0.06522	0.01588	0.00713	0.00540	0.00168	0.00505	0.02803	0.00485	0.00755
14	0.08932	0.02408	0.65175	0.01416	0.02112	0.01202	0.04948	0.03066	0.01120	0.01756	0.02683	0.01155	0.00757	0.00507	0.00487	0.00165	0.00724	0.00399	0.00245	0.00743
15	0.00944	0.00641	0.00726	0.00676	0.00880	0.00590	0.00519	0.01254	0.09897	0.11866	0.15397	0.07354	0.43728	0.01137	0.00597	0.00175	0.00307	0.02238	0.00524	0.00550
16	0.00686	0.00480	0.00583	0.00644	0.00671	0.00459	0.00405	0.00740	0.00907	0.01198	0.02508	0.42669	0.07926	0.35954	0.01513	0.00335	0.00386	0.01144	0.00411	0.00378
17	0.01117	0.01147	0.06944	0.09725	0.49011	0.01059	0.01359	0.01429	0.01211	0.01718	0.15065	0.05052	0.01652	0.00628	0.00539	0.00161	0.00555	0.00587	0.00319	0.00721
18	0.05166	0.10706	0.43374	0.01212	0.01794	0.01202	0.01391	0.06811	0.01268	0.14519	0.06723	0.01383	0.01085	0.00564	0.00485	0.00158	0.00625	0.00438	0.00341	0.00756
19	0.01965	0.00918	0.01206	0.00964	0.01283	0.00895	0.00788	0.09687	0.01469	0.52885	0.05332	0.02016	0.01461	0.05327	0.00767	0.00190	0.07945	0.03550	0.00565	0.00790
20	0.00749	0.00532	0.00720	0.00829	0.00901	0.00520	0.00648	0.00907	0.01077	0.01415	0.02698	0.35921	0.03073	0.09005	0.00878	0.00253	0.00411	0.38556	0.00466	0.00442

[dist]
# distance from previous block
# <min> <max>
0	1

[block]
# block no. 1 follows, 47 sequences, length 6
# corresponding to MSA columns:
# 451-456
name=unknown_B
#
# <colnr> <probs for GDERKNQSTAVLIFYWHMCP>
#	G	D	E	R	K	N	Q	S	T	A	V	L	I	F	Y	W	H	M	C	P
0	0.03863	0.00996	0.01535	0.39798	0.11347	0.01126	0.04816	0.09305	0.03678	0.04179	0.03212	0.02010	0.01177	0.00661	0.00546	0.00177	0.00617	0.09978	0.00332	0.00647
1	0.17109	0.01225	0.11318	0.01738	0.28377	0.01050	0.01154	0.01725	0.01147	0.18856	0.01212	0.01375	0.00912	0.00903	0.09477	0.00236	0.00647	0.00444	0.00353	0.00742
2	0.57552	0.05360	0.01023	0.00811	0.01147	0.10068	0.00665	0.01764	0.01064	0.15029	0.00958	0.01012	0.00704	0.00515	0.00374	0.00155	0.00479	0.00329	0.00365	0.00628
3	0.06050	0.01159	0.01802	0.25938	0.41843	0.01258	0.01417	0.11090	0.01287	0.01828	0.00983	0.01289	0.00779	0.00503	0.00507	0.00161	0.00623	0.00454	0.00287	0.00744
4	0.00775	0.00517	0.00628	0.00648	0.00714	0.00489	0.00433	0.00864	0.01011	0.04511	0.12265	0.24314	0.11397	0.34166	0.01460	0.00320	0.00387	0.04256	0.00433	0.00411
5	0.46619	0.01217	0.01136	0.00923	0.01290	0.01376	0.00762	0.36471	0.01612	0.02776	0.00969	0.01034	0.00713	0.00549	0.00415	0.00159	0.00482	0.00369	0.00415	0.00713

[dist]
# distance from previous block
# <min> <max>
0	1

[block]
# block no. 2 follows, 47 sequences, length 11
# corresponding to MSA columns:
# 458-468
name=unknown_C
#
# <colnr> <probs for GDERKNQSTAVLIFYWHMCP>
#	G	D	E	R	K	N	Q	S	T	A	V	L	I	F	Y	W	H	M	C	P
0	0.00764	0.00657	0.00836	0.01009	0.12884	0.00587	0.00636	0.00932	0.01160	0.01471	0.03916	0.12919	0.48205	0.01176	0.00600	0.00175	0.00345	0.06012	0.00438	0.05278
1	0.01290	0.01148	0.01193	0.03757	0.01429	0.04363	0.00833	0.02550	0.64467	0.02067	0.01911	0.01800	0.01443	0.00662	0.00513	0.00165	0.00440	0.00547	0.00488	0.08933
2	0.00744	0.00558	0.00837	0.00837	0.00930	0.00651	0.00651	0.00930	0.00837	0.01209	0.01395	0.02046	0.01302	0.03906	0.79635	0.00837	0.01395	0.00558	0.00279	0.00465
3	0.01644	0.01118	0.01234	0.00987	0.01322	0.01187	0.00801	0.43367	0.06211	0.11587	0.09736	0.02089	0.10295	0.00756	0.00534	0.00159	0.00462	0.00604	0.05140	0.00769
4	0.01453	0.04242	0.07560	0.09237	0.11776	0.08326	0.05566	0.02184	0.29015	0.12916	0.01520	0.01551	0.01123	0.00591	0.00516	0.00164	0.00579	0.00502	0.00407	0.00772
5	0.01774	0.06696	0.01561	0.01453	0.08972	0.59522	0.01025	0.05209	0.01439	0.01405	0.00959	0.05743	0.00859	0.00593	0.00480	0.00140	0.00833	0.00418	0.00289	0.00630
6	0.00653	0.00476	0.00615	0.00692	0.00755	0.00438	0.00477	0.00779	0.01111	0.01489	0.18214	0.58433	0.10970	0.01488	0.00650	0.00198	0.00287	0.01335	0.00501	0.00438
7	0.02874	0.00705	0.00833	0.00789	0.00970	0.00720	0.00612	0.01477	0.20191	0.05032	0.37675	0.06767	0.09879	0.01029	0.00596	0.00177	0.00325	0.08226	0.00539	0.00583
8	0.07919	0.13809	0.07096	0.01104	0.01532	0.06323	0.00979	0.39213	0.01830	0.13497	0.01197	0.01203	0.00858	0.00576	0.00473	0.00150	0.00576	0.00420	0.00442	0.00804
9	0.01090	0.01134	0.07761	0.41002	0.10391	0.05716	0.01256	0.02565	0.03747	0.01487	0.01083	0.02637	0.00868	0.00708	0.02897	0.03703	0.02469	0.00473	0.08410	0.00605
10	0.00693	0.00500	0.00667	0.00771	0.00839	0.00474	0.00572	0.00835	0.01089	0.01440	0.07568	0.52678	0.07512	0.01529	0.00673	0.00214	0.00343	0.20670	0.00488	0.00443

[dist]
# distance from previous block
# <min> <max>
0	1

[block]
# block no. 3 follows, 47 sequences, length 16
# corresponding to MSA columns:
# 470-485
name=unknown_D
#
# <colnr> <probs for GDERKNQSTAVLIFYWHMCP>
#	G	D	E	R	K	N	Q	S	T	A	V	L	I	F	Y	W	H	M	C	P
0	0.20272	0.05263	0.01205	0.00896	0.01274	0.02944	0.00731	0.17895	0.06307	0.10212	0.01228	0.05106	0.00980	0.00575	0.00437	0.00138	0.00455	0.00434	0.00410	0.23237
1	0.09367	0.30225	0.11092	0.01091	0.05205	0.02771	0.03143	0.01640	0.01124	0.10908	0.02572	0.01133	0.00849	0.00494	0.00439	0.00131	0.02297	0.00364	0.00308	0.14846
2	0.00757	0.00505	0.00568	0.00568	0.00568	0.00505	0.00316	0.00757	0.00757	0.01010	0.01641	0.03408	0.01893	0.81698	0.02651	0.00505	0.00505	0.00757	0.00316	0.00316
3	0.00704	0.00545	0.00645	0.00633	0.00775	0.00494	0.00475	0.00932	0.03600	0.01764	0.40770	0.09659	0.32413	0.01201	0.00619	0.00174	0.00269	0.03321	0.00529	0.00477
4	0.01392	0.82012	0.02729	0.00891	0.01337	0.02061	0.00891	0.01559	0.01058	0.01225	0.00724	0.00835	0.00668	0.00446	0.00334	0.00111	0.00557	0.00278	0.00223	0.00668
5	0.00919	0.00812	0.01264	0.24639	0.01833	0.00990	0.04643	0.01112	0.00902	0.01248	0.01186	0.05441	0.01143	0.12771	0.20571	0.02165	0.17010	0.00579	0.00267	0.00504
6	0.00700	0.00527	0.00647	0.00625	0.00757	0.00474	0.00466	0.00908	0.01375	0.01871	0.55209	0.07865	0.24349	0.01159	0.00617	0.00169	0.00253	0.01009	0.00545	0.00474
7	0.00780	0.00559	0.00764	0.00837	0.00945	0.00543	0.00687	0.00999	0.01248	0.01677	0.24424	0.16383	0.03613	0.01360	0.00681	0.00214	0.00386	0.42919	0.00507	0.00475
8	0.00682	0.00564	0.00602	0.00586	0.00758	0.00501	0.00442	0.00917	0.05771	0.01598	0.20702	0.04590	0.57993	0.01228	0.00610	0.00173	0.00269	0.01035	0.00506	0.00474
9	0.08413	0.02088	0.46023	0.01755	0.09550	0.01235	0.20306	0.01639	0.01121	0.01718	0.00950	0.01171	0.00700	0.00477	0.00512	0.00166	0.00750	0.00441	0.00243	0.00740
10	0.02336	0.00886	0.01209	0.00927	0.01329	0.00765	0.00765	0.02538	0.01491	0.78810	0.02055	0.01773	0.01289	0.00645	0.00524	0.00161	0.00443	0.00524	0.00645	0.00886
11	0.02108	0.00836	0.01135	0.00888	0.01251	0.00726	0.00726	0.02316	0.01488	0.67867	0.12912	0.02075	0.01806	0.00704	0.00537	0.00162	0.00415	0.00583	0.00634	0.00830
12	0.01994	0.01237	0.05126	0.01108	0.03254	0.06730	0.00913	0.21713	0.04498	0.40466	0.01638	0.01554	0.01109	0.00816	0.05205	0.00199	0.00588	0.00492	0.00529	0.00831
13	0.00761	0.00544	0.00749	0.00870	0.00955	0.00532	0.00703	0.00944	0.01122	0.01471	0.02800	0.34713	0.03168	0.01512	0.00698	0.00229	0.00412	0.46877	0.00481	0.00458
14	0.01241	0.01188	0.02027	0.15414	0.66610	0.01225	0.01574	0.01556	0.01163	0.01643	0.00971	0.01305	0.00804	0.00473	0.00516	0.00158	0.00631	0.00464	0.00254	0.00786
15	0.05464	0.01134	0.03363	0.35721	0.15217	0.04235	0.12116	0.04189	0.01190	0.04481	0.04826	0.03640	0.01032	0.00563	0.00529	0.00168	0.00658	0.00523	0.00296	0.00655

[dist]
# distance from previous block
# <min> <max>
1	3

[block]
# block no. 4 follows, 47 sequences, length 74
# corresponding to MSA columns:
# 489-562
name=unknown_E
#
# <colnr> <probs for GDERKNQSTAVLIFYWHMCP>
#	G	D	E	R	K	N	Q	S	T	A	V	L	I	F	Y	W	H	M	C	P
0	0.02768	0.12956	0.54883	0.07273	0.02140	0.01312	0.01634	0.04519	0.01156	0.05345	0.00968	0.01119	0.00700	0.00502	0.00474	0.00158	0.00706	0.00384	0.00255	0.00748
1	0.00754	0.00525	0.00642	0.00643	0.00681	0.00530	0.00408	0.00807	0.00811	0.01108	0.01702	0.11592	0.01910	0.55348	0.16685	0.00518	0.00644	0.00782	0.00327	0.03583
2	0.01813	0.01257	0.05872	0.01238	0.06316	0.01212	0.02675	0.37220	0.03487	0.22790	0.03690	0.07312	0.01286	0.00696	0.00535	0.00163	0.00528	0.00571	0.00513	0.00825
3	0.08111	0.09042	0.10382	0.03329	0.01655	0.14255	0.07228	0.06085	0.06863	0.01610	0.00916	0.01145	0.00757	0.00645	0.00854	0.00176	0.25587	0.00422	0.00284	0.00655
4	0.01554	0.01181	0.01413	0.01150	0.01471	0.01271	0.06246	0.48793	0.03936	0.02620	0.01693	0.18817	0.01568	0.00877	0.00570	0.00175	0.00527	0.04896	0.00492	0.00748
5	0.01665	0.01296	0.01434	0.07837	0.01692	0.01450	0.00967	0.46325	0.23738	0.02741	0.01459	0.01453	0.01066	0.00630	0.00518	0.00161	0.00530	0.00497	0.00491	0.04048
6	0.00757	0.00508	0.00582	0.00582	0.00587	0.00513	0.00333	0.00766	0.00761	0.01020	0.01628	0.03337	0.01862	0.77624	0.06683	0.00522	0.00551	0.00747	0.00314	0.00323
7	0.01856	0.02297	0.01421	0.01285	0.01548	0.70699	0.00967	0.04846	0.01513	0.01412	0.06623	0.01172	0.00997	0.00580	0.00482	0.00137	0.00873	0.00386	0.00301	0.00606
8	0.01461	0.01816	0.00970	0.00816	0.01053	0.00703	0.00631	0.06626	0.03083	0.32473	0.21231	0.15974	0.02587	0.07241	0.00734	0.00197	0.00384	0.00805	0.00557	0.00659
9	0.00983	0.00926	0.01562	0.80447	0.03587	0.01157	0.01446	0.01331	0.01041	0.01331	0.00926	0.01388	0.00694	0.00521	0.00521	0.00174	0.00694	0.00463	0.00231	0.00579
10	0.02250	0.00867	0.01181	0.00912	0.01300	0.00751	0.00751	0.02454	0.01490	0.74666	0.06166	0.01887	0.01485	0.00667	0.00529	0.00161	0.00432	0.00546	0.00641	0.00865
11	0.01184	0.01149	0.01864	0.35130	0.44898	0.03801	0.01516	0.01503	0.01136	0.01534	0.00951	0.01319	0.00766	0.00490	0.00516	0.00162	0.00661	0.00459	0.00247	0.00716
12	0.01651	0.00991	0.01178	0.01017	0.02696	0.01034	0.00788	0.12890	0.27523	0.28033	0.03256	0.06824	0.01539	0.03541	0.03346	0.01278	0.00477	0.00612	0.00541	0.00786
13	0.00802	0.00535	0.00691	0.00670	0.00771	0.00541	0.00493	0.00988	0.01122	0.03047	0.30734	0.03008	0.04415	0.14699	0.23013	0.00401	0.00612	0.00736	0.12259	0.00461
14	0.00622	0.00514	0.00547	0.00568	0.00715	0.00438	0.00415	0.00750	0.01159	0.01411	0.06841	0.19374	0.62107	0.01371	0.00625	0.00182	0.00271	0.01167	0.00486	0.00438
15	0.01336	0.25229	0.25810	0.01399	0.01933	0.04443	0.18194	0.03533	0.01185	0.07326	0.01019	0.02714	0.00800	0.00515	0.00507	0.00152	0.02468	0.00439	0.00277	0.00719
16	0.03232	0.32811	0.26591	0.03102	0.01781	0.08031	0.04875	0.06313	0.03284	0.01567	0.00888	0.01034	0.00709	0.00505	0.00476	0.00144	0.03328	0.00364	0.00257	0.00707
17	0.01828	0.01354	0.01453	0.01143	0.01523	0.01500	0.00933	0.64240	0.09401	0.03056	0.01411	0.04524	0.01068	0.00672	0.00522	0.00159	0.00536	0.00521	0.03306	0.00848
18	0.31744	0.03322	0.04381	0.05174	0.12579	0.27146	0.03684	0.01716	0.01160	0.01763	0.00838	0.01020	0.00674	0.00501	0.00427	0.00151	0.00656	0.00355	0.02082	0.00629
19	0.00759	0.00529	0.00680	0.00654	0.00761	0.00491	0.00474	0.00959	0.01345	0.03379	0.59713	0.10759	0.06031	0.10158	0.00845	0.00207	0.00284	0.00965	0.00536	0.00472
20	0.00854	0.00559	0.00730	0.00672	0.00818	0.00511	0.00510	0.01094	0.01468	0.07824	0.70672	0.03759	0.06449	0.01039	0.00607	0.00164	0.00261	0.00914	0.00576	0.00520
21	0.01199	0.05160	0.14374	0.00929	0.01434	0.02744	0.00877	0.03077	0.01144	0.05997	0.00985	0.01110	0.00776	0.00430	0.00414	0.00101	0.00479	0.00336	0.00312	0.58121
22	0.00656	0.00469	0.00602	0.00692	0.00747	0.00433	0.00472	0.00771	0.01064	0.01433	0.10297	0.64042	0.10141	0.01509	0.00644	0.00200	0.00291	0.01356	0.03749	0.00433
23	0.00672	0.00530	0.00605	0.00586	0.00738	0.00464	0.00440	0.00856	0.01319	0.01721	0.38914	0.04494	0.44404	0.01202	0.00615	0.00170	0.00255	0.01026	0.00525	0.00464
24	0.01086	0.01030	0.01747	0.54510	0.28722	0.01184	0.01497	0.01420	0.01090	0.01455	0.00944	0.01355	0.00738	0.00502	0.00519	0.00167	0.00669	0.00463	0.00240	0.00661
25	0.00905	0.00452	0.00678	0.00678	0.00678	0.00452	0.00452	0.00678	0.00678	0.00905	0.00905	0.01583	0.00905	0.01809	0.02035	0.84848	0.00452	0.00452	0.00226	0.00226
26	0.00665	0.00471	0.00617	0.00723	0.00756	0.00447	0.00489	0.00756	0.00982	0.01306	0.02705	0.65759	0.03213	0.11827	0.00922	0.00251	0.00341	0.06896	0.00462	0.00414
27	0.01289	0.01237	0.02114	0.03196	0.78450	0.01237	0.01598	0.01598	0.01186	0.01701	0.00980	0.01289	0.00825	0.00464	0.00516	0.00155	0.00619	0.00464	0.00258	0.00825
28	0.01129	0.01124	0.01575	0.01353	0.01356	0.01570	0.01127	0.01245	0.00799	0.01252	0.00702	0.01163	0.00700	0.00990	0.03742	0.00244	0.78675	0.00458	0.00229	0.00567
29	0.01857	0.02341	0.01560	0.01384	0.01647	0.70645	0.04639	0.02005	0.01419	0.01292	0.00809	0.00975	0.00677	0.00557	0.00559	0.00142	0.06264	0.00357	0.00265	0.00606
30	0.08428	0.02992	0.12675	0.01240	0.03341	0.06324	0.01099	0.38541	0.01774	0.09077	0.01134	0.01205	0.00824	0.00612	0.00609	0.00163	0.08323	0.00433	0.00417	0.00790
31	0.00677	0.00488	0.00638	0.00739	0.00795	0.00461	0.00527	0.00794	0.01039	0.01368	0.04302	0.56565	0.08906	0.06536	0.00793	0.00231	0.00341	0.13898	0.00474	0.00428
32	0.01706	0.01319	0.01410	0.01133	0.01509	0.01467	0.00918	0.48050	0.28440	0.02836	0.01539	0.01484	0.01125	0.00644	0.00519	0.00160	0.00510	0.00504	0.00516	0.04210
33	0.00753	0.00569	0.00834	0.00823	0.00915	0.00653	0.00637	0.00941	0.00913	0.01314	0.10820	0.02276	0.01742	0.04996	0.66433	0.00732	0.03260	0.00606	0.00315	0.00468
34	0.01153	0.01057	0.01113	0.00820	0.01266	0.07360	0.00650	0.01376	0.01113	0.01661	0.00915	0.01068	0.00763	0.00398	0.00393	0.00082	0.00432	0.00311	0.00305	0.77762
35	0.01159	0.01262	0.03977	0.24435	0.12364	0.01272	0.40901	0.01544	0.01148	0.01557	0.00988	0.01367	0.00760	0.00488	0.00624	0.00175	0.04509	0.00541	0.00251	0.00678
36	0.00625	0.00528	0.00540	0.00537	0.00709	0.00444	0.00403	0.00765	0.01209	0.01458	0.10741	0.04928	0.72741	0.01300	0.00615	0.00175	0.00262	0.01087	0.00490	0.00444
37	0.47470	0.00952	0.00968	0.00795	0.01154	0.00984	0.00656	0.01991	0.01162	0.37246	0.01332	0.01269	0.00895	0.00557	0.00414	0.00161	0.00421	0.00392	0.00469	0.00711
38	0.01364	0.01355	0.02136	0.02867	0.61689	0.06975	0.08925	0.05243	0.01272	0.01743	0.00987	0.01273	0.00813	0.00475	0.00522	0.00155	0.00665	0.00470	0.00272	0.00800
39	0.00654	0.00485	0.00611	0.00672	0.00751	0.00442	0.00469	0.00787	0.01140	0.01515	0.20309	0.49640	0.17727	0.01445	0.00644	0.00194	0.00282	0.01288	0.00504	0.00442
40	0.00637	0.00530	0.00558	0.00556	0.00723	0.00451	0.00420	0.00786	0.01224	0.01498	0.14502	0.04892	0.66825	0.01290	0.00618	0.00176	0.00267	0.03104	0.00495	0.00447
41	0.01054	0.06668	0.00743	0.00586	0.00747	0.00683	0.00459	0.06839	0.01184	0.01944	0.01676	0.07495	0.01402	0.00669	0.00395	0.00130	0.00295	0.00540	0.65966	0.00524
42	0.01138	0.00785	0.01051	0.01186	0.10282	0.02002	0.00842	0.08684	0.01299	0.10235	0.02289	0.22187	0.02384	0.03091	0.00683	0.00211	0.00467	0.30125	0.00469	0.00590
43	0.01724	0.01160	0.01320	0.01159	0.07116	0.01242	0.00870	0.45164	0.03557	0.10461	0.01430	0.01475	0.01037	0.00613	0.00486	0.00149	0.00486	0.00480	0.19282	0.00790
44	0.09685	0.04969	0.01582	0.25745	0.19784	0.01236	0.01176	0.14248	0.02742	0.04850	0.01088	0.01386	0.00852	0.00543	0.00486	0.00158	0.00576	0.02082	0.02404	0.04409
45	0.69027	0.02893	0.04595	0.02703	0.01135	0.01150	0.00663	0.03276	0.00985	0.02257	0.06559	0.01109	0.00908	0.00531	0.00362	0.00161	0.00423	0.00345	0.00336	0.00579
46	0.01670	0.31881	0.02009	0.01371	0.09657	0.42502	0.01026	0.01835	0.01290	0.01301	0.00793	0.00938	0.00686	0.00495	0.00424	0.00128	0.00763	0.00328	0.00250	0.00651
47	0.00652	0.00477	0.00619	0.00712	0.00770	0.00435	0.00483	0.00754	0.01024	0.01367	0.04877	0.71585	0.08215	0.01552	0.00650	0.00203	0.00301	0.01400	0.00479	0.03444
48	0.10957	0.24046	0.42257	0.03235	0.01854	0.01426	0.03014	0.01612	0.02791	0.01612	0.00917	0.02478	0.00726	0.00505	0.00438	0.00151	0.00653	0.00375	0.00246	0.00707
49	0.01632	0.01222	0.01455	0.06636	0.09947	0.01328	0.00998	0.41051	0.12162	0.07124	0.01546	0.07021	0.02598	0.00691	0.00531	0.00163	0.00529	0.00567	0.00474	0.02325
50	0.00644	0.00520	0.00572	0.00577	0.00725	0.00449	0.00426	0.00795	0.01227	0.01543	0.20550	0.13410	0.54139	0.01300	0.00621	0.00177	0.00264	0.01109	0.00503	0.00449
51	0.01059	0.01010	0.01619	0.65126	0.13504	0.02945	0.01432	0.01441	0.04117	0.01413	0.00978	0.01387	0.00747	0.00521	0.00519	0.00170	0.00678	0.00465	0.00248	0.00622
52	0.03003	0.07209	0.05347	0.32564	0.02356	0.04032	0.07596	0.06211	0.05437	0.01584	0.01342	0.01704	0.06021	0.00630	0.00595	0.00168	0.06006	0.03227	0.00301	0.04669
53	0.00809	0.00641	0.00887	0.15010	0.01374	0.00691	0.00758	0.01075	0.06512	0.01433	0.03755	0.33997	0.05571	0.06365	0.00791	0.00225	0.02480	0.16712	0.00425	0.00490
54	0.01251	0.00686	0.00838	0.00728	0.00967	0.00621	0.00570	0.03536	0.04435	0.25559	0.23706	0.04871	0.26631	0.00992	0.00577	0.00167	0.00329	0.00837	0.02077	0.00620
55	0.01154	0.05844	0.50318	0.03450	0.12843	0.01248	0.04157	0.07221	0.01215	0.01743	0.01061	0.02857	0.00842	0.00552	0.00508	0.00164	0.00706	0.03093	0.00264	0.00758
56	0.00885	0.00460	0.00671	0.00669	0.00675	0.00458	0.00444	0.00699	0.00723	0.00969	0.04666	0.01830	0.01171	0.07763	0.02013	0.74463	0.00446	0.00499	0.00249	0.00246
57	0.00634	0.00453	0.00604	0.00725	0.00755	0.00423	0.00483	0.00725	0.00997	0.01329	0.02870	0.81358	0.03444	0.01632	0.00665	0.00211	0.00302	0.01480	0.00483	0.00423
58	0.01250	0.01198	0.02043	0.13047	0.68904	0.01227	0.01579	0.01564	0.01167	0.01654	0.00973	0.01302	0.00808	0.00471	0.00516	0.00157	0.00628	0.00464	0.00254	0.00793
59	0.03136	0.01350	0.01495	0.01305	0.07300	0.01500	0.00987	0.51434	0.21011	0.02873	0.01438	0.01419	0.01051	0.00631	0.00519	0.00161	0.00534	0.00495	0.00500	0.00860
60	0.00773	0.00728	0.00654	0.00634	0.00815	0.07911	0.00476	0.00956	0.03362	0.01495	0.13256	0.04413	0.60287	0.01199	0.00599	0.00171	0.00329	0.00995	0.00475	0.00472
61	0.01012	0.00958	0.01318	0.05257	0.01330	0.03395	0.00976	0.01162	0.00846	0.01245	0.00980	0.03055	0.00945	0.01893	0.27559	0.00425	0.46352	0.00507	0.00251	0.00533
62	0.00733	0.00532	0.00691	0.00651	0.00776	0.00490	0.00488	0.00975	0.01465	0.02066	0.75759	0.03927	0.07343	0.01073	0.00614	0.00164	0.00246	0.00947	0.00570	0.00490
63	0.01237	0.03397	0.02032	0.16975	0.62921	0.01246	0.01552	0.01549	0.01156	0.01622	0.00963	0.01294	0.00797	0.00474	0.00511	0.00157	0.00631	0.00459	0.00252	0.00776
64	0.80560	0.01023	0.00805	0.00710	0.01037	0.01179	0.00585	0.04579	0.00960	0.03715	0.00770	0.00879	0.00590	0.00492	0.00334	0.00161	0.00410	0.00294	0.00336	0.00583
65	0.02444	0.09156	0.34553	0.34901	0.04494	0.01252	0.01569	0.01490	0.01077	0.01496	0.02370	0.01251	0.00758	0.00511	0.00491	0.00163	0.00698	0.00419	0.00234	0.00672
66	0.00912	0.06807	0.04625	0.00743	0.00865	0.00771	0.00559	0.07041	0.00954	0.01287	0.01490	0.04589	0.01585	0.48254	0.16920	0.00487	0.00693	0.00660	0.00318	0.00441
67	0.00629	0.00489	0.00572	0.00633	0.00732	0.00433	0.00443	0.00742	0.01097	0.01386	0.06057	0.44255	0.37732	0.01473	0.00641	0.00194	0.00283	0.01291	0.00486	0.00433
68	0.83518	0.01004	0.00775	0.00690	0.01014	0.01159	0.00568	0.01553	0.00900	0.04049	0.00755	0.00867	0.00580	0.00487	0.00327	0.00161	0.00404	0.00287	0.00329	0.00571
69	0.00870	0.03519	0.00896	0.10863	0.01185	0.00647	0.00642	0.01094	0.01298	0.06225	0.45091	0.11441	0.06518	0.02932	0.04301	0.00207	0.00391	0.00874	0.00489	0.00517
70	0.01169	0.00686	0.00872	0.00767	0.00975	0.00653	0.00595	0.01557	0.10931	0.19507	0.51449	0.03168	0.03678	0.00925	0.00583	0.00165	0.00311	0.00803	0.00584	0.00622
71	0.00685	0.00487	0.00641	0.00746	0.00792	0.00464	0.00528	0.00793	0.01012	0.01338	0.02768	0.57377	0.04845	0.10395	0.00892	0.00248	0.00356	0.14747	0.00464	0.00422
72	0.01087	0.00786	0.04594	0.00840	0.01054	0.00703	0.00680	0.01514	0.15147	0.14490	0.15390	0.22762	0.11067	0.01101	0.00599	0.00185	0.00368	0.06507	0.00521	0.00607
73	0.01197	0.01176	0.01845	0.35742	0.42480	0.05619	0.01501	0.01512	0.01141	0.01521	0.00947	0.01311	0.00761	0.00492	0.00515	0.00161	0.00669	0.00456	0.00247	0.00708

[dist]
# distance from previous block
# <min> <max>
0	1

[block]
# block no. 5 follows, 47 sequences, length 195
# corresponding to MSA columns:
# 564-758
name=unknown_F
#
# <colnr> <probs for GDERKNQSTAVLIFYWHMCP>
#	G	D	E	R	K	N	Q	S	T	A	V	L	I	F	Y	W	H	M	C	P
0	0.52619	0.01199	0.08821	0.01087	0.08403	0.01181	0.00870	0.01638	0.02230	0.09203	0.00912	0.01042	0.00692	0.00539	0.00502	0.00167	0.07568	0.00352	0.00331	0.00643
1	0.23262	0.19502	0.19228	0.01003	0.03101	0.01277	0.00994	0.03826	0.01078	0.01796	0.02690	0.01065	0.00783	0.00549	0.02068	0.00149	0.00545	0.00341	0.00284	0.16458
2	0.01641	0.08365	0.01444	0.01118	0.01425	0.34149	0.00884	0.19479	0.04384	0.01905	0.09386	0.01484	0.03118	0.00630	0.00504	0.00141	0.01906	0.00458	0.01706	0.05873
3	0.00660	0.00515	0.00576	0.00585	0.00707	0.00456	0.00416	0.00790	0.01158	0.01473	0.18283	0.15235	0.43875	0.11876	0.00890	0.00222	0.00297	0.01078	0.00478	0.00431
4	0.00652	0.00459	0.00611	0.00721	0.00753	0.00431	0.00483	0.00737	0.00993	0.01326	0.04181	0.73596	0.03342	0.04543	0.00772	0.02364	0.00316	0.02830	0.00472	0.00416
5	0.10472	0.16852	0.28554	0.01373	0.03714	0.07863	0.12426	0.05659	0.01181	0.01683	0.00944	0.02613	0.00763	0.02079	0.00525	0.00161	0.01761	0.00419	0.00266	0.00694
6	0.01021	0.00979	0.01693	0.60547	0.09923	0.01162	0.07482	0.01355	0.01054	0.01384	0.00985	0.02959	0.00786	0.00649	0.03020	0.00195	0.03463	0.00498	0.00243	0.00603
7	0.05589	0.01434	0.03169	0.05272	0.04041	0.05825	0.00998	0.53237	0.03477	0.02781	0.01157	0.01217	0.00846	0.00581	0.00496	0.00150	0.00578	0.00439	0.00450	0.08262
8	0.00887	0.05655	0.00950	0.08409	0.01161	0.06621	0.00659	0.01092	0.05436	0.01360	0.03951	0.31042	0.13912	0.10647	0.00874	0.00223	0.03390	0.02842	0.00403	0.00487
9	0.01255	0.09873	0.51320	0.03058	0.11587	0.02732	0.01641	0.01727	0.01152	0.09426	0.01031	0.01168	0.00746	0.00503	0.00485	0.00158	0.00699	0.00399	0.00269	0.00772
10	0.01106	0.02448	0.65102	0.01509	0.02210	0.03177	0.08427	0.01680	0.02410	0.03136	0.01040	0.01297	0.00772	0.00527	0.00513	0.00168	0.00762	0.02717	0.00246	0.00754
11	0.00645	0.00467	0.00608	0.00716	0.00762	0.00434	0.00489	0.00744	0.01016	0.01338	0.03030	0.69823	0.09437	0.03528	0.00711	0.00217	0.00312	0.04818	0.00479	0.00424
12	0.01358	0.45913	0.21174	0.01129	0.01599	0.10010	0.01179	0.03199	0.01121	0.01380	0.00792	0.00944	0.00672	0.00509	0.00503	0.00137	0.07137	0.00329	0.00234	0.00683
13	0.01231	0.08019	0.56905	0.01473	0.03483	0.14546	0.04002	0.01716	0.01166	0.01558	0.00903	0.01067	0.00669	0.00496	0.00484	0.00156	0.00784	0.00378	0.00230	0.00734
14	0.00705	0.00592	0.00623	0.00625	0.00806	0.00539	0.00485	0.00976	0.08473	0.01497	0.04701	0.04813	0.62748	0.01273	0.00619	0.00183	0.00301	0.09073	0.00488	0.00481
15	0.00721	0.00543	0.00668	0.00634	0.00772	0.00495	0.00476	0.00964	0.02871	0.01938	0.60417	0.04103	0.21241	0.01115	0.00613	0.00167	0.00253	0.00970	0.00552	0.00486
16	0.13975	0.13014	0.25267	0.02605	0.05423	0.04174	0.18311	0.01588	0.01099	0.01671	0.00962	0.01253	0.00768	0.00569	0.01932	0.00172	0.02213	0.02234	0.02088	0.00680
17	0.00724	0.00545	0.00787	0.00798	0.00890	0.00611	0.00610	0.00894	0.00878	0.01232	0.01843	0.09322	0.07725	0.04761	0.65007	0.00723	0.01192	0.00687	0.00314	0.00457
18	0.00640	0.00457	0.00610	0.00728	0.00762	0.00427	0.00490	0.00736	0.01010	0.01348	0.04288	0.78531	0.03464	0.01617	0.00665	0.00211	0.00304	0.02801	0.00485	0.00425
19	0.01072	0.02540	0.73008	0.01435	0.02164	0.01165	0.01830	0.01648	0.01123	0.04046	0.02962	0.01289	0.00835	0.00533	0.00503	0.00166	0.00740	0.01932	0.00247	0.00760
20	0.01589	0.11759	0.05850	0.05520	0.03562	0.09081	0.01012	0.31205	0.12319	0.03860	0.01284	0.01425	0.00993	0.00756	0.04119	0.00185	0.00629	0.02065	0.02027	0.00761
21	0.01774	0.01750	0.01422	0.02706	0.12916	0.42519	0.00993	0.01986	0.02880	0.14553	0.01160	0.01265	0.00885	0.00560	0.00496	0.00143	0.01969	0.00411	0.08935	0.00676
22	0.83999	0.01015	0.00779	0.00693	0.01017	0.01176	0.00571	0.02773	0.00912	0.02352	0.00734	0.00853	0.00569	0.00486	0.00326	0.00161	0.00406	0.00285	0.00326	0.00569
23	0.00725	0.00530	0.00681	0.00646	0.00772	0.00486	0.00483	0.00958	0.01441	0.02018	0.70755	0.05547	0.10815	0.01097	0.00615	0.00166	0.00248	0.00965	0.00564	0.00486
24	0.01041	0.01118	0.07911	0.58212	0.17066	0.01163	0.01499	0.01400	0.01076	0.01429	0.00977	0.01447	0.00766	0.00529	0.00522	0.00171	0.00682	0.02114	0.00241	0.00637
25	0.02428	0.00959	0.01602	0.67279	0.13121	0.01154	0.01437	0.01362	0.01061	0.01401	0.00973	0.01473	0.00764	0.00535	0.00521	0.00172	0.00675	0.02232	0.00242	0.00608
26	0.01297	0.61658	0.09459	0.01113	0.07614	0.01791	0.01010	0.01518	0.01090	0.01343	0.04234	0.01139	0.02559	0.00552	0.01640	0.00135	0.00575	0.00354	0.00247	0.00674
27	0.00905	0.00452	0.00678	0.00678	0.00678	0.00452	0.00452	0.00678	0.00678	0.00905	0.00905	0.01583	0.00905	0.01809	0.02035	0.84848	0.00452	0.00452	0.00226	0.00226
28	0.00765	0.00572	0.00734	0.00801	0.00931	0.00547	0.00661	0.00991	0.02658	0.01580	0.12644	0.11454	0.21353	0.01365	0.00673	0.00212	0.00383	0.40711	0.00493	0.00473
29	0.85377	0.01007	0.00765	0.00685	0.01007	0.01168	0.00564	0.01531	0.00886	0.02336	0.00725	0.00846	0.00564	0.00483	0.00322	0.00161	0.00403	0.00282	0.00322	0.00564
30	0.00796	0.00617	0.00824	0.00809	0.00882	0.01811	0.00604	0.00962	0.02114	0.01292	0.08302	0.08780	0.01850	0.16991	0.42999	0.00590	0.06995	0.00691	0.01639	0.00453
31	0.00718	0.00532	0.00670	0.00635	0.00766	0.00483	0.00477	0.00946	0.01430	0.01983	0.66891	0.04064	0.16263	0.01104	0.00614	0.00166	0.00248	0.00966	0.00559	0.00483
32	0.00711	0.00536	0.00664	0.00667	0.00798	0.00488	0.00514	0.00915	0.01325	0.01775	0.42350	0.09247	0.25136	0.01224	0.00633	0.00181	0.00288	0.11549	0.00529	0.00471
33	0.20118	0.01343	0.01370	0.01079	0.01469	0.01501	0.00889	0.56591	0.05904	0.03020	0.01180	0.01197	0.00851	0.00598	0.00478	0.00158	0.00528	0.00434	0.00478	0.00812
34	0.00983	0.00926	0.01562	0.80447	0.03587	0.01157	0.01446	0.01331	0.01041	0.01331	0.00926	0.01388	0.00694	0.00521	0.00521	0.00174	0.00694	0.00463	0.00231	0.00579
35	0.01177	0.00685	0.00706	0.00631	0.00813	0.00717	0.00492	0.16685	0.01370	0.02216	0.01607	0.01800	0.01243	0.00610	0.00396	0.00129	0.00310	0.00482	0.67362	0.00567
36	0.01102	0.00939	0.01092	0.00782	0.01243	0.00717	0.00626	0.03150	0.01113	0.01736	0.00934	0.01084	0.00774	0.00392	0.00389	0.00079	0.00390	0.00312	0.00314	0.82834
37	0.08577	0.01669	0.25878	0.11709	0.10075	0.01227	0.28170	0.01583	0.01122	0.01672	0.00973	0.01263	0.00734	0.00555	0.02411	0.00184	0.00766	0.00479	0.00251	0.00702
38	0.00647	0.00484	0.00601	0.00666	0.00747	0.00438	0.00464	0.00774	0.01123	0.01475	0.16071	0.49992	0.21698	0.01461	0.00644	0.00195	0.00283	0.01298	0.00499	0.00438
39	0.00648	0.00460	0.00606	0.00717	0.00746	0.00433	0.00477	0.00734	0.00981	0.01308	0.02769	0.73629	0.03310	0.08105	0.00826	0.00236	0.00322	0.02807	0.00470	0.00415
40	0.03616	0.01429	0.01440	0.01139	0.01523	0.09393	0.00927	0.50776	0.06369	0.14208	0.01373	0.01342	0.00967	0.00620	0.00509	0.00155	0.00571	0.00467	0.02336	0.00838
41	0.00722	0.00522	0.00713	0.00737	0.00794	0.00535	0.01661	0.00837	0.00932	0.01279	0.08167	0.27868	0.02466	0.24037	0.24227	0.00470	0.00684	0.02553	0.00382	0.00417
42	0.10219	0.01423	0.01444	0.01136	0.01529	0.04825	0.00930	0.59425	0.07785	0.02997	0.01238	0.01245	0.00895	0.00610	0.00498	0.00156	0.00557	0.00451	0.00488	0.02149
43	0.00872	0.00645	0.00808	0.00856	0.00995	0.00644	0.00697	0.07126	0.03647	0.01643	0.04178	0.17920	0.14449	0.04319	0.00742	0.00225	0.00419	0.38834	0.00481	0.00502
44	0.01155	0.27909	0.54754	0.01296	0.01962	0.01480	0.01596	0.01621	0.01086	0.01514	0.00868	0.01016	0.00662	0.00479	0.00444	0.00148	0.00702	0.00351	0.00221	0.00737
45	0.01048	0.02666	0.77397	0.01499	0.02264	0.01212	0.03500	0.01650	0.01102	0.01650	0.00937	0.01106	0.00662	0.00494	0.00497	0.00165	0.00772	0.00390	0.00221	0.00768
46	0.00669	0.00484	0.00632	0.00691	0.00761	0.00447	0.00482	0.00815	0.01170	0.01594	0.28829	0.51023	0.07625	0.01422	0.00645	0.00193	0.00281	0.01277	0.00514	0.00447
47	0.01084	0.01537	0.25515	0.06693	0.34400	0.01089	0.03316	0.01471	0.02326	0.01607	0.01303	0.14807	0.01221	0.00678	0.00537	0.00169	0.00619	0.00617	0.00287	0.00722
48	0.01423	0.08313	0.01566	0.04663	0.01592	0.01342	0.08897	0.22741	0.28456	0.03446	0.01778	0.03517	0.05755	0.00677	0.00521	0.00164	0.00515	0.00571	0.03303	0.00761
49	0.01038	0.00982	0.01656	0.66081	0.16227	0.01178	0.01467	0.01375	0.01062	0.01392	0.00931	0.01368	0.00716	0.00517	0.00539	0.00171	0.01982	0.00463	0.00236	0.00620
50	0.00931	0.00660	0.00809	0.00767	0.02575	0.00636	0.00568	0.02916	0.10348	0.07265	0.48354	0.03593	0.16515	0.01014	0.00594	0.00167	0.00297	0.00878	0.00550	0.00564
51	0.07180	0.10561	0.06571	0.13974	0.10968	0.10543	0.05283	0.17515	0.01413	0.03444	0.01014	0.01287	0.00808	0.00567	0.00550	0.00159	0.04830	0.02306	0.00321	0.00707
52	0.00762	0.00512	0.00591	0.00603	0.00613	0.00511	0.00361	0.00783	0.00798	0.01060	0.01755	0.05135	0.02013	0.73637	0.02455	0.00478	0.00499	0.06773	0.00332	0.00331
53	0.00748	0.00541	0.00750	0.00750	0.00813	0.00604	0.00542	0.00874	0.00811	0.01144	0.01474	0.02486	0.01493	0.29072	0.54730	0.00730	0.01107	0.00622	0.00291	0.00417
54	0.00862	0.00702	0.00957	0.00918	0.01055	0.00717	0.07283	0.01288	0.18056	0.01521	0.02425	0.40525	0.04139	0.11790	0.00892	0.00240	0.00413	0.05235	0.00452	0.00527
55	0.01381	0.55608	0.12688	0.01157	0.04458	0.07193	0.03803	0.03415	0.01129	0.01369	0.00791	0.00935	0.00683	0.00478	0.00429	0.00129	0.03107	0.00326	0.00236	0.00687
56	0.00794	0.00567	0.00788	0.00908	0.01008	0.00561	0.00761	0.01002	0.01155	0.01508	0.02782	0.22362	0.03095	0.01481	0.00707	0.00234	0.00441	0.58898	0.00480	0.00467
57	0.83933	0.01036	0.02105	0.00699	0.01028	0.01169	0.00587	0.01533	0.00890	0.02325	0.00729	0.00850	0.00566	0.00484	0.00325	0.00161	0.00409	0.00284	0.00321	0.00568
58	0.00791	0.00571	0.00776	0.00858	0.00975	0.00556	0.00720	0.01015	0.01236	0.01636	0.17585	0.11176	0.07597	0.01374	0.00689	0.00219	0.00409	0.50843	0.00498	0.00475
59	0.01707	0.23134	0.03671	0.01237	0.03476	0.42137	0.00996	0.08019	0.08152	0.01524	0.00944	0.01039	0.00772	0.00532	0.00445	0.00135	0.00750	0.00358	0.00298	0.00673
60	0.02560	0.12582	0.35665	0.01376	0.06378	0.01193	0.08285	0.01559	0.01117	0.03996	0.02709	0.02467	0.00872	0.00572	0.02189	0.00158	0.00656	0.00420	0.00270	0.14977
61	0.01369	0.01745	0.14912	0.05467	0.37229	0.19111	0.01466	0.01671	0.01192	0.01535	0.00900	0.01166	0.00742	0.00533	0.00622	0.00160	0.08779	0.00420	0.00250	0.00729
62	0.01370	0.74860	0.02629	0.00933	0.01339	0.02019	0.00913	0.01532	0.01035	0.01228	0.00720	0.00862	0.00670	0.00487	0.00456	0.00122	0.07648	0.00294	0.00223	0.00660
63	0.00755	0.00504	0.00569	0.00571	0.00572	0.00503	0.00319	0.00757	0.00762	0.01016	0.01667	0.05054	0.01926	0.80008	0.02609	0.00499	0.00501	0.00773	0.00319	0.00318
64	0.85377	0.01007	0.00765	0.00685	0.01007	0.01168	0.00564	0.01531	0.00886	0.02336	0.00725	0.00846	0.00564	0.00483	0.00322	0.00161	0.00403	0.00282	0.00322	0.00564
65	0.01223	0.01048	0.01123	0.01007	0.01295	0.01172	0.00778	0.02473	0.64561	0.02067	0.02075	0.08291	0.01667	0.00753	0.00528	0.00171	0.00401	0.00636	0.00507	0.08225
66	0.00823	0.00588	0.00820	0.00940	0.01053	0.00585	0.00810	0.01050	0.01183	0.01540	0.02766	0.11980	0.03033	0.01454	0.00715	0.00237	0.00465	0.69002	0.00480	0.00475
67	0.00876	0.00562	0.00739	0.00681	0.00826	0.00514	0.00515	0.01114	0.01464	0.08855	0.69628	0.05571	0.04558	0.01041	0.00607	0.00165	0.00265	0.00918	0.00577	0.00525
68	0.00754	0.00518	0.00632	0.00632	0.00654	0.00540	0.00396	0.00799	0.00776	0.01057	0.01582	0.03083	0.01752	0.63123	0.21033	0.00584	0.00717	0.00710	0.00307	0.00351
69	0.01431	0.67206	0.02559	0.01153	0.08781	0.08839	0.00969	0.01609	0.01107	0.01275	0.00756	0.00888	0.00684	0.00455	0.00364	0.00118	0.00597	0.00301	0.00230	0.00678
70	0.00764	0.00535	0.00722	0.00722	0.00786	0.00591	0.00519	0.00892	0.00828	0.01193	0.01498	0.02495	0.01502	0.29720	0.48343	0.00676	0.01017	0.00620	0.06160	0.00416
71	0.01080	0.00926	0.01080	0.00771	0.01234	0.00694	0.00617	0.01311	0.01080	0.01697	0.00926	0.01080	0.00771	0.00386	0.00386	0.00077	0.00386	0.00309	0.00309	0.84882
72	0.03924	0.01099	0.01793	0.20547	0.45803	0.01137	0.01391	0.01694	0.01195	0.14691	0.01141	0.01380	0.00866	0.00508	0.00512	0.00160	0.00600	0.00468	0.00319	0.00771
73	0.01162	0.00686	0.00862	0.00747	0.00958	0.00642	0.00583	0.07975	0.01538	0.17748	0.49369	0.03326	0.10369	0.00963	0.00588	0.00164	0.00316	0.00829	0.00575	0.00602
74	0.00642	0.00467	0.00605	0.00701	0.00752	0.00431	0.00476	0.00750	0.01057	0.01404	0.09754	0.67392	0.10545	0.01552	0.00656	0.00204	0.00294	0.01397	0.00491	0.00431
75	0.85377	0.01007	0.00765	0.00685	0.01007	0.01168	0.00564	0.01531	0.00886	0.02336	0.00725	0.00846	0.00564	0.00483	0.00322	0.00161	0.00403	0.00282	0.00322	0.00564
76	0.00898	0.00771	0.00940	0.07875	0.01152	0.07085	0.02458	0.01035	0.00892	0.01182	0.01357	0.02306	0.01361	0.29426	0.33780	0.00556	0.04194	0.00595	0.01691	0.00446
77	0.00733	0.00505	0.00621	0.00643	0.00665	0.00515	0.00404	0.00781	0.00815	0.01102	0.01821	0.17286	0.02072	0.53714	0.15637	0.00509	0.00622	0.00854	0.00340	0.00361
78	0.01676	0.01278	0.01374	0.01119	0.01468	0.01423	0.00900	0.49996	0.22619	0.02811	0.01629	0.08522	0.01302	0.00736	0.00536	0.00167	0.00506	0.00591	0.00520	0.00828
79	0.00681	0.00485	0.00637	0.00730	0.00780	0.00460	0.00512	0.00795	0.01043	0.01391	0.08885	0.55853	0.05157	0.09383	0.00861	0.00239	0.00339	0.10871	0.00474	0.00426
80	0.01105	0.08412	0.61907	0.01465	0.03732	0.01285	0.04572	0.01741	0.07860	0.01666	0.01029	0.01170	0.00751	0.00507	0.00491	0.00162	0.00723	0.00405	0.00250	0.00765
81	0.01062	0.07875	0.72506	0.01430	0.02166	0.01252	0.01829	0.01631	0.01104	0.01630	0.02373	0.01135	0.00740	0.00502	0.00486	0.00161	0.00746	0.00388	0.00227	0.00758
82	0.00839	0.00599	0.00839	0.00959	0.01079	0.00599	0.00839	0.01079	0.01199	0.01558	0.02757	0.05874	0.02997	0.01439	0.00719	0.00240	0.00480	0.74945	0.00480	0.00480
83	0.01672	0.02122	0.07289	0.01410	0.03545	0.53876	0.07722	0.01896	0.02856	0.02901	0.01056	0.07546	0.00939	0.00625	0.00529	0.00150	0.02478	0.00471	0.00293	0.00625
84	0.01534	0.01441	0.07631	0.03354	0.07780	0.02867	0.31197	0.23099	0.03523	0.08956	0.02607	0.01412	0.00946	0.00538	0.00557	0.00165	0.00700	0.00534	0.00379	0.00779
85	0.01280	0.01225	0.02089	0.03154	0.76971	0.01225	0.01584	0.01588	0.01186	0.01699	0.01014	0.01377	0.00866	0.00483	0.00519	0.00156	0.00616	0.01887	0.00262	0.00818
86	0.00728	0.00532	0.00684	0.00646	0.00772	0.00488	0.00484	0.00965	0.01453	0.02038	0.72781	0.03973	0.10339	0.01083	0.00614	0.00165	0.00247	0.00953	0.00567	0.00488
87	0.01692	0.12690	0.08735	0.02907	0.01803	0.26472	0.14138	0.05648	0.02537	0.15193	0.01112	0.01211	0.00825	0.00537	0.00518	0.00150	0.02356	0.00429	0.00338	0.00710
88	0.00744	0.00558	0.00837	0.00837	0.00930	0.00651	0.00651	0.00930	0.00837	0.01209	0.01395	0.02046	0.01302	0.03906	0.79635	0.00837	0.01395	0.00558	0.00279	0.00465
89	0.00652	0.00468	0.00623	0.00741	0.00783	0.00439	0.00513	0.00757	0.01020	0.01352	0.02919	0.72822	0.05228	0.01607	0.00668	0.00213	0.00317	0.07968	0.00483	0.00428
90	0.01230	0.01171	0.01971	0.16175	0.62164	0.01215	0.01537	0.01581	0.03523	0.01651	0.01034	0.01398	0.00861	0.00497	0.00520	0.00160	0.00623	0.01645	0.00265	0.00778
91	0.01061	0.04328	0.64055	0.01439	0.02124	0.01175	0.07798	0.01610	0.01108	0.01666	0.01007	0.01192	0.00730	0.00499	0.00489	0.00161	0.00727	0.00410	0.07684	0.00737
92	0.00735	0.00502	0.00568	0.00579	0.00596	0.00492	0.00337	0.00754	0.00813	0.01070	0.02044	0.10431	0.08206	0.68116	0.02310	0.00452	0.00467	0.00849	0.00344	0.00335
93	0.85377	0.01007	0.00765	0.00685	0.01007	0.01168	0.00564	0.01531	0.00886	0.02336	0.00725	0.00846	0.00564	0.00483	0.00322	0.00161	0.00403	0.00282	0.00322	0.00564
94	0.00653	0.00466	0.00625	0.00746	0.00784	0.00439	0.00515	0.00756	0.01015	0.01350	0.02860	0.74683	0.03405	0.01614	0.00670	0.00214	0.00318	0.07977	0.00483	0.00428
95	0.07242	0.05471	0.10861	0.01198	0.01634	0.09467	0.03820	0.40738	0.01862	0.09313	0.01180	0.01219	0.00846	0.00577	0.00491	0.00154	0.00616	0.00434	0.02080	0.00797
96	0.01461	0.17053	0.01533	0.01072	0.01380	0.18194	0.00870	0.06705	0.33135	0.02981	0.01635	0.02905	0.04362	0.00672	0.00514	0.00156	0.02344	0.01905	0.00405	0.00717
97	0.01173	0.03857	0.65738	0.01466	0.05101	0.01168	0.01751	0.01713	0.01137	0.08474	0.01051	0.01183	0.00739	0.00509	0.00492	0.00162	0.00718	0.00401	0.02395	0.00773
98	0.01270	0.42622	0.25890	0.01093	0.01591	0.08506	0.01183	0.01576	0.01138	0.01430	0.07072	0.01193	0.01020	0.00577	0.01742	0.00146	0.00645	0.00375	0.00255	0.00676
99	0.00705	0.00515	0.00662	0.00659	0.00767	0.00472	0.00481	0.00908	0.01348	0.01868	0.55868	0.20305	0.11088	0.01207	0.00625	0.00175	0.00259	0.01069	0.00546	0.00472
100	0.76922	0.00999	0.00845	0.08676	0.01266	0.01167	0.00652	0.01511	0.00902	0.02236	0.00745	0.00900	0.00577	0.00487	0.00342	0.00162	0.00432	0.00300	0.00313	0.00565
101	0.01093	0.01038	0.01761	0.52637	0.30537	0.01186	0.01501	0.01427	0.01093	0.01464	0.00945	0.01353	0.00741	0.00500	0.00519	0.00167	0.00667	0.00463	0.00241	0.00667
102	0.00797	0.00501	0.00670	0.00742	0.00814	0.00462	0.00516	0.00913	0.01083	0.08247	0.08888	0.66603	0.03364	0.01495	0.00649	0.00204	0.00313	0.02764	0.00505	0.00471
103	0.00637	0.00471	0.00596	0.00691	0.00752	0.00431	0.00474	0.00741	0.01046	0.01365	0.04989	0.64134	0.17315	0.01558	0.00655	0.00204	0.00297	0.02728	0.00485	0.00429
104	0.02190	0.00885	0.01184	0.00917	0.01298	0.00783	0.00754	0.05913	0.01534	0.69039	0.08174	0.01919	0.01563	0.00678	0.00531	0.00161	0.00433	0.00555	0.00633	0.00854
105	0.00928	0.00664	0.00761	0.00713	0.00795	0.00709	0.00476	0.08752	0.07729	0.01374	0.01609	0.02870	0.01682	0.55532	0.12819	0.00486	0.00626	0.00685	0.00351	0.00440
106	0.01209	0.01146	0.01893	0.23331	0.52534	0.01221	0.01496	0.01622	0.07322	0.01642	0.01058	0.01368	0.00852	0.00499	0.00518	0.00161	0.00622	0.00474	0.00273	0.00760
107	0.01080	0.00926	0.01080	0.00771	0.01234	0.00694	0.00617	0.01311	0.01080	0.01697	0.00926	0.01080	0.00771	0.00386	0.00386	0.00077	0.00386	0.00309	0.00309	0.84882
