[name]
unknown

[dist]
# distance from previous block
# <min> <max>
0	24

[block]
# block no. 0 follows, 44 sequences, length 7
# corresponding to MSA columns:
# 24-30
name=unknown_A
#
# <colnr> <probs for GDERKNQSTAVLIFYWHMCP>
#	G	D	E	R	K	N	Q	S	T	A	V	L	I	F	Y	W	H	M	C	P
0	0.07032	0.01019	0.01165	0.00973	0.01313	0.01010	0.00796	0.20665	0.05831	0.09177	0.01654	0.04322	0.01453	0.00825	0.00598	0.03470	0.00478	0.14257	0.02490	0.21470
1	0.01979	0.01368	0.01505	0.01179	0.01576	0.01484	0.00963	0.61202	0.02319	0.10815	0.01553	0.08762	0.01220	0.00755	0.00560	0.00170	0.00560	0.00596	0.00555	0.00882
2	0.01664	0.01225	0.01419	0.10913	0.01760	0.01354	0.00982	0.45562	0.06834	0.05756	0.01657	0.15314	0.01438	0.00832	0.00573	0.00178	0.00550	0.00687	0.00506	0.00798
3	0.00823	0.00679	0.01004	0.03541	0.01150	0.00728	0.05674	0.01037	0.04573	0.01447	0.02392	0.50688	0.02713	0.01679	0.08080	0.00280	0.08583	0.03983	0.00437	0.00509
4	0.01642	0.01181	0.01390	0.10826	0.01744	0.01261	0.00947	0.30031	0.15563	0.10250	0.01449	0.01515	0.01066	0.00706	0.00634	0.05781	0.00535	0.00494	0.00471	0.12514
5	0.01130	0.00969	0.01130	0.00807	0.01292	0.00727	0.00646	0.01373	0.01130	0.01776	0.00969	0.01130	0.00807	0.00404	0.00404	0.00081	0.00404	0.00323	0.00323	0.84173
6	0.01148	0.00985	0.01139	0.00831	0.01302	0.00777	0.00663	0.01494	0.07104	0.01816	0.01068	0.01202	0.00875	0.00430	0.00416	0.00089	0.00406	0.00346	0.00341	0.77566

[dist]
# distance from previous block
# <min> <max>
0	2

[block]
# block no. 1 follows, 44 sequences, length 126
# corresponding to MSA columns:
# 33-158
name=unknown_B
#
# <colnr> <probs for GDERKNQSTAVLIFYWHMCP>
#	G	D	E	R	K	N	Q	S	T	A	V	L	I	F	Y	W	H	M	C	P
0	0.04424	0.03216	0.23182	0.01530	0.13369	0.01086	0.04377	0.05598	0.02878	0.04621	0.02726	0.04586	0.01291	0.00687	0.00539	0.00166	0.00602	0.10014	0.00349	0.14758
1	0.00750	0.00560	0.00699	0.00675	0.00815	0.00509	0.00513	0.00982	0.01463	0.02004	0.57838	0.04436	0.20415	0.01193	0.00649	0.00178	0.00275	0.04970	0.00575	0.00502
2	0.01189	0.01021	0.01158	0.02515	0.01353	0.02780	0.00693	0.06284	0.01231	0.01846	0.01099	0.05450	0.00963	0.00498	0.00434	0.00098	0.00434	0.00405	0.00345	0.70205
3	0.00907	0.00687	0.00995	0.05397	0.06537	0.00695	0.00936	0.01166	0.01259	0.01652	0.06438	0.05431	0.05220	0.01360	0.00718	0.00235	0.00505	0.58855	0.00477	0.00532
4	0.01139	0.02668	0.70577	0.01649	0.05926	0.01261	0.04174	0.01744	0.01168	0.03307	0.01009	0.01185	0.00717	0.00518	0.00523	0.00172	0.00795	0.00417	0.00243	0.00809
5	0.00683	0.00488	0.00653	0.00775	0.00816	0.00458	0.00534	0.00793	0.01072	0.01430	0.04894	0.73031	0.03611	0.01678	0.00699	0.00222	0.00329	0.06877	0.00508	0.00449
6	0.01155	0.01137	0.01597	0.01380	0.01389	0.01579	0.01146	0.01281	0.00839	0.01308	0.00784	0.01280	0.00775	0.01243	0.08884	0.00297	0.72610	0.00487	0.00243	0.00586
7	0.01598	0.04667	0.01132	0.00874	0.01160	0.00825	0.00705	0.09050	0.01596	0.32199	0.31309	0.04358	0.02862	0.02590	0.00631	0.00178	0.00402	0.02546	0.00597	0.00722
8	0.18906	0.01065	0.04728	0.08154	0.03290	0.02751	0.02728	0.05823	0.08008	0.01866	0.03510	0.17040	0.08452	0.00921	0.00693	0.00191	0.10135	0.00731	0.00393	0.00616
9	0.02037	0.02598	0.01545	0.01404	0.01685	0.78652	0.01053	0.02177	0.01545	0.01334	0.00843	0.00983	0.00702	0.00562	0.00492	0.00140	0.00983	0.00351	0.00281	0.00632
10	0.01030	0.00969	0.01635	0.79530	0.03755	0.01211	0.01514	0.01393	0.01090	0.01393	0.00969	0.01453	0.00727	0.00545	0.00545	0.00182	0.00727	0.00484	0.00242	0.00606
11	0.02898	0.22450	0.31180	0.05325	0.09001	0.04728	0.10235	0.01708	0.01173	0.03090	0.00947	0.01153	0.00739	0.00512	0.00521	0.00159	0.02760	0.00415	0.00254	0.00752
12	0.01309	0.01254	0.02140	0.12968	0.68134	0.01285	0.01653	0.01638	0.01222	0.01732	0.01018	0.01362	0.00846	0.00493	0.00540	0.00164	0.00658	0.00486	0.00266	0.00831
13	0.00669	0.00478	0.00637	0.00756	0.00792	0.00446	0.00506	0.00771	0.01065	0.01426	0.06230	0.77161	0.03673	0.01682	0.00694	0.00219	0.00314	0.01525	0.00510	0.00446
14	0.00740	0.00560	0.00790	0.00796	0.00894	0.00520	0.04558	0.00902	0.01201	0.01638	0.23724	0.44985	0.08510	0.04795	0.00756	0.00214	0.00338	0.01262	0.02339	0.00476
15	0.01629	0.11756	0.03339	0.09762	0.23424	0.16318	0.01248	0.07043	0.04497	0.10504	0.01135	0.01302	0.00881	0.00570	0.00565	0.00160	0.04311	0.00446	0.00340	0.00770
16	0.02166	0.01330	0.01521	0.01170	0.01590	0.01411	0.00967	0.50712	0.02202	0.26729	0.01557	0.01477	0.01054	0.00669	0.00580	0.00167	0.02694	0.00508	0.00578	0.00918
17	0.00684	0.00500	0.00638	0.00740	0.00799	0.00464	0.00512	0.00792	0.01077	0.01405	0.03299	0.60029	0.14229	0.05557	0.00795	0.00233	0.00335	0.06969	0.00497	0.00444
18	0.01092	0.00952	0.01602	0.68228	0.03422	0.01148	0.03631	0.01434	0.01119	0.05549	0.01159	0.06217	0.00936	0.00619	0.00557	0.00183	0.00694	0.00557	0.00283	0.00617
19	0.05824	0.14010	0.16740	0.09530	0.02199	0.03025	0.22397	0.01679	0.01175	0.07110	0.01121	0.04872	0.00911	0.00594	0.00623	0.00174	0.06488	0.00523	0.00297	0.00710
20	0.01261	0.02920	0.01808	0.03186	0.05699	0.03710	0.05472	0.03876	0.00971	0.01435	0.00784	0.01214	0.00737	0.00861	0.01523	0.00222	0.62954	0.00480	0.00254	0.00633
21	0.00664	0.00474	0.00633	0.00759	0.00791	0.00443	0.00506	0.00759	0.01044	0.01392	0.03005	0.80485	0.03606	0.01708	0.00696	0.00221	0.00316	0.01550	0.00506	0.00443
22	0.01816	0.03459	0.01536	0.03889	0.05723	0.01444	0.00995	0.43745	0.12924	0.10216	0.04023	0.01626	0.01234	0.02720	0.01979	0.00188	0.00570	0.00534	0.00518	0.00861
23	0.01831	0.15707	0.09653	0.01211	0.01661	0.06772	0.04552	0.24975	0.01696	0.18942	0.01332	0.02976	0.00983	0.00622	0.00548	0.00159	0.03049	0.00475	0.00441	0.02415
24	0.01848	0.03965	0.01462	0.01113	0.01496	0.01439	0.00913	0.50991	0.08312	0.08910	0.01726	0.03302	0.05238	0.00717	0.00538	0.00164	0.00529	0.00558	0.05929	0.00852
25	0.17718	0.05204	0.01469	0.01102	0.01507	0.06197	0.00911	0.41608	0.03390	0.13795	0.01290	0.01281	0.00914	0.00616	0.00494	0.00162	0.00566	0.00447	0.00494	0.00833
26	0.01068	0.01012	0.01650	0.60242	0.03234	0.03030	0.07228	0.02822	0.01138	0.01473	0.01163	0.07855	0.00987	0.00645	0.00584	0.00184	0.02215	0.00581	0.02285	0.00607
27	0.01183	0.01003	0.01189	0.05105	0.01450	0.00812	0.00717	0.05916	0.01216	0.01857	0.00990	0.01159	0.00810	0.00427	0.00420	0.00091	0.00433	0.00342	0.00332	0.74547
28	0.00740	0.00569	0.00732	0.00787	0.00866	0.00554	0.00554	0.00888	0.02672	0.01480	0.07254	0.59560	0.09057	0.01512	0.00732	0.00208	0.04877	0.01336	0.00487	0.05136
29	0.01266	0.07822	0.02009	0.15770	0.02116	0.01486	0.15815	0.01553	0.03558	0.05594	0.01017	0.02967	0.00864	0.00735	0.01086	0.00201	0.34670	0.00526	0.00286	0.00658
30	0.84691	0.01054	0.00801	0.00717	0.01054	0.01223	0.00590	0.01603	0.00928	0.02446	0.00759	0.00886	0.00590	0.00506	0.00337	0.00169	0.00422	0.00295	0.00337	0.00590
31	0.00761	0.00524	0.00608	0.00624	0.00652	0.00509	0.00378	0.00804	0.00920	0.01223	0.07839	0.15845	0.07685	0.56889	0.02140	0.00430	0.00457	0.00951	0.00390	0.00371
32	0.00832	0.00570	0.00741	0.00691	0.00828	0.00524	0.00518	0.01078	0.01518	0.04944	0.70880	0.04002	0.06432	0.03208	0.00696	0.00181	0.00272	0.00968	0.00594	0.00524
33	0.00690	0.00489	0.00626	0.00721	0.00755	0.00461	0.00472	0.00775	0.01023	0.01362	0.05334	0.61847	0.05835	0.15640	0.01059	0.00273	0.00350	0.01384	0.00478	0.00426
34	0.00667	0.00477	0.00635	0.00757	0.00791	0.00445	0.00506	0.00766	0.01057	0.01413	0.04961	0.78468	0.03646	0.01692	0.00694	0.00220	0.00315	0.01535	0.00509	0.00445
35	0.01282	0.01505	0.05143	0.02279	0.02837	0.01376	0.73569	0.01746	0.01283	0.01746	0.01100	0.01462	0.00824	0.00461	0.00640	0.00184	0.00916	0.00637	0.00275	0.00737
36	0.84691	0.01054	0.00801	0.00717	0.01054	0.01223	0.00590	0.01603	0.00928	0.02446	0.00759	0.00886	0.00590	0.00506	0.00337	0.00169	0.00422	0.00295	0.00337	0.00590
37	0.84691	0.01054	0.00801	0.00717	0.01054	0.01223	0.00590	0.01603	0.00928	0.02446	0.00759	0.00886	0.00590	0.00506	0.00337	0.00169	0.00422	0.00295	0.00337	0.00590
38	0.01124	0.11022	0.68102	0.01466	0.02219	0.01341	0.01862	0.01699	0.01157	0.01692	0.02916	0.01197	0.00806	0.00528	0.00503	0.00167	0.00768	0.00406	0.00240	0.00787
39	0.01100	0.02775	0.75522	0.01579	0.02376	0.01270	0.04463	0.01727	0.01156	0.01727	0.00983	0.01162	0.00695	0.00516	0.00522	0.00173	0.00809	0.00411	0.00232	0.00803
40	0.01275	0.01372	0.02793	0.10870	0.21815	0.01340	0.48840	0.01690	0.01254	0.01717	0.01069	0.01438	0.00826	0.00475	0.00607	0.00178	0.00830	0.00586	0.00271	0.00754
41	0.01486	0.01368	0.01273	0.01143	0.01442	0.13744	0.00885	0.04197	0.56242	0.04626	0.01935	0.01850	0.01467	0.00889	0.04782	0.00214	0.00581	0.00567	0.00500	0.00809
42	0.01030	0.00969	0.01635	0.79530	0.03755	0.01211	0.01514	0.01393	0.01090	0.01393	0.00969	0.01453	0.00727	0.00545	0.00545	0.00182	0.00727	0.00484	0.00242	0.00606
43	0.00920	0.05110	0.01184	0.01020	0.01112	0.01012	0.00824	0.01095	0.00878	0.01278	0.01234	0.01833	0.01163	0.03099	0.54977	0.00674	0.21244	0.00541	0.00275	0.00526
44	0.01116	0.18664	0.01037	0.00604	0.00807	0.00879	0.00505	0.01352	0.01135	0.01864	0.01549	0.01772	0.01240	0.00597	0.00374	0.00125	0.00328	0.00459	0.65041	0.00551
45	0.01356	0.01171	0.01233	0.01109	0.01418	0.01356	0.00863	0.02897	0.76455	0.02281	0.02219	0.02034	0.01664	0.00740	0.00555	0.00185	0.00431	0.00616	0.00555	0.00863
46	0.01458	0.81168	0.02857	0.00933	0.01399	0.02157	0.00933	0.01632	0.01108	0.01283	0.00758	0.00875	0.00700	0.00466	0.00350	0.00117	0.00583	0.00292	0.00233	0.00700
47	0.01193	0.01193	0.01670	0.01431	0.01431	0.01670	0.01193	0.01312	0.00835	0.01312	0.00716	0.01193	0.00716	0.00954	0.01789	0.00239	0.79843	0.00477	0.00239	0.00596
48	0.01055	0.00822	0.05489	0.00866	0.01072	0.00716	0.00689	0.03628	0.12423	0.10950	0.07197	0.37092	0.13307	0.01255	0.00631	0.00197	0.00380	0.01100	0.00524	0.00607
49	0.01123	0.09222	0.71874	0.01503	0.02281	0.01339	0.01926	0.01719	0.01147	0.01690	0.00960	0.01128	0.00691	0.00514	0.00504	0.00168	0.00788	0.00394	0.00230	0.00797
50	0.00668	0.00477	0.00636	0.00757	0.00791	0.00445	0.00506	0.00767	0.01059	0.01416	0.05278	0.78142	0.03653	0.01690	0.00694	0.00220	0.00314	0.01533	0.00509	0.00445
51	0.00793	0.00529	0.00595	0.00595	0.00595	0.00529	0.00330	0.00793	0.00793	0.01057	0.01718	0.03568	0.01982	0.80840	0.02775	0.00529	0.00529	0.00793	0.00330	0.00330
52	0.01030	0.00969	0.01635	0.79530	0.03755	0.01211	0.01514	0.01393	0.01090	0.01393	0.00969	0.01453	0.00727	0.00545	0.00545	0.00182	0.00727	0.00484	0.00242	0.00606
53	0.01287	0.01471	0.03217	0.02298	0.02849	0.01379	0.75460	0.01746	0.01287	0.01746	0.01103	0.01471	0.00827	0.00460	0.00643	0.00184	0.00919	0.00643	0.00276	0.00735
54	0.01093	0.02820	0.78016	0.01554	0.02360	0.01266	0.02014	0.01727	0.01151	0.01727	0.00978	0.01151	0.00691	0.00518	0.00518	0.00173	0.00806	0.00403	0.00230	0.00806
55	0.02072	0.01527	0.01636	0.01254	0.01691	0.01691	0.01036	0.75622	0.02563	0.03436	0.01309	0.01309	0.00927	0.00654	0.00545	0.00164	0.00600	0.00491	0.00545	0.00927
56	0.00780	0.00579	0.00849	0.00849	0.00937	0.00667	0.00647	0.00956	0.00868	0.01245	0.01485	0.02280	0.01423	0.11545	0.71306	0.00842	0.01370	0.00604	0.00296	0.00472
57	0.00793	0.00529	0.00595	0.00595	0.00595	0.00529	0.00330	0.00793	0.00793	0.01057	0.01718	0.03568	0.01982	0.80840	0.02775	0.00529	0.00529	0.00793	0.00330	0.00330
58	0.02446	0.00928	0.01265	0.00970	0.01392	0.00801	0.00801	0.02657	0.01560	0.77817	0.02151	0.01856	0.01350	0.00675	0.00548	0.00169	0.00464	0.00548	0.00675	0.00928
59	0.00779	0.00584	0.00876	0.00876	0.00974	0.00681	0.00681	0.00974	0.00876	0.01266	0.01460	0.02142	0.01363	0.04089	0.78680	0.00876	0.01460	0.00584	0.00292	0.00487
60	0.00664	0.00474	0.00633	0.00759	0.00791	0.00443	0.00506	0.00759	0.01044	0.01392	0.03005	0.80485	0.03606	0.01708	0.00696	0.00221	0.00316	0.01550	0.00506	0.00443
61	0.00793	0.00529	0.00595	0.00595	0.00595	0.00529	0.00330	0.00793	0.00793	0.01057	0.01718	0.03568	0.01982	0.80840	0.02775	0.00529	0.00529	0.00793	0.00330	0.00330
62	0.82713	0.01051	0.00812	0.00723	0.01062	0.01213	0.00595	0.01628	0.00943	0.04259	0.00793	0.00909	0.00609	0.00510	0.00342	0.00169	0.00423	0.00301	0.00345	0.00599
63	0.00772	0.00557	0.00729	0.00686	0.00814	0.00514	0.00514	0.01029	0.01543	0.02186	0.77152	0.04072	0.05144	0.01115	0.00643	0.00171	0.00257	0.00986	0.00600	0.00514
64	0.01080	0.01171	0.07019	0.46618	0.08906	0.01191	0.12749	0.01505	0.04352	0.01544	0.01424	0.01766	0.07113	0.00603	0.00566	0.00180	0.00706	0.00564	0.00284	0.00658
65	0.01093	0.02820	0.78016	0.01554	0.02360	0.01266	0.02014	0.01727	0.01151	0.01727	0.00978	0.01151	0.00691	0.00518	0.00518	0.00173	0.00806	0.00403	0.00230	0.00806
66	0.01130	0.00969	0.01130	0.00807	0.01292	0.00727	0.00646	0.01373	0.01130	0.01776	0.00969	0.01130	0.00807	0.00404	0.00404	0.00081	0.00404	0.00323	0.00323	0.84173
67	0.72858	0.12444	0.01094	0.00748	0.01103	0.01356	0.00639	0.01607	0.00953	0.02281	0.00759	0.00884	0.00606	0.00500	0.00339	0.00161	0.00445	0.00295	0.00323	0.00606
68	0.00790	0.00527	0.00595	0.00598	0.00598	0.00527	0.00334	0.00792	0.00798	0.01064	0.01743	0.05065	0.02014	0.79299	0.02734	0.00523	0.00524	0.00808	0.00334	0.00333
69	0.00781	0.00577	0.00842	0.00842	0.00927	0.00663	0.00639	0.00951	0.00866	0.01240	0.01492	0.02316	0.01438	0.13445	0.69427	0.00834	0.01347	0.00610	0.00297	0.00468
70	0.80230	0.01047	0.00826	0.00731	0.01073	0.01200	0.00602	0.01660	0.00962	0.06535	0.00835	0.00938	0.00632	0.00515	0.00349	0.00169	0.00424	0.00309	0.00356	0.00609
71	0.02376	0.00943	0.01263	0.00979	0.01393	0.00837	0.00805	0.02672	0.06347	0.72989	0.02155	0.01867	0.01370	0.00679	0.00549	0.00170	0.00462	0.00553	0.00667	0.00924
72	0.00649	0.00552	0.00559	0.00558	0.00739	0.00462	0.00418	0.00792	0.01255	0.01501	0.08376	0.05200	0.74348	0.01370	0.00644	0.00184	0.00275	0.01144	0.00510	0.00462
73	0.01458	0.81168	0.02857	0.00933	0.01399	0.02157	0.00933	0.01632	0.01108	0.01283	0.00758	0.00875	0.00700	0.00466	0.00350	0.00117	0.00583	0.00292	0.00233	0.00700
74	0.00670	0.00549	0.00590	0.00590	0.00754	0.00469	0.00439	0.00828	0.01288	0.01603	0.18950	0.09402	0.59277	0.01349	0.00647	0.00184	0.00275	0.01143	0.00524	0.00469
75	0.13258	0.00954	0.01142	0.00918	0.01287	0.02940	0.00746	0.02313	0.03962	0.54428	0.07170	0.03577	0.03433	0.00720	0.00531	0.00170	0.00449	0.00577	0.00602	0.00822
76	0.01793	0.01388	0.01479	0.01198	0.01584	0.01560	0.00969	0.47232	0.31408	0.02985	0.01664	0.01592	0.01215	0.00688	0.00549	0.00172	0.00534	0.00540	0.00549	0.00902
77	0.84691	0.01054	0.00801	0.00717	0.01054	0.01223	0.00590	0.01603	0.00928	0.02446	0.00759	0.00886	0.00590	0.00506	0.00337	0.00169	0.00422	0.00295	0.00337	0.00590
78	0.01417	0.05239	0.06974	0.02651	0.43854	0.11673	0.16852	0.01757	0.01280	0.01688	0.01002	0.01292	0.00817	0.00492	0.00545	0.00162	0.00755	0.00487	0.00268	0.00795
79	0.02082	0.01511	0.01626	0.01247	0.01683	0.01667	0.01030	0.73696	0.02537	0.05399	0.01331	0.01323	0.00938	0.00655	0.00545	0.00164	0.00596	0.00492	0.00549	0.00927
80	0.00697	0.00553	0.00617	0.00646	0.00788	0.00490	0.00486	0.00840	0.01198	0.01481	0.07589	0.12860	0.49873	0.08216	0.00847	0.00226	0.00333	0.11310	0.00495	0.00455
81	0.00668	0.00478	0.00630	0.00749	0.00783	0.00446	0.00498	0.00761	0.01040	0.01382	0.03017	0.76262	0.05164	0.04350	0.00764	0.00231	0.00323	0.01516	0.00500	0.00439
82	0.00793	0.00529	0.00595	0.00595	0.00595	0.00529	0.00330	0.00793	0.00793	0.01057	0.01718	0.03568	0.01982	0.80840	0.02775	0.00529	0.00529	0.00793	0.00330	0.00330
83	0.01938	0.00851	0.01105	0.00883	0.01232	0.00754	0.00716	0.05571	0.01557	0.52966	0.12361	0.02631	0.13306	0.00838	0.00575	0.00171	0.00415	0.00694	0.00634	0.00803
84	0.01130	0.00969	0.01130	0.00807	0.01292	0.00727	0.00646	0.01373	0.01130	0.01776	0.00969	0.01130	0.00807	0.00404	0.00404	0.00081	0.00404	0.00323	0.00323	0.84173
85	0.01039	0.00978	0.01652	0.77362	0.05852	0.01214	0.01519	0.01401	0.01094	0.01404	0.00971	0.01451	0.00731	0.00543	0.00545	0.00181	0.00724	0.00485	0.00243	0.00613
86	0.00664	0.00474	0.00633	0.00759	0.00791	0.00443	0.00506	0.00759	0.01044	0.01392	0.03005	0.80485	0.03606	0.01708	0.00696	0.00221	0.00316	0.01550	0.00506	0.00443
87	0.01135	0.06880	0.01237	0.00815	0.01279	0.00821	0.00661	0.01366	0.01125	0.01724	0.01038	0.04426	0.00916	0.00463	0.00412	0.00089	0.00413	0.00372	0.00324	0.74503
88	0.01965	0.10107	0.03181	0.01068	0.03713	0.01115	0.00879	0.13957	0.03135	0.39286	0.03500	0.01584	0.01205	0.00613	0.00507	0.00150	0.00498	0.00486	0.00529	0.12522
89	0.01388	0.55216	0.23705	0.01125	0.01682	0.03350	0.01240	0.04135	0.01177	0.01479	0.00839	0.00968	0.00705	0.00489	0.00406	0.00134	0.00653	0.00330	0.00244	0.00735
90	0.00779	0.00584	0.00876	0.00876	0.00974	0.00681	0.00681	0.00974	0.00876	0.01266	0.01460	0.02142	0.01363	0.04089	0.78680	0.00876	0.01460	0.00584	0.00292	0.00487
91	0.02446	0.00928	0.01265	0.00970	0.01392	0.00801	0.00801	0.02657	0.01560	0.77817	0.02151	0.01856	0.01350	0.00675	0.00548	0.00169	0.00464	0.00548	0.00675	0.00928
92	0.00772	0.00557	0.00729	0.00686	0.00814	0.00514	0.00514	0.01029	0.01543	0.02186	0.77152	0.04072	0.05144	0.01115	0.00643	0.00171	0.00257	0.00986	0.00600	0.00514
93	0.00947	0.00473	0.00710	0.00710	0.00710	0.00473	0.00473	0.00710	0.00710	0.00947	0.00947	0.01657	0.00947	0.01894	0.02131	0.84138	0.00473	0.00473	0.00237	0.00237
94	0.00829	0.00595	0.00785	0.00882	0.00973	0.00587	0.00679	0.05326	0.01214	0.01604	0.02860	0.47519	0.03269	0.01569	0.00709	0.00229	0.00404	0.28968	0.00507	0.00494
95	0.84691	0.01054	0.00801	0.00717	0.01054	0.01223	0.00590	0.01603	0.00928	0.02446	0.00759	0.00886	0.00590	0.00506	0.00337	0.00169	0.00422	0.00295	0.00337	0.00590
96	0.01168	0.04947	0.65219	0.01723	0.10792	0.01284	0.01912	0.01742	0.01170	0.03678	0.01007	0.01183	0.00727	0.00517	0.00516	0.00170	0.00772	0.00413	0.00246	0.00812
97	0.00644	0.00552	0.00552	0.00552	0.00736	0.00460	0.00414	0.00782	0.01243	0.01473	0.05523	0.05247	0.77218	0.01381	0.00644	0.00184	0.00276	0.01151	0.00506	0.00460
98	0.01337	0.01300	0.02244	0.03179	0.68826	0.01321	0.06089	0.01658	0.01222	0.01754	0.01013	0.01348	0.00853	0.00510	0.00614	0.00167	0.04960	0.00495	0.00269	0.00841
99	0.01223	0.01060	0.01348	0.00975	0.01451	0.00877	0.06594	0.07660	0.01258	0.01905	0.01003	0.01174	0.00817	0.00440	0.00461	0.00099	0.01978	0.00365	0.00336	0.68975
100	0.00740	0.00564	0.00770	0.00810	0.00912	0.00506	0.02769	0.00866	0.01071	0.01463	0.04120	0.67333	0.03223	0.01506	0.00659	0.00203	0.00344	0.01368	0.00479	0.10296
101	0.01955	0.01464	0.01571	0.01216	0.01644	0.01605	0.00998	0.64950	0.08951	0.03239	0.01369	0.01362	0.00985	0.00647	0.00538	0.00161	0.00574	0.00492	0.00533	0.05746
102	0.00905	0.00761	0.01085	0.01013	0.01070	0.00963	0.00797	0.01056	0.00855	0.01257	0.01264	0.02011	0.01235	0.11497	0.47256	0.00646	0.24972	0.00575	0.00280	0.00503
103	0.00793	0.00529	0.00595	0.00595	0.00595	0.00529	0.00330	0.00793	0.00793	0.01057	0.01718	0.03568	0.01982	0.80840	0.02775	0.00529	0.00529	0.00793	0.00330	0.00330
104	0.01285	0.01337	0.04894	0.07034	0.49114	0.01276	0.19411	0.01650	0.01242	0.01742	0.01134	0.01620	0.00957	0.00535	0.00575	0.00173	0.00715	0.04228	0.00280	0.00798
105	0.01167	0.12676	0.66968	0.01464	0.02219	0.01369	0.01853	0.01734	0.01154	0.03213	0.00974	0.01130	0.00705	0.00515	0.00497	0.00165	0.00771	0.00392	0.00240	0.00795
106	0.01209	0.01097	0.01671	0.24985	0.27960	0.01235	0.01335	0.03213	0.13453	0.01759	0.03361	0.01828	0.01196	0.00657	0.00642	0.00181	0.06242	0.04407	0.02838	0.00730
107	0.00779	0.00584	0.00876	0.00876	0.00974	0.00681	0.00681	0.00974	0.00876	0.01266	0.01460	0.02142	0.01363	0.04089	0.78680	0.00876	0.01460	0.00584	0.00292	0.00487
108	0.05596	0.03167	0.01348	0.03325	0.24014	0.00939	0.01090	0.01402	0.04807	0.01736	0.03601	0.07446	0.02192	0.01062	0.00636	0.00208	0.00531	0.35846	0.00415	0.00637
109	0.00772	0.00557	0.00729	0.00686	0.00814	0.00514	0.00514	0.01029	0.01543	0.02186	0.77152	0.04072	0.05144	0.01115	0.00643	0.00171	0.00257	0.00986	0.00600	0.00514
110	0.01707	0.34863	0.02074	0.01121	0.01529	0.12921	0.00971	0.23662	0.12485	0.02068	0.01143	0.01185	0.00906	0.00575	0.00457	0.00144	0.00624	0.00406	0.00378	0.00780
111	0.01118	0.00855	0.01286	0.01256	0.05364	0.00854	0.09729	0.06091	0.06710	0.05962	0.07639	0.11562	0.02589	0.01167	0.00677	0.00215	0.00523	0.35298	0.00486	0.00619
112	0.01146	0.00674	0.00871	0.00772	0.00972	0.00631	0.00596	0.01484	0.06823	0.17242	0.56949	0.03488	0.04144	0.01001	0.00618	0.00172	0.00311	0.00873	0.00612	0.00621
113	0.00890	0.00615	0.00754	0.00727	0.00791	0.00665	0.00500	0.04951	0.00947	0.01346	0.01599	0.02817	0.01654	0.44217	0.24659	0.00565	0.02918	0.00680	0.08272	0.00433
114	0.00821	0.00617	0.00889	0.00873	0.00966	0.00717	0.00670	0.02616	0.00904	0.01295	0.01460	0.02233	0.01394	0.11295	0.67474	0.00809	0.03583	0.00599	0.00300	0.00485
115	0.01192	0.00954	0.01062	0.00942	0.01192	0.01038	0.00733	0.11197	0.35320	0.02358	0.31271	0.02855	0.05786	0.00899	0.00591	0.00177	0.00379	0.00764	0.00569	0.00721
116	0.01475	0.78760	0.02817	0.00947	0.01408	0.04502	0.00937	0.01649	0.01121	0.01284	0.00761	0.00878	0.00700	0.00469	0.00354	0.00117	0.00595	0.00293	0.00235	0.00698
117	0.01106	0.05443	0.75500	0.01533	0.02327	0.01296	0.01978	0.01723	0.01150	0.01712	0.00971	0.01142	0.00691	0.00516	0.00512	0.00171	0.00798	0.00399	0.00230	0.00802
118	0.00676	0.00561	0.00598	0.00618	0.00791	0.00483	0.00479	0.00829	0.01240	0.01493	0.05113	0.06957	0.65630	0.01405	0.00660	0.00194	0.00308	0.10996	0.00506	0.00466
119	0.03339	0.00938	0.03437	0.01162	0.10214	0.00878	0.00820	0.05734	0.11342	0.16489	0.27496	0.02732	0.07329	0.02766	0.00630	0.00178	0.00416	0.00722	0.00529	0.02847
120	0.08113	0.01618	0.18061	0.03401	0.08599	0.01313	0.26927	0.09151	0.06430	0.04157	0.02773	0.03094	0.01008	0.00574	0.00588	0.00178	0.02359	0.00551	0.00338	0.00766
121	0.00797	0.00560	0.00718	0.00681	0.00816	0.00513	0.00510	0.01038	0.01493	0.03664	0.65646	0.07133	0.10410	0.01140	0.00638	0.00173	0.00265	0.01002	0.02288	0.00516
122	0.00681	0.00484	0.00634	0.00741	0.00775	0.00454	0.00491	0.00777	0.01049	0.01406	0.06902	0.69667	0.03548	0.08554	0.00874	0.00245	0.00332	0.01454	0.00496	0.00437
123	0.01317	0.01353	0.01933	0.05824	0.03829	0.10174	0.20216	0.07145	0.01255	0.01679	0.07820	0.03273	0.01250	0.02522	0.01048	0.00203	0.27607	0.00583	0.00317	0.00652
124	0.03228	0.39701	0.14808	0.01515	0.12112	0.09593	0.06524	0.03934	0.01230	0.01551	0.00880	0.01051	0.00734	0.00493	0.00444	0.00142	0.00690	0.00373	0.00257	0.00739
125	0.01104	0.01250	0.07512	0.13119	0.02268	0.01223	0.30729	0.01429	0.01112	0.01538	0.02833	0.07536	0.02740	0.05172	0.03548	0.00237	0.15056	0.00664	0.00293	0.00634

[dist]
# distance from previous block
# <min> <max>
0	5

[block]
# block no. 2 follows, 44 sequences, length 39
# corresponding to MSA columns:
# 165-203
name=unknown_C
#
# <colnr> <probs for GDERKNQSTAVLIFYWHMCP>
#	G	D	E	R	K	N	Q	S	T	A	V	L	I	F	Y	W	H	M	C	P
0	0.01427	0.06739	0.02168	0.02807	0.57612	0.04282	0.04785	0.01819	0.06486	0.04962	0.01134	0.01377	0.00921	0.00512	0.00531	0.00161	0.00645	0.00486	0.00305	0.00841
1	0.01236	0.00937	0.01111	0.00813	0.01268	0.00719	0.00649	0.01470	0.01168	0.08874	0.01165	0.03745	0.00963	0.00477	0.00426	0.00095	0.00403	0.00388	0.02553	0.71541
2	0.00810	0.00584	0.00738	0.00804	0.00882	0.00571	0.00559	0.08226	0.01223	0.01640	0.06997	0.68315	0.03425	0.01570	0.00678	0.00213	0.00341	0.01413	0.00515	0.00495
3	0.00664	0.00474	0.00633	0.00759	0.00791	0.00443	0.00506	0.00759	0.01044	0.01392	0.03005	0.80485	0.03606	0.01708	0.00696	0.00221	0.00316	0.01550	0.00506	0.00443
4	0.00790	0.00541	0.00658	0.00658	0.00680	0.00563	0.00409	0.00833	0.00812	0.01104	0.01660	0.03247	0.01843	0.63589	0.19836	0.00607	0.00738	0.00746	0.00322	0.00365
5	0.00669	0.00478	0.00637	0.00756	0.00792	0.00446	0.00506	0.00772	0.01067	0.01429	0.06451	0.76933	0.03677	0.01680	0.00693	0.00219	0.00314	0.01524	0.00510	0.00446
6	0.00664	0.00474	0.00633	0.00759	0.00791	0.00443	0.00506	0.00759	0.01044	0.01392	0.03005	0.80485	0.03606	0.01708	0.00696	0.00221	0.00316	0.01550	0.00506	0.00443
7	0.01080	0.01027	0.01454	0.01281	0.01307	0.01401	0.01054	0.01220	0.00846	0.01299	0.00918	0.01450	0.00891	0.01805	0.22668	0.00412	0.58558	0.00506	0.00253	0.00567
8	0.84691	0.01054	0.00801	0.00717	0.01054	0.01223	0.00590	0.01603	0.00928	0.02446	0.00759	0.00886	0.00590	0.00506	0.00337	0.00169	0.00422	0.00295	0.00337	0.00590
9	0.00778	0.00608	0.00887	0.02572	0.11878	0.00586	0.00702	0.00919	0.01093	0.01477	0.04815	0.63607	0.03191	0.01489	0.00671	0.00211	0.00374	0.03162	0.00470	0.00510
10	0.02005	0.02500	0.01515	0.01372	0.01652	0.73867	0.01031	0.04344	0.01563	0.01419	0.00886	0.01026	0.00731	0.00567	0.00490	0.00141	0.00949	0.00360	0.02946	0.00637
11	0.01356	0.01171	0.01233	0.01109	0.01418	0.01356	0.00863	0.02897	0.76455	0.02281	0.02219	0.02034	0.01664	0.00740	0.00555	0.00185	0.00431	0.00616	0.00555	0.00863
12	0.01458	0.81168	0.02857	0.00933	0.01399	0.02157	0.00933	0.01632	0.01108	0.01283	0.00758	0.00875	0.00700	0.00466	0.00350	0.00117	0.00583	0.00292	0.00233	0.00700
13	0.02072	0.01527	0.01636	0.01254	0.01691	0.01691	0.01036	0.75622	0.02563	0.03436	0.01309	0.01309	0.00927	0.00654	0.00545	0.00164	0.00600	0.00491	0.00545	0.00927
14	0.20987	0.05713	0.01490	0.01359	0.07144	0.46641	0.00986	0.06671	0.01425	0.01755	0.00863	0.01004	0.00703	0.00545	0.00457	0.00149	0.00786	0.00354	0.00308	0.00662
15	0.01806	0.02203	0.01673	0.06987	0.12797	0.57569	0.03462	0.01997	0.01448	0.01417	0.00948	0.03372	0.00815	0.00579	0.00513	0.00150	0.00896	0.00423	0.00283	0.00661
16	0.00795	0.00569	0.00747	0.00744	0.00787	0.00624	0.00511	0.00885	0.00836	0.01162	0.01605	0.04444	0.01710	0.43427	0.36036	0.00667	0.03021	0.00708	0.00315	0.00408
17	0.02002	0.01378	0.01499	0.01161	0.01564	0.01500	0.00952	0.62022	0.02330	0.10051	0.01428	0.01466	0.01025	0.02713	0.00592	0.00171	0.00562	0.00505	0.06196	0.00883
18	0.01328	0.01268	0.02157	0.03246	0.74557	0.01266	0.01630	0.01649	0.01253	0.01796	0.03890	0.01452	0.01025	0.00509	0.00544	0.00162	0.00633	0.00505	0.00282	0.00850
19	0.01130	0.00969	0.01130	0.00807	0.01292	0.00727	0.00646	0.01373	0.01130	0.01776	0.00969	0.01130	0.00807	0.00404	0.00404	0.00081	0.00404	0.00323	0.00323	0.84173
20	0.02446	0.00928	0.01265	0.00970	0.01392	0.00801	0.00801	0.02657	0.01560	0.77817	0.02151	0.01856	0.01350	0.00675	0.00548	0.00169	0.00464	0.00548	0.00675	0.00928
21	0.03609	0.07684	0.32573	0.01419	0.03418	0.06783	0.05371	0.18996	0.06631	0.06618	0.01185	0.01272	0.00860	0.00569	0.00517	0.00165	0.00702	0.00447	0.00361	0.00817
22	0.00785	0.00528	0.00594	0.00598	0.00604	0.00524	0.00338	0.00792	0.00814	0.01079	0.01876	0.05638	0.04491	0.76162	0.02651	0.00509	0.00515	0.00824	0.00341	0.00338
23	0.03654	0.02253	0.48121	0.01912	0.10301	0.01297	0.21255	0.01722	0.01190	0.01759	0.01010	0.01248	0.00742	0.00499	0.00548	0.00174	0.00808	0.00472	0.00250	0.00787
24	0.74017	0.05537	0.06595	0.00790	0.01169	0.01277	0.00714	0.01613	0.00954	0.02330	0.00775	0.00905	0.00604	0.00505	0.00351	0.00166	0.00459	0.00303	0.00324	0.00612
25	0.00750	0.00611	0.00678	0.00695	0.00872	0.00560	0.00550	0.01014	0.06356	0.01600	0.08555	0.05161	0.52239	0.01350	0.00662	0.00198	0.00334	0.16802	0.00514	0.00499
26	0.03288	0.17854	0.52796	0.01554	0.08267	0.03977	0.01710	0.01716	0.01157	0.01650	0.00930	0.01101	0.00704	0.00506	0.00482	0.00160	0.00746	0.00384	0.00238	0.00779
27	0.07088	0.01499	0.03863	0.02760	0.56652	0.12415	0.01489	0.01788	0.04091	0.01779	0.01025	0.01286	0.00848	0.00508	0.00519	0.00160	0.00676	0.00456	0.00286	0.00810
28	0.00793	0.00529	0.00595	0.00595	0.00595	0.00529	0.00330	0.00793	0.00793	0.01057	0.01718	0.03568	0.01982	0.80840	0.02775	0.00529	0.00529	0.00793	0.00330	0.00330
29	0.01253	0.29532	0.35319	0.01379	0.03220	0.01525	0.09697	0.01668	0.01189	0.03316	0.06231	0.01313	0.01036	0.00538	0.00484	0.00154	0.00693	0.00436	0.00273	0.00745
30	0.01389	0.01192	0.01477	0.02965	0.05667	0.01323	0.07815	0.06003	0.55840	0.04617	0.02079	0.01989	0.03724	0.00709	0.00564	0.00182	0.00499	0.00617	0.00509	0.00839
31	0.01448	0.79042	0.04897	0.00950	0.01425	0.02133	0.00962	0.01635	0.01109	0.01295	0.00764	0.00882	0.00699	0.00468	0.00354	0.00118	0.00589	0.00295	0.00233	0.00703
32	0.00735	0.00546	0.00716	0.03126	0.00933	0.00538	0.00572	0.00950	0.06190	0.01507	0.07334	0.65938	0.03466	0.01566	0.00680	0.00216	0.00338	0.03657	0.00507	0.00482
33	0.04184	0.01626	0.03841	0.01392	0.08004	0.19098	0.01039	0.22068	0.24377	0.03606	0.01554	0.01606	0.02724	0.00665	0.00534	0.00167	0.00631	0.01630	0.00449	0.00805
34	0.01318	0.01093	0.01168	0.01051	0.01345	0.01240	0.00817	0.02665	0.65530	0.04639	0.07445	0.02315	0.05375	0.00793	0.00565	0.00183	0.00414	0.00664	0.00559	0.00823
35	0.00664	0.00474	0.00633	0.00759	0.00791	0.00443	0.00506	0.00759	0.01044	0.01392	0.03005	0.80485	0.03606	0.01708	0.00696	0.00221	0.00316	0.01550	0.00506	0.00443
36	0.01193	0.01193	0.01670	0.01431	0.01431	0.01670	0.01193	0.01312	0.00835	0.01312	0.00716	0.01193	0.00716	0.00954	0.01789	0.00239	0.79843	0.00477	0.00239	0.00596
37	0.01130	0.00969	0.01130	0.00807	0.01292	0.00727	0.00646	0.01373	0.01130	0.01776	0.00969	0.01130	0.00807	0.00404	0.00404	0.00081	0.00404	0.00323	0.00323	0.84173
38	0.00662	0.00553	0.00577	0.00571	0.00747	0.00468	0.00428	0.00817	0.01284	0.01572	0.15453	0.05084	0.67226	0.01344	0.00644	0.00182	0.00274	0.01128	0.00519	0.00468

[dist]
# distance from previous block
# <min> <max>
0	2

[block]
# block no. 3 follows, 44 sequences, length 69
# corresponding to MSA columns:
# 206-274
name=unknown_D
#
# <colnr> <probs for GDERKNQSTAVLIFYWHMCP>
#	G	D	E	R	K	N	Q	S	T	A	V	L	I	F	Y	W	H	M	C	P
0	0.01216	0.02869	0.76608	0.01624	0.02426	0.01328	0.02041	0.01804	0.01227	0.01837	0.01101	0.01321	0.00809	0.00600	0.00570	0.00195	0.00841	0.00443	0.00274	0.00865
1	0.01016	0.00508	0.00508	0.00508	0.00635	0.00508	0.00381	0.01270	0.01143	0.02033	0.01778	0.02033	0.01397	0.00635	0.00381	0.00127	0.00254	0.00508	0.83867	0.00508
2	0.01030	0.00969	0.01635	0.79530	0.03755	0.01211	0.01514	0.01393	0.01090	0.01393	0.00969	0.01453	0.00727	0.00545	0.00545	0.00182	0.00727	0.00484	0.00242	0.00606
3	0.00766	0.00557	0.00721	0.00680	0.00811	0.00512	0.00510	0.01018	0.01530	0.02155	0.73972	0.04124	0.08344	0.01126	0.00643	0.00172	0.00258	0.00993	0.00596	0.00512
4	0.00741	0.00565	0.00618	0.00636	0.00775	0.00509	0.00453	0.00920	0.04336	0.03065	0.04249	0.22302	0.45803	0.09305	0.00856	0.00225	0.00321	0.01156	0.02697	0.00471
5	0.01349	0.01295	0.02213	0.03346	0.77440	0.01295	0.01673	0.01673	0.01241	0.01781	0.01025	0.01349	0.00864	0.00486	0.00540	0.00162	0.00648	0.00486	0.00270	0.00864
6	0.02052	0.01517	0.01625	0.01250	0.01683	0.01681	0.01031	0.73591	0.04626	0.03404	0.01334	0.01329	0.00948	0.00657	0.00546	0.00164	0.00595	0.00494	0.00546	0.00925
7	0.01481	0.30322	0.21885	0.01530	0.11215	0.08046	0.04766	0.09579	0.01346	0.03705	0.00966	0.01113	0.00765	0.00515	0.00468	0.00148	0.00696	0.00393	0.00287	0.00773
8	0.00719	0.00528	0.00714	0.00825	0.00870	0.00523	0.00592	0.00839	0.01067	0.01425	0.02890	0.65749	0.03412	0.01645	0.00751	0.00227	0.03714	0.12557	0.00494	0.00458
9	0.01093	0.02820	0.78016	0.01554	0.02360	0.01266	0.02014	0.01727	0.01151	0.01727	0.00978	0.01151	0.00691	0.00518	0.00518	0.00173	0.00806	0.00403	0.00230	0.00806
10	0.00663	0.00481	0.00626	0.00742	0.00786	0.00444	0.00498	0.00761	0.01060	0.01398	0.03214	0.74234	0.09721	0.01681	0.00692	0.00218	0.00313	0.01517	0.00506	0.00444
11	0.04235	0.09025	0.09938	0.01246	0.01732	0.01151	0.12319	0.08008	0.01493	0.42825	0.01627	0.01558	0.01083	0.00599	0.00534	0.00166	0.00591	0.00511	0.00504	0.00854
12	0.00682	0.00493	0.00646	0.00737	0.00792	0.00456	0.00503	0.00807	0.01140	0.01534	0.16074	0.63595	0.07341	0.01589	0.00684	0.00211	0.00304	0.01433	0.00523	0.00456
13	0.00647	0.00542	0.00563	0.00580	0.00744	0.00458	0.00427	0.00779	0.01216	0.01462	0.05180	0.15495	0.67191	0.01425	0.00651	0.00189	0.00282	0.01205	0.00506	0.00458
14	0.01264	0.01426	0.03078	0.09101	0.02929	0.01364	0.68946	0.01715	0.01269	0.01715	0.01091	0.01469	0.00818	0.00467	0.00635	0.00184	0.00902	0.00629	0.00273	0.00724
15	0.00782	0.00558	0.00739	0.00739	0.00795	0.00606	0.00514	0.00886	0.00848	0.01176	0.01685	0.02873	0.03649	0.38984	0.42037	0.00700	0.01005	0.00694	0.00315	0.00415
16	0.02299	0.00895	0.01218	0.00945	0.01341	0.00776	0.00776	0.02513	0.01559	0.71155	0.08758	0.02051	0.01684	0.00714	0.00557	0.00169	0.00446	0.00587	0.00668	0.00891
17	0.02012	0.02548	0.01520	0.01383	0.01660	0.76771	0.01037	0.02155	0.01535	0.01351	0.00865	0.01008	0.00719	0.00564	0.00489	0.00140	0.00966	0.00355	0.02293	0.00629
18	0.03416	0.70289	0.09394	0.00995	0.01483	0.04077	0.01023	0.01654	0.01119	0.01351	0.00780	0.00902	0.00696	0.00474	0.00368	0.00123	0.00609	0.00303	0.00237	0.00705
19	0.00682	0.00554	0.00605	0.00592	0.00760	0.00476	0.00444	0.00856	0.01332	0.01685	0.26876	0.04897	0.55732	0.01301	0.00644	0.00180	0.00270	0.01102	0.00534	0.00476
20	0.02072	0.01527	0.01636	0.01254	0.01691	0.01691	0.01036	0.75622	0.02563	0.03436	0.01309	0.01309	0.00927	0.00654	0.00545	0.00164	0.00600	0.00491	0.00545	0.00927
21	0.02033	0.01507	0.01614	0.01246	0.01676	0.01672	0.01027	0.71618	0.06631	0.03372	0.01359	0.01349	0.00968	0.00659	0.00546	0.00165	0.00591	0.00498	0.00546	0.00924
22	0.01213	0.02653	0.71255	0.01502	0.02274	0.01225	0.01907	0.01808	0.01187	0.08429	0.01082	0.01213	0.00749	0.00532	0.00521	0.00172	0.00776	0.00416	0.00269	0.00816
23	0.02446	0.00928	0.01265	0.00970	0.01392	0.00801	0.00801	0.02657	0.01560	0.77817	0.02151	0.01856	0.01350	0.00675	0.00548	0.00169	0.00464	0.00548	0.00675	0.00928
24	0.01193	0.01193	0.01670	0.01431	0.01431	0.01670	0.01193	0.01312	0.00835	0.01312	0.00716	0.01193	0.00716	0.00954	0.01789	0.00239	0.79843	0.00477	0.00239	0.00596
25	0.00726	0.00555	0.00666	0.00638	0.00787	0.00495	0.00479	0.00941	0.01436	0.01933	0.51695	0.04490	0.30759	0.01209	0.00643	0.00176	0.00264	0.01044	0.00567	0.00495
26	0.01129	0.02596	0.66365	0.01761	0.09006	0.01276	0.06868	0.01723	0.01168	0.01733	0.00991	0.01190	0.00715	0.00511	0.00528	0.00172	0.00799	0.00426	0.00237	0.00806
27	0.00772	0.00557	0.00729	0.00686	0.00814	0.00514	0.00514	0.01029	0.01543	0.02186	0.77152	0.04072	0.05144	0.01115	0.00643	0.00171	0.00257	0.00986	0.00600	0.00514
28	0.00879	0.00628	0.00879	0.01004	0.01130	0.00628	0.00879	0.01130	0.01255	0.01632	0.02887	0.06150	0.03138	0.01506	0.00753	0.00251	0.00502	0.73770	0.00502	0.00502
29	0.01052	0.00992	0.01676	0.74136	0.08971	0.01217	0.01525	0.01413	0.01101	0.01420	0.00973	0.01446	0.00736	0.00541	0.00545	0.00180	0.00721	0.00485	0.00244	0.00624
30	0.01398	0.01370	0.02051	0.19637	0.42612	0.08011	0.06899	0.08175	0.01354	0.01800	0.01028	0.01346	0.00823	0.00518	0.00545	0.00166	0.00710	0.00486	0.00289	0.00783
31	0.01607	0.00920	0.01097	0.00934	0.01244	0.00922	0.00739	0.02299	0.28610	0.30910	0.14336	0.02610	0.09683	0.00838	0.00575	0.00177	0.00401	0.00702	0.00603	0.00792
32	0.05127	0.01199	0.02026	0.24168	0.36247	0.01274	0.11216	0.01713	0.06816	0.03298	0.01120	0.01435	0.00878	0.00523	0.00547	0.00172	0.00675	0.00508	0.00296	0.00763
33	0.01216	0.00943	0.06079	0.00846	0.01208	0.00715	0.00719	0.03043	0.01382	0.13635	0.29514	0.02342	0.02500	0.00723	0.00526	0.00136	0.00389	0.00613	0.00479	0.32992
34	0.74891	0.02962	0.04541	0.00752	0.01106	0.01214	0.00657	0.01594	0.00953	0.02366	0.00817	0.00951	0.00635	0.00512	0.00348	0.00166	0.00436	0.00310	0.04191	0.00599
35	0.00847	0.00609	0.00839	0.00955	0.01075	0.00601	0.00817	0.01079	0.01242	0.01614	0.04496	0.12615	0.06643	0.01510	0.00741	0.00244	0.00470	0.62604	0.00505	0.00495
36	0.01316	0.01256	0.02139	0.05375	0.72103	0.01267	0.01626	0.01635	0.01221	0.01748	0.01043	0.01386	0.00881	0.00642	0.03884	0.00193	0.00685	0.00490	0.00270	0.00840
37	0.01093	0.02820	0.78016	0.01554	0.02360	0.01266	0.02014	0.01727	0.01151	0.01727	0.00978	0.01151	0.00691	0.00518	0.00518	0.00173	0.00806	0.00403	0.00230	0.00806
38	0.00779	0.00584	0.00876	0.00876	0.00974	0.00681	0.00681	0.00974	0.00876	0.01266	0.01460	0.02142	0.01363	0.04089	0.78680	0.00876	0.01460	0.00584	0.00292	0.00487
39	0.01287	0.01471	0.03217	0.02298	0.02849	0.01379	0.75460	0.01746	0.01287	0.01746	0.01103	0.01471	0.00827	0.00460	0.00643	0.00184	0.00919	0.00643	0.00276	0.00735
40	0.00702	0.00501	0.00676	0.00802	0.00850	0.00475	0.00571	0.00824	0.01081	0.01434	0.02984	0.67507	0.03524	0.01673	0.00706	0.00227	0.00349	0.14158	0.00505	0.00453
41	0.01093	0.02820	0.78016	0.01554	0.02360	0.01266	0.02014	0.01727	0.01151	0.01727	0.00978	0.01151	0.00691	0.00518	0.00518	0.00173	0.00806	0.00403	0.00230	0.00806
42	0.02072	0.01527	0.01636	0.01254	0.01691	0.01691	0.01036	0.75622	0.02563	0.03436	0.01309	0.01309	0.00927	0.00654	0.00545	0.00164	0.00600	0.00491	0.00545	0.00927
43	0.00800	0.00632	0.00744	0.00787	0.00943	0.00608	0.00624	0.01121	0.09293	0.01614	0.05522	0.15679	0.33805	0.01392	0.00676	0.00210	0.00370	0.24152	0.00512	0.00515
44	0.00793	0.00529	0.00595	0.00595	0.00595	0.00529	0.00330	0.00793	0.00793	0.01057	0.01718	0.03568	0.01982	0.80840	0.02775	0.00529	0.00529	0.00793	0.00330	0.00330
45	0.00719	0.00562	0.00860	0.00895	0.00972	0.00525	0.07109	0.00846	0.01065	0.01423	0.02837	0.73524	0.03361	0.01598	0.00691	0.00218	0.00369	0.01470	0.00486	0.00469
46	0.01232	0.01258	0.01664	0.01430	0.01443	0.05228	0.01186	0.01352	0.00868	0.01313	0.00722	0.01183	0.00715	0.00936	0.01729	0.00234	0.76197	0.00471	0.00241	0.00598
47	0.01156	0.01139	0.01600	0.01382	0.01391	0.01583	0.01148	0.01282	0.00839	0.01308	0.00781	0.01276	0.00773	0.01230	0.08563	0.00295	0.72938	0.00487	0.00243	0.00587
48	0.01319	0.01002	0.01076	0.00954	0.01236	0.01095	0.00745	0.08504	0.43474	0.07054	0.06527	0.02553	0.13145	0.00835	0.00556	0.00176	0.00400	0.00692	0.07896	0.00762
49	0.00779	0.00584	0.00876	0.00876	0.00974	0.00681	0.00681	0.00974	0.00876	0.01266	0.01460	0.02142	0.01363	0.04089	0.78680	0.00876	0.01460	0.00584	0.00292	0.00487
50	0.00880	0.00636	0.00899	0.03135	0.01196	0.00645	0.00890	0.01132	0.01240	0.01615	0.02794	0.05907	0.03021	0.01554	0.02975	0.00267	0.00536	0.69686	0.00489	0.00504
51	0.00807	0.00781	0.07672	0.00936	0.01096	0.00733	0.00799	0.01040	0.00900	0.01306	0.01418	0.02054	0.01304	0.03774	0.71794	0.00814	0.01403	0.00568	0.00287	0.00515
52	0.84691	0.01054	0.00801	0.00717	0.01054	0.01223	0.00590	0.01603	0.00928	0.02446	0.00759	0.00886	0.00590	0.00506	0.00337	0.00169	0.00422	0.00295	0.00337	0.00590
53	0.75483	0.01059	0.00874	0.02954	0.01167	0.01213	0.00641	0.03770	0.01014	0.06571	0.00857	0.00967	0.00645	0.00521	0.00361	0.00169	0.00438	0.00320	0.00359	0.00619
54	0.01016	0.00508	0.00508	0.00508	0.00635	0.00508	0.00381	0.01270	0.01143	0.02033	0.01778	0.02033	0.01397	0.00635	0.00381	0.00127	0.00254	0.00508	0.83867	0.00508
55	0.01030	0.00969	0.01635	0.79530	0.03755	0.01211	0.01514	0.01393	0.01090	0.01393	0.00969	0.01453	0.00727	0.00545	0.00545	0.00182	0.00727	0.00484	0.00242	0.00606
56	0.01184	0.01336	0.08395	0.01442	0.01513	0.01634	0.01265	0.01349	0.00863	0.01349	0.00739	0.01189	0.00713	0.00916	0.01677	0.00233	0.72880	0.00471	0.00238	0.00615
57	0.01016	0.00508	0.00508	0.00508	0.00635	0.00508	0.00381	0.01270	0.01143	0.02033	0.01778	0.02033	0.01397	0.00635	0.00381	0.00127	0.00254	0.00508	0.83867	0.00508
58	0.02072	0.01527	0.01636	0.01254	0.01691	0.01691	0.01036	0.75622	0.02563	0.03436	0.01309	0.01309	0.00927	0.00654	0.00545	0.00164	0.00600	0.00491	0.00545	0.00927
59	0.00779	0.00584	0.00876	0.00876	0.00974	0.00681	0.00681	0.00974	0.00876	0.01266	0.01460	0.02142	0.01363	0.04089	0.78680	0.00876	0.01460	0.00584	0.00292	0.00487
60	0.01356	0.01171	0.01233	0.01109	0.01418	0.01356	0.00863	0.02897	0.76455	0.02281	0.02219	0.02034	0.01664	0.00740	0.00555	0.00185	0.00431	0.00616	0.00555	0.00863
61	0.01016	0.00508	0.00508	0.00508	0.00635	0.00508	0.00381	0.01270	0.01143	0.02033	0.01778	0.02033	0.01397	0.00635	0.00381	0.00127	0.00254	0.00508	0.83867	0.00508
62	0.00644	0.00552	0.00552	0.00552	0.00736	0.00460	0.00414	0.00782	0.01243	0.01473	0.05523	0.05247	0.77218	0.01381	0.00644	0.00184	0.00276	0.01151	0.00506	0.00460
63	0.01082	0.00528	0.00543	0.00529	0.00670	0.00522	0.00401	0.01334	0.01163	0.05536	0.01796	0.02024	0.01395	0.00637	0.00389	0.00129	0.00264	0.00510	0.80021	0.00528
64	0.02446	0.00928	0.01265	0.00970	0.01392	0.00801	0.00801	0.02657	0.01560	0.77817	0.02151	0.01856	0.01350	0.00675	0.00548	0.00169	0.00464	0.00548	0.00675	0.00928
65	0.01356	0.01171	0.01233	0.01109	0.01418	0.01356	0.00863	0.02897	0.76455	0.02281	0.02219	0.02034	0.01664	0.00740	0.00555	0.00185	0.00431	0.00616	0.00555	0.00863
66	0.84691	0.01054	0.00801	0.00717	0.01054	0.01223	0.00590	0.01603	0.00928	0.02446	0.00759	0.00886	0.00590	0.00506	0.00337	0.00169	0.00422	0.00295	0.00337	0.00590
