[name]
unknown

[dist]
# distance from previous block
# <min> <max>
2	88

[block]
# block no. 0 follows, 47 sequences, length 19
# corresponding to MSA columns:
# 150-168
name=unknown_A
#
# <colnr> <probs for GDERKNQSTAVLIFYWHMCP>
#	G	D	E	R	K	N	Q	S	T	A	V	L	I	F	Y	W	H	M	C	P
0	0.01528	0.11269	0.11065	0.01422	0.08311	0.02846	0.13853	0.10352	0.04417	0.17085	0.01263	0.02496	0.00939	0.00535	0.00497	0.00148	0.00600	0.00469	0.00377	0.10530
1	0.02756	0.03562	0.13338	0.04270	0.01858	0.06913	0.19914	0.05906	0.07295	0.09745	0.01396	0.10748	0.01181	0.00655	0.00555	0.00164	0.01913	0.00597	0.00360	0.06872
2	0.03911	0.01428	0.11045	0.01504	0.14629	0.10027	0.02728	0.14780	0.01419	0.14819	0.01395	0.11470	0.01191	0.00716	0.00613	0.00168	0.06452	0.00577	0.00394	0.00734
3	0.00908	0.00719	0.02198	0.00873	0.01032	0.00695	0.03904	0.06695	0.10407	0.03477	0.12594	0.39659	0.07878	0.01247	0.00623	0.00193	0.00372	0.05484	0.00493	0.00547
4	0.01721	0.04976	0.08503	0.04678	0.02849	0.04463	0.04611	0.26326	0.07794	0.20600	0.01487	0.05347	0.01109	0.00641	0.00518	0.00160	0.00564	0.00523	0.00465	0.02663
5	0.01348	0.01246	0.02050	0.01557	0.01923	0.08139	0.36631	0.04160	0.01283	0.11320	0.06005	0.07985	0.04117	0.00679	0.00670	0.00173	0.06895	0.00659	0.00363	0.02798
6	0.01222	0.00682	0.00925	0.07909	0.01200	0.00648	0.00662	0.03378	0.01410	0.23275	0.38579	0.10467	0.05597	0.00950	0.00583	0.00169	0.00355	0.00827	0.00550	0.00611
7	0.00887	0.00627	0.00819	0.00858	0.03083	0.00636	0.00607	0.02884	0.02977	0.07554	0.09023	0.45969	0.12152	0.01324	0.00726	0.00197	0.07542	0.01147	0.00476	0.00513
8	0.01283	0.07734	0.09260	0.12313	0.37924	0.07479	0.01376	0.04378	0.06038	0.01641	0.01128	0.01398	0.02540	0.02669	0.00556	0.00164	0.00638	0.00461	0.00282	0.00738
9	0.00734	0.00549	0.00816	0.00827	0.00914	0.00630	0.00636	0.00912	0.00851	0.01220	0.01527	0.09165	0.01494	0.03702	0.72547	0.00781	0.01297	0.00641	0.00297	0.00461
10	0.01153	0.01137	0.01558	0.01340	0.01366	0.01568	0.01111	0.01389	0.07683	0.01336	0.00812	0.01211	0.00765	0.00893	0.01603	0.00223	0.73535	0.00468	0.00255	0.00593
11	0.01525	0.04861	0.10865	0.01417	0.06131	0.36872	0.08781	0.03439	0.04147	0.01543	0.01020	0.01202	0.00814	0.00547	0.00528	0.00147	0.04165	0.00412	0.10938	0.00647
12	0.01196	0.01487	0.15191	0.20827	0.02778	0.01249	0.41692	0.03475	0.01202	0.04231	0.01042	0.01359	0.00765	0.00479	0.00567	0.00172	0.00794	0.00533	0.00268	0.00694
13	0.01295	0.01119	0.01178	0.01060	0.01354	0.01295	0.00824	0.02767	0.77509	0.02178	0.02120	0.01943	0.01590	0.00707	0.00530	0.00177	0.00412	0.00589	0.00530	0.00824
14	0.01289	0.01237	0.02114	0.03196	0.78450	0.01237	0.01598	0.01598	0.01186	0.01701	0.00980	0.01289	0.00825	0.00464	0.00516	0.00155	0.00619	0.00464	0.00258	0.00825
15	0.01139	0.01139	0.01595	0.01367	0.01367	0.01595	0.01139	0.01253	0.00798	0.01253	0.00684	0.01139	0.00684	0.00911	0.01709	0.00228	0.80745	0.00456	0.00228	0.00570
16	0.05761	0.01400	0.01484	0.05875	0.01642	0.06427	0.00985	0.53323	0.02009	0.04244	0.01156	0.01288	0.00867	0.03192	0.00682	0.00174	0.07795	0.00460	0.00448	0.00788
17	0.00792	0.00556	0.00664	0.00680	0.00733	0.00549	0.00439	0.05273	0.00963	0.01295	0.02065	0.33347	0.02383	0.41224	0.03860	0.00367	0.00452	0.01001	0.00391	0.02966
18	0.01435	0.03589	0.01327	0.05820	0.01538	0.11605	0.00909	0.07829	0.50673	0.03995	0.01720	0.01663	0.01298	0.00666	0.00558	0.00169	0.03446	0.00524	0.00460	0.00773

[dist]
# distance from previous block
# <min> <max>
0	1

[block]
# block no. 1 follows, 47 sequences, length 24
# corresponding to MSA columns:
# 170-193
name=unknown_B
#
# <colnr> <probs for GDERKNQSTAVLIFYWHMCP>
#	G	D	E	R	K	N	Q	S	T	A	V	L	I	F	Y	W	H	M	C	P
0	0.40875	0.01417	0.01235	0.09500	0.10993	0.21642	0.00923	0.01649	0.01089	0.01830	0.00796	0.00994	0.00643	0.00517	0.00464	0.00157	0.04034	0.00345	0.00287	0.00608
1	0.00894	0.00709	0.00922	0.00890	0.01035	0.00822	0.00689	0.01425	0.21691	0.01467	0.01599	0.02056	0.01397	0.05231	0.55944	0.00648	0.01102	0.00572	0.00348	0.00558
2	0.01975	0.00928	0.01193	0.00899	0.01319	0.00792	0.00737	0.06246	0.01431	0.53719	0.01704	0.01556	0.01126	0.00573	0.00486	0.00138	0.00435	0.00462	0.00546	0.23734
3	0.23965	0.00961	0.01345	0.56720	0.02835	0.01172	0.01195	0.03316	0.01035	0.01654	0.00879	0.01237	0.00664	0.00513	0.00467	0.00170	0.00612	0.00414	0.00264	0.00582
4	0.59388	0.00980	0.00867	0.00717	0.01081	0.01024	0.00586	0.01508	0.00961	0.04980	0.00829	0.00944	0.00647	0.00463	0.00347	0.00138	0.00400	0.00298	0.00330	0.23512
5	0.01054	0.00926	0.01211	0.22444	0.01874	0.00820	0.00843	0.01317	0.01069	0.01597	0.00926	0.01164	0.00750	0.00422	0.00422	0.00103	0.00470	0.00350	0.00288	0.61950
6	0.12845	0.00998	0.01367	0.23850	0.01951	0.01186	0.01044	0.03336	0.01105	0.22564	0.01144	0.01346	0.00840	0.00662	0.00831	0.00184	0.23267	0.00453	0.00362	0.00665
7	0.49787	0.01117	0.01104	0.13021	0.01567	0.01288	0.00815	0.21951	0.01335	0.02440	0.00899	0.01039	0.00671	0.00528	0.00407	0.00162	0.00494	0.00360	0.00362	0.00654
8	0.00814	0.00634	0.00760	0.00816	0.00918	0.00660	0.00576	0.01281	0.21810	0.01560	0.02666	0.59756	0.02940	0.01380	0.00628	0.00202	0.00332	0.01238	0.00496	0.00532
9	0.24238	0.59977	0.02195	0.00835	0.01247	0.01818	0.00802	0.01552	0.01011	0.01528	0.00724	0.00838	0.00640	0.00456	0.00331	0.00125	0.00515	0.00279	0.00250	0.00640
10	0.00952	0.00581	0.00788	0.00704	0.00830	0.00518	0.00497	0.00851	0.00788	0.01120	0.00910	0.01446	0.00868	0.01422	0.01587	0.61789	0.00434	0.00413	0.00249	0.23254
11	0.01945	0.02460	0.01196	0.00943	0.01304	0.00917	0.00766	0.02490	0.22151	0.52312	0.03889	0.01952	0.03864	0.00688	0.00527	0.00165	0.00427	0.00564	0.00599	0.00842
12	0.01769	0.02111	0.01395	0.01265	0.01540	0.58305	0.00957	0.02267	0.22158	0.01520	0.01163	0.01212	0.00921	0.00583	0.00486	0.00146	0.00796	0.00404	0.00339	0.00664
13	0.01229	0.01405	0.03073	0.02195	0.02722	0.01317	0.76558	0.01668	0.01229	0.01668	0.01054	0.01405	0.00790	0.00439	0.00615	0.00176	0.00878	0.00615	0.00263	0.00702
14	0.01080	0.00926	0.01080	0.00771	0.01234	0.00694	0.00617	0.01311	0.01080	0.01697	0.00926	0.01080	0.00771	0.00386	0.00386	0.00077	0.00386	0.00309	0.00309	0.84882
15	0.01535	0.07333	0.01340	0.01187	0.03189	0.50904	0.00870	0.01664	0.01310	0.01296	0.01365	0.22816	0.01429	0.00827	0.00514	0.00154	0.00732	0.00646	0.00323	0.00564
16	0.01080	0.00926	0.01080	0.00771	0.01234	0.00694	0.00617	0.01311	0.01080	0.01697	0.00926	0.01080	0.00771	0.00386	0.00386	0.00077	0.00386	0.00309	0.00309	0.84882
17	0.00845	0.00619	0.00707	0.00623	0.00749	0.00556	0.00398	0.00908	0.00845	0.01197	0.01446	0.02775	0.01588	0.59580	0.02034	0.00389	0.00472	0.00635	0.00314	0.23319
18	0.00827	0.00714	0.01133	0.44708	0.02317	0.00828	0.01015	0.01059	0.01021	0.01330	0.01797	0.37238	0.01927	0.01019	0.00585	0.00191	0.00518	0.00919	0.00344	0.00509
19	0.01010	0.00926	0.01431	0.58774	0.02947	0.01031	0.01221	0.01325	0.01052	0.01430	0.00926	0.01304	0.00715	0.00484	0.00484	0.00147	0.00610	0.00421	0.00252	0.23510
20	0.00811	0.00649	0.00986	0.22444	0.01588	0.00763	0.00808	0.01008	0.00878	0.01207	0.01311	0.02108	0.01241	0.16772	0.44470	0.00598	0.01047	0.00567	0.00273	0.00469
21	0.01011	0.04164	0.01012	0.00796	0.01075	0.03529	0.02972	0.05100	0.01231	0.04135	0.10461	0.16113	0.16476	0.00888	0.00522	0.00143	0.00384	0.00759	0.02231	0.26998
22	0.07510	0.01198	0.01429	0.22660	0.02045	0.01328	0.01030	0.40635	0.01767	0.02461	0.01126	0.03099	0.00857	0.00583	0.00495	0.00154	0.00567	0.00459	0.00403	0.10193
23	0.02088	0.01220	0.01410	0.01079	0.01492	0.01257	0.00891	0.45628	0.02034	0.32366	0.01550	0.01446	0.01038	0.00625	0.00518	0.00156	0.00517	0.00485	0.00562	0.03640

[dist]
# distance from previous block
# <min> <max>
0	1

[block]
# block no. 2 follows, 47 sequences, length 9
# corresponding to MSA columns:
# 195-203
name=unknown_C
#
# <colnr> <probs for GDERKNQSTAVLIFYWHMCP>
#	G	D	E	R	K	N	Q	S	T	A	V	L	I	F	Y	W	H	M	C	P
0	0.00792	0.00588	0.00876	0.08912	0.01182	0.00572	0.04961	0.00951	0.01093	0.05035	0.09744	0.53553	0.07046	0.01334	0.00633	0.00197	0.00374	0.01212	0.00461	0.00484
1	0.00757	0.00546	0.00660	0.00706	0.00806	0.00516	0.00496	0.02948	0.04671	0.03750	0.06603	0.49635	0.20047	0.04417	0.00711	0.00208	0.00315	0.01247	0.00489	0.00471
2	0.01171	0.01021	0.01279	0.09037	0.01538	0.01011	0.00842	0.08794	0.01156	0.01729	0.00910	0.01140	0.00757	0.00527	0.00675	0.00125	0.16345	0.00369	0.00306	0.51267
3	0.00679	0.00501	0.00652	0.00730	0.00803	0.00450	0.00497	0.00784	0.01005	0.01366	0.02675	0.73287	0.03176	0.01506	0.00637	0.00198	0.00311	0.01363	0.00466	0.08915
4	0.01079	0.05828	0.04809	0.01084	0.01372	0.00927	0.11387	0.04067	0.01122	0.05677	0.01637	0.26588	0.01682	0.00895	0.00661	0.00166	0.08548	0.02524	0.00370	0.19579
5	0.01336	0.01438	0.01526	0.01330	0.01420	0.19048	0.01077	0.01592	0.08754	0.01352	0.00857	0.01176	0.00773	0.00807	0.01311	0.00202	0.54687	0.00442	0.00268	0.00603
6	0.01071	0.15208	0.01473	0.00936	0.01256	0.00978	0.09844	0.04241	0.01074	0.01490	0.01295	0.11117	0.01306	0.17073	0.00903	0.00201	0.00498	0.00578	0.00319	0.29139
7	0.01482	0.03578	0.01319	0.00987	0.01395	0.08207	0.03417	0.09596	0.12668	0.13117	0.01288	0.01318	0.00968	0.00513	0.00455	0.00122	0.00491	0.00410	0.00405	0.38264
8	0.02994	0.03584	0.07175	0.02332	0.01498	0.04930	0.10010	0.03287	0.05347	0.03630	0.01319	0.02692	0.04945	0.03689	0.03142	0.00165	0.02827	0.00466	0.00326	0.35640

[dist]
# distance from previous block
# <min> <max>
1	19

[block]
# block no. 3 follows, 47 sequences, length 11
# corresponding to MSA columns:
# 223-233
name=unknown_D
#
# <colnr> <probs for GDERKNQSTAVLIFYWHMCP>
#	G	D	E	R	K	N	Q	S	T	A	V	L	I	F	Y	W	H	M	C	P
0	0.12727	0.14705	0.05915	0.01057	0.02567	0.02573	0.05749	0.14712	0.05170	0.12184	0.01488	0.12006	0.02798	0.00700	0.00484	0.00158	0.00511	0.00570	0.00406	0.03519
1	0.03903	0.08810	0.04265	0.03392	0.01567	0.01324	0.03970	0.32716	0.08359	0.11836	0.01341	0.03654	0.01011	0.00599	0.00490	0.00148	0.00529	0.00476	0.00447	0.11163
2	0.01002	0.00822	0.00965	0.00760	0.01106	0.00670	0.00592	0.05284	0.01197	0.01765	0.10620	0.12041	0.06411	0.00698	0.00470	0.00115	0.00361	0.00593	0.00385	0.54143
3	0.00945	0.00737	0.00909	0.02567	0.01063	0.00722	0.00633	0.10721	0.01186	0.01650	0.02040	0.45345	0.02277	0.03041	0.00690	0.00182	0.05056	0.00997	0.00426	0.18811
4	0.00787	0.00585	0.00849	0.00820	0.00941	0.00641	0.00634	0.00948	0.00849	0.01233	0.01316	0.01923	0.01224	0.03428	0.66751	0.06654	0.01234	0.00527	0.00278	0.08379
5	0.01584	0.05314	0.01449	0.01039	0.01440	0.01171	0.03695	0.27936	0.01597	0.12865	0.01192	0.01270	0.00891	0.00654	0.03086	0.00155	0.05090	0.00421	0.00418	0.28734
6	0.01740	0.01351	0.07301	0.01096	0.01514	0.01300	0.00951	0.47722	0.03527	0.10887	0.06699	0.01491	0.01206	0.00627	0.00510	0.00150	0.00524	0.00489	0.02184	0.08731
7	0.00654	0.00481	0.00613	0.00682	0.00753	0.00440	0.00473	0.00783	0.01126	0.01502	0.19283	0.53934	0.14430	0.01466	0.00647	0.00196	0.00285	0.01311	0.00503	0.00440
8	0.07238	0.00583	0.00676	0.08081	0.00885	0.00617	0.00441	0.00870	0.00794	0.01141	0.01504	0.03023	0.01679	0.67872	0.02273	0.00448	0.00515	0.00693	0.00308	0.00359
9	0.01245	0.07500	0.07928	0.04935	0.08970	0.08624	0.03704	0.11227	0.03908	0.01682	0.03411	0.14780	0.03116	0.00818	0.00754	0.00177	0.15594	0.00637	0.00341	0.00647
10	0.08101	0.01448	0.06815	0.01122	0.01518	0.06609	0.00960	0.41824	0.06258	0.05490	0.01239	0.03621	0.00946	0.00621	0.00531	0.00154	0.03141	0.00464	0.00442	0.08697

[dist]
# distance from previous block
# <min> <max>
3	6

[block]
# block no. 4 follows, 47 sequences, length 53
# corresponding to MSA columns:
# 248-300
name=unknown_E
#
# <colnr> <probs for GDERKNQSTAVLIFYWHMCP>
#	G	D	E	R	K	N	Q	S	T	A	V	L	I	F	Y	W	H	M	C	P
0	0.01100	0.00927	0.01079	0.00789	0.01228	0.00724	0.00628	0.04864	0.01141	0.01754	0.01039	0.05115	0.00911	0.00460	0.00406	0.00088	0.00390	0.00375	0.00327	0.76655
1	0.01273	0.01276	0.02219	0.06523	0.42851	0.02911	0.20710	0.03822	0.01205	0.01685	0.00980	0.01296	0.00797	0.00490	0.00605	0.00161	0.05459	0.00492	0.00267	0.04979
2	0.01124	0.00943	0.01091	0.00808	0.01239	0.00762	0.00642	0.06434	0.03758	0.01801	0.01091	0.05389	0.00949	0.00479	0.00415	0.00093	0.00395	0.00391	0.00340	0.71857
3	0.00634	0.00499	0.00569	0.00611	0.00724	0.00439	0.00433	0.00755	0.01124	0.01414	0.09191	0.33474	0.43366	0.03460	0.00686	0.00197	0.00283	0.01223	0.00485	0.00434
4	0.01805	0.04349	0.01509	0.01145	0.01533	0.01546	0.00941	0.58185	0.16709	0.02966	0.01407	0.01382	0.01022	0.00634	0.00512	0.00158	0.00535	0.00485	0.02320	0.00857
5	0.01062	0.03965	0.01496	0.03360	0.22028	0.02723	0.06734	0.05011	0.01168	0.01594	0.07830	0.18374	0.06473	0.02640	0.03279	0.00206	0.10326	0.00762	0.00354	0.00616
6	0.01774	0.10443	0.01576	0.03185	0.01539	0.01489	0.00923	0.46613	0.11848	0.09096	0.01368	0.01402	0.01009	0.03032	0.00562	0.00164	0.00537	0.00473	0.00481	0.02488
7	0.01527	0.01197	0.01259	0.01055	0.01387	0.03350	0.00836	0.24685	0.40229	0.06660	0.01848	0.01798	0.03755	0.03097	0.00584	0.00173	0.00473	0.00550	0.00508	0.05029
8	0.00704	0.00546	0.00627	0.00651	0.00777	0.00498	0.00470	0.04574	0.01206	0.01542	0.11748	0.34449	0.37564	0.01379	0.00630	0.00187	0.00292	0.01200	0.00495	0.00461
9	0.01934	0.01432	0.01539	0.01177	0.01596	0.01569	0.00971	0.72931	0.02380	0.03203	0.01234	0.01242	0.00880	0.00613	0.00514	0.00152	0.00564	0.00461	0.00510	0.05099
10	0.01322	0.06805	0.03855	0.06771	0.02326	0.01293	0.47177	0.01671	0.01185	0.10396	0.01154	0.03765	0.00900	0.00550	0.00683	0.00175	0.08397	0.00578	0.00305	0.00693
11	0.00668	0.00467	0.00594	0.00682	0.00704	0.00445	0.00438	0.00734	0.00932	0.01242	0.02535	0.60081	0.03021	0.23486	0.01207	0.00292	0.00357	0.01283	0.00438	0.00394
12	0.00690	0.00477	0.00588	0.00654	0.00670	0.00460	0.00407	0.00740	0.00888	0.01184	0.02312	0.45987	0.02741	0.37963	0.01566	0.00345	0.00394	0.01152	0.00407	0.00374
13	0.00755	0.00553	0.00767	0.00764	0.00825	0.00623	0.00556	0.00880	0.00815	0.01152	0.01486	0.04180	0.01516	0.27610	0.52512	0.00707	0.02946	0.00637	0.00293	0.00421
14	0.01400	0.56384	0.02354	0.01040	0.01373	0.10476	0.00956	0.01553	0.01050	0.01236	0.00724	0.00910	0.00672	0.00553	0.00636	0.00138	0.17353	0.00322	0.00229	0.00641
15	0.01980	0.01459	0.01563	0.01198	0.01615	0.01615	0.00990	0.76713	0.02448	0.03282	0.01250	0.01250	0.00886	0.00625	0.00521	0.00156	0.00573	0.00469	0.00521	0.00886
16	0.00634	0.00453	0.00604	0.00725	0.00755	0.00423	0.00483	0.00725	0.00997	0.01329	0.02870	0.81358	0.03444	0.01632	0.00665	0.00211	0.00302	0.01480	0.00483	0.00423
17	0.02250	0.01025	0.01294	0.00992	0.01399	0.00971	0.00820	0.20506	0.01723	0.60515	0.01860	0.01646	0.01191	0.00640	0.00523	0.00160	0.00475	0.00510	0.00615	0.00886
18	0.00634	0.00455	0.00602	0.00720	0.00754	0.00423	0.00481	0.00726	0.01002	0.01331	0.02933	0.79363	0.05399	0.01623	0.00663	0.00211	0.00301	0.01470	0.00483	0.00423
19	0.01980	0.01459	0.01563	0.01198	0.01615	0.01615	0.00990	0.76713	0.02448	0.03282	0.01250	0.01250	0.00886	0.00625	0.00521	0.00156	0.00573	0.00469	0.00521	0.00886
20	0.02336	0.00886	0.01209	0.00927	0.01329	0.00765	0.00765	0.02538	0.01491	0.78810	0.02055	0.01773	0.01289	0.00645	0.00524	0.00161	0.00443	0.00524	0.00645	0.00886
21	0.00905	0.00452	0.00678	0.00678	0.00678	0.00452	0.00452	0.00678	0.00678	0.00905	0.00905	0.01583	0.00905	0.01809	0.02035	0.84848	0.00452	0.00452	0.00226	0.00226
22	0.01289	0.01237	0.02114	0.03196	0.78450	0.01237	0.01598	0.01598	0.01186	0.01701	0.00980	0.01289	0.00825	0.00464	0.00516	0.00155	0.00619	0.00464	0.00258	0.00825
23	0.01644	0.01264	0.01353	0.01118	0.01471	0.01421	0.00897	0.36262	0.40693	0.05509	0.01723	0.01623	0.01260	0.00667	0.00526	0.00167	0.00486	0.00532	0.00530	0.00854
24	0.01493	0.01033	0.01148	0.01000	0.01312	0.01127	0.00787	0.02602	0.56030	0.19488	0.02281	0.02076	0.05804	0.00727	0.00533	0.00173	0.00411	0.00603	0.00553	0.00817
25	0.73724	0.02685	0.00890	0.03669	0.01151	0.01204	0.00631	0.06145	0.00995	0.02322	0.00769	0.00895	0.00595	0.00491	0.00343	0.00159	0.00427	0.00301	0.00329	0.02275
26	0.03220	0.00670	0.00825	0.03736	0.03536	0.00688	0.00552	0.07893	0.01060	0.06909	0.04941	0.13454	0.01945	0.41533	0.06493	0.00382	0.00531	0.00775	0.00384	0.00473
27	0.01980	0.01459	0.01563	0.01198	0.01615	0.01615	0.00990	0.76713	0.02448	0.03282	0.01250	0.01250	0.00886	0.00625	0.00521	0.00156	0.00573	0.00469	0.00521	0.00886
28	0.01337	0.01139	0.01201	0.01068	0.01370	0.01315	0.00834	0.07227	0.72982	0.02245	0.02067	0.01901	0.01547	0.00702	0.00529	0.00175	0.00422	0.00582	0.00529	0.00828
29	0.00905	0.00452	0.00678	0.00678	0.00678	0.00452	0.00452	0.00678	0.00678	0.00905	0.00905	0.01583	0.00905	0.01809	0.02035	0.84848	0.00452	0.00452	0.00226	0.00226
30	0.01894	0.01408	0.01517	0.01157	0.01579	0.01527	0.00954	0.69505	0.02318	0.03130	0.01219	0.01234	0.00875	0.00602	0.00508	0.00149	0.00555	0.00454	0.00501	0.08916
31	0.00634	0.00453	0.00604	0.00725	0.00755	0.00423	0.00483	0.00725	0.00997	0.01329	0.02870	0.81358	0.03444	0.01632	0.00665	0.00211	0.00302	0.01480	0.00483	0.00423
32	0.00983	0.00926	0.01562	0.80447	0.03587	0.01157	0.01446	0.01331	0.01041	0.01331	0.00926	0.01388	0.00694	0.00521	0.00521	0.00174	0.00694	0.00463	0.00231	0.00579
33	0.00737	0.00532	0.00696	0.00655	0.00778	0.00491	0.00491	0.00983	0.01474	0.02088	0.78175	0.03890	0.04914	0.01065	0.00614	0.00164	0.00246	0.00942	0.00573	0.00491
34	0.01945	0.02482	0.01476	0.01342	0.01610	0.79608	0.01006	0.02079	0.01476	0.01275	0.00805	0.00939	0.00671	0.00537	0.00470	0.00134	0.00939	0.00335	0.00268	0.00604
35	0.01080	0.00926	0.01080	0.00771	0.01234	0.00694	0.00617	0.01311	0.01080	0.01697	0.00926	0.01080	0.00771	0.00386	0.00386	0.00077	0.00386	0.00309	0.00309	0.84882
36	0.01980	0.01459	0.01563	0.01198	0.01615	0.01615	0.00990	0.76713	0.02448	0.03282	0.01250	0.01250	0.00886	0.00625	0.00521	0.00156	0.00573	0.00469	0.00521	0.00886
37	0.01980	0.01459	0.01563	0.01198	0.01615	0.01615	0.00990	0.76713	0.02448	0.03282	0.01250	0.01250	0.00886	0.00625	0.00521	0.00156	0.00573	0.00469	0.00521	0.00886
38	0.85377	0.01007	0.00765	0.00685	0.01007	0.01168	0.00564	0.01531	0.00886	0.02336	0.00725	0.00846	0.00564	0.00483	0.00322	0.00161	0.00403	0.00282	0.00322	0.00564
39	0.01945	0.02482	0.01476	0.01342	0.01610	0.79608	0.01006	0.02079	0.01476	0.01275	0.00805	0.00939	0.00671	0.00537	0.00470	0.00134	0.00939	0.00335	0.00268	0.00604
40	0.00634	0.00453	0.00604	0.00725	0.00755	0.00423	0.00483	0.00725	0.00997	0.01329	0.02870	0.81358	0.03444	0.01632	0.00665	0.00211	0.00302	0.01480	0.00483	0.00423
41	0.01139	0.01139	0.01595	0.01367	0.01367	0.01595	0.01139	0.01253	0.00798	0.01253	0.00684	0.01139	0.00684	0.00911	0.01709	0.00228	0.80745	0.00456	0.00228	0.00570
42	0.01080	0.00926	0.01080	0.00771	0.01234	0.00694	0.00617	0.01311	0.01080	0.01697	0.00926	0.01080	0.00771	0.00386	0.00386	0.00077	0.00386	0.00309	0.00309	0.84882
43	0.01295	0.01119	0.01178	0.01060	0.01354	0.01295	0.00824	0.02767	0.77509	0.02178	0.02120	0.01943	0.01590	0.00707	0.00530	0.00177	0.00412	0.00589	0.00530	0.00824
44	0.01045	0.02694	0.79000	0.01484	0.02254	0.01209	0.01924	0.01649	0.01099	0.01649	0.00935	0.01099	0.00660	0.00495	0.00495	0.00165	0.00770	0.00385	0.00220	0.00770
45	0.10345	0.00915	0.01161	0.00903	0.01290	0.00839	0.00745	0.06220	0.01468	0.65029	0.01872	0.01661	0.01199	0.00627	0.00499	0.00160	0.00440	0.00496	0.03290	0.00842
46	0.00838	0.00688	0.01001	0.00950	0.01022	0.00861	0.00755	0.01009	0.00834	0.01235	0.01240	0.01838	0.01162	0.03155	0.60250	0.00683	0.19358	0.00533	0.02096	0.00489
47	0.00647	0.00500	0.00591	0.00629	0.00738	0.00444	0.00449	0.00786	0.01172	0.01514	0.19006	0.34147	0.34734	0.01388	0.00634	0.00187	0.00275	0.01214	0.00502	0.00444
48	0.00625	0.00509	0.00554	0.00583	0.00720	0.00437	0.00422	0.00751	0.01150	0.01414	0.07596	0.24555	0.56093	0.01389	0.00628	0.00185	0.00273	0.01191	0.00487	0.00437
49	0.01721	0.00962	0.01109	0.00890	0.01194	0.00974	0.00709	0.28239	0.01665	0.26832	0.01827	0.01963	0.05082	0.09852	0.00742	0.00193	0.00454	0.00553	0.14305	0.00733
50	0.06195	0.04026	0.04811	0.02790	0.01343	0.00838	0.00718	0.03760	0.01111	0.01757	0.00917	0.01071	0.00752	0.00410	0.00393	0.00093	0.00425	0.00318	0.00307	0.67966
51	0.03183	0.04992	0.01255	0.02415	0.01336	0.03423	0.00734	0.05856	0.01205	0.12643	0.01070	0.01176	0.00831	0.00482	0.00499	0.00110	0.05604	0.00359	0.00356	0.52469
52	0.00694	0.00561	0.00635	0.00613	0.00786	0.00475	0.00454	0.00851	0.01195	0.01553	0.17879	0.17734	0.42758	0.01221	0.00598	0.00169	0.00281	0.01047	0.00480	0.10017

[dist]
# distance from previous block
# <min> <max>
2	13

[block]
# block no. 5 follows, 47 sequences, length 20
# corresponding to MSA columns:
# 314-333
name=unknown_F
#
# <colnr> <probs for GDERKNQSTAVLIFYWHMCP>
#	G	D	E	R	K	N	Q	S	T	A	V	L	I	F	Y	W	H	M	C	P
0	0.01699	0.01223	0.01334	0.01030	0.01405	0.01287	0.00835	0.51831	0.01990	0.05542	0.01285	0.01438	0.00982	0.06254	0.00638	0.00166	0.00512	0.00467	0.05940	0.14142
1	0.14014	0.38607	0.04825	0.00999	0.01397	0.05670	0.03421	0.09424	0.05561	0.01727	0.00977	0.01213	0.00837	0.00542	0.00434	0.00139	0.02291	0.03589	0.00304	0.04028
2	0.01561	0.02976	0.05587	0.15039	0.07321	0.01410	0.01122	0.41927	0.06220	0.02476	0.01230	0.03062	0.00940	0.00686	0.02165	0.00176	0.02724	0.00490	0.02110	0.00779
3	0.10111	0.00865	0.00995	0.00805	0.01128	0.00793	0.00633	0.07549	0.01197	0.12900	0.01436	0.12533	0.01284	0.03445	0.02168	0.00159	0.02176	0.00547	0.05031	0.34247
4	0.00865	0.00535	0.00631	0.00606	0.00651	0.00521	0.00372	0.00914	0.00911	0.06610	0.12617	0.03362	0.02283	0.64491	0.02210	0.00432	0.00463	0.00767	0.00375	0.00381
5	0.00720	0.00522	0.00679	0.00660	0.00773	0.00481	0.00487	0.00943	0.01406	0.01972	0.66487	0.13526	0.07102	0.01143	0.00621	0.00170	0.00253	0.01014	0.00559	0.00481
6	0.02287	0.00966	0.01258	0.00964	0.01369	0.00883	0.00796	0.12813	0.01623	0.68347	0.01943	0.01700	0.01233	0.00642	0.00523	0.00160	0.00461	0.00516	0.00627	0.00886
7	0.01139	0.01139	0.01595	0.01367	0.01367	0.01595	0.01139	0.01253	0.00798	0.01253	0.00684	0.01139	0.00684	0.00911	0.01709	0.00228	0.80745	0.00456	0.00228	0.00570
8	0.00744	0.00558	0.00837	0.00837	0.00930	0.00651	0.00651	0.00930	0.00837	0.01209	0.01395	0.02046	0.01302	0.03906	0.79635	0.00837	0.01395	0.00558	0.00279	0.00465
9	0.02293	0.00957	0.01252	0.00960	0.01364	0.00870	0.00793	0.11645	0.01608	0.69538	0.01956	0.01708	0.01240	0.00642	0.00523	0.00161	0.00459	0.00517	0.00629	0.00886
10	0.01141	0.00924	0.01086	0.00779	0.01239	0.00698	0.00624	0.01371	0.01100	0.05462	0.00981	0.01114	0.00797	0.00398	0.00392	0.00081	0.00388	0.00319	0.00325	0.80780
11	0.01207	0.01148	0.01953	0.17782	0.60842	0.01197	0.01528	0.01518	0.01143	0.01609	0.00987	0.01341	0.00821	0.00625	0.03960	0.00188	0.00667	0.00468	0.00254	0.00762
12	0.01142	0.28066	0.51823	0.01268	0.01908	0.01455	0.01543	0.01588	0.01083	0.01502	0.00934	0.03784	0.00759	0.00518	0.00449	0.00149	0.00685	0.00388	0.00230	0.00725
13	0.01139	0.01139	0.01595	0.01367	0.01367	0.01595	0.01139	0.01253	0.00798	0.01253	0.00684	0.01139	0.00684	0.00911	0.01709	0.00228	0.80745	0.00456	0.00228	0.00570
14	0.05723	0.01129	0.01257	0.01024	0.01350	0.01205	0.00822	0.43440	0.04574	0.13615	0.04999	0.15321	0.01571	0.00817	0.00541	0.00168	0.00479	0.00668	0.00525	0.00771
15	0.00634	0.00453	0.00604	0.00725	0.00755	0.00423	0.00483	0.00725	0.00997	0.01329	0.02870	0.81358	0.03444	0.01632	0.00665	0.00211	0.00302	0.01480	0.00483	0.00423
16	0.01045	0.02694	0.79000	0.01484	0.02254	0.01209	0.01924	0.01649	0.01099	0.01649	0.00935	0.01099	0.00660	0.00495	0.00495	0.00165	0.00770	0.00385	0.00220	0.00770
17	0.00747	0.00529	0.00652	0.00666	0.00786	0.00471	0.00477	0.00894	0.01180	0.04720	0.22381	0.35052	0.21368	0.03442	0.00676	0.00191	0.00293	0.01148	0.00501	0.03823
18	0.01121	0.01021	0.01645	0.78833	0.03634	0.01228	0.01488	0.01425	0.01128	0.01461	0.01062	0.01571	0.00825	0.00611	0.00578	0.00198	0.00736	0.00506	0.00279	0.00649
19	0.02186	0.02673	0.01247	0.00942	0.01333	0.00885	0.00778	0.08568	0.05953	0.64206	0.01953	0.01725	0.01262	0.00641	0.00515	0.00159	0.00448	0.00517	0.03144	0.00866

[dist]
# distance from previous block
# <min> <max>
7	14

[block]
# block no. 6 follows, 47 sequences, length 67
# corresponding to MSA columns:
# 350-416
name=unknown_G
#
# <colnr> <probs for GDERKNQSTAVLIFYWHMCP>
#	G	D	E	R	K	N	Q	S	T	A	V	L	I	F	Y	W	H	M	C	P
0	0.03585	0.00997	0.04123	0.00819	0.01268	0.00756	0.00683	0.04277	0.01146	0.05798	0.01068	0.04281	0.00898	0.00465	0.00412	0.00096	0.00408	0.00374	0.00338	0.68206
1	0.03741	0.07072	0.28369	0.02484	0.05599	0.05640	0.02546	0.01578	0.02580	0.04736	0.00985	0.01161	0.00770	0.00621	0.03594	0.00164	0.03798	0.00379	0.00279	0.23904
2	0.29562	0.07953	0.01326	0.04157	0.01442	0.30414	0.00845	0.08598	0.01319	0.08655	0.00927	0.01019	0.00710	0.00529	0.00422	0.00147	0.00645	0.00347	0.00337	0.00645
3	0.05062	0.01330	0.01463	0.01149	0.01526	0.01468	0.03197	0.58597	0.08859	0.02951	0.01360	0.01488	0.01023	0.02969	0.00577	0.00170	0.00546	0.02135	0.03305	0.00823
4	0.00909	0.00541	0.00642	0.00628	0.00684	0.00519	0.00392	0.00949	0.00890	0.09667	0.02006	0.14436	0.05060	0.58124	0.02051	0.00412	0.00460	0.00848	0.00383	0.00399
5	0.00666	0.00477	0.00613	0.00695	0.00743	0.00447	0.00470	0.00770	0.01038	0.01387	0.11177	0.56806	0.07652	0.11101	0.00895	0.00240	0.00323	0.03607	0.00473	0.00420
6	0.00666	0.00513	0.00601	0.00613	0.00733	0.00456	0.00442	0.00821	0.01225	0.01601	0.28865	0.20517	0.35013	0.04686	0.00711	0.00193	0.00276	0.01112	0.00506	0.00448
7	0.65381	0.00985	0.00867	0.00743	0.01077	0.01090	0.00611	0.04042	0.01061	0.16021	0.03318	0.01116	0.00835	0.00534	0.00373	0.00161	0.00411	0.00351	0.00394	0.00629
8	0.00665	0.00478	0.00589	0.00659	0.00704	0.00447	0.00432	0.00745	0.00980	0.01288	0.05527	0.49797	0.12829	0.21016	0.01139	0.00276	0.00344	0.01236	0.00446	0.00401
9	0.01941	0.01440	0.01541	0.01190	0.01600	0.01597	0.00981	0.72561	0.06664	0.03220	0.01299	0.01289	0.00925	0.00630	0.00521	0.00157	0.00564	0.00476	0.00521	0.00882
10	0.01980	0.01459	0.01563	0.01198	0.01615	0.01615	0.00990	0.76713	0.02448	0.03282	0.01250	0.01250	0.00886	0.00625	0.00521	0.00156	0.00573	0.00469	0.00521	0.00886
11	0.00629	0.00528	0.00546	0.00542	0.00712	0.00445	0.00406	0.00774	0.01219	0.01483	0.13411	0.04887	0.70055	0.01291	0.00615	0.00175	0.00262	0.01082	0.00494	0.00445
12	0.00752	0.00505	0.00580	0.00585	0.00590	0.00507	0.00335	0.00763	0.00770	0.01030	0.01680	0.06427	0.01931	0.75474	0.05609	0.00506	0.00532	0.00778	0.00321	0.00326
13	0.00905	0.00452	0.00678	0.00678	0.00678	0.00452	0.00452	0.00678	0.00678	0.00905	0.00905	0.01583	0.00905	0.01809	0.02035	0.84848	0.00452	0.00452	0.00226	0.00226
14	0.00983	0.00926	0.01562	0.80447	0.03587	0.01157	0.01446	0.01331	0.01041	0.01331	0.00926	0.01388	0.00694	0.00521	0.00521	0.00174	0.00694	0.00463	0.00231	0.00579
15	0.01052	0.02643	0.75984	0.01513	0.02273	0.01214	0.04888	0.01650	0.01105	0.01650	0.00939	0.01112	0.00665	0.00493	0.00500	0.00165	0.00774	0.00394	0.00222	0.00767
16	0.02299	0.00946	0.01245	0.00955	0.01359	0.00854	0.00789	0.10239	0.01590	0.70969	0.01971	0.01718	0.01247	0.00643	0.00523	0.00161	0.00457	0.00518	0.00632	0.00886
17	0.00905	0.00452	0.00678	0.00678	0.00678	0.00452	0.00452	0.00678	0.00678	0.00905	0.00905	0.01583	0.00905	0.01809	0.02035	0.84848	0.00452	0.00452	0.00226	0.00226
18	0.01289	0.01237	0.02114	0.03196	0.78450	0.01237	0.01598	0.01598	0.01186	0.01701	0.00980	0.01289	0.00825	0.00464	0.00516	0.00155	0.00619	0.00464	0.00258	0.00825
19	0.00744	0.00558	0.00837	0.00837	0.00930	0.00651	0.00651	0.00930	0.00837	0.01209	0.01395	0.02046	0.01302	0.03906	0.79635	0.00837	0.01395	0.00558	0.00279	0.00465
20	0.85377	0.01007	0.00765	0.00685	0.01007	0.01168	0.00564	0.01531	0.00886	0.02336	0.00725	0.00846	0.00564	0.00483	0.00322	0.00161	0.00403	0.00282	0.00322	0.00564
21	0.01045	0.02694	0.79000	0.01484	0.02254	0.01209	0.01924	0.01649	0.01099	0.01649	0.00935	0.01099	0.00660	0.00495	0.00495	0.00165	0.00770	0.00385	0.00220	0.00770
22	0.00983	0.00926	0.01562	0.80447	0.03587	0.01157	0.01446	0.01331	0.01041	0.01331	0.00926	0.01388	0.00694	0.00521	0.00521	0.00174	0.00694	0.00463	0.00231	0.00579
23	0.10309	0.00898	0.01166	0.00903	0.01298	0.00804	0.00746	0.02441	0.01433	0.71468	0.01927	0.01684	0.01219	0.00629	0.00504	0.00161	0.00439	0.00500	0.00614	0.00855
24	0.00739	0.00497	0.00573	0.00592	0.00596	0.00493	0.00341	0.00752	0.00794	0.01058	0.01827	0.15182	0.02128	0.69604	0.02351	0.00461	0.00474	0.00867	0.00341	0.00332
25	0.00983	0.00926	0.01562	0.80447	0.03587	0.01157	0.01446	0.01331	0.01041	0.01331	0.00926	0.01388	0.00694	0.00521	0.00521	0.00174	0.00694	0.00463	0.00231	0.00579
26	0.00744	0.00558	0.00837	0.00837	0.00930	0.00651	0.00651	0.00930	0.00837	0.01209	0.01395	0.02046	0.01302	0.03906	0.79635	0.00837	0.01395	0.00558	0.00279	0.00465
27	0.00971	0.00485	0.00485	0.00485	0.00607	0.00485	0.00364	0.01213	0.01092	0.01942	0.01699	0.01942	0.01335	0.00607	0.00364	0.00121	0.00243	0.00485	0.84589	0.00485
28	0.01945	0.02482	0.01476	0.01342	0.01610	0.79608	0.01006	0.02079	0.01476	0.01275	0.00805	0.00939	0.00671	0.00537	0.00470	0.00134	0.00939	0.00335	0.00268	0.00604
29	0.01139	0.01139	0.01595	0.01367	0.01367	0.01595	0.01139	0.01253	0.00798	0.01253	0.00684	0.01139	0.00684	0.00911	0.01709	0.00228	0.80745	0.00456	0.00228	0.00570
30	0.01392	0.82012	0.02729	0.00891	0.01337	0.02061	0.00891	0.01559	0.01058	0.01225	0.00724	0.00835	0.00668	0.00446	0.00334	0.00111	0.00557	0.00278	0.00223	0.00668
31	0.00865	0.00562	0.00731	0.00672	0.00820	0.00512	0.00510	0.01101	0.01462	0.08444	0.68452	0.03766	0.08017	0.01041	0.00607	0.00164	0.00263	0.00914	0.00575	0.00522
32	0.85377	0.01007	0.00765	0.00685	0.01007	0.01168	0.00564	0.01531	0.00886	0.02336	0.00725	0.00846	0.00564	0.00483	0.00322	0.00161	0.00403	0.00282	0.00322	0.00564
33	0.01139	0.01139	0.01595	0.01367	0.01367	0.01595	0.01139	0.01253	0.00798	0.01253	0.00684	0.01139	0.00684	0.00911	0.01709	0.00228	0.80745	0.00456	0.00228	0.00570
34	0.02336	0.00886	0.01209	0.00927	0.01329	0.00765	0.00765	0.02538	0.01491	0.78810	0.02055	0.01773	0.01289	0.00645	0.00524	0.00161	0.00443	0.00524	0.00645	0.00886
35	0.00619	0.00512	0.00544	0.00569	0.00714	0.00436	0.00414	0.00743	0.01147	0.01390	0.04767	0.21146	0.62432	0.01385	0.00626	0.00183	0.00272	0.01180	0.00484	0.00436
36	0.26646	0.00922	0.01079	0.00856	0.01235	0.00883	0.00706	0.02243	0.01314	0.56423	0.01665	0.01501	0.01077	0.00597	0.00465	0.00161	0.00431	0.00453	0.00550	0.00792
37	0.02327	0.00902	0.01218	0.00934	0.01337	0.00788	0.00771	0.04525	0.01516	0.76787	0.02033	0.01759	0.01278	0.00644	0.00524	0.00161	0.00447	0.00522	0.00641	0.00886
38	0.00738	0.00542	0.00688	0.00672	0.00785	0.00511	0.00492	0.00994	0.04357	0.01901	0.57193	0.15657	0.07975	0.04301	0.00698	0.00185	0.00272	0.01010	0.00543	0.00485
39	0.02109	0.01054	0.01290	0.01003	0.01393	0.01034	0.00824	0.24277	0.06124	0.49190	0.04845	0.01713	0.01332	0.00659	0.00527	0.00161	0.00472	0.00528	0.00599	0.00867
40	0.00738	0.00555	0.00701	0.00748	0.00881	0.00518	0.00608	0.00939	0.01247	0.01622	0.20731	0.09180	0.25993	0.01328	0.00661	0.00202	0.00352	0.32028	0.00502	0.00467
41	0.02322	0.00909	0.01222	0.00937	0.01341	0.00799	0.00774	0.05462	0.01528	0.75833	0.02023	0.01752	0.01273	0.00644	0.00524	0.00161	0.00448	0.00522	0.00640	0.00886
42	0.02321	0.00910	0.01223	0.00938	0.01341	0.00801	0.00775	0.05663	0.01531	0.75628	0.02021	0.01751	0.01272	0.00644	0.00524	0.00161	0.00449	0.00521	0.00639	0.00886
43	0.05244	0.00901	0.01200	0.00923	0.01323	0.00795	0.00763	0.03881	0.01487	0.74723	0.01993	0.01730	0.01256	0.00639	0.00517	0.00161	0.00444	0.00514	0.00631	0.00875
44	0.26172	0.04238	0.11508	0.01038	0.01435	0.01283	0.02067	0.15319	0.15961	0.10995	0.01268	0.01287	0.00925	0.00586	0.00503	0.00165	0.03670	0.00427	0.00413	0.00741
45	0.00649	0.00474	0.00653	0.00749	0.00792	0.00442	0.01865	0.00752	0.01020	0.01365	0.05781	0.76878	0.03454	0.01588	0.00662	0.00209	0.00310	0.01444	0.00483	0.00431
46	0.85377	0.01007	0.00765	0.00685	0.01007	0.01168	0.00564	0.01531	0.00886	0.02336	0.00725	0.00846	0.00564	0.00483	0.00322	0.00161	0.00403	0.00282	0.00322	0.00564
47	0.00907	0.00454	0.00671	0.00671	0.00676	0.00454	0.00449	0.00700	0.00695	0.00946	0.00936	0.01597	0.00922	0.01761	0.01969	0.81483	0.00444	0.00454	0.03577	0.00236
48	0.01415	0.67718	0.05251	0.01043	0.04119	0.08315	0.00968	0.01598	0.01091	0.01262	0.00746	0.00877	0.00674	0.00468	0.00394	0.00120	0.02746	0.00298	0.00228	0.00669
49	0.01198	0.00644	0.00848	0.00754	0.00952	0.00590	0.00580	0.01457	0.04114	0.23742	0.45432	0.11953	0.03604	0.00997	0.00591	0.00169	0.00314	0.00872	0.00582	0.00607
50	0.01189	0.01110	0.01890	0.21036	0.51574	0.01160	0.04419	0.01507	0.01146	0.01633	0.01028	0.01370	0.00834	0.00488	0.00508	0.00157	0.00616	0.00471	0.07129	0.00735
51	0.00666	0.00486	0.00629	0.00698	0.00769	0.00449	0.00492	0.00805	0.01141	0.01532	0.21496	0.51650	0.11238	0.01454	0.00650	0.00197	0.00292	0.04406	0.00505	0.00444
52	0.00638	0.00456	0.00608	0.00723	0.00756	0.00425	0.00484	0.00734	0.01014	0.01356	0.05534	0.78619	0.03496	0.01611	0.00663	0.00210	0.00300	0.01461	0.00487	0.00425
53	0.01384	0.80063	0.04603	0.00906	0.01359	0.02040	0.00916	0.01562	0.01059	0.01236	0.00729	0.00842	0.00668	0.00447	0.00338	0.00113	0.00562	0.00281	0.00223	0.00671
54	0.72458	0.01025	0.00844	0.00735	0.01063	0.01171	0.00604	0.06937	0.02506	0.05739	0.00868	0.00959	0.00654	0.00507	0.00350	0.00160	0.00414	0.00316	0.02086	0.00604
55	0.00671	0.00471	0.00628	0.00722	0.00755	0.00456	0.00487	0.00752	0.00952	0.01276	0.02546	0.61870	0.03003	0.10387	0.07369	0.03288	0.00423	0.03097	0.00440	0.00409
56	0.65948	0.01112	0.00951	0.00804	0.01149	0.01272	0.00663	0.19045	0.01250	0.02557	0.00847	0.00940	0.00639	0.00516	0.00369	0.00160	0.00442	0.00326	0.00369	0.00639
57	0.01165	0.08136	0.01372	0.01041	0.01240	0.01076	0.06737	0.07813	0.04125	0.07543	0.04524	0.01819	0.01276	0.07572	0.25850	0.00406	0.13756	0.00540	0.03416	0.00593
58	0.01349	0.21802	0.31462	0.01471	0.08855	0.01479	0.06098	0.11498	0.01287	0.05185	0.00975	0.01122	0.00744	0.00518	0.00520	0.00153	0.04039	0.00400	0.00286	0.00757
59	0.01256	0.49570	0.29296	0.01126	0.01659	0.01736	0.01266	0.01573	0.01057	0.01375	0.00795	0.00945	0.00666	0.00490	0.00471	0.00137	0.05334	0.00326	0.00222	0.00698
60	0.00632	0.00462	0.00595	0.00702	0.00749	0.00425	0.00473	0.00728	0.01019	0.01338	0.03146	0.72617	0.12008	0.01596	0.00659	0.00207	0.00298	0.01437	0.00483	0.00425
61	0.17355	0.04126	0.24226	0.07649	0.19902	0.07103	0.03887	0.01594	0.01085	0.01702	0.00875	0.01110	0.00690	0.00515	0.00549	0.00163	0.06120	0.00395	0.00255	0.00698
62	0.01153	0.00941	0.01483	0.25580	0.27228	0.01019	0.01180	0.02703	0.01142	0.07037	0.04063	0.04561	0.04165	0.03872	0.02440	0.00194	0.03737	0.00560	0.06289	0.00653
63	0.00642	0.00457	0.00606	0.00718	0.00751	0.00428	0.00479	0.00735	0.01007	0.01347	0.05478	0.76398	0.03451	0.03914	0.00720	0.00218	0.00306	0.01441	0.00482	0.00422
64	0.00793	0.00577	0.00768	0.00852	0.00958	0.00570	0.00692	0.01040	0.04269	0.01568	0.11123	0.21133	0.05551	0.04541	0.00761	0.00231	0.00408	0.43203	0.00486	0.00475
65	0.82449	0.01059	0.00790	0.00708	0.01028	0.03921	0.00580	0.01550	0.00907	0.02299	0.00728	0.00849	0.00568	0.00485	0.00327	0.00160	0.00422	0.00284	0.00320	0.00565
66	0.00660	0.00476	0.00622	0.00698	0.00755	0.00441	0.00479	0.00787	0.01113	0.01506	0.20723	0.58693	0.06687	0.02912	0.00686	0.00204	0.00291	0.01325	0.00502	0.00438

[dist]
# distance from previous block
# <min> <max>
2	22

[block]
# block no. 7 follows, 47 sequences, length 20
# corresponding to MSA columns:
# 442-461
name=unknown_H
#
# <colnr> <probs for GDERKNQSTAVLIFYWHMCP>
#	G	D	E	R	K	N	Q	S	T	A	V	L	I	F	Y	W	H	M	C	P
0	0.00952	0.00610	0.00754	0.00760	0.00871	0.00599	0.00565	0.03362	0.03781	0.08418	0.04051	0.14087	0.07719	0.29895	0.01360	0.00312	0.00442	0.20548	0.00442	0.00473
1	0.01105	0.00953	0.01107	0.04926	0.01352	0.02285	0.00675	0.04305	0.01148	0.01731	0.02954	0.03651	0.00957	0.00461	0.00414	0.00093	0.00414	0.00376	0.00324	0.70768
2	0.06023	0.05010	0.46259	0.01159	0.01667	0.01012	0.01343	0.01428	0.01028	0.04616	0.04421	0.01349	0.00938	0.00805	0.00808	0.18127	0.00623	0.00422	0.02338	0.00623
3	0.00652	0.00517	0.00589	0.00613	0.00746	0.00453	0.00453	0.00801	0.01198	0.01517	0.17282	0.20666	0.46185	0.01346	0.00631	0.00184	0.00280	0.04943	0.00499	0.00447
4	0.01045	0.02694	0.79000	0.01484	0.02254	0.01209	0.01924	0.01649	0.01099	0.01649	0.00935	0.01099	0.00660	0.00495	0.00495	0.00165	0.00770	0.00385	0.00220	0.00770
5	0.01019	0.00812	0.00963	0.15494	0.01360	0.04510	0.00692	0.07408	0.03847	0.03064	0.01549	0.04645	0.03537	0.41475	0.04023	0.00360	0.03773	0.00658	0.00334	0.00477
6	0.01090	0.04565	0.60932	0.01588	0.02279	0.01265	0.14907	0.01636	0.01110	0.01627	0.00941	0.01147	0.00684	0.00498	0.00554	0.00168	0.03609	0.00425	0.00228	0.00748
7	0.01175	0.01140	0.01567	0.01340	0.01365	0.01565	0.01113	0.05676	0.00900	0.01375	0.00776	0.03300	0.00770	0.00914	0.01611	0.00223	0.73871	0.00484	0.00252	0.00584
8	0.05157	0.00926	0.01077	0.00782	0.01233	0.00723	0.00629	0.01439	0.01110	0.09098	0.01024	0.01135	0.00811	0.00415	0.00396	0.00089	0.00392	0.00328	0.00341	0.72895
9	0.01392	0.82012	0.02729	0.00891	0.01337	0.02061	0.00891	0.01559	0.01058	0.01225	0.00724	0.00835	0.00668	0.00446	0.00334	0.00111	0.00557	0.00278	0.00223	0.00668
10	0.00971	0.00485	0.00485	0.00485	0.00607	0.00485	0.00364	0.01213	0.01092	0.01942	0.01699	0.01942	0.01335	0.00607	0.00364	0.00121	0.00243	0.00485	0.84589	0.00485
11	0.01072	0.00593	0.00785	0.00730	0.00895	0.00535	0.00549	0.01266	0.01354	0.19300	0.40484	0.22184	0.05943	0.01114	0.00606	0.00175	0.00305	0.00982	0.00565	0.00563
12	0.00674	0.00484	0.00645	0.00740	0.00798	0.00455	0.00527	0.00806	0.01094	0.01467	0.13550	0.59209	0.05295	0.01520	0.00663	0.00207	0.00316	0.10613	0.00496	0.00440
13	0.00870	0.00522	0.00697	0.00740	0.00833	0.00478	0.00521	0.01000	0.01138	0.11401	0.14972	0.58582	0.03406	0.01413	0.00638	0.00197	0.00311	0.01270	0.00519	0.00494
14	0.00695	0.00509	0.00652	0.00662	0.00764	0.00466	0.00479	0.00884	0.01307	0.01799	0.48874	0.26381	0.12084	0.01255	0.00629	0.00179	0.00264	0.01114	0.00538	0.00466
15	0.00759	0.00508	0.00578	0.00578	0.00591	0.00510	0.00336	0.00780	0.00783	0.01059	0.01728	0.03338	0.03902	0.73146	0.06368	0.00501	0.00535	0.00748	0.02921	0.00332
16	0.01080	0.00926	0.01080	0.00771	0.01234	0.00694	0.00617	0.01311	0.01080	0.01697	0.00926	0.01080	0.00771	0.00386	0.00386	0.00077	0.00386	0.00309	0.00309	0.84882
17	0.01781	0.01386	0.01367	0.05503	0.04860	0.17805	0.00919	0.28222	0.01676	0.16537	0.01285	0.01468	0.00978	0.05781	0.02994	0.05174	0.00647	0.00470	0.00426	0.00720
18	0.64395	0.04883	0.00997	0.02905	0.01183	0.02950	0.00668	0.09018	0.03133	0.04625	0.00861	0.00959	0.00656	0.00509	0.00363	0.00158	0.00448	0.00322	0.00349	0.00619
19	0.04926	0.00995	0.03034	0.09597	0.05064	0.02642	0.00845	0.16709	0.08072	0.09007	0.14673	0.10493	0.07861	0.00831	0.00546	0.00167	0.00456	0.00700	0.00464	0.02919

[dist]
# distance from previous block
# <min> <max>
12	26

[block]
# block no. 8 follows, 47 sequences, length 33
# corresponding to MSA columns:
# 489-521
name=unknown_I
#
# <colnr> <probs for GDERKNQSTAVLIFYWHMCP>
#	G	D	E	R	K	N	Q	S	T	A	V	L	I	F	Y	W	H	M	C	P
0	0.16359	0.09758	0.19973	0.05677	0.15469	0.01181	0.03698	0.04467	0.01108	0.01733	0.01208	0.13648	0.01133	0.00712	0.01595	0.00174	0.00581	0.00558	0.00302	0.00666
1	0.00820	0.00562	0.00653	0.00658	0.00696	0.00567	0.00420	0.05243	0.00924	0.01230	0.01872	0.13813	0.02129	0.59792	0.02105	0.00424	0.00480	0.06872	0.00363	0.00377
2	0.08435	0.09933	0.04488	0.02899	0.01491	0.01379	0.00917	0.34884	0.02843	0.06892	0.01158	0.03500	0.00903	0.00602	0.00542	0.00148	0.05447	0.00441	0.00413	0.12684
3	0.16764	0.09650	0.07434	0.03235	0.15512	0.07500	0.06233	0.14389	0.07453	0.05477	0.01079	0.01198	0.00824	0.00528	0.00466	0.00155	0.00597	0.00420	0.00347	0.00739
4	0.00728	0.00523	0.00675	0.00751	0.00816	0.00504	0.00522	0.05224	0.01134	0.01524	0.10139	0.67325	0.03427	0.01512	0.00653	0.00204	0.00317	0.03070	0.00494	0.00458
5	0.01227	0.17460	0.39335	0.03949	0.13779	0.01370	0.06684	0.01651	0.01124	0.05425	0.00959	0.01142	0.00729	0.00495	0.00506	0.00155	0.02604	0.00403	0.00251	0.00750
6	0.00895	0.00456	0.00671	0.00671	0.00671	0.00456	0.00443	0.00684	0.00684	0.00912	0.00955	0.01708	0.00972	0.07268	0.02077	0.79085	0.00456	0.00473	0.00232	0.00232
7	0.01127	0.01083	0.01643	0.02123	0.40270	0.05925	0.07273	0.01401	0.02625	0.01626	0.09084	0.12844	0.04493	0.04084	0.00646	0.00181	0.00556	0.02004	0.00341	0.00672
