[name]
unknown

[dist]
# distance from previous block
# <min> <max>
8	27

[block]
# block no. 0 follows, 44 sequences, length 65
# corresponding to MSA columns:
# 34-98
name=unknown_A
#
# <colnr> <probs for GDERKNQSTAVLIFYWHMCP>
#	G	D	E	R	K	N	Q	S	T	A	V	L	I	F	Y	W	H	M	C	P
0	0.15336	0.08603	0.03106	0.00991	0.01328	0.15083	0.00818	0.06372	0.08175	0.16317	0.05999	0.01800	0.06969	0.00848	0.04290	0.00194	0.00596	0.00515	0.00437	0.02222
1	0.18299	0.24488	0.08788	0.00924	0.01309	0.02990	0.00865	0.05721	0.01313	0.10079	0.18334	0.01762	0.01770	0.00662	0.00465	0.00154	0.00494	0.00501	0.00403	0.00681
2	0.16307	0.02996	0.01119	0.00881	0.01205	0.01006	0.00714	0.17716	0.01612	0.17698	0.22775	0.02241	0.04905	0.00768	0.00526	0.00162	0.00421	0.00615	0.00527	0.05805
3	0.04384	0.00896	0.01013	0.00867	0.01126	0.03313	0.00676	0.08677	0.11610	0.12954	0.36716	0.02784	0.03042	0.02838	0.00628	0.00173	0.00389	0.00729	0.00553	0.06632
4	0.12539	0.01212	0.01293	0.00987	0.01425	0.01205	0.00804	0.31088	0.05076	0.02549	0.01133	0.01210	0.00865	0.00532	0.00458	0.00130	0.00486	0.00400	0.00424	0.36182
5	0.04971	0.01248	0.01268	0.01149	0.03825	0.08316	0.00871	0.08449	0.41479	0.13829	0.02078	0.03776	0.04838	0.00741	0.00545	0.00176	0.00497	0.00600	0.00526	0.00818
6	0.00662	0.00482	0.00625	0.00739	0.00785	0.00445	0.00497	0.00761	0.01063	0.01400	0.03254	0.73039	0.10890	0.01676	0.00691	0.00218	0.00312	0.01510	0.00506	0.00445
7	0.01214	0.01009	0.01165	0.00854	0.01314	0.00820	0.00683	0.09436	0.01283	0.01941	0.01091	0.04470	0.00938	0.00486	0.00431	0.00096	0.00421	0.00393	0.00355	0.71601
8	0.00754	0.00572	0.00706	0.00790	0.00869	0.00565	0.00546	0.01043	0.11006	0.01515	0.03087	0.64591	0.08775	0.01556	0.00673	0.00214	0.00329	0.01397	0.00513	0.00500
9	0.00779	0.00584	0.00876	0.00876	0.00974	0.00681	0.00681	0.00974	0.00876	0.01266	0.01460	0.02142	0.01363	0.04089	0.78680	0.00876	0.01460	0.00584	0.00292	0.00487
10	0.00987	0.00908	0.01510	0.66671	0.05188	0.01107	0.01378	0.01312	0.01087	0.01402	0.01253	0.12438	0.01130	0.00705	0.00566	0.00187	0.00668	0.00633	0.00280	0.00589
11	0.01801	0.01283	0.01400	0.01118	0.01486	0.01405	0.00909	0.48658	0.13310	0.07568	0.06916	0.01711	0.01402	0.00769	0.02113	0.00180	0.00537	0.00551	0.06031	0.00852
12	0.02412	0.00929	0.01262	0.00966	0.01389	0.00799	0.00797	0.02624	0.01549	0.75854	0.02120	0.01837	0.01336	0.00668	0.00545	0.00166	0.00462	0.00542	0.00666	0.03077
13	0.01130	0.00969	0.01130	0.00807	0.01292	0.00727	0.00646	0.01373	0.01130	0.01776	0.00969	0.01130	0.00807	0.00404	0.00404	0.00081	0.00404	0.00323	0.00323	0.84173
14	0.01400	0.01322	0.08078	0.01276	0.01741	0.04881	0.16712	0.06326	0.01345	0.10898	0.06216	0.01492	0.01154	0.00547	0.00556	0.00140	0.03205	0.00486	0.00375	0.31851
15	0.00694	0.00496	0.00667	0.00793	0.00838	0.00468	0.00558	0.00811	0.01073	0.01425	0.02988	0.70150	0.03541	0.01680	0.00704	0.00226	0.00342	0.11590	0.00506	0.00451
16	0.01106	0.04779	0.74796	0.01551	0.02344	0.01291	0.03281	0.01724	0.01152	0.01716	0.00975	0.01150	0.00693	0.00516	0.00516	0.00171	0.00802	0.00404	0.00231	0.00802
17	0.00772	0.00557	0.00729	0.00686	0.00814	0.00514	0.00514	0.01029	0.01543	0.02186	0.77152	0.04072	0.05144	0.01115	0.00643	0.00171	0.00257	0.00986	0.00600	0.00514
18	0.01076	0.00994	0.01635	0.76038	0.03663	0.01233	0.01493	0.04704	0.01156	0.01484	0.00984	0.01447	0.00736	0.00550	0.00545	0.00181	0.00721	0.00485	0.00256	0.00620
19	0.00664	0.00474	0.00633	0.00759	0.00791	0.00443	0.00506	0.00759	0.01044	0.01392	0.03005	0.80485	0.03606	0.01708	0.00696	0.00221	0.00316	0.01550	0.00506	0.00443
20	0.01143	0.13498	0.67772	0.01469	0.02229	0.01388	0.01867	0.01714	0.01145	0.01666	0.00948	0.01113	0.00692	0.00511	0.00495	0.00165	0.00775	0.00388	0.00231	0.00791
21	0.01346	0.51253	0.29981	0.01158	0.01746	0.01808	0.01321	0.01687	0.01132	0.02976	0.00865	0.00994	0.00709	0.00489	0.00415	0.00138	0.00661	0.00337	0.00241	0.00743
22	0.00785	0.00530	0.00592	0.00592	0.00602	0.00525	0.00335	0.00792	0.00815	0.01078	0.01907	0.03651	0.05732	0.76880	0.02669	0.00511	0.00516	0.00811	0.00339	0.00337
23	0.01093	0.02820	0.78016	0.01554	0.02360	0.01266	0.02014	0.01727	0.01151	0.01727	0.00978	0.01151	0.00691	0.00518	0.00518	0.00173	0.00806	0.00403	0.00230	0.00806
24	0.00771	0.00533	0.00682	0.00762	0.00825	0.00505	0.00519	0.03576	0.01116	0.03416	0.04437	0.66133	0.06461	0.06496	0.00811	0.00234	0.00341	0.01411	0.00503	0.00468
25	0.00787	0.00551	0.00706	0.00706	0.00745	0.00589	0.00470	0.00864	0.00826	0.01140	0.01616	0.03002	0.01737	0.50412	0.32867	0.00666	0.00898	0.00710	0.00315	0.00392
26	0.02446	0.00928	0.01265	0.00970	0.01392	0.00801	0.00801	0.02657	0.01560	0.77817	0.02151	0.01856	0.01350	0.00675	0.00548	0.00169	0.00464	0.00548	0.00675	0.00928
27	0.00686	0.00561	0.00612	0.00627	0.00796	0.00486	0.00486	0.00848	0.01264	0.01550	0.10941	0.06871	0.59963	0.01383	0.00660	0.00193	0.00305	0.10784	0.00513	0.00470
28	0.01446	0.77635	0.02804	0.00955	0.01401	0.02136	0.00944	0.01618	0.01096	0.01284	0.00756	0.00889	0.00700	0.00488	0.00413	0.00122	0.04085	0.00300	0.00233	0.00695
29	0.01030	0.00969	0.01635	0.79530	0.03755	0.01211	0.01514	0.01393	0.01090	0.01393	0.00969	0.01453	0.00727	0.00545	0.00545	0.00182	0.00727	0.00484	0.00242	0.00606
30	0.00667	0.00476	0.00632	0.00755	0.00786	0.00445	0.00502	0.00760	0.01038	0.01384	0.02976	0.78772	0.03570	0.03470	0.00742	0.00228	0.00321	0.01533	0.00502	0.00440
31	0.01043	0.00983	0.01659	0.76342	0.06838	0.01215	0.01521	0.01405	0.01096	0.01409	0.00971	0.01449	0.00732	0.00543	0.00545	0.00181	0.00723	0.00485	0.00243	0.00616
32	0.00772	0.00557	0.00729	0.00686	0.00814	0.00514	0.00514	0.01029	0.01543	0.02186	0.77152	0.04072	0.05144	0.01115	0.00643	0.00171	0.00257	0.00986	0.00600	0.00514
33	0.00664	0.00474	0.00633	0.00759	0.00791	0.00443	0.00506	0.00759	0.01044	0.01392	0.03005	0.80485	0.03606	0.01708	0.00696	0.00221	0.00316	0.01550	0.00506	0.00443
34	0.01342	0.01293	0.02223	0.04734	0.74494	0.01296	0.03235	0.01670	0.01240	0.01773	0.01026	0.01354	0.00860	0.00486	0.00542	0.00163	0.00655	0.00489	0.00269	0.00856
35	0.76928	0.01043	0.00854	0.02615	0.01142	0.01193	0.00627	0.01671	0.00976	0.07706	0.00862	0.00967	0.00647	0.00519	0.00357	0.00169	0.00432	0.00317	0.00359	0.00614
36	0.00674	0.00556	0.00594	0.00593	0.00766	0.00476	0.00450	0.00836	0.01290	0.01590	0.16503	0.05105	0.62747	0.01345	0.00649	0.00185	0.00283	0.04365	0.00521	0.00470
37	0.02088	0.01503	0.01621	0.01243	0.01679	0.01655	0.01027	0.72666	0.02523	0.06449	0.01343	0.01331	0.00944	0.00655	0.00545	0.00164	0.00594	0.00493	0.00551	0.00927
38	0.01486	0.77253	0.02791	0.00956	0.01414	0.05970	0.00939	0.01660	0.01130	0.01285	0.00762	0.00880	0.00700	0.00471	0.00357	0.00118	0.00603	0.00294	0.00236	0.00696
39	0.71368	0.01034	0.00876	0.00758	0.01109	0.01155	0.00625	0.01773	0.01030	0.14656	0.00985	0.01043	0.00713	0.00533	0.00372	0.00169	0.00429	0.00336	0.00392	0.00645
40	0.00669	0.00479	0.00636	0.00760	0.00797	0.00447	0.00512	0.00768	0.01053	0.01399	0.03056	0.77230	0.05180	0.01697	0.00696	0.00221	0.00320	0.03129	0.00506	0.00444
41	0.02117	0.01402	0.01549	0.01190	0.01617	0.01511	0.00982	0.61345	0.02359	0.16460	0.01466	0.01419	0.01011	0.00658	0.00543	0.00164	0.00569	0.00501	0.02219	0.00919
42	0.01030	0.00969	0.01635	0.79530	0.03755	0.01211	0.01514	0.01393	0.01090	0.01393	0.00969	0.01453	0.00727	0.00545	0.00545	0.00182	0.00727	0.00484	0.00242	0.00606
43	0.81980	0.01050	0.00817	0.00725	0.01065	0.01209	0.00597	0.01637	0.00949	0.04931	0.00805	0.00918	0.00615	0.00512	0.00344	0.00169	0.00423	0.00304	0.00349	0.00602
44	0.01307	0.01252	0.02136	0.13509	0.67610	0.01284	0.01652	0.01636	0.01221	0.01729	0.01018	0.01363	0.00845	0.00494	0.00540	0.00165	0.00658	0.00486	0.00266	0.00829
45	0.01380	0.01411	0.02003	0.18454	0.52035	0.12033	0.01555	0.01687	0.01253	0.01641	0.00989	0.01319	0.00814	0.00508	0.00534	0.00163	0.00710	0.00467	0.00266	0.00779
46	0.01190	0.01013	0.01185	0.00862	0.01322	0.00827	0.00694	0.05836	0.01203	0.01855	0.00978	0.01144	0.00811	0.00443	0.00474	0.00093	0.03972	0.00340	0.00333	0.75424
47	0.01326	0.28152	0.41125	0.01442	0.06391	0.09679	0.01542	0.01740	0.01184	0.01544	0.00895	0.01055	0.00705	0.00504	0.00462	0.00150	0.00743	0.00366	0.00239	0.00756
48	0.01103	0.04786	0.76130	0.01538	0.02335	0.01288	0.01987	0.01724	0.01150	0.01715	0.00973	0.01144	0.00691	0.00517	0.00514	0.00171	0.00800	0.00400	0.00230	0.00803
49	0.00855	0.00620	0.00845	0.00958	0.01089	0.00610	0.00831	0.01094	0.01254	0.01615	0.03156	0.06057	0.10704	0.01493	0.00742	0.00244	0.00479	0.66353	0.00502	0.00498
50	0.06887	0.15398	0.53023	0.01494	0.07018	0.01397	0.01679	0.01729	0.01148	0.04119	0.00968	0.01123	0.00718	0.00512	0.00480	0.00162	0.00722	0.00387	0.00255	0.00781
51	0.01514	0.12575	0.02135	0.02480	0.46672	0.12916	0.03115	0.01849	0.05032	0.05061	0.01073	0.01288	0.00877	0.00515	0.00510	0.00154	0.00676	0.00452	0.00299	0.00806
52	0.00677	0.00484	0.00647	0.00770	0.00808	0.00454	0.00525	0.00784	0.01066	0.01422	0.04724	0.75002	0.03618	0.01684	0.00697	0.00222	0.00324	0.05136	0.00508	0.00447
53	0.00937	0.00595	0.00775	0.00708	0.00870	0.00541	0.00539	0.01184	0.01530	0.09927	0.65857	0.03903	0.08359	0.01083	0.00633	0.00172	0.00279	0.00949	0.00603	0.00554
54	0.03504	0.13268	0.06056	0.09594	0.10854	0.09678	0.01104	0.16071	0.04802	0.01903	0.01400	0.07919	0.02787	0.00915	0.05314	0.00209	0.00677	0.02870	0.00362	0.00712
55	0.01315	0.38318	0.33088	0.01213	0.01798	0.01694	0.01366	0.03802	0.09613	0.01632	0.01026	0.01128	0.00810	0.00523	0.00446	0.00148	0.00657	0.00378	0.00276	0.00767
56	0.00681	0.00497	0.00665	0.00780	0.00811	0.00482	0.00528	0.00777	0.01037	0.01389	0.02932	0.77970	0.03514	0.01684	0.00731	0.00222	0.02839	0.01516	0.00498	0.00448
57	0.00926	0.00474	0.00705	0.00714	0.00716	0.00471	0.00476	0.00714	0.00735	0.00979	0.01097	0.07405	0.01141	0.01880	0.02026	0.78019	0.00462	0.00552	0.00256	0.00252
58	0.01285	0.01230	0.02097	0.18636	0.62651	0.01278	0.01641	0.01617	0.01211	0.01703	0.01014	0.01370	0.00836	0.00498	0.00541	0.00166	0.00664	0.00485	0.00264	0.00812
59	0.01590	0.01392	0.18502	0.01126	0.01562	0.01057	0.01076	0.02334	0.25808	0.26992	0.07807	0.02108	0.01675	0.00730	0.00560	0.00179	0.00516	0.03636	0.00522	0.00829
60	0.01663	0.01979	0.01579	0.01402	0.01565	0.45530	0.01100	0.01797	0.01241	0.01324	0.00807	0.01097	0.00724	0.00809	0.02975	0.00199	0.32924	0.00408	0.00264	0.00614
61	0.00879	0.00628	0.00879	0.01004	0.01130	0.00628	0.00879	0.01130	0.01255	0.01632	0.02887	0.06150	0.03138	0.01506	0.00753	0.00251	0.00502	0.73770	0.00502	0.00502
62	0.01083	0.01013	0.01711	0.64786	0.08865	0.01209	0.04782	0.03310	0.01155	0.01500	0.01080	0.01670	0.00863	0.00586	0.00559	0.00183	0.00716	0.04030	0.00266	0.00633
63	0.01138	0.03663	0.01642	0.01366	0.01410	0.01517	0.04206	0.01274	0.00885	0.01336	0.00989	0.09268	0.01034	0.01094	0.04023	0.00251	0.63459	0.00590	0.00269	0.00586
64	0.01328	0.01261	0.03675	0.01367	0.01836	0.01149	0.22170	0.12891	0.03267	0.02004	0.01075	0.01282	0.00844	0.00504	0.00588	0.00138	0.05586	0.00459	0.00342	0.38234

[dist]
# distance from previous block
# <min> <max>
0	1

[block]
# block no. 1 follows, 44 sequences, length 85
# corresponding to MSA columns:
# 100-184
name=unknown_B
#
# <colnr> <probs for GDERKNQSTAVLIFYWHMCP>
#	G	D	E	R	K	N	Q	S	T	A	V	L	I	F	Y	W	H	M	C	P
0	0.01911	0.00963	0.01215	0.00935	0.01341	0.00853	0.00761	0.08627	0.03995	0.43853	0.08871	0.01852	0.01553	0.00653	0.00523	0.00148	0.00441	0.00534	0.00570	0.20400
1	0.02038	0.01392	0.01531	0.01190	0.01607	0.01513	0.00978	0.57572	0.08730	0.13842	0.03022	0.01504	0.01134	0.00674	0.00549	0.00166	0.00559	0.00520	0.00566	0.00913
2	0.01102	0.04507	0.70662	0.01552	0.02319	0.01272	0.05436	0.01707	0.01167	0.01729	0.03014	0.01238	0.00816	0.00530	0.00523	0.00172	0.00791	0.00427	0.00242	0.00792
3	0.01009	0.02587	0.07020	0.00896	0.01116	0.02723	0.00765	0.01420	0.10143	0.05847	0.36212	0.08856	0.03482	0.02906	0.00678	0.00195	0.00407	0.12617	0.00525	0.00595
4	0.00799	0.00587	0.00722	0.00749	0.00871	0.00559	0.00557	0.01058	0.06190	0.03068	0.23288	0.25878	0.18100	0.05039	0.00763	0.00215	0.00336	0.10187	0.00529	0.00504
5	0.02037	0.02598	0.01545	0.01404	0.01685	0.78652	0.01053	0.02177	0.01545	0.01334	0.00843	0.00983	0.00702	0.00562	0.00492	0.00140	0.00983	0.00351	0.00281	0.00632
6	0.01349	0.01295	0.02213	0.03346	0.77440	0.01295	0.01673	0.01673	0.01241	0.01781	0.01025	0.01349	0.00864	0.00486	0.00540	0.00162	0.00648	0.00486	0.00270	0.00864
7	0.01458	0.81168	0.02857	0.00933	0.01399	0.02157	0.00933	0.01632	0.01108	0.01283	0.00758	0.00875	0.00700	0.00466	0.00350	0.00117	0.00583	0.00292	0.00233	0.00700
8	0.00702	0.00614	0.00628	0.00650	0.02526	0.02137	0.00470	0.00853	0.01268	0.01524	0.09761	0.05009	0.68127	0.01328	0.00640	0.00183	0.00302	0.02297	0.00502	0.00477
9	0.00652	0.00553	0.00563	0.00561	0.00741	0.00464	0.00420	0.00798	0.01261	0.01517	0.09959	0.05174	0.72755	0.01364	0.00644	0.00183	0.00275	0.01140	0.00512	0.00464
10	0.02072	0.01527	0.01636	0.01254	0.01691	0.01691	0.01036	0.75622	0.02563	0.03436	0.01309	0.01309	0.00927	0.00654	0.00545	0.00164	0.00600	0.00491	0.00545	0.00927
11	0.01193	0.01193	0.01670	0.01431	0.01431	0.01670	0.01193	0.01312	0.00835	0.01312	0.00716	0.01193	0.00716	0.00954	0.01789	0.00239	0.79843	0.00477	0.00239	0.00596
12	0.00793	0.00529	0.00595	0.00595	0.00595	0.00529	0.00330	0.00793	0.00793	0.01057	0.01718	0.03568	0.01982	0.80840	0.02775	0.00529	0.00529	0.00793	0.00330	0.00330
13	0.00826	0.00569	0.00746	0.00695	0.00833	0.00524	0.00524	0.01082	0.01544	0.04659	0.74700	0.04000	0.05020	0.01100	0.00640	0.00171	0.00264	0.00972	0.00603	0.00528
14	0.00664	0.00474	0.00633	0.00759	0.00791	0.00443	0.00506	0.00759	0.01044	0.01392	0.03005	0.80485	0.03606	0.01708	0.00696	0.00221	0.00316	0.01550	0.00506	0.00443
15	0.01030	0.00969	0.01635	0.79530	0.03755	0.01211	0.01514	0.01393	0.01090	0.01393	0.00969	0.01453	0.00727	0.00545	0.00545	0.00182	0.00727	0.00484	0.00242	0.00606
16	0.00664	0.00474	0.00633	0.00759	0.00791	0.00443	0.00506	0.00759	0.01044	0.01392	0.03005	0.80485	0.03606	0.01708	0.00696	0.00221	0.00316	0.01550	0.00506	0.00443
17	0.00811	0.00566	0.00741	0.00693	0.00828	0.00521	0.00521	0.01067	0.01544	0.03958	0.75395	0.04020	0.05055	0.01104	0.00641	0.00171	0.00262	0.00976	0.00602	0.00524
18	0.00779	0.00584	0.00876	0.00876	0.00974	0.00681	0.00681	0.00974	0.00876	0.01266	0.01460	0.02142	0.01363	0.04089	0.78680	0.00876	0.01460	0.00584	0.00292	0.00487
19	0.01016	0.00508	0.00508	0.00508	0.00635	0.00508	0.00381	0.01270	0.01143	0.02033	0.01778	0.02033	0.01397	0.00635	0.00381	0.00127	0.00254	0.00508	0.83867	0.00508
20	0.01030	0.00969	0.01635	0.79530	0.03755	0.01211	0.01514	0.01393	0.01090	0.01393	0.00969	0.01453	0.00727	0.00545	0.00545	0.00182	0.00727	0.00484	0.00242	0.00606
21	0.01454	0.01269	0.03405	0.01143	0.01484	0.01403	0.00920	0.13512	0.63563	0.02434	0.02052	0.01904	0.01529	0.00721	0.00552	0.00181	0.00466	0.00592	0.00544	0.00871
22	0.01158	0.16676	0.64724	0.01444	0.02190	0.01424	0.01823	0.01710	0.01143	0.01648	0.00939	0.01102	0.00692	0.00509	0.00488	0.00163	0.00766	0.00383	0.00231	0.00787
23	0.01221	0.30224	0.51728	0.01337	0.02024	0.01578	0.01636	0.01694	0.01136	0.01571	0.00901	0.01054	0.00694	0.00500	0.00459	0.00153	0.00728	0.00364	0.00231	0.00769
24	0.00664	0.00474	0.00633	0.00759	0.00791	0.00443	0.00506	0.00759	0.01044	0.01392	0.03005	0.80485	0.03606	0.01708	0.00696	0.00221	0.00316	0.01550	0.00506	0.00443
25	0.01068	0.01008	0.01705	0.70314	0.12668	0.01221	0.01533	0.01427	0.01108	0.01440	0.00976	0.01441	0.00743	0.00538	0.00544	0.00179	0.00717	0.00485	0.00246	0.00637
26	0.01341	0.01286	0.02197	0.05443	0.75411	0.01293	0.01669	0.01665	0.01237	0.01770	0.01024	0.01352	0.00860	0.00487	0.00540	0.00162	0.00650	0.00486	0.00269	0.00856
27	0.00947	0.00473	0.00710	0.00710	0.00710	0.00473	0.00473	0.00710	0.00710	0.00947	0.00947	0.01657	0.00947	0.01894	0.02131	0.84138	0.00473	0.00473	0.00237	0.00237
28	0.00793	0.00529	0.00595	0.00595	0.00595	0.00529	0.00330	0.00793	0.00793	0.01057	0.01718	0.03568	0.01982	0.80840	0.02775	0.00529	0.00529	0.00793	0.00330	0.00330
29	0.00664	0.00474	0.00633	0.00759	0.00791	0.00443	0.00506	0.00759	0.01044	0.01392	0.03005	0.80485	0.03606	0.01708	0.00696	0.00221	0.00316	0.01550	0.00506	0.00443
30	0.02043	0.01518	0.01659	0.01339	0.04745	0.01675	0.01062	0.72640	0.02510	0.03369	0.01297	0.01311	0.00925	0.00648	0.00545	0.00164	0.00602	0.00491	0.00534	0.00925
31	0.00894	0.00677	0.00874	0.00984	0.01118	0.02788	0.00851	0.01134	0.01262	0.01612	0.03013	0.05943	0.08234	0.01471	0.00738	0.00243	0.00500	0.66665	0.00496	0.00503
32	0.01093	0.02820	0.78016	0.01554	0.02360	0.01266	0.02014	0.01727	0.01151	0.01727	0.00978	0.01151	0.00691	0.00518	0.00518	0.00173	0.00806	0.00403	0.00230	0.00806
33	0.01372	0.01177	0.01222	0.01098	0.01401	0.02632	0.00857	0.05181	0.69112	0.02284	0.02163	0.02062	0.01640	0.00743	0.00551	0.00183	0.00442	0.01838	0.03198	0.00844
34	0.01825	0.01045	0.01238	0.01046	0.01398	0.01084	0.00840	0.04278	0.38354	0.35325	0.02203	0.02144	0.01584	0.00747	0.00562	0.00181	0.00453	0.04213	0.00604	0.00875
35	0.00664	0.00474	0.00633	0.00759	0.00791	0.00443	0.00506	0.00759	0.01044	0.01392	0.03005	0.80485	0.03606	0.01708	0.00696	0.00221	0.00316	0.01550	0.00506	0.00443
36	0.00792	0.00531	0.00605	0.00605	0.00609	0.00534	0.00344	0.00800	0.00796	0.01065	0.01708	0.03514	0.01959	0.77954	0.05629	0.00542	0.00564	0.00785	0.00329	0.00336
37	0.01030	0.00969	0.01635	0.79530	0.03755	0.01211	0.01514	0.01393	0.01090	0.01393	0.00969	0.01453	0.00727	0.00545	0.00545	0.00182	0.00727	0.00484	0.00242	0.00606
38	0.00966	0.00866	0.01165	0.01081	0.01153	0.04152	0.00865	0.01134	0.00890	0.01284	0.01190	0.01782	0.01123	0.02912	0.50159	0.00636	0.27301	0.00539	0.00274	0.00529
39	0.01030	0.00969	0.01635	0.79530	0.03755	0.01211	0.01514	0.01393	0.01090	0.01393	0.00969	0.01453	0.00727	0.00545	0.00545	0.00182	0.00727	0.00484	0.00242	0.00606
40	0.00792	0.00530	0.00601	0.00601	0.00604	0.00532	0.00339	0.00797	0.00795	0.01062	0.01712	0.03533	0.01967	0.78980	0.04615	0.00537	0.00551	0.00788	0.00329	0.00334
41	0.01057	0.01005	0.01581	0.52715	0.07855	0.04232	0.05124	0.01368	0.01118	0.01450	0.01274	0.12387	0.01157	0.00710	0.00590	0.00184	0.02343	0.00635	0.02611	0.00605
42	0.00916	0.05872	0.01014	0.08832	0.01226	0.03418	0.00704	0.04895	0.01118	0.01455	0.02292	0.47112	0.04353	0.07177	0.00883	0.01905	0.04779	0.01119	0.00423	0.00504
43	0.01069	0.02304	0.57107	0.04559	0.07577	0.01177	0.05477	0.01600	0.01150	0.01680	0.01221	0.10334	0.01047	0.00651	0.00547	0.00178	0.00741	0.00556	0.00268	0.00757
44	0.01750	0.01566	0.01555	0.04072	0.08782	0.15148	0.01056	0.32482	0.19693	0.02489	0.01389	0.01424	0.01044	0.00627	0.00531	0.00161	0.00628	0.00488	0.00454	0.04663
45	0.01330	0.00965	0.01155	0.00914	0.01280	0.00868	0.02406	0.13996	0.03872	0.10083	0.01833	0.13079	0.06765	0.02894	0.00576	0.00150	0.00438	0.00641	0.00444	0.36313
46	0.01141	0.13056	0.68196	0.01473	0.02234	0.01383	0.01873	0.01714	0.01145	0.01669	0.00950	0.01115	0.00692	0.00511	0.00496	0.00165	0.00777	0.00388	0.00231	0.00792
47	0.01857	0.01196	0.06732	0.01091	0.03140	0.01073	0.00919	0.25615	0.01811	0.30982	0.10690	0.02078	0.06530	0.00743	0.00558	0.00166	0.00498	0.00602	0.00563	0.03156
48	0.01289	0.01464	0.03179	0.02337	0.05654	0.01376	0.72685	0.01744	0.01285	0.01748	0.01100	0.01466	0.00829	0.00461	0.00639	0.00183	0.00909	0.00637	0.00276	0.00740
49	0.01076	0.01016	0.01719	0.68499	0.14424	0.01223	0.01537	0.01434	0.01112	0.01449	0.00977	0.01438	0.00747	0.00536	0.00544	0.00179	0.00715	0.00485	0.00246	0.00643
50	0.01887	0.00943	0.03063	0.01062	0.02766	0.00837	0.03183	0.04664	0.05181	0.47318	0.04002	0.06906	0.03704	0.00866	0.00592	0.00185	0.00480	0.10961	0.00594	0.00806
51	0.00671	0.00497	0.00627	0.00714	0.00783	0.00453	0.00490	0.00789	0.01129	0.01483	0.10587	0.59146	0.17459	0.01590	0.00681	0.00210	0.00303	0.01421	0.00515	0.00453
52	0.00831	0.00591	0.00805	0.00900	0.01003	0.00582	0.00741	0.01042	0.01224	0.01619	0.11785	0.15001	0.03339	0.08317	0.00907	0.00262	0.00451	0.49620	0.00500	0.00481
53	0.13629	0.05723	0.03911	0.01041	0.01465	0.01141	0.02937	0.13697	0.06288	0.42092	0.01684	0.01557	0.01125	0.00629	0.00509	0.00166	0.00508	0.00492	0.00549	0.00854
54	0.01145	0.07381	0.71203	0.01513	0.02282	0.03778	0.01921	0.01735	0.01161	0.01688	0.00961	0.01130	0.00692	0.00516	0.00507	0.00168	0.00798	0.00395	0.00232	0.00794
55	0.00785	0.00527	0.00604	0.00611	0.00615	0.00528	0.00349	0.00795	0.00809	0.01080	0.01781	0.07712	0.02055	0.74629	0.04551	0.00521	0.00540	0.00829	0.00339	0.00340
56	0.21199	0.32678	0.04024	0.02675	0.04945	0.10396	0.13908	0.01707	0.01152	0.01679	0.00848	0.01030	0.00704	0.00489	0.00430	0.00148	0.00659	0.00375	0.00272	0.00680
57	0.00676	0.00491	0.00656	0.00775	0.00805	0.00471	0.00522	0.00772	0.01039	0.01390	0.02952	0.78665	0.03539	0.01691	0.00721	0.00222	0.02141	0.01525	0.00500	0.00446
58	0.01215	0.01001	0.01192	0.00864	0.01340	0.00791	0.02035	0.03806	0.03588	0.04418	0.01062	0.01196	0.00857	0.00433	0.00422	0.00092	0.00422	0.00351	0.00348	0.74567
59	0.00796	0.00578	0.00844	0.00844	0.00941	0.00666	0.00652	0.00990	0.00893	0.01314	0.01488	0.02167	0.01380	0.05624	0.71491	0.00816	0.01355	0.00584	0.06093	0.00485
60	0.01329	0.01274	0.02176	0.08259	0.72688	0.01290	0.01663	0.01655	0.01232	0.01756	0.01022	0.01356	0.00855	0.00490	0.00540	0.00163	0.00653	0.00486	0.00268	0.00847
61	0.02337	0.00924	0.01274	0.01038	0.03941	0.00806	0.00819	0.02554	0.01549	0.72014	0.05315	0.01933	0.01495	0.00687	0.00552	0.00169	0.00461	0.00565	0.00658	0.00908
62	0.00733	0.00539	0.00687	0.00686	0.00800	0.00492	0.00501	0.00941	0.01398	0.01928	0.52474	0.20916	0.13329	0.01276	0.00655	0.00184	0.00272	0.01129	0.00568	0.00492
63	0.03655	0.04083	0.01412	0.01085	0.01476	0.08985	0.00878	0.34578	0.10968	0.04245	0.01665	0.01660	0.07521	0.00666	0.00514	0.00150	0.00548	0.00510	0.00467	0.14932
64	0.11606	0.01553	0.01472	0.11770	0.04836	0.22970	0.01074	0.10417	0.06309	0.01801	0.01095	0.01319	0.02512	0.00746	0.02475	0.00193	0.16405	0.00449	0.00328	0.00669
65	0.02148	0.01013	0.01277	0.01002	0.01396	0.00959	0.00818	0.13917	0.07534	0.53033	0.06183	0.03262	0.01546	0.00713	0.00553	0.00168	0.00467	0.00581	0.00630	0.02800
66	0.01093	0.02820	0.78016	0.01554	0.02360	0.01266	0.02014	0.01727	0.01151	0.01727	0.00978	0.01151	0.00691	0.00518	0.00518	0.00173	0.00806	0.00403	0.00230	0.00806
67	0.00770	0.00548	0.00691	0.00710	0.00743	0.00573	0.00468	0.00839	0.00874	0.01187	0.01988	0.18679	0.04011	0.43901	0.19130	0.00528	0.02704	0.00899	0.00359	0.00398
68	0.01093	0.02820	0.78016	0.01554	0.02360	0.01266	0.02014	0.01727	0.01151	0.01727	0.00978	0.01151	0.00691	0.00518	0.00518	0.00173	0.00806	0.00403	0.00230	0.00806
69	0.06088	0.01358	0.01410	0.01137	0.01516	0.05707	0.00920	0.39687	0.16294	0.13239	0.05803	0.01638	0.01333	0.00687	0.00540	0.00168	0.00542	0.00533	0.00543	0.00858
70	0.00753	0.00557	0.00704	0.00692	0.00816	0.00516	0.00510	0.01000	0.03181	0.01975	0.54926	0.16751	0.13114	0.01234	0.00650	0.00181	0.00273	0.01089	0.00573	0.00505
71	0.01323	0.01262	0.02150	0.05663	0.72539	0.01270	0.01641	0.01646	0.01237	0.01764	0.01087	0.01515	0.00936	0.00522	0.00547	0.00166	0.00645	0.02967	0.00277	0.00843
72	0.01311	0.49574	0.33165	0.01183	0.01787	0.01798	0.01369	0.01670	0.01125	0.01462	0.00847	0.00986	0.00696	0.00487	0.00418	0.00139	0.00673	0.00336	0.00232	0.00742
73	0.01306	0.01262	0.02023	0.12321	0.60170	0.04358	0.01574	0.01622	0.01236	0.01706	0.01141	0.01681	0.00998	0.00567	0.00553	0.00170	0.00661	0.05571	0.00283	0.00798
74	0.00664	0.00474	0.00633	0.00759	0.00791	0.00443	0.00506	0.00759	0.01044	0.01392	0.03005	0.80485	0.03606	0.01708	0.00696	0.00221	0.00316	0.01550	0.00506	0.00443
75	0.26923	0.01438	0.04079	0.01026	0.01368	0.14555	0.00847	0.23073	0.01638	0.05023	0.13462	0.01588	0.01480	0.00664	0.00488	0.00163	0.00559	0.00487	0.00438	0.00702
76	0.01259	0.01423	0.02907	0.02117	0.02609	0.04407	0.65428	0.01671	0.01274	0.01696	0.01271	0.08863	0.01083	0.00581	0.00642	0.00186	0.00865	0.00717	0.00298	0.00704
77	0.00769	0.00557	0.00725	0.00683	0.00813	0.00513	0.00512	0.01023	0.01536	0.02169	0.75462	0.04100	0.06844	0.01121	0.00643	0.00172	0.00258	0.00990	0.00598	0.00513
78	0.02290	0.00941	0.01250	0.00968	0.01368	0.00842	0.00796	0.07667	0.01630	0.66710	0.07913	0.01989	0.01614	0.00707	0.00555	0.00169	0.00457	0.00578	0.00660	0.00896
79	0.01030	0.00969	0.01635	0.79530	0.03755	0.01211	0.01514	0.01393	0.01090	0.01393	0.00969	0.01453	0.00727	0.00545	0.00545	0.00182	0.00727	0.00484	0.00242	0.00606
80	0.02018	0.01457	0.01575	0.01222	0.01641	0.01604	0.01004	0.67760	0.05065	0.06347	0.01428	0.03846	0.01054	0.00691	0.00551	0.00166	0.00580	0.00531	0.00550	0.00910
81	0.00753	0.00616	0.00682	0.00695	0.00849	0.00584	0.00525	0.01005	0.07428	0.01518	0.04322	0.13884	0.47904	0.06181	0.00811	0.00218	0.02255	0.08785	0.00493	0.00491
82	0.65780	0.04235	0.01020	0.00833	0.01180	0.08122	0.00683	0.07229	0.01129	0.04476	0.00846	0.00953	0.00651	0.00525	0.00373	0.00164	0.00492	0.00322	0.00353	0.00633
83	0.01254	0.01358	0.02815	0.02040	0.02530	0.01283	0.61421	0.03516	0.01272	0.01743	0.01184	0.05493	0.00971	0.00573	0.00694	0.02270	0.02750	0.00658	0.00295	0.05880
84	0.01493	0.01167	0.01283	0.00997	0.01401	0.01155	0.00803	0.34059	0.06741	0.02494	0.01732	0.04875	0.08567	0.00685	0.00512	0.00140	0.00476	0.00547	0.00462	0.30412

[dist]
# distance from previous block
# <min> <max>
6	45

[block]
# block no. 2 follows, 44 sequences, length 50
# corresponding to MSA columns:
# 230-279
name=unknown_C
#
# <colnr> <probs for GDERKNQSTAVLIFYWHMCP>
#	G	D	E	R	K	N	Q	S	T	A	V	L	I	F	Y	W	H	M	C	P
0	0.01338	0.01273	0.02171	0.03273	0.75320	0.01273	0.01640	0.01647	0.01227	0.01758	0.01023	0.01358	0.00866	0.00525	0.00584	0.02482	0.00643	0.00485	0.00269	0.00846
1	0.00772	0.00557	0.00729	0.00686	0.00814	0.00514	0.00514	0.01029	0.01543	0.02186	0.77152	0.04072	0.05144	0.01115	0.00643	0.00171	0.00257	0.00986	0.00600	0.00514
2	0.01135	0.00984	0.01166	0.00849	0.01301	0.00789	0.00682	0.01369	0.01111	0.01746	0.00952	0.01135	0.00801	0.00440	0.00495	0.00091	0.05654	0.00333	0.00317	0.78650
3	0.00798	0.00527	0.00599	0.00599	0.00599	0.00527	0.00336	0.00790	0.00790	0.01053	0.01690	0.03499	0.01945	0.77992	0.02752	0.03546	0.00527	0.00781	0.00327	0.00327
4	0.01093	0.02820	0.78016	0.01554	0.02360	0.01266	0.02014	0.01727	0.01151	0.01727	0.00978	0.01151	0.00691	0.00518	0.00518	0.00173	0.00806	0.00403	0.00230	0.00806
5	0.01112	0.05043	0.72594	0.01568	0.02353	0.01297	0.05158	0.01725	0.01156	0.01714	0.00977	0.01157	0.00697	0.00514	0.00518	0.00172	0.00804	0.00410	0.00232	0.00800
6	0.00772	0.00557	0.00729	0.00686	0.00814	0.00514	0.00514	0.01029	0.01543	0.02186	0.77152	0.04072	0.05144	0.01115	0.00643	0.00171	0.00257	0.00986	0.00600	0.00514
7	0.01153	0.00983	0.01143	0.00818	0.01302	0.00750	0.00655	0.03172	0.01165	0.01817	0.00977	0.01135	0.00810	0.00410	0.00407	0.00083	0.00408	0.00327	0.00328	0.82156
8	0.01207	0.27343	0.54491	0.01359	0.02059	0.01545	0.01676	0.01697	0.01137	0.01588	0.00909	0.01064	0.00693	0.00502	0.00465	0.00155	0.00736	0.00368	0.00231	0.00773
9	0.00664	0.00474	0.00633	0.00759	0.00791	0.00443	0.00506	0.00759	0.01044	0.01392	0.03005	0.80485	0.03606	0.01708	0.00696	0.00221	0.00316	0.01550	0.00506	0.00443
10	0.00772	0.00557	0.00729	0.00686	0.00814	0.00514	0.00514	0.01029	0.01543	0.02186	0.77152	0.04072	0.05144	0.01115	0.00643	0.00171	0.00257	0.00986	0.00600	0.00514
11	0.05082	0.00955	0.01264	0.00973	0.01392	0.00849	0.00804	0.05429	0.01579	0.72528	0.02074	0.01803	0.01309	0.00669	0.00541	0.00168	0.00468	0.00538	0.00659	0.00917
12	0.49061	0.01377	0.01123	0.00959	0.01310	0.11592	0.00774	0.19181	0.06145	0.02521	0.00991	0.01070	0.00752	0.00563	0.00420	0.00165	0.00539	0.00369	0.00393	0.00692
13	0.01030	0.00969	0.01635	0.79530	0.03755	0.01211	0.01514	0.01393	0.01090	0.01393	0.00969	0.01453	0.00727	0.00545	0.00545	0.00182	0.00727	0.00484	0.00242	0.00606
14	0.01076	0.01016	0.01719	0.68539	0.14385	0.01223	0.01537	0.01433	0.01112	0.01449	0.00977	0.01438	0.00746	0.00537	0.00544	0.00179	0.00715	0.00485	0.00246	0.00643
15	0.00768	0.00557	0.00724	0.00682	0.00812	0.00513	0.00512	0.01022	0.01535	0.02167	0.75197	0.04104	0.07111	0.01122	0.00643	0.00172	0.00258	0.00990	0.00598	0.00513
16	0.00772	0.00532	0.00655	0.00673	0.00697	0.00546	0.00424	0.00823	0.00845	0.01145	0.01850	0.14188	0.02091	0.54602	0.17340	0.00553	0.00681	0.00859	0.00348	0.00377
17	0.00677	0.00539	0.00612	0.00660	0.00794	0.00474	0.00491	0.00818	0.01195	0.01482	0.05983	0.26021	0.47687	0.01479	0.00670	0.00201	0.00311	0.08938	0.00508	0.00461
18	0.01268	0.01128	0.01757	0.03655	0.03175	0.01239	0.19267	0.17560	0.01401	0.01935	0.01566	0.21503	0.01547	0.00929	0.00859	0.00198	0.16885	0.00795	0.02666	0.00667
19	0.01319	0.01387	0.06281	0.05340	0.62080	0.01302	0.10879	0.01677	0.01238	0.01763	0.01031	0.01357	0.00846	0.00486	0.00552	0.00166	0.00692	0.00501	0.00268	0.00837
20	0.84691	0.01054	0.00801	0.00717	0.01054	0.01223	0.00590	0.01603	0.00928	0.02446	0.00759	0.00886	0.00590	0.00506	0.00337	0.00169	0.00422	0.00295	0.00337	0.00590
21	0.01154	0.02969	0.01178	0.01058	0.01167	0.18040	0.00812	0.01288	0.01011	0.01261	0.01239	0.03924	0.01228	0.14745	0.30030	0.00496	0.17028	0.00563	0.00289	0.00520
22	0.02446	0.00928	0.01265	0.00970	0.01392	0.00801	0.00801	0.02657	0.01560	0.77817	0.02151	0.01856	0.01350	0.00675	0.00548	0.00169	0.00464	0.00548	0.00675	0.00928
23	0.00780	0.00579	0.00848	0.00848	0.00935	0.00666	0.00646	0.00955	0.00868	0.01245	0.01486	0.02285	0.01425	0.11813	0.71041	0.00841	0.01367	0.00605	0.00296	0.00471
24	0.00746	0.00556	0.00693	0.00659	0.00799	0.00503	0.00494	0.00979	0.01482	0.02042	0.62646	0.04310	0.19740	0.01168	0.00643	0.00174	0.00261	0.01019	0.00581	0.00503
25	0.02404	0.00929	0.01261	0.00965	0.01388	0.00799	0.00796	0.02616	0.01547	0.75367	0.02113	0.01832	0.01332	0.00666	0.00544	0.00166	0.00462	0.00541	0.00663	0.03610
26	0.09304	0.00675	0.00855	0.00937	0.01098	0.00678	0.00810	0.01159	0.01218	0.01706	0.02807	0.05413	0.08112	0.01365	0.00694	0.00233	0.00475	0.59106	0.00481	0.02874
27	0.01916	0.02047	0.01552	0.01335	0.01634	0.44057	0.01042	0.24575	0.03537	0.01996	0.01030	0.01167	0.00819	0.00754	0.03439	0.00183	0.07414	0.00419	0.00365	0.00720
28	0.01287	0.01471	0.03217	0.02298	0.02849	0.01379	0.75460	0.01746	0.01287	0.01746	0.01103	0.01471	0.00827	0.00460	0.00643	0.00184	0.00919	0.00643	0.00276	0.00735
29	0.00867	0.00573	0.00749	0.00708	0.00848	0.00524	0.00529	0.01101	0.01484	0.07082	0.62432	0.11654	0.07054	0.01154	0.00642	0.00177	0.00277	0.01019	0.00593	0.00533
30	0.02388	0.00728	0.00828	0.00767	0.00932	0.04000	0.00581	0.01320	0.09503	0.03868	0.61528	0.03637	0.05736	0.01035	0.00620	0.00172	0.00315	0.00900	0.00577	0.00566
31	0.02097	0.01487	0.01612	0.01236	0.01671	0.01632	0.01021	0.70800	0.02497	0.08352	0.01365	0.01345	0.00955	0.00656	0.00546	0.00164	0.00591	0.00495	0.00554	0.00927
32	0.00663	0.00478	0.00629	0.00751	0.00789	0.00444	0.00502	0.00760	0.01052	0.01395	0.03106	0.77447	0.06578	0.01695	0.00694	0.00220	0.00315	0.01534	0.00506	0.00444
33	0.00764	0.00554	0.00720	0.00686	0.00811	0.00510	0.00511	0.01011	0.01514	0.02133	0.72089	0.07406	0.06947	0.01147	0.00645	0.00174	0.00260	0.01015	0.00594	0.00510
34	0.01042	0.00619	0.00805	0.00723	0.00905	0.00558	0.00555	0.01282	0.01523	0.14785	0.58985	0.03794	0.10161	0.01062	0.00627	0.00172	0.00293	0.00926	0.00605	0.00579
35	0.01385	0.01185	0.01249	0.01115	0.01429	0.01370	0.00870	0.05833	0.73471	0.02327	0.02182	0.02005	0.01634	0.00736	0.00554	0.00184	0.00438	0.00611	0.00554	0.00866
36	0.01245	0.01396	0.02972	0.02156	0.02643	0.01341	0.66599	0.01662	0.01245	0.01699	0.01191	0.06076	0.00983	0.00562	0.00715	0.00189	0.05640	0.00686	0.00287	0.00710
37	0.00792	0.00531	0.00607	0.00607	0.00611	0.00535	0.00346	0.00801	0.00796	0.01066	0.01707	0.03506	0.01955	0.77523	0.06056	0.00544	0.00569	0.00784	0.00329	0.00337
38	0.01030	0.00969	0.01635	0.79530	0.03755	0.01211	0.01514	0.01393	0.01090	0.01393	0.00969	0.01453	0.00727	0.00545	0.00545	0.00182	0.00727	0.00484	0.00242	0.00606
39	0.01957	0.01416	0.01513	0.01173	0.01576	0.01562	0.00965	0.67511	0.02408	0.03283	0.01360	0.01388	0.00978	0.00652	0.00527	0.00160	0.00562	0.00493	0.09635	0.00881
40	0.01355	0.01505	0.01469	0.01301	0.01441	0.26895	0.05321	0.01499	0.01138	0.01351	0.01304	0.12415	0.03355	0.03406	0.05255	0.00241	0.29238	0.00628	0.00305	0.00577
41	0.00660	0.00490	0.00617	0.00719	0.00780	0.00446	0.00488	0.00764	0.01083	0.01408	0.03498	0.65744	0.18028	0.01644	0.00686	0.00214	0.00308	0.01472	0.00506	0.00446
42	0.02072	0.01527	0.01636	0.01254	0.01691	0.01691	0.01036	0.75622	0.02563	0.03436	0.01309	0.01309	0.00927	0.00654	0.00545	0.00164	0.00600	0.00491	0.00545	0.00927
43	0.01349	0.01295	0.02213	0.03346	0.77440	0.01295	0.01673	0.01673	0.01241	0.01781	0.01025	0.01349	0.00864	0.00486	0.00540	0.00162	0.00648	0.00486	0.00270	0.00864
44	0.02358	0.00982	0.01288	0.00997	0.01413	0.00893	0.00820	0.07493	0.06008	0.68482	0.02099	0.01830	0.01340	0.00677	0.00548	0.00169	0.00471	0.00548	0.00659	0.00924
45	0.00664	0.00474	0.00633	0.00759	0.00791	0.00443	0.00506	0.00759	0.01044	0.01392	0.03005	0.80485	0.03606	0.01708	0.00696	0.00221	0.00316	0.01550	0.00506	0.00443
46	0.00826	0.00616	0.00725	0.00678	0.00848	0.00568	0.00514	0.03722	0.03594	0.03565	0.45786	0.04278	0.29913	0.01171	0.00635	0.00176	0.00285	0.01006	0.00566	0.00529
47	0.00664	0.00474	0.00633	0.00759	0.00791	0.00443	0.00506	0.00759	0.01044	0.01392	0.03005	0.80485	0.03606	0.01708	0.00696	0.00221	0.00316	0.01550	0.00506	0.00443
48	0.01356	0.01171	0.01233	0.01109	0.01418	0.01356	0.00863	0.02897	0.76455	0.02281	0.02219	0.02034	0.01664	0.00740	0.00555	0.00185	0.00431	0.00616	0.00555	0.00863
49	0.01953	0.02465	0.01501	0.01370	0.01638	0.73499	0.01029	0.02097	0.01501	0.01330	0.00884	0.01060	0.00746	0.00795	0.05659	0.00189	0.01015	0.00367	0.00282	0.00622

[dist]
# distance from previous block
# <min> <max>
0	7

[block]
# block no. 3 follows, 44 sequences, length 224
# corresponding to MSA columns:
# 287-389,409-433,450-545
name=unknown_D
#
# <colnr> <probs for GDERKNQSTAVLIFYWHMCP>
#	G	D	E	R	K	N	Q	S	T	A	V	L	I	F	Y	W	H	M	C	P
0	0.01030	0.00969	0.01635	0.79530	0.03755	0.01211	0.01514	0.01393	0.01090	0.01393	0.00969	0.01453	0.00727	0.00545	0.00545	0.00182	0.00727	0.00484	0.00242	0.00606
1	0.01349	0.01295	0.02213	0.03346	0.77440	0.01295	0.01673	0.01673	0.01241	0.01781	0.01025	0.01349	0.00864	0.00486	0.00540	0.00162	0.00648	0.00486	0.00270	0.00864
2	0.00947	0.00473	0.00710	0.00710	0.00710	0.00473	0.00473	0.00710	0.00710	0.00947	0.00947	0.01657	0.00947	0.01894	0.02131	0.84138	0.00473	0.00473	0.00237	0.00237
3	0.01337	0.01149	0.01218	0.01105	0.01406	0.01326	0.00864	0.02825	0.73391	0.02254	0.02246	0.02202	0.01724	0.00771	0.00563	0.00188	0.00434	0.03596	0.00553	0.00848
4	0.01995	0.01380	0.01511	0.01182	0.01588	0.01505	0.00965	0.55665	0.11153	0.12455	0.01534	0.01531	0.01099	0.03104	0.00615	0.00178	0.00561	0.00522	0.00556	0.00901
5	0.01304	0.01046	0.01168	0.01089	0.01360	0.01172	0.00879	0.08104	0.48581	0.03764	0.02329	0.03097	0.02002	0.00941	0.00608	0.00201	0.00465	0.20577	0.00542	0.00771
6	0.00645	0.00549	0.00555	0.00560	0.00738	0.00460	0.00418	0.00782	0.01235	0.01470	0.05427	0.08123	0.74404	0.01393	0.00646	0.00186	0.00278	0.01166	0.00506	0.00460
7	0.01154	0.01050	0.01755	0.56647	0.17913	0.01219	0.03286	0.03731	0.01191	0.03230	0.03003	0.01506	0.00891	0.00552	0.00549	0.00177	0.00694	0.00503	0.00276	0.00674
8	0.01115	0.07354	0.73666	0.01518	0.02304	0.01318	0.01952	0.01721	0.01149	0.01701	0.00966	0.01135	0.00691	0.00515	0.00508	0.00169	0.00793	0.00396	0.00230	0.00800
9	0.01254	0.01388	0.02931	0.09827	0.08866	0.01337	0.60878	0.01686	0.01259	0.01708	0.01122	0.03058	0.00877	0.00495	0.00627	0.00183	0.00867	0.00634	0.00277	0.00727
10	0.01093	0.02820	0.78016	0.01554	0.02360	0.01266	0.02014	0.01727	0.01151	0.01727	0.00978	0.01151	0.00691	0.00518	0.00518	0.00173	0.00806	0.00403	0.00230	0.00806
11	0.01376	0.01299	0.02173	0.04969	0.72276	0.01312	0.01640	0.05084	0.01299	0.01849	0.01037	0.01350	0.00863	0.00495	0.00540	0.00162	0.00647	0.00486	0.00282	0.00861
12	0.03229	0.64154	0.05666	0.01028	0.01455	0.07997	0.00998	0.01654	0.01119	0.01331	0.00770	0.00918	0.00698	0.00514	0.00476	0.00131	0.06618	0.00315	0.00239	0.00689
13	0.01030	0.00969	0.01635	0.79530	0.03755	0.01211	0.01514	0.01393	0.01090	0.01393	0.00969	0.01453	0.00727	0.00545	0.00545	0.00182	0.00727	0.00484	0.00242	0.00606
14	0.00664	0.00474	0.00633	0.00759	0.00791	0.00443	0.00506	0.00759	0.01044	0.01392	0.03005	0.80485	0.03606	0.01708	0.00696	0.00221	0.00316	0.01550	0.00506	0.00443
15	0.01459	0.01137	0.01230	0.01085	0.01401	0.01284	0.00850	0.05579	0.63720	0.09211	0.05258	0.02074	0.01750	0.00746	0.00557	0.00182	0.00434	0.00621	0.00567	0.00857
16	0.01130	0.00969	0.01130	0.00807	0.01292	0.00727	0.00646	0.01373	0.01130	0.01776	0.00969	0.01130	0.00807	0.00404	0.00404	0.00081	0.00404	0.00323	0.00323	0.84173
17	0.00647	0.00552	0.00557	0.00556	0.00738	0.00462	0.00417	0.00788	0.01250	0.01490	0.07270	0.05218	0.75460	0.01374	0.00644	0.00184	0.00276	0.01147	0.00509	0.00462
18	0.00762	0.00557	0.00715	0.00675	0.00808	0.00510	0.00507	0.01009	0.01520	0.02130	0.71517	0.04165	0.10814	0.01135	0.00643	0.00172	0.00259	0.00999	0.00593	0.00510
19	0.01093	0.02820	0.78016	0.01554	0.02360	0.01266	0.02014	0.01727	0.01151	0.01727	0.00978	0.01151	0.00691	0.00518	0.00518	0.00173	0.00806	0.00403	0.00230	0.00806
20	0.03969	0.00934	0.01251	0.00964	0.01378	0.00820	0.00795	0.04041	0.01568	0.73180	0.03823	0.01877	0.01413	0.00681	0.00546	0.00169	0.00461	0.00552	0.00664	0.00912
21	0.00668	0.00477	0.00636	0.00757	0.00791	0.00445	0.00506	0.00768	0.01059	0.01417	0.05337	0.78081	0.03654	0.01689	0.00694	0.00220	0.00314	0.01532	0.00509	0.00445
22	0.05065	0.01328	0.01410	0.01104	0.01486	0.01458	0.00906	0.58906	0.02244	0.04816	0.01384	0.01424	0.01001	0.00646	0.00510	0.00158	0.00533	0.00487	0.14288	0.00845
23	0.01593	0.01465	0.01328	0.01170	0.01485	0.16560	0.00914	0.11986	0.46608	0.04602	0.03428	0.01865	0.01477	0.00717	0.00547	0.00174	0.00561	0.02205	0.00503	0.00812
24	0.04330	0.04849	0.01569	0.01156	0.01576	0.01523	0.00960	0.56872	0.02254	0.14126	0.01411	0.01386	0.00988	0.00644	0.00525	0.00161	0.00561	0.00486	0.03731	0.00892
25	0.00779	0.00584	0.00876	0.00876	0.00974	0.00681	0.00681	0.00974	0.00876	0.01266	0.01460	0.02142	0.01363	0.04089	0.78680	0.00876	0.01460	0.00584	0.00292	0.00487
26	0.00683	0.00484	0.00625	0.00730	0.00761	0.00456	0.00478	0.00765	0.01012	0.01345	0.02874	0.67533	0.05048	0.13259	0.00998	0.00265	0.00346	0.01430	0.00480	0.00427
27	0.84691	0.01054	0.00801	0.00717	0.01054	0.01223	0.00590	0.01603	0.00928	0.02446	0.00759	0.00886	0.00590	0.00506	0.00337	0.00169	0.00422	0.00295	0.00337	0.00590
28	0.01130	0.00969	0.01130	0.00807	0.01292	0.00727	0.00646	0.01373	0.01130	0.01776	0.00969	0.01130	0.00807	0.00404	0.00404	0.00081	0.00404	0.00323	0.00323	0.84173
29	0.01483	0.77754	0.02800	0.00953	0.01412	0.05482	0.00938	0.01656	0.01127	0.01285	0.00762	0.00879	0.00700	0.00471	0.00356	0.00118	0.00600	0.00294	0.00235	0.00697
30	0.00779	0.00583	0.00869	0.00869	0.00964	0.00678	0.00673	0.00969	0.00874	0.01261	0.01466	0.02176	0.01378	0.05930	0.76859	0.00868	0.01438	0.00589	0.00293	0.00483
31	0.02039	0.01535	0.01616	0.01251	0.01678	0.03430	0.01029	0.70644	0.05896	0.03335	0.01340	0.01334	0.00955	0.00656	0.00545	0.00164	0.00601	0.00493	0.00540	0.00917
32	0.01276	0.01544	0.07289	0.02257	0.02823	0.01373	0.71461	0.01745	0.01279	0.01745	0.01096	0.01453	0.00820	0.00463	0.00637	0.00183	0.00913	0.00630	0.00273	0.00739
33	0.01280	0.01079	0.01317	0.00954	0.01435	0.00906	0.04700	0.12485	0.01353	0.02023	0.01027	0.01175	0.00826	0.00444	0.00438	0.00099	0.00461	0.00365	0.00354	0.67281
34	0.01399	0.01383	0.01854	0.17896	0.36408	0.11539	0.03113	0.06020	0.08511	0.01780	0.01193	0.01571	0.00981	0.00580	0.00547	0.00169	0.00685	0.03286	0.00318	0.00768
35	0.03092	0.19347	0.56147	0.01501	0.06221	0.01456	0.01733	0.01701	0.01142	0.01652	0.00929	0.01097	0.00700	0.00505	0.00479	0.00160	0.00741	0.00381	0.00235	0.00781
36	0.01188	0.00829	0.00978	0.00885	0.01004	0.04212	0.00656	0.04923	0.02656	0.10934	0.01575	0.04276	0.01509	0.30268	0.16178	0.00439	0.11405	0.00645	0.04904	0.00536
37	0.11451	0.00951	0.01131	0.00925	0.01275	0.00933	0.00748	0.05981	0.13261	0.41294	0.10963	0.02153	0.05035	0.00747	0.00540	0.00172	0.00428	0.00605	0.00594	0.00810
38	0.01206	0.25184	0.51513	0.01387	0.02055	0.01542	0.03274	0.01682	0.01128	0.01582	0.00906	0.01081	0.00697	0.00521	0.00528	0.00160	0.04179	0.00379	0.00232	0.00765
