[name]
unknown

[dist]
# distance from previous block
# <min> <max>
3	32

[block]
# block no. 0 follows, 48 sequences, length 72
# corresponding to MSA columns:
# 33-36,45-57,59-84,95-123
name=unknown_A
#
# <colnr> <probs for GDERKNQSTAVLIFYWHMCP>
#	G	D	E	R	K	N	Q	S	T	A	V	L	I	F	Y	W	H	M	C	P
0	0.06004	0.00716	0.00901	0.00806	0.00979	0.00745	0.00630	0.01396	0.05168	0.17291	0.28712	0.12286	0.06923	0.00961	0.00702	0.00174	0.10648	0.00786	0.03590	0.00582
1	0.04154	0.00728	0.00662	0.00636	0.00791	0.07191	0.00478	0.03979	0.04308	0.01860	0.01669	0.10100	0.01431	0.00693	0.00410	0.00134	0.00330	0.00561	0.57244	0.02642
2	0.00634	0.00536	0.00579	0.03847	0.00818	0.00468	0.00443	0.00785	0.01193	0.01454	0.12741	0.04674	0.67577	0.01241	0.00602	0.00172	0.00276	0.01041	0.00476	0.00444
3	0.01863	0.02366	0.01415	0.01289	0.01549	0.76624	0.00967	0.01995	0.01442	0.01261	0.00975	0.01091	0.03879	0.00561	0.00469	0.00134	0.00898	0.00362	0.00273	0.00588
4	0.01353	0.34678	0.29229	0.01131	0.01656	0.05224	0.01231	0.10545	0.01271	0.04486	0.04113	0.01126	0.00876	0.00514	0.00431	0.00138	0.00625	0.00372	0.00285	0.00717
5	0.01372	0.04242	0.01111	0.04062	0.03430	0.03844	0.00727	0.08947	0.09357	0.20827	0.26452	0.02569	0.09278	0.00809	0.00543	0.00159	0.00406	0.00679	0.00517	0.00670
6	0.00625	0.00447	0.00595	0.00714	0.00744	0.00417	0.00476	0.00714	0.00982	0.01310	0.02828	0.81633	0.03394	0.01608	0.00655	0.00208	0.00298	0.01459	0.00476	0.00417
7	0.11395	0.01053	0.01184	0.16211	0.01713	0.01235	0.00898	0.02309	0.53887	0.02006	0.01698	0.01680	0.01276	0.00635	0.00496	0.00172	0.00458	0.00520	0.00441	0.00735
8	0.01372	0.82276	0.02689	0.00878	0.01317	0.02030	0.00878	0.01536	0.01043	0.01207	0.00713	0.00823	0.00658	0.00439	0.00329	0.00110	0.00549	0.00274	0.00219	0.00658
9	0.01372	0.82276	0.02689	0.00878	0.01317	0.02030	0.00878	0.01536	0.01043	0.01207	0.00713	0.00823	0.00658	0.00439	0.00329	0.00110	0.00549	0.00274	0.00219	0.00658
10	0.01122	0.09016	0.61210	0.01327	0.01985	0.01208	0.01634	0.04254	0.01165	0.04870	0.05276	0.01331	0.00957	0.00542	0.00487	0.00159	0.00687	0.01764	0.00268	0.00738
11	0.00625	0.00449	0.00593	0.00709	0.00743	0.00417	0.00474	0.00715	0.00988	0.01312	0.02894	0.79493	0.05491	0.01599	0.00654	0.00207	0.00297	0.01448	0.00476	0.00417
12	0.00983	0.00945	0.01635	0.69891	0.03326	0.01144	0.07675	0.01320	0.01039	0.01339	0.01039	0.01466	0.02924	0.00539	0.00553	0.00173	0.02709	0.00486	0.00238	0.00576
13	0.01949	0.00943	0.01179	0.00933	0.01272	0.00912	0.00756	0.19989	0.02961	0.46469	0.04561	0.03921	0.01341	0.00765	0.00639	0.06997	0.00451	0.00539	0.02640	0.00783
14	0.00683	0.00523	0.00626	0.00600	0.00740	0.00466	0.00450	0.00885	0.01351	0.01816	0.52114	0.04231	0.31374	0.01139	0.00606	0.00166	0.00248	0.00984	0.00533	0.00466
15	0.00625	0.00447	0.00595	0.00714	0.00744	0.00417	0.00476	0.00714	0.00982	0.01310	0.02828	0.81633	0.03394	0.01608	0.00655	0.00208	0.00298	0.01459	0.00476	0.00417
16	0.04567	0.03345	0.01358	0.02743	0.01459	0.01231	0.00868	0.36155	0.09507	0.26811	0.03219	0.01633	0.01194	0.00652	0.00512	0.00159	0.00496	0.02735	0.00532	0.00824
17	0.01119	0.01070	0.01832	0.41813	0.39626	0.01181	0.03113	0.01445	0.01098	0.01493	0.00940	0.01321	0.00748	0.00484	0.00513	0.00162	0.00652	0.00460	0.00241	0.00689
18	0.00646	0.00465	0.00615	0.00710	0.00759	0.00433	0.00489	0.00763	0.01058	0.01420	0.12915	0.66112	0.05603	0.01517	0.00649	0.00202	0.00297	0.04429	0.00488	0.00428
19	0.17440	0.16263	0.35659	0.01221	0.03177	0.01370	0.04464	0.10121	0.01200	0.01873	0.02326	0.01073	0.00745	0.00499	0.00437	0.00152	0.00622	0.00372	0.00279	0.00708
20	0.01414	0.09276	0.02909	0.09822	0.05601	0.04715	0.00956	0.26556	0.10678	0.02104	0.01292	0.07948	0.01090	0.00639	0.00505	0.00148	0.01748	0.00512	0.00390	0.11698
21	0.04757	0.35868	0.26777	0.01223	0.01756	0.01575	0.09735	0.07851	0.01176	0.01602	0.00875	0.01032	0.00698	0.00553	0.02374	0.00157	0.00666	0.00367	0.00253	0.00703
22	0.04385	0.07062	0.07602	0.06870	0.43957	0.01253	0.01352	0.09264	0.01293	0.10514	0.01078	0.01265	0.00831	0.00498	0.00489	0.00152	0.00589	0.00439	0.00318	0.00787
23	0.01260	0.56330	0.27657	0.01068	0.01611	0.01757	0.01210	0.01565	0.01056	0.01343	0.00781	0.00908	0.00656	0.00455	0.00381	0.00127	0.00617	0.00309	0.00219	0.00691
24	0.01149	0.01096	0.01865	0.34201	0.48656	0.01187	0.01515	0.01469	0.01111	0.01530	0.00944	0.01309	0.00761	0.00480	0.00510	0.00160	0.00639	0.00457	0.00244	0.00716
25	0.01180	0.37676	0.45607	0.01205	0.01823	0.01561	0.01448	0.01586	0.01065	0.01441	0.00830	0.00969	0.00654	0.00466	0.00418	0.00139	0.00666	0.00333	0.00218	0.00714
26	0.04273	0.00785	0.00925	0.01997	0.01071	0.03466	0.00631	0.03803	0.06381	0.26558	0.29490	0.06827	0.09884	0.00887	0.00555	0.00164	0.00365	0.00752	0.00546	0.00640
27	0.00763	0.00498	0.00562	0.00562	0.00575	0.00501	0.00326	0.00790	0.00776	0.01078	0.01613	0.03190	0.01799	0.72448	0.05137	0.00477	0.00507	0.00717	0.07349	0.00330
28	0.73656	0.01009	0.00837	0.00725	0.01055	0.01144	0.00597	0.06105	0.01015	0.08757	0.00854	0.00933	0.00634	0.00498	0.00346	0.00158	0.00410	0.00309	0.00356	0.00601
29	0.00644	0.00466	0.00624	0.00737	0.00770	0.00446	0.00504	0.00740	0.00988	0.01319	0.02783	0.76668	0.03323	0.01586	0.00676	0.00210	0.01788	0.04836	0.00472	0.00422
30	0.00726	0.00524	0.00686	0.00646	0.00767	0.00484	0.00484	0.00968	0.01452	0.02058	0.78496	0.03833	0.04841	0.01049	0.00605	0.00161	0.00242	0.00928	0.00565	0.00484
31	0.00956	0.00478	0.00478	0.00478	0.00598	0.00478	0.00359	0.01196	0.01076	0.01913	0.01674	0.01913	0.01315	0.00598	0.00359	0.00120	0.00239	0.00478	0.84816	0.00478
32	0.01256	0.01188	0.01978	0.11153	0.66103	0.01222	0.01516	0.03489	0.03994	0.01694	0.01007	0.01303	0.00828	0.00476	0.00509	0.00155	0.00609	0.00462	0.00268	0.00789
33	0.00997	0.00945	0.01610	0.73188	0.09399	0.01149	0.02860	0.01338	0.01041	0.01346	0.00919	0.01361	0.00696	0.00507	0.00514	0.00170	0.00682	0.00459	0.00231	0.00591
34	0.00891	0.00446	0.00668	0.00668	0.00668	0.00446	0.00446	0.00668	0.00668	0.00891	0.00891	0.01560	0.00891	0.01783	0.02005	0.85071	0.00446	0.00446	0.00223	0.00223
35	0.00679	0.00511	0.00719	0.00917	0.07244	0.00484	0.00568	0.00786	0.00998	0.01340	0.02673	0.74938	0.03179	0.01512	0.00643	0.00204	0.00324	0.01375	0.00458	0.00450
36	0.01134	0.00923	0.01324	0.33197	0.02120	0.03384	0.01077	0.01376	0.02210	0.09613	0.02361	0.01855	0.01091	0.06723	0.06360	0.00253	0.18833	0.05289	0.00306	0.00571
37	0.00624	0.00480	0.00571	0.00634	0.00725	0.00427	0.00443	0.00739	0.01085	0.01386	0.08465	0.46600	0.33078	0.01452	0.00633	0.00192	0.00279	0.01278	0.00482	0.00427
38	0.01211	0.01384	0.03028	0.02163	0.02682	0.01298	0.76903	0.01644	0.01211	0.01644	0.01038	0.01384	0.00779	0.00433	0.00606	0.00173	0.00865	0.00606	0.00260	0.00692
39	0.01901	0.08209	0.01632	0.01161	0.01568	0.04497	0.00968	0.68016	0.02263	0.02992	0.01173	0.01187	0.00847	0.00598	0.00496	0.00150	0.00577	0.00442	0.00480	0.00845
40	0.01511	0.01229	0.01278	0.01088	0.01414	0.03484	0.00862	0.24021	0.52341	0.04246	0.01806	0.01688	0.01336	0.00667	0.00518	0.00167	0.00466	0.00538	0.00515	0.00825
41	0.01151	0.12519	0.61091	0.01398	0.02069	0.07857	0.03844	0.01650	0.01113	0.01543	0.00888	0.01046	0.00656	0.00483	0.00469	0.00154	0.00749	0.00369	0.00222	0.00730
42	0.00994	0.00938	0.01584	0.74271	0.09801	0.01147	0.01437	0.01333	0.01038	0.01341	0.00916	0.01360	0.00695	0.00508	0.00513	0.00169	0.00678	0.00456	0.00230	0.00590
43	0.01140	0.01087	0.01849	0.36535	0.46393	0.01185	0.01510	0.01461	0.01107	0.01519	0.00942	0.01312	0.00757	0.00481	0.00510	0.00160	0.00642	0.00457	0.00243	0.00708
44	0.01218	0.01126	0.01841	0.31020	0.45153	0.01222	0.01471	0.07767	0.01221	0.01674	0.00968	0.01302	0.00771	0.00491	0.00510	0.00159	0.00633	0.00457	0.00266	0.00730
45	0.00642	0.00459	0.00615	0.00734	0.00771	0.00431	0.00506	0.00743	0.00999	0.01329	0.02819	0.75314	0.03357	0.01592	0.00659	0.00211	0.00312	0.07611	0.00476	0.00421
46	0.01437	0.00867	0.01192	0.27125	0.04216	0.00933	0.00925	0.11520	0.01336	0.21181	0.01432	0.01584	0.01023	0.00577	0.00473	0.00152	0.00488	0.00478	0.22392	0.00669
47	0.01980	0.00814	0.01094	0.00877	0.01214	0.00720	0.00708	0.02219	0.04225	0.62746	0.09113	0.08599	0.01786	0.00756	0.00536	0.00164	0.00406	0.00635	0.00611	0.00797
48	0.00969	0.00912	0.01539	0.80734	0.03534	0.01140	0.01425	0.01311	0.01026	0.01311	0.00912	0.01368	0.00684	0.00513	0.00513	0.00171	0.00684	0.00456	0.00228	0.00570
49	0.02302	0.00873	0.01191	0.00913	0.01310	0.00754	0.00754	0.02501	0.01469	0.79122	0.02024	0.01746	0.01270	0.00635	0.00516	0.00159	0.00437	0.00516	0.00635	0.00873
50	0.85592	0.00992	0.00754	0.00675	0.00992	0.01151	0.00556	0.01508	0.00873	0.02302	0.00714	0.00834	0.00556	0.00476	0.00318	0.00159	0.00397	0.00278	0.00318	0.00556
51	0.01067	0.00910	0.01057	0.00761	0.01208	0.00693	0.00608	0.02612	0.01091	0.01692	0.01037	0.01175	0.02933	0.00410	0.00389	0.00080	0.00380	0.00329	0.00312	0.81257
52	0.01257	0.05072	0.01362	0.01099	0.01215	0.01220	0.00902	0.04580	0.01059	0.13238	0.09827	0.08183	0.01471	0.00925	0.01191	0.02743	0.43112	0.00588	0.00358	0.00596
53	0.00816	0.00583	0.00815	0.00933	0.01047	0.00582	0.00809	0.01045	0.01171	0.01524	0.02723	0.09712	0.02976	0.01427	0.00706	0.00235	0.00463	0.71492	0.00473	0.00470
54	0.00625	0.00447	0.00595	0.00714	0.00744	0.00417	0.00476	0.00714	0.00982	0.01310	0.02828	0.81633	0.03394	0.01608	0.00655	0.00208	0.00298	0.01459	0.00476	0.00417
55	0.07588	0.01202	0.10338	0.48758	0.05528	0.02590	0.08160	0.03759	0.01102	0.03354	0.00978	0.02676	0.00749	0.00523	0.00505	0.00168	0.00672	0.00464	0.00261	0.00624
56	0.01110	0.01038	0.01730	0.46798	0.32190	0.01171	0.01455	0.03678	0.01126	0.01514	0.00984	0.01430	0.00792	0.00516	0.00516	0.00165	0.00647	0.02218	0.00252	0.00670
57	0.00699	0.00524	0.00665	0.00750	0.00855	0.00490	0.00590	0.00858	0.01114	0.01420	0.03455	0.30088	0.24505	0.01446	0.00662	0.00209	0.00356	0.30397	0.00475	0.00443
58	0.02302	0.00873	0.01191	0.00913	0.01310	0.00754	0.00754	0.02501	0.01469	0.79122	0.02024	0.01746	0.01270	0.00635	0.00516	0.00159	0.00437	0.00516	0.00635	0.00873
59	0.01995	0.07839	0.01395	0.03343	0.03725	0.03910	0.00846	0.13051	0.01511	0.49037	0.01676	0.01671	0.01156	0.02632	0.00573	0.00164	0.01778	0.02365	0.00527	0.00805
60	0.00969	0.00912	0.01539	0.80734	0.03534	0.01140	0.01425	0.01311	0.01026	0.01311	0.00912	0.01368	0.00684	0.00513	0.00513	0.00171	0.00684	0.00456	0.00228	0.00570
61	0.00746	0.00497	0.00560	0.00560	0.00560	0.00497	0.00311	0.00746	0.00746	0.00995	0.01617	0.03358	0.01865	0.81967	0.02612	0.00497	0.00497	0.00746	0.00311	0.00311
62	0.03482	0.01183	0.01277	0.03346	0.01451	0.01298	0.00849	0.32646	0.31495	0.02496	0.01596	0.01561	0.02608	0.00628	0.00496	0.00153	0.00469	0.00499	0.02545	0.09923
63	0.26872	0.01115	0.01399	0.37739	0.02375	0.06222	0.06340	0.07750	0.01131	0.01791	0.00875	0.01162	0.00666	0.00513	0.00479	0.00165	0.02118	0.00405	0.00283	0.00601
64	0.00715	0.00494	0.00622	0.00673	0.00763	0.00447	0.00473	0.00842	0.01119	0.05035	0.15505	0.49743	0.18847	0.01410	0.00631	0.00191	0.00287	0.01253	0.00498	0.00452
65	0.00935	0.00749	0.00990	0.06184	0.02798	0.00839	0.00732	0.02583	0.07557	0.04849	0.24446	0.16108	0.11033	0.01039	0.00807	0.00184	0.16335	0.00844	0.00442	0.00546
66	0.01119	0.04182	0.67653	0.01435	0.02132	0.01256	0.03071	0.07896	0.01187	0.01739	0.00937	0.01096	0.00672	0.00508	0.00523	0.00163	0.03041	0.00390	0.00242	0.00759
67	0.00625	0.00447	0.00595	0.00714	0.00744	0.00417	0.00476	0.00714	0.00982	0.01310	0.02828	0.81633	0.03394	0.01608	0.00655	0.00208	0.00298	0.01459	0.00476	0.00417
68	0.01385	0.80322	0.02659	0.00889	0.01324	0.03937	0.00881	0.01549	0.01053	0.01208	0.00715	0.00826	0.00659	0.00441	0.00333	0.00110	0.00558	0.00276	0.00221	0.00657
69	0.00662	0.00473	0.00625	0.00734	0.00779	0.00448	0.00516	0.00769	0.01003	0.01327	0.02808	0.63462	0.05415	0.06372	0.00778	0.00229	0.00335	0.12381	0.00466	0.00419
70	0.01938	0.01349	0.01465	0.01128	0.01525	0.01473	0.00930	0.67532	0.02276	0.09575	0.01318	0.01304	0.00925	0.00617	0.00507	0.00153	0.00540	0.00467	0.04122	0.00856
71	0.01211	0.01384	0.03028	0.02163	0.02682	0.01298	0.76903	0.01644	0.01211	0.01644	0.01038	0.01384	0.00779	0.00433	0.00606	0.00173	0.00865	0.00606	0.00260	0.00692

[dist]
# distance from previous block
# <min> <max>
0	3

[block]
# block no. 1 follows, 48 sequences, length 32
# corresponding to MSA columns:
# 231-262
name=unknown_B
#
# <colnr> <probs for GDERKNQSTAVLIFYWHMCP>
#	G	D	E	R	K	N	Q	S	T	A	V	L	I	F	Y	W	H	M	C	P
0	0.01074	0.01082	0.01530	0.71924	0.03318	0.09878	0.01377	0.01393	0.01073	0.01305	0.00899	0.01319	0.00681	0.00515	0.00507	0.00167	0.00711	0.00442	0.00232	0.00573
1	0.01951	0.01437	0.01540	0.01181	0.01591	0.01591	0.00975	0.77056	0.02412	0.03234	0.01232	0.01232	0.00873	0.00616	0.00513	0.00154	0.00565	0.00462	0.00513	0.00873
2	0.00778	0.00737	0.09296	0.00660	0.00744	0.00574	0.00487	0.00844	0.00784	0.01065	0.01540	0.03105	0.01731	0.72928	0.02376	0.00460	0.00526	0.00705	0.00300	0.00361
3	0.00736	0.00536	0.00755	0.00755	0.00823	0.00604	0.00555	0.00872	0.00804	0.01140	0.01438	0.02367	0.01435	0.24296	0.59695	0.00739	0.01145	0.00601	0.00284	0.00420
4	0.01064	0.00912	0.01064	0.00760	0.01216	0.00684	0.00608	0.01292	0.01064	0.01672	0.00912	0.01064	0.00760	0.00380	0.00380	0.00076	0.00380	0.00304	0.00304	0.85104
5	0.85592	0.00992	0.00754	0.00675	0.00992	0.01151	0.00556	0.01508	0.00873	0.02302	0.00714	0.00834	0.00556	0.00476	0.00318	0.00159	0.00397	0.00278	0.00318	0.00556
6	0.00765	0.00537	0.00702	0.00663	0.00777	0.00510	0.00492	0.01001	0.04240	0.01932	0.67011	0.03508	0.04280	0.01117	0.00757	0.09582	0.00271	0.00861	0.00525	0.00467
7	0.01103	0.00958	0.01102	0.01151	0.09759	0.01048	0.00792	0.02079	0.48995	0.01916	0.05570	0.05488	0.16196	0.00831	0.00545	0.00172	0.00391	0.00708	0.00484	0.00713
8	0.01372	0.82276	0.02689	0.00878	0.01317	0.02030	0.00878	0.01536	0.01043	0.01207	0.00713	0.00823	0.00658	0.00439	0.00329	0.00110	0.00549	0.00274	0.00219	0.00658
9	0.01929	0.09235	0.01610	0.01172	0.03912	0.03256	0.00949	0.53608	0.02066	0.15217	0.01291	0.01270	0.00909	0.00595	0.00494	0.00150	0.00552	0.00449	0.00491	0.00844
10	0.01432	0.73420	0.02552	0.00927	0.01347	0.10670	0.00891	0.01593	0.01088	0.01213	0.00722	0.00834	0.00659	0.00449	0.00344	0.00112	0.00591	0.00281	0.00224	0.00651
11	0.00625	0.00447	0.00595	0.00714	0.00744	0.00417	0.00476	0.00714	0.00982	0.01310	0.02828	0.81633	0.03394	0.01608	0.00655	0.00208	0.00298	0.01459	0.00476	0.00417
12	0.03195	0.06956	0.11408	0.02344	0.04368	0.02627	0.01043	0.33441	0.05498	0.18797	0.01406	0.01391	0.02478	0.00603	0.00518	0.00156	0.02047	0.00462	0.00455	0.00809
13	0.00742	0.00548	0.00697	0.00674	0.00795	0.00520	0.00500	0.01031	0.05880	0.01944	0.61823	0.13935	0.06745	0.01109	0.00607	0.00169	0.00260	0.00982	0.00548	0.00493
14	0.00641	0.00521	0.00568	0.00556	0.00714	0.00448	0.00417	0.00803	0.01251	0.01580	0.26309	0.04620	0.57327	0.01227	0.00606	0.00170	0.00255	0.01038	0.00502	0.00448
15	0.02266	0.00931	0.01227	0.00941	0.01339	0.00841	0.00777	0.10199	0.01566	0.71286	0.01942	0.01693	0.01229	0.00633	0.00516	0.00158	0.00450	0.00510	0.00622	0.00873
16	0.11587	0.07169	0.12904	0.03562	0.06238	0.10222	0.09493	0.08194	0.08261	0.10842	0.01129	0.01238	0.00842	0.00553	0.00550	0.00159	0.05564	0.00432	0.00344	0.00715
17	0.51208	0.01177	0.01055	0.00921	0.03361	0.05856	0.00726	0.19202	0.01328	0.09503	0.00967	0.01028	0.00708	0.00526	0.00395	0.00156	0.00477	0.00351	0.00387	0.00668
18	0.00746	0.00497	0.00560	0.00560	0.00560	0.00497	0.00311	0.00746	0.00746	0.00995	0.01617	0.03358	0.01865	0.81967	0.02612	0.00497	0.00497	0.00746	0.00311	0.00311
19	0.08906	0.07566	0.01737	0.14255	0.19459	0.01315	0.07334	0.17208	0.06164	0.01982	0.01051	0.01251	0.00818	0.00519	0.00500	0.00153	0.02121	0.00439	0.01895	0.05326
20	0.01242	0.02599	0.01017	0.11907	0.01360	0.15763	0.00739	0.09579	0.01262	0.03042	0.01384	0.03241	0.02175	0.02240	0.08070	0.00209	0.00589	0.00482	0.32542	0.00559
21	0.00625	0.00447	0.00595	0.00714	0.00744	0.00417	0.00476	0.00714	0.00982	0.01310	0.02828	0.81633	0.03394	0.01608	0.00655	0.00208	0.00298	0.01459	0.00476	0.00417
22	0.01039	0.01281	0.14901	0.44555	0.17955	0.01148	0.05850	0.01414	0.01080	0.01458	0.01088	0.01432	0.03549	0.00522	0.00516	0.00166	0.00677	0.00475	0.00242	0.00652
23	0.00730	0.00584	0.00776	0.14213	0.01208	0.00578	0.00612	0.00941	0.01250	0.01667	0.38298	0.08196	0.23804	0.04103	0.00668	0.00182	0.00335	0.00913	0.00469	0.00475
24	0.00624	0.00451	0.00591	0.00703	0.00741	0.00418	0.00471	0.00716	0.00993	0.01314	0.02968	0.77117	0.07819	0.01589	0.00652	0.00206	0.00295	0.01437	0.00476	0.00418
25	0.04873	0.05527	0.04518	0.01336	0.05757	0.47638	0.02106	0.08144	0.01448	0.10838	0.00986	0.01077	0.00757	0.00544	0.00493	0.00142	0.02444	0.00374	0.00326	0.00671
26	0.00623	0.00455	0.00587	0.00693	0.00739	0.00419	0.00467	0.00717	0.01003	0.01318	0.03091	0.73124	0.11732	0.01573	0.00650	0.00204	0.00293	0.01417	0.00476	0.00419
27	0.01298	0.01417	0.02404	0.08514	0.02358	0.10048	0.46050	0.06557	0.01240	0.01617	0.00972	0.01299	0.00759	0.00581	0.02087	0.00185	0.11149	0.00532	0.00270	0.00662
28	0.01750	0.05362	0.06072	0.01294	0.01574	0.62942	0.01036	0.03275	0.01368	0.01308	0.00819	0.00989	0.00688	0.00669	0.03437	0.00165	0.06039	0.00349	0.00262	0.00605
29	0.00944	0.00477	0.00483	0.00487	0.00603	0.00476	0.00363	0.01177	0.01072	0.01890	0.01718	0.04985	0.01395	0.00637	0.00370	0.00123	0.00241	0.00516	0.81566	0.00476
30	0.01259	0.01208	0.02063	0.05956	0.76045	0.01216	0.01569	0.01565	0.01163	0.01663	0.00963	0.01273	0.00808	0.00459	0.00508	0.00153	0.00612	0.00457	0.00253	0.00804
31	0.79356	0.01004	0.00800	0.00702	0.01026	0.01152	0.00579	0.04302	0.00952	0.05274	0.00783	0.00883	0.00595	0.00487	0.00332	0.00159	0.00405	0.00294	0.00337	0.00579

[dist]
# distance from previous block
# <min> <max>
0	29

[block]
# block no. 2 follows, 48 sequences, length 39
# corresponding to MSA columns:
# 292-330
name=unknown_C
#
# <colnr> <probs for GDERKNQSTAVLIFYWHMCP>
#	G	D	E	R	K	N	Q	S	T	A	V	L	I	F	Y	W	H	M	C	P
0	0.00625	0.00521	0.00546	0.00540	0.00705	0.00441	0.00405	0.00773	0.01214	0.01493	0.16831	0.04763	0.66858	0.01260	0.00606	0.00171	0.00257	0.01058	0.00491	0.00441
1	0.01407	0.01167	0.01234	0.01071	0.01384	0.01337	0.00844	0.17114	0.63240	0.02357	0.01923	0.01782	0.01432	0.00681	0.00520	0.00170	0.00437	0.00557	0.00520	0.00824
2	0.01372	0.82276	0.02689	0.00878	0.01317	0.02030	0.00878	0.01536	0.01043	0.01207	0.00713	0.00823	0.00658	0.00439	0.00329	0.00110	0.00549	0.00274	0.00219	0.00658
3	0.01328	0.00999	0.01173	0.03807	0.11545	0.07800	0.00837	0.07055	0.11715	0.14371	0.24355	0.02480	0.04097	0.02148	0.00583	0.00168	0.00457	0.03932	0.00478	0.00670
4	0.85592	0.00992	0.00754	0.00675	0.00992	0.01151	0.00556	0.01508	0.00873	0.02302	0.00714	0.00834	0.00556	0.00476	0.00318	0.00159	0.00397	0.00278	0.00318	0.00556
5	0.00722	0.00522	0.00698	0.00783	0.00872	0.00499	0.00612	0.00898	0.01153	0.01532	0.15885	0.33441	0.08039	0.01417	0.00665	0.00209	0.00355	0.30755	0.00490	0.00451
6	0.08963	0.00847	0.01067	0.03329	0.07906	0.00840	0.00754	0.02907	0.12456	0.27403	0.11847	0.07082	0.09366	0.00802	0.00531	0.00167	0.00403	0.02129	0.00507	0.00694
7	0.01706	0.01022	0.03089	0.01339	0.15390	0.00970	0.00920	0.12565	0.08236	0.34256	0.08611	0.03288	0.03308	0.02230	0.00567	0.00166	0.00468	0.00571	0.00510	0.00790
8	0.00632	0.00504	0.00569	0.00609	0.00728	0.00446	0.00435	0.00777	0.02587	0.01404	0.07733	0.33730	0.45243	0.01392	0.00623	0.00186	0.00276	0.01207	0.00481	0.00437
9	0.79632	0.00984	0.00785	0.00692	0.01015	0.01123	0.00570	0.01579	0.00916	0.07799	0.00808	0.00899	0.00607	0.00488	0.00332	0.00159	0.00400	0.00295	0.00340	0.00578
10	0.06654	0.13878	0.07275	0.10624	0.11694	0.10695	0.06240	0.18544	0.02577	0.01901	0.00979	0.01157	0.00764	0.00522	0.00486	0.00149	0.01992	0.00411	0.02751	0.00707
11	0.54642	0.01050	0.00981	0.07179	0.06484	0.04050	0.00728	0.08471	0.01080	0.02172	0.00884	0.01078	0.00699	0.02410	0.00426	0.00163	0.00460	0.00348	0.06100	0.00594
12	0.00636	0.00462	0.00603	0.00712	0.00760	0.00429	0.00491	0.00738	0.01012	0.01331	0.03033	0.70011	0.10080	0.01568	0.00654	0.00207	0.00305	0.06071	0.00476	0.00422
13	0.01517	0.01179	0.01368	0.01044	0.01444	0.01184	0.04254	0.41671	0.02949	0.02492	0.01239	0.06215	0.01007	0.00593	0.00480	0.00132	0.00493	0.00481	0.01962	0.28293
14	0.08991	0.01088	0.01205	0.01029	0.02383	0.01219	0.00816	0.40052	0.03441	0.02451	0.01445	0.11678	0.01275	0.00953	0.05168	0.00205	0.06204	0.02321	0.07378	0.00696
15	0.00625	0.00447	0.00595	0.00714	0.00744	0.00417	0.00476	0.00714	0.00982	0.01310	0.02828	0.81633	0.03394	0.01608	0.00655	0.00208	0.00298	0.01459	0.00476	0.00417
16	0.01181	0.01360	0.04459	0.10532	0.02763	0.01279	0.67285	0.01608	0.01189	0.01608	0.01022	0.01376	0.00766	0.00442	0.00593	0.00173	0.00844	0.00585	0.00255	0.00680
17	0.01648	0.01175	0.01270	0.01011	0.01323	0.01288	0.00809	0.55194	0.03667	0.02706	0.01310	0.01537	0.01027	0.08163	0.00790	0.05917	0.00512	0.00491	0.09426	0.00734
18	0.00638	0.00459	0.00605	0.00700	0.00746	0.00426	0.00475	0.00748	0.01048	0.01408	0.12577	0.69572	0.05640	0.01528	0.00647	0.00201	0.00290	0.01380	0.00488	0.00426
19	0.01314	0.74974	0.02510	0.00857	0.01268	0.01892	0.00843	0.01486	0.01079	0.01283	0.07661	0.01092	0.01032	0.00493	0.00354	0.00114	0.00521	0.00333	0.00250	0.00643
20	0.00800	0.00536	0.00695	0.00660	0.00791	0.00489	0.00493	0.01015	0.01384	0.06458	0.60917	0.12147	0.09459	0.01102	0.00605	0.00167	0.00261	0.00971	0.00553	0.00496
21	0.01935	0.01429	0.01531	0.01177	0.01585	0.01584	0.00971	0.75324	0.04169	0.03208	0.01252	0.01248	0.00889	0.00618	0.00513	0.00154	0.00561	0.00465	0.00513	0.00871
22	0.14225	0.03191	0.01094	0.05940	0.01228	0.06287	0.02361	0.01180	0.00891	0.01382	0.01088	0.01619	0.01007	0.07075	0.36880	0.00490	0.12807	0.00477	0.00271	0.00506
23	0.00956	0.00478	0.00478	0.00478	0.00598	0.00478	0.00359	0.01196	0.01076	0.01913	0.01674	0.01913	0.01315	0.00598	0.00359	0.00120	0.00239	0.00478	0.84816	0.00478
24	0.01007	0.00949	0.01584	0.60092	0.18490	0.01112	0.01390	0.01328	0.01064	0.01389	0.01192	0.01572	0.05597	0.00551	0.00518	0.00167	0.00642	0.00496	0.00249	0.00610
25	0.01266	0.01230	0.02147	0.03083	0.73628	0.01224	0.06662	0.01579	0.01171	0.01674	0.00970	0.01278	0.00810	0.00456	0.00515	0.00154	0.00627	0.00467	0.00254	0.00805
26	0.00637	0.00470	0.00597	0.00673	0.00739	0.00429	0.00464	0.00755	0.01081	0.01431	0.14271	0.58037	0.15580	0.01477	0.00640	0.00196	0.00284	0.01321	0.00489	0.00429
27	0.01436	0.01181	0.01250	0.01076	0.01395	0.01351	0.00851	0.20304	0.60003	0.02404	0.01886	0.01753	0.01402	0.00677	0.00520	0.00169	0.00444	0.00552	0.00520	0.00826
28	0.01396	0.78755	0.02634	0.00898	0.01329	0.05465	0.00883	0.01559	0.01061	0.01209	0.00717	0.00828	0.00659	0.00443	0.00335	0.00111	0.00565	0.00277	0.00221	0.00656
29	0.01182	0.01121	0.01901	0.14555	0.62278	0.01153	0.01478	0.01477	0.01135	0.01597	0.01083	0.06712	0.00968	0.00543	0.00519	0.00159	0.00600	0.00525	0.00265	0.00750
30	0.78152	0.00982	0.00793	0.00696	0.01021	0.01116	0.00573	0.01597	0.00926	0.09164	0.00831	0.00915	0.00620	0.00490	0.00335	0.00159	0.00400	0.00299	0.00346	0.00584
31	0.00643	0.00464	0.00591	0.00677	0.00722	0.00431	0.00452	0.00737	0.01007	0.01335	0.08027	0.61596	0.10050	0.09686	0.00846	0.00231	0.00311	0.01317	0.00466	0.00412
32	0.01414	0.01455	0.16777	0.01434	0.13524	0.01227	0.01147	0.31317	0.06818	0.04108	0.05363	0.05420	0.06326	0.00685	0.00525	0.00161	0.00547	0.00565	0.00416	0.00767
33	0.03416	0.04032	0.01217	0.00914	0.01247	0.00887	0.00754	0.07554	0.01450	0.50748	0.12645	0.01892	0.01658	0.00693	0.00593	0.00159	0.05863	0.00546	0.00557	0.03177
34	0.00686	0.00513	0.00636	0.00625	0.00747	0.00464	0.00461	0.00882	0.01327	0.01806	0.51813	0.14046	0.21752	0.01179	0.00612	0.00170	0.00253	0.01032	0.00533	0.00464
35	0.02109	0.00882	0.01165	0.00911	0.01278	0.00795	0.00745	0.07688	0.02741	0.65159	0.07120	0.04043	0.01544	0.00689	0.00526	0.00160	0.00428	0.00567	0.00615	0.00834
36	0.02489	0.04484	0.27072	0.03305	0.10651	0.10449	0.06689	0.13209	0.01343	0.01799	0.03065	0.10754	0.01141	0.00650	0.00515	0.00161	0.00657	0.00550	0.00317	0.00701
37	0.70764	0.01035	0.00893	0.06137	0.01229	0.01198	0.00660	0.09726	0.01051	0.02337	0.00784	0.00913	0.00599	0.00494	0.00352	0.00159	0.00435	0.00310	0.00333	0.00591
38	0.00956	0.00478	0.00478	0.00478	0.00598	0.00478	0.00359	0.01196	0.01076	0.01913	0.01674	0.01913	0.01315	0.00598	0.00359	0.00120	0.00239	0.00478	0.84816	0.00478

[dist]
# distance from previous block
# <min> <max>
0	1

[block]
# block no. 3 follows, 48 sequences, length 20
# corresponding to MSA columns:
# 332-348,412-414
name=unknown_D
#
# <colnr> <probs for GDERKNQSTAVLIFYWHMCP>
#	G	D	E	R	K	N	Q	S	T	A	V	L	I	F	Y	W	H	M	C	P
0	0.08180	0.34554	0.04298	0.05978	0.08359	0.17941	0.00986	0.04520	0.01161	0.01444	0.00846	0.01041	0.00726	0.00761	0.07066	0.00189	0.00705	0.00347	0.00256	0.00640
1	0.00634	0.00456	0.00603	0.00718	0.00757	0.00426	0.00490	0.00732	0.00999	0.01324	0.02916	0.75036	0.06317	0.01586	0.00656	0.00208	0.00304	0.04942	0.00476	0.00420
2	0.01007	0.00922	0.01494	0.61333	0.10983	0.01095	0.01316	0.04250	0.01091	0.01416	0.01190	0.03279	0.04327	0.03517	0.00596	0.00181	0.00637	0.00516	0.00261	0.00588
3	0.01420	0.01154	0.01518	0.11475	0.05911	0.04263	0.10278	0.22078	0.13609	0.07433	0.04171	0.01828	0.05723	0.00720	0.02207	0.00177	0.00577	0.01985	0.02753	0.00722
4	0.00629	0.00452	0.00591	0.00700	0.00735	0.00421	0.00466	0.00717	0.00982	0.01301	0.02887	0.75170	0.06683	0.04721	0.00729	0.00218	0.00304	0.01414	0.00470	0.00413
5	0.01121	0.01137	0.01570	0.07799	0.01569	0.05742	0.05493	0.01280	0.00891	0.01290	0.03304	0.01293	0.00855	0.01016	0.06517	0.00249	0.57593	0.00474	0.00243	0.00562
6	0.00645	0.00474	0.00607	0.00685	0.00752	0.00436	0.00478	0.00769	0.01087	0.01442	0.14602	0.56341	0.14136	0.01473	0.00643	0.00197	0.00290	0.04022	0.00490	0.00431
7	0.08129	0.00937	0.01173	0.01018	0.04720	0.00912	0.00790	0.08555	0.10391	0.45982	0.04681	0.01995	0.02753	0.00692	0.00517	0.00165	0.00441	0.04799	0.00556	0.00795
8	0.71784	0.04264	0.00925	0.03398	0.01144	0.04715	0.00637	0.05105	0.00984	0.02224	0.00749	0.00874	0.00584	0.00485	0.00340	0.00156	0.00444	0.00295	0.00318	0.00577
9	0.01001	0.00521	0.00526	0.00510	0.00642	0.00528	0.00386	0.04581	0.01136	0.01972	0.01654	0.01883	0.01295	0.00599	0.00366	0.00121	0.00254	0.00478	0.81053	0.00496
10	0.01068	0.01013	0.01717	0.55310	0.28187	0.01166	0.01474	0.01397	0.01073	0.01431	0.00929	0.01336	0.00726	0.00495	0.00511	0.00165	0.00660	0.00456	0.00237	0.00650
11	0.01026	0.00663	0.00789	0.00750	0.00862	0.00670	0.00521	0.13093	0.01157	0.07995	0.02003	0.30030	0.02171	0.31975	0.03673	0.00323	0.00459	0.00923	0.00427	0.00489
12	0.00712	0.00533	0.00614	0.00588	0.00745	0.00466	0.00443	0.00893	0.01304	0.04067	0.37617	0.04350	0.43488	0.01168	0.00603	0.00168	0.00257	0.00997	0.00521	0.00469
13	0.01457	0.01221	0.01260	0.01085	0.01403	0.03556	0.00857	0.20675	0.57465	0.02384	0.01845	0.01722	0.01373	0.00672	0.00518	0.00168	0.00459	0.00545	0.00513	0.00821
14	0.01403	0.77727	0.02618	0.00903	0.01332	0.06468	0.00884	0.01566	0.01066	0.01210	0.00718	0.00829	0.00659	0.00444	0.00337	0.00111	0.00570	0.00278	0.00222	0.00655
15	0.15689	0.04857	0.18788	0.04847	0.06238	0.16016	0.01128	0.14719	0.02508	0.04211	0.05553	0.01245	0.00966	0.00554	0.00463	0.00152	0.00630	0.00411	0.00334	0.00692
16	0.00904	0.00601	0.00752	0.00769	0.00883	0.00584	0.00551	0.08679	0.02687	0.07264	0.09893	0.55996	0.05717	0.01354	0.00621	0.00193	0.00330	0.01208	0.00501	0.00511
17	0.00647	0.00462	0.00620	0.00739	0.00778	0.00435	0.00514	0.00752	0.01004	0.01334	0.02816	0.73503	0.03346	0.01587	0.00661	0.00211	0.00316	0.09375	0.00476	0.00423
18	0.01171	0.01344	0.13847	0.06372	0.26519	0.02608	0.09686	0.02895	0.05479	0.04190	0.01385	0.06269	0.05112	0.01602	0.00631	0.00169	0.06100	0.00558	0.00305	0.03759
19	0.07718	0.00983	0.01251	0.00974	0.01358	0.00944	0.03006	0.12882	0.06768	0.53974	0.03554	0.01661	0.01254	0.00629	0.00507	0.00160	0.00458	0.00509	0.00576	0.00833

[dist]
# distance from previous block
# <min> <max>
0	1

[block]
# block no. 4 follows, 48 sequences, length 58
# corresponding to MSA columns:
# 416-473
name=unknown_E
#
# <colnr> <probs for GDERKNQSTAVLIFYWHMCP>
#	G	D	E	R	K	N	Q	S	T	A	V	L	I	F	Y	W	H	M	C	P
0	0.01892	0.01347	0.01465	0.01138	0.01526	0.01475	0.00934	0.68406	0.02276	0.07343	0.01370	0.06001	0.01043	0.00675	0.00522	0.00157	0.00542	0.00524	0.00518	0.00846
1	0.01269	0.01354	0.10088	0.08220	0.44349	0.03224	0.02631	0.09977	0.02938	0.01788	0.01190	0.03210	0.02946	0.00566	0.00544	0.00160	0.02415	0.02077	0.00298	0.00757
2	0.03421	0.01956	0.01533	0.05696	0.01708	0.48596	0.05472	0.13425	0.03954	0.01644	0.00928	0.01082	0.00740	0.00564	0.00556	0.00148	0.05851	0.00391	0.01692	0.00644
3	0.00993	0.00513	0.00517	0.00504	0.00634	0.00519	0.00381	0.03969	0.01125	0.01961	0.01658	0.01888	0.01299	0.00598	0.00364	0.00121	0.00251	0.00478	0.81734	0.00493
4	0.01117	0.02883	0.01405	0.24609	0.07245	0.02812	0.01064	0.05804	0.01081	0.03964	0.01245	0.11330	0.02754	0.00762	0.00818	0.00176	0.21441	0.00576	0.01681	0.07231
5	0.02896	0.06140	0.05584	0.01194	0.01469	0.31349	0.04940	0.14077	0.01370	0.01621	0.01004	0.01343	0.00870	0.08553	0.05759	0.00225	0.08310	0.00433	0.02248	0.00616
6	0.00633	0.00452	0.00602	0.00709	0.00746	0.00422	0.00477	0.00733	0.01017	0.01365	0.08433	0.75869	0.03501	0.01566	0.00651	0.00205	0.00294	0.01419	0.00483	0.00422
7	0.01018	0.02435	0.69852	0.03196	0.03560	0.01151	0.03414	0.01578	0.01108	0.01645	0.05568	0.01264	0.00907	0.00520	0.00498	0.00163	0.00725	0.00420	0.00239	0.00737
8	0.01219	0.11222	0.50893	0.01358	0.04488	0.07093	0.01531	0.01664	0.01150	0.07111	0.05060	0.01242	0.00923	0.00533	0.00503	0.00155	0.02451	0.00407	0.00270	0.00726
9	0.00625	0.00449	0.00593	0.00708	0.00743	0.00417	0.00474	0.00715	0.00988	0.01312	0.02901	0.79264	0.05715	0.01598	0.00653	0.00207	0.00297	0.01447	0.00476	0.00417
10	0.64033	0.07019	0.00880	0.00679	0.00971	0.01097	0.00563	0.01421	0.00977	0.02171	0.12091	0.01307	0.01214	0.00561	0.00362	0.00154	0.00380	0.00379	0.03190	0.00550
11	0.00851	0.00508	0.00679	0.00736	0.00820	0.00466	0.00513	0.00965	0.01079	0.11517	0.08010	0.65771	0.03218	0.01442	0.00633	0.00199	0.00312	0.01299	0.00503	0.00481
12	0.01480	0.01340	0.05055	0.02819	0.02204	0.03854	0.45689	0.08187	0.01352	0.16284	0.02766	0.01453	0.00947	0.00521	0.00609	0.00169	0.03628	0.00558	0.00355	0.00730
13	0.85592	0.00992	0.00754	0.00675	0.00992	0.01151	0.00556	0.01508	0.00873	0.02302	0.00714	0.00834	0.00556	0.00476	0.00318	0.00159	0.00397	0.00278	0.00318	0.00556
14	0.00956	0.00478	0.00478	0.00478	0.00598	0.00478	0.00359	0.01196	0.01076	0.01913	0.01674	0.01913	0.01315	0.00598	0.00359	0.00120	0.00239	0.00478	0.84816	0.00478
15	0.02684	0.01295	0.01166	0.01036	0.01320	0.14699	0.00804	0.10205	0.46127	0.02017	0.02137	0.02028	0.10794	0.00730	0.00518	0.00164	0.00494	0.00582	0.00468	0.00731
16	0.06229	0.02013	0.01436	0.02959	0.06788	0.53342	0.00990	0.13195	0.01516	0.01654	0.00904	0.01047	0.00728	0.00604	0.02100	0.00153	0.00808	0.00367	0.02525	0.00643
17	0.00621	0.00519	0.00542	0.00539	0.00703	0.00439	0.00403	0.00764	0.01200	0.01466	0.14050	0.06431	0.68011	0.01276	0.00607	0.00173	0.00259	0.01072	0.00487	0.00439
18	0.06299	0.01121	0.01165	0.01033	0.01334	0.01293	0.00809	0.08308	0.67565	0.02238	0.01942	0.01799	0.01454	0.00677	0.00509	0.00172	0.00418	0.00553	0.00509	0.00802
19	0.01441	0.72082	0.02531	0.00935	0.01351	0.11974	0.00892	0.01602	0.01095	0.01213	0.00724	0.00836	0.00659	0.00450	0.00346	0.00113	0.00597	0.00282	0.00225	0.00650
20	0.01762	0.06046	0.01492	0.05302	0.01580	0.05054	0.02340	0.41348	0.04542	0.14508	0.01510	0.01571	0.04490	0.00647	0.00530	0.00155	0.02006	0.02130	0.00472	0.02514
21	0.85592	0.00992	0.00754	0.00675	0.00992	0.01151	0.00556	0.01508	0.00873	0.02302	0.00714	0.00834	0.00556	0.00476	0.00318	0.00159	0.00397	0.00278	0.00318	0.00556
22	0.00630	0.00465	0.00589	0.00676	0.00737	0.00425	0.00462	0.00737	0.01050	0.01379	0.08951	0.62594	0.16402	0.01512	0.00643	0.00199	0.00287	0.01354	0.00483	0.00425
23	0.04255	0.01044	0.01201	0.05216	0.03071	0.01110	0.00824	0.26651	0.15650	0.16305	0.04626	0.02107	0.10844	0.00737	0.00525	0.00163	0.00457	0.02255	0.02206	0.00750
24	0.06625	0.21689	0.02664	0.05557	0.01294	0.03895	0.00767	0.04356	0.02986	0.18644	0.12409	0.01865	0.03245	0.05971	0.05730	0.00211	0.00536	0.00515	0.00401	0.00640
25	0.00631	0.00453	0.00600	0.00715	0.00752	0.00423	0.00484	0.00726	0.00995	0.01319	0.02904	0.76709	0.05910	0.01591	0.00655	0.00208	0.00302	0.03727	0.00476	0.00419
26	0.01390	0.00709	0.00926	0.00777	0.01019	0.00651	0.00614	0.06030	0.01515	0.31039	0.45251	0.02897	0.03268	0.00868	0.00566	0.00160	0.00334	0.00746	0.00588	0.00653
27	0.03028	0.23065	0.16071	0.05690	0.14047	0.18479	0.01233	0.09758	0.01302	0.01612	0.00875	0.01037	0.00704	0.00494	0.00445	0.00140	0.00684	0.00365	0.00268	0.00704
28	0.85592	0.00992	0.00754	0.00675	0.00992	0.01151	0.00556	0.01508	0.00873	0.02302	0.00714	0.00834	0.00556	0.00476	0.00318	0.00159	0.00397	0.00278	0.00318	0.00556
29	0.00956	0.00478	0.00478	0.00478	0.00598	0.00478	0.00359	0.01196	0.01076	0.01913	0.01674	0.01913	0.01315	0.00598	0.00359	0.00120	0.00239	0.00478	0.84816	0.00478
30	0.01123	0.01072	0.01794	0.34796	0.07239	0.01263	0.14956	0.05830	0.01098	0.01522	0.00943	0.01330	0.00751	0.00593	0.00787	0.00179	0.18903	0.00483	0.04719	0.00618
31	0.01190	0.01152	0.01812	0.26593	0.21713	0.04195	0.10454	0.07107	0.01164	0.01573	0.01002	0.04226	0.00848	0.00649	0.01987	0.00184	0.12712	0.00507	0.00271	0.00661
32	0.00625	0.00511	0.00554	0.00581	0.00726	0.00441	0.00433	0.00756	0.01143	0.01394	0.05954	0.18265	0.59645	0.01356	0.00621	0.00183	0.00279	0.05621	0.00478	0.00434
33	0.01220	0.01246	0.05013	0.12544	0.48224	0.01211	0.14145	0.04077	0.01197	0.01670	0.01042	0.01458	0.00865	0.00502	0.00532	0.00162	0.00661	0.03216	0.00267	0.00749
34	0.01067	0.00804	0.00956	0.00852	0.00976	0.00906	0.00637	0.17257	0.03704	0.01702	0.06100	0.09352	0.02919	0.27041	0.08189	0.00336	0.11500	0.00689	0.04490	0.00524
35	0.00625	0.00447	0.00595	0.00714	0.00744	0.00417	0.00476	0.00714	0.00982	0.01310	0.02828	0.81633	0.03394	0.01608	0.00655	0.00208	0.00298	0.01459	0.00476	0.00417
36	0.01372	0.82276	0.02689	0.00878	0.01317	0.02030	0.00878	0.01536	0.01043	0.01207	0.00713	0.00823	0.00658	0.00439	0.00329	0.00110	0.00549	0.00274	0.00219	0.00658
37	0.00650	0.00505	0.00588	0.00614	0.00734	0.00448	0.00448	0.00794	0.01172	0.01505	0.19851	0.23584	0.39221	0.03447	0.00675	0.00191	0.00281	0.04363	0.00491	0.00438
38	0.06370	0.01930	0.01431	0.01215	0.01540	0.44200	0.00949	0.27791	0.01753	0.06581	0.01012	0.01074	0.00764	0.00562	0.00476	0.00143	0.00745	0.00384	0.00374	0.00705
39	0.01260	0.01209	0.02065	0.05639	0.76353	0.01217	0.01570	0.01566	0.01164	0.01665	0.00963	0.01273	0.00809	0.00459	0.00508	0.00153	0.00612	0.00457	0.00253	0.00805
40	0.00956	0.00478	0.00478	0.00478	0.00598	0.00478	0.00359	0.01196	0.01076	0.01913	0.01674	0.01913	0.01315	0.00598	0.00359	0.00120	0.00239	0.00478	0.84816	0.00478
41	0.08557	0.01496	0.01345	0.02736	0.01486	0.18059	0.00894	0.40059	0.09062	0.02477	0.05374	0.01453	0.03472	0.00635	0.00495	0.00153	0.00589	0.00474	0.00441	0.00742
42	0.01651	0.01901	0.01704	0.02026	0.31530	0.44505	0.01220	0.04988	0.01370	0.01501	0.00876	0.01076	0.00729	0.00512	0.00507	0.00143	0.02414	0.00388	0.00270	0.00690
43	0.00685	0.00523	0.00629	0.00602	0.00741	0.00467	0.00452	0.00889	0.01355	0.01827	0.53291	0.04213	0.30190	0.01135	0.00606	0.00165	0.00248	0.00981	0.00534	0.00467
44	0.74152	0.03121	0.00891	0.00736	0.01067	0.01222	0.00611	0.09896	0.01048	0.02378	0.00772	0.00877	0.00593	0.00491	0.00340	0.00157	0.00419	0.00298	0.00337	0.00593
45	0.01397	0.78651	0.02633	0.00898	0.01329	0.05567	0.00883	0.01560	0.01061	0.01209	0.00717	0.00828	0.00659	0.00443	0.00335	0.00111	0.00566	0.00277	0.00222	0.00656
46	0.02817	0.03348	0.00878	0.00711	0.00967	0.02053	0.00561	0.05261	0.03327	0.13665	0.16974	0.04681	0.31432	0.00944	0.00543	0.00155	0.00342	0.00785	0.00486	0.10072
47	0.85592	0.00992	0.00754	0.00675	0.00992	0.01151	0.00556	0.01508	0.00873	0.02302	0.00714	0.00834	0.00556	0.00476	0.00318	0.00159	0.00397	0.00278	0.00318	0.00556
48	0.00676	0.00520	0.00618	0.00599	0.00737	0.00462	0.00447	0.00869	0.01325	0.01768	0.47135	0.07108	0.33547	0.01167	0.00607	0.00168	0.00251	0.01008	0.00527	0.00462
49	0.01671	0.01157	0.01294	0.01116	0.05887	0.01251	0.00850	0.49103	0.03295	0.06801	0.01403	0.03068	0.01051	0.00625	0.00482	0.00148	0.00481	0.00491	0.19055	0.00772
50	0.03886	0.01441	0.02888	0.06085	0.16094	0.10172	0.01092	0.42379	0.03093	0.02486	0.02565	0.01277	0.00912	0.00574	0.00499	0.00152	0.00602	0.00451	0.02568	0.00784
51	0.00672	0.00511	0.00611	0.00609	0.00730	0.00458	0.00444	0.00844	0.01261	0.01680	0.39683	0.15201	0.29714	0.04427	0.00692	0.00185	0.00266	0.01049	0.00512	0.00450
52	0.02000	0.01101	0.01299	0.01007	0.01384	0.01117	0.00827	0.36975	0.01892	0.36718	0.06154	0.01636	0.01298	0.00649	0.00515	0.00155	0.00478	0.00514	0.03444	0.00837
53	0.01185	0.01665	0.29537	0.08493	0.32277	0.01177	0.03338	0.01578	0.01121	0.05684	0.01095	0.01364	0.02387	0.00537	0.00578	0.00164	0.05399	0.01411	0.00264	0.00747
54	0.01864	0.00884	0.01126	0.00900	0.01234	0.00835	0.00729	0.10379	0.07855	0.49066	0.17232	0.02121	0.01965	0.00721	0.00534	0.00160	0.00409	0.00598	0.00598	0.00790
55	0.01145	0.00643	0.00668	0.00604	0.00775	0.00666	0.00467	0.13523	0.01295	0.03886	0.01609	0.01827	0.01253	0.02175	0.00431	0.00133	0.00301	0.00482	0.67570	0.00548
56	0.03084	0.01273	0.01402	0.01078	0.01475	0.01349	0.00884	0.56617	0.02077	0.10804	0.01302	0.03149	0.00956	0.00632	0.00524	0.01595	0.00520	0.00470	0.00494	0.10312
57	0.01689	0.01167	0.01297	0.01047	0.01379	0.01262	0.00845	0.49899	0.06478	0.10334	0.01653	0.11700	0.02750	0.00873	0.03271	0.00185	0.00524	0.00617	0.02248	0.00780

[dist]
# distance from previous block
# <min> <max>
0	1

[block]
# block no. 5 follows, 48 sequences, length 48
# corresponding to MSA columns:
# 475-479,488-507,521-543
name=unknown_F
#
# <colnr> <probs for GDERKNQSTAVLIFYWHMCP>
#	G	D	E	R	K	N	Q	S	T	A	V	L	I	F	Y	W	H	M	C	P
0	0.00624	0.00450	0.00592	0.00706	0.00742	0.00418	0.00472	0.00715	0.00991	0.01313	0.02935	0.78187	0.06771	0.01594	0.00653	0.00207	0.00296	0.01442	0.00476	0.00418
1	0.01079	0.00999	0.01584	0.10959	0.41272	0.01058	0.01217	0.01384	0.03928	0.01633	0.11887	0.03732	0.07396	0.00695	0.00641	0.00167	0.07741	0.01628	0.00325	0.00676
2	0.05892	0.01086	0.01142	0.00996	0.01291	0.01229	0.00784	0.15226	0.51709	0.02307	0.08227	0.02004	0.04415	0.00721	0.00519	0.00169	0.00414	0.00590	0.00511	0.00768
3	0.00628	0.00457	0.00585	0.00685	0.00730	0.00422	0.00459	0.00718	0.00994	0.01305	0.03049	0.69470	0.11966	0.05010	0.00733	0.00217	0.00302	0.01385	0.00469	0.00414
4	0.01244	0.01211	0.01902	0.05927	0.64578	0.05414	0.01439	0.01535	0.01204	0.01673	0.07911	0.01485	0.01161	0.00516	0.00514	0.00153	0.00597	0.00493	0.00281	0.00762
5	0.00632	0.00455	0.00601	0.00716	0.00754	0.00424	0.00486	0.00728	0.00997	0.01321	0.02910	0.76002	0.06098	0.01589	0.00655	0.00208	0.00303	0.04224	0.00476	0.00419
6	0.00733	0.00714	0.07775	0.00850	0.00977	0.00561	0.03047	0.03566	0.01055	0.01424	0.02540	0.66970	0.02963	0.01429	0.00635	0.00202	0.00371	0.03267	0.00447	0.00474
7	0.01372	0.82276	0.02689	0.00878	0.01317	0.02030	0.00878	0.01536	0.01043	0.01207	0.00713	0.00823	0.00658	0.00439	0.00329	0.00110	0.00549	0.00274	0.00219	0.00658
8	0.00956	0.00478	0.00478	0.00478	0.00598	0.00478	0.00359	0.01196	0.01076	0.01913	0.01674	0.01913	0.01315	0.00598	0.00359	0.00120	0.00239	0.00478	0.84816	0.00478
9	0.01021	0.00797	0.00936	0.00845	0.01022	0.04232	0.00653	0.13151	0.01140	0.01588	0.01396	0.01940	0.02610	0.10493	0.42882	0.00535	0.00963	0.00529	0.05155	0.08112
10	0.01295	0.01313	0.02015	0.05681	0.57844	0.09093	0.08213	0.01581	0.01177	0.01587	0.00982	0.01343	0.00837	0.04126	0.00607	0.00168	0.00662	0.00471	0.00257	0.00748
11	0.00752	0.00528	0.00666	0.00641	0.00771	0.00478	0.00477	0.00957	0.01354	0.04651	0.54974	0.12420	0.17138	0.01138	0.00608	0.00168	0.00258	0.00997	0.00543	0.00482
12	0.75781	0.01013	0.00827	0.00764	0.02663	0.01169	0.00604	0.02759	0.07077	0.02291	0.00838	0.00935	0.00647	0.00496	0.00341	0.00160	0.00405	0.00309	0.00336	0.00586
13	0.01404	0.73321	0.05089	0.00932	0.01368	0.08206	0.00920	0.01580	0.01077	0.01225	0.00726	0.00840	0.00658	0.00448	0.00345	0.00113	0.00586	0.00282	0.00223	0.00657
