[name]
unknown

[dist]
# distance from previous block
# <min> <max>
0	49

[block]
# block no. 0 follows, 36 sequences, length 9
# corresponding to MSA columns:
# 65-73
name=unknown_A
#
# <colnr> <probs for GDERKNQSTAVLIFYWHMCP>
#	G	D	E	R	K	N	Q	S	T	A	V	L	I	F	Y	W	H	M	C	P
0	0.01075	0.00864	0.01411	0.01373	0.01590	0.00848	0.11812	0.01398	0.01440	0.01885	0.02988	0.06214	0.03184	0.01539	0.00841	0.00275	0.00646	0.59468	0.00534	0.00614
1	0.01406	0.27595	0.30412	0.01436	0.02035	0.05270	0.07322	0.01802	0.01271	0.01669	0.01168	0.01653	0.01031	0.12377	0.00932	0.00237	0.00809	0.00506	0.00289	0.00782
2	0.01491	0.01305	0.02074	0.14816	0.46060	0.01364	0.01600	0.07371	0.01494	0.02158	0.01318	0.01676	0.01061	0.00607	0.00591	0.00183	0.00682	0.00559	0.12706	0.00884
3	0.00895	0.00646	0.00893	0.00893	0.00967	0.00720	0.00644	0.01043	0.00969	0.01366	0.01768	0.02996	0.01796	0.29394	0.51239	0.00868	0.01310	0.00748	0.00349	0.00496
4	0.00929	0.00646	0.00829	0.00895	0.00996	0.00624	0.00628	0.01213	0.07282	0.04784	0.16073	0.55179	0.04151	0.01690	0.00764	0.00237	0.00367	0.01520	0.00610	0.00583
5	0.01097	0.02873	0.03977	0.12415	0.01595	0.00850	0.00871	0.01472	0.05068	0.06755	0.41408	0.07038	0.09883	0.01132	0.00695	0.00200	0.00439	0.00985	0.00586	0.00663
6	0.01660	0.01228	0.01508	0.12582	0.02008	0.01158	0.01003	0.14578	0.05071	0.10971	0.01407	0.01533	0.01054	0.00593	0.00543	0.00145	0.00568	0.00479	0.00461	0.41450
7	0.01396	0.00950	0.01289	0.04880	0.01493	0.00947	0.04525	0.09195	0.04909	0.12477	0.27196	0.16545	0.03370	0.01136	0.00733	0.00204	0.02645	0.00993	0.00603	0.04515
8	0.03893	0.05024	0.09110	0.15404	0.15189	0.05082	0.03553	0.11199	0.01580	0.09181	0.01271	0.01498	0.00961	0.00629	0.00638	0.00181	0.03693	0.00512	0.00392	0.11011

[dist]
# distance from previous block
# <min> <max>
4	13

[block]
# block no. 1 follows, 36 sequences, length 47
# corresponding to MSA columns:
# 87-133
name=unknown_B
#
# <colnr> <probs for GDERKNQSTAVLIFYWHMCP>
#	G	D	E	R	K	N	Q	S	T	A	V	L	I	F	Y	W	H	M	C	P
0	0.01531	0.01262	0.03738	0.06579	0.05086	0.01120	0.02806	0.10454	0.07538	0.07185	0.04635	0.01684	0.01294	0.00614	0.00548	0.00145	0.00552	0.00511	0.02646	0.40074
1	0.01325	0.03496	0.01534	0.10286	0.01855	0.03136	0.07278	0.10545	0.06848	0.02128	0.06272	0.07639	0.13003	0.04710	0.00754	0.00201	0.00582	0.00784	0.00465	0.17159
2	0.05481	0.01102	0.01582	0.32771	0.11204	0.01220	0.01286	0.05598	0.06044	0.02000	0.03645	0.09261	0.01472	0.02379	0.00659	0.00202	0.00644	0.00681	0.04393	0.08376
3	0.04049	0.01054	0.01622	0.53105	0.03325	0.01239	0.01408	0.04756	0.01292	0.01765	0.03350	0.01736	0.01041	0.00799	0.00791	0.08705	0.00726	0.00550	0.02302	0.06385
4	0.01441	0.01230	0.01616	0.22072	0.02305	0.03337	0.01202	0.06648	0.03850	0.05680	0.01305	0.04817	0.01099	0.00772	0.00906	0.00191	0.17856	0.00564	0.02117	0.20992
5	0.06811	0.01246	0.03728	0.41318	0.03180	0.01333	0.08826	0.01649	0.01247	0.01807	0.01087	0.01515	0.00848	0.00610	0.00686	0.00188	0.06153	0.00518	0.00306	0.16942
6	0.01082	0.00541	0.00812	0.00812	0.00812	0.00541	0.00541	0.00812	0.00812	0.01082	0.01082	0.01894	0.01082	0.02165	0.02435	0.81872	0.00541	0.00541	0.00271	0.00271
7	0.01613	0.01501	0.02264	0.14965	0.43638	0.04119	0.03414	0.11176	0.05306	0.02210	0.01261	0.01580	0.01007	0.00622	0.00656	0.00192	0.02624	0.00562	0.00361	0.00929
8	0.01177	0.01107	0.01869	0.76606	0.04291	0.01384	0.01730	0.01592	0.01246	0.01592	0.01107	0.01661	0.00831	0.00623	0.00623	0.00208	0.00831	0.00554	0.00277	0.00692
9	0.01909	0.01418	0.01531	0.01239	0.01638	0.01537	0.01009	0.49436	0.05539	0.03292	0.04425	0.05418	0.11570	0.00971	0.00655	0.00197	0.00587	0.03876	0.02840	0.00913
10	0.01523	0.00877	0.01065	0.00997	0.01236	0.02350	0.00757	0.05433	0.06507	0.22652	0.05101	0.33847	0.09334	0.01386	0.00718	0.00224	0.00455	0.04165	0.00637	0.00738
11	0.01058	0.00674	0.00830	0.00789	0.00981	0.00597	0.00592	0.01275	0.01574	0.11152	0.33271	0.15527	0.26513	0.01407	0.00731	0.00209	0.00340	0.01218	0.00647	0.00616
12	0.01250	0.03223	0.74875	0.01776	0.02697	0.01447	0.02302	0.01973	0.01315	0.01973	0.01118	0.01315	0.00789	0.00592	0.00592	0.00197	0.00921	0.00460	0.00263	0.00921
13	0.00765	0.00552	0.00725	0.00850	0.00902	0.00512	0.00573	0.00887	0.01239	0.01650	0.07792	0.69616	0.07846	0.01892	0.00789	0.00247	0.00355	0.01709	0.00585	0.00512
14	0.01945	0.20878	0.11175	0.01493	0.01950	0.40514	0.03077	0.02336	0.07905	0.01674	0.01106	0.01238	0.00901	0.00625	0.00538	0.00164	0.00931	0.00428	0.00328	0.00792
15	0.79066	0.01199	0.00939	0.00832	0.01222	0.01377	0.00685	0.01883	0.01092	0.05895	0.00936	0.01060	0.00712	0.00587	0.00396	0.00193	0.00484	0.00350	0.00402	0.00691
16	0.01289	0.01198	0.01998	0.47455	0.25319	0.01380	0.01704	0.01675	0.01297	0.01762	0.01204	0.01756	0.00968	0.00643	0.00658	0.00202	0.02931	0.01987	0.03803	0.00774
17	0.00894	0.00649	0.00746	0.00761	0.00854	0.00620	0.00513	0.03643	0.01246	0.01620	0.08346	0.19061	0.20252	0.33042	0.01749	0.00382	0.00467	0.04162	0.00505	0.00488
18	0.05769	0.30780	0.29594	0.01381	0.02029	0.04433	0.01517	0.08853	0.01449	0.01996	0.01036	0.01194	0.00821	0.00593	0.00541	0.00168	0.02593	0.00413	0.00313	0.04528
19	0.04662	0.01234	0.01484	0.10340	0.01885	0.01225	0.00983	0.21797	0.01800	0.16563	0.01555	0.01817	0.01192	0.08163	0.00820	0.00206	0.00598	0.00547	0.00509	0.22621
20	0.01710	0.05577	0.01998	0.22139	0.22125	0.15149	0.01470	0.05056	0.03467	0.07732	0.01284	0.01565	0.00997	0.00644	0.00630	0.00186	0.02880	0.00526	0.04035	0.00832
21	0.00908	0.00671	0.00944	0.00936	0.01015	0.00766	0.00691	0.01070	0.00975	0.01386	0.01721	0.02842	0.01721	0.23757	0.54570	0.00876	0.03569	0.00726	0.00343	0.00513
22	0.01213	0.01164	0.02024	0.68264	0.07238	0.01402	0.06674	0.01634	0.01269	0.01639	0.01121	0.01657	0.00845	0.00613	0.00631	0.00207	0.00842	0.00567	0.00281	0.00715
23	0.01330	0.01318	0.01901	0.14818	0.02103	0.01816	0.01428	0.01516	0.01005	0.01516	0.00869	0.01416	0.00820	0.01008	0.01795	0.00261	0.63576	0.00547	0.00273	0.00683
24	0.01431	0.17262	0.32569	0.12591	0.02535	0.04240	0.04894	0.06717	0.01403	0.01896	0.01142	0.02875	0.00912	0.00755	0.02689	0.00211	0.04239	0.00502	0.00304	0.00834
25	0.01231	0.01159	0.13286	0.01088	0.01395	0.00829	0.00993	0.04956	0.01518	0.11175	0.15145	0.25259	0.07232	0.01347	0.00727	0.00225	0.00507	0.10660	0.00570	0.00697
26	0.01852	0.01359	0.01524	0.01261	0.01622	0.01502	0.01025	0.45429	0.04992	0.03099	0.01776	0.04193	0.01487	0.03434	0.13938	0.00349	0.00816	0.05403	0.04057	0.00883
27	0.17973	0.06987	0.01801	0.15961	0.02225	0.04672	0.07789	0.12249	0.06420	0.09115	0.05155	0.01669	0.01247	0.00675	0.00568	0.00189	0.00669	0.00546	0.00449	0.03639
28	0.00817	0.00620	0.00881	0.11306	0.01371	0.00627	0.00737	0.00967	0.01200	0.01591	0.03113	0.67218	0.03667	0.01769	0.00772	0.00247	0.00426	0.01603	0.00537	0.00532
29	0.00772	0.00554	0.00728	0.00849	0.00898	0.00516	0.00571	0.00894	0.01237	0.01656	0.09142	0.67833	0.06123	0.03980	0.00854	0.00257	0.00361	0.01683	0.00582	0.00510
30	0.01109	0.00699	0.00925	0.03080	0.01196	0.00656	0.00766	0.01318	0.01421	0.11042	0.08655	0.27394	0.15348	0.01584	0.00775	0.00243	0.00448	0.22131	0.00601	0.00611
31	0.01518	0.26474	0.04658	0.08983	0.05175	0.04816	0.23048	0.01845	0.01300	0.01683	0.01024	0.01368	0.00858	0.00642	0.00827	0.00193	0.13985	0.00529	0.00287	0.00789
32	0.02289	0.01686	0.01813	0.01406	0.01881	0.01862	0.01154	0.68622	0.02844	0.03811	0.01592	0.05257	0.01211	0.00807	0.00632	0.00190	0.00670	0.00621	0.00621	0.01032
33	0.00882	0.00651	0.00945	0.00955	0.01049	0.00739	0.00719	0.01071	0.01005	0.01430	0.01832	0.08166	0.01825	0.12688	0.62022	0.00902	0.01454	0.00775	0.00357	0.00533
34	0.02338	0.01471	0.01671	0.01308	0.01767	0.01563	0.01072	0.46092	0.05784	0.22160	0.01859	0.03970	0.01334	0.00943	0.03485	0.00223	0.00664	0.00624	0.00650	0.01021
35	0.01283	0.06361	0.66786	0.01805	0.02689	0.01500	0.07141	0.01970	0.01324	0.01953	0.01117	0.01327	0.00801	0.00585	0.00594	0.00195	0.00919	0.00474	0.00267	0.00910
36	0.00941	0.00697	0.00790	0.00755	0.00961	0.00630	0.00570	0.01246	0.06161	0.05770	0.26461	0.08626	0.41279	0.01414	0.00726	0.00207	0.00334	0.01204	0.00625	0.00601
37	0.45978	0.01132	0.01272	0.27582	0.02310	0.01332	0.01077	0.01741	0.01171	0.04209	0.01165	0.01693	0.00957	0.00680	0.00509	0.00205	0.00613	0.05319	0.00371	0.00684
38	0.01966	0.01065	0.01423	0.02792	0.09327	0.01022	0.00970	0.07630	0.07569	0.34436	0.18714	0.02772	0.05728	0.00901	0.00655	0.00195	0.00504	0.00764	0.00661	0.00907
39	0.00896	0.00600	0.00683	0.00693	0.00695	0.00597	0.00392	0.00903	0.00926	0.01235	0.02067	0.09251	0.02396	0.72751	0.03004	0.00579	0.00587	0.00967	0.00392	0.00387
40	0.07308	0.08380	0.10839	0.03097	0.03721	0.03167	0.01124	0.14174	0.04702	0.06181	0.01269	0.01385	0.00973	0.00586	0.00522	0.00150	0.00615	0.00447	0.00420	0.30938
41	0.01363	0.01363	0.01908	0.01636	0.01636	0.01908	0.01363	0.01499	0.00954	0.01499	0.00818	0.01363	0.00818	0.01091	0.02045	0.00273	0.76963	0.00545	0.00273	0.00682
42	0.01437	0.01402	0.01364	0.05432	0.09785	0.17997	0.00981	0.06117	0.08966	0.01814	0.02022	0.22256	0.02091	0.14243	0.01091	0.00273	0.00679	0.00920	0.00447	0.00683
43	0.00890	0.00668	0.01001	0.01001	0.01113	0.00779	0.00779	0.01113	0.01001	0.01446	0.01669	0.02448	0.01558	0.04673	0.75634	0.01001	0.01669	0.00668	0.00334	0.00556
44	0.01323	0.01295	0.01828	0.07798	0.01885	0.05371	0.07941	0.03542	0.01137	0.01605	0.01166	0.03360	0.01103	0.05381	0.13981	0.00390	0.39290	0.00622	0.00312	0.00671
45	0.01010	0.04813	0.01021	0.00886	0.01119	0.00848	0.00696	0.01486	0.13784	0.02004	0.16554	0.11895	0.27181	0.01342	0.00707	0.00211	0.00401	0.08811	0.00580	0.04650
46	0.05881	0.26426	0.13709	0.07297	0.02052	0.21004	0.01369	0.01970	0.01348	0.01644	0.00943	0.01184	0.00797	0.00657	0.00716	0.00179	0.11353	0.00418	0.00288	0.00767

[dist]
# distance from previous block
# <min> <max>
0	2

[block]
# block no. 2 follows, 36 sequences, length 13
# corresponding to MSA columns:
# 136-148
name=unknown_C
#
# <colnr> <probs for GDERKNQSTAVLIFYWHMCP>
#	G	D	E	R	K	N	Q	S	T	A	V	L	I	F	Y	W	H	M	C	P
0	0.04807	0.05804	0.20633	0.09977	0.05997	0.10903	0.03580	0.01873	0.01444	0.07702	0.10001	0.07320	0.01720	0.00782	0.00607	0.00188	0.00731	0.00648	0.00400	0.04883
1	0.03701	0.05051	0.01560	0.11777	0.04139	0.01100	0.02531	0.06292	0.01389	0.02064	0.01249	0.05585	0.01085	0.00597	0.00519	0.00134	0.00556	0.00497	0.00377	0.49799
2	0.01161	0.00581	0.00581	0.00581	0.00726	0.00581	0.00436	0.01452	0.01307	0.02323	0.02033	0.02323	0.01597	0.00726	0.00436	0.00145	0.00290	0.00581	0.81562	0.00581
3	0.01304	0.01262	0.02123	0.07783	0.05869	0.01202	0.24975	0.01767	0.06410	0.01979	0.01911	0.02147	0.09562	0.00696	0.00677	0.00178	0.03552	0.00670	0.04807	0.21124
4	0.01654	0.01390	0.01467	0.01289	0.01660	0.01598	0.01011	0.12053	0.64180	0.02774	0.02404	0.02219	0.01795	0.00833	0.00633	0.00208	0.00518	0.00686	0.00633	0.00996
5	0.01354	0.01367	0.01851	0.01589	0.01650	0.05752	0.04416	0.01521	0.01028	0.01515	0.00966	0.01517	0.00927	0.01547	0.12302	0.00367	0.58809	0.00563	0.00286	0.00673
6	0.01047	0.00863	0.05018	0.01002	0.01214	0.00743	0.00848	0.01417	0.06660	0.05646	0.16715	0.16771	0.13928	0.01480	0.00766	0.00238	0.00461	0.23958	0.00593	0.00632
7	0.06615	0.10671	0.01787	0.04177	0.01823	0.35804	0.01100	0.09738	0.01766	0.12597	0.04580	0.01671	0.01255	0.00721	0.00570	0.00174	0.00836	0.02872	0.00440	0.00801
8	0.05348	0.04207	0.09421	0.41338	0.03095	0.01323	0.05177	0.05096	0.01300	0.01772	0.01400	0.01828	0.04917	0.00849	0.00824	0.09769	0.00758	0.00575	0.00316	0.00687
9	0.03438	0.00656	0.00764	0.00792	0.00946	0.00608	0.00604	0.01053	0.01407	0.01857	0.18128	0.12422	0.31188	0.09076	0.00994	0.00264	0.00398	0.14296	0.00573	0.00535
10	0.03768	0.03902	0.01282	0.01073	0.01310	0.07530	0.05853	0.02862	0.01446	0.08848	0.12781	0.16120	0.17317	0.04820	0.04631	0.00266	0.04012	0.01012	0.00518	0.00650
11	0.20243	0.01919	0.01707	0.05980	0.01926	0.25293	0.04309	0.16592	0.01689	0.02333	0.01054	0.01267	0.00837	0.00706	0.00755	0.00194	0.11563	0.00465	0.00389	0.00779
12	0.16257	0.05501	0.10963	0.01304	0.01761	0.01252	0.09726	0.05572	0.01495	0.21223	0.07294	0.07337	0.01673	0.02736	0.00708	0.00209	0.02986	0.00674	0.00502	0.00827

[dist]
# distance from previous block
# <min> <max>
4	17

[block]
# block no. 3 follows, 36 sequences, length 11
# corresponding to MSA columns:
# 172-182
name=unknown_D
#
# <colnr> <probs for GDERKNQSTAVLIFYWHMCP>
#	G	D	E	R	K	N	Q	S	T	A	V	L	I	F	Y	W	H	M	C	P
0	0.10733	0.01161	0.01719	0.30377	0.19117	0.01305	0.01454	0.03980	0.05009	0.02012	0.01602	0.02623	0.01442	0.00829	0.00640	0.00216	0.00698	0.13941	0.00383	0.00761
1	0.05458	0.01958	0.24364	0.11307	0.05987	0.01469	0.24285	0.01841	0.01330	0.01955	0.03399	0.01578	0.01014	0.00632	0.00759	0.00204	0.07540	0.00583	0.00308	0.04031
2	0.82504	0.01205	0.00916	0.00819	0.01205	0.01398	0.00675	0.01832	0.01060	0.02795	0.00868	0.01012	0.00675	0.00578	0.00386	0.00193	0.00482	0.00337	0.00386	0.00675
3	0.00841	0.00669	0.00758	0.00730	0.00920	0.00604	0.00549	0.01138	0.05172	0.02085	0.35599	0.05226	0.40644	0.01408	0.00731	0.00204	0.00315	0.01202	0.00628	0.00576
4	0.02443	0.01625	0.01796	0.01377	0.01872	0.01754	0.01137	0.60043	0.02729	0.16306	0.01664	0.01605	0.01144	0.00752	0.00624	0.00188	0.00658	0.00572	0.00649	0.01060
5	0.26116	0.01122	0.01264	0.01013	0.01445	0.01111	0.00833	0.07747	0.01625	0.43386	0.01890	0.01761	0.01254	0.00710	0.00543	0.00189	0.00512	0.00533	0.06032	0.00915
6	0.00791	0.00580	0.00747	0.00851	0.00932	0.00536	0.00602	0.00942	0.01308	0.01727	0.11614	0.53833	0.13655	0.01807	0.00786	0.00244	0.00366	0.07565	0.00590	0.00524
7	0.01404	0.31182	0.48270	0.01512	0.02289	0.01825	0.01843	0.01933	0.01297	0.01785	0.01025	0.01198	0.00793	0.00570	0.00521	0.00174	0.00826	0.00413	0.00264	0.00876
8	0.00890	0.00597	0.00684	0.00701	0.00705	0.00593	0.00400	0.00902	0.00938	0.01251	0.02128	0.12345	0.02474	0.69551	0.02904	0.00565	0.00577	0.01003	0.00400	0.00392
9	0.01666	0.78478	0.03265	0.01066	0.01599	0.02465	0.01066	0.01866	0.01266	0.01466	0.00866	0.00999	0.00800	0.00533	0.00400	0.00133	0.00666	0.00333	0.00267	0.00800
10	0.01913	0.01868	0.01814	0.09263	0.15152	0.24293	0.01310	0.15985	0.10624	0.04188	0.01460	0.01711	0.01153	0.00707	0.00604	0.00185	0.00798	0.02463	0.03646	0.00865

[dist]
# distance from previous block
# <min> <max>
0	32

[block]
# block no. 4 follows, 36 sequences, length 26
# corresponding to MSA columns:
# 215-240
name=unknown_E
#
# <colnr> <probs for GDERKNQSTAVLIFYWHMCP>
#	G	D	E	R	K	N	Q	S	T	A	V	L	I	F	Y	W	H	M	C	P
0	0.01514	0.01498	0.02698	0.06839	0.58865	0.01493	0.14002	0.01912	0.01420	0.02009	0.01184	0.01571	0.00973	0.00553	0.00638	0.00190	0.00798	0.00586	0.00308	0.00949
1	0.82504	0.01205	0.00916	0.00819	0.01205	0.01398	0.00675	0.01832	0.01060	0.02795	0.00868	0.01012	0.00675	0.00578	0.00386	0.00193	0.00482	0.00337	0.00386	0.00675
2	0.00771	0.00632	0.00674	0.00664	0.00855	0.00541	0.00494	0.00952	0.01474	0.01834	0.19880	0.05667	0.58023	0.03800	0.00809	0.00219	0.00320	0.01265	0.00594	0.00534
3	0.00891	0.00663	0.00977	0.00977	0.01080	0.00766	0.00749	0.01097	0.00994	0.01428	0.01691	0.02570	0.01611	0.10185	0.70194	0.00972	0.01589	0.00685	0.00337	0.00543
4	0.00767	0.00561	0.00722	0.00832	0.00899	0.00516	0.00567	0.00898	0.01271	0.01683	0.10085	0.62583	0.12631	0.01847	0.00783	0.00243	0.00350	0.01659	0.00588	0.00516
5	0.02083	0.00903	0.01218	0.00988	0.01345	0.00794	0.00794	0.02344	0.01776	0.47779	0.29059	0.03064	0.03157	0.00958	0.00667	0.00194	0.00442	0.00813	0.00739	0.00884
6	0.02383	0.01721	0.01855	0.01422	0.01920	0.01896	0.01175	0.69710	0.02889	0.06413	0.01530	0.01518	0.01077	0.00749	0.00623	0.00187	0.00680	0.00563	0.00628	0.01060
7	0.01093	0.00684	0.00900	0.00820	0.01004	0.00624	0.00624	0.01381	0.01766	0.10451	0.66015	0.04375	0.05401	0.01218	0.00723	0.00196	0.00320	0.01072	0.00695	0.00640
8	0.01550	0.01338	0.01409	0.01268	0.01620	0.01550	0.00986	0.03311	0.73091	0.02606	0.02536	0.02325	0.01902	0.00845	0.00634	0.00211	0.00493	0.00704	0.00634	0.00986
9	0.01490	0.01402	0.03796	0.14727	0.45946	0.03083	0.03857	0.01886	0.03566	0.05238	0.01468	0.03570	0.02940	0.03507	0.00722	0.00208	0.00736	0.00623	0.00349	0.00886
10	0.02250	0.01635	0.01769	0.01382	0.01845	0.01798	0.01131	0.63602	0.04678	0.05680	0.01680	0.06641	0.01301	0.00832	0.00635	0.00192	0.00654	0.00648	0.00625	0.01021
11	0.82504	0.01205	0.00916	0.00819	0.01205	0.01398	0.00675	0.01832	0.01060	0.02795	0.00868	0.01012	0.00675	0.00578	0.00386	0.00193	0.00482	0.00337	0.00386	0.00675
12	0.01161	0.00581	0.00581	0.00581	0.00726	0.00581	0.00436	0.01452	0.01307	0.02323	0.02033	0.02323	0.01597	0.00726	0.00436	0.00145	0.00290	0.00581	0.81562	0.00581
13	0.00759	0.00542	0.00723	0.00868	0.00904	0.00506	0.00578	0.00868	0.01193	0.01591	0.03434	0.77697	0.04121	0.01952	0.00795	0.00253	0.00361	0.01771	0.00578	0.00506
14	0.01508	0.01267	0.01371	0.01258	0.01587	0.01446	0.00998	0.06193	0.59412	0.02559	0.02599	0.02972	0.02108	0.00968	0.00667	0.00221	0.00514	0.10798	0.00625	0.00929
15	0.00882	0.00637	0.00833	0.00784	0.00931	0.00588	0.00588	0.01176	0.01764	0.02499	0.73888	0.04654	0.05879	0.01274	0.00735	0.00196	0.00294	0.01127	0.00686	0.00588
16	0.01336	0.01327	0.01856	0.01602	0.01603	0.01846	0.01328	0.01472	0.00965	0.01503	0.00933	0.04736	0.00964	0.01129	0.01990	0.00272	0.73579	0.00599	0.00286	0.00674
17	0.01647	0.75067	0.06511	0.01098	0.01649	0.02419	0.01122	0.01871	0.01268	0.01489	0.00878	0.01014	0.00799	0.00536	0.00408	0.00136	0.00678	0.00339	0.00266	0.00805
18	0.00905	0.00610	0.00711	0.00711	0.00722	0.00621	0.00416	0.00926	0.00915	0.01231	0.01935	0.03919	0.02197	0.70982	0.10199	0.00643	0.00707	0.00883	0.00373	0.00395
19	0.01323	0.16404	0.62332	0.01652	0.02504	0.01625	0.02086	0.01954	0.01307	0.01884	0.01074	0.01260	0.00791	0.00582	0.00558	0.00186	0.00876	0.00438	0.00264	0.00900
20	0.01955	0.01631	0.01631	0.01363	0.01775	0.07113	0.01086	0.32577	0.37996	0.03090	0.01978	0.01884	0.01463	0.00789	0.00624	0.00197	0.00621	0.00621	0.00607	0.00998
21	0.00757	0.00549	0.00716	0.00850	0.00899	0.00508	0.00571	0.00869	0.01209	0.01597	0.03644	0.72468	0.09214	0.01925	0.00791	0.00250	0.00358	0.01738	0.00578	0.00508
22	0.00951	0.00769	0.01232	0.01145	0.01289	0.00881	0.05992	0.01192	0.01034	0.01489	0.01606	0.02349	0.01484	0.04230	0.67290	0.00915	0.04573	0.00668	0.00330	0.00582
23	0.01186	0.00618	0.00635	0.00622	0.00776	0.00628	0.00471	0.03513	0.01342	0.02336	0.02003	0.02303	0.01580	0.00880	0.03356	0.00180	0.00355	0.00584	0.76038	0.00594
24	0.01659	0.06681	0.02705	0.01924	0.02431	0.03951	0.34205	0.15905	0.07146	0.02335	0.01372	0.03139	0.01081	0.00661	0.00748	0.00196	0.06030	0.00643	0.00404	0.06783
25	0.09587	0.06912	0.01516	0.01189	0.03193	0.01467	0.00945	0.26556	0.14089	0.06155	0.05442	0.04155	0.09568	0.00895	0.00606	0.00193	0.00542	0.02415	0.03709	0.00866

[dist]
# distance from previous block
# <min> <max>
0	8

[block]
# block no. 5 follows, 36 sequences, length 14
# corresponding to MSA columns:
# 249-262
name=unknown_F
#
# <colnr> <probs for GDERKNQSTAVLIFYWHMCP>
#	G	D	E	R	K	N	Q	S	T	A	V	L	I	F	Y	W	H	M	C	P
0	0.01146	0.00841	0.01024	0.03337	0.01247	0.00874	0.00761	0.14404	0.04528	0.02108	0.04759	0.40904	0.06372	0.03225	0.04155	0.01799	0.00513	0.04648	0.02714	0.00639
1	0.03262	0.01329	0.09673	0.04413	0.18147	0.01075	0.06408	0.01686	0.03064	0.04653	0.05095	0.14057	0.01752	0.00825	0.00611	0.00180	0.00601	0.00746	0.04796	0.17627
2	0.04986	0.15609	0.56656	0.01608	0.02416	0.04697	0.01979	0.01970	0.01315	0.01907	0.01059	0.01242	0.00786	0.00584	0.00550	0.00185	0.00867	0.00431	0.00272	0.00881
3	0.06492	0.62991	0.13416	0.01153	0.01733	0.02254	0.01220	0.01879	0.01261	0.01619	0.00902	0.01046	0.00791	0.00544	0.00427	0.00146	0.00692	0.00352	0.00273	0.00809
4	0.04202	0.02698	0.50708	0.01815	0.06375	0.01553	0.04591	0.16525	0.01653	0.02410	0.01196	0.01369	0.00858	0.00619	0.00598	0.00195	0.00853	0.00493	0.00346	0.00942
5	0.04618	0.01566	0.01641	0.01327	0.01762	0.04249	0.01073	0.40637	0.21866	0.09230	0.04259	0.01852	0.01471	0.00785	0.00621	0.00194	0.00616	0.00612	0.00623	0.01000
6	0.01696	0.01792	0.02318	0.07726	0.53788	0.18088	0.01742	0.02022	0.01486	0.01894	0.01121	0.01455	0.00936	0.00579	0.00605	0.00181	0.00832	0.00521	0.00309	0.00910
7	0.01250	0.03403	0.01801	0.01478	0.01607	0.01501	0.08132	0.01457	0.01063	0.01602	0.01205	0.04290	0.01143	0.01751	0.16954	0.00400	0.42246	0.00622	0.04697	0.03399
8	0.00810	0.00581	0.00768	0.00833	0.00915	0.00540	0.00582	0.00995	0.01429	0.01966	0.32576	0.47484	0.04848	0.01671	0.00770	0.00229	0.00334	0.01505	0.00623	0.00540
9	0.00800	0.00578	0.00761	0.00862	0.00936	0.00539	0.00608	0.00959	0.01329	0.01785	0.16638	0.55123	0.07829	0.01790	0.00786	0.00243	0.00363	0.06946	0.00598	0.00528
10	0.01363	0.01363	0.01908	0.01636	0.01636	0.01908	0.01363	0.01499	0.00954	0.01499	0.00818	0.01363	0.00818	0.01091	0.02045	0.00273	0.76963	0.00545	0.00273	0.00682
11	0.00757	0.00594	0.00670	0.00727	0.00855	0.00523	0.00508	0.00885	0.01296	0.01615	0.04890	0.33960	0.41744	0.06905	0.00924	0.00254	0.00353	0.01466	0.00565	0.00508
12	0.02135	0.01630	0.01701	0.01343	0.01788	0.04875	0.01095	0.54872	0.06809	0.03457	0.01559	0.01617	0.01149	0.00944	0.04562	0.00224	0.00715	0.00562	0.04961	0.04002
13	0.01400	0.01358	0.01216	0.01159	0.01386	0.16492	0.00856	0.02106	0.26551	0.01912	0.02301	0.22316	0.02236	0.06878	0.05915	0.00289	0.00675	0.00927	0.00506	0.03521

[dist]
# distance from previous block
# <min> <max>
0	3

[block]
# block no. 6 follows, 36 sequences, length 47
# corresponding to MSA columns:
# 266-286,289-314
name=unknown_G
#
# <colnr> <probs for GDERKNQSTAVLIFYWHMCP>
#	G	D	E	R	K	N	Q	S	T	A	V	L	I	F	Y	W	H	M	C	P
0	0.01228	0.01202	0.02032	0.26578	0.04602	0.03515	0.18364	0.01584	0.01338	0.01746	0.01914	0.07547	0.04991	0.00966	0.00818	0.00229	0.06662	0.13615	0.00376	0.00694
1	0.03790	0.01627	0.10010	0.01864	0.02469	0.01332	0.35129	0.04007	0.01427	0.03908	0.01213	0.01502	0.00930	0.00542	0.00655	0.00173	0.02826	0.00570	0.00348	0.25675
2	0.00777	0.00556	0.00712	0.00829	0.00871	0.00520	0.00546	0.00874	0.01169	0.01546	0.03410	0.63816	0.07974	0.11937	0.01104	0.00297	0.00391	0.01631	0.00552	0.00490
3	0.01689	0.58946	0.02735	0.01075	0.01532	0.11715	0.01005	0.01895	0.01336	0.01581	0.01025	0.01181	0.00900	0.00571	0.00425	0.00138	0.00679	0.00373	0.10437	0.00762
4	0.01818	0.04142	0.01279	0.00989	0.01311	0.00951	0.00789	0.10337	0.01831	0.29890	0.30322	0.03128	0.03208	0.06177	0.00831	0.00219	0.00466	0.00822	0.00673	0.00818
5	0.01128	0.00692	0.00906	0.00821	0.01014	0.00629	0.00627	0.01409	0.01753	0.11948	0.61887	0.04373	0.07942	0.01219	0.00721	0.00196	0.00326	0.01068	0.00693	0.00648
6	0.01233	0.01183	0.02053	0.64361	0.11440	0.01406	0.06243	0.01651	0.01278	0.01664	0.01124	0.01650	0.00854	0.00610	0.00629	0.00205	0.00835	0.00565	0.00283	0.00732
7	0.01082	0.00541	0.00812	0.00812	0.00812	0.00541	0.00541	0.00812	0.00812	0.01082	0.01082	0.01894	0.01082	0.02165	0.02435	0.81872	0.00541	0.00541	0.00271	0.00271
8	0.02327	0.02970	0.01766	0.01605	0.01926	0.75602	0.01204	0.02488	0.01766	0.01525	0.00963	0.01124	0.00803	0.00642	0.00562	0.00161	0.01124	0.00401	0.00321	0.00722
9	0.01175	0.00979	0.01185	0.04119	0.01446	0.00822	0.00756	0.03559	0.01354	0.01997	0.06643	0.15248	0.05171	0.00859	0.00595	0.00144	0.01999	0.00728	0.00439	0.50783
10	0.11016	0.01299	0.05838	0.01160	0.01592	0.01204	0.00987	0.15602	0.08990	0.32042	0.04304	0.09700	0.01743	0.00879	0.00619	0.00200	0.00550	0.00713	0.00634	0.00930
11	0.02327	0.02970	0.01766	0.01605	0.01926	0.75602	0.01204	0.02488	0.01766	0.01525	0.00963	0.01124	0.00803	0.00642	0.00562	0.00161	0.01124	0.00401	0.00321	0.00722
12	0.01471	0.01681	0.03676	0.02626	0.03256	0.01576	0.71954	0.01996	0.01471	0.01996	0.01261	0.01681	0.00945	0.00525	0.00735	0.00210	0.01050	0.00735	0.00315	0.00840
13	0.01790	0.64352	0.02984	0.01167	0.01660	0.16148	0.01092	0.01982	0.01359	0.01477	0.00884	0.01023	0.00800	0.00553	0.00430	0.00138	0.00752	0.00346	0.00277	0.00785
14	0.01250	0.03223	0.74875	0.01776	0.02697	0.01447	0.02302	0.01973	0.01315	0.01973	0.01118	0.01315	0.00789	0.00592	0.00592	0.00197	0.00921	0.00460	0.00263	0.00921
15	0.00837	0.00635	0.00770	0.00736	0.00903	0.00569	0.00552	0.01088	0.01657	0.02244	0.52831	0.05072	0.27094	0.01369	0.00735	0.00200	0.00301	0.01185	0.00652	0.00569
16	0.02157	0.00911	0.01224	0.00996	0.01359	0.00801	0.00799	0.02406	0.01726	0.50369	0.19616	0.06944	0.02727	0.00956	0.00654	0.00195	0.00454	0.00808	0.04001	0.00897
17	0.01217	0.00634	0.00640	0.00620	0.00781	0.00642	0.00470	0.04681	0.01381	0.02396	0.02008	0.02285	0.01572	0.00727	0.00444	0.00147	0.00308	0.00580	0.77864	0.00603
18	0.01957	0.01252	0.01430	0.01205	0.01597	0.01338	0.00959	0.10774	0.39307	0.23787	0.07512	0.02339	0.01988	0.00843	0.00638	0.00202	0.00511	0.00696	0.00677	0.00988
19	0.02385	0.01719	0.01853	0.01421	0.01919	0.01893	0.01174	0.69466	0.02885	0.06662	0.01533	0.01520	0.01078	0.00749	0.00623	0.00187	0.00680	0.00563	0.00629	0.01060
20	0.01209	0.00967	0.01358	0.26055	0.02286	0.01080	0.01165	0.10753	0.03783	0.02080	0.08215	0.15426	0.02565	0.01202	0.00723	0.00232	0.00614	0.19114	0.00494	0.00680
21	0.01556	0.01541	0.02808	0.07586	0.42367	0.01537	0.24145	0.06893	0.01532	0.02131	0.01219	0.01590	0.00970	0.00563	0.00655	0.00194	0.00840	0.00613	0.00331	0.00928
22	0.01898	0.01684	0.01857	0.17691	0.04872	0.11372	0.01342	0.32145	0.06138	0.02649	0.01302	0.01514	0.00991	0.00752	0.00805	0.00201	0.10911	0.00545	0.00453	0.00880
23	0.02055	0.34670	0.02416	0.01349	0.01789	0.32568	0.01142	0.13697	0.01746	0.01896	0.01010	0.01132	0.00844	0.00613	0.00503	0.00153	0.00858	0.00399	0.00348	0.00811
24	0.01326	0.02059	0.30553	0.02337	0.24790	0.02904	0.07944	0.01828	0.01422	0.02020	0.07676	0.02285	0.01591	0.00750	0.00651	0.00203	0.00790	0.07654	0.00351	0.00866
25	0.00854	0.00629	0.00798	0.00770	0.00917	0.00574	0.00572	0.01116	0.01675	0.02323	0.59723	0.10405	0.14597	0.01365	0.00740	0.00202	0.00302	0.01200	0.00664	0.00574
26	0.01028	0.00761	0.00965	0.00978	0.01065	0.00820	0.00716	0.07093	0.01323	0.01835	0.05405	0.40893	0.03097	0.09792	0.03258	0.00300	0.08844	0.05301	0.05954	0.00572
27	0.00751	0.00600	0.00673	0.00722	0.00868	0.00521	0.00516	0.00897	0.01353	0.01684	0.08135	0.31657	0.46036	0.01699	0.00757	0.00225	0.00331	0.01471	0.00583	0.00521
28	0.00904	0.00612	0.00721	0.00721	0.00736	0.00627	0.00429	0.00933	0.00918	0.01239	0.01925	0.03866	0.02174	0.68601	0.12549	0.00655	0.00742	0.00875	0.00372	0.00401
29	0.01666	0.78478	0.03265	0.01066	0.01599	0.02465	0.01066	0.01866	0.01266	0.01466	0.00866	0.00999	0.00800	0.00533	0.00400	0.00133	0.00666	0.00333	0.00267	0.00800
30	0.00748	0.00632	0.00647	0.00643	0.00848	0.00531	0.00482	0.00916	0.01447	0.01746	0.11540	0.05892	0.68696	0.01554	0.00736	0.00209	0.00314	0.01300	0.00587	0.00531
31	0.64150	0.01291	0.01111	0.00942	0.01353	0.01464	0.00777	0.14109	0.01425	0.06992	0.01065	0.01158	0.00790	0.00619	0.00440	0.00192	0.00520	0.00392	0.00448	0.00763
32	0.00907	0.00662	0.00975	0.00975	0.01089	0.00767	0.00758	0.01133	0.01020	0.01500	0.01691	0.02440	0.01560	0.04430	0.71012	0.00949	0.01584	0.00662	0.05326	0.00558
33	0.00844	0.00642	0.00784	0.00794	0.00956	0.00583	0.00614	0.01080	0.01561	0.02065	0.35331	0.09564	0.28958	0.01488	0.00759	0.00219	0.00350	0.12225	0.00625	0.00560
34	0.02247	0.01662	0.01788	0.01396	0.01863	0.01838	0.01143	0.65504	0.05551	0.03745	0.01644	0.05770	0.01263	0.00819	0.00633	0.00192	0.00660	0.00634	0.00621	0.01026
35	0.02188	0.04002	0.01803	0.01336	0.01837	0.01751	0.01104	0.55325	0.05452	0.06189	0.01503	0.01510	0.01086	0.00708	0.00596	0.00174	0.00642	0.00537	0.00585	0.11674
36	0.01596	0.14216	0.32355	0.04189	0.16138	0.01549	0.01735	0.02172	0.06669	0.11559	0.01370	0.01501	0.01012	0.00619	0.00575	0.00186	0.00760	0.00501	0.00367	0.00931
37	0.01292	0.01107	0.01292	0.00923	0.01477	0.00831	0.00738	0.01569	0.01292	0.02030	0.01107	0.01292	0.00923	0.00461	0.00461	0.00092	0.00461	0.00369	0.00369	0.81912
38	0.01206	0.01000	0.01072	0.00974	0.01220	0.03747	0.00748	0.06586	0.22322	0.02462	0.35159	0.03849	0.14877	0.01139	0.00692	0.00201	0.00412	0.00969	0.00636	0.00730
39	0.01328	0.05329	0.64100	0.01879	0.06479	0.01471	0.04905	0.01996	0.01338	0.03886	0.01154	0.01353	0.00826	0.00590	0.00594	0.00195	0.00898	0.00477	0.00281	0.00921
40	0.00890	0.00851	0.06946	0.00843	0.01064	0.00650	0.00713	0.01199	0.01674	0.02331	0.57600	0.04581	0.15784	0.01263	0.00723	0.00198	0.00349	0.01100	0.00635	0.00606
41	0.00764	0.00544	0.00722	0.00861	0.00896	0.00509	0.00572	0.00869	0.01183	0.01578	0.03385	0.75247	0.04059	0.04486	0.00874	0.00265	0.00370	0.01742	0.00572	0.00502
42	0.01299	0.01586	0.12444	0.38958	0.09696	0.01464	0.20061	0.01774	0.01321	0.01785	0.01147	0.01601	0.00868	0.00599	0.00684	0.00207	0.02844	0.00588	0.00287	0.00787
43	0.01505	0.01378	0.01965	0.04602	0.38758	0.01472	0.01460	0.02459	0.31836	0.02253	0.01941	0.02044	0.04096	0.00718	0.00629	0.00198	0.00622	0.00647	0.00456	0.00961
44	0.28148	0.01156	0.01581	0.48411	0.06223	0.01393	0.01388	0.01685	0.01192	0.02010	0.01031	0.01441	0.00786	0.00605	0.00544	0.00202	0.00711	0.00482	0.00314	0.00699
45	0.01349	0.01289	0.02094	0.19438	0.20105	0.01318	0.10681	0.01700	0.01306	0.01869	0.01172	0.01647	0.00980	0.00625	0.00739	0.00180	0.08248	0.02348	0.00322	0.22590
46	0.01855	0.01539	0.01744	0.04850	0.11380	0.04507	0.01210	0.30184	0.27188	0.02929	0.01860	0.04861	0.01450	0.00796	0.00631	0.00198	0.00635	0.00653	0.00558	0.00973

[dist]
# distance from previous block
# <min> <max>
1	7

[block]
# block no. 7 follows, 36 sequences, length 10
# corresponding to MSA columns:
# 322-331
name=unknown_H
#
# <colnr> <probs for GDERKNQSTAVLIFYWHMCP>
#	G	D	E	R	K	N	Q	S	T	A	V	L	I	F	Y	W	H	M	C	P
0	0.03602	0.09319	0.35589	0.01831	0.10452	0.16175	0.01743	0.04015	0.05635	0.04257	0.01200	0.01357	0.00908	0.00617	0.00571	0.00183	0.00864	0.00467	0.00330	0.00884
1	0.01237	0.00857	0.00998	0.00906	0.01133	0.00840	0.00688	0.12907	0.04321	0.07632	0.24214	0.16001	0.19948	0.04444	0.00814	0.00224	0.00411	0.01121	0.00625	0.00678
2	0.01350	0.01214	0.01652	0.17915	0.02147	0.04286	0.04674	0.09534	0.01355	0.01871	0.01458	0.01945	0.04085	0.03675	0.13411	0.00356	0.20743	0.00611	0.04548	0.03166
3	0.01633	0.01641	0.02148	0.10446	0.44199	0.13207	0.01619	0.06143	0.04510	0.02025	0.01498	0.01769	0.05102	0.00657	0.00617	0.00186	0.00773	0.00580	0.00355	0.00893
4	0.73378	0.01266	0.01024	0.00889	0.01288	0.01459	0.00733	0.09839	0.01273	0.02924	0.00939	0.01067	0.00719	0.00598	0.00413	0.00192	0.00505	0.00363	0.00413	0.00719
5	0.00774	0.00549	0.00718	0.00848	0.00881	0.00516	0.00558	0.00872	0.01163	0.01551	0.03283	0.70119	0.03930	0.09791	0.01040	0.00289	0.00386	0.01682	0.00558	0.00493
6	0.02042	0.01542	0.01641	0.01323	0.01753	0.01722	0.01072	0.46996	0.23124	0.03426	0.01837	0.01797	0.01343	0.00775	0.00613	0.00191	0.00601	0.00604	0.06597	0.01003
7	0.01611	0.68570	0.12693	0.01160	0.01744	0.02331	0.01229	0.01880	0.01273	0.01533	0.00899	0.01041	0.00798	0.00541	0.00425	0.00142	0.00700	0.00350	0.00266	0.00816
8	0.00802	0.00627	0.00726	0.00716	0.00885	0.00551	0.00532	0.01015	0.01552	0.02031	0.35524	0.11095	0.38765	0.01475	0.00740	0.00207	0.00310	0.01269	0.00625	0.00551
9	0.02458	0.01035	0.01376	0.01103	0.01532	0.00935	0.00905	0.02833	0.07737	0.59532	0.07236	0.02596	0.01980	0.00867	0.00648	0.00200	0.00514	0.04776	0.00742	0.00994

[dist]
# distance from previous block
# <min> <max>
7	8

[block]
# block no. 8 follows, 36 sequences, length 40
# corresponding to MSA columns:
# 345-372,374,375,382-391
name=unknown_I
#
# <colnr> <probs for GDERKNQSTAVLIFYWHMCP>
#	G	D	E	R	K	N	Q	S	T	A	V	L	I	F	Y	W	H	M	C	P
0	0.00780	0.00590	0.00723	0.00795	0.00904	0.00532	0.00564	0.00938	0.01356	0.01766	0.14967	0.42662	0.25152	0.01729	0.00771	0.00233	0.00345	0.04072	0.00595	0.00527
1	0.00826	0.00587	0.00687	0.00738	0.00785	0.00557	0.00464	0.00891	0.01092	0.01421	0.03200	0.30354	0.14767	0.38606	0.01931	0.00415	0.00471	0.01279	0.00482	0.00447
2	0.08177	0.01158	0.01464	0.01131	0.01608	0.01079	0.00934	0.11837	0.01881	0.60657	0.02226	0.01965	0.01421	0.00755	0.00610	0.00192	0.00547	0.00598	0.00726	0.01034
3	0.02180	0.01546	0.01687	0.01293	0.01775	0.01641	0.01062	0.54236	0.02544	0.08008	0.01540	0.01562	0.01106	0.00711	0.00591	0.00173	0.00622	0.00542	0.05759	0.11422
4	0.28844	0.52499	0.02475	0.00983	0.01467	0.02106	0.00935	0.01854	0.01197	0.01913	0.00867	0.01004	0.00758	0.00548	0.00395	0.00153	0.00604	0.00335	0.00307	0.00758
5	0.01210	0.00991	0.01116	0.01088	0.01310	0.01091	0.00815	0.02244	0.40600	0.02234	0.09077	0.28006	0.03044	0.01280	0.00704	0.00226	0.00434	0.03136	0.00618	0.00778
6	0.01504	0.31112	0.02097	0.01177	0.01460	0.10109	0.01007	0.04221	0.01291	0.01638	0.01325	0.09130	0.01302	0.03243	0.06070	0.00251	0.15276	0.00593	0.06491	0.00703
7	0.82504	0.01205	0.00916	0.00819	0.01205	0.01398	0.00675	0.01832	0.01060	0.02795	0.00868	0.01012	0.00675	0.00578	0.00386	0.00193	0.00482	0.00337	0.00386	0.00675
8	0.01832	0.00933	0.01201	0.01026	0.01351	0.00879	0.00828	0.04935	0.08153	0.33547	0.24490	0.03521	0.05296	0.01055	0.00688	0.00206	0.00459	0.08059	0.00701	0.00842
9	0.00805	0.00631	0.00728	0.00711	0.00885	0.00554	0.00530	0.01024	0.01571	0.02058	0.37562	0.08020	0.39794	0.01451	0.00738	0.00205	0.00307	0.01244	0.00628	0.00554
10	0.01673	0.01843	0.01516	0.01377	0.01569	0.33666	0.01060	0.05068	0.01409	0.01588	0.01220	0.01747	0.01122	0.07372	0.20854	0.00436	0.14943	0.00541	0.00334	0.00662
11	0.00857	0.00649	0.00804	0.00839	0.00997	0.00596	0.00663	0.01089	0.01514	0.01981	0.26449	0.11567	0.27814	0.01552	0.00775	0.00230	0.00383	0.20075	0.00611	0.00557
12	0.01082	0.00541	0.00812	0.00812	0.00812	0.00541	0.00541	0.00812	0.00812	0.01082	0.01082	0.01894	0.01082	0.02165	0.02435	0.81872	0.00541	0.00541	0.00271	0.00271
13	0.01666	0.78478	0.03265	0.01066	0.01599	0.02465	0.01066	0.01866	0.01266	0.01466	0.00866	0.00999	0.00800	0.00533	0.00400	0.00133	0.00666	0.00333	0.00267	0.00800
14	0.01184	0.01099	0.01842	0.67277	0.07817	0.01341	0.01688	0.01587	0.01269	0.01635	0.01269	0.02041	0.01037	0.00698	0.00640	0.00212	0.00807	0.05557	0.00300	0.00699
15	0.01177	0.01107	0.01869	0.76606	0.04291	0.01384	0.01730	0.01592	0.01246	0.01592	0.01107	0.01661	0.00831	0.00623	0.00623	0.00208	0.00831	0.00554	0.00277	0.00692
16	0.04720	0.00990	0.01353	0.01273	0.05640	0.00967	0.04973	0.09440	0.03333	0.18298	0.15010	0.17155	0.04599	0.01165	0.00701	0.00215	0.00513	0.08274	0.00607	0.00776
17	0.23905	0.01649	0.01632	0.01364	0.04378	0.05310	0.01075	0.47303	0.02315	0.03438	0.01289	0.01349	0.00941	0.00690	0.00556	0.00187	0.00654	0.00493	0.00533	0.00937
18	0.01582	0.12022	0.04512	0.01734	0.17298	0.12000	0.01179	0.07842	0.06121	0.04128	0.20584	0.02281	0.02305	0.00795	0.00607	0.00177	0.00640	0.00658	0.00464	0.03072
19	0.01153	0.00890	0.01092	0.01183	0.06393	0.00923	0.00786	0.10464	0.11837	0.02030	0.02817	0.40918	0.05181	0.10106	0.01003	0.00272	0.00475	0.01261	0.00550	0.00668
20	0.01310	0.01171	0.01445	0.01100	0.01516	0.01099	0.00894	0.01552	0.01208	0.01898	0.01035	0.01310	0.00897	0.00618	0.00855	0.00137	0.19490	0.00413	0.00345	0.61707
21	0.01282	0.00765	0.00901	0.00805	0.01008	0.00791	0.03870	0.09082	0.01462	0.02403	0.01906	0.02215	0.01505	0.01070	0.07159	0.00229	0.00491	0.00593	0.61820	0.00642
22	0.00837	0.00655	0.00884	0.02930	0.01104	0.00625	0.03161	0.01065	0.04616	0.01726	0.08331	0.53885	0.14403	0.01713	0.00768	0.00238	0.00393	0.01541	0.00571	0.00554
23	0.05031	0.02994	0.66060	0.04436	0.02706	0.01447	0.04918	0.01954	0.01307	0.01999	0.01112	0.01328	0.00791	0.00590	0.00589	0.00198	0.00902	0.00469	0.00271	0.00898
24	0.00759	0.00542	0.00723	0.00868	0.00904	0.00506	0.00578	0.00868	0.01193	0.01591	0.03434	0.77697	0.04121	0.01952	0.00795	0.00253	0.00361	0.01771	0.00578	0.00506
25	0.01648	0.01241	0.01343	0.03179	0.01588	0.03926	0.00953	0.11174	0.33699	0.11260	0.04850	0.03091	0.11326	0.00995	0.00665	0.00210	0.00531	0.06823	0.00618	0.00880
26	0.07763	0.01347	0.01461	0.01234	0.01639	0.01484	0.00985	0.15212	0.41897	0.16705	0.02219	0.02046	0.01597	0.00795	0.00613	0.00202	0.00533	0.00638	0.00641	0.00991
27	0.08222	0.07412	0.04344	0.01343	0.01697	0.34504	0.01082	0.07230	0.04221	0.05393	0.01362	0.07835	0.01204	0.00912	0.03319	0.00206	0.03600	0.00557	0.00398	0.05158
28	0.01780	0.01337	0.01530	0.10865	0.01933	0.03142	0.01034	0.32494	0.02009	0.06105	0.01582	0.06536	0.01313	0.05305	0.00743	0.00198	0.00620	0.00621	0.04580	0.16272
29	0.01383	0.01717	0.17611	0.15477	0.02383	0.06738	0.08002	0.08247	0.01418	0.01954	0.01306	0.01745	0.01059	0.04010	0.10438	0.00314	0.06233	0.00565	0.06699	0.02702
30	0.13863	0.13285	0.01840	0.01229	0.01687	0.01834	0.01036	0.42492	0.07105	0.03206	0.01409	0.01452	0.01051	0.00696	0.00545	0.00179	0.00618	0.00504	0.05038	0.00932
31	0.01702	0.01468	0.02159	0.01649	0.02138	0.01499	0.22310	0.17914	0.22210	0.05451	0.04385	0.01905	0.01446	0.00696	0.00645	0.00190	0.00694	0.00655	0.00512	0.10372
32	0.00790	0.00574	0.00700	0.00782	0.00845	0.00533	0.00516	0.00889	0.01187	0.01548	0.05501	0.46905	0.16304	0.18398	0.01299	0.00320	0.00404	0.01484	0.00538	0.00484
33	0.02152	0.02527	0.01836	0.01844	0.11188	0.53350	0.01272	0.07513	0.08950	0.01872	0.01186	0.01325	0.00955	0.00659	0.00581	0.00171	0.00980	0.00463	0.00373	0.00807
34	0.02246	0.01684	0.01801	0.01409	0.01886	0.01875	0.01155	0.61849	0.13419	0.03729	0.01651	0.01620	0.01186	0.00763	0.00625	0.00191	0.00657	0.00582	0.00625	0.01049
35	0.00769	0.00632	0.00677	0.00666	0.00862	0.00540	0.00499	0.00958	0.01498	0.01868	0.21671	0.05691	0.58489	0.01509	0.00736	0.00207	0.00311	0.01272	0.00603	0.00540
36	0.01501	0.01663	0.07880	0.02825	0.26344	0.01492	0.37970	0.02021	0.04102	0.03911	0.03192	0.01723	0.01128	0.00577	0.00680	0.00200	0.00886	0.00664	0.00343	0.00898
37	0.00776	0.00574	0.00732	0.00836	0.00914	0.00521	0.00570	0.00901	0.01242	0.01642	0.05769	0.64049	0.13052	0.01839	0.00776	0.00241	0.00357	0.01651	0.00575	0.02984
38	0.01939	0.15503	0.01956	0.01427	0.01745	0.39067	0.01143	0.07614	0.04255	0.01732	0.01104	0.01337	0.00942	0.01101	0.08444	0.00258	0.08884	0.00456	0.00343	0.00751
39	0.05026	0.00823	0.03126	0.02706	0.01206	0.00722	0.00740	0.01528	0.01592	0.15687	0.34506	0.12134	0.11577	0.01243	0.00705	0.00208	0.00403	0.04756	0.00636	0.00676

[dist]
# distance from previous block
# <min> <max>
0	1

[block]
# block no. 9 follows, 36 sequences, length 33
# corresponding to MSA columns:
# 393-413,417-428
name=unknown_J
#
# <colnr> <probs for GDERKNQSTAVLIFYWHMCP>
#	G	D	E	R	K	N	Q	S	T	A	V	L	I	F	Y	W	H	M	C	P
0	0.02110	0.24411	0.04270	0.01451	0.01855	0.50110	0.01195	0.04741	0.01652	0.01605	0.00959	0.01107	0.00810	0.00613	0.00519	0.00155	0.00972	0.00389	0.00314	0.00762
1	0.01362	0.01563	0.06948	0.23336	0.03431	0.01478	0.45888	0.01839	0.01376	0.01849	0.01203	0.01663	0.00909	0.00614	0.00756	0.03075	0.00964	0.00662	0.00300	0.00783
2	0.01064	0.00884	0.00939	0.00885	0.01132	0.00906	0.00675	0.01823	0.27405	0.02140	0.13281	0.05961	0.35244	0.01253	0.00690	0.00208	0.00377	0.01055	0.03375	0.00702
3	0.00804	0.00632	0.00716	0.00696	0.00871	0.00555	0.00516	0.01010	0.01537	0.01995	0.33755	0.05359	0.42823	0.04964	0.00847	0.00223	0.00320	0.01219	0.00613	0.00544
4	0.00905	0.00610	0.00708	0.00708	0.00718	0.00620	0.00413	0.00924	0.00915	0.01229	0.01937	0.03933	0.02202	0.71596	0.09593	0.00639	0.00698	0.00885	0.00374	0.00393
5	0.74506	0.01190	0.00969	0.00848	0.01244	0.01349	0.00699	0.01952	0.01133	0.10005	0.01027	0.01123	0.00762	0.00598	0.00410	0.00193	0.00487	0.00366	0.00424	0.00713
6	0.05788	0.01066	0.01426	0.01098	0.01576	0.00934	0.00907	0.02991	0.01756	0.71951	0.02398	0.02079	0.01510	0.00764	0.00618	0.00193	0.00528	0.00616	0.00757	0.01046
7	0.37398	0.01481	0.01352	0.01138	0.01549	0.05032	0.00921	0.23965	0.16392	0.03049	0.01408	0.01436	0.01051	0.00688	0.00518	0.00193	0.00577	0.00485	0.00507	0.00860
8	0.01495	0.01445	0.02503	0.12467	0.62572	0.01473	0.05135	0.01878	0.01400	0.01981	0.01168	0.01563	0.00966	0.00562	0.00623	0.00189	0.00765	0.00563	0.00305	0.00945
9	0.01572	0.07699	0.14634	0.04736	0.02324	0.14451	0.17303	0.04289	0.01377	0.01781	0.01083	0.02886	0.00912	0.00749	0.01001	0.00210	0.21347	0.00558	0.00307	0.00783
10	0.82504	0.01205	0.00916	0.00819	0.01205	0.01398	0.00675	0.01832	0.01060	0.02795	0.00868	0.01012	0.00675	0.00578	0.00386	0.00193	0.00482	0.00337	0.00386	0.00675
11	0.01246	0.01129	0.01069	0.01003	0.01249	0.08737	0.00761	0.04666	0.22918	0.02052	0.07980	0.07478	0.25842	0.06829	0.00870	0.00238	0.00502	0.04171	0.00562	0.00700
