[name]
unknown

[dist]
# distance from previous block
# <min> <max>
14	83

[block]
# block no. 0 follows, 43 sequences, length 11
# corresponding to MSA columns:
# 113-123
name=unknown_A
#
# <colnr> <probs for GDERKNQSTAVLIFYWHMCP>
#	G	D	E	R	K	N	Q	S	T	A	V	L	I	F	Y	W	H	M	C	P
0	0.06434	0.03844	0.03978	0.14720	0.11029	0.15715	0.06954	0.04657	0.03015	0.01688	0.02530	0.06981	0.02761	0.00700	0.00670	0.00176	0.08857	0.00559	0.02195	0.02536
1	0.08335	0.05953	0.06365	0.04300	0.10918	0.06500	0.43246	0.04400	0.01313	0.01834	0.01043	0.01342	0.00803	0.00494	0.00576	0.00175	0.00823	0.00544	0.00289	0.00747
2	0.05827	0.00778	0.03199	0.00824	0.01037	0.00719	0.00650	0.03836	0.04685	0.10829	0.20848	0.14139	0.09113	0.05872	0.11362	0.00297	0.00532	0.00859	0.00496	0.04096
3	0.03422	0.00741	0.00793	0.00755	0.00926	0.02771	0.00559	0.03231	0.12017	0.01883	0.27255	0.10464	0.23470	0.08268	0.00823	0.00215	0.00356	0.00974	0.00526	0.00552
4	0.28275	0.01162	0.01506	0.16553	0.13112	0.04018	0.07328	0.05665	0.01240	0.09304	0.01252	0.04526	0.02616	0.00610	0.00500	0.00175	0.00593	0.00504	0.00362	0.00701
5	0.08473	0.00958	0.01258	0.31166	0.02166	0.01102	0.01010	0.10256	0.09857	0.04577	0.01478	0.08340	0.01282	0.07643	0.00791	0.03056	0.00565	0.00613	0.04770	0.00638
6	0.01512	0.01106	0.01422	0.23497	0.02079	0.06637	0.03989	0.12001	0.01470	0.15573	0.08051	0.01806	0.01376	0.00803	0.03424	0.00198	0.04526	0.00552	0.09274	0.00704
7	0.07260	0.01053	0.01307	0.05863	0.04239	0.01066	0.00886	0.13919	0.10461	0.37213	0.03868	0.04206	0.01433	0.03903	0.00641	0.00189	0.00502	0.00586	0.00565	0.00840
8	0.00840	0.00658	0.00857	0.00862	0.00955	0.03908	0.00648	0.00986	0.00935	0.01277	0.01753	0.09265	0.04744	0.07756	0.56048	0.05816	0.01195	0.00700	0.00323	0.00471
9	0.01717	0.01249	0.01281	0.01054	0.01383	0.06333	0.00846	0.36360	0.09151	0.08498	0.01775	0.01816	0.05189	0.00917	0.05276	0.00206	0.00582	0.00551	0.15028	0.00789
10	0.01579	0.01290	0.01372	0.05317	0.01628	0.03610	0.00950	0.20995	0.47602	0.04706	0.01987	0.01887	0.03107	0.00727	0.00561	0.00180	0.00511	0.00589	0.00539	0.00865

[dist]
# distance from previous block
# <min> <max>
1	5

[block]
# block no. 1 follows, 43 sequences, length 14
# corresponding to MSA columns:
# 129-142
name=unknown_B
#
# <colnr> <probs for GDERKNQSTAVLIFYWHMCP>
#	G	D	E	R	K	N	Q	S	T	A	V	L	I	F	Y	W	H	M	C	P
0	0.03696	0.00746	0.00857	0.00773	0.00986	0.00727	0.00593	0.06293	0.08301	0.07920	0.26927	0.03671	0.22125	0.06983	0.02703	0.00222	0.00389	0.02696	0.00537	0.02854
1	0.00847	0.00653	0.00872	0.10109	0.01212	0.00672	0.00657	0.03141	0.01240	0.01695	0.27326	0.06538	0.11834	0.12570	0.15600	0.00361	0.00606	0.00848	0.00445	0.02775
2	0.01522	0.75317	0.02808	0.00982	0.01442	0.07594	0.00956	0.01698	0.01157	0.01307	0.00776	0.00896	0.00711	0.00481	0.00366	0.00120	0.00621	0.00300	0.00240	0.00706
3	0.01351	0.00716	0.00890	0.00767	0.01008	0.00642	0.00593	0.03752	0.01464	0.26703	0.25551	0.03577	0.22009	0.07511	0.00795	0.00206	0.00368	0.00867	0.00586	0.00644
4	0.84448	0.01071	0.00814	0.00728	0.01071	0.01242	0.00600	0.01628	0.00943	0.02485	0.00771	0.00900	0.00600	0.00514	0.00343	0.00171	0.00428	0.00300	0.00343	0.00600
5	0.01307	0.01494	0.03268	0.02334	0.02894	0.01401	0.75070	0.01774	0.01307	0.01774	0.01120	0.01494	0.00840	0.00467	0.00654	0.00187	0.00934	0.00654	0.00280	0.00747
6	0.01148	0.00984	0.01148	0.00820	0.01312	0.00738	0.00656	0.01395	0.01148	0.01805	0.00984	0.01148	0.00820	0.00410	0.00410	0.00082	0.00410	0.00328	0.00328	0.83922
7	0.01375	0.01176	0.01238	0.01107	0.01420	0.01350	0.00863	0.05852	0.69580	0.02328	0.02370	0.02186	0.05119	0.00778	0.00567	0.00187	0.00438	0.00646	0.00561	0.00861
8	0.01604	0.01068	0.01256	0.00935	0.01385	0.00937	0.00754	0.16028	0.01511	0.18113	0.01336	0.01438	0.01008	0.03703	0.00565	0.00135	0.00467	0.00429	0.00448	0.46881
9	0.01952	0.01172	0.06524	0.03200	0.03410	0.03408	0.06203	0.07023	0.04533	0.44124	0.02038	0.09061	0.03238	0.00763	0.00576	0.00178	0.00545	0.00652	0.00559	0.00841
10	0.01857	0.01428	0.01522	0.01224	0.01623	0.01601	0.00993	0.50566	0.27677	0.03090	0.01645	0.01581	0.01197	0.00694	0.00557	0.00174	0.00551	0.00542	0.00557	0.00920
11	0.01212	0.01212	0.01696	0.01454	0.01454	0.01696	0.01212	0.01333	0.00848	0.01333	0.00727	0.01212	0.00727	0.00969	0.01818	0.00242	0.79523	0.00485	0.00242	0.00606
12	0.01148	0.00984	0.01148	0.00820	0.01312	0.00738	0.00656	0.01395	0.01148	0.01805	0.00984	0.01148	0.00820	0.00410	0.00410	0.00082	0.00410	0.00328	0.00328	0.83922
13	0.01234	0.01893	0.26544	0.01991	0.02565	0.01400	0.43213	0.01715	0.01209	0.01715	0.01034	0.01358	0.00783	0.00546	0.00753	0.00190	0.10289	0.00556	0.00261	0.00753

[dist]
# distance from previous block
# <min> <max>
0	25

[block]
# block no. 2 follows, 43 sequences, length 138
# corresponding to MSA columns:
# 168-305
name=unknown_C
#
# <colnr> <probs for GDERKNQSTAVLIFYWHMCP>
#	G	D	E	R	K	N	Q	S	T	A	V	L	I	F	Y	W	H	M	C	P
0	0.00696	0.00496	0.00662	0.00788	0.00827	0.00467	0.00541	0.00803	0.01072	0.01426	0.03013	0.72294	0.03586	0.03512	0.00760	0.00235	0.00342	0.07516	0.00510	0.00452
1	0.00753	0.00541	0.00728	0.00832	0.00908	0.00515	0.00627	0.00918	0.01191	0.01587	0.12067	0.46993	0.05391	0.01592	0.00717	0.00227	0.00370	0.23042	0.00525	0.00477
2	0.03849	0.01259	0.01796	0.02153	0.35942	0.04352	0.02991	0.11025	0.01539	0.24212	0.04343	0.01600	0.01184	0.00599	0.00551	0.00167	0.00597	0.00526	0.00444	0.00871
3	0.08082	0.14514	0.52208	0.01333	0.02018	0.01362	0.01617	0.01685	0.01152	0.01760	0.02727	0.01172	0.00810	0.00523	0.00479	0.00159	0.00707	0.00391	0.00259	0.07042
4	0.71720	0.09753	0.04530	0.00791	0.01169	0.01347	0.00703	0.01637	0.00973	0.02324	0.00781	0.00911	0.00616	0.00510	0.00352	0.00166	0.00464	0.00304	0.00326	0.00622
5	0.01111	0.02865	0.77667	0.01579	0.02397	0.01286	0.02046	0.01754	0.01169	0.01754	0.00994	0.01169	0.00702	0.00526	0.00526	0.00175	0.00818	0.00409	0.00234	0.00818
6	0.00675	0.00553	0.00597	0.00615	0.00775	0.00475	0.00457	0.00822	0.01258	0.01545	0.10568	0.15475	0.58958	0.01432	0.00665	0.00194	0.00292	0.03650	0.00521	0.00471
7	0.01293	0.01094	0.01171	0.01076	0.01349	0.01252	0.00833	0.02630	0.64191	0.02164	0.02263	0.02511	0.01830	0.07434	0.00766	0.00222	0.00452	0.06124	0.00541	0.00804
8	0.01148	0.00984	0.01148	0.00820	0.01312	0.00738	0.00656	0.01395	0.01148	0.01805	0.00984	0.01148	0.00820	0.00410	0.00410	0.00082	0.00410	0.00328	0.00328	0.83922
9	0.82783	0.01060	0.00808	0.00724	0.01063	0.01228	0.00596	0.01621	0.00947	0.02476	0.00792	0.00923	0.00616	0.00517	0.00344	0.00171	0.00425	0.00304	0.02005	0.00598
10	0.00655	0.00558	0.00564	0.00568	0.00750	0.00467	0.00424	0.00794	0.01256	0.01493	0.05524	0.07858	0.74384	0.01414	0.00656	0.00188	0.00282	0.01183	0.00514	0.00467
11	0.01595	0.01238	0.01402	0.10103	0.01779	0.01405	0.00991	0.20487	0.44306	0.07700	0.01877	0.01805	0.01376	0.00703	0.00560	0.00181	0.00517	0.00575	0.00533	0.00867
12	0.01583	0.01219	0.03010	0.01033	0.01348	0.05994	0.00835	0.30563	0.10270	0.07743	0.03800	0.10192	0.08356	0.00854	0.00559	0.00172	0.00500	0.00693	0.10519	0.00758
13	0.01227	0.23922	0.43712	0.07946	0.03843	0.01539	0.07202	0.01700	0.01164	0.01605	0.00942	0.01147	0.00721	0.00509	0.00492	0.00161	0.00755	0.00405	0.00240	0.00768
14	0.01142	0.09341	0.71459	0.01526	0.02316	0.01361	0.01955	0.01746	0.01166	0.01716	0.00975	0.01146	0.00702	0.00522	0.00512	0.00171	0.00800	0.00400	0.00234	0.00810
15	0.00793	0.00584	0.00845	0.00845	0.00928	0.00668	0.00636	0.00960	0.00877	0.01252	0.01525	0.02405	0.01484	0.16254	0.66377	0.00834	0.01334	0.00627	0.00303	0.00469
16	0.00928	0.00696	0.00844	0.00919	0.07220	0.00638	0.00635	0.01196	0.05887	0.07377	0.10911	0.06276	0.45953	0.01227	0.00643	0.00189	0.00354	0.07018	0.00519	0.00570
17	0.07798	0.01350	0.07816	0.01234	0.01612	0.01296	0.08370	0.35777	0.03620	0.03919	0.01605	0.16441	0.01453	0.02375	0.00656	0.02163	0.00580	0.00707	0.00468	0.00763
18	0.01046	0.00984	0.01661	0.79205	0.03814	0.01230	0.01538	0.01415	0.01107	0.01415	0.00984	0.01477	0.00738	0.00554	0.00554	0.00185	0.00738	0.00492	0.00246	0.00615
19	0.01046	0.00984	0.01661	0.79205	0.03814	0.01230	0.01538	0.01415	0.01107	0.01415	0.00984	0.01477	0.00738	0.00554	0.00554	0.00185	0.00738	0.00492	0.00246	0.00615
20	0.01398	0.01385	0.02233	0.03015	0.60062	0.04935	0.08733	0.01834	0.07492	0.01827	0.01141	0.01423	0.00934	0.00516	0.00558	0.00168	0.00682	0.00514	0.00299	0.00854
21	0.01354	0.01178	0.01996	0.28434	0.44700	0.01248	0.03239	0.01690	0.01238	0.07959	0.01119	0.01451	0.00871	0.00529	0.00553	0.00172	0.00675	0.00502	0.00299	0.00792
22	0.00678	0.00489	0.00643	0.00765	0.00807	0.00454	0.00516	0.00779	0.01074	0.01422	0.03175	0.75178	0.07223	0.01715	0.00705	0.00224	0.00323	0.02863	0.00514	0.00452
23	0.00815	0.00587	0.00837	0.13200	0.01307	0.00594	0.00689	0.00972	0.01128	0.04548	0.08311	0.58748	0.03226	0.01460	0.00672	0.00212	0.00389	0.01318	0.00486	0.00501
24	0.01245	0.10480	0.58245	0.01547	0.02280	0.01421	0.07359	0.07847	0.01294	0.01854	0.01009	0.01179	0.00733	0.00528	0.00521	0.00170	0.00787	0.00424	0.00264	0.00813
25	0.00836	0.00587	0.00800	0.09059	0.01145	0.00578	0.00628	0.01001	0.01195	0.05030	0.19231	0.39795	0.06818	0.07947	0.00846	0.00232	0.00379	0.02895	0.00500	0.00499
26	0.00683	0.00488	0.00650	0.00766	0.00805	0.00455	0.00515	0.00792	0.01099	0.01475	0.08612	0.74442	0.03781	0.01690	0.00703	0.00221	0.00317	0.01531	0.00521	0.00455
27	0.01148	0.00984	0.01148	0.00820	0.01312	0.00738	0.00656	0.01395	0.01148	0.01805	0.00984	0.01148	0.00820	0.00410	0.00410	0.00082	0.00410	0.00328	0.00328	0.83922
28	0.01165	0.02514	0.60697	0.01538	0.03861	0.02793	0.03480	0.01834	0.07400	0.01798	0.01099	0.01251	0.00800	0.00535	0.00523	0.00169	0.00759	0.00427	0.00271	0.07085
29	0.07859	0.03825	0.08205	0.02267	0.34929	0.28375	0.03300	0.01879	0.01336	0.01683	0.00948	0.01179	0.00779	0.00524	0.00512	0.00158	0.00779	0.00423	0.00279	0.00761
30	0.07722	0.01501	0.01584	0.01224	0.01655	0.01664	0.01010	0.68933	0.02466	0.03397	0.01300	0.01313	0.00927	0.00654	0.00537	0.00166	0.00591	0.00485	0.01960	0.00911
31	0.00735	0.00518	0.00673	0.00770	0.00840	0.00479	0.00542	0.00860	0.01136	0.03140	0.06885	0.60466	0.11640	0.01630	0.00700	0.00220	0.00333	0.07440	0.00522	0.00471
32	0.02215	0.00883	0.01199	0.00940	0.01321	0.00768	0.00768	0.02437	0.01582	0.65545	0.14004	0.02242	0.01982	0.00756	0.00572	0.00172	0.00438	0.00627	0.00673	0.00876
33	0.00661	0.00561	0.00569	0.00567	0.00752	0.00470	0.00425	0.00806	0.01276	0.01530	0.08897	0.05275	0.73549	0.01390	0.00654	0.00186	0.00280	0.01161	0.00519	0.00470
34	0.00687	0.00547	0.00611	0.00626	0.00770	0.00476	0.00455	0.00839	0.01273	0.01609	0.18622	0.18622	0.48136	0.03319	0.00716	0.00200	0.00290	0.01202	0.00528	0.00472
35	0.08597	0.01060	0.01316	0.01017	0.01442	0.01006	0.00840	0.15418	0.01716	0.58758	0.01927	0.01713	0.01237	0.00669	0.00540	0.00170	0.00492	0.00527	0.00636	0.00917
36	0.02351	0.01158	0.01419	0.01088	0.01521	0.01134	0.00898	0.28365	0.01946	0.51290	0.01882	0.01689	0.01219	0.00678	0.00556	0.00170	0.00520	0.00536	0.00639	0.00942
37	0.02472	0.00963	0.01298	0.00995	0.01424	0.00845	0.00822	0.05149	0.01620	0.74966	0.02156	0.01866	0.01356	0.00685	0.00557	0.00171	0.00476	0.00555	0.00681	0.00943
38	0.01305	0.09448	0.04758	0.00974	0.01461	0.01082	0.02545	0.09522	0.06957	0.01970	0.01099	0.01219	0.00883	0.00476	0.00442	0.00109	0.00483	0.00377	0.00356	0.54535
39	0.00928	0.00820	0.02862	0.00964	0.01199	0.00755	0.09751	0.01376	0.10773	0.02101	0.49169	0.03506	0.09546	0.00993	0.00633	0.00176	0.00384	0.00895	0.00541	0.02627
40	0.01378	0.01373	0.02382	0.03197	0.64404	0.03127	0.12481	0.01723	0.01275	0.01794	0.01049	0.01380	0.00868	0.00491	0.00563	0.00167	0.00706	0.00514	0.00275	0.00853
41	0.00958	0.00773	0.01269	0.01228	0.01424	0.00758	0.12644	0.01247	0.01280	0.01676	0.02645	0.05494	0.02816	0.01362	0.00747	0.00244	0.00577	0.61837	0.00474	0.00548
42	0.00892	0.00637	0.00892	0.01020	0.01147	0.00637	0.00892	0.01147	0.01275	0.01657	0.02932	0.06247	0.03187	0.01530	0.00765	0.00255	0.00510	0.73354	0.00510	0.00510
43	0.01425	0.01289	0.01274	0.01148	0.01459	0.06652	0.00890	0.02893	0.70972	0.02251	0.02158	0.01993	0.01624	0.00739	0.00559	0.00185	0.00477	0.00608	0.00544	0.00861
44	0.01491	0.73796	0.06311	0.00991	0.01480	0.02129	0.01003	0.04873	0.01192	0.01419	0.00805	0.00921	0.00720	0.00485	0.00372	0.00123	0.00604	0.00310	0.00251	0.00726
45	0.00912	0.00594	0.00781	0.00719	0.00872	0.00545	0.00545	0.01170	0.01569	0.07894	0.71165	0.03967	0.04935	0.01099	0.00646	0.00174	0.00277	0.00968	0.00615	0.00554
46	0.00784	0.00566	0.00740	0.00697	0.00827	0.00523	0.00523	0.01045	0.01568	0.02221	0.76789	0.04137	0.05226	0.01132	0.00653	0.00174	0.00261	0.01002	0.00610	0.00523
47	0.01148	0.00984	0.01148	0.00820	0.01312	0.00738	0.00656	0.01395	0.01148	0.01805	0.00984	0.01148	0.00820	0.00410	0.00410	0.00082	0.00410	0.00328	0.00328	0.83922
48	0.00791	0.00593	0.00890	0.00890	0.00989	0.00692	0.00692	0.00989	0.00890	0.01286	0.01483	0.02176	0.01385	0.04154	0.78341	0.00890	0.01483	0.00593	0.00297	0.00494
49	0.01417	0.01308	0.01276	0.01049	0.01440	0.10637	0.00822	0.06879	0.31677	0.02065	0.01506	0.01514	0.01168	0.00585	0.00493	0.00138	0.00507	0.00463	0.00433	0.34624
50	0.00802	0.00549	0.00667	0.00667	0.00689	0.00571	0.00415	0.00846	0.00824	0.01121	0.01687	0.03304	0.01874	0.63634	0.19531	0.00615	0.00746	0.00758	0.00327	0.00371
51	0.01046	0.00984	0.01661	0.79205	0.03814	0.01230	0.01538	0.01415	0.01107	0.01415	0.00984	0.01477	0.00738	0.00554	0.00554	0.00185	0.00738	0.00492	0.00246	0.00615
52	0.01307	0.01494	0.03268	0.02334	0.02894	0.01401	0.75070	0.01774	0.01307	0.01774	0.01120	0.01494	0.00840	0.00467	0.00654	0.00187	0.00934	0.00654	0.00280	0.00747
53	0.01546	0.64790	0.07084	0.01055	0.01521	0.13339	0.01030	0.01745	0.01193	0.01337	0.00796	0.00921	0.00711	0.00491	0.00387	0.00125	0.00665	0.00312	0.00244	0.00707
54	0.14526	0.00992	0.01235	0.00962	0.01379	0.00922	0.00794	0.06172	0.01542	0.62729	0.01934	0.01712	0.01236	0.00659	0.00525	0.00171	0.00472	0.00516	0.00628	0.00892
55	0.01499	0.75345	0.04660	0.00985	0.01459	0.05697	0.00980	0.01686	0.01147	0.01316	0.00779	0.00900	0.00711	0.00480	0.00366	0.00121	0.00617	0.00302	0.00239	0.00710
56	0.00792	0.00592	0.00883	0.00883	0.00979	0.00688	0.00683	0.00984	0.00888	0.01280	0.01490	0.02212	0.01400	0.06045	0.76472	0.00881	0.01460	0.00599	0.00298	0.00491
57	0.00792	0.00568	0.00723	0.00808	0.00872	0.00553	0.00553	0.06707	0.01178	0.01572	0.02887	0.72222	0.03410	0.03367	0.00741	0.00227	0.00349	0.01472	0.00513	0.00487
58	0.00791	0.00593	0.00890	0.00890	0.00989	0.00692	0.00692	0.00989	0.00890	0.01286	0.01483	0.02176	0.01385	0.04154	0.78341	0.00890	0.01483	0.00593	0.00297	0.00494
59	0.00684	0.00548	0.00610	0.00631	0.00769	0.00490	0.00455	0.00814	0.01169	0.01450	0.06260	0.17845	0.50562	0.07648	0.07277	0.00278	0.00406	0.01160	0.00485	0.00458
60	0.01378	0.01190	0.01252	0.01127	0.01440	0.01378	0.00877	0.02943	0.76081	0.02317	0.02254	0.02066	0.01691	0.00751	0.00564	0.00188	0.00438	0.00626	0.00564	0.00877
61	0.84448	0.01071	0.00814	0.00728	0.01071	0.01242	0.00600	0.01628	0.00943	0.02485	0.00771	0.00900	0.00600	0.00514	0.00343	0.00171	0.00428	0.00300	0.00343	0.00600
62	0.01121	0.00602	0.00611	0.00579	0.00734	0.00616	0.00442	0.07430	0.01281	0.02183	0.01767	0.02004	0.01380	0.00647	0.00401	0.00132	0.00287	0.00515	0.76715	0.00552
63	0.01374	0.01377	0.02773	0.02026	0.02524	0.01318	0.57615	0.03076	0.09097	0.06856	0.01407	0.05432	0.01104	0.00576	0.00639	0.00187	0.00816	0.00687	0.00352	0.00762
64	0.01307	0.01494	0.03268	0.02334	0.02894	0.01401	0.75070	0.01774	0.01307	0.01774	0.01120	0.01494	0.00840	0.00467	0.00654	0.00187	0.00934	0.00654	0.00280	0.00747
65	0.01148	0.00984	0.01148	0.00820	0.01312	0.00738	0.00656	0.01395	0.01148	0.01805	0.00984	0.01148	0.00820	0.00410	0.00410	0.00082	0.00410	0.00328	0.00328	0.83922
66	0.77529	0.01220	0.07195	0.00799	0.01181	0.01246	0.00720	0.01638	0.00961	0.02424	0.00790	0.00922	0.00608	0.00515	0.00358	0.00172	0.00461	0.00309	0.00334	0.00618
67	0.84448	0.01071	0.00814	0.00728	0.01071	0.01242	0.00600	0.01628	0.00943	0.02485	0.00771	0.00900	0.00600	0.00514	0.00343	0.00171	0.00428	0.00300	0.00343	0.00600
68	0.00733	0.00562	0.00671	0.00648	0.00797	0.00500	0.00485	0.00946	0.01442	0.01933	0.48602	0.06423	0.31755	0.01247	0.00655	0.00180	0.00270	0.01078	0.00572	0.00500
69	0.02485	0.00943	0.01285	0.00985	0.01414	0.00814	0.00814	0.02699	0.01585	0.77465	0.02185	0.01885	0.01371	0.00685	0.00557	0.00171	0.00471	0.00557	0.00685	0.00943
70	0.00777	0.00566	0.00731	0.00690	0.00823	0.00520	0.00517	0.01033	0.01552	0.02185	0.73234	0.04197	0.08803	0.01146	0.00653	0.00175	0.00262	0.01010	0.00605	0.00520
71	0.00676	0.00491	0.00634	0.00748	0.00794	0.00453	0.00501	0.00774	0.01074	0.01415	0.03269	0.71442	0.10608	0.03347	0.00746	0.00228	0.00322	0.01520	0.00510	0.00449
72	0.36847	0.07248	0.01332	0.00986	0.01361	0.01467	0.00823	0.32328	0.01646	0.02716	0.01064	0.01184	0.00816	0.00876	0.06908	0.00225	0.00604	0.00407	0.00419	0.00742
73	0.01301	0.18306	0.14574	0.01510	0.06857	0.01702	0.02590	0.04536	0.01068	0.01525	0.00833	0.01157	0.00740	0.00738	0.01136	0.00196	0.39841	0.00437	0.00255	0.00698
74	0.03296	0.31892	0.40266	0.07170	0.02090	0.03437	0.01538	0.01700	0.01152	0.01568	0.00901	0.01077	0.00706	0.00509	0.00459	0.00154	0.00722	0.00369	0.00240	0.00753
75	0.01259	0.00785	0.00893	0.04924	0.01107	0.00844	0.00636	0.07173	0.12284	0.08295	0.01904	0.02182	0.03958	0.08022	0.00738	0.00191	0.03582	0.00580	0.40015	0.00627
76	0.71305	0.13713	0.01145	0.00763	0.01127	0.01393	0.00655	0.01633	0.00971	0.02298	0.00771	0.00898	0.00617	0.00508	0.00345	0.00163	0.00454	0.00299	0.00326	0.00617
77	0.00681	0.00484	0.00641	0.00764	0.00794	0.00454	0.00506	0.00773	0.01049	0.01398	0.02993	0.76675	0.03588	0.05338	0.00803	0.00239	0.00331	0.01539	0.00506	0.00445
78	0.01032	0.00516	0.00516	0.00516	0.00645	0.00516	0.00387	0.01290	0.01161	0.02065	0.01807	0.02065	0.01420	0.00645	0.00387	0.00129	0.00258	0.00516	0.83611	0.00516
79	0.00892	0.00637	0.00892	0.01020	0.01147	0.00637	0.00892	0.01147	0.01275	0.01657	0.02932	0.06247	0.03187	0.01530	0.00765	0.00255	0.00510	0.73354	0.00510	0.00510
80	0.00805	0.00537	0.00604	0.00604	0.00604	0.00537	0.00336	0.00805	0.00805	0.01074	0.01745	0.03624	0.02013	0.80536	0.02819	0.00537	0.00537	0.00805	0.00336	0.00336
81	0.00892	0.00637	0.00892	0.01020	0.01147	0.00637	0.00892	0.01147	0.01275	0.01657	0.02932	0.06247	0.03187	0.01530	0.00765	0.00255	0.00510	0.73354	0.00510	0.00510
82	0.01148	0.00984	0.01148	0.00820	0.01312	0.00738	0.00656	0.01395	0.01148	0.01805	0.00984	0.01148	0.00820	0.00410	0.00410	0.00082	0.00410	0.00328	0.00328	0.83922
83	0.01277	0.21124	0.53830	0.01418	0.02112	0.07894	0.01708	0.01770	0.01192	0.01615	0.00930	0.01089	0.00705	0.00518	0.00484	0.00159	0.00780	0.00378	0.00239	0.00779
84	0.01556	0.01084	0.01385	0.01141	0.04586	0.01020	0.04925	0.11725	0.12841	0.15744	0.01450	0.01519	0.01084	0.00678	0.00644	0.07093	0.00497	0.00475	0.00447	0.30103
85	0.01600	0.22665	0.01921	0.01386	0.09988	0.06154	0.01043	0.19164	0.21370	0.02160	0.01351	0.01404	0.01060	0.00624	0.00548	0.00160	0.03861	0.00469	0.02258	0.00815
86	0.01261	0.01020	0.01339	0.01334	0.15743	0.00863	0.00866	0.03287	0.02451	0.06494	0.01270	0.07809	0.01118	0.00565	0.00476	0.00119	0.00459	0.00486	0.00365	0.52674
87	0.01231	0.01786	0.23389	0.01724	0.04676	0.05916	0.19121	0.01596	0.01108	0.01571	0.00971	0.01332	0.00800	0.00921	0.06732	0.00250	0.25411	0.00505	0.00257	0.00703
88	0.01412	0.68214	0.02706	0.13345	0.01801	0.02039	0.01041	0.01620	0.01122	0.01321	0.00804	0.00982	0.00715	0.00486	0.00387	0.00129	0.00615	0.00327	0.00238	0.00696
89	0.00885	0.00945	0.12920	0.00826	0.01087	0.00647	0.00759	0.01185	0.01455	0.05156	0.49934	0.03770	0.16169	0.01062	0.00629	0.00176	0.00361	0.00917	0.00538	0.00578
90	0.01059	0.00753	0.00864	0.00809	0.01017	0.00746	0.00613	0.03995	0.17447	0.08970	0.18309	0.16462	0.24425	0.01172	0.00631	0.00189	0.00346	0.01007	0.00561	0.00624
91	0.00962	0.00481	0.00722	0.00722	0.00722	0.00481	0.00481	0.00722	0.00722	0.00962	0.00962	0.01684	0.00962	0.01924	0.02165	0.83886	0.00481	0.00481	0.00241	0.00241
92	0.01389	0.07699	0.08557	0.02101	0.04309	0.09701	0.54453	0.01809	0.01310	0.01693	0.01054	0.01368	0.00807	0.00484	0.00603	0.00176	0.00900	0.00573	0.00274	0.00741
93	0.84448	0.01071	0.00814	0.00728	0.01071	0.01242	0.00600	0.01628	0.00943	0.02485	0.00771	0.00900	0.00600	0.00514	0.00343	0.00171	0.00428	0.00300	0.00343	0.00600
94	0.01259	0.01835	0.24110	0.02170	0.16119	0.03906	0.32188	0.01715	0.01242	0.01735	0.01100	0.03006	0.00872	0.00610	0.02375	0.00194	0.02275	0.00553	0.00272	0.02467
95	0.00894	0.00734	0.00798	0.00765	0.00936	0.02366	0.00566	0.01364	0.17394	0.01858	0.26608	0.10246	0.24870	0.07154	0.00799	0.00212	0.00347	0.00988	0.00536	0.00565
96	0.02485	0.00943	0.01285	0.00985	0.01414	0.00814	0.00814	0.02699	0.01585	0.77465	0.02185	0.01885	0.01371	0.00685	0.00557	0.00171	0.00471	0.00557	0.00685	0.00943
97	0.84448	0.01071	0.00814	0.00728	0.01071	0.01242	0.00600	0.01628	0.00943	0.02485	0.00771	0.00900	0.00600	0.00514	0.00343	0.00171	0.00428	0.00300	0.00343	0.00600
98	0.00890	0.00654	0.00825	0.00729	0.00929	0.00580	0.00556	0.01172	0.03013	0.03870	0.60204	0.03592	0.05722	0.01005	0.00611	0.00160	0.00294	0.00880	0.00564	0.13750
99	0.01408	0.49012	0.25949	0.01245	0.04292	0.03491	0.01316	0.03494	0.01197	0.02856	0.00889	0.01022	0.00731	0.00501	0.00426	0.00140	0.00672	0.00349	0.00254	0.00758
100	0.02067	0.01210	0.12018	0.01062	0.01514	0.00913	0.00973	0.02472	0.08512	0.54441	0.07276	0.01960	0.01578	0.00701	0.00560	0.00174	0.00502	0.00574	0.00605	0.00889
101	0.02485	0.00943	0.01285	0.00985	0.01414	0.00814	0.00814	0.02699	0.01585	0.77465	0.02185	0.01885	0.01371	0.00685	0.00557	0.00171	0.00471	0.00557	0.00685	0.00943
102	0.01016	0.00832	0.04219	0.00900	0.01083	0.00765	0.00706	0.15642	0.01476	0.02002	0.15419	0.40913	0.05069	0.01318	0.00654	0.00199	0.00399	0.04386	0.00522	0.02480
103	0.03246	0.27942	0.36872	0.07843	0.02170	0.04920	0.06527	0.01713	0.01171	0.01580	0.00918	0.01112	0.00715	0.00509	0.00476	0.00157	0.00745	0.00391	0.00244	0.00749
104	0.00899	0.00700	0.00789	0.00755	0.00904	0.00713	0.00548	0.01356	0.17930	0.01750	0.21173	0.03844	0.18854	0.21881	0.02523	0.00290	0.00407	0.03647	0.00498	0.00540
105	0.00805	0.00537	0.00604	0.00604	0.00604	0.00537	0.00336	0.00805	0.00805	0.01074	0.01745	0.03624	0.02013	0.80536	0.02819	0.00537	0.00537	0.00805	0.00336	0.00336
106	0.14535	0.01337	0.03771	0.04540	0.59928	0.03093	0.01515	0.01695	0.01212	0.01896	0.00992	0.01285	0.00822	0.00501	0.00514	0.00166	0.00635	0.00458	0.00284	0.00821
107	0.02485	0.00943	0.01285	0.00985	0.01414	0.00814	0.00814	0.02699	0.01585	0.77465	0.02185	0.01885	0.01371	0.00685	0.00557	0.00171	0.00471	0.00557	0.00685	0.00943
108	0.01407	0.59676	0.19685	0.01133	0.01682	0.03735	0.02921	0.01695	0.01150	0.01417	0.00830	0.00968	0.00712	0.00488	0.00404	0.00133	0.00660	0.00331	0.00238	0.00734
109	0.01224	0.01344	0.08730	0.04284	0.35827	0.01188	0.18621	0.03238	0.01296	0.01820	0.07551	0.09500	0.01491	0.00673	0.00596	0.00178	0.00670	0.00674	0.00330	0.00765
110	0.02383	0.00979	0.01292	0.01005	0.01424	0.00884	0.00825	0.04591	0.07797	0.69317	0.02169	0.01886	0.01386	0.00690	0.00557	0.00173	0.00472	0.00561	0.00672	0.00937
111	0.00826	0.00627	0.00876	0.00860	0.00924	0.00728	0.00639	0.00964	0.00871	0.01240	0.01540	0.05097	0.01566	0.23142	0.50249	0.00724	0.07684	0.00671	0.00309	0.00462
112	0.01339	0.01098	0.01251	0.00911	0.01393	0.00934	0.00735	0.16130	0.01439	0.02141	0.01053	0.01185	0.00845	0.00461	0.00439	0.00099	0.00450	0.00362	0.00373	0.67362
113	0.00835	0.00628	0.00761	0.00804	0.00941	0.00600	0.00620	0.06496	0.01312	0.01689	0.06835	0.30471	0.25276	0.01479	0.00692	0.00214	0.00375	0.18943	0.00520	0.00510
114	0.01816	0.01469	0.01657	0.20838	0.02237	0.06389	0.01179	0.50403	0.02122	0.02785	0.01199	0.01343	0.00871	0.00638	0.00580	0.00171	0.02526	0.00488	0.00453	0.00833
115	0.01318	0.01387	0.08916	0.20214	0.38839	0.01282	0.12806	0.01699	0.01241	0.05367	0.01092	0.01421	0.00848	0.00515	0.00564	0.00174	0.00723	0.00513	0.00285	0.00796
116	0.00734	0.00533	0.00705	0.00820	0.00894	0.00504	0.00611	0.00879	0.01140	0.01490	0.03270	0.52101	0.10714	0.01645	0.00718	0.00230	0.00370	0.21659	0.00513	0.00468
117	0.01234	0.04741	0.01824	0.14128	0.06829	0.04377	0.12075	0.01502	0.01120	0.01594	0.00952	0.01283	0.00795	0.00589	0.00800	0.00161	0.18619	0.00453	0.01975	0.24948
118	0.01243	0.03923	0.38432	0.02374	0.32794	0.01330	0.08577	0.01731	0.01218	0.01768	0.01020	0.01274	0.00786	0.00506	0.00543	0.00171	0.00759	0.00463	0.00255	0.00833
119	0.00697	0.00568	0.00620	0.00623	0.00795	0.00491	0.00478	0.00868	0.01317	0.01637	0.17918	0.05196	0.58138	0.01366	0.00663	0.00190	0.00296	0.07126	0.00531	0.00481
120	0.00675	0.00482	0.00643	0.00771	0.00803	0.00450	0.00514	0.00771	0.01060	0.01414	0.03053	0.80175	0.03663	0.01735	0.00707	0.00225	0.00321	0.01574	0.00514	0.00450
121	0.01420	0.01152	0.01317	0.01011	0.03196	0.01033	0.00794	0.21637	0.03137	0.02277	0.01107	0.01223	0.00873	0.00489	0.00456	0.00109	0.00471	0.00385	0.00394	0.57518
122	0.11987	0.38860	0.16302	0.08991	0.03622	0.05307	0.03027	0.03413	0.01172	0.01626	0.00865	0.01043	0.00710	0.00506	0.00429	0.00147	0.00657	0.00358	0.00262	0.00714
123	0.00838	0.00618	0.00818	0.00919	0.01057	0.00598	0.00786	0.01066	0.01268	0.01619	0.03493	0.07622	0.18562	0.01508	0.00741	0.00240	0.00458	0.56777	0.00511	0.00500
124	0.00680	0.00563	0.00600	0.00617	0.00789	0.00483	0.00471	0.00831	0.01259	0.01523	0.06959	0.09651	0.64392	0.01426	0.00667	0.00195	0.00303	0.07602	0.00516	0.00472
125	0.12579	0.01571	0.22243	0.33302	0.14991	0.01265	0.03243	0.01591	0.01131	0.01726	0.00970	0.01297	0.00734	0.00529	0.00519	0.00177	0.00709	0.00447	0.00261	0.00714
126	0.10326	0.01346	0.01779	0.37999	0.02778	0.11143	0.11320	0.09402	0.01320	0.01787	0.00986	0.01326	0.00755	0.00574	0.00605	0.00179	0.04930	0.00476	0.00299	0.00669
127	0.02146	0.01351	0.01513	0.01166	0.01590	0.01437	0.00961	0.53792	0.02283	0.21589	0.01563	0.01502	0.01071	0.00669	0.00547	0.00166	0.00558	0.00514	0.04662	0.00921
128	0.01921	0.03286	0.01762	0.01713	0.19004	0.01524	0.01162	0.46947	0.03827	0.09831	0.01359	0.01410	0.00987	0.00624	0.00546	0.00165	0.00597	0.00501	0.01921	0.00913
129	0.06162	0.01366	0.06058	0.10574	0.32205	0.08322	0.01305	0.01823	0.13047	0.01867	0.08060	0.01791	0.03781	0.00637	0.00546	0.00171	0.00612	0.00552	0.00357	0.00762
130	0.00723	0.00528	0.00680	0.00717	0.00809	0.00485	0.00509	0.00900	0.01313	0.01793	0.37238	0.38158	0.11239	0.01426	0.00677	0.00198	0.00290	0.01273	0.00558	0.00485
131	0.00791	0.00551	0.00664	0.00663	0.00700	0.00564	0.00421	0.00848	0.00872	0.01172	0.03361	0.03456	0.07582	0.56983	0.18562	0.00578	0.00712	0.00792	0.00346	0.00383
132	0.01165	0.01107	0.01538	0.01334	0.01352	0.01523	0.01104	0.01303	0.00877	0.01390	0.00874	0.01355	0.00834	0.01183	0.07468	0.00282	0.67058	0.00495	0.07168	0.00590
133	0.01976	0.15033	0.01781	0.01351	0.01666	0.66254	0.01051	0.02124	0.01499	0.01347	0.00842	0.00981	0.00713	0.00555	0.00477	0.00139	0.00934	0.00347	0.00278	0.00653
134	0.01121	0.00809	0.01017	0.00977	0.04424	0.02520	0.02372	0.04561	0.10167	0.08957	0.39559	0.09686	0.05276	0.03718	0.00702	0.00193	0.00385	0.02370	0.00558	0.00629
135	0.08270	0.01377	0.03861	0.04149	0.34421	0.04854	0.18510	0.07200	0.01339	0.01918	0.01246	0.04450	0.02796	0.00662	0.02380	0.00190	0.00718	0.00567	0.00317	0.00775
136	0.01506	0.01166	0.01247	0.01090	0.01411	0.01318	0.00857	0.11320	0.57129	0.07123	0.02107	0.01968	0.01562	0.00729	0.00549	0.00180	0.00447	0.00599	0.06831	0.00861
137	0.02009	0.00958	0.01249	0.04963	0.01482	0.00892	0.00827	0.09522	0.03962	0.48492	0.02060	0.11651	0.01554	0.00791	0.00565	0.00172	0.00474	0.00661	0.00597	0.07117

[dist]
# distance from previous block
# <min> <max>
0	1

[block]
# block no. 3 follows, 43 sequences, length 190
# corresponding to MSA columns:
# 307-496
name=unknown_D
#
# <colnr> <probs for GDERKNQSTAVLIFYWHMCP>
#	G	D	E	R	K	N	Q	S	T	A	V	L	I	F	Y	W	H	M	C	P
0	0.01365	0.01175	0.01592	0.03439	0.03557	0.01061	0.11460	0.16829	0.01475	0.02134	0.01113	0.02624	0.00897	0.00501	0.00488	0.00122	0.00541	0.00441	0.00368	0.48820
1	0.01685	0.01167	0.01372	0.07005	0.03405	0.01265	0.00945	0.27364	0.20864	0.14444	0.07102	0.07609	0.01685	0.00789	0.00575	0.00179	0.00509	0.00654	0.00549	0.00834
2	0.00792	0.00587	0.00859	0.00855	0.00949	0.00669	0.00654	0.00979	0.00932	0.01336	0.06799	0.02420	0.01701	0.09555	0.67327	0.00814	0.01328	0.00638	0.00322	0.00485
3	0.01240	0.00901	0.01164	0.04305	0.07983	0.00956	0.00901	0.01898	0.26272	0.08988	0.08255	0.06278	0.02237	0.01065	0.00742	0.06352	0.00475	0.18797	0.00502	0.00688
4	0.09764	0.14210	0.35647	0.01349	0.01911	0.22607	0.01440	0.04075	0.01294	0.01703	0.00911	0.01059	0.00703	0.00534	0.00476	0.00157	0.00789	0.00370	0.00269	0.00736
5	0.00702	0.00500	0.00666	0.00790	0.00830	0.00472	0.00545	0.00811	0.01072	0.01425	0.02989	0.69673	0.03550	0.04840	0.00797	0.00240	0.00349	0.08792	0.00507	0.00451
6	0.01262	0.23227	0.46055	0.01407	0.03891	0.01477	0.03819	0.01728	0.01174	0.03723	0.00972	0.01128	0.00740	0.00506	0.00478	0.00153	0.00719	0.00387	0.00256	0.06900
7	0.02126	0.08442	0.07579	0.01031	0.01488	0.01031	0.00922	0.05816	0.04313	0.52801	0.01854	0.01683	0.01222	0.00640	0.00525	0.00162	0.00508	0.00509	0.02235	0.05112
8	0.00830	0.00575	0.00669	0.00658	0.00697	0.00586	0.00409	0.02973	0.00902	0.01202	0.01983	0.03494	0.07401	0.62438	0.12464	0.00547	0.00644	0.00796	0.00350	0.00384
9	0.01262	0.01340	0.02559	0.18941	0.14098	0.03318	0.41233	0.01696	0.03216	0.01704	0.01219	0.01573	0.02620	0.00525	0.00605	0.00181	0.00812	0.00596	0.01775	0.00728
10	0.01367	0.01504	0.09385	0.19983	0.39763	0.07865	0.01572	0.06836	0.01334	0.01786	0.01073	0.03094	0.00881	0.00557	0.00547	0.00170	0.00710	0.00498	0.00290	0.00787
11	0.02179	0.00934	0.01225	0.00965	0.01350	0.00838	0.00786	0.08238	0.01618	0.59426	0.06341	0.06589	0.03832	0.00785	0.00571	0.00173	0.00456	0.00649	0.00649	0.02397
12	0.01791	0.03089	0.01301	0.01151	0.06865	0.00975	0.00846	0.15736	0.03170	0.33379	0.10140	0.15249	0.02050	0.00890	0.00586	0.00178	0.00465	0.00757	0.00579	0.00801
13	0.01398	0.01311	0.03545	0.01279	0.01559	0.10658	0.11547	0.20557	0.02994	0.02002	0.01548	0.14539	0.01462	0.05227	0.10483	0.00289	0.05765	0.00707	0.02455	0.00673
14	0.01610	0.06028	0.01502	0.01243	0.01515	0.38460	0.06108	0.07517	0.03339	0.01689	0.05546	0.09331	0.01454	0.00846	0.02600	0.00179	0.00761	0.02774	0.06861	0.00639
15	0.46287	0.01338	0.01114	0.02983	0.04783	0.15649	0.00810	0.03150	0.01114	0.02061	0.00907	0.01119	0.00740	0.00777	0.04983	0.00210	0.06422	0.00370	0.04565	0.00618
16	0.03832	0.01425	0.03633	0.08275	0.53296	0.07151	0.06905	0.03565	0.01308	0.03810	0.01058	0.01354	0.00856	0.00512	0.00547	0.00166	0.00700	0.00489	0.00292	0.00826
17	0.00779	0.00562	0.00736	0.00700	0.00826	0.00519	0.00522	0.01033	0.01545	0.02185	0.73482	0.07548	0.05156	0.01159	0.00656	0.00176	0.00264	0.01027	0.00605	0.00519
18	0.01331	0.03446	0.05322	0.11607	0.42417	0.05128	0.06920	0.04383	0.01290	0.01753	0.01193	0.03258	0.01049	0.00619	0.00603	0.00176	0.02963	0.05463	0.00300	0.00779
19	0.01582	0.55709	0.02448	0.01044	0.01479	0.07761	0.00959	0.10127	0.11078	0.01684	0.01032	0.01100	0.00864	0.00539	0.00416	0.00135	0.00605	0.00366	0.00319	0.00753
20	0.00700	0.00504	0.00638	0.00723	0.00773	0.00469	0.00482	0.00801	0.01087	0.01443	0.09359	0.56653	0.10088	0.12366	0.00985	0.00260	0.00342	0.01385	0.00498	0.00442
21	0.02007	0.01545	0.01708	0.01328	0.01756	0.06983	0.06460	0.52729	0.08955	0.08699	0.01429	0.01427	0.01018	0.00653	0.00559	0.00168	0.00635	0.00516	0.00526	0.00901
22	0.01179	0.00886	0.01161	0.10129	0.08945	0.02214	0.00865	0.08643	0.03687	0.07551	0.19733	0.06794	0.11522	0.01094	0.04835	0.00216	0.03530	0.00766	0.05604	0.00644
23	0.00786	0.00567	0.00802	0.00821	0.00899	0.00630	0.00608	0.00947	0.00916	0.01310	0.01759	0.13730	0.01798	0.13324	0.54159	0.00716	0.01142	0.00760	0.03858	0.00469
24	0.01483	0.01235	0.01304	0.01138	0.01470	0.01412	0.00895	0.15273	0.61541	0.02496	0.02183	0.02025	0.03522	0.00754	0.00564	0.00184	0.00464	0.00618	0.00561	0.00877
25	0.01295	0.14946	0.01898	0.01366	0.01460	0.05079	0.01160	0.01427	0.00927	0.01329	0.00740	0.01147	0.00724	0.00867	0.01510	0.00217	0.62595	0.00447	0.00243	0.00625
26	0.01217	0.04818	0.60471	0.01647	0.02384	0.06987	0.11314	0.01788	0.01215	0.01715	0.00994	0.01191	0.00720	0.00520	0.00536	0.00173	0.00840	0.00434	0.00244	0.00793
27	0.01079	0.00648	0.00960	0.00926	0.01076	0.00593	0.05824	0.01232	0.01197	0.16293	0.04674	0.56002	0.03050	0.01422	0.00674	0.00211	0.00396	0.02641	0.00533	0.00570
28	0.01052	0.00996	0.01698	0.77418	0.03793	0.01234	0.03247	0.01423	0.01112	0.01423	0.00988	0.01477	0.00741	0.00552	0.00556	0.00185	0.00743	0.00496	0.00247	0.00618
29	0.00889	0.00483	0.00698	0.00728	0.00736	0.00476	0.00483	0.00736	0.00804	0.01072	0.01482	0.20115	0.01636	0.05031	0.01850	0.60983	0.00446	0.00750	0.00308	0.00293
30	0.00758	0.00607	0.00704	0.00706	0.02318	0.00551	0.00513	0.01020	0.05031	0.01839	0.34641	0.06552	0.40251	0.01250	0.00649	0.00182	0.00289	0.01071	0.00551	0.00518
31	0.01371	0.01316	0.02248	0.03399	0.77081	0.01316	0.01700	0.01700	0.01261	0.01809	0.01042	0.01371	0.00877	0.00493	0.00548	0.00164	0.00658	0.00493	0.00274	0.00877
32	0.02105	0.01551	0.01662	0.01274	0.01717	0.01717	0.01053	0.75235	0.02604	0.03490	0.01330	0.01330	0.00942	0.00665	0.00554	0.00166	0.00609	0.00499	0.00554	0.00942
33	0.01298	0.01140	0.03481	0.01260	0.11078	0.00958	0.02368	0.08130	0.05244	0.03732	0.01159	0.02747	0.00947	0.00497	0.00466	0.00115	0.00483	0.00418	0.00362	0.54118
34	0.02352	0.01155	0.01417	0.01086	0.01520	0.01129	0.00897	0.28010	0.01941	0.51652	0.01887	0.01691	0.01221	0.00678	0.00556	0.00170	0.00519	0.00537	0.00640	0.00942
35	0.01111	0.02865	0.77667	0.01579	0.02397	0.01286	0.02046	0.01754	0.01169	0.01754	0.00994	0.01169	0.00702	0.00526	0.00526	0.00175	0.00818	0.00409	0.00234	0.00818
36	0.00688	0.00528	0.00675	0.00746	0.00835	0.00478	0.01831	0.00810	0.01136	0.01464	0.04990	0.54552	0.24122	0.01604	0.00692	0.00214	0.00325	0.03337	0.00511	0.00463
37	0.04603	0.01482	0.02153	0.05219	0.55466	0.11076	0.06952	0.03248	0.01314	0.01797	0.01018	0.01317	0.00840	0.00507	0.00542	0.00164	0.00714	0.00481	0.00283	0.00821
38	0.00702	0.00519	0.00717	0.06535	0.01025	0.00507	0.00589	0.00818	0.01064	0.01414	0.02901	0.74391	0.03448	0.01648	0.00696	0.00222	0.00352	0.01495	0.00494	0.00462
39	0.00888	0.00634	0.00887	0.01015	0.01141	0.00634	0.00885	0.01140	0.01271	0.01653	0.02935	0.07736	0.03197	0.01534	0.00764	0.00254	0.00506	0.71908	0.00510	0.00509
40	0.01085	0.01025	0.01733	0.69965	0.12745	0.01241	0.01558	0.01450	0.01126	0.01463	0.00991	0.01464	0.00755	0.00546	0.00553	0.00182	0.00728	0.00492	0.00250	0.00647
41	0.01226	0.18145	0.55394	0.01476	0.02188	0.03591	0.05358	0.01776	0.02920	0.01668	0.00981	0.01146	0.00733	0.00519	0.00499	0.00164	0.00776	0.00403	0.00246	0.00790
42	0.02178	0.01434	0.01590	0.01219	0.01659	0.01544	0.01007	0.61271	0.02408	0.17731	0.01494	0.01437	0.01024	0.00669	0.00555	0.00167	0.00583	0.00510	0.00579	0.00942
43	0.02485	0.00943	0.01285	0.00985	0.01414	0.00814	0.00814	0.02699	0.01585	0.77465	0.02185	0.01885	0.01371	0.00685	0.00557	0.00171	0.00471	0.00557	0.00685	0.00943
44	0.02074	0.07357	0.01739	0.01239	0.01684	0.01717	0.01036	0.67026	0.02456	0.06187	0.01322	0.01319	0.00941	0.00652	0.00540	0.00163	0.00603	0.00486	0.00536	0.00925
45	0.00658	0.00561	0.00566	0.00565	0.00750	0.00469	0.00423	0.00801	0.01270	0.01515	0.07466	0.05299	0.74989	0.01396	0.00655	0.00187	0.00280	0.01164	0.00517	0.00469
46	0.09121	0.00941	0.01171	0.00947	0.01313	0.00895	0.00767	0.02431	0.12242	0.50640	0.11594	0.02114	0.01843	0.00737	0.00552	0.00174	0.00436	0.00602	0.00629	0.00850
47	0.01169	0.00648	0.00662	0.00613	0.00782	0.00669	0.00472	0.10726	0.01346	0.02247	0.01746	0.01971	0.01359	0.00648	0.00408	0.00134	0.00303	0.00514	0.73012	0.00571
48	0.01312	0.01481	0.03196	0.02409	0.08112	0.01395	0.69910	0.01769	0.01304	0.01777	0.01115	0.01485	0.00843	0.00469	0.00646	0.00185	0.00914	0.00642	0.00280	0.00756
49	0.10478	0.01091	0.01323	0.01025	0.01448	0.01058	0.00846	0.18781	0.01749	0.53566	0.01855	0.01664	0.01199	0.00664	0.00535	0.00170	0.00498	0.00519	0.00622	0.00909
50	0.00710	0.00521	0.00722	0.00798	0.00850	0.00489	0.02636	0.00822	0.01084	0.01456	0.08087	0.66949	0.03571	0.07448	0.00857	0.00243	0.00350	0.01451	0.00501	0.00455
51	0.00726	0.00551	0.00752	0.00935	0.06164	0.00515	0.00590	0.00850	0.01113	0.01482	0.06128	0.64964	0.09968	0.01594	0.00689	0.00215	0.00339	0.01440	0.00501	0.00484
52	0.01255	0.01372	0.02847	0.07724	0.10099	0.01335	0.55765	0.01668	0.01258	0.01716	0.01201	0.06033	0.00997	0.00567	0.00680	0.00189	0.03602	0.00674	0.00289	0.00728
53	0.01429	0.01215	0.01281	0.01137	0.01460	0.01401	0.00889	0.08027	0.70913	0.02399	0.02189	0.02015	0.01638	0.00745	0.00563	0.00186	0.00450	0.00617	0.00563	0.00881
54	0.00879	0.00631	0.00875	0.00999	0.01126	0.00627	0.00867	0.01126	0.01268	0.01646	0.03017	0.08336	0.05428	0.01532	0.00760	0.00252	0.00498	0.69116	0.00510	0.00507
55	0.00848	0.00649	0.00914	0.00917	0.01026	0.00629	0.05808	0.06343	0.01194	0.01587	0.02768	0.56162	0.05330	0.07020	0.00841	0.00241	0.00412	0.06318	0.00488	0.00504
56	0.01084	0.00883	0.01258	0.01126	0.01205	0.01082	0.03000	0.01236	0.01029	0.06785	0.09008	0.16607	0.01925	0.05207	0.12028	0.00329	0.34488	0.00780	0.00374	0.00568
57	0.02105	0.01551	0.01662	0.01274	0.01717	0.01717	0.01053	0.75235	0.02604	0.03490	0.01330	0.01330	0.00942	0.00665	0.00554	0.00166	0.00609	0.00499	0.00554	0.00942
58	0.01254	0.01197	0.02037	0.30626	0.50766	0.01285	0.01642	0.01597	0.01206	0.01668	0.01021	0.01409	0.00827	0.00515	0.00550	0.00172	0.00687	0.00493	0.00264	0.00783
59	0.08051	0.01021	0.01150	0.06739	0.01467	0.01125	0.00828	0.06177	0.36697	0.11084	0.05269	0.10591	0.05725	0.00861	0.00568	0.00187	0.00445	0.00721	0.00530	0.00765
60	0.00957	0.00743	0.00990	0.00924	0.00978	0.00884	0.00688	0.04606	0.00934	0.01321	0.01427	0.05775	0.01487	0.26652	0.25978	0.06414	0.17789	0.00666	0.00315	0.00471
61	0.01147	0.01020	0.01363	0.10929	0.01743	0.00848	0.06003	0.01424	0.01154	0.01753	0.00994	0.01215	0.00811	0.00432	0.00446	0.00102	0.00489	0.00372	0.00314	0.67441
62	0.01183	0.21631	0.16652	0.01197	0.01503	0.03598	0.01158	0.01428	0.01006	0.01385	0.00991	0.01432	0.00913	0.05943	0.15237	0.00331	0.23060	0.00457	0.00256	0.00639
63	0.01111	0.02865	0.77667	0.01579	0.02397	0.01286	0.02046	0.01754	0.01169	0.01754	0.00994	0.01169	0.00702	0.00526	0.00526	0.00175	0.00818	0.00409	0.00234	0.00818
64	0.40489	0.01248	0.01231	0.06740	0.01520	0.03604	0.00868	0.23626	0.01501	0.05662	0.02507	0.01199	0.00847	0.00615	0.00544	0.00175	0.06083	0.00412	0.00409	0.00717
65	0.00925	0.00788	0.01241	0.02885	0.07985	0.00758	0.10278	0.01198	0.02689	0.01673	0.08282	0.17158	0.13491	0.01234	0.00683	0.00211	0.00495	0.25449	0.00461	0.02115
66	0.00681	0.00486	0.00650	0.00778	0.00813	0.00455	0.00525	0.00782	0.01066	0.01421	0.03049	0.78059	0.03649	0.01729	0.00709	0.00226	0.00327	0.03629	0.00514	0.00452
67	0.02283	0.01266	0.01485	0.01139	0.01575	0.01294	0.00941	0.41209	0.02126	0.38191	0.01731	0.01590	0.01143	0.00675	0.00555	0.00169	0.00545	0.00526	0.00616	0.00942
68	0.02485	0.00943	0.01285	0.00985	0.01414	0.00814	0.00814	0.02699	0.01585	0.77465	0.02185	0.01885	0.01371	0.00685	0.00557	0.00171	0.00471	0.00557	0.00685	0.00943
69	0.01353	0.01298	0.02174	0.02901	0.56615	0.01316	0.09078	0.01872	0.12027	0.01875	0.01274	0.01611	0.01051	0.00555	0.00567	0.00172	0.00651	0.02435	0.00323	0.00854
70	0.00771	0.00561	0.00692	0.00666	0.00781	0.00519	0.00480	0.00966	0.01376	0.01891	0.50965	0.04260	0.15170	0.15846	0.01056	0.00245	0.00320	0.02414	0.00543	0.00480
71	0.01111	0.02865	0.77667	0.01579	0.02397	0.01286	0.02046	0.01754	0.01169	0.01754	0.00994	0.01169	0.00702	0.00526	0.00526	0.00175	0.00818	0.00409	0.00234	0.00818
72	0.00822	0.00638	0.00944	0.00926	0.01015	0.00763	0.00723	0.01011	0.00885	0.01285	0.01433	0.02134	0.01349	0.05452	0.71203	0.00835	0.07200	0.00590	0.00293	0.00499
73	0.01111	0.02865	0.77667	0.01579	0.02397	0.01286	0.02046	0.01754	0.01169	0.01754	0.00994	0.01169	0.00702	0.00526	0.00526	0.00175	0.00818	0.00409	0.00234	0.00818
74	0.01032	0.00516	0.00516	0.00516	0.00645	0.00516	0.00387	0.01290	0.01161	0.02065	0.01807	0.02065	0.01420	0.00645	0.00387	0.00129	0.00258	0.00516	0.83611	0.00516
