[name]
unknown

[dist]
# distance from previous block
# <min> <max>
74	193

[block]
# block no. 0 follows, 47 sequences, length 74
# corresponding to MSA columns:
# 242-315
name=unknown_A
#
# <colnr> <probs for GDERKNQSTAVLIFYWHMCP>
#	G	D	E	R	K	N	Q	S	T	A	V	L	I	F	Y	W	H	M	C	P
0	0.10794	0.04985	0.11687	0.02711	0.05068	0.02375	0.21952	0.08170	0.02648	0.09500	0.01158	0.02432	0.00895	0.00853	0.08033	0.00227	0.02917	0.00492	0.00332	0.02772
1	0.08868	0.03317	0.01279	0.12287	0.05249	0.03254	0.03122	0.09782	0.05702	0.06345	0.06401	0.04637	0.02566	0.03298	0.02192	0.00169	0.00513	0.00511	0.00374	0.20132
2	0.03598	0.01208	0.05783	0.24897	0.38989	0.01206	0.02764	0.06262	0.03079	0.01715	0.01078	0.01373	0.02219	0.00511	0.00511	0.00160	0.00625	0.00467	0.00279	0.03274
3	0.07119	0.01035	0.01431	0.10114	0.05909	0.00976	0.09308	0.06152	0.06178	0.08711	0.02717	0.01332	0.00945	0.00490	0.00464	0.00130	0.00505	0.00427	0.00356	0.35702
4	0.05394	0.01097	0.03760	0.10848	0.40779	0.01066	0.01255	0.01579	0.04121	0.06883	0.06713	0.02795	0.01245	0.00576	0.00512	0.00156	0.00546	0.02673	0.00330	0.07673
5	0.14896	0.00995	0.01390	0.12785	0.13228	0.01049	0.06472	0.07670	0.04794	0.06901	0.01404	0.03510	0.01236	0.02143	0.02718	0.00195	0.00566	0.11713	0.00367	0.05967
6	0.00753	0.00520	0.00646	0.00646	0.00673	0.00547	0.00413	0.00807	0.00780	0.01067	0.01570	0.03014	0.01722	0.59197	0.24918	0.00601	0.00762	0.00700	0.00305	0.00359
7	0.01113	0.01144	0.04114	0.51385	0.22241	0.04268	0.05471	0.01455	0.01106	0.01449	0.00941	0.01338	0.00730	0.00502	0.00522	0.00167	0.00697	0.00464	0.00241	0.00654
8	0.01945	0.02482	0.01476	0.01342	0.01610	0.79608	0.01006	0.02079	0.01476	0.01275	0.00805	0.00939	0.00671	0.00537	0.00470	0.00134	0.00939	0.00335	0.00268	0.00604
9	0.01030	0.00954	0.01575	0.75555	0.05234	0.01177	0.01432	0.04297	0.01100	0.01416	0.00940	0.01381	0.00705	0.00523	0.00521	0.00172	0.00688	0.00463	0.00243	0.00596
10	0.00753	0.00509	0.00597	0.00601	0.00611	0.00518	0.00355	0.00775	0.00772	0.01039	0.01646	0.05239	0.01870	0.71403	0.10781	0.00533	0.00594	0.00754	0.00316	0.00334
11	0.00641	0.00458	0.00612	0.00733	0.00766	0.00429	0.00495	0.00737	0.01004	0.01337	0.02867	0.78916	0.03430	0.01625	0.00666	0.00212	0.00308	0.03858	0.00483	0.00425
12	0.06945	0.31943	0.01873	0.01105	0.01439	0.40580	0.00919	0.03309	0.01283	0.01367	0.00912	0.01027	0.03008	0.00530	0.00434	0.00131	0.01964	0.00338	0.00266	0.00626
13	0.00719	0.00490	0.00588	0.00632	0.00645	0.00480	0.00387	0.00756	0.00850	0.01132	0.02082	0.29361	0.02441	0.52770	0.01935	0.00400	0.00437	0.03164	0.00376	0.00356
14	0.03434	0.00658	0.00837	0.00746	0.00944	0.00621	0.00581	0.01432	0.06360	0.17859	0.51865	0.03327	0.04939	0.00955	0.00586	0.00167	0.00309	0.03212	0.00574	0.00595
15	0.01009	0.00951	0.01608	0.74063	0.09773	0.01164	0.01459	0.01353	0.01053	0.01361	0.00930	0.01380	0.00705	0.00516	0.00520	0.00172	0.00688	0.00463	0.00234	0.00599
16	0.00651	0.00478	0.00598	0.00683	0.00742	0.00440	0.00466	0.00751	0.01032	0.01348	0.05466	0.56883	0.16591	0.07957	0.00815	0.00228	0.00315	0.03663	0.00473	0.00421
17	0.53965	0.01156	0.01063	0.07078	0.01390	0.02919	0.00760	0.22334	0.01343	0.02497	0.00888	0.01002	0.00665	0.00527	0.00396	0.00160	0.00484	0.00349	0.00369	0.00655
18	0.02016	0.01355	0.01493	0.01150	0.01560	0.01467	0.00948	0.62335	0.04668	0.15505	0.01408	0.01357	0.00973	0.00631	0.00522	0.00158	0.00547	0.00482	0.00541	0.00884
19	0.00802	0.00652	0.00733	0.00702	0.00832	0.05473	0.00526	0.01024	0.01420	0.01935	0.62263	0.08538	0.09077	0.01091	0.00611	0.00168	0.00300	0.02822	0.00541	0.00491
20	0.00905	0.00559	0.00682	0.00664	0.00809	0.00498	0.00483	0.01046	0.01198	0.12604	0.18196	0.23710	0.26444	0.08809	0.00806	0.00211	0.00318	0.01051	0.00509	0.00498
21	0.01699	0.20537	0.14332	0.01228	0.01635	0.39805	0.01113	0.06115	0.01375	0.06324	0.00911	0.01011	0.00719	0.00521	0.00449	0.00137	0.00772	0.00350	0.00288	0.00679
22	0.18995	0.11659	0.08267	0.01140	0.01498	0.37154	0.00972	0.08226	0.04663	0.01730	0.00885	0.00992	0.00706	0.00526	0.00432	0.00143	0.00713	0.00344	0.00303	0.00651
23	0.02243	0.00898	0.01204	0.00934	0.01323	0.00796	0.00771	0.06066	0.01529	0.71338	0.03929	0.01900	0.01402	0.00674	0.00531	0.00163	0.00445	0.02355	0.00633	0.00866
24	0.02278	0.00875	0.01194	0.00928	0.01320	0.00759	0.00768	0.02481	0.01479	0.75777	0.02082	0.01934	0.01356	0.00676	0.00531	0.00164	0.00445	0.03446	0.00638	0.00870
25	0.01063	0.06821	0.75031	0.01453	0.02206	0.01254	0.01870	0.01645	0.01097	0.01627	0.00924	0.01086	0.00660	0.00492	0.00486	0.00162	0.00759	0.00379	0.00220	0.00764
26	0.07148	0.01226	0.01396	0.06970	0.01629	0.01330	0.00937	0.46379	0.03856	0.17254	0.01412	0.01498	0.01014	0.00726	0.02677	0.00180	0.00563	0.02484	0.00503	0.00819
27	0.00753	0.00505	0.00577	0.00577	0.00586	0.00502	0.00331	0.00771	0.00808	0.01086	0.06495	0.05389	0.02122	0.74613	0.02473	0.00476	0.00483	0.00787	0.00336	0.00329
28	0.00757	0.00505	0.00568	0.00568	0.00568	0.00505	0.00316	0.00757	0.00757	0.01010	0.01641	0.03408	0.01893	0.81698	0.02651	0.00505	0.00505	0.00757	0.00316	0.00316
29	0.01232	0.01179	0.02011	0.17627	0.64465	0.01222	0.01570	0.01548	0.01159	0.01632	0.00969	0.01307	0.00800	0.00475	0.00517	0.00158	0.00633	0.00464	0.00253	0.00779
30	0.01980	0.01459	0.01563	0.01198	0.01615	0.01615	0.00990	0.76713	0.02448	0.03282	0.01250	0.01250	0.00886	0.00625	0.00521	0.00156	0.00573	0.00469	0.00521	0.00886
31	0.01045	0.02694	0.79000	0.01484	0.02254	0.01209	0.01924	0.01649	0.01099	0.01649	0.00935	0.01099	0.00660	0.00495	0.00495	0.00165	0.00770	0.00385	0.00220	0.00770
32	0.00622	0.00530	0.00536	0.00539	0.00714	0.00444	0.00408	0.00756	0.01187	0.01411	0.05207	0.05035	0.76182	0.01322	0.00618	0.00178	0.00270	0.03117	0.00483	0.00441
33	0.00983	0.00926	0.01562	0.80447	0.03587	0.01157	0.01446	0.01331	0.01041	0.01331	0.00926	0.01388	0.00694	0.00521	0.00521	0.00174	0.00694	0.00463	0.00231	0.00579
34	0.00983	0.00926	0.01562	0.80447	0.03587	0.01157	0.01446	0.01331	0.01041	0.01331	0.00926	0.01388	0.00694	0.00521	0.00521	0.00174	0.00694	0.00463	0.00231	0.00579
35	0.00983	0.00926	0.01562	0.80447	0.03587	0.01157	0.01446	0.01331	0.01041	0.01331	0.00926	0.01388	0.00694	0.00521	0.00521	0.00174	0.00694	0.00463	0.00231	0.00579
36	0.00643	0.00471	0.00627	0.02974	0.00832	0.00445	0.00505	0.00744	0.01010	0.01334	0.02967	0.74278	0.08080	0.01580	0.00658	0.00208	0.00311	0.01428	0.00476	0.00428
37	0.01061	0.00577	0.00688	0.00635	0.00713	0.00554	0.00402	0.01104	0.00903	0.15796	0.01720	0.03070	0.01768	0.64819	0.02205	0.00433	0.00488	0.00708	0.01929	0.00427
38	0.00740	0.00533	0.00696	0.00659	0.00779	0.00494	0.00494	0.00979	0.01452	0.02053	0.74934	0.03917	0.04806	0.02944	0.00664	0.00173	0.00256	0.02374	0.00565	0.00487
39	0.01295	0.01119	0.01178	0.01060	0.01354	0.01295	0.00824	0.02767	0.77509	0.02178	0.02120	0.01943	0.01590	0.00707	0.00530	0.00177	0.00412	0.00589	0.00530	0.00824
40	0.04471	0.00867	0.01154	0.00895	0.01281	0.00756	0.00737	0.02398	0.01455	0.71867	0.02222	0.01952	0.06119	0.00683	0.00524	0.00162	0.00431	0.00553	0.00626	0.00849
41	0.00953	0.00581	0.00751	0.00701	0.00864	0.00526	0.00538	0.01166	0.01390	0.13096	0.48141	0.09496	0.13399	0.01098	0.00611	0.00173	0.00294	0.05124	0.00560	0.00537
42	0.00634	0.00453	0.00604	0.00725	0.00755	0.00423	0.00483	0.00725	0.00997	0.01329	0.02870	0.81358	0.03444	0.01632	0.00665	0.00211	0.00302	0.01480	0.00483	0.00423
43	0.00621	0.00504	0.00551	0.00589	0.00720	0.00434	0.00423	0.00740	0.01128	0.01383	0.04526	0.28814	0.54920	0.01416	0.00631	0.00187	0.00276	0.01218	0.00484	0.00434
44	0.00722	0.00526	0.00682	0.00675	0.00789	0.00486	0.00506	0.00938	0.01373	0.01907	0.58415	0.14544	0.09467	0.01182	0.00628	0.00176	0.00269	0.05689	0.00549	0.00478
45	0.00762	0.00536	0.00631	0.00642	0.00782	0.00474	0.00474	0.00907	0.01192	0.06364	0.15000	0.22629	0.38906	0.03599	0.00684	0.00194	0.00299	0.04951	0.00502	0.00470
46	0.01980	0.01459	0.01563	0.01198	0.01615	0.01615	0.00990	0.76713	0.02448	0.03282	0.01250	0.01250	0.00886	0.00625	0.00521	0.00156	0.00573	0.00469	0.00521	0.00886
47	0.00983	0.00926	0.01562	0.80447	0.03587	0.01157	0.01446	0.01331	0.01041	0.01331	0.00926	0.01388	0.00694	0.00521	0.00521	0.00174	0.00694	0.00463	0.00231	0.00579
48	0.00805	0.00549	0.00686	0.00648	0.00795	0.00493	0.00487	0.01013	0.01383	0.06728	0.52746	0.08566	0.20891	0.01128	0.00612	0.00169	0.00265	0.00982	0.00553	0.00501
49	0.85377	0.01007	0.00765	0.00685	0.01007	0.01168	0.00564	0.01531	0.00886	0.02336	0.00725	0.00846	0.00564	0.00483	0.00322	0.00161	0.00403	0.00282	0.00322	0.00564
50	0.00744	0.00558	0.00837	0.00837	0.00930	0.00651	0.00651	0.00930	0.00837	0.01209	0.01395	0.02046	0.01302	0.03906	0.79635	0.00837	0.01395	0.00558	0.00279	0.00465
51	0.00757	0.00508	0.00584	0.00584	0.00589	0.00513	0.00335	0.00767	0.00762	0.01021	0.01626	0.03328	0.01859	0.77127	0.07174	0.00524	0.00557	0.00746	0.00313	0.00324
52	0.00631	0.00528	0.00549	0.00544	0.00713	0.00446	0.00408	0.00777	0.01223	0.01493	0.14491	0.04870	0.68969	0.01287	0.00615	0.00174	0.00261	0.01079	0.00495	0.00446
53	0.01080	0.00926	0.01080	0.00771	0.01234	0.00694	0.00617	0.01311	0.01080	0.01697	0.00926	0.01080	0.00771	0.00386	0.00386	0.00077	0.00386	0.00309	0.00309	0.84882
54	0.00640	0.00457	0.00610	0.00731	0.00763	0.00427	0.00492	0.00734	0.01002	0.01335	0.02867	0.79502	0.03433	0.01627	0.00666	0.00212	0.00306	0.03287	0.00483	0.00424
55	0.01080	0.00926	0.01080	0.00771	0.01234	0.00694	0.00617	0.01311	0.01080	0.01697	0.00926	0.01080	0.00771	0.00386	0.00386	0.00077	0.00386	0.00309	0.00309	0.84882
56	0.85377	0.01007	0.00765	0.00685	0.01007	0.01168	0.00564	0.01531	0.00886	0.02336	0.00725	0.00846	0.00564	0.00483	0.00322	0.00161	0.00403	0.00282	0.00322	0.00564
57	0.00756	0.00508	0.00586	0.00586	0.00592	0.00514	0.00337	0.00769	0.00763	0.01023	0.01625	0.03319	0.01855	0.76626	0.07670	0.00527	0.00563	0.00744	0.00313	0.00325
58	0.01392	0.82012	0.02729	0.00891	0.01337	0.02061	0.00891	0.01559	0.01058	0.01225	0.00724	0.00835	0.00668	0.00446	0.00334	0.00111	0.00557	0.00278	0.00223	0.00668
59	0.00983	0.00926	0.01562	0.80447	0.03587	0.01157	0.01446	0.01331	0.01041	0.01331	0.00926	0.01388	0.00694	0.00521	0.00521	0.00174	0.00694	0.00463	0.00231	0.00579
60	0.00999	0.00941	0.01590	0.76591	0.07323	0.01161	0.01454	0.01344	0.01049	0.01349	0.00928	0.01383	0.00701	0.00518	0.00520	0.00173	0.00690	0.00463	0.00233	0.00591
61	0.00766	0.00528	0.00681	0.00760	0.00825	0.00507	0.00523	0.05564	0.01102	0.03570	0.02746	0.74135	0.03224	0.01541	0.00652	0.00207	0.00323	0.01391	0.00490	0.00465
62	0.00672	0.00545	0.00607	0.00634	0.00795	0.00479	0.00504	0.00833	0.01198	0.01463	0.06877	0.05183	0.58165	0.01340	0.00640	0.00191	0.00314	0.18624	0.00485	0.00451
63	0.01086	0.00931	0.01083	0.00779	0.01237	0.00711	0.00623	0.01351	0.03157	0.01710	0.00958	0.01103	0.00794	0.00394	0.00390	0.00080	0.00386	0.00316	0.00315	0.82597
64	0.08057	0.17992	0.25956	0.03774	0.06379	0.01413	0.26083	0.01616	0.01120	0.01620	0.00916	0.01144	0.00707	0.00465	0.00490	0.00157	0.00722	0.00437	0.00246	0.00708
65	0.01525	0.57261	0.02340	0.00984	0.01405	0.06052	0.00911	0.15770	0.06448	0.01677	0.00920	0.00993	0.00771	0.00502	0.00389	0.00125	0.00571	0.00338	0.00302	0.00716
66	0.00744	0.00558	0.00837	0.00837	0.00930	0.00651	0.00651	0.00930	0.00837	0.01209	0.01395	0.02046	0.01302	0.03906	0.79635	0.00837	0.01395	0.00558	0.00279	0.00465
67	0.00641	0.00458	0.00612	0.00733	0.00766	0.00429	0.00495	0.00737	0.01004	0.01337	0.02867	0.78916	0.03430	0.01625	0.00666	0.00212	0.00308	0.03858	0.00483	0.00425
68	0.07166	0.01418	0.01482	0.03659	0.01614	0.03818	0.00962	0.65345	0.02243	0.03051	0.01303	0.01322	0.02955	0.00629	0.00509	0.00157	0.00568	0.00470	0.00491	0.00835
69	0.00757	0.00505	0.00568	0.00568	0.00568	0.00505	0.00316	0.00757	0.00757	0.01010	0.01641	0.03408	0.01893	0.81698	0.02651	0.00505	0.00505	0.00757	0.00316	0.00316
70	0.05107	0.00726	0.00897	0.00773	0.01005	0.00693	0.00606	0.05189	0.05802	0.22393	0.43685	0.02997	0.06198	0.00895	0.00568	0.00164	0.00331	0.00764	0.00572	0.00635
71	0.01823	0.01335	0.01457	0.01106	0.01531	0.01407	0.00910	0.59487	0.02151	0.05947	0.01220	0.01238	0.00880	0.00580	0.00495	0.00141	0.00532	0.00441	0.00485	0.16831
72	0.68455	0.00926	0.00790	0.00786	0.03884	0.01050	0.00590	0.01403	0.00916	0.02149	0.01083	0.13930	0.01041	0.00669	0.00385	0.00169	0.00395	0.00483	0.00346	0.00551
73	0.01883	0.01293	0.01436	0.01091	0.01514	0.01348	0.00898	0.54226	0.02094	0.13462	0.01309	0.01295	0.00923	0.00589	0.00499	0.00144	0.00525	0.00450	0.00504	0.14518

[dist]
# distance from previous block
# <min> <max>
0	1

[block]
# block no. 1 follows, 47 sequences, length 85
# corresponding to MSA columns:
# 317-401
name=unknown_B
#
# <colnr> <probs for GDERKNQSTAVLIFYWHMCP>
#	G	D	E	R	K	N	Q	S	T	A	V	L	I	F	Y	W	H	M	C	P
0	0.01191	0.00659	0.00862	0.00759	0.00964	0.00610	0.00593	0.01491	0.05577	0.22249	0.51517	0.03295	0.03717	0.00947	0.00589	0.00166	0.00314	0.03299	0.00587	0.00613
1	0.01339	0.59164	0.19099	0.01102	0.03651	0.05310	0.01138	0.01603	0.01089	0.01332	0.00780	0.00909	0.00671	0.00461	0.00380	0.00125	0.00621	0.00309	0.00225	0.00692
2	0.01131	0.19511	0.57744	0.01405	0.02089	0.01398	0.06623	0.01631	0.01099	0.01560	0.00898	0.01063	0.00670	0.00481	0.00468	0.00154	0.00731	0.00377	0.00223	0.00744
3	0.00634	0.00453	0.00604	0.00725	0.00755	0.00423	0.00483	0.00725	0.00997	0.01329	0.02870	0.81358	0.03444	0.01632	0.00665	0.00211	0.00302	0.01480	0.00483	0.00423
4	0.80183	0.00978	0.00761	0.00683	0.00993	0.01127	0.00560	0.01497	0.00922	0.02321	0.05478	0.01033	0.00831	0.00519	0.00340	0.00161	0.00393	0.00322	0.00338	0.00560
5	0.01347	0.71749	0.12598	0.00968	0.01455	0.01950	0.01025	0.01571	0.01063	0.01280	0.00751	0.00870	0.00667	0.00452	0.00355	0.00118	0.00584	0.00292	0.00222	0.00681
6	0.01046	0.00662	0.00766	0.00707	0.00803	0.00670	0.00473	0.11083	0.01080	0.08064	0.01772	0.10962	0.01887	0.54049	0.01940	0.00393	0.00488	0.02307	0.00392	0.00455
7	0.11333	0.01110	0.01193	0.00998	0.01329	0.01218	0.00800	0.21735	0.31507	0.13534	0.08277	0.01778	0.01530	0.00681	0.00510	0.00166	0.00443	0.00543	0.00524	0.00790
8	0.03510	0.01078	0.01278	0.00976	0.01390	0.01034	0.00800	0.24470	0.04834	0.35392	0.01554	0.01460	0.01058	0.00584	0.00490	0.00143	0.00468	0.00460	0.00526	0.18495
9	0.01054	0.04842	0.76934	0.01468	0.02229	0.01232	0.01896	0.01647	0.01098	0.01638	0.00929	0.01092	0.00660	0.00493	0.00490	0.00163	0.00764	0.00382	0.00220	0.00767
10	0.00636	0.00465	0.00600	0.00706	0.00756	0.00429	0.00480	0.00735	0.01024	0.01343	0.03156	0.70640	0.12397	0.01590	0.00660	0.00208	0.00301	0.02963	0.00483	0.00426
11	0.01289	0.01237	0.02114	0.03196	0.78450	0.01237	0.01598	0.01598	0.01186	0.01701	0.00980	0.01289	0.00825	0.00464	0.00516	0.00155	0.00619	0.00464	0.00258	0.00825
12	0.00653	0.00466	0.00626	0.00746	0.00785	0.00439	0.00516	0.00757	0.01015	0.01350	0.02860	0.74519	0.03404	0.01614	0.00670	0.00214	0.00318	0.08137	0.00483	0.00428
13	0.01980	0.01459	0.01563	0.01198	0.01615	0.01615	0.00990	0.76713	0.02448	0.03282	0.01250	0.01250	0.00886	0.00625	0.00521	0.00156	0.00573	0.00469	0.00521	0.00886
14	0.00677	0.00477	0.00600	0.00669	0.00703	0.00452	0.00434	0.00757	0.00977	0.01307	0.09091	0.50366	0.05493	0.24076	0.01217	0.00289	0.00353	0.01219	0.00444	0.00399
15	0.00757	0.00505	0.00568	0.00568	0.00568	0.00505	0.00316	0.00757	0.00757	0.01010	0.01641	0.03408	0.01893	0.81698	0.02651	0.00505	0.00505	0.00757	0.00316	0.00316
16	0.01229	0.01405	0.03073	0.02195	0.02722	0.01317	0.76558	0.01668	0.01229	0.01668	0.01054	0.01405	0.00790	0.00439	0.00615	0.00176	0.00878	0.00615	0.00263	0.00702
17	0.00634	0.00453	0.00604	0.00725	0.00755	0.00423	0.00483	0.00725	0.00997	0.01329	0.02870	0.81358	0.03444	0.01632	0.00665	0.00211	0.00302	0.01480	0.00483	0.00423
18	0.85377	0.01007	0.00765	0.00685	0.01007	0.01168	0.00564	0.01531	0.00886	0.02336	0.00725	0.00846	0.00564	0.00483	0.00322	0.00161	0.00403	0.00282	0.00322	0.00564
19	0.00631	0.00519	0.00556	0.00566	0.00718	0.00443	0.00417	0.00771	0.01195	0.01472	0.13030	0.14353	0.60865	0.01330	0.00621	0.00179	0.00267	0.01129	0.00493	0.00443
20	0.05766	0.01438	0.01527	0.01175	0.01587	0.01595	0.00970	0.73300	0.02378	0.03239	0.01226	0.01232	0.00871	0.00619	0.00512	0.00157	0.00565	0.00460	0.00512	0.00871
21	0.01090	0.00962	0.01168	0.00874	0.01257	0.00849	0.00707	0.01301	0.01031	0.01621	0.00884	0.01090	0.00756	0.00476	0.00613	0.00103	0.14201	0.00334	0.00295	0.70387
22	0.01185	0.01325	0.02840	0.02055	0.02530	0.01267	0.67958	0.01593	0.01184	0.01617	0.01073	0.01453	0.00831	0.00751	0.07455	0.00234	0.03102	0.00605	0.00264	0.00678
23	0.00615	0.00528	0.00528	0.00528	0.00703	0.00440	0.00396	0.00747	0.01187	0.01407	0.05276	0.05012	0.78238	0.01319	0.00615	0.00176	0.00264	0.01099	0.00484	0.00440
24	0.03400	0.00811	0.00962	0.00815	0.01086	0.00776	0.00644	0.15141	0.01513	0.25993	0.11319	0.12163	0.21258	0.00972	0.00569	0.00170	0.00382	0.00814	0.00547	0.00667
25	0.02306	0.00936	0.01239	0.00950	0.01354	0.00839	0.00785	0.08931	0.01573	0.72300	0.01985	0.01728	0.01254	0.00643	0.00523	0.00161	0.00454	0.00519	0.00634	0.00886
26	0.01980	0.01459	0.01563	0.01198	0.01615	0.01615	0.00990	0.76713	0.02448	0.03282	0.01250	0.01250	0.00886	0.00625	0.00521	0.00156	0.00573	0.00469	0.00521	0.00886
27	0.00615	0.00528	0.00528	0.00528	0.00703	0.00440	0.00396	0.00747	0.01187	0.01407	0.05276	0.05012	0.78238	0.01319	0.00615	0.00176	0.00264	0.01099	0.00484	0.00440
28	0.00659	0.00498	0.00609	0.00647	0.00747	0.00448	0.00460	0.00808	0.01193	0.01576	0.25789	0.36116	0.25813	0.01373	0.00635	0.00187	0.00274	0.01210	0.00510	0.00448
29	0.00833	0.00597	0.00831	0.00947	0.01069	0.00595	0.00827	0.01070	0.01198	0.01554	0.02827	0.05850	0.05075	0.01435	0.00716	0.00238	0.00474	0.72905	0.00480	0.00478
30	0.01229	0.01405	0.03073	0.02195	0.02722	0.01317	0.76558	0.01668	0.01229	0.01668	0.01054	0.01405	0.00790	0.00439	0.00615	0.00176	0.00878	0.00615	0.00263	0.00702
31	0.00734	0.00532	0.00692	0.00652	0.00776	0.00490	0.00489	0.00978	0.01468	0.02073	0.76553	0.03915	0.06545	0.01070	0.00614	0.00164	0.00246	0.00945	0.00571	0.00490
32	0.00754	0.00541	0.00686	0.00762	0.00824	0.00528	0.00523	0.07276	0.01116	0.01489	0.02697	0.72342	0.03182	0.03714	0.00706	0.00215	0.00331	0.01374	0.00482	0.00460
33	0.01002	0.00516	0.00519	0.00508	0.00638	0.00521	0.00384	0.03586	0.01135	0.01984	0.01685	0.01920	0.01321	0.00607	0.00369	0.00122	0.00253	0.00485	0.81948	0.00498
34	0.01109	0.01097	0.01562	0.01340	0.01358	0.01513	0.02574	0.01235	0.00809	0.01258	0.00749	0.01218	0.00736	0.01145	0.08014	0.00276	0.72742	0.00467	0.00233	0.00564
35	0.00709	0.00520	0.00665	0.00652	0.00767	0.00476	0.00480	0.00920	0.01374	0.01906	0.59505	0.15516	0.12220	0.01175	0.00622	0.00172	0.00256	0.01038	0.00551	0.00476
36	0.00680	0.00492	0.00642	0.00684	0.00763	0.00455	0.00483	0.00843	0.01222	0.01676	0.37051	0.42712	0.07636	0.01360	0.00640	0.00188	0.00275	0.01219	0.00524	0.00455
37	0.01080	0.00926	0.01080	0.00771	0.01234	0.00694	0.00617	0.01311	0.01080	0.01697	0.00926	0.01080	0.00771	0.00386	0.00386	0.00077	0.00386	0.00309	0.00309	0.84882
38	0.02010	0.01409	0.01532	0.01175	0.01590	0.01542	0.00970	0.70320	0.02366	0.09792	0.01320	0.01295	0.00920	0.00627	0.00521	0.00157	0.00562	0.00474	0.00532	0.00886
39	0.00634	0.00453	0.00604	0.00725	0.00755	0.00423	0.00483	0.00725	0.00997	0.01329	0.02870	0.81358	0.03444	0.01632	0.00665	0.00211	0.00302	0.01480	0.00483	0.00423
40	0.00825	0.00838	0.11370	0.00773	0.00994	0.00596	0.00692	0.01115	0.01414	0.04417	0.62946	0.03479	0.06553	0.00982	0.00595	0.00164	0.00324	0.00858	0.00525	0.00540
41	0.01279	0.01232	0.02116	0.05312	0.74984	0.01237	0.02978	0.01592	0.01183	0.01690	0.00979	0.01294	0.00821	0.00465	0.00518	0.00156	0.00626	0.00467	0.00257	0.00816
42	0.00633	0.00458	0.00600	0.00713	0.00752	0.00424	0.00478	0.00726	0.01008	0.01334	0.03014	0.76789	0.07921	0.01613	0.00662	0.00209	0.00300	0.01458	0.00483	0.00424
43	0.00983	0.00926	0.01562	0.80447	0.03587	0.01157	0.01446	0.01331	0.01041	0.01331	0.00926	0.01388	0.00694	0.00521	0.00521	0.00174	0.00694	0.00463	0.00231	0.00579
44	0.01289	0.01237	0.02114	0.03196	0.78450	0.01237	0.01598	0.01598	0.01186	0.01701	0.00980	0.01289	0.00825	0.00464	0.00516	0.00155	0.00619	0.00464	0.00258	0.00825
45	0.01045	0.02694	0.79000	0.01484	0.02254	0.01209	0.01924	0.01649	0.01099	0.01649	0.00935	0.01099	0.00660	0.00495	0.00495	0.00165	0.00770	0.00385	0.00220	0.00770
46	0.85377	0.01007	0.00765	0.00685	0.01007	0.01168	0.00564	0.01531	0.00886	0.02336	0.00725	0.00846	0.00564	0.00483	0.00322	0.00161	0.00403	0.00282	0.00322	0.00564
47	0.00633	0.00460	0.00598	0.00708	0.00751	0.00424	0.00476	0.00727	0.01013	0.01336	0.03078	0.74778	0.09891	0.01605	0.00660	0.00208	0.00299	0.01448	0.00483	0.00424
48	0.01392	0.82012	0.02729	0.00891	0.01337	0.02061	0.00891	0.01559	0.01058	0.01225	0.00724	0.00835	0.00668	0.00446	0.00334	0.00111	0.00557	0.00278	0.00223	0.00668
49	0.82735	0.01003	0.00780	0.00693	0.01017	0.01155	0.00570	0.01563	0.00905	0.04769	0.00767	0.00875	0.00587	0.00489	0.00329	0.00161	0.00404	0.00290	0.00333	0.00574
50	0.01262	0.01354	0.01717	0.01441	0.01529	0.12601	0.08199	0.01409	0.00934	0.01295	0.00735	0.01136	0.00692	0.00814	0.01431	0.00210	0.61963	0.00454	0.00237	0.00587
51	0.01050	0.02659	0.76928	0.01504	0.02267	0.01212	0.03960	0.01650	0.01103	0.01650	0.00938	0.01108	0.00663	0.00493	0.00498	0.00165	0.00773	0.00391	0.00221	0.00768
52	0.01289	0.01237	0.02114	0.03196	0.78450	0.01237	0.01598	0.01598	0.01186	0.01701	0.00980	0.01289	0.00825	0.00464	0.00516	0.00155	0.00619	0.00464	0.00258	0.00825
53	0.00617	0.00523	0.00532	0.00539	0.00706	0.00439	0.00401	0.00746	0.01176	0.01402	0.05133	0.09529	0.73813	0.01337	0.00618	0.00178	0.00266	0.01122	0.00484	0.00439
54	0.01289	0.01237	0.02114	0.03196	0.78450	0.01237	0.01598	0.01598	0.01186	0.01701	0.00980	0.01289	0.00825	0.00464	0.00516	0.00155	0.00619	0.00464	0.00258	0.00825
55	0.25646	0.01311	0.01383	0.01224	0.08065	0.01455	0.00921	0.48850	0.01895	0.02877	0.01078	0.01139	0.00789	0.00571	0.00464	0.00158	0.00529	0.00415	0.00442	0.00789
56	0.00744	0.00558	0.00837	0.00837	0.00930	0.00651	0.00651	0.00930	0.00837	0.01209	0.01395	0.02046	0.01302	0.03906	0.79635	0.00837	0.01395	0.00558	0.00279	0.00465
57	0.00674	0.00579	0.00584	0.00573	0.00759	0.00513	0.00433	0.00921	0.07765	0.01473	0.05004	0.04747	0.71632	0.01266	0.00608	0.00176	0.00277	0.01055	0.00488	0.00473
58	0.00905	0.00452	0.00678	0.00678	0.00678	0.00452	0.00452	0.00678	0.00678	0.00905	0.00905	0.01583	0.00905	0.01809	0.02035	0.84848	0.00452	0.00452	0.00226	0.00226
59	0.00905	0.00452	0.00678	0.00678	0.00678	0.00452	0.00452	0.00678	0.00678	0.00905	0.00905	0.01583	0.00905	0.01809	0.02035	0.84848	0.00452	0.00452	0.00226	0.00226
60	0.00840	0.00580	0.00702	0.00734	0.00877	0.00541	0.00559	0.01066	0.05892	0.07617	0.03573	0.30426	0.29028	0.01353	0.00638	0.00198	0.00338	0.14037	0.00499	0.00500
61	0.02010	0.01409	0.01532	0.01175	0.01590	0.01542	0.00970	0.70320	0.02366	0.09792	0.01320	0.01295	0.00920	0.00627	0.00521	0.00157	0.00562	0.00474	0.00532	0.00886
62	0.00663	0.00465	0.00596	0.00688	0.00711	0.00442	0.00444	0.00733	0.00941	0.01254	0.02582	0.63052	0.03080	0.20435	0.01131	0.00280	0.00350	0.01311	0.00444	0.00398
63	0.73119	0.00931	0.00734	0.00670	0.00953	0.01068	0.00537	0.01439	0.00893	0.02201	0.00909	0.04212	0.00791	0.05267	0.00473	0.00181	0.00397	0.00366	0.04317	0.00540
64	0.00756	0.00507	0.00579	0.00575	0.00586	0.00504	0.00331	0.00777	0.00819	0.01103	0.08238	0.03449	0.02154	0.74748	0.02475	0.00475	0.00483	0.00773	0.00338	0.00331
65	0.04600	0.00890	0.01196	0.00920	0.01321	0.00776	0.00760	0.02510	0.01474	0.76726	0.02018	0.01747	0.01269	0.00640	0.00518	0.00161	0.00442	0.00517	0.00636	0.00877
66	0.00700	0.00578	0.00622	0.00611	0.00781	0.00525	0.00460	0.00968	0.07828	0.01594	0.17789	0.07322	0.54652	0.01234	0.00611	0.00176	0.00278	0.02284	0.00503	0.00482
67	0.00686	0.00496	0.00650	0.00693	0.00773	0.00460	0.00494	0.00854	0.01228	0.01686	0.37469	0.41236	0.06618	0.01356	0.00641	0.00189	0.00280	0.03211	0.00525	0.00456
68	0.06492	0.02301	0.60944	0.01349	0.02029	0.01160	0.01650	0.04284	0.01185	0.12254	0.01085	0.01180	0.00747	0.00519	0.00489	0.00164	0.00696	0.00400	0.00294	0.00777
69	0.10786	0.00948	0.01194	0.00925	0.01321	0.00880	0.00764	0.08829	0.01511	0.64491	0.01849	0.01633	0.01180	0.00626	0.00503	0.00161	0.00450	0.00494	0.00601	0.00853
70	0.00679	0.00489	0.00604	0.00653	0.00728	0.00451	0.00450	0.00808	0.01114	0.01504	0.19673	0.41294	0.15616	0.09046	0.00823	0.00220	0.00300	0.01191	0.03924	0.00433
71	0.08043	0.00653	0.00677	0.00651	0.00844	0.00633	0.00500	0.01143	0.11606	0.01717	0.17241	0.04066	0.45631	0.01123	0.00582	0.00175	0.00300	0.03412	0.00492	0.00513
72	0.00688	0.00509	0.00643	0.00654	0.00759	0.00464	0.00473	0.00872	0.01293	0.01764	0.45107	0.25772	0.16548	0.01265	0.00629	0.00179	0.00264	0.01118	0.00533	0.00464
73	0.03663	0.01211	0.01400	0.01075	0.01484	0.01251	0.00888	0.44292	0.02019	0.34869	0.01577	0.01461	0.01049	0.00631	0.00518	0.00158	0.00516	0.00488	0.00569	0.00880
74	0.00959	0.00549	0.00588	0.00569	0.00702	0.00560	0.00429	0.05091	0.01129	0.01844	0.01948	0.02247	0.07961	0.04684	0.09197	0.00224	0.00400	0.00558	0.59871	0.00493
75	0.00886	0.00714	0.00977	0.00924	0.01027	0.00861	0.00723	0.03144	0.08350	0.01351	0.01379	0.01978	0.01272	0.08178	0.53937	0.00648	0.12272	0.00557	0.00305	0.00516
76	0.01980	0.01459	0.01563	0.01198	0.01615	0.01615	0.00990	0.76713	0.02448	0.03282	0.01250	0.01250	0.00886	0.00625	0.00521	0.00156	0.00573	0.00469	0.00521	0.00886
77	0.00638	0.00466	0.00601	0.00708	0.00758	0.00430	0.00482	0.00737	0.01025	0.01345	0.03155	0.70220	0.12392	0.01589	0.00660	0.00208	0.00302	0.03374	0.00483	0.00426
78	0.01175	0.01148	0.01935	0.01389	0.01874	0.00997	0.32569	0.03888	0.02647	0.01744	0.01013	0.01238	0.00799	0.00422	0.00489	0.00123	0.00599	0.00448	0.00301	0.45203
79	0.00744	0.00557	0.00831	0.00831	0.00921	0.00648	0.00643	0.00926	0.00835	0.01204	0.01401	0.02078	0.01316	0.05727	0.77832	0.00829	0.01374	0.00563	0.00280	0.00461
80	0.01980	0.01459	0.01563	0.01198	0.01615	0.01615	0.00990	0.76713	0.02448	0.03282	0.01250	0.01250	0.00886	0.00625	0.00521	0.00156	0.00573	0.00469	0.00521	0.00886
81	0.00641	0.00522	0.00567	0.00569	0.00722	0.00448	0.00422	0.00791	0.01227	0.01533	0.19272	0.11374	0.57505	0.01296	0.00619	0.00177	0.00264	0.01101	0.00501	0.00448
82	0.00746	0.00550	0.00795	0.00795	0.00874	0.00628	0.00599	0.00903	0.00825	0.01178	0.01433	0.02256	0.01393	0.15931	0.67734	0.00786	0.01257	0.00589	0.00285	0.00442
83	0.02274	0.00894	0.01204	0.00927	0.01322	0.00785	0.00764	0.04981	0.01522	0.73863	0.04419	0.01822	0.01389	0.00657	0.00526	0.00161	0.00441	0.00535	0.00638	0.00874
84	0.02263	0.00966	0.03345	0.00957	0.01368	0.00827	0.00808	0.05899	0.03097	0.71679	0.01989	0.01734	0.01260	0.00641	0.00523	0.00161	0.00457	0.00519	0.00625	0.00882

[dist]
# distance from previous block
# <min> <max>
0	2

[block]
# block no. 2 follows, 47 sequences, length 62
# corresponding to MSA columns:
# 404-465
name=unknown_C
#
# <colnr> <probs for GDERKNQSTAVLIFYWHMCP>
#	G	D	E	R	K	N	Q	S	T	A	V	L	I	F	Y	W	H	M	C	P
0	0.01760	0.01448	0.01597	0.01261	0.01649	0.06847	0.07300	0.48667	0.19174	0.02761	0.01399	0.01398	0.01021	0.00622	0.00527	0.00161	0.00587	0.00499	0.00484	0.00837
1	0.01271	0.03052	0.01543	0.01263	0.01425	0.07871	0.07876	0.09020	0.01108	0.05143	0.01022	0.01418	0.00897	0.02920	0.18103	0.00338	0.34339	0.00488	0.00296	0.00607
2	0.02738	0.00976	0.01666	0.70988	0.03426	0.01179	0.07418	0.02872	0.01081	0.01417	0.00938	0.01376	0.00703	0.00515	0.00524	0.00173	0.00701	0.00471	0.00242	0.00594
3	0.00827	0.00541	0.00698	0.00669	0.00780	0.00502	0.00482	0.01015	0.01313	0.06632	0.52977	0.13475	0.04070	0.12624	0.00906	0.00218	0.00302	0.00957	0.00530	0.00482
4	0.01324	0.01233	0.02027	0.08755	0.66448	0.01263	0.01536	0.07886	0.01281	0.01807	0.00998	0.01293	0.00820	0.00482	0.00516	0.00156	0.00620	0.00464	0.00278	0.00812
5	0.01106	0.01091	0.01531	0.01323	0.01330	0.01516	0.01098	0.01226	0.00801	0.01250	0.00743	0.01215	0.00736	0.01163	0.08253	0.00279	0.74082	0.00464	0.00232	0.00561
6	0.00715	0.00525	0.00670	0.00647	0.00768	0.00480	0.00480	0.00936	0.01403	0.01951	0.63939	0.10517	0.12748	0.01140	0.00619	0.00169	0.00252	0.01004	0.00556	0.00480
7	0.00798	0.00560	0.00733	0.00802	0.00910	0.00538	0.00644	0.00977	0.01152	0.03301	0.09444	0.16348	0.12632	0.09833	0.00887	0.00247	0.00408	0.38852	0.00475	0.00459
8	0.00742	0.00553	0.00700	0.00715	0.00839	0.00522	0.00551	0.00989	0.03960	0.01780	0.39632	0.15225	0.15767	0.01240	0.00638	0.00187	0.00305	0.14645	0.00528	0.00483
9	0.01322	0.01132	0.01193	0.01065	0.01364	0.01308	0.00831	0.05673	0.74560	0.02222	0.02085	0.01916	0.01562	0.00703	0.00530	0.00176	0.00418	0.00584	0.00530	0.00827
10	0.01705	0.01160	0.01298	0.01060	0.01405	0.01253	0.00860	0.34899	0.22643	0.15442	0.08139	0.01924	0.01564	0.00718	0.00539	0.00166	0.00476	0.03381	0.00547	0.00820
11	0.07997	0.00667	0.00740	0.00720	0.00838	0.00687	0.00509	0.11154	0.01154	0.01651	0.05892	0.24773	0.06615	0.26820	0.01234	0.00286	0.00411	0.03648	0.03730	0.00472
12	0.00644	0.00459	0.00607	0.00718	0.00748	0.00433	0.00477	0.00731	0.00979	0.01307	0.02763	0.74886	0.03304	0.06599	0.02463	0.00243	0.00338	0.01416	0.00469	0.00417
13	0.00641	0.00458	0.00612	0.00732	0.00765	0.00428	0.00495	0.00736	0.01003	0.01337	0.02867	0.79005	0.03430	0.01626	0.00666	0.00212	0.00308	0.03771	0.00483	0.00425
14	0.00794	0.00592	0.00745	0.00697	0.00837	0.00574	0.00525	0.01166	0.09268	0.02098	0.70379	0.03690	0.04573	0.01028	0.00606	0.00165	0.00263	0.00906	0.00569	0.00525
15	0.01025	0.00654	0.00723	0.00686	0.00836	0.00668	0.00517	0.13708	0.01292	0.01919	0.03889	0.16301	0.07910	0.05801	0.02053	0.01640	0.00359	0.03481	0.36017	0.00523
16	0.85377	0.01007	0.00765	0.00685	0.01007	0.01168	0.00564	0.01531	0.00886	0.02336	0.00725	0.00846	0.00564	0.00483	0.00322	0.00161	0.00403	0.00282	0.00322	0.00564
17	0.02315	0.00891	0.01208	0.00929	0.01330	0.00776	0.00767	0.02543	0.03045	0.77243	0.02056	0.01776	0.01295	0.00646	0.00524	0.00161	0.00442	0.00525	0.00642	0.00885
18	0.00831	0.00594	0.00827	0.00934	0.01054	0.00590	0.00810	0.01071	0.01222	0.01603	0.09091	0.05708	0.03158	0.01407	0.00710	0.00233	0.00460	0.68730	0.00487	0.00481
19	0.01437	0.01165	0.01238	0.01072	0.01386	0.01328	0.00843	0.17017	0.59628	0.03945	0.01939	0.01840	0.01454	0.02584	0.00578	0.00180	0.00446	0.00568	0.00526	0.00826
20	0.00842	0.00625	0.00822	0.00907	0.01039	0.00630	0.00765	0.01170	0.07819	0.01603	0.05734	0.11738	0.08117	0.01369	0.00687	0.00225	0.00435	0.54484	0.00488	0.00502
21	0.01457	0.01277	0.01253	0.01091	0.01403	0.07903	0.00856	0.16734	0.54158	0.02286	0.01953	0.01834	0.04048	0.00698	0.00526	0.00169	0.00482	0.00562	0.00505	0.00804
22	0.04223	0.00474	0.00682	0.00679	0.00691	0.00480	0.00457	0.00712	0.00687	0.00961	0.00898	0.01554	0.00891	0.01757	0.01968	0.81521	0.00450	0.00446	0.00230	0.00239
23	0.00617	0.00522	0.00534	0.00543	0.00708	0.00438	0.00403	0.00746	0.01172	0.01401	0.05083	0.11109	0.72265	0.01344	0.00619	0.00179	0.00267	0.01130	0.00484	0.00438
24	0.01021	0.00500	0.00512	0.00502	0.00633	0.00496	0.00379	0.01262	0.01107	0.04778	0.01712	0.01935	0.01333	0.00608	0.00370	0.00123	0.00250	0.00487	0.81492	0.00500
25	0.01379	0.79065	0.05562	0.00913	0.01371	0.02029	0.00929	0.01563	0.01060	0.01241	0.00732	0.00845	0.00668	0.00447	0.00340	0.00113	0.00565	0.00282	0.00223	0.00672
26	0.01293	0.01161	0.01514	0.01829	0.29092	0.01274	0.01103	0.02347	0.50049	0.02007	0.01709	0.01708	0.01315	0.00619	0.00525	0.00169	0.00486	0.00544	0.00432	0.00825
27	0.00615	0.00528	0.00528	0.00528	0.00703	0.00440	0.00396	0.00747	0.01187	0.01407	0.05276	0.05012	0.78238	0.01319	0.00615	0.00176	0.00264	0.01099	0.00484	0.00440
28	0.01694	0.01317	0.01402	0.01140	0.01506	0.01482	0.00921	0.45874	0.33752	0.02822	0.01613	0.01539	0.01179	0.00659	0.00525	0.00165	0.00506	0.00519	0.00525	0.00860
29	0.01084	0.11754	0.70288	0.01417	0.02149	0.01307	0.01806	0.01639	0.01095	0.01601	0.00911	0.01069	0.00661	0.00489	0.00476	0.00159	0.00745	0.00373	0.00220	0.00758
30	0.02026	0.01384	0.01517	0.01163	0.01578	0.01504	0.00961	0.67058	0.02324	0.13114	0.01355	0.01318	0.00938	0.00628	0.00521	0.00157	0.00556	0.00476	0.00537	0.00886
31	0.85377	0.01007	0.00765	0.00685	0.01007	0.01168	0.00564	0.01531	0.00886	0.02336	0.00725	0.00846	0.00564	0.00483	0.00322	0.00161	0.00403	0.00282	0.00322	0.00564
32	0.00757	0.00505	0.00568	0.00568	0.00568	0.00505	0.00316	0.00757	0.00757	0.01010	0.01641	0.03408	0.01893	0.81698	0.02651	0.00505	0.00505	0.00757	0.00316	0.00316
33	0.85377	0.01007	0.00765	0.00685	0.01007	0.01168	0.00564	0.01531	0.00886	0.02336	0.00725	0.00846	0.00564	0.00483	0.00322	0.00161	0.00403	0.00282	0.00322	0.00564
34	0.01224	0.01354	0.02529	0.01891	0.02235	0.04136	0.48984	0.01545	0.01095	0.01517	0.00923	0.01301	0.00751	0.00599	0.00971	0.00191	0.27294	0.00552	0.00252	0.00655
35	0.85377	0.01007	0.00765	0.00685	0.01007	0.01168	0.00564	0.01531	0.00886	0.02336	0.00725	0.00846	0.00564	0.00483	0.00322	0.00161	0.00403	0.00282	0.00322	0.00564
36	0.01980	0.01459	0.01563	0.01198	0.01615	0.01615	0.00990	0.76713	0.02448	0.03282	0.01250	0.01250	0.00886	0.00625	0.00521	0.00156	0.00573	0.00469	0.00521	0.00886
37	0.01902	0.01420	0.01519	0.01182	0.01585	0.01578	0.00971	0.68272	0.11017	0.03156	0.01350	0.01329	0.00966	0.00634	0.00522	0.00159	0.00555	0.00483	0.00522	0.00879
38	0.00634	0.00453	0.00604	0.00725	0.00755	0.00423	0.00483	0.00725	0.00997	0.01329	0.02870	0.81358	0.03444	0.01632	0.00665	0.00211	0.00302	0.01480	0.00483	0.00423
39	0.00622	0.00525	0.00538	0.00540	0.00709	0.00441	0.00403	0.00757	0.01194	0.01435	0.08501	0.07575	0.72350	0.01318	0.00617	0.00177	0.00264	0.01105	0.00488	0.00441
40	0.00615	0.00528	0.00528	0.00528	0.00703	0.00440	0.00396	0.00747	0.01187	0.01407	0.05276	0.05012	0.78238	0.01319	0.00615	0.00176	0.00264	0.01099	0.00484	0.00440
41	0.00971	0.00485	0.00485	0.00485	0.00607	0.00485	0.00364	0.01213	0.01092	0.01942	0.01699	0.01942	0.01335	0.00607	0.00364	0.00121	0.00243	0.00485	0.84589	0.00485
42	0.00915	0.00573	0.00741	0.00684	0.00842	0.00519	0.00522	0.01140	0.01427	0.11156	0.57985	0.06252	0.11532	0.01065	0.00607	0.00168	0.00278	0.02495	0.00568	0.00531
43	0.71607	0.01115	0.00950	0.00811	0.01148	0.03901	0.03436	0.08581	0.01065	0.02364	0.00789	0.00908	0.00606	0.00497	0.00357	0.00160	0.00455	0.00314	0.00337	0.00601
44	0.00615	0.00528	0.00528	0.00528	0.00703	0.00440	0.00396	0.00747	0.01187	0.01407	0.05276	0.05012	0.78238	0.01319	0.00615	0.00176	0.00264	0.01099	0.00484	0.00440
45	0.00634	0.00453	0.00604	0.00725	0.00755	0.00423	0.00483	0.00725	0.00997	0.01329	0.02870	0.81358	0.03444	0.01632	0.00665	0.00211	0.00302	0.01480	0.00483	0.00423
46	0.01300	0.01151	0.01241	0.01221	0.07807	0.03931	0.00875	0.05268	0.60992	0.02101	0.02142	0.02018	0.06204	0.00715	0.00532	0.00173	0.00444	0.00597	0.00495	0.00795
47	0.81214	0.01030	0.00805	0.00710	0.01037	0.01191	0.00585	0.05284	0.00964	0.02384	0.00751	0.00866	0.00580	0.00490	0.00332	0.00161	0.00411	0.00291	0.00332	0.00580
48	0.00751	0.00556	0.00826	0.00826	0.00920	0.00646	0.00642	0.00939	0.00845	0.01232	0.01404	0.02043	0.01303	0.03803	0.77163	0.00815	0.01359	0.00556	0.02907	0.00466
49	0.01308	0.01111	0.01237	0.01196	0.06657	0.01257	0.00878	0.08750	0.59841	0.02183	0.02105	0.02124	0.04166	0.00737	0.00540	0.00176	0.00438	0.03987	0.00506	0.00801
50	0.01241	0.38099	0.41446	0.01209	0.01815	0.03004	0.01421	0.03638	0.01124	0.01497	0.00847	0.00983	0.00670	0.00477	0.00423	0.00140	0.00672	0.00339	0.00230	0.00725
51	0.01295	0.01119	0.01178	0.01060	0.01354	0.01295	0.00824	0.02767	0.77509	0.02178	0.02120	0.01943	0.01590	0.00707	0.00530	0.00177	0.00412	0.00589	0.00530	0.00824
52	0.00634	0.00453	0.00604	0.00725	0.00755	0.00423	0.00483	0.00725	0.00997	0.01329	0.02870	0.81358	0.03444	0.01632	0.00665	0.00211	0.00302	0.01480	0.00483	0.00423
53	0.00931	0.00854	0.01361	0.01178	0.01289	0.01026	0.11223	0.01109	0.00893	0.01293	0.01290	0.10888	0.01295	0.05036	0.30765	0.00458	0.27657	0.00646	0.00285	0.00522
54	0.01293	0.01254	0.02080	0.05845	0.74113	0.02998	0.01580	0.01600	0.01187	0.01679	0.00974	0.01284	0.00817	0.00468	0.00515	0.00155	0.00629	0.00461	0.00257	0.00811
55	0.00828	0.00592	0.00826	0.00941	0.01057	0.00589	0.00815	0.01063	0.01200	0.01567	0.05160	0.08616	0.03075	0.01434	0.00714	0.00236	0.00466	0.69862	0.00483	0.00478
56	0.00645	0.00464	0.00608	0.00720	0.00759	0.00433	0.00487	0.00740	0.01006	0.01331	0.02937	0.72610	0.06792	0.04156	0.00728	0.00220	0.00313	0.04150	0.00478	0.00422
57	0.01584	0.01237	0.01260	0.01077	0.01392	0.07503	0.00863	0.25447	0.31313	0.08604	0.03001	0.01995	0.01435	0.00726	0.00533	0.00169	0.00503	0.06772	0.03803	0.00783
58	0.01311	0.01512	0.02768	0.02078	0.04920	0.10632	0.60860	0.01691	0.01232	0.01599	0.01000	0.01330	0.00771	0.00479	0.00657	0.00173	0.05471	0.00567	0.00262	0.00687
59	0.00668	0.00485	0.00583	0.00642	0.00695	0.00451	0.00421	0.00748	0.00987	0.01286	0.05801	0.42521	0.17589	0.23271	0.01192	0.00282	0.00348	0.01190	0.00441	0.00400
60	0.01985	0.01468	0.01501	0.01174	0.01569	0.08056	0.00959	0.61569	0.02243	0.10562	0.01325	0.02881	0.00959	0.00640	0.00520	0.00156	0.00585	0.00483	0.00511	0.00853
61	0.67953	0.01008	0.02510	0.08944	0.01301	0.01122	0.00688	0.01525	0.00956	0.05028	0.04340	0.01081	0.00805	0.00520	0.00367	0.00163	0.00435	0.00342	0.00334	0.00578

[dist]
# distance from previous block
# <min> <max>
0	3

[block]
# block no. 3 follows, 47 sequences, length 42
# corresponding to MSA columns:
# 470-511
name=unknown_D
#
# <colnr> <probs for GDERKNQSTAVLIFYWHMCP>
#	G	D	E	R	K	N	Q	S	T	A	V	L	I	F	Y	W	H	M	C	P
0	0.14842	0.01531	0.01414	0.03071	0.05946	0.17459	0.00953	0.39074	0.03609	0.02498	0.02307	0.01204	0.00873	0.00652	0.02175	0.00168	0.00636	0.00424	0.00412	0.00750
1	0.00923	0.00483	0.00661	0.00658	0.00688	0.00486	0.00447	0.02550	0.00802	0.01147	0.01153	0.05177	0.01122	0.04749	0.01701	0.62454	0.00418	0.00515	0.13574	0.00295
2	0.12385	0.00564	0.00708	0.00697	0.00758	0.00588	0.00483	0.03386	0.00802	0.01227	0.01122	0.09591	0.01157	0.05049	0.01640	0.58262	0.00437	0.00547	0.00279	0.00318
3	0.01142	0.00958	0.01159	0.00862	0.01284	0.00791	0.03279	0.09365	0.01225	0.01834	0.01137	0.08207	0.01021	0.00523	0.00433	0.00101	0.00415	0.00440	0.00345	0.65480
4	0.00887	0.00650	0.00893	0.00854	0.00981	0.00744	0.00667	0.09073	0.01019	0.01459	0.01398	0.01987	0.01272	0.05204	0.65916	0.00725	0.01236	0.00550	0.03976	0.00508
5	0.00778	0.00544	0.00656	0.00661	0.00805	0.00485	0.00500	0.00945	0.01245	0.06412	0.22940	0.18737	0.34042	0.01281	0.00628	0.00184	0.00297	0.07861	0.00516	0.00481
6	0.00674	0.00472	0.00602	0.00679	0.00709	0.00449	0.00441	0.00752	0.00970	0.01303	0.08095	0.55526	0.03152	0.22267	0.01174	0.00284	0.00350	0.01254	0.00447	0.00400
7	0.35161	0.00892	0.00962	0.00795	0.01124	0.00901	0.00648	0.03350	0.01266	0.35351	0.12949	0.01712	0.01537	0.00643	0.00457	0.00161	0.00400	0.00489	0.00503	0.00699
8	0.00707	0.00512	0.00649	0.00651	0.00745	0.00474	0.00463	0.00884	0.01270	0.01752	0.47704	0.20891	0.10067	0.09864	0.00844	0.00212	0.00287	0.01052	0.00519	0.00453
9	0.00895	0.00547	0.00712	0.00757	0.00855	0.00509	0.00533	0.03594	0.01129	0.11053	0.04889	0.63522	0.06091	0.01446	0.00639	0.00201	0.00326	0.01296	0.00507	0.00499
10	0.79295	0.00971	0.00751	0.00675	0.00983	0.01119	0.00553	0.01501	0.00912	0.02312	0.02971	0.00980	0.00721	0.00505	0.00332	0.00159	0.00391	0.00310	0.03998	0.00558
11	0.00720	0.00561	0.00659	0.00639	0.00789	0.00514	0.00485	0.00980	0.05118	0.01796	0.41984	0.05731	0.32850	0.01170	0.00616	0.00173	0.00271	0.03926	0.00531	0.00486
12	0.00757	0.00505	0.00568	0.00568	0.00568	0.00505	0.00316	0.00757	0.00757	0.01010	0.01641	0.03408	0.01893	0.81698	0.02651	0.00505	0.00505	0.00757	0.00316	0.00316
13	0.01129	0.00910	0.01015	0.00964	0.01194	0.01008	0.00756	0.02116	0.48858	0.04091	0.05092	0.11295	0.05919	0.00961	0.00581	0.00189	0.00399	0.12305	0.00519	0.00699
14	0.00950	0.00590	0.00750	0.00707	0.00875	0.00537	0.00546	0.01177	0.02631	0.12705	0.40765	0.10181	0.17349	0.01121	0.00613	0.00176	0.00303	0.06936	0.00552	0.00537
15	0.00718	0.00527	0.00672	0.00646	0.00769	0.00482	0.00481	0.00942	0.01414	0.01969	0.65729	0.08764	0.12694	0.01127	0.00617	0.00168	0.00251	0.00992	0.00558	0.00482
16	0.01295	0.01119	0.01178	0.01060	0.01354	0.01295	0.00824	0.02767	0.77509	0.02178	0.02120	0.01943	0.01590	0.00707	0.00530	0.00177	0.00412	0.00589	0.00530	0.00824
17	0.00833	0.00597	0.00830	0.00947	0.01068	0.00595	0.00827	0.01070	0.01198	0.01554	0.02828	0.05850	0.05100	0.01435	0.00716	0.00238	0.00474	0.72881	0.00480	0.00478
