[name]
unknown

[dist]
# distance from previous block
# <min> <max>
2	725

[block]
# block no. 0 follows, 43 sequences, length 19
# corresponding to MSA columns:
# 890-908
name=unknown_A
#
# <colnr> <probs for GDERKNQSTAVLIFYWHMCP>
#	G	D	E	R	K	N	Q	S	T	A	V	L	I	F	Y	W	H	M	C	P
0	0.03899	0.01191	0.01324	0.01045	0.01431	0.04722	0.00843	0.26063	0.03778	0.24306	0.03327	0.01667	0.01221	0.03991	0.05589	0.00215	0.00592	0.00511	0.00516	0.13768
1	0.06695	0.02740	0.01072	0.03329	0.01228	0.00826	0.00694	0.05647	0.04672	0.18494	0.21189	0.06187	0.05877	0.00871	0.00615	0.03509	0.00405	0.00684	0.00512	0.14753
2	0.05222	0.31197	0.12322	0.01198	0.03094	0.07295	0.02216	0.10368	0.01335	0.03658	0.03341	0.02595	0.00955	0.00605	0.00583	0.00153	0.08149	0.00420	0.00317	0.04977
3	0.01515	0.64019	0.02555	0.00978	0.01424	0.01991	0.00929	0.01917	0.13166	0.05349	0.01080	0.01128	0.00901	0.00529	0.00399	0.00132	0.00561	0.00362	0.00312	0.00749
4	0.01153	0.05276	0.10439	0.00919	0.01442	0.00877	0.00839	0.01443	0.01144	0.01762	0.00985	0.01159	0.00812	0.00505	0.02045	0.00112	0.00491	0.00342	0.00311	0.67941
5	0.00949	0.00594	0.00751	0.00785	0.00906	0.00548	0.00558	0.03991	0.01225	0.10676	0.04777	0.55041	0.14058	0.01505	0.00674	0.00210	0.00344	0.01338	0.00538	0.00533
6	0.00801	0.00585	0.00730	0.00744	0.00842	0.00542	0.00506	0.02181	0.01074	0.01481	0.08693	0.41796	0.02932	0.20224	0.04069	0.00301	0.00426	0.01138	0.00450	0.10482
7	0.01161	0.00984	0.01146	0.00832	0.01307	0.00757	0.00663	0.03556	0.01188	0.01841	0.01065	0.03833	0.00920	0.00463	0.00424	0.00089	0.00413	0.00375	0.00341	0.78640
8	0.01144	0.00863	0.00952	0.03326	0.01049	0.10014	0.00661	0.05454	0.00990	0.01262	0.01096	0.01737	0.01040	0.06050	0.12183	0.45890	0.03203	0.00501	0.02184	0.00400
9	0.00751	0.00604	0.00959	0.00959	0.01055	0.00564	0.09484	0.00892	0.01090	0.01457	0.02820	0.70708	0.03323	0.01583	0.00700	0.00220	0.00395	0.01464	0.00486	0.00486
10	0.03319	0.00894	0.01421	0.27143	0.11155	0.01000	0.05300	0.01330	0.04812	0.01497	0.01376	0.10157	0.01291	0.01005	0.00936	0.16381	0.03686	0.03895	0.02833	0.00569
11	0.02003	0.01535	0.03849	0.01531	0.10939	0.01621	0.01150	0.61341	0.02360	0.06137	0.01319	0.01352	0.00944	0.00641	0.00553	0.00166	0.00616	0.00498	0.00516	0.00931
12	0.00737	0.00580	0.00634	0.00638	0.00819	0.00501	0.00496	0.00904	0.01299	0.03337	0.11706	0.05252	0.59711	0.01377	0.00665	0.00194	0.00311	0.09825	0.00526	0.00489
13	0.01335	0.01723	0.22548	0.12752	0.30975	0.03775	0.01617	0.10568	0.01367	0.01901	0.01075	0.01358	0.00841	0.00738	0.04881	0.00210	0.00764	0.00472	0.00295	0.00805
14	0.05162	0.01657	0.13901	0.07519	0.34635	0.09442	0.10392	0.01792	0.02669	0.04160	0.01110	0.01441	0.00890	0.00543	0.00549	0.00171	0.00734	0.02147	0.00295	0.00791
15	0.04073	0.01132	0.02974	0.01150	0.04431	0.01087	0.00911	0.15608	0.12546	0.44242	0.03514	0.02923	0.01402	0.00701	0.00555	0.00173	0.00498	0.00569	0.00606	0.00904
16	0.01033	0.00631	0.00819	0.00851	0.00986	0.00602	0.00632	0.01286	0.06825	0.13076	0.06128	0.47252	0.05686	0.01439	0.00677	0.00214	0.00373	0.10375	0.00547	0.00568
17	0.03917	0.29846	0.18328	0.01362	0.11405	0.01441	0.01191	0.01715	0.01260	0.10927	0.10294	0.01636	0.03252	0.00617	0.00485	0.00153	0.00582	0.00485	0.00351	0.00752
18	0.12537	0.27254	0.26790	0.01262	0.04130	0.08913	0.01291	0.03570	0.03057	0.05154	0.00974	0.01092	0.00758	0.00527	0.00448	0.00153	0.00676	0.00370	0.00292	0.00750

[dist]
# distance from previous block
# <min> <max>
3	26

[block]
# block no. 1 follows, 43 sequences, length 33
# corresponding to MSA columns:
# 935-967
name=unknown_B
#
# <colnr> <probs for GDERKNQSTAVLIFYWHMCP>
#	G	D	E	R	K	N	Q	S	T	A	V	L	I	F	Y	W	H	M	C	P
0	0.07988	0.10584	0.11373	0.06327	0.02759	0.02589	0.02973	0.22139	0.06255	0.11022	0.03615	0.04669	0.01178	0.00715	0.01775	0.00178	0.00606	0.00522	0.00433	0.02300
1	0.01360	0.29936	0.06225	0.07603	0.01691	0.06887	0.07404	0.04402	0.02797	0.01646	0.01083	0.01299	0.00887	0.00563	0.00531	0.00146	0.05687	0.00422	0.15350	0.04080
2	0.12979	0.00592	0.00682	0.00758	0.00843	0.00596	0.00522	0.00959	0.02782	0.01592	0.04994	0.58470	0.03094	0.07492	0.00809	0.00238	0.00354	0.01289	0.00480	0.00475
3	0.01395	0.13596	0.06295	0.07517	0.26191	0.06074	0.01291	0.07147	0.02983	0.04156	0.01159	0.04573	0.01003	0.00905	0.06768	0.00225	0.07150	0.00507	0.00315	0.00752
4	0.01469	0.06911	0.13410	0.05883	0.11346	0.24244	0.04897	0.01813	0.04572	0.04221	0.02660	0.03111	0.06851	0.00659	0.00554	0.00163	0.02209	0.00524	0.03800	0.00703
5	0.00763	0.00585	0.00841	0.12286	0.01277	0.00621	0.00698	0.00915	0.01044	0.01411	0.02483	0.55785	0.02846	0.01814	0.10092	0.00298	0.02189	0.01250	0.02316	0.00484
6	0.00792	0.00528	0.00686	0.00728	0.00815	0.00492	0.00515	0.00966	0.01271	0.03770	0.30312	0.43506	0.04000	0.01395	0.00657	0.00197	0.00298	0.01249	0.07328	0.00495
7	0.03127	0.01578	0.10016	0.02525	0.03358	0.12572	0.01073	0.26637	0.06101	0.06274	0.01599	0.03844	0.04517	0.03877	0.04440	0.00223	0.03553	0.03492	0.00434	0.00760
8	0.01592	0.38639	0.14273	0.01232	0.01671	0.26230	0.01177	0.01829	0.01256	0.01393	0.00830	0.00988	0.00711	0.00544	0.00519	0.00143	0.05675	0.00345	0.00252	0.00699
9	0.01044	0.00860	0.11820	0.00672	0.00902	0.00629	0.00630	0.01358	0.01163	0.02019	0.01688	0.01934	0.01314	0.00628	0.00408	0.00136	0.00340	0.00501	0.71395	0.00560
10	0.00712	0.00592	0.00648	0.00641	0.00816	0.00541	0.00485	0.00926	0.04286	0.01543	0.09191	0.04662	0.58375	0.01763	0.12033	0.00289	0.00462	0.01052	0.00490	0.00492
11	0.04356	0.08016	0.04324	0.09238	0.10721	0.06606	0.01140	0.25457	0.08289	0.07933	0.04530	0.01494	0.01135	0.00643	0.00579	0.00168	0.03635	0.00498	0.00429	0.00810
12	0.01422	0.01194	0.01388	0.01509	0.16567	0.06312	0.00984	0.07683	0.30928	0.06376	0.12824	0.02167	0.03604	0.00744	0.00564	0.00173	0.00498	0.00631	0.03638	0.00795
13	0.00806	0.00556	0.00701	0.00701	0.00739	0.00590	0.00461	0.00881	0.00843	0.01171	0.01656	0.03085	0.01781	0.52129	0.28990	0.00650	0.00859	0.00725	0.02282	0.00395
14	0.16219	0.12949	0.05012	0.08117	0.33526	0.01414	0.01295	0.06833	0.01274	0.04537	0.01063	0.01377	0.00876	0.00550	0.00490	0.00164	0.00606	0.02603	0.00318	0.00776
15	0.05316	0.39231	0.04406	0.03541	0.02842	0.13137	0.03740	0.05671	0.04301	0.01568	0.00898	0.01074	0.00769	0.00579	0.00608	0.00153	0.10801	0.00379	0.00282	0.00705
16	0.04386	0.33575	0.11012	0.01205	0.01651	0.21392	0.01120	0.14779	0.01493	0.01794	0.00916	0.01034	0.00748	0.00550	0.00476	0.00144	0.02311	0.00364	0.00308	0.00741
17	0.01383	0.10666	0.09563	0.01044	0.01435	0.01186	0.00940	0.17364	0.03431	0.07083	0.03905	0.06221	0.03271	0.01189	0.11708	0.00257	0.02462	0.00551	0.00404	0.15937
18	0.03958	0.01160	0.04423	0.32610	0.06222	0.01200	0.22206	0.01453	0.01175	0.01590	0.01681	0.01996	0.11920	0.00673	0.00662	0.00187	0.05309	0.00627	0.00299	0.00649
19	0.00824	0.00650	0.00992	0.12353	0.01395	0.00763	0.00807	0.01045	0.00935	0.01312	0.01555	0.02184	0.03938	0.03530	0.64218	0.00762	0.01332	0.00599	0.00297	0.00511
20	0.01401	0.01226	0.01881	0.43586	0.06940	0.01396	0.10055	0.22882	0.01573	0.02080	0.01104	0.01430	0.00817	0.00573	0.00565	0.00178	0.00720	0.00513	0.00341	0.00739
21	0.01763	0.12402	0.01639	0.01265	0.01584	0.42887	0.00990	0.02381	0.26169	0.01667	0.01307	0.01338	0.01036	0.00618	0.00502	0.00154	0.00760	0.00438	0.00371	0.00729
22	0.01572	0.69248	0.02720	0.00996	0.01465	0.02122	0.00963	0.12439	0.01342	0.01624	0.00852	0.00953	0.00745	0.00502	0.00384	0.00125	0.00595	0.00326	0.00283	0.00745
23	0.01189	0.00861	0.01007	0.00833	0.01136	0.00784	0.00651	0.12116	0.03050	0.07572	0.21837	0.08711	0.12925	0.00905	0.00566	0.00153	0.00380	0.00766	0.00506	0.24053
24	0.01046	0.00984	0.01661	0.79205	0.03814	0.01230	0.01538	0.01415	0.01107	0.01415	0.00984	0.01477	0.00738	0.00554	0.00554	0.00185	0.00738	0.00492	0.00246	0.00615
25	0.00865	0.00641	0.00852	0.01043	0.11845	0.00636	0.00567	0.00930	0.00918	0.01242	0.01875	0.16924	0.02141	0.54778	0.02110	0.00427	0.00516	0.00897	0.00358	0.00435
26	0.00733	0.00559	0.00796	0.12260	0.01245	0.00567	0.00664	0.00876	0.01086	0.01444	0.05537	0.65770	0.03294	0.01539	0.00682	0.00217	0.00380	0.01394	0.00478	0.00477
27	0.01482	0.01415	0.04059	0.04504	0.60879	0.03207	0.01596	0.12482	0.01460	0.02036	0.01077	0.01353	0.00876	0.00522	0.00548	0.00165	0.00665	0.00489	0.00314	0.00874
28	0.00873	0.00704	0.00733	0.00678	0.00895	0.00652	0.00521	0.11711	0.01464	0.01815	0.07804	0.07322	0.60236	0.01295	0.00642	0.00185	0.00329	0.01078	0.00524	0.00539
29	0.00970	0.00485	0.00697	0.00697	0.00713	0.00485	0.00470	0.00788	0.00773	0.01091	0.01061	0.01728	0.01016	0.01774	0.01956	0.74063	0.00455	0.00485	0.10018	0.00273
30	0.00929	0.00686	0.00750	0.00711	0.00842	0.00675	0.00493	0.11703	0.01253	0.01613	0.03126	0.14437	0.26501	0.32114	0.01489	0.00325	0.00434	0.00985	0.00451	0.00483
31	0.00775	0.00595	0.00722	0.00799	0.00890	0.00588	0.00556	0.01092	0.12076	0.01556	0.03232	0.60047	0.11866	0.01552	0.00680	0.00215	0.00334	0.01388	0.00521	0.00514
32	0.01041	0.00786	0.01056	0.00978	0.01135	0.00910	0.00775	0.14277	0.01195	0.01682	0.01430	0.01991	0.01283	0.03420	0.61789	0.00738	0.04023	0.00573	0.00341	0.00578

[dist]
# distance from previous block
# <min> <max>
0	3

[block]
# block no. 2 follows, 43 sequences, length 22
# corresponding to MSA columns:
# 971-992
name=unknown_C
#
# <colnr> <probs for GDERKNQSTAVLIFYWHMCP>
#	G	D	E	R	K	N	Q	S	T	A	V	L	I	F	Y	W	H	M	C	P
0	0.19680	0.00976	0.02946	0.00888	0.01197	0.00965	0.00727	0.08108	0.09245	0.20926	0.14890	0.02372	0.04509	0.05103	0.00655	0.00195	0.00436	0.02964	0.02507	0.00711
1	0.01396	0.01117	0.01261	0.06241	0.07840	0.03954	0.00890	0.26225	0.08844	0.02351	0.06432	0.02470	0.16884	0.00906	0.02415	0.00187	0.00519	0.00674	0.08668	0.00725
2	0.14739	0.12009	0.27606	0.03423	0.06439	0.01428	0.09174	0.11174	0.01328	0.02028	0.01039	0.03092	0.00819	0.00554	0.00495	0.00166	0.00677	0.00448	0.00310	0.03052
3	0.01631	0.60595	0.02578	0.01104	0.04038	0.08945	0.00987	0.07992	0.01317	0.05111	0.00901	0.00999	0.00767	0.00509	0.00401	0.00129	0.00627	0.00338	0.00291	0.00741
4	0.00937	0.00696	0.00824	0.00782	0.00843	0.00768	0.00528	0.03806	0.08690	0.01344	0.01716	0.05272	0.01823	0.52612	0.10833	0.00496	0.06463	0.00751	0.00361	0.00455
5	0.01238	0.11538	0.42966	0.01485	0.06166	0.01333	0.03231	0.01687	0.01167	0.05583	0.02961	0.01299	0.00896	0.00678	0.02932	0.00189	0.07412	0.00435	0.00280	0.06521
6	0.01508	0.01262	0.04127	0.18491	0.13673	0.02442	0.01178	0.25820	0.07859	0.04385	0.01496	0.01686	0.03785	0.02150	0.00585	0.00176	0.00597	0.00535	0.07464	0.00782
7	0.03503	0.00591	0.00715	0.00673	0.00832	0.00541	0.00509	0.01049	0.01476	0.04042	0.55589	0.04254	0.21856	0.01164	0.00641	0.00177	0.00277	0.01007	0.00581	0.00523
8	0.00798	0.00563	0.00735	0.00732	0.00784	0.00602	0.00501	0.00901	0.00899	0.01250	0.07302	0.03050	0.01990	0.42203	0.34627	0.00659	0.00917	0.00730	0.00340	0.00417
9	0.01243	0.01169	0.04179	0.28803	0.35889	0.02846	0.01467	0.01560	0.01206	0.05274	0.01296	0.10196	0.01155	0.00664	0.00566	0.00178	0.00651	0.00611	0.00310	0.00736
10	0.01207	0.02269	0.49965	0.01603	0.04176	0.01286	0.09884	0.07938	0.03495	0.01896	0.01327	0.01673	0.03375	0.00634	0.00595	0.00183	0.02793	0.04609	0.00302	0.00790
11	0.00849	0.07384	0.00945	0.00869	0.01015	0.00694	0.00720	0.01043	0.01222	0.01564	0.05632	0.21866	0.15957	0.01451	0.00695	0.00222	0.00427	0.36445	0.00492	0.00507
12	0.01096	0.08372	0.58327	0.01435	0.02110	0.01250	0.03516	0.01647	0.02331	0.01709	0.03111	0.08075	0.01157	0.00671	0.00542	0.00178	0.00733	0.02694	0.00282	0.00762
13	0.01208	0.18473	0.47872	0.01544	0.02228	0.01465	0.13613	0.01715	0.01196	0.01680	0.03420	0.01261	0.00872	0.00525	0.00516	0.00166	0.00773	0.00445	0.00254	0.00775
14	0.01565	0.01713	0.08180	0.04000	0.23299	0.20187	0.03675	0.14335	0.02825	0.01932	0.01182	0.04559	0.00994	0.00807	0.04688	0.00204	0.02222	0.00511	0.02360	0.00763
15	0.08734	0.01659	0.14528	0.15175	0.25916	0.13286	0.03358	0.01695	0.01242	0.01710	0.01116	0.01626	0.00947	0.00601	0.00539	0.00174	0.00727	0.05948	0.00288	0.00730
16	0.00813	0.00649	0.00713	0.00701	0.00893	0.00594	0.00554	0.06495	0.01390	0.01731	0.10552	0.05082	0.53378	0.01346	0.00665	0.00195	0.00341	0.12870	0.00524	0.00515
17	0.03856	0.07344	0.00766	0.00597	0.00735	0.00688	0.00450	0.01216	0.01062	0.01775	0.01603	0.02113	0.01377	0.11742	0.02893	0.06531	0.00379	0.00529	0.53854	0.00489
18	0.01145	0.00939	0.01140	0.01034	0.02547	0.07298	0.07275	0.05407	0.03172	0.07783	0.08591	0.30074	0.12800	0.01140	0.00624	0.00185	0.00466	0.01010	0.00481	0.06890
19	0.21647	0.08135	0.13822	0.07825	0.05841	0.10842	0.01093	0.01730	0.05848	0.04217	0.01087	0.01410	0.00904	0.07462	0.02474	0.00216	0.04023	0.00438	0.00316	0.00670
20	0.01428	0.17208	0.01949	0.01479	0.06794	0.17813	0.04208	0.01596	0.01111	0.01384	0.00902	0.03645	0.00853	0.00874	0.03876	0.00212	0.33287	0.00466	0.00265	0.00650
21	0.02130	0.01440	0.01516	0.01177	0.01606	0.07894	0.00961	0.44338	0.02138	0.22695	0.01489	0.01434	0.01027	0.00643	0.00539	0.00159	0.00591	0.00489	0.00549	0.07184

[dist]
# distance from previous block
# <min> <max>
0	3

[block]
# block no. 3 follows, 43 sequences, length 20
# corresponding to MSA columns:
# 996-1015
name=unknown_D
#
# <colnr> <probs for GDERKNQSTAVLIFYWHMCP>
#	G	D	E	R	K	N	Q	S	T	A	V	L	I	F	Y	W	H	M	C	P
0	0.00918	0.00711	0.00983	0.01208	0.12502	0.00698	0.00749	0.07072	0.01252	0.01687	0.06340	0.49884	0.06304	0.01410	0.00702	0.02192	0.00402	0.03949	0.00479	0.00557
1	0.00696	0.00497	0.00656	0.00754	0.00800	0.00464	0.00509	0.00814	0.01129	0.01525	0.14233	0.65925	0.03843	0.04394	0.00772	0.00228	0.00320	0.01460	0.00522	0.00457
2	0.00870	0.00728	0.01239	0.01097	0.01262	0.00793	0.12000	0.01100	0.00950	0.01350	0.01440	0.02137	0.01330	0.07030	0.63115	0.00767	0.01357	0.00612	0.00296	0.00526
3	0.01033	0.05503	0.50082	0.01310	0.01908	0.01104	0.03452	0.01536	0.01278	0.01850	0.21029	0.02066	0.04105	0.00707	0.00559	0.00173	0.00650	0.00588	0.00342	0.00724
4	0.01715	0.00904	0.01131	0.00959	0.01226	0.00902	0.00744	0.13880	0.09887	0.29358	0.01856	0.10920	0.01505	0.01114	0.00966	0.20573	0.00475	0.00656	0.00522	0.00706
5	0.01103	0.00810	0.01046	0.00961	0.01139	0.00915	0.00757	0.18407	0.01310	0.01837	0.01534	0.05686	0.01390	0.03093	0.53570	0.00661	0.01179	0.00615	0.03390	0.00598
6	0.02305	0.00998	0.01291	0.01015	0.01427	0.00926	0.00830	0.04852	0.12957	0.63866	0.02171	0.01896	0.01407	0.00695	0.00558	0.00174	0.00470	0.00566	0.00663	0.00932
7	0.05737	0.00801	0.00925	0.00894	0.01084	0.00831	0.00672	0.09571	0.13763	0.07516	0.04636	0.35977	0.08180	0.01319	0.02531	0.00219	0.00420	0.03769	0.00527	0.00626
8	0.00845	0.00591	0.00707	0.00704	0.00735	0.00615	0.00447	0.03619	0.00918	0.01240	0.01857	0.13936	0.02104	0.56668	0.10217	0.00509	0.02659	0.00870	0.00362	0.00398
9	0.00898	0.00815	0.00781	0.00857	0.00925	0.12312	0.00584	0.00993	0.01117	0.01377	0.02610	0.61817	0.03078	0.08046	0.00849	0.00238	0.00442	0.01326	0.00465	0.00470
10	0.01034	0.02253	0.57347	0.01318	0.01949	0.01082	0.01615	0.01549	0.01171	0.01734	0.05614	0.01855	0.06294	0.06392	0.00698	0.00199	0.00693	0.00530	0.05951	0.00723
11	0.14482	0.00981	0.02925	0.00932	0.01280	0.00916	0.00767	0.10376	0.01516	0.38529	0.07172	0.11592	0.04473	0.00839	0.00552	0.00178	0.00449	0.00686	0.00575	0.00781
12	0.04578	0.01430	0.05338	0.06498	0.50377	0.03383	0.03350	0.12888	0.01442	0.02045	0.01060	0.01333	0.00854	0.00537	0.00572	0.00168	0.02503	0.00483	0.00316	0.00846
13	0.78411	0.01201	0.06382	0.00790	0.01167	0.01246	0.00705	0.01637	0.00959	0.02432	0.00787	0.00919	0.00607	0.00515	0.00356	0.00172	0.00457	0.00308	0.00335	0.00616
14	0.01204	0.04761	0.01715	0.20055	0.21397	0.09452	0.06473	0.01495	0.01290	0.01670	0.12791	0.07085	0.01813	0.00760	0.00584	0.00178	0.00639	0.05621	0.00350	0.00667
15	0.00859	0.00596	0.00858	0.12705	0.01284	0.00603	0.00683	0.00964	0.01085	0.03319	0.11212	0.39053	0.02764	0.01453	0.00938	0.15787	0.00417	0.02324	0.00433	0.02663
16	0.01075	0.01273	0.12983	0.12536	0.03699	0.04598	0.08379	0.03408	0.07500	0.01689	0.04825	0.17635	0.08973	0.00977	0.01868	0.00201	0.04339	0.00803	0.02597	0.00642
17	0.01371	0.26010	0.32091	0.06274	0.02071	0.01610	0.05533	0.12868	0.01369	0.01847	0.00999	0.01178	0.00773	0.00645	0.02961	0.00181	0.00741	0.00413	0.00289	0.00778
18	0.14964	0.00962	0.01214	0.00946	0.01362	0.00879	0.00781	0.02536	0.01487	0.66049	0.01970	0.01735	0.01254	0.00659	0.00524	0.00171	0.00465	0.00518	0.00633	0.00890
19	0.03124	0.12953	0.03004	0.01198	0.01421	0.09929	0.06098	0.01668	0.12523	0.01595	0.05522	0.07911	0.01465	0.06673	0.01022	0.00212	0.20531	0.00610	0.01897	0.00642

[dist]
# distance from previous block
# <min> <max>
0	1

[block]
# block no. 4 follows, 43 sequences, length 13
# corresponding to MSA columns:
# 1017-1029
name=unknown_E
#
# <colnr> <probs for GDERKNQSTAVLIFYWHMCP>
#	G	D	E	R	K	N	Q	S	T	A	V	L	I	F	Y	W	H	M	C	P
0	0.02752	0.01034	0.06160	0.06043	0.18665	0.00960	0.01062	0.06569	0.04250	0.04152	0.13899	0.10227	0.05242	0.03815	0.00714	0.00204	0.01779	0.11370	0.00436	0.00669
1	0.00778	0.00577	0.00733	0.00724	0.00864	0.00531	0.00563	0.01017	0.01466	0.02001	0.52248	0.04688	0.17725	0.01244	0.00671	0.00189	0.00304	0.12589	0.00577	0.00511
2	0.00902	0.13413	0.01193	0.00881	0.01034	0.00922	0.00710	0.01084	0.00922	0.01275	0.01386	0.02062	0.01317	0.08434	0.61070	0.00744	0.01281	0.00559	0.00290	0.00519
3	0.03437	0.01388	0.08763	0.16598	0.05175	0.01327	0.33490	0.01628	0.01181	0.04757	0.01146	0.04950	0.00936	0.00628	0.00776	0.00193	0.12028	0.00601	0.00293	0.00703
4	0.01093	0.00829	0.00972	0.00961	0.02932	0.00856	0.00708	0.17196	0.08239	0.01999	0.04996	0.30888	0.12956	0.04822	0.00748	0.00217	0.00423	0.08036	0.00516	0.00611
5	0.71195	0.13818	0.01148	0.00763	0.01127	0.01394	0.00655	0.01633	0.00972	0.02296	0.00771	0.00898	0.00618	0.00508	0.00345	0.00163	0.00455	0.00299	0.00326	0.00618
6	0.00687	0.00553	0.00605	0.00610	0.00764	0.00479	0.00447	0.00841	0.01284	0.01612	0.18887	0.12843	0.52931	0.04068	0.00733	0.00200	0.00290	0.01167	0.00527	0.00472
7	0.03746	0.01311	0.01449	0.03085	0.01602	0.01436	0.00961	0.46038	0.14025	0.10162	0.01701	0.07176	0.01340	0.00772	0.00567	0.00177	0.00545	0.02486	0.00552	0.00870
8	0.01114	0.01031	0.01699	0.70890	0.08391	0.01258	0.01527	0.04733	0.01184	0.01533	0.01003	0.01463	0.00756	0.00555	0.00553	0.00182	0.00727	0.00493	0.00262	0.00647
9	0.01608	0.02162	0.15826	0.02026	0.23547	0.34509	0.01445	0.01895	0.01337	0.01558	0.00923	0.01158	0.00760	0.00579	0.00645	0.00165	0.08432	0.00418	0.00268	0.00739
10	0.05975	0.01036	0.01581	0.01189	0.01635	0.00927	0.12666	0.02503	0.01512	0.62010	0.01951	0.01778	0.01252	0.00643	0.00563	0.00174	0.00543	0.00561	0.00605	0.00896
11	0.09228	0.03919	0.37761	0.01944	0.15774	0.01312	0.16351	0.01716	0.01194	0.01825	0.01059	0.01389	0.00826	0.00536	0.00541	0.00176	0.00760	0.02638	0.00269	0.00782
12	0.09173	0.00993	0.01116	0.00811	0.01289	0.00787	0.00651	0.01417	0.01129	0.01870	0.00964	0.01124	0.00799	0.00420	0.00404	0.00091	0.00412	0.00325	0.00330	0.75895

[dist]
# distance from previous block
# <min> <max>
0	1

[block]
# block no. 5 follows, 43 sequences, length 24
# corresponding to MSA columns:
# 1031-1054
name=unknown_F
#
# <colnr> <probs for GDERKNQSTAVLIFYWHMCP>
#	G	D	E	R	K	N	Q	S	T	A	V	L	I	F	Y	W	H	M	C	P
0	0.08042	0.28917	0.33492	0.01357	0.01961	0.01593	0.09701	0.01740	0.01161	0.04433	0.00953	0.01116	0.00737	0.00515	0.00494	0.00158	0.02213	0.00396	0.00266	0.00757
1	0.01183	0.01028	0.01494	0.26816	0.14181	0.02971	0.01186	0.08817	0.01208	0.01618	0.01306	0.03141	0.04462	0.01217	0.09607	0.09680	0.08605	0.00551	0.00305	0.00624
2	0.00847	0.00611	0.00769	0.00832	0.00918	0.00601	0.00587	0.09162	0.01263	0.01691	0.06161	0.65657	0.03413	0.01582	0.00689	0.00217	0.00357	0.03612	0.00523	0.00510
3	0.01317	0.01317	0.04755	0.06938	0.55912	0.01251	0.04242	0.01711	0.04593	0.01807	0.01088	0.01380	0.00892	0.00499	0.00537	0.00159	0.00640	0.00484	0.00290	0.10187
4	0.07560	0.01352	0.10169	0.04926	0.50425	0.01189	0.01476	0.01566	0.01209	0.01787	0.01526	0.01769	0.09372	0.00638	0.00582	0.02219	0.00614	0.00545	0.00300	0.00780
5	0.01871	0.00950	0.04710	0.03278	0.01420	0.00810	0.00876	0.02180	0.04711	0.47227	0.10606	0.02838	0.02075	0.00870	0.00602	0.00187	0.00477	0.12900	0.00608	0.00804
6	0.01133	0.01078	0.01744	0.01485	0.04061	0.01295	0.16193	0.01353	0.01012	0.01524	0.01199	0.07850	0.01132	0.01175	0.08468	0.00275	0.38145	0.00622	0.09645	0.00611
7	0.04259	0.01071	0.01272	0.03663	0.03647	0.01109	0.00860	0.21983	0.12230	0.23254	0.08170	0.07355	0.07006	0.00831	0.00575	0.00177	0.00477	0.00686	0.00566	0.00810
8	0.01060	0.00849	0.00923	0.02765	0.01121	0.06188	0.00687	0.05427	0.12864	0.04447	0.02548	0.39549	0.05049	0.06483	0.02952	0.00246	0.00474	0.05300	0.00490	0.00577
9	0.00844	0.00587	0.00665	0.00628	0.00684	0.00560	0.00372	0.00872	0.00844	0.01156	0.01660	0.03346	0.01879	0.71533	0.02548	0.00486	0.00523	0.00752	0.00335	0.09727
10	0.00847	0.00618	0.00769	0.00818	0.00916	0.00608	0.00582	0.09167	0.01272	0.01693	0.06575	0.58694	0.08365	0.01629	0.02953	0.00233	0.00386	0.02845	0.00517	0.00512
11	0.01437	0.11187	0.17219	0.05702	0.27123	0.09524	0.08566	0.04014	0.01306	0.04505	0.01061	0.01291	0.00833	0.00523	0.00521	0.00161	0.00727	0.00457	0.03052	0.00789
12	0.01214	0.01127	0.01781	0.50414	0.03070	0.01385	0.06587	0.09719	0.01241	0.01658	0.00984	0.01411	0.00766	0.00638	0.00799	0.00194	0.15567	0.00503	0.00282	0.00659
13	0.00778	0.00577	0.00747	0.00837	0.00953	0.00546	0.00671	0.00968	0.01234	0.01593	0.07844	0.24788	0.19613	0.01531	0.00719	0.00228	0.00397	0.34972	0.00518	0.00486
14	0.01742	0.01677	0.16820	0.01340	0.03333	0.01460	0.03259	0.39098	0.12526	0.07531	0.01454	0.01501	0.01053	0.02126	0.00591	0.00178	0.00619	0.00513	0.02298	0.00881
15	0.02962	0.03917	0.34113	0.01598	0.09975	0.04862	0.01513	0.07096	0.09712	0.08515	0.01224	0.01351	0.00909	0.00620	0.00667	0.00179	0.09170	0.00463	0.00343	0.00813
16	0.00824	0.00695	0.00946	0.18442	0.06501	0.00708	0.00759	0.01010	0.01156	0.01471	0.07955	0.11071	0.31462	0.13471	0.00966	0.00242	0.00451	0.00944	0.00416	0.00509
17	0.01025	0.00777	0.01080	0.01166	0.11217	0.00754	0.03300	0.01410	0.09432	0.06364	0.33806	0.11198	0.11657	0.01034	0.00621	0.00180	0.00377	0.00918	0.03058	0.00627
18	0.10901	0.04108	0.14708	0.04024	0.10405	0.21202	0.10615	0.05267	0.07402	0.04621	0.01109	0.01266	0.00847	0.00555	0.00519	0.00166	0.00756	0.00450	0.00328	0.00752
19	0.06287	0.01598	0.14331	0.01261	0.04300	0.09148	0.01102	0.15132	0.13422	0.21074	0.01551	0.01575	0.01116	0.03283	0.00607	0.00181	0.00609	0.00500	0.00473	0.02451
20	0.07188	0.01055	0.03932	0.00966	0.01288	0.01040	0.00799	0.13869	0.13256	0.23386	0.01963	0.05534	0.04056	0.02707	0.00623	0.00181	0.03063	0.00602	0.13720	0.00771
21	0.04659	0.14055	0.01837	0.03444	0.05172	0.01689	0.01057	0.47915	0.02069	0.07393	0.01225	0.01280	0.00902	0.00633	0.00572	0.00163	0.04136	0.00462	0.00469	0.00867
22	0.01185	0.06138	0.06328	0.00934	0.01179	0.05826	0.00770	0.02414	0.01236	0.11683	0.06630	0.32481	0.04299	0.03049	0.00687	0.00193	0.02662	0.03341	0.00462	0.08501
23	0.08258	0.16762	0.16055	0.01737	0.09828	0.01428	0.25524	0.02616	0.01235	0.01781	0.05900	0.02877	0.01118	0.00614	0.01800	0.00179	0.00727	0.00531	0.00297	0.00733

[dist]
# distance from previous block
# <min> <max>
3	75

[block]
# block no. 6 follows, 43 sequences, length 28
# corresponding to MSA columns:
# 1133-1160
name=unknown_G
#
# <colnr> <probs for GDERKNQSTAVLIFYWHMCP>
#	G	D	E	R	K	N	Q	S	T	A	V	L	I	F	Y	W	H	M	C	P
0	0.30753	0.03505	0.28076	0.01225	0.03887	0.01208	0.05025	0.03687	0.01149	0.03663	0.02939	0.01437	0.00946	0.02746	0.00534	0.00181	0.00609	0.03108	0.00322	0.04999
1	0.15548	0.01477	0.12908	0.02898	0.12004	0.05920	0.05430	0.05295	0.10162	0.01983	0.01327	0.01587	0.03191	0.03251	0.00578	0.00173	0.00597	0.02006	0.00351	0.13314
2	0.11524	0.03809	0.03487	0.01249	0.07044	0.16611	0.00937	0.18149	0.07599	0.07529	0.01712	0.06229	0.07063	0.00734	0.00522	0.00167	0.00594	0.00568	0.03734	0.00738
3	0.04710	0.00742	0.00970	0.02834	0.01090	0.00789	0.04453	0.06736	0.03297	0.01809	0.12255	0.18045	0.02327	0.11481	0.10061	0.00311	0.03993	0.00839	0.12715	0.00543
4	0.00757	0.00569	0.00683	0.00681	0.00824	0.00519	0.00514	0.00984	0.02569	0.01869	0.38011	0.11628	0.28025	0.01279	0.00655	0.00187	0.00292	0.05881	0.03570	0.00502
5	0.01819	0.20006	0.01847	0.01286	0.01594	0.48831	0.01031	0.05392	0.01438	0.01439	0.00883	0.01063	0.00759	0.00763	0.04568	0.00183	0.05782	0.00370	0.00285	0.00662
6	0.01148	0.00984	0.01148	0.00820	0.01312	0.00738	0.00656	0.01395	0.01148	0.01805	0.00984	0.01148	0.00820	0.00410	0.00410	0.00082	0.00410	0.00328	0.00328	0.83922
7	0.00962	0.00481	0.00722	0.00722	0.00722	0.00481	0.00481	0.00722	0.00722	0.00962	0.00962	0.01684	0.00962	0.01924	0.02165	0.83886	0.00481	0.00481	0.00241	0.00241
8	0.01782	0.06458	0.10795	0.01223	0.01666	0.01526	0.01097	0.51516	0.02145	0.04219	0.03019	0.09266	0.01269	0.00754	0.00556	0.00171	0.00595	0.00595	0.00495	0.00855
9	0.03452	0.06163	0.07310	0.01054	0.01415	0.03176	0.04686	0.06194	0.18534	0.12262	0.11728	0.02552	0.11952	0.00821	0.00567	0.00173	0.00490	0.02777	0.00493	0.04200
10	0.01895	0.01398	0.01520	0.01186	0.01579	0.01531	0.00967	0.62741	0.02351	0.03169	0.04883	0.01600	0.01208	0.04451	0.04336	0.00215	0.00625	0.00536	0.00528	0.03283
11	0.01327	0.01132	0.01158	0.01048	0.01337	0.04055	0.00811	0.04873	0.55567	0.04108	0.02641	0.06446	0.11343	0.00874	0.00580	0.00187	0.00439	0.00729	0.00547	0.00797
12	0.00846	0.00667	0.00847	0.06680	0.01192	0.00670	0.00729	0.01181	0.08243	0.01674	0.09876	0.15176	0.22794	0.01344	0.00683	0.00214	0.00412	0.25733	0.00506	0.00534
13	0.01680	0.10716	0.12895	0.01848	0.20620	0.29305	0.01333	0.04452	0.04976	0.05565	0.01064	0.01212	0.00841	0.00552	0.00508	0.00155	0.00776	0.00420	0.00313	0.00771
14	0.07797	0.22290	0.11366	0.02704	0.04469	0.22298	0.01131	0.11925	0.04614	0.03897	0.01081	0.01182	0.01872	0.00568	0.00471	0.00151	0.00711	0.00399	0.00332	0.00743
15	0.00684	0.00487	0.00645	0.00762	0.00796	0.00456	0.00508	0.00782	0.01069	0.01430	0.05673	0.74460	0.03656	0.04760	0.00787	0.00235	0.00327	0.01524	0.00511	0.00448
16	0.00711	0.00516	0.00664	0.00767	0.00822	0.00484	0.00521	0.02574	0.01126	0.01493	0.05356	0.70858	0.08711	0.01669	0.00698	0.00219	0.00324	0.01504	0.00518	0.00465
17	0.01320	0.01597	0.15116	0.06176	0.28576	0.02968	0.20594	0.01755	0.03730	0.04080	0.01141	0.02934	0.00914	0.00568	0.00660	0.00180	0.06063	0.00545	0.00293	0.00791
18	0.01363	0.01488	0.09019	0.03014	0.61313	0.03231	0.04381	0.01793	0.05626	0.01821	0.01106	0.01388	0.00903	0.00512	0.00550	0.00167	0.00678	0.00496	0.00288	0.00861
19	0.00799	0.00680	0.00874	0.01081	0.12613	0.00620	0.00690	0.00979	0.01244	0.01558	0.04300	0.12120	0.48226	0.01311	0.00658	0.00196	0.00373	0.10665	0.00477	0.00535
20	0.03047	0.09965	0.04683	0.02987	0.11505	0.39306	0.01158	0.04351	0.03417	0.01541	0.01012	0.03999	0.00888	0.00701	0.02087	0.00173	0.07750	0.00444	0.00299	0.00689
21	0.08812	0.03625	0.01213	0.00890	0.01315	0.00970	0.00721	0.08481	0.07967	0.09906	0.04848	0.01455	0.01165	0.00543	0.00455	0.00123	0.00434	0.00427	0.02312	0.44337
22	0.11174	0.08305	0.10314	0.08131	0.03660	0.03534	0.22150	0.03605	0.01179	0.01738	0.01142	0.06214	0.00998	0.03086	0.03680	0.00213	0.05049	0.00556	0.00301	0.04972
23	0.00682	0.00529	0.00624	0.00688	0.00798	0.00471	0.00493	0.00814	0.01184	0.01500	0.07625	0.39900	0.35842	0.01550	0.00684	0.00207	0.00310	0.05112	0.00518	0.00464
24	0.01208	0.01041	0.04120	0.11021	0.16693	0.01034	0.01087	0.10779	0.07935	0.04058	0.11983	0.09501	0.05629	0.00927	0.00612	0.00190	0.00523	0.10510	0.00450	0.00700
25	0.01347	0.01296	0.02201	0.08101	0.64547	0.01318	0.05081	0.01756	0.05544	0.01811	0.01111	0.01423	0.00913	0.00511	0.00554	0.00168	0.00663	0.00508	0.00289	0.00854
26	0.00829	0.00604	0.00836	0.00831	0.00914	0.00675	0.00613	0.03233	0.00934	0.01313	0.01626	0.06848	0.01640	0.21114	0.54572	0.00751	0.01178	0.00693	0.00326	0.00470
27	0.01557	0.42407	0.09529	0.01267	0.07543	0.09998	0.01097	0.03703	0.06748	0.07209	0.01200	0.01274	0.03207	0.00560	0.00447	0.00143	0.00633	0.00405	0.00319	0.00755

[dist]
# distance from previous block
# <min> <max>
0	11

[block]
# block no. 7 follows, 43 sequences, length 20
# corresponding to MSA columns:
# 1172-1191
name=unknown_H
#
# <colnr> <probs for GDERKNQSTAVLIFYWHMCP>
#	G	D	E	R	K	N	Q	S	T	A	V	L	I	F	Y	W	H	M	C	P
0	0.84448	0.01071	0.00814	0.00728	0.01071	0.01242	0.00600	0.01628	0.00943	0.02485	0.00771	0.00900	0.00600	0.00514	0.00343	0.00171	0.00428	0.00300	0.00343	0.00600
1	0.00791	0.00593	0.00890	0.00890	0.00989	0.00692	0.00692	0.00989	0.00890	0.01286	0.01483	0.02176	0.01385	0.04154	0.78341	0.00890	0.01483	0.00593	0.00297	0.00494
2	0.01091	0.01037	0.01502	0.06326	0.01501	0.01362	0.04035	0.01251	0.00917	0.01361	0.01211	0.01740	0.05141	0.05208	0.12545	0.00337	0.50274	0.00562	0.02024	0.00574
3	0.01422	0.01032	0.01430	0.07934	0.13930	0.01025	0.03365	0.14981	0.01478	0.11876	0.03300	0.12358	0.03589	0.00957	0.04889	0.00205	0.00577	0.00667	0.02190	0.12796
4	0.01872	0.01464	0.01570	0.03822	0.04683	0.05010	0.01037	0.55726	0.06674	0.03006	0.01584	0.01616	0.05213	0.00813	0.03163	0.00192	0.00634	0.00540	0.00511	0.00870
5	0.01874	0.01855	0.01646	0.01665	0.14826	0.34958	0.02417	0.10325	0.09602	0.10370	0.01250	0.01329	0.00953	0.00592	0.00527	0.00156	0.00752	0.00452	0.00390	0.04062
6	0.01371	0.01316	0.02248	0.03399	0.77081	0.01316	0.01700	0.01700	0.01261	0.01809	0.01042	0.01371	0.00877	0.00493	0.00548	0.00164	0.00658	0.00493	0.00274	0.00877
7	0.01658	0.00913	0.01243	0.03396	0.10374	0.00853	0.00850	0.04148	0.05685	0.33133	0.19394	0.02420	0.05130	0.00775	0.00570	0.00166	0.00439	0.00662	0.02027	0.06163
8	0.00793	0.00585	0.00848	0.00848	0.00932	0.00669	0.00640	0.00962	0.00878	0.01254	0.01522	0.02389	0.01477	0.15403	0.67218	0.00838	0.01344	0.00625	0.00302	0.00471
9	0.01586	0.01230	0.01380	0.01070	0.01477	0.01247	0.00867	0.37765	0.04071	0.02592	0.01312	0.05112	0.01071	0.00828	0.04800	0.00182	0.02511	0.00499	0.00452	0.29948
10	0.73437	0.01097	0.00940	0.02582	0.04202	0.01254	0.00690	0.04892	0.01050	0.04539	0.00850	0.00977	0.00650	0.00525	0.00371	0.00171	0.00453	0.00328	0.00357	0.00636
11	0.01366	0.01329	0.02323	0.03321	0.71604	0.01322	0.07117	0.01705	0.01264	0.01807	0.01048	0.01380	0.00875	0.00491	0.00556	0.00166	0.00678	0.00505	0.00275	0.00868
12	0.01070	0.00630	0.00835	0.00776	0.00951	0.00576	0.00601	0.01308	0.01504	0.14769	0.51167	0.09127	0.05874	0.01139	0.00650	0.00185	0.00323	0.07325	0.00605	0.00586
13	0.01980	0.04029	0.01440	0.01107	0.01508	0.18140	0.00890	0.18650	0.01722	0.25622	0.04411	0.01496	0.01167	0.00619	0.00516	0.00147	0.00604	0.00470	0.00489	0.14993
14	0.00675	0.00482	0.00643	0.00771	0.00803	0.00450	0.00514	0.00771	0.01060	0.01414	0.03053	0.80175	0.03663	0.01735	0.00707	0.00225	0.00321	0.01574	0.00514	0.00450
15	0.01947	0.01420	0.01572	0.01305	0.04637	0.01559	0.01022	0.55750	0.12442	0.07308	0.01553	0.04290	0.01163	0.00709	0.00561	0.00171	0.00570	0.00558	0.00550	0.00913
16	0.01873	0.01368	0.01479	0.01186	0.01573	0.01514	0.00957	0.47449	0.22607	0.07845	0.01657	0.01668	0.01222	0.04202	0.00656	0.00189	0.00550	0.00551	0.00556	0.00897
17	0.00860	0.00634	0.00806	0.03903	0.01023	0.00624	0.00603	0.08055	0.01220	0.01643	0.05283	0.58915	0.03121	0.05892	0.00788	0.00227	0.00380	0.01309	0.00493	0.04222
18	0.06835	0.01302	0.02192	0.08838	0.16560	0.05419	0.28360	0.01693	0.01236	0.07301	0.01269	0.08093	0.01086	0.00650	0.00680	0.00185	0.06623	0.00628	0.00327	0.00724
19	0.01831	0.02136	0.01671	0.01808	0.18075	0.50523	0.01175	0.06144	0.05113	0.01622	0.01077	0.04272	0.00925	0.00614	0.00524	0.00154	0.00849	0.00455	0.00320	0.00714

[dist]
# distance from previous block
# <min> <max>
5	57

[block]
# block no. 8 follows, 43 sequences, length 30
# corresponding to MSA columns:
# 1257-1286
name=unknown_I
#
# <colnr> <probs for GDERKNQSTAVLIFYWHMCP>
#	G	D	E	R	K	N	Q	S	T	A	V	L	I	F	Y	W	H	M	C	P
0	0.00700	0.00548	0.00608	0.00615	0.00763	0.00475	0.00450	0.00824	0.01244	0.01553	0.15492	0.12349	0.52962	0.01437	0.00779	0.06811	0.00298	0.01130	0.00507	0.00456
1	0.01233	0.19416	0.49286	0.01739	0.14343	0.01486	0.01753	0.01725	0.01175	0.01666	0.00953	0.01142	0.00732	0.00510	0.00493	0.00161	0.00744	0.00399	0.00241	0.00805
2	0.00776	0.00612	0.00676	0.00690	0.00844	0.00560	0.00503	0.06676	0.01299	0.01625	0.04386	0.30941	0.45496	0.01459	0.00665	0.00199	0.00321	0.01256	0.00517	0.00499
3	0.77849	0.01027	0.00790	0.00712	0.01037	0.01185	0.00583	0.01601	0.00960	0.02452	0.00853	0.00992	0.00665	0.00524	0.00346	0.00168	0.00415	0.00317	0.06931	0.00593
4	0.66963	0.01043	0.00841	0.04650	0.01173	0.03492	0.00634	0.01591	0.00998	0.02343	0.00919	0.01083	0.00716	0.00535	0.00364	0.00166	0.00439	0.00339	0.11123	0.00591
5	0.01149	0.01001	0.02718	0.24912	0.20333	0.01078	0.01212	0.06438	0.03727	0.01753	0.01475	0.02004	0.03436	0.01177	0.12099	0.00281	0.00734	0.04571	0.09228	0.00674
6	0.01401	0.03250	0.05033	0.06169	0.60973	0.01349	0.01605	0.08269	0.01364	0.01921	0.01101	0.03065	0.00927	0.00539	0.00547	0.00166	0.00654	0.00509	0.00301	0.00857
7	0.00791	0.00593	0.00890	0.00890	0.00989	0.00692	0.00692	0.00989	0.00890	0.01286	0.01483	0.02176	0.01385	0.04154	0.78341	0.00890	0.01483	0.00593	0.00297	0.00494
8	0.01254	0.01462	0.05778	0.02142	0.02636	0.01361	0.62023	0.01678	0.01251	0.01717	0.01203	0.06263	0.00999	0.00586	0.00743	0.00193	0.07014	0.00687	0.00290	0.00721
9	0.00665	0.00559	0.00580	0.00593	0.00767	0.00473	0.00446	0.00807	0.01249	0.01497	0.05332	0.10443	0.69008	0.01430	0.00662	0.00192	0.00292	0.04021	0.00514	0.00468
10	0.01354	0.01291	0.02153	0.03206	0.71077	0.01300	0.01624	0.01748	0.05436	0.01830	0.01216	0.01502	0.02697	0.00529	0.00552	0.00166	0.00637	0.00517	0.00296	0.00868
11	0.84448	0.01071	0.00814	0.00728	0.01071	0.01242	0.00600	0.01628	0.00943	0.02485	0.00771	0.00900	0.00600	0.00514	0.00343	0.00171	0.00428	0.00300	0.00343	0.00600
12	0.01172	0.00669	0.00712	0.03879	0.00915	0.00701	0.00521	0.10854	0.01346	0.02222	0.01711	0.01945	0.01330	0.00644	0.00416	0.00136	0.00323	0.00513	0.69416	0.00575
13	0.02174	0.01031	0.01300	0.01009	0.01433	0.00952	0.00825	0.09135	0.10155	0.53690	0.01981	0.01773	0.01307	0.00660	0.00541	0.00163	0.00473	0.00534	0.00620	0.10245
14	0.84448	0.01071	0.00814	0.00728	0.01071	0.01242	0.00600	0.01628	0.00943	0.02485	0.00771	0.00900	0.00600	0.00514	0.00343	0.00171	0.00428	0.00300	0.00343	0.00600
15	0.01264	0.01364	0.05296	0.13436	0.10662	0.01331	0.36925	0.01914	0.15943	0.01821	0.01363	0.03766	0.01069	0.00576	0.00606	0.00185	0.00757	0.00623	0.00335	0.00762
16	0.84448	0.01071	0.00814	0.00728	0.01071	0.01242	0.00600	0.01628	0.00943	0.02485	0.00771	0.00900	0.00600	0.00514	0.00343	0.00171	0.00428	0.00300	0.00343	0.00600
17	0.60464	0.01035	0.00964	0.03318	0.01248	0.01131	0.00686	0.01900	0.01115	0.21938	0.01145	0.01174	0.00805	0.00560	0.00405	0.00172	0.00450	0.00373	0.00429	0.00689
18	0.00805	0.00537	0.00604	0.00604	0.00604	0.00537	0.00336	0.00805	0.00805	0.01074	0.01745	0.03624	0.02013	0.80536	0.02819	0.00537	0.00537	0.00805	0.00336	0.00336
19	0.02485	0.00943	0.01285	0.00985	0.01414	0.00814	0.00814	0.02699	0.01585	0.77465	0.02185	0.01885	0.01371	0.00685	0.00557	0.00171	0.00471	0.00557	0.00685	0.00943
20	0.01300	0.01584	0.11267	0.02419	0.20008	0.01355	0.45325	0.01796	0.04380	0.01803	0.01132	0.01446	0.00868	0.00490	0.00606	0.00178	0.00826	0.00582	0.00286	0.02348
21	0.00777	0.00561	0.00735	0.00701	0.00826	0.00518	0.00522	0.01029	0.01538	0.02173	0.72440	0.08622	0.05134	0.01168	0.00656	0.00177	0.00265	0.01035	0.00604	0.00518
22	0.00797	0.00570	0.00771	0.00771	0.00829	0.00628	0.00544	0.00913	0.00855	0.01198	0.01592	0.02777	0.01646	0.35874	0.46978	0.00743	0.01090	0.00681	0.00313	0.00428
23	0.01311	0.01247	0.02117	0.06117	0.69107	0.01254	0.01613	0.01626	0.01242	0.01767	0.01176	0.06721	0.01061	0.00580	0.00559	0.00169	0.00638	0.00567	0.00289	0.00838
24	0.02471	0.00965	0.01299	0.00996	0.01425	0.00848	0.00823	0.05422	0.01623	0.74688	0.02153	0.01864	0.01355	0.00685	0.00557	0.00171	0.00476	0.00555	0.00681	0.00943
25	0.01159	0.06303	0.01156	0.00944	0.01135	0.03893	0.00754	0.11446	0.06092	0.01796	0.03681	0.01947	0.01373	0.03929	0.35559	0.00495	0.04803	0.00554	0.12374	0.00607
26	0.00964	0.00695	0.00877	0.00936	0.06904	0.02752	0.00632	0.01190	0.01429	0.07079	0.42960	0.13153	0.12346	0.01120	0.00629	0.00178	0.00337	0.00982	0.04271	0.00567
27	0.01609	0.41538	0.02151	0.01100	0.01463	0.23824	0.00950	0.07545	0.01378	0.01537	0.04146	0.06476	0.01118	0.00641	0.00482	0.00142	0.02459	0.00450	0.00310	0.00681
28	0.34590	0.01410	0.07288	0.01065	0.01449	0.02822	0.00934	0.30133	0.01616	0.02683	0.01050	0.01171	0.00792	0.00672	0.01888	0.00185	0.05918	0.00411	0.03176	0.00746
29	0.01885	0.09704	0.01611	0.01322	0.01606	0.62969	0.01009	0.02066	0.03527	0.01381	0.01060	0.07282	0.00973	0.00659	0.00504	0.00148	0.00892	0.00455	0.00307	0.00640

[dist]
# distance from previous block
# <min> <max>
0	3

[block]
# block no. 9 follows, 43 sequences, length 55
# corresponding to MSA columns:
# 1292-1346
name=unknown_J
#
# <colnr> <probs for GDERKNQSTAVLIFYWHMCP>
#	G	D	E	R	K	N	Q	S	T	A	V	L	I	F	Y	W	H	M	C	P
0	0.01435	0.55816	0.21249	0.01127	0.01684	0.01933	0.01226	0.07077	0.01245	0.01575	0.00866	0.00990	0.00725	0.00501	0.00412	0.00136	0.00649	0.00339	0.00259	0.00754
1	0.01316	0.35918	0.37084	0.01295	0.01884	0.04947	0.01477	0.01702	0.01144	0.01514	0.00873	0.01046	0.00708	0.00538	0.00547	0.00155	0.06501	0.00364	0.00238	0.00750
2	0.00873	0.00626	0.00826	0.06484	0.01095	0.00603	0.00629	0.01146	0.03014	0.05117	0.49815	0.07282	0.13080	0.01149	0.00650	0.00184	0.00331	0.05989	0.00563	0.00544
3	0.00777	0.00564	0.00733	0.00694	0.00824	0.00519	0.00519	0.01031	0.01547	0.02180	0.72910	0.05962	0.07348	0.01155	0.00655	0.00176	0.00263	0.01020	0.00605	0.00519
4	0.02360	0.00915	0.01245	0.00964	0.01371	0.00793	0.00793	0.02578	0.01584	0.71947	0.07656	0.02050	0.01654	0.00718	0.00564	0.00172	0.00456	0.00590	0.00680	0.00912
5	0.00675	0.00482	0.00643	0.00771	0.00803	0.00450	0.00514	0.00771	0.01060	0.01414	0.03053	0.80175	0.03663	0.01735	0.00707	0.00225	0.00321	0.01574	0.00514	0.00450
6	0.01371	0.01316	0.02248	0.03399	0.77081	0.01316	0.01700	0.01700	0.01261	0.01809	0.01042	0.01371	0.00877	0.00493	0.00548	0.00164	0.00658	0.00493	0.00274	0.00877
7	0.00683	0.00562	0.00601	0.00591	0.00766	0.00480	0.00443	0.00850	0.01330	0.01657	0.21414	0.05065	0.60953	0.01343	0.00654	0.00184	0.00276	0.01132	0.00535	0.00480
8	0.01307	0.01494	0.03268	0.02334	0.02894	0.01401	0.75070	0.01774	0.01307	0.01774	0.01120	0.01494	0.00840	0.00467	0.00654	0.00187	0.00934	0.00654	0.00280	0.00747
9	0.01452	0.01422	0.02056	0.06310	0.57735	0.08368	0.01542	0.04950	0.07291	0.01862	0.01131	0.01395	0.00924	0.00531	0.00546	0.00165	0.00673	0.00492	0.00309	0.00847
10	0.01148	0.00984	0.01148	0.00820	0.01312	0.00738	0.00656	0.01395	0.01148	0.01805	0.00984	0.01148	0.00820	0.00410	0.00410	0.00082	0.00410	0.00328	0.00328	0.83922
11	0.04730	0.00949	0.01192	0.00903	0.01341	0.00786	0.00733	0.02070	0.01369	0.41717	0.01679	0.04170	0.01198	0.00603	0.00495	0.00137	0.00440	0.00489	0.00523	0.34476
12	0.00822	0.00537	0.00607	0.00607	0.00619	0.00540	0.00351	0.00847	0.00834	0.01153	0.01741	0.03465	0.01950	0.72288	0.05003	0.00518	0.00546	0.00778	0.06441	0.00354
13	0.01157	0.00982	0.01146	0.00826	0.01305	0.00752	0.00660	0.02951	0.01193	0.01854	0.03525	0.01252	0.00970	0.00440	0.00421	0.00087	0.00409	0.00354	0.00342	0.79372
14	0.00945	0.00481	0.00717	0.00724	0.00726	0.00479	0.00483	0.00724	0.00741	0.00988	0.01083	0.06220	0.01118	0.01913	0.02080	0.79051	0.00472	0.00544	0.00256	0.00253
15	0.01111	0.02865	0.77667	0.01579	0.02397	0.01286	0.02046	0.01754	0.01169	0.01754	0.00994	0.01169	0.00702	0.00526	0.00526	0.00175	0.00818	0.00409	0.00234	0.00818
16	0.00805	0.00537	0.00604	0.00604	0.00604	0.00537	0.00336	0.00805	0.00805	0.01074	0.01745	0.03624	0.02013	0.80536	0.02819	0.00537	0.00537	0.00805	0.00336	0.00336
17	0.00855	0.00690	0.01043	0.00992	0.01089	0.00833	0.02405	0.01049	0.00894	0.01302	0.01381	0.02041	0.01291	0.03676	0.67105	0.00794	0.11175	0.00581	0.00290	0.00514
18	0.00838	0.00616	0.00818	0.00914	0.01050	0.00596	0.00778	0.01068	0.01281	0.01649	0.07022	0.07905	0.16810	0.01493	0.00738	0.00238	0.00451	0.54720	0.00516	0.00501
19	0.00791	0.00593	0.00890	0.00890	0.00989	0.00692	0.00692	0.00989	0.00890	0.01286	0.01483	0.02176	0.01385	0.04154	0.78341	0.00890	0.01483	0.00593	0.00297	0.00494
20	0.01046	0.00984	0.01661	0.79205	0.03814	0.01230	0.01538	0.01415	0.01107	0.01415	0.00984	0.01477	0.00738	0.00554	0.00554	0.00185	0.00738	0.00492	0.00246	0.00615
