[name]
unknown

[dist]
# distance from previous block
# <min> <max>
19	103

[block]
# block no. 0 follows, 48 sequences, length 25
# corresponding to MSA columns:
# 108-132
name=unknown_A
#
# <colnr> <probs for GDERKNQSTAVLIFYWHMCP>
#	G	D	E	R	K	N	Q	S	T	A	V	L	I	F	Y	W	H	M	C	P
0	0.05231	0.04453	0.71533	0.01388	0.02101	0.01192	0.01768	0.01600	0.01081	0.01660	0.02889	0.01135	0.00753	0.00500	0.00478	0.00161	0.00722	0.00386	0.00231	0.00739
1	0.01103	0.11102	0.57124	0.01336	0.01970	0.01201	0.04731	0.01582	0.01095	0.05404	0.01119	0.07935	0.00920	0.00582	0.00491	0.00161	0.00685	0.00475	0.00262	0.00721
2	0.01228	0.01042	0.04994	0.00851	0.01294	0.00821	0.00720	0.10137	0.02994	0.06734	0.02803	0.01309	0.02989	0.00475	0.00423	0.00101	0.00418	0.00380	0.00360	0.59928
3	0.01189	0.15677	0.59295	0.01333	0.01998	0.04852	0.01631	0.01673	0.01112	0.05390	0.00936	0.01066	0.00683	0.00489	0.00462	0.00152	0.00715	0.00366	0.00240	0.00740
4	0.07186	0.00952	0.01047	0.00971	0.01163	0.09029	0.06254	0.04377	0.17371	0.03474	0.04700	0.37041	0.02230	0.01055	0.00568	0.00182	0.00446	0.00929	0.00445	0.00579
5	0.01033	0.00879	0.01031	0.00757	0.01183	0.00665	0.00599	0.01251	0.01058	0.01647	0.01047	0.06733	0.00945	0.00466	0.00399	0.00085	0.00374	0.00385	0.00316	0.79145
6	0.01194	0.01141	0.01945	0.22810	0.59702	0.01199	0.01537	0.01508	0.01132	0.01584	0.00952	0.01295	0.00780	0.00471	0.00509	0.00157	0.00628	0.00457	0.00247	0.00751
7	0.00733	0.00550	0.00825	0.00825	0.00916	0.00641	0.00641	0.00916	0.00825	0.01191	0.01374	0.02016	0.01283	0.03848	0.79934	0.00825	0.01374	0.00550	0.00275	0.00458
8	0.00969	0.00912	0.01539	0.80734	0.03534	0.01140	0.01425	0.01311	0.01026	0.01311	0.00912	0.01368	0.00684	0.00513	0.00513	0.00171	0.00684	0.00456	0.00228	0.00570
9	0.01372	0.82276	0.02689	0.00878	0.01317	0.02030	0.00878	0.01536	0.01043	0.01207	0.00713	0.00823	0.00658	0.00439	0.00329	0.00110	0.00549	0.00274	0.00219	0.00658
10	0.00969	0.00912	0.01539	0.80734	0.03534	0.01140	0.01425	0.01311	0.01026	0.01311	0.00912	0.01368	0.00684	0.00513	0.00513	0.00171	0.00684	0.00456	0.00228	0.00570
11	0.02302	0.00873	0.01191	0.00913	0.01310	0.00754	0.00754	0.02501	0.01469	0.79122	0.02024	0.01746	0.01270	0.00635	0.00516	0.00159	0.00437	0.00516	0.00635	0.00873
12	0.01270	0.01219	0.02083	0.03149	0.78767	0.01219	0.01575	0.01575	0.01168	0.01676	0.00965	0.01270	0.00813	0.00457	0.00508	0.00152	0.00610	0.00457	0.00254	0.00813
13	0.01029	0.02654	0.79309	0.01462	0.02221	0.01192	0.01896	0.01625	0.01083	0.01625	0.00921	0.01083	0.00650	0.00487	0.00487	0.00162	0.00758	0.00379	0.00217	0.00758
14	0.00969	0.00912	0.01539	0.80734	0.03534	0.01140	0.01425	0.01311	0.01026	0.01311	0.00912	0.01368	0.00684	0.00513	0.00513	0.00171	0.00684	0.00456	0.00228	0.00570
15	0.00969	0.00912	0.01539	0.80734	0.03534	0.01140	0.01425	0.01311	0.01026	0.01311	0.00912	0.01368	0.00684	0.00513	0.00513	0.00171	0.00684	0.00456	0.00228	0.00570
16	0.01050	0.07571	0.74577	0.01426	0.02165	0.01243	0.01833	0.01619	0.01081	0.01599	0.00908	0.01067	0.00651	0.00484	0.00478	0.00159	0.00745	0.00373	0.00217	0.00752
17	0.01437	0.64686	0.07224	0.00985	0.01416	0.14341	0.00959	0.01623	0.01110	0.01241	0.00739	0.00855	0.00658	0.00456	0.00360	0.00117	0.00621	0.00290	0.00226	0.00655
18	0.01155	0.01277	0.02697	0.02047	0.07161	0.01199	0.63619	0.01553	0.01223	0.01662	0.06479	0.01703	0.04559	0.00515	0.00600	0.00171	0.00780	0.00640	0.00290	0.00674
19	0.01917	0.02445	0.01454	0.01322	0.01586	0.79907	0.00991	0.02049	0.01454	0.01256	0.00793	0.00925	0.00661	0.00529	0.00463	0.00132	0.00925	0.00330	0.00264	0.00595
20	0.01064	0.00912	0.01064	0.00760	0.01216	0.00684	0.00608	0.01292	0.01064	0.01672	0.00912	0.01064	0.00760	0.00380	0.00380	0.00076	0.00380	0.00304	0.00304	0.85104
21	0.01372	0.82276	0.02689	0.00878	0.01317	0.02030	0.00878	0.01536	0.01043	0.01207	0.00713	0.00823	0.00658	0.00439	0.00329	0.00110	0.00549	0.00274	0.00219	0.00658
22	0.00733	0.00550	0.00825	0.00825	0.00916	0.00641	0.00641	0.00916	0.00825	0.01191	0.01374	0.02016	0.01283	0.03848	0.79934	0.00825	0.01374	0.00550	0.00275	0.00458
23	0.01103	0.19702	0.62904	0.01337	0.02027	0.01371	0.01678	0.01606	0.01075	0.01536	0.00876	0.01028	0.00652	0.00477	0.00454	0.00151	0.00713	0.00357	0.00217	0.00737
24	0.01203	0.00926	0.01242	0.00947	0.01318	0.00810	0.07215	0.02898	0.02871	0.11014	0.01336	0.08836	0.02591	0.00597	0.00546	0.00123	0.06225	0.00499	0.00363	0.48441

[dist]
# distance from previous block
# <min> <max>
4	7

[block]
# block no. 1 follows, 48 sequences, length 8
# corresponding to MSA columns:
# 142-149
name=unknown_B
#
# <colnr> <probs for GDERKNQSTAVLIFYWHMCP>
#	G	D	E	R	K	N	Q	S	T	A	V	L	I	F	Y	W	H	M	C	P
0	0.00720	0.00486	0.00567	0.00593	0.00600	0.00480	0.00347	0.00739	0.00797	0.01063	0.01879	0.20281	0.02196	0.64594	0.02189	0.00435	0.00454	0.00900	0.00347	0.00334
1	0.01123	0.01123	0.01572	0.01347	0.01347	0.01572	0.01123	0.01235	0.00786	0.01235	0.00674	0.01123	0.00674	0.00898	0.01684	0.00225	0.81028	0.00449	0.00225	0.00561
2	0.02302	0.00873	0.01191	0.00913	0.01310	0.00754	0.00754	0.02501	0.01469	0.79122	0.02024	0.01746	0.01270	0.00635	0.00516	0.00159	0.00437	0.00516	0.00635	0.00873
3	0.00709	0.00511	0.00671	0.00657	0.00763	0.00473	0.00483	0.00925	0.01373	0.01931	0.65688	0.17002	0.04596	0.01144	0.00614	0.00169	0.00251	0.01018	0.00550	0.00473
4	0.16401	0.00893	0.01117	0.00873	0.01256	0.00821	0.00721	0.02333	0.01368	0.66119	0.01803	0.01592	0.01149	0.00608	0.00482	0.00159	0.00430	0.00476	0.00581	0.00819
5	0.01064	0.00912	0.01064	0.00760	0.01216	0.00684	0.00608	0.01292	0.01064	0.01672	0.00912	0.01064	0.00760	0.00380	0.00380	0.00076	0.00380	0.00304	0.00304	0.85104
6	0.01064	0.00912	0.01064	0.00760	0.01216	0.00684	0.00608	0.01292	0.01064	0.01672	0.00912	0.01064	0.00760	0.00380	0.00380	0.00076	0.00380	0.00304	0.00304	0.85104
7	0.85592	0.00992	0.00754	0.00675	0.00992	0.01151	0.00556	0.01508	0.00873	0.02302	0.00714	0.00834	0.00556	0.00476	0.00318	0.00159	0.00397	0.00278	0.00318	0.00556

[dist]
# distance from previous block
# <min> <max>
0	3

[block]
# block no. 2 follows, 48 sequences, length 46
# corresponding to MSA columns:
# 153-160,162-199
name=unknown_C
#
# <colnr> <probs for GDERKNQSTAVLIFYWHMCP>
#	G	D	E	R	K	N	Q	S	T	A	V	L	I	F	Y	W	H	M	C	P
0	0.00917	0.00601	0.00766	0.00698	0.00859	0.00567	0.00532	0.01241	0.07035	0.09557	0.63903	0.03513	0.05818	0.00988	0.00590	0.00162	0.00273	0.00866	0.00567	0.00545
1	0.01363	0.80171	0.04715	0.00893	0.01341	0.02008	0.00905	0.01539	0.01044	0.01218	0.00719	0.00830	0.00658	0.00440	0.00333	0.00111	0.00554	0.00277	0.00219	0.00661
2	0.00642	0.00478	0.00602	0.00694	0.00758	0.00444	0.00480	0.00772	0.02613	0.01349	0.03235	0.63532	0.16867	0.01527	0.00645	0.00202	0.00299	0.03953	0.00477	0.00430
3	0.03872	0.00847	0.01344	0.55464	0.06082	0.01016	0.01196	0.01247	0.02905	0.01380	0.01303	0.16902	0.01232	0.00734	0.00558	0.00178	0.02250	0.00647	0.00288	0.00556
4	0.01549	0.03444	0.01166	0.00940	0.01225	0.01013	0.00746	0.30081	0.03816	0.19693	0.04088	0.23030	0.05113	0.00923	0.00553	0.00170	0.00438	0.00777	0.00522	0.00713
5	0.02154	0.00994	0.03179	0.00965	0.01364	0.00892	0.00810	0.10191	0.07528	0.63333	0.01920	0.01690	0.01237	0.00634	0.00515	0.00160	0.00455	0.00512	0.00603	0.00866
6	0.01346	0.76305	0.08435	0.00922	0.01385	0.01967	0.00954	0.01543	0.01046	0.01239	0.00729	0.00843	0.00658	0.00443	0.00341	0.00114	0.00564	0.00282	0.00219	0.00666
7	0.02232	0.00886	0.01188	0.00915	0.01303	0.00781	0.00754	0.05694	0.01509	0.73134	0.04652	0.01797	0.01377	0.00649	0.00519	0.00159	0.00435	0.00528	0.00627	0.00860
8	0.01136	0.01200	0.01965	0.01560	0.01754	0.04796	0.27150	0.01357	0.00982	0.01384	0.01031	0.09663	0.00995	0.00796	0.01151	0.00201	0.41418	0.00604	0.00265	0.00593
9	0.01244	0.01193	0.02036	0.09791	0.72326	0.01212	0.01562	0.01552	0.01156	0.01645	0.00961	0.01278	0.00802	0.00462	0.00508	0.00154	0.00616	0.00457	0.00252	0.00792
10	0.00615	0.00487	0.00554	0.00607	0.00716	0.00426	0.00429	0.00727	0.01085	0.01352	0.04130	0.39483	0.44702	0.01438	0.00628	0.00189	0.00277	0.01252	0.00476	0.00426
11	0.01966	0.01413	0.01525	0.01169	0.01579	0.01555	0.00966	0.73809	0.02371	0.06539	0.01266	0.01254	0.00890	0.00617	0.00513	0.00154	0.00559	0.00464	0.00519	0.00873
12	0.00606	0.00520	0.00520	0.00520	0.00693	0.00433	0.00390	0.00736	0.01170	0.01386	0.05198	0.04938	0.78558	0.01299	0.00606	0.00173	0.00260	0.01083	0.00476	0.00433
13	0.01029	0.02654	0.79309	0.01462	0.02221	0.01192	0.01896	0.01625	0.01083	0.01625	0.00921	0.01083	0.00650	0.00487	0.00487	0.00162	0.00758	0.00379	0.00217	0.00758
14	0.01469	0.01613	0.01836	0.05872	0.47720	0.27525	0.01362	0.01713	0.01248	0.01509	0.00898	0.01155	0.00753	0.00495	0.00523	0.00148	0.02767	0.00415	0.00256	0.00723
15	0.01951	0.01437	0.01540	0.01181	0.01591	0.01591	0.00975	0.77056	0.02412	0.03234	0.01232	0.01232	0.00873	0.00616	0.00513	0.00154	0.00565	0.00462	0.00513	0.00873
16	0.01270	0.01219	0.02083	0.03149	0.78767	0.01219	0.01575	0.01575	0.01168	0.01676	0.00965	0.01270	0.00813	0.00457	0.00508	0.00152	0.00610	0.00457	0.00254	0.00813
17	0.00734	0.00546	0.00808	0.00808	0.00894	0.00632	0.00621	0.00906	0.00820	0.01179	0.01390	0.02100	0.01319	0.08773	0.75060	0.00804	0.01319	0.00562	0.00277	0.00449
18	0.00625	0.00447	0.00595	0.00714	0.00744	0.00417	0.00476	0.00714	0.00982	0.01310	0.02828	0.81633	0.03394	0.01608	0.00655	0.00208	0.00298	0.01459	0.00476	0.00417
19	0.85592	0.00992	0.00754	0.00675	0.00992	0.01151	0.00556	0.01508	0.00873	0.02302	0.00714	0.00834	0.00556	0.00476	0.00318	0.00159	0.00397	0.00278	0.00318	0.00556
20	0.85592	0.00992	0.00754	0.00675	0.00992	0.01151	0.00556	0.01508	0.00873	0.02302	0.00714	0.00834	0.00556	0.00476	0.00318	0.00159	0.00397	0.00278	0.00318	0.00556
21	0.01372	0.82276	0.02689	0.00878	0.01317	0.02030	0.00878	0.01536	0.01043	0.01207	0.00713	0.00823	0.00658	0.00439	0.00329	0.00110	0.00549	0.00274	0.00219	0.00658
22	0.00699	0.00506	0.00660	0.00659	0.00759	0.00467	0.00480	0.00902	0.01333	0.01861	0.58490	0.22413	0.06472	0.01189	0.00617	0.00173	0.00256	0.01059	0.00541	0.00467
23	0.01029	0.02654	0.79309	0.01462	0.02221	0.01192	0.01896	0.01625	0.01083	0.01625	0.00921	0.01083	0.00650	0.00487	0.00487	0.00162	0.00758	0.00379	0.00217	0.00758
24	0.01123	0.01123	0.01572	0.01347	0.01347	0.01572	0.01123	0.01235	0.00786	0.01235	0.00674	0.01123	0.00674	0.00898	0.01684	0.00225	0.81028	0.00449	0.00225	0.00561
25	0.01276	0.01102	0.01160	0.01044	0.01334	0.01276	0.00812	0.02727	0.77840	0.02146	0.02088	0.01914	0.01566	0.00696	0.00522	0.00174	0.00406	0.00580	0.00522	0.00812
26	0.01123	0.01123	0.01572	0.01347	0.01347	0.01572	0.01123	0.01235	0.00786	0.01235	0.00674	0.01123	0.00674	0.00898	0.01684	0.00225	0.81028	0.00449	0.00225	0.00561
27	0.00625	0.00447	0.00595	0.00714	0.00744	0.00417	0.00476	0.00714	0.00982	0.01310	0.02828	0.81633	0.03394	0.01608	0.00655	0.00208	0.00298	0.01459	0.00476	0.00417
28	0.00726	0.00524	0.00686	0.00646	0.00767	0.00484	0.00484	0.00968	0.01452	0.02058	0.78496	0.03833	0.04841	0.01049	0.00605	0.00161	0.00242	0.00928	0.00565	0.00484
29	0.01270	0.01219	0.02083	0.03149	0.78767	0.01219	0.01575	0.01575	0.01168	0.01676	0.00965	0.01270	0.00813	0.00457	0.00508	0.00152	0.00610	0.00457	0.00254	0.00813
30	0.85592	0.00992	0.00754	0.00675	0.00992	0.01151	0.00556	0.01508	0.00873	0.02302	0.00714	0.00834	0.00556	0.00476	0.00318	0.00159	0.00397	0.00278	0.00318	0.00556
31	0.00625	0.00447	0.00595	0.00714	0.00744	0.00417	0.00476	0.00714	0.00982	0.01310	0.02828	0.81633	0.03394	0.01608	0.00655	0.00208	0.00298	0.01459	0.00476	0.00417
32	0.01372	0.82276	0.02689	0.00878	0.01317	0.02030	0.00878	0.01536	0.01043	0.01207	0.00713	0.00823	0.00658	0.00439	0.00329	0.00110	0.00549	0.00274	0.00219	0.00658
33	0.00734	0.00545	0.00799	0.00799	0.00881	0.00627	0.00609	0.00900	0.00817	0.01172	0.01398	0.02147	0.01340	0.11506	0.72354	0.00793	0.01288	0.00569	0.00278	0.00444
34	0.02302	0.00873	0.01191	0.00913	0.01310	0.00754	0.00754	0.02501	0.01469	0.79122	0.02024	0.01746	0.01270	0.00635	0.00516	0.00159	0.00437	0.00516	0.00635	0.00873
35	0.00625	0.00447	0.00595	0.00714	0.00744	0.00417	0.00476	0.00714	0.00982	0.01310	0.02828	0.81633	0.03394	0.01608	0.00655	0.00208	0.00298	0.01459	0.00476	0.00417
36	0.00625	0.00447	0.00595	0.00714	0.00744	0.00417	0.00476	0.00714	0.00982	0.01310	0.02828	0.81633	0.03394	0.01608	0.00655	0.00208	0.00298	0.01459	0.00476	0.00417
37	0.01527	0.01786	0.01498	0.01324	0.01467	0.40915	0.01046	0.01696	0.03804	0.01277	0.00783	0.01051	0.00698	0.00706	0.01030	0.00176	0.37980	0.00394	0.00255	0.00587
38	0.01270	0.01219	0.02083	0.03149	0.78767	0.01219	0.01575	0.01575	0.01168	0.01676	0.00965	0.01270	0.00813	0.00457	0.00508	0.00152	0.00610	0.00457	0.00254	0.00813
39	0.00718	0.00524	0.00674	0.00637	0.00761	0.00481	0.00478	0.00952	0.01433	0.02011	0.73403	0.03910	0.09964	0.01066	0.00605	0.00162	0.00243	0.00939	0.00559	0.00481
40	0.00978	0.00921	0.01555	0.78416	0.05782	0.01142	0.01429	0.01319	0.01030	0.01322	0.00914	0.01365	0.00688	0.00511	0.00513	0.00170	0.00682	0.00456	0.00229	0.00577
41	0.01920	0.01421	0.01540	0.03614	0.01651	0.01577	0.00989	0.74739	0.02370	0.03175	0.01222	0.01236	0.00867	0.00613	0.00513	0.00155	0.00568	0.00462	0.00505	0.00863
42	0.01029	0.02654	0.79309	0.01462	0.02221	0.01192	0.01896	0.01625	0.01083	0.01625	0.00921	0.01083	0.00650	0.00487	0.00487	0.00162	0.00758	0.00379	0.00217	0.00758
43	0.00647	0.00542	0.00587	0.00598	0.00757	0.00482	0.00465	0.00789	0.01156	0.01399	0.04716	0.06890	0.65341	0.01311	0.00648	0.00183	0.02373	0.10206	0.00469	0.00441
44	0.01277	0.63143	0.11376	0.00997	0.03290	0.01791	0.00991	0.01499	0.01073	0.01329	0.06315	0.01087	0.00961	0.00500	0.00406	0.00124	0.02595	0.00342	0.00245	0.00659
45	0.01270	0.01219	0.02083	0.03149	0.78767	0.01219	0.01575	0.01575	0.01168	0.01676	0.00965	0.01270	0.00813	0.00457	0.00508	0.00152	0.00610	0.00457	0.00254	0.00813

[dist]
# distance from previous block
# <min> <max>
6	10

[block]
# block no. 3 follows, 48 sequences, length 29
# corresponding to MSA columns:
# 210-223,226-240
name=unknown_D
#
# <colnr> <probs for GDERKNQSTAVLIFYWHMCP>
#	G	D	E	R	K	N	Q	S	T	A	V	L	I	F	Y	W	H	M	C	P
0	0.54097	0.01136	0.07380	0.00883	0.01263	0.01097	0.04702	0.03003	0.03557	0.17052	0.01054	0.01101	0.00751	0.00515	0.00395	0.00160	0.00462	0.00362	0.00377	0.00654
1	0.01291	0.01233	0.02007	0.09765	0.60021	0.02866	0.05145	0.05688	0.03817	0.01734	0.01013	0.01297	0.00825	0.00479	0.00513	0.00155	0.00626	0.00466	0.00275	0.00784
2	0.01684	0.01231	0.01474	0.06347	0.01667	0.01303	0.05023	0.40892	0.12037	0.10686	0.01359	0.01373	0.00976	0.00583	0.00503	0.00150	0.00531	0.00471	0.00469	0.11239
3	0.01102	0.00988	0.01558	0.68064	0.05973	0.01199	0.01374	0.10752	0.01204	0.01563	0.00954	0.01348	0.00712	0.00524	0.00513	0.00168	0.00666	0.00457	0.00264	0.00616
4	0.10187	0.01124	0.08405	0.01193	0.04714	0.00971	0.12534	0.06577	0.06579	0.22227	0.10139	0.03031	0.05512	0.00671	0.00523	0.00163	0.00507	0.01830	0.00447	0.02666
5	0.01459	0.01165	0.01451	0.06335	0.01645	0.01209	0.07682	0.28117	0.18034	0.05042	0.03755	0.01464	0.01115	0.00574	0.00498	0.00145	0.00511	0.00482	0.00435	0.18882
6	0.01288	0.01253	0.02065	0.03099	0.76648	0.03379	0.01559	0.01588	0.01176	0.01665	0.00960	0.01260	0.00809	0.00459	0.00507	0.00152	0.00618	0.00454	0.00254	0.00807
7	0.01063	0.10518	0.71741	0.01405	0.02132	0.01274	0.01795	0.01616	0.01079	0.01584	0.00900	0.01058	0.00651	0.00483	0.00472	0.00157	0.00738	0.00369	0.00217	0.00748
8	0.01354	0.78122	0.06686	0.00908	0.01364	0.01987	0.00931	0.01541	0.01045	0.01229	0.00724	0.00837	0.00658	0.00442	0.00337	0.00112	0.00560	0.00280	0.00219	0.00664
9	0.01166	0.01288	0.02671	0.07912	0.04373	0.01280	0.59552	0.01546	0.01147	0.01569	0.01053	0.04086	0.00851	0.00524	0.00702	0.00179	0.08572	0.00605	0.00261	0.00664
10	0.01402	0.02287	0.01752	0.09433	0.04984	0.02883	0.21509	0.01756	0.05353	0.18062	0.01242	0.01374	0.00907	0.00487	0.00498	0.00140	0.00581	0.00468	0.00362	0.24520
11	0.00695	0.00504	0.00660	0.00692	0.00785	0.00469	0.00511	0.00878	0.01249	0.01713	0.40989	0.30763	0.08126	0.01291	0.00633	0.00186	0.00285	0.08593	0.00520	0.00457
12	0.01829	0.01281	0.01402	0.01111	0.01488	0.01402	0.00905	0.51746	0.17133	0.12054	0.01532	0.03262	0.01114	0.00657	0.00519	0.00160	0.00512	0.00514	0.00529	0.00850
13	0.00738	0.00499	0.00557	0.00557	0.00568	0.00494	0.00316	0.00746	0.00772	0.01018	0.01832	0.03453	0.06479	0.77115	0.02491	0.00478	0.00483	0.00766	0.00321	0.00318
14	0.00969	0.00912	0.01539	0.80734	0.03534	0.01140	0.01425	0.01311	0.01026	0.01311	0.00912	0.01368	0.00684	0.00513	0.00513	0.00171	0.00684	0.00456	0.00228	0.00570
15	0.01276	0.01102	0.01160	0.01044	0.01334	0.01276	0.00812	0.02727	0.77840	0.02146	0.02088	0.01914	0.01566	0.00696	0.00522	0.00174	0.00406	0.00580	0.00522	0.00812
16	0.04964	0.00882	0.01149	0.00897	0.01277	0.00788	0.00738	0.04070	0.04016	0.65279	0.02044	0.01870	0.03864	0.00660	0.00511	0.00158	0.00430	0.01964	0.00597	0.03839
17	0.01402	0.01111	0.01159	0.01020	0.01306	0.05269	0.00802	0.06125	0.51566	0.11166	0.02164	0.02067	0.07177	0.00739	0.00567	0.00172	0.03178	0.01734	0.00507	0.00769
18	0.02302	0.00873	0.01191	0.00913	0.01310	0.00754	0.00754	0.02501	0.01469	0.79122	0.02024	0.01746	0.01270	0.00635	0.00516	0.00159	0.00437	0.00516	0.00635	0.00873
19	0.01270	0.01219	0.02083	0.03149	0.78767	0.01219	0.01575	0.01575	0.01168	0.01676	0.00965	0.01270	0.00813	0.00457	0.00508	0.00152	0.00610	0.00457	0.00254	0.00813
20	0.01840	0.01283	0.01415	0.01110	0.01484	0.01392	0.00916	0.61532	0.02202	0.09607	0.06443	0.01693	0.01279	0.00689	0.00530	0.00159	0.00527	0.04547	0.00525	0.00826
21	0.00708	0.00524	0.00661	0.00627	0.00756	0.00477	0.00470	0.00934	0.01410	0.01957	0.67506	0.03999	0.15895	0.01087	0.00605	0.00163	0.00245	0.00951	0.00552	0.00477
22	0.00734	0.00546	0.00807	0.00807	0.00893	0.00632	0.00620	0.00905	0.00819	0.01178	0.01390	0.02104	0.01321	0.08966	0.74868	0.00803	0.01317	0.00563	0.00277	0.00448
23	0.01192	0.01367	0.04664	0.02188	0.09601	0.01258	0.65624	0.01605	0.01196	0.01635	0.01089	0.04073	0.00867	0.00476	0.00595	0.00172	0.00820	0.00615	0.00265	0.00695
24	0.00957	0.00504	0.00697	0.00677	0.00712	0.00513	0.00466	0.04963	0.00808	0.01127	0.00991	0.01578	0.00934	0.01595	0.01752	0.71536	0.00431	0.00450	0.09024	0.00285
25	0.00688	0.00583	0.00604	0.00600	0.00782	0.00528	0.00461	0.00958	0.08898	0.01472	0.04723	0.04689	0.65873	0.01246	0.00605	0.00177	0.00288	0.05868	0.00481	0.00474
26	0.00716	0.00521	0.00643	0.00612	0.00743	0.00474	0.00459	0.00936	0.01378	0.01921	0.60325	0.03940	0.18745	0.01072	0.00592	0.00161	0.00245	0.00933	0.05107	0.00474
27	0.01270	0.01219	0.02083	0.03149	0.78767	0.01219	0.01575	0.01575	0.01168	0.01676	0.00965	0.01270	0.00813	0.00457	0.00508	0.00152	0.00610	0.00457	0.00254	0.00813
28	0.01104	0.00949	0.01152	0.00826	0.01282	0.00741	0.03314	0.04276	0.01122	0.01732	0.00929	0.01082	0.00765	0.00391	0.00393	0.00082	0.00404	0.00321	0.00311	0.78822

[dist]
# distance from previous block
# <min> <max>
0	1

[block]
# block no. 4 follows, 48 sequences, length 25
# corresponding to MSA columns:
# 242-266
name=unknown_E
#
# <colnr> <probs for GDERKNQSTAVLIFYWHMCP>
#	G	D	E	R	K	N	Q	S	T	A	V	L	I	F	Y	W	H	M	C	P
0	0.01211	0.01384	0.03028	0.02163	0.02682	0.01298	0.76903	0.01644	0.01211	0.01644	0.01038	0.01384	0.00779	0.00433	0.00606	0.00173	0.00865	0.00606	0.00260	0.00692
1	0.01483	0.01176	0.01255	0.01073	0.01397	0.01334	0.00850	0.21081	0.56224	0.05419	0.01874	0.01739	0.01383	0.00674	0.00520	0.00168	0.00446	0.00548	0.00524	0.00829
2	0.03579	0.00635	0.00680	0.00653	0.00822	0.02234	0.00498	0.01075	0.08485	0.01742	0.32006	0.04048	0.36898	0.01109	0.00589	0.00170	0.00293	0.03482	0.00504	0.00497
3	0.00923	0.00826	0.00782	0.00730	0.00932	0.08328	0.00564	0.08355	0.03818	0.01666	0.12187	0.05689	0.44468	0.01106	0.00584	0.00169	0.00374	0.05735	0.00467	0.02298
4	0.01270	0.01219	0.02083	0.03149	0.78767	0.01219	0.01575	0.01575	0.01168	0.01676	0.00965	0.01270	0.00813	0.00457	0.00508	0.00152	0.00610	0.00457	0.00254	0.00813
5	0.01482	0.01176	0.06228	0.01021	0.01376	0.01148	0.00860	0.21966	0.28846	0.12262	0.05238	0.04548	0.04775	0.00706	0.00520	0.00160	0.00456	0.00577	0.00499	0.06157
6	0.01918	0.02404	0.01458	0.01316	0.01586	0.76703	0.00991	0.05118	0.01493	0.01337	0.00811	0.00938	0.00670	0.00532	0.00465	0.00133	0.00911	0.00336	0.00275	0.00606
7	0.01082	0.05332	0.73245	0.01430	0.02162	0.01238	0.01820	0.04953	0.01141	0.01682	0.00927	0.01081	0.00660	0.00491	0.00483	0.00160	0.00743	0.00379	0.00230	0.00760
8	0.00818	0.00593	0.00809	0.00916	0.01034	0.00594	0.00783	0.01079	0.03717	0.01532	0.02785	0.11890	0.05384	0.01405	0.00695	0.00230	0.00449	0.64334	0.00475	0.00478
9	0.00746	0.00497	0.00560	0.00560	0.00560	0.00497	0.00311	0.00746	0.00746	0.00995	0.01617	0.03358	0.01865	0.81967	0.02612	0.00497	0.00497	0.00746	0.00311	0.00311
10	0.00625	0.00447	0.00595	0.00714	0.00744	0.00417	0.00476	0.00714	0.00982	0.01310	0.02828	0.81633	0.03394	0.01608	0.00655	0.00208	0.00298	0.01459	0.00476	0.00417
11	0.01064	0.00912	0.01064	0.00760	0.01216	0.00684	0.00608	0.01292	0.01064	0.01672	0.00912	0.01064	0.00760	0.00380	0.00380	0.00076	0.00380	0.00304	0.00304	0.85104
12	0.85592	0.00992	0.00754	0.00675	0.00992	0.01151	0.00556	0.01508	0.00873	0.02302	0.00714	0.00834	0.00556	0.00476	0.00318	0.00159	0.00397	0.00278	0.00318	0.00556
13	0.00969	0.00912	0.01539	0.80734	0.03534	0.01140	0.01425	0.01311	0.01026	0.01311	0.00912	0.01368	0.00684	0.00513	0.00513	0.00171	0.00684	0.00456	0.00228	0.00570
14	0.00872	0.00644	0.00858	0.00950	0.01085	0.00663	0.00816	0.01240	0.09736	0.01598	0.02649	0.07308	0.02809	0.01342	0.00686	0.00229	0.00461	0.65066	0.00478	0.00509
15	0.01976	0.01063	0.01267	0.01008	0.01383	0.01078	0.00821	0.20440	0.19701	0.42767	0.01849	0.01663	0.01245	0.00645	0.00517	0.00161	0.00460	0.00518	0.00579	0.00859
16	0.00741	0.00495	0.00561	0.00567	0.00568	0.00494	0.00319	0.00745	0.00757	0.01010	0.01673	0.07022	0.01937	0.78205	0.02520	0.00484	0.00488	0.00780	0.00319	0.00316
17	0.00635	0.00521	0.00560	0.00550	0.00711	0.00445	0.00412	0.00792	0.01237	0.01547	0.22768	0.04673	0.60888	0.01239	0.00606	0.00170	0.00256	0.01046	0.00498	0.00445
18	0.00740	0.00521	0.00679	0.00679	0.00720	0.00562	0.00460	0.00823	0.00782	0.01083	0.01508	0.02753	0.01603	0.46782	0.37438	0.00645	0.00892	0.00658	0.00295	0.00377
19	0.01784	0.22087	0.01762	0.01207	0.01520	0.57623	0.00963	0.04878	0.01390	0.01322	0.00791	0.00912	0.00669	0.00510	0.00432	0.00128	0.00818	0.00322	0.00263	0.00621
20	0.00830	0.00604	0.00820	0.00919	0.01046	0.00605	0.00794	0.01107	0.04043	0.01572	0.05740	0.05531	0.06248	0.01371	0.00693	0.00228	0.00452	0.66434	0.00478	0.00484
21	0.01089	0.14923	0.64497	0.01399	0.02099	0.01325	0.04647	0.01612	0.01082	0.01561	0.00893	0.01055	0.00656	0.00478	0.00468	0.00155	0.00730	0.00372	0.00219	0.00740
22	0.37258	0.19956	0.09605	0.00932	0.01329	0.07881	0.00866	0.10523	0.04312	0.01998	0.00859	0.00956	0.00676	0.00499	0.00381	0.00146	0.00533	0.00326	0.00312	0.00652
23	0.69654	0.03220	0.06998	0.00779	0.01127	0.06130	0.00692	0.01535	0.00937	0.02135	0.00838	0.00952	0.02353	0.00498	0.00347	0.00156	0.00459	0.00307	0.00307	0.00574
24	0.00768	0.00558	0.00749	0.00753	0.00829	0.00607	0.00546	0.04136	0.00910	0.01259	0.01763	0.15393	0.03793	0.21376	0.43508	0.00602	0.00930	0.00754	0.00332	0.00435

[dist]
# distance from previous block
# <min> <max>
0	2

[block]
# block no. 5 follows, 48 sequences, length 44
# corresponding to MSA columns:
# 269-312
name=unknown_F
#
# <colnr> <probs for GDERKNQSTAVLIFYWHMCP>
#	G	D	E	R	K	N	Q	S	T	A	V	L	I	F	Y	W	H	M	C	P
0	0.01349	0.01451	0.01524	0.01322	0.01412	0.20463	0.01072	0.04040	0.04466	0.01348	0.00785	0.01114	0.00717	0.00790	0.01298	0.00198	0.55376	0.00427	0.00257	0.00591
1	0.01372	0.82276	0.02689	0.00878	0.01317	0.02030	0.00878	0.01536	0.01043	0.01207	0.00713	0.00823	0.00658	0.00439	0.00329	0.00110	0.00549	0.00274	0.00219	0.00658
2	0.00614	0.00522	0.00531	0.00535	0.00707	0.00439	0.00406	0.00748	0.01170	0.01392	0.05108	0.04969	0.75811	0.01304	0.00610	0.00176	0.00268	0.03780	0.00476	0.00435
3	0.01064	0.00912	0.01064	0.00760	0.01216	0.00684	0.00608	0.01292	0.01064	0.01672	0.00912	0.01064	0.00760	0.00380	0.00380	0.00076	0.00380	0.00304	0.00304	0.85104
4	0.01233	0.01052	0.01128	0.01035	0.01308	0.01210	0.00814	0.02565	0.70389	0.02087	0.02149	0.02291	0.01701	0.00766	0.00540	0.00180	0.00413	0.07844	0.00517	0.00779
5	0.01276	0.01102	0.01160	0.01044	0.01334	0.01276	0.00812	0.02727	0.77840	0.02146	0.02088	0.01914	0.01566	0.00696	0.00522	0.00174	0.00406	0.00580	0.00522	0.00812
6	0.00637	0.00462	0.00602	0.00692	0.00744	0.00427	0.00471	0.00749	0.01057	0.01413	0.12865	0.66107	0.08852	0.01513	0.00645	0.00200	0.00288	0.01363	0.00488	0.00427
7	0.01084	0.01070	0.01543	0.01320	0.01348	0.01462	0.03761	0.01215	0.00805	0.01245	0.00762	0.01228	0.00743	0.01199	0.10067	0.00287	0.69610	0.00465	0.00231	0.00555
8	0.00969	0.00912	0.01539	0.80734	0.03534	0.01140	0.01425	0.01311	0.01026	0.01311	0.00912	0.01368	0.00684	0.00513	0.00513	0.00171	0.00684	0.00456	0.00228	0.00570
9	0.01951	0.01437	0.01540	0.01181	0.01591	0.01591	0.00975	0.77056	0.02412	0.03234	0.01232	0.01232	0.00873	0.00616	0.00513	0.00154	0.00565	0.00462	0.00513	0.00873
10	0.01258	0.01206	0.02060	0.06350	0.75664	0.01216	0.01569	0.01564	0.01162	0.01661	0.00963	0.01274	0.00807	0.00459	0.00508	0.00153	0.00613	0.00457	0.00253	0.00803
11	0.02274	0.03310	0.01236	0.00912	0.01310	0.00792	0.00758	0.02472	0.01456	0.76789	0.01985	0.01719	0.01252	0.00629	0.00510	0.00157	0.00440	0.00509	0.00623	0.00867
12	0.01372	0.82276	0.02689	0.00878	0.01317	0.02030	0.00878	0.01536	0.01043	0.01207	0.00713	0.00823	0.00658	0.00439	0.00329	0.00110	0.00549	0.00274	0.00219	0.00658
13	0.00956	0.00478	0.00478	0.00478	0.00598	0.00478	0.00359	0.01196	0.01076	0.01913	0.01674	0.01913	0.01315	0.00598	0.00359	0.00120	0.00239	0.00478	0.84816	0.00478
14	0.01086	0.00925	0.01076	0.00770	0.01225	0.00706	0.00617	0.03157	0.01097	0.01710	0.00920	0.01068	0.00763	0.00386	0.00383	0.00078	0.00385	0.00308	0.00309	0.83030
15	0.00842	0.00717	0.02792	0.00863	0.01064	0.00640	0.09089	0.04076	0.01409	0.01973	0.55453	0.06210	0.06582	0.00963	0.00595	0.00163	0.00348	0.02259	0.00503	0.03458
16	0.01052	0.00908	0.01107	0.00816	0.01242	0.00713	0.03185	0.01329	0.04231	0.01669	0.01078	0.05885	0.00950	0.00468	0.00410	0.00091	0.00393	0.00394	0.00322	0.73758
17	0.01080	0.10582	0.64601	0.01467	0.02172	0.01286	0.08644	0.01618	0.01091	0.01584	0.00911	0.01084	0.00663	0.00478	0.00482	0.00158	0.00747	0.00389	0.00221	0.00742
18	0.01041	0.05343	0.76721	0.01443	0.02190	0.01220	0.01861	0.01622	0.01082	0.01611	0.00914	0.01075	0.00650	0.00486	0.00482	0.00161	0.00751	0.00376	0.00217	0.00755
19	0.00863	0.00638	0.00843	0.00932	0.01062	0.00656	0.00790	0.01224	0.10022	0.01579	0.02630	0.10691	0.02802	0.02978	0.00722	0.00232	0.00453	0.59904	0.00475	0.00505
20	0.00875	0.00558	0.00729	0.00667	0.00817	0.00509	0.00507	0.01109	0.01444	0.09524	0.68461	0.03669	0.07111	0.01018	0.00597	0.00162	0.00262	0.00893	0.00569	0.00520
21	0.01259	0.01087	0.01144	0.01031	0.01318	0.01255	0.00801	0.02675	0.75866	0.02127	0.02168	0.01992	0.03548	0.00712	0.00524	0.00174	0.00402	0.00593	0.00521	0.00802
22	0.00726	0.00524	0.00686	0.00646	0.00767	0.00484	0.00484	0.00968	0.01452	0.02058	0.78496	0.03833	0.04841	0.01049	0.00605	0.00161	0.00242	0.00928	0.00565	0.00484
23	0.13085	0.01588	0.01417	0.01143	0.01510	0.17878	0.00923	0.51337	0.02007	0.02697	0.01071	0.01115	0.00786	0.00579	0.00477	0.00150	0.00618	0.00410	0.00435	0.00772
24	0.00728	0.00522	0.00674	0.00637	0.00746	0.00485	0.00467	0.00947	0.01384	0.01954	0.71024	0.03787	0.04552	0.08914	0.00800	0.00194	0.00267	0.00910	0.00540	0.00467
25	0.01372	0.82276	0.02689	0.00878	0.01317	0.02030	0.00878	0.01536	0.01043	0.01207	0.00713	0.00823	0.00658	0.00439	0.00329	0.00110	0.00549	0.00274	0.00219	0.00658
26	0.80030	0.00999	0.00792	0.00697	0.01021	0.01146	0.00575	0.03470	0.00937	0.05494	0.00782	0.00881	0.00593	0.00486	0.00331	0.00159	0.00403	0.00292	0.00336	0.00577
27	0.01935	0.01357	0.01478	0.01144	0.01545	0.01486	0.00942	0.64281	0.07931	0.10529	0.01373	0.01333	0.00963	0.00624	0.00514	0.00156	0.00540	0.00476	0.00526	0.00868
28	0.00726	0.00524	0.00686	0.00646	0.00767	0.00484	0.00484	0.00968	0.01452	0.02058	0.78496	0.03833	0.04841	0.01049	0.00605	0.00161	0.00242	0.00928	0.00565	0.00484
29	0.00625	0.00447	0.00595	0.00714	0.00744	0.00417	0.00476	0.00714	0.00982	0.01310	0.02828	0.81633	0.03394	0.01608	0.00655	0.00208	0.00298	0.01459	0.00476	0.00417
30	0.01299	0.65335	0.18991	0.01002	0.01509	0.01852	0.01095	0.01555	0.01051	0.01296	0.00757	0.00878	0.00657	0.00449	0.00363	0.00121	0.00593	0.00297	0.00219	0.00680
31	0.01007	0.00959	0.01645	0.70404	0.10816	0.01153	0.04119	0.01348	0.01046	0.01358	0.00922	0.01359	0.00700	0.00505	0.00516	0.00169	0.00683	0.00461	0.00232	0.00598
32	0.00606	0.00520	0.00520	0.00520	0.00693	0.00433	0.00390	0.00736	0.01170	0.01386	0.05198	0.04938	0.78558	0.01299	0.00606	0.00173	0.00260	0.01083	0.00476	0.00433
33	0.04132	0.00953	0.01222	0.00945	0.01338	0.00885	0.00779	0.11628	0.04346	0.65258	0.01899	0.01669	0.01216	0.00631	0.00511	0.00159	0.00450	0.00506	0.00609	0.00864
34	0.01370	0.01186	0.01996	0.02932	0.71238	0.01174	0.01495	0.01665	0.01198	0.09204	0.01068	0.01316	0.00857	0.00474	0.00509	0.00153	0.00593	0.00463	0.00291	0.00819
35	0.00737	0.00609	0.00619	0.00584	0.00780	0.00546	0.00447	0.08154	0.01290	0.01566	0.04812	0.04578	0.71008	0.01233	0.00597	0.00171	0.00290	0.01023	0.00480	0.00476
36	0.00819	0.00585	0.00817	0.00936	0.01050	0.00583	0.00813	0.01049	0.01173	0.01526	0.02721	0.08887	0.02971	0.01425	0.00707	0.00235	0.00465	0.72296	0.00473	0.00470
37	0.01818	0.01352	0.01501	0.01174	0.01565	0.01491	0.03210	0.58144	0.16234	0.06000	0.01415	0.01383	0.01013	0.00626	0.00518	0.00158	0.00539	0.00490	0.00512	0.00856
38	0.00733	0.00550	0.00825	0.00825	0.00916	0.00641	0.00641	0.00916	0.00825	0.01191	0.01374	0.02016	0.01283	0.03848	0.79934	0.00825	0.01374	0.00550	0.00275	0.00458
39	0.00625	0.00447	0.00595	0.00714	0.00744	0.00417	0.00476	0.00714	0.00982	0.01310	0.02828	0.81633	0.03394	0.01608	0.00655	0.00208	0.00298	0.01459	0.00476	0.00417
40	0.00969	0.00912	0.01539	0.80734	0.03534	0.01140	0.01425	0.01311	0.01026	0.01311	0.00912	0.01368	0.00684	0.00513	0.00513	0.00171	0.00684	0.00456	0.00228	0.00570
41	0.00635	0.00454	0.00604	0.00708	0.00746	0.00423	0.00477	0.00739	0.01028	0.01383	0.10183	0.74071	0.03534	0.01553	0.00650	0.00204	0.00292	0.01407	0.00485	0.00423
42	0.85592	0.00992	0.00754	0.00675	0.00992	0.01151	0.00556	0.01508	0.00873	0.02302	0.00714	0.00834	0.00556	0.00476	0.00318	0.00159	0.00397	0.00278	0.00318	0.00556
43	0.01977	0.01395	0.01514	0.01161	0.01570	0.01529	0.00959	0.71510	0.02342	0.08878	0.01291	0.01270	0.00902	0.00617	0.00513	0.00154	0.00555	0.00466	0.00522	0.00873

[dist]
# distance from previous block
# <min> <max>
0	1

[block]
# block no. 6 follows, 48 sequences, length 12
# corresponding to MSA columns:
# 314-325
name=unknown_G
#
# <colnr> <probs for GDERKNQSTAVLIFYWHMCP>
#	G	D	E	R	K	N	Q	S	T	A	V	L	I	F	Y	W	H	M	C	P
0	0.85592	0.00992	0.00754	0.00675	0.00992	0.01151	0.00556	0.01508	0.00873	0.02302	0.00714	0.00834	0.00556	0.00476	0.00318	0.00159	0.00397	0.00278	0.00318	0.00556
1	0.01270	0.01219	0.02083	0.03149	0.78767	0.01219	0.01575	0.01575	0.01168	0.01676	0.00965	0.01270	0.00813	0.00457	0.00508	0.00152	0.00610	0.00457	0.00254	0.00813
2	0.00840	0.00555	0.00716	0.00673	0.00818	0.00500	0.00503	0.01050	0.01357	0.07891	0.54843	0.14427	0.08631	0.01085	0.00597	0.00165	0.00271	0.00956	0.00543	0.03579
3	0.00845	0.00587	0.00848	0.01068	0.11610	0.00554	0.00650	0.00973	0.01046	0.07410	0.02507	0.64276	0.02871	0.01372	0.00624	0.00197	0.00352	0.01246	0.00458	0.00507
4	0.01270	0.01219	0.02083	0.03149	0.78767	0.01219	0.01575	0.01575	0.01168	0.01676	0.00965	0.01270	0.00813	0.00457	0.00508	0.00152	0.00610	0.00457	0.00254	0.00813
5	0.01270	0.01219	0.02083	0.03149	0.78767	0.01219	0.01575	0.01575	0.01168	0.01676	0.00965	0.01270	0.00813	0.00457	0.00508	0.00152	0.00610	0.00457	0.00254	0.00813
6	0.01270	0.01219	0.02083	0.03149	0.78767	0.01219	0.01575	0.01575	0.01168	0.01676	0.00965	0.01270	0.00813	0.00457	0.00508	0.00152	0.00610	0.00457	0.00254	0.00813
7	0.01270	0.01219	0.02083	0.03149	0.78767	0.01219	0.01575	0.01575	0.01168	0.01676	0.00965	0.01270	0.00813	0.00457	0.00508	0.00152	0.00610	0.00457	0.00254	0.00813
8	0.01237	0.01418	0.12794	0.02915	0.68150	0.01215	0.01619	0.01582	0.01157	0.01669	0.00959	0.01244	0.00790	0.00461	0.00505	0.00154	0.00630	0.00446	0.00249	0.00805
9	0.07693	0.15462	0.49850	0.01539	0.12593	0.01331	0.01579	0.01594	0.01072	0.01616	0.00877	0.01047	0.00667	0.00474	0.00451	0.00152	0.00675	0.00365	0.00230	0.00734
10	0.12930	0.01183	0.01737	0.20870	0.46160	0.05480	0.01367	0.01530	0.01110	0.01655	0.00909	0.01214	0.00739	0.00477	0.00480	0.00157	0.00615	0.00425	0.00257	0.00708
11	0.01385	0.66105	0.11027	0.00978	0.01442	0.06166	0.01000	0.04414	0.01121	0.01332	0.00760	0.00873	0.00666	0.00456	0.00361	0.00118	0.00593	0.00296	0.00233	0.00674

[dist]
# distance from previous block
# <min> <max>
46	75

[block]
# block no. 7 follows, 48 sequences, length 16
# corresponding to MSA columns:
# 414-429
name=unknown_H
#
# <colnr> <probs for GDERKNQSTAVLIFYWHMCP>
#	G	D	E	R	K	N	Q	S	T	A	V	L	I	F	Y	W	H	M	C	P
0	0.01224	0.27975	0.44621	0.01236	0.01837	0.03081	0.03323	0.01636	0.01113	0.05800	0.03129	0.01119	0.00810	0.00496	0.00444	0.00145	0.00665	0.00373	0.00253	0.00720
1	0.01351	0.65361	0.14362	0.00994	0.01471	0.06496	0.01041	0.01580	0.01073	0.01274	0.00750	0.00869	0.00657	0.00452	0.00361	0.00119	0.00603	0.00294	0.00222	0.00670
2	0.01372	0.82276	0.02689	0.00878	0.01317	0.02030	0.00878	0.01536	0.01043	0.01207	0.00713	0.00823	0.00658	0.00439	0.00329	0.00110	0.00549	0.00274	0.00219	0.00658
3	0.00612	0.00520	0.00527	0.00525	0.00696	0.00435	0.00394	0.00747	0.01182	0.01416	0.08488	0.04888	0.75249	0.01288	0.00606	0.00173	0.00259	0.01076	0.00480	0.00435
4	0.00746	0.00497	0.00560	0.00560	0.00560	0.00497	0.00311	0.00746	0.00746	0.00995	0.01617	0.03358	0.01865	0.81967	0.02612	0.00497	0.00497	0.00746	0.00311	0.00311
5	0.00758	0.00843	0.12667	0.00769	0.00983	0.00584	0.00694	0.01035	0.01342	0.01895	0.56575	0.09956	0.07878	0.01023	0.00591	0.00166	0.00326	0.00896	0.00500	0.00518
6	0.78351	0.07981	0.00920	0.00692	0.01020	0.01227	0.00583	0.01511	0.00888	0.02208	0.00714	0.00833	0.00565	0.00473	0.00319	0.00155	0.00410	0.00278	0.00309	0.00565
7	0.01347	0.45257	0.23304	0.01026	0.01526	0.01544	0.01115	0.01639	0.01132	0.10780	0.06109	0.01206	0.01009	0.00517	0.00413	0.00134	0.00572	0.00376	0.00292	0.00700
8	0.85592	0.00992	0.00754	0.00675	0.00992	0.01151	0.00556	0.01508	0.00873	0.02302	0.00714	0.00834	0.00556	0.00476	0.00318	0.00159	0.00397	0.00278	0.00318	0.00556
9	0.00837	0.00659	0.00772	0.00720	0.00888	0.00662	0.00547	0.01345	0.19292	0.01978	0.49669	0.03549	0.15077	0.01004	0.00586	0.00166	0.00283	0.00870	0.00542	0.00553
10	0.01285	0.60788	0.13905	0.00961	0.01418	0.04861	0.01002	0.01511	0.01067	0.01281	0.01013	0.01123	0.05013	0.00577	0.02226	0.00139	0.00598	0.00344	0.00236	0.00654
11	0.00763	0.00581	0.00843	0.00837	0.00940	0.00677	0.00651	0.01017	0.05117	0.01244	0.01414	0.02010	0.01299	0.03673	0.75509	0.00788	0.01320	0.00551	0.00289	0.00478
12	0.01634	0.10643	0.08848	0.01045	0.01433	0.04915	0.00928	0.20659	0.15329	0.19165	0.08801	0.01640	0.01407	0.00639	0.00498	0.00154	0.00511	0.00504	0.00473	0.00776
13	0.00821	0.00642	0.00746	0.00681	0.00865	0.00605	0.00519	0.04877	0.07952	0.01893	0.40563	0.05503	0.24712	0.01036	0.00580	0.00161	0.00288	0.00889	0.00514	0.06153
14	0.04471	0.00944	0.01066	0.00800	0.01225	0.00793	0.00637	0.01520	0.12772	0.01770	0.01084	0.01185	0.00875	0.00432	0.00399	0.00094	0.00385	0.00345	0.00338	0.68867
15	0.28016	0.01137	0.03011	0.02828	0.01241	0.09017	0.00731	0.12997	0.03083	0.15154	0.06667	0.01696	0.07785	0.00649	0.00455	0.00156	0.00471	0.00485	0.03765	0.00654

[dist]
# distance from previous block
# <min> <max>
0	3

[block]
# block no. 8 follows, 48 sequences, length 17
# corresponding to MSA columns:
# 433-449
name=unknown_I
#
# <colnr> <probs for GDERKNQSTAVLIFYWHMCP>
#	G	D	E	R	K	N	Q	S	T	A	V	L	I	F	Y	W	H	M	C	P
0	0.08360	0.01516	0.04459	0.01132	0.01512	0.12005	0.00942	0.47477	0.08159	0.02660	0.03353	0.01277	0.00975	0.00599	0.00489	0.00151	0.00580	0.00444	0.00448	0.03462
1	0.04512	0.07127	0.05073	0.01827	0.02287	0.01311	0.54936	0.01561	0.01138	0.01601	0.01006	0.03105	0.00808	0.00495	0.00641	0.00167	0.06734	0.00555	0.00262	0.04853
2	0.01923	0.01424	0.01524	0.01175	0.01581	0.01578	0.00969	0.74026	0.05487	0.03189	0.01267	0.01260	0.00901	0.00619	0.00514	0.00155	0.00558	0.00467	0.00514	0.00870
3	0.01064	0.00912	0.01064	0.00760	0.01216	0.00684	0.00608	0.01292	0.01064	0.01672	0.00912	0.01064	0.00760	0.00380	0.00380	0.00076	0.00380	0.00304	0.00304	0.85104
4	0.03103	0.00571	0.00719	0.00800	0.06322	0.00527	0.00534	0.00907	0.01239	0.01688	0.33731	0.18802	0.26824	0.01175	0.00600	0.00173	0.00289	0.01025	0.00492	0.00481
5	0.01892	0.01393	0.01498	0.01160	0.01554	0.01539	0.00953	0.73664	0.02349	0.03148	0.01303	0.04804	0.00985	0.00660	0.00520	0.00156	0.00553	0.00506	0.00512	0.00852
6	0.01046	0.06553	0.75557	0.01434	0.02177	0.01233	0.01846	0.01621	0.01081	0.01605	0.00911	0.01071	0.00650	0.00485	0.00480	0.00160	0.00748	0.00374	0.00217	0.00753
7	0.01372	0.82276	0.02689	0.00878	0.01317	0.02030	0.00878	0.01536	0.01043	0.01207	0.00713	0.00823	0.00658	0.00439	0.00329	0.00110	0.00549	0.00274	0.00219	0.00658
8	0.00827	0.00591	0.00827	0.00945	0.01063	0.00591	0.00827	0.01063	0.01181	0.01536	0.02717	0.05788	0.02953	0.01417	0.00709	0.00236	0.00472	0.75313	0.00472	0.00472
9	0.01049	0.09723	0.69700	0.01382	0.02089	0.01242	0.01755	0.01594	0.01092	0.01603	0.03602	0.01156	0.00797	0.00503	0.00477	0.00158	0.00722	0.00389	0.00229	0.00740
10	0.01029	0.02654	0.79309	0.01462	0.02221	0.01192	0.01896	0.01625	0.01083	0.01625	0.00921	0.01083	0.00650	0.00487	0.00487	0.00162	0.00758	0.00379	0.00217	0.00758
11	0.01951	0.01437	0.01540	0.01181	0.01591	0.01591	0.00975	0.77056	0.02412	0.03234	0.01232	0.01232	0.00873	0.00616	0.00513	0.00154	0.00565	0.00462	0.00513	0.00873
12	0.01064	0.00912	0.01064	0.00760	0.01216	0.00684	0.00608	0.01292	0.01064	0.01672	0.00912	0.01064	0.00760	0.00380	0.00380	0.00076	0.00380	0.00304	0.00304	0.85104
13	0.07049	0.00955	0.01510	0.62731	0.06364	0.01193	0.01335	0.01328	0.00994	0.01389	0.00873	0.01298	0.00679	0.00551	0.00630	0.00175	0.09689	0.00443	0.00235	0.00579
14	0.05694	0.11556	0.01549	0.08764	0.04751	0.43081	0.00990	0.01832	0.07097	0.01395	0.01063	0.01206	0.03775	0.00572	0.00517	0.00145	0.04722	0.00392	0.00284	0.00616
15	0.04517	0.06998	0.05019	0.15087	0.43369	0.01313	0.01406	0.01478	0.01064	0.01540	0.00883	0.01207	0.00743	0.00533	0.00663	0.00164	0.12625	0.00432	0.00244	0.00713
16	0.01138	0.04275	0.57429	0.01611	0.05305	0.06855	0.12996	0.01654	0.01131	0.01594	0.00926	0.01118	0.00677	0.00480	0.00500	0.00160	0.00775	0.00410	0.00228	0.00737

[dist]
# distance from previous block
# <min> <max>
7	23

[block]
# block no. 9 follows, 48 sequences, length 9
# corresponding to MSA columns:
# 475-483
name=unknown_J
#
# <colnr> <probs for GDERKNQSTAVLIFYWHMCP>
#	G	D	E	R	K	N	Q	S	T	A	V	L	I	F	Y	W	H	M	C	P
0	0.01481	0.00768	0.01001	0.00850	0.01100	0.00744	0.00684	0.01787	0.07732	0.35399	0.24280	0.02764	0.07877	0.00867	0.00640	0.00171	0.05933	0.04684	0.00557	0.00681
1	0.00733	0.00550	0.00825	0.00825	0.00916	0.00641	0.00641	0.00916	0.00825	0.01191	0.01374	0.02016	0.01283	0.03848	0.79934	0.00825	0.01374	0.00550	0.00275	0.00458
2	0.85592	0.00992	0.00754	0.00675	0.00992	0.01151	0.00556	0.01508	0.00873	0.02302	0.00714	0.00834	0.00556	0.00476	0.00318	0.00159	0.00397	0.00278	0.00318	0.00556
3	0.01064	0.00912	0.01064	0.00760	0.01216	0.00684	0.00608	0.01292	0.01064	0.01672	0.00912	0.01064	0.00760	0.00380	0.00380	0.00076	0.00380	0.00304	0.00304	0.85104
4	0.00836	0.00555	0.00712	0.00670	0.00818	0.00505	0.00516	0.01060	0.01398	0.07753	0.57875	0.03955	0.14109	0.01076	0.00606	0.00168	0.00275	0.06054	0.00552	0.00506
5	0.01178	0.01030	0.01527	0.04506	0.01646	0.00870	0.16987	0.04093	0.01159	0.05146	0.01000	0.01182	0.00787	0.00417	0.00445	0.00107	0.00506	0.00390	0.00313	0.56711
6	0.01064	0.00912	0.01064	0.00760	0.01216	0.00684	0.00608	0.01292	0.01064	0.01672	0.00912	0.01064	0.00760	0.00380	0.00380	0.00076	0.00380	0.00304	0.00304	0.85104
7	0.01734	0.01313	0.01535	0.01186	0.01583	0.01416	0.06254	0.53542	0.10420	0.05175	0.01320	0.01348	0.00960	0.00706	0.03196	0.00175	0.00579	0.00479	0.00478	0.06602
