[name]
unknown

[dist]
# distance from previous block
# <min> <max>
0	54

[block]
# block no. 0 follows, 49 sequences, length 173
# corresponding to MSA columns:
# 69-241
name=unknown_A
#
# <colnr> <probs for GDERKNQSTAVLIFYWHMCP>
#	G	D	E	R	K	N	Q	S	T	A	V	L	I	F	Y	W	H	M	C	P
0	0.00668	0.00495	0.00635	0.00723	0.00807	0.00459	0.00537	0.00799	0.01049	0.01363	0.03148	0.48558	0.16888	0.01462	0.00644	0.00203	0.00328	0.18695	0.00465	0.02072
1	0.01049	0.00899	0.01049	0.00749	0.01198	0.00674	0.00599	0.01273	0.01049	0.01648	0.00899	0.01049	0.00749	0.00374	0.00374	0.00075	0.00374	0.00300	0.00300	0.85320
2	0.01226	0.02412	0.03025	0.02176	0.01273	0.00751	0.00676	0.04173	0.01152	0.11591	0.02472	0.02491	0.00925	0.00452	0.00409	0.00096	0.00402	0.00365	0.00351	0.63582
3	0.00735	0.00490	0.00552	0.00552	0.00552	0.00490	0.00306	0.00735	0.00735	0.00980	0.01593	0.03309	0.01838	0.82229	0.02574	0.00490	0.00490	0.00735	0.00306	0.00306
4	0.04323	0.59853	0.11100	0.00942	0.01375	0.07548	0.00953	0.01527	0.01080	0.01328	0.05316	0.01022	0.00887	0.00481	0.00367	0.00120	0.00568	0.00324	0.00243	0.00642
5	0.00907	0.00814	0.01167	0.01061	0.01107	0.01074	0.00860	0.01054	0.00794	0.01195	0.01022	0.01563	0.00975	0.02392	0.42388	0.00528	0.39857	0.00494	0.00247	0.00500
6	0.01137	0.03085	0.13226	0.08613	0.05276	0.02808	0.38089	0.03083	0.07560	0.01687	0.09142	0.01586	0.01219	0.00532	0.00551	0.00164	0.00700	0.00562	0.00304	0.00675
7	0.01081	0.00898	0.01052	0.00753	0.01201	0.00676	0.00603	0.01305	0.01059	0.03711	0.00928	0.01066	0.00762	0.00381	0.00378	0.00077	0.00376	0.00305	0.00308	0.83080
8	0.01178	0.01067	0.01786	0.32453	0.37227	0.01159	0.04843	0.03059	0.03178	0.04666	0.02446	0.01372	0.00861	0.00505	0.00530	0.00160	0.02067	0.00471	0.00273	0.00698
9	0.01066	0.00909	0.01058	0.00757	0.01206	0.00691	0.00606	0.02752	0.01074	0.01678	0.00905	0.01052	0.00751	0.00379	0.00377	0.00076	0.00378	0.00303	0.00304	0.83679
10	0.00722	0.00542	0.00813	0.00813	0.00903	0.00632	0.00632	0.00903	0.00813	0.01174	0.01354	0.01987	0.01264	0.03792	0.80225	0.00813	0.01354	0.00542	0.00271	0.00451
11	0.01602	0.05080	0.04528	0.01820	0.29769	0.14466	0.01144	0.05965	0.10854	0.17844	0.01277	0.01342	0.00952	0.00537	0.00488	0.00149	0.00593	0.00446	0.00373	0.00771
12	0.83558	0.00984	0.00778	0.00730	0.03049	0.01136	0.00574	0.01488	0.00868	0.02252	0.00711	0.00833	0.00554	0.00469	0.00318	0.00156	0.00397	0.00279	0.00311	0.00554
13	0.00979	0.00814	0.01007	0.00793	0.01152	0.00648	0.02487	0.01183	0.01059	0.01572	0.01450	0.02064	0.05974	0.00661	0.00520	0.04081	0.00396	0.12452	0.00332	0.60377
14	0.09510	0.00933	0.01098	0.05373	0.06391	0.01002	0.00782	0.28522	0.01478	0.02095	0.01714	0.28932	0.01752	0.03863	0.00611	0.00184	0.00452	0.02775	0.00431	0.02103
15	0.22239	0.00882	0.01062	0.00839	0.01206	0.00832	0.00692	0.02203	0.01307	0.59562	0.03067	0.01543	0.01146	0.00596	0.00463	0.00157	0.00417	0.00460	0.00550	0.00779
16	0.01437	0.66403	0.08471	0.00914	0.01366	0.01784	0.00929	0.01636	0.01081	0.10705	0.00876	0.00941	0.00721	0.00460	0.00359	0.00118	0.00543	0.00307	0.00266	0.00682
17	0.01066	0.07897	0.70241	0.01418	0.02129	0.01226	0.04540	0.01612	0.01076	0.02966	0.00917	0.01073	0.00657	0.00478	0.00475	0.00157	0.00732	0.00377	0.00223	0.00740
18	0.00662	0.00515	0.00602	0.00580	0.00723	0.00454	0.00435	0.00850	0.01305	0.01727	0.45323	0.04272	0.38444	0.01146	0.00597	0.00164	0.00247	0.00984	0.00517	0.00454
19	0.00665	0.00463	0.00585	0.00663	0.00686	0.00445	0.00430	0.00729	0.00898	0.01196	0.02382	0.52266	0.02821	0.28623	0.01294	0.00302	0.00367	0.04393	0.00415	0.00378
20	0.01355	0.01774	0.36438	0.03043	0.04105	0.01099	0.19194	0.03040	0.02951	0.18694	0.01205	0.01320	0.00838	0.00528	0.00542	0.01651	0.00681	0.00466	0.00327	0.00749
21	0.01244	0.01194	0.02039	0.05045	0.77191	0.01200	0.01548	0.01545	0.01148	0.01643	0.00950	0.01254	0.00798	0.00452	0.00501	0.00151	0.00603	0.00451	0.00250	0.00795
22	0.00955	0.00899	0.01517	0.81013	0.03483	0.01123	0.01404	0.01292	0.01011	0.01292	0.00899	0.01348	0.00674	0.00506	0.00506	0.00169	0.00674	0.00449	0.00225	0.00562
23	0.01256	0.01236	0.01998	0.09309	0.67926	0.04859	0.02935	0.01554	0.01154	0.01603	0.00940	0.01246	0.00783	0.00458	0.00501	0.00151	0.00626	0.00447	0.00249	0.00769
24	0.01282	0.01204	0.04019	0.07399	0.54043	0.01181	0.07894	0.01703	0.08461	0.06161	0.01118	0.01349	0.00883	0.00485	0.00510	0.00156	0.00602	0.00476	0.00295	0.00778
25	0.00733	0.00496	0.00578	0.00576	0.00589	0.00500	0.00340	0.00760	0.00781	0.01055	0.06035	0.03239	0.01966	0.71804	0.08138	0.00495	0.00539	0.00732	0.00318	0.00327
26	0.00625	0.00446	0.00597	0.00714	0.00747	0.00418	0.00484	0.00719	0.00977	0.01301	0.02782	0.78574	0.03326	0.01576	0.00648	0.00207	0.00301	0.04677	0.00469	0.00413
27	0.75213	0.01159	0.00830	0.00745	0.01052	0.11110	0.00602	0.01554	0.00933	0.02139	0.00714	0.00833	0.00561	0.00476	0.00331	0.00153	0.00457	0.00280	0.00306	0.00553
28	0.01138	0.00952	0.01097	0.00792	0.01236	0.00766	0.00636	0.09106	0.01185	0.01806	0.00931	0.01066	0.00760	0.00398	0.00388	0.00083	0.00393	0.00316	0.00321	0.76628
29	0.01966	0.01346	0.01474	0.01130	0.01533	0.01464	0.00934	0.67935	0.02260	0.12806	0.01313	0.01278	0.00909	0.00609	0.00506	0.00152	0.00541	0.00462	0.00521	0.00860
30	0.00629	0.00451	0.00599	0.00707	0.00747	0.00422	0.00483	0.00731	0.01002	0.01336	0.06374	0.73339	0.04954	0.01544	0.00644	0.00204	0.00298	0.04645	0.00473	0.00417
31	0.00735	0.00492	0.00563	0.00563	0.00567	0.00496	0.00320	0.00743	0.00739	0.00989	0.01583	0.03252	0.01814	0.78858	0.05911	0.00504	0.00527	0.00727	0.00305	0.00313
32	0.00890	0.00795	0.01131	0.01042	0.01082	0.01036	0.00835	0.01026	0.00814	0.01209	0.01210	0.11654	0.01244	0.02143	0.33151	0.00457	0.38906	0.00608	0.00273	0.00494
33	0.00725	0.00532	0.00764	0.00764	0.00838	0.00606	0.00572	0.00872	0.00798	0.01138	0.01399	0.02231	0.01370	0.18272	0.65890	0.00753	0.01195	0.00578	0.00277	0.00425
34	0.00722	0.00542	0.00813	0.00813	0.00903	0.00632	0.00632	0.00903	0.00813	0.01174	0.01354	0.01987	0.01264	0.03792	0.80225	0.00813	0.01354	0.00542	0.00271	0.00451
35	0.01199	0.01377	0.05732	0.02313	0.19017	0.01258	0.58106	0.01605	0.01180	0.01626	0.01003	0.01328	0.00770	0.00434	0.00572	0.00166	0.00794	0.00557	0.00253	0.00710
36	0.01274	0.01239	0.01992	0.02951	0.72991	0.03998	0.01499	0.01617	0.04471	0.01657	0.00993	0.01267	0.00828	0.00463	0.00500	0.00150	0.00603	0.00451	0.00262	0.00793
37	0.01053	0.00916	0.01090	0.00797	0.01209	0.00746	0.00641	0.01269	0.01026	0.01612	0.00879	0.01053	0.00742	0.00417	0.00481	0.00087	0.07054	0.00311	0.00293	0.78324
38	0.00626	0.00449	0.00594	0.00693	0.00735	0.00418	0.00468	0.00729	0.01018	0.01366	0.10399	0.72571	0.05010	0.01523	0.00640	0.00200	0.00287	0.01378	0.00478	0.00418
39	0.01889	0.02410	0.01433	0.01303	0.01563	0.80199	0.00977	0.02019	0.01433	0.01238	0.00782	0.00912	0.00651	0.00521	0.00456	0.00130	0.00912	0.00326	0.00261	0.00586
40	0.00600	0.00512	0.00515	0.00515	0.00684	0.00428	0.00386	0.00730	0.01158	0.01379	0.06555	0.04845	0.77428	0.01276	0.00598	0.00171	0.00256	0.01064	0.00471	0.00428
41	0.00716	0.00517	0.00676	0.00636	0.00755	0.00477	0.00477	0.00954	0.01431	0.02028	0.78808	0.03777	0.04771	0.01034	0.00596	0.00159	0.00239	0.00914	0.00557	0.00477
42	0.01014	0.02616	0.79609	0.01441	0.02189	0.01174	0.01868	0.01601	0.01068	0.01601	0.00907	0.01068	0.00641	0.00480	0.00480	0.00160	0.00747	0.00374	0.00214	0.00747
43	0.85801	0.00978	0.00743	0.00665	0.00978	0.01134	0.00548	0.01486	0.00861	0.02269	0.00704	0.00821	0.00548	0.00469	0.00313	0.00156	0.00391	0.00274	0.00313	0.00548
44	0.01252	0.01201	0.02053	0.03104	0.79074	0.01201	0.01552	0.01552	0.01151	0.01652	0.00951	0.01252	0.00801	0.00451	0.00501	0.00150	0.00601	0.00451	0.00250	0.00801
45	0.00815	0.00582	0.00815	0.00931	0.01048	0.00582	0.00815	0.01048	0.01164	0.01513	0.02677	0.05704	0.02910	0.01397	0.00698	0.00233	0.00466	0.75671	0.00466	0.00466
46	0.01194	0.01364	0.02984	0.02131	0.02643	0.01279	0.77238	0.01620	0.01194	0.01620	0.01023	0.01364	0.00767	0.00426	0.00597	0.00171	0.00853	0.00597	0.00256	0.00682
47	0.00722	0.00542	0.00813	0.00813	0.00903	0.00632	0.00632	0.00903	0.00813	0.01174	0.01354	0.01987	0.01264	0.03792	0.80225	0.00813	0.01354	0.00542	0.00271	0.00451
48	0.00616	0.00440	0.00587	0.00704	0.00733	0.00411	0.00469	0.00704	0.00968	0.01291	0.02787	0.81899	0.03344	0.01584	0.00645	0.00205	0.00293	0.01438	0.00469	0.00411
49	0.00728	0.00518	0.00692	0.00692	0.00741	0.00567	0.00482	0.00826	0.00777	0.01085	0.01465	0.02596	0.01529	0.39948	0.44431	0.00664	0.00956	0.00631	0.00287	0.00385
50	0.01352	0.82533	0.02650	0.00865	0.01298	0.02001	0.00865	0.01514	0.01027	0.01190	0.00703	0.00811	0.00649	0.00433	0.00324	0.00108	0.00541	0.00270	0.00216	0.00649
51	0.01041	0.08980	0.73480	0.01395	0.02118	0.01240	0.01788	0.01594	0.01064	0.01569	0.00891	0.01047	0.00641	0.00477	0.00468	0.00156	0.00731	0.00365	0.00214	0.00739
52	0.01711	0.03433	0.01486	0.02522	0.01561	0.37775	0.02527	0.22370	0.11538	0.01884	0.01059	0.01150	0.00827	0.00592	0.00578	0.00150	0.07387	0.00409	0.00355	0.00688
53	0.85801	0.00978	0.00743	0.00665	0.00978	0.01134	0.00548	0.01486	0.00861	0.02269	0.00704	0.00821	0.00548	0.00469	0.00313	0.00156	0.00391	0.00274	0.00313	0.00548
54	0.01085	0.01031	0.01751	0.46925	0.36556	0.01158	0.01469	0.01406	0.01073	0.01450	0.00922	0.01306	0.00730	0.00481	0.00503	0.00160	0.00642	0.00450	0.00236	0.00666
55	0.00955	0.00899	0.01517	0.81013	0.03483	0.01123	0.01404	0.01292	0.01011	0.01292	0.00899	0.01348	0.00674	0.00506	0.00506	0.00169	0.00674	0.00449	0.00225	0.00562
56	0.00722	0.00542	0.00813	0.00813	0.00903	0.00632	0.00632	0.00903	0.00813	0.01174	0.01354	0.01987	0.01264	0.03792	0.80225	0.00813	0.01354	0.00542	0.00271	0.00451
57	0.00616	0.00442	0.00585	0.00700	0.00732	0.00411	0.00468	0.00705	0.00972	0.01292	0.02837	0.80264	0.04948	0.01578	0.00644	0.00205	0.00293	0.01430	0.00469	0.00411
58	0.01352	0.82533	0.02650	0.00865	0.01298	0.02001	0.00865	0.01514	0.01027	0.01190	0.00703	0.00811	0.00649	0.00433	0.00324	0.00108	0.00541	0.00270	0.00216	0.00649
59	0.02051	0.00797	0.01058	0.00829	0.01176	0.00699	0.00679	0.02253	0.01384	0.66710	0.01938	0.01748	0.01259	0.00620	0.00483	0.00150	0.00398	0.00502	0.14467	0.00797
60	0.00724	0.00492	0.00548	0.00548	0.00563	0.00485	0.00313	0.00735	0.00770	0.01013	0.01889	0.03439	0.08283	0.75457	0.02408	0.00464	0.00471	0.00763	0.00320	0.00316
61	0.14347	0.00878	0.01111	0.00866	0.01246	0.00800	0.00715	0.02323	0.01362	0.68269	0.01808	0.01591	0.01150	0.00603	0.00480	0.00156	0.00425	0.00475	0.00581	0.00815
62	0.85801	0.00978	0.00743	0.00665	0.00978	0.01134	0.00548	0.01486	0.00861	0.02269	0.00704	0.00821	0.00548	0.00469	0.00313	0.00156	0.00391	0.00274	0.00313	0.00548
63	0.00602	0.00512	0.00519	0.00517	0.00686	0.00429	0.00388	0.00735	0.01164	0.01393	0.08120	0.04822	0.75855	0.01271	0.00598	0.00170	0.00255	0.01061	0.00473	0.00429
64	0.00716	0.00517	0.00676	0.00636	0.00755	0.00477	0.00477	0.00954	0.01431	0.02028	0.78808	0.03777	0.04771	0.01034	0.00596	0.00159	0.00239	0.00914	0.00557	0.00477
65	0.01258	0.01086	0.01143	0.01029	0.01315	0.01258	0.00800	0.02687	0.78161	0.02115	0.02058	0.01887	0.01544	0.00686	0.00515	0.00172	0.00400	0.00572	0.00515	0.00800
66	0.00716	0.00517	0.00676	0.00636	0.00755	0.00477	0.00477	0.00954	0.01431	0.02028	0.78808	0.03777	0.04771	0.01034	0.00596	0.00159	0.00239	0.00914	0.00557	0.00477
67	0.01922	0.01416	0.01518	0.01163	0.01568	0.01568	0.00961	0.77388	0.02378	0.03187	0.01214	0.01214	0.00860	0.00607	0.00506	0.00152	0.00556	0.00455	0.00506	0.00860
68	0.00914	0.00477	0.00497	0.00492	0.00610	0.00472	0.00369	0.01150	0.01107	0.01903	0.11385	0.02124	0.01735	0.00645	0.00384	0.00123	0.00236	0.00527	0.74377	0.00472
69	0.85801	0.00978	0.00743	0.00665	0.00978	0.01134	0.00548	0.01486	0.00861	0.02269	0.00704	0.00821	0.00548	0.00469	0.00313	0.00156	0.00391	0.00274	0.00313	0.00548
70	0.01106	0.01106	0.01549	0.01328	0.01328	0.01549	0.01106	0.01217	0.00774	0.01217	0.00664	0.01106	0.00664	0.00885	0.01659	0.00221	0.81303	0.00443	0.00221	0.00553
71	0.04799	0.00494	0.00484	0.00480	0.00607	0.00501	0.00362	0.01192	0.01051	0.01903	0.01607	0.01837	0.01262	0.00584	0.00352	0.00120	0.00243	0.00462	0.81185	0.00475
72	0.01106	0.01106	0.01549	0.01328	0.01328	0.01549	0.01106	0.01217	0.00774	0.01217	0.00664	0.01106	0.00664	0.00885	0.01659	0.00221	0.81303	0.00443	0.00221	0.00553
73	0.01049	0.00899	0.01049	0.00749	0.01198	0.00674	0.00599	0.01273	0.01049	0.01648	0.00899	0.01049	0.00749	0.00374	0.00374	0.00075	0.00374	0.00300	0.00300	0.85320
74	0.01188	0.43958	0.24873	0.02891	0.01599	0.01579	0.02521	0.01543	0.04564	0.01416	0.05783	0.01156	0.00952	0.00515	0.00454	0.00136	0.03579	0.00371	0.00252	0.00669
75	0.00671	0.00515	0.00614	0.00589	0.00728	0.00458	0.00442	0.00867	0.01325	0.01776	0.50790	0.04191	0.32945	0.01128	0.00597	0.00163	0.00245	0.00973	0.00524	0.00458
76	0.00661	0.00475	0.00627	0.00673	0.00743	0.00441	0.00473	0.00817	0.01178	0.01625	0.37218	0.46516	0.03991	0.01335	0.00623	0.00184	0.00269	0.01201	0.00509	0.00441
77	0.01667	0.23665	0.03413	0.01319	0.06133	0.45199	0.04322	0.04801	0.01328	0.02635	0.00821	0.00953	0.00682	0.00493	0.00433	0.00129	0.00766	0.00339	0.00263	0.00638
78	0.02269	0.00861	0.01174	0.00900	0.01291	0.00743	0.00743	0.02464	0.01447	0.79425	0.01995	0.01721	0.01252	0.00626	0.00509	0.00156	0.00430	0.00509	0.00626	0.00861
79	0.00676	0.00536	0.00610	0.00588	0.00740	0.00481	0.00442	0.00904	0.04249	0.01691	0.37960	0.04264	0.42745	0.01147	0.00594	0.00166	0.00254	0.00980	0.00510	0.00464
80	0.00903	0.00811	0.02302	0.00809	0.00994	0.06120	0.02188	0.02531	0.13123	0.01759	0.30159	0.05138	0.17984	0.02700	0.00626	0.00179	0.00375	0.10287	0.00481	0.00534
81	0.01071	0.02417	0.66443	0.04534	0.09059	0.04571	0.01785	0.01603	0.01089	0.01579	0.00906	0.01088	0.00657	0.00480	0.00482	0.00158	0.00739	0.00381	0.00219	0.00738
82	0.01194	0.01364	0.02984	0.02131	0.02643	0.01279	0.77238	0.01620	0.01194	0.01620	0.01023	0.01364	0.00767	0.00426	0.00597	0.00171	0.00853	0.00597	0.00256	0.00682
83	0.01682	0.01367	0.01378	0.01125	0.01477	0.06934	0.00905	0.45393	0.29445	0.02667	0.01486	0.01434	0.01090	0.00629	0.00505	0.00157	0.00525	0.00488	0.00492	0.00820
84	0.01257	0.01310	0.05434	0.04988	0.67662	0.04363	0.04460	0.01568	0.01157	0.01622	0.00944	0.01237	0.00783	0.00455	0.00502	0.00151	0.00631	0.00448	0.00249	0.00779
85	0.00616	0.00440	0.00587	0.00704	0.00733	0.00411	0.00469	0.00704	0.00968	0.01291	0.02787	0.81899	0.03344	0.01584	0.00645	0.00205	0.00293	0.01438	0.00469	0.00411
86	0.00616	0.00440	0.00587	0.00704	0.00733	0.00411	0.00469	0.00704	0.00968	0.01291	0.02787	0.81899	0.03344	0.01584	0.00645	0.00205	0.00293	0.01438	0.00469	0.00411
87	0.01194	0.01364	0.02984	0.02131	0.02643	0.01279	0.77238	0.01620	0.01194	0.01620	0.01023	0.01364	0.00767	0.00426	0.00597	0.00171	0.00853	0.00597	0.00256	0.00682
88	0.01106	0.01106	0.01549	0.01328	0.01328	0.01549	0.01106	0.01217	0.00774	0.01217	0.00664	0.01106	0.00664	0.00885	0.01659	0.00221	0.81303	0.00443	0.00221	0.00553
89	0.01912	0.00940	0.01163	0.00945	0.01299	0.00925	0.00763	0.02543	0.28496	0.52166	0.02017	0.01779	0.01355	0.00647	0.00511	0.00162	0.00420	0.00531	0.00587	0.00839
90	0.01286	0.01100	0.01159	0.01035	0.01326	0.01271	0.00807	0.05898	0.74904	0.02161	0.02022	0.01858	0.01514	0.00683	0.00514	0.00171	0.00407	0.00567	0.00514	0.00803
91	0.01258	0.01086	0.01143	0.01029	0.01315	0.01258	0.00800	0.02687	0.78161	0.02115	0.02058	0.01887	0.01544	0.00686	0.00515	0.00172	0.00400	0.00572	0.00515	0.00800
92	0.00603	0.00512	0.00519	0.00518	0.00686	0.00429	0.00388	0.00736	0.01165	0.01394	0.08290	0.04820	0.75684	0.01270	0.00598	0.00170	0.00255	0.01061	0.00473	0.00429
93	0.00722	0.00542	0.00813	0.00813	0.00903	0.00632	0.00632	0.00903	0.00813	0.01174	0.01354	0.01987	0.01264	0.03792	0.80225	0.00813	0.01354	0.00542	0.00271	0.00451
94	0.00616	0.00440	0.00587	0.00704	0.00733	0.00411	0.00469	0.00704	0.00968	0.01291	0.02787	0.81899	0.03344	0.01584	0.00645	0.00205	0.00293	0.01438	0.00469	0.00411
95	0.01174	0.01219	0.01539	0.01325	0.01348	0.08360	0.01095	0.01286	0.00831	0.01219	0.00674	0.01089	0.00663	0.00854	0.01555	0.00213	0.74342	0.00432	0.00225	0.00556
96	0.01110	0.01118	0.01616	0.01365	0.01389	0.01536	0.04655	0.01236	0.00794	0.01236	0.00681	0.01118	0.00669	0.00864	0.01610	0.00219	0.77553	0.00450	0.00223	0.00559
97	0.02153	0.00875	0.01166	0.00900	0.01288	0.00770	0.00740	0.02422	0.05871	0.71322	0.01948	0.01699	0.01245	0.00618	0.00503	0.00154	0.00426	0.00502	0.00604	0.04794
98	0.00603	0.00512	0.00519	0.00518	0.00686	0.00429	0.00388	0.00736	0.01165	0.01395	0.08338	0.04819	0.75636	0.01270	0.00598	0.00170	0.00255	0.01061	0.00473	0.00429
99	0.21825	0.00811	0.00958	0.00784	0.01095	0.00776	0.00636	0.01889	0.01304	0.43513	0.19079	0.01972	0.01881	0.00681	0.00482	0.00157	0.00378	0.00545	0.00536	0.00699
100	0.01279	0.55925	0.24710	0.01051	0.01566	0.05317	0.01159	0.01562	0.01057	0.01310	0.00765	0.00889	0.00647	0.00450	0.00375	0.00124	0.00617	0.00303	0.00218	0.00674
101	0.00733	0.00499	0.00596	0.00596	0.00611	0.00514	0.00361	0.00764	0.00748	0.01013	0.01553	0.03085	0.01741	0.68961	0.15709	0.00545	0.00636	0.00703	0.00300	0.00331
102	0.02269	0.00861	0.01174	0.00900	0.01291	0.00743	0.00743	0.02464	0.01447	0.79425	0.01995	0.01721	0.01252	0.00626	0.00509	0.00156	0.00430	0.00509	0.00626	0.00861
103	0.01014	0.02616	0.79609	0.01441	0.02189	0.01174	0.01868	0.01601	0.01068	0.01601	0.00907	0.01068	0.00641	0.00480	0.00480	0.00160	0.00747	0.00374	0.00214	0.00747
104	0.05320	0.00865	0.01158	0.00891	0.01279	0.00758	0.00736	0.02429	0.01426	0.76606	0.01948	0.01688	0.01226	0.00620	0.00501	0.00156	0.00429	0.00500	0.00614	0.00849
105	0.00625	0.00446	0.00597	0.00714	0.00747	0.00418	0.00484	0.00719	0.00977	0.01300	0.02782	0.78624	0.03326	0.01576	0.00648	0.00207	0.00301	0.04628	0.00469	0.00413
106	0.02094	0.00857	0.01140	0.00893	0.01260	0.00767	0.00731	0.02388	0.07391	0.68635	0.06762	0.01861	0.01493	0.00656	0.00514	0.00158	0.00416	0.00539	0.00613	0.00832
107	0.01893	0.01351	0.04272	0.01243	0.04464	0.01383	0.04443	0.55374	0.02070	0.16344	0.01322	0.01306	0.00914	0.00592	0.00509	0.00154	0.00556	0.00468	0.00496	0.00846
108	0.01238	0.01188	0.02028	0.06645	0.75639	0.01198	0.01545	0.01540	0.01145	0.01636	0.00949	0.01256	0.00795	0.00453	0.00501	0.00151	0.00604	0.00450	0.00249	0.00790
109	0.00815	0.00582	0.00815	0.00931	0.01048	0.00582	0.00815	0.01048	0.01164	0.01513	0.02677	0.05704	0.02910	0.01397	0.00698	0.00233	0.00466	0.75671	0.00466	0.00466
110	0.01049	0.00899	0.01049	0.00749	0.01198	0.00674	0.00599	0.01273	0.01049	0.01648	0.00899	0.01049	0.00749	0.00374	0.00374	0.00075	0.00374	0.00300	0.00300	0.85320
111	0.82427	0.00974	0.00766	0.02064	0.01029	0.01125	0.00567	0.01505	0.00877	0.04008	0.00737	0.00851	0.00566	0.00474	0.00321	0.00157	0.00397	0.00282	0.00319	0.00555
112	0.01846	0.08825	0.01530	0.01268	0.01542	0.73938	0.00968	0.01979	0.01401	0.01234	0.00775	0.00904	0.00651	0.00514	0.00445	0.00129	0.00882	0.00321	0.00257	0.00591
113	0.00616	0.00440	0.00587	0.00704	0.00733	0.00411	0.00469	0.00704	0.00968	0.01291	0.02787	0.81899	0.03344	0.01584	0.00645	0.00205	0.00293	0.01438	0.00469	0.00411
114	0.01252	0.01201	0.02053	0.03104	0.79074	0.01201	0.01552	0.01552	0.01151	0.01652	0.00951	0.01252	0.00801	0.00451	0.00501	0.00150	0.00601	0.00451	0.00250	0.00801
115	0.00716	0.00517	0.00676	0.00636	0.00755	0.00477	0.00477	0.00954	0.01431	0.02028	0.78808	0.03777	0.04771	0.01034	0.00596	0.00159	0.00239	0.00914	0.00557	0.00477
116	0.00808	0.00537	0.00705	0.00652	0.00787	0.00493	0.00493	0.01044	0.01432	0.06618	0.74252	0.03655	0.04563	0.01010	0.00591	0.00159	0.00250	0.00890	0.00561	0.00500
117	0.00723	0.00540	0.00801	0.00801	0.00888	0.00626	0.00618	0.00896	0.00809	0.01165	0.01365	0.02044	0.01289	0.07215	0.76836	0.00799	0.01317	0.00550	0.00272	0.00445
118	0.00735	0.00491	0.00556	0.00555	0.00559	0.00490	0.00313	0.00744	0.00761	0.01020	0.04475	0.03327	0.01948	0.79198	0.02500	0.00478	0.00481	0.00742	0.00316	0.00313
119	0.00716	0.00517	0.00676	0.00636	0.00755	0.00477	0.00477	0.00954	0.01431	0.02028	0.78808	0.03777	0.04771	0.01034	0.00596	0.00159	0.00239	0.00914	0.00557	0.00477
120	0.01889	0.02410	0.01433	0.01303	0.01563	0.80199	0.00977	0.02019	0.01433	0.01238	0.00782	0.00912	0.00651	0.00521	0.00456	0.00130	0.00912	0.00326	0.00261	0.00586
121	0.01922	0.01416	0.01518	0.01163	0.01568	0.01568	0.00961	0.77388	0.02378	0.03187	0.01214	0.01214	0.00860	0.00607	0.00506	0.00152	0.00556	0.00455	0.00506	0.00860
122	0.85801	0.00978	0.00743	0.00665	0.00978	0.01134	0.00548	0.01486	0.00861	0.02269	0.00704	0.00821	0.00548	0.00469	0.00313	0.00156	0.00391	0.00274	0.00313	0.00548
123	0.01517	0.01215	0.01290	0.01082	0.01414	0.01379	0.00863	0.31869	0.48556	0.02534	0.01728	0.01624	0.01277	0.00655	0.00511	0.00164	0.00461	0.00526	0.00511	0.00824
124	0.01014	0.02616	0.79609	0.01441	0.02189	0.01174	0.01868	0.01601	0.01068	0.01601	0.00907	0.01068	0.00641	0.00480	0.00480	0.00160	0.00747	0.00374	0.00214	0.00747
125	0.02269	0.00861	0.01174	0.00900	0.01291	0.00743	0.00743	0.02464	0.01447	0.79425	0.01995	0.01721	0.01252	0.00626	0.00509	0.00156	0.00430	0.00509	0.00626	0.00861
126	0.01889	0.02410	0.01433	0.01303	0.01563	0.80199	0.00977	0.02019	0.01433	0.01238	0.00782	0.00912	0.00651	0.00521	0.00456	0.00130	0.00912	0.00326	0.00261	0.00586
127	0.01057	0.12699	0.69899	0.01369	0.02076	0.01279	0.01742	0.01590	0.01063	0.01549	0.00882	0.01035	0.00642	0.00474	0.00461	0.00154	0.00721	0.00361	0.00214	0.00735
128	0.00641	0.00458	0.00616	0.00733	0.00773	0.00432	0.00513	0.00747	0.00993	0.01319	0.02773	0.72285	0.03290	0.01561	0.00652	0.00209	0.00315	0.10804	0.00469	0.00418
129	0.02269	0.00861	0.01174	0.00900	0.01291	0.00743	0.00743	0.02464	0.01447	0.79425	0.01995	0.01721	0.01252	0.00626	0.00509	0.00156	0.00430	0.00509	0.00626	0.00861
130	0.00811	0.00579	0.00810	0.00927	0.01041	0.00579	0.00808	0.01041	0.01160	0.01509	0.02680	0.07216	0.02919	0.01401	0.00697	0.00232	0.00462	0.74198	0.00466	0.00465
131	0.00673	0.00481	0.00652	0.00769	0.00824	0.00460	0.00569	0.00803	0.01024	0.01355	0.02756	0.60002	0.03220	0.01530	0.00661	0.00213	0.00343	0.22771	0.00468	0.00427
132	0.00815	0.00582	0.00815	0.00931	0.01048	0.00582	0.00815	0.01048	0.01164	0.01513	0.02677	0.05704	0.02910	0.01397	0.00698	0.00233	0.00466	0.75671	0.00466	0.00466
133	0.02269	0.00861	0.01174	0.00900	0.01291	0.00743	0.00743	0.02464	0.01447	0.79425	0.01995	0.01721	0.01252	0.00626	0.00509	0.00156	0.00430	0.00509	0.00626	0.00861
134	0.00962	0.00906	0.01530	0.79109	0.05331	0.01125	0.01408	0.01298	0.01015	0.01301	0.00900	0.01346	0.00677	0.00504	0.00505	0.00168	0.00672	0.00449	0.00225	0.00568
135	0.00620	0.00443	0.00591	0.00708	0.00739	0.00414	0.00476	0.00710	0.00972	0.01295	0.02785	0.80495	0.03336	0.01581	0.00646	0.00206	0.00297	0.02805	0.00469	0.00412
136	0.00747	0.00560	0.00827	0.00820	0.00917	0.00651	0.00639	0.02485	0.00845	0.01215	0.01352	0.01971	0.01256	0.03727	0.78576	0.00799	0.01338	0.00540	0.00276	0.00460
137	0.01662	0.01287	0.01371	0.01111	0.01469	0.01446	0.00898	0.48093	0.32098	0.02767	0.01545	0.01478	0.01128	0.00638	0.00509	0.00160	0.00495	0.00501	0.00509	0.00837
138	0.82111	0.00988	0.00800	0.00771	0.04386	0.01137	0.00591	0.01489	0.00873	0.02242	0.00715	0.00840	0.00559	0.00469	0.00321	0.00156	0.00400	0.00282	0.00310	0.00559
139	0.01843	0.02053	0.01445	0.01255	0.01545	0.53916	0.00969	0.21300	0.05140	0.01775	0.00946	0.01040	0.00746	0.00563	0.00511	0.00141	0.03439	0.00374	0.00334	0.00665
140	0.00652	0.00475	0.00623	0.00711	0.00736	0.00469	0.00476	0.00730	0.00931	0.01249	0.02546	0.68556	0.03041	0.11730	0.00932	0.00242	0.03755	0.01307	0.00438	0.00404
141	0.32060	0.14853	0.11599	0.00997	0.01390	0.16122	0.00917	0.13549	0.01261	0.01957	0.00825	0.00931	0.00645	0.00496	0.00394	0.00143	0.00585	0.00325	0.00305	0.00647
142	0.00782	0.00572	0.00769	0.00868	0.00993	0.00559	0.00750	0.00999	0.01162	0.01491	0.03046	0.05578	0.14351	0.01379	0.00683	0.00223	0.00434	0.64434	0.00466	0.00460
143	0.00627	0.00513	0.00553	0.00543	0.00701	0.00439	0.00407	0.00782	0.01222	0.01530	0.23395	0.04596	0.60494	0.01219	0.00597	0.00168	0.00252	0.01029	0.00491	0.00439
144	0.05731	0.01071	0.01282	0.00987	0.01380	0.01065	0.00815	0.30128	0.01766	0.47917	0.01651	0.01495	0.01077	0.00612	0.00499	0.00155	0.00475	0.00479	0.00568	0.00847
145	0.00616	0.00440	0.00587	0.00704	0.00733	0.00411	0.00469	0.00704	0.00968	0.01291	0.02787	0.81899	0.03344	0.01584	0.00645	0.00205	0.00293	0.01438	0.00469	0.00411
146	0.00955	0.00899	0.01517	0.81013	0.03483	0.01123	0.01404	0.01292	0.01011	0.01292	0.00899	0.01348	0.00674	0.00506	0.00506	0.00169	0.00674	0.00449	0.00225	0.00562
147	0.01889	0.02410	0.01433	0.01303	0.01563	0.80199	0.00977	0.02019	0.01433	0.01238	0.00782	0.00912	0.00651	0.00521	0.00456	0.00130	0.00912	0.00326	0.00261	0.00586
148	0.05621	0.00878	0.01164	0.00896	0.01285	0.00778	0.00740	0.04131	0.01445	0.74586	0.01925	0.01673	0.01214	0.00619	0.00501	0.00156	0.00432	0.00498	0.00611	0.00848
149	0.00722	0.00542	0.00813	0.00813	0.00903	0.00632	0.00632	0.00903	0.00813	0.01174	0.01354	0.01987	0.01264	0.03792	0.80225	0.00813	0.01354	0.00542	0.00271	0.00451
150	0.01106	0.01106	0.01549	0.01328	0.01328	0.01549	0.01106	0.01217	0.00774	0.01217	0.00664	0.01106	0.00664	0.00885	0.01659	0.00221	0.81303	0.00443	0.00221	0.00553
151	0.85801	0.00978	0.00743	0.00665	0.00978	0.01134	0.00548	0.01486	0.00861	0.02269	0.00704	0.00821	0.00548	0.00469	0.00313	0.00156	0.00391	0.00274	0.00313	0.00548
152	0.75078	0.00928	0.00752	0.00699	0.00987	0.01065	0.00581	0.01431	0.00899	0.02173	0.00953	0.01437	0.00846	0.00586	0.00362	0.00166	0.00401	0.09787	0.00332	0.00537
153	0.01929	0.01405	0.01510	0.01158	0.01562	0.01551	0.00957	0.75845	0.02358	0.04757	0.01230	0.01224	0.00868	0.00607	0.00506	0.00152	0.00554	0.00456	0.00508	0.00860
154	0.05681	0.01125	0.01289	0.00992	0.01388	0.01138	0.00815	0.35305	0.05078	0.29209	0.01457	0.01379	0.00996	0.00581	0.00482	0.00145	0.00476	0.00451	0.00513	0.11500
155	0.42554	0.01483	0.01104	0.00954	0.01270	0.25065	0.00758	0.15092	0.01323	0.04981	0.00865	0.00951	0.00660	0.00515	0.00397	0.00148	0.00579	0.00330	0.00343	0.00626
156	0.01326	0.01071	0.01145	0.01020	0.01313	0.01223	0.00797	0.02672	0.72988	0.07328	0.02054	0.01875	0.01524	0.00682	0.00514	0.00170	0.00402	0.00567	0.00522	0.00804
157	0.00641	0.00516	0.00579	0.00616	0.00758	0.00454	0.00476	0.00783	0.01130	0.01384	0.04354	0.15280	0.54603	0.01343	0.00623	0.00187	0.00300	0.15073	0.00469	0.00432
158	0.85801	0.00978	0.00743	0.00665	0.00978	0.01134	0.00548	0.01486	0.00861	0.02269	0.00704	0.00821	0.00548	0.00469	0.00313	0.00156	0.00391	0.00274	0.00313	0.00548
159	0.00616	0.00440	0.00587	0.00704	0.00733	0.00411	0.00469	0.00704	0.00968	0.01291	0.02787	0.81899	0.03344	0.01584	0.00645	0.00205	0.00293	0.01438	0.00469	0.00411
160	0.01258	0.01086	0.01143	0.01029	0.01315	0.01258	0.00800	0.02687	0.78161	0.02115	0.02058	0.01887	0.01544	0.00686	0.00515	0.00172	0.00400	0.00572	0.00515	0.00800
161	0.14347	0.00878	0.01111	0.00866	0.01246	0.00800	0.00715	0.02323	0.01362	0.68269	0.01808	0.01591	0.01150	0.00603	0.00480	0.00156	0.00425	0.00475	0.00581	0.00815
162	0.00678	0.00524	0.00708	0.00783	0.00808	0.00554	0.00550	0.00769	0.00944	0.01282	0.02519	0.71705	0.03006	0.01496	0.00773	0.00207	0.10514	0.01312	0.00438	0.00429
163	0.01714	0.02042	0.01676	0.01413	0.01697	0.54056	0.12015	0.08597	0.01418	0.01464	0.00843	0.01023	0.00688	0.00551	0.00599	0.00147	0.08769	0.00388	0.00278	0.00621
164	0.01269	0.01110	0.01149	0.01034	0.01319	0.02663	0.00804	0.02675	0.76794	0.02100	0.02035	0.01869	0.01528	0.00683	0.00513	0.00171	0.00409	0.00567	0.00510	0.00797
165	0.00878	0.00439	0.00659	0.00659	0.00659	0.00439	0.00439	0.00659	0.00659	0.00878	0.00878	0.01537	0.00878	0.01757	0.01976	0.85288	0.00439	0.00439	0.00220	0.00220
166	0.01252	0.01201	0.02053	0.03104	0.79074	0.01201	0.01552	0.01552	0.01151	0.01652	0.00951	0.01252	0.00801	0.00451	0.00501	0.00150	0.00601	0.00451	0.00250	0.00801
167	0.00722	0.00542	0.00813	0.00813	0.00903	0.00632	0.00632	0.00903	0.00813	0.01174	0.01354	0.01987	0.01264	0.03792	0.80225	0.00813	0.01354	0.00542	0.00271	0.00451
168	0.01223	0.01086	0.01137	0.00844	0.01273	0.07345	0.00674	0.10460	0.01240	0.01798	0.00927	0.01057	0.00754	0.00414	0.00397	0.00089	0.00441	0.00320	0.00321	0.68201
169	0.00615	0.00504	0.00542	0.00552	0.00698	0.00431	0.00406	0.00752	0.01165	0.01440	0.14132	0.14223	0.60212	0.01287	0.00603	0.00174	0.00259	0.01094	0.00481	0.00431
170	0.01104	0.00897	0.01054	0.00756	0.01203	0.00677	0.00606	0.01327	0.01067	0.05183	0.00949	0.01079	0.00772	0.00386	0.00381	0.00079	0.00377	0.00309	0.00314	0.81481
171	0.01174	0.01503	0.11503	0.02055	0.02592	0.01267	0.68858	0.01618	0.01180	0.01618	0.01010	0.01331	0.00753	0.00432	0.00584	0.00169	0.00841	0.00572	0.00251	0.00689
172	0.85801	0.00978	0.00743	0.00665	0.00978	0.01134	0.00548	0.01486	0.00861	0.02269	0.00704	0.00821	0.00548	0.00469	0.00313	0.00156	0.00391	0.00274	0.00313	0.00548

[dist]
# distance from previous block
# <min> <max>
0	1

[block]
# block no. 1 follows, 49 sequences, length 182
# corresponding to MSA columns:
# 243-424
name=unknown_B
#
# <colnr> <probs for GDERKNQSTAVLIFYWHMCP>
#	G	D	E	R	K	N	Q	S	T	A	V	L	I	F	Y	W	H	M	C	P
0	0.10480	0.03959	0.66288	0.01339	0.02003	0.01201	0.01672	0.01572	0.01032	0.01653	0.00871	0.01037	0.00631	0.00494	0.00504	0.00161	0.03799	0.00363	0.00225	0.00716
1	0.00618	0.00513	0.00541	0.00534	0.00696	0.00436	0.00401	0.00766	0.01202	0.01482	0.18069	0.04675	0.65850	0.01237	0.00597	0.00169	0.00253	0.01040	0.00485	0.00436
2	0.01106	0.01106	0.01549	0.01328	0.01328	0.01549	0.01106	0.01217	0.00774	0.01217	0.00664	0.01106	0.00664	0.00885	0.01659	0.00221	0.81303	0.00443	0.00221	0.00553
3	0.01106	0.01106	0.01549	0.01328	0.01328	0.01549	0.01106	0.01217	0.00774	0.01217	0.00664	0.01106	0.00664	0.00885	0.01659	0.00221	0.81303	0.00443	0.00221	0.00553
4	0.00752	0.00525	0.00688	0.00642	0.00768	0.00483	0.00483	0.00990	0.01432	0.03838	0.77011	0.03729	0.04689	0.01024	0.00594	0.00159	0.00243	0.00905	0.00558	0.00486
5	0.00706	0.00520	0.00674	0.00719	0.00827	0.00487	0.00562	0.00895	0.01212	0.01619	0.28867	0.20642	0.15442	0.01294	0.00637	0.00193	0.00321	0.23432	0.00498	0.00452
6	0.01878	0.04057	0.01458	0.01294	0.01558	0.78591	0.00975	0.02009	0.01425	0.01237	0.00780	0.00910	0.00651	0.00519	0.00453	0.00130	0.00904	0.00325	0.00260	0.00588
7	0.01049	0.00899	0.01049	0.00749	0.01198	0.00674	0.00599	0.01273	0.01049	0.01648	0.00899	0.01049	0.00749	0.00374	0.00374	0.00075	0.00374	0.00300	0.00300	0.85320
8	0.01462	0.66157	0.02401	0.00955	0.01352	0.17983	0.00888	0.01617	0.01110	0.01199	0.00719	0.00832	0.00649	0.00451	0.00351	0.00113	0.00617	0.00282	0.00225	0.00636
9	0.01049	0.00899	0.01049	0.00749	0.01198	0.00674	0.00599	0.01273	0.01049	0.01648	0.00899	0.01049	0.00749	0.00374	0.00374	0.00075	0.00374	0.00300	0.00300	0.85320
10	0.00723	0.00540	0.00804	0.00804	0.00891	0.00627	0.00621	0.00897	0.00810	0.01167	0.01363	0.02032	0.01284	0.06481	0.77564	0.00802	0.01325	0.00548	0.00272	0.00447
11	0.00974	0.00926	0.01521	0.70751	0.03205	0.01178	0.01366	0.01282	0.00981	0.01282	0.00869	0.01317	0.00673	0.00554	0.00654	0.00175	0.11058	0.00449	0.00224	0.00561
12	0.85801	0.00978	0.00743	0.00665	0.00978	0.01134	0.00548	0.01486	0.00861	0.02269	0.00704	0.00821	0.00548	0.00469	0.00313	0.00156	0.00391	0.00274	0.00313	0.00548
13	0.01195	0.02648	0.00927	0.00751	0.01012	0.00708	0.00594	0.05428	0.08005	0.18807	0.27685	0.02853	0.16220	0.00849	0.00535	0.00151	0.00336	0.00716	0.00513	0.10066
14	0.00735	0.00490	0.00552	0.00552	0.00552	0.00490	0.00306	0.00735	0.00735	0.00980	0.01593	0.03309	0.01838	0.82229	0.02574	0.00490	0.00490	0.00735	0.00306	0.00306
15	0.84224	0.01008	0.02210	0.00679	0.01000	0.01135	0.00572	0.01489	0.00864	0.02256	0.00708	0.00826	0.00549	0.00470	0.00316	0.00157	0.00398	0.00276	0.00311	0.00551
16	0.01950	0.01269	0.01417	0.01088	0.01489	0.01349	0.00897	0.56727	0.03659	0.19602	0.01388	0.01331	0.00954	0.00604	0.00502	0.00150	0.00519	0.00463	0.00524	0.04119
17	0.01352	0.82533	0.02650	0.00865	0.01298	0.02001	0.00865	0.01514	0.01027	0.01190	0.00703	0.00811	0.00649	0.00433	0.00324	0.00108	0.00541	0.00270	0.00216	0.00649
18	0.22290	0.00905	0.01072	0.00842	0.01218	0.00855	0.00694	0.04093	0.01308	0.54646	0.01604	0.01455	0.01045	0.00574	0.00454	0.00152	0.00421	0.00439	0.00530	0.05403
19	0.01558	0.02727	0.01475	0.01609	0.24670	0.04544	0.01012	0.18560	0.05692	0.18294	0.07405	0.04468	0.02753	0.00704	0.02094	0.00167	0.00527	0.00545	0.00436	0.00762
20	0.06372	0.00881	0.01205	0.26525	0.05100	0.00974	0.00948	0.11380	0.01231	0.11362	0.01457	0.15614	0.01310	0.00750	0.00560	0.00167	0.03998	0.01873	0.04693	0.03601
21	0.00722	0.00542	0.00813	0.00813	0.00903	0.00632	0.00632	0.00903	0.00813	0.01174	0.01354	0.01987	0.01264	0.03792	0.80225	0.00813	0.01354	0.00542	0.00271	0.00451
22	0.02236	0.00853	0.01163	0.00894	0.01279	0.00738	0.00738	0.02432	0.01447	0.77772	0.03635	0.01765	0.01327	0.00635	0.00510	0.00157	0.00426	0.00517	0.00624	0.00852
23	0.01272	0.03201	0.13039	0.12810	0.41527	0.08737	0.04164	0.01598	0.01164	0.04785	0.02383	0.01266	0.00834	0.00486	0.00496	0.00152	0.00655	0.00440	0.00263	0.00730
24	0.01256	0.59853	0.24490	0.01029	0.01551	0.01766	0.01150	0.01539	0.01039	0.01307	0.00761	0.00884	0.00647	0.00446	0.00369	0.00123	0.00599	0.00300	0.00216	0.00677
25	0.00697	0.00506	0.00657	0.00642	0.00750	0.00466	0.00473	0.00910	0.01354	0.01898	0.65180	0.15134	0.07193	0.01122	0.00604	0.00166	0.00247	0.00996	0.00541	0.00466
26	0.01263	0.01508	0.15520	0.01864	0.04888	0.01218	0.50163	0.04803	0.01227	0.07126	0.01087	0.01338	0.00797	0.00470	0.00578	0.00166	0.02274	0.00536	0.02467	0.00709
27	0.03021	0.60662	0.12012	0.00989	0.01437	0.11995	0.00998	0.01590	0.01082	0.01268	0.00739	0.00856	0.00646	0.00451	0.00361	0.00118	0.00612	0.00290	0.00224	0.00651
28	0.01053	0.01037	0.01469	0.01273	0.01286	0.01417	0.02469	0.01167	0.00804	0.01233	0.00907	0.10121	0.00965	0.00954	0.01526	0.00219	0.70754	0.00556	0.00250	0.00540
29	0.00598	0.00512	0.00512	0.00512	0.00683	0.00427	0.00384	0.00726	0.01153	0.01366	0.05123	0.04866	0.78869	0.01281	0.00598	0.00171	0.00256	0.01067	0.00470	0.00427
30	0.01386	0.40652	0.19129	0.01106	0.01558	0.13637	0.02415	0.01705	0.05002	0.04965	0.00892	0.00999	0.00723	0.00494	0.00449	0.00133	0.03482	0.00339	0.00257	0.00676
31	0.00928	0.00737	0.00994	0.00914	0.01012	0.00887	0.00716	0.09470	0.00971	0.01382	0.01241	0.01903	0.01180	0.12636	0.47256	0.00590	0.15855	0.00538	0.00292	0.00498
32	0.74320	0.00985	0.00817	0.00708	0.01032	0.01115	0.00584	0.04734	0.00980	0.09692	0.00849	0.00924	0.00628	0.00490	0.00340	0.00156	0.00402	0.00304	0.00351	0.00591
33	0.01330	0.01122	0.01184	0.01044	0.01342	0.01291	0.00818	0.10807	0.69924	0.02232	0.01966	0.01814	0.01469	0.00677	0.00514	0.00169	0.00417	0.00559	0.00514	0.00807
34	0.01740	0.01274	0.01390	0.01057	0.01464	0.01338	0.00869	0.58030	0.02053	0.05540	0.01189	0.01214	0.00861	0.00561	0.00477	0.00136	0.00509	0.00427	0.02298	0.17573
35	0.85801	0.00978	0.00743	0.00665	0.00978	0.01134	0.00548	0.01486	0.00861	0.02269	0.00704	0.00821	0.00548	0.00469	0.00313	0.00156	0.00391	0.00274	0.00313	0.00548
36	0.01231	0.01235	0.01842	0.24715	0.50383	0.08877	0.01455	0.01525	0.01140	0.01511	0.00920	0.01245	0.00751	0.00473	0.00498	0.00153	0.00652	0.00438	0.00244	0.00713
37	0.00699	0.00516	0.00653	0.00619	0.00745	0.00470	0.00464	0.00922	0.01392	0.01934	0.68392	0.03931	0.15245	0.01069	0.00597	0.00161	0.00241	0.00936	0.00544	0.00470
38	0.04018	0.00863	0.01164	0.00895	0.01284	0.00751	0.00739	0.02444	0.01435	0.77809	0.01968	0.01702	0.01237	0.00623	0.00504	0.00156	0.00429	0.00504	0.00619	0.00854
39	0.85801	0.00978	0.00743	0.00665	0.00978	0.01134	0.00548	0.01486	0.00861	0.02269	0.00704	0.00821	0.00548	0.00469	0.00313	0.00156	0.00391	0.00274	0.00313	0.00548
40	0.00735	0.00492	0.00558	0.00558	0.00560	0.00494	0.00315	0.00740	0.00737	0.00985	0.01587	0.03276	0.01824	0.80249	0.04534	0.00498	0.00512	0.00730	0.00306	0.00310
41	0.00616	0.00509	0.00517	0.00517	0.00666	0.00435	0.00374	0.00727	0.01098	0.01315	0.04659	0.04662	0.68751	0.11913	0.00857	0.00213	0.00287	0.01024	0.00448	0.00411
42	0.02201	0.00913	0.01214	0.00935	0.01314	0.00836	0.00773	0.08340	0.01498	0.70704	0.01887	0.01660	0.01201	0.00633	0.00548	0.00158	0.03230	0.00502	0.00602	0.00850
43	0.01014	0.02616	0.79609	0.01441	0.02189	0.01174	0.01868	0.01601	0.01068	0.01601	0.00907	0.01068	0.00641	0.00480	0.00480	0.00160	0.00747	0.00374	0.00214	0.00747
44	0.01258	0.01086	0.01143	0.01029	0.01315	0.01258	0.00800	0.02687	0.78161	0.02115	0.02058	0.01887	0.01544	0.00686	0.00515	0.00172	0.00400	0.00572	0.00515	0.00800
45	0.00635	0.00506	0.00523	0.00523	0.00647	0.00444	0.00363	0.00728	0.01040	0.01262	0.04167	0.04445	0.58018	0.23193	0.01133	0.00257	0.00320	0.00977	0.00425	0.00394
46	0.01194	0.01364	0.02984	0.02131	0.02643	0.01279	0.77238	0.01620	0.01194	0.01620	0.01023	0.01364	0.00767	0.00426	0.00597	0.00171	0.00853	0.00597	0.00256	0.00682
47	0.85801	0.00978	0.00743	0.00665	0.00978	0.01134	0.00548	0.01486	0.00861	0.02269	0.00704	0.00821	0.00548	0.00469	0.00313	0.00156	0.00391	0.00274	0.00313	0.00548
48	0.00831	0.00542	0.00713	0.00656	0.00795	0.00497	0.00497	0.01067	0.01433	0.07786	0.73093	0.03624	0.04509	0.01003	0.00590	0.00159	0.00253	0.00884	0.00562	0.00506
49	0.85801	0.00978	0.00743	0.00665	0.00978	0.01134	0.00548	0.01486	0.00861	0.02269	0.00704	0.00821	0.00548	0.00469	0.00313	0.00156	0.00391	0.00274	0.00313	0.00548
50	0.85801	0.00978	0.00743	0.00665	0.00978	0.01134	0.00548	0.01486	0.00861	0.02269	0.00704	0.00821	0.00548	0.00469	0.00313	0.00156	0.00391	0.00274	0.00313	0.00548
51	0.02165	0.00884	0.01170	0.00913	0.01293	0.00796	0.00749	0.02487	0.09342	0.71469	0.02001	0.01738	0.01282	0.00632	0.00509	0.00158	0.00427	0.00515	0.00614	0.00854
52	0.00713	0.00517	0.00672	0.00633	0.00754	0.00476	0.00475	0.00948	0.01424	0.02011	0.76948	0.03805	0.06642	0.01040	0.00596	0.00159	0.00239	0.00918	0.00554	0.00476
53	0.01014	0.02616	0.79609	0.01441	0.02189	0.01174	0.01868	0.01601	0.01068	0.01601	0.00907	0.01068	0.00641	0.00480	0.00480	0.00160	0.00747	0.00374	0.00214	0.00747
54	0.00616	0.00440	0.00587	0.00704	0.00733	0.00411	0.00469	0.00704	0.00968	0.01291	0.02787	0.81899	0.03344	0.01584	0.00645	0.00205	0.00293	0.01438	0.00469	0.00411
55	0.02269	0.00861	0.01174	0.00900	0.01291	0.00743	0.00743	0.02464	0.01447	0.79425	0.01995	0.01721	0.01252	0.00626	0.00509	0.00156	0.00430	0.00509	0.00626	0.00861
56	0.01066	0.00913	0.01068	0.00769	0.01208	0.00710	0.00617	0.02698	0.01068	0.01667	0.00900	0.01053	0.00749	0.00390	0.00404	0.00079	0.02111	0.00306	0.00302	0.81923
57	0.85801	0.00978	0.00743	0.00665	0.00978	0.01134	0.00548	0.01486	0.00861	0.02269	0.00704	0.00821	0.00548	0.00469	0.00313	0.00156	0.00391	0.00274	0.00313	0.00548
58	0.00722	0.00542	0.00813	0.00813	0.00903	0.00632	0.00632	0.00903	0.00813	0.01174	0.01354	0.01987	0.01264	0.03792	0.80225	0.00813	0.01354	0.00542	0.00271	0.00451
59	0.00616	0.00440	0.00587	0.00704	0.00733	0.00411	0.00469	0.00704	0.00968	0.01291	0.02787	0.81899	0.03344	0.01584	0.00645	0.00205	0.00293	0.01438	0.00469	0.00411
60	0.01265	0.01189	0.01960	0.02858	0.70405	0.01180	0.01461	0.04683	0.01195	0.01715	0.00958	0.01236	0.00800	0.00452	0.00492	0.00145	0.00583	0.00440	0.00264	0.06717
61	0.01073	0.00767	0.01067	0.04114	0.01231	0.02420	0.07862	0.10505	0.01245	0.10287	0.02212	0.43958	0.02362	0.01167	0.00603	0.00189	0.00437	0.07487	0.00457	0.00556
62	0.01089	0.00612	0.00801	0.00705	0.00893	0.00558	0.00546	0.01346	0.03405	0.20056	0.57440	0.03271	0.05363	0.00935	0.00574	0.00159	0.00288	0.00814	0.00570	0.00574
63	0.00722	0.00542	0.00813	0.00813	0.00903	0.00632	0.00632	0.00903	0.00813	0.01174	0.01354	0.01987	0.01264	0.03792	0.80225	0.00813	0.01354	0.00542	0.00271	0.00451
64	0.01286	0.68211	0.14708	0.00949	0.01422	0.01839	0.01011	0.01511	0.01028	0.01250	0.00754	0.00905	0.00673	0.02189	0.00397	0.00124	0.00572	0.00297	0.00218	0.00657
65	0.00676	0.00574	0.00614	0.00636	0.02369	0.00516	0.00472	0.00912	0.06832	0.01439	0.04623	0.04637	0.65715	0.01229	0.00597	0.00175	0.00290	0.06762	0.00468	0.00465
66	0.00707	0.00517	0.00664	0.00627	0.00750	0.00474	0.00471	0.00938	0.01412	0.01981	0.73597	0.03854	0.10011	0.01051	0.00596	0.00160	0.00240	0.00925	0.00550	0.00474
67	0.00967	0.00915	0.01519	0.74921	0.03318	0.01156	0.01382	0.01286	0.00993	0.01286	0.00881	0.01330	0.00673	0.00535	0.00594	0.00173	0.06839	0.00449	0.00224	0.00561
