[name]
unknown

[dist]
# distance from previous block
# <min> <max>
1	130

[block]
# block no. 0 follows, 41 sequences, length 8
# corresponding to MSA columns:
# 133-140
name=unknown_A
#
# <colnr> <probs for GDERKNQSTAVLIFYWHMCP>
#	G	D	E	R	K	N	Q	S	T	A	V	L	I	F	Y	W	H	M	C	P
0	0.42709	0.08628	0.03094	0.03717	0.11644	0.01326	0.00928	0.03616	0.02916	0.14945	0.01144	0.01231	0.00846	0.00565	0.00443	0.00172	0.00522	0.00403	0.00399	0.00750
1	0.05479	0.38882	0.05961	0.00971	0.01390	0.01570	0.00904	0.07792	0.01343	0.05155	0.07271	0.08850	0.03666	0.00720	0.00475	0.00149	0.00532	0.00554	0.00373	0.07962
2	0.00920	0.00839	0.04877	0.00849	0.01124	0.00635	0.00676	0.01129	0.01197	0.01714	0.08660	0.33631	0.06202	0.01133	0.00599	0.00168	0.00392	0.03006	0.00452	0.31796
3	0.08227	0.00559	0.00750	0.00747	0.00793	0.00568	0.00514	0.00862	0.00870	0.01284	0.08186	0.06950	0.01557	0.01770	0.01826	0.62841	0.00460	0.00604	0.00312	0.00322
4	0.04956	0.01317	0.01982	0.09797	0.44417	0.01364	0.01469	0.15058	0.01565	0.10683	0.01247	0.01459	0.00951	0.00571	0.00560	0.00173	0.00647	0.00510	0.00384	0.00889
5	0.01698	0.25335	0.22670	0.01310	0.01847	0.12432	0.01327	0.16271	0.01565	0.06816	0.01079	0.01179	0.00824	0.00585	0.00530	0.00159	0.02801	0.00411	0.00346	0.00814
6	0.04653	0.01325	0.01978	0.24362	0.37380	0.07418	0.04561	0.01750	0.01299	0.05789	0.03339	0.01516	0.01000	0.00564	0.00564	0.00176	0.00712	0.00516	0.00312	0.00785
7	0.02205	0.01016	0.01298	0.01034	0.01419	0.00954	0.00837	0.15514	0.01765	0.51606	0.05289	0.10912	0.01776	0.00849	0.00597	0.00183	0.00486	0.00705	0.00660	0.00896

[dist]
# distance from previous block
# <min> <max>
0	4

[block]
# block no. 1 follows, 41 sequences, length 12
# corresponding to MSA columns:
# 145-156
name=unknown_B
#
# <colnr> <probs for GDERKNQSTAVLIFYWHMCP>
#	G	D	E	R	K	N	Q	S	T	A	V	L	I	F	Y	W	H	M	C	P
0	0.01564	0.00958	0.02742	0.00986	0.01263	0.00914	0.00786	0.19213	0.01695	0.21236	0.11949	0.23862	0.04008	0.02947	0.00693	0.00203	0.00457	0.03201	0.00588	0.00735
1	0.00742	0.00530	0.00696	0.00762	0.00828	0.00495	0.00525	0.00894	0.01260	0.01725	0.27789	0.50211	0.04245	0.05502	0.00821	0.00231	0.00322	0.01386	0.00555	0.00484
2	0.13219	0.01397	0.02223	0.04484	0.04174	0.09254	0.36801	0.03245	0.01300	0.01853	0.01427	0.15202	0.01334	0.00741	0.00613	0.00192	0.00762	0.00745	0.00347	0.00687
3	0.15601	0.00679	0.00768	0.00807	0.00944	0.00687	0.00576	0.01202	0.04829	0.06508	0.04875	0.49801	0.04948	0.04182	0.00720	0.00226	0.00372	0.01220	0.00510	0.00545
4	0.01467	0.01225	0.02300	0.25219	0.10636	0.01241	0.28942	0.01843	0.01324	0.14973	0.01375	0.04485	0.01045	0.00601	0.00617	0.00188	0.00765	0.00625	0.00361	0.00769
5	0.00703	0.00523	0.00639	0.00727	0.00797	0.00477	0.00491	0.00806	0.01125	0.01451	0.03701	0.54243	0.21865	0.08530	0.00907	0.00251	0.00341	0.01451	0.00515	0.00459
6	0.15753	0.01033	0.01561	0.64751	0.03438	0.01273	0.01417	0.01500	0.01114	0.01657	0.00978	0.01419	0.00737	0.00565	0.00533	0.00188	0.00706	0.00473	0.00272	0.00633
7	0.17298	0.43323	0.04888	0.01124	0.01562	0.11110	0.04827	0.04283	0.01235	0.01706	0.00851	0.01005	0.00728	0.00537	0.00468	0.00148	0.03557	0.00352	0.00285	0.00714
8	0.01079	0.00986	0.01640	0.73526	0.03730	0.01224	0.01512	0.01453	0.01147	0.01504	0.01071	0.01564	0.00808	0.00578	0.00561	0.00187	0.00731	0.00510	0.05561	0.00629
9	0.00816	0.00548	0.00628	0.00644	0.00648	0.00544	0.00368	0.00828	0.00862	0.01150	0.01959	0.12564	0.02278	0.70807	0.02657	0.00517	0.00529	0.00924	0.00368	0.00360
10	0.01160	0.15046	0.01943	0.64791	0.03502	0.01447	0.01481	0.01506	0.01147	0.01441	0.00977	0.01417	0.00757	0.00557	0.00536	0.00179	0.00736	0.00472	0.00252	0.00653
11	0.00865	0.00702	0.00907	0.00834	0.00955	0.00745	0.00648	0.01087	0.01433	0.02002	0.50550	0.03951	0.16803	0.01188	0.00888	0.00195	0.14189	0.00970	0.00545	0.00545

[dist]
# distance from previous block
# <min> <max>
1	4

[block]
# block no. 2 follows, 41 sequences, length 6
# corresponding to MSA columns:
# 161-166
name=unknown_C
#
# <colnr> <probs for GDERKNQSTAVLIFYWHMCP>
#	G	D	E	R	K	N	Q	S	T	A	V	L	I	F	Y	W	H	M	C	P
0	0.00776	0.00583	0.00718	0.00684	0.00834	0.00525	0.00513	0.01014	0.01540	0.02106	0.58368	0.04582	0.23175	0.01240	0.00675	0.00183	0.00275	0.01078	0.00605	0.00525
1	0.01682	0.60751	0.02651	0.01103	0.01544	0.21207	0.01011	0.01856	0.01278	0.01359	0.00818	0.00946	0.00735	0.00515	0.00404	0.00129	0.00717	0.00322	0.00257	0.00716
2	0.01129	0.07615	0.01655	0.26685	0.10968	0.03344	0.03227	0.01414	0.01269	0.01708	0.19932	0.05632	0.02080	0.00812	0.00744	0.00188	0.09911	0.00674	0.00365	0.00647
3	0.01088	0.01038	0.01564	0.14780	0.01841	0.01327	0.05253	0.01271	0.01004	0.01438	0.01424	0.20997	0.01522	0.01096	0.01294	0.00232	0.41117	0.00795	0.00324	0.00595
4	0.01008	0.00803	0.01224	0.31324	0.02133	0.00950	0.01023	0.03959	0.01071	0.01453	0.01386	0.08351	0.01298	0.05311	0.20314	0.10756	0.03655	0.00642	0.02803	0.00538
5	0.07957	0.00966	0.01422	0.41078	0.05462	0.01123	0.01202	0.01412	0.02919	0.01641	0.03657	0.08866	0.03291	0.00904	0.04045	0.00219	0.05429	0.00624	0.00325	0.07457

[dist]
# distance from previous block
# <min> <max>
3	16

[block]
# block no. 3 follows, 41 sequences, length 16
# corresponding to MSA columns:
# 207-222
name=unknown_D
#
# <colnr> <probs for GDERKNQSTAVLIFYWHMCP>
#	G	D	E	R	K	N	Q	S	T	A	V	L	I	F	Y	W	H	M	C	P
0	0.01536	0.06265	0.13609	0.07004	0.01815	0.01405	0.01162	0.29882	0.09968	0.02525	0.06189	0.04403	0.01525	0.02515	0.00626	0.00189	0.00602	0.04685	0.03287	0.00808
1	0.01663	0.01171	0.01542	0.07834	0.07891	0.01251	0.05433	0.05032	0.36258	0.19768	0.04535	0.01993	0.01564	0.00714	0.00587	0.00186	0.00536	0.00618	0.00544	0.00881
2	0.00778	0.00602	0.00753	0.00762	0.00871	0.00583	0.00561	0.00954	0.01321	0.01774	0.29954	0.24620	0.21680	0.04000	0.00840	0.00217	0.05048	0.03635	0.00544	0.00504
3	0.01213	0.06262	0.07114	0.24016	0.07439	0.03085	0.24302	0.01587	0.01256	0.01667	0.05691	0.01845	0.05762	0.00649	0.00682	0.00187	0.05625	0.00613	0.00305	0.00700
4	0.01048	0.00990	0.01728	0.57343	0.03325	0.01159	0.09502	0.01394	0.01159	0.01502	0.01382	0.14283	0.01268	0.00761	0.00609	0.00198	0.00715	0.00710	0.00303	0.00623
5	0.00922	0.00497	0.00725	0.00758	0.00766	0.00489	0.00505	0.00758	0.00830	0.01106	0.01516	0.20567	0.01669	0.01940	0.01871	0.63238	0.00457	0.00770	0.00317	0.00301
6	0.01171	0.00879	0.00988	0.00900	0.01098	0.00917	0.00670	0.18902	0.09999	0.02162	0.13277	0.20486	0.11578	0.13137	0.00992	0.00250	0.00437	0.00989	0.00533	0.00633
7	0.01294	0.22642	0.04950	0.09819	0.01842	0.04502	0.10154	0.01625	0.06326	0.03472	0.01443	0.10193	0.02639	0.06700	0.00872	0.00209	0.09676	0.00636	0.00334	0.00672
8	0.01113	0.10535	0.01841	0.60886	0.03375	0.01334	0.03698	0.01453	0.01149	0.01459	0.01157	0.07399	0.00993	0.00652	0.00562	0.00186	0.00718	0.00574	0.00275	0.00638
9	0.00820	0.00557	0.00636	0.00639	0.00714	0.00530	0.00419	0.00934	0.01122	0.01556	0.16640	0.10350	0.14488	0.36389	0.01646	0.00348	0.00405	0.00961	0.10409	0.00437
10	0.01314	0.01157	0.01781	0.49828	0.03162	0.01358	0.06857	0.16839	0.01475	0.01939	0.01217	0.05940	0.00987	0.00672	0.00627	0.00191	0.03025	0.00586	0.00340	0.00707
11	0.01641	0.31501	0.01966	0.01090	0.01458	0.17053	0.00933	0.11031	0.03439	0.06169	0.01660	0.01732	0.09951	0.00912	0.05172	0.00198	0.02497	0.00502	0.00371	0.00723
12	0.00799	0.00562	0.00676	0.03429	0.00810	0.00555	0.00448	0.00860	0.00978	0.01296	0.06580	0.20429	0.07626	0.50132	0.02070	0.00425	0.00479	0.01032	0.00412	0.00403
13	0.00935	0.00759	0.01192	0.39301	0.02345	0.00875	0.01037	0.01122	0.01055	0.01375	0.01718	0.25280	0.01803	0.07065	0.01007	0.10823	0.00583	0.00869	0.00344	0.00513
14	0.06267	0.01139	0.03476	0.33285	0.05156	0.01247	0.09001	0.07072	0.05102	0.06090	0.01427	0.10902	0.01236	0.00756	0.00665	0.00196	0.05262	0.00658	0.00364	0.00700
15	0.04857	0.38329	0.09896	0.13543	0.02013	0.07405	0.03674	0.01695	0.01200	0.01546	0.00900	0.01107	0.00751	0.00509	0.00446	0.00141	0.00673	0.00372	0.00267	0.10676

[dist]
# distance from previous block
# <min> <max>
9	37

[block]
# block no. 4 follows, 41 sequences, length 221
# corresponding to MSA columns:
# 300,301,305-309,316-529
name=unknown_E
#
# <colnr> <probs for GDERKNQSTAVLIFYWHMCP>
#	G	D	E	R	K	N	Q	S	T	A	V	L	I	F	Y	W	H	M	C	P
0	0.01406	0.01379	0.02210	0.13134	0.63438	0.04939	0.01703	0.01742	0.01297	0.01794	0.01059	0.01412	0.00879	0.00521	0.00565	0.00172	0.00707	0.00503	0.00280	0.00860
1	0.04366	0.01099	0.01771	0.47440	0.22922	0.01265	0.01508	0.01606	0.05343	0.01665	0.01198	0.05181	0.00993	0.00623	0.00570	0.00187	0.00690	0.00561	0.00297	0.00714
2	0.00824	0.00601	0.00781	0.00725	0.00874	0.00548	0.00545	0.01093	0.01602	0.02277	0.73136	0.04154	0.05222	0.01141	0.00665	0.00176	0.00276	0.01008	0.00618	0.03734
3	0.24702	0.06452	0.04367	0.01164	0.03719	0.03458	0.00960	0.30058	0.07354	0.06398	0.01308	0.01427	0.00988	0.00644	0.00496	0.00173	0.00563	0.02038	0.02915	0.00816
4	0.01368	0.01352	0.03904	0.12765	0.65718	0.01347	0.01743	0.01720	0.01281	0.01817	0.01067	0.01425	0.00884	0.00518	0.00566	0.00173	0.00693	0.00508	0.00279	0.00871
5	0.01430	0.61604	0.19006	0.01114	0.01673	0.02020	0.01215	0.01719	0.01183	0.01469	0.02593	0.01058	0.00840	0.00517	0.00412	0.00136	0.00655	0.00348	0.00253	0.00754
6	0.00829	0.00576	0.00681	0.00689	0.00790	0.00532	0.00475	0.00951	0.01192	0.04203	0.17003	0.17155	0.22219	0.25972	0.01385	0.00312	0.00392	0.03680	0.00498	0.00467
7	0.03809	0.36780	0.02152	0.01150	0.01537	0.18407	0.00996	0.08887	0.08083	0.04613	0.01132	0.01305	0.00948	0.00719	0.02795	0.00174	0.03478	0.01942	0.00346	0.00748
8	0.14942	0.03517	0.03994	0.00983	0.01403	0.01037	0.00837	0.09019	0.03371	0.32973	0.07389	0.01862	0.01484	0.00684	0.00524	0.00165	0.00485	0.02314	0.00542	0.12476
9	0.03668	0.04104	0.48344	0.01337	0.01947	0.03855	0.01568	0.01673	0.03107	0.03548	0.07352	0.02129	0.07820	0.03585	0.00651	0.00196	0.00701	0.03332	0.00336	0.00749
10	0.04298	0.07554	0.57202	0.01452	0.02185	0.01302	0.01775	0.01923	0.01266	0.12377	0.02758	0.01348	0.00917	0.00576	0.00533	0.00177	0.00753	0.00446	0.00320	0.00842
11	0.01431	0.54608	0.25371	0.01190	0.01782	0.04125	0.01326	0.01759	0.01189	0.01488	0.00868	0.01009	0.00731	0.00509	0.00425	0.00141	0.00694	0.00343	0.00245	0.00766
12	0.02145	0.01574	0.01685	0.01295	0.01745	0.01741	0.01069	0.72500	0.02650	0.03566	0.01386	0.01393	0.00986	0.00686	0.00568	0.00171	0.00620	0.00515	0.02743	0.00961
13	0.01273	0.00773	0.00954	0.00844	0.01076	0.00747	0.00651	0.01740	0.13874	0.17907	0.40958	0.03505	0.09214	0.03055	0.00696	0.00192	0.00355	0.00881	0.00623	0.00683
14	0.00705	0.00547	0.00631	0.00677	0.00792	0.00485	0.00475	0.00835	0.01224	0.01554	0.10849	0.33312	0.37871	0.06331	0.00832	0.00229	0.00320	0.01327	0.00529	0.00473
15	0.00907	0.00710	0.00817	0.00808	0.00938	0.00733	0.00579	0.01331	0.16319	0.01706	0.13033	0.19291	0.16208	0.18787	0.01199	0.00283	0.02461	0.02834	0.00506	0.00548
16	0.01103	0.01044	0.01740	0.70862	0.06397	0.01305	0.01573	0.01467	0.01132	0.01471	0.01002	0.01503	0.00767	0.00597	0.00656	0.00194	0.05781	0.00508	0.00255	0.00645
17	0.01127	0.00809	0.01042	0.01079	0.01259	0.00840	0.00921	0.12803	0.03034	0.01993	0.02682	0.07468	0.02823	0.01443	0.00802	0.03247	0.00535	0.54976	0.00525	0.00593
18	0.00726	0.00518	0.00692	0.00814	0.00860	0.00488	0.00565	0.00847	0.01134	0.01513	0.06297	0.67709	0.03772	0.03353	0.00778	0.00240	0.00352	0.08340	0.00531	0.00471
19	0.01333	0.01509	0.03268	0.07305	0.03050	0.01435	0.69580	0.01808	0.01337	0.01808	0.01148	0.01542	0.00861	0.00488	0.00668	0.00193	0.00951	0.00664	0.00287	0.00763
20	0.02510	0.01022	0.01353	0.01042	0.01482	0.00919	0.00859	0.07612	0.03637	0.69861	0.02199	0.01913	0.01395	0.00708	0.00575	0.00177	0.00495	0.00573	0.00696	0.00972
21	0.00770	0.00556	0.00727	0.00742	0.00845	0.00514	0.00535	0.00980	0.01439	0.02002	0.50462	0.29215	0.06308	0.01381	0.00693	0.00198	0.00291	0.01234	0.00595	0.00514
22	0.02566	0.00973	0.01327	0.01018	0.01460	0.00841	0.00841	0.02788	0.01637	0.76726	0.02257	0.01947	0.01416	0.00708	0.00575	0.00177	0.00487	0.00575	0.00708	0.00973
23	0.00806	0.00585	0.00760	0.00716	0.00853	0.00538	0.00537	0.01073	0.01612	0.02276	0.74406	0.04301	0.07030	0.01176	0.00675	0.00180	0.00270	0.01038	0.00627	0.00538
24	0.01186	0.01017	0.01186	0.00847	0.01356	0.00762	0.00678	0.01440	0.01186	0.01864	0.01017	0.01186	0.00847	0.00424	0.00424	0.00085	0.00424	0.00339	0.00339	0.83395
25	0.00766	0.00554	0.00717	0.00735	0.00834	0.00512	0.00525	0.00964	0.01402	0.01938	0.45757	0.29351	0.08161	0.04179	0.00772	0.00211	0.00302	0.01232	0.00582	0.00505
26	0.00688	0.00548	0.00617	0.00666	0.00797	0.00477	0.00474	0.00818	0.01232	0.01532	0.06627	0.33854	0.46511	0.01573	0.00697	0.00208	0.00305	0.01363	0.00534	0.00477
27	0.83938	0.01106	0.00841	0.00752	0.01106	0.01283	0.00619	0.01681	0.00973	0.02566	0.00796	0.00929	0.00619	0.00531	0.00354	0.00177	0.00442	0.00310	0.00354	0.00619
28	0.02138	0.02686	0.01624	0.01468	0.01768	0.74864	0.01105	0.04889	0.01660	0.01480	0.00902	0.01044	0.00745	0.00593	0.00518	0.00148	0.01017	0.00374	0.00305	0.00674
29	0.01480	0.00738	0.00992	0.00866	0.01115	0.00665	0.00692	0.01731	0.01595	0.30147	0.40897	0.03623	0.03689	0.01038	0.00649	0.00187	0.00377	0.08169	0.00648	0.00701
30	0.01066	0.00533	0.00533	0.00533	0.00666	0.00533	0.00400	0.01333	0.01200	0.02132	0.01866	0.02132	0.01466	0.00666	0.00400	0.00133	0.00267	0.00533	0.83073	0.00533
31	0.01160	0.01118	0.01578	0.01380	0.01401	0.01535	0.01139	0.01302	0.00885	0.01366	0.00914	0.01460	0.00893	0.01690	0.17741	0.00390	0.62660	0.00524	0.00262	0.00602
32	0.00803	0.00584	0.00755	0.00713	0.00850	0.00537	0.00535	0.01067	0.01604	0.02257	0.72567	0.04333	0.08881	0.01183	0.00675	0.00181	0.00271	0.01043	0.00625	0.00537
33	0.00832	0.00555	0.00624	0.00624	0.00624	0.00555	0.00347	0.00832	0.00832	0.01109	0.01802	0.03743	0.02080	0.79898	0.02911	0.00555	0.00555	0.00832	0.00347	0.00347
34	0.00922	0.00658	0.00922	0.01053	0.01185	0.00658	0.00922	0.01185	0.01317	0.01712	0.03029	0.06452	0.03292	0.01580	0.00790	0.00263	0.00527	0.72480	0.00527	0.00527
35	0.01563	0.01771	0.01706	0.01492	0.01596	0.28468	0.01200	0.01696	0.01138	0.01385	0.00798	0.01174	0.00746	0.00856	0.01398	0.00214	0.51441	0.00454	0.00266	0.00639
36	0.83938	0.01106	0.00841	0.00752	0.01106	0.01283	0.00619	0.01681	0.00973	0.02566	0.00796	0.00929	0.00619	0.00531	0.00354	0.00177	0.00442	0.00310	0.00354	0.00619
37	0.00710	0.00503	0.00660	0.00780	0.00810	0.00473	0.00514	0.00800	0.01070	0.01427	0.03025	0.72366	0.03622	0.09170	0.00936	0.00263	0.00353	0.01551	0.00514	0.00453
38	0.02137	0.02726	0.01621	0.01474	0.01768	0.77602	0.01105	0.02284	0.01621	0.01400	0.00884	0.01031	0.00737	0.00589	0.00516	0.00147	0.01031	0.00368	0.00295	0.00663
39	0.01322	0.03941	0.01713	0.43998	0.04722	0.01422	0.01362	0.14931	0.01393	0.01874	0.01088	0.01480	0.00848	0.00756	0.02929	0.00211	0.11298	0.00505	0.03507	0.00699
40	0.00797	0.00584	0.00748	0.00707	0.00847	0.00534	0.00530	0.01056	0.01590	0.02225	0.69583	0.04386	0.11885	0.01195	0.00675	0.00181	0.00272	0.01050	0.00621	0.00534
41	0.01352	0.01536	0.03338	0.02450	0.05587	0.01443	0.71685	0.01829	0.01348	0.01834	0.01154	0.01538	0.00869	0.00483	0.00671	0.00192	0.00954	0.00669	0.00289	0.00776
42	0.00750	0.00582	0.00682	0.00657	0.00818	0.00514	0.00493	0.00963	0.01478	0.01958	0.44526	0.04825	0.37109	0.01295	0.00675	0.00186	0.00279	0.01112	0.00585	0.00514
43	0.00828	0.00628	0.00939	0.00933	0.01033	0.00740	0.00728	0.01030	0.00918	0.01329	0.01513	0.02223	0.01414	0.04211	0.75816	0.00903	0.03385	0.00610	0.00305	0.00513
44	0.83938	0.01106	0.00841	0.00752	0.01106	0.01283	0.00619	0.01681	0.00973	0.02566	0.00796	0.00929	0.00619	0.00531	0.00354	0.00177	0.00442	0.00310	0.00354	0.00619
45	0.01769	0.00775	0.01049	0.00916	0.01190	0.00684	0.00708	0.01951	0.01445	0.44335	0.08424	0.29431	0.02565	0.01126	0.00638	0.00197	0.00415	0.00981	0.00639	0.00760
46	0.01157	0.04931	0.75047	0.01614	0.02450	0.01352	0.02084	0.01809	0.01206	0.01800	0.01021	0.01200	0.00725	0.00542	0.00539	0.00180	0.00839	0.00420	0.00242	0.00842
47	0.01433	0.01392	0.02305	0.03462	0.74532	0.03198	0.01740	0.01768	0.01310	0.01857	0.01071	0.01406	0.00902	0.00512	0.00565	0.00169	0.00688	0.00506	0.00283	0.00900
48	0.00697	0.00498	0.00664	0.00796	0.00830	0.00465	0.00531	0.00796	0.01095	0.01460	0.03153	0.79525	0.03783	0.01792	0.00730	0.00232	0.00332	0.01626	0.00531	0.00465
49	0.01228	0.01319	0.05443	0.01539	0.01625	0.01649	0.06468	0.01405	0.00933	0.01431	0.00881	0.03607	0.00862	0.01036	0.03321	0.00257	0.65549	0.00545	0.00262	0.00639
50	0.01487	0.23974	0.04708	0.04118	0.11107	0.03930	0.30194	0.08696	0.01408	0.01833	0.01057	0.01324	0.00845	0.00593	0.02142	0.00181	0.00803	0.00513	0.00301	0.00785
51	0.02242	0.00910	0.01230	0.00964	0.01357	0.00789	0.00787	0.02472	0.01624	0.62615	0.14505	0.02316	0.02065	0.00778	0.00588	0.00175	0.00449	0.00646	0.00686	0.02800
52	0.00707	0.00505	0.00673	0.00790	0.00832	0.00471	0.00532	0.00821	0.01141	0.01533	0.09532	0.72938	0.03924	0.01737	0.00725	0.00228	0.00326	0.01574	0.00540	0.00471
53	0.00966	0.00938	0.05934	0.01281	0.04071	0.00815	0.14704	0.01252	0.04056	0.03463	0.06556	0.46305	0.02827	0.01304	0.00717	0.00214	0.02324	0.01211	0.00464	0.00599
54	0.05169	0.02068	0.17021	0.05873	0.02128	0.24579	0.12795	0.01829	0.01262	0.01600	0.00927	0.01222	0.00754	0.00659	0.00869	0.00190	0.19615	0.00464	0.00273	0.00704
55	0.01090	0.01027	0.01734	0.76304	0.06081	0.01273	0.01593	0.01470	0.01148	0.01473	0.01018	0.01522	0.00767	0.00570	0.00572	0.00190	0.00760	0.00508	0.00255	0.00643
56	0.01319	0.03286	0.01258	0.00895	0.01374	0.00868	0.00728	0.06473	0.01321	0.06161	0.01286	0.01533	0.02597	0.00527	0.00460	0.00106	0.00448	0.03207	0.00384	0.65768
57	0.01314	0.01779	0.23234	0.05876	0.44344	0.01327	0.05189	0.03542	0.01306	0.01865	0.01253	0.01524	0.03748	0.00561	0.00570	0.00176	0.00727	0.00520	0.00287	0.00857
58	0.35436	0.13447	0.01513	0.01143	0.03044	0.32029	0.00898	0.01958	0.02865	0.01900	0.00870	0.01005	0.00714	0.00553	0.00430	0.00157	0.00709	0.00344	0.00317	0.00666
59	0.01409	0.01377	0.02423	0.03405	0.69253	0.01367	0.08752	0.01763	0.01307	0.01865	0.01084	0.01428	0.00902	0.00507	0.00577	0.00172	0.00707	0.00526	0.00284	0.00893
60	0.01397	0.01124	0.01287	0.00937	0.01435	0.00950	0.00757	0.14907	0.01472	0.03763	0.01108	0.01237	0.00882	0.00478	0.00454	0.00103	0.00463	0.00376	0.00390	0.66481
61	0.00697	0.00498	0.00664	0.00796	0.00830	0.00465	0.00531	0.00796	0.01095	0.01460	0.03153	0.79525	0.03783	0.01792	0.00730	0.00232	0.00332	0.01626	0.00531	0.00465
62	0.00710	0.00552	0.00647	0.00684	0.00809	0.00488	0.00490	0.00865	0.01294	0.01667	0.19075	0.31381	0.36267	0.01513	0.00695	0.00204	0.00301	0.01320	0.00551	0.00488
63	0.01423	0.01229	0.01293	0.01164	0.01487	0.01423	0.00905	0.03039	0.75297	0.02393	0.02328	0.02134	0.01746	0.00776	0.00582	0.00194	0.00453	0.00647	0.00582	0.00905
64	0.00810	0.00585	0.00765	0.00720	0.00855	0.00540	0.00540	0.01079	0.01619	0.02294	0.76028	0.04273	0.05397	0.01169	0.00675	0.00180	0.00270	0.01034	0.00630	0.00540
65	0.02174	0.01602	0.01717	0.01316	0.01774	0.01774	0.01087	0.74423	0.02689	0.03605	0.01373	0.01373	0.00973	0.00687	0.00572	0.00172	0.00629	0.00515	0.00572	0.00973
66	0.02137	0.02726	0.01621	0.01474	0.01768	0.77602	0.01105	0.02284	0.01621	0.01400	0.00884	0.01031	0.00737	0.00589	0.00516	0.00147	0.01031	0.00368	0.00295	0.00663
67	0.01251	0.01251	0.01752	0.01502	0.01502	0.01752	0.01251	0.01377	0.00876	0.01377	0.00751	0.01251	0.00751	0.01001	0.01877	0.00250	0.78851	0.00501	0.00250	0.00626
68	0.00810	0.00585	0.00765	0.00720	0.00855	0.00540	0.00540	0.01079	0.01619	0.02294	0.76028	0.04273	0.05397	0.01169	0.00675	0.00180	0.00270	0.01034	0.00630	0.00540
69	0.02566	0.00973	0.01327	0.01018	0.01460	0.00841	0.00841	0.02788	0.01637	0.76726	0.02257	0.01947	0.01416	0.00708	0.00575	0.00177	0.00487	0.00575	0.00708	0.00973
70	0.02344	0.01331	0.01549	0.01187	0.01638	0.01371	0.00981	0.43507	0.02235	0.35162	0.01754	0.01621	0.01164	0.00696	0.00573	0.00174	0.00568	0.00541	0.00631	0.00973
71	0.00864	0.00620	0.00844	0.00904	0.01031	0.00600	0.00745	0.01121	0.01428	0.01935	0.32705	0.09559	0.04174	0.01425	0.00740	0.00228	0.00412	0.39570	0.00569	0.00529
72	0.01529	0.80242	0.02997	0.00979	0.01468	0.02263	0.00979	0.01713	0.01162	0.01346	0.00795	0.00918	0.00734	0.00489	0.00367	0.00122	0.00612	0.00306	0.00245	0.00734
73	0.01529	0.80242	0.02997	0.00979	0.01468	0.02263	0.00979	0.01713	0.01162	0.01346	0.00795	0.00918	0.00734	0.00489	0.00367	0.00122	0.00612	0.00306	0.00245	0.00734
74	0.01186	0.01017	0.01186	0.00847	0.01356	0.00762	0.00678	0.01440	0.01186	0.01864	0.01017	0.01186	0.00847	0.00424	0.00424	0.00085	0.00424	0.00339	0.00339	0.83395
75	0.00769	0.00528	0.00642	0.00704	0.00719	0.00513	0.00432	0.00815	0.00954	0.01272	0.02427	0.38821	0.02868	0.43744	0.01902	0.00405	0.00451	0.01199	0.00432	0.00401
76	0.00810	0.00585	0.00765	0.00720	0.00855	0.00540	0.00540	0.01079	0.01619	0.02294	0.76028	0.04273	0.05397	0.01169	0.00675	0.00180	0.00270	0.01034	0.00630	0.00540
77	0.00677	0.00575	0.00584	0.00590	0.00775	0.00482	0.00439	0.00820	0.01293	0.01541	0.05661	0.09248	0.72441	0.01466	0.00679	0.00195	0.00292	0.01228	0.00531	0.00482
78	0.02555	0.00992	0.01339	0.01027	0.01469	0.00868	0.00848	0.04912	0.01668	0.74558	0.02230	0.01930	0.01403	0.00707	0.00575	0.00177	0.00491	0.00573	0.00704	0.00973
79	0.02272	0.01445	0.01620	0.01242	0.01696	0.01541	0.01026	0.56556	0.02427	0.21842	0.01594	0.01516	0.01083	0.00692	0.00573	0.00173	0.00594	0.00530	0.00606	0.00973
80	0.00696	0.00502	0.00660	0.00786	0.00827	0.00465	0.00526	0.00798	0.01105	0.01464	0.03279	0.75983	0.07243	0.01776	0.00727	0.00230	0.00330	0.01606	0.00531	0.00465
81	0.00697	0.00498	0.00664	0.00796	0.00830	0.00465	0.00531	0.00796	0.01095	0.01460	0.03153	0.79525	0.03783	0.01792	0.00730	0.00232	0.00332	0.01626	0.00531	0.00465
82	0.01186	0.01017	0.01186	0.00847	0.01356	0.00762	0.00678	0.01440	0.01186	0.01864	0.01017	0.01186	0.00847	0.00424	0.00424	0.00085	0.00424	0.00339	0.00339	0.83395
83	0.01168	0.01004	0.01183	0.02973	0.01409	0.00768	0.00696	0.01422	0.01188	0.01843	0.01158	0.01323	0.03077	0.00458	0.00435	0.00091	0.00429	0.00369	0.00342	0.78663
84	0.03608	0.01507	0.01798	0.08646	0.08747	0.03621	0.03125	0.48169	0.02133	0.02892	0.01218	0.01365	0.00908	0.00682	0.00705	0.00182	0.08846	0.00508	0.00464	0.00879
85	0.00800	0.00578	0.00750	0.00719	0.00845	0.00534	0.00532	0.01049	0.01558	0.02192	0.67798	0.09164	0.06778	0.03278	0.00737	0.00193	0.00282	0.01071	0.00614	0.00529
86	0.00777	0.00559	0.00753	0.00881	0.00955	0.00535	0.00668	0.00937	0.01183	0.01554	0.03211	0.50301	0.06438	0.01702	0.00750	0.00242	0.00400	0.27136	0.00529	0.00488
87	0.00723	0.00515	0.00688	0.00816	0.00858	0.00486	0.00563	0.00835	0.01109	0.01474	0.03099	0.70100	0.03683	0.04152	0.00802	0.00245	0.00358	0.08500	0.00525	0.00467
88	0.01512	0.62450	0.14616	0.01117	0.01649	0.07504	0.01168	0.01769	0.01202	0.01423	0.00838	0.00972	0.00733	0.00505	0.00406	0.00133	0.00679	0.00329	0.00248	0.00747
89	0.02552	0.00996	0.01341	0.01028	0.01471	0.00874	0.00850	0.05374	0.01675	0.74086	0.02225	0.01926	0.01400	0.00707	0.00575	0.00177	0.00492	0.00573	0.00703	0.00973
90	0.01258	0.01341	0.02635	0.25456	0.05266	0.01429	0.40818	0.01660	0.01226	0.01663	0.01061	0.01497	0.00822	0.00576	0.00792	0.00199	0.10717	0.00597	0.00274	0.00716
91	0.01981	0.05159	0.03559	0.01770	0.13637	0.54204	0.01226	0.08645	0.01640	0.01680	0.00959	0.01123	0.00785	0.00581	0.00524	0.00153	0.00920	0.00403	0.00315	0.00736
92	0.00696	0.00501	0.00661	0.00789	0.00828	0.00465	0.00527	0.00797	0.01103	0.01463	0.03248	0.76852	0.06394	0.01780	0.00728	0.00231	0.00330	0.01611	0.00531	0.00465
93	0.01080	0.01017	0.01716	0.78523	0.03940	0.01271	0.01589	0.01461	0.01144	0.01461	0.01017	0.01525	0.00762	0.00572	0.00572	0.00191	0.00762	0.00508	0.00254	0.00635
94	0.00994	0.00497	0.00745	0.00745	0.00745	0.00497	0.00497	0.00745	0.00745	0.00994	0.00994	0.01739	0.00994	0.01987	0.02235	0.83358	0.00497	0.00497	0.00248	0.00248
95	0.01423	0.01229	0.01293	0.01164	0.01487	0.01423	0.00905	0.03039	0.75297	0.02393	0.02328	0.02134	0.01746	0.00776	0.00582	0.00194	0.00453	0.00647	0.00582	0.00905
96	0.00703	0.00502	0.00670	0.00803	0.00839	0.00470	0.00541	0.00806	0.01101	0.01467	0.03149	0.77664	0.03771	0.01787	0.00732	0.00233	0.00337	0.03431	0.00531	0.00466
97	0.01066	0.00533	0.00533	0.00533	0.00666	0.00533	0.00400	0.01333	0.01200	0.02132	0.01866	0.02132	0.01466	0.00666	0.00400	0.00133	0.00267	0.00533	0.83073	0.00533
98	0.02566	0.00973	0.01327	0.01018	0.01460	0.00841	0.00841	0.02788	0.01637	0.76726	0.02257	0.01947	0.01416	0.00708	0.00575	0.00177	0.00487	0.00575	0.00708	0.00973
99	0.01512	0.01273	0.01344	0.01182	0.01522	0.01465	0.00927	0.11558	0.66632	0.02537	0.02214	0.02043	0.01654	0.00765	0.00581	0.00191	0.00474	0.00631	0.00581	0.00913
100	0.01529	0.80242	0.02997	0.00979	0.01468	0.02263	0.00979	0.01713	0.01162	0.01346	0.00795	0.00918	0.00734	0.00489	0.00367	0.00122	0.00612	0.00306	0.00245	0.00734
101	0.01080	0.01017	0.01716	0.78523	0.03940	0.01271	0.01589	0.01461	0.01144	0.01461	0.01017	0.01525	0.00762	0.00572	0.00572	0.00191	0.00762	0.00508	0.00254	0.00635
102	0.01066	0.00533	0.00533	0.00533	0.00666	0.00533	0.00400	0.01333	0.01200	0.02132	0.01866	0.02132	0.01466	0.00666	0.00400	0.00133	0.00267	0.00533	0.83073	0.00533
103	0.00832	0.00555	0.00624	0.00624	0.00624	0.00555	0.00347	0.00832	0.00832	0.01109	0.01802	0.03743	0.02080	0.79898	0.02911	0.00555	0.00555	0.00832	0.00347	0.00347
104	0.01462	0.01286	0.01790	0.25940	0.24202	0.03707	0.01394	0.11105	0.17184	0.04113	0.01388	0.01600	0.01057	0.00616	0.00571	0.00181	0.00656	0.00537	0.00386	0.00825
105	0.02138	0.02699	0.01623	0.01470	0.01768	0.75773	0.01105	0.04024	0.01647	0.01453	0.00896	0.01040	0.00742	0.00592	0.00517	0.00148	0.01022	0.00372	0.00301	0.00671
106	0.01222	0.01040	0.01205	0.00869	0.01372	0.00810	0.00696	0.03705	0.03085	0.01930	0.01060	0.01215	0.00874	0.00440	0.00432	0.00090	0.00431	0.00352	0.00352	0.78820
107	0.00999	0.00635	0.00821	0.00772	0.00948	0.00579	0.00602	0.01247	0.01549	0.10323	0.51330	0.04407	0.13335	0.01198	0.00677	0.00190	0.00324	0.08870	0.00615	0.00579
108	0.01241	0.01008	0.01106	0.01044	0.01282	0.01129	0.00787	0.02364	0.51159	0.03744	0.02491	0.19521	0.02242	0.05892	0.00762	0.00226	0.00434	0.02246	0.00558	0.00767
109	0.02155	0.01592	0.01705	0.01312	0.01766	0.01765	0.01082	0.72545	0.04600	0.03573	0.01398	0.01393	0.00993	0.00689	0.00572	0.00172	0.00625	0.00518	0.00572	0.00971
110	0.02356	0.01020	0.01321	0.01045	0.01465	0.00948	0.00853	0.02834	0.15207	0.63032	0.02270	0.01981	0.01477	0.00720	0.00576	0.00180	0.00480	0.00588	0.00685	0.00961
111	0.00832	0.00555	0.00624	0.00624	0.00624	0.00555	0.00347	0.00832	0.00832	0.01109	0.01802	0.03743	0.02080	0.79898	0.02911	0.00555	0.00555	0.00832	0.00347	0.00347
112	0.00867	0.00582	0.00652	0.00642	0.00654	0.00586	0.00366	0.02759	0.00880	0.01174	0.01791	0.03681	0.02051	0.77823	0.02850	0.00545	0.00556	0.00824	0.00352	0.00363
113	0.01192	0.01123	0.01878	0.56831	0.17922	0.01325	0.03445	0.03750	0.01218	0.01613	0.01033	0.01490	0.00799	0.00576	0.00620	0.00188	0.03513	0.00513	0.00270	0.00702
114	0.01846	0.01347	0.01516	0.01212	0.01540	0.01536	0.00995	0.46311	0.04336	0.05794	0.01408	0.01513	0.01051	0.00739	0.00763	0.00180	0.13543	0.00522	0.13000	0.00847
115	0.00802	0.00579	0.00758	0.00725	0.00853	0.00535	0.00539	0.01061	0.01585	0.02240	0.71291	0.09165	0.05292	0.01210	0.00678	0.00183	0.00274	0.01073	0.00623	0.00535
116	0.01406	0.01350	0.02305	0.05571	0.74342	0.01357	0.01751	0.01747	0.01298	0.01857	0.01074	0.01419	0.00902	0.00511	0.00566	0.00170	0.00682	0.00510	0.00282	0.00899
117	0.00810	0.00585	0.00765	0.00720	0.00855	0.00540	0.00540	0.01079	0.01619	0.02294	0.76028	0.04273	0.05397	0.01169	0.00675	0.00180	0.00270	0.01034	0.00630	0.00540
118	0.00697	0.00498	0.00664	0.00796	0.00830	0.00465	0.00531	0.00796	0.01095	0.01460	0.03153	0.79525	0.03783	0.01792	0.00730	0.00232	0.00332	0.01626	0.00531	0.00465
119	0.01186	0.01017	0.01186	0.00847	0.01356	0.00762	0.00678	0.01440	0.01186	0.01864	0.01017	0.01186	0.00847	0.00424	0.00424	0.00085	0.00424	0.00339	0.00339	0.83395
120	0.00799	0.00579	0.00753	0.00721	0.00851	0.00533	0.00536	0.01055	0.01578	0.02221	0.69558	0.09087	0.07146	0.01216	0.00678	0.00184	0.00274	0.01077	0.00621	0.00533
121	0.02159	0.01551	0.01654	0.01285	0.01729	0.03453	0.01055	0.62056	0.07188	0.09740	0.01498	0.01463	0.01054	0.00692	0.00572	0.00173	0.00615	0.00525	0.00578	0.00961
122	0.01080	0.01017	0.01716	0.78523	0.03940	0.01271	0.01589	0.01461	0.01144	0.01461	0.01017	0.01525	0.00762	0.00572	0.00572	0.00191	0.00762	0.00508	0.00254	0.00635
123	0.83938	0.01106	0.00841	0.00752	0.01106	0.01283	0.00619	0.01681	0.00973	0.02566	0.00796	0.00929	0.00619	0.00531	0.00354	0.00177	0.00442	0.00310	0.00354	0.00619
124	0.01424	0.58959	0.23359	0.01158	0.01746	0.02006	0.01291	0.01740	0.01175	0.01474	0.00859	0.00997	0.00731	0.00504	0.00416	0.00139	0.00676	0.00338	0.00244	0.00765
125	0.83938	0.01106	0.00841	0.00752	0.01106	0.01283	0.00619	0.01681	0.00973	0.02566	0.00796	0.00929	0.00619	0.00531	0.00354	0.00177	0.00442	0.00310	0.00354	0.00619
126	0.00682	0.00577	0.00589	0.00591	0.00777	0.00485	0.00441	0.00830	0.01310	0.01572	0.08424	0.07652	0.71228	0.01448	0.00678	0.00194	0.00290	0.01213	0.00535	0.00485
127	0.00817	0.00613	0.00919	0.00919	0.01021	0.00715	0.00715	0.01021	0.00919	0.01328	0.01532	0.02247	0.01430	0.04290	0.77631	0.00919	0.01532	0.00613	0.00306	0.00511
128	0.01350	0.01543	0.03375	0.02411	0.02989	0.01446	0.74253	0.01832	0.01350	0.01832	0.01157	0.01543	0.00868	0.00482	0.00675	0.00193	0.00964	0.00675	0.00289	0.00771
129	0.01356	0.01482	0.09424	0.03110	0.59827	0.01320	0.06663	0.01732	0.01297	0.01851	0.01193	0.01705	0.01028	0.00575	0.00585	0.00178	0.00706	0.04804	0.00294	0.00868
130	0.83938	0.01106	0.00841	0.00752	0.01106	0.01283	0.00619	0.01681	0.00973	0.02566	0.00796	0.00929	0.00619	0.00531	0.00354	0.00177	0.00442	0.00310	0.00354	0.00619
131	0.00909	0.00649	0.00907	0.01039	0.01165	0.00648	0.00900	0.01164	0.01304	0.01698	0.03035	0.10496	0.03319	0.01592	0.00787	0.00262	0.00516	0.68559	0.00527	0.00523
132	0.01529	0.80242	0.02997	0.00979	0.01468	0.02263	0.00979	0.01713	0.01162	0.01346	0.00795	0.00918	0.00734	0.00489	0.00367	0.00122	0.00612	0.00306	0.00245	0.00734
133	0.00907	0.00673	0.00884	0.00978	0.01124	0.00670	0.00828	0.01232	0.05964	0.01738	0.05548	0.10323	0.11994	0.01514	0.00756	0.00246	0.00474	0.53071	0.00534	0.00542
134	0.02566	0.00973	0.01327	0.01018	0.01460	0.00841	0.00841	0.02788	0.01637	0.76726	0.02257	0.01947	0.01416	0.00708	0.00575	0.00177	0.00487	0.00575	0.00708	0.00973
135	0.00693	0.00544	0.00627	0.00683	0.00802	0.00478	0.00483	0.00824	0.01229	0.01549	0.08495	0.38237	0.40156	0.01585	0.00700	0.00210	0.00307	0.01383	0.00537	0.00478
136	0.02231	0.01512	0.01661	0.01273	0.01729	0.01639	0.01052	0.64102	0.02538	0.14140	0.01501	0.01456	0.01037	0.00690	0.00573	0.00172	0.00609	0.00524	0.00592	0.00973
137	0.01416	0.01359	0.02322	0.03511	0.76330	0.01359	0.01755	0.01755	0.01302	0.01869	0.01076	0.01416	0.00906	0.00510	0.00566	0.00170	0.00680	0.00510	0.00283	0.00906
138	0.00703	0.00502	0.00670	0.00803	0.00839	0.00470	0.00541	0.00807	0.01101	0.01467	0.03149	0.77604	0.03770	0.01786	0.00732	0.00233	0.00337	0.03488	0.00531	0.00466
139	0.02137	0.02726	0.01621	0.01474	0.01768	0.77602	0.01105	0.02284	0.01621	0.01400	0.00884	0.01031	0.00737	0.00589	0.00516	0.00147	0.01031	0.00368	0.00295	0.00663
140	0.01802	0.01811	0.01738	0.19221	0.04202	0.27179	0.03240	0.23988	0.03333	0.02129	0.01099	0.01308	0.00844	0.00636	0.00627	0.00173	0.05062	0.00470	0.00373	0.00763
141	0.83938	0.01106	0.00841	0.00752	0.01106	0.01283	0.00619	0.01681	0.00973	0.02566	0.00796	0.00929	0.00619	0.00531	0.00354	0.00177	0.00442	0.00310	0.00354	0.00619
142	0.74546	0.01254	0.05982	0.00838	0.01229	0.01309	0.00742	0.05109	0.01070	0.02565	0.00839	0.00969	0.00643	0.00539	0.00377	0.00177	0.00478	0.00327	0.00357	0.00651
143	0.00994	0.00497	0.00745	0.00745	0.00745	0.00497	0.00497	0.00745	0.00745	0.00994	0.00994	0.01739	0.00994	0.01987	0.02235	0.83358	0.00497	0.00497	0.00248	0.00248
144	0.00810	0.00585	0.00765	0.00720	0.00855	0.00540	0.00540	0.01079	0.01619	0.02294	0.76028	0.04273	0.05397	0.01169	0.00675	0.00180	0.00270	0.01034	0.00630	0.00540
145	0.01251	0.01251	0.01752	0.01502	0.01502	0.01752	0.01251	0.01377	0.00876	0.01377	0.00751	0.01251	0.00751	0.01001	0.01877	0.00250	0.78851	0.00501	0.00250	0.00626
146	0.00676	0.00579	0.00579	0.00579	0.00773	0.00483	0.00435	0.00821	0.01304	0.01545	0.05794	0.05505	0.76098	0.01449	0.00676	0.00193	0.00290	0.01207	0.00531	0.00483
147	0.00832	0.00555	0.00624	0.00624	0.00624	0.00555	0.00347	0.00832	0.00832	0.01109	0.01802	0.03743	0.02080	0.79898	0.02911	0.00555	0.00555	0.00832	0.00347	0.00347
148	0.01186	0.01017	0.01186	0.00847	0.01356	0.00762	0.00678	0.01440	0.01186	0.01864	0.01017	0.01186	0.00847	0.00424	0.00424	0.00085	0.00424	0.00339	0.00339	0.83395
149	0.01147	0.02959	0.76934	0.01630	0.02476	0.01328	0.02113	0.01811	0.01208	0.01811	0.01026	0.01208	0.00725	0.00543	0.00543	0.00181	0.00845	0.00423	0.00242	0.00845
150	0.83938	0.01106	0.00841	0.00752	0.01106	0.01283	0.00619	0.01681	0.00973	0.02566	0.00796	0.00929	0.00619	0.00531	0.00354	0.00177	0.00442	0.00310	0.00354	0.00619
151	0.04599	0.01587	0.01691	0.01299	0.01754	0.01759	0.01073	0.72265	0.02638	0.03574	0.01356	0.01360	0.00962	0.00682	0.00566	0.00172	0.00624	0.00509	0.00566	0.00962
152	0.01080	0.01017	0.01716	0.78523	0.03940	0.01271	0.01589	0.01461	0.01144	0.01461	0.01017	0.01525	0.00762	0.00572	0.00572	0.00191	0.00762	0.00508	0.00254	0.00635
153	0.02174	0.01602	0.01717	0.01316	0.01774	0.01774	0.01087	0.74423	0.02689	0.03605	0.01373	0.01373	0.00973	0.00687	0.00572	0.00172	0.00629	0.00515	0.00572	0.00973
154	0.01095	0.01028	0.01733	0.71230	0.09026	0.01257	0.01574	0.01466	0.01154	0.01490	0.01074	0.03466	0.00848	0.00598	0.00575	0.00190	0.00746	0.00536	0.00263	0.00650
155	0.01569	0.75150	0.02907	0.01011	0.01488	0.07213	0.00987	0.01750	0.01192	0.01349	0.00801	0.00925	0.00734	0.00496	0.00377	0.00124	0.00639	0.00310	0.00248	0.00729
156	0.83938	0.01106	0.00841	0.00752	0.01106	0.01283	0.00619	0.01681	0.00973	0.02566	0.00796	0.00929	0.00619	0.00531	0.00354	0.00177	0.00442	0.00310	0.00354	0.00619
157	0.83938	0.01106	0.00841	0.00752	0.01106	0.01283	0.00619	0.01681	0.00973	0.02566	0.00796	0.00929	0.00619	0.00531	0.00354	0.00177	0.00442	0.00310	0.00354	0.00619
158	0.01341	0.01283	0.02187	0.20238	0.60187	0.01339	0.01718	0.01690	0.01267	0.01778	0.01063	0.01440	0.00874	0.00524	0.00568	0.00175	0.00698	0.00509	0.00277	0.00846
159	0.01423	0.01229	0.01293	0.01164	0.01487	0.01423	0.00905	0.03039	0.75297	0.02393	0.02328	0.02134	0.01746	0.00776	0.00582	0.00194	0.00453	0.00647	0.00582	0.00905
160	0.00850	0.00629	0.00821	0.00895	0.01040	0.00600	0.00752	0.01089	0.01365	0.01774	0.15906	0.05881	0.19374	0.01483	0.00746	0.00234	0.00432	0.45064	0.00545	0.00519
161	0.63512	0.01091	0.00998	0.06037	0.01369	0.01224	0.00731	0.03585	0.01131	0.14269	0.01056	0.01141	0.00764	0.00565	0.00409	0.00178	0.00475	0.00370	0.00409	0.00685
162	0.01944	0.04261	0.01642	0.01210	0.01664	0.01594	0.00997	0.56588	0.04505	0.03159	0.01334	0.01401	0.00991	0.02343	0.00592	0.00165	0.00589	0.00490	0.00519	0.14011
163	0.01989	0.01070	0.01271	0.01004	0.01388	0.01041	0.00818	0.23993	0.01874	0.34920	0.05857	0.02375	0.12046	0.00818	0.00581	0.00173	0.00480	0.00660	0.04610	0.03031
164	0.01416	0.01359	0.02322	0.03511	0.76330	0.01359	0.01755	0.01755	0.01302	0.01869	0.01076	0.01416	0.00906	0.00510	0.00566	0.00170	0.00680	0.00510	0.00283	0.00906
165	0.01080	0.01017	0.01716	0.78523	0.03940	0.01271	0.01589	0.01461	0.01144	0.01461	0.01017	0.01525	0.00762	0.00572	0.00572	0.00191	0.00762	0.00508	0.00254	0.00635
166	0.83938	0.01106	0.00841	0.00752	0.01106	0.01283	0.00619	0.01681	0.00973	0.02566	0.00796	0.00929	0.00619	0.00531	0.00354	0.00177	0.00442	0.00310	0.00354	0.00619
167	0.00766	0.00583	0.00704	0.00674	0.00828	0.00521	0.00505	0.00995	0.01516	0.02050	0.53133	0.04674	0.28444	0.01260	0.00675	0.00184	0.00276	0.01091	0.00598	0.00521
168	0.78042	0.01097	0.00876	0.00771	0.01132	0.01251	0.00635	0.01762	0.01022	0.07940	0.00902	0.01003	0.00677	0.00544	0.00370	0.00177	0.00446	0.00329	0.00380	0.00645
169	0.01080	0.01017	0.01716	0.78523	0.03940	0.01271	0.01589	0.01461	0.01144	0.01461	0.01017	0.01525	0.00762	0.00572	0.00572	0.00191	0.00762	0.00508	0.00254	0.00635
170	0.00703	0.00501	0.00662	0.00788	0.00820	0.00469	0.00522	0.00798	0.01082	0.01443	0.03087	0.75861	0.03701	0.05568	0.00836	0.00248	0.00343	0.01588	0.00522	0.00459
171	0.00782	0.00584	0.00726	0.00690	0.00837	0.00528	0.00518	0.01026	0.01554	0.02138	0.61418	0.04529	0.20105	0.01227	0.00675	0.00183	0.00274	0.01070	0.00609	0.00528
172	0.00766	0.00551	0.00741	0.00869	0.00939	0.00526	0.00650	0.00919	0.01172	0.01542	0.03207	0.54078	0.06191	0.01714	0.00747	0.00241	0.00391	0.23743	0.00530	0.00485
173	0.01529	0.80242	0.02997	0.00979	0.01468	0.02263	0.00979	0.01713	0.01162	0.01346	0.00795	0.00918	0.00734	0.00489	0.00367	0.00122	0.00612	0.00306	0.00245	0.00734
174	0.10275	0.00997	0.01280	0.00999	0.01428	0.00908	0.00822	0.02693	0.04790	0.66410	0.02120	0.01858	0.01354	0.00694	0.00554	0.00178	0.00481	0.00553	0.00669	0.00937
175	0.01553	0.77254	0.02944	0.00998	0.01480	0.05168	0.00984	0.01735	0.01180	0.01348	0.00799	0.00922	0.00734	0.00493	0.00373	0.00123	0.00628	0.00308	0.00247	0.00731
176	0.01871	0.01877	0.01640	0.05506	0.08278	0.29263	0.01137	0.22136	0.18323	0.02270	0.01364	0.01430	0.01043	0.00650	0.00553	0.00169	0.00748	0.00490	0.00432	0.00822
177	0.00843	0.00656	0.00781	0.00797	0.00942	0.00640	0.00592	0.01230	0.11973	0.01867	0.24406	0.26095	0.19629	0.01380	0.00685	0.00205	0.00335	0.05819	0.00566	0.00557
178	0.01186	0.01017	0.01186	0.00847	0.01356	0.00762	0.00678	0.01440	0.01186	0.01864	0.01017	0.01186	0.00847	0.00424	0.00424	0.00085	0.00424	0.00339	0.00339	0.83395
179	0.00825	0.00637	0.00772	0.00808	0.00962	0.00605	0.00639	0.01121	0.06222	0.01786	0.18131	0.13599	0.28130	0.01427	0.00709	0.00215	0.00370	0.21958	0.00552	0.00533
180	0.00810	0.00585	0.00765	0.00720	0.00855	0.00540	0.00540	0.01079	0.01619	0.02294	0.76028	0.04273	0.05397	0.01169	0.00675	0.00180	0.00270	0.01034	0.00630	0.00540
181	0.00747	0.00577	0.00681	0.00667	0.00819	0.00511	0.00496	0.00954	0.01454	0.01929	0.42120	0.09803	0.34528	0.01326	0.00679	0.00189	0.00282	0.01145	0.00582	0.00511
182	0.01186	0.01017	0.01186	0.00847	0.01356	0.00762	0.00678	0.01440	0.01186	0.01864	0.01017	0.01186	0.00847	0.00424	0.00424	0.00085	0.00424	0.00339	0.00339	0.83395
183	0.00832	0.00555	0.00624	0.00624	0.00624	0.00555	0.00347	0.00832	0.00832	0.01109	0.01802	0.03743	0.02080	0.79898	0.02911	0.00555	0.00555	0.00832	0.00347	0.00347
184	0.00806	0.00585	0.00760	0.00716	0.00852	0.00538	0.00537	0.01073	0.01611	0.02275	0.74282	0.04303	0.07155	0.01176	0.00675	0.00180	0.00270	0.01039	0.00627	0.00538
185	0.01251	0.01251	0.01752	0.01502	0.01502	0.01752	0.01251	0.01377	0.00876	0.01377	0.00751	0.01251	0.00751	0.01001	0.01877	0.00250	0.78851	0.00501	0.00250	0.00626
186	0.01508	0.01271	0.01341	0.01181	0.01520	0.01463	0.00926	0.11151	0.67046	0.02530	0.02220	0.02048	0.01658	0.00766	0.00581	0.00191	0.00473	0.00632	0.00581	0.00913
187	0.83938	0.01106	0.00841	0.00752	0.01106	0.01283	0.00619	0.01681	0.00973	0.02566	0.00796	0.00929	0.00619	0.00531	0.00354	0.00177	0.00442	0.00310	0.00354	0.00619
188	0.00922	0.00658	0.00922	0.01053	0.01185	0.00658	0.00922	0.01185	0.01317	0.01712	0.03029	0.06452	0.03292	0.01580	0.00790	0.00263	0.00527	0.72480	0.00527	0.00527
189	0.01348	0.01535	0.03334	0.02388	0.02951	0.01454	0.72389	0.01821	0.01338	0.01821	0.01147	0.01535	0.00865	0.00495	0.00706	0.00194	0.02952	0.00671	0.00288	0.00768
190	0.01327	0.40675	0.39258	0.01297	0.01954	0.01773	0.01530	0.01747	0.01180	0.01574	0.00924	0.01087	0.00744	0.00593	0.02026	0.00167	0.00745	0.00369	0.00244	0.00784
191	0.00692	0.00580	0.00602	0.00597	0.00783	0.00490	0.00447	0.00852	0.01342	0.01636	0.14361	0.05354	0.67475	0.01415	0.00676	0.00192	0.00287	0.01186	0.00543	0.00490
192	0.00922	0.00658	0.00922	0.01053	0.01185	0.00658	0.00922	0.01185	0.01317	0.01712	0.03029	0.06452	0.03292	0.01580	0.00790	0.00263	0.00527	0.72480	0.00527	0.00527
193	0.01186	0.01017	0.01186	0.00847	0.01356	0.00762	0.00678	0.01440	0.01186	0.01864	0.01017	0.01186	0.00847	0.00424	0.00424	0.00085	0.00424	0.00339	0.00339	0.83395
