[name]
unknown

[dist]
# distance from previous block
# <min> <max>
5	74

[block]
# block no. 0 follows, 40 sequences, length 16
# corresponding to MSA columns:
# 92-107
name=unknown_A
#
# <colnr> <probs for GDERKNQSTAVLIFYWHMCP>
#	G	D	E	R	K	N	Q	S	T	A	V	L	I	F	Y	W	H	M	C	P
0	0.05947	0.01164	0.04054	0.01575	0.18216	0.01116	0.01031	0.12138	0.10208	0.04913	0.05009	0.13386	0.07958	0.00876	0.00588	0.00179	0.00510	0.00753	0.00464	0.09917
1	0.01424	0.01141	0.01410	0.03080	0.05862	0.01139	0.00928	0.15837	0.04104	0.04867	0.01371	0.07549	0.01197	0.00897	0.04693	0.00194	0.09262	0.00550	0.00412	0.34082
2	0.01285	0.00990	0.01203	0.00999	0.01297	0.00998	0.00785	0.12117	0.05645	0.04669	0.01466	0.04562	0.01306	0.08503	0.19317	0.00373	0.06203	0.00567	0.00401	0.27314
3	0.01207	0.00782	0.00910	0.00848	0.01087	0.00744	0.00663	0.06064	0.08599	0.14186	0.06536	0.14071	0.32640	0.01281	0.00673	0.00204	0.00394	0.07879	0.00581	0.00651
4	0.00872	0.00588	0.00767	0.00800	0.00915	0.00531	0.00566	0.01035	0.01290	0.05899	0.21471	0.49454	0.05774	0.01509	0.00700	0.00210	0.00335	0.01353	0.00564	0.05366
5	0.01371	0.08542	0.06724	0.24153	0.29412	0.05904	0.04062	0.01816	0.06622	0.01723	0.01121	0.01442	0.00898	0.00576	0.00603	0.00179	0.03262	0.00501	0.00295	0.00794
6	0.01353	0.01346	0.02361	0.14230	0.38860	0.01441	0.15379	0.01744	0.03572	0.01780	0.01096	0.01481	0.00897	0.00598	0.00778	0.00192	0.11233	0.00553	0.00290	0.00815
7	0.01069	0.00543	0.00548	0.00548	0.00675	0.00543	0.00403	0.01323	0.01196	0.02102	0.01893	0.02272	0.01530	0.05679	0.00568	0.00163	0.00290	0.00561	0.77565	0.00530
8	0.00728	0.00591	0.00646	0.00632	0.00811	0.00508	0.00474	0.00914	0.01422	0.01800	0.26927	0.05219	0.54521	0.01387	0.00687	0.00192	0.00288	0.01174	0.00570	0.00508
9	0.04801	0.01133	0.01326	0.01062	0.01462	0.05397	0.00856	0.06871	0.09272	0.52490	0.04705	0.02027	0.01550	0.03511	0.00662	0.00193	0.00525	0.00594	0.00647	0.00915
10	0.00707	0.00511	0.00670	0.00797	0.00840	0.00473	0.00534	0.00811	0.01125	0.01489	0.03355	0.75065	0.07868	0.01802	0.00739	0.00234	0.00335	0.01629	0.00540	0.00473
11	0.00720	0.00513	0.00676	0.00797	0.00833	0.00480	0.00530	0.00822	0.01118	0.01496	0.05802	0.72218	0.03810	0.06132	0.00864	0.00252	0.00348	0.01586	0.00533	0.00468
12	0.01227	0.01301	0.02601	0.19576	0.02892	0.01335	0.43328	0.01626	0.01275	0.01724	0.03579	0.08507	0.01253	0.00688	0.00754	0.00203	0.06377	0.00732	0.00315	0.00707
13	0.01627	0.01348	0.01325	0.01151	0.01453	0.10083	0.00896	0.27980	0.17133	0.04008	0.04691	0.16526	0.03970	0.01033	0.02182	0.00204	0.00578	0.00791	0.02231	0.00792
14	0.01134	0.00775	0.00982	0.07607	0.01216	0.00915	0.00744	0.03899	0.01159	0.01888	0.01515	0.01908	0.01246	0.01154	0.08558	0.02987	0.15964	0.00540	0.45234	0.00574
15	0.17616	0.01086	0.01208	0.01068	0.03806	0.05419	0.00815	0.02254	0.06076	0.38249	0.01976	0.12097	0.01554	0.00815	0.00555	0.00184	0.00500	0.00660	0.00568	0.03495

[dist]
# distance from previous block
# <min> <max>
2	5

[block]
# block no. 1 follows, 40 sequences, length 13
# corresponding to MSA columns:
# 113-125
name=unknown_B
#
# <colnr> <probs for GDERKNQSTAVLIFYWHMCP>
#	G	D	E	R	K	N	Q	S	T	A	V	L	I	F	Y	W	H	M	C	P
0	0.01433	0.00974	0.01303	0.07565	0.05695	0.00995	0.00915	0.03837	0.08097	0.16611	0.01688	0.07798	0.01437	0.05387	0.12183	0.00307	0.06618	0.00631	0.00442	0.16083
1	0.01598	0.01452	0.08248	0.04428	0.45282	0.01353	0.01566	0.05492	0.05921	0.12240	0.01327	0.01532	0.01020	0.00605	0.00656	0.00182	0.05293	0.00528	0.00374	0.00905
2	0.01012	0.00603	0.00790	0.00816	0.00932	0.00555	0.00583	0.01159	0.01271	0.11982	0.14882	0.43693	0.06315	0.08309	0.00905	0.00248	0.00376	0.04455	0.00565	0.00550
3	0.01362	0.01320	0.02301	0.19383	0.55695	0.01369	0.06609	0.01726	0.01293	0.01809	0.01087	0.01472	0.00887	0.00530	0.00584	0.00179	0.00728	0.00529	0.00282	0.00853
4	0.01376	0.01559	0.03378	0.02507	0.06697	0.01466	0.70209	0.01859	0.01370	0.01865	0.01172	0.01562	0.00884	0.00492	0.00681	0.00195	0.00966	0.00678	0.00294	0.00791
5	0.00789	0.00627	0.00717	0.00725	0.00891	0.00575	0.00549	0.01061	0.05758	0.01814	0.22328	0.13594	0.39747	0.01413	0.00697	0.00204	0.00324	0.07086	0.00567	0.00532
6	0.01248	0.01236	0.01734	0.01494	0.01499	0.01722	0.01242	0.01379	0.00893	0.01397	0.00808	0.01329	0.00802	0.01205	0.06124	0.00293	0.74194	0.00515	0.00258	0.00630
7	0.02609	0.00990	0.01350	0.01035	0.01484	0.00855	0.00855	0.02834	0.01664	0.76338	0.02294	0.01979	0.01439	0.00720	0.00585	0.00180	0.00495	0.00585	0.00720	0.00990
8	0.00898	0.00683	0.00906	0.13913	0.01297	0.00756	0.00655	0.00986	0.00941	0.01258	0.01821	0.14006	0.02043	0.49781	0.02168	0.00433	0.05777	0.00882	0.00357	0.00438
9	0.06153	0.01387	0.01523	0.01183	0.01613	0.01485	0.00974	0.50259	0.02310	0.17976	0.01588	0.01555	0.01103	0.00693	0.00557	0.00173	0.00571	0.00527	0.07435	0.00934
10	0.00714	0.00565	0.00642	0.00675	0.00815	0.00494	0.00487	0.00866	0.01311	0.01659	0.15480	0.27069	0.44101	0.01533	0.00703	0.00206	0.00304	0.01327	0.00555	0.00494
11	0.01119	0.01054	0.01781	0.73719	0.08293	0.01297	0.01625	0.01504	0.01172	0.01510	0.01037	0.01544	0.00784	0.00578	0.00581	0.00193	0.00770	0.00517	0.00260	0.00662
12	0.01567	0.01336	0.01637	0.14202	0.01955	0.08772	0.01201	0.06124	0.06196	0.11990	0.03589	0.01561	0.01090	0.00835	0.01164	0.00213	0.34926	0.00536	0.00378	0.00727

[dist]
# distance from previous block
# <min> <max>
0	2

[block]
# block no. 2 follows, 40 sequences, length 21
# corresponding to MSA columns:
# 128-148
name=unknown_C
#
# <colnr> <probs for GDERKNQSTAVLIFYWHMCP>
#	G	D	E	R	K	N	Q	S	T	A	V	L	I	F	Y	W	H	M	C	P
0	0.74655	0.03782	0.00996	0.06621	0.01355	0.01337	0.00717	0.01694	0.01009	0.02482	0.00827	0.00990	0.00645	0.00542	0.00377	0.00179	0.00480	0.00330	0.00348	0.00635
1	0.00919	0.00618	0.00783	0.00731	0.00896	0.00558	0.00552	0.01165	0.01582	0.07184	0.57619	0.06195	0.16561	0.01219	0.00681	0.00186	0.00294	0.01063	0.00627	0.00567
2	0.01440	0.01103	0.01277	0.00950	0.01431	0.00938	0.00762	0.11856	0.03931	0.07568	0.01300	0.04156	0.01061	0.00552	0.00480	0.00115	0.00463	0.00445	0.00421	0.59751
3	0.00838	0.00653	0.00803	0.00812	0.00976	0.00571	0.00575	0.01028	0.03517	0.01613	0.02962	0.52698	0.10000	0.01452	0.00664	0.00198	0.00358	0.01296	0.00499	0.18488
4	0.02079	0.01640	0.01657	0.01329	0.01734	0.13427	0.03450	0.38651	0.10324	0.12893	0.01630	0.01611	0.02901	0.00718	0.00623	0.00178	0.03172	0.00545	0.00536	0.00902
5	0.01791	0.23253	0.02077	0.01342	0.01649	0.26406	0.01122	0.13352	0.01509	0.01759	0.00920	0.01127	0.00790	0.00689	0.00830	0.00172	0.19742	0.00414	0.00320	0.00735
6	0.01317	0.01035	0.01241	0.03956	0.01494	0.00818	0.00744	0.01612	0.03022	0.07727	0.01165	0.01303	0.00925	0.00468	0.00453	0.00100	0.00450	0.00378	0.00376	0.71414
7	0.01257	0.36772	0.16426	0.01069	0.01490	0.01488	0.01073	0.01515	0.01183	0.04473	0.01627	0.23713	0.01688	0.01006	0.02633	0.00193	0.00606	0.00742	0.00353	0.00692
8	0.00820	0.00587	0.00781	0.00892	0.00975	0.00567	0.00687	0.00989	0.01206	0.01584	0.04892	0.36117	0.06789	0.09009	0.00973	0.00277	0.00439	0.31403	0.00523	0.00491
9	0.58566	0.01152	0.01016	0.00869	0.01247	0.03716	0.00711	0.02049	0.03927	0.20155	0.01225	0.01241	0.00870	0.00594	0.00428	0.00180	0.00481	0.00394	0.00452	0.00728
10	0.01439	0.01382	0.02360	0.03569	0.75936	0.01382	0.01785	0.01785	0.01324	0.01900	0.01094	0.01439	0.00921	0.00518	0.00576	0.00173	0.00691	0.00518	0.00288	0.00921
11	0.01189	0.01149	0.01621	0.01414	0.01434	0.01581	0.01169	0.01331	0.00899	0.01390	0.00914	0.01464	0.00894	0.01652	0.16203	0.00383	0.63903	0.00531	0.00265	0.00614
12	0.00708	0.00510	0.00671	0.00800	0.00841	0.00473	0.00535	0.00811	0.01123	0.01488	0.03328	0.75811	0.07140	0.01806	0.00740	0.00234	0.00335	0.01634	0.00540	0.00473
13	0.00710	0.00574	0.00631	0.00651	0.00808	0.00495	0.00475	0.00866	0.01328	0.01658	0.14850	0.19519	0.52400	0.01501	0.00698	0.00202	0.00300	0.01285	0.00554	0.00495
14	0.00842	0.00583	0.00699	0.00705	0.00719	0.00603	0.00433	0.00876	0.00883	0.01193	0.01916	0.11226	0.02189	0.62284	0.09880	0.00558	0.02762	0.00897	0.00365	0.00388
15	0.01645	0.01237	0.01558	0.06467	0.01754	0.01408	0.04361	0.19331	0.22188	0.11166	0.01682	0.01821	0.01282	0.02802	0.08147	0.00275	0.10961	0.00590	0.00492	0.00832
16	0.00779	0.00585	0.00713	0.00789	0.00883	0.00550	0.00549	0.03541	0.03046	0.01624	0.05293	0.57105	0.19053	0.01667	0.00720	0.00223	0.00341	0.01483	0.00545	0.00508
17	0.01181	0.00672	0.00884	0.00792	0.00992	0.00606	0.00607	0.01433	0.01613	0.17542	0.54565	0.07339	0.07193	0.01132	0.00668	0.00185	0.00324	0.00989	0.00648	0.00634
18	0.02191	0.01499	0.01690	0.06481	0.01907	0.01636	0.01105	0.59117	0.02478	0.13715	0.01498	0.01488	0.01038	0.00693	0.00582	0.00177	0.00629	0.00532	0.00579	0.00966
19	0.00847	0.00545	0.00722	0.00814	0.00878	0.00505	0.00553	0.00958	0.01158	0.06552	0.05713	0.67790	0.03664	0.05295	0.00831	0.00245	0.00356	0.01522	0.00547	0.00505
20	0.01820	0.01400	0.01654	0.12446	0.06332	0.01511	0.01131	0.46359	0.02153	0.02944	0.01301	0.01431	0.00960	0.00634	0.00553	0.00164	0.00618	0.00499	0.04262	0.11829

[dist]
# distance from previous block
# <min> <max>
1	4

[block]
# block no. 3 follows, 40 sequences, length 15
# corresponding to MSA columns:
# 153-167
name=unknown_D
#
# <colnr> <probs for GDERKNQSTAVLIFYWHMCP>
#	G	D	E	R	K	N	Q	S	T	A	V	L	I	F	Y	W	H	M	C	P
0	0.01249	0.01059	0.01229	0.00882	0.01396	0.00820	0.00707	0.04597	0.01272	0.01971	0.01049	0.01214	0.00867	0.00442	0.00437	0.00090	0.00440	0.00352	0.00355	0.79571
1	0.00853	0.00615	0.00837	0.00963	0.01070	0.00599	0.00787	0.01063	0.01269	0.01652	0.03280	0.28708	0.07690	0.01665	0.00778	0.00254	0.00461	0.46406	0.00537	0.00514
2	0.04199	0.01254	0.01505	0.17060	0.02049	0.01370	0.01068	0.31362	0.05672	0.05460	0.01410	0.04411	0.01100	0.00690	0.00597	0.00171	0.03231	0.00543	0.04600	0.12249
3	0.00843	0.00617	0.00904	0.00904	0.01005	0.00712	0.00697	0.01045	0.00944	0.01379	0.01584	0.02341	0.01482	0.07228	0.70702	0.00883	0.01458	0.00628	0.04130	0.00514
4	0.02471	0.00994	0.01335	0.01018	0.01474	0.00847	0.00838	0.02699	0.01619	0.69014	0.02170	0.01903	0.01383	0.00691	0.00570	0.00171	0.00489	0.00561	0.00683	0.09070
5	0.01239	0.01046	0.01652	0.04008	0.03166	0.01220	0.11249	0.01478	0.01194	0.08138	0.14862	0.03788	0.01878	0.01442	0.12581	0.00324	0.29010	0.00682	0.00387	0.00657
6	0.01787	0.01514	0.01807	0.09324	0.20212	0.15970	0.04429	0.07964	0.04285	0.16168	0.01445	0.05449	0.01149	0.00697	0.00658	0.00182	0.05149	0.00573	0.00417	0.00820
7	0.00748	0.00587	0.00676	0.00663	0.00825	0.00515	0.00494	0.00949	0.01455	0.01901	0.36360	0.08787	0.41234	0.01366	0.00689	0.00192	0.00288	0.01172	0.00584	0.00515
8	0.00811	0.00549	0.00644	0.00678	0.00686	0.00541	0.00399	0.00837	0.00912	0.01217	0.02175	0.22598	0.02546	0.60182	0.02407	0.00482	0.00507	0.01047	0.00399	0.00382
9	0.01998	0.06763	0.01763	0.04353	0.03867	0.11539	0.01106	0.43266	0.12735	0.04663	0.01432	0.01453	0.01056	0.00676	0.00562	0.00172	0.00669	0.00511	0.00507	0.00907
10	0.03886	0.01316	0.03575	0.19056	0.07911	0.04228	0.30273	0.01654	0.02762	0.01749	0.01368	0.09950	0.01204	0.00702	0.00686	0.00196	0.04423	0.00698	0.03656	0.00707
11	0.00703	0.00570	0.00624	0.00653	0.00806	0.00491	0.00474	0.00850	0.01301	0.01612	0.10881	0.22840	0.53103	0.01532	0.00700	0.00205	0.00303	0.01314	0.00548	0.00491
12	0.01182	0.03559	0.10450	0.08428	0.03890	0.01234	0.27248	0.01539	0.01218	0.01703	0.01452	0.15663	0.01383	0.00796	0.00755	0.00193	0.08447	0.00751	0.00331	0.09779
13	0.03404	0.03465	0.01439	0.01278	0.06477	0.19099	0.00924	0.12027	0.01505	0.07812	0.01348	0.05192	0.01187	0.09453	0.00871	0.00201	0.05005	0.00538	0.02954	0.15819
14	0.01379	0.10109	0.01507	0.00964	0.01452	0.01121	0.00800	0.10947	0.01391	0.02047	0.01045	0.01202	0.00861	0.00495	0.00499	0.00108	0.03396	0.00370	0.00361	0.59946

[dist]
# distance from previous block
# <min> <max>
0	3

[block]
# block no. 4 follows, 40 sequences, length 17
# corresponding to MSA columns:
# 171-187
name=unknown_E
#
# <colnr> <probs for GDERKNQSTAVLIFYWHMCP>
#	G	D	E	R	K	N	Q	S	T	A	V	L	I	F	Y	W	H	M	C	P
0	0.07630	0.20015	0.01888	0.01313	0.01664	0.50089	0.01047	0.02198	0.06257	0.01559	0.00968	0.01088	0.00807	0.00584	0.00483	0.00149	0.00872	0.00374	0.00311	0.00703
1	0.01011	0.00721	0.00857	0.00744	0.01008	0.00604	0.00571	0.01229	0.01420	0.08192	0.26652	0.07329	0.26708	0.01099	0.00623	0.00168	0.00338	0.00937	0.00543	0.19248
2	0.00846	0.00564	0.00634	0.00634	0.00634	0.00564	0.00352	0.00846	0.00846	0.01128	0.01832	0.03805	0.02114	0.79563	0.02960	0.00564	0.00564	0.00846	0.00352	0.00352
3	0.01503	0.01203	0.01284	0.01105	0.01454	0.01319	0.00872	0.15019	0.45589	0.05176	0.02616	0.02455	0.11865	0.00847	0.00595	0.00187	0.00468	0.00694	0.00574	0.05174
4	0.00915	0.00533	0.00770	0.03709	0.00906	0.00537	0.00554	0.00814	0.00882	0.01176	0.01682	0.23037	0.01862	0.07029	0.04312	0.49247	0.00508	0.00845	0.00340	0.00343
5	0.02147	0.05966	0.01706	0.01477	0.01785	0.74125	0.01118	0.02298	0.01629	0.01421	0.00895	0.01044	0.00749	0.00595	0.00518	0.00149	0.01031	0.00372	0.00298	0.00677
6	0.01446	0.01249	0.01315	0.01183	0.01512	0.01446	0.00920	0.03090	0.74885	0.02433	0.02367	0.02170	0.01775	0.00789	0.00592	0.00197	0.00460	0.00657	0.00592	0.00920
7	0.00868	0.00622	0.00852	0.00945	0.01061	0.00605	0.00775	0.01106	0.01366	0.01826	0.19520	0.19663	0.03925	0.01552	0.00765	0.00243	0.00439	0.42780	0.00560	0.00527
8	0.00692	0.00570	0.00608	0.00639	0.00799	0.00487	0.00464	0.00829	0.01277	0.01551	0.05283	0.22248	0.59440	0.01552	0.00700	0.00205	0.00304	0.01324	0.00540	0.00487
9	0.01140	0.01076	0.01820	0.69038	0.12806	0.01303	0.01636	0.01522	0.01183	0.01536	0.01041	0.01537	0.00793	0.00574	0.00581	0.00191	0.00765	0.00517	0.00262	0.00680
10	0.59624	0.00995	0.00827	0.00743	0.01071	0.01091	0.00602	0.01585	0.01110	0.07166	0.02056	0.02065	0.17670	0.00763	0.00449	0.00184	0.00418	0.00539	0.00424	0.00622
11	0.01186	0.00700	0.00985	0.00918	0.01068	0.00751	0.00702	0.01359	0.01058	0.15693	0.01725	0.02458	0.01545	0.16344	0.48009	0.00709	0.03159	0.00651	0.00395	0.00584
12	0.02557	0.01073	0.01401	0.01074	0.01526	0.00979	0.00888	0.12157	0.01805	0.66818	0.02177	0.01903	0.01380	0.00717	0.00584	0.00179	0.00514	0.00577	0.00702	0.00990
13	0.05688	0.09098	0.51483	0.01474	0.02187	0.01488	0.01746	0.14356	0.01464	0.02141	0.01093	0.01282	0.00810	0.02541	0.00592	0.00187	0.00772	0.00440	0.00313	0.00848
14	0.01985	0.01514	0.01765	0.01356	0.01801	0.01644	0.07173	0.58770	0.04932	0.03296	0.01706	0.01722	0.05690	0.00731	0.00592	0.00177	0.00630	0.00586	0.03005	0.00925
15	0.06581	0.09722	0.27529	0.01248	0.01847	0.01233	0.04949	0.04614	0.01322	0.10796	0.01286	0.01397	0.02203	0.00561	0.00503	0.00154	0.00635	0.00444	0.03152	0.19825
16	0.01635	0.13310	0.01971	0.18783	0.02279	0.28353	0.07311	0.07367	0.01473	0.01647	0.01296	0.01522	0.05657	0.00655	0.00608	0.00170	0.04449	0.00497	0.00318	0.00698

[dist]
# distance from previous block
# <min> <max>
0	2

[block]
# block no. 5 follows, 40 sequences, length 12
# corresponding to MSA columns:
# 190-194,197-203
name=unknown_F
#
# <colnr> <probs for GDERKNQSTAVLIFYWHMCP>
#	G	D	E	R	K	N	Q	S	T	A	V	L	I	F	Y	W	H	M	C	P
0	0.01572	0.01134	0.01321	0.00970	0.01468	0.00969	0.00785	0.14599	0.01540	0.12141	0.01266	0.01343	0.00961	0.00517	0.00478	0.00114	0.00477	0.00409	0.00437	0.57497
1	0.04802	0.01189	0.05309	0.18893	0.08405	0.01201	0.08157	0.13219	0.03964	0.02086	0.08607	0.04141	0.04380	0.01158	0.08797	0.00270	0.00743	0.03557	0.00402	0.00720
2	0.01288	0.01066	0.01309	0.01170	0.08518	0.00926	0.00826	0.11027	0.01446	0.02129	0.07131	0.08293	0.01507	0.00655	0.00512	0.00127	0.00463	0.00554	0.00411	0.50643
3	0.02460	0.01027	0.01352	0.01045	0.01477	0.00927	0.00860	0.09570	0.01766	0.64766	0.06750	0.02070	0.01647	0.00747	0.00591	0.00180	0.00495	0.00608	0.00702	0.00962
4	0.00764	0.00583	0.00700	0.00748	0.00863	0.00539	0.00536	0.00970	0.04046	0.01690	0.16455	0.35457	0.25511	0.04487	0.00796	0.00227	0.00335	0.04235	0.00552	0.00506
5	0.01555	0.17243	0.22133	0.04271	0.01987	0.01513	0.07035	0.11396	0.01447	0.10997	0.01305	0.05674	0.01050	0.00681	0.00649	0.00177	0.06752	0.00533	0.00373	0.03230
6	0.00735	0.00537	0.00662	0.00737	0.00803	0.00496	0.00495	0.00843	0.01153	0.01513	0.09275	0.48601	0.16508	0.13554	0.01066	0.00275	0.00359	0.01406	0.00519	0.00463
7	0.00985	0.00836	0.01172	0.01085	0.01134	0.01061	0.00848	0.01128	0.00904	0.01327	0.01333	0.02207	0.01334	0.16599	0.38103	0.00635	0.27856	0.00623	0.00299	0.00530
8	0.01417	0.01297	0.01738	0.42275	0.02923	0.09141	0.03581	0.06207	0.03004	0.06605	0.01128	0.01503	0.00869	0.00752	0.02400	0.00213	0.13410	0.00517	0.00323	0.00699
9	0.01307	0.03717	0.12391	0.26106	0.11877	0.01424	0.28138	0.04683	0.01332	0.01807	0.01103	0.01478	0.00835	0.00539	0.00610	0.00188	0.00842	0.00562	0.00286	0.00775
10	0.00946	0.00715	0.01029	0.09072	0.01476	0.00757	0.00985	0.01206	0.01284	0.01679	0.02793	0.12247	0.03029	0.01497	0.00815	0.00257	0.03403	0.55768	0.00497	0.00545
11	0.01041	0.00896	0.01340	0.27235	0.04255	0.01060	0.02495	0.01336	0.03152	0.01672	0.08810	0.16800	0.03477	0.00982	0.00834	0.00205	0.13816	0.00809	0.09179	0.00605

[dist]
# distance from previous block
# <min> <max>
0	4

[block]
# block no. 6 follows, 40 sequences, length 67
# corresponding to MSA columns:
# 208-274
name=unknown_G
#
# <colnr> <probs for GDERKNQSTAVLIFYWHMCP>
#	G	D	E	R	K	N	Q	S	T	A	V	L	I	F	Y	W	H	M	C	P
0	0.01112	0.00675	0.00836	0.00764	0.00974	0.00604	0.00588	0.01363	0.03004	0.15195	0.37106	0.07070	0.24466	0.01211	0.00671	0.00190	0.00331	0.02604	0.00619	0.00615
1	0.01393	0.02018	0.39278	0.01420	0.04344	0.01100	0.03629	0.01857	0.01293	0.13722	0.01373	0.05930	0.01068	0.00624	0.00547	0.00165	0.00676	0.00518	0.00363	0.18683
2	0.01255	0.01063	0.01232	0.00885	0.01399	0.00825	0.00709	0.05005	0.01280	0.01981	0.01051	0.01215	0.00868	0.00444	0.00438	0.00090	0.00441	0.00353	0.00356	0.79108
3	0.01555	0.79913	0.03047	0.00995	0.01493	0.02301	0.00995	0.01741	0.01182	0.01368	0.00808	0.00933	0.00746	0.00498	0.00373	0.00124	0.00622	0.00311	0.00249	0.00746
4	0.01470	0.01261	0.01328	0.01188	0.01521	0.01458	0.00926	0.05293	0.72644	0.02471	0.02337	0.02146	0.01751	0.00786	0.00591	0.00197	0.00466	0.00653	0.00591	0.00923
5	0.01272	0.01272	0.01781	0.01527	0.01527	0.01781	0.01272	0.01399	0.00891	0.01399	0.00763	0.01272	0.00763	0.01018	0.01908	0.00254	0.78499	0.00509	0.00254	0.00636
6	0.01446	0.01249	0.01315	0.01183	0.01512	0.01446	0.00920	0.03090	0.74885	0.02433	0.02367	0.02170	0.01775	0.00789	0.00592	0.00197	0.00460	0.00657	0.00592	0.00920
7	0.00832	0.00619	0.00915	0.00915	0.01012	0.00716	0.00702	0.01026	0.00929	0.01335	0.01576	0.02384	0.01497	0.09261	0.72418	0.00910	0.01493	0.00638	0.00314	0.00508
8	0.01206	0.01034	0.01206	0.00861	0.01378	0.00775	0.00689	0.01464	0.01206	0.01895	0.01034	0.01206	0.00861	0.00431	0.00431	0.00086	0.00431	0.00345	0.00345	0.83118
9	0.00898	0.00632	0.00718	0.00667	0.00743	0.00595	0.00402	0.00936	0.00898	0.01240	0.01715	0.03425	0.01931	0.67991	0.02590	0.00494	0.00544	0.00772	0.00351	0.12456
10	0.00804	0.00578	0.00745	0.00830	0.00899	0.00554	0.00572	0.04858	0.01265	0.01703	0.11596	0.66143	0.03882	0.01686	0.00727	0.00227	0.00347	0.01521	0.00554	0.00510
11	0.00712	0.00512	0.00669	0.00793	0.00833	0.00476	0.00528	0.00812	0.01115	0.01476	0.03292	0.72875	0.07388	0.04506	0.00817	0.00246	0.00343	0.01604	0.00533	0.00469
12	0.01430	0.01409	0.02517	0.03406	0.65275	0.01395	0.12320	0.01796	0.01331	0.01894	0.01106	0.01458	0.00915	0.00514	0.00592	0.00176	0.00733	0.00543	0.00289	0.00901
13	0.02609	0.00990	0.01350	0.01035	0.01484	0.00855	0.00855	0.02834	0.01664	0.76338	0.02294	0.01979	0.01439	0.00720	0.00585	0.00180	0.00495	0.00585	0.00720	0.00990
14	0.00842	0.00575	0.00636	0.00626	0.00782	0.00523	0.00468	0.01062	0.01387	0.01971	0.26019	0.06524	0.30870	0.01171	0.00609	0.00176	0.00283	0.00992	0.23963	0.00523
15	0.08116	0.01128	0.01377	0.01079	0.01514	0.01097	0.00886	0.14498	0.08553	0.52382	0.02049	0.01828	0.01340	0.00710	0.00569	0.00181	0.00512	0.00563	0.00660	0.00958
16	0.01324	0.01250	0.02096	0.22569	0.51369	0.01321	0.01672	0.01710	0.03216	0.01799	0.01221	0.01768	0.01039	0.00601	0.00590	0.00184	0.00698	0.04443	0.00302	0.00829
17	0.00891	0.00644	0.00819	0.00875	0.00981	0.00631	0.00643	0.07536	0.01372	0.01841	0.13581	0.49855	0.05524	0.01591	0.00726	0.00226	0.00381	0.10785	0.00558	0.00539
18	0.01271	0.00827	0.00953	0.00937	0.01135	0.04873	0.00725	0.01556	0.06708	0.16735	0.06241	0.27356	0.12344	0.01345	0.00690	0.00216	0.00446	0.14434	0.00570	0.00638
19	0.01847	0.44028	0.02331	0.01098	0.01547	0.11132	0.00984	0.11001	0.03362	0.13361	0.01317	0.01340	0.03177	0.00606	0.00466	0.00146	0.00643	0.00424	0.00387	0.00802
20	0.04865	0.00600	0.00754	0.00761	0.00884	0.00566	0.00553	0.01063	0.01431	0.03646	0.44667	0.28557	0.06761	0.01362	0.00686	0.00200	0.00309	0.01207	0.00592	0.00536
21	0.01128	0.01064	0.01797	0.71750	0.10191	0.01300	0.01630	0.01511	0.01177	0.01521	0.01039	0.01541	0.00788	0.00576	0.00581	0.00192	0.00768	0.00517	0.00261	0.00670
22	0.01059	0.08073	0.39477	0.01297	0.01801	0.01159	0.01451	0.01482	0.01211	0.01721	0.07091	0.16987	0.03999	0.01025	0.02572	0.00215	0.05318	0.03001	0.00352	0.00709
23	0.75245	0.01146	0.00928	0.00809	0.01179	0.01310	0.00667	0.05729	0.01118	0.06267	0.00914	0.01020	0.00689	0.00557	0.00383	0.00180	0.00462	0.00340	0.00390	0.00667
24	0.01166	0.03008	0.76550	0.01657	0.02517	0.01351	0.02149	0.01842	0.01228	0.01842	0.01044	0.01228	0.00737	0.00552	0.00552	0.00184	0.00859	0.00430	0.00246	0.00859
25	0.06873	0.01339	0.03750	0.11253	0.29835	0.03614	0.05853	0.06667	0.09519	0.09110	0.01500	0.01680	0.03234	0.00621	0.00569	0.00180	0.00649	0.00552	0.02359	0.00841
26	0.00774	0.00608	0.00704	0.00696	0.00859	0.00548	0.00522	0.01019	0.03762	0.01898	0.33109	0.10641	0.37870	0.01369	0.00691	0.00196	0.00302	0.03323	0.00581	0.00527
27	0.01272	0.01272	0.01781	0.01527	0.01527	0.01781	0.01272	0.01399	0.00891	0.01399	0.00763	0.01272	0.00763	0.01018	0.01908	0.00254	0.78499	0.00509	0.00254	0.00636
28	0.05969	0.01212	0.01322	0.01052	0.01424	0.01287	0.00858	0.39189	0.02070	0.16114	0.01655	0.01676	0.01180	0.00689	0.00526	0.00166	0.00510	0.00529	0.21714	0.00857
29	0.07536	0.01127	0.12045	0.01096	0.05361	0.00874	0.03147	0.03561	0.05812	0.02060	0.24963	0.08180	0.19875	0.01053	0.00630	0.00190	0.00449	0.00901	0.00496	0.00646
30	0.01775	0.00959	0.01181	0.00978	0.01301	0.00939	0.00780	0.10573	0.12004	0.31274	0.25954	0.02710	0.02747	0.00878	0.00613	0.00181	0.00429	0.00738	0.03163	0.00823
31	0.00980	0.00643	0.00750	0.00724	0.00917	0.00571	0.00545	0.01194	0.03232	0.10812	0.16445	0.16042	0.38907	0.01353	0.00676	0.00198	0.00330	0.02499	0.02611	0.00571
32	0.01231	0.01169	0.01984	0.49088	0.32043	0.01327	0.01681	0.01602	0.01226	0.01647	0.01057	0.01507	0.00832	0.00557	0.00579	0.00186	0.00742	0.00517	0.00270	0.00753
33	0.02124	0.09210	0.01778	0.01438	0.01772	0.62543	0.01111	0.10169	0.01728	0.01665	0.00946	0.01077	0.00775	0.00601	0.00518	0.00150	0.00967	0.00386	0.00326	0.00715
34	0.80654	0.01120	0.00873	0.00775	0.01138	0.01288	0.00638	0.01751	0.01015	0.05353	0.00865	0.00983	0.00660	0.00547	0.00368	0.00180	0.00452	0.00325	0.00373	0.00643
35	0.00837	0.00584	0.00702	0.00716	0.00728	0.00603	0.00441	0.00872	0.00899	0.01213	0.02014	0.16681	0.02324	0.58671	0.06982	0.00518	0.03484	0.00960	0.00379	0.00394
36	0.16920	0.09053	0.40756	0.01327	0.01948	0.01317	0.04327	0.01769	0.01251	0.05377	0.09511	0.01549	0.01294	0.00623	0.00522	0.00178	0.00682	0.00485	0.00336	0.00773
37	0.02055	0.01621	0.05321	0.01322	0.01785	0.01701	0.01121	0.57798	0.13516	0.05410	0.01550	0.01521	0.01108	0.00705	0.00582	0.00179	0.00619	0.00541	0.00571	0.00972
38	0.00774	0.00549	0.00711	0.00822	0.00875	0.00524	0.00557	0.03548	0.01176	0.01583	0.03104	0.74282	0.03678	0.01750	0.00728	0.00231	0.00347	0.01582	0.02685	0.00493
39	0.00849	0.00601	0.00761	0.00733	0.00882	0.00546	0.00552	0.01088	0.01546	0.04307	0.54694	0.10036	0.16527	0.01280	0.00691	0.00191	0.00297	0.03257	0.00616	0.00546
40	0.00845	0.00568	0.00658	0.00658	0.00666	0.00577	0.00382	0.00861	0.00853	0.01145	0.01811	0.03687	0.02063	0.73696	0.08756	0.00593	0.00641	0.00828	0.00349	0.00365
41	0.05479	0.00648	0.00817	0.00752	0.00921	0.00609	0.00572	0.01240	0.01611	0.06984	0.66930	0.04009	0.04967	0.01124	0.00662	0.00183	0.00298	0.00982	0.00630	0.00581
42	0.01364	0.01502	0.03143	0.07909	0.14701	0.01444	0.57330	0.01824	0.01350	0.01842	0.01153	0.01547	0.00881	0.00501	0.00661	0.00192	0.00920	0.00648	0.00291	0.00796
43	0.02172	0.02772	0.01648	0.01498	0.01798	0.77228	0.01124	0.02322	0.01648	0.01423	0.00899	0.01049	0.00749	0.00599	0.00524	0.00150	0.01049	0.00375	0.00300	0.00674
44	0.06728	0.01456	0.01588	0.01240	0.01684	0.01580	0.01019	0.51213	0.09203	0.15889	0.01608	0.01543	0.01119	0.00701	0.00571	0.00178	0.00588	0.00535	0.00594	0.00963
45	0.00715	0.00511	0.00683	0.00818	0.00854	0.00478	0.00552	0.00822	0.01120	0.01492	0.03201	0.76977	0.03831	0.01815	0.00744	0.00237	0.00343	0.03791	0.00540	0.00474
46	0.00780	0.00566	0.00736	0.00758	0.00863	0.00523	0.00549	0.00989	0.01444	0.01994	0.45968	0.29477	0.08742	0.01425	0.00707	0.00203	0.00302	0.02856	0.00599	0.00520
47	0.01272	0.01272	0.01781	0.01527	0.01527	0.01781	0.01272	0.01399	0.00891	0.01399	0.00763	0.01272	0.00763	0.01018	0.01908	0.00254	0.78499	0.00509	0.00254	0.00636
48	0.00932	0.00624	0.00806	0.00854	0.00945	0.00614	0.00637	0.01074	0.01172	0.05616	0.06400	0.24986	0.07447	0.21362	0.01340	0.00321	0.02627	0.21248	0.00498	0.00498
49	0.00831	0.00623	0.00935	0.00935	0.01038	0.00727	0.00727	0.01038	0.00935	0.01350	0.01558	0.02285	0.01454	0.04361	0.77259	0.00935	0.01558	0.00623	0.00312	0.00519
50	0.34609	0.01100	0.01189	0.00955	0.01371	0.01117	0.00788	0.08766	0.01494	0.40688	0.01627	0.01518	0.01079	0.00647	0.00496	0.00179	0.00490	0.00473	0.00565	0.00847
51	0.02225	0.01133	0.01283	0.01044	0.01419	0.09247	0.00836	0.02513	0.05217	0.52789	0.10003	0.04497	0.01887	0.00793	0.00591	0.00179	0.00521	0.00647	0.02298	0.00880
52	0.01027	0.00548	0.00553	0.00553	0.00686	0.00538	0.00407	0.01267	0.01206	0.02036	0.02311	0.02636	0.09303	0.05996	0.00605	0.00170	0.00293	0.00634	0.68707	0.00524
53	0.78205	0.01200	0.03188	0.00813	0.01192	0.01324	0.00693	0.04338	0.01060	0.02624	0.00838	0.00970	0.00646	0.00546	0.00374	0.00180	0.00469	0.00326	0.00364	0.00650
54	0.01098	0.13869	0.09499	0.05507	0.01677	0.01204	0.11451	0.01354	0.01144	0.01567	0.01766	0.26388	0.01860	0.03821	0.02333	0.00227	0.09244	0.00877	0.04484	0.00630
55	0.01371	0.02376	0.01025	0.00851	0.01086	0.00776	0.00641	0.03803	0.05805	0.19299	0.21499	0.04616	0.02673	0.19965	0.04432	0.00298	0.00494	0.00773	0.00536	0.07680
56	0.05333	0.07262	0.57834	0.01573	0.04596	0.01386	0.01856	0.04961	0.01310	0.05480	0.02561	0.01307	0.00876	0.00574	0.00539	0.00179	0.00782	0.00443	0.00297	0.00849
57	0.02052	0.05461	0.01782	0.07117	0.03350	0.10074	0.01138	0.54177	0.02361	0.03077	0.01291	0.01365	0.00945	0.00665	0.00561	0.00170	0.00687	0.00497	0.02325	0.00906
58	0.02609	0.00990	0.01350	0.01035	0.01484	0.00855	0.00855	0.02834	0.01664	0.76338	0.02294	0.01979	0.01439	0.00720	0.00585	0.00180	0.00495	0.00585	0.00720	0.00990
59	0.01115	0.01026	0.01452	0.01292	0.01332	0.01380	0.01058	0.01274	0.00916	0.01407	0.01072	0.01648	0.01023	0.02154	0.27709	0.00484	0.49632	0.00549	0.02883	0.00593
60	0.01364	0.01323	0.02340	0.15611	0.52579	0.01353	0.10851	0.01732	0.01301	0.01835	0.01119	0.01496	0.00909	0.00530	0.00586	0.00178	0.00729	0.00540	0.02779	0.00847
61	0.00873	0.00602	0.00802	0.00813	0.00939	0.00564	0.00622	0.01112	0.01493	0.04249	0.47424	0.18848	0.04694	0.01366	0.00713	0.00207	0.00337	0.13192	0.00606	0.00545
62	0.00846	0.00564	0.00634	0.00634	0.00634	0.00564	0.00352	0.00846	0.00846	0.01128	0.01832	0.03805	0.02114	0.79563	0.02960	0.00564	0.00564	0.00846	0.00352	0.00352
63	0.01271	0.22557	0.51266	0.01433	0.02149	0.01575	0.01737	0.01862	0.05269	0.01768	0.03331	0.01299	0.00941	0.00571	0.00513	0.00170	0.00759	0.00431	0.00277	0.00824
64	0.05128	0.01766	0.32408	0.03986	0.13026	0.01091	0.01445	0.04136	0.01249	0.01825	0.01803	0.21837	0.04218	0.02691	0.00657	0.00205	0.00641	0.00800	0.00360	0.00730
65	0.00923	0.00682	0.00903	0.01007	0.01158	0.00677	0.00866	0.01232	0.04439	0.01745	0.03449	0.06237	0.13584	0.01553	0.00778	0.00255	0.00498	0.58930	0.00538	0.00545
66	0.03285	0.03289	0.01462	0.01120	0.04433	0.01171	0.00871	0.24078	0.01689	0.03707	0.01160	0.01275	0.00905	0.00526	0.00483	0.00122	0.00512	0.00410	0.00420	0.49083

[dist]
# distance from previous block
# <min> <max>
0	2

[block]
# block no. 7 follows, 40 sequences, length 23
# corresponding to MSA columns:
# 277-299
name=unknown_H
#
# <colnr> <probs for GDERKNQSTAVLIFYWHMCP>
#	G	D	E	R	K	N	Q	S	T	A	V	L	I	F	Y	W	H	M	C	P
0	0.05115	0.25480	0.37073	0.01376	0.04857	0.01528	0.01499	0.01728	0.01228	0.03597	0.05371	0.03619	0.01148	0.00744	0.03163	0.00193	0.00729	0.00474	0.00299	0.00780
1	0.01194	0.01131	0.01917	0.57220	0.24202	0.01317	0.01663	0.01570	0.01208	0.01602	0.01051	0.01519	0.00816	0.00564	0.00580	0.00188	0.00752	0.00517	0.00267	0.00723
2	0.01887	0.38370	0.02294	0.01266	0.01657	0.42652	0.01064	0.02054	0.01433	0.01398	0.00857	0.00995	0.00748	0.00552	0.00455	0.00138	0.00852	0.00345	0.00276	0.00707
3	0.00725	0.00528	0.00683	0.00777	0.00842	0.00486	0.00532	0.00858	0.01218	0.01628	0.15024	0.60321	0.10856	0.01688	0.00728	0.00224	0.00323	0.01517	0.00556	0.00486
4	0.00816	0.00594	0.00768	0.00724	0.00864	0.00546	0.00543	0.01084	0.01630	0.02293	0.72046	0.04408	0.09094	0.01203	0.00686	0.00184	0.00275	0.01061	0.00635	0.00546
5	0.02302	0.01233	0.01470	0.01154	0.01590	0.01248	0.00944	0.25438	0.13412	0.41780	0.02021	0.01824	0.01349	0.00724	0.00585	0.00181	0.00535	0.00577	0.00656	0.00979
6	0.01010	0.00505	0.00758	0.00758	0.00758	0.00505	0.00505	0.00758	0.00758	0.01010	0.01010	0.01768	0.01010	0.02020	0.02273	0.83081	0.00505	0.00505	0.00253	0.00253
7	0.02172	0.02772	0.01648	0.01498	0.01798	0.77228	0.01124	0.02322	0.01648	0.01423	0.00899	0.01049	0.00749	0.00599	0.00524	0.00150	0.01049	0.00375	0.00300	0.00674
8	0.02070	0.01538	0.01644	0.01287	0.01722	0.01709	0.01054	0.62253	0.11673	0.03451	0.01537	0.01523	0.01107	0.00709	0.00576	0.00176	0.00603	0.00541	0.03864	0.00963
9	0.00901	0.00619	0.00805	0.00771	0.00925	0.00570	0.00596	0.01164	0.01592	0.05350	0.59912	0.04567	0.10002	0.01233	0.00694	0.00193	0.00313	0.08605	0.00625	0.00562
10	0.00697	0.00581	0.00610	0.00631	0.00805	0.00494	0.00468	0.00842	0.01300	0.01565	0.05475	0.14764	0.64658	0.01520	0.00698	0.00203	0.00307	0.03351	0.00540	0.00490
11	0.02151	0.02680	0.01674	0.01556	0.04096	0.71683	0.01143	0.05341	0.01684	0.01533	0.00926	0.01076	0.00765	0.00601	0.00528	0.00152	0.01020	0.00385	0.00311	0.00695
12	0.79889	0.01148	0.00896	0.00791	0.01156	0.01328	0.00652	0.05065	0.01071	0.02658	0.00837	0.00966	0.00646	0.00547	0.00370	0.00180	0.00459	0.00325	0.00370	0.00646
13	0.00843	0.00574	0.00686	0.00686	0.00705	0.00592	0.00418	0.00879	0.00861	0.01166	0.01785	0.03541	0.01999	0.66483	0.15883	0.00628	0.00737	0.00807	0.00345	0.00381
14	0.02355	0.01065	0.01614	0.01219	0.01674	0.00946	0.10681	0.04266	0.01649	0.61387	0.05334	0.02014	0.01531	0.00709	0.00603	0.00182	0.00554	0.00618	0.00656	0.00943
15	0.01092	0.00859	0.07922	0.00933	0.01132	0.00665	0.00756	0.02663	0.02978	0.13105	0.05777	0.51669	0.05222	0.01453	0.00690	0.00217	0.00415	0.01294	0.00546	0.00612
16	0.02065	0.02609	0.01888	0.01627	0.01965	0.67019	0.10921	0.02260	0.01611	0.01482	0.00936	0.01119	0.00767	0.00585	0.00546	0.00156	0.01039	0.00417	0.00299	0.00689
17	0.61166	0.01270	0.01179	0.01229	0.11301	0.03999	0.00853	0.09371	0.01242	0.02584	0.00913	0.01063	0.00711	0.00556	0.00418	0.00177	0.00523	0.00366	0.00371	0.00708
18	0.01148	0.01049	0.01735	0.41050	0.24009	0.01175	0.01473	0.01500	0.01286	0.01736	0.11244	0.02239	0.01629	0.00716	0.00609	0.00191	0.00667	0.05502	0.00337	0.00704
19	0.01136	0.00974	0.01123	0.00825	0.01298	0.00737	0.00656	0.01379	0.01222	0.01851	0.01688	0.01798	0.10947	0.00571	0.00465	0.00101	0.00412	0.00463	0.00371	0.71983
20	0.01847	0.06162	0.04369	0.01357	0.01655	0.56461	0.01067	0.02026	0.01497	0.01434	0.01245	0.01450	0.04694	0.01144	0.10867	0.00258	0.01051	0.00451	0.00309	0.00654
21	0.01204	0.02771	0.66411	0.01594	0.02381	0.01363	0.01983	0.02010	0.11154	0.01921	0.01222	0.01355	0.00877	0.00584	0.00558	0.00186	0.00806	0.00460	0.00292	0.00868
22	0.01947	0.01024	0.01262	0.01028	0.01386	0.01005	0.00827	0.12054	0.13531	0.37204	0.19530	0.02490	0.02390	0.00839	0.00609	0.00183	0.00457	0.00699	0.00662	0.00874

[dist]
# distance from previous block
# <min> <max>
6	16

[block]
# block no. 8 follows, 40 sequences, length 69
# corresponding to MSA columns:
# 316-384
name=unknown_I
#
# <colnr> <probs for GDERKNQSTAVLIFYWHMCP>
#	G	D	E	R	K	N	Q	S	T	A	V	L	I	F	Y	W	H	M	C	P
0	0.05431	0.04966	0.40966	0.02974	0.11468	0.01230	0.01620	0.03381	0.01336	0.01985	0.13584	0.02022	0.01683	0.00708	0.00575	0.00184	0.00688	0.04072	0.00345	0.00783
1	0.62788	0.09787	0.03543	0.00899	0.01280	0.05593	0.02691	0.01726	0.01060	0.02317	0.00865	0.01069	0.00708	0.03150	0.00471	0.00186	0.00532	0.00349	0.00339	0.00647
2	0.00832	0.00589	0.00738	0.00715	0.00840	0.00542	0.00517	0.01041	0.01461	0.03462	0.49721	0.11550	0.13838	0.10438	0.00955	0.00234	0.00321	0.01098	0.00586	0.00520
3	0.01388	0.01894	0.30142	0.06511	0.28386	0.01264	0.05090	0.01850	0.01323	0.08996	0.03215	0.01732	0.01121	0.00620	0.00587	0.00185	0.00736	0.03775	0.00332	0.00856
4	0.01206	0.01034	0.01206	0.00861	0.01378	0.00775	0.00689	0.01464	0.01206	0.01895	0.01034	0.01206	0.00861	0.00431	0.00431	0.00086	0.00431	0.00345	0.00345	0.83118
5	0.01555	0.79913	0.03047	0.00995	0.01493	0.02301	0.00995	0.01741	0.01182	0.01368	0.00808	0.00933	0.00746	0.00498	0.00373	0.00124	0.00622	0.00311	0.00249	0.00746
6	0.83671	0.01125	0.00855	0.00765	0.01125	0.01305	0.00630	0.01709	0.00990	0.02609	0.00810	0.00945	0.00630	0.00540	0.00360	0.00180	0.00450	0.00315	0.00360	0.00630
7	0.00845	0.00568	0.00654	0.00654	0.00661	0.00575	0.00377	0.00859	0.00852	0.01142	0.01814	0.03704	0.02070	0.74522	0.07940	0.00589	0.00630	0.00831	0.00350	0.00364
8	0.01446	0.01249	0.01315	0.01183	0.01512	0.01446	0.00920	0.03090	0.74885	0.02433	0.02367	0.02170	0.01775	0.00789	0.00592	0.00197	0.00460	0.00657	0.00592	0.00920
9	0.00819	0.00603	0.00785	0.00859	0.00981	0.00569	0.00681	0.01029	0.01349	0.01776	0.18688	0.22573	0.16183	0.01546	0.00745	0.00231	0.00395	0.29115	0.00559	0.00516
10	0.00820	0.00592	0.00774	0.00734	0.00868	0.00546	0.00548	0.01089	0.01630	0.02306	0.73406	0.06640	0.05437	0.01208	0.00688	0.00185	0.00276	0.01070	0.00637	0.00546
11	0.07163	0.01598	0.01691	0.01303	0.01762	0.01773	0.01076	0.69602	0.02628	0.03601	0.01361	0.01369	0.00967	0.00688	0.00568	0.00175	0.00628	0.00511	0.00568	0.00967
12	0.00725	0.00519	0.00689	0.00799	0.00847	0.00483	0.00541	0.00850	0.01189	0.01604	0.13455	0.68591	0.04078	0.01732	0.00734	0.00229	0.00328	0.01568	0.00554	0.00483
13	0.00721	0.00514	0.00668	0.00786	0.00822	0.00481	0.00519	0.00814	0.01096	0.01454	0.03167	0.69763	0.06061	0.09017	0.00946	0.00265	0.00357	0.01564	0.00522	0.00462
14	0.03991	0.01499	0.01506	0.01242	0.01630	0.06256	0.00996	0.38349	0.29291	0.02979	0.01731	0.01682	0.01277	0.00721	0.00569	0.00180	0.00578	0.00559	0.04048	0.00916
15	0.02609	0.00990	0.01350	0.01035	0.01484	0.00855	0.00855	0.02834	0.01664	0.76338	0.02294	0.01979	0.01439	0.00720	0.00585	0.00180	0.00495	0.00585	0.00720	0.00990
16	0.01232	0.00684	0.00700	0.00646	0.00825	0.00707	0.00498	0.10873	0.01418	0.02364	0.01831	0.02067	0.01425	0.00680	0.00429	0.00141	0.00319	0.00540	0.72020	0.00601
17	0.02547	0.00976	0.01329	0.01024	0.01463	0.00844	0.00844	0.02773	0.01664	0.73745	0.04864	0.02062	0.01581	0.00736	0.00588	0.00180	0.00487	0.00601	0.00717	0.00974
18	0.01201	0.02800	0.67060	0.01902	0.11908	0.01355	0.02102	0.01834	0.01240	0.01849	0.01050	0.01255	0.00760	0.00548	0.00555	0.00183	0.00838	0.00441	0.00251	0.00867
19	0.00707	0.00528	0.00653	0.00751	0.00824	0.00479	0.00511	0.00817	0.01158	0.01496	0.03822	0.59308	0.21271	0.03783	0.00787	0.00235	0.00333	0.01528	0.00535	0.00474
20	0.76452	0.02822	0.00924	0.03475	0.01220	0.01302	0.00665	0.01691	0.01007	0.02529	0.00851	0.01003	0.00664	0.00545	0.00369	0.00178	0.00460	0.00329	0.02883	0.00630
21	0.02522	0.00985	0.01331	0.01029	0.01466	0.00861	0.00847	0.02787	0.03674	0.72016	0.04568	0.02058	0.01574	0.00736	0.00588	0.00181	0.00487	0.00601	0.00714	0.00974
22	0.00712	0.00509	0.00678	0.00808	0.00844	0.00474	0.00540	0.00818	0.01128	0.01508	0.05201	0.77121	0.03891	0.01804	0.00741	0.00235	0.00336	0.01637	0.00543	0.00474
23	0.02322	0.02807	0.06669	0.01137	0.01598	0.04813	0.00985	0.07822	0.09036	0.53412	0.02053	0.01838	0.01345	0.00703	0.00576	0.00179	0.00557	0.00561	0.00634	0.00953
24	0.00709	0.00506	0.00675	0.00810	0.00843	0.00472	0.00540	0.00810	0.01113	0.01484	0.03205	0.79184	0.03846	0.01822	0.00742	0.00236	0.00337	0.01653	0.00540	0.00472
25	0.83671	0.01125	0.00855	0.00765	0.01125	0.01305	0.00630	0.01709	0.00990	0.02609	0.00810	0.00945	0.00630	0.00540	0.00360	0.00180	0.00450	0.00315	0.00360	0.00630
26	0.03322	0.01212	0.04498	0.59044	0.12467	0.02987	0.05182	0.01577	0.01201	0.01595	0.01039	0.01500	0.00792	0.00568	0.00578	0.00190	0.00776	0.00514	0.00267	0.00694
27	0.01098	0.01034	0.01744	0.78165	0.04005	0.01292	0.01615	0.01486	0.01163	0.01486	0.01034	0.01550	0.00775	0.00581	0.00581	0.00194	0.00775	0.00517	0.00258	0.00646
28	0.01383	0.00718	0.00933	0.00813	0.01052	0.00639	0.00630	0.01613	0.01573	0.26252	0.38538	0.06491	0.12868	0.02976	0.00710	0.00195	0.00358	0.00939	0.00643	0.00677
29	0.01275	0.01281	0.01832	0.01555	0.01573	0.01772	0.03508	0.01414	0.00905	0.01414	0.00776	0.01281	0.00767	0.01002	0.01871	0.00253	0.76110	0.00514	0.00256	0.00641
30	0.03496	0.00757	0.00850	0.00814	0.00976	0.04408	0.00614	0.01285	0.05807	0.03447	0.50954	0.11389	0.08104	0.01199	0.00670	0.00191	0.00349	0.03519	0.00595	0.00576
31	0.00833	0.00615	0.00893	0.00893	0.00983	0.00704	0.00675	0.01012	0.00922	0.01319	0.01595	0.02494	0.01545	0.14725	0.67019	0.00883	0.01421	0.00654	0.00317	0.00496
32	0.00983	0.00646	0.00871	0.00944	0.01086	0.00617	0.00773	0.01204	0.01344	0.07249	0.10068	0.20812	0.09361	0.01535	0.00754	0.00241	0.00448	0.39949	0.00560	0.00554
33	0.01036	0.00771	0.02829	0.00823	0.01009	0.00705	0.00627	0.05002	0.07872	0.07033	0.17397	0.19413	0.20054	0.08649	0.00944	0.03247	0.00394	0.01067	0.00543	0.00585
34	0.01439	0.01382	0.02360	0.03569	0.75936	0.01382	0.01785	0.01785	0.01324	0.01900	0.01094	0.01439	0.00921	0.00518	0.00576	0.00173	0.00691	0.00518	0.00288	0.00921
35	0.00944	0.00662	0.00838	0.00782	0.00942	0.00629	0.00589	0.03896	0.04151	0.04810	0.60503	0.09750	0.06867	0.01197	0.00680	0.00187	0.00307	0.01053	0.00629	0.00585
36	0.83671	0.01125	0.00855	0.00765	0.01125	0.01305	0.00630	0.01709	0.00990	0.02609	0.00810	0.00945	0.00630	0.00540	0.00360	0.00180	0.00450	0.00315	0.00360	0.00630
37	0.00715	0.00509	0.00673	0.00801	0.00833	0.00477	0.00531	0.00811	0.01100	0.01467	0.03137	0.75463	0.03761	0.05659	0.00852	0.00252	0.00349	0.01613	0.00531	0.00466
38	0.01477	0.17799	0.01658	0.02726	0.03071	0.10145	0.00924	0.07613	0.21527	0.04029	0.14610	0.02080	0.01962	0.01041	0.06643	0.00230	0.00643	0.00601	0.00462	0.00759
39	0.16963	0.06931	0.22795	0.17762	0.12945	0.01365	0.01471	0.01680	0.01156	0.03244	0.01041	0.01396	0.00834	0.04467	0.00683	0.00201	0.03577	0.00457	0.00291	0.00741
40	0.02147	0.02724	0.01672	0.01568	0.04312	0.74656	0.01146	0.02304	0.01637	0.01439	0.00905	0.01062	0.00755	0.00596	0.00526	0.00151	0.01037	0.00379	0.00299	0.00683
41	0.01242	0.00890	0.01135	0.02933	0.01315	0.00907	0.03326	0.16615	0.05191	0.06349	0.06895	0.37513	0.02803	0.01301	0.00679	0.00211	0.00464	0.06816	0.00546	0.02868
42	0.01278	0.01287	0.01725	0.01490	0.01507	0.04460	0.01234	0.01411	0.00921	0.01397	0.00816	0.01325	0.00805	0.01205	0.06423	0.00292	0.71022	0.00511	0.00260	0.00630
43	0.01705	0.00955	0.03054	0.00958	0.01278	0.00868	0.00786	0.12453	0.01802	0.30269	0.35356	0.02946	0.03189	0.00925	0.00629	0.00181	0.00425	0.00783	0.00651	0.00786
44	0.20997	0.01521	0.03127	0.01176	0.03137	0.15376	0.00932	0.16884	0.06768	0.16099	0.01489	0.05246	0.01146	0.00701	0.00523	0.00176	0.00614	0.00522	0.02767	0.00800
45	0.02172	0.02772	0.01648	0.01498	0.01798	0.77228	0.01124	0.02322	0.01648	0.01423	0.00899	0.01049	0.00749	0.00599	0.00524	0.00150	0.01049	0.00375	0.00300	0.00674
46	0.02280	0.01047	0.01337	0.01048	0.01456	0.00983	0.00857	0.13679	0.04249	0.53134	0.11538	0.02197	0.01898	0.00779	0.00597	0.00180	0.00488	0.00637	0.00684	0.00931
