[name]
unknown

[dist]
# distance from previous block
# <min> <max>
0	47

[block]
# block no. 0 follows, 48 sequences, length 15
# corresponding to MSA columns:
# 47-61
name=unknown_A
#
# <colnr> <probs for GDERKNQSTAVLIFYWHMCP>
#	G	D	E	R	K	N	Q	S	T	A	V	L	I	F	Y	W	H	M	C	P
0	0.00827	0.00591	0.00827	0.00945	0.01063	0.00591	0.00827	0.01063	0.01181	0.01536	0.02717	0.05788	0.02953	0.01417	0.00709	0.00236	0.00472	0.75313	0.00472	0.00472
1	0.00638	0.00452	0.00592	0.00698	0.00724	0.00425	0.00459	0.00718	0.00957	0.01276	0.02698	0.73243	0.03230	0.10221	0.00865	0.00239	0.00319	0.01382	0.00459	0.00405
2	0.04296	0.00740	0.01089	0.12999	0.01462	0.00758	0.07412	0.07060	0.01157	0.08991	0.02066	0.43372	0.02204	0.03134	0.00641	0.00196	0.00449	0.01000	0.00427	0.00546
3	0.01868	0.01396	0.01493	0.01164	0.01560	0.01552	0.00955	0.67916	0.11687	0.03100	0.01337	0.01316	0.00958	0.00626	0.00514	0.00156	0.00545	0.00476	0.00514	0.00865
4	0.01064	0.00912	0.01064	0.00760	0.01216	0.00684	0.00608	0.01292	0.01064	0.01672	0.00912	0.01064	0.00760	0.00380	0.00380	0.00076	0.00380	0.00304	0.00304	0.85104
5	0.85592	0.00992	0.00754	0.00675	0.00992	0.01151	0.00556	0.01508	0.00873	0.02302	0.00714	0.00834	0.00556	0.00476	0.00318	0.00159	0.00397	0.00278	0.00318	0.00556
6	0.01153	0.01179	0.01560	0.11299	0.01636	0.06445	0.01152	0.01296	0.00858	0.01246	0.00711	0.01141	0.00674	0.00827	0.01460	0.00212	0.65916	0.00442	0.00227	0.00564
7	0.01951	0.01437	0.01540	0.01181	0.01591	0.01591	0.00975	0.77056	0.02412	0.03234	0.01232	0.01232	0.00873	0.00616	0.00513	0.00154	0.00565	0.00462	0.00513	0.00873
8	0.01064	0.00912	0.01064	0.00760	0.01216	0.00684	0.00608	0.01292	0.01064	0.01672	0.00912	0.01064	0.00760	0.00380	0.00380	0.00076	0.00380	0.00304	0.00304	0.85104
9	0.00939	0.00871	0.01456	0.73691	0.03288	0.01076	0.01341	0.01258	0.01022	0.01311	0.01081	0.08433	0.00923	0.00609	0.00525	0.00174	0.00650	0.00544	0.00250	0.00557
10	0.01113	0.03211	0.01729	0.09774	0.01737	0.04351	0.12466	0.01304	0.00917	0.01304	0.00883	0.04244	0.00829	0.00970	0.06083	0.00241	0.47519	0.00508	0.00244	0.00574
11	0.00628	0.00469	0.00584	0.00665	0.00734	0.00425	0.00457	0.00737	0.01059	0.01380	0.08642	0.58427	0.20932	0.01497	0.00640	0.00197	0.00285	0.01335	0.00483	0.00425
12	0.01772	0.01352	0.03629	0.01113	0.01520	0.01410	0.00933	0.58498	0.06353	0.05506	0.04163	0.01365	0.01056	0.00612	0.00504	0.00149	0.00528	0.00471	0.00492	0.08574
13	0.01528	0.01299	0.06114	0.01057	0.01474	0.01253	0.00902	0.39794	0.12209	0.02508	0.01250	0.01297	0.00937	0.00662	0.03073	0.00159	0.00533	0.00434	0.00433	0.23086
14	0.01232	0.00998	0.01135	0.00831	0.01266	0.00852	0.00670	0.15995	0.01326	0.01984	0.01002	0.01128	0.00802	0.00434	0.00405	0.00093	0.00411	0.00341	0.03464	0.65630

[dist]
# distance from previous block
# <min> <max>
0	1

[block]
# block no. 1 follows, 48 sequences, length 6
# corresponding to MSA columns:
# 63-68
name=unknown_B
#
# <colnr> <probs for GDERKNQSTAVLIFYWHMCP>
#	G	D	E	R	K	N	Q	S	T	A	V	L	I	F	Y	W	H	M	C	P
0	0.01866	0.01296	0.01427	0.01097	0.01504	0.01379	0.00902	0.56008	0.06469	0.12340	0.01346	0.01317	0.00950	0.00599	0.00501	0.00148	0.00521	0.00459	0.00508	0.09362
1	0.01277	0.01018	0.01157	0.00866	0.01274	0.00918	0.00698	0.22545	0.01484	0.02152	0.09258	0.01406	0.01226	0.00517	0.00441	0.00107	0.00417	0.00415	0.00391	0.52433
2	0.04199	0.05606	0.10539	0.01050	0.01470	0.01260	0.00952	0.38242	0.01788	0.16757	0.01334	0.01340	0.00941	0.00582	0.00476	0.00148	0.00520	0.00444	0.08974	0.03381
3	0.01323	0.01223	0.09628	0.01186	0.06897	0.01035	0.04915	0.17405	0.09049	0.07012	0.03052	0.04137	0.04223	0.02208	0.00530	0.00146	0.00499	0.00504	0.00394	0.24635
4	0.01339	0.01044	0.01339	0.01073	0.01393	0.01081	0.08855	0.26982	0.11019	0.04936	0.10610	0.05580	0.04658	0.01015	0.08105	0.00219	0.00569	0.00612	0.00451	0.09122
5	0.01281	0.01250	0.06999	0.05477	0.09309	0.09418	0.05471	0.13058	0.08975	0.05404	0.04572	0.14371	0.06154	0.00786	0.00561	0.00165	0.02057	0.00671	0.00397	0.03625

[dist]
# distance from previous block
# <min> <max>
3	26

[block]
# block no. 2 follows, 48 sequences, length 70
# corresponding to MSA columns:
# 96-165
name=unknown_C
#
# <colnr> <probs for GDERKNQSTAVLIFYWHMCP>
#	G	D	E	R	K	N	Q	S	T	A	V	L	I	F	Y	W	H	M	C	P
0	0.01330	0.02774	0.01371	0.01194	0.06939	0.03287	0.07502	0.11107	0.20808	0.09244	0.05307	0.09016	0.04261	0.00705	0.00519	0.00154	0.00475	0.00614	0.00440	0.12953
1	0.06550	0.01107	0.01305	0.05032	0.09342	0.05621	0.02378	0.11828	0.11799	0.10011	0.06747	0.03786	0.01282	0.00615	0.00535	0.00147	0.03871	0.00497	0.00405	0.17142
2	0.04883	0.01199	0.01552	0.20918	0.11336	0.07592	0.06855	0.15727	0.02526	0.04100	0.04144	0.01342	0.00945	0.00526	0.00490	0.00146	0.00596	0.00449	0.00336	0.14339
3	0.01513	0.01467	0.01450	0.06038	0.14418	0.21885	0.00997	0.15154	0.06751	0.03716	0.01121	0.01244	0.02021	0.00524	0.00471	0.00133	0.00614	0.00410	0.00344	0.19731
4	0.01296	0.01241	0.01525	0.21317	0.18762	0.11087	0.01132	0.09774	0.02633	0.01694	0.00956	0.01203	0.00764	0.00499	0.00515	0.00139	0.03492	0.00406	0.00293	0.21272
5	0.01210	0.01059	0.01688	0.34017	0.30243	0.03841	0.04501	0.01503	0.01132	0.07372	0.01162	0.01469	0.03020	0.00552	0.00544	0.01989	0.00623	0.00481	0.02924	0.00673
6	0.02893	0.01132	0.01677	0.34261	0.28948	0.05584	0.01345	0.04597	0.01181	0.08473	0.01022	0.01317	0.00784	0.00526	0.00556	0.00163	0.04110	0.00451	0.00288	0.00694
7	0.01302	0.02603	0.03779	0.38740	0.02490	0.08288	0.03523	0.14539	0.01295	0.04773	0.00992	0.01299	0.00761	0.00699	0.03567	0.00193	0.09766	0.00450	0.00299	0.00642
8	0.01424	0.01087	0.01278	0.01005	0.01363	0.06693	0.04532	0.11419	0.01342	0.14362	0.03482	0.01688	0.01148	0.00610	0.00565	0.00135	0.06304	0.06794	0.00396	0.34372
9	0.01350	0.01249	0.10792	0.15178	0.21122	0.03479	0.01204	0.03181	0.13908	0.14924	0.01634	0.01715	0.06780	0.00608	0.00516	0.00162	0.00560	0.00521	0.00376	0.00741
10	0.00798	0.00552	0.00714	0.00657	0.00802	0.00500	0.00497	0.01034	0.01432	0.05125	0.70656	0.03685	0.06656	0.01016	0.00594	0.00159	0.00255	0.00894	0.00556	0.03418
11	0.00625	0.00447	0.00595	0.00714	0.00744	0.00417	0.00476	0.00714	0.00982	0.01310	0.02828	0.81633	0.03394	0.01608	0.00655	0.00208	0.00298	0.01459	0.00476	0.00417
12	0.01372	0.82276	0.02689	0.00878	0.01317	0.02030	0.00878	0.01536	0.01043	0.01207	0.00713	0.00823	0.00658	0.00439	0.00329	0.00110	0.00549	0.00274	0.00219	0.00658
13	0.01029	0.02654	0.79309	0.01462	0.02221	0.01192	0.01896	0.01625	0.01083	0.01625	0.00921	0.01083	0.00650	0.00487	0.00487	0.00162	0.00758	0.00379	0.00217	0.00758
14	0.01372	0.82276	0.02689	0.00878	0.01317	0.02030	0.00878	0.01536	0.01043	0.01207	0.00713	0.00823	0.00658	0.00439	0.00329	0.00110	0.00549	0.00274	0.00219	0.00658
15	0.01500	0.01122	0.01218	0.01048	0.01368	0.01257	0.00828	0.13362	0.57592	0.11804	0.01958	0.01796	0.01430	0.00677	0.00520	0.00169	0.00433	0.00555	0.00535	0.00828
16	0.00733	0.00550	0.00825	0.00825	0.00916	0.00641	0.00641	0.00916	0.00825	0.01191	0.01374	0.02016	0.01283	0.03848	0.79934	0.00825	0.01374	0.00550	0.00275	0.00458
17	0.00792	0.00539	0.00707	0.00657	0.00789	0.00495	0.00495	0.01033	0.01453	0.05296	0.75283	0.03745	0.04691	0.01032	0.00601	0.00161	0.00250	0.00911	0.00568	0.00500
18	0.01958	0.02806	0.15909	0.01029	0.01481	0.03142	0.00978	0.05625	0.01430	0.54461	0.04659	0.01638	0.01244	0.00616	0.00509	0.00158	0.00511	0.00494	0.00530	0.00825
19	0.02233	0.00878	0.01183	0.00911	0.01298	0.00770	0.00751	0.04717	0.01497	0.73968	0.04819	0.01808	0.01390	0.00650	0.00519	0.00159	0.00433	0.00530	0.00629	0.00859
20	0.00615	0.00516	0.00535	0.00539	0.00701	0.00435	0.00401	0.00750	0.01176	0.01423	0.09626	0.09530	0.69392	0.01303	0.00609	0.00175	0.00261	0.01096	0.00482	0.00435
21	0.01029	0.02654	0.79309	0.01462	0.02221	0.01192	0.01896	0.01625	0.01083	0.01625	0.00921	0.01083	0.00650	0.00487	0.00487	0.00162	0.00758	0.00379	0.00217	0.00758
22	0.02823	0.01157	0.01954	0.20400	0.55776	0.01213	0.04105	0.03501	0.01165	0.01646	0.00958	0.01287	0.00779	0.00473	0.00509	0.00157	0.00630	0.00459	0.00256	0.00751
23	0.00606	0.00520	0.00520	0.00520	0.00693	0.00433	0.00390	0.00736	0.01170	0.01386	0.05198	0.04938	0.78558	0.01299	0.00606	0.00173	0.00260	0.01083	0.00476	0.00433
24	0.00624	0.00520	0.00544	0.00538	0.00704	0.00441	0.00404	0.00770	0.01211	0.01483	0.15827	0.04778	0.67868	0.01263	0.00606	0.00172	0.00257	0.01060	0.00489	0.00441
25	0.01029	0.02654	0.79309	0.01462	0.02221	0.01192	0.01896	0.01625	0.01083	0.01625	0.00921	0.01083	0.00650	0.00487	0.00487	0.00162	0.00758	0.00379	0.00217	0.00758
26	0.00969	0.00912	0.01539	0.80734	0.03534	0.01140	0.01425	0.01311	0.01026	0.01311	0.00912	0.01368	0.00684	0.00513	0.00513	0.00171	0.00684	0.00456	0.00228	0.00570
27	0.01372	0.82276	0.02689	0.00878	0.01317	0.02030	0.00878	0.01536	0.01043	0.01207	0.00713	0.00823	0.00658	0.00439	0.00329	0.00110	0.00549	0.00274	0.00219	0.00658
28	0.00743	0.00511	0.00626	0.00626	0.00649	0.00534	0.00394	0.00789	0.00766	0.01044	0.01556	0.03020	0.01719	0.62332	0.22047	0.00580	0.00718	0.00697	0.00302	0.00348
29	0.00746	0.00497	0.00560	0.00560	0.00560	0.00497	0.00311	0.00746	0.00746	0.00995	0.01617	0.03358	0.01865	0.81967	0.02612	0.00497	0.00497	0.00746	0.00311	0.00311
30	0.01064	0.00912	0.01064	0.00760	0.01216	0.00684	0.00608	0.01292	0.01064	0.01672	0.00912	0.01064	0.00760	0.00380	0.00380	0.00076	0.00380	0.00304	0.00304	0.85104
31	0.01372	0.82276	0.02689	0.00878	0.01317	0.02030	0.00878	0.01536	0.01043	0.01207	0.00713	0.00823	0.00658	0.00439	0.00329	0.00110	0.00549	0.00274	0.00219	0.00658
32	0.00610	0.00505	0.00535	0.00560	0.00704	0.00430	0.00408	0.00732	0.01131	0.01370	0.04707	0.20819	0.62994	0.01363	0.00616	0.00181	0.00268	0.01161	0.00476	0.00430
33	0.01381	0.01075	0.01213	0.00904	0.01336	0.00984	0.00732	0.23601	0.05627	0.05010	0.01110	0.01184	0.00855	0.00476	0.00432	0.00107	0.00438	0.00373	0.00389	0.52773
34	0.01228	0.01176	0.02007	0.13942	0.68301	0.01208	0.01554	0.01538	0.01149	0.01625	0.00958	0.01284	0.00795	0.00465	0.00509	0.00155	0.00620	0.00457	0.00250	0.00779
35	0.00625	0.00447	0.00595	0.00714	0.00744	0.00417	0.00476	0.00714	0.00982	0.01310	0.02828	0.81633	0.03394	0.01608	0.00655	0.00208	0.00298	0.01459	0.00476	0.00417
36	0.00998	0.00968	0.01717	0.71337	0.03432	0.01159	0.10452	0.01351	0.01048	0.01351	0.00927	0.01370	0.00695	0.00503	0.00524	0.00171	0.00706	0.00474	0.00232	0.00585
37	0.01439	0.72472	0.02537	0.00932	0.01350	0.11595	0.00892	0.01599	0.01093	0.01213	0.00723	0.00836	0.00659	0.00450	0.00346	0.00113	0.00595	0.00281	0.00225	0.00651
38	0.00983	0.00927	0.01565	0.77003	0.07152	0.01144	0.01432	0.01324	0.01033	0.01329	0.00915	0.01363	0.00690	0.00510	0.00513	0.00170	0.00680	0.00456	0.00229	0.00582
39	0.00649	0.00475	0.00637	0.00737	0.00767	0.00467	0.00501	0.00740	0.00966	0.01297	0.02685	0.74915	0.03206	0.03342	0.02818	0.00231	0.03306	0.01382	0.00458	0.00421
40	0.01311	0.68133	0.16299	0.00982	0.01477	0.01881	0.01059	0.01552	0.01050	0.01281	0.00750	0.00869	0.00657	0.00448	0.00357	0.00119	0.00586	0.00293	0.00219	0.00676
41	0.00891	0.00446	0.00668	0.00668	0.00668	0.00446	0.00446	0.00668	0.00668	0.00891	0.00891	0.01560	0.00891	0.01783	0.02005	0.85071	0.00446	0.00446	0.00223	0.00223
42	0.00624	0.00452	0.00590	0.00701	0.00741	0.00418	0.00470	0.00716	0.00996	0.01315	0.02995	0.76219	0.08699	0.01586	0.00651	0.00206	0.00295	0.01432	0.00476	0.00418
43	0.01078	0.02315	0.58914	0.01650	0.02344	0.01220	0.21950	0.01630	0.01117	0.01630	0.00952	0.01164	0.00684	0.00473	0.00519	0.00165	0.00787	0.00440	0.00228	0.00741
44	0.02302	0.00873	0.01191	0.00913	0.01310	0.00754	0.00754	0.02501	0.01469	0.79122	0.02024	0.01746	0.01270	0.00635	0.00516	0.00159	0.00437	0.00516	0.00635	0.00873
45	0.00814	0.00569	0.00702	0.00656	0.00809	0.00525	0.00496	0.01085	0.05009	0.06182	0.54554	0.05568	0.18945	0.01071	0.00598	0.00165	0.00265	0.00931	0.00547	0.00510
46	0.01077	0.01022	0.01734	0.52936	0.30489	0.01168	0.01479	0.01405	0.01077	0.01442	0.00931	0.01333	0.00730	0.00493	0.00511	0.00164	0.00657	0.00456	0.00237	0.00657
47	0.01517	0.01222	0.01296	0.01093	0.01426	0.01389	0.00870	0.29261	0.50913	0.02535	0.01783	0.01671	0.01319	0.00668	0.00519	0.00167	0.00463	0.00538	0.00519	0.00834
48	0.53508	0.00964	0.01036	0.25445	0.01801	0.01137	0.00846	0.01491	0.00948	0.05795	0.00840	0.01050	0.00633	0.00504	0.00417	0.00164	0.02192	0.00348	0.00304	0.00576
49	0.01372	0.82276	0.02689	0.00878	0.01317	0.02030	0.00878	0.01536	0.01043	0.01207	0.00713	0.00823	0.00658	0.00439	0.00329	0.00110	0.00549	0.00274	0.00219	0.00658
50	0.01064	0.00912	0.01064	0.00760	0.01216	0.00684	0.00608	0.01292	0.01064	0.01672	0.00912	0.01064	0.00760	0.00380	0.00380	0.00076	0.00380	0.00304	0.00304	0.85104
51	0.00694	0.00516	0.00649	0.00648	0.00765	0.00470	0.00484	0.00893	0.01316	0.01795	0.49772	0.15680	0.18132	0.01197	0.00618	0.00174	0.00266	0.04934	0.00531	0.00464
52	0.00973	0.00957	0.01816	0.06605	0.01846	0.00918	0.35790	0.03610	0.01220	0.01642	0.13430	0.19549	0.07604	0.00856	0.00607	0.00178	0.00582	0.00861	0.00375	0.00579
53	0.00626	0.00516	0.00552	0.00574	0.00725	0.00443	0.00431	0.00760	0.01154	0.01401	0.06331	0.14159	0.63037	0.01339	0.00619	0.00181	0.00278	0.05963	0.00478	0.00435
54	0.00978	0.00921	0.01556	0.78369	0.05827	0.01142	0.01430	0.01319	0.01030	0.01322	0.00914	0.01365	0.00688	0.00511	0.00513	0.00170	0.00682	0.00456	0.00229	0.00577
55	0.01328	0.72137	0.12445	0.00952	0.01432	0.01923	0.01008	0.01548	0.01048	0.01260	0.00740	0.00856	0.00657	0.00445	0.00349	0.00116	0.00575	0.00288	0.00219	0.00671
56	0.02188	0.00859	0.01161	0.00901	0.01279	0.00751	0.00740	0.02419	0.03309	0.72873	0.06385	0.01869	0.01481	0.00660	0.00521	0.00159	0.00425	0.00541	0.00628	0.00850
57	0.01211	0.01384	0.03028	0.02163	0.02682	0.01298	0.76903	0.01644	0.01211	0.01644	0.01038	0.01384	0.00779	0.00433	0.00606	0.00173	0.00865	0.00606	0.00260	0.00692
58	0.00640	0.00457	0.00613	0.00732	0.00768	0.00430	0.00502	0.00741	0.00997	0.01327	0.02820	0.75965	0.03361	0.01593	0.00659	0.00210	0.00311	0.06977	0.00476	0.00421
59	0.01347	0.01376	0.02040	0.02889	0.66483	0.10886	0.04280	0.01635	0.01205	0.01623	0.00947	0.01232	0.00793	0.00465	0.00506	0.00151	0.00658	0.00447	0.00255	0.00782
60	0.00606	0.00520	0.00520	0.00520	0.00693	0.00433	0.00390	0.00736	0.01170	0.01386	0.05198	0.04938	0.78558	0.01299	0.00606	0.00173	0.00260	0.01083	0.00476	0.00433
61	0.00642	0.00512	0.00602	0.02913	0.00824	0.00461	0.00487	0.00773	0.01101	0.01370	0.04039	0.31536	0.43730	0.01394	0.00629	0.00191	0.00303	0.07588	0.00469	0.00435
62	0.01086	0.14777	0.57979	0.07329	0.02201	0.01323	0.05310	0.01589	0.01079	0.01538	0.00894	0.01079	0.00660	0.00479	0.00471	0.00155	0.00725	0.00380	0.00220	0.00726
63	0.00969	0.00912	0.01539	0.80734	0.03534	0.01140	0.01425	0.01311	0.01026	0.01311	0.00912	0.01368	0.00684	0.00513	0.00513	0.00171	0.00684	0.00456	0.00228	0.00570
64	0.00952	0.00890	0.01494	0.76886	0.03400	0.01105	0.01379	0.01282	0.01024	0.01311	0.01004	0.05228	0.00814	0.00566	0.00520	0.00173	0.00665	0.00504	0.00240	0.00563
65	0.40235	0.01003	0.01127	0.28735	0.01956	0.03566	0.00909	0.03188	0.01059	0.12438	0.00976	0.01156	0.00708	0.00515	0.00422	0.00162	0.00523	0.00378	0.00332	0.00612
66	0.31113	0.04400	0.04065	0.15819	0.16512	0.04063	0.02480	0.03701	0.01088	0.06571	0.00960	0.02819	0.00763	0.00514	0.00434	0.00156	0.00542	0.00402	0.00307	0.03293
67	0.07465	0.01023	0.01587	0.10820	0.42412	0.01041	0.01207	0.03030	0.01184	0.11157	0.02946	0.07804	0.04856	0.00632	0.00514	0.00161	0.00532	0.00569	0.00342	0.00720
68	0.07143	0.01002	0.04454	0.01161	0.06243	0.02443	0.09902	0.06798	0.02767	0.25518	0.22164	0.04595	0.02100	0.00722	0.00539	0.00162	0.00470	0.00635	0.00486	0.00696
69	0.01302	0.01068	0.02751	0.16648	0.08926	0.08589	0.00943	0.09656	0.02811	0.11808	0.12445	0.07733	0.05980	0.00730	0.00527	0.00157	0.00517	0.00618	0.00408	0.06384

[dist]
# distance from previous block
# <min> <max>
3	15

[block]
# block no. 3 follows, 48 sequences, length 9
# corresponding to MSA columns:
# 181-189
name=unknown_D
#
# <colnr> <probs for GDERKNQSTAVLIFYWHMCP>
#	G	D	E	R	K	N	Q	S	T	A	V	L	I	F	Y	W	H	M	C	P
0	0.01269	0.04301	0.01527	0.07280	0.22494	0.03626	0.04980	0.01868	0.23230	0.08179	0.01828	0.03367	0.09056	0.00650	0.00517	0.00159	0.00512	0.00571	0.00389	0.04196
1	0.03404	0.00965	0.01055	0.00877	0.01177	0.00980	0.00677	0.14977	0.23676	0.02000	0.03640	0.05880	0.03597	0.11014	0.00754	0.00186	0.00424	0.00565	0.00426	0.23726
2	0.01506	0.06248	0.03344	0.24776	0.05472	0.02885	0.11974	0.05579	0.01261	0.23858	0.01245	0.01397	0.00881	0.00542	0.00547	0.00159	0.03302	0.00473	0.00368	0.04182
3	0.01276	0.01102	0.01160	0.01044	0.01334	0.01276	0.00812	0.02727	0.77840	0.02146	0.02088	0.01914	0.01566	0.00696	0.00522	0.00174	0.00406	0.00580	0.00522	0.00812
4	0.01250	0.01022	0.01164	0.00848	0.01295	0.00874	0.00685	0.17170	0.01347	0.01999	0.00979	0.01099	0.00784	0.00429	0.00408	0.00092	0.00419	0.00337	0.00348	0.67452
5	0.56508	0.01001	0.00913	0.03932	0.01195	0.01138	0.00663	0.01852	0.17067	0.09680	0.01137	0.01170	0.00842	0.00539	0.00387	0.00162	0.00414	0.00371	0.00388	0.00641
6	0.01943	0.01311	0.01445	0.01123	0.01520	0.01422	0.00923	0.57454	0.09636	0.15678	0.01447	0.01384	0.01006	0.00627	0.00515	0.00157	0.00528	0.00482	0.00534	0.00867
7	0.01147	0.04292	0.01104	0.00961	0.01166	0.03697	0.00746	0.09167	0.32779	0.01860	0.04946	0.18826	0.01995	0.05046	0.00722	0.00198	0.04750	0.05488	0.00462	0.00649
8	0.00847	0.00640	0.00833	0.17416	0.01282	0.00687	0.00618	0.04980	0.00980	0.01289	0.05642	0.05224	0.06666	0.45977	0.01703	0.00355	0.00506	0.03596	0.00339	0.00421

[dist]
# distance from previous block
# <min> <max>
14	38

[block]
# block no. 4 follows, 48 sequences, length 46
# corresponding to MSA columns:
# 230-275
name=unknown_E
#
# <colnr> <probs for GDERKNQSTAVLIFYWHMCP>
#	G	D	E	R	K	N	Q	S	T	A	V	L	I	F	Y	W	H	M	C	P
0	0.16939	0.33161	0.13608	0.00943	0.01376	0.04327	0.00933	0.04573	0.03247	0.04779	0.04349	0.02371	0.00931	0.00520	0.00397	0.00135	0.00530	0.00368	0.00300	0.06212
1	0.30465	0.18981	0.07938	0.00964	0.03445	0.04683	0.00848	0.09514	0.04033	0.06335	0.03719	0.02179	0.00906	0.00534	0.00402	0.00145	0.00501	0.00376	0.00340	0.03691
2	0.18295	0.23446	0.12477	0.00973	0.02766	0.01338	0.00916	0.12302	0.01279	0.05761	0.09376	0.01318	0.01163	0.00551	0.00421	0.00140	0.00501	0.00405	0.00345	0.06226
3	0.02975	0.02374	0.02735	0.00646	0.00807	0.00543	0.00511	0.00963	0.01359	0.01892	0.57223	0.03850	0.20118	0.01059	0.00589	0.00163	0.00270	0.00915	0.00523	0.00486
4	0.01529	0.52649	0.10409	0.01000	0.01448	0.09766	0.00985	0.04299	0.01190	0.11159	0.00927	0.00992	0.00742	0.00484	0.00389	0.00125	0.00596	0.00328	0.00286	0.00697
5	0.03649	0.10306	0.12753	0.00939	0.01273	0.00989	0.02245	0.03056	0.14137	0.14028	0.18795	0.07322	0.04628	0.02928	0.00575	0.00170	0.00444	0.00650	0.00449	0.00664
6	0.01918	0.04011	0.01488	0.01160	0.02851	0.12189	0.00928	0.48364	0.02004	0.13999	0.01268	0.01297	0.00914	0.02402	0.00544	0.00156	0.00589	0.00448	0.00473	0.02998
7	0.00673	0.00492	0.00661	0.00754	0.00801	0.00481	0.00536	0.00792	0.01039	0.01399	0.09536	0.63785	0.03384	0.01513	0.00691	0.00208	0.03043	0.09302	0.00475	0.00434
8	0.08737	0.01297	0.01409	0.03366	0.04302	0.01431	0.00929	0.50277	0.13968	0.02794	0.01288	0.01302	0.00942	0.00596	0.00491	0.00154	0.00521	0.00456	0.00470	0.05271
9	0.00625	0.00447	0.00595	0.00714	0.00744	0.00417	0.00476	0.00714	0.00982	0.01310	0.02828	0.81633	0.03394	0.01608	0.00655	0.00208	0.00298	0.01459	0.00476	0.00417
10	0.01408	0.77030	0.02608	0.00907	0.01335	0.07148	0.00885	0.01570	0.01070	0.01210	0.00719	0.00830	0.00659	0.00445	0.00338	0.00111	0.00573	0.00278	0.00222	0.00654
11	0.09301	0.10126	0.45433	0.01519	0.03686	0.01296	0.18407	0.01608	0.01089	0.01654	0.00907	0.01104	0.00674	0.00469	0.00482	0.00159	0.00723	0.00411	0.00237	0.00715
12	0.00746	0.00497	0.00560	0.00560	0.00560	0.00497	0.00311	0.00746	0.00746	0.00995	0.01617	0.03358	0.01865	0.81967	0.02612	0.00497	0.00497	0.00746	0.00311	0.00311
13	0.00724	0.00491	0.00580	0.00607	0.00621	0.00484	0.00368	0.00758	0.00829	0.01107	0.03994	0.19171	0.02293	0.60654	0.02094	0.00421	0.00449	0.03654	0.00357	0.00343
14	0.06126	0.00982	0.01490	0.63045	0.08102	0.03181	0.01318	0.04226	0.01092	0.01486	0.00938	0.01331	0.00713	0.00514	0.00494	0.00166	0.00649	0.00443	0.03109	0.00594
15	0.01022	0.00967	0.01650	0.62663	0.16270	0.01140	0.03531	0.01357	0.01061	0.01390	0.00984	0.01498	0.00784	0.00531	0.00521	0.00170	0.00669	0.02939	0.00241	0.00612
16	0.00745	0.00561	0.00820	0.00814	0.00894	0.00653	0.00623	0.00909	0.00816	0.01174	0.01378	0.02119	0.01322	0.11242	0.70371	0.00777	0.03494	0.00566	0.00277	0.00447
17	0.01276	0.01102	0.01160	0.01044	0.01334	0.01276	0.00812	0.02727	0.77840	0.02146	0.02088	0.01914	0.01566	0.00696	0.00522	0.00174	0.00406	0.00580	0.00522	0.00812
18	0.01951	0.01437	0.01540	0.01181	0.01591	0.01591	0.00975	0.77056	0.02412	0.03234	0.01232	0.01232	0.00873	0.00616	0.00513	0.00154	0.00565	0.00462	0.00513	0.00873
19	0.01029	0.02654	0.79309	0.01462	0.02221	0.01192	0.01896	0.01625	0.01083	0.01625	0.00921	0.01083	0.00650	0.00487	0.00487	0.00162	0.00758	0.00379	0.00217	0.00758
20	0.01372	0.82276	0.02689	0.00878	0.01317	0.02030	0.00878	0.01536	0.01043	0.01207	0.00713	0.00823	0.00658	0.00439	0.00329	0.00110	0.00549	0.00274	0.00219	0.00658
21	0.01917	0.02445	0.01454	0.01322	0.01586	0.79907	0.00991	0.02049	0.01454	0.01256	0.00793	0.00925	0.00661	0.00529	0.00463	0.00132	0.00925	0.00330	0.00264	0.00595
22	0.01233	0.22919	0.37249	0.01327	0.01880	0.01394	0.10940	0.01622	0.01091	0.07194	0.00968	0.01168	0.00749	0.02770	0.00592	0.00163	0.05373	0.00405	0.00257	0.00708
23	0.01951	0.01437	0.01540	0.01181	0.01591	0.01591	0.00975	0.77056	0.02412	0.03234	0.01232	0.01232	0.00873	0.00616	0.00513	0.00154	0.00565	0.00462	0.00513	0.00873
24	0.00746	0.00497	0.00560	0.00560	0.00560	0.00497	0.00311	0.00746	0.00746	0.00995	0.01617	0.03358	0.01865	0.81967	0.02612	0.00497	0.00497	0.00746	0.00311	0.00311
25	0.01930	0.04150	0.01575	0.01176	0.01582	0.04474	0.00973	0.71809	0.02332	0.03094	0.01199	0.01207	0.00858	0.00607	0.00505	0.00152	0.00577	0.00451	0.00494	0.00855
26	0.01222	0.01305	0.07023	0.18337	0.55510	0.04583	0.01541	0.01546	0.01147	0.01582	0.00944	0.01262	0.00770	0.00473	0.00506	0.00156	0.00648	0.00446	0.00247	0.00752
27	0.00608	0.00515	0.00525	0.00533	0.00697	0.00432	0.00396	0.00735	0.01157	0.01381	0.05034	0.10229	0.73373	0.01321	0.00610	0.00176	0.00263	0.01109	0.00476	0.00432
28	0.00668	0.00493	0.00634	0.00728	0.00805	0.00459	0.00537	0.00799	0.01069	0.01387	0.04680	0.49619	0.17038	0.01499	0.00657	0.00207	0.00328	0.17483	0.00477	0.00433
29	0.01094	0.07035	0.67041	0.01470	0.02176	0.04229	0.06734	0.01637	0.01103	0.01589	0.00912	0.01082	0.00659	0.00483	0.00485	0.00159	0.00760	0.00386	0.00221	0.00742
30	0.01257	0.01198	0.01998	0.06446	0.70347	0.01219	0.01518	0.01639	0.06201	0.01691	0.01037	0.01317	0.00857	0.00475	0.00509	0.00155	0.00599	0.00465	0.00270	0.00802
31	0.00793	0.02866	0.02895	0.00681	0.00836	0.00553	0.00541	0.01042	0.01431	0.04020	0.72237	0.03620	0.04518	0.01006	0.00592	0.00160	0.00270	0.00884	0.00548	0.00507
32	0.01917	0.02445	0.01454	0.01322	0.01586	0.79907	0.00991	0.02049	0.01454	0.01256	0.00793	0.00925	0.00661	0.00529	0.00463	0.00132	0.00925	0.00330	0.00264	0.00595
33	0.01031	0.00988	0.01663	0.60333	0.13110	0.01197	0.03969	0.01349	0.01028	0.01363	0.00900	0.01332	0.00703	0.00540	0.00628	0.00174	0.08393	0.00461	0.00232	0.00605
34	0.01203	0.01167	0.02039	0.19195	0.57526	0.01208	0.07099	0.01525	0.01142	0.01598	0.00959	0.01299	0.00783	0.00467	0.00516	0.00158	0.00644	0.00468	0.00249	0.00753
35	0.01044	0.00993	0.01697	0.61152	0.20802	0.01162	0.03145	0.01379	0.01063	0.01402	0.00927	0.01346	0.00716	0.00498	0.00514	0.00167	0.00671	0.00460	0.00235	0.00629
36	0.01166	0.01287	0.09866	0.22410	0.50007	0.01206	0.01558	0.01505	0.01114	0.01568	0.00940	0.01272	0.00760	0.00486	0.00538	0.00160	0.02727	0.00449	0.00243	0.00740
37	0.01044	0.04477	0.74776	0.01474	0.02216	0.01215	0.04561	0.01624	0.01087	0.01616	0.00920	0.01088	0.00655	0.00484	0.00488	0.00162	0.00757	0.00385	0.00218	0.00754
38	0.01116	0.01059	0.01784	0.42834	0.38517	0.01180	0.01481	0.01465	0.02801	0.01500	0.00963	0.01334	0.00764	0.00491	0.00511	0.00162	0.00643	0.00459	0.00247	0.00688
39	0.00729	0.00532	0.00754	0.00762	0.00831	0.00597	0.00562	0.00868	0.00819	0.01158	0.01520	0.07527	0.01543	0.19963	0.58627	0.00716	0.01121	0.00650	0.00296	0.00425
40	0.35298	0.03410	0.09235	0.04111	0.04369	0.01119	0.07972	0.05762	0.01177	0.21299	0.01137	0.01195	0.00798	0.00520	0.00436	0.00159	0.00519	0.00401	0.00383	0.00698
41	0.00829	0.00670	0.00925	0.00872	0.00916	0.00820	0.00661	0.00943	0.00793	0.01145	0.01278	0.02188	0.01305	0.25439	0.39423	0.00590	0.19908	0.00582	0.00273	0.00440
42	0.00625	0.00447	0.00595	0.00714	0.00744	0.00417	0.00476	0.00714	0.00982	0.01310	0.02828	0.81633	0.03394	0.01608	0.00655	0.00208	0.00298	0.01459	0.00476	0.00417
43	0.00979	0.00828	0.00830	0.00853	0.00976	0.10083	0.00611	0.04104	0.11456	0.04370	0.02438	0.53883	0.04000	0.01277	0.00603	0.00190	0.00402	0.01126	0.00464	0.00526
44	0.02510	0.05932	0.63848	0.01524	0.07150	0.01206	0.04427	0.01584	0.01091	0.01613	0.01073	0.01233	0.03547	0.00511	0.00488	0.00160	0.00718	0.00412	0.00232	0.00740
45	0.50154	0.04277	0.01078	0.03569	0.06044	0.04144	0.00722	0.08949	0.01106	0.02150	0.00835	0.00972	0.00657	0.00481	0.00370	0.00144	0.00457	0.00322	0.01983	0.11585

[dist]
# distance from previous block
# <min> <max>
3	10

[block]
# block no. 5 follows, 48 sequences, length 7
# corresponding to MSA columns:
# 286-292
name=unknown_F
#
# <colnr> <probs for GDERKNQSTAVLIFYWHMCP>
#	G	D	E	R	K	N	Q	S	T	A	V	L	I	F	Y	W	H	M	C	P
0	0.01223	0.05070	0.34621	0.01208	0.01705	0.07726	0.07635	0.01597	0.01218	0.12214	0.07607	0.01959	0.12671	0.00668	0.00519	0.00160	0.00615	0.00555	0.00347	0.00681
1	0.14358	0.42695	0.09182	0.00883	0.01263	0.01502	0.00855	0.01519	0.06937	0.01563	0.06940	0.08000	0.01261	0.00614	0.00406	0.00140	0.00489	0.00458	0.00306	0.00630
2	0.03631	0.07524	0.06140	0.01060	0.01415	0.08719	0.00903	0.29159	0.14180	0.08523	0.10445	0.03235	0.01478	0.00669	0.00503	0.00155	0.00526	0.00524	0.00461	0.00751
3	0.01319	0.08070	0.09891	0.02113	0.41943	0.01105	0.01276	0.01597	0.01168	0.13116	0.01353	0.12315	0.01205	0.00643	0.00512	0.00158	0.00551	0.00580	0.00334	0.00749
4	0.01121	0.01439	0.16521	0.38509	0.19021	0.08584	0.01471	0.01475	0.01106	0.01444	0.00985	0.04254	0.00804	0.00539	0.00508	0.00163	0.00691	0.00467	0.00244	0.00654
5	0.01368	0.49616	0.10975	0.00901	0.01334	0.01522	0.00909	0.01582	0.01129	0.13036	0.01551	0.01557	0.11443	0.00592	0.00414	0.00132	0.00516	0.00434	0.00317	0.00671
6	0.12574	0.00909	0.01379	0.57886	0.07802	0.01086	0.01227	0.01306	0.01026	0.01477	0.01254	0.01593	0.07321	0.00571	0.00494	0.00168	0.00604	0.00485	0.00263	0.00572

[dist]
# distance from previous block
# <min> <max>
1	2

[block]
# block no. 6 follows, 48 sequences, length 65
# corresponding to MSA columns:
# 295-359
name=unknown_G
#
# <colnr> <probs for GDERKNQSTAVLIFYWHMCP>
#	G	D	E	R	K	N	Q	S	T	A	V	L	I	F	Y	W	H	M	C	P
0	0.01276	0.01102	0.01160	0.01044	0.01334	0.01276	0.00812	0.02727	0.77840	0.02146	0.02088	0.01914	0.01566	0.00696	0.00522	0.00174	0.00406	0.00580	0.00522	0.00812
1	0.01372	0.82276	0.02689	0.00878	0.01317	0.02030	0.00878	0.01536	0.01043	0.01207	0.00713	0.00823	0.00658	0.00439	0.00329	0.00110	0.00549	0.00274	0.00219	0.00658
2	0.85592	0.00992	0.00754	0.00675	0.00992	0.01151	0.00556	0.01508	0.00873	0.02302	0.00714	0.00834	0.00556	0.00476	0.00318	0.00159	0.00397	0.00278	0.00318	0.00556
3	0.00734	0.00545	0.00800	0.00800	0.00883	0.00628	0.00611	0.00900	0.00817	0.01173	0.01397	0.02140	0.01337	0.11102	0.72754	0.00794	0.01293	0.00568	0.00278	0.00444
4	0.85592	0.00992	0.00754	0.00675	0.00992	0.01151	0.00556	0.01508	0.00873	0.02302	0.00714	0.00834	0.00556	0.00476	0.00318	0.00159	0.00397	0.00278	0.00318	0.00556
5	0.01294	0.01111	0.01170	0.01048	0.01341	0.01284	0.00816	0.04630	0.75909	0.02174	0.02066	0.01897	0.01549	0.00694	0.00522	0.00174	0.00410	0.00577	0.00522	0.00814
6	0.01951	0.01437	0.01540	0.01181	0.01591	0.01591	0.00975	0.77056	0.02412	0.03234	0.01232	0.01232	0.00873	0.00616	0.00513	0.00154	0.00565	0.00462	0.00513	0.00873
7	0.25153	0.35314	0.01702	0.00896	0.01228	0.15845	0.00780	0.01550	0.01045	0.01523	0.00805	0.00983	0.00702	0.00860	0.09559	0.00210	0.00670	0.00317	0.00262	0.00595
8	0.01211	0.01384	0.03028	0.02163	0.02682	0.01298	0.76903	0.01644	0.01211	0.01644	0.01038	0.01384	0.00779	0.00433	0.00606	0.00173	0.00865	0.00606	0.00260	0.00692
9	0.01064	0.00912	0.01064	0.00760	0.01216	0.00684	0.00608	0.01292	0.01064	0.01672	0.00912	0.01064	0.00760	0.00380	0.00380	0.00076	0.00380	0.00304	0.00304	0.85104
10	0.00943	0.00796	0.04182	0.00744	0.01033	0.00624	0.00601	0.01202	0.03632	0.04829	0.25196	0.08266	0.06244	0.04869	0.00608	0.00148	0.00351	0.00663	0.00422	0.34645
11	0.01964	0.04886	0.01487	0.01092	0.01488	0.01400	0.00904	0.55510	0.02101	0.19291	0.01390	0.01387	0.00977	0.03018	0.00568	0.00163	0.00535	0.00474	0.00520	0.00847
12	0.01338	0.01133	0.01195	0.01057	0.01358	0.01305	0.00827	0.09533	0.70933	0.02246	0.02010	0.01852	0.01503	0.00689	0.00521	0.00172	0.00421	0.00569	0.00521	0.00818
13	0.00625	0.00447	0.00595	0.00714	0.00744	0.00417	0.00476	0.00714	0.00982	0.01310	0.02828	0.81633	0.03394	0.01608	0.00655	0.00208	0.00298	0.01459	0.00476	0.00417
14	0.01135	0.23964	0.54022	0.01392	0.05392	0.01420	0.02850	0.01599	0.01078	0.01515	0.00869	0.01027	0.00662	0.00472	0.00448	0.00148	0.00697	0.00358	0.00220	0.00733
15	0.71004	0.01021	0.00836	0.00743	0.01059	0.01182	0.00605	0.03932	0.11963	0.02308	0.00927	0.01000	0.00710	0.00512	0.00353	0.00161	0.00403	0.00327	0.00353	0.00602
16	0.01077	0.00502	0.00731	0.00695	0.00750	0.00487	0.00483	0.00923	0.00785	0.11129	0.01062	0.01595	0.00953	0.01598	0.01762	0.71479	0.00438	0.00456	0.02779	0.00315
17	0.05196	0.01387	0.01865	0.02574	0.56697	0.12860	0.01378	0.05503	0.01273	0.05000	0.00987	0.01218	0.00801	0.00484	0.00493	0.00150	0.00637	0.00433	0.00288	0.00775
18	0.00736	0.00539	0.00770	0.00770	0.00843	0.00612	0.00574	0.00881	0.00809	0.01151	0.01424	0.02290	0.01402	0.19829	0.64117	0.00758	0.01195	0.00590	0.00282	0.00428
19	0.01259	0.01082	0.04628	0.05110	0.04682	0.01136	0.00877	0.06011	0.48495	0.05222	0.04440	0.02000	0.02699	0.00694	0.00515	0.00168	0.00435	0.02673	0.07122	0.00751
20	0.02191	0.00892	0.01190	0.00908	0.01310	0.00772	0.00748	0.04508	0.01462	0.70620	0.01911	0.01676	0.01217	0.00614	0.00505	0.00152	0.00436	0.00497	0.00604	0.07788
21	0.01270	0.01219	0.02083	0.03149	0.78767	0.01219	0.01575	0.01575	0.01168	0.01676	0.00965	0.01270	0.00813	0.00457	0.00508	0.00152	0.00610	0.00457	0.00254	0.00813
22	0.01917	0.02445	0.01454	0.01322	0.01586	0.79907	0.00991	0.02049	0.01454	0.01256	0.00793	0.00925	0.00661	0.00529	0.00463	0.00132	0.00925	0.00330	0.00264	0.00595
23	0.00625	0.00447	0.00595	0.00714	0.00744	0.00417	0.00476	0.00714	0.00982	0.01310	0.02828	0.81633	0.03394	0.01608	0.00655	0.00208	0.00298	0.01459	0.00476	0.00417
24	0.00625	0.00447	0.00595	0.00714	0.00744	0.00417	0.00476	0.00714	0.00982	0.01310	0.02828	0.81633	0.03394	0.01608	0.00655	0.00208	0.00298	0.01459	0.00476	0.00417
25	0.00827	0.00591	0.00827	0.00945	0.01063	0.00591	0.00827	0.01063	0.01181	0.01536	0.02717	0.05788	0.02953	0.01417	0.00709	0.00236	0.00472	0.75313	0.00472	0.00472
26	0.00733	0.00550	0.00825	0.00825	0.00916	0.00641	0.00641	0.00916	0.00825	0.01191	0.01374	0.02016	0.01283	0.03848	0.79934	0.00825	0.01374	0.00550	0.00275	0.00458
27	0.01208	0.19275	0.01723	0.01179	0.01313	0.08997	0.01000	0.01342	0.00911	0.01226	0.00775	0.01141	0.00740	0.01103	0.10351	0.00260	0.46237	0.00411	0.00233	0.00574
28	0.01293	0.01009	0.01160	0.00847	0.01291	0.00858	0.00684	0.15595	0.01338	0.05840	0.01028	0.01130	0.00807	0.00437	0.00412	0.00095	0.00418	0.00344	0.00360	0.65055
29	0.06366	0.00946	0.01198	0.00934	0.01321	0.00886	0.00768	0.09200	0.06809	0.63098	0.01892	0.01666	0.01219	0.00630	0.00506	0.00159	0.00444	0.00504	0.00600	0.00853
30	0.01353	0.66623	0.10355	0.01022	0.01489	0.05374	0.04835	0.01574	0.01074	0.01273	0.00754	0.00882	0.00664	0.00448	0.00365	0.00119	0.00603	0.00304	0.00223	0.00667
31	0.01088	0.01098	0.01601	0.65180	0.05144	0.09438	0.05142	0.01410	0.01085	0.01341	0.00919	0.01328	0.00700	0.00511	0.00510	0.00166	0.00709	0.00451	0.01596	0.00583
32	0.65601	0.08648	0.04959	0.00768	0.01127	0.01235	0.00682	0.04928	0.00998	0.06051	0.00813	0.00909	0.00620	0.00488	0.00346	0.00154	0.00439	0.00303	0.00328	0.00605
33	0.01095	0.18063	0.64481	0.01349	0.02046	0.01354	0.01699	0.01608	0.01075	0.01544	0.00881	0.01033	0.00652	0.00478	0.00457	0.00152	0.00718	0.00359	0.00217	0.00739
34	0.01593	0.00715	0.00958	0.00798	0.01069	0.00631	0.00638	0.01791	0.01410	0.44425	0.26752	0.04722	0.06382	0.00875	0.00590	0.01961	0.00363	0.03052	0.00587	0.00688
35	0.01310	0.00920	0.01100	0.00799	0.01243	0.00722	0.00644	0.03648	0.01174	0.15544	0.01120	0.01191	0.00854	0.00432	0.00408	0.00093	0.00395	0.00346	0.00369	0.67686
36	0.00625	0.00447	0.00595	0.00714	0.00744	0.00417	0.00476	0.00714	0.00982	0.01310	0.02828	0.81633	0.03394	0.01608	0.00655	0.00208	0.00298	0.01459	0.00476	0.00417
37	0.01276	0.01102	0.01160	0.01044	0.01334	0.01276	0.00812	0.02727	0.77840	0.02146	0.02088	0.01914	0.01566	0.00696	0.00522	0.00174	0.00406	0.00580	0.00522	0.00812
38	0.01107	0.09171	0.58400	0.01423	0.02084	0.01254	0.08227	0.01685	0.05652	0.03179	0.01041	0.02694	0.00781	0.00515	0.00490	0.00160	0.00713	0.00425	0.00252	0.00743
39	0.05520	0.04641	0.54235	0.04653	0.02006	0.01127	0.01551	0.01776	0.01145	0.16958	0.01122	0.01206	0.00770	0.00516	0.00481	0.00160	0.00667	0.00401	0.00305	0.00760
40	0.01029	0.02654	0.79309	0.01462	0.02221	0.01192	0.01896	0.01625	0.01083	0.01625	0.00921	0.01083	0.00650	0.00487	0.00487	0.00162	0.00758	0.00379	0.00217	0.00758
41	0.00997	0.00931	0.01556	0.46114	0.15803	0.01053	0.05885	0.01340	0.03493	0.01439	0.01414	0.06622	0.04947	0.00669	0.00544	0.00175	0.00615	0.05512	0.00287	0.00604
42	0.02010	0.01222	0.12397	0.01007	0.01438	0.05326	0.00923	0.04826	0.01432	0.57520	0.01910	0.01729	0.04572	0.00637	0.00513	0.00158	0.00507	0.00509	0.00543	0.00821
43	0.00909	0.03278	0.46442	0.01125	0.01621	0.00921	0.01311	0.01349	0.01211	0.01755	0.28331	0.04644	0.03512	0.00733	0.00533	0.00163	0.00550	0.00616	0.00352	0.00644
44	0.00964	0.00901	0.01514	0.73407	0.06579	0.01107	0.01383	0.01292	0.01030	0.01326	0.01011	0.05418	0.00826	0.00566	0.00520	0.00172	0.00661	0.00507	0.00242	0.00573
45	0.00732	0.00501	0.00646	0.00714	0.00799	0.00462	0.00516	0.00862	0.01094	0.04875	0.10127	0.49846	0.14098	0.02627	0.00672	0.00204	0.00317	0.09970	0.00489	0.00451
46	0.01267	0.01346	0.09092	0.02606	0.57150	0.03959	0.01468	0.03463	0.01179	0.03292	0.01072	0.05650	0.00938	0.00556	0.00572	0.00160	0.04684	0.00501	0.00276	0.00768
47	0.67458	0.00985	0.00847	0.00728	0.01055	0.01102	0.00599	0.05744	0.01042	0.12558	0.00945	0.01009	0.00690	0.00509	0.00356	0.00157	0.00407	0.00325	0.02870	0.00613
48	0.00813	0.00578	0.00739	0.00765	0.00890	0.00528	0.00558	0.03215	0.01069	0.03892	0.02411	0.51525	0.02746	0.04921	0.00701	0.00203	0.00354	0.11041	0.00450	0.12600
49	0.01254	0.01161	0.04967	0.01028	0.01368	0.01197	0.00841	0.04679	0.60836	0.02085	0.01837	0.01732	0.01385	0.00638	0.00500	0.00159	0.00424	0.00527	0.00476	0.12907
50	0.01264	0.01213	0.02071	0.04794	0.77172	0.01217	0.01572	0.01569	0.01165	0.01669	0.00964	0.01272	0.00810	0.00458	0.00508	0.00153	0.00611	0.00457	0.00253	0.00808
51	0.01107	0.02424	0.67509	0.01393	0.02084	0.01197	0.01732	0.09221	0.01236	0.01809	0.04833	0.01236	0.00882	0.00529	0.00496	0.00162	0.00713	0.00415	0.00264	0.00756
52	0.00626	0.00521	0.00547	0.00540	0.00705	0.00441	0.00405	0.00774	0.01216	0.01495	0.17107	0.04758	0.66581	0.01259	0.00606	0.00171	0.00257	0.01058	0.00491	0.00441
53	0.01638	0.18332	0.05578	0.01128	0.01476	0.29765	0.00955	0.22548	0.01601	0.01874	0.06875	0.03757	0.01122	0.00606	0.00467	0.00140	0.00668	0.00439	0.00351	0.00679
54	0.01050	0.00977	0.01630	0.39321	0.31193	0.01093	0.01367	0.01348	0.01075	0.01455	0.01153	0.06832	0.01036	0.00685	0.02156	0.00184	0.02230	0.04305	0.00267	0.00643
55	0.11472	0.01147	0.04713	0.05121	0.05354	0.01149	0.00891	0.25825	0.09806	0.11207	0.10500	0.01630	0.01405	0.00675	0.01638	0.00164	0.00492	0.00502	0.00454	0.05853
56	0.01920	0.02359	0.01461	0.01310	0.01587	0.73228	0.00990	0.08446	0.01536	0.01424	0.00831	0.00951	0.00679	0.00536	0.00467	0.00134	0.00895	0.00342	0.00286	0.00619
57	0.01276	0.01102	0.01160	0.01044	0.01334	0.01276	0.00812	0.02727	0.77840	0.02146	0.02088	0.01914	0.01566	0.00696	0.00522	0.00174	0.00406	0.00580	0.00522	0.00812
58	0.00977	0.00920	0.01553	0.78744	0.05463	0.01142	0.01429	0.01318	0.01030	0.01320	0.00913	0.01365	0.00687	0.00512	0.00513	0.00171	0.00682	0.00456	0.00229	0.00576
59	0.00729	0.00490	0.00565	0.00582	0.00587	0.00486	0.00335	0.00742	0.00781	0.01041	0.01793	0.14759	0.02088	0.70262	0.02327	0.00455	0.00468	0.00850	0.00335	0.00326
60	0.01136	0.01152	0.01581	0.03716	0.01438	0.03998	0.02720	0.01262	0.00826	0.01248	0.00729	0.02521	0.00723	0.00877	0.01570	0.00219	0.73025	0.00466	0.00231	0.00563
61	0.74821	0.01061	0.04757	0.00729	0.01070	0.01118	0.00635	0.01566	0.00930	0.06967	0.02079	0.00951	0.00674	0.00496	0.00343	0.00159	0.00415	0.00308	0.00336	0.00584
62	0.01249	0.01198	0.02044	0.08613	0.73468	0.01214	0.01564	0.01556	0.01158	0.01651	0.00961	0.01277	0.00804	0.00461	0.00508	0.00154	0.00615	0.00457	0.00252	0.00796
63	0.01079	0.00707	0.00889	0.00879	0.01065	0.00708	0.00720	0.05198	0.10946	0.11552	0.09537	0.11741	0.09244	0.01162	0.00627	0.00199	0.00408	0.32249	0.00510	0.00578
64	0.00969	0.04758	0.00938	0.00861	0.01020	0.00747	0.00704	0.09353	0.02314	0.02793	0.03843	0.12021	0.05492	0.12795	0.00915	0.00245	0.00455	0.36436	0.00442	0.02897

[dist]
# distance from previous block
# <min> <max>
7	12

[block]
# block no. 7 follows, 48 sequences, length 16
# corresponding to MSA columns:
# 373-388
name=unknown_H
#
# <colnr> <probs for GDERKNQSTAVLIFYWHMCP>
#	G	D	E	R	K	N	Q	S	T	A	V	L	I	F	Y	W	H	M	C	P
0	0.01570	0.07276	0.06566	0.02996	0.02872	0.04369	0.00950	0.25440	0.20663	0.10246	0.01449	0.01510	0.01086	0.00607	0.00492	0.00151	0.00522	0.02402	0.00446	0.08386
1	0.01022	0.03886	0.00831	0.00710	0.00867	0.00595	0.00540	0.01198	0.01260	0.15042	0.35739	0.09861	0.06175	0.13663	0.00903	0.00221	0.00349	0.06109	0.00506	0.00523
2	0.01667	0.01643	0.30327	0.01277	0.06026	0.01068	0.01252	0.13512	0.01437	0.31202	0.01388	0.01367	0.00932	0.00557	0.00499	0.00156	0.00583	0.00445	0.00426	0.04235
3	0.00697	0.00532	0.00645	0.00642	0.00782	0.00481	0.00499	0.00897	0.01310	0.01738	0.40909	0.04516	0.31471	0.01193	0.00620	0.00176	0.00282	0.11625	0.00519	0.00464
4	0.00628	0.00451	0.00592	0.00703	0.00737	0.00420	0.00468	0.00716	0.00982	0.01303	0.02871	0.76668	0.05884	0.04037	0.00713	0.00216	0.00302	0.01424	0.00471	0.00414
5	0.00733	0.00550	0.00825	0.00825	0.00916	0.00641	0.00641	0.00916	0.00825	0.01191	0.01374	0.02016	0.01283	0.03848	0.79934	0.00825	0.01374	0.00550	0.00275	0.00458
6	0.01441	0.01100	0.01214	0.01147	0.05666	0.03909	0.00853	0.02538	0.55925	0.14117	0.01995	0.01969	0.01500	0.00696	0.00526	0.00171	0.00443	0.03476	0.00514	0.00801
7	0.01028	0.00868	0.01020	0.00781	0.01177	0.00688	0.00620	0.01307	0.04941	0.01661	0.01219	0.07540	0.01125	0.00548	0.00427	0.00100	0.00380	0.04608	0.00338	0.69623
8	0.00897	0.00565	0.00723	0.00660	0.00821	0.00509	0.00503	0.01118	0.01416	0.11099	0.59460	0.03736	0.14449	0.01034	0.00595	0.00163	0.00268	0.00900	0.00561	0.00523
9	0.01749	0.00890	0.01188	0.00937	0.01251	0.00857	0.00768	0.01941	0.01283	0.45758	0.08575	0.01715	0.01408	0.00675	0.00700	0.00156	0.14141	0.00506	0.00503	0.15000
10	0.75582	0.01008	0.00851	0.00754	0.01034	0.01201	0.00623	0.01476	0.00863	0.02176	0.00710	0.00868	0.00570	0.00526	0.00479	0.00167	0.09952	0.00298	0.00307	0.00556
11	0.24033	0.01092	0.01206	0.00974	0.01337	0.01164	0.03089	0.19462	0.15425	0.24904	0.01476	0.01406	0.01028	0.00594	0.00467	0.00161	0.00463	0.00455	0.00491	0.00772
12	0.01430	0.01179	0.01247	0.01075	0.01393	0.01348	0.00849	0.19729	0.60586	0.02395	0.01892	0.01758	0.01408	0.00678	0.00520	0.00169	0.00442	0.00553	0.00520	0.00826
13	0.01169	0.00974	0.01120	0.00810	0.01260	0.00792	0.00652	0.10270	0.01224	0.01857	0.00950	0.01084	0.00773	0.00408	0.00396	0.00085	0.00402	0.00323	0.00329	0.75122
14	0.12293	0.00858	0.00976	0.00887	0.01101	0.03931	0.02103	0.01606	0.14415	0.11476	0.23713	0.05326	0.02497	0.00893	0.00608	0.00178	0.04532	0.11517	0.00482	0.00606
