[name]
unknown

[dist]
# distance from previous block
# <min> <max>
0	125

[block]
# block no. 0 follows, 44 sequences, length 73
# corresponding to MSA columns:
# 148,149,152-222
name=unknown_A
#
# <colnr> <probs for GDERKNQSTAVLIFYWHMCP>
#	G	D	E	R	K	N	Q	S	T	A	V	L	I	F	Y	W	H	M	C	P
0	0.01287	0.01471	0.03217	0.02298	0.02849	0.01379	0.75460	0.01746	0.01287	0.01746	0.01103	0.01471	0.00827	0.00460	0.00643	0.00184	0.00919	0.00643	0.00276	0.00735
1	0.00862	0.04784	0.04416	0.00924	0.01102	0.00691	0.00820	0.01100	0.01241	0.01601	0.06173	0.09632	0.15242	0.01383	0.00696	0.00225	0.00462	0.47648	0.00481	0.00516
2	0.01331	0.01417	0.01672	0.01409	0.01528	0.14275	0.04693	0.01482	0.01002	0.01381	0.00780	0.01166	0.00728	0.00813	0.01386	0.00205	0.55383	0.00449	0.00255	0.08647
3	0.01008	0.00798	0.00913	0.00911	0.01086	0.04261	0.00743	0.08864	0.04271	0.01922	0.19601	0.07925	0.12979	0.01251	0.00671	0.00207	0.00439	0.31070	0.00521	0.00560
4	0.02039	0.02518	0.01552	0.01393	0.01686	0.72851	0.01052	0.07713	0.01622	0.01493	0.00878	0.01008	0.00719	0.00569	0.00496	0.00142	0.00954	0.00362	0.00301	0.00654
5	0.01134	0.00971	0.01180	0.08389	0.01526	0.00792	0.00736	0.03346	0.01163	0.01774	0.01031	0.03248	0.00876	0.00458	0.00429	0.00096	0.00438	0.00375	0.00326	0.71712
6	0.09591	0.00991	0.01224	0.00965	0.01353	0.00945	0.00790	0.11126	0.04640	0.53252	0.07801	0.01884	0.01541	0.00694	0.00537	0.00169	0.00459	0.00556	0.00618	0.00863
7	0.02044	0.03376	0.20501	0.01109	0.01621	0.00945	0.01101	0.02361	0.01446	0.55134	0.03556	0.01706	0.01256	0.00641	0.00538	0.00168	0.00548	0.00516	0.00551	0.00882
8	0.02423	0.00965	0.01288	0.00988	0.01410	0.00856	0.00816	0.07173	0.01622	0.73213	0.02099	0.01822	0.01323	0.00674	0.00548	0.00168	0.00472	0.00545	0.00667	0.00928
9	0.01093	0.02820	0.78016	0.01554	0.02360	0.01266	0.02014	0.01727	0.01151	0.01727	0.00978	0.01151	0.00691	0.00518	0.00518	0.00173	0.00806	0.00403	0.00230	0.00806
10	0.06201	0.01128	0.05508	0.01439	0.14536	0.00972	0.02967	0.04462	0.01475	0.52900	0.01775	0.01658	0.01168	0.00619	0.00537	0.00168	0.00527	0.00518	0.00551	0.00889
11	0.01194	0.01010	0.01088	0.00989	0.01254	0.01131	0.00764	0.02389	0.56774	0.02205	0.16771	0.02653	0.07723	0.00857	0.00578	0.00182	0.00387	0.00725	0.00560	0.00768
12	0.00648	0.00540	0.00565	0.00586	0.00745	0.00457	0.00429	0.00779	0.01210	0.01460	0.05112	0.17533	0.65197	0.01434	0.00653	0.00190	0.00283	0.01216	0.00506	0.00457
13	0.00912	0.00676	0.00815	0.02849	0.01013	0.02662	0.00619	0.07239	0.04123	0.03825	0.05172	0.60697	0.03136	0.01470	0.00664	0.00209	0.00378	0.02510	0.00507	0.00526
14	0.03725	0.01421	0.01556	0.01193	0.01627	0.01534	0.00985	0.62225	0.02356	0.13567	0.01405	0.01371	0.00975	0.00648	0.00538	0.00162	0.00573	0.00490	0.00553	0.03096
15	0.00680	0.00481	0.00628	0.00739	0.00767	0.00453	0.00485	0.00763	0.01014	0.01351	0.02850	0.71220	0.03410	0.11240	0.00946	0.00258	0.00342	0.01459	0.00485	0.00429
16	0.06579	0.01202	0.01494	0.24004	0.02100	0.03829	0.01131	0.22882	0.01464	0.02082	0.01058	0.01348	0.00830	0.00681	0.00817	0.00183	0.19726	0.00471	0.07432	0.00688
17	0.01371	0.01460	0.05262	0.07053	0.06446	0.01385	0.51567	0.12857	0.01455	0.01972	0.01162	0.03273	0.00898	0.00527	0.00614	0.00180	0.00827	0.00615	0.00318	0.00758
18	0.02063	0.01502	0.01616	0.01243	0.01676	0.01658	0.01025	0.71762	0.04514	0.05356	0.01355	0.01343	0.00958	0.00657	0.00546	0.00164	0.00592	0.00496	0.00549	0.00925
19	0.01312	0.01042	0.01223	0.03545	0.01415	0.00945	0.00762	0.16823	0.01422	0.03940	0.01260	0.08942	0.01114	0.00611	0.00510	0.00122	0.02734	0.00493	0.00391	0.51395
20	0.01140	0.01167	0.02229	0.15639	0.02445	0.01238	0.36204	0.01486	0.01173	0.01590	0.01381	0.04099	0.01267	0.00764	0.00818	0.00204	0.12633	0.13569	0.00310	0.00643
21	0.01194	0.00967	0.01149	0.02634	0.01354	0.00742	0.00674	0.01438	0.01151	0.05583	0.01028	0.01174	0.00833	0.00421	0.00414	0.00087	0.00414	0.00338	0.00339	0.78065
22	0.00808	0.00613	0.00888	0.00879	0.00989	0.00708	0.00683	0.01073	0.04735	0.01359	0.04944	0.02224	0.01550	0.03784	0.71170	0.00809	0.01353	0.00604	0.00319	0.00507
23	0.01294	0.01373	0.02689	0.02408	0.22345	0.01336	0.45520	0.01736	0.04411	0.01759	0.01104	0.01432	0.00866	0.00499	0.00654	0.00175	0.04540	0.00577	0.00287	0.04995
24	0.02115	0.00986	0.01239	0.00990	0.01378	0.00938	0.00805	0.05880	0.16949	0.55164	0.02296	0.02038	0.05202	0.00723	0.00554	0.00173	0.00454	0.00590	0.00636	0.00891
25	0.01016	0.00508	0.00508	0.00508	0.00635	0.00508	0.00381	0.01270	0.01143	0.02033	0.01778	0.02033	0.01397	0.00635	0.00381	0.00127	0.00254	0.00508	0.83867	0.00508
26	0.01218	0.01258	0.02428	0.28184	0.22819	0.01301	0.31482	0.01610	0.01210	0.01638	0.01038	0.01433	0.00803	0.00495	0.00583	0.00177	0.00784	0.00549	0.00263	0.00726
27	0.00787	0.00551	0.00707	0.00707	0.00746	0.00590	0.00471	0.00865	0.00826	0.01140	0.01615	0.02998	0.01735	0.50179	0.33098	0.00667	0.00901	0.00709	0.00315	0.00393
28	0.00644	0.00552	0.00552	0.00552	0.00736	0.00460	0.00414	0.00782	0.01243	0.01473	0.05523	0.05247	0.77218	0.01381	0.00644	0.00184	0.00276	0.01151	0.00506	0.00460
29	0.00662	0.00481	0.00626	0.00741	0.00786	0.00444	0.00498	0.00761	0.01061	0.01399	0.03224	0.73948	0.10001	0.01680	0.00691	0.00218	0.00313	0.01515	0.00506	0.00444
30	0.01103	0.04957	0.75966	0.01537	0.02333	0.01290	0.01985	0.01724	0.01150	0.01714	0.00972	0.01143	0.00691	0.00517	0.00513	0.00171	0.00800	0.00400	0.00230	0.00803
31	0.01788	0.02126	0.01538	0.01453	0.05411	0.52612	0.01067	0.02180	0.14515	0.01519	0.01078	0.01208	0.00880	0.00633	0.00651	0.00160	0.09758	0.00418	0.00323	0.00680
32	0.02072	0.01527	0.01636	0.01254	0.01691	0.01691	0.01036	0.75622	0.02563	0.03436	0.01309	0.01309	0.00927	0.00654	0.00545	0.00164	0.00600	0.00491	0.00545	0.00927
33	0.01236	0.01412	0.04834	0.02130	0.04719	0.01342	0.59688	0.01641	0.01224	0.01683	0.01180	0.06398	0.00989	0.00587	0.00749	0.00190	0.08330	0.00674	0.00285	0.00709
34	0.00784	0.00562	0.00751	0.00785	0.00893	0.00534	0.00610	0.01005	0.01357	0.01864	0.41598	0.17767	0.04234	0.03415	0.00739	0.00212	0.00343	0.21504	0.00549	0.00494
35	0.06165	0.00947	0.01200	0.00907	0.01344	0.00799	0.00743	0.02206	0.01395	0.50444	0.01714	0.01582	0.01143	0.00582	0.00493	0.00141	0.00443	0.00466	0.00549	0.26737
36	0.01908	0.02286	0.01489	0.01343	0.01635	0.61053	0.01016	0.05062	0.15848	0.01593	0.01122	0.01195	0.00894	0.00599	0.00506	0.00150	0.00864	0.00407	0.00343	0.00687
37	0.02446	0.00928	0.01265	0.00970	0.01392	0.00801	0.00801	0.02657	0.01560	0.77817	0.02151	0.01856	0.01350	0.00675	0.00548	0.00169	0.00464	0.00548	0.00675	0.00928
38	0.01040	0.00980	0.01654	0.77065	0.06139	0.01214	0.01519	0.01402	0.01095	0.01405	0.00971	0.01450	0.00731	0.00543	0.00545	0.00181	0.00724	0.00485	0.00243	0.00614
39	0.00793	0.00529	0.00595	0.00595	0.00595	0.00529	0.00330	0.00793	0.00793	0.01057	0.01718	0.03568	0.01982	0.80840	0.02775	0.00529	0.00529	0.00793	0.00330	0.00330
40	0.01284	0.01463	0.03177	0.02276	0.02813	0.01386	0.73564	0.01735	0.01275	0.01735	0.01093	0.01463	0.00824	0.00472	0.00673	0.00185	0.02933	0.00639	0.00275	0.00732
41	0.02446	0.00928	0.01265	0.00970	0.01392	0.00801	0.00801	0.02657	0.01560	0.77817	0.02151	0.01856	0.01350	0.00675	0.00548	0.00169	0.00464	0.00548	0.00675	0.00928
42	0.02446	0.00928	0.01265	0.00970	0.01392	0.00801	0.00801	0.02657	0.01560	0.77817	0.02151	0.01856	0.01350	0.00675	0.00548	0.00169	0.00464	0.00548	0.00675	0.00928
43	0.33695	0.00982	0.01088	0.00877	0.01264	0.00975	0.00723	0.02262	0.03173	0.47286	0.01623	0.01491	0.01069	0.00612	0.00468	0.00169	0.00447	0.00454	0.00543	0.00798
44	0.02255	0.00945	0.01237	0.00973	0.01373	0.00857	0.00796	0.02623	0.10571	0.66171	0.02272	0.01990	0.03919	0.00706	0.00552	0.00171	0.00454	0.00577	0.00655	0.00904
45	0.00668	0.00556	0.00588	0.00606	0.00777	0.00475	0.00463	0.00815	0.01234	0.01484	0.05143	0.09109	0.66400	0.01409	0.00657	0.00192	0.00300	0.08155	0.00506	0.00463
46	0.17853	0.01070	0.01722	0.50352	0.04562	0.01241	0.12663	0.01495	0.01091	0.01666	0.00949	0.01340	0.00718	0.00523	0.00518	0.00179	0.00693	0.00471	0.00267	0.00628
47	0.01374	0.56947	0.21441	0.01116	0.01646	0.03967	0.01213	0.01660	0.01121	0.01395	0.00814	0.00957	0.00698	0.00498	0.00443	0.00135	0.03294	0.00327	0.00234	0.00721
48	0.02355	0.00921	0.01246	0.00961	0.01369	0.00804	0.00791	0.04000	0.01579	0.72570	0.05898	0.01956	0.01532	0.00696	0.00553	0.00169	0.00456	0.00569	0.00668	0.00907
49	0.02434	0.00947	0.01277	0.00979	0.01401	0.00830	0.00809	0.05018	0.01593	0.75410	0.02124	0.01838	0.01336	0.00674	0.00548	0.00169	0.00468	0.00546	0.00671	0.00928
50	0.00672	0.00541	0.00601	0.00627	0.00773	0.00470	0.00464	0.00820	0.01237	0.01541	0.12585	0.19750	0.51879	0.01421	0.00659	0.00193	0.00292	0.04493	0.00516	0.00465
51	0.01046	0.00985	0.01664	0.75707	0.07452	0.01215	0.01522	0.01407	0.01098	0.01412	0.00972	0.01448	0.00734	0.00542	0.00545	0.00181	0.00723	0.00485	0.00244	0.00619
52	0.01093	0.02820	0.78016	0.01554	0.02360	0.01266	0.02014	0.01727	0.01151	0.01727	0.00978	0.01151	0.00691	0.00518	0.00518	0.00173	0.00806	0.00403	0.00230	0.00806
53	0.00947	0.00473	0.00710	0.00710	0.00710	0.00473	0.00473	0.00710	0.00710	0.00947	0.00947	0.01657	0.00947	0.01894	0.02131	0.84138	0.00473	0.00473	0.00237	0.00237
54	0.44247	0.01099	0.01039	0.00869	0.01213	0.01209	0.00707	0.18681	0.04852	0.05477	0.10335	0.01474	0.01312	0.00626	0.00444	0.00164	0.00444	0.00450	0.00439	0.04918
55	0.00819	0.00581	0.00667	0.00672	0.00739	0.00568	0.00443	0.04507	0.01044	0.01368	0.05833	0.14860	0.13734	0.45452	0.01835	0.00383	0.00450	0.05217	0.00414	0.00414
56	0.00664	0.00474	0.00633	0.00759	0.00791	0.00443	0.00506	0.00759	0.01044	0.01392	0.03005	0.80485	0.03606	0.01708	0.00696	0.00221	0.00316	0.01550	0.00506	0.00443
57	0.01601	0.03581	0.11769	0.01178	0.01604	0.03070	0.01051	0.23284	0.31748	0.08366	0.01783	0.01711	0.03404	0.00680	0.00539	0.00171	0.00544	0.00540	0.00496	0.02880
58	0.03145	0.19080	0.01606	0.00989	0.01378	0.04609	0.00838	0.15443	0.08339	0.24369	0.03400	0.01851	0.08576	0.00691	0.00505	0.00155	0.00510	0.00534	0.00490	0.03492
59	0.01305	0.53271	0.20936	0.01077	0.01586	0.01791	0.01169	0.01597	0.01147	0.01466	0.07116	0.01214	0.01065	0.00546	0.00454	0.00138	0.02772	0.00381	0.00263	0.00707
60	0.01460	0.41454	0.16530	0.01135	0.01594	0.19232	0.01127	0.01721	0.01254	0.01458	0.07544	0.01233	0.01090	0.00555	0.00440	0.00137	0.00687	0.00387	0.00276	0.00688
61	0.01298	0.01243	0.02120	0.15575	0.65612	0.01282	0.01648	0.01628	0.01217	0.01719	0.01016	0.01366	0.00842	0.00495	0.00541	0.00165	0.00660	0.00486	0.00265	0.00822
62	0.12938	0.01152	0.01619	0.39975	0.16930	0.04766	0.03113	0.05312	0.03639	0.01754	0.01130	0.01448	0.02861	0.00562	0.00518	0.00174	0.00657	0.00479	0.00296	0.00677
63	0.25304	0.01491	0.02911	0.01165	0.03569	0.08492	0.00936	0.43163	0.01918	0.02860	0.01106	0.01172	0.00814	0.00597	0.00478	0.00162	0.00583	0.00421	0.02064	0.00793
64	0.00676	0.00483	0.00646	0.00772	0.00809	0.00453	0.00526	0.00779	0.01055	0.01404	0.02999	0.76546	0.03581	0.01697	0.00699	0.00223	0.00326	0.05377	0.00506	0.00446
65	0.00691	0.00593	0.00670	0.08158	0.01033	0.00537	0.00527	0.00860	0.01250	0.01518	0.10433	0.04794	0.64480	0.01280	0.00635	0.00183	0.00318	0.01074	0.00488	0.00478
66	0.03336	0.01297	0.01390	0.03180	0.01537	0.02696	0.00921	0.48884	0.11220	0.02848	0.03646	0.09926	0.05038	0.00814	0.00564	0.00174	0.00532	0.00654	0.00525	0.00816
67	0.00790	0.00541	0.00658	0.00658	0.00680	0.00563	0.00410	0.00834	0.00812	0.01104	0.01659	0.03245	0.01842	0.63466	0.19957	0.00607	0.00739	0.00746	0.00322	0.00366
68	0.01016	0.00508	0.00508	0.00508	0.00635	0.00508	0.00381	0.01270	0.01143	0.02033	0.01778	0.02033	0.01397	0.00635	0.00381	0.00127	0.00254	0.00508	0.83867	0.00508
69	0.00681	0.00481	0.00628	0.00738	0.00766	0.00454	0.00484	0.00763	0.01012	0.01349	0.02840	0.70626	0.03398	0.11850	0.00962	0.00261	0.00343	0.01453	0.00484	0.00428
70	0.08979	0.01162	0.01204	0.01041	0.01220	0.12678	0.04873	0.06339	0.01202	0.01848	0.01211	0.01505	0.00996	0.01875	0.00806	0.00172	0.20323	0.00468	0.31505	0.00594
71	0.00949	0.00687	0.00882	0.00833	0.00942	0.00761	0.00613	0.10482	0.01065	0.01476	0.01525	0.02498	0.01508	0.28593	0.43997	0.00672	0.01047	0.00640	0.00337	0.00492
72	0.01036	0.00615	0.00797	0.00724	0.00903	0.00554	0.00553	0.01265	0.01492	0.14805	0.53901	0.07647	0.11380	0.01096	0.00630	0.00175	0.00297	0.00956	0.00599	0.00575

[dist]
# distance from previous block
# <min> <max>
0	3

[block]
# block no. 1 follows, 44 sequences, length 94
# corresponding to MSA columns:
# 226-319
name=unknown_B
#
# <colnr> <probs for GDERKNQSTAVLIFYWHMCP>
#	G	D	E	R	K	N	Q	S	T	A	V	L	I	F	Y	W	H	M	C	P
0	0.04371	0.00974	0.01276	0.00985	0.01403	0.00880	0.00812	0.07136	0.03452	0.69562	0.02067	0.01803	0.01313	0.00671	0.00543	0.00169	0.00470	0.00540	0.00656	0.00918
1	0.12329	0.04551	0.04867	0.03094	0.01645	0.10839	0.01038	0.40620	0.04915	0.02633	0.01128	0.01216	0.00846	0.00637	0.00608	0.00168	0.07198	0.00442	0.00430	0.00798
2	0.02055	0.01300	0.01468	0.01147	0.01548	0.01378	0.00938	0.52059	0.02202	0.21424	0.01645	0.07537	0.01236	0.00741	0.00558	0.00169	0.00545	0.00586	0.00574	0.00890
3	0.05095	0.01063	0.01276	0.00945	0.01402	0.00926	0.03176	0.13127	0.01411	0.13166	0.01220	0.02436	0.00938	0.00508	0.00456	0.00116	0.00459	0.00409	0.00411	0.51461
4	0.01230	0.32213	0.49820	0.01321	0.01999	0.01600	0.01609	0.01691	0.01135	0.01560	0.00896	0.01047	0.00694	0.00499	0.00455	0.00152	0.00722	0.00361	0.00231	0.00766
5	0.57651	0.01042	0.00972	0.02559	0.01226	0.01130	0.00679	0.05097	0.01150	0.18828	0.01100	0.01139	0.00783	0.00546	0.00400	0.00165	0.00445	0.00364	0.00417	0.04307
6	0.00779	0.00582	0.00864	0.00864	0.00957	0.00675	0.00666	0.00966	0.00873	0.01257	0.01471	0.02204	0.01390	0.07420	0.75385	0.00861	0.01420	0.00593	0.00294	0.00480
7	0.00772	0.00557	0.00729	0.00686	0.00814	0.00514	0.00514	0.01029	0.01543	0.02186	0.77152	0.04072	0.05144	0.01115	0.00643	0.00171	0.00257	0.00986	0.00600	0.00514
8	0.01155	0.01257	0.02659	0.01963	0.02402	0.01178	0.59292	0.01534	0.01230	0.01664	0.01489	0.17058	0.01396	0.02223	0.00694	0.00198	0.00793	0.00825	0.00322	0.00670
9	0.01986	0.01087	0.01305	0.01049	0.01418	0.01097	0.00854	0.25323	0.09336	0.36374	0.06043	0.05705	0.01628	0.00779	0.00568	0.00174	0.00486	0.03324	0.00604	0.00860
10	0.01349	0.01295	0.02213	0.03346	0.77440	0.01295	0.01673	0.01673	0.01241	0.01781	0.01025	0.01349	0.00864	0.00486	0.00540	0.00162	0.00648	0.00486	0.00270	0.00864
11	0.00762	0.00554	0.00717	0.00682	0.00810	0.00509	0.00509	0.01008	0.01512	0.02125	0.71184	0.06674	0.08614	0.01147	0.00645	0.00174	0.00260	0.01013	0.00592	0.00509
12	0.02042	0.01310	0.01473	0.01152	0.01552	0.01393	0.00942	0.53453	0.02219	0.19727	0.01632	0.07804	0.01236	0.00744	0.00558	0.00169	0.00547	0.00589	0.00571	0.00888
13	0.02208	0.01310	0.01502	0.01151	0.01582	0.01368	0.00951	0.49164	0.02200	0.30407	0.01614	0.01507	0.01080	0.00662	0.00546	0.00165	0.00551	0.00512	0.00592	0.00927
14	0.00767	0.00554	0.00725	0.00689	0.00814	0.00512	0.00514	0.01018	0.01523	0.02154	0.74167	0.07148	0.05082	0.01138	0.00645	0.00173	0.00260	0.01009	0.00596	0.00512
15	0.10230	0.00940	0.01221	0.00946	0.01360	0.00841	0.00781	0.02557	0.01501	0.70684	0.02019	0.01764	0.01278	0.00659	0.00528	0.00169	0.00460	0.00524	0.00643	0.00896
16	0.02393	0.00964	0.01282	0.00988	0.01407	0.00861	0.00814	0.06103	0.04061	0.71838	0.02113	0.01836	0.01340	0.00676	0.00548	0.00169	0.00469	0.00548	0.00665	0.00926
17	0.01165	0.01254	0.02597	0.15224	0.02720	0.01226	0.52476	0.01571	0.01260	0.01701	0.07313	0.06277	0.01319	0.00600	0.00630	0.00185	0.00798	0.00697	0.00310	0.00678
18	0.00669	0.00478	0.00638	0.00764	0.00798	0.00447	0.00514	0.00767	0.01048	0.01397	0.03002	0.78916	0.03596	0.01704	0.00697	0.00222	0.00320	0.03074	0.00506	0.00444
19	0.00742	0.00548	0.00710	0.00804	0.00903	0.00516	0.00622	0.00909	0.01181	0.01530	0.06951	0.36004	0.17478	0.01546	0.00704	0.00223	0.00372	0.27278	0.00509	0.00471
20	0.01349	0.01295	0.02213	0.03346	0.77440	0.01295	0.01673	0.01673	0.01241	0.01781	0.01025	0.01349	0.00864	0.00486	0.00540	0.00162	0.00648	0.00486	0.00270	0.00864
21	0.01030	0.00969	0.01635	0.79530	0.03755	0.01211	0.01514	0.01393	0.01090	0.01393	0.00969	0.01453	0.00727	0.00545	0.00545	0.00182	0.00727	0.00484	0.00242	0.00606
22	0.84691	0.01054	0.00801	0.00717	0.01054	0.01223	0.00590	0.01603	0.00928	0.02446	0.00759	0.00886	0.00590	0.00506	0.00337	0.00169	0.00422	0.00295	0.00337	0.00590
23	0.00947	0.00473	0.00710	0.00710	0.00710	0.00473	0.00473	0.00710	0.00710	0.00947	0.00947	0.01657	0.00947	0.01894	0.02131	0.84138	0.00473	0.00473	0.00237	0.00237
24	0.00691	0.00508	0.00656	0.00742	0.00793	0.00483	0.00506	0.00800	0.01091	0.01454	0.09935	0.61318	0.10137	0.05354	0.00810	0.00228	0.02141	0.01402	0.00500	0.00449
25	0.01229	0.31958	0.50064	0.01323	0.02002	0.01598	0.01612	0.01692	0.01135	0.01561	0.00896	0.01048	0.00694	0.00499	0.00455	0.00152	0.00723	0.00361	0.00231	0.00766
26	0.00936	0.00643	0.00720	0.00683	0.00736	0.00660	0.00427	0.09314	0.01011	0.01349	0.01734	0.05678	0.01934	0.67729	0.02418	0.00472	0.00530	0.02257	0.00364	0.00405
27	0.01451	0.01143	0.02991	0.01064	0.01414	0.01160	0.03279	0.21142	0.24471	0.07389	0.11164	0.02281	0.07004	0.00775	0.00561	0.00168	0.00469	0.02480	0.00522	0.09073
28	0.01917	0.11953	0.10702	0.01036	0.01504	0.02842	0.00958	0.05344	0.03164	0.41692	0.03531	0.01579	0.01196	0.00608	0.00504	0.00152	0.00526	0.00478	0.00505	0.09810
29	0.07797	0.01079	0.01499	0.01164	0.01569	0.01052	0.10910	0.08134	0.13051	0.41734	0.04916	0.01810	0.01396	0.00660	0.00551	0.00173	0.00520	0.00567	0.00565	0.00851
30	0.01135	0.07229	0.65920	0.01595	0.02354	0.01329	0.09544	0.01723	0.01163	0.01703	0.00978	0.01168	0.00705	0.00509	0.00521	0.00171	0.00805	0.00421	0.00235	0.00792
31	0.01349	0.01295	0.02213	0.03346	0.77440	0.01295	0.01673	0.01673	0.01241	0.01781	0.01025	0.01349	0.00864	0.00486	0.00540	0.00162	0.00648	0.00486	0.00270	0.00864
32	0.04913	0.15618	0.42861	0.01235	0.01836	0.01268	0.01439	0.01731	0.01211	0.11338	0.04932	0.01638	0.04666	0.00622	0.00503	0.00165	0.00649	0.02289	0.00329	0.00756
33	0.10157	0.00999	0.02448	0.00953	0.01314	0.00961	0.00782	0.05506	0.16469	0.38958	0.11901	0.02037	0.01799	0.00720	0.00537	0.00170	0.00436	0.00585	0.00586	0.02683
34	0.00754	0.00533	0.00585	0.00588	0.00633	0.00510	0.00354	0.00790	0.00907	0.01165	0.02666	0.05531	0.20258	0.59972	0.02216	0.00439	0.00463	0.00895	0.00377	0.00364
35	0.00773	0.00522	0.00606	0.00629	0.00636	0.00516	0.00369	0.00794	0.00842	0.01122	0.01948	0.16113	0.02267	0.66523	0.02400	0.00474	0.00494	0.02259	0.00362	0.00352
36	0.01015	0.00820	0.00987	0.00902	0.01054	0.04170	0.03089	0.11329	0.01211	0.01604	0.03879	0.09582	0.10821	0.17449	0.27281	0.00482	0.02647	0.00765	0.00385	0.00528
37	0.01179	0.02224	0.44994	0.01882	0.02576	0.01316	0.34438	0.01735	0.01211	0.01735	0.01033	0.01292	0.00751	0.00492	0.00573	0.00178	0.00856	0.00509	0.00250	0.00775
38	0.00745	0.00556	0.00691	0.00657	0.00798	0.00503	0.00493	0.00976	0.01479	0.02035	0.61926	0.04322	0.20465	0.01171	0.00643	0.00174	0.00261	0.01021	0.00580	0.00503
39	0.01429	0.01799	0.12106	0.22208	0.22681	0.24216	0.01475	0.01743	0.01264	0.01522	0.00938	0.01235	0.00751	0.00547	0.00574	0.00165	0.03946	0.00434	0.00259	0.00710
40	0.01255	0.01397	0.02991	0.02238	0.06224	0.01315	0.66485	0.01693	0.01295	0.01764	0.04454	0.01719	0.01086	0.00521	0.00642	0.00184	0.00865	0.02852	0.00296	0.00725
41	0.02331	0.01034	0.01316	0.01013	0.01429	0.00968	0.00835	0.16974	0.01746	0.60979	0.01974	0.01753	0.01268	0.00670	0.00543	0.00166	0.00485	0.00536	0.03067	0.00915
42	0.00732	0.00577	0.00653	0.00626	0.00792	0.00512	0.00472	0.02605	0.01403	0.01826	0.36378	0.04649	0.44325	0.01249	0.00641	0.00178	0.00275	0.01064	0.00548	0.00494
43	0.00899	0.00697	0.00936	0.09559	0.01268	0.02422	0.02526	0.04034	0.01246	0.03948	0.18395	0.39383	0.05581	0.01371	0.03180	0.00220	0.02206	0.01121	0.00480	0.00527
44	0.84691	0.01054	0.00801	0.00717	0.01054	0.01223	0.00590	0.01603	0.00928	0.02446	0.00759	0.00886	0.00590	0.00506	0.00337	0.00169	0.00422	0.00295	0.00337	0.00590
45	0.03902	0.01057	0.01059	0.00912	0.01191	0.07609	0.00716	0.16542	0.09187	0.13125	0.08777	0.02914	0.21379	0.04697	0.00677	0.00189	0.00465	0.02526	0.02394	0.00682
46	0.01187	0.03207	0.01770	0.09566	0.01739	0.01621	0.04736	0.01349	0.00890	0.01340	0.00761	0.01225	0.00722	0.00876	0.01569	0.00227	0.65888	0.00481	0.00241	0.00607
47	0.84691	0.01054	0.00801	0.00717	0.01054	0.01223	0.00590	0.01603	0.00928	0.02446	0.00759	0.00886	0.00590	0.00506	0.00337	0.00169	0.00422	0.00295	0.00337	0.00590
48	0.00924	0.00716	0.00880	0.03403	0.01082	0.00657	0.00617	0.07145	0.01340	0.01861	0.21696	0.26314	0.09270	0.01115	0.00599	0.00170	0.00358	0.02784	0.00485	0.18586
49	0.04461	0.45235	0.06111	0.01071	0.01463	0.14129	0.00993	0.01755	0.01202	0.07551	0.03696	0.01131	0.00913	0.00570	0.00536	0.00142	0.07684	0.00370	0.00294	0.00693
50	0.01210	0.00728	0.01010	0.11472	0.01404	0.00708	0.00766	0.01494	0.02843	0.18600	0.37633	0.03334	0.03262	0.00955	0.00612	0.00179	0.00403	0.09305	0.00546	0.03536
51	0.01287	0.01471	0.03217	0.02298	0.02849	0.01379	0.75460	0.01746	0.01287	0.01746	0.01103	0.01471	0.00827	0.00460	0.00643	0.00184	0.00919	0.00643	0.00276	0.00735
52	0.00872	0.00613	0.00735	0.06987	0.00910	0.00642	0.00468	0.04389	0.00903	0.01202	0.01632	0.03255	0.01816	0.68667	0.04382	0.00492	0.00571	0.00748	0.00332	0.00385
53	0.01386	0.00809	0.00944	0.00808	0.01087	0.00763	0.00642	0.09837	0.06461	0.23384	0.11508	0.03459	0.31264	0.01015	0.00597	0.00176	0.00378	0.02371	0.02433	0.00679
54	0.77094	0.01050	0.00843	0.00744	0.01086	0.01200	0.00612	0.01707	0.03163	0.07184	0.00889	0.00980	0.00669	0.00523	0.00357	0.00169	0.00425	0.00320	0.00365	0.00620
55	0.00671	0.00543	0.00598	0.00619	0.00769	0.00470	0.00458	0.00820	0.01246	0.01549	0.13428	0.17531	0.53907	0.01408	0.00657	0.00191	0.00289	0.03864	0.00517	0.00465
56	0.01957	0.02115	0.01576	0.01474	0.06741	0.50637	0.01074	0.11286	0.04066	0.07812	0.01056	0.01165	0.00825	0.00606	0.00583	0.00154	0.05399	0.00409	0.00351	0.00714
57	0.00778	0.00525	0.00596	0.00606	0.00615	0.00519	0.00347	0.00790	0.00828	0.01098	0.01946	0.09815	0.04578	0.71867	0.02538	0.00493	0.00503	0.00865	0.00350	0.00344
58	0.00668	0.00477	0.00636	0.00757	0.00792	0.00445	0.00506	0.00769	0.01061	0.01419	0.05587	0.77824	0.03659	0.01687	0.00694	0.00220	0.00314	0.01530	0.00509	0.00445
59	0.01093	0.02820	0.78016	0.01554	0.02360	0.01266	0.02014	0.01727	0.01151	0.01727	0.00978	0.01151	0.00691	0.00518	0.00518	0.00173	0.00806	0.00403	0.00230	0.00806
60	0.02045	0.01469	0.01568	0.01220	0.01641	0.03332	0.01001	0.61417	0.08629	0.09873	0.01449	0.01411	0.01021	0.00661	0.00545	0.00165	0.00582	0.00503	0.00552	0.00915
61	0.00672	0.00480	0.00642	0.00768	0.00803	0.00450	0.00520	0.00773	0.01052	0.01401	0.03000	0.77755	0.03589	0.01701	0.00698	0.00222	0.00323	0.04202	0.00506	0.00445
62	0.00764	0.00553	0.00720	0.00686	0.00812	0.00510	0.00512	0.01010	0.01513	0.02132	0.72006	0.07700	0.06734	0.01149	0.00646	0.00174	0.00260	0.01016	0.00594	0.00510
63	0.02025	0.01491	0.01603	0.01233	0.01658	0.01647	0.01017	0.72883	0.02526	0.03390	0.04094	0.01410	0.01082	0.00671	0.00549	0.00164	0.00587	0.00509	0.00547	0.00912
64	0.01093	0.02820	0.78016	0.01554	0.02360	0.01266	0.02014	0.01727	0.01151	0.01727	0.00978	0.01151	0.00691	0.00518	0.00518	0.00173	0.00806	0.00403	0.00230	0.00806
65	0.00793	0.00529	0.00595	0.00595	0.00595	0.00529	0.00330	0.00793	0.00793	0.01057	0.01718	0.03568	0.01982	0.80840	0.02775	0.00529	0.00529	0.00793	0.00330	0.00330
66	0.02013	0.01421	0.01549	0.01204	0.01615	0.01553	0.00988	0.65978	0.02401	0.08508	0.01471	0.06156	0.01119	0.00720	0.00555	0.00167	0.00573	0.00559	0.00552	0.00898
67	0.01130	0.00969	0.01130	0.00807	0.01292	0.00727	0.00646	0.01373	0.01130	0.01776	0.00969	0.01130	0.00807	0.00404	0.00404	0.00081	0.00404	0.00323	0.00323	0.84173
68	0.08357	0.01477	0.01556	0.01207	0.01631	0.01641	0.00995	0.67038	0.05413	0.03314	0.01304	0.01306	0.00931	0.00647	0.00530	0.00165	0.00580	0.00481	0.00530	0.00899
69	0.01356	0.01171	0.01233	0.01109	0.01418	0.01356	0.00863	0.02897	0.76455	0.02281	0.02219	0.02034	0.01664	0.00740	0.00555	0.00185	0.00431	0.00616	0.00555	0.00863
70	0.02166	0.01378	0.01544	0.01183	0.01616	0.01469	0.00978	0.57440	0.02313	0.21971	0.01519	0.01445	0.01032	0.00660	0.00546	0.00165	0.00566	0.00505	0.00578	0.00927
71	0.01815	0.01399	0.01491	0.01202	0.01593	0.01571	0.00974	0.49528	0.29076	0.03021	0.01635	0.01569	0.01192	0.00685	0.00549	0.00171	0.00539	0.00536	0.00549	0.00904
72	0.08870	0.03756	0.01273	0.00948	0.01347	0.00933	0.00785	0.08242	0.01563	0.56223	0.06990	0.01833	0.01477	0.00676	0.00527	0.00165	0.00460	0.00539	0.00609	0.02785
73	0.00863	0.00620	0.00859	0.00981	0.01105	0.00616	0.00850	0.01105	0.01247	0.01618	0.02977	0.08708	0.05581	0.01509	0.00747	0.00248	0.00488	0.68876	0.00502	0.00499
74	0.65347	0.01068	0.00922	0.00789	0.01139	0.01198	0.00649	0.08555	0.01157	0.11024	0.00996	0.01067	0.00731	0.00543	0.00382	0.00167	0.00438	0.00348	0.02823	0.00657
75	0.00679	0.00494	0.00673	0.03930	0.00910	0.00474	0.00547	0.00785	0.01046	0.01392	0.02923	0.77303	0.03490	0.01661	0.00690	0.00220	0.00333	0.01507	0.00495	0.00449
76	0.01130	0.00969	0.01130	0.00807	0.01292	0.00727	0.00646	0.01373	0.01130	0.01776	0.00969	0.01130	0.00807	0.00404	0.00404	0.00081	0.00404	0.00323	0.00323	0.84173
77	0.01210	0.01021	0.01681	0.55384	0.16898	0.01178	0.01445	0.02743	0.01195	0.07676	0.03617	0.01552	0.00952	0.00565	0.00548	0.00176	0.00673	0.00507	0.00299	0.00681
78	0.01111	0.06530	0.74457	0.01524	0.02314	0.01308	0.01963	0.01722	0.01149	0.01706	0.00968	0.01138	0.00691	0.00516	0.00510	0.00170	0.00795	0.00398	0.00230	0.00801
79	0.00791	0.00532	0.00613	0.00611	0.00621	0.00535	0.00354	0.00810	0.00825	0.01109	0.04504	0.03519	0.02070	0.74249	0.06290	0.00532	0.00563	0.00790	0.00339	0.00345
80	0.01193	0.01193	0.01670	0.01431	0.01431	0.01670	0.01193	0.01312	0.00835	0.01312	0.00716	0.01193	0.00716	0.00954	0.01789	0.00239	0.79843	0.00477	0.00239	0.00596
81	0.01123	0.08415	0.71370	0.01522	0.02299	0.01332	0.03170	0.01720	0.01150	0.01695	0.00965	0.01137	0.00694	0.00513	0.00508	0.00169	0.00792	0.00399	0.00231	0.00797
82	0.01342	0.01530	0.02866	0.02159	0.05073	0.08028	0.58264	0.01732	0.01256	0.01663	0.01034	0.01394	0.00805	0.00525	0.00756	0.00186	0.09805	0.00594	0.00272	0.00715
83	0.01016	0.00508	0.00508	0.00508	0.00635	0.00508	0.00381	0.01270	0.01143	0.02033	0.01778	0.02033	0.01397	0.00635	0.00381	0.00127	0.00254	0.00508	0.83867	0.00508
84	0.01063	0.01130	0.06556	0.54006	0.04761	0.01217	0.09390	0.01422	0.01100	0.01469	0.01074	0.04853	0.00878	0.00614	0.00644	0.00185	0.06282	0.00543	0.02186	0.00628
85	0.01301	0.03876	0.01354	0.11654	0.14172	0.01010	0.00981	0.09463	0.05954	0.10527	0.10393	0.04413	0.07813	0.00944	0.02300	0.04208	0.00524	0.06095	0.02335	0.00683
86	0.01907	0.01405	0.01516	0.01191	0.01579	0.01549	0.00968	0.65841	0.03946	0.03175	0.01470	0.07369	0.01181	0.03528	0.00635	0.00181	0.00573	0.00584	0.00535	0.00869
87	0.00692	0.00489	0.00639	0.00748	0.00780	0.00463	0.00499	0.00781	0.01019	0.01357	0.02822	0.66345	0.03359	0.12624	0.00986	0.00265	0.00354	0.04865	0.00482	0.00430
88	0.01104	0.05178	0.75754	0.01535	0.02331	0.01293	0.01982	0.01724	0.01150	0.01713	0.00972	0.01143	0.00691	0.00516	0.00513	0.00171	0.00799	0.00400	0.00230	0.00803
89	0.00836	0.00705	0.01119	0.07950	0.01367	0.00712	0.10079	0.01076	0.03657	0.01578	0.12345	0.45799	0.03038	0.01307	0.00699	0.00207	0.02824	0.03718	0.00460	0.00524
90	0.03428	0.29368	0.13887	0.01475	0.09703	0.25662	0.02794	0.01809	0.01253	0.01457	0.00852	0.01027	0.00717	0.00527	0.00506	0.00145	0.04063	0.00363	0.00255	0.00706
91	0.00837	0.00657	0.00881	0.00862	0.00935	0.02466	0.00645	0.00983	0.00870	0.01224	0.01455	0.02371	0.01443	0.20873	0.55009	0.00741	0.06371	0.00618	0.00297	0.00462
92	0.00673	0.00481	0.00642	0.00769	0.00804	0.00450	0.00521	0.00774	0.01052	0.01401	0.03000	0.77492	0.03587	0.01700	0.00698	0.00223	0.00324	0.04457	0.00506	0.00445
93	0.01341	0.01299	0.02236	0.03230	0.71382	0.01313	0.04858	0.01663	0.01228	0.01762	0.01017	0.01349	0.00856	0.00502	0.00591	0.00166	0.03597	0.00492	0.00269	0.00848

[dist]
# distance from previous block
# <min> <max>
0	5

[block]
# block no. 2 follows, 44 sequences, length 48
# corresponding to MSA columns:
# 325-372
name=unknown_C
#
# <colnr> <probs for GDERKNQSTAVLIFYWHMCP>
#	G	D	E	R	K	N	Q	S	T	A	V	L	I	F	Y	W	H	M	C	P
0	0.04434	0.15256	0.07753	0.01258	0.06751	0.04642	0.03922	0.03471	0.25815	0.01892	0.07694	0.06201	0.01722	0.00765	0.00537	0.00173	0.00534	0.06034	0.00418	0.00729
1	0.00780	0.00528	0.00594	0.00599	0.00610	0.00522	0.00342	0.00791	0.00827	0.01093	0.01977	0.06576	0.06196	0.73456	0.02578	0.00498	0.00507	0.00841	0.00347	0.00342
2	0.00779	0.00584	0.00876	0.00876	0.00974	0.00681	0.00681	0.00974	0.00876	0.01266	0.01460	0.02142	0.01363	0.04089	0.78680	0.00876	0.01460	0.00584	0.00292	0.00487
3	0.01196	0.00763	0.00922	0.00791	0.00998	0.00796	0.06231	0.11064	0.05465	0.02194	0.01671	0.01881	0.01295	0.00636	0.00457	0.00141	0.01781	0.00522	0.60595	0.00601
4	0.00947	0.00473	0.00710	0.00710	0.00710	0.00473	0.00473	0.00710	0.00710	0.00947	0.00947	0.01657	0.00947	0.01894	0.02131	0.84138	0.00473	0.00473	0.00237	0.00237
5	0.02277	0.00937	0.01242	0.00973	0.01372	0.00844	0.00796	0.02618	0.08779	0.67669	0.05001	0.01957	0.01524	0.00698	0.00552	0.00170	0.00453	0.00571	0.00660	0.00906
6	0.01241	0.01335	0.02740	0.14703	0.08596	0.01312	0.53071	0.03257	0.01269	0.01714	0.01162	0.04853	0.00936	0.00533	0.00620	0.00183	0.00834	0.00641	0.00286	0.00716
7	0.05163	0.44942	0.13700	0.01068	0.01553	0.01734	0.01080	0.07890	0.01281	0.12440	0.01033	0.01104	0.00805	0.00539	0.00473	0.00143	0.03599	0.00368	0.00326	0.00758
8	0.02446	0.00928	0.01265	0.00970	0.01392	0.00801	0.00801	0.02657	0.01560	0.77817	0.02151	0.01856	0.01350	0.00675	0.00548	0.00169	0.00464	0.00548	0.00675	0.00928
9	0.02075	0.00861	0.01155	0.00920	0.01278	0.00762	0.00746	0.02336	0.04087	0.60238	0.15293	0.04086	0.02077	0.00778	0.00568	0.00171	0.00423	0.00651	0.00654	0.00842
10	0.00801	0.00595	0.00803	0.00786	0.00884	0.00568	0.03718	0.03683	0.01229	0.01678	0.26403	0.34069	0.05178	0.15813	0.01048	0.00257	0.00372	0.01145	0.00496	0.00476
11	0.05877	0.01765	0.01542	0.01256	0.01638	0.22625	0.01006	0.46615	0.06242	0.04320	0.01224	0.01252	0.00899	0.00627	0.00522	0.00159	0.00684	0.00452	0.00467	0.00827
12	0.01031	0.00754	0.00908	0.00810	0.01003	0.00761	0.00624	0.10306	0.10455	0.03870	0.57676	0.03454	0.04149	0.01006	0.00619	0.00172	0.00323	0.00874	0.00590	0.00614
13	0.01808	0.01158	0.01312	0.01092	0.01457	0.01246	0.00874	0.15263	0.41185	0.25303	0.02043	0.01856	0.01443	0.00705	0.00551	0.00176	0.00470	0.00574	0.00589	0.00894
14	0.06070	0.19811	0.09045	0.01395	0.06912	0.39095	0.01127	0.04365	0.04612	0.01558	0.00919	0.01051	0.00755	0.00539	0.00462	0.00144	0.00789	0.00365	0.00288	0.00697
15	0.01250	0.01336	0.07622	0.24428	0.40017	0.02764	0.05730	0.03227	0.03300	0.01700	0.01145	0.01468	0.02521	0.00535	0.00547	0.00170	0.00688	0.00504	0.00279	0.00767
16	0.00819	0.00588	0.00626	0.00596	0.00801	0.00494	0.00454	0.00968	0.01283	0.08697	0.07636	0.04887	0.67617	0.01305	0.00635	0.00182	0.00293	0.01088	0.00525	0.00506
17	0.03486	0.00666	0.00761	0.00746	0.00913	0.00651	0.00553	0.01278	0.12729	0.05765	0.17680	0.20886	0.24854	0.04376	0.00713	0.00204	0.00333	0.02325	0.00528	0.00553
18	0.05283	0.08519	0.40653	0.01491	0.02087	0.15814	0.09956	0.04382	0.01268	0.01701	0.00966	0.01158	0.00733	0.00630	0.02924	0.00185	0.00829	0.00415	0.00263	0.00741
19	0.09677	0.01292	0.01373	0.01083	0.01454	0.01420	0.00888	0.51776	0.02105	0.05879	0.03351	0.01446	0.01074	0.00654	0.00535	0.00160	0.02374	0.00487	0.10689	0.02283
20	0.04413	0.36895	0.04528	0.01062	0.01415	0.14836	0.02573	0.01673	0.03916	0.03002	0.08117	0.01400	0.01216	0.02200	0.03328	0.00176	0.05903	0.00428	0.00307	0.02610
21	0.09763	0.01284	0.03373	0.01084	0.01477	0.03202	0.00903	0.35211	0.06969	0.21389	0.08398	0.01691	0.01420	0.00687	0.00534	0.00167	0.00522	0.00534	0.00548	0.00843
22	0.06246	0.06835	0.13688	0.01121	0.01553	0.03986	0.01032	0.13083	0.19798	0.19999	0.04182	0.01668	0.01293	0.02403	0.00570	0.00176	0.00549	0.00515	0.00483	0.00821
23	0.03586	0.00655	0.00777	0.00699	0.00911	0.00590	0.00538	0.01255	0.03475	0.12314	0.36177	0.03879	0.27626	0.01084	0.00609	0.00172	0.00307	0.00922	0.00560	0.03865
24	0.01259	0.02983	0.01171	0.00865	0.01284	0.00834	0.00699	0.08911	0.01307	0.06645	0.01451	0.06269	0.03737	0.00618	0.00470	0.00117	0.00428	0.04483	0.00392	0.56077
25	0.01145	0.11921	0.66240	0.01534	0.03900	0.01373	0.03186	0.01715	0.01150	0.01676	0.00956	0.01129	0.00698	0.00510	0.00501	0.00166	0.00778	0.00396	0.00232	0.00793
26	0.00930	0.05251	0.16502	0.00872	0.01174	0.00759	0.00841	0.01244	0.01407	0.05216	0.46279	0.03352	0.12111	0.00971	0.00598	0.00170	0.00396	0.00832	0.00498	0.00595
27	0.01378	0.01381	0.02085	0.11766	0.61975	0.08581	0.01597	0.01689	0.01253	0.01695	0.01002	0.01327	0.00833	0.00500	0.00536	0.00162	0.00688	0.00473	0.00268	0.00813
28	0.01047	0.00616	0.00815	0.00736	0.00910	0.00560	0.00562	0.01291	0.01528	0.14791	0.61968	0.06440	0.04455	0.01062	0.00629	0.00173	0.00294	0.00933	0.00609	0.00581
29	0.01016	0.00508	0.00508	0.00508	0.00635	0.00508	0.00381	0.01270	0.01143	0.02033	0.01778	0.02033	0.01397	0.00635	0.00381	0.00127	0.00254	0.00508	0.83867	0.00508
30	0.01800	0.01363	0.01386	0.01157	0.01519	0.08017	0.00922	0.24751	0.36057	0.14298	0.01815	0.01697	0.01310	0.00689	0.00545	0.00172	0.00535	0.00545	0.00547	0.00873
31	0.02251	0.01001	0.01321	0.03820	0.03003	0.00939	0.00866	0.07835	0.08282	0.61567	0.02033	0.01808	0.01316	0.00671	0.00548	0.00170	0.00484	0.00547	0.00632	0.00909
32	0.06588	0.00952	0.01239	0.00967	0.01376	0.00863	0.00795	0.02620	0.06979	0.68451	0.02084	0.01819	0.01333	0.00671	0.00538	0.00170	0.00459	0.00540	0.00649	0.00906
33	0.00676	0.00483	0.00637	0.00755	0.00792	0.00453	0.00508	0.00772	0.01044	0.01387	0.03000	0.73343	0.05073	0.05047	0.00785	0.00235	0.00330	0.03743	0.00499	0.00440
34	0.01108	0.05465	0.01685	0.62155	0.03234	0.04079	0.01410	0.01423	0.01079	0.01386	0.00937	0.01384	0.00734	0.00590	0.00673	0.00182	0.09812	0.00469	0.01587	0.00609
35	0.00674	0.00479	0.00630	0.00746	0.00775	0.00450	0.00492	0.00762	0.01024	0.01366	0.02904	0.74465	0.03479	0.07901	0.00859	0.00245	0.00333	0.01491	0.00492	0.00434
36	0.00868	0.00622	0.00865	0.00987	0.01112	0.00619	0.00858	0.01112	0.01250	0.01622	0.02956	0.07839	0.05016	0.01508	0.00749	0.00249	0.00492	0.70276	0.00502	0.00500
37	0.00925	0.00687	0.00846	0.00839	0.00912	0.00737	0.00590	0.10197	0.01145	0.01548	0.02211	0.41249	0.02531	0.22844	0.02833	0.00311	0.07573	0.01099	0.00436	0.00488
38	0.01287	0.01471	0.03217	0.02298	0.02849	0.01379	0.75460	0.01746	0.01287	0.01746	0.01103	0.01471	0.00827	0.00460	0.00643	0.00184	0.00919	0.00643	0.00276	0.00735
39	0.00658	0.00549	0.00574	0.00577	0.00747	0.00465	0.00429	0.00805	0.01261	0.01539	0.12432	0.09259	0.66089	0.01372	0.00647	0.00185	0.00276	0.01156	0.00515	0.00465
40	0.00677	0.00483	0.00647	0.00774	0.00811	0.00454	0.00528	0.00781	0.01056	0.01406	0.02998	0.76111	0.03578	0.01696	0.00699	0.00223	0.00327	0.05799	0.00506	0.00446
41	0.02042	0.02444	0.01558	0.01383	0.01686	0.67569	0.01051	0.12753	0.01692	0.01637	0.00910	0.01030	0.00735	0.00575	0.00499	0.00144	0.00928	0.00371	0.00319	0.00675
42	0.00947	0.00473	0.00710	0.00710	0.00710	0.00473	0.00473	0.00710	0.00710	0.00947	0.00947	0.01657	0.00947	0.01894	0.02131	0.84138	0.00473	0.00473	0.00237	0.00237
43	0.01442	0.36363	0.30343	0.01246	0.01812	0.11515	0.01355	0.07217	0.01287	0.01613	0.00891	0.01023	0.00713	0.00511	0.00444	0.00144	0.00717	0.00355	0.00261	0.00747
44	0.00793	0.00529	0.00595	0.00595	0.00595	0.00529	0.00330	0.00793	0.00793	0.01057	0.01718	0.03568	0.01982	0.80840	0.02775	0.00529	0.00529	0.00793	0.00330	0.00330
45	0.01288	0.01243	0.02186	0.22492	0.28474	0.01308	0.19549	0.07163	0.01294	0.01786	0.01056	0.01408	0.00829	0.00526	0.00604	0.00173	0.03499	0.00521	0.02136	0.02464
46	0.09117	0.01010	0.01243	0.01104	0.03605	0.02819	0.04487	0.15330	0.02463	0.01955	0.01269	0.01685	0.01088	0.06194	0.19461	0.00359	0.11536	0.00513	0.11083	0.03679
47	0.03235	0.14879	0.01692	0.01274	0.05421	0.19708	0.00983	0.17527	0.22341	0.04176	0.01428	0.01435	0.02315	0.00626	0.00500	0.00157	0.00631	0.00468	0.00419	0.00785

[dist]
# distance from previous block
# <min> <max>
19	39

[block]
# block no. 3 follows, 44 sequences, length 64
# corresponding to MSA columns:
# 412-475
name=unknown_D
#
# <colnr> <probs for GDERKNQSTAVLIFYWHMCP>
#	G	D	E	R	K	N	Q	S	T	A	V	L	I	F	Y	W	H	M	C	P
0	0.00690	0.00513	0.00676	0.03952	0.00909	0.00485	0.00538	0.00820	0.01128	0.01496	0.12092	0.59609	0.11970	0.01552	0.00678	0.00210	0.00321	0.01394	0.00507	0.00460
1	0.00760	0.00552	0.00716	0.00685	0.00810	0.00508	0.00510	0.01003	0.01502	0.02111	0.69955	0.08515	0.08007	0.01160	0.00646	0.00175	0.00261	0.01025	0.00591	0.00508
2	0.01290	0.01493	0.05891	0.02441	0.15051	0.01361	0.60584	0.01734	0.01274	0.01751	0.01086	0.01439	0.00828	0.00466	0.00622	0.00180	0.00870	0.00608	0.00273	0.00759
3	0.01118	0.00956	0.01117	0.00806	0.01279	0.00719	0.00642	0.01356	0.01128	0.01766	0.01023	0.03247	0.00882	0.00439	0.00412	0.00085	0.00401	0.00356	0.00328	0.81940
4	0.84691	0.01054	0.00801	0.00717	0.01054	0.01223	0.00590	0.01603	0.00928	0.02446	0.00759	0.00886	0.00590	0.00506	0.00337	0.00169	0.00422	0.00295	0.00337	0.00590
5	0.01577	0.01151	0.01307	0.00974	0.01428	0.01065	0.00792	0.27487	0.01677	0.09765	0.01309	0.01359	0.02675	0.00541	0.00473	0.00121	0.00475	0.00423	0.00439	0.44960
6	0.06050	0.04328	0.04359	0.01038	0.01403	0.01141	0.00881	0.24022	0.06593	0.24975	0.08049	0.06873	0.01718	0.00802	0.00558	0.00175	0.00495	0.05191	0.00548	0.00801
7	0.00947	0.00473	0.00710	0.00710	0.00710	0.00473	0.00473	0.00710	0.00710	0.00947	0.00947	0.01657	0.00947	0.01894	0.02131	0.84138	0.00473	0.00473	0.00237	0.00237
8	0.01136	0.01026	0.01506	0.42006	0.02580	0.02815	0.03175	0.03886	0.04717	0.01569	0.01100	0.01516	0.00881	0.01848	0.00822	0.00191	0.17364	0.00498	0.10749	0.00614
9	0.10264	0.67382	0.05685	0.00999	0.03401	0.01999	0.00960	0.01634	0.01094	0.01437	0.00774	0.00899	0.00692	0.00473	0.00360	0.00126	0.00577	0.00302	0.00245	0.00697
10	0.00852	0.00608	0.00729	0.00682	0.00853	0.00557	0.00517	0.01138	0.05431	0.05990	0.46764	0.04214	0.27314	0.01155	0.00634	0.00176	0.00283	0.00995	0.00572	0.00538
11	0.00664	0.00474	0.00633	0.00759	0.00791	0.00443	0.00506	0.00759	0.01044	0.01392	0.03005	0.80485	0.03606	0.01708	0.00696	0.00221	0.00316	0.01550	0.00506	0.00443
12	0.00675	0.00524	0.00615	0.00655	0.00771	0.00464	0.00467	0.00819	0.01224	0.01575	0.17871	0.33209	0.36273	0.01454	0.00663	0.00196	0.00288	0.01270	0.00524	0.00464
13	0.01830	0.01472	0.05353	0.01211	0.01628	0.01523	0.01025	0.57749	0.06698	0.03031	0.01419	0.06068	0.01109	0.00708	0.00570	0.00166	0.02077	0.00548	0.00510	0.05306
14	0.03609	0.01486	0.01572	0.01218	0.01633	0.04441	0.01001	0.61268	0.02307	0.06904	0.01284	0.01302	0.00920	0.00646	0.00575	0.00161	0.03358	0.00475	0.00515	0.05322
15	0.66166	0.01257	0.00970	0.00846	0.01189	0.09254	0.00687	0.08904	0.01166	0.04201	0.00854	0.00960	0.00653	0.00530	0.00379	0.00165	0.00498	0.00326	0.00360	0.00635
16	0.01184	0.05272	0.01726	0.12194	0.01751	0.01632	0.01224	0.01340	0.00884	0.01322	0.00753	0.01212	0.00716	0.00873	0.01543	0.00224	0.64840	0.00469	0.00239	0.00603
17	0.00852	0.00655	0.00762	0.00717	0.00902	0.00621	0.00549	0.01235	0.11148	0.03491	0.37497	0.04161	0.28339	0.01143	0.00629	0.00178	0.00303	0.03730	0.00554	0.02532
18	0.50249	0.01122	0.01017	0.00887	0.01200	0.05057	0.03125	0.07490	0.09522	0.02360	0.08964	0.04421	0.01334	0.00653	0.00441	0.00171	0.00460	0.00479	0.00406	0.00640
19	0.00947	0.00473	0.00710	0.00710	0.00710	0.00473	0.00473	0.00710	0.00710	0.00947	0.00947	0.01657	0.00947	0.01894	0.02131	0.84138	0.00473	0.00473	0.00237	0.00237
20	0.00690	0.00503	0.00650	0.00721	0.00792	0.00463	0.00500	0.00831	0.01191	0.01604	0.22348	0.53936	0.10705	0.01525	0.00678	0.00205	0.00297	0.01368	0.00530	0.00463
21	0.00662	0.00483	0.00624	0.00736	0.00785	0.00445	0.00496	0.00762	0.01066	0.01401	0.03285	0.72113	0.11797	0.01672	0.00690	0.00217	0.00312	0.01505	0.00506	0.00445
22	0.15399	0.02128	0.12009	0.01278	0.01677	0.37412	0.01107	0.19119	0.01627	0.02059	0.00956	0.01066	0.00735	0.00568	0.00483	0.00155	0.00778	0.00382	0.00345	0.00718
23	0.00710	0.00494	0.00619	0.00700	0.00720	0.00474	0.00443	0.00771	0.00954	0.01271	0.02542	0.52828	0.03022	0.30161	0.01443	0.00332	0.00393	0.01278	0.00443	0.00402
