[name]
unknown

[dist]
# distance from previous block
# <min> <max>
14	76

[block]
# block no. 0 follows, 47 sequences, length 7
# corresponding to MSA columns:
# 83-89
name=unknown_A
#
# <colnr> <probs for GDERKNQSTAVLIFYWHMCP>
#	G	D	E	R	K	N	Q	S	T	A	V	L	I	F	Y	W	H	M	C	P
0	0.01173	0.08826	0.12291	0.06044	0.07880	0.01296	0.45586	0.01575	0.01182	0.01609	0.03368	0.04620	0.00991	0.00520	0.00564	0.00168	0.00765	0.00581	0.00270	0.00692
1	0.03682	0.06903	0.45116	0.05866	0.16671	0.05728	0.01643	0.01618	0.01110	0.01597	0.00904	0.01120	0.00692	0.00510	0.00545	0.00162	0.04766	0.00395	0.00234	0.00738
2	0.00744	0.00558	0.00837	0.00837	0.00930	0.00651	0.00651	0.00930	0.00837	0.01209	0.01395	0.02046	0.01302	0.03906	0.79635	0.00837	0.01395	0.00558	0.00279	0.00465
3	0.00731	0.00516	0.00678	0.00699	0.00740	0.00547	0.00474	0.00818	0.00830	0.01142	0.01762	0.16574	0.01938	0.37725	0.31903	0.00581	0.00811	0.00808	0.00331	0.00392
4	0.01391	0.38541	0.20976	0.01232	0.03826	0.10856	0.03542	0.01671	0.01128	0.05095	0.00863	0.01010	0.00706	0.00513	0.00516	0.00141	0.06696	0.00352	0.00250	0.00694
5	0.04530	0.02025	0.34655	0.03857	0.11767	0.11826	0.16150	0.01703	0.01178	0.03655	0.00960	0.01178	0.00722	0.00502	0.00548	0.00163	0.03163	0.00437	0.00255	0.00725
6	0.00696	0.00546	0.00836	0.00854	0.00937	0.00510	0.07431	0.00830	0.01053	0.01416	0.08198	0.68406	0.03309	0.01481	0.00656	0.00205	0.00351	0.01362	0.00470	0.00453

[dist]
# distance from previous block
# <min> <max>
0	4

[block]
# block no. 1 follows, 47 sequences, length 10
# corresponding to MSA columns:
# 94-103
name=unknown_B
#
# <colnr> <probs for GDERKNQSTAVLIFYWHMCP>
#	G	D	E	R	K	N	Q	S	T	A	V	L	I	F	Y	W	H	M	C	P
0	0.01630	0.01326	0.04165	0.03569	0.10063	0.04179	0.05527	0.25528	0.25093	0.11085	0.01532	0.01523	0.01115	0.00613	0.00526	0.00164	0.00555	0.00512	0.00466	0.00827
1	0.13978	0.01011	0.01548	0.49897	0.12281	0.01185	0.04548	0.01506	0.06209	0.01603	0.00988	0.01331	0.00755	0.00517	0.00494	0.00170	0.00629	0.00450	0.00270	0.00629
2	0.06468	0.01359	0.06535	0.06395	0.28865	0.04750	0.22609	0.01650	0.01169	0.06251	0.01014	0.01287	0.00792	0.00507	0.00610	0.00166	0.06303	0.00485	0.00282	0.02506
3	0.12651	0.00655	0.00698	0.00649	0.00793	0.00730	0.00510	0.01248	0.01013	0.01862	0.01399	0.01672	0.01129	0.00816	0.05260	0.00181	0.10011	0.00452	0.54986	0.03284
4	0.01453	0.15842	0.01633	0.08684	0.01609	0.14496	0.03472	0.10489	0.07305	0.06262	0.01148	0.03047	0.00937	0.00730	0.03486	0.00177	0.09377	0.00447	0.04845	0.04560
5	0.61683	0.03750	0.00954	0.04480	0.01201	0.03228	0.00657	0.03104	0.02520	0.09270	0.00921	0.01016	0.00690	0.00507	0.00365	0.00157	0.00439	0.00328	0.02028	0.02701
6	0.00638	0.00501	0.00576	0.00615	0.00731	0.00440	0.00439	0.00769	0.01155	0.01465	0.13596	0.32339	0.42089	0.01399	0.00633	0.00187	0.00275	0.01216	0.00495	0.00440
7	0.01192	0.01259	0.07524	0.27780	0.33030	0.01235	0.09094	0.04316	0.06324	0.01663	0.01053	0.01362	0.00821	0.00504	0.00527	0.00165	0.00665	0.00482	0.00275	0.00731
8	0.00709	0.00531	0.00658	0.00626	0.00761	0.00480	0.00470	0.00929	0.01409	0.01933	0.61551	0.04146	0.21634	0.01123	0.00615	0.00167	0.00250	0.00978	0.00553	0.00480
9	0.01382	0.05139	0.05531	0.11063	0.42543	0.09405	0.01384	0.11194	0.01351	0.01784	0.01121	0.01355	0.03400	0.00528	0.00506	0.00154	0.00647	0.00460	0.00294	0.00759

[dist]
# distance from previous block
# <min> <max>
0	1

[block]
# block no. 2 follows, 47 sequences, length 36
# corresponding to MSA columns:
# 105-110,113-142
name=unknown_C
#
# <colnr> <probs for GDERKNQSTAVLIFYWHMCP>
#	G	D	E	R	K	N	Q	S	T	A	V	L	I	F	Y	W	H	M	C	P
0	0.01058	0.05866	0.01676	0.01247	0.01542	0.03316	0.22393	0.01333	0.02939	0.01494	0.03037	0.03853	0.05561	0.06104	0.11048	0.00269	0.08198	0.03736	0.01870	0.13461
1	0.06405	0.19364	0.01718	0.01255	0.07098	0.24688	0.00958	0.18986	0.08139	0.01910	0.02439	0.01232	0.02525	0.00569	0.00457	0.00142	0.00645	0.00408	0.00351	0.00710
2	0.42990	0.03863	0.03011	0.05737	0.03287	0.09055	0.00818	0.14957	0.01290	0.06666	0.00932	0.01037	0.00700	0.00521	0.00407	0.00154	0.00525	0.00353	0.00358	0.03339
3	0.01323	0.17726	0.15560	0.05312	0.10445	0.06112	0.02636	0.05351	0.06122	0.07153	0.02996	0.01437	0.01008	0.05572	0.03888	0.00203	0.05698	0.00453	0.00312	0.00693
4	0.00979	0.00814	0.01043	0.02630	0.01072	0.00976	0.00740	0.06243	0.05216	0.01434	0.04327	0.06964	0.05626	0.23189	0.07609	0.00336	0.24813	0.05137	0.00347	0.00505
5	0.85377	0.01007	0.00765	0.00685	0.01007	0.01168	0.00564	0.01531	0.00886	0.02336	0.00725	0.00846	0.00564	0.00483	0.00322	0.00161	0.00403	0.00282	0.00322	0.00564
6	0.01289	0.01237	0.02114	0.03196	0.78450	0.01237	0.01598	0.01598	0.01186	0.01701	0.00980	0.01289	0.00825	0.00464	0.00516	0.00155	0.00619	0.00464	0.00258	0.00825
7	0.82383	0.01003	0.00781	0.00694	0.01019	0.01154	0.00571	0.01567	0.00908	0.05093	0.00773	0.00879	0.00590	0.00489	0.00330	0.00161	0.00404	0.00291	0.00334	0.00576
8	0.00761	0.00563	0.00715	0.00680	0.00809	0.00534	0.00508	0.01069	0.06007	0.02032	0.67319	0.08193	0.06663	0.01082	0.00612	0.00168	0.00259	0.00955	0.00563	0.00506
9	0.00799	0.00563	0.00759	0.00748	0.00818	0.00639	0.00553	0.00944	0.00852	0.01267	0.01462	0.02315	0.01419	0.22053	0.46019	0.00626	0.04910	0.00591	0.12225	0.00437
10	0.02217	0.00923	0.01214	0.00943	0.01333	0.00836	0.00775	0.06504	0.06108	0.68326	0.03819	0.01805	0.01371	0.00657	0.00526	0.00162	0.00444	0.00535	0.00629	0.00873
11	0.04921	0.23282	0.15733	0.01161	0.01579	0.24692	0.03284	0.03873	0.05850	0.04010	0.03444	0.01282	0.03673	0.00560	0.00453	0.00142	0.00680	0.00406	0.00301	0.00673
12	0.01246	0.01142	0.09259	0.08773	0.13850	0.01042	0.01074	0.12658	0.11262	0.07206	0.03706	0.08191	0.04946	0.03187	0.00623	0.00187	0.00526	0.10010	0.00416	0.00696
13	0.03133	0.48717	0.19587	0.01005	0.01472	0.04360	0.01068	0.01521	0.01133	0.01462	0.11026	0.01303	0.01226	0.00543	0.00412	0.00132	0.00574	0.00392	0.00272	0.00663
14	0.00753	0.00505	0.00579	0.00582	0.00586	0.00508	0.00332	0.00762	0.00767	0.01026	0.01669	0.05718	0.01919	0.76549	0.05290	0.00508	0.00530	0.00772	0.00319	0.00324
15	0.07353	0.07266	0.16880	0.05542	0.25606	0.02295	0.08646	0.01738	0.02596	0.12600	0.01172	0.01440	0.00907	0.00535	0.00502	0.00161	0.00628	0.03057	0.00320	0.00754
16	0.03680	0.02378	0.62985	0.01611	0.08190	0.01198	0.06037	0.01680	0.01124	0.04953	0.00986	0.01153	0.00704	0.00495	0.00499	0.00164	0.00739	0.00407	0.00246	0.00769
17	0.36983	0.26566	0.15313	0.00937	0.01379	0.03776	0.00942	0.04645	0.02411	0.01873	0.00810	0.00926	0.00648	0.00485	0.00373	0.00146	0.00539	0.00314	0.00283	0.00652
18	0.01191	0.34285	0.45389	0.01277	0.01908	0.01554	0.04639	0.01614	0.01088	0.01481	0.00856	0.01007	0.00669	0.00473	0.00436	0.00144	0.00689	0.00352	0.00223	0.00726
19	0.00640	0.00458	0.00609	0.00721	0.00757	0.00427	0.00484	0.00739	0.01023	0.01371	0.07038	0.77071	0.03526	0.01600	0.00662	0.00209	0.00299	0.01451	0.00488	0.00427
20	0.00689	0.00527	0.00632	0.00613	0.00750	0.00470	0.00457	0.00887	0.01349	0.01810	0.48633	0.07938	0.30992	0.01182	0.00617	0.00170	0.00255	0.01023	0.00537	0.00470
21	0.00640	0.00456	0.00603	0.00718	0.00747	0.00427	0.00476	0.00727	0.00986	0.01315	0.02814	0.77821	0.03374	0.05265	0.00755	0.00225	0.00311	0.01448	0.00476	0.00418
22	0.01239	0.01181	0.02010	0.12696	0.67046	0.01210	0.01558	0.01551	0.01168	0.01651	0.01022	0.01428	0.00869	0.00498	0.00522	0.00159	0.00624	0.02522	0.00261	0.00785
23	0.01358	0.74148	0.10291	0.00950	0.01428	0.01976	0.00993	0.01568	0.01062	0.01267	0.00745	0.00862	0.00667	0.00450	0.00350	0.00117	0.00578	0.00289	0.00222	0.00678
24	0.01173	0.01388	0.08198	0.08939	0.02554	0.01207	0.53632	0.01586	0.01182	0.01641	0.01015	0.01335	0.00769	0.00443	0.00565	0.00161	0.00784	0.00541	0.00264	0.12624
25	0.00821	0.00632	0.00847	0.00974	0.05379	0.00601	0.00766	0.01038	0.01190	0.01536	0.03186	0.05203	0.20909	0.01310	0.00669	0.00213	0.00431	0.49760	0.00461	0.04075
26	0.00648	0.00460	0.00603	0.00709	0.00739	0.00432	0.00468	0.00734	0.00986	0.01317	0.04384	0.72648	0.03336	0.08850	0.00843	0.00237	0.00319	0.01404	0.00470	0.00415
27	0.00911	0.00567	0.00743	0.00683	0.00827	0.00520	0.00512	0.01133	0.01420	0.10500	0.62767	0.06687	0.04296	0.05260	0.00713	0.00183	0.00283	0.00907	0.00564	0.00523
28	0.74194	0.00991	0.00825	0.00717	0.01051	0.01114	0.00591	0.01666	0.00968	0.12635	0.00904	0.00971	0.00662	0.00505	0.00349	0.00161	0.00408	0.00315	0.00366	0.00607
29	0.01761	0.00929	0.01125	0.00917	0.01228	0.02546	0.00740	0.11083	0.06620	0.40473	0.08606	0.03997	0.10037	0.00788	0.00598	0.00166	0.04363	0.00633	0.02634	0.00758
30	0.01229	0.01405	0.03073	0.02195	0.02722	0.01317	0.76558	0.01668	0.01229	0.01668	0.01054	0.01405	0.00790	0.00439	0.00615	0.00176	0.00878	0.00615	0.00263	0.00702
31	0.01146	0.03205	0.01624	0.01355	0.01366	0.01607	0.01133	0.01261	0.00804	0.01253	0.00685	0.01132	0.00683	0.00900	0.01674	0.00225	0.78697	0.00451	0.00228	0.00572
32	0.01615	0.01338	0.05788	0.01117	0.01489	0.01367	0.00953	0.48698	0.04445	0.02672	0.04069	0.03060	0.03858	0.00681	0.00607	0.00157	0.06852	0.00512	0.02106	0.08615
33	0.01745	0.01306	0.01456	0.04580	0.01603	0.01407	0.00964	0.47811	0.03577	0.02722	0.01718	0.15437	0.01570	0.05814	0.00827	0.00229	0.05133	0.00726	0.00536	0.00836
34	0.02121	0.02574	0.01603	0.01464	0.01744	0.77197	0.01083	0.02197	0.01591	0.01472	0.01013	0.01226	0.00867	0.00671	0.00558	0.00172	0.00993	0.00405	0.00339	0.00709
35	0.01287	0.01243	0.02145	0.03164	0.76021	0.01240	0.04002	0.01600	0.01187	0.01700	0.00982	0.01293	0.00824	0.00463	0.00519	0.00155	0.00627	0.00469	0.00258	0.00821

[dist]
# distance from previous block
# <min> <max>
0	34

[block]
# block no. 3 follows, 47 sequences, length 32
# corresponding to MSA columns:
# 177-208
name=unknown_D
#
# <colnr> <probs for GDERKNQSTAVLIFYWHMCP>
#	G	D	E	R	K	N	Q	S	T	A	V	L	I	F	Y	W	H	M	C	P
0	0.00807	0.00588	0.00729	0.06968	0.01027	0.00545	0.00570	0.01002	0.01273	0.06470	0.25333	0.06066	0.37971	0.01158	0.00612	0.00178	0.00324	0.07383	0.00499	0.00497
1	0.01397	0.77839	0.04789	0.00919	0.01369	0.03984	0.00922	0.01575	0.01070	0.01238	0.00732	0.00845	0.00668	0.00449	0.00342	0.00113	0.00572	0.00283	0.00224	0.00669
2	0.01201	0.00553	0.00607	0.00560	0.00728	0.00533	0.00432	0.01436	0.01159	0.14883	0.01759	0.01913	0.01327	0.00613	0.00391	0.00128	0.00276	0.00492	0.70456	0.00553
3	0.00748	0.00495	0.00635	0.00697	0.00764	0.00458	0.00474	0.00852	0.01055	0.05585	0.09506	0.55800	0.09220	0.10092	0.00862	0.00233	0.00324	0.01273	0.00482	0.00444
4	0.00737	0.00532	0.00696	0.00655	0.00778	0.00491	0.00491	0.00983	0.01474	0.02088	0.78175	0.03890	0.04914	0.01065	0.00614	0.00164	0.00246	0.00942	0.00573	0.00491
5	0.00971	0.00485	0.00485	0.00485	0.00607	0.00485	0.00364	0.01213	0.01092	0.01942	0.01699	0.01942	0.01335	0.00607	0.00364	0.00121	0.00243	0.00485	0.84589	0.00485
6	0.12265	0.01403	0.01465	0.01135	0.01540	0.01560	0.00937	0.67441	0.02256	0.03165	0.01186	0.01200	0.00846	0.00608	0.00496	0.00157	0.00552	0.00446	0.00496	0.00846
7	0.00908	0.00742	0.00818	0.00785	0.00857	0.06915	0.00553	0.03904	0.00912	0.01204	0.01432	0.02530	0.01489	0.39662	0.31609	0.00578	0.03749	0.00626	0.00303	0.00426
8	0.00971	0.00485	0.00485	0.00485	0.00607	0.00485	0.00364	0.01213	0.01092	0.01942	0.01699	0.01942	0.01335	0.00607	0.00364	0.00121	0.00243	0.00485	0.84589	0.00485
9	0.00756	0.00508	0.00585	0.00585	0.00591	0.00514	0.00337	0.00768	0.00762	0.01022	0.01625	0.03323	0.01856	0.76825	0.07473	0.00526	0.00561	0.00745	0.00313	0.00325
10	0.01017	0.00935	0.01606	0.61589	0.06310	0.01103	0.08125	0.01360	0.01070	0.01442	0.01022	0.01445	0.00777	0.00520	0.00512	0.00167	0.00659	0.00479	0.09272	0.00590
11	0.00755	0.00516	0.00623	0.00623	0.00642	0.00535	0.00384	0.00793	0.00774	0.01050	0.01591	0.03130	0.01773	0.65820	0.18364	0.00573	0.00687	0.00717	0.00308	0.00346
12	0.00638	0.00528	0.00559	0.00551	0.00717	0.00449	0.00413	0.00791	0.01240	0.01533	0.18809	0.04804	0.64626	0.01272	0.00615	0.00174	0.00260	0.01070	0.00500	0.00449
13	0.81727	0.01027	0.00800	0.00707	0.01034	0.01188	0.00583	0.04821	0.00955	0.02378	0.00748	0.00864	0.00578	0.00490	0.00331	0.00161	0.00410	0.00290	0.00331	0.00578
14	0.01954	0.01446	0.01548	0.01193	0.01605	0.01603	0.00984	0.73941	0.05263	0.03241	0.01283	0.01276	0.00912	0.00628	0.00521	0.00157	0.00567	0.00473	0.00521	0.00883
15	0.00644	0.00530	0.00568	0.00576	0.00737	0.00455	0.00437	0.00793	0.01212	0.01488	0.12988	0.07806	0.62700	0.01310	0.00624	0.00180	0.00277	0.05736	0.00493	0.00447
16	0.01045	0.02694	0.79000	0.01484	0.02254	0.01209	0.01924	0.01649	0.01099	0.01649	0.00935	0.01099	0.00660	0.00495	0.00495	0.00165	0.00770	0.00385	0.00220	0.00770
17	0.00795	0.00644	0.00949	0.01099	0.10040	0.00645	0.04159	0.00950	0.02866	0.01361	0.02273	0.51632	0.02625	0.12782	0.00970	0.00245	0.03918	0.01151	0.00413	0.00484
18	0.01229	0.01405	0.03073	0.02195	0.02722	0.01317	0.76558	0.01668	0.01229	0.01668	0.01054	0.01405	0.00790	0.00439	0.00615	0.00176	0.00878	0.00615	0.00263	0.00702
19	0.00617	0.00520	0.00535	0.00548	0.00709	0.00438	0.00405	0.00745	0.01167	0.01399	0.05028	0.12857	0.70553	0.01351	0.00621	0.00180	0.00268	0.01138	0.00484	0.00438
20	0.78792	0.00998	0.00801	0.00704	0.01033	0.01136	0.00580	0.01611	0.00934	0.08400	0.00831	0.00919	0.00621	0.00496	0.00338	0.00161	0.00406	0.00301	0.00348	0.00590
21	0.00989	0.00933	0.01563	0.77563	0.03506	0.01173	0.01435	0.01328	0.01032	0.01328	0.00917	0.01379	0.00694	0.00535	0.00564	0.00176	0.03613	0.00463	0.00231	0.00578
22	0.01137	0.01083	0.01840	0.41551	0.41281	0.01197	0.01523	0.01465	0.01114	0.01517	0.00953	0.01338	0.00760	0.00492	0.00518	0.00164	0.00656	0.00463	0.00245	0.00703
23	0.00638	0.00456	0.00607	0.00723	0.00756	0.00425	0.00484	0.00734	0.01013	0.01355	0.05438	0.78717	0.03494	0.01612	0.00663	0.00210	0.00300	0.01462	0.00486	0.00425
24	0.00730	0.00537	0.00776	0.00793	0.00867	0.00603	0.00592	0.00883	0.00851	0.01205	0.01630	0.13461	0.01668	0.11748	0.60331	0.00713	0.01146	0.00710	0.00312	0.00443
25	0.00767	0.00534	0.00668	0.00724	0.00773	0.00525	0.00487	0.05518	0.01026	0.01367	0.02391	0.51615	0.02794	0.20798	0.01189	0.03631	0.00380	0.03957	0.00435	0.00421
26	0.01272	0.10802	0.09869	0.02147	0.19117	0.04656	0.39703	0.01648	0.01190	0.01598	0.00971	0.01260	0.00764	0.00464	0.00564	0.00162	0.02329	0.00506	0.00253	0.00725
27	0.16304	0.14202	0.08782	0.01228	0.01632	0.15067	0.09850	0.17418	0.04593	0.01990	0.00963	0.01090	0.00748	0.00537	0.00499	0.00153	0.03517	0.00397	0.00328	0.00700
28	0.07412	0.05640	0.00755	0.00718	0.00822	0.00598	0.00523	0.00868	0.01037	0.01441	0.04527	0.54696	0.12484	0.01404	0.00612	0.00197	0.00329	0.05025	0.00456	0.00456
29	0.62195	0.01148	0.05858	0.05823	0.04074	0.01193	0.00782	0.07526	0.01066	0.05072	0.00850	0.00977	0.00639	0.00503	0.00375	0.00162	0.00467	0.00330	0.00335	0.00624
30	0.02546	0.02048	0.00951	0.00869	0.03032	0.00767	0.00644	0.15453	0.01501	0.09488	0.29237	0.23437	0.05793	0.01063	0.00589	0.00174	0.00360	0.00925	0.00525	0.00597
31	0.06066	0.01455	0.01488	0.01157	0.01560	0.06363	0.00949	0.62410	0.02227	0.07828	0.01242	0.01241	0.00880	0.00610	0.00506	0.00154	0.00576	0.00452	0.00500	0.02337

[dist]
# distance from previous block
# <min> <max>
8	47

[block]
# block no. 4 follows, 47 sequences, length 37
# corresponding to MSA columns:
# 267-303
name=unknown_E
#
# <colnr> <probs for GDERKNQSTAVLIFYWHMCP>
#	G	D	E	R	K	N	Q	S	T	A	V	L	I	F	Y	W	H	M	C	P
0	0.01736	0.03557	0.01648	0.01566	0.15871	0.12468	0.02356	0.42974	0.03764	0.02500	0.01175	0.02275	0.00905	0.00658	0.02156	0.00167	0.00640	0.00465	0.02319	0.00801
1	0.09413	0.01326	0.06693	0.05848	0.27351	0.07756	0.01174	0.12651	0.05063	0.01920	0.01274	0.06253	0.02412	0.00643	0.00550	0.00164	0.03613	0.02307	0.02875	0.00715
2	0.05027	0.13917	0.06449	0.01547	0.16204	0.22328	0.02641	0.10090	0.07732	0.04968	0.03576	0.01254	0.00962	0.00548	0.00474	0.00146	0.00659	0.00421	0.00334	0.00724
3	0.03409	0.03441	0.07986	0.07804	0.33700	0.05652	0.01309	0.12616	0.03922	0.03508	0.01163	0.02682	0.02459	0.00662	0.02600	0.00179	0.05362	0.00479	0.00317	0.00751
4	0.01149	0.06033	0.01145	0.01062	0.07280	0.19783	0.00746	0.02909	0.04887	0.01575	0.18098	0.04747	0.19261	0.05388	0.00703	0.00178	0.03381	0.00713	0.00401	0.00559
5	0.01497	0.04600	0.01365	0.01002	0.01413	0.02819	0.03452	0.17514	0.16158	0.11296	0.01351	0.01362	0.01009	0.00536	0.00466	0.00129	0.00474	0.00432	0.00429	0.32694
6	0.00691	0.00517	0.00653	0.00719	0.00802	0.00478	0.00497	0.00858	0.04018	0.01448	0.08782	0.61505	0.09622	0.01458	0.00636	0.00196	0.00303	0.01309	0.00483	0.05026
7	0.01191	0.00969	0.01126	0.00824	0.01266	0.00795	0.00662	0.09593	0.01229	0.03415	0.01002	0.01150	0.00815	0.00554	0.03473	0.00117	0.00446	0.00340	0.00338	0.70695
8	0.01243	0.03226	0.20253	0.04574	0.25425	0.04015	0.16269	0.04890	0.07625	0.01746	0.01164	0.01526	0.00939	0.00545	0.00536	0.00166	0.00692	0.04117	0.00294	0.00755
9	0.24988	0.16796	0.35410	0.01185	0.04622	0.01327	0.01273	0.01597	0.01047	0.03407	0.00924	0.01162	0.00733	0.00516	0.00425	0.00156	0.00604	0.02873	0.00269	0.00687
10	0.00952	0.00635	0.00792	0.00729	0.00886	0.00611	0.00548	0.06714	0.03873	0.07873	0.48964	0.13242	0.06707	0.04275	0.00685	0.00183	0.00308	0.00930	0.00549	0.00544
11	0.00769	0.00544	0.00701	0.04043	0.00901	0.00505	0.00524	0.00957	0.01285	0.05072	0.39305	0.22890	0.18131	0.01211	0.00619	0.00178	0.00291	0.01065	0.00523	0.00486
12	0.02871	0.05069	0.46387	0.01421	0.03808	0.01198	0.07970	0.09173	0.02521	0.01812	0.03008	0.05839	0.01097	0.00633	0.00524	0.00170	0.00679	0.04790	0.00300	0.00728
13	0.01982	0.01360	0.01492	0.01151	0.01555	0.01477	0.00948	0.65543	0.02290	0.12267	0.01395	0.03726	0.01011	0.00658	0.00526	0.00159	0.00549	0.00506	0.00535	0.00872
14	0.00638	0.00456	0.00607	0.00723	0.00756	0.00425	0.00484	0.00733	0.01012	0.01354	0.05271	0.78888	0.03491	0.01613	0.00663	0.00210	0.00300	0.01463	0.00486	0.00425
15	0.00791	0.00659	0.04066	0.00864	0.01006	0.00580	0.00748	0.01000	0.01145	0.01479	0.03012	0.10199	0.15201	0.07780	0.00843	0.00245	0.00447	0.49010	0.00456	0.00469
16	0.01769	0.06738	0.01545	0.01319	0.03187	0.54477	0.01003	0.06424	0.09404	0.01491	0.00958	0.01080	0.00784	0.00583	0.00571	0.00146	0.07188	0.00379	0.00304	0.00649
17	0.79643	0.01122	0.06084	0.00739	0.01092	0.01171	0.00656	0.01539	0.00901	0.02290	0.00739	0.00863	0.00570	0.00484	0.00334	0.00161	0.00428	0.00289	0.00315	0.00578
18	0.05296	0.19492	0.33104	0.01375	0.05313	0.11038	0.05958	0.03400	0.04144	0.04875	0.00973	0.01102	0.00742	0.00501	0.00460	0.00150	0.00695	0.00384	0.00272	0.00726
19	0.00736	0.00551	0.00738	0.00851	0.02687	0.00544	0.00614	0.00927	0.03892	0.01464	0.06927	0.50817	0.05909	0.01469	0.00687	0.00212	0.02131	0.17900	0.00478	0.00468
20	0.01464	0.01227	0.08553	0.03975	0.07866	0.01128	0.06763	0.24352	0.01626	0.12315	0.12830	0.02046	0.04569	0.00718	0.00594	0.00166	0.03571	0.03682	0.00449	0.02108
21	0.00634	0.00453	0.00604	0.00725	0.00755	0.00423	0.00483	0.00725	0.00997	0.01329	0.02870	0.81358	0.03444	0.01632	0.00665	0.00211	0.00302	0.01480	0.00483	0.00423
22	0.01080	0.00926	0.01080	0.00771	0.01234	0.00694	0.00617	0.01311	0.01080	0.01697	0.00926	0.01080	0.00771	0.00386	0.00386	0.00077	0.00386	0.00309	0.00309	0.84882
23	0.00813	0.00624	0.00868	0.00838	0.00900	0.00743	0.00636	0.00954	0.00834	0.01221	0.01389	0.03834	0.01375	0.18281	0.47507	0.00632	0.12455	0.00597	0.05045	0.00451
24	0.01800	0.01354	0.01451	0.01151	0.01538	0.01503	0.00938	0.55524	0.21124	0.04432	0.01477	0.01430	0.01067	0.00642	0.00521	0.00160	0.00527	0.00497	0.00522	0.02344
25	0.01359	0.33920	0.19239	0.03310	0.18899	0.10234	0.01305	0.03453	0.01175	0.01483	0.00854	0.01029	0.00708	0.00477	0.00434	0.00138	0.00663	0.00358	0.00242	0.00722
26	0.01200	0.01300	0.07323	0.05835	0.43134	0.01225	0.16709	0.01557	0.02773	0.01636	0.01110	0.05204	0.00965	0.00569	0.00625	0.00170	0.06016	0.01632	0.00273	0.00745
27	0.00754	0.00503	0.00569	0.00572	0.00573	0.00503	0.00320	0.00756	0.00764	0.01018	0.01674	0.05484	0.01935	0.79566	0.02598	0.00497	0.00499	0.00777	0.00320	0.00318
28	0.01381	0.01003	0.01186	0.07187	0.01459	0.00951	0.00770	0.18909	0.04764	0.09448	0.03239	0.03789	0.01097	0.00559	0.00460	0.00124	0.00445	0.00453	0.05500	0.37277
29	0.00666	0.00493	0.00699	0.00787	0.00839	0.00463	0.02992	0.00777	0.01017	0.01354	0.02804	0.74302	0.03331	0.01581	0.00666	0.00212	0.00331	0.05775	0.00476	0.00435
30	0.01089	0.00919	0.01071	0.00785	0.01221	0.00714	0.00624	0.04131	0.01127	0.01736	0.01048	0.05648	0.00928	0.00466	0.00407	0.00088	0.00388	0.00381	0.00327	0.76905
31	0.01497	0.04670	0.03281	0.01130	0.03228	0.01225	0.05770	0.34482	0.02990	0.02371	0.01128	0.02780	0.00884	0.00531	0.00471	0.00128	0.00520	0.00431	0.00399	0.32083
32	0.01151	0.00691	0.00854	0.00724	0.00974	0.00606	0.00566	0.02868	0.02694	0.19081	0.33972	0.03177	0.17641	0.00915	0.00561	0.00154	0.00321	0.00780	0.00535	0.11736
33	0.00721	0.00555	0.00653	0.00636	0.00771	0.00514	0.00468	0.00970	0.05399	0.01754	0.40416	0.09975	0.28202	0.05764	0.00730	0.00191	0.00280	0.01004	0.00520	0.00477
34	0.01681	0.03985	0.01351	0.00979	0.01402	0.01126	0.00806	0.31989	0.01702	0.16740	0.01273	0.01295	0.00924	0.00623	0.02500	0.00146	0.00504	0.00419	0.00453	0.30102
35	0.00971	0.00485	0.00485	0.00485	0.00607	0.00485	0.00364	0.01213	0.01092	0.01942	0.01699	0.01942	0.01335	0.00607	0.00364	0.00121	0.00243	0.00485	0.84589	0.00485
36	0.01140	0.00946	0.01205	0.06949	0.04700	0.00828	0.02475	0.06571	0.01188	0.03344	0.03063	0.05370	0.01041	0.00521	0.00468	0.00111	0.02249	0.00433	0.02313	0.55084

[dist]
# distance from previous block
# <min> <max>
0	1

[block]
# block no. 5 follows, 47 sequences, length 58
# corresponding to MSA columns:
# 305-362
name=unknown_F
#
# <colnr> <probs for GDERKNQSTAVLIFYWHMCP>
#	G	D	E	R	K	N	Q	S	T	A	V	L	I	F	Y	W	H	M	C	P
0	0.83205	0.01051	0.02780	0.00705	0.01039	0.01169	0.00599	0.01534	0.00892	0.02319	0.00731	0.00853	0.00566	0.00484	0.00327	0.00161	0.00412	0.00285	0.00320	0.00569
1	0.00971	0.00485	0.00485	0.00485	0.00607	0.00485	0.00364	0.01213	0.01092	0.01942	0.01699	0.01942	0.01335	0.00607	0.00364	0.00121	0.00243	0.00485	0.84589	0.00485
2	0.21763	0.01694	0.26054	0.01548	0.13459	0.04423	0.08596	0.06678	0.01211	0.08435	0.01012	0.01157	0.00743	0.00505	0.00471	0.00161	0.00635	0.00410	0.00313	0.00732
3	0.05708	0.07853	0.69645	0.01401	0.02125	0.01264	0.01781	0.01637	0.01085	0.01659	0.00909	0.01068	0.00655	0.00491	0.00475	0.00161	0.00735	0.00372	0.00226	0.00752
4	0.07269	0.11629	0.26296	0.01115	0.01617	0.07379	0.01154	0.02004	0.02971	0.30032	0.02805	0.01357	0.00989	0.00562	0.00475	0.00154	0.00594	0.00427	0.00401	0.00769
5	0.00865	0.00717	0.00955	0.05118	0.01083	0.02818	0.00711	0.01026	0.00945	0.01346	0.10839	0.06573	0.01778	0.12264	0.31802	0.00481	0.15772	0.00648	0.03781	0.00477
6	0.00745	0.00555	0.00821	0.00821	0.00909	0.00643	0.00632	0.00920	0.00832	0.01197	0.01409	0.02124	0.01336	0.08372	0.75214	0.00818	0.01344	0.00569	0.00281	0.00456
7	0.00971	0.00485	0.00485	0.00485	0.00607	0.00485	0.00364	0.01213	0.01092	0.01942	0.01699	0.01942	0.01335	0.00607	0.00364	0.00121	0.00243	0.00485	0.84589	0.00485
8	0.01980	0.01459	0.01563	0.01198	0.01615	0.01615	0.00990	0.76713	0.02448	0.03282	0.01250	0.01250	0.00886	0.00625	0.00521	0.00156	0.00573	0.00469	0.00521	0.00886
9	0.02942	0.11412	0.11169	0.02341	0.41025	0.03451	0.12439	0.01593	0.01169	0.01625	0.01042	0.01463	0.00892	0.00518	0.00511	0.00158	0.00663	0.04573	0.00264	0.00751
10	0.01445	0.01081	0.01298	0.01262	0.10294	0.01151	0.00895	0.39528	0.01789	0.03775	0.04236	0.16957	0.04008	0.02758	0.02637	0.00197	0.00519	0.04980	0.00473	0.00718
11	0.00971	0.00485	0.00485	0.00485	0.00607	0.00485	0.00364	0.01213	0.01092	0.01942	0.01699	0.01942	0.01335	0.00607	0.00364	0.00121	0.00243	0.00485	0.84589	0.00485
12	0.02222	0.00901	0.01203	0.00941	0.01329	0.00806	0.00778	0.04705	0.04607	0.70255	0.02062	0.01932	0.01359	0.00679	0.00532	0.00165	0.00447	0.03581	0.00629	0.00867
13	0.01177	0.29121	0.44517	0.01299	0.04540	0.01471	0.01471	0.01588	0.01090	0.02709	0.01034	0.01172	0.03503	0.00521	0.00479	0.00149	0.02817	0.00382	0.00239	0.00722
14	0.02000	0.01150	0.05711	0.01009	0.01400	0.03838	0.00861	0.20311	0.01661	0.45668	0.03423	0.03771	0.03248	0.02766	0.00582	0.00170	0.00501	0.00549	0.00558	0.00823
15	0.01509	0.71982	0.02541	0.00895	0.01336	0.01900	0.00876	0.01680	0.01112	0.10817	0.00888	0.00951	0.00745	0.00470	0.00358	0.00118	0.00543	0.00309	0.00275	0.00695
16	0.00905	0.00452	0.00678	0.00678	0.00678	0.00452	0.00452	0.00678	0.00678	0.00905	0.00905	0.01583	0.00905	0.01809	0.02035	0.84848	0.00452	0.00452	0.00226	0.00226
17	0.01148	0.09482	0.51862	0.06026	0.06007	0.04444	0.03564	0.01737	0.07867	0.01628	0.01020	0.01178	0.00757	0.00509	0.00488	0.00160	0.00717	0.00406	0.00253	0.00749
18	0.01621	0.01308	0.01311	0.01089	0.01404	0.08493	0.00869	0.45170	0.10314	0.02568	0.03200	0.08987	0.04188	0.03252	0.00608	0.00176	0.00541	0.03661	0.00487	0.00753
19	0.01114	0.00814	0.00959	0.00848	0.00998	0.00907	0.00639	0.20281	0.02789	0.01764	0.01550	0.02286	0.03820	0.26333	0.20243	0.00430	0.06019	0.00602	0.07062	0.00541
20	0.01139	0.01139	0.01595	0.01367	0.01367	0.01595	0.01139	0.01253	0.00798	0.01253	0.00684	0.01139	0.00684	0.00911	0.01709	0.00228	0.80745	0.00456	0.00228	0.00570
21	0.01893	0.01386	0.01488	0.01154	0.01546	0.01529	0.00948	0.71118	0.02345	0.03161	0.01326	0.04161	0.00995	0.00661	0.00520	0.00157	0.00551	0.00506	0.03703	0.00854
22	0.00634	0.00455	0.00602	0.00720	0.00754	0.00423	0.00481	0.00726	0.01002	0.01331	0.02935	0.79308	0.05453	0.01623	0.00663	0.00211	0.00301	0.01470	0.00483	0.00423
23	0.00634	0.00453	0.00604	0.00725	0.00755	0.00423	0.00483	0.00725	0.00997	0.01329	0.02870	0.81358	0.03444	0.01632	0.00665	0.00211	0.00302	0.01480	0.00483	0.00423
24	0.00971	0.00485	0.00485	0.00485	0.00607	0.00485	0.00364	0.01213	0.01092	0.01942	0.01699	0.01942	0.01335	0.00607	0.00364	0.00121	0.00243	0.00485	0.84589	0.00485
25	0.01386	0.01066	0.01159	0.01031	0.01331	0.01199	0.00809	0.02655	0.65340	0.10761	0.02194	0.02093	0.03160	0.00732	0.00536	0.00177	0.00414	0.02603	0.00540	0.00814
26	0.85377	0.01007	0.00765	0.00685	0.01007	0.01168	0.00564	0.01531	0.00886	0.02336	0.00725	0.00846	0.00564	0.00483	0.00322	0.00161	0.00403	0.00282	0.00322	0.00564
27	0.02878	0.03970	0.34865	0.05088	0.09773	0.01190	0.03450	0.11327	0.04410	0.01871	0.01091	0.04102	0.00865	0.00541	0.00489	0.00152	0.00630	0.00446	0.00301	0.12560
28	0.12094	0.01419	0.04727	0.17348	0.21841	0.14162	0.01202	0.13189	0.03320	0.01899	0.00999	0.01218	0.00778	0.00526	0.00480	0.00156	0.00641	0.00421	0.02875	0.00703
29	0.01734	0.01312	0.01410	0.01134	0.01496	0.01460	0.00917	0.55089	0.18780	0.02901	0.01556	0.07130	0.01223	0.00715	0.00533	0.00165	0.00518	0.00567	0.00520	0.00839
30	0.12319	0.04696	0.34877	0.06828	0.16159	0.02716	0.01437	0.03143	0.03898	0.02889	0.01082	0.05760	0.00888	0.00566	0.00483	0.00163	0.00635	0.00460	0.00281	0.00719
31	0.01576	0.01126	0.02949	0.03126	0.01401	0.01102	0.00810	0.33398	0.04029	0.10293	0.01332	0.01388	0.00978	0.00563	0.00464	0.00134	0.00467	0.00439	0.13135	0.21291
32	0.01163	0.00989	0.05570	0.08018	0.06486	0.02015	0.00859	0.19115	0.01418	0.04679	0.04636	0.27890	0.06325	0.02414	0.00603	0.00179	0.00465	0.00846	0.01738	0.04590
33	0.01537	0.01370	0.01502	0.22754	0.06817	0.14686	0.02541	0.29396	0.01642	0.02105	0.01088	0.01302	0.00825	0.00605	0.00551	0.02880	0.00649	0.00448	0.06605	0.00696
34	0.01061	0.00992	0.01589	0.45543	0.18144	0.01132	0.03735	0.01519	0.10102	0.01527	0.01419	0.01795	0.06026	0.00606	0.00535	0.00172	0.00617	0.02539	0.00296	0.00649
35	0.01367	0.12510	0.34837	0.03683	0.17031	0.01353	0.01491	0.12668	0.01335	0.07418	0.01043	0.01180	0.00773	0.00513	0.00484	0.00155	0.00657	0.00411	0.00303	0.00788
36	0.02319	0.00915	0.01226	0.00940	0.01344	0.00808	0.00777	0.06223	0.01538	0.75058	0.02015	0.01747	0.01269	0.00644	0.00524	0.00161	0.00450	0.00521	0.00638	0.00886
37	0.00693	0.00472	0.00626	0.00731	0.00779	0.00438	0.00497	0.00791	0.01022	0.03829	0.02903	0.75355	0.05270	0.01588	0.00660	0.00210	0.00309	0.02899	0.00489	0.00439
38	0.07750	0.00782	0.01092	0.00951	0.01154	0.00780	0.09430	0.08029	0.01267	0.09378	0.14040	0.29775	0.06429	0.03272	0.00682	0.00193	0.03021	0.00942	0.00465	0.00568
39	0.01345	0.01367	0.08156	0.08265	0.51840	0.02760	0.06927	0.06610	0.01273	0.04931	0.01036	0.01300	0.00820	0.00488	0.00521	0.00158	0.00651	0.00469	0.00287	0.00796
40	0.00757	0.00505	0.00568	0.00568	0.00568	0.00505	0.00316	0.00757	0.00757	0.01010	0.01641	0.03408	0.01893	0.81698	0.02651	0.00505	0.00505	0.00757	0.00316	0.00316
41	0.00775	0.00656	0.00812	0.00939	0.10391	0.00608	0.00615	0.01036	0.05760	0.01623	0.17767	0.04218	0.46004	0.01138	0.00604	0.00175	0.00327	0.05555	0.00475	0.00522
42	0.03039	0.03855	0.44125	0.01901	0.14147	0.01259	0.20982	0.01642	0.01140	0.01668	0.00963	0.01196	0.00717	0.00474	0.00521	0.00165	0.00761	0.00451	0.00239	0.00754
43	0.01114	0.01097	0.01527	0.01314	0.01314	0.01523	0.01085	0.01220	0.00795	0.01237	0.00747	0.01290	0.00764	0.06261	0.01771	0.00246	0.75432	0.00476	0.00234	0.00553
44	0.02244	0.00939	0.01229	0.00953	0.01350	0.00856	0.00784	0.07365	0.06587	0.68836	0.02007	0.01750	0.01283	0.00647	0.00524	0.00162	0.00450	0.00524	0.00629	0.00882
45	0.01861	0.06392	0.01482	0.01270	0.01538	0.71140	0.00964	0.02003	0.01433	0.01310	0.00852	0.00991	0.00709	0.00536	0.00457	0.00132	0.00880	0.00341	0.05107	0.00600
46	0.18875	0.22588	0.35569	0.03687	0.01759	0.01444	0.01299	0.06374	0.01128	0.01778	0.00856	0.00997	0.00657	0.00489	0.00420	0.00150	0.00623	0.00344	0.00262	0.00702
47	0.01360	0.01151	0.01214	0.01073	0.01379	0.01325	0.00840	0.09728	0.70444	0.02282	0.02038	0.01878	0.01523	0.00699	0.00529	0.00175	0.00427	0.00577	0.00529	0.00830
48	0.01945	0.02482	0.01476	0.01342	0.01610	0.79608	0.01006	0.02079	0.01476	0.01275	0.00805	0.00939	0.00671	0.00537	0.00470	0.00134	0.00939	0.00335	0.00268	0.00604
49	0.01392	0.82012	0.02729	0.00891	0.01337	0.02061	0.00891	0.01559	0.01058	0.01225	0.00724	0.00835	0.00668	0.00446	0.00334	0.00111	0.00557	0.00278	0.00223	0.00668
50	0.00620	0.00528	0.00534	0.00532	0.00706	0.00442	0.00399	0.00756	0.01197	0.01432	0.07929	0.04971	0.75569	0.01310	0.00615	0.00175	0.00263	0.01093	0.00487	0.00442
51	0.00757	0.00505	0.00568	0.00568	0.00568	0.00505	0.00316	0.00757	0.00757	0.01010	0.01641	0.03408	0.01893	0.81698	0.02651	0.00505	0.00505	0.00757	0.00316	0.00316
52	0.00680	0.00539	0.00684	0.00738	0.00804	0.00544	0.00527	0.00786	0.01022	0.01339	0.03239	0.51854	0.22331	0.01553	0.03153	0.00223	0.07828	0.01259	0.00453	0.00442
53	0.00664	0.00487	0.00627	0.00693	0.00766	0.00445	0.00480	0.00795	0.01119	0.01509	0.19382	0.56107	0.10347	0.01455	0.00644	0.00195	0.00288	0.01305	0.00499	0.02193
54	0.02336	0.00886	0.01209	0.00927	0.01329	0.00765	0.00765	0.02538	0.01491	0.78810	0.02055	0.01773	0.01289	0.00645	0.00524	0.00161	0.00443	0.00524	0.00645	0.00886
55	0.05746	0.00891	0.01190	0.00917	0.01316	0.00782	0.00757	0.02497	0.01466	0.75670	0.02000	0.01734	0.01259	0.00638	0.00515	0.00161	0.00441	0.00514	0.00631	0.00873
56	0.01282	0.01258	0.02232	0.03073	0.69087	0.01247	0.10866	0.01607	0.01191	0.01697	0.00989	0.01303	0.00821	0.00461	0.00528	0.00157	0.00651	0.00483	0.00258	0.00810
57	0.01558	0.00723	0.00965	0.00801	0.01069	0.00646	0.00637	0.01806	0.03016	0.40923	0.38113	0.02779	0.03012	0.00845	0.00567	0.00163	0.00349	0.00723	0.00608	0.00698

[dist]
# distance from previous block
# <min> <max>
0	21

[block]
# block no. 6 follows, 47 sequences, length 13
# corresponding to MSA columns:
# 384-396
name=unknown_G
#
# <colnr> <probs for GDERKNQSTAVLIFYWHMCP>
#	G	D	E	R	K	N	Q	S	T	A	V	L	I	F	Y	W	H	M	C	P
0	0.00626	0.00528	0.00542	0.00538	0.00710	0.00444	0.00404	0.00767	0.01211	0.01465	0.11487	0.04916	0.71990	0.01297	0.00615	0.00175	0.00262	0.01086	0.00491	0.00444
1	0.01910	0.01177	0.01334	0.01051	0.01425	0.01242	0.00858	0.40609	0.10975	0.24524	0.03862	0.01595	0.01226	0.00652	0.00517	0.00158	0.00490	0.00513	0.05037	0.00846
2	0.05617	0.00836	0.00949	0.00835	0.01013	0.00893	0.00626	0.22422	0.01327	0.06171	0.01562	0.02597	0.01518	0.34356	0.10975	0.00389	0.00621	0.06337	0.00401	0.00553
3	0.01277	0.01085	0.01149	0.01027	0.01315	0.01240	0.00800	0.06218	0.67272	0.02202	0.06222	0.02114	0.04273	0.00742	0.00537	0.00175	0.00406	0.00619	0.00530	0.00797
4	0.00751	0.00608	0.00647	0.00627	0.00806	0.00555	0.00475	0.06674	0.02950	0.01614	0.09859	0.11236	0.57180	0.01264	0.00613	0.00178	0.00298	0.02687	0.00494	0.00486
5	0.00650	0.00464	0.00622	0.00743	0.00780	0.00437	0.00511	0.00752	0.01013	0.01347	0.02862	0.75535	0.03410	0.01617	0.00669	0.00214	0.00316	0.07148	0.00483	0.00427
6	0.01116	0.01216	0.06498	0.52954	0.16265	0.06335	0.05397	0.01463	0.01108	0.01428	0.00934	0.01325	0.00718	0.00506	0.00520	0.00167	0.00711	0.00458	0.00239	0.00641
7	0.00962	0.00631	0.00909	0.02582	0.01027	0.00717	0.00683	0.01148	0.00925	0.09684	0.01439	0.01973	0.01266	0.04957	0.57456	0.00657	0.06002	0.00546	0.05920	0.00517
8	0.01090	0.01118	0.05514	0.49491	0.27753	0.01197	0.01511	0.01431	0.01085	0.01464	0.00937	0.01336	0.00735	0.00511	0.00548	0.00168	0.02745	0.00459	0.00239	0.00668
9	0.01378	0.01421	0.01982	0.07002	0.62116	0.13836	0.01495	0.01661	0.01225	0.01613	0.00949	0.01238	0.00793	0.00479	0.00508	0.00152	0.00674	0.00443	0.00258	0.00776
10	0.00707	0.00519	0.00694	0.05640	0.00949	0.00512	0.00551	0.03211	0.01045	0.01393	0.04271	0.68385	0.03149	0.05419	0.00747	0.00221	0.00344	0.01338	0.00463	0.00444
11	0.01254	0.01305	0.06441	0.07826	0.67233	0.01233	0.03898	0.01587	0.01173	0.01675	0.00976	0.01288	0.00806	0.00468	0.00518	0.00157	0.00640	0.00464	0.00254	0.00803
12	0.06231	0.08007	0.12184	0.11204	0.03324	0.05170	0.06203	0.04173	0.02565	0.23260	0.06093	0.05474	0.02571	0.00645	0.00509	0.00162	0.00568	0.00539	0.00406	0.00711

[dist]
# distance from previous block
# <min> <max>
3	16

[block]
# block no. 7 follows, 47 sequences, length 20
# corresponding to MSA columns:
# 413-432
name=unknown_H
#
# <colnr> <probs for GDERKNQSTAVLIFYWHMCP>
#	G	D	E	R	K	N	Q	S	T	A	V	L	I	F	Y	W	H	M	C	P
0	0.04191	0.09600	0.13875	0.02880	0.05603	0.10321	0.07563	0.13035	0.04091	0.04615	0.02703	0.01492	0.03229	0.00606	0.00556	0.00157	0.05236	0.01755	0.07798	0.00694
1	0.02730	0.01047	0.01342	0.07584	0.06745	0.01109	0.04941	0.25594	0.03883	0.03700	0.02750	0.06231	0.05146	0.06938	0.02195	0.00197	0.03966	0.00583	0.04375	0.08945
2	0.05612	0.22695	0.03321	0.02792	0.06502	0.17464	0.00969	0.10944	0.05410	0.01651	0.01188	0.01335	0.05057	0.00776	0.04667	0.00185	0.08033	0.00425	0.00311	0.00664
3	0.00862	0.00799	0.06213	0.00873	0.01009	0.00718	0.05601	0.02390	0.03688	0.01343	0.01864	0.21634	0.03301	0.33259	0.01492	0.00315	0.06142	0.02618	0.02942	0.02938
4	0.01774	0.05735	0.01535	0.01121	0.01515	0.04284	0.00924	0.56128	0.02070	0.02775	0.01159	0.01252	0.00874	0.02861	0.00588	0.00155	0.03018	0.00441	0.00455	0.11334
5	0.00765	0.00498	0.00650	0.00729	0.00799	0.00460	0.00507	0.00869	0.01045	0.06609	0.02935	0.63049	0.08788	0.05016	0.00741	0.00220	0.00327	0.05055	0.00487	0.00454
6	0.00634	0.00453	0.00604	0.00725	0.00755	0.00423	0.00483	0.00725	0.00997	0.01329	0.02870	0.81358	0.03444	0.01632	0.00665	0.00211	0.00302	0.01480	0.00483	0.00423
7	0.05012	0.00504	0.00642	0.00740	0.00798	0.00488	0.00521	0.00819	0.01024	0.01426	0.05882	0.62001	0.03241	0.04957	0.00736	0.00223	0.00334	0.09746	0.00471	0.00435
8	0.01078	0.02489	0.67906	0.01698	0.10722	0.01216	0.04409	0.01644	0.01113	0.01656	0.00944	0.01131	0.00682	0.00489	0.00501	0.00164	0.00757	0.00401	0.00226	0.00773
9	0.02336	0.00886	0.01209	0.00927	0.01329	0.00765	0.00765	0.02538	0.01491	0.78810	0.02055	0.01773	0.01289	0.00645	0.00524	0.00161	0.00443	0.00524	0.00645	0.00886
10	0.00905	0.00452	0.00678	0.00678	0.00678	0.00452	0.00452	0.00678	0.00678	0.00905	0.00905	0.01583	0.00905	0.01809	0.02035	0.84848	0.00452	0.00452	0.00226	0.00226
11	0.01223	0.01378	0.11429	0.12067	0.60355	0.01224	0.01620	0.01573	0.01158	0.01651	0.00968	0.01277	0.00789	0.00474	0.00514	0.00158	0.00646	0.00454	0.00250	0.00789
12	0.01080	0.00926	0.01080	0.00771	0.01234	0.00694	0.00617	0.01311	0.01080	0.01697	0.00926	0.01080	0.00771	0.00386	0.00386	0.00077	0.00386	0.00309	0.00309	0.84882
13	0.00689	0.00519	0.00612	0.00626	0.00734	0.00472	0.00450	0.00832	0.01172	0.01533	0.24678	0.15988	0.29701	0.13985	0.00950	0.00234	0.00316	0.05594	0.00482	0.00435
14	0.02033	0.01373	0.01510	0.01157	0.01572	0.01488	0.00956	0.65587	0.02305	0.14611	0.01371	0.01329	0.00946	0.00628	0.00521	0.00157	0.00554	0.00477	0.00539	0.00886
15	0.00792	0.00580	0.00773	0.00854	0.00983	0.00561	0.00727	0.01016	0.01232	0.01602	0.12692	0.05491	0.14786	0.01373	0.00690	0.00220	0.00417	0.54243	0.00492	0.00475
16	0.79513	0.00999	0.00797	0.00702	0.01030	0.01140	0.00578	0.01602	0.00929	0.07736	0.00819	0.00911	0.00615	0.00495	0.00336	0.00161	0.00406	0.00299	0.00345	0.00587
17	0.00826	0.00650	0.00881	0.00837	0.00877	0.00778	0.00618	0.00927	0.00799	0.01142	0.01351	0.02389	0.01407	0.32952	0.35216	0.00592	0.16433	0.00614	0.00283	0.00428
18	0.01289	0.01237	0.02114	0.03196	0.78450	0.01237	0.01598	0.01598	0.01186	0.01701	0.00980	0.01289	0.00825	0.00464	0.00516	0.00155	0.00619	0.00464	0.00258	0.00825
19	0.01044	0.01027	0.04584	0.47759	0.23362	0.01102	0.01394	0.01369	0.01082	0.01469	0.01106	0.06820	0.00943	0.00584	0.00521	0.00168	0.00631	0.00530	0.03869	0.00638

[dist]
# distance from previous block
# <min> <max>
0	10

[block]
# block no. 8 follows, 47 sequences, length 30
# corresponding to MSA columns:
# 443-472
name=unknown_I
#
# <colnr> <probs for GDERKNQSTAVLIFYWHMCP>
#	G	D	E	R	K	N	Q	S	T	A	V	L	I	F	Y	W	H	M	C	P
0	0.00979	0.00900	0.01485	0.68836	0.05429	0.01097	0.01348	0.02840	0.01070	0.01382	0.01123	0.09151	0.00969	0.00629	0.00535	0.00176	0.00651	0.00562	0.00263	0.00577
1	0.00905	0.00452	0.00678	0.00678	0.00678	0.00452	0.00452	0.00678	0.00678	0.00905	0.00905	0.01583	0.00905	0.01809	0.02035	0.84848	0.00452	0.00452	0.00226	0.00226
2	0.00905	0.00452	0.00678	0.00678	0.00678	0.00452	0.00452	0.00678	0.00678	0.00905	0.00905	0.01583	0.00905	0.01809	0.02035	0.84848	0.00452	0.00452	0.00226	0.00226
3	0.01306	0.62401	0.21586	0.01038	0.01563	0.01850	0.01146	0.01582	0.01068	0.01330	0.00776	0.00901	0.00666	0.00458	0.00374	0.00125	0.00610	0.00305	0.00222	0.00693
4	0.01059	0.00573	0.00600	0.00570	0.00716	0.00586	0.00430	0.03798	0.05794	0.04718	0.01714	0.01983	0.01359	0.04418	0.02045	0.00159	0.00306	0.00506	0.68141	0.00525
5	0.00666	0.00530	0.00598	0.00581	0.00735	0.00461	0.00436	0.00846	0.01307	0.01692	0.35832	0.04542	0.47503	0.01212	0.00615	0.00171	0.00256	0.01033	0.00521	0.00461
6	0.02302	0.00942	0.01243	0.00953	0.01357	0.00848	0.00787	0.09749	0.01584	0.71468	0.01976	0.01722	0.01250	0.00643	0.00523	0.00161	0.00456	0.00518	0.00633	0.00886
7	0.00650	0.00453	0.00608	0.00722	0.00751	0.00425	0.00482	0.00722	0.00979	0.01305	0.02759	0.76829	0.03300	0.01642	0.00743	0.05017	0.00311	0.01422	0.00469	0.00412
8	0.01092	0.00937	0.01085	0.00788	0.01241	0.00728	0.00629	0.01394	0.05419	0.01724	0.00993	0.01129	0.00818	0.00404	0.00394	0.00083	0.00387	0.00324	0.00321	0.80109
9	0.06425	0.46825	0.20677	0.01012	0.01511	0.03493	0.01083	0.01562	0.01073	0.02683	0.00912	0.01057	0.02135	0.01996	0.00430	0.00135	0.00589	0.00336	0.00248	0.05817
10	0.01392	0.82012	0.02729	0.00891	0.01337	0.02061	0.00891	0.01559	0.01058	0.01225	0.00724	0.00835	0.00668	0.00446	0.00334	0.00111	0.00557	0.00278	0.00223	0.00668
11	0.00715	0.00529	0.00668	0.00639	0.00766	0.00481	0.00477	0.00938	0.01414	0.01959	0.64543	0.06966	0.15725	0.01124	0.00616	0.00167	0.00250	0.00985	0.00557	0.00481
12	0.01363	0.74742	0.07726	0.00942	0.01398	0.01993	0.00965	0.01558	0.01054	0.01254	0.00737	0.00860	0.00668	0.00461	0.00379	0.00118	0.02597	0.00290	0.00223	0.00672
13	0.09944	0.01141	0.01238	0.01095	0.06659	0.04065	0.00815	0.27772	0.04793	0.06873	0.01320	0.02711	0.02195	0.00689	0.03051	0.00162	0.00511	0.00454	0.07822	0.16687
14	0.03109	0.01227	0.01245	0.02504	0.01367	0.06719	0.00819	0.43970	0.03333	0.07342	0.01382	0.01442	0.01012	0.00613	0.00475	0.00147	0.00504	0.00466	0.21572	0.00753
15	0.04295	0.66153	0.08338	0.01019	0.01485	0.04146	0.05501	0.01587	0.01077	0.01324	0.00762	0.00893	0.00671	0.00453	0.00366	0.00122	0.00598	0.00308	0.00230	0.00672
16	0.01051	0.02649	0.76358	0.01509	0.02270	0.01213	0.04521	0.01650	0.01104	0.01650	0.00939	0.01110	0.00664	0.00493	0.00499	0.00165	0.00773	0.00393	0.00221	0.00767
17	0.08366	0.15981	0.04118	0.05754	0.01411	0.01089	0.00826	0.04140	0.05205	0.33636	0.07968	0.05308	0.01457	0.00661	0.00484	0.00155	0.00466	0.00528	0.00473	0.01976
