[name]
unknown

[dist]
# distance from previous block
# <min> <max>
0	21

[block]
# block no. 0 follows, 41 sequences, length 8
# corresponding to MSA columns:
# 27-34
name=unknown_A
#
# <colnr> <probs for GDERKNQSTAVLIFYWHMCP>
#	G	D	E	R	K	N	Q	S	T	A	V	L	I	F	Y	W	H	M	C	P
0	0.01459	0.04675	0.01365	0.01075	0.01413	0.01144	0.00888	0.11387	0.12660	0.09984	0.03071	0.02338	0.01529	0.00932	0.03473	0.00199	0.07945	0.11623	0.00466	0.22373
1	0.05739	0.12585	0.15350	0.01172	0.01626	0.01423	0.01119	0.21862	0.09856	0.05789	0.08620	0.04231	0.01597	0.00752	0.00550	0.00175	0.00578	0.03958	0.00459	0.02559
2	0.01429	0.05052	0.01259	0.00897	0.01323	0.00958	0.00730	0.13520	0.01511	0.11101	0.02193	0.02180	0.16349	0.00715	0.00515	0.00134	0.00447	0.00573	0.00457	0.38657
3	0.10467	0.10248	0.07255	0.01226	0.01697	0.05275	0.01080	0.45242	0.03761	0.02908	0.01207	0.01258	0.00892	0.00624	0.00516	0.00163	0.00630	0.00452	0.00466	0.04633
4	0.01008	0.08399	0.01194	0.06626	0.01313	0.04380	0.00795	0.01207	0.01057	0.01417	0.01596	0.05325	0.01585	0.10758	0.34650	0.00540	0.01003	0.08440	0.00336	0.08374
5	0.00981	0.00752	0.01012	0.00891	0.01024	0.00753	0.07466	0.07991	0.01154	0.01534	0.03903	0.09121	0.10091	0.42998	0.07508	0.00438	0.00620	0.00876	0.00400	0.00487
6	0.01537	0.65600	0.10958	0.01083	0.01602	0.05355	0.01112	0.04434	0.01243	0.01482	0.00846	0.00971	0.00742	0.00507	0.00400	0.00132	0.00656	0.00329	0.00259	0.00752
7	0.01180	0.01196	0.08425	0.00950	0.01449	0.00864	0.00829	0.01594	0.08196	0.01888	0.01250	0.05253	0.01069	0.00538	0.00466	0.00112	0.00462	0.00441	0.00362	0.63474

[dist]
# distance from previous block
# <min> <max>
0	2

[block]
# block no. 1 follows, 41 sequences, length 15
# corresponding to MSA columns:
# 37-51
name=unknown_B
#
# <colnr> <probs for GDERKNQSTAVLIFYWHMCP>
#	G	D	E	R	K	N	Q	S	T	A	V	L	I	F	Y	W	H	M	C	P
0	0.01200	0.06861	0.01168	0.03420	0.01237	0.04611	0.00759	0.14304	0.01437	0.04898	0.02467	0.44605	0.05479	0.01315	0.00689	0.00205	0.03100	0.01134	0.00495	0.00618
1	0.14001	0.01320	0.01471	0.04926	0.01670	0.01454	0.03259	0.37160	0.11642	0.08822	0.01493	0.01645	0.01128	0.06619	0.00721	0.00206	0.00579	0.00535	0.00511	0.00842
2	0.04055	0.01028	0.01207	0.08700	0.01549	0.01080	0.00851	0.18793	0.12189	0.10462	0.12313	0.08189	0.11986	0.00923	0.00600	0.00182	0.00472	0.00770	0.00539	0.04111
3	0.01080	0.01017	0.01716	0.78523	0.03940	0.01271	0.01589	0.01461	0.01144	0.01461	0.01017	0.01525	0.00762	0.00572	0.00572	0.00191	0.00762	0.00508	0.00254	0.00635
4	0.01198	0.10193	0.64488	0.01626	0.02418	0.01426	0.07326	0.01804	0.01214	0.01769	0.01014	0.01205	0.00736	0.00534	0.00536	0.00176	0.00832	0.00430	0.00245	0.00829
5	0.01296	0.01627	0.13767	0.14067	0.21334	0.01381	0.34513	0.01754	0.01286	0.01782	0.01096	0.01459	0.00840	0.00512	0.00613	0.00185	0.00845	0.00571	0.00275	0.00795
6	0.00827	0.00574	0.00723	0.00723	0.00758	0.00608	0.00470	0.00896	0.00861	0.01183	0.01711	0.03240	0.01861	0.54469	0.28042	0.00677	0.00883	0.00758	0.00333	0.00402
7	0.01080	0.01017	0.01716	0.78523	0.03940	0.01271	0.01589	0.01461	0.01144	0.01461	0.01017	0.01525	0.00762	0.00572	0.00572	0.00191	0.00762	0.00508	0.00254	0.00635
8	0.01080	0.01017	0.01716	0.78523	0.03940	0.01271	0.01589	0.01461	0.01144	0.01461	0.01017	0.01525	0.00762	0.00572	0.00572	0.00191	0.00762	0.00508	0.00254	0.00635
9	0.00817	0.00613	0.00919	0.00919	0.01021	0.00715	0.00715	0.01021	0.00919	0.01328	0.01532	0.02247	0.01430	0.04290	0.77631	0.00919	0.01532	0.00613	0.00306	0.00511
10	0.50815	0.01070	0.01190	0.31842	0.02239	0.01278	0.01007	0.01593	0.01042	0.02125	0.00884	0.01167	0.00677	0.00547	0.00441	0.00182	0.00570	0.00389	0.00314	0.00626
11	0.01329	0.01234	0.02064	0.11170	0.60400	0.01258	0.01591	0.01661	0.01278	0.01834	0.01288	0.01619	0.03461	0.00560	0.00558	0.00170	0.00644	0.00535	0.06511	0.00835
12	0.04534	0.01003	0.01641	0.71568	0.03689	0.01242	0.01516	0.01457	0.01145	0.01520	0.01104	0.01736	0.00878	0.00618	0.00573	0.00194	0.00738	0.03944	0.00271	0.00630
13	0.01260	0.01212	0.01927	0.08516	0.07589	0.03147	0.18522	0.07601	0.01274	0.01761	0.01395	0.14423	0.01344	0.00971	0.03499	0.00225	0.18319	0.00722	0.00345	0.05948
14	0.01954	0.01455	0.01619	0.07067	0.01847	0.01613	0.01072	0.61891	0.02437	0.03265	0.03856	0.06461	0.01278	0.00764	0.00586	0.00177	0.00609	0.00602	0.00548	0.00901

[dist]
# distance from previous block
# <min> <max>
10	71

[block]
# block no. 2 follows, 41 sequences, length 10
# corresponding to MSA columns:
# 125-134
name=unknown_C
#
# <colnr> <probs for GDERKNQSTAVLIFYWHMCP>
#	G	D	E	R	K	N	Q	S	T	A	V	L	I	F	Y	W	H	M	C	P
0	0.07546	0.01058	0.01374	0.13285	0.01850	0.01068	0.00967	0.06567	0.11392	0.45900	0.01924	0.01805	0.01279	0.00683	0.00561	0.00181	0.00531	0.00553	0.00588	0.00887
1	0.10390	0.01334	0.12339	0.01473	0.13403	0.01038	0.01146	0.02372	0.01455	0.46610	0.01745	0.01654	0.01155	0.00635	0.00547	0.00176	0.00564	0.00516	0.00538	0.00909
2	0.00697	0.00498	0.00664	0.00796	0.00830	0.00465	0.00531	0.00796	0.01095	0.01460	0.03153	0.79525	0.03783	0.01792	0.00730	0.00232	0.00332	0.01626	0.00531	0.00465
3	0.00747	0.00532	0.00665	0.00730	0.00777	0.00508	0.00480	0.00840	0.01070	0.01428	0.08675	0.43343	0.08759	0.23946	0.04520	0.00345	0.00436	0.01281	0.00477	0.00440
4	0.14079	0.00768	0.00856	0.00869	0.01030	0.00797	0.00646	0.11581	0.01332	0.01966	0.02664	0.46831	0.06912	0.01400	0.00649	0.00215	0.00403	0.05926	0.00509	0.00567
5	0.01368	0.08304	0.48571	0.01462	0.02142	0.01478	0.01689	0.12470	0.13126	0.02127	0.01265	0.01356	0.00923	0.00597	0.00540	0.00177	0.00735	0.00463	0.00343	0.00865
6	0.14669	0.14130	0.10457	0.01178	0.01607	0.29599	0.01043	0.03455	0.01349	0.01744	0.01069	0.01199	0.03281	0.00567	0.00464	0.00145	0.00730	0.00383	0.00311	0.12620
7	0.00798	0.00962	0.12707	0.00829	0.01098	0.00646	0.00773	0.01037	0.01267	0.01607	0.06326	0.07908	0.44920	0.05314	0.00787	0.00221	0.00426	0.11355	0.00478	0.00540
8	0.14563	0.01363	0.02054	0.02703	0.49967	0.01411	0.05160	0.12227	0.01453	0.02227	0.01079	0.01339	0.00868	0.00537	0.00539	0.00172	0.00649	0.00487	0.00336	0.00864
9	0.01189	0.01418	0.10470	0.15388	0.05690	0.01257	0.35820	0.01577	0.01200	0.01638	0.01244	0.03734	0.01078	0.12008	0.01002	0.00245	0.03411	0.00652	0.00291	0.00687

[dist]
# distance from previous block
# <min> <max>
26	49

[block]
# block no. 3 follows, 41 sequences, length 12
# corresponding to MSA columns:
# 186-197
name=unknown_D
#
# <colnr> <probs for GDERKNQSTAVLIFYWHMCP>
#	G	D	E	R	K	N	Q	S	T	A	V	L	I	F	Y	W	H	M	C	P
0	0.01595	0.01317	0.01571	0.22171	0.02236	0.03770	0.01130	0.32226	0.03558	0.02457	0.01336	0.01514	0.03288	0.00643	0.00596	0.00164	0.03584	0.00501	0.00421	0.15921
1	0.01293	0.01222	0.04196	0.01434	0.01732	0.01275	0.18157	0.14967	0.05036	0.02058	0.08410	0.09741	0.06429	0.01117	0.05556	0.00246	0.15248	0.00760	0.00418	0.00705
2	0.01794	0.01203	0.01361	0.01079	0.01471	0.01230	0.00873	0.33879	0.08161	0.15334	0.08593	0.04335	0.06367	0.00790	0.00576	0.00168	0.00502	0.00638	0.00568	0.11079
3	0.00707	0.00511	0.00660	0.00768	0.00816	0.00474	0.00515	0.00813	0.01121	0.01487	0.06519	0.66886	0.09268	0.05528	0.00829	0.00243	0.00337	0.01529	0.00526	0.00464
4	0.01420	0.01406	0.02138	0.14455	0.56961	0.07078	0.01648	0.01802	0.04236	0.01793	0.01102	0.01432	0.00905	0.00535	0.00564	0.00172	0.00709	0.00504	0.00292	0.00847
5	0.01613	0.01044	0.01312	0.01246	0.08074	0.01051	0.00893	0.09061	0.15868	0.21708	0.02230	0.12985	0.06359	0.00887	0.00651	0.00182	0.04244	0.00738	0.00536	0.09321
6	0.03575	0.00568	0.00634	0.00628	0.00757	0.00552	0.00461	0.01169	0.01305	0.02063	0.25692	0.09380	0.06678	0.04769	0.00648	0.00181	0.00294	0.00823	0.39301	0.00521
7	0.01416	0.01359	0.02322	0.03511	0.76330	0.01359	0.01755	0.01755	0.01302	0.01869	0.01076	0.01416	0.00906	0.00510	0.00566	0.00170	0.00680	0.00510	0.00283	0.00906
8	0.01098	0.01217	0.09048	0.01448	0.06377	0.01100	0.12856	0.01487	0.07175	0.01716	0.03575	0.13816	0.11152	0.00971	0.00842	0.00199	0.13849	0.03594	0.00388	0.08092
9	0.01147	0.02959	0.76934	0.01630	0.02476	0.01328	0.02113	0.01811	0.01208	0.01811	0.01026	0.01208	0.00725	0.00543	0.00543	0.00181	0.00845	0.00423	0.00242	0.00845
10	0.09274	0.40974	0.12320	0.01106	0.01567	0.06982	0.01092	0.01688	0.01153	0.01576	0.00874	0.01061	0.00757	0.00670	0.03127	0.00171	0.06848	0.00355	0.00269	0.08136
11	0.08830	0.51067	0.19144	0.01193	0.01755	0.01917	0.05869	0.01739	0.01167	0.01589	0.00869	0.01022	0.00730	0.00505	0.00424	0.00145	0.00671	0.00356	0.00257	0.00751

[dist]
# distance from previous block
# <min> <max>
1	5

[block]
# block no. 4 follows, 41 sequences, length 48
# corresponding to MSA columns:
# 203-250
name=unknown_E
#
# <colnr> <probs for GDERKNQSTAVLIFYWHMCP>
#	G	D	E	R	K	N	Q	S	T	A	V	L	I	F	Y	W	H	M	C	P
0	0.07003	0.01086	0.01347	0.01062	0.01479	0.01029	0.05297	0.05137	0.17841	0.19567	0.03453	0.04685	0.01392	0.00660	0.00529	0.00155	0.00481	0.00555	0.00501	0.26744
1	0.01457	0.53617	0.09896	0.03087	0.01655	0.04122	0.02793	0.01694	0.01154	0.03001	0.00893	0.01092	0.00783	0.00722	0.03935	0.00181	0.08560	0.00371	0.00260	0.00726
2	0.10409	0.05786	0.12813	0.01263	0.01758	0.04498	0.01161	0.43993	0.02084	0.07766	0.01278	0.01314	0.00914	0.00637	0.00531	0.00170	0.00642	0.00468	0.01628	0.00887
3	0.61647	0.01070	0.00974	0.00825	0.01203	0.01162	0.00680	0.01984	0.01155	0.22882	0.01196	0.01208	0.00838	0.00579	0.00415	0.00177	0.00455	0.00382	0.00451	0.00716
4	0.01271	0.28009	0.52969	0.01419	0.02149	0.01631	0.01746	0.01779	0.01193	0.01660	0.00952	0.01114	0.00728	0.00526	0.00486	0.00162	0.00770	0.00385	0.00243	0.00809
5	0.01591	0.01437	0.08095	0.01410	0.03359	0.01400	0.10057	0.11104	0.42518	0.09757	0.01927	0.01859	0.01410	0.00697	0.00588	0.00188	0.00578	0.00606	0.00522	0.00898
6	0.01486	0.01200	0.01281	0.01110	0.01438	0.01334	0.00882	0.21756	0.40687	0.02571	0.04465	0.02629	0.11754	0.00888	0.00604	0.00191	0.00477	0.03838	0.00571	0.00840
7	0.00884	0.00606	0.00713	0.00697	0.00731	0.00628	0.00433	0.03858	0.00921	0.01244	0.01744	0.03420	0.01936	0.65227	0.14126	0.00594	0.00706	0.00786	0.00350	0.00397
8	0.15656	0.02705	0.01336	0.01074	0.01467	0.05657	0.00869	0.12641	0.20850	0.26898	0.01767	0.01653	0.01239	0.00674	0.00528	0.00175	0.00523	0.00518	0.00554	0.03215
9	0.00912	0.00687	0.00954	0.17018	0.01539	0.00720	0.00788	0.04333	0.01198	0.03443	0.02668	0.43250	0.07411	0.07063	0.00844	0.00242	0.00464	0.05469	0.00466	0.00532
10	0.00832	0.00555	0.00624	0.00624	0.00624	0.00555	0.00347	0.00832	0.00832	0.01109	0.01802	0.03743	0.02080	0.79898	0.02911	0.00555	0.00555	0.00832	0.00347	0.00347
11	0.02566	0.00973	0.01327	0.01018	0.01460	0.00841	0.00841	0.02788	0.01637	0.76726	0.02257	0.01947	0.01416	0.00708	0.00575	0.00177	0.00487	0.00575	0.00708	0.00973
12	0.08929	0.01410	0.01572	0.01247	0.01645	0.01546	0.04172	0.53846	0.04455	0.03139	0.01562	0.10971	0.01306	0.00803	0.00578	0.00181	0.00586	0.00645	0.00536	0.00869
13	0.00723	0.00525	0.00688	0.00809	0.00868	0.00490	0.00571	0.00846	0.01140	0.01498	0.03363	0.64211	0.09909	0.01737	0.00733	0.00233	0.00352	0.10299	0.00530	0.00474
14	0.00810	0.00604	0.00739	0.00815	0.00890	0.00601	0.00558	0.01089	0.10195	0.01537	0.02982	0.54132	0.06565	0.12408	0.01012	0.00271	0.00381	0.03393	0.00512	0.00505
15	0.01604	0.70714	0.02828	0.01040	0.01505	0.11524	0.00994	0.01783	0.01219	0.01352	0.00806	0.00932	0.00734	0.00502	0.00385	0.00125	0.00663	0.00314	0.00251	0.00725
16	0.02235	0.01422	0.01590	0.01222	0.01667	0.01516	0.01009	0.55311	0.02396	0.20881	0.01597	0.01531	0.01092	0.00691	0.00568	0.00172	0.00585	0.00530	0.03025	0.00960
17	0.02375	0.01077	0.01366	0.01070	0.01499	0.01020	0.00877	0.10810	0.11276	0.58961	0.02167	0.01907	0.01409	0.00714	0.00576	0.00179	0.00498	0.00578	0.00677	0.00965
18	0.00782	0.00642	0.00688	0.00756	0.00841	0.04529	0.00515	0.00885	0.01147	0.01440	0.03568	0.47659	0.22222	0.10414	0.00950	0.00254	0.00383	0.01362	0.00498	0.00467
19	0.01342	0.01554	0.04921	0.02376	0.05048	0.01458	0.66509	0.01805	0.01320	0.01808	0.01130	0.01516	0.00859	0.00513	0.00734	0.00195	0.05202	0.00655	0.00286	0.00769
20	0.73809	0.10833	0.01106	0.00780	0.01151	0.01404	0.00664	0.01685	0.00997	0.02416	0.00796	0.00928	0.00634	0.00526	0.00356	0.00170	0.00463	0.00309	0.00341	0.00634
21	0.00803	0.00867	0.10134	0.00957	0.01090	0.00683	0.00787	0.00978	0.01104	0.01519	0.04638	0.61187	0.03191	0.01554	0.00804	0.00226	0.07110	0.01366	0.00474	0.00527
22	0.00834	0.00620	0.00788	0.00871	0.01004	0.00591	0.00717	0.01034	0.01261	0.01601	0.03707	0.09428	0.23682	0.08253	0.00937	0.00267	0.00453	0.42942	0.00513	0.00496
23	0.01617	0.01275	0.01417	0.01060	0.01539	0.01220	0.00861	0.32629	0.04725	0.02627	0.01220	0.01303	0.00936	0.00550	0.00493	0.00126	0.00513	0.00426	0.00448	0.45017
24	0.00747	0.00560	0.00620	0.00633	0.00730	0.00512	0.00421	0.00841	0.01124	0.01426	0.09134	0.13849	0.34141	0.31005	0.01524	0.00333	0.00393	0.01105	0.00469	0.00433
25	0.01447	0.01059	0.01248	0.00908	0.01403	0.00856	0.00733	0.07601	0.01368	0.11784	0.01208	0.01301	0.00932	0.00482	0.00456	0.00104	0.00449	0.00384	0.00406	0.65871
26	0.01509	0.71990	0.09293	0.01045	0.01561	0.03779	0.01078	0.01733	0.01176	0.01387	0.00817	0.00945	0.00733	0.00496	0.00385	0.00128	0.00641	0.00317	0.00245	0.00742
27	0.00770	0.00527	0.00687	0.00771	0.00822	0.00494	0.00516	0.00882	0.01141	0.03239	0.12122	0.58986	0.03722	0.11289	0.00988	0.00264	0.00355	0.01430	0.00525	0.00471
28	0.00709	0.00579	0.00632	0.00665	0.00831	0.00502	0.00507	0.00863	0.01280	0.01555	0.05127	0.14720	0.58183	0.01507	0.00697	0.00207	0.00324	0.10095	0.00531	0.00486
29	0.00772	0.00831	0.10119	0.00947	0.01096	0.00600	0.02926	0.00952	0.01117	0.01514	0.02832	0.67571	0.03320	0.01599	0.00705	0.00225	0.00414	0.01450	0.00488	0.00521
30	0.01237	0.01303	0.02546	0.29219	0.06356	0.01390	0.37434	0.01638	0.01227	0.01655	0.01104	0.02933	0.00875	0.00586	0.00744	0.00197	0.07957	0.00610	0.00277	0.00710
31	0.00836	0.00548	0.00650	0.00671	0.00707	0.00550	0.00423	0.00913	0.00958	0.01356	0.04700	0.16374	0.02359	0.47511	0.08541	0.00465	0.00554	0.00919	0.10553	0.00411
32	0.01158	0.02898	0.74082	0.01702	0.05300	0.01330	0.02100	0.01809	0.01211	0.01814	0.01028	0.01216	0.00732	0.00542	0.00544	0.00181	0.00839	0.00426	0.00243	0.00848
33	0.04846	0.02666	0.08016	0.17436	0.14203	0.17063	0.02126	0.04851	0.03281	0.08244	0.10363	0.01728	0.01431	0.00654	0.00560	0.00173	0.00702	0.00537	0.00377	0.00743
34	0.01576	0.01245	0.06801	0.01166	0.03530	0.01192	0.00952	0.22582	0.18182	0.11350	0.08400	0.11594	0.03933	0.00890	0.00597	0.00185	0.00500	0.00745	0.03765	0.00817
35	0.01094	0.00560	0.00563	0.00553	0.00694	0.00564	0.00417	0.03153	0.01237	0.02169	0.01854	0.02114	0.01454	0.00667	0.00404	0.00134	0.00276	0.00533	0.81019	0.00544
36	0.01101	0.01046	0.01720	0.69056	0.03640	0.01330	0.01547	0.01451	0.01111	0.01451	0.00984	0.01491	0.00761	0.00625	0.00732	0.00198	0.10361	0.00507	0.00254	0.00634
37	0.01775	0.29660	0.07124	0.01359	0.04529	0.37390	0.01136	0.04239	0.01433	0.01499	0.01023	0.01160	0.02893	0.00583	0.00497	0.00146	0.02168	0.00386	0.00288	0.00713
38	0.01040	0.00624	0.00817	0.00773	0.00935	0.00566	0.00577	0.01261	0.01496	0.13130	0.46224	0.19679	0.08155	0.01245	0.00671	0.00191	0.00316	0.01099	0.00616	0.00585
39	0.02116	0.01422	0.01577	0.01221	0.01649	0.01530	0.01004	0.57503	0.02441	0.14359	0.07891	0.01707	0.01417	0.00731	0.00581	0.00173	0.00577	0.00568	0.00597	0.00936
40	0.01233	0.09213	0.52416	0.01815	0.05723	0.01434	0.16643	0.01805	0.01237	0.01778	0.01035	0.01260	0.00762	0.00525	0.00556	0.00178	0.00842	0.00468	0.00253	0.00823
41	0.01847	0.01339	0.01472	0.01178	0.01547	0.01454	0.00952	0.55552	0.02355	0.04745	0.10770	0.10597	0.01844	0.00872	0.00603	0.00180	0.00548	0.00706	0.00577	0.00862
42	0.00710	0.00578	0.00622	0.00616	0.00785	0.00497	0.00456	0.00875	0.01346	0.01682	0.20217	0.07040	0.56713	0.04399	0.00763	0.00205	0.00297	0.01167	0.00545	0.00489
43	0.01117	0.01068	0.01715	0.72816	0.05837	0.03429	0.01567	0.01488	0.01165	0.01476	0.01052	0.01599	0.00813	0.00589	0.00574	0.00190	0.00763	0.01839	0.00261	0.00642
44	0.01127	0.03508	0.16945	0.01131	0.01442	0.03217	0.01065	0.10301	0.01225	0.01719	0.01364	0.01881	0.01196	0.05597	0.41569	0.00584	0.03165	0.00550	0.01771	0.00645
45	0.43242	0.03420	0.18938	0.01050	0.01545	0.01285	0.01051	0.07546	0.01272	0.14218	0.01127	0.01191	0.00801	0.00573	0.00451	0.00176	0.00563	0.00394	0.00398	0.00759
46	0.07327	0.04227	0.01434	0.01084	0.01486	0.01281	0.00890	0.32264	0.03631	0.26639	0.01857	0.06771	0.03227	0.00765	0.00557	0.00174	0.00525	0.00604	0.02924	0.02333
47	0.03711	0.08114	0.04923	0.01326	0.03569	0.22538	0.01064	0.19048	0.23525	0.02259	0.01549	0.01554	0.02983	0.00675	0.00539	0.00169	0.00684	0.00505	0.00444	0.00820

[dist]
# distance from previous block
# <min> <max>
0	1

[block]
# block no. 5 follows, 41 sequences, length 7
# corresponding to MSA columns:
# 252-258
name=unknown_F
#
# <colnr> <probs for GDERKNQSTAVLIFYWHMCP>
#	G	D	E	R	K	N	Q	S	T	A	V	L	I	F	Y	W	H	M	C	P
0	0.08044	0.00981	0.01557	0.22392	0.18891	0.01065	0.05523	0.01419	0.03809	0.01592	0.01181	0.01823	0.01037	0.00994	0.01016	0.22369	0.00633	0.04773	0.00298	0.00604
1	0.01183	0.01134	0.01741	0.01892	0.20110	0.01368	0.04602	0.01380	0.01072	0.01572	0.04300	0.14989	0.01508	0.00998	0.01247	0.00222	0.38960	0.00727	0.00324	0.00671
2	0.00979	0.00907	0.01432	0.59064	0.03149	0.01074	0.01300	0.01302	0.01184	0.01482	0.02209	0.02519	0.19571	0.00791	0.00598	0.00191	0.00644	0.00683	0.00323	0.00597
3	0.00900	0.00597	0.00773	0.00788	0.00914	0.00553	0.00591	0.01095	0.01368	0.06691	0.31108	0.23316	0.11083	0.06077	0.00832	0.00229	0.00356	0.11629	0.00569	0.00530
4	0.03678	0.00688	0.00862	0.00835	0.00993	0.00715	0.00644	0.01299	0.10204	0.01959	0.34324	0.05688	0.09075	0.01943	0.19874	0.00373	0.00631	0.05125	0.00518	0.00572
5	0.01092	0.08216	0.52321	0.01354	0.01995	0.01202	0.01635	0.01621	0.01307	0.01897	0.19734	0.01951	0.01892	0.00696	0.00563	0.00176	0.00684	0.00567	0.00339	0.00761
6	0.01290	0.53905	0.08564	0.00987	0.01392	0.01736	0.00961	0.01492	0.01149	0.01413	0.01403	0.20567	0.01494	0.00819	0.00472	0.00155	0.00561	0.00645	0.00316	0.00676

[dist]
# distance from previous block
# <min> <max>
0	1

[block]
# block no. 6 follows, 41 sequences, length 14
# corresponding to MSA columns:
# 260-273
name=unknown_G
#
# <colnr> <probs for GDERKNQSTAVLIFYWHMCP>
#	G	D	E	R	K	N	Q	S	T	A	V	L	I	F	Y	W	H	M	C	P
0	0.01331	0.01338	0.02473	0.18334	0.42719	0.01364	0.20533	0.01716	0.01283	0.01777	0.01085	0.01471	0.00867	0.00515	0.00596	0.00180	0.00770	0.00552	0.00279	0.00817
1	0.00763	0.00546	0.00725	0.00844	0.00907	0.00521	0.00617	0.00900	0.01144	0.01507	0.03138	0.53127	0.06285	0.06505	0.00877	0.00259	0.00394	0.19947	0.00519	0.00474
2	0.00879	0.00652	0.00920	0.02881	0.04429	0.00646	0.00852	0.01101	0.01254	0.01641	0.03042	0.25039	0.06250	0.01559	0.00755	0.00247	0.00479	0.46337	0.00511	0.00528
3	0.01274	0.21699	0.02402	0.38198	0.09248	0.01568	0.14676	0.01619	0.01200	0.01533	0.00990	0.01361	0.00786	0.00529	0.00537	0.00172	0.00753	0.00486	0.00261	0.00709
4	0.01385	0.21941	0.03205	0.05346	0.02636	0.01651	0.52082	0.01785	0.01292	0.01690	0.01057	0.01380	0.00829	0.00488	0.00591	0.00174	0.00864	0.00572	0.00276	0.00756
5	0.01217	0.01187	0.03771	0.02478	0.47671	0.01137	0.01342	0.01636	0.08295	0.01833	0.02417	0.02539	0.20491	0.00779	0.00596	0.00179	0.00561	0.00701	0.00375	0.00795
6	0.02177	0.00859	0.01121	0.00892	0.01254	0.00761	0.00726	0.02410	0.01524	0.57371	0.02155	0.01995	0.01429	0.00697	0.00530	0.00166	0.00430	0.00564	0.22080	0.00859
7	0.01585	0.01236	0.02353	0.15986	0.05865	0.01202	0.34877	0.01955	0.01371	0.21180	0.01516	0.05674	0.01143	0.00626	0.00628	0.00189	0.00758	0.00661	0.00404	0.00789
8	0.00772	0.00566	0.00766	0.00829	0.00910	0.00574	0.00610	0.00928	0.01094	0.01476	0.06696	0.32648	0.08957	0.07769	0.24197	0.00460	0.00726	0.09085	0.00455	0.00483
9	0.00697	0.00498	0.00664	0.00796	0.00830	0.00465	0.00531	0.00796	0.01095	0.01460	0.03153	0.79525	0.03783	0.01792	0.00730	0.00232	0.00332	0.01626	0.00531	0.00465
10	0.00756	0.00607	0.00764	0.00811	0.00889	0.00615	0.00584	0.00877	0.01146	0.01500	0.05845	0.47500	0.24042	0.01588	0.00841	0.00222	0.09058	0.01364	0.00503	0.00490
11	0.09599	0.46331	0.02334	0.01048	0.01512	0.01936	0.00962	0.20658	0.01576	0.07747	0.01056	0.01115	0.00837	0.00561	0.00435	0.00144	0.00591	0.00381	0.00375	0.00803
12	0.01414	0.02607	0.57417	0.01549	0.02294	0.01444	0.01847	0.20653	0.01592	0.02277	0.01116	0.01251	0.00789	0.00581	0.00551	0.00179	0.00789	0.00447	0.00327	0.00878
13	0.02052	0.00898	0.01185	0.00983	0.01320	0.00814	0.00779	0.07686	0.01576	0.51668	0.02422	0.22033	0.01997	0.00988	0.00615	0.00191	0.00457	0.00843	0.00652	0.00841

[dist]
# distance from previous block
# <min> <max>
3	23

[block]
# block no. 7 follows, 41 sequences, length 11
# corresponding to MSA columns:
# 297-307
name=unknown_H
#
# <colnr> <probs for GDERKNQSTAVLIFYWHMCP>
#	G	D	E	R	K	N	Q	S	T	A	V	L	I	F	Y	W	H	M	C	P
0	0.02268	0.01452	0.01624	0.01245	0.01699	0.01551	0.01028	0.57327	0.02438	0.21056	0.01584	0.01510	0.01078	0.00692	0.00573	0.00173	0.00595	0.00529	0.00605	0.00973
1	0.00697	0.00498	0.00664	0.00796	0.00830	0.00465	0.00531	0.00796	0.01095	0.01460	0.03153	0.79525	0.03783	0.01792	0.00730	0.00232	0.00332	0.01626	0.00531	0.00465
2	0.01058	0.00768	0.00925	0.00931	0.01069	0.00785	0.00679	0.18383	0.01484	0.01982	0.02723	0.57953	0.03093	0.01520	0.00695	0.00219	0.00411	0.04193	0.00541	0.00588
3	0.01275	0.00761	0.00977	0.00881	0.00991	0.00802	0.00638	0.18329	0.01209	0.01617	0.01084	0.01651	0.00989	0.01677	0.01839	0.63505	0.00528	0.00501	0.00326	0.00421
4	0.01160	0.01063	0.01291	0.13088	0.01688	0.06511	0.00985	0.01703	0.18743	0.01604	0.01494	0.01948	0.01284	0.05819	0.26980	0.00462	0.12595	0.00582	0.00357	0.00644
5	0.13567	0.00595	0.00688	0.00780	0.00870	0.00592	0.00541	0.00934	0.01085	0.01635	0.02900	0.64239	0.06355	0.01582	0.00670	0.00222	0.00347	0.01405	0.00504	0.00489
6	0.00940	0.00760	0.01058	0.01019	0.01080	0.00921	0.00800	0.01093	0.00953	0.01354	0.01632	0.02964	0.01688	0.18480	0.32458	0.00584	0.19630	0.11743	0.00335	0.00507
7	0.51367	0.01038	0.01089	0.01251	0.12756	0.01146	0.00867	0.01574	0.01106	0.02255	0.01372	0.02322	0.01302	0.00778	0.00491	0.00196	0.00499	0.17564	0.00384	0.00642
8	0.01378	0.20052	0.02239	0.02479	0.46777	0.01442	0.01375	0.01589	0.01183	0.01609	0.00996	0.01347	0.00879	0.00733	0.00777	0.13021	0.00635	0.00459	0.00269	0.00763
9	0.34488	0.01065	0.03898	0.00907	0.01205	0.01086	0.00742	0.14491	0.01411	0.05921	0.08722	0.20144	0.01935	0.00930	0.00531	0.00190	0.00451	0.00747	0.00474	0.00663
10	0.14424	0.01632	0.03139	0.01198	0.01533	0.20485	0.00953	0.05454	0.36029	0.05041	0.01619	0.01590	0.01227	0.00685	0.00559	0.00179	0.02484	0.00508	0.00463	0.00798

[dist]
# distance from previous block
# <min> <max>
3	30

[block]
# block no. 8 follows, 41 sequences, length 71
# corresponding to MSA columns:
# 338-353,358-412
name=unknown_I
#
# <colnr> <probs for GDERKNQSTAVLIFYWHMCP>
#	G	D	E	R	K	N	Q	S	T	A	V	L	I	F	Y	W	H	M	C	P
0	0.00801	0.00596	0.00820	0.00855	0.00962	0.00565	0.02526	0.01024	0.02703	0.01814	0.28003	0.36916	0.05891	0.01484	0.00715	0.00217	0.00360	0.12673	0.00559	0.00517
1	0.01466	0.01108	0.01200	0.01031	0.01310	0.03790	0.00807	0.27109	0.10709	0.04879	0.07429	0.09973	0.07007	0.04700	0.09630	0.00282	0.00621	0.00746	0.03692	0.02510
2	0.01258	0.01059	0.01224	0.00881	0.01386	0.00836	0.00707	0.06715	0.01295	0.01990	0.01042	0.01200	0.00856	0.00443	0.00434	0.00091	0.00438	0.00352	0.00356	0.77438
3	0.05484	0.01275	0.03314	0.01117	0.01501	0.01326	0.00917	0.25296	0.26654	0.09736	0.08766	0.02005	0.03269	0.00752	0.00567	0.00176	0.00500	0.00605	0.00559	0.06183
4	0.01423	0.01229	0.01293	0.01164	0.01487	0.01423	0.00905	0.03039	0.75297	0.02393	0.02328	0.02134	0.01746	0.00776	0.00582	0.00194	0.00453	0.00647	0.00582	0.00905
5	0.02174	0.01602	0.01717	0.01316	0.01774	0.01774	0.01087	0.74423	0.02689	0.03605	0.01373	0.01373	0.00973	0.00687	0.00572	0.00172	0.00629	0.00515	0.00572	0.00973
6	0.01261	0.01366	0.06828	0.01479	0.01567	0.01692	0.01277	0.01563	0.07933	0.01502	0.00919	0.01332	0.00843	0.00949	0.01664	0.00240	0.66129	0.00509	0.00281	0.00667
7	0.00999	0.01098	0.06954	0.01486	0.01811	0.00926	0.30319	0.01309	0.01262	0.01711	0.08750	0.32500	0.06127	0.01108	0.00688	0.00206	0.00614	0.01088	0.00423	0.00622
8	0.01110	0.02696	0.68500	0.01529	0.02296	0.01241	0.01939	0.01730	0.01253	0.01865	0.09331	0.01547	0.01242	0.00613	0.00558	0.00181	0.00782	0.00490	0.00285	0.00811
9	0.02497	0.00974	0.01316	0.01014	0.01446	0.00850	0.00836	0.04282	0.01659	0.72546	0.04809	0.02015	0.01545	0.00724	0.00579	0.00177	0.00482	0.00590	0.00702	0.00958
10	0.02614	0.00549	0.00561	0.00555	0.00693	0.00548	0.00417	0.01315	0.01235	0.02156	0.08855	0.02312	0.01822	0.00711	0.00425	0.00139	0.00270	0.00576	0.73712	0.00535
11	0.01305	0.01696	0.13344	0.15495	0.03035	0.04346	0.48666	0.01782	0.01305	0.01748	0.01104	0.01473	0.00824	0.00511	0.00632	0.00189	0.00915	0.00599	0.00277	0.00754
12	0.00829	0.00555	0.00630	0.00633	0.00636	0.00556	0.00357	0.00835	0.00839	0.01120	0.01823	0.05203	0.02100	0.76869	0.04345	0.00555	0.00569	0.00843	0.00349	0.00352
13	0.00873	0.00601	0.00757	0.00708	0.00862	0.00545	0.00530	0.01111	0.01541	0.05708	0.58475	0.04343	0.16587	0.03937	0.00748	0.00195	0.00293	0.01033	0.00608	0.00545
14	0.01616	0.00812	0.01069	0.00939	0.01211	0.00755	0.00757	0.05293	0.03380	0.32633	0.23445	0.09306	0.03016	0.01061	0.00649	0.00196	0.00425	0.12064	0.00634	0.00739
15	0.01740	0.04223	0.12918	0.01405	0.05123	0.16910	0.01200	0.18212	0.13224	0.08670	0.01552	0.01862	0.01233	0.00808	0.02497	0.00197	0.00720	0.06238	0.00446	0.00822
16	0.01586	0.61054	0.09775	0.01116	0.01609	0.13725	0.01105	0.01810	0.01237	0.01398	0.00831	0.00962	0.00734	0.00510	0.00406	0.00132	0.00698	0.00326	0.00252	0.00734
17	0.01117	0.01061	0.01539	0.01330	0.01429	0.01314	0.05997	0.01278	0.01002	0.01484	0.01416	0.18804	0.01529	0.01107	0.01366	0.00227	0.45993	0.03255	0.00333	0.08420
18	0.01433	0.01308	0.01292	0.01213	0.03703	0.08432	0.00897	0.02721	0.59152	0.02163	0.02106	0.02162	0.01658	0.08229	0.00796	0.00223	0.00523	0.00634	0.00524	0.00830
19	0.02400	0.00937	0.01274	0.00990	0.01403	0.00812	0.00812	0.02626	0.01635	0.69691	0.09229	0.02167	0.01792	0.00752	0.00585	0.00177	0.00466	0.00619	0.00701	0.00932
20	0.01342	0.01597	0.06204	0.02381	0.02970	0.01442	0.71479	0.01831	0.01345	0.01831	0.01152	0.01530	0.00862	0.00485	0.00670	0.00192	0.00960	0.00665	0.00287	0.00774
21	0.00759	0.00597	0.00920	0.00949	0.01034	0.00557	0.07499	0.00894	0.01119	0.01495	0.02964	0.72154	0.03508	0.01668	0.00725	0.00229	0.00392	0.01536	0.00508	0.00494
22	0.01066	0.00533	0.00533	0.00533	0.00666	0.00533	0.00400	0.01333	0.01200	0.02132	0.01866	0.02132	0.01466	0.00666	0.00400	0.00133	0.00267	0.00533	0.83073	0.00533
23	0.00823	0.00591	0.00763	0.00853	0.00928	0.00575	0.00606	0.05857	0.01243	0.01659	0.05560	0.64674	0.03602	0.01675	0.00723	0.00229	0.00368	0.08227	0.00537	0.00508
24	0.01080	0.01017	0.01716	0.78523	0.03940	0.01271	0.01589	0.01461	0.01144	0.01461	0.01017	0.01525	0.00762	0.00572	0.00572	0.00191	0.00762	0.00508	0.00254	0.00635
25	0.00680	0.00577	0.00586	0.00589	0.00776	0.00484	0.00440	0.00826	0.01304	0.01559	0.07221	0.07725	0.72386	0.01453	0.00678	0.00194	0.00291	0.01216	0.00533	0.00484
26	0.00797	0.00584	0.00746	0.00706	0.00847	0.00534	0.00529	0.01054	0.01588	0.02221	0.69164	0.04393	0.12307	0.01197	0.00675	0.00181	0.00272	0.01051	0.00620	0.00534
27	0.01115	0.01207	0.04310	0.01816	0.02207	0.01095	0.45873	0.01468	0.01260	0.01704	0.01869	0.27904	0.01902	0.00950	0.00693	0.00207	0.00738	0.02644	0.00375	0.00664
28	0.00994	0.00497	0.00745	0.00745	0.00745	0.00497	0.00497	0.00745	0.00745	0.00994	0.00994	0.01739	0.00994	0.01987	0.02235	0.83358	0.00497	0.00497	0.00248	0.00248
29	0.00697	0.00498	0.00664	0.00796	0.00830	0.00465	0.00531	0.00796	0.01095	0.01460	0.03153	0.79525	0.03783	0.01792	0.00730	0.00232	0.00332	0.01626	0.00531	0.00465
30	0.01147	0.02959	0.76934	0.01630	0.02476	0.01328	0.02113	0.01811	0.01208	0.01811	0.01026	0.01208	0.00725	0.00543	0.00543	0.00181	0.00845	0.00423	0.00242	0.00845
31	0.53923	0.07660	0.10442	0.00959	0.01392	0.01422	0.00895	0.08668	0.06240	0.02463	0.00983	0.01086	0.00752	0.00561	0.00414	0.00174	0.00524	0.00366	0.00368	0.00709
32	0.00733	0.00533	0.00729	0.03828	0.00984	0.00514	0.00609	0.00859	0.01118	0.01484	0.03058	0.69600	0.03620	0.01725	0.00730	0.00234	0.00367	0.08280	0.00520	0.00477
33	0.02531	0.00981	0.01326	0.01022	0.01461	0.00859	0.00843	0.02795	0.03896	0.74447	0.02259	0.01953	0.01426	0.00710	0.00575	0.00178	0.00486	0.00577	0.00704	0.00971
34	0.02201	0.01560	0.01690	0.01296	0.01753	0.01711	0.01071	0.69596	0.02618	0.08532	0.01433	0.01412	0.01003	0.00688	0.00572	0.00172	0.00620	0.00519	0.00581	0.00973
35	0.01348	0.01762	0.21137	0.03037	0.57706	0.01351	0.01846	0.01770	0.01279	0.01854	0.01063	0.01363	0.00860	0.00518	0.00561	0.00173	0.00721	0.00488	0.00273	0.00891
36	0.03974	0.10627	0.06711	0.01091	0.01555	0.01207	0.00971	0.15242	0.01723	0.45176	0.04665	0.01740	0.01346	0.00681	0.00547	0.00170	0.00542	0.00534	0.00586	0.00912
37	0.00697	0.00498	0.00664	0.00796	0.00830	0.00465	0.00531	0.00796	0.01095	0.01460	0.03153	0.79525	0.03783	0.01792	0.00730	0.00232	0.00332	0.01626	0.00531	0.00465
38	0.01492	0.72718	0.10196	0.01042	0.01566	0.02172	0.01089	0.01722	0.01167	0.01391	0.00818	0.00946	0.00733	0.00495	0.00384	0.00128	0.00634	0.00317	0.00244	0.00745
39	0.00752	0.00543	0.00731	0.00829	0.00884	0.00537	0.00574	0.02623	0.01105	0.01491	0.02846	0.65059	0.03332	0.02171	0.13231	0.00343	0.00534	0.01434	0.00495	0.00484
40	0.01239	0.10462	0.60803	0.01624	0.02399	0.01421	0.08788	0.01827	0.01227	0.03577	0.01046	0.01228	0.00756	0.00536	0.00539	0.00176	0.00825	0.00439	0.00258	0.00830
41	0.01632	0.01482	0.01960	0.17027	0.37259	0.11629	0.01482	0.11450	0.01523	0.07368	0.01163	0.01417	0.00902	0.00570	0.00562	0.00172	0.00722	0.00496	0.00348	0.00836
42	0.01381	0.01425	0.06310	0.07900	0.68012	0.01352	0.01765	0.01741	0.01288	0.01841	0.01070	0.01411	0.00888	0.00515	0.00565	0.00172	0.00693	0.00505	0.00279	0.00887
43	0.00870	0.00694	0.00914	0.00842	0.00959	0.00738	0.00653	0.01102	0.01443	0.02040	0.54625	0.03814	0.10828	0.01287	0.03830	0.00221	0.13099	0.00947	0.00547	0.00547
44	0.01166	0.01110	0.01897	0.59072	0.20996	0.01296	0.03303	0.01539	0.01186	0.01566	0.01034	0.01500	0.00799	0.00555	0.00573	0.00186	0.00748	0.00512	0.00262	0.00702
45	0.83938	0.01106	0.00841	0.00752	0.01106	0.01283	0.00619	0.01681	0.00973	0.02566	0.00796	0.00929	0.00619	0.00531	0.00354	0.00177	0.00442	0.00310	0.00354	0.00619
46	0.01819	0.01259	0.01412	0.01133	0.01471	0.01368	0.00907	0.48333	0.03872	0.05420	0.01367	0.01542	0.01044	0.01084	0.03861	0.16944	0.00611	0.00517	0.03473	0.02561
47	0.01181	0.01148	0.01617	0.01407	0.01424	0.01583	0.01164	0.01319	0.00883	0.01369	0.00878	0.01413	0.00861	0.01536	0.14196	0.00359	0.66278	0.00519	0.00259	0.00607
48	0.01092	0.00648	0.00851	0.00765	0.00951	0.00587	0.00586	0.01351	0.01614	0.14379	0.62275	0.03925	0.06519	0.01101	0.00658	0.00180	0.00306	0.00964	0.00640	0.00609
49	0.83938	0.01106	0.00841	0.00752	0.01106	0.01283	0.00619	0.01681	0.00973	0.02566	0.00796	0.00929	0.00619	0.00531	0.00354	0.00177	0.00442	0.00310	0.00354	0.00619
50	0.01909	0.01426	0.01534	0.01242	0.01648	0.01589	0.01004	0.43300	0.30331	0.07114	0.01785	0.01695	0.01292	0.00722	0.00576	0.00180	0.00554	0.00568	0.00583	0.00947
51	0.00856	0.00646	0.00948	0.00933	0.01031	0.00767	0.00730	0.01059	0.00932	0.01374	0.01504	0.02182	0.01392	0.03898	0.68947	0.00837	0.06046	0.00602	0.04798	0.00519
52	0.00849	0.00547	0.00732	0.00832	0.00901	0.00511	0.00585	0.00970	0.01147	0.06601	0.03047	0.65505	0.03534	0.03585	0.00778	0.00239	0.00366	0.08232	0.00538	0.00502
53	0.01215	0.01111	0.01564	0.01127	0.01627	0.00912	0.12664	0.01502	0.01201	0.01840	0.01029	0.01247	0.00847	0.00455	0.00521	0.00109	0.03546	0.00400	0.00327	0.66757
54	0.01936	0.01770	0.01765	0.01747	0.15714	0.19580	0.01200	0.36848	0.04271	0.02597	0.01219	0.01338	0.00932	0.00645	0.00604	0.00168	0.03746	0.00483	0.02576	0.00860
55	0.01897	0.01306	0.01443	0.01164	0.01533	0.01409	0.00937	0.50542	0.04366	0.09756	0.01793	0.14191	0.01515	0.00870	0.00590	0.00181	0.00546	0.00706	0.04387	0.00868
56	0.83938	0.01106	0.00841	0.00752	0.01106	0.01283	0.00619	0.01681	0.00973	0.02566	0.00796	0.00929	0.00619	0.00531	0.00354	0.00177	0.00442	0.00310	0.00354	0.00619
57	0.00775	0.00583	0.00717	0.00684	0.00834	0.00525	0.00513	0.01013	0.01539	0.02102	0.58085	0.04587	0.23460	0.01241	0.00675	0.00183	0.00275	0.01079	0.00604	0.00525
58	0.00994	0.00497	0.00745	0.00745	0.00745	0.00497	0.00497	0.00745	0.00745	0.00994	0.00994	0.01739	0.00994	0.01987	0.02235	0.83358	0.00497	0.00497	0.00248	0.00248
59	0.01237	0.01234	0.01678	0.06696	0.01630	0.03944	0.01221	0.01379	0.00917	0.01373	0.00836	0.01379	0.00819	0.03509	0.04775	0.00279	0.65713	0.00512	0.00257	0.00614
60	0.01270	0.01304	0.01892	0.16504	0.02127	0.05258	0.08210	0.01479	0.01008	0.01437	0.00847	0.01321	0.00763	0.00849	0.01446	0.00228	0.52642	0.00512	0.00257	0.00643
61	0.01423	0.01229	0.01293	0.01164	0.01487	0.01423	0.00905	0.03039	0.75297	0.02393	0.02328	0.02134	0.01746	0.00776	0.00582	0.00194	0.00453	0.00647	0.00582	0.00905
62	0.01350	0.01543	0.03375	0.02411	0.02989	0.01446	0.74253	0.01832	0.01350	0.01832	0.01157	0.01543	0.00868	0.00482	0.00675	0.00193	0.00964	0.00675	0.00289	0.00771
63	0.01154	0.01045	0.01688	0.71421	0.03715	0.01288	0.01526	0.06427	0.01250	0.01623	0.01061	0.01529	0.00793	0.00582	0.00568	0.00188	0.00742	0.00509	0.02234	0.00656
64	0.01005	0.00876	0.08068	0.00923	0.01094	0.00768	0.00761	0.03053	0.01040	0.06526	0.01805	0.08921	0.03280	0.23252	0.33380	0.00594	0.03007	0.00741	0.00367	0.00541
65	0.00693	0.00512	0.00649	0.00757	0.00819	0.00468	0.00514	0.00801	0.01133	0.01475	0.03629	0.66186	0.16815	0.01730	0.00720	0.00225	0.00324	0.01551	0.00531	0.00468
66	0.01334	0.01275	0.02174	0.21846	0.58636	0.01337	0.01715	0.01684	0.01264	0.01769	0.01061	0.01442	0.00871	0.00525	0.00568	0.00175	0.00700	0.00509	0.00276	0.00840
67	0.01359	0.01301	0.02219	0.16199	0.64086	0.01344	0.01727	0.01706	0.01276	0.01800	0.01066	0.01434	0.00882	0.00520	0.00567	0.00173	0.00694	0.00509	0.00278	0.00860
68	0.36553	0.01364	0.01453	0.11312	0.20909	0.11411	0.01114	0.01785	0.02458	0.03451	0.01015	0.01315	0.00825	0.00571	0.00476	0.00175	0.00625	0.02148	0.00330	0.00710
69	0.09170	0.01421	0.02963	0.02831	0.04096	0.16236	0.00917	0.08674	0.12272	0.16486	0.09424	0.02043	0.06361	0.00747	0.00554	0.00171	0.00582	0.00587	0.00495	0.03971
70	0.17255	0.04810	0.01481	0.01202	0.03168	0.14089	0.00946	0.32738	0.04743	0.05312	0.01475	0.05033	0.03921	0.00714	0.00525	0.00171	0.00623	0.00529	0.00467	0.00799

[dist]
# distance from previous block
# <min> <max>
0	3

[block]
# block no. 9 follows, 41 sequences, length 78
# corresponding to MSA columns:
# 416-493
name=unknown_J
#
# <colnr> <probs for GDERKNQSTAVLIFYWHMCP>
#	G	D	E	R	K	N	Q	S	T	A	V	L	I	F	Y	W	H	M	C	P
0	0.06994	0.12763	0.01785	0.01533	0.11822	0.25025	0.01088	0.08680	0.16155	0.06812	0.01311	0.01370	0.01017	0.00614	0.00514	0.00162	0.00702	0.00457	0.00398	0.00799
1	0.01049	0.00849	0.00907	0.00851	0.01092	0.00875	0.00650	0.01793	0.31119	0.04494	0.07498	0.08992	0.35257	0.01162	0.00638	0.00195	0.00364	0.00980	0.00562	0.00671
2	0.00780	0.00581	0.00724	0.00693	0.00837	0.00526	0.00518	0.01020	0.01542	0.02121	0.59959	0.06394	0.19709	0.01242	0.00676	0.00184	0.00275	0.01084	0.00607	0.00526
3	0.01327	0.01381	0.02155	0.16577	0.15858	0.06567	0.15567	0.01610	0.01145	0.01572	0.00948	0.01375	0.00803	0.00703	0.01069	0.00206	0.29632	0.00529	0.00268	0.00709
4	0.01312	0.01352	0.01743	0.01500	0.01520	0.06902	0.01241	0.01438	0.00927	0.01378	0.00760	0.01236	0.00750	0.00973	0.01785	0.00243	0.73567	0.00492	0.00253	0.00628
5	0.00736	0.00527	0.00703	0.00802	0.00862	0.00494	0.00563	0.00881	0.01213	0.01640	0.17138	0.59423	0.04055	0.01656	0.00724	0.00225	0.00335	0.06991	0.00550	0.00484
6	0.01529	0.80242	0.02997	0.00979	0.01468	0.02263	0.00979	0.01713	0.01162	0.01346	0.00795	0.00918	0.00734	0.00489	0.00367	0.00122	0.00612	0.00306	0.00245	0.00734
7	0.00878	0.00615	0.00697	0.00653	0.00720	0.00582	0.00390	0.00911	0.00878	0.01208	0.01699	0.03408	0.01918	0.69497	0.02586	0.00493	0.00537	0.00767	0.00346	0.11215
8	0.01529	0.80242	0.02997	0.00979	0.01468	0.02263	0.00979	0.01713	0.01162	0.01346	0.00795	0.00918	0.00734	0.00489	0.00367	0.00122	0.00612	0.00306	0.00245	0.00734
9	0.02566	0.00973	0.01327	0.01018	0.01460	0.00841	0.00841	0.02788	0.01637	0.76726	0.02257	0.01947	0.01416	0.00708	0.00575	0.00177	0.00487	0.00575	0.00708	0.00973
10	0.01214	0.01033	0.01201	0.00861	0.01368	0.00791	0.00689	0.03532	0.01229	0.01914	0.01027	0.01191	0.00851	0.00431	0.00428	0.00087	0.00430	0.00344	0.00346	0.81033
11	0.01470	0.01252	0.01320	0.01174	0.01505	0.01445	0.00917	0.07534	0.70725	0.02469	0.02268	0.02086	0.01697	0.00770	0.00581	0.00193	0.00464	0.00638	0.00581	0.00910
12	0.01080	0.01017	0.01716	0.78523	0.03940	0.01271	0.01589	0.01461	0.01144	0.01461	0.01017	0.01525	0.00762	0.00572	0.00572	0.00191	0.00762	0.00508	0.00254	0.00635
13	0.01152	0.02922	0.75032	0.01650	0.02489	0.01331	0.03979	0.01812	0.01211	0.01812	0.01030	0.01216	0.00728	0.00542	0.00547	0.00181	0.00848	0.00429	0.00243	0.00843
14	0.11195	0.01353	0.01713	0.01420	0.01602	0.08519	0.09011	0.04033	0.01153	0.05799	0.04444	0.01500	0.02708	0.00843	0.01245	0.00215	0.41720	0.00530	0.00330	0.00668
15	0.02556	0.00990	0.01338	0.01026	0.01468	0.00865	0.00847	0.04692	0.01665	0.74782	0.02233	0.01932	0.01404	0.00707	0.00575	0.00177	0.00491	0.00574	0.00704	0.00973
16	0.01317	0.01430	0.02399	0.15438	0.02585	0.07963	0.33631	0.01651	0.01210	0.01607	0.01069	0.03317	0.00893	0.00736	0.02512	0.00216	0.18771	0.00594	0.00282	0.02381
17	0.01003	0.00963	0.04081	0.01305	0.01596	0.00827	0.22258	0.01256	0.01200	0.03182	0.02263	0.41217	0.03828	0.01166	0.00665	0.00199	0.00549	0.01117	0.00430	0.10894
18	0.00776	0.00603	0.00805	0.00875	0.00910	0.00639	0.00617	0.00882	0.01077	0.01462	0.04782	0.62657	0.05444	0.04268	0.00950	0.00243	0.10613	0.01425	0.00491	0.00484
19	0.01306	0.01075	0.01244	0.00934	0.01385	0.00924	0.00746	0.12954	0.01409	0.02096	0.01232	0.07293	0.01092	0.00586	0.00507	0.00114	0.02416	0.00471	0.00389	0.61827
20	0.01461	0.66495	0.16149	0.01095	0.01647	0.02097	0.01181	0.01730	0.01170	0.01429	0.00836	0.00969	0.00732	0.00499	0.00398	0.00133	0.00653	0.00327	0.00244	0.00754
21	0.01529	0.80242	0.02997	0.00979	0.01468	0.02263	0.00979	0.01713	0.01162	0.01346	0.00795	0.00918	0.00734	0.00489	0.00367	0.00122	0.00612	0.00306	0.00245	0.00734
22	0.01373	0.01363	0.02299	0.09939	0.53540	0.04143	0.11141	0.01716	0.01284	0.01776	0.01105	0.01511	0.00926	0.02719	0.02558	0.00203	0.00755	0.00537	0.00284	0.00830
23	0.01416	0.01359	0.02322	0.03511	0.76330	0.01359	0.01755	0.01755	0.01302	0.01869	0.01076	0.01416	0.00906	0.00510	0.00566	0.00170	0.00680	0.00510	0.00283	0.00906
24	0.01261	0.01397	0.02968	0.02170	0.02659	0.01328	0.62261	0.01682	0.01301	0.01769	0.01405	0.11739	0.01246	0.00670	0.00721	0.00200	0.03382	0.00794	0.00320	0.00727
25	0.03157	0.68517	0.12630	0.01059	0.01593	0.02121	0.01120	0.01725	0.01164	0.01432	0.00825	0.00956	0.00730	0.00497	0.00390	0.00131	0.00639	0.00321	0.00246	0.00746
26	0.01180	0.02951	0.74426	0.01625	0.02452	0.03869	0.02080	0.01827	0.01221	0.01798	0.01022	0.01202	0.00725	0.00545	0.00543	0.00180	0.00852	0.00421	0.00243	0.00839
27	0.01824	0.06662	0.01548	0.01161	0.01526	0.01464	0.00942	0.49145	0.02173	0.07026	0.01779	0.18752	0.01606	0.00920	0.00594	0.00182	0.00554	0.00751	0.00548	0.00844
28	0.00704	0.00506	0.00669	0.00786	0.00830	0.00470	0.00530	0.00817	0.01137	0.01521	0.08368	0.72608	0.05451	0.01741	0.00725	0.00228	0.00327	0.01575	0.00538	0.00470
29	0.00712	0.00509	0.00681	0.00814	0.00854	0.00478	0.00557	0.00823	0.01110	0.01477	0.03144	0.74563	0.03750	0.01778	0.00734	0.00234	0.00345	0.06437	0.00531	0.00469
30	0.01147	0.02959	0.76934	0.01630	0.02476	0.01328	0.02113	0.01811	0.01208	0.01811	0.01026	0.01208	0.00725	0.00543	0.00543	0.00181	0.00845	0.00423	0.00242	0.00845
31	0.01529	0.80242	0.02997	0.00979	0.01468	0.02263	0.00979	0.01713	0.01162	0.01346	0.00795	0.00918	0.00734	0.00489	0.00367	0.00122	0.00612	0.00306	0.00245	0.00734
32	0.00830	0.00596	0.00728	0.00688	0.00851	0.00533	0.00518	0.01060	0.01525	0.04620	0.52397	0.04563	0.26504	0.01237	0.00672	0.00184	0.00283	0.01071	0.00603	0.00537
33	0.00994	0.00497	0.00745	0.00745	0.00745	0.00497	0.00497	0.00745	0.00745	0.00994	0.00994	0.01739	0.00994	0.01987	0.02235	0.83358	0.00497	0.00497	0.00248	0.00248
