[name]
unknown

[dist]
# distance from previous block
# <min> <max>
0	37

[block]
# block no. 0 follows, 45 sequences, length 58
# corresponding to MSA columns:
# 37-94
name=unknown_A
#
# <colnr> <probs for GDERKNQSTAVLIFYWHMCP>
#	G	D	E	R	K	N	Q	S	T	A	V	L	I	F	Y	W	H	M	C	P
0	0.12637	0.00899	0.01306	0.02851	0.01401	0.00851	0.15263	0.03105	0.01169	0.01791	0.10474	0.13196	0.06229	0.05337	0.02239	0.00194	0.00504	0.01832	0.00385	0.18336
1	0.04870	0.02985	0.03170	0.36344	0.19656	0.10243	0.01302	0.01512	0.02553	0.01543	0.03259	0.01705	0.07435	0.00609	0.00527	0.00168	0.00658	0.00519	0.00289	0.00652
2	0.15098	0.68298	0.02482	0.00884	0.01322	0.01973	0.00863	0.01603	0.01062	0.01450	0.00746	0.00863	0.00671	0.00466	0.00342	0.00123	0.00548	0.00288	0.00246	0.00671
3	0.01014	0.00954	0.01610	0.79845	0.03697	0.01193	0.01491	0.01371	0.01073	0.01371	0.00954	0.01431	0.00716	0.00537	0.00537	0.00179	0.00716	0.00477	0.00239	0.00596
4	0.01009	0.00944	0.01588	0.77546	0.03622	0.01176	0.01473	0.01364	0.01078	0.01378	0.01009	0.01566	0.00785	0.00564	0.00543	0.00181	0.00709	0.02626	0.00246	0.00593
5	0.03278	0.08097	0.05215	0.00890	0.01324	0.00936	0.02169	0.03778	0.06285	0.05569	0.04041	0.02920	0.05910	0.00562	0.00451	0.00117	0.00440	0.00455	0.00368	0.47195
6	0.03389	0.39341	0.16551	0.01099	0.02938	0.03685	0.01096	0.01819	0.01191	0.16622	0.01074	0.01136	0.00820	0.00523	0.00461	0.00139	0.02702	0.00369	0.00324	0.04718
7	0.02408	0.00914	0.01246	0.00955	0.01370	0.00789	0.00789	0.02616	0.01536	0.78158	0.02118	0.01827	0.01329	0.00664	0.00540	0.00166	0.00457	0.00540	0.00664	0.00914
8	0.00654	0.00467	0.00623	0.00747	0.00779	0.00436	0.00498	0.00747	0.01028	0.01370	0.02959	0.80785	0.03550	0.01682	0.00685	0.00218	0.00311	0.01526	0.00498	0.00436
9	0.84927	0.01038	0.00789	0.00706	0.01038	0.01204	0.00581	0.01578	0.00914	0.02408	0.00747	0.00872	0.00581	0.00498	0.00332	0.00166	0.00415	0.00291	0.00332	0.00581
10	0.07353	0.39162	0.02016	0.01030	0.01402	0.17365	0.00902	0.06758	0.02741	0.08371	0.00990	0.01088	0.00805	0.00607	0.01951	0.00151	0.03498	0.00359	0.02758	0.00693
11	0.00681	0.00481	0.00629	0.00736	0.00767	0.00456	0.00491	0.00769	0.01003	0.01336	0.02779	0.66704	0.03309	0.12595	0.00969	0.00261	0.00349	0.04786	0.00474	0.00423
12	0.01407	0.01063	0.01555	0.36684	0.06065	0.03939	0.06039	0.09272	0.01331	0.14233	0.01302	0.03678	0.00981	0.00609	0.00560	0.00171	0.02443	0.00524	0.07454	0.00689
13	0.00857	0.00586	0.00742	0.00703	0.00853	0.00539	0.00535	0.02592	0.01457	0.06147	0.54027	0.08849	0.14382	0.01154	0.00634	0.00177	0.00289	0.04381	0.00571	0.00525
14	0.00653	0.00471	0.00619	0.00738	0.00776	0.00437	0.00494	0.00748	0.01037	0.01374	0.03074	0.77270	0.06991	0.01667	0.00683	0.00216	0.00310	0.01508	0.00498	0.00437
15	0.01165	0.00985	0.01141	0.00820	0.01294	0.00769	0.00658	0.05533	0.01192	0.01841	0.00973	0.01123	0.00802	0.00411	0.00405	0.00084	0.00408	0.00327	0.00330	0.79739
16	0.01435	0.81458	0.02813	0.00918	0.01378	0.02124	0.00918	0.01607	0.01091	0.01263	0.00746	0.00861	0.00689	0.00459	0.00344	0.00115	0.00574	0.00287	0.00230	0.00689
17	0.01094	0.06545	0.74736	0.01501	0.02278	0.01289	0.01932	0.01696	0.01131	0.01679	0.00953	0.01120	0.00680	0.00508	0.00502	0.00167	0.00783	0.00391	0.00227	0.00788
18	0.00794	0.00624	0.00730	0.00738	0.00877	0.00612	0.00539	0.01182	0.14083	0.01749	0.23490	0.28795	0.21183	0.01286	0.00635	0.00190	0.00306	0.01127	0.00531	0.00529
19	0.00651	0.00509	0.00590	0.00644	0.00754	0.00449	0.00455	0.00775	0.01153	0.01456	0.08648	0.39387	0.39643	0.01490	0.00657	0.00197	0.00289	0.01301	0.00504	0.00449
20	0.01043	0.00572	0.00559	0.00548	0.00683	0.02156	0.00412	0.03526	0.01174	0.02011	0.01753	0.04239	0.01411	0.00655	0.00391	0.00129	0.00277	0.00526	0.77421	0.00514
21	0.01948	0.04780	0.03273	0.01027	0.01405	0.04675	0.00859	0.18822	0.06099	0.37826	0.09504	0.01848	0.01563	0.00792	0.02922	0.00184	0.00531	0.00552	0.00561	0.00828
22	0.00666	0.00540	0.00593	0.00599	0.00755	0.00466	0.00447	0.00824	0.01262	0.01581	0.18910	0.11875	0.54983	0.01342	0.00642	0.00184	0.00278	0.03074	0.00516	0.00463
23	0.00671	0.00491	0.00631	0.00710	0.00777	0.00451	0.00489	0.00799	0.01142	0.01524	0.16992	0.57652	0.12622	0.01536	0.00670	0.00205	0.00296	0.01377	0.00515	0.00451
24	0.01341	0.26256	0.34861	0.01214	0.01782	0.01486	0.01351	0.03749	0.12175	0.07527	0.01210	0.02768	0.00933	0.00564	0.00471	0.00155	0.00633	0.00429	0.00320	0.00775
25	0.01027	0.02854	0.01095	0.11388	0.01408	0.06540	0.00809	0.08676	0.01156	0.01515	0.01730	0.25931	0.01820	0.05920	0.20298	0.00376	0.05725	0.00824	0.00367	0.00540
26	0.00664	0.00471	0.00620	0.00735	0.00764	0.00443	0.00485	0.00750	0.01009	0.01345	0.02860	0.74794	0.03426	0.07841	0.00844	0.00241	0.00328	0.01468	0.00485	0.00427
27	0.03933	0.01266	0.04935	0.01124	0.01530	0.01254	0.04307	0.19201	0.31768	0.07437	0.01602	0.01566	0.01185	0.00615	0.00513	0.00156	0.00499	0.00504	0.00477	0.16128
28	0.01212	0.00937	0.01107	0.00820	0.01260	0.00736	0.00652	0.04088	0.01190	0.07530	0.01191	0.06627	0.01028	0.00514	0.00433	0.00098	0.00403	0.00423	0.00364	0.69384
29	0.01202	0.01004	0.01519	0.57958	0.03065	0.01188	0.01309	0.05594	0.10009	0.06688	0.01192	0.01503	0.00878	0.00567	0.00532	0.00173	0.00645	0.00490	0.00322	0.04162
30	0.01430	0.77644	0.02737	0.00927	0.01379	0.02087	0.00915	0.01666	0.04687	0.01310	0.00815	0.00915	0.00734	0.00472	0.00354	0.00118	0.00567	0.00302	0.00245	0.00696
31	0.00771	0.00552	0.00674	0.00654	0.00797	0.00493	0.00486	0.00969	0.01375	0.04686	0.44422	0.13006	0.26681	0.01227	0.00636	0.00178	0.00273	0.01067	0.00555	0.00498
32	0.23346	0.00989	0.01145	0.00908	0.01293	0.00969	0.00748	0.09331	0.01472	0.48948	0.04399	0.01610	0.01233	0.00636	0.00490	0.00166	0.00452	0.00486	0.00565	0.00814
33	0.01048	0.00972	0.01571	0.66532	0.03289	0.01216	0.01401	0.03615	0.01116	0.01462	0.04577	0.01526	0.00927	0.00603	0.00653	0.00183	0.07945	0.00500	0.00264	0.00601
34	0.00661	0.00473	0.00629	0.00743	0.00780	0.00441	0.00499	0.00765	0.01061	0.01423	0.07992	0.75601	0.03653	0.01642	0.00682	0.00215	0.00308	0.01489	0.00505	0.00441
35	0.06094	0.01133	0.01357	0.01045	0.01461	0.01125	0.00863	0.29102	0.01865	0.47615	0.01755	0.01588	0.01144	0.00649	0.00529	0.00164	0.00503	0.00508	0.00603	0.00898
36	0.01052	0.00550	0.00556	0.00537	0.00677	0.00558	0.00407	0.04979	0.01195	0.02070	0.01728	0.01966	0.01353	0.00626	0.00383	0.00127	0.00267	0.00499	0.79946	0.00521
37	0.00828	0.00564	0.00739	0.00687	0.00826	0.00518	0.00518	0.01080	0.01520	0.05310	0.74372	0.03919	0.04910	0.01079	0.00629	0.00169	0.00262	0.00953	0.00594	0.00523
38	0.02041	0.01504	0.01611	0.01235	0.01665	0.01665	0.01020	0.75997	0.02524	0.03383	0.01289	0.01289	0.00913	0.00644	0.00537	0.00161	0.00591	0.00483	0.00537	0.00913
39	0.02041	0.01504	0.01611	0.01235	0.01665	0.01665	0.01020	0.75997	0.02524	0.03383	0.01289	0.01289	0.00913	0.00644	0.00537	0.00161	0.00591	0.00483	0.00537	0.00913
40	0.00825	0.00564	0.00732	0.00681	0.00823	0.00516	0.00514	0.01071	0.01507	0.05397	0.70918	0.03969	0.08259	0.01091	0.00629	0.00169	0.00263	0.00960	0.00590	0.00522
41	0.00853	0.00608	0.00843	0.00961	0.01075	0.00607	0.00826	0.01083	0.01207	0.01571	0.02792	0.08620	0.03052	0.05273	0.00834	0.00259	0.00489	0.68077	0.00486	0.00484
42	0.00767	0.00575	0.00863	0.00863	0.00959	0.00671	0.00671	0.00959	0.00863	0.01246	0.01438	0.02109	0.01342	0.04026	0.79008	0.00863	0.01438	0.00575	0.00288	0.00479
43	0.00675	0.00574	0.00586	0.00578	0.00762	0.00499	0.00435	0.00885	0.04911	0.01527	0.09192	0.04950	0.69945	0.01315	0.00630	0.00181	0.00278	0.01099	0.00506	0.00475
44	0.00686	0.00481	0.00613	0.00707	0.00730	0.00457	0.00455	0.00756	0.00966	0.01288	0.02640	0.61372	0.03149	0.21643	0.01199	0.00294	0.00364	0.01339	0.00455	0.00408
45	0.01001	0.00500	0.00500	0.00500	0.00625	0.00500	0.00375	0.01251	0.01126	0.02001	0.01751	0.02001	0.01376	0.00625	0.00375	0.00125	0.00250	0.00500	0.84115	0.00500
46	0.01978	0.06306	0.01583	0.01361	0.01646	0.75330	0.01032	0.02118	0.01501	0.01311	0.00826	0.00963	0.00691	0.00549	0.00477	0.00137	0.00949	0.00343	0.00274	0.00625
47	0.01077	0.02777	0.78354	0.01530	0.02323	0.01247	0.01983	0.01700	0.01133	0.01700	0.00963	0.01133	0.00680	0.00510	0.00510	0.00170	0.00793	0.00397	0.00227	0.00793
48	0.01077	0.02777	0.78354	0.01530	0.02323	0.01247	0.01983	0.01700	0.01133	0.01700	0.00963	0.01133	0.00680	0.00510	0.00510	0.00170	0.00793	0.00397	0.00227	0.00793
49	0.01113	0.00954	0.01113	0.00795	0.01272	0.00716	0.00636	0.01352	0.01113	0.01749	0.00954	0.01113	0.00795	0.00398	0.00398	0.00080	0.00398	0.00318	0.00318	0.84417
50	0.00654	0.00467	0.00623	0.00747	0.00779	0.00436	0.00498	0.00747	0.01028	0.01370	0.02959	0.80785	0.03550	0.01682	0.00685	0.00218	0.00311	0.01526	0.00498	0.00436
51	0.00932	0.00466	0.00699	0.00699	0.00699	0.00466	0.00466	0.00699	0.00699	0.00932	0.00932	0.01632	0.00932	0.01865	0.02098	0.84382	0.00466	0.00466	0.00233	0.00233
52	0.00859	0.00614	0.00858	0.00982	0.01103	0.00613	0.00855	0.01102	0.01230	0.01600	0.02845	0.08103	0.03102	0.01488	0.00740	0.00246	0.00489	0.72183	0.00494	0.00493
53	0.01932	0.09075	0.01671	0.01198	0.01603	0.10226	0.00990	0.54901	0.05513	0.04312	0.01314	0.01322	0.02227	0.00633	0.00515	0.00156	0.00616	0.00467	0.00481	0.00849
54	0.00840	0.00724	0.01169	0.01353	0.14919	0.00688	0.08744	0.01016	0.01105	0.01484	0.02614	0.51604	0.08973	0.01306	0.00648	0.00200	0.00431	0.01208	0.00432	0.00543
55	0.00990	0.00504	0.00517	0.00517	0.00641	0.00508	0.00389	0.01237	0.01114	0.01967	0.01737	0.02006	0.01374	0.00780	0.03958	0.00159	0.00304	0.00504	0.80295	0.00499
56	0.00653	0.00471	0.00619	0.00737	0.00776	0.00437	0.00494	0.00749	0.01038	0.01374	0.03089	0.76807	0.07444	0.01665	0.00682	0.00216	0.00309	0.01505	0.00498	0.00437
57	0.01604	0.13622	0.01946	0.11428	0.25533	0.14761	0.01255	0.18429	0.01534	0.03461	0.01017	0.01210	0.00806	0.00536	0.00497	0.00152	0.00680	0.00429	0.00328	0.00771

[dist]
# distance from previous block
# <min> <max>
0	3

[block]
# block no. 1 follows, 45 sequences, length 24
# corresponding to MSA columns:
# 98-121
name=unknown_B
#
# <colnr> <probs for GDERKNQSTAVLIFYWHMCP>
#	G	D	E	R	K	N	Q	S	T	A	V	L	I	F	Y	W	H	M	C	P
0	0.05627	0.11008	0.03473	0.00912	0.01192	0.01018	0.00772	0.03513	0.04800	0.21929	0.21862	0.05842	0.04822	0.00836	0.00658	0.00169	0.08332	0.00662	0.00491	0.02082
1	0.28563	0.08947	0.09126	0.01400	0.12802	0.18114	0.01058	0.09465	0.02711	0.01999	0.00908	0.01050	0.00719	0.00524	0.00438	0.00155	0.00638	0.00366	0.00316	0.00700
2	0.64164	0.03501	0.01008	0.08316	0.03224	0.01210	0.00730	0.01589	0.00973	0.06025	0.00884	0.02520	0.00702	0.00544	0.00415	0.00169	0.02730	0.00354	0.00336	0.00607
3	0.01006	0.00955	0.03626	0.02334	0.01496	0.00864	0.16479	0.03785	0.01124	0.01598	0.01618	0.24257	0.01660	0.02509	0.08459	0.00241	0.04659	0.00783	0.00357	0.22190
4	0.00663	0.00477	0.00621	0.00726	0.00769	0.00444	0.00487	0.00762	0.01051	0.01397	0.06476	0.69992	0.07548	0.04903	0.00764	0.00226	0.00315	0.01449	0.00495	0.00436
5	0.01164	0.11774	0.30999	0.01640	0.02224	0.01316	0.30164	0.01622	0.01217	0.01699	0.08517	0.01504	0.01167	0.00537	0.00547	0.00166	0.00749	0.00530	0.00282	0.02183
6	0.00768	0.00570	0.00835	0.00835	0.00921	0.00656	0.00637	0.00941	0.00855	0.01226	0.01463	0.02248	0.01403	0.11688	0.71429	0.00829	0.01347	0.00596	0.00291	0.00464
7	0.01237	0.01392	0.10995	0.17939	0.53147	0.01258	0.03064	0.01601	0.01184	0.01673	0.00995	0.01328	0.00804	0.00493	0.00532	0.00165	0.00676	0.00471	0.00256	0.00792
8	0.74093	0.01085	0.00929	0.00895	0.05563	0.01241	0.00675	0.06928	0.01047	0.02440	0.00802	0.00929	0.00621	0.00508	0.00359	0.00165	0.00441	0.00315	0.00343	0.00621
9	0.02007	0.01527	0.01580	0.01225	0.01637	0.05198	0.01003	0.70659	0.02433	0.03227	0.01278	0.01331	0.00929	0.02710	0.00591	0.00169	0.00606	0.00485	0.00520	0.00884
10	0.00932	0.00466	0.00699	0.00699	0.00699	0.00466	0.00466	0.00699	0.00699	0.00932	0.00932	0.01632	0.00932	0.01865	0.02098	0.84382	0.00466	0.00466	0.00233	0.00233
11	0.01288	0.01234	0.02106	0.13060	0.68336	0.01265	0.01627	0.01612	0.01203	0.01705	0.01003	0.01342	0.00833	0.00486	0.00532	0.00162	0.00648	0.00478	0.00262	0.00818
12	0.01262	0.01309	0.05148	0.12370	0.50611	0.03154	0.10177	0.01605	0.01214	0.01681	0.01112	0.01614	0.00950	0.00544	0.00554	0.00169	0.00684	0.04791	0.00275	0.00776
13	0.01405	0.01188	0.01253	0.01107	0.01423	0.01368	0.00867	0.10121	0.69434	0.02359	0.02096	0.01932	0.01566	0.00720	0.00545	0.00180	0.00441	0.00595	0.00545	0.00856
14	0.01713	0.00969	0.01153	0.00973	0.01293	0.00994	0.00768	0.02493	0.34882	0.34258	0.07804	0.02168	0.01784	0.05422	0.00678	0.00194	0.00431	0.00616	0.00587	0.00820
15	0.00657	0.00472	0.00619	0.00735	0.00771	0.00439	0.00490	0.00749	0.01029	0.01365	0.03026	0.75625	0.06530	0.03799	0.00738	0.00225	0.00315	0.01490	0.00494	0.00434
16	0.01244	0.07023	0.01500	0.01167	0.01329	0.04903	0.04690	0.08944	0.01163	0.03148	0.01498	0.04155	0.08564	0.01004	0.04730	0.00223	0.34982	0.00568	0.08555	0.00611
17	0.01059	0.01043	0.01683	0.29939	0.11179	0.05161	0.13893	0.01339	0.01125	0.01469	0.01485	0.21908	0.01479	0.00829	0.00638	0.00187	0.03892	0.00768	0.00316	0.00607
18	0.00915	0.05348	0.22937	0.01281	0.05947	0.00893	0.08788	0.01211	0.01097	0.01516	0.01979	0.41531	0.02159	0.01093	0.00604	0.00192	0.00540	0.00993	0.00371	0.00603
19	0.16933	0.05162	0.05420	0.04519	0.02945	0.39385	0.04598	0.06502	0.01352	0.01688	0.00858	0.01037	0.00695	0.00563	0.00554	0.00156	0.06316	0.00374	0.00294	0.00649
20	0.00799	0.00541	0.00719	0.00750	0.00851	0.00509	0.00543	0.00963	0.01193	0.05471	0.24242	0.40358	0.06262	0.01653	0.08440	0.00262	0.00420	0.03424	0.00509	0.02093
21	0.01092	0.00781	0.00919	0.00803	0.02153	0.00722	0.00603	0.04431	0.08208	0.05863	0.09315	0.07558	0.05586	0.05646	0.05775	0.00206	0.00440	0.00627	0.13680	0.25590
22	0.01473	0.14867	0.09303	0.01180	0.01546	0.13066	0.05515	0.12012	0.11137	0.05281	0.01403	0.01613	0.04085	0.06651	0.02796	0.00203	0.04668	0.00495	0.00363	0.02344
23	0.09226	0.05185	0.40718	0.02007	0.27449	0.01274	0.01670	0.01655	0.01142	0.01767	0.00989	0.01267	0.00779	0.00517	0.00498	0.00166	0.00690	0.01965	0.00256	0.00782

[dist]
# distance from previous block
# <min> <max>
4	10

[block]
# block no. 2 follows, 45 sequences, length 6
# corresponding to MSA columns:
# 133-138
name=unknown_C
#
# <colnr> <probs for GDERKNQSTAVLIFYWHMCP>
#	G	D	E	R	K	N	Q	S	T	A	V	L	I	F	Y	W	H	M	C	P
0	0.01218	0.00972	0.01251	0.03322	0.03759	0.00820	0.04959	0.03716	0.04375	0.06291	0.01202	0.03658	0.00984	0.00497	0.00445	0.00109	0.00442	0.00423	0.05552	0.56004
1	0.00738	0.00567	0.00801	0.13859	0.01276	0.00583	0.00679	0.00884	0.01046	0.01373	0.02647	0.53259	0.06206	0.06391	0.00790	0.00231	0.00405	0.07360	0.00444	0.00461
2	0.01196	0.01199	0.01811	0.05204	0.01735	0.03905	0.14896	0.03793	0.03439	0.01498	0.03564	0.01433	0.00962	0.01053	0.07487	0.00263	0.45135	0.00527	0.00279	0.00621
3	0.00781	0.00520	0.00585	0.00585	0.00585	0.00520	0.00325	0.00781	0.00781	0.01041	0.01691	0.03513	0.01952	0.81135	0.02732	0.00520	0.00520	0.00781	0.00325	0.00325
4	0.01503	0.72076	0.02659	0.00974	0.01411	0.11263	0.00933	0.01671	0.01142	0.01269	0.00756	0.00874	0.00689	0.00470	0.00361	0.00118	0.00621	0.00294	0.00235	0.00681
5	0.84927	0.01038	0.00789	0.00706	0.01038	0.01204	0.00581	0.01578	0.00914	0.02408	0.00747	0.00872	0.00581	0.00498	0.00332	0.00166	0.00415	0.00291	0.00332	0.00581

[dist]
# distance from previous block
# <min> <max>
0	30

[block]
# block no. 3 follows, 45 sequences, length 25
# corresponding to MSA columns:
# 169-193
name=unknown_D
#
# <colnr> <probs for GDERKNQSTAVLIFYWHMCP>
#	G	D	E	R	K	N	Q	S	T	A	V	L	I	F	Y	W	H	M	C	P
0	0.00781	0.00520	0.00585	0.00585	0.00585	0.00520	0.00325	0.00781	0.00781	0.01041	0.01691	0.03513	0.01952	0.81135	0.02732	0.00520	0.00520	0.00781	0.00325	0.00325
1	0.01761	0.05092	0.01484	0.01257	0.01528	0.47944	0.00978	0.13854	0.01556	0.01651	0.01171	0.01398	0.03886	0.00930	0.07209	0.00212	0.05123	0.01990	0.00329	0.00649
2	0.02041	0.01504	0.01611	0.01235	0.01665	0.01665	0.01020	0.75997	0.02524	0.03383	0.01289	0.01289	0.00913	0.00644	0.00537	0.00161	0.00591	0.00483	0.00537	0.00913
3	0.00713	0.00508	0.00664	0.00751	0.00811	0.00473	0.00520	0.00808	0.01024	0.01368	0.02752	0.59416	0.05220	0.07688	0.00889	0.03578	0.00353	0.07895	0.00466	0.04104
4	0.00804	0.00573	0.00702	0.00687	0.00703	0.00620	0.00440	0.00844	0.00797	0.01092	0.01583	0.03122	0.01766	0.62837	0.15535	0.00559	0.05928	0.00725	0.00313	0.00369
5	0.00654	0.00467	0.00623	0.00747	0.00779	0.00436	0.00498	0.00747	0.01028	0.01370	0.02959	0.80785	0.03550	0.01682	0.00685	0.00218	0.00311	0.01526	0.00498	0.00436
6	0.00767	0.00575	0.00863	0.00863	0.00959	0.00671	0.00671	0.00959	0.00863	0.01246	0.01438	0.02109	0.01342	0.04026	0.79008	0.00863	0.01438	0.00575	0.00288	0.00479
7	0.01118	0.01047	0.01766	0.52203	0.28125	0.01200	0.01510	0.01459	0.01124	0.01516	0.00996	0.01414	0.00779	0.00520	0.00530	0.00171	0.00676	0.00478	0.02689	0.00678
8	0.01014	0.00954	0.01610	0.79845	0.03697	0.01193	0.01491	0.01371	0.01073	0.01371	0.00954	0.01431	0.00716	0.00537	0.00537	0.00179	0.00716	0.00477	0.00239	0.00596
9	0.00782	0.00480	0.00655	0.00708	0.00725	0.00471	0.00465	0.00744	0.00859	0.01149	0.01937	0.35419	0.02225	0.14999	0.04975	0.31274	0.00452	0.00971	0.00363	0.00345
10	0.00767	0.00575	0.00863	0.00863	0.00959	0.00671	0.00671	0.00959	0.00863	0.01246	0.01438	0.02109	0.01342	0.04026	0.79008	0.00863	0.01438	0.00575	0.00288	0.00479
11	0.01014	0.00954	0.01610	0.79845	0.03697	0.01193	0.01491	0.01371	0.01073	0.01371	0.00954	0.01431	0.00716	0.00537	0.00537	0.00179	0.00716	0.00477	0.00239	0.00596
12	0.01033	0.00554	0.00591	0.04587	0.00814	0.00571	0.00452	0.03515	0.01165	0.02011	0.01696	0.01951	0.01328	0.00621	0.00388	0.00129	0.00284	0.00499	0.77294	0.00518
13	0.01106	0.01064	0.01135	0.01031	0.01092	0.12802	0.00782	0.01205	0.00942	0.01244	0.02813	0.02095	0.01296	0.26786	0.12515	0.00394	0.28436	0.00576	0.02196	0.00491
14	0.01339	0.01114	0.01193	0.01074	0.01369	0.01273	0.00841	0.04585	0.67473	0.04030	0.04946	0.02210	0.01794	0.00767	0.00557	0.00183	0.00426	0.03451	0.00548	0.00826
15	0.01640	0.01261	0.01366	0.01144	0.01486	0.05065	0.02814	0.25294	0.33828	0.09870	0.05138	0.01989	0.01539	0.00734	0.00555	0.00175	0.00514	0.04226	0.00534	0.00829
16	0.00654	0.00467	0.00623	0.00747	0.00779	0.00436	0.00498	0.00747	0.01028	0.01370	0.02959	0.80785	0.03550	0.01682	0.00685	0.00218	0.00311	0.01526	0.00498	0.00436
17	0.07580	0.25849	0.04807	0.01150	0.01516	0.26209	0.00989	0.14178	0.04444	0.01769	0.00948	0.01072	0.00777	0.00661	0.02862	0.00165	0.03636	0.00371	0.00317	0.00698
18	0.43811	0.03424	0.03948	0.00901	0.01289	0.01217	0.00773	0.14582	0.03326	0.20265	0.01206	0.01206	0.00847	0.00568	0.00428	0.00164	0.00474	0.00394	0.00444	0.00734
19	0.00779	0.00525	0.00608	0.00608	0.00616	0.00533	0.00353	0.00795	0.00787	0.01058	0.01671	0.03398	0.01902	0.74848	0.08951	0.00548	0.00595	0.00764	0.00322	0.00338
20	0.01788	0.01284	0.01447	0.01155	0.01507	0.01428	0.00946	0.52702	0.05550	0.07698	0.01386	0.01488	0.01036	0.01220	0.13562	0.00281	0.03695	0.00507	0.00493	0.00826
21	0.00962	0.00643	0.00734	0.00707	0.00788	0.02122	0.00474	0.03291	0.03822	0.06026	0.03122	0.06981	0.04059	0.48575	0.09691	0.00449	0.00583	0.02918	0.03608	0.00444
22	0.01425	0.78441	0.02769	0.00937	0.01379	0.02106	0.00928	0.01595	0.01081	0.01264	0.00745	0.00873	0.00689	0.00477	0.00398	0.00119	0.03564	0.00294	0.00230	0.00685
23	0.09191	0.17342	0.01623	0.03345	0.03210	0.17427	0.02807	0.10637	0.14691	0.04013	0.04251	0.01460	0.01139	0.03547	0.00553	0.00165	0.00603	0.00456	0.02839	0.00702
24	0.74803	0.02995	0.00994	0.00862	0.03424	0.01225	0.03923	0.01611	0.00957	0.04124	0.00803	0.00933	0.00620	0.00499	0.00357	0.00165	0.00448	0.00317	0.00333	0.00606

[dist]
# distance from previous block
# <min> <max>
0	1

[block]
# block no. 4 follows, 45 sequences, length 16
# corresponding to MSA columns:
# 195-210
name=unknown_E
#
# <colnr> <probs for GDERKNQSTAVLIFYWHMCP>
#	G	D	E	R	K	N	Q	S	T	A	V	L	I	F	Y	W	H	M	C	P
0	0.00796	0.00553	0.00715	0.00683	0.00814	0.00506	0.00509	0.01026	0.01454	0.04558	0.63323	0.11406	0.09317	0.01156	0.00635	0.00174	0.00267	0.01020	0.00579	0.00510
1	0.01117	0.06375	0.67096	0.01648	0.07657	0.01294	0.04117	0.01692	0.01142	0.01684	0.00960	0.01144	0.00697	0.00504	0.00507	0.00167	0.00775	0.00404	0.00231	0.00790
2	0.01034	0.00975	0.01647	0.74865	0.08517	0.01198	0.01501	0.01389	0.01083	0.01396	0.00958	0.01424	0.00724	0.00533	0.00536	0.00178	0.00710	0.00477	0.00240	0.00613
3	0.01251	0.01149	0.03302	0.20049	0.44160	0.01155	0.05156	0.01570	0.01217	0.06126	0.03698	0.01713	0.05931	0.00578	0.00548	0.00167	0.00625	0.00545	0.00307	0.00753
4	0.01439	0.14230	0.04682	0.08381	0.41828	0.12020	0.01392	0.01762	0.03873	0.03995	0.01013	0.01245	0.00829	0.00506	0.00496	0.00152	0.00671	0.00433	0.00280	0.00774
5	0.03853	0.43339	0.03561	0.01095	0.03673	0.22954	0.00936	0.03534	0.01268	0.01427	0.03602	0.01328	0.06302	0.00577	0.00426	0.00133	0.00652	0.00398	0.00285	0.00657
6	0.00701	0.00558	0.00755	0.00769	0.00886	0.00502	0.04446	0.00840	0.01130	0.01476	0.08770	0.48768	0.23279	0.01455	0.00657	0.00199	0.00330	0.01302	0.00488	0.02690
7	0.01814	0.01366	0.01469	0.01172	0.01551	0.01516	0.00951	0.57376	0.15645	0.03050	0.03444	0.05416	0.01277	0.00722	0.00548	0.00168	0.00539	0.00569	0.00538	0.00868
8	0.00822	0.00602	0.00809	0.06450	0.03527	0.00580	0.00628	0.03032	0.01153	0.04151	0.08339	0.52392	0.09794	0.01381	0.00642	0.00198	0.00359	0.01236	0.00480	0.03425
9	0.03007	0.23852	0.45810	0.01477	0.07909	0.04051	0.01587	0.01672	0.01129	0.01578	0.00893	0.01065	0.00695	0.00506	0.00494	0.00155	0.02759	0.00371	0.00235	0.00754
10	0.03821	0.07768	0.50598	0.01528	0.02197	0.01292	0.13600	0.01764	0.01174	0.08253	0.01056	0.01217	0.00755	0.00518	0.00539	0.00169	0.02264	0.00437	0.00275	0.00775
11	0.00781	0.00520	0.00585	0.00585	0.00585	0.00520	0.00325	0.00781	0.00781	0.01041	0.01691	0.03513	0.01952	0.81135	0.02732	0.00520	0.00520	0.00781	0.00325	0.00325
12	0.01215	0.09377	0.01613	0.24290	0.03356	0.05352	0.05296	0.10230	0.02421	0.01621	0.01159	0.04259	0.01005	0.03396	0.12412	0.00284	0.08478	0.00522	0.03087	0.00626
13	0.01575	0.07684	0.04161	0.13036	0.08308	0.16569	0.03760	0.16034	0.01456	0.06023	0.01041	0.01251	0.00813	0.00609	0.00675	0.00165	0.11611	0.00442	0.02819	0.01968
14	0.01207	0.07843	0.38164	0.01896	0.13639	0.03770	0.18709	0.01674	0.01176	0.01651	0.01012	0.02814	0.00796	0.00525	0.00566	0.00169	0.02902	0.00478	0.00250	0.00760
15	0.00777	0.00566	0.00811	0.00811	0.00911	0.00643	0.00625	0.00964	0.00898	0.01304	0.01679	0.02307	0.05378	0.06085	0.66877	0.00764	0.01263	0.00606	0.06258	0.00475

[dist]
# distance from previous block
# <min> <max>
0	1

[block]
# block no. 5 follows, 45 sequences, length 244
# corresponding to MSA columns:
# 212-455
name=unknown_F
#
# <colnr> <probs for GDERKNQSTAVLIFYWHMCP>
#	G	D	E	R	K	N	Q	S	T	A	V	L	I	F	Y	W	H	M	C	P
0	0.57864	0.01036	0.02708	0.03973	0.01257	0.01092	0.00706	0.01816	0.01083	0.20809	0.01136	0.01235	0.00820	0.00560	0.00403	0.00168	0.00448	0.01809	0.00410	0.00666
1	0.01269	0.01329	0.04884	0.07144	0.48092	0.02668	0.14935	0.01631	0.02761	0.01694	0.01196	0.01497	0.03780	0.00539	0.00607	0.00169	0.04220	0.00528	0.00277	0.00780
2	0.05924	0.01264	0.04629	0.04651	0.60764	0.01229	0.01485	0.04571	0.01246	0.01847	0.01151	0.01427	0.02862	0.00518	0.00516	0.00160	0.00605	0.00483	0.03864	0.00804
3	0.01113	0.00954	0.01113	0.00795	0.01272	0.00716	0.00636	0.01352	0.01113	0.01749	0.00954	0.01113	0.00795	0.00398	0.00398	0.00080	0.00398	0.00318	0.00318	0.84417
4	0.00752	0.00548	0.00707	0.00668	0.00797	0.00503	0.00501	0.00999	0.01502	0.02112	0.73337	0.04077	0.09257	0.01113	0.00633	0.00170	0.00254	0.00980	0.00586	0.00503
5	0.00672	0.00482	0.00642	0.00760	0.00804	0.00452	0.00525	0.00782	0.01058	0.01406	0.04487	0.71632	0.05221	0.01647	0.00687	0.00218	0.00324	0.07255	0.00500	0.00442
6	0.00648	0.00491	0.00599	0.00685	0.00762	0.00441	0.00471	0.00754	0.01088	0.01395	0.03719	0.57597	0.26247	0.01583	0.00670	0.00207	0.00299	0.01405	0.00498	0.00441
7	0.07730	0.03091	0.01336	0.01087	0.01443	0.04460	0.00872	0.20829	0.36622	0.14095	0.01761	0.01649	0.01275	0.00668	0.00520	0.00170	0.00495	0.00525	0.00528	0.00843
8	0.51586	0.09928	0.13126	0.01212	0.11854	0.01319	0.00980	0.01609	0.01009	0.02087	0.00817	0.00974	0.00645	0.00493	0.00388	0.00160	0.00521	0.00332	0.00296	0.00663
9	0.00661	0.00472	0.00630	0.00751	0.00786	0.00441	0.00506	0.00761	0.01043	0.01393	0.04660	0.77435	0.03575	0.01664	0.00685	0.00217	0.00314	0.03064	0.00500	0.00439
10	0.02182	0.00933	0.01220	0.00959	0.01345	0.00853	0.00784	0.05342	0.08451	0.63112	0.07293	0.01973	0.01599	0.00699	0.00547	0.00168	0.00445	0.00574	0.00644	0.00880
11	0.01398	0.47854	0.19143	0.01263	0.06838	0.08741	0.01209	0.03363	0.01175	0.01445	0.00848	0.01002	0.00719	0.00570	0.02296	0.00151	0.00683	0.00341	0.00244	0.00717
12	0.01513	0.09786	0.01489	0.01215	0.06096	0.03434	0.00923	0.13163	0.43637	0.06803	0.01795	0.01787	0.01367	0.00678	0.00521	0.00169	0.00492	0.02146	0.02162	0.00825
13	0.00932	0.00466	0.00699	0.00699	0.00699	0.00466	0.00466	0.00699	0.00699	0.00932	0.00932	0.01632	0.00932	0.01865	0.02098	0.84382	0.00466	0.00466	0.00233	0.00233
14	0.01201	0.00966	0.01132	0.00814	0.01287	0.00743	0.00653	0.03309	0.01170	0.05570	0.01020	0.01153	0.00824	0.00417	0.00408	0.00086	0.00405	0.00333	0.00341	0.78167
15	0.02408	0.00914	0.01246	0.00955	0.01370	0.00789	0.00789	0.02616	0.01536	0.78158	0.02118	0.01827	0.01329	0.00664	0.00540	0.00166	0.00457	0.00540	0.00664	0.00914
16	0.01177	0.01074	0.01735	0.59391	0.07034	0.01268	0.06516	0.10297	0.03188	0.01675	0.01037	0.01425	0.00776	0.00546	0.00543	0.00176	0.00702	0.00492	0.00285	0.00662
17	0.01497	0.01438	0.01487	0.02993	0.13698	0.16133	0.01054	0.11250	0.26514	0.01979	0.01412	0.01514	0.01108	0.00734	0.02444	0.00186	0.08997	0.00499	0.04307	0.00757
18	0.01447	0.01226	0.01530	0.01770	0.25187	0.04423	0.01099	0.06800	0.35732	0.07168	0.01753	0.01822	0.02806	0.00654	0.00540	0.00170	0.00523	0.02089	0.00448	0.02814
19	0.00932	0.00466	0.00699	0.00699	0.00699	0.00466	0.00466	0.00699	0.00699	0.00932	0.00932	0.01632	0.00932	0.01865	0.02098	0.84382	0.00466	0.00466	0.00233	0.00233
20	0.01414	0.01261	0.01271	0.01162	0.02940	0.06653	0.00889	0.07343	0.63674	0.02228	0.02028	0.01971	0.01547	0.00724	0.00546	0.00179	0.00478	0.02342	0.00520	0.00830
21	0.00993	0.00745	0.00842	0.00780	0.00988	0.00733	0.00590	0.04407	0.17545	0.05059	0.09507	0.12338	0.26530	0.02878	0.00745	0.05949	0.00360	0.02304	0.00491	0.06217
22	0.01318	0.49536	0.17475	0.01198	0.01724	0.01756	0.09954	0.01615	0.01116	0.01436	0.00842	0.01007	0.00710	0.00474	0.00443	0.00133	0.02225	0.00355	0.00240	0.06443
23	0.01248	0.03057	0.09672	0.04071	0.04126	0.03109	0.57813	0.01678	0.01223	0.01662	0.01052	0.01401	0.00805	0.00576	0.02708	0.00197	0.04037	0.00584	0.00265	0.00715
24	0.00657	0.00468	0.00622	0.00743	0.00774	0.00438	0.00494	0.00748	0.01022	0.01362	0.02927	0.78848	0.03510	0.03673	0.00736	0.00226	0.00317	0.01507	0.00494	0.00433
25	0.01044	0.00735	0.00891	0.00870	0.01026	0.00749	0.00651	0.13609	0.07311	0.05217	0.13479	0.41710	0.03056	0.01291	0.00639	0.00198	0.00377	0.06033	0.00529	0.00583
26	0.01089	0.06622	0.07939	0.03045	0.16939	0.01091	0.10685	0.03084	0.03818	0.01634	0.03545	0.22004	0.01729	0.00890	0.00672	0.00183	0.06894	0.03399	0.02338	0.02401
27	0.01566	0.19589	0.02085	0.04820	0.32944	0.25531	0.01277	0.03333	0.01307	0.01528	0.00899	0.01115	0.00762	0.00503	0.00475	0.00144	0.00728	0.00395	0.00266	0.00736
28	0.00768	0.00571	0.00842	0.00842	0.00931	0.00660	0.00646	0.00945	0.00857	0.01231	0.01456	0.02212	0.01387	0.09682	0.73413	0.00838	0.01371	0.00590	0.00290	0.00468
29	0.79948	0.01113	0.03658	0.00748	0.01100	0.01216	0.00643	0.03287	0.00958	0.02405	0.00768	0.00891	0.00593	0.00502	0.00343	0.00166	0.00433	0.00299	0.00333	0.00597
30	0.01337	0.58410	0.22934	0.01086	0.01631	0.01870	0.01201	0.01664	0.03033	0.01405	0.00841	0.00963	0.00711	0.00480	0.00394	0.00131	0.00629	0.00324	0.00237	0.00721
31	0.01028	0.00847	0.00988	0.00968	0.04593	0.00901	0.00701	0.01829	0.34512	0.02118	0.35116	0.03100	0.09237	0.00928	0.00590	0.00175	0.00348	0.00802	0.00549	0.00668
32	0.07513	0.00987	0.01211	0.01015	0.04414	0.00919	0.00782	0.05793	0.10828	0.37265	0.03682	0.01709	0.02772	0.00621	0.00500	0.00150	0.00443	0.00502	0.00527	0.18367
33	0.00778	0.00519	0.00586	0.00589	0.00589	0.00519	0.00329	0.00780	0.00785	0.01047	0.01715	0.04976	0.01982	0.79631	0.02693	0.00515	0.00516	0.00795	0.00329	0.00327
34	0.02932	0.01086	0.01822	0.47241	0.33562	0.01226	0.01535	0.01487	0.01130	0.01548	0.00972	0.01378	0.00767	0.00512	0.00530	0.00171	0.00678	0.00474	0.00252	0.00699
35	0.00651	0.00535	0.00573	0.00590	0.00746	0.00458	0.00437	0.00791	0.01218	0.01491	0.09981	0.15288	0.61008	0.01388	0.00644	0.00187	0.00281	0.02775	0.00505	0.00455
36	0.02041	0.01504	0.01611	0.01235	0.01665	0.01665	0.01020	0.75997	0.02524	0.03383	0.01289	0.01289	0.00913	0.00644	0.00537	0.00161	0.00591	0.00483	0.00537	0.00913
37	0.01267	0.01448	0.03167	0.02262	0.02805	0.01357	0.75837	0.01719	0.01267	0.01719	0.01086	0.01448	0.00814	0.00452	0.00633	0.00181	0.00905	0.00633	0.00271	0.00724
38	0.01123	0.00966	0.01611	0.71007	0.06865	0.01169	0.01450	0.01469	0.01112	0.06645	0.01036	0.01454	0.00764	0.00543	0.00537	0.00177	0.00694	0.00481	0.00269	0.00629
39	0.05074	0.01450	0.01567	0.01222	0.01613	0.01633	0.01008	0.65304	0.05167	0.03160	0.01262	0.01292	0.00914	0.00662	0.00613	0.00167	0.06025	0.00480	0.00509	0.00876
40	0.07306	0.01120	0.01306	0.09526	0.01636	0.01130	0.00867	0.26477	0.03345	0.12318	0.03937	0.01453	0.01073	0.02171	0.00531	0.00149	0.00503	0.00456	0.00444	0.24251
41	0.05973	0.01319	0.01969	0.21836	0.22761	0.07691	0.13576	0.06678	0.01245	0.01713	0.00965	0.01300	0.00771	0.00557	0.00668	0.00175	0.09334	0.00482	0.00280	0.00707
42	0.01332	0.01261	0.02120	0.08463	0.70039	0.01283	0.01615	0.04242	0.01258	0.01785	0.01016	0.01334	0.00843	0.00488	0.00532	0.00161	0.00641	0.00478	0.00273	0.00835
43	0.00718	0.00576	0.00630	0.00611	0.00780	0.00514	0.00463	0.00870	0.01252	0.03485	0.14982	0.06698	0.60865	0.01298	0.00676	0.00182	0.03339	0.01080	0.00505	0.00477
44	0.01526	0.01260	0.01526	0.06057	0.17240	0.03119	0.01076	0.30380	0.18050	0.02434	0.03638	0.05552	0.04303	0.00711	0.00550	0.00170	0.00545	0.00595	0.00458	0.00810
45	0.00849	0.00613	0.00842	0.00957	0.01085	0.00606	0.00833	0.01088	0.01235	0.01595	0.03025	0.05992	0.08329	0.01474	0.00734	0.00243	0.00479	0.69035	0.00495	0.00491
46	0.01322	0.01264	0.02129	0.04886	0.73197	0.01276	0.01613	0.01688	0.04154	0.01764	0.01054	0.01357	0.00878	0.00489	0.00532	0.00161	0.00631	0.00483	0.00276	0.00845
47	0.00735	0.00501	0.00599	0.00644	0.00655	0.00490	0.00388	0.00769	0.00870	0.01160	0.02149	0.31433	0.02529	0.52427	0.01993	0.00411	0.00445	0.01050	0.00388	0.00365
48	0.01305	0.01301	0.04113	0.07006	0.70689	0.01272	0.03149	0.01637	0.01214	0.01733	0.01007	0.01331	0.00839	0.00481	0.00533	0.00161	0.00651	0.00479	0.00263	0.00834
49	0.01428	0.79892	0.04317	0.00931	0.01397	0.02107	0.00940	0.01609	0.01092	0.01272	0.00751	0.00866	0.00689	0.00460	0.00348	0.00116	0.00578	0.00289	0.00230	0.00691
50	0.00767	0.00575	0.00863	0.00863	0.00959	0.00671	0.00671	0.00959	0.00863	0.01246	0.01438	0.02109	0.01342	0.04026	0.79008	0.00863	0.01438	0.00575	0.00288	0.00479
51	0.00924	0.00590	0.00744	0.00681	0.00852	0.00528	0.00519	0.01149	0.01463	0.10740	0.54572	0.03988	0.18999	0.01100	0.00623	0.00171	0.00280	0.00953	0.00581	0.00543
52	0.01980	0.01375	0.01503	0.01172	0.01577	0.01501	0.00959	0.57892	0.10305	0.11975	0.01491	0.01478	0.01062	0.02464	0.00588	0.00172	0.00556	0.00510	0.00548	0.00893
53	0.00767	0.00575	0.00863	0.00863	0.00959	0.00671	0.00671	0.00959	0.00863	0.01246	0.01438	0.02109	0.01342	0.04026	0.79008	0.00863	0.01438	0.00575	0.00288	0.00479
54	0.00872	0.00631	0.00854	0.00955	0.01089	0.00628	0.00826	0.02978	0.01263	0.01634	0.03006	0.07482	0.08810	0.01456	0.00727	0.00239	0.00476	0.65076	0.00496	0.00500
55	0.01445	0.01797	0.19110	0.02300	0.35231	0.13224	0.08527	0.01835	0.02930	0.06912	0.01080	0.01289	0.00834	0.00513	0.00530	0.00162	0.00731	0.00461	0.00293	0.00795
56	0.00844	0.00670	0.04225	0.00749	0.00886	0.00582	0.00576	0.03012	0.04243	0.03157	0.20782	0.31626	0.08425	0.06442	0.00750	0.00208	0.00341	0.02350	0.09625	0.00509
57	0.01267	0.01448	0.03167	0.02262	0.02805	0.01357	0.75837	0.01719	0.01267	0.01719	0.01086	0.01448	0.00814	0.00452	0.00633	0.00181	0.00905	0.00633	0.00271	0.00724
58	0.01161	0.01156	0.01641	0.07830	0.01597	0.01607	0.01200	0.01298	0.00843	0.01298	0.00725	0.01195	0.00706	0.00907	0.01661	0.00230	0.73650	0.00470	0.00235	0.00588
59	0.01435	0.81458	0.02813	0.00918	0.01378	0.02124	0.00918	0.01607	0.01091	0.01263	0.00746	0.00861	0.00689	0.00459	0.00344	0.00115	0.00574	0.00287	0.00230	0.00689
60	0.01077	0.02777	0.78354	0.01530	0.02323	0.01247	0.01983	0.01700	0.01133	0.01700	0.00963	0.01133	0.00680	0.00510	0.00510	0.00170	0.00793	0.00397	0.00227	0.00793
61	0.01385	0.72968	0.07904	0.00951	0.01420	0.02002	0.00976	0.01591	0.01110	0.01327	0.03705	0.01000	0.00856	0.00487	0.00367	0.00121	0.00577	0.00321	0.00243	0.00689
62	0.01113	0.00954	0.01113	0.00795	0.01272	0.00716	0.00636	0.01352	0.01113	0.01749	0.00954	0.01113	0.00795	0.00398	0.00398	0.00080	0.00398	0.00318	0.00318	0.84417
63	0.00654	0.00469	0.00621	0.00742	0.00777	0.00436	0.00496	0.00748	0.01033	0.01372	0.03021	0.78890	0.05405	0.01674	0.00684	0.00217	0.00310	0.01516	0.00498	0.00436
64	0.00767	0.00575	0.00863	0.00863	0.00959	0.00671	0.00671	0.00959	0.00863	0.01246	0.01438	0.02109	0.01342	0.04026	0.79008	0.00863	0.01438	0.00575	0.00288	0.00479
65	0.00647	0.00544	0.00562	0.00557	0.00733	0.00459	0.00418	0.00795	0.01254	0.01523	0.12875	0.05047	0.70086	0.01332	0.00634	0.00180	0.00270	0.01116	0.00508	0.00459
66	0.00781	0.00520	0.00585	0.00585	0.00585	0.00520	0.00325	0.00781	0.00781	0.01041	0.01691	0.03513	0.01952	0.81135	0.02732	0.00520	0.00520	0.00781	0.00325	0.00325
67	0.01435	0.81458	0.02813	0.00918	0.01378	0.02124	0.00918	0.01607	0.01091	0.01263	0.00746	0.00861	0.00689	0.00459	0.00344	0.00115	0.00574	0.00287	0.00230	0.00689
68	0.01385	0.51274	0.18871	0.01081	0.01568	0.01763	0.01146	0.01655	0.01106	0.06623	0.00909	0.01049	0.00755	0.00639	0.03244	0.00164	0.05445	0.00349	0.00261	0.00713
69	0.01309	0.01391	0.07342	0.07869	0.66088	0.03250	0.01645	0.01647	0.01215	0.01715	0.00998	0.01312	0.00826	0.00486	0.00529	0.00161	0.00662	0.00469	0.00262	0.00825
70	0.00781	0.00520	0.00585	0.00585	0.00585	0.00520	0.00325	0.00781	0.00781	0.01041	0.01691	0.03513	0.01952	0.81135	0.02732	0.00520	0.00520	0.00781	0.00325	0.00325
71	0.80831	0.01022	0.00798	0.00711	0.01040	0.01176	0.00584	0.01587	0.00944	0.04136	0.02791	0.00976	0.00716	0.00518	0.00345	0.00166	0.00412	0.00314	0.00347	0.00587
72	0.01092	0.06071	0.75191	0.01504	0.02284	0.01283	0.01939	0.01696	0.01132	0.01682	0.00954	0.01122	0.00680	0.00508	0.00503	0.00168	0.00784	0.00392	0.00227	0.00789
73	0.01731	0.01063	0.01219	0.00997	0.01317	0.03772	0.00800	0.20346	0.11612	0.26731	0.20500	0.02214	0.02156	0.00776	0.00585	0.00168	0.02015	0.00633	0.00577	0.00788
74	0.02238	0.00967	0.04117	0.00963	0.01373	0.00800	0.00818	0.02491	0.03034	0.69220	0.06572	0.01935	0.01533	0.00686	0.00544	0.00167	0.00457	0.00561	0.00641	0.00883
75	0.01119	0.00971	0.01185	0.00847	0.01326	0.00738	0.03280	0.01365	0.01119	0.01748	0.00959	0.01125	0.00796	0.00399	0.00406	0.00083	0.00415	0.00329	0.00316	0.81475
76	0.27021	0.12650	0.16038	0.01028	0.01488	0.02842	0.01003	0.09313	0.05981	0.16146	0.01186	0.01210	0.00854	0.00556	0.00443	0.00160	0.00546	0.00396	0.00392	0.00748
77	0.00668	0.00477	0.00639	0.00764	0.00801	0.00448	0.00523	0.00772	0.01042	0.01386	0.02951	0.75669	0.03519	0.01668	0.00689	0.00220	0.00324	0.06499	0.00498	0.00440
78	0.00654	0.00467	0.00623	0.00747	0.00779	0.00436	0.00498	0.00747	0.01028	0.01370	0.02959	0.80785	0.03550	0.01682	0.00685	0.00218	0.00311	0.01526	0.00498	0.00436
79	0.01256	0.03635	0.24069	0.02688	0.51123	0.01291	0.04896	0.01665	0.01196	0.01725	0.00993	0.01266	0.00796	0.00486	0.00525	0.00162	0.00692	0.00457	0.00254	0.00825
80	0.01398	0.73216	0.10726	0.00983	0.01477	0.02032	0.01030	0.01617	0.01095	0.01309	0.00769	0.00890	0.00688	0.00465	0.00362	0.00121	0.00597	0.00299	0.00229	0.00700
81	0.00767	0.00575	0.00863	0.00863	0.00959	0.00671	0.00671	0.00959	0.00863	0.01246	0.01438	0.02109	0.01342	0.04026	0.79008	0.00863	0.01438	0.00575	0.00288	0.00479
82	0.01752	0.06657	0.04469	0.05428	0.01645	0.07954	0.00991	0.42678	0.07841	0.04626	0.01324	0.01380	0.00976	0.00619	0.00503	0.00156	0.00584	0.00468	0.09145	0.00804
83	0.00742	0.00548	0.00692	0.00656	0.00791	0.00499	0.00492	0.00978	0.01477	0.02051	0.67060	0.04177	0.15572	0.01135	0.00633	0.00171	0.00256	0.00994	0.00578	0.00499
84	0.01113	0.00954	0.01113	0.00795	0.01272	0.00716	0.00636	0.01352	0.01113	0.01749	0.00954	0.01113	0.00795	0.00398	0.00398	0.00080	0.00398	0.00318	0.00318	0.84417
85	0.01284	0.05847	0.01589	0.01306	0.02782	0.11823	0.02528	0.04747	0.01055	0.01434	0.00930	0.04273	0.00887	0.01088	0.07979	0.00253	0.43089	0.00486	0.00275	0.06344
86	0.00679	0.00494	0.00644	0.00745	0.00806	0.00459	0.00524	0.00801	0.01099	0.01453	0.08283	0.61639	0.10543	0.01593	0.00682	0.00214	0.00320	0.08070	0.00504	0.00448
87	0.00781	0.00520	0.00585	0.00585	0.00585	0.00520	0.00325	0.00781	0.00781	0.01041	0.01691	0.03513	0.01952	0.81135	0.02732	0.00520	0.00520	0.00781	0.00325	0.00325
88	0.01288	0.01493	0.08924	0.03784	0.10728	0.01328	0.50115	0.06750	0.01315	0.01813	0.01105	0.02958	0.00864	0.00508	0.00622	0.00176	0.02469	0.00590	0.00290	0.02879
89	0.01093	0.06365	0.74908	0.01502	0.02280	0.01287	0.01935	0.01696	0.01131	0.01680	0.00953	0.01121	0.00680	0.00508	0.00502	0.00167	0.00783	0.00392	0.00227	0.00789
90	0.01435	0.81458	0.02813	0.00918	0.01378	0.02124	0.00918	0.01607	0.01091	0.01263	0.00746	0.00861	0.00689	0.00459	0.00344	0.00115	0.00574	0.00287	0.00230	0.00689
91	0.00771	0.00509	0.00628	0.00652	0.00666	0.00511	0.00403	0.00781	0.00826	0.01110	0.01832	0.18024	0.02097	0.50837	0.08747	0.09485	0.00552	0.00873	0.00345	0.00350
92	0.00772	0.00517	0.00588	0.00597	0.00599	0.00515	0.00337	0.00778	0.00798	0.01063	0.01778	0.08803	0.02061	0.75696	0.02592	0.00500	0.00506	0.00832	0.00337	0.00333
93	0.01471	0.61946	0.13437	0.01025	0.01522	0.04609	0.01066	0.01708	0.01142	0.06591	0.00874	0.00970	0.00731	0.00484	0.00386	0.00127	0.00611	0.00322	0.00261	0.00717
94	0.00725	0.00547	0.00669	0.00639	0.00780	0.00492	0.00479	0.00945	0.01437	0.01956	0.57375	0.04333	0.25316	0.01171	0.00633	0.00172	0.00258	0.01016	0.00565	0.00492
95	0.00663	0.00474	0.00633	0.00758	0.00793	0.00444	0.00514	0.00763	0.01037	0.01380	0.02954	0.77595	0.03531	0.01673	0.00688	0.00219	0.00319	0.04627	0.00498	0.00438
96	0.01488	0.68239	0.05917	0.00986	0.01441	0.08200	0.00970	0.01702	0.02485	0.03264	0.00823	0.00926	0.00722	0.00479	0.00371	0.00122	0.00610	0.00309	0.00250	0.00697
97	0.04053	0.01062	0.04415	0.21571	0.21110	0.03050	0.01205	0.01445	0.03945	0.03225	0.01397	0.01850	0.04769	0.01262	0.15060	0.00301	0.04126	0.03191	0.00303	0.02660
98	0.01438	0.57746	0.16639	0.01071	0.01585	0.03473	0.01127	0.08678	0.01243	0.01545	0.00839	0.00954	0.00708	0.00488	0.00396	0.00130	0.00624	0.00327	0.00259	0.00728
99	0.01326	0.01458	0.05824	0.02118	0.15145	0.06003	0.41776	0.07516	0.01384	0.01856	0.06361	0.01709	0.01186	0.00561	0.00598	0.00174	0.00775	0.03176	0.00319	0.00734
100	0.01014	0.00954	0.01610	0.79845	0.03697	0.01193	0.01491	0.01371	0.01073	0.01371	0.00954	0.01431	0.00716	0.00537	0.00537	0.00179	0.00716	0.00477	0.00239	0.00596
101	0.01113	0.00954	0.01113	0.00795	0.01272	0.00716	0.00636	0.01352	0.01113	0.01749	0.00954	0.01113	0.00795	0.00398	0.00398	0.00080	0.00398	0.00318	0.00318	0.84417
102	0.01522	0.01065	0.01241	0.00915	0.01372	0.00931	0.00743	0.17574	0.01484	0.14466	0.01214	0.01266	0.00907	0.00494	0.00450	0.00111	0.00449	0.00389	0.00421	0.52983
103	0.00777	0.00533	0.00652	0.00652	0.00675	0.00556	0.00408	0.00823	0.00800	0.01090	0.01631	0.03178	0.01806	0.62727	0.20941	0.00602	0.00739	0.00732	0.00316	0.00362
104	0.01020	0.00961	0.01622	0.78297	0.05195	0.01194	0.01494	0.01377	0.01076	0.01379	0.00955	0.01429	0.00718	0.00535	0.00537	0.00178	0.00714	0.00477	0.00239	0.00601
105	0.00932	0.00466	0.00699	0.00699	0.00699	0.00466	0.00466	0.00699	0.00699	0.00932	0.00932	0.01632	0.00932	0.01865	0.02098	0.84382	0.00466	0.00466	0.00233	0.00233
106	0.00670	0.00475	0.00623	0.00730	0.00761	0.00446	0.00482	0.00760	0.01022	0.01367	0.05459	0.70748	0.03452	0.09206	0.00878	0.00245	0.00329	0.01436	0.00485	0.00428
