[name]
unknown

[dist]
# distance from previous block
# <min> <max>
0	68

[block]
# block no. 0 follows, 46 sequences, length 73
# corresponding to MSA columns:
# 68-140
name=unknown_A
#
# <colnr> <probs for GDERKNQSTAVLIFYWHMCP>
#	G	D	E	R	K	N	Q	S	T	A	V	L	I	F	Y	W	H	M	C	P
0	0.01008	0.00638	0.00890	0.00970	0.01121	0.00626	0.00844	0.01247	0.01247	0.09480	0.02726	0.05536	0.02864	0.01378	0.00710	0.00235	0.00483	0.66962	0.00504	0.00529
1	0.01836	0.02316	0.01399	0.01277	0.01540	0.71201	0.00958	0.01972	0.01468	0.01308	0.01283	0.01378	0.08612	0.00626	0.00492	0.00141	0.00883	0.00420	0.00295	0.00596
2	0.01423	0.01631	0.02313	0.01780	0.02152	0.20759	0.39504	0.01854	0.09047	0.01590	0.01067	0.01328	0.00841	0.00564	0.00730	0.00175	0.11741	0.00529	0.00291	0.00682
3	0.00815	0.00616	0.00840	0.00828	0.00928	0.00704	0.00623	0.01107	0.08674	0.01295	0.01532	0.02292	0.01450	0.16308	0.58693	0.00726	0.01166	0.00603	0.00315	0.00485
4	0.01244	0.01190	0.01616	0.01370	0.01414	0.01621	0.01141	0.08983	0.00982	0.01484	0.00753	0.01168	0.00715	0.00895	0.01611	0.00224	0.72251	0.00464	0.00262	0.00611
5	0.00659	0.00529	0.00588	0.00590	0.00739	0.00458	0.00436	0.00819	0.01261	0.01600	0.23997	0.12594	0.51262	0.01304	0.00630	0.00179	0.00267	0.01114	0.00515	0.00458
6	0.00754	0.00564	0.00835	0.00831	0.00928	0.00644	0.00644	0.00950	0.00916	0.01319	0.09265	0.02269	0.01698	0.03669	0.71244	0.00779	0.01296	0.00606	0.00314	0.00475
7	0.01200	0.02510	0.68649	0.01468	0.02205	0.01184	0.03875	0.01767	0.01161	0.09563	0.01069	0.01195	0.00739	0.00516	0.00509	0.00167	0.00750	0.00412	0.00269	0.00792
8	0.02335	0.00959	0.01264	0.00969	0.01379	0.00866	0.00800	0.10154	0.01613	0.70771	0.02002	0.01745	0.01267	0.00652	0.00531	0.00163	0.00463	0.00526	0.00641	0.00900
9	0.00627	0.00528	0.00544	0.00556	0.00719	0.00445	0.00411	0.00756	0.01185	0.01420	0.05105	0.12891	0.70267	0.01371	0.00630	0.00182	0.00272	0.01155	0.00491	0.00445
10	0.76654	0.01010	0.00823	0.00720	0.01056	0.01144	0.00594	0.01659	0.00963	0.10189	0.00875	0.00955	0.00648	0.00508	0.00348	0.00164	0.00413	0.00311	0.00361	0.00606
11	0.00993	0.00929	0.01531	0.63058	0.03121	0.01150	0.02903	0.01314	0.01083	0.01430	0.08817	0.01647	0.01146	0.00620	0.00652	0.00180	0.08053	0.00522	0.00271	0.00580
12	0.76654	0.01010	0.00823	0.00720	0.01056	0.01144	0.00594	0.01659	0.00963	0.10189	0.00875	0.00955	0.00648	0.00508	0.00348	0.00164	0.00413	0.00311	0.00361	0.00606
13	0.01243	0.01171	0.01980	0.07595	0.65774	0.01185	0.01534	0.01552	0.01196	0.01690	0.01176	0.01792	0.01056	0.00576	0.00545	0.00167	0.00618	0.08080	0.00283	0.00786
14	0.01116	0.00828	0.01144	0.01021	0.01112	0.01034	0.00826	0.01281	0.00936	0.09279	0.01241	0.01689	0.01083	0.03483	0.27352	0.00421	0.33077	0.00515	0.12003	0.00559
15	0.02047	0.01421	0.01550	0.01188	0.01610	0.01551	0.00981	0.68783	0.02386	0.11050	0.01353	0.01324	0.00941	0.00637	0.00529	0.00159	0.00568	0.00482	0.00542	0.00899
16	0.01413	0.01138	0.01201	0.01061	0.01365	0.02912	0.00829	0.06231	0.63158	0.07745	0.05433	0.01992	0.01687	0.00721	0.00540	0.00176	0.00432	0.00598	0.00542	0.00825
17	0.00748	0.00540	0.00707	0.00665	0.00790	0.00499	0.00499	0.00998	0.01496	0.02120	0.77844	0.03949	0.04988	0.01081	0.00624	0.00166	0.00249	0.00956	0.00582	0.00499
18	0.00755	0.00566	0.00850	0.00850	0.00944	0.00661	0.00661	0.00944	0.00850	0.01227	0.01416	0.02077	0.01322	0.03965	0.79326	0.00850	0.01416	0.00566	0.00283	0.00472
19	0.01308	0.01256	0.02146	0.03245	0.78123	0.01256	0.01622	0.01622	0.01204	0.01727	0.00994	0.01308	0.00837	0.00471	0.00523	0.00157	0.00628	0.00471	0.00262	0.00837
20	0.82992	0.01019	0.00789	0.00702	0.01031	0.01175	0.00578	0.01581	0.00916	0.04361	0.00771	0.00883	0.00592	0.00495	0.00333	0.00164	0.00410	0.00293	0.00336	0.00581
21	0.00998	0.00940	0.01586	0.80150	0.03641	0.01175	0.01468	0.01351	0.01057	0.01351	0.00940	0.01409	0.00705	0.00529	0.00529	0.00176	0.00705	0.00470	0.00235	0.00587
22	0.01288	0.01227	0.02088	0.03144	0.74685	0.01227	0.01588	0.01599	0.01204	0.01721	0.01075	0.01516	0.00936	0.00515	0.00533	0.00161	0.00622	0.03778	0.00272	0.00822
23	0.01308	0.01256	0.02146	0.03245	0.78123	0.01256	0.01622	0.01622	0.01204	0.01727	0.00994	0.01308	0.00837	0.00471	0.00523	0.00157	0.00628	0.00471	0.00262	0.00837
24	0.01308	0.01256	0.02146	0.03245	0.78123	0.01256	0.01622	0.01622	0.01204	0.01727	0.00994	0.01308	0.00837	0.00471	0.00523	0.00157	0.00628	0.00471	0.00262	0.00837
25	0.01436	0.01196	0.01264	0.01100	0.01421	0.01371	0.00866	0.15630	0.64150	0.02407	0.01998	0.01850	0.01489	0.00703	0.00536	0.00176	0.00447	0.00576	0.00536	0.00848
26	0.00625	0.00536	0.00536	0.00536	0.00714	0.00446	0.00402	0.00759	0.01205	0.01428	0.05355	0.05088	0.77909	0.01339	0.00625	0.00179	0.00268	0.01116	0.00491	0.00446
27	0.01060	0.02735	0.78682	0.01507	0.02288	0.01228	0.01953	0.01674	0.01116	0.01674	0.00949	0.01116	0.00670	0.00502	0.00502	0.00167	0.00781	0.00391	0.00223	0.00781
28	0.00755	0.00566	0.00850	0.00850	0.00944	0.00661	0.00661	0.00944	0.00850	0.01227	0.01416	0.02077	0.01322	0.03965	0.79326	0.00850	0.01416	0.00566	0.00283	0.00472
29	0.00791	0.00545	0.00663	0.00656	0.00687	0.00571	0.00416	0.02360	0.00823	0.01121	0.01597	0.03081	0.01756	0.61094	0.21120	0.00587	0.00732	0.00714	0.00316	0.00369
30	0.02372	0.00900	0.01227	0.00941	0.01350	0.00777	0.00777	0.02576	0.01513	0.78489	0.02086	0.01799	0.01309	0.00654	0.00532	0.00164	0.00450	0.00532	0.00654	0.00900
31	0.00693	0.00531	0.00565	0.00557	0.00718	0.00463	0.00418	0.00864	0.01253	0.01634	0.19713	0.04482	0.53851	0.01200	0.00594	0.00169	0.00261	0.01008	0.10563	0.00463
32	0.01308	0.01256	0.02146	0.03245	0.78123	0.01256	0.01622	0.01622	0.01204	0.01727	0.00994	0.01308	0.00837	0.00471	0.00523	0.00157	0.00628	0.00471	0.00262	0.00837
33	0.02010	0.01481	0.01587	0.01216	0.01639	0.01639	0.01005	0.76360	0.02486	0.03332	0.01269	0.01269	0.00899	0.00635	0.00529	0.00159	0.00582	0.00476	0.00529	0.00899
34	0.00748	0.00540	0.00707	0.00665	0.00790	0.00499	0.00499	0.00998	0.01496	0.02120	0.77844	0.03949	0.04988	0.01081	0.00624	0.00166	0.00249	0.00956	0.00582	0.00499
35	0.01326	0.62157	0.21585	0.01054	0.01588	0.01878	0.01164	0.01606	0.01085	0.01350	0.00788	0.00914	0.00676	0.00465	0.00380	0.00127	0.00619	0.00309	0.00225	0.00704
36	0.01308	0.01256	0.02146	0.03245	0.78123	0.01256	0.01622	0.01622	0.01204	0.01727	0.00994	0.01308	0.00837	0.00471	0.00523	0.00157	0.00628	0.00471	0.00262	0.00837
37	0.01995	0.01438	0.01548	0.01190	0.01605	0.01585	0.00982	0.72238	0.02422	0.05600	0.01306	0.01303	0.00923	0.00635	0.00525	0.00158	0.00569	0.00478	0.02610	0.00889
38	0.01218	0.01363	0.02877	0.09478	0.02754	0.01340	0.64238	0.01633	0.01201	0.01633	0.01033	0.01407	0.00786	0.00485	0.00688	0.00182	0.06131	0.00599	0.00262	0.00692
39	0.01212	0.01157	0.01971	0.27228	0.54895	0.01231	0.01574	0.01538	0.01158	0.01610	0.00977	0.01340	0.00796	0.00489	0.00525	0.00163	0.00652	0.00471	0.00253	0.00759
40	0.03466	0.01642	0.01452	0.02637	0.01596	0.21509	0.00963	0.36882	0.17940	0.02473	0.01314	0.01327	0.00981	0.00618	0.00510	0.00156	0.00637	0.00459	0.00450	0.02988
41	0.01299	0.01246	0.02129	0.05601	0.75842	0.01254	0.01618	0.01614	0.01199	0.01716	0.00993	0.01312	0.00833	0.00473	0.00524	0.00158	0.00630	0.00471	0.00261	0.00830
42	0.00730	0.00534	0.00685	0.00659	0.00782	0.00489	0.00490	0.00958	0.01437	0.02006	0.66255	0.09377	0.11338	0.01143	0.00627	0.00171	0.00255	0.01008	0.00568	0.00489
43	0.00644	0.00460	0.00613	0.00736	0.00767	0.00429	0.00491	0.00736	0.01012	0.01350	0.02914	0.81076	0.03497	0.01656	0.00675	0.00215	0.00307	0.01503	0.00491	0.00429
44	0.01316	0.01579	0.05949	0.01978	0.02419	0.10894	0.53680	0.01687	0.01213	0.01587	0.00983	0.01319	0.00767	0.00525	0.00751	0.00180	0.11671	0.00557	0.00261	0.00685
45	0.01060	0.02735	0.78682	0.01507	0.02288	0.01228	0.01953	0.01674	0.01116	0.01674	0.00949	0.01116	0.00670	0.00502	0.00502	0.00167	0.00781	0.00391	0.00223	0.00781
46	0.00748	0.00540	0.00707	0.00665	0.00790	0.00499	0.00499	0.00998	0.01496	0.02120	0.77844	0.03949	0.04988	0.01081	0.00624	0.00166	0.00249	0.00956	0.00582	0.00499
47	0.01026	0.00968	0.01636	0.73223	0.10350	0.01182	0.01482	0.01375	0.01070	0.01385	0.00945	0.01400	0.00717	0.00523	0.00528	0.00174	0.00698	0.00470	0.00237	0.00610
48	0.00727	0.00594	0.00657	0.00679	0.00851	0.00544	0.00541	0.00978	0.06306	0.01518	0.04516	0.05092	0.54514	0.01327	0.00645	0.00194	0.00331	0.19009	0.00493	0.00482
49	0.00650	0.00462	0.00612	0.00729	0.00758	0.00433	0.00483	0.00738	0.01001	0.01335	0.02858	0.77611	0.03426	0.05217	0.00765	0.00228	0.00316	0.01470	0.00483	0.00425
50	0.01157	0.01157	0.01619	0.01388	0.01388	0.01619	0.01157	0.01272	0.00810	0.01272	0.00694	0.01157	0.00694	0.00925	0.01735	0.00231	0.80453	0.00463	0.00231	0.00578
51	0.01831	0.04973	0.01543	0.01165	0.01561	0.01568	0.00957	0.54750	0.19470	0.04474	0.01463	0.01422	0.01061	0.00646	0.00523	0.00161	0.00541	0.00496	0.00520	0.00875
52	0.00650	0.00464	0.00620	0.00743	0.00776	0.00434	0.00501	0.00746	0.01018	0.01356	0.02911	0.79009	0.03484	0.01651	0.00676	0.00215	0.00312	0.03513	0.00491	0.00431
53	0.01508	0.65803	0.04121	0.00996	0.01426	0.14166	0.00947	0.03415	0.01174	0.01309	0.00765	0.00880	0.00684	0.00472	0.00369	0.00119	0.00631	0.00299	0.00240	0.00675
54	0.01184	0.04663	0.01666	0.01367	0.01392	0.03232	0.01143	0.01303	0.00835	0.01271	0.00698	0.01139	0.00693	0.00897	0.01649	0.00224	0.75375	0.00452	0.00232	0.00583
55	0.01407	0.01064	0.01541	0.01147	0.01572	0.02375	0.15934	0.04977	0.02506	0.16745	0.01452	0.03474	0.04268	0.00561	0.00534	0.00134	0.02968	0.00499	0.00393	0.36448
56	0.01975	0.02520	0.01498	0.01362	0.01634	0.79299	0.01021	0.02111	0.01498	0.01294	0.00817	0.00953	0.00681	0.00545	0.00477	0.00136	0.00953	0.00340	0.00272	0.00613
57	0.00726	0.00540	0.00676	0.00642	0.00776	0.00489	0.00482	0.00955	0.01445	0.01997	0.64936	0.04152	0.17973	0.01127	0.00624	0.00168	0.00253	0.00984	0.00566	0.00489
58	0.00644	0.00460	0.00613	0.00736	0.00767	0.00429	0.00491	0.00736	0.01012	0.01350	0.02914	0.81076	0.03497	0.01656	0.00675	0.00215	0.00307	0.01503	0.00491	0.00429
59	0.01306	0.01268	0.02098	0.07643	0.72013	0.03095	0.01599	0.01618	0.01202	0.01695	0.00987	0.01306	0.00826	0.00476	0.00523	0.00158	0.00640	0.00468	0.00260	0.00818
60	0.00769	0.00513	0.00577	0.00577	0.00577	0.00513	0.00320	0.00769	0.00769	0.01025	0.01666	0.03460	0.01922	0.81421	0.02691	0.00513	0.00513	0.00769	0.00320	0.00320
61	0.00787	0.02293	0.00911	0.00862	0.00955	0.00726	0.00672	0.00964	0.00849	0.01220	0.01382	0.02075	0.01309	0.07397	0.70644	0.00791	0.04843	0.00565	0.00281	0.00474
62	0.02000	0.04760	0.01531	0.01129	0.01532	0.01449	0.00935	0.56377	0.02168	0.16729	0.01378	0.01362	0.00965	0.00685	0.00591	0.03996	0.00552	0.00477	0.00525	0.00859
63	0.00918	0.00459	0.00689	0.00689	0.00689	0.00459	0.00459	0.00689	0.00689	0.00918	0.00918	0.01607	0.00918	0.01837	0.02066	0.84619	0.00459	0.00459	0.00230	0.00230
64	0.00755	0.00566	0.00850	0.00850	0.00944	0.00661	0.00661	0.00944	0.00850	0.01227	0.01416	0.02077	0.01322	0.03965	0.79326	0.00850	0.01416	0.00566	0.00283	0.00472
65	0.01060	0.02735	0.78682	0.01507	0.02288	0.01228	0.01953	0.01674	0.01116	0.01674	0.00949	0.01116	0.00670	0.00502	0.00502	0.00167	0.00781	0.00391	0.00223	0.00781
66	0.01346	0.01151	0.01213	0.01082	0.01387	0.01329	0.00844	0.06092	0.73835	0.02261	0.02112	0.01941	0.01582	0.00714	0.00538	0.00178	0.00426	0.00592	0.00538	0.00840
67	0.02010	0.01481	0.01587	0.01216	0.01639	0.01639	0.01005	0.76360	0.02486	0.03332	0.01269	0.01269	0.00899	0.00635	0.00529	0.00159	0.00582	0.00476	0.00529	0.00899
68	0.02372	0.00900	0.01227	0.00941	0.01350	0.00777	0.00777	0.02576	0.01513	0.78489	0.02086	0.01799	0.01309	0.00654	0.00532	0.00164	0.00450	0.00532	0.00654	0.00900
69	0.01157	0.01157	0.01619	0.01388	0.01388	0.01619	0.01157	0.01272	0.00810	0.01272	0.00694	0.01157	0.00694	0.00925	0.01735	0.00231	0.80453	0.00463	0.00231	0.00578
70	0.00679	0.00480	0.00631	0.00739	0.00774	0.00456	0.00504	0.00774	0.01002	0.01332	0.02751	0.64553	0.03262	0.11381	0.00926	0.00254	0.00349	0.08263	0.00470	0.00421
71	0.00918	0.00459	0.00689	0.00689	0.00689	0.00459	0.00459	0.00689	0.00689	0.00918	0.00918	0.01607	0.00918	0.01837	0.02066	0.84619	0.00459	0.00459	0.00230	0.00230
72	0.00644	0.00460	0.00613	0.00736	0.00767	0.00429	0.00491	0.00736	0.01012	0.01350	0.02914	0.81076	0.03497	0.01656	0.00675	0.00215	0.00307	0.01503	0.00491	0.00429

[dist]
# distance from previous block
# <min> <max>
0	16

[block]
# block no. 1 follows, 46 sequences, length 47
# corresponding to MSA columns:
# 157-203
name=unknown_B
#
# <colnr> <probs for GDERKNQSTAVLIFYWHMCP>
#	G	D	E	R	K	N	Q	S	T	A	V	L	I	F	Y	W	H	M	C	P
0	0.01413	0.81739	0.02770	0.00905	0.01357	0.02092	0.00905	0.01583	0.01074	0.01244	0.00735	0.00848	0.00678	0.00452	0.00339	0.00113	0.00565	0.00283	0.00226	0.00678
1	0.28208	0.01264	0.05301	0.03243	0.12129	0.05378	0.00927	0.17043	0.07833	0.02298	0.01140	0.01265	0.00872	0.00556	0.00441	0.00157	0.00513	0.00415	0.10312	0.00703
2	0.01215	0.01207	0.02210	0.18757	0.39425	0.01245	0.20268	0.01563	0.01171	0.01637	0.01017	0.01375	0.00813	0.00493	0.00576	0.00167	0.02766	0.00510	0.02847	0.00737
3	0.00652	0.00464	0.00611	0.00726	0.00754	0.00435	0.00479	0.00738	0.00996	0.01328	0.02831	0.75933	0.03392	0.06941	0.00808	0.00234	0.00320	0.01454	0.00479	0.00422
4	0.01096	0.00940	0.01096	0.00783	0.01253	0.00705	0.00626	0.01331	0.01096	0.01723	0.00940	0.01096	0.00783	0.00392	0.00392	0.00078	0.00392	0.00313	0.00313	0.84653
5	0.01060	0.02735	0.78682	0.01507	0.02288	0.01228	0.01953	0.01674	0.01116	0.01674	0.00949	0.01116	0.00670	0.00502	0.00502	0.00167	0.00781	0.00391	0.00223	0.00781
6	0.01435	0.47357	0.21200	0.01128	0.01638	0.10913	0.01183	0.06939	0.01234	0.01503	0.00835	0.00956	0.00692	0.00488	0.00409	0.00132	0.00665	0.00330	0.00252	0.00712
7	0.02029	0.01450	0.01568	0.01202	0.01624	0.01594	0.00993	0.72479	0.02434	0.07286	0.01312	0.01297	0.00921	0.00636	0.00529	0.00159	0.00575	0.00479	0.00535	0.00899
8	0.00667	0.00538	0.00596	0.00597	0.00754	0.00467	0.00452	0.00833	0.01269	0.01600	0.22573	0.07715	0.53627	0.01295	0.00632	0.00180	0.00276	0.04956	0.00513	0.00460
9	0.01135	0.01124	0.01513	0.03069	0.01393	0.03894	0.01092	0.01301	0.02821	0.01294	0.00826	0.01286	0.00792	0.01258	0.10808	0.00299	0.64800	0.00475	0.00247	0.00574
10	0.09875	0.67259	0.05788	0.00898	0.01336	0.01907	0.00896	0.01555	0.01048	0.01369	0.00777	0.00953	0.00711	0.03306	0.00428	0.00135	0.00557	0.00305	0.00240	0.00660
11	0.00657	0.00467	0.00608	0.00714	0.00745	0.00439	0.00470	0.00740	0.00991	0.01317	0.02838	0.71020	0.05067	0.10159	0.00889	0.00246	0.00328	0.01416	0.00473	0.00418
12	0.06178	0.00905	0.01206	0.00929	0.01334	0.00796	0.00768	0.02529	0.01485	0.74990	0.02024	0.01756	0.01275	0.00647	0.00522	0.00164	0.00448	0.00520	0.00639	0.00885
13	0.01020	0.00721	0.01016	0.17777	0.01513	0.00815	0.02453	0.05691	0.01095	0.03772	0.01434	0.04975	0.01230	0.03294	0.21172	0.02466	0.03520	0.00554	0.24944	0.00538
14	0.12331	0.68683	0.02450	0.00876	0.01300	0.01929	0.00854	0.01559	0.01044	0.01391	0.00756	0.00887	0.00685	0.00566	0.02784	0.00142	0.00571	0.00292	0.00241	0.00658
15	0.00649	0.00470	0.00613	0.00718	0.00764	0.00435	0.00485	0.00753	0.01053	0.01399	0.07365	0.71311	0.08831	0.01601	0.00668	0.00209	0.00301	0.01444	0.00496	0.00435
16	0.00779	0.00546	0.00705	0.00667	0.00799	0.00500	0.00499	0.01013	0.01458	0.04045	0.68098	0.07050	0.09627	0.01110	0.00623	0.00169	0.00258	0.00977	0.00574	0.00503
17	0.01095	0.01147	0.06199	0.34285	0.31598	0.01143	0.05253	0.01430	0.01141	0.01538	0.01416	0.01728	0.08594	0.00583	0.00540	0.00169	0.00645	0.00539	0.00272	0.00686
18	0.02372	0.00900	0.01227	0.00941	0.01350	0.00777	0.00777	0.02576	0.01513	0.78489	0.02086	0.01799	0.01309	0.00654	0.00532	0.00164	0.00450	0.00532	0.00654	0.00900
19	0.00644	0.00460	0.00613	0.00736	0.00767	0.00429	0.00491	0.00736	0.01012	0.01350	0.02914	0.81076	0.03497	0.01656	0.00675	0.00215	0.00307	0.01503	0.00491	0.00429
20	0.01056	0.01120	0.02325	0.01755	0.02130	0.01049	0.52199	0.01390	0.01173	0.01584	0.01654	0.26679	0.01656	0.00829	0.00640	0.00190	0.00706	0.00903	0.00338	0.00623
21	0.00763	0.00534	0.00685	0.00685	0.00723	0.00572	0.00456	0.00839	0.00801	0.01106	0.01566	0.02908	0.01683	0.50545	0.33240	0.00647	0.00873	0.00688	0.00306	0.00381
22	0.00644	0.00462	0.00611	0.00730	0.00765	0.00430	0.00488	0.00737	0.01018	0.01352	0.02982	0.78942	0.05586	0.01647	0.00673	0.00214	0.00306	0.01492	0.00491	0.00430
23	0.01157	0.01157	0.01619	0.01388	0.01388	0.01619	0.01157	0.01272	0.00810	0.01272	0.00694	0.01157	0.00694	0.00925	0.01735	0.00231	0.80453	0.00463	0.00231	0.00578
24	0.01983	0.01456	0.01559	0.01198	0.01613	0.01610	0.00989	0.74439	0.02450	0.03297	0.01281	0.01287	0.00911	0.00634	0.00525	0.00158	0.00573	0.00476	0.02672	0.00889
25	0.01375	0.01441	0.02214	0.05190	0.52680	0.11469	0.14553	0.01690	0.01245	0.01653	0.00983	0.01286	0.00807	0.00478	0.00535	0.00159	0.00719	0.00481	0.00263	0.00779
26	0.85155	0.01022	0.00777	0.00695	0.01022	0.01186	0.00573	0.01554	0.00900	0.02372	0.00736	0.00859	0.00573	0.00491	0.00327	0.00164	0.00409	0.00286	0.00327	0.00573
27	0.00635	0.00536	0.00550	0.00546	0.00720	0.00451	0.00410	0.00778	0.01229	0.01485	0.11280	0.04995	0.71949	0.01318	0.00625	0.00178	0.00266	0.01103	0.00498	0.00451
28	0.00646	0.00551	0.00558	0.00554	0.00733	0.00470	0.00416	0.00819	0.03129	0.01472	0.07754	0.04970	0.73492	0.01314	0.00623	0.00178	0.00271	0.01097	0.00495	0.00458
29	0.00755	0.00566	0.00850	0.00850	0.00944	0.00661	0.00661	0.00944	0.00850	0.01227	0.01416	0.02077	0.01322	0.03965	0.79326	0.00850	0.01416	0.00566	0.00283	0.00472
30	0.01026	0.00532	0.00536	0.00522	0.00657	0.00539	0.00395	0.04234	0.01164	0.02025	0.01706	0.01943	0.01337	0.00617	0.00376	0.00125	0.00260	0.00492	0.81006	0.00509
31	0.01413	0.81739	0.02770	0.00905	0.01357	0.02092	0.00905	0.01583	0.01074	0.01244	0.00735	0.00848	0.00678	0.00452	0.00339	0.00113	0.00565	0.00283	0.00226	0.00678
32	0.00644	0.00460	0.00613	0.00736	0.00767	0.00429	0.00491	0.00736	0.01012	0.01350	0.02914	0.81076	0.03497	0.01656	0.00675	0.00215	0.00307	0.01503	0.00491	0.00429
33	0.01308	0.01256	0.02146	0.03245	0.78123	0.01256	0.01622	0.01622	0.01204	0.01727	0.00994	0.01308	0.00837	0.00471	0.00523	0.00157	0.00628	0.00471	0.00262	0.00837
34	0.01096	0.00940	0.01096	0.00783	0.01253	0.00705	0.00626	0.01331	0.01096	0.01723	0.00940	0.01096	0.00783	0.00392	0.00392	0.00078	0.00392	0.00313	0.00313	0.84653
35	0.02010	0.01481	0.01587	0.01216	0.01639	0.01639	0.01005	0.76360	0.02486	0.03332	0.01269	0.01269	0.00899	0.00635	0.00529	0.00159	0.00582	0.00476	0.00529	0.00899
36	0.01975	0.02520	0.01498	0.01362	0.01634	0.79299	0.01021	0.02111	0.01498	0.01294	0.00817	0.00953	0.00681	0.00545	0.00477	0.00136	0.00953	0.00340	0.00272	0.00613
37	0.00634	0.00533	0.00550	0.00551	0.00721	0.00449	0.00411	0.00774	0.01218	0.01473	0.10238	0.07609	0.70368	0.01332	0.00626	0.00179	0.00268	0.01118	0.00497	0.00449
38	0.00644	0.00460	0.00613	0.00736	0.00767	0.00429	0.00491	0.00736	0.01012	0.01350	0.02914	0.81076	0.03497	0.01656	0.00675	0.00215	0.00307	0.01503	0.00491	0.00429
39	0.00644	0.00460	0.00613	0.00736	0.00767	0.00429	0.00491	0.00736	0.01012	0.01350	0.02914	0.81076	0.03497	0.01656	0.00675	0.00215	0.00307	0.01503	0.00491	0.00429
40	0.01413	0.81739	0.02770	0.00905	0.01357	0.02092	0.00905	0.01583	0.01074	0.01244	0.00735	0.00848	0.00678	0.00452	0.00339	0.00113	0.00565	0.00283	0.00226	0.00678
41	0.01060	0.02735	0.78682	0.01507	0.02288	0.01228	0.01953	0.01674	0.01116	0.01674	0.00949	0.01116	0.00670	0.00502	0.00502	0.00167	0.00781	0.00391	0.00223	0.00781
42	0.01768	0.02133	0.01357	0.01234	0.01471	0.62476	0.00917	0.05003	0.01418	0.01343	0.00970	0.01330	0.00874	0.10644	0.04657	0.00219	0.00907	0.00410	0.00290	0.00582
43	0.85155	0.01022	0.00777	0.00695	0.01022	0.01186	0.00573	0.01554	0.00900	0.02372	0.00736	0.00859	0.00573	0.00491	0.00327	0.00164	0.00409	0.00286	0.00327	0.00573
44	0.01003	0.00802	0.01141	0.26576	0.01823	0.00949	0.02847	0.02973	0.01084	0.01602	0.01676	0.04018	0.09055	0.00739	0.00699	0.00169	0.14128	0.00575	0.27596	0.00547
45	0.03306	0.00833	0.00953	0.00913	0.01139	0.00880	0.00731	0.01844	0.31382	0.08602	0.05943	0.07490	0.13703	0.01045	0.00603	0.00194	0.00402	0.18859	0.00522	0.00656
46	0.01308	0.01256	0.02146	0.03245	0.78123	0.01256	0.01622	0.01622	0.01204	0.01727	0.00994	0.01308	0.00837	0.00471	0.00523	0.00157	0.00628	0.00471	0.00262	0.00837

[dist]
# distance from previous block
# <min> <max>
0	4

[block]
# block no. 2 follows, 46 sequences, length 16
# corresponding to MSA columns:
# 208-223
name=unknown_C
#
# <colnr> <probs for GDERKNQSTAVLIFYWHMCP>
#	G	D	E	R	K	N	Q	S	T	A	V	L	I	F	Y	W	H	M	C	P
0	0.00644	0.00460	0.00613	0.00736	0.00767	0.00429	0.00491	0.00736	0.01012	0.01350	0.02914	0.81076	0.03497	0.01656	0.00675	0.00215	0.00307	0.01503	0.00491	0.00429
1	0.00985	0.00493	0.00493	0.00493	0.00616	0.00493	0.00370	0.01232	0.01109	0.01971	0.01725	0.01971	0.01355	0.00616	0.00370	0.00123	0.00246	0.00493	0.84356	0.00493
2	0.01334	0.72008	0.02523	0.00876	0.01289	0.01901	0.00856	0.01513	0.01125	0.01349	0.09976	0.01220	0.01195	0.00528	0.00373	0.00119	0.00527	0.00363	0.00269	0.00657
3	0.00752	0.00515	0.00572	0.00572	0.00593	0.00505	0.00330	0.00768	0.00821	0.01073	0.02108	0.03655	0.11028	0.71824	0.02443	0.00472	0.00483	0.00810	0.00341	0.00335
4	0.68076	0.01031	0.04438	0.00742	0.01054	0.01086	0.00631	0.01493	0.00907	0.04960	0.00817	0.00995	0.00646	0.00659	0.00551	0.10285	0.00434	0.00321	0.00323	0.00553
5	0.00669	0.00478	0.00642	0.00765	0.00806	0.00451	0.00534	0.00779	0.01037	0.01377	0.02900	0.72074	0.03442	0.01633	0.00681	0.00218	0.00328	0.10259	0.00490	0.00436
6	0.02332	0.00964	0.01267	0.00971	0.01382	0.00873	0.00802	0.10772	0.01621	0.70141	0.01995	0.01740	0.01263	0.00652	0.00531	0.00163	0.00464	0.00525	0.00640	0.00900
7	0.01028	0.00965	0.01598	0.72703	0.07416	0.01185	0.01449	0.01428	0.04383	0.01408	0.00995	0.01429	0.00751	0.00534	0.00529	0.00175	0.00688	0.00475	0.00250	0.00611
8	0.01212	0.01158	0.01971	0.27176	0.54946	0.01231	0.01574	0.01538	0.01158	0.01610	0.00977	0.01340	0.00796	0.00489	0.00525	0.00163	0.00652	0.00471	0.00253	0.00760
9	0.00650	0.00463	0.00612	0.00728	0.00757	0.00434	0.00482	0.00738	0.01000	0.01333	0.02850	0.77109	0.03416	0.05733	0.00778	0.00230	0.00317	0.01465	0.00482	0.00424
10	0.03464	0.17415	0.01839	0.05512	0.12829	0.01576	0.01061	0.40327	0.01832	0.04415	0.01131	0.01229	0.00856	0.00565	0.00480	0.00149	0.00572	0.00434	0.03507	0.00808
11	0.01354	0.68517	0.15475	0.01005	0.01513	0.01947	0.01080	0.01598	0.01081	0.01316	0.00771	0.00893	0.00677	0.00461	0.00366	0.00122	0.00601	0.00301	0.00226	0.00696
12	0.00705	0.00553	0.00576	0.00568	0.00754	0.00466	0.00434	0.00846	0.01218	0.04617	0.05126	0.04984	0.71992	0.01315	0.00625	0.00180	0.00283	0.03792	0.00498	0.00467
13	0.01756	0.01721	0.18847	0.01264	0.01758	0.01500	0.01199	0.52244	0.07548	0.04960	0.01284	0.01300	0.00911	0.00611	0.00524	0.00162	0.00611	0.00467	0.00464	0.00868
14	0.01280	0.01231	0.02121	0.06756	0.69846	0.01238	0.04333	0.01599	0.01199	0.01704	0.01042	0.01439	0.00888	0.00499	0.00533	0.00161	0.00638	0.02416	0.00267	0.00812
15	0.07802	0.01297	0.01292	0.01087	0.01423	0.06729	0.00866	0.27426	0.33847	0.05685	0.05748	0.01682	0.01401	0.00678	0.00519	0.00167	0.00502	0.00532	0.00508	0.00807

[dist]
# distance from previous block
# <min> <max>
3	7

[block]
# block no. 3 follows, 46 sequences, length 15
# corresponding to MSA columns:
# 231-245
name=unknown_D
#
# <colnr> <probs for GDERKNQSTAVLIFYWHMCP>
#	G	D	E	R	K	N	Q	S	T	A	V	L	I	F	Y	W	H	M	C	P
0	0.12366	0.00904	0.01067	0.00842	0.01215	0.00823	0.00684	0.05029	0.03748	0.37674	0.04406	0.01952	0.09531	0.00672	0.00492	0.00149	0.00412	0.00535	0.00518	0.16983
1	0.01210	0.01124	0.01884	0.02794	0.63218	0.01122	0.01456	0.01503	0.01196	0.01688	0.01349	0.05934	0.01286	0.00672	0.00561	0.00172	0.00592	0.11169	0.00305	0.00767
2	0.01024	0.00949	0.01590	0.70738	0.09686	0.01155	0.01439	0.01369	0.01071	0.01406	0.00974	0.01423	0.00741	0.00527	0.00522	0.00173	0.00681	0.00471	0.03459	0.00604
3	0.85155	0.01022	0.00777	0.00695	0.01022	0.01186	0.00573	0.01554	0.00900	0.02372	0.00736	0.00859	0.00573	0.00491	0.00327	0.00164	0.00409	0.00286	0.00327	0.00573
4	0.01315	0.01136	0.01195	0.01076	0.01375	0.01315	0.00837	0.02809	0.77168	0.02211	0.02152	0.01972	0.01614	0.00717	0.00538	0.00179	0.00418	0.00598	0.00538	0.00837
5	0.01096	0.00940	0.01096	0.00783	0.01253	0.00705	0.00626	0.01331	0.01096	0.01723	0.00940	0.01096	0.00783	0.00392	0.00392	0.00078	0.00392	0.00313	0.00313	0.84653
6	0.01006	0.00586	0.00646	0.00619	0.00753	0.00617	0.00467	0.05847	0.03372	0.01876	0.01654	0.02045	0.01367	0.06611	0.13595	0.00273	0.00483	0.00526	0.57143	0.00513
7	0.00755	0.00566	0.00850	0.00850	0.00944	0.00661	0.00661	0.00944	0.00850	0.01227	0.01416	0.02077	0.01322	0.03965	0.79326	0.00850	0.01416	0.00566	0.00283	0.00472
8	0.00852	0.00608	0.00852	0.00974	0.01095	0.00608	0.00852	0.01095	0.01217	0.01582	0.02799	0.05963	0.03042	0.01460	0.00730	0.00243	0.00487	0.74565	0.00487	0.00487
9	0.02372	0.00900	0.01227	0.00941	0.01350	0.00777	0.00777	0.02576	0.01513	0.78489	0.02086	0.01799	0.01309	0.00654	0.00532	0.00164	0.00450	0.00532	0.00654	0.00900
10	0.01096	0.00940	0.01096	0.00783	0.01253	0.00705	0.00626	0.01331	0.01096	0.01723	0.00940	0.01096	0.00783	0.00392	0.00392	0.00078	0.00392	0.00313	0.00313	0.84653
11	0.01060	0.02735	0.78682	0.01507	0.02288	0.01228	0.01953	0.01674	0.01116	0.01674	0.00949	0.01116	0.00670	0.00502	0.00502	0.00167	0.00781	0.00391	0.00223	0.00781
12	0.00644	0.00460	0.00613	0.00736	0.00767	0.00429	0.00491	0.00736	0.01012	0.01350	0.02914	0.81076	0.03497	0.01656	0.00675	0.00215	0.00307	0.01503	0.00491	0.00429
13	0.00767	0.00519	0.00611	0.00611	0.00623	0.00531	0.00364	0.00791	0.00779	0.01051	0.01634	0.03284	0.01846	0.71569	0.12439	0.00555	0.00627	0.00743	0.00316	0.00340
14	0.01162	0.05747	0.29782	0.11570	0.07388	0.01310	0.32148	0.01634	0.01166	0.01624	0.00989	0.01278	0.00739	0.00478	0.00549	0.00170	0.00797	0.00495	0.00245	0.00728

[dist]
# distance from previous block
# <min> <max>
0	1

[block]
# block no. 4 follows, 46 sequences, length 106
# corresponding to MSA columns:
# 247-352
name=unknown_E
#
# <colnr> <probs for GDERKNQSTAVLIFYWHMCP>
#	G	D	E	R	K	N	Q	S	T	A	V	L	I	F	Y	W	H	M	C	P
0	0.79310	0.05359	0.02158	0.00720	0.01061	0.01235	0.00613	0.01558	0.00913	0.02300	0.00740	0.00862	0.00580	0.00489	0.00331	0.00161	0.00423	0.00288	0.00320	0.00582
1	0.80278	0.01038	0.00817	0.00720	0.01053	0.01195	0.00593	0.04466	0.00973	0.03938	0.00784	0.00894	0.00600	0.00500	0.00339	0.00163	0.00416	0.00299	0.00342	0.00592
2	0.00766	0.00563	0.00710	0.00665	0.00803	0.00521	0.00501	0.02798	0.01490	0.02077	0.68466	0.04002	0.12458	0.01097	0.00621	0.00167	0.00259	0.00961	0.00571	0.00503
3	0.01191	0.01214	0.01614	0.01387	0.01398	0.04899	0.01151	0.01308	0.00839	0.01273	0.00699	0.01148	0.00693	0.00909	0.01682	0.00227	0.77097	0.00457	0.00233	0.00580
4	0.02010	0.01481	0.01587	0.01216	0.01639	0.01639	0.01005	0.76360	0.02486	0.03332	0.01269	0.01269	0.00899	0.00635	0.00529	0.00159	0.00582	0.00476	0.00529	0.00899
5	0.00758	0.00555	0.00790	0.00790	0.00864	0.00629	0.00587	0.00906	0.00832	0.01183	0.01470	0.02377	0.01452	0.20778	0.62691	0.00776	0.01220	0.00610	0.00291	0.00439
6	0.09203	0.00945	0.01212	0.00937	0.01340	0.00864	0.00774	0.07019	0.01522	0.67576	0.01924	0.01689	0.01223	0.00640	0.00515	0.00163	0.00455	0.00508	0.00620	0.00873
7	0.02010	0.01481	0.01587	0.01216	0.01639	0.01639	0.01005	0.76360	0.02486	0.03332	0.01269	0.01269	0.00899	0.00635	0.00529	0.00159	0.00582	0.00476	0.00529	0.00899
8	0.01413	0.81739	0.02770	0.00905	0.01357	0.02092	0.00905	0.01583	0.01074	0.01244	0.00735	0.00848	0.00678	0.00452	0.00339	0.00113	0.00565	0.00283	0.00226	0.00678
9	0.00718	0.00493	0.00600	0.00655	0.00671	0.00480	0.00407	0.00763	0.00885	0.01178	0.02229	0.36689	0.02624	0.45244	0.01778	0.00378	0.00424	0.03016	0.00398	0.00371
10	0.00918	0.00459	0.00689	0.00689	0.00689	0.00459	0.00459	0.00689	0.00689	0.00918	0.00918	0.01607	0.00918	0.01837	0.02066	0.84619	0.00459	0.00459	0.00230	0.00230
11	0.04333	0.00903	0.01216	0.00935	0.01342	0.00787	0.00772	0.02552	0.01499	0.76686	0.02054	0.01777	0.01291	0.00650	0.00527	0.00164	0.00449	0.00526	0.00647	0.00892
12	0.00644	0.00460	0.00613	0.00736	0.00767	0.00429	0.00491	0.00736	0.01012	0.01350	0.02914	0.81076	0.03497	0.01656	0.00675	0.00215	0.00307	0.01503	0.00491	0.00429
13	0.85155	0.01022	0.00777	0.00695	0.01022	0.01186	0.00573	0.01554	0.00900	0.02372	0.00736	0.00859	0.00573	0.00491	0.00327	0.00164	0.00409	0.00286	0.00327	0.00573
14	0.00985	0.00493	0.00493	0.00493	0.00616	0.00493	0.00370	0.01232	0.01109	0.01971	0.01725	0.01971	0.01355	0.00616	0.00370	0.00123	0.00246	0.00493	0.84356	0.00493
15	0.00748	0.00540	0.00707	0.00665	0.00790	0.00499	0.00499	0.00998	0.01496	0.02120	0.77844	0.03949	0.04988	0.01081	0.00624	0.00166	0.00249	0.00956	0.00582	0.00499
16	0.00674	0.00481	0.00648	0.00770	0.00814	0.00455	0.00543	0.00788	0.01042	0.01383	0.02897	0.70249	0.03431	0.01628	0.00683	0.00219	0.00333	0.12034	0.00490	0.00438
17	0.00757	0.00561	0.00820	0.00820	0.00904	0.00645	0.00624	0.00925	0.00841	0.01205	0.01443	0.02228	0.01387	0.12419	0.70961	0.00813	0.01317	0.00589	0.00287	0.00455
18	0.01060	0.02735	0.78682	0.01507	0.02288	0.01228	0.01953	0.01674	0.01116	0.01674	0.00949	0.01116	0.00670	0.00502	0.00502	0.00167	0.00781	0.00391	0.00223	0.00781
19	0.00985	0.00493	0.00493	0.00493	0.00616	0.00493	0.00370	0.01232	0.01109	0.01971	0.01725	0.01971	0.01355	0.00616	0.00370	0.00123	0.00246	0.00493	0.84356	0.00493
20	0.00757	0.00560	0.00819	0.00819	0.00903	0.00644	0.00622	0.00924	0.00841	0.01204	0.01444	0.02232	0.01389	0.12683	0.70700	0.00812	0.01314	0.00589	0.00287	0.00455
21	0.01984	0.00989	0.01221	0.00984	0.01350	0.00972	0.00796	0.08548	0.21175	0.48639	0.06005	0.01914	0.01547	0.00691	0.00538	0.00167	0.00442	0.00566	0.00610	0.00862
22	0.85155	0.01022	0.00777	0.00695	0.01022	0.01186	0.00573	0.01554	0.00900	0.02372	0.00736	0.00859	0.00573	0.00491	0.00327	0.00164	0.00409	0.00286	0.00327	0.00573
23	0.01012	0.00951	0.01569	0.58045	0.16314	0.01109	0.01379	0.01333	0.01099	0.01425	0.01431	0.01793	0.09155	0.00607	0.00538	0.00173	0.00644	0.00541	0.00268	0.00616
24	0.01082	0.00925	0.01081	0.00782	0.01238	0.00696	0.00622	0.01313	0.01094	0.01711	0.01001	0.03564	0.00867	0.00431	0.00400	0.00083	0.00389	0.00350	0.00319	0.82054
25	0.01096	0.00940	0.01096	0.00783	0.01253	0.00705	0.00626	0.01331	0.01096	0.01723	0.00940	0.01096	0.00783	0.00392	0.00392	0.00078	0.00392	0.00313	0.00313	0.84653
26	0.00769	0.00513	0.00577	0.00577	0.00577	0.00513	0.00320	0.00769	0.00769	0.01025	0.01666	0.03460	0.01922	0.81421	0.02691	0.00513	0.00513	0.00769	0.00320	0.00320
27	0.00754	0.00555	0.00709	0.00675	0.00806	0.00517	0.00509	0.01023	0.03292	0.02046	0.67626	0.05463	0.09888	0.01110	0.00625	0.00170	0.00262	0.02898	0.00570	0.00502
28	0.57234	0.03141	0.02311	0.00888	0.03276	0.01226	0.00719	0.12467	0.01220	0.11807	0.00989	0.01050	0.00722	0.00530	0.00390	0.00161	0.00455	0.00350	0.00390	0.00673
29	0.01342	0.01360	0.03489	0.35152	0.19469	0.12617	0.02746	0.09572	0.05980	0.01702	0.01046	0.01334	0.00808	0.00539	0.00522	0.00164	0.00699	0.00461	0.00296	0.00702
30	0.01197	0.02554	0.67569	0.01465	0.02195	0.01287	0.01817	0.12440	0.01314	0.01913	0.00995	0.01138	0.00703	0.00521	0.00506	0.00166	0.00753	0.00403	0.00267	0.00798
31	0.00762	0.00510	0.00579	0.00585	0.00587	0.00508	0.00330	0.00767	0.00782	0.01043	0.01733	0.07654	0.02007	0.77111	0.02582	0.00496	0.00501	0.00808	0.00330	0.00326
32	0.01315	0.01136	0.01195	0.01076	0.01375	0.01315	0.00837	0.02809	0.77168	0.02211	0.02152	0.01972	0.01614	0.00717	0.00538	0.00179	0.00418	0.00598	0.00538	0.00837
33	0.01248	0.01412	0.03040	0.02249	0.05909	0.01341	0.71119	0.01680	0.01235	0.01684	0.01057	0.01414	0.00801	0.00459	0.00648	0.00179	0.02932	0.00613	0.00266	0.00715
34	0.00644	0.00460	0.00613	0.00736	0.00767	0.00429	0.00491	0.00736	0.01012	0.01350	0.02914	0.81076	0.03497	0.01656	0.00675	0.00215	0.00307	0.01503	0.00491	0.00429
35	0.00909	0.00576	0.00758	0.00692	0.00845	0.00526	0.00526	0.01154	0.01498	0.09681	0.70344	0.03736	0.04624	0.01039	0.00614	0.00166	0.00269	0.00914	0.00589	0.00539
36	0.01322	0.01443	0.06684	0.14527	0.53540	0.10111	0.01551	0.01640	0.01210	0.01618	0.00963	0.01272	0.00789	0.00490	0.00518	0.00158	0.00686	0.00451	0.00257	0.00771
37	0.02010	0.01481	0.01587	0.01216	0.01639	0.01639	0.01005	0.76360	0.02486	0.03332	0.01269	0.01269	0.00899	0.00635	0.00529	0.00159	0.00582	0.00476	0.00529	0.00899
38	0.00632	0.00536	0.00545	0.00543	0.00718	0.00449	0.00407	0.00772	0.01221	0.01466	0.09354	0.05025	0.73887	0.01325	0.00625	0.00178	0.00267	0.01107	0.00496	0.00449
39	0.00681	0.00549	0.00669	0.00714	0.00799	0.00538	0.00513	0.00791	0.01070	0.01374	0.03678	0.44501	0.32359	0.01469	0.00746	0.00202	0.07167	0.01262	0.00469	0.00449
40	0.01781	0.01339	0.01465	0.01165	0.01514	0.01499	0.00947	0.59563	0.06908	0.02926	0.01416	0.06912	0.01143	0.03221	0.00680	0.00179	0.05451	0.00563	0.00502	0.00825
41	0.01404	0.79671	0.04757	0.00920	0.01381	0.02069	0.00932	0.01585	0.01075	0.01255	0.00741	0.00855	0.00678	0.00454	0.00343	0.00114	0.00571	0.00286	0.00226	0.00681
42	0.01228	0.00994	0.01149	0.00837	0.01292	0.00812	0.00672	0.10202	0.01269	0.03840	0.01042	0.02541	0.00858	0.00449	0.00416	0.00092	0.00414	0.00359	0.00350	0.71183
43	0.01409	0.01028	0.01143	0.00997	0.01309	0.01106	0.00787	0.04197	0.49915	0.13690	0.04605	0.02232	0.05221	0.00753	0.00541	0.00172	0.00415	0.03460	0.00537	0.06483
44	0.01096	0.00940	0.01096	0.00783	0.01253	0.00705	0.00626	0.01331	0.01096	0.01723	0.00940	0.01096	0.00783	0.00392	0.00392	0.00078	0.00392	0.00313	0.00313	0.84653
45	0.01281	0.04435	0.05357	0.00859	0.01311	0.00825	0.00735	0.01597	0.05545	0.12592	0.01314	0.02725	0.02963	0.00503	0.00435	0.00107	0.00425	0.00405	0.00374	0.56212
46	0.00647	0.00462	0.00616	0.00734	0.00767	0.00431	0.00491	0.00742	0.01023	0.01367	0.04651	0.79288	0.03531	0.01643	0.00674	0.00214	0.00305	0.01490	0.00493	0.00431
47	0.01140	0.00997	0.02964	0.04326	0.01385	0.00786	0.00712	0.05919	0.01164	0.01773	0.00959	0.01141	0.00789	0.00471	0.00473	0.03358	0.00429	0.00338	0.00318	0.70561
48	0.58793	0.16606	0.01235	0.00789	0.01145	0.04642	0.00677	0.03148	0.01028	0.06799	0.00833	0.00927	0.00649	0.00499	0.00352	0.00153	0.00468	0.00307	0.00330	0.00621
49	0.01864	0.02062	0.01462	0.01281	0.01589	0.49649	0.00985	0.17222	0.15259	0.01870	0.01148	0.01200	0.00892	0.00594	0.00498	0.00148	0.00782	0.00414	0.00372	0.00711
50	0.01274	0.00961	0.01130	0.00830	0.01281	0.00775	0.00666	0.03523	0.05846	0.10239	0.01149	0.01232	0.00895	0.00447	0.00420	0.00096	0.00405	0.00359	0.00370	0.68105
51	0.01919	0.01501	0.01532	0.01207	0.01606	0.06363	0.00985	0.62485	0.11888	0.03065	0.01353	0.01339	0.00976	0.00640	0.00527	0.00160	0.00584	0.00483	0.00514	0.00874
52	0.01153	0.01088	0.01610	0.55457	0.09208	0.04529	0.01370	0.06747	0.01171	0.01529	0.00943	0.01339	0.00731	0.00558	0.00616	0.00172	0.07013	0.00458	0.00263	0.04046
53	0.01548	0.06272	0.07832	0.01042	0.01511	0.01235	0.00920	0.32440	0.03253	0.05605	0.01137	0.01202	0.00854	0.00523	0.00463	0.00127	0.00516	0.00400	0.00408	0.32713
54	0.00758	0.00508	0.00580	0.00590	0.00593	0.00505	0.00335	0.00766	0.00790	0.01053	0.01773	0.10107	0.02057	0.74590	0.02518	0.00487	0.00495	0.00832	0.00335	0.00330
55	0.01004	0.01032	0.12402	0.01067	0.01378	0.00764	0.13316	0.01330	0.01387	0.08165	0.45005	0.04283	0.04894	0.00872	0.00600	0.00169	0.00451	0.00797	0.00480	0.00605
56	0.01895	0.13787	0.01679	0.01297	0.01595	0.68317	0.01005	0.02036	0.01438	0.01287	0.00805	0.00938	0.00681	0.00532	0.00457	0.00133	0.00898	0.00332	0.00266	0.00622
57	0.00644	0.00462	0.00612	0.00731	0.00766	0.00430	0.00489	0.00737	0.01017	0.01351	0.02971	0.79282	0.05253	0.01649	0.00674	0.00214	0.00306	0.01494	0.00491	0.00430
58	0.00653	0.00532	0.00578	0.00577	0.00734	0.00457	0.00429	0.00810	0.01258	0.01577	0.21258	0.09498	0.57195	0.01301	0.00628	0.00178	0.00266	0.01104	0.00511	0.00457
59	0.05545	0.06071	0.08156	0.01309	0.01651	0.57778	0.01074	0.09450	0.01518	0.01576	0.00866	0.00990	0.00697	0.00543	0.00471	0.00141	0.00859	0.00353	0.00294	0.00657
60	0.01651	0.01213	0.01393	0.14502	0.01796	0.01356	0.00969	0.50197	0.01992	0.02737	0.01294	0.01442	0.00957	0.01917	0.00538	0.00162	0.00547	0.00482	0.14085	0.00771
61	0.00644	0.00460	0.00613	0.00736	0.00767	0.00429	0.00491	0.00736	0.01012	0.01350	0.02914	0.81076	0.03497	0.01656	0.00675	0.00215	0.00307	0.01503	0.00491	0.00429
62	0.00644	0.00460	0.00613	0.00736	0.00767	0.00429	0.00491	0.00736	0.01012	0.01350	0.02914	0.81076	0.03497	0.01656	0.00675	0.00215	0.00307	0.01503	0.00491	0.00429
63	0.00709	0.00548	0.00653	0.00654	0.00802	0.00492	0.00509	0.00907	0.01327	0.01736	0.34795	0.04750	0.36733	0.01251	0.00640	0.00183	0.00293	0.12016	0.00528	0.00474
64	0.01299	0.01246	0.02129	0.05618	0.75825	0.01254	0.01618	0.01614	0.01199	0.01716	0.00993	0.01312	0.00833	0.00473	0.00524	0.00158	0.00630	0.00471	0.00261	0.00830
65	0.01446	0.77106	0.02696	0.00931	0.01373	0.06607	0.00911	0.01614	0.01099	0.01247	0.00740	0.00854	0.00679	0.00458	0.00347	0.00114	0.00588	0.00286	0.00229	0.00675
66	0.01096	0.00940	0.01096	0.00783	0.01253	0.00705	0.00626	0.01331	0.01096	0.01723	0.00940	0.01096	0.00783	0.00392	0.00392	0.00078	0.00392	0.00313	0.00313	0.84653
67	0.02225	0.00892	0.01198	0.00928	0.01314	0.00786	0.00763	0.05204	0.01548	0.69401	0.08285	0.01956	0.01596	0.00689	0.00539	0.00164	0.00438	0.00564	0.00644	0.00867
68	0.01096	0.02499	0.65477	0.01677	0.05697	0.01243	0.11595	0.01674	0.01137	0.01679	0.00966	0.01165	0.00694	0.00494	0.00519	0.00168	0.00789	0.00425	0.00231	0.00775
69	0.00998	0.00940	0.01586	0.80150	0.03641	0.01175	0.01468	0.01351	0.01057	0.01351	0.00940	0.01409	0.00705	0.00529	0.00529	0.00176	0.00705	0.00470	0.00235	0.00587
70	0.00671	0.00525	0.00616	0.00673	0.00796	0.00470	0.00507	0.00813	0.01153	0.01441	0.05328	0.28296	0.41388	0.01452	0.00658	0.00200	0.00317	0.13754	0.00492	0.00449
71	0.01317	0.01423	0.02801	0.02306	0.15223	0.04606	0.56752	0.01713	0.01248	0.03759	0.01065	0.01390	0.00814	0.00471	0.00625	0.00174	0.02723	0.00580	0.00276	0.00731
72	0.00918	0.00459	0.00689	0.00689	0.00689	0.00459	0.00459	0.00689	0.00689	0.00918	0.00918	0.01607	0.00918	0.01837	0.02066	0.84619	0.00459	0.00459	0.00230	0.00230
73	0.01604	0.04209	0.01320	0.00950	0.01384	0.01056	0.00778	0.21133	0.06673	0.16809	0.01318	0.01325	0.00966	0.00529	0.00462	0.00124	0.00461	0.00415	0.00446	0.38041
74	0.01106	0.13009	0.68809	0.01428	0.02167	0.01340	0.01817	0.01662	0.01111	0.01618	0.00921	0.01081	0.00671	0.00496	0.00481	0.00160	0.00753	0.00377	0.00224	0.00768
75	0.00650	0.00468	0.00616	0.00724	0.00766	0.00434	0.00488	0.00753	0.01050	0.01400	0.07611	0.73250	0.06617	0.01608	0.00670	0.00210	0.00302	0.01454	0.00496	0.00434
76	0.01107	0.00610	0.00744	0.12041	0.01146	0.00640	0.00585	0.01389	0.02743	0.08582	0.01640	0.01879	0.01261	0.00745	0.03620	0.00165	0.00382	0.00498	0.59673	0.00549
77	0.40345	0.06607	0.27605	0.01030	0.01514	0.04248	0.01096	0.03507	0.01088	0.04029	0.03993	0.01110	0.00823	0.00526	0.00416	0.00161	0.00566	0.00362	0.00307	0.00666
78	0.01157	0.01157	0.01619	0.01388	0.01388	0.01619	0.01157	0.01272	0.00810	0.01272	0.00694	0.01157	0.00694	0.00925	0.01735	0.00231	0.80453	0.00463	0.00231	0.00578
79	0.02090	0.03292	0.01391	0.04390	0.01537	0.09284	0.00886	0.18789	0.01667	0.43704	0.01613	0.01510	0.01076	0.00621	0.00534	0.00156	0.01904	0.00479	0.00535	0.04541
80	0.00765	0.00514	0.00580	0.00579	0.00586	0.00511	0.00328	0.00776	0.00801	0.01069	0.04189	0.03510	0.03635	0.77141	0.02581	0.00494	0.00499	0.00782	0.00332	0.00329
81	0.00918	0.00459	0.00689	0.00689	0.00689	0.00459	0.00459	0.00689	0.00689	0.00918	0.00918	0.01607	0.00918	0.01837	0.02066	0.84619	0.00459	0.00459	0.00230	0.00230
82	0.01106	0.01052	0.01705	0.56054	0.22001	0.02402	0.01469	0.01500	0.04743	0.01485	0.01009	0.01404	0.00781	0.00524	0.00527	0.00171	0.00676	0.00474	0.00257	0.00662
83	0.01465	0.01236	0.01311	0.01227	0.06117	0.05198	0.00907	0.12579	0.54136	0.04998	0.03726	0.01828	0.01494	0.00689	0.00535	0.00172	0.00477	0.00567	0.00512	0.00828
84	0.01328	0.01243	0.01979	0.17237	0.55918	0.02847	0.01526	0.08324	0.01298	0.01794	0.01006	0.01316	0.00815	0.00498	0.00524	0.00160	0.00645	0.00469	0.00281	0.00792
85	0.00731	0.00520	0.00587	0.00610	0.00683	0.00490	0.00409	0.00817	0.00988	0.01293	0.04224	0.13021	0.24124	0.37115	0.01547	0.00333	0.00397	0.06504	0.05213	0.00395
