[name]
unknown

[dist]
# distance from previous block
# <min> <max>
7	217

[block]
# block no. 0 follows, 48 sequences, length 7
# corresponding to MSA columns:
# 223-229
name=unknown_A
#
# <colnr> <probs for GDERKNQSTAVLIFYWHMCP>
#	G	D	E	R	K	N	Q	S	T	A	V	L	I	F	Y	W	H	M	C	P
0	0.06098	0.00809	0.00845	0.00786	0.00994	0.04592	0.00609	0.09536	0.06266	0.04291	0.11378	0.16344	0.22015	0.01058	0.00568	0.00173	0.00380	0.07495	0.00469	0.05293
1	0.05102	0.01114	0.01197	0.06712	0.01439	0.05056	0.00830	0.33125	0.10106	0.05875	0.01600	0.15131	0.01400	0.00872	0.02855	0.00184	0.00519	0.00637	0.05544	0.00703
2	0.15747	0.01110	0.11928	0.05432	0.01473	0.00882	0.00915	0.01990	0.01269	0.42915	0.03962	0.01855	0.01270	0.00654	0.00496	0.00166	0.00485	0.06220	0.00487	0.00745
3	0.01401	0.14919	0.31506	0.01236	0.01765	0.01251	0.07277	0.10467	0.01329	0.14982	0.04989	0.01511	0.01087	0.00579	0.00493	0.00156	0.00619	0.03334	0.00353	0.00745
4	0.10545	0.06017	0.35739	0.01357	0.05441	0.01203	0.08753	0.10343	0.01268	0.05723	0.04692	0.01417	0.04172	0.00559	0.00488	0.00159	0.00628	0.00459	0.00316	0.00720
5	0.01322	0.64078	0.11072	0.01206	0.10410	0.01844	0.01071	0.01551	0.01062	0.01308	0.00765	0.00904	0.00675	0.00446	0.00367	0.00121	0.00579	0.00307	0.00223	0.00687
6	0.00943	0.00548	0.00716	0.00728	0.00856	0.00496	0.00533	0.01086	0.01170	0.15132	0.14651	0.43737	0.11481	0.01308	0.00620	0.00190	0.00317	0.04460	0.00518	0.00512

[dist]
# distance from previous block
# <min> <max>
0	1

[block]
# block no. 1 follows, 48 sequences, length 14
# corresponding to MSA columns:
# 231-244
name=unknown_B
#
# <colnr> <probs for GDERKNQSTAVLIFYWHMCP>
#	G	D	E	R	K	N	Q	S	T	A	V	L	I	F	Y	W	H	M	C	P
0	0.00802	0.00938	0.15120	0.00907	0.01112	0.00667	0.00822	0.01112	0.06641	0.01472	0.04111	0.34762	0.04536	0.07538	0.00776	0.00224	0.00441	0.17085	0.00420	0.00514
1	0.01277	0.02228	0.59035	0.01416	0.02090	0.01120	0.07533	0.01787	0.01164	0.15840	0.01132	0.01228	0.00774	0.00510	0.00502	0.00163	0.00708	0.00422	0.00297	0.00774
2	0.00993	0.00936	0.01582	0.74561	0.09520	0.01146	0.01437	0.01332	0.01037	0.01340	0.00916	0.01360	0.00694	0.00509	0.00513	0.00170	0.00678	0.00456	0.00230	0.00589
3	0.01288	0.01150	0.01790	0.30340	0.37895	0.01259	0.01412	0.15325	0.01346	0.01832	0.00995	0.01298	0.00778	0.00506	0.00511	0.00159	0.00628	0.00458	0.00292	0.00738
4	0.00625	0.00447	0.00595	0.00714	0.00744	0.00417	0.00476	0.00714	0.00982	0.01310	0.02828	0.81633	0.03394	0.01608	0.00655	0.00208	0.00298	0.01459	0.00476	0.00417
5	0.01999	0.01074	0.04460	0.01377	0.15583	0.00961	0.00975	0.10478	0.03349	0.51690	0.01701	0.01581	0.01125	0.00596	0.00513	0.00158	0.00494	0.00495	0.00533	0.00856
6	0.01215	0.01163	0.01983	0.17379	0.64969	0.01205	0.01547	0.01526	0.01142	0.01609	0.00955	0.01288	0.00789	0.00467	0.00509	0.00156	0.00623	0.00457	0.00249	0.00768
7	0.01255	0.01221	0.02137	0.05791	0.70200	0.01222	0.07442	0.01571	0.01167	0.01661	0.00969	0.01282	0.00806	0.00457	0.00516	0.00155	0.00632	0.00469	0.00254	0.00795
8	0.00779	0.15477	0.01012	0.00766	0.00870	0.00752	0.00572	0.00883	0.00987	0.01288	0.02367	0.64088	0.02800	0.01369	0.00630	0.00191	0.03075	0.01207	0.00421	0.00466
9	0.01268	0.01209	0.01860	0.07941	0.57485	0.03277	0.01410	0.01781	0.15228	0.01727	0.01163	0.01386	0.00938	0.00507	0.00510	0.00157	0.00585	0.00476	0.00302	0.00791
10	0.00931	0.00680	0.00823	0.00750	0.00912	0.00675	0.00570	0.14876	0.01546	0.02135	0.50096	0.15364	0.06494	0.01064	0.00596	0.00168	0.00310	0.00930	0.00539	0.00543
11	0.01299	0.01275	0.02054	0.03067	0.75265	0.04790	0.01548	0.01596	0.01181	0.01657	0.00957	0.01254	0.00806	0.00460	0.00506	0.00151	0.00624	0.00451	0.00254	0.00803
12	0.09657	0.13874	0.09870	0.08100	0.31863	0.12558	0.01282	0.02913	0.01167	0.02914	0.00891	0.01105	0.00724	0.00480	0.00454	0.00146	0.00642	0.00386	0.00261	0.00710
13	0.54821	0.01409	0.07793	0.04071	0.02935	0.15604	0.00817	0.01654	0.03739	0.01994	0.00809	0.00940	0.00629	0.00496	0.00378	0.00155	0.00541	0.00318	0.00301	0.00595

[dist]
# distance from previous block
# <min> <max>
76	246

[block]
# block no. 2 follows, 48 sequences, length 19
# corresponding to MSA columns:
# 541-559
name=unknown_C
#
# <colnr> <probs for GDERKNQSTAVLIFYWHMCP>
#	G	D	E	R	K	N	Q	S	T	A	V	L	I	F	Y	W	H	M	C	P
0	0.01248	0.01055	0.02530	0.06354	0.07847	0.03636	0.02385	0.16619	0.07666	0.04102	0.03443	0.15175	0.01422	0.00766	0.01606	0.00157	0.01590	0.00615	0.00395	0.21388
1	0.06099	0.01212	0.08523	0.04050	0.15824	0.04153	0.01013	0.08806	0.01339	0.22601	0.04546	0.02467	0.01097	0.00555	0.00480	0.00143	0.00516	0.00457	0.00405	0.15715
2	0.03298	0.01000	0.04368	0.01146	0.08951	0.02542	0.03918	0.03503	0.10102	0.14003	0.11146	0.06890	0.02936	0.00696	0.00509	0.00147	0.00446	0.03415	0.00428	0.20556
3	0.05749	0.15704	0.20848	0.02825	0.12980	0.02209	0.03713	0.01692	0.03176	0.14564	0.10410	0.01527	0.01306	0.00570	0.00478	0.00151	0.00560	0.00469	0.00350	0.00718
4	0.16822	0.03295	0.06044	0.03347	0.05541	0.01210	0.00903	0.29150	0.03595	0.11666	0.08796	0.01475	0.01239	0.00604	0.00475	0.00153	0.00492	0.00467	0.00441	0.04283
5	0.03803	0.03382	0.01517	0.01478	0.15372	0.15950	0.01017	0.30506	0.01695	0.05471	0.04301	0.03153	0.01102	0.00627	0.00529	0.00152	0.02473	0.02980	0.00398	0.04094
6	0.18138	0.00921	0.04289	0.01006	0.04358	0.00857	0.05930	0.05256	0.01306	0.19200	0.19797	0.02514	0.04285	0.00782	0.00527	0.00169	0.00437	0.09123	0.00468	0.00640
7	0.01356	0.01305	0.01941	0.04260	0.64956	0.08932	0.01456	0.01636	0.01206	0.04762	0.01081	0.01336	0.02481	0.00491	0.00506	0.00151	0.00628	0.00460	0.00275	0.00781
8	0.00853	0.00637	0.00895	0.00860	0.00983	0.00735	0.00674	0.08415	0.00981	0.01392	0.01360	0.01939	0.01242	0.03530	0.72112	0.00759	0.01295	0.00541	0.00298	0.00499
9	0.00768	0.00584	0.00715	0.00680	0.00825	0.00560	0.00518	0.01113	0.08925	0.01951	0.57595	0.03880	0.14696	0.01065	0.00602	0.00167	0.00270	0.04034	0.00544	0.00509
10	0.01890	0.00886	0.01149	0.00862	0.01279	0.00731	0.00705	0.02098	0.01334	0.53318	0.01654	0.01519	0.01100	0.00550	0.00471	0.00131	0.00418	0.00445	0.00525	0.28936
11	0.01070	0.00933	0.01114	0.00818	0.01229	0.00771	0.00659	0.01286	0.01037	0.01629	0.00889	0.01070	0.00751	0.00431	0.00508	0.00091	0.08323	0.00318	0.00296	0.76777
12	0.02651	0.01213	0.01642	0.07081	0.01623	0.04835	0.06054	0.09692	0.01040	0.01507	0.00782	0.01156	0.00701	0.00786	0.01325	0.00205	0.56386	0.00453	0.00262	0.00606
13	0.00745	0.00556	0.00761	0.00797	0.00876	0.00536	0.03628	0.05862	0.01100	0.01474	0.05786	0.67476	0.03135	0.03776	0.00698	0.00210	0.00342	0.01315	0.00469	0.00458
14	0.00973	0.00912	0.01519	0.77319	0.03435	0.01121	0.01390	0.01310	0.01028	0.01326	0.00912	0.01355	0.00687	0.00507	0.00507	0.00167	0.00671	0.00450	0.00231	0.04180
15	0.06702	0.05719	0.01381	0.01081	0.04517	0.02583	0.00847	0.30322	0.01687	0.27796	0.01478	0.04822	0.01101	0.03373	0.00586	0.00166	0.01973	0.00504	0.00492	0.02871
16	0.09434	0.00950	0.01487	0.25218	0.07193	0.01040	0.13725	0.03852	0.03331	0.04181	0.01319	0.01654	0.03720	0.00583	0.00533	0.00163	0.03547	0.02237	0.15224	0.00608
17	0.08204	0.04287	0.01208	0.01017	0.04515	0.01031	0.00779	0.18074	0.10057	0.25391	0.04316	0.13052	0.02964	0.00787	0.00520	0.00166	0.00441	0.01946	0.00508	0.00738
18	0.29868	0.02603	0.01387	0.21007	0.07690	0.13375	0.05878	0.04304	0.03012	0.01790	0.00876	0.01099	0.00684	0.00495	0.00436	0.00154	0.00604	0.00380	0.00288	0.04068

[dist]
# distance from previous block
# <min> <max>
0	3

[block]
# block no. 3 follows, 48 sequences, length 35
# corresponding to MSA columns:
# 563-597
name=unknown_D
#
# <colnr> <probs for GDERKNQSTAVLIFYWHMCP>
#	G	D	E	R	K	N	Q	S	T	A	V	L	I	F	Y	W	H	M	C	P
0	0.05236	0.01195	0.01294	0.01020	0.01371	0.01272	0.00820	0.51460	0.01929	0.04491	0.01347	0.07775	0.01130	0.06705	0.00657	0.00175	0.00507	0.00538	0.00465	0.10613
1	0.03237	0.08280	0.57438	0.01356	0.01989	0.03664	0.03106	0.04837	0.01143	0.03731	0.00991	0.03501	0.00760	0.00540	0.00519	0.00161	0.03349	0.00414	0.00254	0.00731
2	0.01091	0.15391	0.64208	0.01394	0.02093	0.01330	0.04486	0.01611	0.01081	0.01559	0.00892	0.01053	0.00656	0.00478	0.00466	0.00154	0.00729	0.00371	0.00219	0.00740
3	0.00919	0.00999	0.08436	0.01113	0.01272	0.01009	0.07368	0.01150	0.03267	0.01356	0.03486	0.13169	0.08325	0.06230	0.13074	0.00312	0.26964	0.00703	0.00315	0.00534
4	0.01501	0.00969	0.01128	0.00958	0.01245	0.01015	0.00759	0.18058	0.21574	0.19991	0.05817	0.13172	0.04079	0.00836	0.00572	0.00170	0.02410	0.01892	0.00526	0.03329
5	0.01155	0.01368	0.08284	0.09293	0.09730	0.01252	0.49552	0.01549	0.01156	0.01594	0.02852	0.02639	0.00894	0.00508	0.00648	0.00174	0.05840	0.00572	0.00261	0.00680
6	0.00701	0.00577	0.00618	0.00634	0.00768	0.02846	0.00474	0.00845	0.01169	0.01460	0.15031	0.12746	0.43100	0.07386	0.00770	0.00206	0.00323	0.09437	0.00470	0.00439
7	0.00994	0.00945	0.01612	0.73122	0.07200	0.01156	0.03715	0.01333	0.01034	0.01338	0.00914	0.01359	0.00693	0.00514	0.00536	0.00171	0.02086	0.00460	0.00230	0.00586
8	0.01014	0.00946	0.01533	0.69053	0.07378	0.01157	0.01375	0.01458	0.08266	0.01409	0.01026	0.01414	0.00774	0.00527	0.00514	0.00170	0.00654	0.00468	0.00257	0.00606
9	0.00993	0.00955	0.01650	0.72000	0.03391	0.01168	0.07005	0.01333	0.01031	0.01333	0.00913	0.01360	0.00691	0.00521	0.00563	0.00173	0.03646	0.00467	0.00230	0.00579
10	0.00685	0.00515	0.00636	0.00636	0.00757	0.00466	0.00473	0.00876	0.01300	0.01755	0.45468	0.15325	0.23632	0.01209	0.00617	0.00174	0.00264	0.04224	0.00525	0.00461
11	0.01041	0.00988	0.01659	0.60425	0.19843	0.01176	0.01445	0.01365	0.01047	0.01387	0.00913	0.01336	0.00712	0.00517	0.00562	0.00169	0.04103	0.00456	0.00234	0.00623
12	0.79306	0.00986	0.00812	0.06622	0.01181	0.01150	0.00620	0.01494	0.00885	0.02229	0.00729	0.00873	0.00565	0.00479	0.00332	0.00160	0.00418	0.00291	0.00311	0.00557
13	0.00625	0.00447	0.00595	0.00714	0.00744	0.00417	0.00476	0.00714	0.00982	0.01310	0.02828	0.81633	0.03394	0.01608	0.00655	0.00208	0.00298	0.01459	0.00476	0.00417
14	0.00625	0.00447	0.00595	0.00714	0.00744	0.00417	0.00476	0.00714	0.00982	0.01310	0.02828	0.81633	0.03394	0.01608	0.00655	0.00208	0.00298	0.01459	0.00476	0.00417
15	0.01917	0.02445	0.01454	0.01322	0.01586	0.79907	0.00991	0.02049	0.01454	0.01256	0.00793	0.00925	0.00661	0.00529	0.00463	0.00132	0.00925	0.00330	0.00264	0.00595
16	0.01044	0.01005	0.01753	0.60199	0.17724	0.01167	0.07060	0.01386	0.01067	0.01405	0.00931	0.01351	0.00715	0.00496	0.00519	0.00168	0.00683	0.00467	0.00235	0.00625
17	0.00660	0.00475	0.00634	0.00748	0.00799	0.00448	0.00535	0.00778	0.01025	0.01353	0.02904	0.64990	0.06341	0.01561	0.00663	0.00212	0.00327	0.14643	0.00476	0.00427
18	0.01981	0.01459	0.01501	0.01166	0.01564	0.07330	0.00956	0.64464	0.02252	0.10232	0.01274	0.01258	0.00894	0.00611	0.00510	0.00153	0.00579	0.00457	0.00506	0.00852
19	0.01055	0.08569	0.73617	0.01419	0.02154	0.01254	0.01820	0.01618	0.01080	0.01594	0.00905	0.01064	0.00651	0.00484	0.00476	0.00159	0.00743	0.00371	0.00217	0.00751
20	0.01938	0.05329	0.01514	0.01111	0.01511	0.01450	0.00922	0.57977	0.04197	0.15348	0.01384	0.02655	0.00987	0.00629	0.00507	0.00154	0.00534	0.00481	0.00518	0.00853
21	0.01917	0.02445	0.01454	0.01322	0.01586	0.79907	0.00991	0.02049	0.01454	0.01256	0.00793	0.00925	0.00661	0.00529	0.00463	0.00132	0.00925	0.00330	0.00264	0.00595
22	0.00717	0.00520	0.00676	0.00645	0.00763	0.00479	0.00481	0.00948	0.01420	0.01998	0.72338	0.07843	0.07072	0.01085	0.00608	0.00164	0.00245	0.00960	0.00558	0.00479
23	0.01029	0.02654	0.79309	0.01462	0.02221	0.01192	0.01896	0.01625	0.01083	0.01625	0.00921	0.01083	0.00650	0.00487	0.00487	0.00162	0.00758	0.00379	0.00217	0.00758
24	0.04090	0.01350	0.01477	0.01223	0.04829	0.01492	0.00959	0.58822	0.13131	0.05313	0.01354	0.01337	0.00973	0.00618	0.00509	0.00157	0.00535	0.00475	0.00502	0.00853
25	0.00627	0.00516	0.00545	0.00546	0.00700	0.00441	0.00403	0.00764	0.01181	0.01452	0.14001	0.08553	0.63221	0.03936	0.00675	0.00184	0.00267	0.01071	0.00482	0.00435
26	0.01362	0.01078	0.01161	0.01027	0.01324	0.01223	0.00803	0.04890	0.67473	0.08210	0.04176	0.01934	0.01613	0.00699	0.00524	0.00172	0.00409	0.00581	0.00532	0.00810
27	0.37285	0.01222	0.06367	0.01218	0.07202	0.01201	0.10309	0.15394	0.01301	0.10216	0.01070	0.01251	0.00805	0.00537	0.00445	0.00162	0.00531	0.02419	0.00372	0.00693
28	0.01067	0.09981	0.69710	0.01431	0.02152	0.01273	0.04267	0.01617	0.01084	0.01587	0.00905	0.01069	0.00655	0.00481	0.00477	0.00158	0.00742	0.00377	0.00218	0.00747
29	0.00742	0.00544	0.00659	0.00679	0.00817	0.00496	0.00526	0.00935	0.02426	0.03959	0.21630	0.15986	0.32098	0.01278	0.00629	0.00187	0.00309	0.15129	0.00502	0.00470
30	0.01997	0.01140	0.01326	0.01030	0.01406	0.01175	0.00840	0.39682	0.04520	0.33792	0.01606	0.01593	0.01118	0.05562	0.00642	0.00177	0.00503	0.00505	0.00551	0.00837
31	0.01399	0.01173	0.05064	0.03967	0.01441	0.02863	0.00878	0.16535	0.40277	0.08082	0.04051	0.07430	0.03059	0.00742	0.00530	0.00170	0.00462	0.00615	0.00495	0.00768
32	0.00622	0.00499	0.00547	0.00578	0.00703	0.00433	0.00412	0.00738	0.01107	0.01367	0.06669	0.25621	0.52071	0.05375	0.00719	0.00198	0.00281	0.01163	0.00471	0.00424
33	0.00732	0.00509	0.00643	0.00659	0.00690	0.00531	0.00432	0.00798	0.00805	0.01097	0.01710	0.11354	0.01900	0.50032	0.23296	0.00548	0.00713	0.02862	0.00323	0.00367
34	0.01068	0.01066	0.01951	0.43750	0.02895	0.01201	0.24461	0.03612	0.01102	0.01463	0.01036	0.05348	0.00853	0.00578	0.00645	0.00177	0.07377	0.00551	0.00258	0.00608

[dist]
# distance from previous block
# <min> <max>
1	24

[block]
# block no. 4 follows, 48 sequences, length 18
# corresponding to MSA columns:
# 622-639
name=unknown_E
#
# <colnr> <probs for GDERKNQSTAVLIFYWHMCP>
#	G	D	E	R	K	N	Q	S	T	A	V	L	I	F	Y	W	H	M	C	P
0	0.00781	0.00603	0.00777	0.00733	0.00842	0.00621	0.00559	0.00966	0.01256	0.03397	0.44263	0.12868	0.17066	0.01130	0.00757	0.00178	0.11278	0.00944	0.00494	0.00486
1	0.26157	0.03052	0.01149	0.00882	0.01254	0.01119	0.00725	0.21501	0.04549	0.16298	0.04597	0.01315	0.01032	0.00560	0.00436	0.00144	0.00443	0.00414	0.00441	0.13932
2	0.00969	0.00912	0.01539	0.80734	0.03534	0.01140	0.01425	0.01311	0.01026	0.01311	0.00912	0.01368	0.00684	0.00513	0.00513	0.00171	0.00684	0.00456	0.00228	0.00570
3	0.16374	0.01314	0.01324	0.08510	0.01617	0.07782	0.00917	0.38486	0.09207	0.05131	0.01233	0.01379	0.00929	0.00609	0.00482	0.00159	0.00553	0.02811	0.00436	0.00748
4	0.00967	0.09804	0.00974	0.00730	0.00915	0.00766	0.00575	0.01283	0.09429	0.07232	0.32950	0.03340	0.11203	0.11296	0.00823	0.00206	0.00359	0.06133	0.00478	0.00538
5	0.42327	0.00975	0.00955	0.00812	0.01124	0.01059	0.00668	0.15430	0.01318	0.14332	0.06776	0.01627	0.01218	0.00633	0.00432	0.00161	0.00421	0.05243	0.03839	0.00649
6	0.01580	0.01116	0.01196	0.00973	0.01285	0.01227	0.00786	0.43562	0.13445	0.04344	0.01491	0.01534	0.01106	0.00713	0.02672	0.00167	0.00481	0.00487	0.21079	0.00756
7	0.01206	0.03759	0.16434	0.01979	0.02530	0.03796	0.59261	0.01650	0.01192	0.01617	0.01001	0.01302	0.00749	0.00445	0.00573	0.00168	0.00840	0.00548	0.00251	0.00700
8	0.00665	0.00553	0.00587	0.00593	0.00755	0.00494	0.00444	0.00886	0.06112	0.01469	0.08743	0.12248	0.59782	0.01281	0.00609	0.00178	0.00279	0.03379	0.00484	0.00460
9	0.00651	0.00517	0.00560	0.00566	0.00700	0.00454	0.00411	0.00777	0.01132	0.01407	0.12651	0.07618	0.52829	0.13173	0.00908	0.00224	0.00304	0.04236	0.00462	0.00422
10	0.24386	0.01127	0.01152	0.00956	0.01276	0.03149	0.04016	0.25010	0.16604	0.02420	0.01476	0.01505	0.04638	0.00614	0.00452	0.00157	0.00460	0.00469	0.09436	0.00697
11	0.01172	0.26514	0.42433	0.01295	0.01873	0.01435	0.06677	0.01581	0.01080	0.03306	0.00954	0.01232	0.00770	0.00528	0.00509	0.00153	0.04151	0.03392	0.00241	0.00706
12	0.01123	0.02432	0.68887	0.01417	0.02101	0.01186	0.01767	0.01660	0.01091	0.06965	0.00981	0.01132	0.00694	0.00524	0.00567	0.00166	0.05913	0.00393	0.00246	0.00754
13	0.00717	0.00534	0.00657	0.00633	0.00755	0.00495	0.00465	0.00950	0.03514	0.01832	0.54405	0.08056	0.17111	0.06714	0.00745	0.00190	0.00270	0.00960	0.00526	0.00469
14	0.00632	0.00460	0.00596	0.00691	0.00742	0.00424	0.00469	0.00738	0.01039	0.01381	0.09548	0.68115	0.10208	0.01532	0.00646	0.00201	0.00290	0.01380	0.00484	0.00424
15	0.07987	0.01190	0.11631	0.01005	0.01434	0.00965	0.00917	0.08428	0.09502	0.48917	0.01725	0.01568	0.01135	0.00609	0.00498	0.00160	0.00484	0.00483	0.00534	0.00829
16	0.01879	0.01298	0.01421	0.01109	0.01489	0.01414	0.00905	0.58069	0.09028	0.12122	0.01421	0.01449	0.01026	0.04207	0.00607	0.00171	0.00532	0.00492	0.00520	0.00842
17	0.00986	0.00554	0.00596	0.00569	0.00701	0.00571	0.00430	0.06393	0.01148	0.01905	0.04933	0.02022	0.01458	0.04494	0.07655	0.00204	0.00376	0.00515	0.63996	0.00497

[dist]
# distance from previous block
# <min> <max>
0	4

[block]
# block no. 5 follows, 48 sequences, length 7
# corresponding to MSA columns:
# 644-650
name=unknown_F
#
# <colnr> <probs for GDERKNQSTAVLIFYWHMCP>
#	G	D	E	R	K	N	Q	S	T	A	V	L	I	F	Y	W	H	M	C	P
0	0.01028	0.00949	0.01466	0.65384	0.03110	0.01166	0.01307	0.01584	0.15822	0.01472	0.01139	0.01473	0.00854	0.00548	0.00515	0.00172	0.00630	0.00480	0.00285	0.00617
1	0.56183	0.01097	0.01365	0.01384	0.16237	0.01187	0.12665	0.01542	0.00983	0.02079	0.00813	0.01004	0.00640	0.00466	0.00399	0.00160	0.00511	0.00364	0.00296	0.00626
2	0.01819	0.02177	0.01413	0.01270	0.01547	0.63040	0.00962	0.06558	0.13430	0.01511	0.01021	0.01098	0.00815	0.00560	0.00475	0.00140	0.00823	0.00377	0.00319	0.00645
3	0.01066	0.08403	0.68682	0.01466	0.02185	0.01260	0.06752	0.01620	0.01089	0.01596	0.00913	0.01084	0.00659	0.00480	0.00484	0.00159	0.00750	0.00386	0.00220	0.00747
4	0.01340	0.01369	0.02661	0.06195	0.02517	0.01346	0.58223	0.16152	0.01433	0.01932	0.01069	0.01354	0.00792	0.00472	0.00583	0.00169	0.00797	0.00570	0.00307	0.00720
5	0.01039	0.00950	0.00985	0.00918	0.01025	0.13136	0.00691	0.05874	0.01000	0.01288	0.01257	0.02017	0.01232	0.21248	0.35900	0.00533	0.09587	0.00546	0.00291	0.00482
6	0.04790	0.00923	0.01138	0.00910	0.01242	0.00893	0.00737	0.18859	0.01627	0.42468	0.13784	0.06947	0.01847	0.00751	0.00531	0.00161	0.00425	0.00619	0.00576	0.00773

[dist]
# distance from previous block
# <min> <max>
1	27

[block]
# block no. 6 follows, 48 sequences, length 94
# corresponding to MSA columns:
# 678-738,743-775
name=unknown_G
#
# <colnr> <probs for GDERKNQSTAVLIFYWHMCP>
#	G	D	E	R	K	N	Q	S	T	A	V	L	I	F	Y	W	H	M	C	P
0	0.01235	0.01135	0.01837	0.09245	0.48292	0.02453	0.06821	0.06489	0.01231	0.03370	0.01331	0.06160	0.04701	0.02754	0.00584	0.00169	0.00595	0.00563	0.00303	0.00730
1	0.01489	0.00987	0.01078	0.01891	0.01199	0.01062	0.00720	0.33534	0.09986	0.08242	0.03685	0.04661	0.02355	0.00677	0.00476	0.00149	0.00418	0.00541	0.26140	0.00709
2	0.00745	0.00498	0.00567	0.00572	0.00576	0.00497	0.00327	0.00752	0.00762	0.01015	0.01674	0.05497	0.01930	0.78024	0.02517	0.00484	0.00492	0.02434	0.00319	0.00317
3	0.01034	0.02620	0.77277	0.01481	0.02233	0.01194	0.03894	0.01625	0.01087	0.01625	0.00924	0.01091	0.00653	0.00486	0.00491	0.00163	0.00761	0.00385	0.00218	0.00757
4	0.01331	0.66807	0.09710	0.06254	0.01557	0.04472	0.01013	0.01547	0.01059	0.01255	0.00749	0.00887	0.00659	0.00451	0.00361	0.00119	0.00590	0.00298	0.00221	0.00660
5	0.01074	0.02476	0.69145	0.01532	0.02257	0.01196	0.10442	0.01643	0.01105	0.03066	0.00955	0.01130	0.00676	0.00484	0.00502	0.00164	0.00765	0.00408	0.00229	0.00753
6	0.00733	0.00549	0.00820	0.00820	0.00910	0.00639	0.00635	0.00913	0.00823	0.01188	0.01379	0.02040	0.01293	0.05270	0.78527	0.00819	0.01358	0.00553	0.00276	0.00455
7	0.01216	0.01269	0.10390	0.01265	0.01570	0.03563	0.13491	0.18817	0.05116	0.01886	0.01634	0.19091	0.03502	0.00874	0.00713	0.00183	0.10717	0.03669	0.00383	0.00652
8	0.01324	0.01321	0.02030	0.02997	0.72328	0.07783	0.01526	0.01614	0.01192	0.01641	0.00951	0.01241	0.00800	0.00463	0.00504	0.00151	0.00636	0.00447	0.00255	0.00795
9	0.01157	0.13977	0.53514	0.02671	0.08376	0.01315	0.01628	0.01622	0.01086	0.04855	0.00929	0.01095	0.00693	0.00504	0.00525	0.00157	0.04535	0.00381	0.00239	0.00741
10	0.01405	0.77416	0.02614	0.00905	0.01333	0.06772	0.00885	0.01568	0.01068	0.01210	0.00718	0.00829	0.00659	0.00444	0.00337	0.00111	0.00572	0.00278	0.00222	0.00655
11	0.19015	0.03863	0.01287	0.01077	0.01383	0.34310	0.00846	0.19092	0.05931	0.02014	0.01004	0.01091	0.00780	0.00549	0.00438	0.00144	0.00652	0.00372	0.05494	0.00658
12	0.00636	0.00460	0.00605	0.00717	0.00761	0.00428	0.00492	0.00737	0.01006	0.01328	0.02966	0.72336	0.07952	0.01577	0.00655	0.00208	0.00306	0.05932	0.00476	0.00421
13	0.01917	0.01316	0.01440	0.01112	0.01496	0.01429	0.00910	0.63894	0.02203	0.11766	0.01346	0.01420	0.00978	0.05571	0.00641	0.00175	0.00546	0.00485	0.00515	0.00838
14	0.00643	0.00460	0.00611	0.00702	0.00748	0.00429	0.00478	0.00759	0.01065	0.01441	0.16093	0.67994	0.03647	0.01510	0.00646	0.00200	0.00288	0.01366	0.00492	0.00429
15	0.01086	0.01091	0.01563	0.67719	0.07911	0.09369	0.01389	0.01404	0.01079	0.01327	0.00903	0.01316	0.00689	0.00511	0.00507	0.00166	0.00705	0.00443	0.00233	0.00587
16	0.10654	0.02294	0.01381	0.01254	0.01524	0.71684	0.00946	0.01992	0.01393	0.01365	0.00785	0.00916	0.00650	0.00523	0.00448	0.00135	0.00870	0.00325	0.00270	0.00591
17	0.00632	0.00470	0.00598	0.00681	0.00746	0.00436	0.00470	0.00740	0.01025	0.01343	0.05803	0.59228	0.17899	0.01665	0.05471	0.00237	0.00354	0.01312	0.00467	0.00425
18	0.01480	0.01097	0.01198	0.01032	0.01347	0.01220	0.00819	0.14206	0.52483	0.11912	0.02047	0.01967	0.03540	0.00711	0.00527	0.00171	0.00432	0.02468	0.00532	0.00810
19	0.00664	0.00494	0.00686	0.00863	0.05495	0.00466	0.00543	0.00767	0.00994	0.01332	0.02715	0.76740	0.03237	0.01537	0.00646	0.00205	0.00317	0.01398	0.00463	0.00441
20	0.00624	0.00451	0.00591	0.00703	0.00741	0.00418	0.00471	0.00716	0.00994	0.01314	0.02972	0.76963	0.07970	0.01589	0.00652	0.00206	0.00295	0.01436	0.00476	0.00418
21	0.00643	0.00460	0.00585	0.00677	0.00711	0.00431	0.00444	0.00721	0.00957	0.01265	0.02792	0.64033	0.08145	0.14423	0.00964	0.00252	0.00327	0.01320	0.00450	0.00401
22	0.01797	0.01222	0.01322	0.01034	0.01391	0.01328	0.00847	0.57822	0.02101	0.08608	0.01370	0.01393	0.00982	0.00614	0.00486	0.00148	0.00496	0.00469	0.15769	0.00801
23	0.00942	0.05725	0.01112	0.00932	0.01082	0.04629	0.03425	0.06099	0.00983	0.01341	0.01268	0.01838	0.01171	0.06289	0.56939	0.00643	0.04262	0.00523	0.00286	0.00511
24	0.00640	0.00460	0.00611	0.00727	0.00767	0.00431	0.00501	0.00742	0.01003	0.01329	0.02884	0.73737	0.05394	0.01585	0.00658	0.00210	0.00310	0.07115	0.00476	0.00421
25	0.00872	0.00505	0.00609	0.00609	0.00718	0.00540	0.00465	0.01090	0.00981	0.01641	0.01561	0.01952	0.01303	0.01822	0.30333	0.00385	0.00667	0.00505	0.52971	0.00471
26	0.00874	0.00712	0.00753	0.00697	0.00907	0.00698	0.00539	0.09775	0.12787	0.01758	0.09189	0.05970	0.49400	0.01125	0.00587	0.00173	0.00321	0.02698	0.00493	0.00544
27	0.00722	0.00487	0.00567	0.00590	0.00596	0.00481	0.00344	0.00740	0.00793	0.01057	0.01856	0.18835	0.02168	0.66078	0.02225	0.00440	0.00458	0.00887	0.00344	0.00332
28	0.73216	0.09149	0.00980	0.00726	0.01053	0.05001	0.00609	0.01537	0.00918	0.02143	0.00718	0.00837	0.00571	0.00475	0.00326	0.00153	0.00437	0.00280	0.00305	0.00568
29	0.00739	0.00522	0.00677	0.00653	0.00771	0.00479	0.00484	0.00957	0.01386	0.03384	0.65009	0.12732	0.08041	0.01117	0.00609	0.00167	0.00253	0.00988	0.00552	0.00481
30	0.00865	0.00489	0.00492	0.00492	0.00618	0.00469	0.00363	0.01066	0.01080	0.01743	0.02482	0.02686	0.19124	0.05076	0.00535	0.00152	0.00258	0.00632	0.60920	0.00459
31	0.01943	0.01355	0.01478	0.01143	0.01544	0.01482	0.00941	0.64238	0.07325	0.11180	0.01373	0.01332	0.00961	0.00623	0.00514	0.00156	0.00541	0.00476	0.00527	0.00869
32	0.01890	0.01378	0.01475	0.01138	0.01530	0.01523	0.00937	0.72408	0.02331	0.03153	0.01259	0.01274	0.00900	0.00615	0.00504	0.00152	0.00545	0.00463	0.05678	0.00848
33	0.03051	0.60798	0.21678	0.01019	0.01535	0.01804	0.01124	0.01558	0.01049	0.01334	0.00765	0.00888	0.00654	0.00452	0.00368	0.00124	0.00598	0.00300	0.00221	0.00681
34	0.00625	0.00447	0.00595	0.00714	0.00744	0.00417	0.00476	0.00714	0.00982	0.01310	0.02828	0.81633	0.03394	0.01608	0.00655	0.00208	0.00298	0.01459	0.00476	0.00417
35	0.00642	0.00520	0.00570	0.00568	0.00722	0.00449	0.00427	0.00800	0.01231	0.01548	0.22572	0.07348	0.56291	0.01253	0.00611	0.00173	0.00263	0.03068	0.00497	0.00446
36	0.00734	0.00547	0.00812	0.00812	0.00899	0.00634	0.00625	0.00908	0.00821	0.01182	0.01386	0.02081	0.01311	0.07617	0.76203	0.00809	0.01332	0.00559	0.00277	0.00451
37	0.01372	0.82276	0.02689	0.00878	0.01317	0.02030	0.00878	0.01536	0.01043	0.01207	0.00713	0.00823	0.00658	0.00439	0.00329	0.00110	0.00549	0.00274	0.00219	0.00658
38	0.00701	0.00478	0.00573	0.00617	0.00628	0.00467	0.00373	0.00734	0.00834	0.01112	0.02068	0.32516	0.02435	0.52032	0.01883	0.00390	0.00423	0.01012	0.00373	0.00350
39	0.00629	0.00452	0.00599	0.00715	0.00750	0.00421	0.00482	0.00723	0.00992	0.01317	0.02890	0.77804	0.05418	0.01595	0.00655	0.00208	0.00301	0.03155	0.00476	0.00418
40	0.05180	0.02879	0.01014	0.00861	0.01089	0.02578	0.00700	0.20474	0.01494	0.04094	0.12550	0.04439	0.23774	0.00991	0.00642	0.00175	0.05763	0.10245	0.00466	0.00592
41	0.00902	0.00753	0.02353	0.00886	0.01051	0.00776	0.00731	0.01397	0.18410	0.01764	0.21272	0.05985	0.09563	0.01108	0.00692	0.00195	0.05736	0.25383	0.00486	0.00558
42	0.00634	0.00459	0.00620	0.02810	0.00817	0.00436	0.00501	0.00730	0.00984	0.01310	0.02778	0.79530	0.03323	0.01579	0.00651	0.00207	0.00308	0.01432	0.00470	0.00421
43	0.11699	0.01280	0.01309	0.01035	0.01396	0.03306	0.00847	0.54556	0.03226	0.04850	0.01244	0.01279	0.00902	0.00597	0.00472	0.00151	0.00511	0.00442	0.10117	0.00782
44	0.01296	0.01292	0.04018	0.03014	0.73061	0.03241	0.01554	0.03333	0.01202	0.01700	0.00966	0.01255	0.00806	0.00463	0.00506	0.00152	0.00620	0.00452	0.00259	0.00807
45	0.00985	0.00943	0.01636	0.75596	0.03478	0.01150	0.06361	0.01333	0.01038	0.01333	0.00920	0.01369	0.00690	0.00508	0.00519	0.00171	0.00696	0.00466	0.00230	0.00578
46	0.00639	0.00452	0.00591	0.00697	0.00723	0.00426	0.00457	0.00718	0.00955	0.01274	0.02690	0.72692	0.03219	0.10787	0.00878	0.00241	0.00321	0.01377	0.00457	0.00405
47	0.01225	0.01159	0.05003	0.01157	0.02596	0.01223	0.05924	0.02466	0.62893	0.02035	0.01990	0.04071	0.01562	0.00717	0.00537	0.00176	0.00456	0.03547	0.00483	0.00778
48	0.01044	0.02566	0.74558	0.01566	0.06930	0.01193	0.01876	0.01622	0.01089	0.01628	0.00924	0.01095	0.00660	0.00486	0.00489	0.00162	0.00749	0.00384	0.00219	0.00762
49	0.00697	0.00537	0.00644	0.00667	0.00787	0.00500	0.00491	0.00930	0.05600	0.01610	0.25368	0.26763	0.26781	0.01289	0.00621	0.00184	0.00286	0.05276	0.00504	0.00467
50	0.01369	0.80096	0.02648	0.00882	0.01317	0.02010	0.00876	0.01568	0.03105	0.01232	0.00750	0.00852	0.00683	0.00446	0.00334	0.00111	0.00545	0.00283	0.00228	0.00663
51	0.00891	0.00561	0.00739	0.00673	0.00823	0.00512	0.00512	0.01128	0.01454	0.10104	0.70511	0.03615	0.04469	0.01006	0.00596	0.00161	0.00262	0.00885	0.00572	0.00525
52	0.01916	0.01274	0.01404	0.01086	0.01466	0.01373	0.00890	0.59444	0.02147	0.14771	0.01387	0.01421	0.00990	0.03692	0.00586	0.00166	0.00528	0.00482	0.04141	0.00835
53	0.01177	0.01010	0.01069	0.00969	0.01237	0.01145	0.00751	0.02424	0.65671	0.02066	0.07045	0.02328	0.09315	0.00777	0.00535	0.00173	0.00382	0.00651	0.00520	0.00755
54	0.00623	0.00520	0.00542	0.00537	0.00703	0.00440	0.00403	0.00768	0.01208	0.01478	0.15192	0.04787	0.68507	0.01265	0.00606	0.00172	0.00257	0.01062	0.00489	0.00440
55	0.00714	0.05472	0.00761	0.00742	0.00816	0.00570	0.00522	0.00897	0.05731	0.01382	0.05350	0.69036	0.03166	0.01460	0.00625	0.00199	0.00318	0.01314	0.00467	0.00458
56	0.01344	0.01078	0.01182	0.01044	0.01322	0.01240	0.00821	0.04175	0.63117	0.08136	0.02050	0.01911	0.03439	0.00718	0.00601	0.00176	0.05766	0.00577	0.00510	0.00792
57	0.00696	0.00550	0.00632	0.00618	0.00765	0.00502	0.00460	0.00946	0.05700	0.01704	0.35342	0.10328	0.37524	0.01185	0.00605	0.00171	0.00264	0.01019	0.00516	0.00475
58	0.00624	0.00451	0.00590	0.00702	0.00741	0.00418	0.00471	0.00716	0.00995	0.01315	0.02986	0.76536	0.08389	0.01587	0.00652	0.00206	0.00295	0.01434	0.00476	0.00418
59	0.01239	0.14745	0.02815	0.07175	0.04190	0.03223	0.55880	0.01612	0.01176	0.01541	0.00969	0.01277	0.00750	0.00442	0.00548	0.00161	0.00796	0.00531	0.00251	0.00679
60	0.01221	0.00676	0.00736	0.00653	0.00842	0.00697	0.00512	0.13948	0.01317	0.08530	0.01611	0.01792	0.01236	0.00802	0.05242	0.00172	0.00379	0.00483	0.58577	0.00576
61	0.00956	0.00478	0.00478	0.00478	0.00598	0.00478	0.00359	0.01196	0.01076	0.01913	0.01674	0.01913	0.01315	0.00598	0.00359	0.00120	0.00239	0.00478	0.84816	0.00478
62	0.85592	0.00992	0.00754	0.00675	0.00992	0.01151	0.00556	0.01508	0.00873	0.02302	0.00714	0.00834	0.00556	0.00476	0.00318	0.00159	0.00397	0.00278	0.00318	0.00556
63	0.00822	0.00589	0.00821	0.00936	0.01056	0.00587	0.00818	0.01056	0.01181	0.01533	0.02767	0.05771	0.04495	0.01415	0.00707	0.00235	0.00468	0.73799	0.00473	0.00472
64	0.05359	0.01178	0.01947	0.04676	0.68165	0.01183	0.01468	0.01627	0.01171	0.06845	0.01022	0.01283	0.00828	0.00471	0.00500	0.00154	0.00590	0.00452	0.00282	0.00799
65	0.00618	0.00474	0.00567	0.00642	0.00725	0.00423	0.00444	0.00723	0.01052	0.01338	0.03714	0.52973	0.31481	0.01492	0.00637	0.00195	0.00284	0.01318	0.00476	0.00423
66	0.00969	0.00912	0.01539	0.80734	0.03534	0.01140	0.01425	0.01311	0.01026	0.01311	0.00912	0.01368	0.00684	0.00513	0.00513	0.00171	0.00684	0.00456	0.00228	0.00570
67	0.37265	0.01043	0.01045	0.02949	0.01247	0.01147	0.00717	0.20532	0.06514	0.12086	0.09516	0.01458	0.01258	0.00609	0.00441	0.00159	0.00435	0.00449	0.00444	0.00684
68	0.01446	0.70877	0.04599	0.00915	0.01359	0.01918	0.00906	0.06604	0.01155	0.05075	0.00816	0.00901	0.00702	0.00461	0.00355	0.00116	0.00550	0.00301	0.00259	0.00686
69	0.01372	0.82276	0.02689	0.00878	0.01317	0.02030	0.00878	0.01536	0.01043	0.01207	0.00713	0.00823	0.00658	0.00439	0.00329	0.00110	0.00549	0.00274	0.00219	0.00658
70	0.01064	0.00912	0.01064	0.00760	0.01216	0.00684	0.00608	0.01292	0.01064	0.01672	0.00912	0.01064	0.00760	0.00380	0.00380	0.00076	0.00380	0.00304	0.00304	0.85104
71	0.11527	0.00855	0.01000	0.00843	0.01125	0.00852	0.00670	0.12245	0.06477	0.28270	0.16929	0.10582	0.04805	0.00825	0.00528	0.00165	0.00389	0.00685	0.00537	0.00691
72	0.10857	0.00961	0.01183	0.00925	0.01310	0.00916	0.00761	0.10804	0.05418	0.58666	0.01802	0.01602	0.01166	0.00620	0.00495	0.00159	0.00445	0.00488	0.00583	0.00837
73	0.00814	0.00587	0.00809	0.00920	0.01042	0.00582	0.00802	0.01044	0.01181	0.01527	0.02860	0.05739	0.07319	0.01411	0.00703	0.00233	0.00460	0.71026	0.00473	0.00470
74	0.01240	0.01177	0.01995	0.03000	0.74250	0.01177	0.01502	0.01527	0.01144	0.01637	0.01003	0.01391	0.00874	0.05164	0.00629	0.00172	0.00603	0.00474	0.00257	0.00784
75	0.01437	0.33592	0.10915	0.01261	0.05480	0.19707	0.05437	0.04107	0.08657	0.01469	0.00953	0.01079	0.00783	0.00580	0.02379	0.00152	0.00688	0.00370	0.00273	0.00682
76	0.00758	0.00496	0.00555	0.00555	0.00562	0.00496	0.00314	0.00772	0.00765	0.01048	0.01620	0.03274	0.01834	0.77268	0.02482	0.00476	0.00483	0.00731	0.05191	0.00321
77	0.00635	0.00517	0.00562	0.00560	0.00713	0.00444	0.00416	0.00788	0.01224	0.01536	0.21870	0.09114	0.57312	0.01260	0.00609	0.00173	0.00258	0.01069	0.00497	0.00444
78	0.00815	0.00632	0.00879	0.00826	0.00961	0.00610	0.06570	0.03969	0.05613	0.02665	0.21145	0.35682	0.09120	0.07134	0.00763	0.00208	0.00359	0.01077	0.00475	0.00495
79	0.08899	0.03050	0.01326	0.01036	0.01388	0.07387	0.00844	0.42723	0.05370	0.11436	0.05759	0.01443	0.01155	0.00623	0.00486	0.00152	0.00519	0.00471	0.05159	0.00773
80	0.00764	0.00543	0.00641	0.00605	0.00765	0.00477	0.00458	0.00953	0.01327	0.06208	0.41307	0.04206	0.37595	0.01137	0.00601	0.00167	0.00261	0.00973	0.00529	0.00484
81	0.01254	0.01387	0.02942	0.02106	0.02619	0.01315	0.72518	0.05999	0.01280	0.01735	0.01049	0.01375	0.00784	0.00443	0.00600	0.00172	0.00848	0.00597	0.00274	0.00702
82	0.01719	0.05633	0.06756	0.01318	0.01647	0.53330	0.06341	0.09445	0.01491	0.01550	0.05347	0.01162	0.00931	0.00554	0.00482	0.00140	0.00818	0.00398	0.00301	0.00637
83	0.01105	0.00971	0.01503	0.51518	0.13538	0.01136	0.01281	0.08248	0.04804	0.01616	0.01103	0.03445	0.00872	0.00557	0.00506	0.00165	0.00610	0.00490	0.05899	0.00633
84	0.01073	0.00722	0.00878	0.00780	0.00980	0.00724	0.00603	0.05087	0.16591	0.10951	0.50996	0.03092	0.03598	0.00911	0.00574	0.00163	0.00312	0.00790	0.00562	0.00612
85	0.01697	0.01919	0.01305	0.04976	0.01528	0.55063	0.00909	0.03995	0.03070	0.06867	0.01409	0.06714	0.07043	0.00674	0.00496	0.00146	0.00764	0.00493	0.00332	0.00601
86	0.01084	0.09711	0.53719	0.06132	0.05856	0.01267	0.10429	0.01586	0.01102	0.01581	0.02369	0.01171	0.00754	0.00487	0.00491	0.00159	0.00730	0.00414	0.00231	0.00728
87	0.00683	0.00495	0.00632	0.00717	0.00777	0.00469	0.00500	0.02694	0.01048	0.01381	0.04561	0.60064	0.09922	0.06420	0.00769	0.00223	0.00326	0.07420	0.00469	0.00429
88	0.01214	0.01156	0.01964	0.07733	0.69680	0.01168	0.01502	0.01509	0.01149	0.01633	0.01069	0.05917	0.00954	0.00527	0.00517	0.00157	0.00596	0.00515	0.00265	0.00775
89	0.01681	0.01002	0.01230	0.06285	0.01461	0.01035	0.02005	0.21445	0.13587	0.28722	0.01938	0.09779	0.04430	0.02263	0.00574	0.00173	0.00468	0.00631	0.00525	0.00767
90	0.01579	0.03207	0.01412	0.03181	0.03859	0.03464	0.00927	0.40629	0.06373	0.05412	0.01416	0.05629	0.02770	0.00772	0.02122	0.00175	0.08874	0.02252	0.01861	0.04087
91	0.05631	0.01165	0.01260	0.01017	0.01350	0.01256	0.00816	0.47584	0.06974	0.05034	0.01498	0.11731	0.01273	0.02895	0.00566	0.00166	0.00486	0.00590	0.02793	0.05915
92	0.28632	0.16163	0.11418	0.02273	0.03305	0.03472	0.01891	0.08560	0.10691	0.05238	0.02085	0.01146	0.00845	0.00533	0.00433	0.00152	0.01760	0.00379	0.00340	0.00683
93	0.23384	0.15796	0.10907	0.02712	0.03083	0.09290	0.00888	0.04238	0.07625	0.03435	0.04412	0.01318	0.03055	0.00553	0.00416	0.00145	0.00522	0.00400	0.04558	0.03263

[dist]
# distance from previous block
# <min> <max>
2	17

[block]
# block no. 7 follows, 48 sequences, length 20
# corresponding to MSA columns:
# 793-812
name=unknown_H
#
# <colnr> <probs for GDERKNQSTAVLIFYWHMCP>
#	G	D	E	R	K	N	Q	S	T	A	V	L	I	F	Y	W	H	M	C	P
0	0.03056	0.02600	0.01288	0.02281	0.07376	0.21828	0.00915	0.07530	0.21725	0.01726	0.01675	0.04591	0.05528	0.00858	0.03163	0.00189	0.05462	0.07162	0.00386	0.00658
1	0.19346	0.01605	0.01309	0.01217	0.07280	0.28785	0.00889	0.21117	0.01521	0.02047	0.01128	0.01218	0.04579	0.00565	0.00451	0.00144	0.00634	0.00399	0.00352	0.05414
2	0.01393	0.01165	0.01648	0.07146	0.35308	0.01238	0.01213	0.25369	0.04006	0.02106	0.01251	0.01721	0.01061	0.03569	0.03886	0.00201	0.00611	0.05987	0.00362	0.00759
3	0.01061	0.01044	0.01882	0.43990	0.06693	0.01156	0.21461	0.01502	0.06948	0.01498	0.01171	0.01734	0.00950	0.00569	0.00553	0.00176	0.00692	0.06016	0.00278	0.00626
4	0.00790	0.00566	0.00775	0.00834	0.00953	0.00551	0.00700	0.01028	0.01281	0.01729	0.30732	0.05065	0.03651	0.01281	0.00670	0.00209	0.00387	0.47813	0.00507	0.00477
5	0.01321	0.09728	0.46371	0.01410	0.04460	0.01381	0.04007	0.21722	0.01441	0.02017	0.00990	0.01114	0.00720	0.00514	0.00484	0.00155	0.00686	0.00401	0.00299	0.00779
6	0.00825	0.00606	0.00788	0.00948	0.12278	0.00606	0.00500	0.00870	0.00809	0.01097	0.01519	0.03045	0.01708	0.69754	0.02296	0.00446	0.00514	0.00703	0.00302	0.00386
7	0.00773	0.00552	0.00765	0.00884	0.00978	0.00544	0.00733	0.00970	0.01128	0.01475	0.02746	0.26005	0.03070	0.01468	0.00694	0.00229	0.00426	0.55627	0.00473	0.00458
8	0.01072	0.00560	0.00754	0.00767	0.00895	0.00507	0.00550	0.01191	0.01112	0.22051	0.02614	0.60339	0.02828	0.01348	0.00618	0.00195	0.00335	0.01207	0.00519	0.00538
9	0.01059	0.08458	0.50926	0.22544	0.02486	0.02878	0.01671	0.01543	0.01073	0.01501	0.00899	0.01135	0.00660	0.00491	0.00481	0.00160	0.00725	0.00390	0.00221	0.00697
10	0.01525	0.00948	0.01135	0.04933	0.01388	0.01004	0.00812	0.02351	0.39120	0.26860	0.02170	0.02325	0.03950	0.00760	0.00541	0.00175	0.00432	0.08259	0.00537	0.00773
11	0.00965	0.00764	0.00792	0.00696	0.00932	0.00742	0.00546	0.21080	0.01501	0.01879	0.04141	0.03950	0.57851	0.01117	0.00582	0.00168	0.00341	0.00917	0.00486	0.00550
12	0.01375	0.00837	0.00908	0.00766	0.01001	0.00881	0.00607	0.27066	0.01545	0.08185	0.01616	0.02945	0.02475	0.02962	0.02606	0.00166	0.00403	0.00509	0.42512	0.00636
13	0.01646	0.44059	0.06462	0.00997	0.01440	0.01675	0.00943	0.21816	0.01474	0.13445	0.01060	0.01085	0.00807	0.00518	0.00415	0.00132	0.00548	0.00366	0.00360	0.00753
14	0.00971	0.00765	0.00801	0.00703	0.00937	0.00745	0.00551	0.21093	0.01517	0.01916	0.08258	0.03888	0.53710	0.01103	0.00582	0.00167	0.00340	0.00909	0.00491	0.00553
15	0.01451	0.01277	0.01938	0.02625	0.58195	0.01318	0.01415	0.21694	0.01500	0.02091	0.01036	0.01260	0.00829	0.00499	0.00509	0.00153	0.00598	0.00458	0.00323	0.00829
16	0.01567	0.01932	0.01205	0.01108	0.01348	0.58723	0.00831	0.01699	0.01378	0.01291	0.01967	0.01995	0.21425	0.00734	0.00501	0.00143	0.00748	0.00531	0.00321	0.00552
17	0.02019	0.02026	0.01384	0.01213	0.01513	0.58809	0.00928	0.02169	0.01458	0.22011	0.01121	0.01144	0.00823	0.00557	0.00477	0.00139	0.00795	0.00380	0.00363	0.00669
18	0.01545	0.01127	0.01845	0.02553	0.58120	0.01095	0.01356	0.01822	0.01248	0.22320	0.01247	0.01397	0.00935	0.00505	0.00510	0.00154	0.00563	0.00473	0.00356	0.00829
19	0.01120	0.22630	0.01875	0.15021	0.28430	0.01267	0.02650	0.01362	0.01103	0.01451	0.04512	0.10173	0.05057	0.00652	0.00488	0.00152	0.00545	0.00570	0.00289	0.00653

[dist]
# distance from previous block
# <min> <max>
0	10

[block]
# block no. 8 follows, 48 sequences, length 9
# corresponding to MSA columns:
# 823-831
name=unknown_I
#
# <colnr> <probs for GDERKNQSTAVLIFYWHMCP>
#	G	D	E	R	K	N	Q	S	T	A	V	L	I	F	Y	W	H	M	C	P
0	0.01205	0.03184	0.02470	0.04992	0.02282	0.05435	0.50022	0.01547	0.01150	0.01557	0.03413	0.01366	0.00879	0.00523	0.00727	0.00170	0.12194	0.00546	0.00265	0.06072
1	0.01137	0.01133	0.01458	0.01194	0.01385	0.06972	0.06528	0.01306	0.00960	0.01397	0.00925	0.06592	0.00890	0.00736	0.01069	0.00170	0.40513	0.00479	0.00270	0.24886
2	0.25521	0.01009	0.01009	0.00897	0.01199	0.01124	0.00714	0.02139	0.41618	0.05035	0.03609	0.01772	0.01358	0.00652	0.00464	0.00165	0.00402	0.04083	0.00451	0.06780
3	0.00988	0.00810	0.01274	0.51904	0.08256	0.00955	0.01129	0.01297	0.01051	0.01511	0.01135	0.01518	0.00875	0.00533	0.00468	0.00155	0.00550	0.00462	0.24566	0.00562
4	0.00654	0.00502	0.00604	0.00660	0.00768	0.00453	0.00488	0.00794	0.01130	0.01443	0.11201	0.33341	0.33580	0.01404	0.00638	0.00193	0.00300	0.10924	0.00485	0.00437
5	0.01494	0.01336	0.01899	0.02503	0.53168	0.04788	0.01377	0.23311	0.01539	0.02106	0.01034	0.01244	0.00823	0.00506	0.00508	0.00152	0.00611	0.00453	0.00329	0.00820
6	0.01567	0.01120	0.01826	0.02506	0.56482	0.01085	0.01339	0.01841	0.01255	0.23957	0.01270	0.01407	0.00944	0.00508	0.00510	0.00154	0.00560	0.00474	0.00364	0.00830
7	0.01030	0.23988	0.01250	0.00729	0.00855	0.00902	0.00570	0.00918	0.00776	0.00982	0.00840	0.01348	0.00824	0.01396	0.01523	0.60628	0.00475	0.00396	0.00222	0.00348
8	0.00660	0.00461	0.00585	0.00670	0.00691	0.00440	0.00429	0.00724	0.00914	0.01219	0.02480	0.59113	0.02954	0.24727	0.01218	0.00292	0.00355	0.01254	0.00429	0.00386

[dist]
# distance from previous block
# <min> <max>
0	3

[block]
# block no. 9 follows, 48 sequences, length 36
# corresponding to MSA columns:
# 835-870
name=unknown_J
#
# <colnr> <probs for GDERKNQSTAVLIFYWHMCP>
#	G	D	E	R	K	N	Q	S	T	A	V	L	I	F	Y	W	H	M	C	P
0	0.07244	0.01323	0.02778	0.02005	0.02492	0.01256	0.68718	0.01601	0.01179	0.01679	0.01078	0.04188	0.00855	0.00477	0.00587	0.00173	0.00811	0.00612	0.00271	0.00673
1	0.01316	0.01242	0.02086	0.02964	0.69845	0.01249	0.04883	0.06993	0.01260	0.01787	0.00988	0.01272	0.00816	0.00467	0.00513	0.00153	0.00618	0.00464	0.00273	0.00812
2	0.00658	0.00608	0.06248	0.00773	0.00857	0.00476	0.00586	0.00787	0.00994	0.01337	0.02689	0.74237	0.03187	0.01523	0.00644	0.00206	0.00334	0.02955	0.00458	0.00442
3	0.16885	0.01006	0.01524	0.45133	0.21083	0.01172	0.01291	0.01409	0.01026	0.01582	0.00882	0.01238	0.00691	0.00502	0.00504	0.00166	0.02606	0.00423	0.00251	0.00625
4	0.02843	0.00619	0.00759	0.00682	0.00862	0.00576	0.00525	0.04856	0.01440	0.10888	0.51441	0.03589	0.16917	0.01011	0.00584	0.00163	0.00287	0.00870	0.00550	0.00541
5	0.08706	0.18830	0.50301	0.01235	0.01845	0.01321	0.02859	0.01557	0.01080	0.01626	0.05472	0.01176	0.00895	0.00509	0.00449	0.00151	0.00654	0.00385	0.00248	0.00702
6	0.01307	0.61745	0.12769	0.00958	0.01412	0.03425	0.00991	0.03675	0.01125	0.01383	0.06338	0.01088	0.00964	0.00496	0.00378	0.00122	0.00563	0.00342	0.00253	0.00664
