[name]
unknown

[dist]
# distance from previous block
# <min> <max>
8	128

[block]
# block no. 0 follows, 43 sequences, length 15
# corresponding to MSA columns:
# 194-208
name=unknown_A
#
# <colnr> <probs for GDERKNQSTAVLIFYWHMCP>
#	G	D	E	R	K	N	Q	S	T	A	V	L	I	F	Y	W	H	M	C	P
0	0.03644	0.07190	0.04189	0.09316	0.01656	0.03913	0.02435	0.13902	0.09302	0.16930	0.09547	0.03644	0.03731	0.03962	0.00643	0.00185	0.00539	0.02058	0.00481	0.02732
1	0.06081	0.01605	0.19486	0.07148	0.01876	0.04349	0.03833	0.10432	0.20408	0.12076	0.03396	0.01625	0.01206	0.00640	0.00537	0.00175	0.00604	0.00519	0.03195	0.00809
2	0.06096	0.01310	0.13742	0.04074	0.15531	0.01037	0.01149	0.03941	0.06865	0.21920	0.10113	0.04405	0.01605	0.00686	0.00547	0.00170	0.00538	0.00581	0.00457	0.05233
3	0.03661	0.01038	0.01448	0.08776	0.04389	0.01063	0.08717	0.06112	0.18158	0.18484	0.12149	0.02146	0.01811	0.05089	0.00693	0.00194	0.00524	0.00630	0.00496	0.04422
4	0.10245	0.01506	0.08481	0.07812	0.03829	0.09975	0.18136	0.06227	0.07015	0.08592	0.01332	0.01480	0.03004	0.00569	0.00534	0.00165	0.00684	0.00504	0.00365	0.09544
5	0.18894	0.08878	0.05795	0.02992	0.08930	0.09261	0.00976	0.06154	0.08271	0.06314	0.03265	0.01737	0.03210	0.00652	0.00490	0.00162	0.00565	0.05066	0.00385	0.08003
6	0.00712	0.00563	0.00640	0.00621	0.00783	0.00492	0.00466	0.00905	0.01397	0.01816	0.37068	0.04803	0.45200	0.01283	0.00654	0.00181	0.00272	0.01095	0.00556	0.00492
7	0.01419	0.01190	0.01273	0.03298	0.01481	0.06790	0.00784	0.10879	0.05502	0.06030	0.01152	0.01259	0.00902	0.00492	0.00456	0.00111	0.00494	0.00385	0.00383	0.55720
8	0.00962	0.00481	0.00722	0.00722	0.00722	0.00481	0.00481	0.00722	0.00722	0.00962	0.00962	0.01684	0.00962	0.01924	0.02165	0.83886	0.00481	0.00481	0.00241	0.00241
9	0.84448	0.01071	0.00814	0.00728	0.01071	0.01242	0.00600	0.01628	0.00943	0.02485	0.00771	0.00900	0.00600	0.00514	0.00343	0.00171	0.00428	0.00300	0.00343	0.00600
10	0.01032	0.00516	0.00516	0.00516	0.00645	0.00516	0.00387	0.01290	0.01161	0.02065	0.01807	0.02065	0.01420	0.00645	0.00387	0.00129	0.00258	0.00516	0.83611	0.00516
11	0.01241	0.30266	0.51404	0.01357	0.02054	0.01604	0.01660	0.01720	0.01154	0.01596	0.00915	0.01071	0.00705	0.00508	0.00466	0.00155	0.00739	0.00370	0.00235	0.00781
12	0.00922	0.00796	0.00819	0.00761	0.00992	0.03254	0.00588	0.03245	0.13617	0.01789	0.11950	0.04151	0.42494	0.01152	0.00619	0.00180	0.00359	0.04920	0.00512	0.06881
13	0.01383	0.57068	0.19981	0.01197	0.01756	0.01925	0.06812	0.01689	0.01149	0.01442	0.00848	0.00998	0.00718	0.00485	0.00417	0.00137	0.00670	0.00349	0.00239	0.00738
14	0.02105	0.01551	0.01662	0.01274	0.01717	0.01717	0.01053	0.75235	0.02604	0.03490	0.01330	0.01330	0.00942	0.00665	0.00554	0.00166	0.00609	0.00499	0.00554	0.00942

[dist]
# distance from previous block
# <min> <max>
0	2

[block]
# block no. 1 follows, 43 sequences, length 184
# corresponding to MSA columns:
# 211-394
name=unknown_B
#
# <colnr> <probs for GDERKNQSTAVLIFYWHMCP>
#	G	D	E	R	K	N	Q	S	T	A	V	L	I	F	Y	W	H	M	C	P
0	0.00802	0.00571	0.00716	0.00774	0.00870	0.00533	0.00541	0.04440	0.01199	0.03356	0.07179	0.60025	0.11607	0.01554	0.00679	0.00210	0.00333	0.01390	0.00520	0.02698
1	0.01159	0.12298	0.67289	0.01515	0.02288	0.01398	0.03202	0.01743	0.01166	0.01700	0.00969	0.01141	0.00705	0.00519	0.00508	0.00169	0.00793	0.00400	0.00235	0.00804
2	0.02017	0.02167	0.01661	0.01557	0.08574	0.46548	0.01122	0.25767	0.01876	0.02087	0.01026	0.01140	0.00802	0.00594	0.00521	0.00152	0.00842	0.00415	0.00371	0.00760
3	0.18273	0.00982	0.01204	0.00943	0.01355	0.00918	0.00778	0.04251	0.01486	0.61220	0.01892	0.01682	0.01212	0.00652	0.00516	0.00171	0.00466	0.00506	0.00616	0.00876
4	0.01869	0.01386	0.06896	0.01148	0.01573	0.01345	0.00992	0.41684	0.08447	0.16448	0.03358	0.01940	0.08868	0.00750	0.00565	0.00172	0.00545	0.00591	0.00553	0.00872
5	0.04201	0.02512	0.01320	0.01052	0.01411	0.05656	0.00847	0.20779	0.04038	0.36700	0.01919	0.11577	0.01492	0.00900	0.02794	0.00195	0.00548	0.00651	0.00575	0.00834
6	0.00675	0.00482	0.00643	0.00771	0.00803	0.00450	0.00514	0.00771	0.01060	0.01414	0.03053	0.80175	0.03663	0.01735	0.00707	0.00225	0.00321	0.01574	0.00514	0.00450
7	0.01275	0.01728	0.16212	0.02233	0.04936	0.01378	0.60232	0.01768	0.01282	0.01772	0.01096	0.01434	0.00817	0.00478	0.00628	0.00184	0.00906	0.00606	0.00272	0.00763
8	0.02730	0.08573	0.02182	0.23058	0.33229	0.06645	0.10542	0.01693	0.03042	0.01646	0.01024	0.01354	0.00824	0.00516	0.00539	0.00168	0.00721	0.00485	0.00273	0.00755
9	0.00962	0.00481	0.00722	0.00722	0.00722	0.00481	0.00481	0.00722	0.00722	0.00962	0.00962	0.01684	0.00962	0.01924	0.02165	0.83886	0.00481	0.00481	0.00241	0.00241
10	0.00675	0.00482	0.00643	0.00771	0.00803	0.00450	0.00514	0.00771	0.01060	0.01414	0.03053	0.80175	0.03663	0.01735	0.00707	0.00225	0.00321	0.01574	0.00514	0.00450
11	0.01739	0.01318	0.01431	0.01173	0.01539	0.01457	0.00959	0.48396	0.16591	0.02927	0.01896	0.02164	0.05519	0.00894	0.02637	0.00199	0.00572	0.07194	0.00543	0.00852
12	0.03033	0.28777	0.23303	0.01560	0.10190	0.04495	0.08864	0.03759	0.01264	0.08373	0.01041	0.01185	0.00802	0.00518	0.00483	0.00154	0.00699	0.00416	0.00297	0.00785
13	0.02059	0.01650	0.08530	0.01274	0.01742	0.05261	0.01115	0.56250	0.02300	0.12180	0.01380	0.01366	0.00961	0.00650	0.00549	0.00167	0.00631	0.00491	0.00528	0.00916
14	0.84448	0.01071	0.00814	0.00728	0.01071	0.01242	0.00600	0.01628	0.00943	0.02485	0.00771	0.00900	0.00600	0.00514	0.00343	0.00171	0.00428	0.00300	0.00343	0.00600
15	0.00675	0.00482	0.00643	0.00771	0.00803	0.00450	0.00514	0.00771	0.01060	0.01414	0.03053	0.80175	0.03663	0.01735	0.00707	0.00225	0.00321	0.01574	0.00514	0.00450
16	0.01270	0.00981	0.01161	0.00835	0.01322	0.00745	0.00671	0.01513	0.01188	0.08691	0.01094	0.01215	0.00870	0.00435	0.00424	0.00090	0.00416	0.00349	0.00361	0.76370
17	0.01229	0.04254	0.13376	0.01217	0.08375	0.00945	0.03409	0.02962	0.01227	0.06776	0.01563	0.01711	0.08606	0.02506	0.00543	0.00138	0.00519	0.00481	0.00351	0.39812
18	0.01307	0.01494	0.03268	0.02334	0.02894	0.01401	0.75070	0.01774	0.01307	0.01774	0.01120	0.01494	0.00840	0.00467	0.00654	0.00187	0.00934	0.00654	0.00280	0.00747
19	0.01325	0.01269	0.02165	0.14131	0.66709	0.01304	0.01677	0.01659	0.01239	0.01754	0.01034	0.01386	0.00858	0.00502	0.00549	0.00167	0.00669	0.00493	0.00270	0.00840
20	0.00827	0.00591	0.00814	0.00925	0.01028	0.00579	0.00760	0.01042	0.01251	0.01653	0.10476	0.24619	0.03514	0.01541	0.00739	0.00239	0.00437	0.47948	0.00521	0.00496
21	0.12882	0.10274	0.10762	0.02477	0.01498	0.01116	0.00952	0.06124	0.01442	0.37235	0.08411	0.01720	0.01427	0.00656	0.00510	0.00166	0.00515	0.00511	0.00511	0.00811
22	0.00662	0.00533	0.00590	0.00637	0.00768	0.00461	0.00454	0.00786	0.01190	0.01466	0.04689	0.32284	0.50497	0.01522	0.00673	0.00201	0.00295	0.01315	0.00514	0.00461
23	0.01322	0.25004	0.17034	0.03531	0.09935	0.01599	0.30548	0.01721	0.01219	0.01628	0.00983	0.01242	0.00778	0.00485	0.00529	0.00162	0.00780	0.00483	0.00257	0.00760
24	0.01240	0.01244	0.01814	0.50315	0.23876	0.09095	0.01535	0.01575	0.01197	0.01518	0.00987	0.01399	0.00774	0.00539	0.00547	0.00175	0.00743	0.00479	0.00258	0.00690
25	0.00784	0.00566	0.00740	0.00697	0.00827	0.00523	0.00523	0.01045	0.01568	0.02221	0.76789	0.04137	0.05226	0.01132	0.00653	0.00174	0.00261	0.01002	0.00610	0.00523
26	0.09865	0.50486	0.19518	0.01128	0.03144	0.03363	0.01176	0.01708	0.01137	0.02935	0.00854	0.00983	0.00713	0.00496	0.00403	0.00139	0.00634	0.00332	0.00257	0.00730
27	0.01055	0.00693	0.00850	0.00756	0.00955	0.00652	0.00583	0.07924	0.01613	0.09869	0.50385	0.03853	0.16467	0.01090	0.00635	0.00175	0.00318	0.00939	0.00596	0.00594
28	0.84448	0.01071	0.00814	0.00728	0.01071	0.01242	0.00600	0.01628	0.00943	0.02485	0.00771	0.00900	0.00600	0.00514	0.00343	0.00171	0.00428	0.00300	0.00343	0.00600
29	0.17174	0.02519	0.62854	0.01415	0.02141	0.01278	0.01767	0.01730	0.01126	0.01895	0.00951	0.01117	0.00682	0.00524	0.00491	0.00175	0.00743	0.00388	0.00255	0.00776
30	0.01046	0.00984	0.01661	0.79205	0.03814	0.01230	0.01538	0.01415	0.01107	0.01415	0.00984	0.01477	0.00738	0.00554	0.00554	0.00185	0.00738	0.00492	0.00246	0.00615
31	0.84448	0.01071	0.00814	0.00728	0.01071	0.01242	0.00600	0.01628	0.00943	0.02485	0.00771	0.00900	0.00600	0.00514	0.00343	0.00171	0.00428	0.00300	0.00343	0.00600
32	0.00788	0.00564	0.00723	0.00845	0.00887	0.00517	0.00563	0.00855	0.01128	0.01515	0.03124	0.78994	0.03716	0.01786	0.00749	0.00243	0.00360	0.01590	0.00547	0.00507
33	0.00784	0.00566	0.00740	0.00697	0.00827	0.00523	0.00523	0.01045	0.01568	0.02221	0.76789	0.04137	0.05226	0.01132	0.00653	0.00174	0.00261	0.01002	0.00610	0.00523
34	0.02446	0.01004	0.01324	0.01015	0.01445	0.00906	0.00838	0.10078	0.01689	0.69940	0.02098	0.01829	0.01327	0.00683	0.00557	0.00171	0.00485	0.00551	0.00672	0.00942
35	0.01073	0.00917	0.01044	0.01173	0.08789	0.06954	0.00768	0.08914	0.08126	0.01774	0.04841	0.48070	0.02734	0.01296	0.00644	0.00201	0.00448	0.01151	0.00483	0.00601
36	0.01411	0.01467	0.02238	0.10575	0.43767	0.10609	0.14523	0.01806	0.04925	0.01733	0.01086	0.01392	0.00876	0.00517	0.00562	0.00169	0.00745	0.00512	0.00288	0.00799
37	0.01954	0.02295	0.01513	0.01366	0.01655	0.60481	0.01050	0.11571	0.01674	0.01663	0.01129	0.01576	0.00995	0.00680	0.00533	0.00157	0.00899	0.07801	0.00343	0.00667
38	0.00671	0.00539	0.00599	0.00631	0.00770	0.00467	0.00455	0.00809	0.01232	0.01534	0.10905	0.26059	0.50442	0.01472	0.00669	0.00196	0.00290	0.01268	0.00522	0.00467
39	0.01020	0.00945	0.01583	0.71238	0.03527	0.01176	0.01452	0.01372	0.01085	0.01402	0.01035	0.01548	0.00804	0.00920	0.08467	0.00256	0.00814	0.00502	0.00251	0.00603
40	0.01391	0.01389	0.02291	0.05208	0.64632	0.05163	0.08342	0.01724	0.01277	0.01773	0.01038	0.01366	0.00862	0.00496	0.00556	0.00166	0.00702	0.00501	0.00275	0.00847
41	0.82780	0.01103	0.00829	0.00742	0.01084	0.02803	0.00609	0.01640	0.00955	0.02462	0.00773	0.00902	0.00602	0.00515	0.00346	0.00171	0.00440	0.00301	0.00342	0.00601
42	0.01148	0.10800	0.70061	0.01514	0.02298	0.01378	0.01934	0.01744	0.01165	0.01708	0.00971	0.01141	0.00703	0.00521	0.00509	0.00170	0.00795	0.00398	0.00234	0.00808
43	0.01321	0.01291	0.02075	0.21923	0.55881	0.04580	0.01633	0.01652	0.01237	0.01693	0.01020	0.01381	0.00836	0.00512	0.00548	0.00168	0.00692	0.00487	0.00268	0.00803
44	0.00674	0.00484	0.00641	0.00767	0.00802	0.00450	0.00512	0.00772	0.01065	0.01416	0.03107	0.78581	0.05222	0.01728	0.00706	0.00224	0.00320	0.01566	0.00514	0.00450
45	0.00675	0.00482	0.00643	0.00771	0.00803	0.00450	0.00514	0.00771	0.01060	0.01414	0.03053	0.80175	0.03663	0.01735	0.00707	0.00225	0.00321	0.01574	0.00514	0.00450
46	0.00805	0.00539	0.00613	0.00613	0.00617	0.00542	0.00347	0.00811	0.00808	0.01081	0.01736	0.03577	0.01993	0.78030	0.05297	0.00549	0.00568	0.00798	0.00334	0.00341
47	0.00771	0.00557	0.00727	0.00702	0.00824	0.00514	0.00520	0.01013	0.01511	0.02126	0.68049	0.11893	0.06314	0.01198	0.00659	0.00180	0.00268	0.01063	0.00598	0.00514
48	0.01148	0.00984	0.01148	0.00820	0.01312	0.00738	0.00656	0.01395	0.01148	0.01805	0.00984	0.01148	0.00820	0.00410	0.00410	0.00082	0.00410	0.00328	0.00328	0.83922
49	0.01376	0.01036	0.01211	0.00885	0.01362	0.00848	0.00713	0.08279	0.02819	0.09665	0.01163	0.01258	0.00905	0.00468	0.00441	0.00101	0.00435	0.00373	0.00390	0.66273
50	0.09453	0.01467	0.03029	0.01196	0.01622	0.01588	0.00995	0.55153	0.11888	0.03154	0.01380	0.01376	0.00999	0.00651	0.00530	0.00167	0.00568	0.00489	0.00522	0.03773
51	0.00675	0.00482	0.00643	0.00771	0.00803	0.00450	0.00514	0.00771	0.01060	0.01414	0.03053	0.80175	0.03663	0.01735	0.00707	0.00225	0.00321	0.01574	0.00514	0.00450
52	0.00945	0.00593	0.00765	0.00717	0.00856	0.00545	0.00526	0.01152	0.01423	0.09642	0.51228	0.10807	0.06659	0.10594	0.00906	0.00222	0.00322	0.00991	0.00573	0.00535
53	0.00655	0.00561	0.00561	0.00561	0.00748	0.00468	0.00421	0.00795	0.01262	0.01496	0.05610	0.05330	0.76857	0.01403	0.00655	0.00187	0.00281	0.01169	0.00514	0.00468
54	0.01528	0.03548	0.01383	0.01152	0.01496	0.01470	0.00914	0.17547	0.59050	0.02525	0.02024	0.01883	0.01511	0.00726	0.00556	0.00181	0.00477	0.00591	0.00552	0.00885
55	0.02263	0.00971	0.01271	0.00986	0.01408	0.00865	0.00807	0.02617	0.09128	0.63621	0.02094	0.01843	0.01358	0.00670	0.00546	0.00166	0.00463	0.00545	0.00644	0.07735
56	0.01499	0.63207	0.11688	0.01074	0.01569	0.10206	0.01092	0.01729	0.01178	0.01362	0.00806	0.00934	0.00710	0.00490	0.00391	0.00128	0.00663	0.00316	0.00242	0.00716
57	0.02105	0.01551	0.01662	0.01274	0.01717	0.01717	0.01053	0.75235	0.02604	0.03490	0.01330	0.01330	0.00942	0.00665	0.00554	0.00166	0.00609	0.00499	0.00554	0.00942
58	0.01130	0.04308	0.66304	0.01696	0.09070	0.01279	0.01933	0.01720	0.01192	0.01767	0.03890	0.01295	0.00891	0.00545	0.00529	0.00173	0.00778	0.00437	0.00252	0.00810
59	0.00962	0.00481	0.00722	0.00722	0.00722	0.00481	0.00481	0.00722	0.00722	0.00962	0.00962	0.01684	0.00962	0.01924	0.02165	0.83886	0.00481	0.00481	0.00241	0.00241
60	0.15556	0.01368	0.01436	0.01138	0.01548	0.01507	0.00933	0.47176	0.10982	0.10711	0.01435	0.01403	0.01019	0.00653	0.00521	0.00170	0.00545	0.00487	0.00534	0.00878
61	0.01333	0.01110	0.00914	0.05161	0.01144	0.18863	0.00662	0.05555	0.01319	0.01906	0.01490	0.01759	0.01190	0.02331	0.00511	0.00148	0.02004	0.00482	0.51546	0.00572
62	0.04561	0.01004	0.01254	0.10494	0.01650	0.00899	0.00825	0.06130	0.02695	0.20335	0.01357	0.03080	0.01020	0.00548	0.00479	0.00130	0.00476	0.00445	0.00427	0.42189
63	0.01139	0.05869	0.70782	0.01648	0.06248	0.01324	0.01985	0.01747	0.01172	0.01739	0.00988	0.01169	0.00711	0.00522	0.00521	0.00173	0.00801	0.00409	0.00236	0.00817
64	0.01963	0.00881	0.01153	0.00933	0.01279	0.00808	0.00752	0.02337	0.09790	0.51491	0.19736	0.02435	0.02313	0.00798	0.00580	0.00174	0.00418	0.00669	0.00654	0.00837
65	0.84448	0.01071	0.00814	0.00728	0.01071	0.01242	0.00600	0.01628	0.00943	0.02485	0.00771	0.00900	0.00600	0.00514	0.00343	0.00171	0.00428	0.00300	0.00343	0.00600
66	0.01339	0.16876	0.31722	0.08812	0.15101	0.09699	0.02835	0.01742	0.01221	0.02800	0.01004	0.02629	0.00806	0.00542	0.00504	0.00161	0.00748	0.00432	0.00261	0.00765
67	0.00764	0.00565	0.00713	0.00676	0.00815	0.00514	0.00507	0.01008	0.01522	0.02112	0.66094	0.04316	0.15989	0.01173	0.00653	0.00176	0.00264	0.01027	0.00595	0.00514
68	0.00730	0.00539	0.00694	0.00798	0.00886	0.00504	0.00598	0.00877	0.01157	0.01495	0.03513	0.45783	0.17642	0.01616	0.00712	0.00226	0.00364	0.20882	0.00513	0.00469
69	0.01320	0.01264	0.02156	0.15222	0.65655	0.01303	0.01674	0.01655	0.01237	0.01748	0.01033	0.01387	0.00856	0.00503	0.00549	0.00168	0.00670	0.00493	0.00270	0.00836
70	0.01308	0.01300	0.08921	0.39220	0.10926	0.01247	0.16111	0.03311	0.01251	0.09341	0.01148	0.01479	0.00839	0.00543	0.00571	0.00180	0.00746	0.00524	0.00306	0.00728
71	0.01550	0.01611	0.03372	0.01391	0.09102	0.33172	0.00995	0.01752	0.01286	0.08326	0.01232	0.01548	0.01034	0.01822	0.27629	0.00409	0.01069	0.00475	0.01582	0.00645
72	0.12454	0.18131	0.01769	0.01134	0.01543	0.11290	0.00954	0.37493	0.01887	0.05228	0.01120	0.01201	0.00855	0.01986	0.00518	0.00161	0.00625	0.00421	0.00428	0.00802
73	0.00760	0.00550	0.00718	0.00708	0.00821	0.00507	0.00519	0.00987	0.01464	0.02051	0.61158	0.18817	0.06352	0.01254	0.00664	0.00184	0.00273	0.01115	0.00589	0.00507
74	0.01148	0.00984	0.01148	0.00820	0.01312	0.00738	0.00656	0.01395	0.01148	0.01805	0.00984	0.01148	0.00820	0.00410	0.00410	0.00082	0.00410	0.00328	0.00328	0.83922
75	0.01409	0.65835	0.17312	0.01069	0.01609	0.02017	0.01159	0.01677	0.01134	0.01390	0.00813	0.00943	0.00709	0.00484	0.00388	0.00129	0.00636	0.00318	0.00236	0.00732
76	0.00962	0.00481	0.00722	0.00722	0.00722	0.00481	0.00481	0.00722	0.00722	0.00962	0.00962	0.01684	0.00962	0.01924	0.02165	0.83886	0.00481	0.00481	0.00241	0.00241
77	0.01148	0.00984	0.01148	0.00820	0.01312	0.00738	0.00656	0.01395	0.01148	0.01805	0.00984	0.01148	0.00820	0.00410	0.00410	0.00082	0.00410	0.00328	0.00328	0.83922
78	0.00723	0.00508	0.00657	0.00757	0.00791	0.00486	0.00510	0.00813	0.01024	0.01362	0.02757	0.56789	0.03261	0.18863	0.01172	0.00296	0.00385	0.07940	0.00475	0.00430
79	0.00670	0.00500	0.00624	0.00724	0.00791	0.00454	0.00493	0.00776	0.01105	0.01432	0.03621	0.63539	0.19932	0.01661	0.00695	0.00216	0.00312	0.01484	0.00514	0.00454
80	0.02485	0.00943	0.01285	0.00985	0.01414	0.00814	0.00814	0.02699	0.01585	0.77465	0.02185	0.01885	0.01371	0.00685	0.00557	0.00171	0.00471	0.00557	0.00685	0.00943
81	0.01250	0.01041	0.01089	0.00993	0.01271	0.01174	0.00769	0.02501	0.58932	0.02187	0.02636	0.02482	0.11235	0.00824	0.00557	0.00182	0.00400	0.00684	0.09005	0.00788
82	0.00792	0.00588	0.00864	0.00864	0.00954	0.00678	0.00660	0.00972	0.00882	0.01266	0.01507	0.02308	0.01442	0.11106	0.71468	0.00858	0.01397	0.00613	0.00300	0.00480
83	0.00675	0.00482	0.00643	0.00771	0.00803	0.00450	0.00514	0.00771	0.01060	0.01414	0.03053	0.80175	0.03663	0.01735	0.00707	0.00225	0.00321	0.01574	0.00514	0.00450
84	0.00655	0.00559	0.00563	0.00565	0.00749	0.00467	0.00423	0.00794	0.01258	0.01494	0.05557	0.06905	0.75316	0.01410	0.00656	0.00188	0.00281	0.01177	0.00514	0.00467
85	0.03608	0.01543	0.01647	0.01264	0.01706	0.01709	0.01044	0.73892	0.02574	0.03472	0.01319	0.01322	0.00936	0.00662	0.00550	0.00166	0.00606	0.00495	0.00550	0.00936
86	0.01111	0.02865	0.77667	0.01579	0.02397	0.01286	0.02046	0.01754	0.01169	0.01754	0.00994	0.01169	0.00702	0.00526	0.00526	0.00175	0.00818	0.00409	0.00234	0.00818
87	0.02485	0.00943	0.01285	0.00985	0.01414	0.00814	0.00814	0.02699	0.01585	0.77465	0.02185	0.01885	0.01371	0.00685	0.00557	0.00171	0.00471	0.00557	0.00685	0.00943
88	0.04031	0.01561	0.01640	0.01264	0.01702	0.03201	0.01042	0.72087	0.02545	0.03425	0.01307	0.01313	0.00929	0.00659	0.00548	0.00166	0.00613	0.00491	0.00544	0.00928
89	0.00827	0.00618	0.00879	0.07973	0.01182	0.00618	0.03374	0.03462	0.01115	0.02865	0.02625	0.56835	0.04253	0.08291	0.02139	0.00254	0.00431	0.01297	0.00467	0.00493
90	0.09551	0.01416	0.20356	0.01455	0.05513	0.01029	0.13146	0.02733	0.01235	0.01815	0.01822	0.05834	0.01792	0.00947	0.00629	0.00209	0.00649	0.28834	0.00377	0.00657
91	0.11559	0.03772	0.17694	0.02318	0.37056	0.03018	0.05659	0.09022	0.01342	0.02022	0.01021	0.01254	0.00803	0.00519	0.00519	0.00167	0.00679	0.00454	0.00302	0.00821
92	0.03707	0.01561	0.01644	0.01266	0.01705	0.03076	0.01044	0.72499	0.02553	0.03433	0.01310	0.01315	0.00931	0.00660	0.00549	0.00166	0.00613	0.00492	0.00545	0.00930
93	0.02105	0.01551	0.01662	0.01274	0.01717	0.01717	0.01053	0.75235	0.02604	0.03490	0.01330	0.01330	0.00942	0.00665	0.00554	0.00166	0.00609	0.00499	0.00554	0.00942
94	0.01069	0.00997	0.01631	0.68373	0.06322	0.01184	0.01454	0.01424	0.01117	0.01470	0.00987	0.01439	0.00752	0.00537	0.00539	0.00173	0.00702	0.00476	0.00255	0.09100
95	0.00962	0.00481	0.00722	0.00722	0.00722	0.00481	0.00481	0.00722	0.00722	0.00962	0.00962	0.01684	0.00962	0.01924	0.02165	0.83886	0.00481	0.00481	0.00241	0.00241
96	0.01614	0.01227	0.01294	0.02481	0.01397	0.05097	0.00846	0.42864	0.01907	0.02555	0.01528	0.01937	0.03189	0.13905	0.10072	0.00308	0.00691	0.00571	0.05786	0.00731
97	0.01815	0.02052	0.03692	0.05477	0.01769	0.43941	0.01041	0.14448	0.01628	0.01821	0.00972	0.01115	0.00774	0.00554	0.00495	0.00138	0.00800	0.00384	0.00336	0.16748
98	0.00791	0.00593	0.00890	0.00890	0.00989	0.00692	0.00692	0.00989	0.00890	0.01286	0.01483	0.02176	0.01385	0.04154	0.78341	0.00890	0.01483	0.00593	0.00297	0.00494
99	0.00668	0.00559	0.00565	0.00565	0.00735	0.00474	0.00413	0.00796	0.01221	0.01458	0.05259	0.05175	0.70045	0.08605	0.00852	0.00219	0.00304	0.01136	0.00498	0.00456
100	0.02172	0.06640	0.01637	0.01170	0.01611	0.01492	0.00978	0.49723	0.02216	0.24385	0.01536	0.01458	0.01049	0.00658	0.00542	0.00165	0.00569	0.00502	0.00570	0.00927
101	0.02384	0.00965	0.01282	0.00998	0.01416	0.00865	0.00820	0.02721	0.08365	0.70625	0.02191	0.01902	0.01400	0.00691	0.00558	0.00173	0.00468	0.00563	0.00674	0.00937
102	0.00675	0.00482	0.00643	0.00771	0.00803	0.00450	0.00514	0.00771	0.01060	0.01414	0.03053	0.80175	0.03663	0.01735	0.00707	0.00225	0.00321	0.01574	0.00514	0.00450
103	0.01148	0.00984	0.01148	0.00820	0.01312	0.00738	0.00656	0.01395	0.01148	0.01805	0.00984	0.01148	0.00820	0.00410	0.00410	0.00082	0.00410	0.00328	0.00328	0.83922
104	0.01081	0.01025	0.01747	0.70749	0.10464	0.01242	0.03042	0.01448	0.01125	0.01458	0.00992	0.01467	0.00753	0.00546	0.00555	0.00183	0.00735	0.00496	0.00249	0.00642
105	0.01287	0.01414	0.02921	0.10044	0.02856	0.01381	0.60837	0.01844	0.08092	0.01787	0.01210	0.01544	0.00907	0.00502	0.00635	0.00187	0.00869	0.00635	0.00302	0.00745
106	0.01148	0.00984	0.01148	0.00820	0.01312	0.00738	0.00656	0.01395	0.01148	0.01805	0.00984	0.01148	0.00820	0.00410	0.00410	0.00082	0.00410	0.00328	0.00328	0.83922
107	0.09421	0.00729	0.00953	0.00909	0.01064	0.00842	0.00716	0.07811	0.01051	0.01608	0.01397	0.01969	0.01264	0.03466	0.63327	0.00751	0.01297	0.00555	0.00325	0.00546
108	0.02105	0.01551	0.01662	0.01274	0.01717	0.01717	0.01053	0.75235	0.02604	0.03490	0.01330	0.01330	0.00942	0.00665	0.00554	0.00166	0.00609	0.00499	0.00554	0.00942
109	0.00671	0.00497	0.00627	0.00731	0.00793	0.00453	0.00496	0.00776	0.01099	0.01430	0.03546	0.65749	0.17771	0.01671	0.00697	0.00218	0.00313	0.01496	0.00514	0.00453
110	0.00675	0.00482	0.00643	0.00771	0.00803	0.00450	0.00514	0.00771	0.01060	0.01414	0.03053	0.80175	0.03663	0.01735	0.00707	0.00225	0.00321	0.01574	0.00514	0.00450
111	0.00838	0.00682	0.01104	0.01026	0.01157	0.00761	0.07459	0.01048	0.00944	0.01345	0.01588	0.10021	0.01548	0.03481	0.61178	0.00740	0.03554	0.00696	0.00316	0.00516
112	0.00962	0.00481	0.00722	0.00722	0.00722	0.00481	0.00481	0.00722	0.00722	0.00962	0.00962	0.01684	0.00962	0.01924	0.02165	0.83886	0.00481	0.00481	0.00241	0.00241
113	0.01422	0.01212	0.01278	0.01136	0.01457	0.01399	0.00887	0.07403	0.71548	0.02389	0.02197	0.02021	0.01644	0.00746	0.00563	0.00187	0.00449	0.00618	0.00563	0.00881
114	0.01230	0.01203	0.08679	0.52679	0.03229	0.01187	0.08913	0.01612	0.01184	0.09237	0.01121	0.01476	0.00814	0.00549	0.00555	0.00178	0.00723	0.00500	0.00297	0.04636
115	0.01823	0.01377	0.12188	0.01146	0.01580	0.01176	0.01032	0.23020	0.11845	0.26339	0.01848	0.09600	0.01420	0.00768	0.00565	0.00177	0.00539	0.00628	0.00543	0.02386
116	0.01148	0.10800	0.70061	0.01514	0.02298	0.01378	0.01934	0.01744	0.01165	0.01708	0.00971	0.01141	0.00703	0.00521	0.00509	0.00170	0.00795	0.00398	0.00234	0.00808
117	0.00698	0.00505	0.00661	0.00744	0.00806	0.00467	0.00511	0.00834	0.01185	0.01600	0.19812	0.59290	0.07667	0.01583	0.00692	0.00212	0.00306	0.01425	0.00536	0.00467
118	0.01497	0.65814	0.10386	0.01055	0.01547	0.09028	0.01071	0.01718	0.01170	0.01354	0.00801	0.00927	0.00710	0.00488	0.00386	0.00126	0.00652	0.00313	0.00241	0.00715
119	0.01313	0.01005	0.01405	0.32567	0.05184	0.01144	0.01161	0.02005	0.23894	0.11175	0.01782	0.03756	0.01446	0.00762	0.00584	0.00192	0.00577	0.08886	0.00433	0.00730
120	0.00850	0.00645	0.00952	0.00927	0.01005	0.00772	0.00720	0.00996	0.00869	0.01257	0.01364	0.02058	0.01290	0.04975	0.62291	0.08372	0.09314	0.00576	0.00287	0.00480
121	0.00675	0.00482	0.00643	0.00771	0.00803	0.00450	0.00514	0.00771	0.01060	0.01414	0.03053	0.80175	0.03663	0.01735	0.00707	0.00225	0.00321	0.01574	0.00514	0.00450
122	0.01191	0.01940	0.41285	0.01266	0.01814	0.01131	0.01417	0.09183	0.08246	0.04202	0.20462	0.02042	0.01986	0.00719	0.00566	0.00175	0.00611	0.00593	0.00405	0.00764
123	0.02485	0.00943	0.01285	0.00985	0.01414	0.00814	0.00814	0.02699	0.01585	0.77465	0.02185	0.01885	0.01371	0.00685	0.00557	0.00171	0.00471	0.00557	0.00685	0.00943
124	0.02031	0.01515	0.01620	0.01259	0.01689	0.01683	0.01035	0.67881	0.10079	0.03371	0.01424	0.01405	0.01018	0.00674	0.00555	0.00168	0.00592	0.00512	0.00555	0.00935
125	0.01317	0.01436	0.07669	0.01734	0.02270	0.01226	0.40890	0.09121	0.01381	0.01947	0.01144	0.03270	0.00904	0.00507	0.00571	0.00157	0.00739	0.00557	0.00323	0.22839
126	0.00666	0.00562	0.00577	0.00573	0.00755	0.00473	0.00430	0.00818	0.01290	0.01562	0.12089	0.05221	0.70337	0.01378	0.00654	0.00186	0.00279	0.01154	0.00523	0.00473
127	0.01079	0.01018	0.01721	0.71494	0.11268	0.01239	0.01555	0.01444	0.01123	0.01455	0.00990	0.01466	0.00752	0.00548	0.00553	0.00183	0.00730	0.00492	0.00249	0.00642
128	0.01221	0.13107	0.54671	0.01617	0.03802	0.01414	0.11508	0.01763	0.01192	0.03290	0.01006	0.01193	0.00739	0.00514	0.00521	0.00169	0.00793	0.00431	0.00251	0.00798
129	0.01075	0.01015	0.01715	0.72306	0.10483	0.01238	0.01553	0.01441	0.01121	0.01451	0.00990	0.01467	0.00751	0.00548	0.00553	0.00183	0.00731	0.00492	0.00249	0.00639
130	0.02485	0.00943	0.01285	0.00985	0.01414	0.00814	0.00814	0.02699	0.01585	0.77465	0.02185	0.01885	0.01371	0.00685	0.00557	0.00171	0.00471	0.00557	0.00685	0.00943
131	0.00677	0.00557	0.00596	0.00617	0.00774	0.00483	0.00451	0.00839	0.02603	0.01524	0.07871	0.19649	0.58543	0.01444	0.00663	0.00194	0.00291	0.01230	0.00519	0.00474
132	0.01214	0.04314	0.55296	0.01720	0.02453	0.01355	0.18490	0.05422	0.01271	0.01835	0.01034	0.01244	0.00745	0.00518	0.00552	0.00176	0.00829	0.00466	0.00260	0.00806
133	0.01043	0.00894	0.01440	0.64038	0.03204	0.01093	0.01316	0.01391	0.01118	0.01540	0.01143	0.01590	0.00870	0.00571	0.00522	0.00174	0.00646	0.00497	0.16314	0.00596
134	0.00748	0.00616	0.00655	0.00633	0.00821	0.00553	0.00478	0.02362	0.05614	0.01718	0.18870	0.04842	0.57527	0.01300	0.00647	0.00184	0.00292	0.01094	0.00536	0.00510
135	0.03378	0.01588	0.01427	0.16260	0.01978	0.24224	0.01060	0.04409	0.35780	0.01894	0.01535	0.01589	0.01172	0.00652	0.00537	0.00173	0.00667	0.00509	0.00415	0.00752
136	0.03873	0.39344	0.09916	0.01199	0.01628	0.32706	0.01099	0.01890	0.01304	0.01401	0.00827	0.00962	0.00708	0.00519	0.00430	0.00135	0.00775	0.00332	0.00259	0.00691
137	0.00784	0.00566	0.00740	0.00697	0.00827	0.00523	0.00523	0.01045	0.01568	0.02221	0.76789	0.04137	0.05226	0.01132	0.00653	0.00174	0.00261	0.01002	0.00610	0.00523
138	0.00944	0.01005	0.10270	0.00856	0.01146	0.00805	0.00757	0.01514	0.19443	0.03318	0.16647	0.03751	0.35243	0.01076	0.00615	0.00183	0.00385	0.00903	0.00512	0.00629
139	0.68423	0.09352	0.08021	0.00828	0.01227	0.01343	0.00767	0.01643	0.00982	0.02298	0.00791	0.00923	0.00620	0.00511	0.00361	0.00166	0.00481	0.00309	0.00322	0.00631
140	0.01378	0.01190	0.01252	0.01127	0.01440	0.01378	0.00877	0.02943	0.76081	0.02317	0.02254	0.02066	0.01691	0.00751	0.00564	0.00188	0.00438	0.00626	0.00564	0.00877
141	0.00793	0.00586	0.00852	0.00852	0.00937	0.00671	0.00644	0.00964	0.00879	0.01257	0.01519	0.02371	0.01469	0.14430	0.68181	0.00843	0.01356	0.00622	0.00302	0.00473
142	0.01843	0.05159	0.08113	0.08484	0.01932	0.60427	0.01178	0.02051	0.01471	0.01396	0.00978	0.01145	0.02336	0.00580	0.00505	0.00149	0.00930	0.00389	0.00281	0.00653
143	0.01481	0.80869	0.02902	0.00948	0.01421	0.02191	0.00948	0.01658	0.01125	0.01303	0.00770	0.00888	0.00711	0.00474	0.00355	0.00118	0.00592	0.00296	0.00237	0.00711
144	0.00682	0.00487	0.00651	0.00779	0.00815	0.00456	0.00527	0.00784	0.01067	0.01422	0.03049	0.77749	0.03647	0.01728	0.00709	0.00226	0.00328	0.03929	0.00514	0.00452
145	0.01241	0.01246	0.01697	0.60329	0.09441	0.11306	0.01474	0.03964	0.01229	0.01507	0.00984	0.01401	0.00753	0.00555	0.00546	0.00177	0.00761	0.00475	0.00264	0.00651
146	0.01259	0.13918	0.03203	0.03244	0.08961	0.01069	0.00869	0.11302	0.01371	0.08678	0.04945	0.34559	0.02237	0.01080	0.00589	0.00184	0.00473	0.00940	0.00456	0.00663
147	0.01110	0.01063	0.01801	0.62506	0.05219	0.01263	0.08962	0.01597	0.07955	0.01543	0.01115	0.01530	0.00839	0.00561	0.00565	0.00185	0.00729	0.00521	0.00279	0.00659
148	0.00670	0.00562	0.00582	0.00577	0.00758	0.00474	0.00433	0.00825	0.01299	0.01583	0.14110	0.05188	0.68303	0.01370	0.00654	0.00185	0.00278	0.01149	0.00526	0.00474
149	0.00805	0.00537	0.00604	0.00604	0.00604	0.00537	0.00336	0.00805	0.00805	0.01074	0.01745	0.03624	0.02013	0.80536	0.02819	0.00537	0.00537	0.00805	0.00336	0.00336
150	0.01852	0.01361	0.01491	0.01203	0.01576	0.01492	0.00987	0.60921	0.02328	0.03115	0.01650	0.09006	0.01418	0.00850	0.00589	0.00181	0.00573	0.08008	0.00546	0.00853
151	0.01377	0.01333	0.02224	0.04877	0.74246	0.02717	0.01685	0.01703	0.01264	0.01793	0.01037	0.01366	0.00872	0.00496	0.00548	0.00164	0.00666	0.00491	0.00274	0.00868
152	0.01145	0.01134	0.01427	0.01266	0.01348	0.09107	0.03122	0.01306	0.00950	0.01330	0.01034	0.01558	0.00975	0.02104	0.30238	0.00473	0.40126	0.00517	0.00268	0.00572
153	0.01223	0.01036	0.01262	0.11084	0.01676	0.00892	0.00808	0.08167	0.01277	0.01908	0.01016	0.01208	0.00821	0.00452	0.00442	0.00103	0.00471	0.00365	0.00338	0.65450
154	0.01419	0.35477	0.22799	0.01293	0.01790	0.08101	0.05557	0.01732	0.01169	0.04546	0.00923	0.01107	0.00756	0.00623	0.01985	0.00169	0.09171	0.00388	0.00262	0.00731
155	0.00735	0.00738	0.08488	0.00836	0.00963	0.00546	0.00665	0.00906	0.01132	0.01542	0.11989	0.59493	0.04859	0.03441	0.00732	0.00220	0.00369	0.01359	0.00493	0.00494
156	0.00805	0.00537	0.00604	0.00604	0.00604	0.00537	0.00336	0.00805	0.00805	0.01074	0.01745	0.03624	0.02013	0.80536	0.02819	0.00537	0.00537	0.00805	0.00336	0.00336
157	0.01148	0.00984	0.01148	0.00820	0.01312	0.00738	0.00656	0.01395	0.01148	0.01805	0.00984	0.01148	0.00820	0.00410	0.00410	0.00082	0.00410	0.00328	0.00328	0.83922
158	0.01234	0.03847	0.55146	0.01618	0.08597	0.01289	0.01765	0.08399	0.01305	0.01914	0.01023	0.01194	0.00751	0.00523	0.00516	0.00163	0.00740	0.00414	0.00276	0.09287
159	0.01217	0.02583	0.64276	0.01663	0.04457	0.01269	0.08610	0.01810	0.01209	0.06243	0.01077	0.01247	0.00759	0.00529	0.00540	0.00176	0.00804	0.00443	0.00266	0.00821
160	0.00767	0.00565	0.00717	0.00679	0.00817	0.00515	0.00509	0.01013	0.01528	0.02127	0.67567	0.04292	0.14507	0.01167	0.00653	0.00176	0.00264	0.01023	0.00597	0.00515
161	0.00801	0.00553	0.00686	0.00686	0.00715	0.00582	0.00438	0.00858	0.00830	0.01135	0.01670	0.03208	0.01833	0.58560	0.24547	0.00639	0.00809	0.00744	0.00324	0.00381
162	0.01987	0.02467	0.01532	0.01391	0.01680	0.69175	0.01047	0.02298	0.10420	0.01470	0.01022	0.01126	0.00829	0.00592	0.00507	0.00148	0.00932	0.00389	0.00318	0.00670
163	0.00823	0.07452	0.00949	0.00845	0.00997	0.00685	0.02116	0.00998	0.01196	0.01514	0.03453	0.27486	0.22479	0.01446	0.00681	0.00215	0.00409	0.25267	0.00484	0.00503
164	0.01296	0.09793	0.54417	0.03314	0.09844	0.01330	0.01785	0.01818	0.01211	0.08601	0.01086	0.01235	0.00782	0.00533	0.00516	0.00169	0.00748	0.00422	0.00280	0.00821
165	0.01664	0.01315	0.01356	0.01160	0.01509	0.05235	0.00917	0.17910	0.50311	0.09352	0.01986	0.01843	0.01457	0.00718	0.00558	0.00180	0.00505	0.00580	0.00559	0.00884
166	0.00805	0.00537	0.00604	0.00604	0.00604	0.00537	0.00336	0.00805	0.00805	0.01074	0.01745	0.03624	0.02013	0.80536	0.02819	0.00537	0.00537	0.00805	0.00336	0.00336
167	0.01282	0.01252	0.01889	0.17346	0.47502	0.06997	0.01487	0.01583	0.01240	0.01662	0.01273	0.07662	0.01177	0.00662	0.00570	0.00176	0.00665	0.04517	0.00301	0.00757
168	0.00962	0.00481	0.00722	0.00722	0.00722	0.00481	0.00481	0.00722	0.00722	0.00962	0.00962	0.01684	0.00962	0.01924	0.02165	0.83886	0.00481	0.00481	0.00241	0.00241
169	0.02187	0.01420	0.01581	0.01212	0.01652	0.01522	0.01001	0.59557	0.02384	0.19479	0.01515	0.01450	0.01035	0.00669	0.00555	0.00167	0.00580	0.00511	0.00582	0.00942
170	0.00805	0.00537	0.00604	0.00604	0.00604	0.00537	0.00336	0.00805	0.00805	0.01074	0.01745	0.03624	0.02013	0.80536	0.02819	0.00537	0.00537	0.00805	0.00336	0.00336
171	0.84448	0.01071	0.00814	0.00728	0.01071	0.01242	0.00600	0.01628	0.00943	0.02485	0.00771	0.00900	0.00600	0.00514	0.00343	0.00171	0.00428	0.00300	0.00343	0.00600
172	0.00655	0.00561	0.00561	0.00561	0.00748	0.00468	0.00421	0.00795	0.01262	0.01496	0.05610	0.05330	0.76857	0.01403	0.00655	0.00187	0.00281	0.01169	0.00514	0.00468
173	0.00675	0.00482	0.00643	0.00771	0.00803	0.00450	0.00514	0.00771	0.01060	0.01414	0.03053	0.80175	0.03663	0.01735	0.00707	0.00225	0.00321	0.01574	0.00514	0.00450
174	0.00805	0.00537	0.00604	0.00604	0.00604	0.00537	0.00336	0.00805	0.00805	0.01074	0.01745	0.03624	0.02013	0.80536	0.02819	0.00537	0.00537	0.00805	0.00336	0.00336
175	0.02105	0.01551	0.01662	0.01274	0.01717	0.01717	0.01053	0.75235	0.02604	0.03490	0.01330	0.01330	0.00942	0.00665	0.00554	0.00166	0.00609	0.00499	0.00554	0.00942
176	0.01046	0.00984	0.01661	0.79205	0.03814	0.01230	0.01538	0.01415	0.01107	0.01415	0.00984	0.01477	0.00738	0.00554	0.00554	0.00185	0.00738	0.00492	0.00246	0.00615
177	0.00680	0.00486	0.00649	0.00777	0.00812	0.00454	0.00523	0.00780	0.01066	0.01420	0.03050	0.78383	0.03651	0.01730	0.00708	0.00226	0.00326	0.03314	0.00514	0.00451
178	0.00784	0.00566	0.00740	0.00697	0.00827	0.00523	0.00523	0.01045	0.01568	0.02221	0.76789	0.04137	0.05226	0.01132	0.00653	0.00174	0.00261	0.01002	0.00610	0.00523
179	0.01055	0.00994	0.01678	0.77031	0.05916	0.01233	0.01543	0.01423	0.01112	0.01426	0.00986	0.01474	0.00742	0.00552	0.00554	0.00184	0.00736	0.00492	0.00247	0.00623
180	0.00675	0.00482	0.00643	0.00771	0.00803	0.00450	0.00514	0.00771	0.01060	0.01414	0.03053	0.80175	0.03663	0.01735	0.00707	0.00225	0.00321	0.01574	0.00514	0.00450
181	0.01147	0.01037	0.03273	0.00841	0.01343	0.00753	0.00695	0.01405	0.01149	0.01803	0.00985	0.01149	0.00817	0.00413	0.00413	0.00085	0.00421	0.00330	0.00326	0.81615
182	0.02105	0.01551	0.01662	0.01274	0.01717	0.01717	0.01053	0.75235	0.02604	0.03490	0.01330	0.01330	0.00942	0.00665	0.00554	0.00166	0.00609	0.00499	0.00554	0.00942
183	0.00848	0.00608	0.00838	0.00947	0.01063	0.00598	0.00797	0.01079	0.01271	0.01672	0.09720	0.16400	0.04781	0.01520	0.00745	0.00242	0.00457	0.55393	0.00520	0.00502

[dist]
# distance from previous block
# <min> <max>
0	1

[block]
# block no. 2 follows, 43 sequences, length 28
# corresponding to MSA columns:
# 396-423
name=unknown_C
#
# <colnr> <probs for GDERKNQSTAVLIFYWHMCP>
#	G	D	E	R	K	N	Q	S	T	A	V	L	I	F	Y	W	H	M	C	P
0	0.68968	0.01241	0.06227	0.00977	0.01377	0.01264	0.09589	0.01654	0.01001	0.02351	0.00828	0.00989	0.00635	0.00509	0.00392	0.00173	0.00515	0.00349	0.00328	0.00632
1	0.01239	0.01206	0.02011	0.37366	0.39273	0.03105	0.04684	0.01587	0.01201	0.01620	0.01015	0.01415	0.00809	0.00521	0.00554	0.00174	0.00714	0.00496	0.00262	0.00749
2	0.00763	0.00548	0.00705	0.00697	0.00799	0.00509	0.00500	0.00966	0.01394	0.01945	0.54348	0.17775	0.06562	0.08954	0.00873	0.00219	0.00299	0.01090	0.00563	0.00490
3	0.02447	0.00951	0.01284	0.00990	0.01415	0.00833	0.00816	0.02707	0.04160	0.74868	0.02187	0.01891	0.01382	0.00688	0.00557	0.00172	0.00470	0.00559	0.00681	0.00940
4	0.00675	0.00482	0.00643	0.00771	0.00803	0.00450	0.00514	0.00771	0.01060	0.01414	0.03053	0.80175	0.03663	0.01735	0.00707	0.00225	0.00321	0.01574	0.00514	0.00450
5	0.00768	0.00566	0.00719	0.00681	0.00818	0.00516	0.00510	0.01015	0.01531	0.02134	0.68289	0.04279	0.13780	0.01165	0.00653	0.00176	0.00264	0.01022	0.00598	0.00516
6	0.01148	0.00984	0.01148	0.00820	0.01312	0.00738	0.00656	0.01395	0.01148	0.01805	0.00984	0.01148	0.00820	0.00410	0.00410	0.00082	0.00410	0.00328	0.00328	0.83922
7	0.00943	0.00488	0.00707	0.00707	0.00707	0.00488	0.00464	0.00732	0.00732	0.00975	0.01056	0.01915	0.01088	0.11312	0.02243	0.73933	0.00488	0.00520	0.00252	0.00252
8	0.12273	0.00958	0.01229	0.00955	0.01373	0.00865	0.00788	0.02571	0.01508	0.68511	0.02016	0.01767	0.01279	0.00665	0.00531	0.00171	0.00466	0.00526	0.00645	0.00902
9	0.01481	0.80869	0.02902	0.00948	0.01421	0.02191	0.00948	0.01658	0.01125	0.01303	0.00770	0.00888	0.00711	0.00474	0.00355	0.00118	0.00592	0.00296	0.00237	0.00711
10	0.00892	0.00637	0.00892	0.01020	0.01147	0.00637	0.00892	0.01147	0.01275	0.01657	0.02932	0.06247	0.03187	0.01530	0.00765	0.00255	0.00510	0.73354	0.00510	0.00510
11	0.00683	0.00488	0.00652	0.00781	0.00817	0.00457	0.00529	0.00786	0.01069	0.01423	0.03048	0.77260	0.03644	0.01727	0.00709	0.00226	0.00329	0.04404	0.00514	0.00452
12	0.02069	0.02640	0.01569	0.01427	0.01712	0.78313	0.01070	0.02212	0.01569	0.01355	0.00856	0.00999	0.00713	0.00571	0.00499	0.00143	0.00999	0.00357	0.00285	0.00642
13	0.01212	0.01212	0.01696	0.01454	0.01454	0.01696	0.01212	0.01333	0.00848	0.01333	0.00727	0.01212	0.00727	0.00969	0.01818	0.00242	0.79523	0.00485	0.00242	0.00606
14	0.01993	0.11235	0.01758	0.01248	0.01651	0.18713	0.01025	0.48206	0.02158	0.02716	0.01171	0.01224	0.00877	0.00621	0.00514	0.00154	0.00684	0.00443	0.02772	0.00836
15	0.01177	0.00774	0.00826	0.00711	0.00964	0.00755	0.00553	0.06872	0.10210	0.02141	0.01645	0.01811	0.01286	0.00608	0.00425	0.00128	0.00338	0.00487	0.49391	0.18898
16	0.01148	0.07193	0.67378	0.01604	0.02382	0.01347	0.07906	0.01750	0.01178	0.01730	0.00991	0.01180	0.00713	0.00518	0.00527	0.00173	0.00815	0.00423	0.00238	0.00807
17	0.00784	0.00566	0.00740	0.00697	0.00827	0.00523	0.00523	0.01045	0.01568	0.02221	0.76789	0.04137	0.05226	0.01132	0.00653	0.00174	0.00261	0.01002	0.00610	0.00523
18	0.01231	0.18978	0.49762	0.01467	0.05131	0.01488	0.01662	0.01874	0.10109	0.01729	0.01099	0.01226	0.00829	0.00541	0.00496	0.00164	0.00719	0.00415	0.00276	0.00805
19	0.01500	0.01194	0.01279	0.01126	0.01455	0.01358	0.00883	0.07276	0.66392	0.07701	0.02194	0.02009	0.01623	0.00742	0.00563	0.00185	0.00451	0.00614	0.00572	0.00885
20	0.00804	0.00542	0.00628	0.00628	0.00637	0.00550	0.00366	0.00821	0.00813	0.01092	0.01723	0.03501	0.01960	0.74022	0.09259	0.00567	0.00618	0.00787	0.00332	0.00349
21	0.00675	0.00482	0.00643	0.00771	0.00803	0.00450	0.00514	0.00771	0.01060	0.01414	0.03053	0.80175	0.03663	0.01735	0.00707	0.00225	0.00321	0.01574	0.00514	0.00450
22	0.01481	0.80869	0.02902	0.00948	0.01421	0.02191	0.00948	0.01658	0.01125	0.01303	0.00770	0.00888	0.00711	0.00474	0.00355	0.00118	0.00592	0.00296	0.00237	0.00711
23	0.00795	0.00579	0.00816	0.00816	0.00889	0.00652	0.00600	0.00941	0.00868	0.01231	0.01551	0.02551	0.01548	0.23952	0.58767	0.00799	0.01238	0.00648	0.00307	0.00453
24	0.01481	0.80869	0.02902	0.00948	0.01421	0.02191	0.00948	0.01658	0.01125	0.01303	0.00770	0.00888	0.00711	0.00474	0.00355	0.00118	0.00592	0.00296	0.00237	0.00711
25	0.01435	0.01327	0.02165	0.10264	0.51741	0.01371	0.07378	0.11803	0.03481	0.02013	0.01115	0.01404	0.00892	0.00528	0.00558	0.00169	0.00675	0.00510	0.00318	0.00851
26	0.11846	0.01487	0.01565	0.01219	0.01639	0.06153	0.04061	0.51431	0.02167	0.05891	0.03146	0.01350	0.01002	0.00635	0.00527	0.00163	0.00603	0.00481	0.00499	0.04136
27	0.02080	0.01605	0.01644	0.01279	0.01708	0.06316	0.01048	0.68548	0.04872	0.03325	0.01330	0.01333	0.00952	0.00662	0.00551	0.00165	0.00627	0.00494	0.00538	0.00922

[dist]
# distance from previous block
# <min> <max>
0	1

[block]
# block no. 3 follows, 43 sequences, length 38
# corresponding to MSA columns:
# 425-462
name=unknown_D
#
# <colnr> <probs for GDERKNQSTAVLIFYWHMCP>
#	G	D	E	R	K	N	Q	S	T	A	V	L	I	F	Y	W	H	M	C	P
0	0.04316	0.01425	0.04762	0.04947	0.34965	0.01350	0.36451	0.01726	0.01264	0.01804	0.01066	0.01410	0.00841	0.00484	0.00590	0.00176	0.00787	0.00560	0.00278	0.00796
1	0.68393	0.01165	0.00979	0.00835	0.01197	0.01335	0.00688	0.15980	0.01266	0.02681	0.00880	0.00984	0.00666	0.00543	0.00384	0.00170	0.00464	0.00339	0.00384	0.00666
2	0.00721	0.00564	0.00653	0.00630	0.00789	0.00496	0.00473	0.00923	0.01418	0.01866	0.41952	0.04721	0.40284	0.01265	0.00654	0.00180	0.00271	0.01083	0.00563	0.00496
3	0.00847	0.00637	0.00787	0.00738	0.00888	0.00619	0.00554	0.01246	0.10111	0.02168	0.62950	0.03937	0.07895	0.03334	0.00704	0.00187	0.00290	0.00960	0.00592	0.00556
4	0.00877	0.00587	0.00646	0.00636	0.00676	0.00602	0.00385	0.01032	0.06858	0.01287	0.01793	0.03320	0.01919	0.64967	0.02359	0.00462	0.00497	0.00758	0.09941	0.00400
5	0.01346	0.01120	0.01208	0.01077	0.01384	0.01259	0.00842	0.04565	0.61390	0.03706	0.08144	0.02286	0.01951	0.00785	0.00569	0.00183	0.00430	0.02684	0.00557	0.04513
6	0.01341	0.01098	0.01183	0.01080	0.01366	0.01248	0.00832	0.02683	0.64446	0.05237	0.02343	0.11052	0.01905	0.00862	0.00580	0.00191	0.00426	0.00733	0.00563	0.00830
7	0.03822	0.76102	0.02793	0.00943	0.01411	0.02121	0.00934	0.01691	0.01135	0.03762	0.00815	0.00920	0.00729	0.00482	0.00361	0.00122	0.00584	0.00305	0.00254	0.00715
8	0.03707	0.00999	0.01683	0.71139	0.03607	0.01220	0.04836	0.01428	0.01123	0.01487	0.02973	0.01529	0.00856	0.00564	0.00554	0.00184	0.00725	0.00507	0.00260	0.00618
9	0.11250	0.01154	0.01366	0.01038	0.01479	0.01109	0.04395	0.20813	0.03583	0.16968	0.02910	0.01413	0.01049	0.00568	0.00489	0.00141	0.00499	0.00451	0.00467	0.28858
10	0.00791	0.00593	0.00890	0.00890	0.00989	0.00692	0.00692	0.00989	0.00890	0.01286	0.01483	0.02176	0.01385	0.04154	0.78341	0.00890	0.01483	0.00593	0.00297	0.00494
