[name]
unknown

[dist]
# distance from previous block
# <min> <max>
0	74

[block]
# block no. 0 follows, 46 sequences, length 16
# corresponding to MSA columns:
# 88-103
name=unknown_A
#
# <colnr> <probs for GDERKNQSTAVLIFYWHMCP>
#	G	D	E	R	K	N	Q	S	T	A	V	L	I	F	Y	W	H	M	C	P
0	0.00711	0.00514	0.00690	0.00773	0.00847	0.00492	0.00574	0.00868	0.01136	0.01526	0.15739	0.44974	0.06271	0.01632	0.05019	0.00246	0.00394	0.16642	0.00494	0.00456
1	0.17321	0.05608	0.01290	0.08081	0.01514	0.01050	0.02667	0.04325	0.10052	0.36224	0.03372	0.03717	0.01235	0.00639	0.00491	0.00165	0.00475	0.00510	0.00498	0.00764
2	0.01735	0.09360	0.01630	0.16555	0.01997	0.57228	0.01097	0.01916	0.01375	0.01300	0.00833	0.01032	0.00685	0.00533	0.00474	0.00142	0.00870	0.00360	0.00261	0.00614
3	0.01108	0.00982	0.01197	0.00900	0.01279	0.00882	0.00729	0.01320	0.01041	0.01636	0.00892	0.01108	0.00766	0.00495	0.00651	0.00108	0.15872	0.00342	0.00297	0.68396
4	0.17026	0.00619	0.00739	0.00772	0.00875	0.00637	0.02555	0.00947	0.01000	0.01571	0.05691	0.53515	0.02766	0.05938	0.00746	0.00219	0.02327	0.01151	0.00441	0.00465
5	0.64051	0.01105	0.05410	0.16105	0.01601	0.01186	0.00825	0.01522	0.00943	0.02134	0.00788	0.00980	0.00604	0.00499	0.00376	0.00166	0.00488	0.00328	0.00303	0.00587
6	0.02313	0.00909	0.01224	0.00942	0.01343	0.00798	0.00777	0.04992	0.01545	0.73762	0.04260	0.01844	0.01402	0.00666	0.00534	0.00163	0.00448	0.00542	0.00648	0.00888
7	0.00724	0.00539	0.00674	0.00640	0.00775	0.00489	0.00480	0.00951	0.01440	0.01986	0.63828	0.04169	0.19088	0.01131	0.00624	0.00169	0.00253	0.00987	0.00564	0.00489
8	0.01067	0.01224	0.08925	0.53512	0.03299	0.01220	0.20257	0.01466	0.01110	0.01466	0.00973	0.01387	0.00726	0.00505	0.00550	0.00176	0.00758	0.00501	0.00242	0.00636
9	0.01091	0.00769	0.00879	0.00801	0.00992	0.00776	0.00600	0.14940	0.08271	0.06808	0.14662	0.19144	0.17168	0.09654	0.00823	0.00215	0.00382	0.00932	0.00509	0.00585
10	0.01176	0.00913	0.01021	0.00960	0.01176	0.01001	0.00724	0.09836	0.38243	0.04689	0.02339	0.31330	0.02228	0.01056	0.00588	0.00190	0.00395	0.00919	0.00523	0.00694
11	0.00766	0.00523	0.00629	0.00629	0.00648	0.00541	0.00386	0.00803	0.00784	0.01064	0.01617	0.03192	0.01806	0.66444	0.17509	0.00578	0.00687	0.00730	0.00313	0.00350
12	0.03378	0.08295	0.44159	0.01266	0.01852	0.08203	0.01437	0.01836	0.01243	0.16504	0.05950	0.01384	0.01063	0.00568	0.00497	0.00159	0.00674	0.00438	0.00336	0.00758
13	0.25105	0.01267	0.01525	0.12958	0.31268	0.10035	0.01175	0.01670	0.05152	0.01830	0.00997	0.01299	0.00819	0.00529	0.00469	0.00162	0.00599	0.02149	0.00298	0.00693
14	0.02277	0.00949	0.01244	0.00965	0.01367	0.00863	0.00794	0.06668	0.06953	0.68908	0.02045	0.01782	0.01308	0.00658	0.00532	0.00164	0.00455	0.00533	0.00639	0.00895
15	0.01314	0.00719	0.00889	0.00784	0.01017	0.00669	0.00616	0.08195	0.01447	0.23982	0.19393	0.12006	0.16505	0.01023	0.00586	0.00174	0.00359	0.04498	0.05193	0.00632

[dist]
# distance from previous block
# <min> <max>
2	11

[block]
# block no. 1 follows, 46 sequences, length 12
# corresponding to MSA columns:
# 117-128
name=unknown_B
#
# <colnr> <probs for GDERKNQSTAVLIFYWHMCP>
#	G	D	E	R	K	N	Q	S	T	A	V	L	I	F	Y	W	H	M	C	P
0	0.01448	0.30599	0.01894	0.04768	0.01531	0.14856	0.02338	0.09566	0.01294	0.01602	0.00925	0.03134	0.00805	0.00527	0.00471	0.00125	0.03597	0.00375	0.00295	0.19850
1	0.06383	0.00875	0.01016	0.00778	0.01163	0.00725	0.00618	0.01428	0.04131	0.07291	0.15492	0.01701	0.01629	0.00558	0.00447	0.00110	0.00371	0.00459	0.00397	0.54429
2	0.02020	0.00967	0.01225	0.01001	0.03094	0.00923	0.00782	0.15598	0.04108	0.49747	0.04803	0.01952	0.01439	0.08945	0.00756	0.00199	0.00475	0.00563	0.00582	0.00821
3	0.01833	0.06378	0.08545	0.03398	0.01597	0.02702	0.00995	0.31339	0.06522	0.23477	0.01526	0.04607	0.01113	0.00651	0.00517	0.00159	0.00547	0.00513	0.00497	0.03085
4	0.00856	0.00611	0.00724	0.00716	0.00802	0.00598	0.00478	0.07924	0.01076	0.01457	0.05121	0.33540	0.02494	0.34271	0.01471	0.00321	0.00420	0.01008	0.00417	0.05695
5	0.01466	0.22478	0.04738	0.15915	0.01839	0.12337	0.01032	0.11992	0.04743	0.06371	0.05162	0.01381	0.01060	0.00679	0.02778	0.00169	0.02141	0.00439	0.02594	0.00685
6	0.55971	0.01009	0.01047	0.23456	0.01801	0.01184	0.00848	0.03827	0.01012	0.04449	0.00852	0.01058	0.00643	0.00511	0.00397	0.00167	0.00500	0.00352	0.00317	0.00597
7	0.01477	0.01193	0.01849	0.08914	0.50569	0.03319	0.01380	0.06682	0.01304	0.12352	0.01150	0.01386	0.00895	0.00578	0.00597	0.04146	0.00608	0.00475	0.00330	0.00795
8	0.01413	0.81739	0.02770	0.00905	0.01357	0.02092	0.00905	0.01583	0.01074	0.01244	0.00735	0.00848	0.00678	0.00452	0.00339	0.00113	0.00565	0.00283	0.00226	0.00678
9	0.00898	0.00467	0.00673	0.00673	0.00673	0.00467	0.00440	0.00700	0.00700	0.00933	0.01021	0.01863	0.01057	0.12826	0.02152	0.73006	0.00467	0.00502	0.00242	0.00242
10	0.73579	0.01038	0.00835	0.00748	0.01071	0.01204	0.00609	0.01727	0.11431	0.02350	0.00932	0.01013	0.00716	0.00522	0.00356	0.00166	0.00410	0.00329	0.00356	0.00609
11	0.13283	0.00815	0.01007	0.00828	0.01137	0.00766	0.00667	0.01967	0.03647	0.42764	0.24691	0.02321	0.02323	0.00762	0.00531	0.00165	0.00383	0.00627	0.00584	0.00732

[dist]
# distance from previous block
# <min> <max>
0	1

[block]
# block no. 2 follows, 46 sequences, length 12
# corresponding to MSA columns:
# 130-141
name=unknown_C
#
# <colnr> <probs for GDERKNQSTAVLIFYWHMCP>
#	G	D	E	R	K	N	Q	S	T	A	V	L	I	F	Y	W	H	M	C	P
0	0.01305	0.53180	0.19572	0.01154	0.01687	0.01768	0.08000	0.01602	0.01100	0.01402	0.00822	0.00972	0.00693	0.00460	0.00404	0.00129	0.00635	0.00339	0.00233	0.04543
1	0.00689	0.00498	0.00646	0.00718	0.00779	0.00458	0.00485	0.00799	0.01052	0.01430	0.11209	0.61986	0.03400	0.07926	0.00816	0.00226	0.00321	0.01321	0.00478	0.04762
2	0.00769	0.00513	0.00577	0.00577	0.00577	0.00513	0.00320	0.00769	0.00769	0.01025	0.01666	0.03460	0.01922	0.81421	0.02691	0.00513	0.00513	0.00769	0.00320	0.00320
3	0.01079	0.01167	0.07940	0.58972	0.03276	0.01219	0.10351	0.04060	0.03908	0.01517	0.01011	0.01404	0.00753	0.00527	0.00538	0.00175	0.00718	0.00487	0.00259	0.00638
4	0.01355	0.10382	0.05311	0.04856	0.11306	0.06788	0.10714	0.09578	0.02573	0.01639	0.00901	0.01197	0.00761	0.00660	0.00949	0.00182	0.29423	0.00457	0.00279	0.00689
5	0.00850	0.00584	0.00676	0.00650	0.00691	0.00603	0.00406	0.05888	0.00915	0.01234	0.03935	0.03189	0.01887	0.65813	0.10116	0.00512	0.00599	0.00735	0.00339	0.00380
6	0.00661	0.00468	0.00613	0.00717	0.00749	0.00440	0.00474	0.00750	0.01007	0.01347	0.05716	0.70333	0.03398	0.09579	0.00874	0.00242	0.00325	0.01408	0.00477	0.00421
7	0.01007	0.00745	0.00955	0.00826	0.00942	0.00765	0.06536	0.13250	0.01098	0.01472	0.01581	0.05065	0.01692	0.57314	0.04219	0.00429	0.00573	0.00724	0.00354	0.00454
8	0.01381	0.49751	0.19584	0.01189	0.01721	0.01727	0.09542	0.01683	0.01132	0.06596	0.00911	0.01036	0.00733	0.00476	0.00420	0.00136	0.00642	0.00362	0.00259	0.00720
9	0.01270	0.18798	0.23636	0.05701	0.04209	0.06875	0.28916	0.01674	0.01181	0.01549	0.00939	0.01182	0.00727	0.00474	0.00513	0.00158	0.00780	0.00456	0.00245	0.00714
10	0.36327	0.07934	0.05253	0.00973	0.01368	0.06718	0.00844	0.24686	0.01485	0.05214	0.00974	0.01048	0.00729	0.00538	0.00420	0.00153	0.00532	0.00364	0.00383	0.04058
11	0.47644	0.01024	0.01037	0.03742	0.01277	0.02517	0.03408	0.04754	0.05056	0.16564	0.07291	0.01399	0.01146	0.00587	0.00429	0.00165	0.00449	0.00429	0.00421	0.00661

[dist]
# distance from previous block
# <min> <max>
3	12

[block]
# block no. 3 follows, 46 sequences, length 56
# corresponding to MSA columns:
# 157-212
name=unknown_D
#
# <colnr> <probs for GDERKNQSTAVLIFYWHMCP>
#	G	D	E	R	K	N	Q	S	T	A	V	L	I	F	Y	W	H	M	C	P
0	0.00739	0.00540	0.00694	0.00655	0.00784	0.00495	0.00491	0.00979	0.01474	0.02067	0.72308	0.04036	0.10557	0.01100	0.00624	0.00167	0.00251	0.00968	0.00575	0.00495
1	0.01096	0.00940	0.01096	0.00783	0.01253	0.00705	0.00626	0.01331	0.01096	0.01723	0.00940	0.01096	0.00783	0.00392	0.00392	0.00078	0.00392	0.00313	0.00313	0.84653
2	0.00713	0.00810	0.10576	0.00705	0.00928	0.00558	0.00623	0.00920	0.01210	0.01565	0.18297	0.11199	0.43455	0.05216	0.00717	0.00195	0.00346	0.01010	0.00466	0.00491
3	0.00642	0.00470	0.00603	0.00710	0.00760	0.00432	0.00479	0.00739	0.01037	0.01360	0.03226	0.71354	0.13017	0.01616	0.00668	0.00210	0.00302	0.01453	0.00491	0.00432
4	0.01666	0.31081	0.05303	0.01167	0.01536	0.36599	0.01000	0.05186	0.09056	0.01474	0.00948	0.01039	0.00784	0.00531	0.00436	0.00135	0.00735	0.00354	0.00292	0.00679
5	0.04616	0.01134	0.03371	0.03636	0.03477	0.01071	0.00866	0.23146	0.01558	0.17160	0.01330	0.04785	0.01022	0.00601	0.00529	0.00140	0.03455	0.00471	0.00441	0.27190
6	0.01711	0.01312	0.04205	0.01240	0.05797	0.01365	0.00975	0.42193	0.16834	0.08807	0.08616	0.01696	0.01441	0.00680	0.00538	0.00164	0.00518	0.00546	0.00520	0.00842
7	0.01627	0.01512	0.01359	0.01141	0.01490	0.18489	0.00898	0.23063	0.29870	0.02261	0.01456	0.01439	0.01102	0.00614	0.00503	0.00151	0.00578	0.00471	0.00448	0.11529
8	0.00709	0.00531	0.00642	0.00689	0.00795	0.00489	0.00502	0.00839	0.01131	0.03070	0.08184	0.36886	0.31817	0.03035	0.00717	0.00205	0.02096	0.06718	0.00490	0.00455
9	0.13394	0.05882	0.01558	0.22616	0.15644	0.02476	0.01135	0.09975	0.05920	0.03873	0.01099	0.03986	0.00898	0.00596	0.00569	0.00166	0.05977	0.00470	0.00327	0.03438
10	0.03950	0.00640	0.00917	0.11457	0.01227	0.00684	0.00676	0.01096	0.00902	0.11031	0.01329	0.10159	0.01266	0.06258	0.04200	0.38465	0.04395	0.00598	0.00323	0.00427
11	0.00679	0.00531	0.00615	0.00616	0.00758	0.00468	0.00459	0.00854	0.01293	0.01681	0.31917	0.12528	0.41231	0.01279	0.00632	0.00179	0.00271	0.03020	0.00525	0.00465
12	0.01212	0.01319	0.04866	0.07686	0.18375	0.01203	0.40693	0.01595	0.01196	0.01680	0.01020	0.01337	0.00795	0.00450	0.00555	0.00157	0.00738	0.00523	0.00270	0.14329
13	0.01163	0.00967	0.01120	0.00817	0.01262	0.00781	0.00655	0.08449	0.01252	0.01899	0.05520	0.01281	0.01043	0.00455	0.00418	0.00091	0.00401	0.00367	0.00350	0.71707
14	0.01871	0.02336	0.01539	0.01506	0.07948	0.69116	0.01065	0.02023	0.01442	0.01328	0.00844	0.01015	0.00710	0.00632	0.02452	0.00158	0.02759	0.00360	0.00271	0.00627
15	0.01431	0.01216	0.01259	0.01103	0.01419	0.03080	0.00865	0.13527	0.64603	0.02355	0.01994	0.01847	0.01489	0.00701	0.00535	0.00175	0.00454	0.00574	0.00531	0.00841
16	0.00644	0.00460	0.00613	0.00736	0.00767	0.00429	0.00491	0.00736	0.01012	0.01350	0.02914	0.81076	0.03497	0.01656	0.00675	0.00215	0.00307	0.01503	0.00491	0.00429
17	0.00748	0.00540	0.00707	0.00665	0.00790	0.00499	0.00499	0.00998	0.01496	0.02120	0.77844	0.03949	0.04988	0.01081	0.00624	0.00166	0.00249	0.00956	0.00582	0.00499
18	0.00998	0.00940	0.01586	0.80150	0.03641	0.01175	0.01468	0.01351	0.01057	0.01351	0.00940	0.01409	0.00705	0.00529	0.00529	0.00176	0.00705	0.00470	0.00235	0.00587
19	0.00766	0.00524	0.00633	0.00633	0.00652	0.00543	0.00390	0.00805	0.00785	0.01067	0.01614	0.03176	0.01799	0.65525	0.18419	0.00582	0.00698	0.00727	0.00313	0.00351
20	0.00993	0.00923	0.01540	0.73659	0.03423	0.01151	0.01407	0.01324	0.01058	0.01366	0.03550	0.01492	0.00854	0.00584	0.00596	0.01770	0.03001	0.00486	0.00247	0.00577
21	0.82177	0.01018	0.00793	0.00704	0.01034	0.01171	0.00580	0.01591	0.00922	0.05111	0.00785	0.00893	0.00599	0.00497	0.00335	0.00164	0.00410	0.00295	0.00339	0.00584
22	0.00847	0.00605	0.00847	0.00968	0.01088	0.00605	0.00844	0.01088	0.01213	0.01577	0.02802	0.07590	0.03052	0.01465	0.00729	0.00243	0.00483	0.72983	0.00487	0.00486
23	0.00680	0.00535	0.00614	0.00600	0.00749	0.00469	0.00448	0.00864	0.01329	0.01734	0.37575	0.07014	0.43035	0.01234	0.00626	0.00174	0.00261	0.01057	0.00531	0.00469
24	0.01248	0.01426	0.03119	0.02228	0.02763	0.01337	0.76203	0.01693	0.01248	0.01693	0.01070	0.01426	0.00802	0.00446	0.00624	0.00178	0.00891	0.00624	0.00267	0.00713
25	0.01413	0.81739	0.02770	0.00905	0.01357	0.02092	0.00905	0.01583	0.01074	0.01244	0.00735	0.00848	0.00678	0.00452	0.00339	0.00113	0.00565	0.00283	0.00226	0.00678
26	0.00847	0.00607	0.00846	0.00965	0.01088	0.00605	0.00843	0.01089	0.01217	0.01579	0.02850	0.05946	0.04538	0.01458	0.00728	0.00242	0.00482	0.73098	0.00487	0.00486
27	0.00681	0.00489	0.00630	0.00716	0.00762	0.00453	0.00473	0.00767	0.00983	0.01322	0.02655	0.66901	0.03160	0.12516	0.00938	0.00249	0.00339	0.01350	0.00460	0.04155
28	0.71566	0.08663	0.06322	0.00771	0.01141	0.01273	0.00698	0.01565	0.00931	0.02219	0.00751	0.00875	0.00589	0.00488	0.00340	0.00159	0.00449	0.00293	0.00311	0.00597
29	0.01884	0.05059	0.01498	0.01300	0.01575	0.69030	0.00986	0.04875	0.01521	0.01419	0.05388	0.01139	0.00944	0.00577	0.00483	0.00138	0.00884	0.00380	0.00299	0.00619
30	0.01060	0.02735	0.78682	0.01507	0.02288	0.01228	0.01953	0.01674	0.01116	0.01674	0.00949	0.01116	0.00670	0.00502	0.00502	0.00167	0.00781	0.00391	0.00223	0.00781
31	0.00745	0.00513	0.00620	0.00638	0.00660	0.00520	0.00396	0.00789	0.00826	0.01111	0.01902	0.14550	0.03936	0.56794	0.13324	0.00509	0.00606	0.00855	0.00344	0.00361
32	0.00756	0.00563	0.00831	0.00831	0.00919	0.00651	0.00637	0.00932	0.00844	0.01213	0.01433	0.02172	0.01363	0.09293	0.74055	0.00826	0.01354	0.00580	0.00286	0.00462
33	0.01015	0.00606	0.00753	0.00678	0.00872	0.00535	0.00522	0.01222	0.01414	0.16153	0.42422	0.03883	0.25729	0.01077	0.00607	0.00169	0.00292	0.00924	0.00569	0.00558
34	0.85155	0.01022	0.00777	0.00695	0.01022	0.01186	0.00573	0.01554	0.00900	0.02372	0.00736	0.00859	0.00573	0.00491	0.00327	0.00164	0.00409	0.00286	0.00327	0.00573
35	0.02124	0.00839	0.01130	0.00892	0.01254	0.00734	0.00732	0.02336	0.01476	0.65916	0.07321	0.02070	0.01612	0.00702	0.00532	0.00163	0.00423	0.02509	0.06402	0.00833
36	0.00777	0.00570	0.00797	0.00790	0.00858	0.00651	0.00584	0.00916	0.00833	0.01194	0.01463	0.02397	0.01455	0.23546	0.55481	0.00727	0.03745	0.00613	0.02166	0.00437
37	0.01306	0.01262	0.02181	0.03208	0.75412	0.01259	0.04306	0.01625	0.01205	0.01726	0.00997	0.01313	0.00836	0.00470	0.00527	0.00158	0.00638	0.00477	0.00262	0.00833
38	0.01441	0.68867	0.07958	0.00989	0.01448	0.09194	0.00989	0.01638	0.01116	0.01279	0.00758	0.00877	0.00678	0.00464	0.00363	0.00119	0.00616	0.00296	0.00230	0.00680
39	0.74181	0.04936	0.02880	0.00815	0.01172	0.01239	0.05096	0.01567	0.00934	0.02261	0.00761	0.00898	0.00593	0.00487	0.00349	0.00162	0.00454	0.00309	0.00316	0.00591
40	0.09400	0.05153	0.14556	0.01177	0.01642	0.04608	0.01093	0.45881	0.01920	0.02694	0.01120	0.01182	0.00816	0.00577	0.00486	0.00154	0.00599	0.00424	0.02165	0.04353
41	0.01218	0.00998	0.01093	0.01011	0.02810	0.02618	0.00766	0.08396	0.42113	0.03522	0.19986	0.05683	0.04223	0.00855	0.00567	0.00176	0.00401	0.02302	0.00534	0.00726
42	0.00898	0.00464	0.00678	0.00678	0.00690	0.00458	0.00455	0.00694	0.00724	0.00953	0.01223	0.01846	0.06214	0.01802	0.01967	0.78811	0.00446	0.00504	0.00248	0.00244
43	0.01080	0.01023	0.01594	0.66046	0.06143	0.03095	0.01412	0.03387	0.03586	0.01439	0.00973	0.01394	0.00743	0.00559	0.00599	0.00177	0.05413	0.00471	0.00254	0.00613
44	0.01340	0.01130	0.01196	0.01073	0.01374	0.01302	0.00835	0.02804	0.75375	0.04019	0.02150	0.01968	0.01607	0.00716	0.00538	0.00179	0.00419	0.00596	0.00541	0.00838
45	0.01917	0.02334	0.01476	0.01328	0.01611	0.67687	0.01004	0.06566	0.08366	0.01497	0.00964	0.01064	0.00778	0.00566	0.00485	0.00141	0.00883	0.00372	0.00311	0.00650
46	0.01328	0.01293	0.02127	0.03190	0.75902	0.03523	0.01605	0.01637	0.01212	0.01715	0.00989	0.01298	0.00833	0.00473	0.00522	0.00156	0.00637	0.00467	0.00262	0.00831
47	0.00765	0.00527	0.00652	0.00652	0.00678	0.00553	0.00414	0.00817	0.00791	0.01081	0.01597	0.03079	0.01757	0.60116	0.23770	0.00605	0.00761	0.00713	0.00310	0.00362
48	0.03502	0.00966	0.01140	0.06889	0.01459	0.01067	0.00883	0.10099	0.31580	0.07482	0.03179	0.03009	0.01882	0.00905	0.00585	0.00193	0.00474	0.22215	0.01781	0.00710
49	0.01398	0.78290	0.06085	0.00931	0.01398	0.02054	0.00950	0.01587	0.01076	0.01263	0.00744	0.00860	0.00678	0.00454	0.00346	0.00115	0.00575	0.00287	0.00226	0.00683
50	0.00966	0.00691	0.00850	0.04201	0.01008	0.00693	0.00586	0.11581	0.01480	0.03625	0.45638	0.05106	0.06577	0.13586	0.00929	0.00221	0.00363	0.00848	0.00514	0.00536
51	0.01843	0.01207	0.01355	0.01057	0.01431	0.01268	0.00861	0.48214	0.02052	0.16170	0.06721	0.03332	0.01342	0.02805	0.00584	0.00165	0.00507	0.00540	0.03044	0.05502
52	0.01303	0.06032	0.03486	0.03892	0.03162	0.01271	0.34831	0.13659	0.01377	0.01888	0.01173	0.03406	0.00975	0.00654	0.02656	0.00180	0.03325	0.03767	0.00326	0.12638
53	0.00860	0.00609	0.00735	0.02756	0.00835	0.00613	0.00477	0.04864	0.00986	0.01374	0.07491	0.08114	0.02001	0.45056	0.11390	0.00434	0.00579	0.00741	0.03881	0.06206
54	0.01242	0.06631	0.04688	0.00903	0.01370	0.00934	0.02094	0.07203	0.02458	0.04688	0.01012	0.01141	0.00812	0.00444	0.00437	0.00100	0.01781	0.00348	0.00334	0.61381
55	0.00957	0.02227	0.05735	0.00933	0.01138	0.00752	0.00821	0.08022	0.02898	0.01707	0.04209	0.07307	0.10904	0.06747	0.00796	0.00231	0.00477	0.40701	0.00457	0.02980

[dist]
# distance from previous block
# <min> <max>
2	4

[block]
# block no. 4 follows, 46 sequences, length 27
# corresponding to MSA columns:
# 217-243
name=unknown_E
#
# <colnr> <probs for GDERKNQSTAVLIFYWHMCP>
#	G	D	E	R	K	N	Q	S	T	A	V	L	I	F	Y	W	H	M	C	P
0	0.01660	0.07517	0.07991	0.06271	0.01704	0.01419	0.01028	0.45092	0.01911	0.04456	0.01211	0.03219	0.00921	0.00599	0.00496	0.00148	0.00564	0.00461	0.02319	0.11012
1	0.01427	0.05100	0.04789	0.00877	0.01243	0.00944	0.00744	0.11060	0.08694	0.15108	0.01458	0.01555	0.01104	0.02619	0.02789	0.00160	0.00461	0.00451	0.15561	0.23856
2	0.01313	0.43516	0.27240	0.01290	0.05338	0.01710	0.04505	0.05407	0.01168	0.01531	0.00857	0.01008	0.00700	0.00486	0.00446	0.00140	0.02016	0.00354	0.00244	0.00730
3	0.01295	0.00933	0.01090	0.00999	0.01251	0.00995	0.00821	0.17161	0.20812	0.07541	0.09408	0.03460	0.05629	0.01004	0.00611	0.00194	0.00454	0.25123	0.00529	0.00689
4	0.01119	0.01181	0.05812	0.27204	0.05746	0.01256	0.19912	0.03963	0.01106	0.01534	0.01047	0.03990	0.00875	0.00771	0.04151	0.00214	0.16157	0.00542	0.02786	0.00635
5	0.00679	0.00510	0.00632	0.00675	0.00776	0.00463	0.00488	0.00836	0.01213	0.01605	0.25264	0.35097	0.23412	0.01397	0.00650	0.00193	0.00289	0.04849	0.00517	0.00457
6	0.00918	0.00459	0.00689	0.00689	0.00689	0.00459	0.00459	0.00689	0.00689	0.00918	0.00918	0.01607	0.00918	0.01837	0.02066	0.84619	0.00459	0.00459	0.00230	0.00230
7	0.01089	0.09178	0.72490	0.01458	0.02212	0.01298	0.01868	0.01667	0.01113	0.01639	0.00931	0.01094	0.00670	0.00498	0.00489	0.00163	0.00764	0.00382	0.00223	0.00773
8	0.00998	0.00940	0.01586	0.80150	0.03641	0.01175	0.01468	0.01351	0.01057	0.01351	0.00940	0.01409	0.00705	0.00529	0.00529	0.00176	0.00705	0.00470	0.00235	0.00587
9	0.01095	0.01040	0.01673	0.54290	0.02983	0.01307	0.05231	0.04873	0.01077	0.01443	0.00905	0.01346	0.00716	0.00621	0.00811	0.00188	0.19069	0.00476	0.00250	0.00606
10	0.00659	0.00476	0.00626	0.00732	0.00780	0.00443	0.00503	0.00770	0.01062	0.01414	0.07878	0.68891	0.07347	0.01594	0.00671	0.00211	0.00309	0.04700	0.00496	0.00437
11	0.00676	0.00475	0.00610	0.00698	0.00726	0.00451	0.00454	0.00756	0.00982	0.01315	0.06159	0.60452	0.03222	0.19102	0.01114	0.00278	0.00349	0.01316	0.00458	0.00409
12	0.00832	0.00678	0.00990	0.00944	0.01022	0.00837	0.00748	0.01009	0.00870	0.01274	0.04544	0.01981	0.01359	0.03262	0.61158	0.00702	0.16447	0.00563	0.00286	0.00493
13	0.00985	0.00493	0.00493	0.00493	0.00616	0.00493	0.00370	0.01232	0.01109	0.01971	0.01725	0.01971	0.01355	0.00616	0.00370	0.00123	0.00246	0.00493	0.84356	0.00493
14	0.00738	0.00540	0.00693	0.00655	0.00784	0.00495	0.00491	0.00978	0.01473	0.02064	0.71943	0.04042	0.10925	0.01102	0.00624	0.00167	0.00251	0.00969	0.00575	0.00495
15	0.01102	0.00959	0.01176	0.00840	0.01312	0.00730	0.03606	0.01345	0.01102	0.01721	0.00945	0.01109	0.00784	0.00394	0.00401	0.00082	0.00411	0.00325	0.00311	0.81344
16	0.00830	0.00560	0.00722	0.00670	0.00815	0.00510	0.00507	0.01068	0.01475	0.06355	0.67910	0.03917	0.10494	0.01077	0.00618	0.00167	0.00262	0.00945	0.00579	0.00517
17	0.01096	0.00940	0.01096	0.00783	0.01253	0.00705	0.00626	0.01331	0.01096	0.01723	0.00940	0.01096	0.00783	0.00392	0.00392	0.00078	0.00392	0.00313	0.00313	0.84653
18	0.81604	0.01017	0.00796	0.00706	0.01036	0.01168	0.00581	0.01598	0.00926	0.05637	0.00794	0.00899	0.00604	0.00498	0.00336	0.00164	0.00411	0.00297	0.00341	0.00587
19	0.01096	0.01333	0.10039	0.04879	0.03871	0.01150	0.46066	0.01469	0.01165	0.01594	0.01453	0.15550	0.02915	0.00709	0.00662	0.00185	0.04151	0.00751	0.00304	0.00656
20	0.01978	0.02439	0.01505	0.01351	0.01635	0.73253	0.01020	0.07891	0.01575	0.01452	0.00852	0.00978	0.00698	0.00552	0.00481	0.00138	0.00924	0.00351	0.00292	0.00635
21	0.01732	0.01352	0.01606	0.01231	0.01626	0.01460	0.07111	0.53347	0.04643	0.02805	0.01334	0.01431	0.02827	0.02536	0.00639	0.00166	0.04626	0.00499	0.00467	0.08563
22	0.00918	0.00459	0.00689	0.00689	0.00689	0.00459	0.00459	0.00689	0.00689	0.00918	0.00918	0.01607	0.00918	0.01837	0.02066	0.84619	0.00459	0.00459	0.00230	0.00230
23	0.01351	0.00936	0.01054	0.00929	0.01204	0.00999	0.00723	0.02266	0.43542	0.16134	0.12423	0.02546	0.09286	0.03412	0.00626	0.00185	0.00391	0.00688	0.00554	0.00750
24	0.01030	0.07471	0.35367	0.02941	0.11879	0.01097	0.04610	0.01425	0.01137	0.01610	0.06204	0.14182	0.01554	0.00774	0.00569	0.00176	0.02066	0.04916	0.00311	0.00681
25	0.01248	0.09032	0.23588	0.01105	0.01573	0.01150	0.03647	0.10669	0.07493	0.04371	0.04263	0.01526	0.02373	0.02526	0.01682	0.00164	0.01716	0.00463	0.07241	0.14172
26	0.01732	0.01170	0.01372	0.07153	0.01610	0.01239	0.00914	0.41146	0.03270	0.14865	0.01463	0.05784	0.01125	0.00904	0.06178	0.00207	0.00595	0.00535	0.00488	0.08250

[dist]
# distance from previous block
# <min> <max>
1	18

[block]
# block no. 5 follows, 46 sequences, length 12
# corresponding to MSA columns:
# 262-273
name=unknown_F
#
# <colnr> <probs for GDERKNQSTAVLIFYWHMCP>
#	G	D	E	R	K	N	Q	S	T	A	V	L	I	F	Y	W	H	M	C	P
0	0.01504	0.02982	0.01192	0.00987	0.01300	0.01088	0.00790	0.12430	0.31987	0.17644	0.05220	0.06547	0.04988	0.00805	0.00549	0.00172	0.00434	0.04485	0.00538	0.04358
1	0.09573	0.01246	0.01316	0.01046	0.01418	0.01349	0.00848	0.44956	0.11689	0.02769	0.04607	0.01590	0.03637	0.02568	0.00556	0.00163	0.00500	0.00505	0.00485	0.09180
2	0.01304	0.05720	0.15913	0.01607	0.02122	0.01263	0.33197	0.08823	0.01301	0.05078	0.01107	0.03297	0.00864	0.00526	0.00589	0.00160	0.03956	0.00519	0.00310	0.12345
3	0.01312	0.01420	0.02094	0.01625	0.01947	0.13682	0.32882	0.05468	0.02805	0.01602	0.01274	0.05666	0.04227	0.00762	0.02816	0.00197	0.16499	0.00597	0.00303	0.02822
4	0.20281	0.00956	0.01381	0.57661	0.02917	0.01155	0.01226	0.01465	0.01046	0.05825	0.00956	0.01305	0.00708	0.00527	0.00483	0.00173	0.00623	0.00431	0.00279	0.00601
5	0.03511	0.07513	0.65840	0.01437	0.02149	0.01255	0.04415	0.01638	0.01127	0.01686	0.04036	0.01217	0.00846	0.00520	0.00496	0.00164	0.00739	0.00412	0.00242	0.00755
6	0.01308	0.01256	0.02146	0.03245	0.78123	0.01256	0.01622	0.01622	0.01204	0.01727	0.00994	0.01308	0.00837	0.00471	0.00523	0.00157	0.00628	0.00471	0.00262	0.00837
7	0.00998	0.00940	0.01586	0.80150	0.03641	0.01175	0.01468	0.01351	0.01057	0.01351	0.00940	0.01409	0.00705	0.00529	0.00529	0.00176	0.00705	0.00470	0.00235	0.00587
8	0.09292	0.01026	0.01669	0.15989	0.10741	0.01057	0.17206	0.01434	0.01139	0.03380	0.06739	0.04286	0.01277	0.00630	0.00597	0.00166	0.05266	0.03741	0.03292	0.11073
9	0.00998	0.00940	0.01586	0.80150	0.03641	0.01175	0.01468	0.01351	0.01057	0.01351	0.00940	0.01409	0.00705	0.00529	0.00529	0.00176	0.00705	0.00470	0.00235	0.00587
10	0.10427	0.29044	0.16995	0.01016	0.01417	0.05759	0.01027	0.01501	0.01148	0.03427	0.06641	0.05057	0.01467	0.00727	0.00478	0.00160	0.00566	0.12184	0.00326	0.00636
11	0.10419	0.44556	0.10515	0.00988	0.01441	0.04318	0.00969	0.04838	0.07471	0.05315	0.00974	0.01049	0.00788	0.00502	0.00396	0.00134	0.00561	0.00344	0.00301	0.04122

[dist]
# distance from previous block
# <min> <max>
8	25

[block]
# block no. 6 follows, 46 sequences, length 11
# corresponding to MSA columns:
# 309-319
name=unknown_G
#
# <colnr> <probs for GDERKNQSTAVLIFYWHMCP>
#	G	D	E	R	K	N	Q	S	T	A	V	L	I	F	Y	W	H	M	C	P
0	0.00944	0.00814	0.01319	0.05654	0.01521	0.00792	0.15064	0.01274	0.05336	0.01610	0.03930	0.17176	0.02324	0.01102	0.00645	0.00202	0.00527	0.31093	0.00421	0.08253
1	0.01125	0.01041	0.01747	0.43678	0.33954	0.01165	0.01463	0.01455	0.01120	0.01544	0.01011	0.01403	0.00800	0.00510	0.00516	0.00165	0.00645	0.00472	0.05503	0.00684
2	0.03427	0.09760	0.57517	0.01406	0.02078	0.01256	0.06333	0.01660	0.01151	0.04594	0.05238	0.01287	0.00940	0.00532	0.00498	0.00163	0.00716	0.00429	0.00265	0.00751
3	0.25316	0.40882	0.13023	0.00969	0.01412	0.06077	0.00973	0.01610	0.01048	0.01632	0.00770	0.00903	0.00647	0.00487	0.00400	0.00139	0.02490	0.00307	0.00257	0.00657
4	0.30364	0.08954	0.24866	0.01043	0.01487	0.01155	0.04257	0.01506	0.01072	0.01908	0.05029	0.01705	0.01145	0.00625	0.00453	0.00167	0.00548	0.07989	0.05092	0.00635
5	0.03013	0.00922	0.01084	0.03021	0.01180	0.04963	0.00771	0.06919	0.05543	0.08640	0.11715	0.12503	0.07927	0.02887	0.05886	0.00236	0.17950	0.00733	0.03515	0.00592
6	0.01329	0.02488	0.01365	0.01105	0.03635	0.01063	0.06016	0.12820	0.15138	0.07181	0.03868	0.06667	0.03875	0.00675	0.00576	0.00148	0.04985	0.00560	0.00424	0.26084
7	0.03761	0.01100	0.01247	0.01001	0.01327	0.01154	0.02917	0.40022	0.01852	0.06464	0.06092	0.04154	0.07834	0.04775	0.00640	0.00177	0.00486	0.03206	0.06280	0.05510
8	0.03864	0.01257	0.04907	0.01292	0.01659	0.02955	0.18003	0.22151	0.09056	0.03260	0.01306	0.03726	0.01060	0.04808	0.00764	0.04982	0.03002	0.00540	0.03959	0.07447
9	0.01701	0.01346	0.04164	0.01138	0.01536	0.07696	0.04958	0.34264	0.01812	0.12468	0.05254	0.04630	0.01224	0.00697	0.01827	0.00161	0.00576	0.00519	0.00463	0.13567
10	0.03699	0.05995	0.06713	0.03973	0.01828	0.01445	0.13776	0.42197	0.01877	0.04012	0.01233	0.03530	0.00937	0.00600	0.00522	0.00159	0.00618	0.00507	0.03780	0.02598

[dist]
# distance from previous block
# <min> <max>
7	17

[block]
# block no. 7 follows, 46 sequences, length 37
# corresponding to MSA columns:
# 337-373
name=unknown_H
#
# <colnr> <probs for GDERKNQSTAVLIFYWHMCP>
#	G	D	E	R	K	N	Q	S	T	A	V	L	I	F	Y	W	H	M	C	P
0	0.08239	0.02346	0.06878	0.05054	0.01228	0.03800	0.00787	0.01324	0.10173	0.01693	0.11135	0.20014	0.08020	0.02774	0.00636	0.00199	0.00443	0.14261	0.00441	0.00555
1	0.13291	0.10539	0.02861	0.00894	0.03587	0.00943	0.00704	0.04819	0.04566	0.04129	0.13618	0.16100	0.04241	0.03612	0.00596	0.00178	0.00415	0.06555	0.00423	0.07930
2	0.01303	0.06747	0.01438	0.01066	0.02874	0.01166	0.03353	0.16574	0.04935	0.01970	0.02860	0.03087	0.01013	0.00666	0.02288	0.00151	0.12020	0.00445	0.02895	0.33150
3	0.09247	0.15289	0.06425	0.03343	0.03963	0.13877	0.00980	0.07783	0.02286	0.10097	0.02663	0.01344	0.00950	0.04335	0.04160	0.00205	0.11618	0.00431	0.00335	0.00669
4	0.06324	0.04766	0.05894	0.00766	0.00982	0.00804	0.00618	0.03921	0.10049	0.03216	0.07923	0.08804	0.17565	0.22100	0.01107	0.00259	0.00427	0.00779	0.00417	0.03280
5	0.08565	0.26770	0.12914	0.01005	0.01456	0.06545	0.00966	0.09908	0.01266	0.04074	0.02653	0.01166	0.00867	0.02268	0.02236	0.00153	0.00587	0.00369	0.00311	0.15922
6	0.16804	0.05649	0.03208	0.14027	0.12564	0.06320	0.02135	0.10350	0.10993	0.03188	0.01428	0.01557	0.06593	0.00616	0.00513	0.00165	0.02355	0.00484	0.00356	0.00695
7	0.01633	0.26832	0.03676	0.01386	0.10870	0.22380	0.01049	0.15454	0.05183	0.01776	0.00969	0.01081	0.00789	0.00524	0.00449	0.00136	0.00669	0.00376	0.00317	0.04451
8	0.01626	0.01213	0.01342	0.01120	0.02991	0.02624	0.00875	0.47485	0.03641	0.04283	0.01482	0.10167	0.01282	0.05854	0.04158	0.00216	0.03160	0.00606	0.02120	0.03754
9	0.00829	0.00580	0.00730	0.04226	0.00908	0.00568	0.00515	0.04240	0.01048	0.03258	0.07091	0.38364	0.02671	0.27412	0.01299	0.00297	0.00407	0.01062	0.00428	0.04066
10	0.01356	0.01080	0.01215	0.00911	0.01341	0.00983	0.00734	0.23717	0.03174	0.02207	0.01146	0.03800	0.00937	0.00517	0.00444	0.00110	0.00443	0.00411	0.02257	0.53216
11	0.00985	0.00493	0.00493	0.00493	0.00616	0.00493	0.00370	0.01232	0.01109	0.01971	0.01725	0.01971	0.01355	0.00616	0.00370	0.00123	0.00246	0.00493	0.84356	0.00493
12	0.00647	0.00473	0.00606	0.00707	0.00757	0.00435	0.00477	0.00747	0.01045	0.01376	0.05444	0.68068	0.12499	0.03146	0.00706	0.00215	0.00304	0.01425	0.00490	0.00431
13	0.00734	0.00540	0.00687	0.00650	0.00781	0.00493	0.00488	0.00971	0.01463	0.02042	0.69638	0.04078	0.13244	0.01110	0.00624	0.00168	0.00251	0.00974	0.00572	0.00493
14	0.01308	0.01256	0.02146	0.03245	0.78123	0.01256	0.01622	0.01622	0.01204	0.01727	0.00994	0.01308	0.00837	0.00471	0.00523	0.00157	0.00628	0.00471	0.00262	0.00837
15	0.00748	0.00566	0.00643	0.00623	0.00789	0.00502	0.00471	0.00963	0.03447	0.04202	0.29354	0.06597	0.45104	0.01224	0.00623	0.00176	0.00278	0.02673	0.00528	0.00490
16	0.00755	0.00566	0.00850	0.00850	0.00944	0.00661	0.00661	0.00944	0.00850	0.01227	0.01416	0.02077	0.01322	0.03965	0.79326	0.00850	0.01416	0.00566	0.00283	0.00472
17	0.01413	0.81739	0.02770	0.00905	0.01357	0.02092	0.00905	0.01583	0.01074	0.01244	0.00735	0.00848	0.00678	0.00452	0.00339	0.00113	0.00565	0.00283	0.00226	0.00678
18	0.09130	0.01151	0.01195	0.01031	0.01328	0.04649	0.00841	0.34273	0.08789	0.04335	0.01702	0.06575	0.01498	0.00829	0.00541	0.00176	0.00506	0.13825	0.06905	0.00720
19	0.01248	0.00982	0.01253	0.00903	0.01370	0.00778	0.05542	0.03546	0.01183	0.08792	0.01062	0.01187	0.00836	0.00426	0.00423	0.00095	0.00434	0.00358	0.00347	0.69235
20	0.01134	0.19292	0.62773	0.01381	0.02093	0.01409	0.01733	0.01655	0.01107	0.01584	0.00904	0.01060	0.00672	0.00492	0.00468	0.00156	0.00736	0.00368	0.00224	0.00760
21	0.01999	0.01452	0.01538	0.01189	0.01598	0.04071	0.00977	0.67223	0.02365	0.08099	0.03295	0.01363	0.01025	0.00645	0.00530	0.00158	0.00577	0.00488	0.00530	0.00879
22	0.01296	0.31980	0.28262	0.01356	0.01887	0.05319	0.11603	0.03736	0.01152	0.01514	0.00869	0.01058	0.00700	0.00513	0.00550	0.00152	0.06709	0.00388	0.00242	0.00713
23	0.00673	0.00489	0.00637	0.00723	0.00785	0.00458	0.00506	0.00797	0.01088	0.01449	0.11638	0.56668	0.10478	0.03416	0.02852	0.00232	0.00342	0.05837	0.00491	0.00441
24	0.01299	0.01257	0.02048	0.05825	0.69576	0.03754	0.01563	0.01605	0.01209	0.01693	0.01067	0.01507	0.00925	0.00519	0.00531	0.00161	0.00635	0.03749	0.00271	0.00806
25	0.00644	0.00460	0.00613	0.00736	0.00767	0.00429	0.00491	0.00736	0.01012	0.01350	0.02914	0.81076	0.03497	0.01656	0.00675	0.00215	0.00307	0.01503	0.00491	0.00429
26	0.01975	0.02520	0.01498	0.01362	0.01634	0.79299	0.01021	0.02111	0.01498	0.01294	0.00817	0.00953	0.00681	0.00545	0.00477	0.00136	0.00953	0.00340	0.00272	0.00613
27	0.01380	0.74190	0.10024	0.00962	0.01446	0.02009	0.01005	0.01592	0.01078	0.01285	0.00755	0.00874	0.00678	0.00457	0.00355	0.00118	0.00586	0.00293	0.00226	0.00688
28	0.00729	0.00540	0.00680	0.00645	0.00778	0.00491	0.00484	0.00960	0.01451	0.02012	0.66536	0.04127	0.16364	0.01121	0.00624	0.00168	0.00252	0.00981	0.00568	0.00491
29	0.00836	0.00557	0.00642	0.00617	0.00703	0.00528	0.00406	0.02252	0.01054	0.05224	0.15310	0.05529	0.17852	0.44282	0.01729	0.00356	0.00412	0.00870	0.00423	0.00418
30	0.01060	0.02735	0.78682	0.01507	0.02288	0.01228	0.01953	0.01674	0.01116	0.01674	0.00949	0.01116	0.00670	0.00502	0.00502	0.00167	0.00781	0.00391	0.00223	0.00781
31	0.00767	0.00514	0.00585	0.00582	0.00590	0.00512	0.00332	0.00784	0.00816	0.01096	0.06596	0.03491	0.02120	0.76221	0.02557	0.00490	0.00495	0.00781	0.00337	0.00332
32	0.00670	0.00530	0.00592	0.00590	0.00731	0.00464	0.00431	0.00825	0.01245	0.01592	0.25447	0.10307	0.46827	0.06472	0.00762	0.00199	0.00281	0.01077	0.00506	0.00452
33	0.85155	0.01022	0.00777	0.00695	0.01022	0.01186	0.00573	0.01554	0.00900	0.02372	0.00736	0.00859	0.00573	0.00491	0.00327	0.00164	0.00409	0.00286	0.00327	0.00573
34	0.00706	0.00536	0.00649	0.00626	0.00765	0.00480	0.00468	0.00914	0.01389	0.01876	0.52505	0.06637	0.28161	0.01180	0.00625	0.00172	0.00257	0.01023	0.00550	0.00480
35	0.00705	0.00501	0.00665	0.00723	0.00765	0.00508	0.00491	0.00803	0.00928	0.01264	0.04509	0.40658	0.02629	0.21485	0.20401	0.00441	0.00626	0.01080	0.00402	0.00416
36	0.01359	0.01158	0.01220	0.01085	0.01392	0.01336	0.00847	0.07503	0.72402	0.02283	0.02095	0.01928	0.01568	0.00712	0.00537	0.00178	0.00429	0.00590	0.00537	0.00841

[dist]
# distance from previous block
# <min> <max>
0	1

[block]
# block no. 8 follows, 46 sequences, length 8
# corresponding to MSA columns:
# 375-382
name=unknown_I
#
# <colnr> <probs for GDERKNQSTAVLIFYWHMCP>
#	G	D	E	R	K	N	Q	S	T	A	V	L	I	F	Y	W	H	M	C	P
0	0.01496	0.70300	0.02592	0.00963	0.01397	0.09291	0.00921	0.05387	0.01185	0.01353	0.00769	0.00879	0.00690	0.00470	0.00362	0.00118	0.00602	0.00298	0.00246	0.00683
1	0.01298	0.01066	0.01203	0.00897	0.01341	0.00949	0.00722	0.16313	0.08729	0.02088	0.01122	0.01215	0.00886	0.00471	0.00433	0.00104	0.00432	0.00373	0.00378	0.59981
2	0.01154	0.10424	0.54447	0.01460	0.04371	0.07178	0.05125	0.01640	0.01155	0.01589	0.01201	0.01347	0.05542	0.00549	0.00498	0.00160	0.00741	0.00435	0.00247	0.00736
3	0.00798	0.00547	0.00690	0.00732	0.00828	0.00514	0.00511	0.00977	0.04498	0.05642	0.09446	0.50314	0.10017	0.06671	0.02851	0.00235	0.00356	0.01223	0.00489	0.02661
4	0.01420	0.01041	0.03737	0.01272	0.07103	0.02573	0.09108	0.10261	0.04938	0.17726	0.10613	0.02793	0.03899	0.00833	0.00586	0.00177	0.00522	0.15972	0.00478	0.04946
5	0.02888	0.01056	0.11024	0.00951	0.01234	0.04350	0.00858	0.02961	0.02810	0.17929	0.23277	0.06673	0.05967	0.00957	0.00626	0.00181	0.02957	0.12170	0.00496	0.00636
6	0.01361	0.41004	0.09934	0.01143	0.03288	0.05183	0.04853	0.01629	0.02993	0.05014	0.03309	0.01141	0.00886	0.00538	0.00544	0.00138	0.08399	0.00379	0.00278	0.07987
7	0.05725	0.07772	0.01624	0.05292	0.22649	0.14627	0.01098	0.12890	0.08690	0.01915	0.04745	0.01737	0.04422	0.00642	0.00511	0.00159	0.00606	0.03810	0.00363	0.00723

[dist]
# distance from previous block
# <min> <max>
4	21

[block]
# block no. 9 follows, 46 sequences, length 10
# corresponding to MSA columns:
# 404-413
name=unknown_J
#
# <colnr> <probs for GDERKNQSTAVLIFYWHMCP>
#	G	D	E	R	K	N	Q	S	T	A	V	L	I	F	Y	W	H	M	C	P
0	0.01561	0.66846	0.02504	0.00943	0.01377	0.07791	0.00899	0.01732	0.01155	0.09749	0.00890	0.00961	0.00748	0.00482	0.00371	0.00120	0.00582	0.00314	0.00277	0.00698
1	0.01052	0.02598	0.11986	0.00900	0.01189	0.00782	0.00808	0.01494	0.11756	0.09282	0.27019	0.13080	0.05104	0.00947	0.00575	0.00171	0.00402	0.03988	0.00487	0.06380
2	0.01161	0.00872	0.01038	0.00947	0.01151	0.00921	0.03011	0.22163	0.11319	0.02091	0.03943	0.35286	0.03719	0.01119	0.00595	0.00187	0.00416	0.03470	0.05960	0.00630
3	0.01226	0.07252	0.01134	0.04567	0.01207	0.03648	0.00729	0.06355	0.06688	0.12871	0.30946	0.02954	0.05850	0.03336	0.00672	0.00180	0.02964	0.06298	0.00500	0.00622
4	0.01215	0.01260	0.02153	0.12767	0.02232	0.03733	0.29930	0.04704	0.01107	0.01533	0.00930	0.01331	0.00771	0.00784	0.04165	0.00222	0.29733	0.00527	0.00262	0.00642
5	0.00713	0.00519	0.00678	0.02941	0.00884	0.00500	0.00562	0.00835	0.01042	0.01362	0.02903	0.45225	0.10331	0.12362	0.00951	0.00256	0.00380	0.16663	0.00460	0.00433
6	0.01169	0.00983	0.01135	0.00817	0.01284	0.00779	0.00656	0.07287	0.01207	0.01850	0.00966	0.01110	0.00792	0.00411	0.00402	0.00085	0.00407	0.00326	0.00330	0.78005
7	0.01316	0.01019	0.01280	0.00956	0.01383	0.00882	0.05607	0.13611	0.01357	0.07764	0.01243	0.07477	0.01056	0.00554	0.00462	0.00115	0.00453	0.00470	0.00385	0.52612
8	0.08631	0.05377	0.02792	0.03363	0.01564	0.18736	0.00954	0.32810	0.10127	0.04263	0.01208	0.01260	0.00905	0.00604	0.00510	0.00155	0.02165	0.00435	0.03381	0.00760
9	0.01268	0.01232	0.02172	0.05999	0.63177	0.01231	0.09920	0.01595	0.01204	0.01702	0.01086	0.01545	0.00932	0.00517	0.00545	0.00164	0.00654	0.03988	0.00272	0.00797

[dist]
# distance from previous block
# <min> <max>
0	5

[block]
# block no. 10 follows, 46 sequences, length 19
# corresponding to MSA columns:
# 490-508
name=unknown_K
#
# <colnr> <probs for GDERKNQSTAVLIFYWHMCP>
#	G	D	E	R	K	N	Q	S	T	A	V	L	I	F	Y	W	H	M	C	P
0	0.00748	0.00540	0.00707	0.00665	0.00790	0.00499	0.00499	0.00998	0.01496	0.02120	0.77844	0.03949	0.04988	0.01081	0.00624	0.00166	0.00249	0.00956	0.00582	0.00499
1	0.01096	0.00940	0.01096	0.00783	0.01253	0.00705	0.00626	0.01331	0.01096	0.01723	0.00940	0.01096	0.00783	0.00392	0.00392	0.00078	0.00392	0.00313	0.00313	0.84653
2	0.00998	0.00940	0.01586	0.80150	0.03641	0.01175	0.01468	0.01351	0.01057	0.01351	0.00940	0.01409	0.00705	0.00529	0.00529	0.00176	0.00705	0.00470	0.00235	0.00587
3	0.00642	0.00469	0.00604	0.00713	0.00761	0.00431	0.00480	0.00739	0.01035	0.01359	0.03199	0.72203	0.12185	0.01619	0.00669	0.00210	0.00302	0.01458	0.00491	0.00431
4	0.01169	0.01193	0.01823	0.01502	0.01574	0.01581	0.11328	0.01329	0.00869	0.01329	0.00745	0.01193	0.00709	0.00860	0.01584	0.00224	0.69670	0.00484	0.00236	0.00597
5	0.00985	0.00493	0.00493	0.00493	0.00616	0.00493	0.00370	0.01232	0.01109	0.01971	0.01725	0.01971	0.01355	0.00616	0.00370	0.00123	0.00246	0.00493	0.84356	0.00493
6	0.00657	0.00489	0.00598	0.00668	0.00741	0.00445	0.00456	0.00764	0.01080	0.01404	0.09196	0.50275	0.22175	0.07485	0.00809	0.00224	0.00308	0.01309	0.00485	0.00431
7	0.00789	0.00629	0.00714	0.00683	0.00851	0.00604	0.00517	0.01173	0.12677	0.01822	0.34292	0.04141	0.32632	0.03189	0.00667	0.00184	0.00295	0.03086	0.00531	0.00524
8	0.01233	0.01017	0.01339	0.01150	0.01228	0.01301	0.00930	0.13272	0.01079	0.01587	0.00912	0.01329	0.00823	0.01039	0.01502	0.17270	0.45196	0.00466	0.06775	0.00553
9	0.01035	0.00984	0.01686	0.70652	0.10403	0.01187	0.03869	0.01386	0.01077	0.01396	0.00949	0.01401	0.00720	0.00521	0.00531	0.00174	0.00704	0.00475	0.00238	0.00614
10	0.01325	0.01276	0.02081	0.07779	0.69652	0.03314	0.01581	0.03544	0.01236	0.01734	0.00994	0.01304	0.00827	0.00481	0.00523	0.00158	0.00640	0.00468	0.00267	0.00818
11	0.00642	0.00468	0.00605	0.00716	0.00761	0.00431	0.00482	0.00738	0.01032	0.01358	0.03164	0.73301	0.11110	0.01624	0.00670	0.00211	0.00303	0.01463	0.00491	0.00431
12	0.08281	0.02663	0.07319	0.01017	0.01411	0.01143	0.00888	0.22073	0.11699	0.27427	0.03343	0.01598	0.01208	0.00636	0.00500	0.00161	0.00486	0.00498	0.06836	0.00813
13	0.01254	0.00896	0.01122	0.00933	0.01205	0.03931	0.06329	0.07331	0.08324	0.13657	0.26207	0.07345	0.07762	0.00858	0.00564	0.00161	0.00415	0.00746	0.02933	0.08026
14	0.01343	0.01383	0.01853	0.01488	0.01744	0.14113	0.21722	0.07190	0.03722	0.03010	0.03052	0.09603	0.01176	0.00766	0.00907	0.00186	0.23562	0.00611	0.00325	0.02243
15	0.01426	0.70795	0.02606	0.00969	0.01375	0.06563	0.00931	0.01589	0.01078	0.01249	0.00737	0.00878	0.00680	0.00495	0.00457	0.00124	0.06852	0.00300	0.00229	0.00667
16	0.00768	0.00523	0.00630	0.00649	0.00671	0.00531	0.00412	0.00813	0.00832	0.01115	0.01820	0.08233	0.02061	0.61876	0.09766	0.00502	0.00585	0.07515	0.00342	0.00357
17	0.00791	0.00532	0.00662	0.00699	0.00815	0.00473	0.00495	0.00917	0.01132	0.07238	0.08476	0.48817	0.21497	0.01425	0.00639	0.00194	0.00307	0.01261	0.00504	0.03126
18	0.01515	0.01269	0.01582	0.04767	0.01648	0.04114	0.07292	0.30427	0.03450	0.04064	0.01158	0.03642	0.00952	0.03319	0.00859	0.00181	0.18141	0.00505	0.00389	0.10726

[dist]
# distance from previous block
# <min> <max>
5	13

[block]
# block no. 11 follows, 46 sequences, length 38
# corresponding to MSA columns:
# 522-559
name=unknown_L
#
# <colnr> <probs for GDERKNQSTAVLIFYWHMCP>
#	G	D	E	R	K	N	Q	S	T	A	V	L	I	F	Y	W	H	M	C	P
0	0.01110	0.00866	0.01132	0.01024	0.08012	0.00712	0.02385	0.01334	0.01166	0.07329	0.08185	0.12426	0.03214	0.00673	0.00483	0.00122	0.00401	0.00586	0.00384	0.48455
1	0.04981	0.01259	0.01546	0.01887	0.30596	0.08558	0.01123	0.14823	0.11977	0.02006	0.01493	0.12739	0.01362	0.00735	0.00540	0.00169	0.00563	0.02504	0.00389	0.00749
2	0.01183	0.01004	0.01219	0.00895	0.01344	0.00833	0.03903	0.08356	0.04002	0.01878	0.01075	0.03401	0.00901	0.00464	0.00428	0.00098	0.00429	0.00385	0.00344	0.67857
3	0.09055	0.08010	0.05066	0.01334	0.01620	0.12071	0.11320	0.13692	0.01295	0.01789	0.01065	0.02933	0.03176	0.00693	0.00864	0.00179	0.24386	0.00479	0.00312	0.00663
4	0.00882	0.04198	0.00814	0.03640	0.00962	0.00584	0.00577	0.01015	0.01111	0.09018	0.06122	0.47191	0.11548	0.04620	0.00717	0.00211	0.00359	0.05452	0.00483	0.00497
5	0.00720	0.00531	0.00659	0.00650	0.00764	0.00487	0.00475	0.00910	0.01322	0.01804	0.48201	0.12128	0.17570	0.08343	0.00816	0.00206	0.00289	0.03130	0.00530	0.00466
6	0.01246	0.01114	0.01871	0.22072	0.50529	0.01167	0.01490	0.01559	0.01182	0.05074	0.01162	0.01697	0.00987	0.00566	0.00540	0.00168	0.00629	0.05906	0.00289	0.00752
