[name]
unknown

[dist]
# distance from previous block
# <min> <max>
0	0

[block]
# block no. 0 follows, 42 sequences, length 45
# corresponding to MSA columns:
# 14-58
name=unknown_A
#
# <colnr> <probs for GDERKNQSTAVLIFYWHMCP>
#	G	D	E	R	K	N	Q	S	T	A	V	L	I	F	Y	W	H	M	C	P
0	0.00907	0.00648	0.00907	0.01036	0.01166	0.00648	0.00907	0.01166	0.01296	0.01684	0.02980	0.06348	0.03239	0.01555	0.00777	0.00259	0.00518	0.72924	0.00518	0.00518
1	0.01284	0.01226	0.02087	0.28408	0.52611	0.01308	0.01673	0.01631	0.01230	0.01706	0.01039	0.01428	0.00845	0.00522	0.00559	0.00174	0.00696	0.00501	0.00269	0.00803
2	0.84197	0.01088	0.00827	0.00740	0.01088	0.01262	0.00609	0.01654	0.00958	0.02525	0.00784	0.00914	0.00609	0.00522	0.00348	0.00174	0.00435	0.00305	0.00348	0.00609
3	0.80258	0.01082	0.00850	0.00753	0.01105	0.01241	0.00620	0.01707	0.00989	0.06122	0.00853	0.00962	0.00647	0.00531	0.00359	0.00174	0.00437	0.00317	0.00365	0.00626
4	0.01341	0.01153	0.01219	0.01101	0.01405	0.01321	0.00855	0.02811	0.69189	0.02315	0.05813	0.02335	0.05025	0.00809	0.00581	0.00190	0.00430	0.00677	0.00573	0.00857
5	0.00759	0.00567	0.00705	0.00684	0.00821	0.00513	0.00508	0.00985	0.01485	0.02031	0.55203	0.10359	0.20791	0.01258	0.00668	0.00184	0.00275	0.01100	0.00591	0.00513
6	0.01320	0.01577	0.06431	0.02340	0.02920	0.01418	0.71617	0.01802	0.01322	0.01802	0.01133	0.01504	0.00848	0.00477	0.00659	0.00189	0.00944	0.00654	0.00283	0.00762
7	0.00670	0.00570	0.00577	0.00575	0.00763	0.00477	0.00431	0.00817	0.01294	0.01547	0.08252	0.05372	0.73916	0.01415	0.00665	0.00190	0.00284	0.01182	0.00526	0.00477
8	0.01970	0.02174	0.01490	0.01313	0.01627	0.52091	0.01005	0.13440	0.05109	0.05424	0.01501	0.01548	0.07522	0.00683	0.00536	0.00156	0.00837	0.00480	0.00385	0.00710
9	0.00978	0.00489	0.00733	0.00733	0.00733	0.00489	0.00489	0.00733	0.00733	0.00978	0.00978	0.01711	0.00978	0.01955	0.02199	0.83627	0.00489	0.00489	0.00244	0.00244
10	0.01231	0.01231	0.01724	0.01477	0.01477	0.01724	0.01231	0.01354	0.00862	0.01354	0.00739	0.01231	0.00739	0.00985	0.01847	0.00246	0.79192	0.00492	0.00246	0.00616
11	0.12216	0.59457	0.12977	0.01023	0.01535	0.01974	0.01072	0.01695	0.01125	0.01544	0.00814	0.00944	0.00706	0.00494	0.00383	0.00135	0.00612	0.00317	0.00254	0.00723
12	0.10817	0.01214	0.01446	0.03468	0.01622	0.01335	0.07187	0.16415	0.33553	0.07928	0.01861	0.07666	0.01473	0.00760	0.00564	0.00186	0.00523	0.00641	0.00517	0.00825
13	0.01361	0.04894	0.06232	0.02873	0.45311	0.01411	0.23932	0.01741	0.01274	0.01789	0.01060	0.01395	0.00860	0.00507	0.00616	0.00175	0.02923	0.00538	0.00276	0.00833
14	0.01167	0.01000	0.01167	0.00834	0.01334	0.00750	0.00667	0.01417	0.01167	0.01834	0.01000	0.01167	0.00834	0.00417	0.00417	0.00083	0.00417	0.00333	0.00333	0.83663
15	0.00788	0.00575	0.00740	0.00699	0.00836	0.00527	0.00524	0.01046	0.01573	0.02209	0.71850	0.04282	0.09905	0.01168	0.00664	0.00178	0.00267	0.01029	0.00613	0.00527
16	0.00686	0.00490	0.00653	0.00784	0.00816	0.00457	0.00522	0.00784	0.01077	0.01437	0.03102	0.79855	0.03722	0.01763	0.00718	0.00229	0.00326	0.01600	0.00522	0.00457
17	0.01587	0.01273	0.01357	0.01170	0.01519	0.01448	0.00924	0.17286	0.58493	0.05273	0.02101	0.01944	0.01555	0.00744	0.00570	0.00186	0.00481	0.00608	0.00575	0.00906
18	0.00745	0.00506	0.00669	0.00774	0.00825	0.00472	0.00525	0.00862	0.01125	0.03143	0.07632	0.70644	0.03690	0.01662	0.00700	0.00221	0.00324	0.01502	0.03504	0.00475
19	0.01505	0.80561	0.02949	0.00963	0.01444	0.02227	0.00963	0.01685	0.01143	0.01324	0.00782	0.00903	0.00722	0.00481	0.00361	0.00120	0.00602	0.00301	0.00241	0.00722
20	0.00818	0.00546	0.00614	0.00614	0.00614	0.00546	0.00341	0.00818	0.00818	0.01091	0.01773	0.03683	0.02046	0.80222	0.02864	0.00546	0.00546	0.00818	0.00341	0.00341
21	0.01231	0.01231	0.01724	0.01477	0.01477	0.01724	0.01231	0.01354	0.00862	0.01354	0.00739	0.01231	0.00739	0.00985	0.01847	0.00246	0.79192	0.00492	0.00246	0.00616
22	0.01277	0.01071	0.01241	0.00903	0.01383	0.00888	0.00728	0.09574	0.01323	0.02011	0.01032	0.01189	0.00845	0.00462	0.00473	0.00097	0.02661	0.00357	0.00356	0.72130
23	0.01094	0.00827	0.01058	0.01099	0.07745	0.02234	0.02324	0.01410	0.08446	0.09279	0.10030	0.22000	0.19666	0.02536	0.00733	0.00199	0.04206	0.00999	0.00500	0.03616
24	0.02000	0.01507	0.01611	0.01267	0.01692	0.01680	0.01036	0.61326	0.16382	0.03322	0.01528	0.01492	0.01100	0.00692	0.00565	0.00173	0.00587	0.00531	0.00565	0.00945
25	0.52367	0.01132	0.01106	0.14840	0.01675	0.04713	0.00849	0.01777	0.01100	0.12054	0.01014	0.01165	0.00747	0.00569	0.00467	0.00177	0.02836	0.00382	0.00371	0.00660
26	0.00886	0.00740	0.00928	0.13460	0.01422	0.02998	0.00751	0.01236	0.11092	0.01585	0.04768	0.47824	0.07398	0.01363	0.00663	0.00211	0.00427	0.01216	0.00481	0.00551
27	0.00686	0.00490	0.00653	0.00784	0.00816	0.00457	0.00522	0.00784	0.01077	0.01437	0.03102	0.79855	0.03722	0.01763	0.00718	0.00229	0.00326	0.01600	0.00522	0.00457
28	0.02525	0.00958	0.01306	0.01001	0.01437	0.00827	0.00827	0.02743	0.01611	0.77102	0.02220	0.01915	0.01393	0.00697	0.00566	0.00174	0.00479	0.00566	0.00697	0.00958
29	0.01400	0.01209	0.01273	0.01145	0.01463	0.01400	0.00891	0.02990	0.75695	0.02354	0.02291	0.02100	0.01718	0.00764	0.00573	0.00191	0.00445	0.00636	0.00573	0.00891
30	0.51611	0.01036	0.01018	0.00844	0.01227	0.01089	0.00696	0.02088	0.01218	0.32280	0.01357	0.01314	0.00922	0.00592	0.00435	0.00174	0.00453	0.00409	0.00487	0.00748
31	0.84197	0.01088	0.00827	0.00740	0.01088	0.01262	0.00609	0.01654	0.00958	0.02525	0.00784	0.00914	0.00609	0.00522	0.00348	0.00174	0.00435	0.00305	0.00348	0.00609
32	0.05946	0.01096	0.01335	0.01037	0.01464	0.04177	0.00852	0.09651	0.01682	0.63628	0.02018	0.01780	0.01289	0.00682	0.00554	0.00172	0.00513	0.00541	0.00652	0.00930
33	0.01505	0.80561	0.02949	0.00963	0.01444	0.02227	0.00963	0.01685	0.01143	0.01324	0.00782	0.00903	0.00722	0.00481	0.00361	0.00120	0.00602	0.00301	0.00241	0.00722
34	0.01027	0.00909	0.01215	0.04522	0.04651	0.03330	0.00874	0.01158	0.00913	0.01294	0.01263	0.02190	0.01289	0.23904	0.22357	0.00497	0.27181	0.00610	0.00290	0.00523
35	0.01505	0.80561	0.02949	0.00963	0.01444	0.02227	0.00963	0.01685	0.01143	0.01324	0.00782	0.00903	0.00722	0.00481	0.00361	0.00120	0.00602	0.00301	0.00241	0.00722
36	0.00672	0.00570	0.00580	0.00578	0.00765	0.00478	0.00433	0.00822	0.01300	0.01561	0.09578	0.05349	0.72581	0.01410	0.00665	0.00189	0.00284	0.01178	0.00528	0.00478
37	0.01393	0.01337	0.02284	0.03454	0.76712	0.01337	0.01727	0.01727	0.01281	0.01839	0.01059	0.01393	0.00891	0.00501	0.00557	0.00167	0.00669	0.00501	0.00279	0.00891
38	0.00691	0.00522	0.00630	0.00713	0.00795	0.00472	0.00491	0.00801	0.01133	0.01450	0.03849	0.50600	0.26626	0.05878	0.00818	0.00234	0.00329	0.02996	0.00513	0.00458
39	0.00978	0.00489	0.00733	0.00733	0.00733	0.00489	0.00489	0.00733	0.00733	0.00978	0.00978	0.01711	0.00978	0.01955	0.02199	0.83627	0.00489	0.00489	0.00244	0.00244
40	0.01267	0.00885	0.02956	0.00986	0.01214	0.00838	0.03787	0.15663	0.01569	0.11423	0.17208	0.31022	0.02974	0.02601	0.00691	0.00203	0.00438	0.03071	0.00551	0.00653
41	0.00712	0.00583	0.00631	0.00637	0.00804	0.00514	0.00471	0.00918	0.03968	0.01640	0.14937	0.14792	0.54599	0.01408	0.00669	0.00193	0.00294	0.01198	0.00538	0.00495
42	0.01907	0.03248	0.01511	0.04133	0.05535	0.30025	0.01016	0.09294	0.04669	0.18719	0.09155	0.01672	0.01426	0.00695	0.00611	0.00166	0.04489	0.00519	0.00449	0.00759
43	0.01900	0.01473	0.01764	0.01339	0.01779	0.01585	0.07925	0.55641	0.02261	0.03080	0.01280	0.01360	0.00936	0.00643	0.00609	0.00165	0.04022	0.00504	0.02380	0.09355
44	0.30896	0.19973	0.10526	0.01074	0.05019	0.01445	0.00956	0.08376	0.01271	0.05722	0.04281	0.01269	0.00985	0.00571	0.00430	0.00159	0.00534	0.00402	0.05398	0.00716

[dist]
# distance from previous block
# <min> <max>
1	4

[block]
# block no. 1 follows, 42 sequences, length 11
# corresponding to MSA columns:
# 63-73
name=unknown_B
#
# <colnr> <probs for GDERKNQSTAVLIFYWHMCP>
#	G	D	E	R	K	N	Q	S	T	A	V	L	I	F	Y	W	H	M	C	P
0	0.09397	0.01530	0.04085	0.02626	0.49545	0.12404	0.01453	0.05243	0.01372	0.01936	0.04414	0.01411	0.01038	0.00553	0.00534	0.00165	0.00681	0.00484	0.00315	0.00815
1	0.04515	0.00747	0.00892	0.00844	0.00989	0.00769	0.00621	0.09351	0.01313	0.07576	0.09966	0.29182	0.11516	0.12712	0.01047	0.00253	0.05596	0.01051	0.00498	0.00561
2	0.01201	0.01030	0.01182	0.00879	0.01352	0.00844	0.00699	0.01645	0.11955	0.01909	0.01187	0.01302	0.00962	0.00467	0.00439	0.00099	0.00421	0.00377	0.00368	0.71681
3	0.05224	0.01098	0.01185	0.01060	0.01348	0.01225	0.00822	0.12178	0.43878	0.05222	0.07094	0.13331	0.02078	0.00908	0.00588	0.00191	0.00441	0.00765	0.00561	0.00803
4	0.01724	0.00854	0.01109	0.00886	0.01228	0.00745	0.00711	0.04363	0.01575	0.38166	0.27397	0.02571	0.02638	0.00811	0.00578	0.00162	0.00402	0.00685	0.00613	0.12783
5	0.01716	0.01489	0.08672	0.01211	0.01623	0.01474	0.01050	0.41466	0.20554	0.02883	0.01669	0.05305	0.01288	0.00734	0.00559	0.00176	0.00558	0.00584	0.06114	0.00876
6	0.00808	0.00588	0.00830	0.00830	0.00905	0.00663	0.00611	0.00957	0.00882	0.01251	0.01575	0.02586	0.01570	0.23612	0.58824	0.00813	0.01262	0.00658	0.00312	0.00461
7	0.01244	0.01497	0.09834	0.04705	0.10956	0.01333	0.44230	0.01658	0.01258	0.01749	0.03636	0.06310	0.01151	0.00628	0.00735	0.00193	0.07172	0.00671	0.00301	0.00739
8	0.01895	0.01739	0.01616	0.01590	0.12493	0.25750	0.01106	0.21396	0.11299	0.09363	0.01367	0.01443	0.01035	0.00809	0.04396	0.00201	0.00761	0.00487	0.00436	0.00820
9	0.05904	0.08987	0.01573	0.01122	0.01511	0.07128	0.00929	0.44775	0.02080	0.06574	0.01348	0.01399	0.00993	0.00641	0.00505	0.00158	0.00579	0.00472	0.12492	0.00833
10	0.00686	0.00490	0.00653	0.00784	0.00816	0.00457	0.00522	0.00784	0.01077	0.01437	0.03102	0.79855	0.03722	0.01763	0.00718	0.00229	0.00326	0.01600	0.00522	0.00457

[dist]
# distance from previous block
# <min> <max>
3	7

[block]
# block no. 2 follows, 42 sequences, length 30
# corresponding to MSA columns:
# 82-111
name=unknown_C
#
# <colnr> <probs for GDERKNQSTAVLIFYWHMCP>
#	G	D	E	R	K	N	Q	S	T	A	V	L	I	F	Y	W	H	M	C	P
0	0.27444	0.01424	0.01360	0.01098	0.01492	0.05030	0.00897	0.43049	0.05450	0.03027	0.01214	0.01261	0.00891	0.00627	0.00489	0.00169	0.00560	0.00444	0.03256	0.00818
1	0.05717	0.01422	0.01545	0.01292	0.05211	0.01569	0.01006	0.56953	0.06493	0.03213	0.01410	0.01446	0.01027	0.00663	0.00537	0.00167	0.00570	0.00506	0.08359	0.00893
2	0.05022	0.00970	0.01290	0.00998	0.01427	0.00860	0.00823	0.02717	0.04151	0.72202	0.02178	0.01891	0.01380	0.00693	0.00559	0.00175	0.00476	0.00560	0.00681	0.00945
3	0.00787	0.00575	0.00739	0.00698	0.00835	0.00527	0.00523	0.01043	0.01570	0.02202	0.71181	0.04293	0.10578	0.01171	0.00664	0.00178	0.00267	0.01030	0.00612	0.00527
4	0.02102	0.02682	0.01595	0.01450	0.01740	0.77963	0.01087	0.02247	0.01595	0.01377	0.00870	0.01015	0.00725	0.00580	0.00507	0.00145	0.01015	0.00362	0.00290	0.00652
5	0.01153	0.00760	0.00914	0.00822	0.01042	0.00749	0.00634	0.01679	0.17220	0.12522	0.41191	0.03532	0.11742	0.01026	0.00626	0.00180	0.00335	0.00883	0.02330	0.00660
6	0.00685	0.00509	0.00639	0.00736	0.00805	0.00463	0.00503	0.00798	0.01138	0.01482	0.06113	0.61722	0.19012	0.01672	0.00705	0.00219	0.00316	0.01494	0.00526	0.00463
7	0.01063	0.01000	0.01688	0.78870	0.03876	0.01250	0.01563	0.01438	0.01125	0.01438	0.01000	0.01500	0.00750	0.00563	0.00563	0.00188	0.00750	0.00500	0.00250	0.00625
8	0.00818	0.00546	0.00614	0.00614	0.00614	0.00546	0.00341	0.00818	0.00818	0.01091	0.01773	0.03683	0.02046	0.80222	0.02864	0.00546	0.00546	0.00818	0.00341	0.00341
9	0.02151	0.01557	0.01677	0.01286	0.01736	0.01717	0.01062	0.72634	0.02614	0.05793	0.01378	0.01368	0.00970	0.00676	0.00563	0.00169	0.00615	0.00508	0.00567	0.00957
10	0.01234	0.01044	0.01254	0.04061	0.03978	0.00859	0.00766	0.07012	0.01280	0.01940	0.01075	0.02911	0.00904	0.00474	0.00445	0.00100	0.00452	0.00386	0.00350	0.69475
11	0.02085	0.01533	0.01641	0.01266	0.01703	0.01697	0.01043	0.70587	0.04545	0.03469	0.01392	0.01395	0.00993	0.00677	0.00558	0.00168	0.00603	0.00511	0.03192	0.00942
12	0.84197	0.01088	0.00827	0.00740	0.01088	0.01262	0.00609	0.01654	0.00958	0.02525	0.00784	0.00914	0.00609	0.00522	0.00348	0.00174	0.00435	0.00305	0.00348	0.00609
13	0.01208	0.09372	0.62579	0.01646	0.04923	0.03677	0.05443	0.01787	0.01206	0.01734	0.00994	0.01182	0.00727	0.00527	0.00526	0.00172	0.00818	0.00419	0.00243	0.00816
14	0.01065	0.01099	0.03135	0.01396	0.01639	0.07370	0.23951	0.01304	0.01155	0.01515	0.01869	0.29510	0.01985	0.05794	0.10068	0.00307	0.04922	0.00959	0.00372	0.00583
15	0.00696	0.00497	0.00665	0.00795	0.00832	0.00466	0.00540	0.00801	0.01087	0.01448	0.03096	0.76488	0.03700	0.01754	0.00721	0.00230	0.00335	0.04867	0.00522	0.00460
16	0.02525	0.00958	0.01306	0.01001	0.01437	0.00827	0.00827	0.02743	0.01611	0.77102	0.02220	0.01915	0.01393	0.00697	0.00566	0.00174	0.00479	0.00566	0.00697	0.00958
17	0.02139	0.01576	0.01689	0.01295	0.01745	0.01745	0.01070	0.74835	0.02646	0.03547	0.01351	0.01351	0.00957	0.00676	0.00563	0.00169	0.00619	0.00507	0.00563	0.00957
18	0.84197	0.01088	0.00827	0.00740	0.01088	0.01262	0.00609	0.01654	0.00958	0.02525	0.00784	0.00914	0.00609	0.00522	0.00348	0.00174	0.00435	0.00305	0.00348	0.00609
19	0.06442	0.00998	0.01304	0.01005	0.01437	0.00898	0.00830	0.06634	0.01636	0.69482	0.02103	0.01836	0.01331	0.00687	0.00555	0.00174	0.00484	0.00550	0.00672	0.00941
20	0.01505	0.80561	0.02949	0.00963	0.01444	0.02227	0.00963	0.01685	0.01143	0.01324	0.00782	0.00903	0.00722	0.00481	0.00361	0.00120	0.00602	0.00301	0.00241	0.00722
21	0.84197	0.01088	0.00827	0.00740	0.01088	0.01262	0.00609	0.01654	0.00958	0.02525	0.00784	0.00914	0.00609	0.00522	0.00348	0.00174	0.00435	0.00305	0.00348	0.00609
22	0.84197	0.01088	0.00827	0.00740	0.01088	0.01262	0.00609	0.01654	0.00958	0.02525	0.00784	0.00914	0.00609	0.00522	0.00348	0.00174	0.00435	0.00305	0.00348	0.00609
23	0.12564	0.06442	0.63174	0.01454	0.02202	0.01346	0.01823	0.01760	0.01154	0.01862	0.00968	0.01137	0.00699	0.00530	0.00501	0.00175	0.00766	0.00395	0.00253	0.00796
24	0.00692	0.00512	0.00650	0.00756	0.00823	0.00470	0.00523	0.00806	0.01126	0.01464	0.03578	0.62519	0.17207	0.01690	0.00711	0.00223	0.00328	0.04935	0.00522	0.00463
25	0.00777	0.00587	0.00665	0.00667	0.00825	0.00522	0.00493	0.00969	0.02975	0.03927	0.18040	0.15684	0.44058	0.04376	0.00754	0.00208	0.00313	0.03120	0.00540	0.00503
26	0.00682	0.00555	0.00605	0.00635	0.00786	0.00478	0.00465	0.00824	0.01254	0.01544	0.08723	0.21541	0.55288	0.01487	0.00679	0.00199	0.00299	0.02952	0.00527	0.00475
27	0.00978	0.00489	0.00733	0.00733	0.00733	0.00489	0.00489	0.00733	0.00733	0.00978	0.00978	0.01711	0.00978	0.01955	0.02199	0.83627	0.00489	0.00489	0.00244	0.00244
28	0.01403	0.01363	0.02217	0.05872	0.70069	0.03620	0.01681	0.01766	0.03220	0.01825	0.01083	0.01404	0.00903	0.00513	0.00556	0.00168	0.00676	0.00501	0.00286	0.00875
29	0.00770	0.00560	0.00725	0.00813	0.00887	0.00526	0.00562	0.03625	0.01148	0.01543	0.02931	0.70880	0.03464	0.01651	0.00700	0.00220	0.00348	0.03644	0.00515	0.04489

[dist]
# distance from previous block
# <min> <max>
1	3

[block]
# block no. 3 follows, 42 sequences, length 91
# corresponding to MSA columns:
# 115-205
name=unknown_D
#
# <colnr> <probs for GDERKNQSTAVLIFYWHMCP>
#	G	D	E	R	K	N	Q	S	T	A	V	L	I	F	Y	W	H	M	C	P
0	0.07599	0.01167	0.01285	0.01086	0.01442	0.01265	0.00871	0.16358	0.34633	0.18461	0.04125	0.02102	0.03264	0.00766	0.00565	0.00184	0.00479	0.02902	0.00580	0.00867
1	0.05110	0.45154	0.33299	0.01215	0.01834	0.01806	0.01404	0.01723	0.01153	0.01566	0.00876	0.01020	0.00713	0.00505	0.00432	0.00146	0.00688	0.00348	0.00244	0.00762
2	0.01617	0.26873	0.06057	0.01287	0.07705	0.04716	0.01043	0.03780	0.24528	0.13014	0.02983	0.01560	0.01239	0.00627	0.00499	0.00160	0.00564	0.00488	0.00431	0.00828
3	0.57727	0.03030	0.01105	0.02688	0.07448	0.07551	0.00782	0.04745	0.02328	0.02310	0.01134	0.01257	0.04816	0.00585	0.00413	0.00171	0.00512	0.00392	0.00355	0.00651
4	0.01254	0.05235	0.16509	0.01828	0.03885	0.01324	0.36951	0.01703	0.02806	0.01757	0.01130	0.03534	0.00910	0.00550	0.00657	0.00172	0.05481	0.00562	0.00292	0.13459
5	0.01748	0.01150	0.01302	0.01080	0.01432	0.01225	0.00864	0.21284	0.28669	0.19449	0.11154	0.02226	0.04269	0.00794	0.00583	0.00180	0.00471	0.00651	0.00602	0.00866
6	0.00978	0.00489	0.00733	0.00733	0.00733	0.00489	0.00489	0.00733	0.00733	0.00978	0.00978	0.01711	0.00978	0.01955	0.02199	0.83627	0.00489	0.00489	0.00244	0.00244
7	0.01393	0.01337	0.02284	0.03454	0.76712	0.01337	0.01727	0.01727	0.01281	0.01839	0.01059	0.01393	0.00891	0.00501	0.00557	0.00167	0.00669	0.00501	0.00279	0.00891
8	0.00781	0.00575	0.00725	0.00692	0.00828	0.00526	0.00518	0.01021	0.01518	0.02104	0.62671	0.04395	0.14952	0.03912	0.00742	0.00193	0.00283	0.02452	0.00595	0.00517
9	0.00867	0.00700	0.00973	0.00961	0.00994	0.00802	0.02262	0.00951	0.00971	0.01348	0.02144	0.42098	0.02491	0.12278	0.04125	0.04846	0.19194	0.01114	0.00404	0.00476
10	0.01378	0.01322	0.02258	0.06825	0.73456	0.01333	0.01720	0.01714	0.01274	0.01821	0.01056	0.01398	0.00885	0.00504	0.00557	0.00168	0.00672	0.00501	0.00277	0.00880
11	0.01585	0.01325	0.01397	0.04725	0.01644	0.04397	0.00978	0.22162	0.45796	0.02561	0.01961	0.02055	0.01511	0.00766	0.00578	0.00187	0.00532	0.04432	0.00542	0.00868
12	0.00686	0.00490	0.00653	0.00784	0.00816	0.00457	0.00522	0.00784	0.01077	0.01437	0.03102	0.79855	0.03722	0.01763	0.00718	0.00229	0.00326	0.01600	0.00522	0.00457
13	0.01423	0.01121	0.01472	0.12034	0.01825	0.01203	0.07006	0.32389	0.01790	0.02399	0.04373	0.24733	0.01885	0.00976	0.00617	0.00189	0.00561	0.00856	0.00481	0.02666
14	0.00939	0.00660	0.00759	0.00725	0.00766	0.00694	0.00458	0.07141	0.00997	0.01341	0.01800	0.09642	0.02032	0.63391	0.02446	0.00474	0.04109	0.00841	0.00371	0.00415
15	0.01231	0.01231	0.01724	0.01477	0.01477	0.01724	0.01231	0.01354	0.00862	0.01354	0.00739	0.01231	0.00739	0.00985	0.01847	0.00246	0.79192	0.00492	0.00246	0.00616
16	0.01036	0.00967	0.01579	0.49564	0.02914	0.01181	0.04642	0.01341	0.01130	0.01510	0.07403	0.10127	0.01449	0.00796	0.00775	0.00200	0.11804	0.00668	0.00311	0.00604
17	0.01366	0.01309	0.02235	0.09662	0.70717	0.01330	0.01714	0.01703	0.01269	0.01806	0.01054	0.01402	0.00880	0.00506	0.00558	0.00169	0.00675	0.00501	0.00276	0.00869
18	0.01505	0.80561	0.02949	0.00963	0.01444	0.02227	0.00963	0.01685	0.01143	0.01324	0.00782	0.00903	0.00722	0.00481	0.00361	0.00120	0.00602	0.00301	0.00241	0.00722
19	0.00783	0.00575	0.00733	0.00693	0.00832	0.00525	0.00520	0.01035	0.01560	0.02179	0.68938	0.04332	0.12836	0.01180	0.00664	0.00178	0.00268	0.01036	0.00609	0.00525
20	0.00759	0.00544	0.00708	0.00815	0.00870	0.00522	0.00560	0.04162	0.01156	0.01540	0.03018	0.73942	0.03581	0.01707	0.00713	0.00227	0.00346	0.03826	0.00524	0.00482
21	0.01505	0.80561	0.02949	0.00963	0.01444	0.02227	0.00963	0.01685	0.01143	0.01324	0.00782	0.00903	0.00722	0.00481	0.00361	0.00120	0.00602	0.00301	0.00241	0.00722
22	0.00686	0.00490	0.00653	0.00784	0.00816	0.00457	0.00522	0.00784	0.01077	0.01437	0.03102	0.79855	0.03722	0.01763	0.00718	0.00229	0.00326	0.01600	0.00522	0.00457
23	0.01387	0.01727	0.16989	0.02095	0.02689	0.01359	0.53321	0.01866	0.01315	0.07986	0.01194	0.01482	0.00869	0.00516	0.00659	0.00188	0.02658	0.00606	0.00309	0.00786
24	0.00978	0.00489	0.00733	0.00733	0.00733	0.00489	0.00489	0.00733	0.00733	0.00978	0.00978	0.01711	0.00978	0.01955	0.02199	0.83627	0.00489	0.00489	0.00244	0.00244
25	0.02160	0.01543	0.01668	0.01279	0.01728	0.01695	0.01056	0.70905	0.02590	0.07557	0.01399	0.01382	0.00981	0.00677	0.00563	0.00169	0.00612	0.00510	0.00570	0.00957
26	0.01469	0.01154	0.01434	0.02957	0.04372	0.01193	0.03743	0.11833	0.21940	0.08360	0.01634	0.03123	0.01313	0.00707	0.00644	0.00166	0.06549	0.04473	0.00461	0.22476
27	0.01531	0.77127	0.02889	0.00984	0.01457	0.05566	0.00968	0.01710	0.01163	0.01326	0.00786	0.00908	0.00722	0.00486	0.00368	0.00121	0.00620	0.00304	0.00243	0.00719
28	0.57288	0.07389	0.01178	0.00873	0.01256	0.01386	0.00733	0.14210	0.01311	0.08494	0.00994	0.01067	0.00739	0.00559	0.00403	0.00169	0.00483	0.00359	0.00404	0.00705
29	0.04352	0.01043	0.04680	0.01025	0.01412	0.00912	0.00863	0.06919	0.07076	0.50497	0.02201	0.11410	0.01664	0.00838	0.00582	0.00184	0.00482	0.02371	0.00623	0.00866
30	0.00921	0.00654	0.00821	0.00789	0.00867	0.00709	0.00549	0.06987	0.01004	0.01381	0.01630	0.02889	0.01695	0.42601	0.33391	0.00661	0.00945	0.00705	0.00343	0.00458
31	0.00691	0.00507	0.00650	0.00763	0.00821	0.00466	0.00523	0.00801	0.01114	0.01457	0.03463	0.66748	0.13937	0.01708	0.00713	0.00224	0.00328	0.04103	0.00522	0.00462
32	0.00764	0.00582	0.00661	0.00660	0.00823	0.00512	0.00500	0.00938	0.01335	0.03372	0.21359	0.07964	0.46599	0.04565	0.00763	0.00208	0.00316	0.07040	0.00541	0.00496
33	0.02139	0.01576	0.01689	0.01295	0.01745	0.01745	0.01070	0.74835	0.02646	0.03547	0.01351	0.01351	0.00957	0.00676	0.00563	0.00169	0.00619	0.00507	0.00563	0.00957
34	0.67350	0.01061	0.00926	0.00794	0.01160	0.01173	0.00654	0.01879	0.01092	0.17909	0.01080	0.01121	0.00771	0.00558	0.00393	0.00174	0.00444	0.00359	0.00420	0.00681
35	0.02139	0.01576	0.01689	0.01295	0.01745	0.01745	0.01070	0.74835	0.02646	0.03547	0.01351	0.01351	0.00957	0.00676	0.00563	0.00169	0.00619	0.00507	0.00563	0.00957
36	0.00796	0.00575	0.00752	0.00708	0.00841	0.00531	0.00531	0.01062	0.01593	0.02257	0.76415	0.04204	0.05310	0.01150	0.00664	0.00177	0.00265	0.01018	0.00619	0.00531
37	0.01505	0.80561	0.02949	0.00963	0.01444	0.02227	0.00963	0.01685	0.01143	0.01324	0.00782	0.00903	0.00722	0.00481	0.00361	0.00120	0.00602	0.00301	0.00241	0.00722
38	0.02102	0.02682	0.01595	0.01450	0.01740	0.77963	0.01087	0.02247	0.01595	0.01377	0.00870	0.01015	0.00725	0.00580	0.00507	0.00145	0.01015	0.00362	0.00290	0.00652
39	0.01833	0.01409	0.01656	0.01302	0.01704	0.01538	0.07042	0.51809	0.11592	0.03044	0.01605	0.07744	0.01279	0.00756	0.00580	0.00177	0.00591	0.00624	0.02832	0.00880
40	0.01079	0.00554	0.00557	0.00546	0.00686	0.00558	0.00412	0.03345	0.01221	0.02138	0.01822	0.02077	0.01429	0.00656	0.00398	0.00132	0.00272	0.00524	0.81056	0.00536
41	0.00685	0.00575	0.00600	0.00613	0.00795	0.00489	0.00469	0.00837	0.01280	0.01532	0.05423	0.07030	0.68952	0.01443	0.00675	0.00197	0.00305	0.07101	0.00522	0.00478
42	0.00671	0.00570	0.00578	0.00576	0.00764	0.00478	0.00432	0.00819	0.01296	0.01553	0.08840	0.05362	0.73324	0.01413	0.00665	0.00189	0.00284	0.01180	0.00527	0.00478
43	0.00978	0.00489	0.00733	0.00733	0.00733	0.00489	0.00489	0.00733	0.00733	0.00978	0.00978	0.01711	0.00978	0.01955	0.02199	0.83627	0.00489	0.00489	0.00244	0.00244
44	0.01493	0.78221	0.05190	0.00982	0.01474	0.02199	0.00997	0.01688	0.01145	0.01338	0.00789	0.00911	0.00722	0.00483	0.00366	0.00122	0.00609	0.00304	0.00241	0.00725
45	0.01198	0.00674	0.00887	0.00800	0.01001	0.00616	0.00621	0.01468	0.03015	0.19144	0.49918	0.07208	0.05570	0.01092	0.00648	0.00183	0.00333	0.04369	0.00625	0.00630
46	0.01796	0.03735	0.01443	0.01258	0.01545	0.49477	0.00960	0.09094	0.06917	0.01759	0.09294	0.01794	0.07123	0.00725	0.00543	0.00157	0.00793	0.00527	0.00388	0.00674
47	0.01429	0.01331	0.02190	0.08983	0.65030	0.01364	0.01661	0.07723	0.01382	0.01949	0.01078	0.01398	0.00886	0.00520	0.00558	0.00169	0.00671	0.00502	0.00300	0.00877
48	0.81342	0.01069	0.00817	0.00733	0.01073	0.01237	0.00602	0.01642	0.00965	0.02510	0.00820	0.00955	0.00638	0.00527	0.00350	0.00173	0.00429	0.00312	0.03199	0.00607
49	0.01910	0.01365	0.01557	0.01371	0.07769	0.01483	0.01028	0.44536	0.15004	0.10230	0.03132	0.01631	0.01237	0.00687	0.00559	0.00172	0.00556	0.00546	0.04318	0.00912
50	0.00908	0.00755	0.00824	0.00771	0.00917	0.07122	0.00578	0.01163	0.01593	0.02182	0.69984	0.03932	0.04920	0.01102	0.00650	0.00174	0.00329	0.00962	0.00591	0.00541
51	0.01150	0.01152	0.01850	0.01531	0.01653	0.01428	0.16052	0.01340	0.00997	0.01461	0.01258	0.15864	0.01315	0.01025	0.01397	0.00231	0.48642	0.00733	0.00305	0.00615
52	0.01328	0.01518	0.03321	0.02372	0.02941	0.01423	0.74668	0.01803	0.01328	0.01803	0.01139	0.01518	0.00854	0.00474	0.00664	0.00190	0.00949	0.00664	0.00285	0.00759
53	0.00842	0.00711	0.00867	0.00985	0.09207	0.00666	0.00651	0.01155	0.07670	0.01766	0.17623	0.06044	0.44271	0.01230	0.00651	0.00189	0.00348	0.04040	0.00517	0.00568
54	0.00685	0.00492	0.00650	0.00777	0.00815	0.00458	0.00520	0.00784	0.01084	0.01439	0.03180	0.77612	0.05915	0.01753	0.00717	0.00227	0.00325	0.01587	0.00522	0.00458
55	0.01532	0.52610	0.17763	0.01151	0.01685	0.08221	0.01202	0.05760	0.01281	0.03012	0.00894	0.01014	0.00746	0.00515	0.00423	0.00138	0.00681	0.00346	0.00271	0.00756
56	0.21860	0.13487	0.01476	0.00964	0.01380	0.01255	0.00819	0.07970	0.05716	0.37331	0.01587	0.01484	0.01085	0.00623	0.00482	0.00166	0.00497	0.00461	0.00524	0.00834
57	0.01231	0.01231	0.01724	0.01477	0.01477	0.01724	0.01231	0.01354	0.00862	0.01354	0.00739	0.01231	0.00739	0.00985	0.01847	0.00246	0.79192	0.00492	0.00246	0.00616
58	0.01065	0.00719	0.01091	0.00977	0.01139	0.00682	0.10665	0.02891	0.01166	0.09579	0.02318	0.36675	0.02468	0.16123	0.01062	0.00266	0.00469	0.01079	0.09019	0.00548
59	0.01231	0.01231	0.01724	0.01477	0.01477	0.01724	0.01231	0.01354	0.00862	0.01354	0.00739	0.01231	0.00739	0.00985	0.01847	0.00246	0.79192	0.00492	0.00246	0.00616
60	0.00805	0.00598	0.00881	0.00881	0.00973	0.00690	0.00674	0.00990	0.00897	0.01289	0.01529	0.02332	0.01459	0.10476	0.71809	0.00875	0.01428	0.00621	0.00305	0.00489
61	0.00796	0.00575	0.00752	0.00708	0.00841	0.00531	0.00531	0.01062	0.01593	0.02257	0.76415	0.04204	0.05310	0.01150	0.00664	0.00177	0.00265	0.01018	0.00619	0.00531
62	0.01328	0.01518	0.03321	0.02372	0.02941	0.01423	0.74668	0.01803	0.01328	0.01803	0.01139	0.01518	0.00854	0.00474	0.00664	0.00190	0.00949	0.00664	0.00285	0.00759
63	0.84197	0.01088	0.00827	0.00740	0.01088	0.01262	0.00609	0.01654	0.00958	0.02525	0.00784	0.00914	0.00609	0.00522	0.00348	0.00174	0.00435	0.00305	0.00348	0.00609
64	0.00796	0.00575	0.00752	0.00708	0.00841	0.00531	0.00531	0.01062	0.01593	0.02257	0.76415	0.04204	0.05310	0.01150	0.00664	0.00177	0.00265	0.01018	0.00619	0.00531
65	0.02453	0.00989	0.01315	0.01017	0.01447	0.00884	0.00837	0.04750	0.05678	0.70992	0.02200	0.01910	0.01399	0.00700	0.00566	0.00175	0.00481	0.00568	0.00686	0.00954
66	0.00970	0.00489	0.00731	0.00735	0.00735	0.00488	0.00490	0.00735	0.00743	0.00990	0.01036	0.03856	0.01053	0.01950	0.02159	0.81337	0.00484	0.00519	0.00252	0.00250
67	0.01505	0.80561	0.02949	0.00963	0.01444	0.02227	0.00963	0.01685	0.01143	0.01324	0.00782	0.00903	0.00722	0.00481	0.00361	0.00120	0.00602	0.00301	0.00241	0.00722
68	0.01167	0.01000	0.01167	0.00834	0.01334	0.00750	0.00667	0.01417	0.01167	0.01834	0.01000	0.01167	0.00834	0.00417	0.00417	0.00083	0.00417	0.00333	0.00333	0.83663
69	0.00917	0.00622	0.00902	0.00904	0.01020	0.00581	0.05143	0.02587	0.01214	0.07802	0.09207	0.60411	0.03432	0.01520	0.00694	0.00216	0.00378	0.01384	0.00531	0.00534
70	0.47057	0.04133	0.03777	0.00946	0.01339	0.06355	0.00804	0.10802	0.02874	0.15502	0.01147	0.01182	0.00826	0.00579	0.00434	0.00170	0.00523	0.00389	0.00428	0.00733
71	0.01330	0.01591	0.12677	0.02612	0.37293	0.02992	0.19209	0.01714	0.01240	0.01769	0.01055	0.01390	0.00854	0.00556	0.00708	0.00181	0.08928	0.00526	0.02569	0.00808
72	0.00805	0.00598	0.00881	0.00881	0.00973	0.00690	0.00674	0.00990	0.00897	0.01289	0.01529	0.02332	0.01459	0.10476	0.71809	0.00875	0.01428	0.00621	0.00305	0.00489
73	0.01084	0.00646	0.00828	0.00760	0.00946	0.00587	0.00577	0.01337	0.03044	0.15143	0.46179	0.11716	0.12625	0.01158	0.00651	0.00184	0.00315	0.01011	0.00611	0.00599
74	0.02318	0.00990	0.01293	0.01013	0.01423	0.00907	0.00829	0.06508	0.07763	0.62954	0.06225	0.02025	0.01610	0.00726	0.00572	0.00175	0.00472	0.00593	0.00675	0.00929
75	0.02139	0.01576	0.01689	0.01295	0.01745	0.01745	0.01070	0.74835	0.02646	0.03547	0.01351	0.01351	0.00957	0.00676	0.00563	0.00169	0.00619	0.00507	0.00563	0.00957
76	0.00689	0.00498	0.00645	0.00760	0.00805	0.00462	0.00508	0.00787	0.01085	0.01432	0.03270	0.71112	0.09653	0.04430	0.00788	0.00236	0.00331	0.01539	0.00516	0.00455
77	0.02139	0.01576	0.01689	0.01295	0.01745	0.01745	0.01070	0.74835	0.02646	0.03547	0.01351	0.01351	0.00957	0.00676	0.00563	0.00169	0.00619	0.00507	0.00563	0.00957
78	0.06547	0.01500	0.01595	0.01241	0.01667	0.01660	0.01020	0.67480	0.02483	0.03395	0.01400	0.04896	0.01064	0.00717	0.00558	0.00172	0.00596	0.00545	0.00549	0.00915
79	0.01505	0.80561	0.02949	0.00963	0.01444	0.02227	0.00963	0.01685	0.01143	0.01324	0.00782	0.00903	0.00722	0.00481	0.00361	0.00120	0.00602	0.00301	0.00241	0.00722
80	0.01063	0.01000	0.01688	0.78870	0.03876	0.01250	0.01563	0.01438	0.01125	0.01438	0.01000	0.01500	0.00750	0.00563	0.00563	0.00188	0.00750	0.00500	0.00250	0.00625
81	0.01466	0.01242	0.01310	0.01159	0.01489	0.01431	0.00907	0.09410	0.69168	0.02461	0.02207	0.02033	0.01650	0.00756	0.00572	0.00189	0.00461	0.00625	0.00572	0.00897
82	0.01033	0.00523	0.00530	0.00536	0.00663	0.00522	0.00399	0.01288	0.01176	0.02069	0.01892	0.05531	0.01543	0.00705	0.00408	0.00135	0.00265	0.00572	0.79690	0.00522
83	0.01100	0.01038	0.01756	0.70312	0.12141	0.01260	0.01582	0.01471	0.01143	0.01483	0.01007	0.01488	0.00766	0.00556	0.00562	0.00185	0.00741	0.00500	0.00253	0.00655
84	0.00684	0.00569	0.00588	0.00584	0.00759	0.00484	0.00431	0.00829	0.01283	0.01558	0.11348	0.05221	0.66526	0.05698	0.00785	0.00208	0.00298	0.01153	0.00521	0.00472
85	0.00810	0.00601	0.00895	0.00895	0.00996	0.00699	0.00696	0.01013	0.00911	0.01326	0.01516	0.02208	0.01408	0.04132	0.76068	0.00885	0.01477	0.00601	0.02360	0.00503
86	0.03754	0.00870	0.01056	0.00911	0.01186	0.00848	0.00735	0.14650	0.01692	0.21007	0.25318	0.04809	0.10653	0.01021	0.00627	0.00186	0.00418	0.08955	0.00598	0.00707
87	0.01902	0.02184	0.01634	0.09576	0.08304	0.53677	0.01169	0.03734	0.01508	0.05598	0.00998	0.01192	0.00802	0.00689	0.02681	0.00177	0.02761	0.00413	0.00313	0.00689
88	0.01356	0.01320	0.02313	0.10535	0.63715	0.01336	0.07715	0.01706	0.01270	0.01797	0.01060	0.01413	0.00875	0.00505	0.00566	0.00171	0.00699	0.00515	0.00276	0.00855
89	0.01336	0.01077	0.01252	0.00925	0.01392	0.00921	0.00745	0.09299	0.04718	0.05013	0.01135	0.01261	0.00906	0.00491	0.00494	0.00106	0.03147	0.00380	0.00380	0.65021
90	0.01339	0.01379	0.02617	0.01958	0.03581	0.01378	0.47886	0.07279	0.07136	0.01977	0.07400	0.01735	0.01285	0.00610	0.00742	0.00189	0.07470	0.00653	0.00353	0.03032

[dist]
# distance from previous block
# <min> <max>
5	13

[block]
# block no. 4 follows, 42 sequences, length 21
# corresponding to MSA columns:
# 219-239
name=unknown_E
#
# <colnr> <probs for GDERKNQSTAVLIFYWHMCP>
#	G	D	E	R	K	N	Q	S	T	A	V	L	I	F	Y	W	H	M	C	P
0	0.01110	0.06327	0.52318	0.01581	0.06600	0.01227	0.05613	0.01631	0.01221	0.01770	0.07092	0.08359	0.01356	0.00683	0.00560	0.00180	0.00728	0.00580	0.00298	0.00769
1	0.01372	0.01372	0.02155	0.12518	0.51486	0.07217	0.07315	0.01703	0.01291	0.01741	0.01158	0.01684	0.00999	0.00576	0.00576	0.00175	0.00718	0.04847	0.00291	0.00807
2	0.00970	0.00849	0.00972	0.01123	0.07706	0.06720	0.00802	0.01239	0.05068	0.01639	0.04959	0.17237	0.20835	0.01339	0.00687	0.00215	0.00472	0.26121	0.00486	0.00560
3	0.01989	0.02271	0.01487	0.01354	0.01640	0.60795	0.01034	0.02192	0.03638	0.08087	0.01212	0.01576	0.01028	0.00774	0.02721	0.00179	0.00927	0.06073	0.00352	0.00671
4	0.00811	0.00575	0.00764	0.00764	0.00816	0.00627	0.00528	0.00915	0.00863	0.01202	0.01636	0.02923	0.01716	0.41005	0.41630	0.00731	0.01042	0.00707	0.00321	0.00424
5	0.00905	0.00839	0.07529	0.00827	0.01040	0.00674	0.00701	0.01292	0.07305	0.03638	0.54178	0.03836	0.07911	0.03781	0.00722	0.00194	0.00352	0.03124	0.00566	0.00585
6	0.01164	0.00636	0.00648	0.00606	0.00771	0.00654	0.00465	0.09085	0.01335	0.02251	0.01785	0.02019	0.01391	0.00658	0.00411	0.00135	0.00300	0.00523	0.74594	0.00570
7	0.01332	0.01461	0.02999	0.02500	0.16498	0.01432	0.55202	0.01752	0.01282	0.01773	0.01091	0.01472	0.00852	0.00521	0.00740	0.00190	0.07231	0.00620	0.00280	0.00772
8	0.01306	0.01380	0.01869	0.01555	0.01673	0.09847	0.11380	0.01487	0.01009	0.01415	0.00867	0.01322	0.00804	0.01117	0.07347	0.00278	0.53940	0.00511	0.00261	0.00631
9	0.00891	0.00684	0.00830	0.00779	0.00945	0.00678	0.00588	0.01377	0.14566	0.02207	0.57122	0.06097	0.08820	0.01116	0.00649	0.00182	0.00300	0.00978	0.00603	0.00589
10	0.00689	0.00537	0.00625	0.00674	0.00793	0.00474	0.00479	0.00827	0.01234	0.01571	0.12796	0.36102	0.38128	0.01533	0.00687	0.00204	0.00300	0.01339	0.00534	0.00474
11	0.01579	0.01048	0.01201	0.01028	0.01327	0.01114	0.00810	0.15360	0.27397	0.16401	0.13132	0.02589	0.02157	0.07820	0.00795	0.00216	0.00469	0.04183	0.00578	0.00795
12	0.01393	0.01337	0.02284	0.03454	0.76712	0.01337	0.01727	0.01727	0.01281	0.01839	0.01059	0.01393	0.00891	0.00501	0.00557	0.00167	0.00669	0.00501	0.00279	0.00891
13	0.04507	0.00982	0.01249	0.07824	0.01551	0.00969	0.00851	0.13261	0.03929	0.38575	0.09052	0.05746	0.04877	0.03229	0.00649	0.00190	0.00489	0.00668	0.00589	0.00814
14	0.03828	0.27361	0.51462	0.01375	0.02081	0.01596	0.01681	0.01748	0.01167	0.01661	0.00931	0.01090	0.00713	0.00517	0.00474	0.00160	0.00747	0.00376	0.00242	0.00790
15	0.01455	0.01199	0.01918	0.01501	0.03482	0.04698	0.25249	0.04159	0.01336	0.14282	0.04865	0.06275	0.01371	0.03383	0.05111	0.00225	0.05584	0.00638	0.00399	0.12869
16	0.01238	0.01324	0.04668	0.01860	0.06692	0.01213	0.39544	0.01726	0.07810	0.01828	0.03468	0.07692	0.01271	0.00630	0.00647	0.00176	0.03162	0.00669	0.00343	0.14041
17	0.01556	0.01318	0.01370	0.07366	0.05241	0.14981	0.00963	0.12159	0.03611	0.10660	0.06011	0.11486	0.01615	0.00823	0.00644	0.00172	0.05308	0.02930	0.00439	0.11348
18	0.06576	0.00927	0.01080	0.00960	0.01181	0.00994	0.00755	0.14245	0.07662	0.03498	0.18310	0.15469	0.07112	0.01057	0.00733	0.00190	0.08359	0.04139	0.00506	0.06245
19	0.05305	0.52438	0.08755	0.01325	0.11780	0.01833	0.01106	0.01643	0.01197	0.01572	0.07492	0.01285	0.01143	0.00549	0.00428	0.00139	0.00593	0.00401	0.00284	0.00732
20	0.01530	0.39422	0.21273	0.01212	0.01748	0.08643	0.01256	0.08316	0.07169	0.03114	0.01042	0.01136	0.00831	0.00547	0.00456	0.00148	0.00684	0.00385	0.00307	0.00782

[dist]
# distance from previous block
# <min> <max>
2	12

[block]
# block no. 5 follows, 42 sequences, length 32
# corresponding to MSA columns:
# 252-283
name=unknown_F
#
# <colnr> <probs for GDERKNQSTAVLIFYWHMCP>
#	G	D	E	R	K	N	Q	S	T	A	V	L	I	F	Y	W	H	M	C	P
0	0.01462	0.00947	0.01161	0.01080	0.05851	0.00943	0.00790	0.08783	0.17126	0.18608	0.21782	0.04381	0.09618	0.00896	0.00599	0.00177	0.00417	0.00761	0.00578	0.04041
1	0.01428	0.01279	0.02162	0.11164	0.64504	0.01297	0.01655	0.01759	0.01285	0.06413	0.01124	0.01436	0.00907	0.00520	0.00558	0.00170	0.00665	0.00505	0.00301	0.00868
2	0.03285	0.01475	0.01500	0.01252	0.01576	0.15788	0.06141	0.18176	0.18858	0.05327	0.04829	0.01804	0.02835	0.03276	0.05382	0.00229	0.03973	0.00564	0.00454	0.03274
3	0.01193	0.01184	0.01737	0.01473	0.01518	0.01600	0.05681	0.01346	0.00895	0.01377	0.00843	0.01350	0.00815	0.01288	0.09645	0.00311	0.66363	0.00514	0.00254	0.00613
4	0.00693	0.00495	0.00661	0.00792	0.00828	0.00463	0.00535	0.00796	0.01085	0.01445	0.03098	0.77396	0.03706	0.01756	0.00720	0.00230	0.00333	0.03986	0.00522	0.00459
5	0.00818	0.00546	0.00614	0.00614	0.00614	0.00546	0.00341	0.00818	0.00818	0.01091	0.01773	0.03683	0.02046	0.80222	0.02864	0.00546	0.00546	0.00818	0.00341	0.00341
6	0.01189	0.01168	0.01635	0.01413	0.01420	0.01618	0.01169	0.01315	0.00864	0.01344	0.00822	0.01369	0.00823	0.03431	0.07270	0.00301	0.71488	0.00509	0.00253	0.00600
7	0.01505	0.80561	0.02949	0.00963	0.01444	0.02227	0.00963	0.01685	0.01143	0.01324	0.00782	0.00903	0.00722	0.00481	0.00361	0.00120	0.00602	0.00301	0.00241	0.00722
8	0.01129	0.02911	0.77306	0.01604	0.02436	0.01307	0.02079	0.01782	0.01188	0.01782	0.01010	0.01188	0.00713	0.00535	0.00535	0.00178	0.00832	0.00416	0.00238	0.00832
9	0.01450	0.01313	0.01295	0.01167	0.01483	0.06824	0.00905	0.02938	0.70445	0.02285	0.02190	0.02023	0.01648	0.00750	0.00568	0.00188	0.00486	0.00617	0.00553	0.00874
10	0.00701	0.00501	0.00671	0.00802	0.00841	0.00471	0.00550	0.00811	0.01093	0.01454	0.03093	0.74647	0.03688	0.01748	0.00722	0.00231	0.00340	0.06653	0.00522	0.00461
11	0.01177	0.01030	0.01162	0.00849	0.01328	0.02888	0.00674	0.01420	0.01176	0.01808	0.01065	0.03722	0.00924	0.00465	0.00429	0.00090	0.00430	0.00375	0.00338	0.78648
12	0.02139	0.01576	0.01689	0.01295	0.01745	0.01745	0.01070	0.74835	0.02646	0.03547	0.01351	0.01351	0.00957	0.00676	0.00563	0.00169	0.00619	0.00507	0.00563	0.00957
13	0.00818	0.00546	0.00614	0.00614	0.00614	0.00546	0.00341	0.00818	0.00818	0.01091	0.01773	0.03683	0.02046	0.80222	0.02864	0.00546	0.00546	0.00818	0.00341	0.00341
14	0.00818	0.00546	0.00614	0.00614	0.00614	0.00546	0.00341	0.00818	0.00818	0.01091	0.01773	0.03683	0.02046	0.80222	0.02864	0.00546	0.00546	0.00818	0.00341	0.00341
15	0.01063	0.01000	0.01688	0.78870	0.03876	0.01250	0.01563	0.01438	0.01125	0.01438	0.01000	0.01500	0.00750	0.00563	0.00563	0.00188	0.00750	0.00500	0.00250	0.00625
16	0.01063	0.01000	0.01688	0.78870	0.03876	0.01250	0.01563	0.01438	0.01125	0.01438	0.01000	0.01500	0.00750	0.00563	0.00563	0.00188	0.00750	0.00500	0.00250	0.00625
17	0.00686	0.00490	0.00653	0.00784	0.00816	0.00457	0.00522	0.00784	0.01077	0.01437	0.03102	0.79855	0.03722	0.01763	0.00718	0.00229	0.00326	0.01600	0.00522	0.00457
18	0.02365	0.01139	0.01432	0.01144	0.03378	0.01100	0.00916	0.22046	0.03754	0.53640	0.01960	0.01756	0.01272	0.00688	0.00565	0.00173	0.00520	0.00550	0.00647	0.00954
19	0.00978	0.00489	0.00733	0.00733	0.00733	0.00489	0.00489	0.00733	0.00733	0.00978	0.00978	0.01711	0.00978	0.01955	0.02199	0.83627	0.00489	0.00489	0.00244	0.00244
20	0.02152	0.01556	0.01677	0.01285	0.01735	0.01715	0.01062	0.72501	0.02612	0.05928	0.01379	0.01369	0.00971	0.00676	0.00563	0.00169	0.00615	0.00509	0.00567	0.00957
21	0.01167	0.01000	0.01167	0.00834	0.01334	0.00750	0.00667	0.01417	0.01167	0.01834	0.01000	0.01167	0.00834	0.00417	0.00417	0.00083	0.00417	0.00333	0.00333	0.83663
22	0.01505	0.80561	0.02949	0.00963	0.01444	0.02227	0.00963	0.01685	0.01143	0.01324	0.00782	0.00903	0.00722	0.00481	0.00361	0.00120	0.00602	0.00301	0.00241	0.00722
23	0.79165	0.01118	0.00880	0.00774	0.01129	0.01292	0.00638	0.06143	0.01061	0.02588	0.00818	0.00941	0.00631	0.00532	0.00361	0.00174	0.00447	0.00317	0.00361	0.00631
24	0.02076	0.01535	0.01647	0.01276	0.01711	0.01699	0.01049	0.70596	0.04809	0.03452	0.01428	0.03567	0.01057	0.00709	0.00568	0.00171	0.00606	0.00541	0.00562	0.00941
25	0.00818	0.00546	0.00614	0.00614	0.00614	0.00546	0.00341	0.00818	0.00818	0.01091	0.01773	0.03683	0.02046	0.80222	0.02864	0.00546	0.00546	0.00818	0.00341	0.00341
26	0.00686	0.00490	0.00653	0.00784	0.00816	0.00457	0.00522	0.00784	0.01077	0.01437	0.03102	0.79855	0.03722	0.01763	0.00718	0.00229	0.00326	0.01600	0.00522	0.00457
27	0.00731	0.00528	0.00692	0.00746	0.00825	0.00488	0.00523	0.00899	0.01297	0.01778	0.33508	0.46351	0.06537	0.01500	0.00694	0.00206	0.00300	0.01347	0.00563	0.00488
28	0.00848	0.00580	0.00748	0.00721	0.00858	0.00529	0.00535	0.01076	0.01491	0.05507	0.56215	0.15489	0.10786	0.01244	0.00668	0.00186	0.00286	0.01098	0.00601	0.00535
29	0.01167	0.01000	0.01167	0.00834	0.01334	0.00750	0.00667	0.01417	0.01167	0.01834	0.01000	0.01167	0.00834	0.00417	0.00417	0.00083	0.00417	0.00333	0.00333	0.83663
30	0.02465	0.01054	0.01366	0.01047	0.01485	0.00971	0.00865	0.14008	0.01772	0.65608	0.02084	0.01827	0.01325	0.00693	0.00565	0.00173	0.00501	0.00557	0.00676	0.00958
31	0.84197	0.01088	0.00827	0.00740	0.01088	0.01262	0.00609	0.01654	0.00958	0.02525	0.00784	0.00914	0.00609	0.00522	0.00348	0.00174	0.00435	0.00305	0.00348	0.00609

[dist]
# distance from previous block
# <min> <max>
3	57

[block]
# block no. 6 follows, 42 sequences, length 19
# corresponding to MSA columns:
# 341-359
name=unknown_G
#
# <colnr> <probs for GDERKNQSTAVLIFYWHMCP>
#	G	D	E	R	K	N	Q	S	T	A	V	L	I	F	Y	W	H	M	C	P
0	0.01362	0.01138	0.01318	0.01036	0.01402	0.02694	0.00834	0.13218	0.06686	0.03464	0.01182	0.01405	0.00975	0.02512	0.05783	0.00194	0.11588	0.00438	0.00379	0.42394
1	0.01858	0.01486	0.18255	0.01181	0.01668	0.01116	0.01134	0.13525	0.09934	0.32821	0.04187	0.03556	0.01428	0.00722	0.00569	0.00178	0.00565	0.02708	0.00541	0.02568
2	0.02178	0.01388	0.01558	0.01206	0.01639	0.01479	0.00992	0.53501	0.04148	0.21495	0.01632	0.03517	0.01153	0.00711	0.00568	0.00172	0.00573	0.00552	0.00595	0.00943
3	0.03194	0.08894	0.47106	0.01331	0.02016	0.01233	0.01564	0.01864	0.01240	0.13074	0.01166	0.01264	0.00831	0.00537	0.00504	0.00159	0.00692	0.00414	0.00323	0.12595
