[name]
unknown

[dist]
# distance from previous block
# <min> <max>
0	47

[block]
# block no. 0 follows, 44 sequences, length 47
# corresponding to MSA columns:
# 47-93
name=unknown_A
#
# <colnr> <probs for GDERKNQSTAVLIFYWHMCP>
#	G	D	E	R	K	N	Q	S	T	A	V	L	I	F	Y	W	H	M	C	P
0	0.01036	0.09101	0.01174	0.01112	0.06388	0.00837	0.00880	0.01289	0.02607	0.05284	0.02608	0.09019	0.07111	0.01249	0.00664	0.00216	0.00491	0.45805	0.00463	0.02666
1	0.03104	0.58313	0.18321	0.01050	0.01585	0.01865	0.01133	0.01635	0.01114	0.01429	0.00817	0.00948	0.00702	0.00474	0.00388	0.00127	0.00615	0.00317	0.00240	0.05823
2	0.00750	0.00661	0.05343	0.00708	0.00804	0.00540	0.00519	0.00853	0.00995	0.01309	0.04473	0.26126	0.15398	0.35184	0.01560	0.00342	0.00434	0.03161	0.00417	0.00424
3	0.05225	0.07452	0.52896	0.01419	0.04479	0.01247	0.01631	0.04026	0.01173	0.05615	0.01054	0.01247	0.00784	0.00796	0.05341	0.03395	0.00771	0.00417	0.00274	0.00759
4	0.04134	0.01381	0.08308	0.01135	0.01532	0.01328	0.00986	0.43626	0.05516	0.09544	0.06209	0.06492	0.03175	0.00792	0.00604	0.02765	0.00544	0.00598	0.00513	0.00816
5	0.01423	0.02869	0.04377	0.19585	0.08068	0.23514	0.01133	0.06828	0.10958	0.01687	0.03904	0.01730	0.05273	0.03071	0.03112	0.00198	0.00726	0.00522	0.00346	0.00675
6	0.00854	0.05557	0.00986	0.00864	0.00979	0.02756	0.00671	0.01026	0.00899	0.01247	0.01428	0.02180	0.01369	0.11603	0.64146	0.00775	0.01299	0.00582	0.00292	0.00488
7	0.01206	0.14590	0.62037	0.01451	0.02174	0.06131	0.01793	0.01740	0.01169	0.01636	0.00937	0.01099	0.00693	0.00513	0.00491	0.00162	0.00783	0.00383	0.00234	0.00779
8	0.00704	0.00615	0.00606	0.00596	0.00781	0.02376	0.00448	0.00883	0.02889	0.01548	0.11517	0.04973	0.67530	0.01324	0.00639	0.00182	0.00295	0.01106	0.00510	0.00478
9	0.04202	0.18134	0.03798	0.00988	0.01412	0.07085	0.00852	0.11311	0.04501	0.16373	0.01443	0.03030	0.03875	0.00597	0.00467	0.00137	0.00529	0.00453	0.00414	0.20399
10	0.01278	0.00982	0.01507	0.53855	0.02960	0.01152	0.01286	0.07510	0.01259	0.11058	0.01254	0.05432	0.00979	0.00641	0.00588	0.00179	0.03243	0.00543	0.02126	0.02169
11	0.01249	0.01043	0.01132	0.01017	0.01289	0.01175	0.00789	0.05348	0.56189	0.02305	0.19523	0.02477	0.02440	0.00823	0.00575	0.00181	0.00398	0.00697	0.00565	0.00785
12	0.02194	0.00882	0.01191	0.00934	0.01313	0.00773	0.00763	0.02437	0.03046	0.65890	0.12492	0.02165	0.01879	0.00737	0.00561	0.00169	0.00435	0.00610	0.00662	0.00870
13	0.08142	0.16546	0.37981	0.03638	0.03050	0.03001	0.06632	0.04529	0.02765	0.04247	0.01041	0.02826	0.00810	0.00552	0.00511	0.00164	0.02097	0.00431	0.00284	0.00754
14	0.00792	0.00533	0.00618	0.00618	0.00626	0.00541	0.00359	0.00808	0.00800	0.01074	0.01697	0.03450	0.01931	0.74531	0.09014	0.00557	0.00605	0.00776	0.00327	0.00343
15	0.00647	0.00541	0.00564	0.00583	0.00745	0.00458	0.00428	0.00779	0.01213	0.01461	0.05146	0.16516	0.66193	0.01430	0.00652	0.00190	0.00282	0.01210	0.00506	0.00458
16	0.01061	0.00993	0.03731	0.31061	0.02207	0.01121	0.02455	0.08442	0.01215	0.01629	0.04587	0.13551	0.08513	0.00965	0.02332	0.00209	0.14254	0.00725	0.00350	0.00600
17	0.10127	0.05430	0.01491	0.04092	0.01601	0.05580	0.00941	0.35007	0.12443	0.15651	0.01461	0.01429	0.01039	0.00637	0.00514	0.00165	0.00560	0.00481	0.00507	0.00845
18	0.05070	0.01270	0.01586	0.41129	0.11658	0.13677	0.01313	0.01528	0.01154	0.01489	0.01109	0.01468	0.03594	0.00615	0.00656	0.00177	0.09012	0.00479	0.02384	0.00631
19	0.17753	0.03934	0.01467	0.01368	0.10096	0.26912	0.00975	0.10693	0.01503	0.18560	0.01186	0.01232	0.00867	0.00575	0.00482	0.00156	0.00668	0.00413	0.00406	0.00752
20	0.00799	0.00538	0.00651	0.00655	0.00685	0.00558	0.00414	0.00860	0.00840	0.01172	0.01706	0.05544	0.01863	0.56986	0.18888	0.00569	0.00706	0.00754	0.05435	0.00378
21	0.01442	0.01263	0.01472	0.12137	0.04704	0.04954	0.03847	0.11165	0.45272	0.03621	0.01758	0.01753	0.01317	0.00677	0.00575	0.00180	0.02013	0.00563	0.00473	0.00816
22	0.01077	0.01001	0.01660	0.73700	0.06843	0.01231	0.01505	0.03840	0.01145	0.01477	0.00983	0.01444	0.00739	0.00546	0.00545	0.00180	0.00719	0.00485	0.00253	0.00627
23	0.00760	0.00557	0.00712	0.00673	0.00807	0.00509	0.00505	0.01006	0.01515	0.02119	0.70445	0.04182	0.11892	0.01139	0.00643	0.00173	0.00259	0.01001	0.00591	0.00509
24	0.02384	0.00914	0.01245	0.00959	0.01370	0.00791	0.00791	0.02596	0.01560	0.75004	0.04941	0.01938	0.01491	0.00691	0.00552	0.00169	0.00456	0.00565	0.00672	0.00912
25	0.00664	0.00474	0.00633	0.00759	0.00791	0.00443	0.00506	0.00759	0.01044	0.01392	0.03005	0.80485	0.03606	0.01708	0.00696	0.00221	0.00316	0.01550	0.00506	0.00443
26	0.01287	0.01471	0.03217	0.02298	0.02849	0.01379	0.75460	0.01746	0.01287	0.01746	0.01103	0.01471	0.00827	0.00460	0.00643	0.00184	0.00919	0.00643	0.00276	0.00735
27	0.00793	0.00529	0.00595	0.00595	0.00595	0.00529	0.00330	0.00793	0.00793	0.01057	0.01718	0.03568	0.01982	0.80840	0.02775	0.00529	0.00529	0.00793	0.00330	0.00330
28	0.01130	0.00969	0.01130	0.00807	0.01292	0.00727	0.00646	0.01373	0.01130	0.01776	0.00969	0.01130	0.00807	0.00404	0.00404	0.00081	0.00404	0.00323	0.00323	0.84173
29	0.01458	0.81168	0.02857	0.00933	0.01399	0.02157	0.00933	0.01632	0.01108	0.01283	0.00758	0.00875	0.00700	0.00466	0.00350	0.00117	0.00583	0.00292	0.00233	0.00700
30	0.01200	0.08966	0.64318	0.01539	0.04158	0.07211	0.01847	0.01752	0.01180	0.01663	0.00952	0.01121	0.00697	0.00516	0.00503	0.00165	0.00797	0.00392	0.00235	0.00786
31	0.00694	0.00496	0.00667	0.00793	0.00838	0.00468	0.00558	0.00811	0.01073	0.01425	0.02988	0.70156	0.03541	0.01680	0.00704	0.00226	0.00342	0.11584	0.00506	0.00451
32	0.00664	0.00474	0.00633	0.00759	0.00791	0.00443	0.00506	0.00759	0.01044	0.01392	0.03005	0.80485	0.03606	0.01708	0.00696	0.00221	0.00316	0.01550	0.00506	0.00443
33	0.01310	0.01255	0.02142	0.12721	0.68372	0.01285	0.01654	0.01639	0.01223	0.01733	0.01019	0.01362	0.00847	0.00493	0.00540	0.00164	0.00657	0.00486	0.00266	0.00832
34	0.01413	0.69658	0.07623	0.01013	0.01464	0.02060	0.01024	0.01613	0.01089	0.01314	0.00769	0.00918	0.00700	0.00509	0.00477	0.00130	0.06982	0.00314	0.00233	0.00698
35	0.02180	0.01354	0.01529	0.01172	0.01604	0.01434	0.00968	0.54531	0.02273	0.24936	0.01552	0.01467	0.01049	0.00660	0.00546	0.00165	0.00561	0.00507	0.00583	0.00927
36	0.01637	0.01167	0.01295	0.01149	0.01464	0.01183	0.00876	0.02486	0.41606	0.14258	0.12954	0.02793	0.05605	0.00971	0.00674	0.00222	0.00495	0.02450	0.00640	0.06074
37	0.06784	0.01250	0.01801	0.36792	0.19228	0.01319	0.01417	0.06140	0.01443	0.15270	0.01454	0.01803	0.01117	0.00730	0.00641	0.00220	0.00715	0.00567	0.00438	0.00870
38	0.01025	0.00753	0.00895	0.00849	0.01007	0.00668	0.00618	0.01185	0.01643	0.02295	0.63707	0.04484	0.15865	0.01302	0.00748	0.00220	0.00357	0.01072	0.00662	0.00644
39	0.04760	0.00700	0.00910	0.00781	0.01016	0.00638	0.00613	0.01592	0.01524	0.27268	0.49165	0.03207	0.03700	0.00944	0.00599	0.00170	0.00332	0.00813	0.00614	0.00655
40	0.06647	0.01194	0.01606	0.22913	0.15236	0.02963	0.03017	0.16751	0.09699	0.09505	0.04175	0.01563	0.01115	0.00608	0.00538	0.00172	0.00603	0.00515	0.00406	0.00774
41	0.03584	0.00957	0.01203	0.00951	0.01328	0.03360	0.00774	0.04022	0.03487	0.61103	0.09783	0.02035	0.01706	0.00714	0.00549	0.00167	0.00457	0.00582	0.02378	0.00859
42	0.04102	0.00498	0.00639	0.00757	0.00802	0.00475	0.00510	0.00794	0.01039	0.01435	0.02913	0.77228	0.03482	0.01659	0.00681	0.00219	0.00321	0.01499	0.00499	0.00449
43	0.01114	0.01062	0.01758	0.54768	0.18661	0.01282	0.01509	0.01441	0.01092	0.01463	0.00951	0.01402	0.00754	0.00580	0.00688	0.00184	0.09900	0.00484	0.00248	0.00658
44	0.01545	0.12464	0.15820	0.12071	0.11010	0.12137	0.03172	0.11669	0.02863	0.08413	0.03066	0.01337	0.00944	0.00567	0.00511	0.00159	0.00696	0.00451	0.00341	0.00766
45	0.01274	0.01923	0.33165	0.10093	0.32170	0.03268	0.02968	0.03986	0.01245	0.03338	0.01029	0.01280	0.00786	0.00516	0.00532	0.00168	0.00728	0.00452	0.00268	0.00809
46	0.00729	0.00538	0.00691	0.00795	0.00857	0.00523	0.00553	0.00942	0.06710	0.01475	0.02998	0.68305	0.05153	0.01615	0.00688	0.00220	0.00335	0.05886	0.00509	0.00478

[dist]
# distance from previous block
# <min> <max>
1	17

[block]
# block no. 1 follows, 44 sequences, length 69
# corresponding to MSA columns:
# 112-180
name=unknown_B
#
# <colnr> <probs for GDERKNQSTAVLIFYWHMCP>
#	G	D	E	R	K	N	Q	S	T	A	V	L	I	F	Y	W	H	M	C	P
0	0.15587	0.01263	0.03794	0.19600	0.25497	0.06193	0.01255	0.04110	0.03962	0.10266	0.01130	0.01340	0.00854	0.00542	0.00502	0.00166	0.00619	0.00450	0.00340	0.02529
1	0.27430	0.25996	0.16119	0.01128	0.04736	0.01474	0.03185	0.01771	0.01126	0.11136	0.00992	0.01087	0.00754	0.00515	0.00418	0.00154	0.00572	0.00363	0.00322	0.00721
2	0.00856	0.00590	0.00743	0.00691	0.00847	0.00540	0.00523	0.01121	0.03122	0.06147	0.61237	0.04078	0.15195	0.01121	0.00636	0.00173	0.00275	0.00978	0.00590	0.00536
3	0.27298	0.01096	0.03514	0.40964	0.14259	0.01229	0.01263	0.01511	0.01064	0.01792	0.00912	0.01251	0.00704	0.00523	0.00478	0.00174	0.00621	0.00423	0.00276	0.00646
4	0.00689	0.00487	0.00633	0.00732	0.00765	0.00459	0.00482	0.00780	0.01038	0.01392	0.07233	0.65178	0.03470	0.12746	0.00984	0.00261	0.00342	0.01410	0.00487	0.00431
5	0.00788	0.00547	0.00687	0.00687	0.00719	0.00579	0.00446	0.00852	0.00820	0.01126	0.01633	0.03099	0.01779	0.55623	0.27714	0.00643	0.00835	0.00724	0.00318	0.00382
6	0.00766	0.00555	0.00723	0.00685	0.00812	0.00511	0.00512	0.01016	0.01523	0.02150	0.73654	0.06289	0.06478	0.01137	0.00645	0.00173	0.00259	0.01005	0.00596	0.00511
7	0.00879	0.00628	0.00879	0.01004	0.01130	0.00628	0.00879	0.01130	0.01255	0.01632	0.02887	0.06150	0.03138	0.01506	0.00753	0.00251	0.00502	0.73770	0.00502	0.00502
8	0.05230	0.00932	0.01249	0.00961	0.01380	0.00816	0.00794	0.02621	0.01539	0.75266	0.02104	0.01823	0.01324	0.00669	0.00541	0.00169	0.00462	0.00540	0.00663	0.00916
9	0.01458	0.81168	0.02857	0.00933	0.01399	0.02157	0.00933	0.01632	0.01108	0.01283	0.00758	0.00875	0.00700	0.00466	0.00350	0.00117	0.00583	0.00292	0.00233	0.00700
10	0.01413	0.01158	0.01234	0.01102	0.01416	0.01327	0.00860	0.02884	0.72545	0.06223	0.02215	0.02025	0.01648	0.00736	0.00554	0.00184	0.00433	0.00613	0.00561	0.00866
11	0.01728	0.01018	0.01203	0.01031	0.01365	0.01061	0.00825	0.02620	0.39627	0.31714	0.05461	0.02292	0.01777	0.00775	0.00568	0.00182	0.00441	0.04860	0.00600	0.00852
12	0.00780	0.00578	0.00845	0.00845	0.00931	0.00664	0.00642	0.00953	0.00867	0.01242	0.01489	0.02302	0.01432	0.12695	0.70169	0.00837	0.01356	0.00608	0.00296	0.00469
13	0.71064	0.01309	0.00924	0.00830	0.01158	0.13989	0.00667	0.01697	0.01030	0.02263	0.00773	0.00902	0.00609	0.00515	0.00363	0.00164	0.00514	0.00304	0.00328	0.00597
14	0.02068	0.01655	0.01625	0.01272	0.01690	0.10866	0.01038	0.66866	0.02442	0.03185	0.01253	0.01270	0.00900	0.00643	0.00539	0.00161	0.00646	0.00474	0.00514	0.00892
15	0.01016	0.00508	0.00508	0.00508	0.00635	0.00508	0.00381	0.01270	0.01143	0.02033	0.01778	0.02033	0.01397	0.00635	0.00381	0.00127	0.00254	0.00508	0.83867	0.00508
16	0.01016	0.00508	0.00508	0.00508	0.00635	0.00508	0.00381	0.01270	0.01143	0.02033	0.01778	0.02033	0.01397	0.00635	0.00381	0.00127	0.00254	0.00508	0.83867	0.00508
17	0.00871	0.00581	0.00752	0.00696	0.00847	0.00530	0.00527	0.01118	0.01526	0.06989	0.68009	0.04001	0.09265	0.01102	0.00637	0.00172	0.00272	0.00968	0.00599	0.00538
18	0.01458	0.81168	0.02857	0.00933	0.01399	0.02157	0.00933	0.01632	0.01108	0.01283	0.00758	0.00875	0.00700	0.00466	0.00350	0.00117	0.00583	0.00292	0.00233	0.00700
19	0.01093	0.02820	0.78016	0.01554	0.02360	0.01266	0.02014	0.01727	0.01151	0.01727	0.00978	0.01151	0.00691	0.00518	0.00518	0.00173	0.00806	0.00403	0.00230	0.00806
20	0.00755	0.00557	0.00705	0.00668	0.00804	0.00507	0.00501	0.00996	0.01504	0.02092	0.67696	0.04227	0.14659	0.01150	0.00643	0.00173	0.00260	0.01008	0.00588	0.00507
21	0.75110	0.01040	0.00855	0.00746	0.01094	0.01174	0.00615	0.01725	0.01001	0.11226	0.00921	0.00999	0.00679	0.00526	0.00362	0.00169	0.00427	0.00325	0.00377	0.00630
22	0.02446	0.00928	0.01265	0.00970	0.01392	0.00801	0.00801	0.02657	0.01560	0.77817	0.02151	0.01856	0.01350	0.00675	0.00548	0.00169	0.00464	0.00548	0.00675	0.00928
23	0.01867	0.01282	0.01430	0.01150	0.01517	0.01382	0.00939	0.54379	0.02195	0.10771	0.01699	0.11111	0.01432	0.00837	0.00577	0.00177	0.00546	0.05319	0.00551	0.00842
24	0.01215	0.01230	0.01666	0.01431	0.01438	0.03736	0.01189	0.01335	0.00854	0.01313	0.00719	0.01187	0.00715	0.00944	0.01754	0.00236	0.77726	0.00474	0.00240	0.00597
25	0.00968	0.00613	0.00719	0.00659	0.00864	0.00531	0.00506	0.01154	0.01385	0.13737	0.27044	0.04350	0.43058	0.01187	0.00629	0.00178	0.00300	0.01005	0.00562	0.00551
26	0.03513	0.51707	0.02354	0.01095	0.01483	0.26405	0.00972	0.01794	0.01233	0.01326	0.00783	0.00920	0.00699	0.00514	0.00443	0.00129	0.03389	0.00317	0.00251	0.00672
27	0.02389	0.00953	0.01274	0.00980	0.01396	0.00845	0.00808	0.06692	0.01616	0.72048	0.03711	0.01873	0.01407	0.00683	0.00550	0.00168	0.00467	0.00554	0.00666	0.00919
28	0.01346	0.47519	0.17944	0.01365	0.01919	0.01803	0.17987	0.01677	0.01157	0.01476	0.00880	0.01064	0.00727	0.00475	0.00450	0.00143	0.00703	0.00393	0.00242	0.00729
29	0.03037	0.00530	0.00531	0.00523	0.00661	0.00531	0.00395	0.01308	0.01147	0.03660	0.01762	0.02001	0.01377	0.00633	0.00384	0.00129	0.00263	0.00504	0.80104	0.00519
30	0.00759	0.00553	0.00713	0.00680	0.00808	0.00508	0.00508	0.01001	0.01502	0.02106	0.69366	0.07442	0.09696	0.01157	0.00645	0.00174	0.00261	0.01021	0.00590	0.00508
31	0.00725	0.00555	0.00665	0.00637	0.00786	0.00495	0.00478	0.00939	0.01434	0.01927	0.51130	0.04499	0.31327	0.01211	0.00643	0.00176	0.00264	0.01046	0.00566	0.00495
32	0.01193	0.01193	0.01670	0.01431	0.01431	0.01670	0.01193	0.01312	0.00835	0.01312	0.00716	0.01193	0.00716	0.00954	0.01789	0.00239	0.79843	0.00477	0.00239	0.00596
33	0.00780	0.00580	0.00855	0.00855	0.00945	0.00670	0.00655	0.00960	0.00870	0.01250	0.01480	0.02249	0.01410	0.09871	0.72961	0.00850	0.01390	0.00600	0.00295	0.00475
34	0.84691	0.01054	0.00801	0.00717	0.01054	0.01223	0.00590	0.01603	0.00928	0.02446	0.00759	0.00886	0.00590	0.00506	0.00337	0.00169	0.00422	0.00295	0.00337	0.00590
35	0.01256	0.01310	0.01812	0.01513	0.01585	0.06575	0.08375	0.01410	0.00924	0.01356	0.00761	0.01206	0.00726	0.00881	0.01595	0.00227	0.67147	0.00485	0.00245	0.00612
36	0.01726	0.01113	0.01262	0.01074	0.01423	0.01201	0.00852	0.06348	0.49804	0.25603	0.02154	0.01944	0.01532	0.00716	0.00552	0.00179	0.00450	0.00589	0.00591	0.00886
37	0.01016	0.00508	0.00508	0.00508	0.00635	0.00508	0.00381	0.01270	0.01143	0.02033	0.01778	0.02033	0.01397	0.00635	0.00381	0.00127	0.00254	0.00508	0.83867	0.00508
38	0.00749	0.00529	0.00698	0.00802	0.00856	0.00512	0.00585	0.00873	0.01062	0.01404	0.02748	0.45455	0.03188	0.15325	0.01072	0.00283	0.00407	0.22537	0.00475	0.00441
39	0.02054	0.01518	0.01626	0.01251	0.01684	0.01682	0.01032	0.73771	0.04444	0.03406	0.01332	0.01327	0.00946	0.00657	0.00546	0.00164	0.00596	0.00494	0.00546	0.00926
40	0.01081	0.00916	0.01077	0.00802	0.01238	0.00696	0.00631	0.01307	0.01121	0.01735	0.01187	0.09636	0.01107	0.00544	0.00435	0.00096	0.00394	0.00454	0.00343	0.75198
41	0.01334	0.01149	0.01213	0.01098	0.01397	0.01327	0.00851	0.02828	0.74024	0.02252	0.02244	0.04563	0.01727	0.00771	0.00559	0.00186	0.00428	0.00646	0.00553	0.00849
42	0.01929	0.01456	0.01555	0.01225	0.01636	0.01624	0.01001	0.61032	0.17387	0.03204	0.01491	0.01454	0.01075	0.00672	0.00547	0.00168	0.00566	0.00516	0.00547	0.00914
43	0.01450	0.01408	0.01359	0.06331	0.07404	0.17101	0.00978	0.02410	0.43259	0.03434	0.07582	0.01884	0.01610	0.00699	0.00547	0.00172	0.00567	0.00571	0.00463	0.00773
44	0.00666	0.00476	0.00634	0.00758	0.00791	0.00444	0.00506	0.00764	0.01053	0.01407	0.04445	0.79001	0.03636	0.01696	0.00695	0.00220	0.00315	0.01539	0.00508	0.00444
45	0.01118	0.00956	0.01117	0.00806	0.01278	0.00719	0.00642	0.01356	0.01128	0.01766	0.01024	0.03269	0.00883	0.00439	0.00412	0.00085	0.00401	0.00356	0.00328	0.81917
46	0.02306	0.00956	0.01263	0.00977	0.01381	0.00860	0.00803	0.08902	0.01647	0.66498	0.06883	0.01950	0.01556	0.00701	0.00554	0.00168	0.00462	0.00571	0.00659	0.00901
47	0.00806	0.00552	0.00692	0.00767	0.03972	0.00549	0.00450	0.00832	0.00865	0.01160	0.01892	0.17105	0.02173	0.54506	0.03889	0.05816	0.00512	0.02732	0.00357	0.00375
48	0.00799	0.00524	0.00591	0.00599	0.00609	0.00522	0.00344	0.00820	0.00829	0.01137	0.01796	0.07947	0.02041	0.71306	0.02507	0.00486	0.00499	0.00819	0.05478	0.00348
49	0.00762	0.00557	0.00716	0.00676	0.00809	0.00510	0.00507	0.01010	0.01521	0.02133	0.71805	0.04160	0.10524	0.01134	0.00643	0.00172	0.00259	0.00998	0.00593	0.00510
50	0.00775	0.00523	0.00598	0.00613	0.00621	0.00517	0.00353	0.00789	0.00832	0.01105	0.01952	0.12528	0.03851	0.69885	0.02486	0.00485	0.00498	0.00889	0.00355	0.00346
51	0.82055	0.01110	0.03236	0.00743	0.01095	0.01224	0.00635	0.01606	0.00935	0.02423	0.00766	0.00894	0.00594	0.00506	0.00343	0.00169	0.00434	0.00299	0.00334	0.00597
52	0.01344	0.01303	0.02161	0.08186	0.71082	0.02960	0.01650	0.01666	0.01238	0.01747	0.01018	0.01348	0.00851	0.00491	0.00539	0.00163	0.00660	0.00483	0.00268	0.00842
53	0.02355	0.02745	0.01324	0.00994	0.01413	0.00915	0.00823	0.07667	0.04613	0.67992	0.02065	0.01803	0.01319	0.00671	0.00544	0.00168	0.00475	0.00541	0.00651	0.00920
54	0.01765	0.01298	0.01470	0.01110	0.01555	0.01312	0.02531	0.45610	0.02017	0.07627	0.01372	0.01401	0.02966	0.00598	0.00509	0.00141	0.00532	0.00467	0.00482	0.25237
55	0.00659	0.00529	0.00588	0.00624	0.00758	0.00458	0.00449	0.00791	0.01201	0.01495	0.09441	0.28181	0.49987	0.01463	0.00660	0.00195	0.00287	0.01262	0.00512	0.00458
56	0.01743	0.30270	0.01983	0.01187	0.03318	0.25012	0.00977	0.18846	0.03744	0.01878	0.01017	0.01119	0.00825	0.00557	0.00450	0.00138	0.00686	0.00382	0.05142	0.00729
57	0.02706	0.00719	0.00806	0.00739	0.00932	0.02730	0.00565	0.02889	0.07747	0.07265	0.42301	0.03836	0.22510	0.01083	0.00617	0.00175	0.00321	0.00924	0.00563	0.00572
58	0.01711	0.06397	0.06445	0.01207	0.03470	0.08073	0.01006	0.30683	0.03401	0.09377	0.01283	0.03876	0.01010	0.02228	0.00630	0.00162	0.05302	0.00484	0.00432	0.12823
59	0.01712	0.21569	0.01700	0.01100	0.02900	0.13640	0.00893	0.12887	0.03149	0.17615	0.03928	0.11436	0.01407	0.00752	0.00546	0.00159	0.02854	0.00583	0.00434	0.00736
60	0.01052	0.00543	0.00546	0.00533	0.00671	0.00548	0.00403	0.03787	0.01191	0.02080	0.01763	0.02008	0.01381	0.00636	0.00387	0.00128	0.00266	0.00508	0.81047	0.00522
61	0.04658	0.00819	0.01025	0.00852	0.01145	0.00770	0.00680	0.05114	0.06342	0.35970	0.26452	0.02664	0.05458	0.00839	0.00567	0.00169	0.00382	0.00704	0.04651	0.00739
62	0.01308	0.05343	0.20886	0.10632	0.19181	0.03309	0.11655	0.09394	0.03490	0.01854	0.01134	0.03818	0.00912	0.00575	0.00572	0.00171	0.02593	0.00512	0.01890	0.00770
63	0.01593	0.01431	0.01670	0.03089	0.13077	0.10977	0.05853	0.26738	0.07860	0.02250	0.01327	0.06512	0.01111	0.00712	0.00688	0.00175	0.09605	0.00561	0.04003	0.00770
64	0.00678	0.00494	0.00643	0.00756	0.00811	0.00459	0.00525	0.00790	0.01081	0.01419	0.03265	0.66792	0.11446	0.01658	0.00695	0.00220	0.00326	0.06990	0.00506	0.00449
65	0.04834	0.00986	0.02740	0.03061	0.01227	0.02613	0.00770	0.23119	0.01546	0.02203	0.08133	0.22760	0.03503	0.00993	0.00654	0.00181	0.06417	0.00815	0.12809	0.00636
66	0.02734	0.21732	0.15375	0.04942	0.11415	0.05330	0.05884	0.06448	0.03549	0.01664	0.00944	0.01171	0.00776	0.00583	0.00687	0.00165	0.13343	0.00422	0.00277	0.02560
67	0.00940	0.00675	0.00819	0.00797	0.00920	0.03195	0.00612	0.03144	0.02946	0.01565	0.01632	0.02155	0.03018	0.05590	0.44237	0.00566	0.02244	0.00572	0.23859	0.00514
68	0.04333	0.00896	0.01101	0.00947	0.01236	0.00879	0.00744	0.11321	0.08813	0.34324	0.02219	0.20567	0.01933	0.04348	0.00679	0.00201	0.00446	0.03684	0.00575	0.00754

[dist]
# distance from previous block
# <min> <max>
0	18

[block]
# block no. 2 follows, 44 sequences, length 26
# corresponding to MSA columns:
# 199-224
name=unknown_C
#
# <colnr> <probs for GDERKNQSTAVLIFYWHMCP>
#	G	D	E	R	K	N	Q	S	T	A	V	L	I	F	Y	W	H	M	C	P
0	0.03880	0.00959	0.01195	0.12306	0.01583	0.01036	0.02762	0.26344	0.01587	0.02146	0.04893	0.24945	0.06239	0.02477	0.00694	0.03137	0.00499	0.02218	0.00461	0.00639
1	0.04464	0.01421	0.08144	0.01663	0.16345	0.04247	0.07168	0.10689	0.25513	0.07772	0.01507	0.01552	0.01127	0.00600	0.00536	0.00168	0.00586	0.00517	0.00426	0.05554
2	0.03683	0.01533	0.01441	0.01190	0.01535	0.19316	0.03245	0.29000	0.10000	0.10646	0.05676	0.01581	0.01262	0.00791	0.03516	0.00188	0.00663	0.00511	0.03439	0.00783
3	0.22787	0.11967	0.05300	0.01124	0.04289	0.16355	0.00910	0.13145	0.05957	0.02059	0.01188	0.07565	0.01032	0.00651	0.00462	0.00159	0.00593	0.00477	0.03292	0.00688
4	0.01273	0.01207	0.02047	0.08155	0.66369	0.01221	0.01568	0.01581	0.01215	0.01724	0.01182	0.07774	0.01077	0.00589	0.00553	0.00168	0.00626	0.00572	0.00287	0.00812
5	0.01107	0.00939	0.01178	0.13414	0.01638	0.00816	0.00781	0.01366	0.01116	0.01721	0.01027	0.01257	0.00840	0.00462	0.00468	0.00106	0.02925	0.00369	0.07083	0.61389
6	0.00714	0.00569	0.00628	0.00620	0.00771	0.00510	0.00453	0.00917	0.03906	0.01640	0.22755	0.08954	0.46402	0.07755	0.00817	0.00211	0.00300	0.01084	0.00517	0.00476
7	0.00780	0.00603	0.00916	0.00945	0.01051	0.00574	0.06687	0.00958	0.01155	0.01540	0.07930	0.48620	0.03359	0.01511	0.00703	0.00223	0.00412	0.21051	0.00493	0.00488
8	0.00749	0.00556	0.00698	0.00662	0.00801	0.00505	0.00497	0.00985	0.01490	0.02060	0.64519	0.04279	0.17856	0.01161	0.00643	0.00174	0.00261	0.01015	0.00584	0.00505
9	0.00682	0.00486	0.00648	0.00767	0.00806	0.00457	0.00523	0.00787	0.01061	0.01415	0.04666	0.72699	0.03576	0.03575	0.00748	0.00229	0.00331	0.05596	0.00504	0.00445
10	0.00790	0.00557	0.00753	0.00758	0.00820	0.00612	0.00540	0.00917	0.00865	0.01233	0.01619	0.05415	0.01659	0.30481	0.46004	0.00698	0.01041	0.00687	0.04118	0.00432
11	0.84691	0.01054	0.00801	0.00717	0.01054	0.01223	0.00590	0.01603	0.00928	0.02446	0.00759	0.00886	0.00590	0.00506	0.00337	0.00169	0.00422	0.00295	0.00337	0.00590
12	0.00664	0.00474	0.00633	0.00759	0.00791	0.00443	0.00506	0.00759	0.01044	0.01392	0.03005	0.80485	0.03606	0.01708	0.00696	0.00221	0.00316	0.01550	0.00506	0.00443
13	0.01130	0.07143	0.67697	0.01579	0.02345	0.01326	0.07910	0.01723	0.01160	0.01703	0.00976	0.01161	0.00702	0.00510	0.00519	0.00170	0.00802	0.00416	0.00234	0.00794
14	0.00779	0.00584	0.00876	0.00876	0.00974	0.00681	0.00681	0.00974	0.00876	0.01266	0.01460	0.02142	0.01363	0.04089	0.78680	0.00876	0.01460	0.00584	0.00292	0.00487
15	0.02185	0.01110	0.04607	0.01046	0.01469	0.00999	0.00888	0.10469	0.12814	0.55311	0.02020	0.01793	0.01323	0.00676	0.00548	0.00171	0.00488	0.00546	0.00624	0.00913
16	0.01110	0.01071	0.01511	0.01320	0.01340	0.01472	0.01090	0.01244	0.00843	0.01303	0.00865	0.01383	0.00845	0.01582	0.17177	0.00366	0.64156	0.00499	0.00249	0.00574
17	0.01992	0.01073	0.05563	0.01005	0.01398	0.00937	0.00861	0.12681	0.05686	0.46910	0.13913	0.02101	0.01874	0.00737	0.00562	0.00170	0.00468	0.00605	0.00613	0.00852
18	0.00695	0.00543	0.00638	0.00691	0.00820	0.00486	0.00521	0.00847	0.01207	0.01517	0.08438	0.26151	0.40655	0.01477	0.00676	0.00205	0.00323	0.13133	0.00511	0.00465
19	0.01259	0.09998	0.12585	0.01343	0.06102	0.01253	0.09084	0.06630	0.10928	0.01844	0.02810	0.03018	0.01108	0.02052	0.00628	0.00159	0.05778	0.01907	0.00344	0.21170
20	0.01397	0.23672	0.10419	0.01360	0.01732	0.06936	0.11559	0.08303	0.04121	0.01668	0.01026	0.01344	0.00872	0.00649	0.00774	0.00172	0.18063	0.02729	0.02500	0.00704
21	0.00653	0.00532	0.00577	0.00609	0.00752	0.00457	0.00440	0.00783	0.01199	0.01470	0.06712	0.24496	0.56510	0.01458	0.00657	0.00193	0.00286	0.01249	0.00509	0.00457
22	0.01226	0.01193	0.02087	0.23706	0.46642	0.01245	0.09075	0.01566	0.01205	0.01659	0.01212	0.01558	0.04113	0.00538	0.00556	0.00170	0.00681	0.00530	0.00273	0.00763
23	0.05097	0.01928	0.37662	0.06583	0.07288	0.01198	0.10520	0.04623	0.02586	0.11905	0.01372	0.01502	0.04128	0.00577	0.00539	0.00174	0.00704	0.00497	0.00333	0.00786
24	0.01549	0.01478	0.21045	0.07092	0.05406	0.02491	0.01196	0.10044	0.04713	0.22862	0.08546	0.04035	0.04186	0.00723	0.00559	0.00174	0.00575	0.02080	0.00461	0.00785
25	0.03081	0.00618	0.00749	0.00764	0.00888	0.00601	0.00557	0.02918	0.05674	0.04972	0.18008	0.32195	0.11779	0.08503	0.00843	0.00230	0.00355	0.06239	0.00516	0.00515

[dist]
# distance from previous block
# <min> <max>
3	13

[block]
# block no. 3 follows, 44 sequences, length 21
# corresponding to MSA columns:
# 238-258
name=unknown_D
#
# <colnr> <probs for GDERKNQSTAVLIFYWHMCP>
#	G	D	E	R	K	N	Q	S	T	A	V	L	I	F	Y	W	H	M	C	P
0	0.01099	0.00848	0.01084	0.02513	0.03942	0.00832	0.03245	0.16839	0.01424	0.01966	0.05981	0.38963	0.02400	0.01125	0.00600	0.00179	0.00425	0.00999	0.02682	0.12854
1	0.03186	0.10863	0.39994	0.01480	0.08404	0.03869	0.02823	0.03535	0.04130	0.04505	0.05423	0.01687	0.03712	0.00627	0.00522	0.00168	0.00675	0.03325	0.00315	0.00757
2	0.00733	0.00550	0.00670	0.00668	0.00790	0.00495	0.00479	0.00906	0.01290	0.01744	0.35819	0.20830	0.21011	0.07739	0.00819	0.00211	0.00301	0.01108	0.00527	0.03310
3	0.01264	0.01180	0.01781	0.06802	0.04743	0.03147	0.16935	0.07312	0.07500	0.01773	0.01286	0.03493	0.02426	0.00737	0.00950	0.00192	0.26134	0.00566	0.11110	0.00668
4	0.00797	0.00551	0.00708	0.00704	0.00758	0.00585	0.00481	0.00904	0.00900	0.01273	0.07474	0.02988	0.01963	0.41459	0.31341	0.00613	0.00848	0.00714	0.04529	0.00413
5	0.02390	0.00979	0.01292	0.00995	0.01415	0.00882	0.00820	0.08082	0.03577	0.70335	0.02090	0.01820	0.01326	0.00675	0.00548	0.00169	0.00473	0.00546	0.00662	0.00926
6	0.01466	0.54203	0.17832	0.01125	0.01634	0.12843	0.01168	0.01729	0.01179	0.01380	0.00814	0.00946	0.00698	0.00490	0.00404	0.00131	0.00685	0.00322	0.00239	0.00711
7	0.00804	0.02936	0.00793	0.00696	0.00843	0.00590	0.00528	0.01091	0.04249	0.02084	0.65018	0.03982	0.10321	0.02867	0.00678	0.00179	0.00281	0.00960	0.00575	0.00524
8	0.00969	0.00744	0.00938	0.00934	0.03184	0.00710	0.02267	0.06677	0.05404	0.03529	0.05691	0.21769	0.19164	0.01236	0.00641	0.00195	0.00407	0.16887	0.00490	0.08167
9	0.04577	0.00848	0.00895	0.03422	0.01068	0.00911	0.00620	0.23295	0.01540	0.02405	0.01570	0.01813	0.01226	0.03708	0.00525	0.00157	0.00390	0.00505	0.49893	0.00632
10	0.01928	0.01449	0.01665	0.01265	0.01709	0.01552	0.05461	0.60753	0.04068	0.04879	0.01305	0.01332	0.00937	0.00622	0.00538	0.00158	0.00593	0.00488	0.00511	0.08787
11	0.01084	0.00820	0.04405	0.00807	0.01017	0.00737	0.00651	0.09355	0.01472	0.09199	0.34388	0.03457	0.15423	0.11040	0.00924	0.00220	0.03047	0.00849	0.00523	0.00583
12	0.00747	0.00578	0.00698	0.00754	0.00902	0.00529	0.00613	0.00933	0.01250	0.01568	0.07894	0.10299	0.39040	0.01439	0.00691	0.00213	0.00369	0.30495	0.00509	0.00479
13	0.01714	0.14260	0.01627	0.01211	0.04016	0.26424	0.00936	0.16616	0.10456	0.05701	0.01490	0.01617	0.05598	0.05249	0.00632	0.00174	0.00672	0.00489	0.00394	0.00724
14	0.01164	0.00989	0.01149	0.00824	0.01306	0.00761	0.00660	0.04040	0.01182	0.01836	0.00981	0.01137	0.00812	0.00413	0.00409	0.00084	0.00411	0.00329	0.00331	0.81183
15	0.01779	0.01406	0.04232	0.01160	0.01584	0.01435	0.00971	0.54912	0.03888	0.02954	0.01393	0.07125	0.01115	0.00692	0.00535	0.00157	0.00554	0.00544	0.00499	0.13063
16	0.09867	0.08461	0.19260	0.01758	0.21064	0.02753	0.04210	0.11137	0.03556	0.02026	0.03950	0.01317	0.00969	0.00541	0.00496	0.00157	0.00626	0.00446	0.00325	0.07081
17	0.06894	0.36108	0.02068	0.04060	0.08842	0.04306	0.00993	0.11749	0.10318	0.04609	0.01184	0.01279	0.02041	0.00657	0.02614	0.00166	0.00597	0.00415	0.00348	0.00752
18	0.01277	0.02830	0.04316	0.01174	0.04352	0.08294	0.07994	0.07043	0.04535	0.04499	0.01678	0.03577	0.08043	0.09535	0.00883	0.00198	0.07969	0.00582	0.07851	0.13370
19	0.04257	0.04137	0.12512	0.15344	0.20071	0.02857	0.04610	0.07295	0.12610	0.03116	0.01346	0.01766	0.01096	0.00630	0.00546	0.00176	0.00642	0.05875	0.00348	0.00764
20	0.04454	0.05605	0.08594	0.04402	0.13401	0.06723	0.01158	0.13480	0.19401	0.08597	0.05191	0.01712	0.01343	0.00685	0.00561	0.00181	0.00605	0.00537	0.00458	0.02912

[dist]
# distance from previous block
# <min> <max>
5	66

[block]
# block no. 4 follows, 44 sequences, length 64
# corresponding to MSA columns:
# 327-390
name=unknown_E
#
# <colnr> <probs for GDERKNQSTAVLIFYWHMCP>
#	G	D	E	R	K	N	Q	S	T	A	V	L	I	F	Y	W	H	M	C	P
0	0.13187	0.01388	0.16176	0.01153	0.05365	0.02982	0.01014	0.14031	0.03462	0.13193	0.13216	0.01991	0.03456	0.06233	0.00681	0.00194	0.00537	0.00568	0.00445	0.00727
1	0.03999	0.03008	0.08541	0.01144	0.01531	0.14411	0.00980	0.21689	0.14189	0.10379	0.03723	0.01577	0.01196	0.03417	0.00594	0.00171	0.00602	0.00495	0.03369	0.04987
2	0.27955	0.08200	0.03690	0.00973	0.01325	0.05668	0.00823	0.11338	0.13788	0.10743	0.03164	0.01395	0.01070	0.00617	0.00492	0.00165	0.02898	0.00441	0.04526	0.00729
3	0.03624	0.02632	0.01506	0.13213	0.04500	0.10435	0.04011	0.09394	0.26917	0.11314	0.01560	0.01605	0.01155	0.00648	0.00580	0.00174	0.03456	0.00521	0.01975	0.00780
4	0.03007	0.01206	0.01595	0.20403	0.21101	0.06247	0.01217	0.09058	0.07690	0.03459	0.04122	0.01592	0.02695	0.00623	0.00615	0.00168	0.06082	0.00510	0.03174	0.05436
5	0.00835	0.00653	0.00944	0.00914	0.00992	0.00787	0.00709	0.01005	0.00869	0.01267	0.01396	0.02143	0.01336	0.10118	0.61464	0.00755	0.10999	0.00587	0.01739	0.00487
6	0.04056	0.01445	0.04094	0.18419	0.05612	0.11360	0.01129	0.29019	0.06403	0.02285	0.01215	0.01425	0.00929	0.02583	0.00606	0.00175	0.02540	0.00478	0.05479	0.00750
7	0.00683	0.00535	0.00622	0.00677	0.00789	0.00484	0.00478	0.00851	0.03649	0.01490	0.07213	0.41840	0.35712	0.01508	0.00666	0.00202	0.00300	0.01321	0.00512	0.00467
8	0.84691	0.01054	0.00801	0.00717	0.01054	0.01223	0.00590	0.01603	0.00928	0.02446	0.00759	0.00886	0.00590	0.00506	0.00337	0.00169	0.00422	0.00295	0.00337	0.00590
9	0.84691	0.01054	0.00801	0.00717	0.01054	0.01223	0.00590	0.01603	0.00928	0.02446	0.00759	0.00886	0.00590	0.00506	0.00337	0.00169	0.00422	0.00295	0.00337	0.00590
10	0.00668	0.00479	0.00634	0.00752	0.00790	0.00446	0.00504	0.00769	0.01066	0.01422	0.05738	0.76070	0.05280	0.01679	0.00693	0.00219	0.00313	0.01521	0.00509	0.00446
11	0.03419	0.01057	0.03407	0.01134	0.06513	0.01103	0.00837	0.04687	0.41631	0.03343	0.09888	0.02636	0.10541	0.05079	0.00687	0.00200	0.00435	0.02156	0.00507	0.00741
12	0.00947	0.00473	0.00710	0.00710	0.00710	0.00473	0.00473	0.00710	0.00710	0.00947	0.00947	0.01657	0.00947	0.01894	0.02131	0.84138	0.00473	0.00473	0.00237	0.00237
13	0.03279	0.14293	0.06849	0.04327	0.09642	0.08905	0.01106	0.23518	0.11948	0.06063	0.01414	0.01463	0.03602	0.00620	0.00507	0.00159	0.00613	0.00478	0.00411	0.00804
14	0.00689	0.00516	0.00642	0.00721	0.00801	0.00475	0.00503	0.00840	0.02633	0.01508	0.10685	0.54078	0.19235	0.01558	0.00678	0.00209	0.00308	0.02942	0.00516	0.00463
15	0.01348	0.01103	0.01223	0.00910	0.01364	0.03170	0.00729	0.15141	0.01415	0.03927	0.01123	0.03726	0.00930	0.00503	0.00445	0.00104	0.00456	0.00400	0.00377	0.61605
16	0.01148	0.03924	0.30504	0.03002	0.11920	0.02678	0.06727	0.04063	0.02767	0.03244	0.15726	0.02026	0.06109	0.00698	0.00597	0.00172	0.03024	0.00595	0.00352	0.00724
17	0.53069	0.22995	0.04713	0.03030	0.01322	0.02998	0.02098	0.01624	0.01009	0.02035	0.00782	0.00922	0.00635	0.00497	0.00363	0.00155	0.00510	0.00311	0.00300	0.00633
18	0.01292	0.04530	0.09266	0.13137	0.06387	0.02847	0.09798	0.09406	0.06419	0.01734	0.01083	0.03816	0.00914	0.00719	0.00948	0.00194	0.25974	0.00526	0.00308	0.00703
19	0.01328	0.01250	0.01899	0.20879	0.40771	0.04315	0.03688	0.05722	0.08679	0.01817	0.01164	0.01450	0.00923	0.00541	0.00539	0.00168	0.00652	0.00499	0.02936	0.00782
20	0.00820	0.00607	0.00796	0.00887	0.01026	0.00584	0.00757	0.01044	0.01262	0.01612	0.05970	0.05867	0.20741	0.01463	0.00724	0.00233	0.00440	0.54169	0.00506	0.00493
21	0.06941	0.17465	0.58512	0.01379	0.02088	0.01431	0.01712	0.01700	0.01127	0.01693	0.00922	0.01081	0.00685	0.00507	0.00474	0.00162	0.00737	0.00374	0.00238	0.00771
22	0.01435	0.76409	0.07422	0.00971	0.01458	0.02103	0.00999	0.01638	0.01110	0.01310	0.00771	0.00891	0.00699	0.00470	0.00360	0.00120	0.00597	0.00298	0.00233	0.00706
23	0.00796	0.00598	0.00882	0.00876	0.00969	0.00701	0.00680	0.00986	0.00879	0.01280	0.01454	0.02148	0.01361	0.05806	0.72821	0.00832	0.03574	0.00584	0.02287	0.00486
24	0.00922	0.06211	0.00939	0.00853	0.00982	0.00749	0.00635	0.09831	0.03249	0.01673	0.02692	0.55391	0.05176	0.01445	0.00653	0.00208	0.00385	0.06981	0.00493	0.00535
25	0.00672	0.00505	0.00627	0.00719	0.00798	0.00459	0.00505	0.00789	0.01110	0.01428	0.03668	0.55797	0.23170	0.01608	0.00686	0.00213	0.00317	0.05972	0.00506	0.00451
26	0.00781	0.00528	0.00630	0.00642	0.00668	0.00528	0.00396	0.00837	0.00903	0.01237	0.08225	0.12700	0.02379	0.56250	0.08215	0.00477	0.00545	0.00875	0.02807	0.00377
27	0.00926	0.00486	0.00723	0.00723	0.00733	0.00496	0.00490	0.00739	0.00729	0.00982	0.01020	0.01761	0.01018	0.04413	0.09705	0.73482	0.00572	0.00494	0.00245	0.00264
28	0.00657	0.00553	0.00570	0.00565	0.00744	0.00466	0.00424	0.00807	0.01272	0.01543	0.12593	0.05131	0.70104	0.01354	0.00644	0.00183	0.00274	0.01134	0.00516	0.00466
29	0.84691	0.01054	0.00801	0.00717	0.01054	0.01223	0.00590	0.01603	0.00928	0.02446	0.00759	0.00886	0.00590	0.00506	0.00337	0.00169	0.00422	0.00295	0.00337	0.00590
30	0.07487	0.01349	0.01719	0.01303	0.01734	0.01408	0.12907	0.42802	0.01947	0.05496	0.01284	0.04385	0.00990	0.00628	0.00554	0.00161	0.01784	0.00524	0.00459	0.11079
31	0.02994	0.64939	0.11640	0.01022	0.01518	0.04999	0.01056	0.01695	0.01140	0.03624	0.00829	0.00941	0.00716	0.00483	0.00381	0.00127	0.00619	0.00315	0.00250	0.00714
32	0.03178	0.15505	0.01686	0.01244	0.01555	0.54655	0.00978	0.06383	0.01495	0.01516	0.00920	0.01055	0.00761	0.00556	0.00461	0.00137	0.00834	0.00359	0.06068	0.00652
33	0.01894	0.01368	0.01504	0.01140	0.01586	0.01426	0.00937	0.54958	0.02191	0.07882	0.01290	0.01306	0.00929	0.00602	0.00515	0.00146	0.00549	0.00458	0.00506	0.18812
34	0.08054	0.01000	0.03452	0.00974	0.01397	0.00863	0.00824	0.02565	0.04121	0.67767	0.02023	0.01774	0.01289	0.00661	0.00533	0.00169	0.00470	0.00529	0.00634	0.00899
35	0.00784	0.00525	0.00597	0.00606	0.00608	0.00523	0.00342	0.00790	0.00810	0.01080	0.01807	0.08885	0.02094	0.75370	0.02631	0.00507	0.00514	0.00845	0.00342	0.00338
36	0.02175	0.00973	0.01250	0.00987	0.01376	0.00910	0.00805	0.07373	0.10945	0.58509	0.07083	0.01989	0.01613	0.00711	0.00555	0.00171	0.00455	0.00582	0.00646	0.00892
37	0.01997	0.02511	0.01519	0.01376	0.01658	0.74352	0.01034	0.04082	0.01563	0.01394	0.00990	0.01115	0.02921	0.00588	0.00497	0.00142	0.00953	0.00378	0.00294	0.00635
38	0.00947	0.00600	0.00735	0.00683	0.00864	0.00530	0.00518	0.01147	0.01412	0.12052	0.38121	0.08932	0.29030	0.01183	0.00634	0.00178	0.00295	0.01018	0.00572	0.00547
39	0.00991	0.00598	0.00791	0.00735	0.00892	0.00545	0.00553	0.01220	0.01479	0.12638	0.56773	0.13975	0.04409	0.01132	0.00637	0.00178	0.00294	0.01000	0.00598	0.00563
40	0.00690	0.00493	0.00662	0.00788	0.00831	0.00465	0.00550	0.00803	0.01069	0.01420	0.02991	0.71662	0.03550	0.01684	0.00703	0.00225	0.00338	0.10121	0.00506	0.00450
41	0.01299	0.01110	0.01186	0.01077	0.01366	0.01272	0.00839	0.02706	0.68649	0.02251	0.07422	0.02319	0.01956	0.00792	0.00568	0.00186	0.00422	0.03197	0.00556	0.00826
42	0.00790	0.00540	0.00653	0.00653	0.00673	0.00560	0.00403	0.00830	0.00810	0.01100	0.01664	0.03272	0.01853	0.64906	0.18534	0.00601	0.00722	0.00749	0.00322	0.00363
43	0.02037	0.02574	0.01547	0.01401	0.01686	0.76894	0.01053	0.03854	0.01568	0.01382	0.00853	0.00991	0.00707	0.00564	0.00493	0.00141	0.00974	0.00354	0.00287	0.00639
44	0.27051	0.02868	0.01325	0.01298	0.11702	0.08237	0.00906	0.10445	0.14180	0.12500	0.01332	0.01366	0.00987	0.00591	0.00470	0.00165	0.00529	0.00444	0.02843	0.00762
45	0.01122	0.00611	0.00622	0.00583	0.00741	0.00627	0.00447	0.08749	0.01286	0.02174	0.01731	0.01960	0.01350	0.00637	0.00398	0.00131	0.00289	0.00506	0.75486	0.00550
46	0.01216	0.20600	0.50140	0.01350	0.02010	0.04132	0.01610	0.01682	0.01142	0.01600	0.00913	0.01082	0.00702	0.00515	0.00515	0.00155	0.03494	0.00373	0.00239	0.06531
47	0.00672	0.00566	0.00585	0.00578	0.00759	0.00485	0.00434	0.00853	0.02885	0.01562	0.12696	0.05059	0.68310	0.01340	0.00642	0.00183	0.00278	0.01122	0.00517	0.00474
48	0.00767	0.00557	0.00723	0.00681	0.00812	0.00513	0.00511	0.01020	0.01533	0.02162	0.74727	0.04112	0.07584	0.01124	0.00643	0.00172	0.00258	0.00992	0.00597	0.00513
49	0.01030	0.00969	0.01635	0.79530	0.03755	0.01211	0.01514	0.01393	0.01090	0.01393	0.00969	0.01453	0.00727	0.00545	0.00545	0.00182	0.00727	0.00484	0.00242	0.00606
50	0.00779	0.00582	0.00866	0.00866	0.00960	0.00676	0.00669	0.00967	0.00873	0.01258	0.01469	0.02191	0.01384	0.06751	0.76047	0.00864	0.01428	0.00591	0.00293	0.00481
51	0.01460	0.77195	0.02777	0.00945	0.01399	0.04338	0.00931	0.01634	0.01115	0.01284	0.00775	0.00904	0.00714	0.00546	0.02007	0.00133	0.00613	0.00299	0.00236	0.00693
52	0.02063	0.00919	0.01189	0.00933	0.01326	0.00816	0.00764	0.03785	0.05895	0.54906	0.01996	0.01929	0.01360	0.00672	0.00527	0.00159	0.00444	0.03061	0.06368	0.10887
53	0.01257	0.04100	0.15905	0.01387	0.11594	0.04126	0.01113	0.04745	0.19235	0.05662	0.07909	0.02393	0.06195	0.06298	0.00715	0.00201	0.00554	0.05459	0.00421	0.00730
54	0.01223	0.03720	0.59527	0.06660	0.08628	0.01243	0.01841	0.01772	0.01186	0.07656	0.01070	0.01238	0.00759	0.00528	0.00521	0.00171	0.00757	0.00425	0.00269	0.00805
55	0.01695	0.22131	0.04158	0.04034	0.04073	0.32425	0.08798	0.10113	0.01470	0.01653	0.00951	0.01116	0.00772	0.00536	0.00477	0.00144	0.00780	0.00398	0.03578	0.00699
56	0.01301	0.01306	0.04289	0.15754	0.11790	0.04553	0.24143	0.09943	0.01330	0.01804	0.01186	0.05872	0.00995	0.00656	0.00702	0.02184	0.06558	0.00587	0.04350	0.00698
57	0.00713	0.00516	0.00676	0.00772	0.00835	0.00479	0.00540	0.00829	0.01071	0.01432	0.04238	0.62477	0.05345	0.05496	0.00790	0.00232	0.00347	0.08992	0.00492	0.03730
58	0.00912	0.00707	0.02201	0.00789	0.00952	0.00666	0.00608	0.09547	0.03178	0.02114	0.45274	0.18998	0.08251	0.01184	0.00640	0.00183	0.00327	0.02350	0.00560	0.00557
59	0.01389	0.05616	0.04098	0.15196	0.07778	0.10233	0.01104	0.02315	0.39357	0.03556	0.01635	0.01722	0.01256	0.00653	0.00535	0.00174	0.00586	0.01600	0.00420	0.00776
60	0.01440	0.71304	0.10001	0.01006	0.01500	0.04386	0.01040	0.01658	0.01125	0.01327	0.00782	0.00904	0.00699	0.00474	0.00370	0.00123	0.00616	0.00304	0.00234	0.00708
61	0.00791	0.00582	0.00699	0.00695	0.00793	0.00558	0.00478	0.01010	0.05903	0.01624	0.26302	0.20322	0.09820	0.23924	0.01249	0.00283	0.00364	0.01023	0.00483	0.03095
62	0.01966	0.01383	0.01521	0.01189	0.01586	0.01517	0.00974	0.58702	0.06669	0.09946	0.03042	0.01521	0.01125	0.02199	0.02753	0.00193	0.01763	0.00522	0.00543	0.00887
63	0.03784	0.05912	0.02590	0.04636	0.04143	0.06769	0.45078	0.01665	0.01198	0.01641	0.01009	0.01357	0.00803	0.00558	0.00777	0.00183	0.13555	0.00552	0.03099	0.00690

[dist]
# distance from previous block
# <min> <max>
0	1

[block]
# block no. 5 follows, 44 sequences, length 7
# corresponding to MSA columns:
# 392-394,398-401
name=unknown_F
#
# <colnr> <probs for GDERKNQSTAVLIFYWHMCP>
#	G	D	E	R	K	N	Q	S	T	A	V	L	I	F	Y	W	H	M	C	P
0	0.01169	0.01052	0.01695	0.31376	0.25642	0.01154	0.03757	0.05682	0.03676	0.01706	0.01428	0.04870	0.01299	0.00731	0.00585	0.00187	0.00642	0.12325	0.00330	0.00693
1	0.01306	0.01169	0.01827	0.41471	0.27809	0.01318	0.01488	0.13661	0.01382	0.01857	0.01043	0.01395	0.00805	0.00543	0.00543	0.00172	0.00680	0.00486	0.00301	0.00744
2	0.00703	0.00587	0.00618	0.00614	0.00796	0.00517	0.00468	0.00926	0.04979	0.01588	0.12013	0.05020	0.63152	0.01330	0.00645	0.00186	0.00293	0.04561	0.00517	0.00487
3	0.00724	0.00556	0.00797	0.13680	0.01277	0.00569	0.00671	0.00863	0.01051	0.01392	0.02671	0.67521	0.03134	0.01517	0.00671	0.00215	0.00384	0.01375	0.00463	0.00470
4	0.01382	0.01419	0.01936	0.16609	0.48154	0.13937	0.01505	0.01680	0.01265	0.01631	0.01074	0.01535	0.00920	0.00557	0.00543	0.00166	0.00710	0.03937	0.00278	0.00762
5	0.01030	0.00969	0.01635	0.79530	0.03755	0.01211	0.01514	0.01393	0.01090	0.01393	0.00969	0.01453	0.00727	0.00545	0.00545	0.00182	0.00727	0.00484	0.00242	0.00606
6	0.01030	0.00969	0.01635	0.79530	0.03755	0.01211	0.01514	0.01393	0.01090	0.01393	0.00969	0.01453	0.00727	0.00545	0.00545	0.00182	0.00727	0.00484	0.00242	0.00606

[dist]
# distance from previous block
# <min> <max>
0	1

[block]
# block no. 6 follows, 44 sequences, length 119
# corresponding to MSA columns:
# 403-521
name=unknown_G
#
# <colnr> <probs for GDERKNQSTAVLIFYWHMCP>
#	G	D	E	R	K	N	Q	S	T	A	V	L	I	F	Y	W	H	M	C	P
