[name]
unknown

[dist]
# distance from previous block
# <min> <max>
12	113

[block]
# block no. 0 follows, 45 sequences, length 64
# corresponding to MSA columns:
# 126-189
name=unknown_A
#
# <colnr> <probs for GDERKNQSTAVLIFYWHMCP>
#	G	D	E	R	K	N	Q	S	T	A	V	L	I	F	Y	W	H	M	C	P
0	0.08548	0.04542	0.07162	0.02737	0.03599	0.02917	0.12227	0.11430	0.06873	0.25434	0.03092	0.06416	0.01260	0.00663	0.00536	0.00170	0.00573	0.00573	0.00465	0.00783
1	0.06350	0.05006	0.09617	0.03076	0.05008	0.09310	0.18309	0.03346	0.11499	0.03701	0.01285	0.03341	0.02469	0.00580	0.00564	0.00159	0.03609	0.00508	0.00336	0.11926
2	0.06527	0.06810	0.09678	0.06091	0.28184	0.07564	0.09496	0.05599	0.04275	0.01793	0.02930	0.03105	0.00976	0.00558	0.00546	0.00162	0.02562	0.00490	0.00303	0.02352
3	0.06139	0.13053	0.08659	0.04304	0.03169	0.04462	0.00993	0.22501	0.07845	0.10639	0.05341	0.02864	0.02785	0.00645	0.00497	0.00157	0.00549	0.00500	0.02480	0.02418
4	0.10697	0.07320	0.19347	0.02990	0.11033	0.15088	0.01260	0.16462	0.03976	0.05395	0.01062	0.01176	0.00799	0.00550	0.00486	0.00158	0.00681	0.00410	0.00343	0.00767
5	0.01236	0.07195	0.59586	0.03423	0.02229	0.02863	0.04806	0.06061	0.01241	0.05018	0.01021	0.01173	0.00728	0.00521	0.00508	0.00166	0.00760	0.00412	0.00267	0.00788
6	0.02775	0.02111	0.44805	0.01650	0.04156	0.01204	0.21129	0.01654	0.01164	0.01727	0.00991	0.01213	0.00733	0.00479	0.00524	0.00160	0.00758	0.00448	0.00254	0.12064
7	0.00906	0.00685	0.00871	0.07569	0.01178	0.00710	0.00673	0.10727	0.04751	0.01722	0.06627	0.52414	0.04818	0.01361	0.00644	0.00203	0.00387	0.02729	0.00488	0.00536
8	0.00663	0.00472	0.00628	0.00750	0.00783	0.00443	0.00504	0.00758	0.01027	0.01368	0.02924	0.76861	0.03498	0.03683	0.00738	0.00226	0.00322	0.03425	0.00494	0.00435
9	0.00749	0.00541	0.00708	0.00682	0.00800	0.00500	0.00506	0.00987	0.01471	0.02076	0.70187	0.11545	0.04916	0.01155	0.00638	0.00174	0.00259	0.01025	0.00582	0.00500
10	0.00760	0.00549	0.00718	0.00675	0.00802	0.00506	0.00506	0.01013	0.01519	0.02153	0.77503	0.04010	0.05065	0.01097	0.00633	0.00169	0.00253	0.00971	0.00591	0.00506
11	0.00827	0.00563	0.00739	0.00687	0.00825	0.00518	0.00518	0.01078	0.01520	0.05235	0.74446	0.03921	0.04913	0.01080	0.00629	0.00169	0.00261	0.00953	0.00594	0.00523
12	0.84927	0.01038	0.00789	0.00706	0.01038	0.01204	0.00581	0.01578	0.00914	0.02408	0.00747	0.00872	0.00581	0.00498	0.00332	0.00166	0.00415	0.00291	0.00332	0.00581
13	0.81927	0.01034	0.00806	0.00715	0.01050	0.01189	0.00589	0.01616	0.00936	0.05162	0.00797	0.00907	0.00609	0.00504	0.00340	0.00166	0.00417	0.00300	0.00344	0.00593
14	0.84927	0.01038	0.00789	0.00706	0.01038	0.01204	0.00581	0.01578	0.00914	0.02408	0.00747	0.00872	0.00581	0.00498	0.00332	0.00166	0.00415	0.00291	0.00332	0.00581
15	0.02408	0.00914	0.01246	0.00955	0.01370	0.00789	0.00789	0.02616	0.01536	0.78158	0.02118	0.01827	0.01329	0.00664	0.00540	0.00166	0.00457	0.00540	0.00664	0.00914
16	0.02395	0.00934	0.01259	0.00965	0.01381	0.00820	0.00797	0.05211	0.01571	0.75514	0.02088	0.01808	0.01314	0.00664	0.00540	0.00166	0.00461	0.00538	0.00660	0.00914
17	0.84927	0.01038	0.00789	0.00706	0.01038	0.01204	0.00581	0.01578	0.00914	0.02408	0.00747	0.00872	0.00581	0.00498	0.00332	0.00166	0.00415	0.00291	0.00332	0.00581
18	0.00714	0.00547	0.00655	0.00628	0.00774	0.00487	0.00471	0.00925	0.01412	0.01898	0.51381	0.04429	0.31347	0.01192	0.00634	0.00173	0.00260	0.01030	0.00557	0.00487
19	0.00768	0.00571	0.00842	0.00842	0.00930	0.00660	0.00645	0.00945	0.00857	0.01231	0.01457	0.02214	0.01388	0.09822	0.73274	0.00837	0.01369	0.00591	0.00290	0.00468
20	0.57594	0.00997	0.00940	0.00788	0.01148	0.01067	0.00650	0.01922	0.01120	0.27499	0.01201	0.01188	0.00829	0.00553	0.00401	0.00166	0.00429	0.00373	0.00442	0.00691
21	0.02306	0.01078	0.01348	0.01033	0.01452	0.01034	0.00854	0.23109	0.01812	0.57276	0.01886	0.01677	0.01213	0.00659	0.00539	0.00165	0.00494	0.00524	0.00629	0.00913
22	0.00637	0.00535	0.00553	0.00568	0.00731	0.00451	0.00418	0.00768	0.01201	0.01441	0.05148	0.14004	0.68918	0.01397	0.00640	0.00186	0.00277	0.01179	0.00498	0.00451
23	0.01034	0.00972	0.01625	0.70133	0.03435	0.01208	0.03416	0.01391	0.02562	0.01384	0.00968	0.01433	0.00741	0.00590	0.00642	0.02096	0.05047	0.00483	0.00245	0.00596
24	0.02408	0.00914	0.01246	0.00955	0.01370	0.00789	0.00789	0.02616	0.01536	0.78158	0.02118	0.01827	0.01329	0.00664	0.00540	0.00166	0.00457	0.00540	0.00664	0.00914
25	0.01329	0.01275	0.02179	0.03295	0.77787	0.01275	0.01647	0.01647	0.01222	0.01754	0.01010	0.01329	0.00850	0.00478	0.00531	0.00159	0.00638	0.00478	0.00266	0.00850
26	0.03520	0.01281	0.04376	0.01161	0.03458	0.04958	0.00910	0.07303	0.57478	0.03572	0.01928	0.01877	0.01467	0.03536	0.00613	0.00189	0.00485	0.00572	0.00501	0.00817
27	0.00680	0.00499	0.00639	0.00702	0.00778	0.00457	0.00489	0.00823	0.01187	0.01594	0.23636	0.50335	0.13237	0.01482	0.00665	0.00200	0.00291	0.01325	0.00524	0.00457
28	0.02215	0.00917	0.01200	0.00933	0.01318	0.00827	0.00766	0.08286	0.01584	0.63822	0.04766	0.01877	0.01435	0.00676	0.00531	0.00163	0.00445	0.00548	0.06825	0.00868
29	0.01170	0.00965	0.01128	0.00809	0.01284	0.00739	0.00649	0.03063	0.01157	0.03913	0.00994	0.01137	0.00813	0.00411	0.00405	0.00084	0.00404	0.00328	0.00333	0.80217
30	0.01399	0.11298	0.03363	0.08970	0.03176	0.23512	0.04010	0.01578	0.01113	0.01330	0.00889	0.02919	0.00817	0.02924	0.02976	0.00206	0.28198	0.00452	0.00258	0.00612
31	0.00654	0.00467	0.00623	0.00747	0.00779	0.00436	0.00498	0.00747	0.01028	0.01370	0.02959	0.80785	0.03550	0.01682	0.00685	0.00218	0.00311	0.01526	0.00498	0.00436
32	0.04637	0.04977	0.04819	0.11322	0.08522	0.48470	0.03875	0.04430	0.01412	0.01496	0.00885	0.01085	0.00716	0.00537	0.00493	0.00149	0.00852	0.00387	0.00278	0.00660
33	0.00760	0.00549	0.00718	0.00675	0.00802	0.00506	0.00506	0.01013	0.01519	0.02153	0.77503	0.04010	0.05065	0.01097	0.00633	0.00169	0.00253	0.00971	0.00591	0.00506
34	0.00745	0.00522	0.00679	0.00713	0.00808	0.00481	0.00512	0.00917	0.01270	0.03549	0.34814	0.38453	0.09735	0.01379	0.00657	0.00194	0.00292	0.03259	0.00542	0.00480
35	0.00749	0.00545	0.00704	0.00670	0.00797	0.00501	0.00500	0.00989	0.01485	0.02084	0.70633	0.06868	0.09196	0.01134	0.00635	0.00171	0.00256	0.01000	0.00582	0.00501
36	0.00667	0.00539	0.00573	0.00573	0.00722	0.00466	0.00415	0.00801	0.01204	0.01490	0.13859	0.07940	0.57374	0.09972	0.00863	0.00218	0.00298	0.01091	0.00491	0.00445
37	0.01103	0.08458	0.72899	0.01486	0.02255	0.01310	0.01906	0.01693	0.01130	0.01668	0.00948	0.01114	0.00681	0.00506	0.00498	0.00166	0.00777	0.00389	0.00227	0.00786
38	0.01329	0.01275	0.02179	0.03295	0.77787	0.01275	0.01647	0.01647	0.01222	0.01754	0.01010	0.01329	0.00850	0.00478	0.00531	0.00159	0.00638	0.00478	0.00266	0.00850
39	0.70579	0.01016	0.00868	0.00749	0.01096	0.01132	0.00617	0.01758	0.01022	0.15579	0.00986	0.01038	0.00711	0.00527	0.00368	0.00166	0.00422	0.00334	0.00390	0.00639
40	0.01249	0.01199	0.02067	0.25169	0.50138	0.01265	0.06314	0.03132	0.01210	0.01676	0.01004	0.01365	0.00811	0.00497	0.00540	0.00166	0.00676	0.00488	0.00264	0.00771
41	0.00933	0.00741	0.00873	0.00727	0.00987	0.00608	0.00523	0.01078	0.01004	0.01479	0.01540	0.16885	0.01640	0.23203	0.01104	0.00229	0.00416	0.00676	0.00354	0.44999
42	0.00654	0.00467	0.00623	0.00747	0.00779	0.00436	0.00498	0.00747	0.01028	0.01370	0.02959	0.80785	0.03550	0.01682	0.00685	0.00218	0.00311	0.01526	0.00498	0.00436
43	0.02077	0.01446	0.01575	0.01208	0.01636	0.01579	0.00998	0.68797	0.02427	0.10720	0.01370	0.01342	0.00954	0.00646	0.00537	0.00162	0.00578	0.00489	0.00549	0.00913
44	0.01329	0.01275	0.02179	0.03295	0.77787	0.01275	0.01647	0.01647	0.01222	0.01754	0.01010	0.01329	0.00850	0.00478	0.00531	0.00159	0.00638	0.00478	0.00266	0.00850
45	0.00760	0.00549	0.00718	0.00675	0.00802	0.00506	0.00506	0.01013	0.01519	0.02153	0.77503	0.04010	0.05065	0.01097	0.00633	0.00169	0.00253	0.00971	0.00591	0.00506
46	0.01292	0.01239	0.02114	0.12062	0.69301	0.01266	0.01629	0.01616	0.01205	0.01710	0.01003	0.01340	0.00835	0.00485	0.00532	0.00162	0.00647	0.00478	0.00263	0.00821
47	0.00652	0.00544	0.00569	0.00563	0.00736	0.00461	0.00422	0.00805	0.01266	0.01551	0.15760	0.05000	0.67184	0.01322	0.00634	0.00179	0.00269	0.01110	0.00512	0.00461
48	0.02041	0.01504	0.01611	0.01235	0.01665	0.01665	0.01020	0.75997	0.02524	0.03383	0.01289	0.01289	0.00913	0.00644	0.00537	0.00161	0.00591	0.00483	0.00537	0.00913
49	0.84927	0.01038	0.00789	0.00706	0.01038	0.01204	0.00581	0.01578	0.00914	0.02408	0.00747	0.00872	0.00581	0.00498	0.00332	0.00166	0.00415	0.00291	0.00332	0.00581
50	0.84927	0.01038	0.00789	0.00706	0.01038	0.01204	0.00581	0.01578	0.00914	0.02408	0.00747	0.00872	0.00581	0.00498	0.00332	0.00166	0.00415	0.00291	0.00332	0.00581
51	0.84927	0.01038	0.00789	0.00706	0.01038	0.01204	0.00581	0.01578	0.00914	0.02408	0.00747	0.00872	0.00581	0.00498	0.00332	0.00166	0.00415	0.00291	0.00332	0.00581
52	0.01014	0.00954	0.01610	0.79845	0.03697	0.01193	0.01491	0.01371	0.01073	0.01371	0.00954	0.01431	0.00716	0.00537	0.00537	0.00179	0.00716	0.00477	0.00239	0.00596
53	0.01001	0.00500	0.00500	0.00500	0.00625	0.00500	0.00375	0.01251	0.01126	0.02001	0.01751	0.02001	0.01376	0.00625	0.00375	0.00125	0.00250	0.00500	0.84115	0.00500
54	0.02005	0.02558	0.01521	0.01383	0.01659	0.78980	0.01037	0.02143	0.01521	0.01314	0.00830	0.00968	0.00691	0.00553	0.00484	0.00138	0.00968	0.00346	0.00277	0.00622
55	0.00760	0.00549	0.00718	0.00675	0.00802	0.00506	0.00506	0.01013	0.01519	0.02153	0.77503	0.04010	0.05065	0.01097	0.00633	0.00169	0.00253	0.00971	0.00591	0.00506
56	0.01335	0.01153	0.01214	0.01092	0.01396	0.01335	0.00850	0.02852	0.76817	0.02245	0.02185	0.02003	0.01639	0.00728	0.00546	0.00182	0.00425	0.00607	0.00546	0.00850
57	0.01919	0.02393	0.01504	0.01363	0.01629	0.69809	0.01029	0.02158	0.07060	0.01382	0.00924	0.01054	0.00762	0.00583	0.00545	0.00146	0.04438	0.00371	0.00295	0.00638
58	0.84927	0.01038	0.00789	0.00706	0.01038	0.01204	0.00581	0.01578	0.00914	0.02408	0.00747	0.00872	0.00581	0.00498	0.00332	0.00166	0.00415	0.00291	0.00332	0.00581
59	0.01151	0.01153	0.01528	0.01336	0.01350	0.04649	0.01095	0.01267	0.00873	0.01301	0.00956	0.09870	0.01015	0.01005	0.01592	0.00229	0.68212	0.00580	0.00265	0.00572
60	0.00968	0.00615	0.00727	0.00690	0.00773	0.00697	0.00519	0.01151	0.00996	0.01659	0.01549	0.02134	0.01364	0.14323	0.08628	0.00279	0.12778	0.00549	0.49117	0.00483
61	0.01184	0.00903	0.01055	0.00912	0.01162	0.05309	0.03726	0.06296	0.08465	0.09354	0.18271	0.18832	0.04304	0.03781	0.00649	0.00177	0.00425	0.00823	0.00485	0.13889
62	0.01322	0.56542	0.26734	0.01112	0.01677	0.01846	0.01256	0.01637	0.01104	0.01401	0.00815	0.00947	0.00686	0.00475	0.00397	0.00132	0.00643	0.00322	0.00229	0.00722
63	0.01587	0.01603	0.01461	0.01436	0.12095	0.26875	0.00988	0.06692	0.15186	0.04651	0.01206	0.01296	0.00948	0.00556	0.00511	0.00140	0.02088	0.00424	0.00364	0.19892

[dist]
# distance from previous block
# <min> <max>
0	18

[block]
# block no. 1 follows, 45 sequences, length 68
# corresponding to MSA columns:
# 208-275
name=unknown_B
#
# <colnr> <probs for GDERKNQSTAVLIFYWHMCP>
#	G	D	E	R	K	N	Q	S	T	A	V	L	I	F	Y	W	H	M	C	P
0	0.01027	0.00786	0.01141	0.01453	0.19875	0.00767	0.00921	0.03961	0.01250	0.05592	0.02667	0.20107	0.12376	0.01188	0.00646	0.00203	0.00463	0.24526	0.00450	0.00601
1	0.16277	0.00882	0.00892	0.07307	0.01213	0.05369	0.00667	0.03101	0.02946	0.01777	0.10944	0.03116	0.29408	0.00943	0.00586	0.00171	0.03363	0.03790	0.00422	0.06825
2	0.00673	0.00481	0.00645	0.00769	0.00809	0.00453	0.00532	0.00781	0.01047	0.01392	0.02948	0.73996	0.03508	0.01664	0.00690	0.00221	0.00328	0.08125	0.00498	0.00441
3	0.02286	0.00924	0.01226	0.00952	0.01354	0.00820	0.00783	0.04172	0.04954	0.70237	0.02226	0.01947	0.04158	0.00693	0.00544	0.00167	0.00451	0.00564	0.00650	0.00894
4	0.18190	0.13566	0.41342	0.11773	0.02109	0.01358	0.01478	0.01618	0.01074	0.01737	0.00887	0.01081	0.00666	0.00504	0.00453	0.00162	0.00674	0.00370	0.00250	0.00709
5	0.01566	0.01832	0.01786	0.01582	0.05252	0.36358	0.09584	0.01740	0.01205	0.01372	0.00818	0.01120	0.00718	0.00689	0.01002	0.00182	0.31871	0.00433	0.00259	0.00631
6	0.00767	0.00575	0.00863	0.00863	0.00959	0.00671	0.00671	0.00959	0.00863	0.01246	0.01438	0.02109	0.01342	0.04026	0.79008	0.00863	0.01438	0.00575	0.00288	0.00479
7	0.01113	0.00954	0.01113	0.00795	0.01272	0.00716	0.00636	0.01352	0.01113	0.01749	0.00954	0.01113	0.00795	0.00398	0.00398	0.00080	0.00398	0.00318	0.00318	0.84417
8	0.01014	0.00954	0.01610	0.79845	0.03697	0.01193	0.01491	0.01371	0.01073	0.01371	0.00954	0.01431	0.00716	0.00537	0.00537	0.00179	0.00716	0.00477	0.00239	0.00596
9	0.84927	0.01038	0.00789	0.00706	0.01038	0.01204	0.00581	0.01578	0.00914	0.02408	0.00747	0.00872	0.00581	0.00498	0.00332	0.00166	0.00415	0.00291	0.00332	0.00581
10	0.01466	0.04849	0.01562	0.01314	0.01449	0.29574	0.01051	0.03248	0.01125	0.01334	0.00843	0.01226	0.00785	0.03616	0.06115	0.00242	0.38906	0.00435	0.00263	0.00596
11	0.01282	0.01228	0.02095	0.14532	0.66911	0.01263	0.01624	0.01607	0.01200	0.01698	0.01002	0.01344	0.00830	0.00487	0.00532	0.00162	0.00649	0.00478	0.00262	0.00813
12	0.01077	0.02777	0.78354	0.01530	0.02323	0.01247	0.01983	0.01700	0.01133	0.01700	0.00963	0.01133	0.00680	0.00510	0.00510	0.00170	0.00793	0.00397	0.00227	0.00793
13	0.00682	0.00479	0.00614	0.00711	0.00735	0.00455	0.00459	0.00755	0.00972	0.01296	0.02674	0.63415	0.03191	0.19542	0.01145	0.00286	0.00358	0.01358	0.00459	0.00411
14	0.01098	0.01053	0.01820	0.58470	0.20393	0.01220	0.05432	0.01452	0.01117	0.01476	0.00974	0.01409	0.00751	0.00519	0.00541	0.00175	0.00708	0.00486	0.00246	0.00660
15	0.84927	0.01038	0.00789	0.00706	0.01038	0.01204	0.00581	0.01578	0.00914	0.02408	0.00747	0.00872	0.00581	0.00498	0.00332	0.00166	0.00415	0.00291	0.00332	0.00581
16	0.02051	0.01436	0.01565	0.01198	0.01628	0.01560	0.00989	0.67385	0.02398	0.10194	0.01356	0.01334	0.00948	0.00640	0.00534	0.00159	0.00574	0.00484	0.00543	0.03024
17	0.00780	0.00524	0.00604	0.00604	0.00611	0.00531	0.00349	0.00793	0.00786	0.01055	0.01674	0.03416	0.01910	0.75847	0.07964	0.00544	0.00583	0.00767	0.00323	0.00336
18	0.00781	0.00520	0.00585	0.00585	0.00585	0.00520	0.00325	0.00781	0.00781	0.01041	0.01691	0.03513	0.01952	0.81135	0.02732	0.00520	0.00520	0.00781	0.00325	0.00325
19	0.01611	0.06149	0.01541	0.06815	0.06493	0.30927	0.01032	0.13518	0.04494	0.03171	0.01140	0.04624	0.00983	0.02434	0.06696	0.00221	0.06660	0.00481	0.00338	0.00672
20	0.01149	0.00882	0.00978	0.00914	0.01141	0.02425	0.00720	0.04282	0.30171	0.06832	0.12807	0.04910	0.13604	0.03981	0.00684	0.00201	0.00410	0.12720	0.00530	0.00661
21	0.01174	0.01174	0.01644	0.01409	0.01409	0.01644	0.01174	0.01292	0.00822	0.01292	0.00705	0.01174	0.00705	0.00940	0.01762	0.00235	0.80153	0.00470	0.00235	0.00587
22	0.78751	0.01073	0.00850	0.00745	0.01085	0.01239	0.00614	0.07123	0.01034	0.02481	0.00788	0.00903	0.00606	0.00509	0.00347	0.00166	0.00428	0.00305	0.00347	0.00606
23	0.01113	0.00954	0.01113	0.00795	0.01272	0.00716	0.00636	0.01352	0.01113	0.01749	0.00954	0.01113	0.00795	0.00398	0.00398	0.00080	0.00398	0.00318	0.00318	0.84417
24	0.03148	0.00938	0.01460	0.01292	0.05655	0.02763	0.16221	0.01623	0.06061	0.15671	0.16871	0.11754	0.02415	0.00921	0.00616	0.00187	0.00517	0.10745	0.00481	0.00660
25	0.01435	0.81458	0.02813	0.00918	0.01378	0.02124	0.00918	0.01607	0.01091	0.01263	0.00746	0.00861	0.00689	0.00459	0.00344	0.00115	0.00574	0.00287	0.00230	0.00689
26	0.01335	0.01153	0.01214	0.01092	0.01396	0.01335	0.00850	0.02852	0.76817	0.02245	0.02185	0.02003	0.01639	0.00728	0.00546	0.00182	0.00425	0.00607	0.00546	0.00850
27	0.00919	0.00627	0.00866	0.00966	0.01104	0.00617	0.00840	0.01159	0.01248	0.04809	0.02936	0.05835	0.06581	0.01443	0.00728	0.00241	0.00482	0.67589	0.00502	0.00510
28	0.03484	0.01333	0.01524	0.10554	0.01825	0.01490	0.01033	0.52495	0.05170	0.08570	0.01327	0.01381	0.00948	0.00644	0.00575	0.00166	0.03511	0.00488	0.02641	0.00844
29	0.00932	0.00466	0.00699	0.00699	0.00699	0.00466	0.00466	0.00699	0.00699	0.00932	0.00932	0.01632	0.00932	0.01865	0.02098	0.84382	0.00466	0.00466	0.00233	0.00233
30	0.00781	0.00520	0.00585	0.00585	0.00585	0.00520	0.00325	0.00781	0.00781	0.01041	0.01691	0.03513	0.01952	0.81135	0.02732	0.00520	0.00520	0.00781	0.00325	0.00325
31	0.01801	0.01334	0.01507	0.01188	0.01573	0.01464	0.03709	0.51523	0.14653	0.05938	0.04827	0.01589	0.01249	0.00746	0.02280	0.00181	0.00566	0.00535	0.02480	0.00858
32	0.01456	0.52564	0.11606	0.01152	0.01632	0.08744	0.06673	0.06291	0.01232	0.01485	0.00852	0.00997	0.00724	0.00552	0.01904	0.00146	0.00677	0.00349	0.00257	0.00708
33	0.01147	0.01134	0.01650	0.16791	0.03633	0.01547	0.01247	0.01316	0.00881	0.01318	0.00761	0.01228	0.00710	0.00850	0.01493	0.00222	0.62769	0.00471	0.00236	0.00595
34	0.84927	0.01038	0.00789	0.00706	0.01038	0.01204	0.00581	0.01578	0.00914	0.02408	0.00747	0.00872	0.00581	0.00498	0.00332	0.00166	0.00415	0.00291	0.00332	0.00581
35	0.00753	0.00548	0.00708	0.00668	0.00798	0.00504	0.00501	0.01000	0.01503	0.02114	0.73500	0.04074	0.09092	0.01112	0.00633	0.00170	0.00254	0.00980	0.00586	0.00504
36	0.01313	0.11441	0.35817	0.03074	0.07389	0.03532	0.03314	0.01723	0.01206	0.10336	0.03994	0.01310	0.00955	0.00527	0.00488	0.00149	0.00650	0.00423	0.00309	0.12051
37	0.00654	0.00467	0.00623	0.00747	0.00779	0.00436	0.00498	0.00747	0.01028	0.01370	0.02959	0.80785	0.03550	0.01682	0.00685	0.00218	0.00311	0.01526	0.00498	0.00436
38	0.01326	0.01282	0.02215	0.03257	0.75009	0.01278	0.04395	0.01650	0.01224	0.01752	0.01013	0.01333	0.00849	0.00477	0.00535	0.00160	0.00648	0.00484	0.00266	0.00846
39	0.01113	0.00956	0.01038	0.00995	0.03703	0.01046	0.00738	0.02144	0.49327	0.02025	0.09241	0.02931	0.20688	0.00907	0.00575	0.00180	0.00380	0.00763	0.00529	0.00723
40	0.01077	0.02777	0.78354	0.01530	0.02323	0.01247	0.01983	0.01700	0.01133	0.01700	0.00963	0.01133	0.00680	0.00510	0.00510	0.00170	0.00793	0.00397	0.00227	0.00793
41	0.01411	0.50305	0.18303	0.01192	0.05795	0.01777	0.01171	0.06968	0.01227	0.04076	0.01004	0.01111	0.02608	0.00513	0.00417	0.00135	0.00613	0.00363	0.00274	0.00737
42	0.01435	0.81458	0.02813	0.00918	0.01378	0.02124	0.00918	0.01607	0.01091	0.01263	0.00746	0.00861	0.00689	0.00459	0.00344	0.00115	0.00574	0.00287	0.00230	0.00689
43	0.84927	0.01038	0.00789	0.00706	0.01038	0.01204	0.00581	0.01578	0.00914	0.02408	0.00747	0.00872	0.00581	0.00498	0.00332	0.00166	0.00415	0.00291	0.00332	0.00581
44	0.01014	0.00954	0.01610	0.79845	0.03697	0.01193	0.01491	0.01371	0.01073	0.01371	0.00954	0.01431	0.00716	0.00537	0.00537	0.00179	0.00716	0.00477	0.00239	0.00596
45	0.00805	0.00562	0.00741	0.00705	0.00838	0.00521	0.00540	0.01057	0.01499	0.03853	0.70180	0.04113	0.04831	0.01116	0.00639	0.00175	0.00276	0.06448	0.00585	0.00515
46	0.00781	0.00520	0.00585	0.00585	0.00585	0.00520	0.00325	0.00781	0.00781	0.01041	0.01691	0.03513	0.01952	0.81135	0.02732	0.00520	0.00520	0.00781	0.00325	0.00325
47	0.01113	0.00954	0.01113	0.00795	0.01272	0.00716	0.00636	0.01352	0.01113	0.01749	0.00954	0.01113	0.00795	0.00398	0.00398	0.00080	0.00398	0.00318	0.00318	0.84417
48	0.00868	0.00629	0.00860	0.00775	0.00937	0.00593	0.03692	0.01186	0.05487	0.04999	0.63091	0.06678	0.05980	0.01062	0.00627	0.00172	0.00300	0.00945	0.00573	0.00546
49	0.03748	0.01430	0.01521	0.01198	0.01602	0.01595	0.00980	0.61136	0.15909	0.03156	0.01439	0.01409	0.01037	0.00656	0.00534	0.00165	0.00557	0.00501	0.00534	0.00894
50	0.01754	0.37334	0.02090	0.01178	0.01535	0.45106	0.00985	0.01907	0.01331	0.01291	0.00793	0.00921	0.00690	0.00512	0.00422	0.00128	0.00794	0.00320	0.00256	0.00652
51	0.01965	0.01807	0.01522	0.01249	0.01610	0.27716	0.00993	0.45892	0.04030	0.02594	0.01177	0.01230	0.00877	0.00615	0.00512	0.00152	0.00699	0.00441	0.04125	0.00795
52	0.02041	0.01504	0.01611	0.01235	0.01665	0.01665	0.01020	0.75997	0.02524	0.03383	0.01289	0.01289	0.00913	0.00644	0.00537	0.00161	0.00591	0.00483	0.00537	0.00913
53	0.02113	0.01315	0.01487	0.01146	0.01562	0.01392	0.00944	0.53727	0.02213	0.24339	0.01558	0.03195	0.01088	0.00673	0.00541	0.00164	0.00547	0.00522	0.00572	0.00903
54	0.01895	0.01431	0.01529	0.01206	0.01609	0.01597	0.00985	0.60952	0.17805	0.03149	0.01473	0.01436	0.01062	0.00662	0.00539	0.00165	0.00557	0.00509	0.00539	0.00900
55	0.00683	0.00546	0.00612	0.00595	0.00755	0.00474	0.00446	0.00865	0.01339	0.01724	0.33565	0.04715	0.49271	0.01257	0.00634	0.00176	0.00265	0.01070	0.00535	0.00474
56	0.00688	0.00546	0.00619	0.00601	0.00758	0.00476	0.00450	0.00875	0.01351	0.01753	0.36517	0.04667	0.46301	0.01246	0.00634	0.00176	0.00264	0.01063	0.00538	0.00476
57	0.01424	0.79101	0.05076	0.00937	0.01406	0.02098	0.00950	0.01610	0.01092	0.01276	0.00753	0.00869	0.00689	0.00461	0.00349	0.00116	0.00581	0.00290	0.00230	0.00692
58	0.01001	0.00500	0.00500	0.00500	0.00625	0.00500	0.00375	0.01251	0.01126	0.02001	0.01751	0.02001	0.01376	0.00625	0.00375	0.00125	0.00250	0.00500	0.84115	0.00500
59	0.00654	0.00467	0.00623	0.00747	0.00779	0.00436	0.00498	0.00747	0.01028	0.01370	0.02959	0.80785	0.03550	0.01682	0.00685	0.00218	0.00311	0.01526	0.00498	0.00436
60	0.00756	0.00568	0.00723	0.00836	0.00911	0.02178	0.00634	0.00906	0.01120	0.01455	0.02984	0.49582	0.06665	0.01574	0.00698	0.00225	0.00388	0.26844	0.00492	0.00461
61	0.04018	0.01682	0.01555	0.01314	0.03010	0.23680	0.04128	0.35586	0.05547	0.02357	0.01253	0.06563	0.01036	0.00693	0.00599	0.00164	0.05114	0.00520	0.00422	0.00758
62	0.01082	0.02742	0.76423	0.01549	0.02336	0.01249	0.03880	0.01700	0.01137	0.01700	0.00966	0.01141	0.00683	0.00509	0.00513	0.00170	0.00796	0.00403	0.00228	0.00792
63	0.02206	0.00898	0.01204	0.00944	0.01326	0.00796	0.00777	0.05491	0.01567	0.66247	0.08554	0.02118	0.01684	0.00725	0.00554	0.00169	0.00446	0.02781	0.00648	0.00866
64	0.01314	0.01311	0.01875	0.23451	0.43490	0.09264	0.01474	0.01728	0.07716	0.01648	0.01077	0.01377	0.00866	0.00523	0.00529	0.00164	0.00674	0.00475	0.00284	0.00759
65	0.01123	0.01070	0.01728	0.40581	0.15970	0.03051	0.09139	0.04462	0.01197	0.01574	0.01443	0.01779	0.08166	0.00683	0.02198	0.00188	0.02204	0.00556	0.02237	0.00649
66	0.01143	0.00999	0.01353	0.26355	0.12479	0.03922	0.01084	0.11496	0.05019	0.01791	0.05797	0.15865	0.06792	0.00865	0.00578	0.00181	0.00552	0.02698	0.00388	0.00642
67	0.76446	0.01097	0.00869	0.05453	0.01223	0.04465	0.00655	0.01589	0.00949	0.02301	0.00763	0.00909	0.00594	0.00503	0.00351	0.00166	0.00456	0.00304	0.00324	0.00584

[dist]
# distance from previous block
# <min> <max>
0	10

[block]
# block no. 2 follows, 45 sequences, length 14
# corresponding to MSA columns:
# 291-304
name=unknown_C
#
# <colnr> <probs for GDERKNQSTAVLIFYWHMCP>
#	G	D	E	R	K	N	Q	S	T	A	V	L	I	F	Y	W	H	M	C	P
0	0.00760	0.00549	0.00718	0.00675	0.00802	0.00506	0.00506	0.01013	0.01519	0.02153	0.77503	0.04010	0.05065	0.01097	0.00633	0.00169	0.00253	0.00971	0.00591	0.00506
1	0.01316	0.01031	0.01343	0.12369	0.01685	0.01110	0.05735	0.29648	0.03384	0.02385	0.21613	0.12000	0.02322	0.00868	0.00587	0.00175	0.00501	0.00754	0.00487	0.00687
2	0.00672	0.00483	0.00640	0.00752	0.00798	0.00451	0.00518	0.00784	0.01071	0.01427	0.06829	0.70104	0.05768	0.01630	0.00684	0.00216	0.00318	0.05906	0.00503	0.00444
3	0.01240	0.01639	0.13956	0.02157	0.02736	0.01342	0.65240	0.01717	0.01248	0.01717	0.01068	0.01403	0.00795	0.00461	0.00616	0.00179	0.00889	0.00600	0.00265	0.00734
4	0.01329	0.01047	0.01225	0.08408	0.05427	0.01163	0.00892	0.02389	0.49795	0.09490	0.02382	0.02266	0.10303	0.00765	0.00554	0.00179	0.00448	0.00643	0.00509	0.00786
5	0.71022	0.01057	0.00984	0.05946	0.09131	0.01211	0.00749	0.01572	0.00955	0.02276	0.00787	0.00954	0.00618	0.00499	0.00366	0.00166	0.00457	0.00322	0.00319	0.00610
6	0.01364	0.01190	0.02006	0.02948	0.67048	0.01182	0.01502	0.01633	0.01201	0.06405	0.01072	0.01383	0.00886	0.00598	0.00654	0.06740	0.00613	0.00481	0.00288	0.00806
7	0.01466	0.01025	0.01139	0.00946	0.01239	0.04214	0.00749	0.21598	0.09516	0.13135	0.29261	0.04007	0.02596	0.00823	0.00566	0.00162	0.00430	0.00687	0.00550	0.05890
8	0.00752	0.00548	0.00706	0.00667	0.00797	0.00503	0.00500	0.00997	0.01500	0.02107	0.72829	0.04085	0.09767	0.01114	0.00633	0.00170	0.00254	0.00981	0.00585	0.00503
9	0.07925	0.01032	0.01118	0.00984	0.01268	0.01122	0.00767	0.17625	0.29443	0.08000	0.02129	0.18013	0.04556	0.00899	0.00555	0.00180	0.00432	0.00752	0.00520	0.02679
10	0.08792	0.04205	0.01429	0.01163	0.02837	0.17236	0.00916	0.25397	0.13367	0.15628	0.01418	0.01392	0.01025	0.00620	0.00501	0.00159	0.00598	0.00462	0.02054	0.00800
11	0.01698	0.00772	0.01008	0.00828	0.01131	0.00683	0.00663	0.01943	0.03537	0.45385	0.22320	0.02874	0.13062	0.00877	0.00578	0.00169	0.00377	0.00738	0.00619	0.00740
12	0.01889	0.01389	0.01498	0.01174	0.01558	0.01529	0.00955	0.67513	0.02347	0.03145	0.01433	0.07577	0.01155	0.03513	0.00625	0.00178	0.00566	0.00575	0.00527	0.00855
13	0.01151	0.00826	0.00982	0.08937	0.01321	0.00855	0.00714	0.07315	0.16928	0.08433	0.15125	0.05462	0.16950	0.00892	0.00559	0.00168	0.00390	0.00753	0.08502	0.03737

[dist]
# distance from previous block
# <min> <max>
0	2

[block]
# block no. 3 follows, 45 sequences, length 12
# corresponding to MSA columns:
# 307-318
name=unknown_D
#
# <colnr> <probs for GDERKNQSTAVLIFYWHMCP>
#	G	D	E	R	K	N	Q	S	T	A	V	L	I	F	Y	W	H	M	C	P
0	0.05880	0.07645	0.04630	0.01321	0.11169	0.01123	0.04914	0.11735	0.03461	0.17718	0.07273	0.01597	0.01289	0.00758	0.04411	0.00184	0.00566	0.00494	0.00426	0.13409
1	0.37677	0.14917	0.06655	0.01078	0.05147	0.10441	0.00898	0.07667	0.01197	0.04889	0.00920	0.02487	0.00746	0.00550	0.00444	0.00157	0.02768	0.00366	0.00327	0.00669
2	0.69394	0.01157	0.04423	0.03150	0.01370	0.01223	0.09265	0.01594	0.00968	0.02270	0.00801	0.00965	0.00616	0.00495	0.00380	0.00168	0.00496	0.00340	0.00318	0.00607
3	0.07021	0.01339	0.04036	0.02707	0.55863	0.04070	0.04665	0.01803	0.09848	0.01836	0.01122	0.01362	0.00910	0.00511	0.00522	0.00163	0.00626	0.00480	0.00302	0.00817
4	0.00781	0.00520	0.00585	0.00585	0.00585	0.00520	0.00325	0.00781	0.00781	0.01041	0.01691	0.03513	0.01952	0.81135	0.02732	0.00520	0.00520	0.00781	0.00325	0.00325
5	0.01041	0.01100	0.14961	0.00960	0.01208	0.04615	0.00860	0.02729	0.01229	0.09441	0.14197	0.35325	0.04817	0.01158	0.00657	0.00191	0.03466	0.01001	0.00460	0.00586
6	0.00691	0.00501	0.00652	0.00709	0.00784	0.00462	0.00496	0.00844	0.01216	0.01656	0.29858	0.48513	0.08721	0.01452	0.00663	0.00198	0.00288	0.01302	0.00532	0.00462
7	0.04122	0.01532	0.14958	0.06488	0.50058	0.01309	0.01590	0.10134	0.01338	0.01933	0.01022	0.01281	0.00813	0.00506	0.00522	0.00163	0.00655	0.00459	0.00291	0.00826
8	0.00795	0.00598	0.00765	0.09687	0.01119	0.00570	0.00589	0.00996	0.01303	0.04448	0.32085	0.10830	0.30012	0.03003	0.00672	0.00187	0.00331	0.01001	0.00506	0.00502
9	0.17716	0.02169	0.48123	0.01484	0.05153	0.01278	0.08109	0.06721	0.01200	0.01958	0.00955	0.01128	0.00695	0.00510	0.00488	0.00169	0.00708	0.00406	0.00274	0.00756
10	0.01428	0.01227	0.02123	0.02836	0.58544	0.01203	0.09064	0.01745	0.01263	0.10473	0.01213	0.01576	0.00986	0.00535	0.00551	0.00166	0.00639	0.03277	0.00320	0.00831
11	0.01047	0.00939	0.01494	0.49926	0.02780	0.01115	0.04729	0.06354	0.01207	0.01601	0.09865	0.07132	0.01450	0.02490	0.00685	0.00190	0.05461	0.00619	0.00320	0.00596

[dist]
# distance from previous block
# <min> <max>
0	1

[block]
# block no. 4 follows, 45 sequences, length 69
# corresponding to MSA columns:
# 320-388
name=unknown_E
#
# <colnr> <probs for GDERKNQSTAVLIFYWHMCP>
#	G	D	E	R	K	N	Q	S	T	A	V	L	I	F	Y	W	H	M	C	P
0	0.01284	0.00922	0.02797	0.00855	0.01110	0.05301	0.00683	0.11107	0.02920	0.15715	0.12158	0.12179	0.22163	0.02850	0.00643	0.00184	0.00422	0.03702	0.00518	0.02486
1	0.08120	0.50907	0.03628	0.01033	0.02711	0.14636	0.00927	0.04997	0.01230	0.01516	0.03453	0.01027	0.00847	0.00508	0.00393	0.00128	0.00617	0.00335	0.00274	0.02714
2	0.10539	0.00792	0.00905	0.00845	0.01000	0.00878	0.00634	0.11155	0.07515	0.01782	0.04511	0.13100	0.01805	0.18357	0.17303	0.00395	0.03408	0.02061	0.02466	0.00547
3	0.00985	0.00727	0.00928	0.00896	0.05186	0.00694	0.00638	0.07546	0.03350	0.03963	0.52237	0.03312	0.03787	0.04429	0.00689	0.00177	0.00340	0.02229	0.00534	0.07352
4	0.01208	0.17064	0.55865	0.01513	0.06510	0.05698	0.01717	0.01704	0.01152	0.01602	0.00919	0.01086	0.00692	0.00501	0.00480	0.00158	0.00754	0.00379	0.00232	0.00768
5	0.01107	0.04292	0.01202	0.03736	0.01238	0.02547	0.00835	0.10176	0.01180	0.03445	0.05723	0.07543	0.03585	0.05080	0.22585	0.00393	0.18032	0.04916	0.01811	0.00574
6	0.00709	0.00536	0.00654	0.00647	0.00776	0.00481	0.00477	0.00907	0.01367	0.01842	0.46466	0.14807	0.25865	0.01253	0.00641	0.00179	0.00267	0.01093	0.00552	0.00481
7	0.03138	0.02330	0.50953	0.01604	0.06618	0.08417	0.08878	0.03841	0.01222	0.01751	0.01016	0.01209	0.00749	0.00517	0.00510	0.00165	0.00765	0.00426	0.05136	0.00756
8	0.02282	0.00938	0.01241	0.00967	0.01368	0.00846	0.00793	0.03949	0.07926	0.69050	0.03415	0.01870	0.01412	0.00677	0.00542	0.00167	0.00453	0.00552	0.00651	0.00901
9	0.06151	0.46330	0.02290	0.01140	0.02926	0.14868	0.05298	0.05947	0.07659	0.01572	0.00937	0.01043	0.00787	0.00510	0.00415	0.00135	0.00640	0.00359	0.00290	0.00703
10	0.00838	0.00624	0.00892	0.00871	0.00982	0.00719	0.00676	0.05091	0.00951	0.01355	0.01440	0.02123	0.01344	0.07105	0.71448	0.00809	0.01352	0.00579	0.00303	0.00497
11	0.00687	0.00495	0.00651	0.00720	0.00785	0.00459	0.00499	0.00833	0.01190	0.01623	0.26915	0.54524	0.05645	0.01487	0.00667	0.00201	0.00292	0.01339	0.00528	0.00459
12	0.00656	0.00472	0.00619	0.00735	0.00772	0.00438	0.00491	0.00749	0.01031	0.01367	0.03040	0.75942	0.06723	0.03281	0.00724	0.00223	0.00314	0.01494	0.00495	0.00434
13	0.00673	0.00537	0.00599	0.00607	0.00753	0.00468	0.00448	0.00829	0.01257	0.01591	0.21078	0.13465	0.49598	0.03247	0.00692	0.00192	0.00283	0.02705	0.00515	0.00461
14	0.02387	0.00948	0.01267	0.00971	0.01387	0.00840	0.00802	0.06891	0.01594	0.73802	0.02069	0.01796	0.01305	0.00663	0.00540	0.00166	0.00465	0.00537	0.00657	0.00913
15	0.01645	0.01307	0.01388	0.01155	0.01514	0.01480	0.00925	0.35008	0.44156	0.02746	0.01791	0.01689	0.01320	0.00691	0.00542	0.00173	0.00498	0.00553	0.00542	0.00877
16	0.84927	0.01038	0.00789	0.00706	0.01038	0.01204	0.00581	0.01578	0.00914	0.02408	0.00747	0.00872	0.00581	0.00498	0.00332	0.00166	0.00415	0.00291	0.00332	0.00581
17	0.02039	0.01551	0.01607	0.01242	0.01664	0.05123	0.01021	0.72693	0.02479	0.03290	0.01268	0.01274	0.00903	0.00640	0.00535	0.00160	0.00608	0.00477	0.00525	0.00900
18	0.03852	0.01461	0.01522	0.01183	0.01590	0.04715	0.00971	0.64116	0.02333	0.07344	0.01323	0.01326	0.00939	0.00638	0.00524	0.00159	0.00580	0.00477	0.04069	0.00876
19	0.01254	0.03094	0.02354	0.21097	0.18122	0.01291	0.31699	0.05691	0.01266	0.01725	0.01033	0.01374	0.00799	0.00485	0.00561	0.00167	0.00745	0.00526	0.00279	0.06436
20	0.01268	0.01444	0.03143	0.02287	0.04623	0.01355	0.74039	0.01718	0.01266	0.01720	0.01084	0.01445	0.00815	0.00453	0.00631	0.00180	0.00898	0.00630	0.00271	0.00727
21	0.84927	0.01038	0.00789	0.00706	0.01038	0.01204	0.00581	0.01578	0.00914	0.02408	0.00747	0.00872	0.00581	0.00498	0.00332	0.00166	0.00415	0.00291	0.00332	0.00581
22	0.00879	0.00738	0.01070	0.01005	0.01073	0.00934	0.00800	0.01045	0.00850	0.01254	0.01243	0.01888	0.01183	0.05083	0.55980	0.00682	0.22963	0.00551	0.00274	0.00505
23	0.03759	0.01516	0.06025	0.05204	0.12501	0.11090	0.01121	0.30292	0.08597	0.09035	0.04584	0.01470	0.01126	0.00622	0.00528	0.00162	0.00617	0.00492	0.00443	0.00814
24	0.00653	0.00486	0.00604	0.00696	0.00761	0.00442	0.00473	0.00754	0.01065	0.01379	0.03489	0.61282	0.20426	0.03886	0.00732	0.00218	0.00308	0.01415	0.00493	0.00437
25	0.02359	0.00903	0.01230	0.00947	0.01353	0.00780	0.00780	0.02568	0.01536	0.75881	0.04376	0.01892	0.01441	0.00677	0.00543	0.00166	0.00451	0.00553	0.00662	0.00901
26	0.03580	0.01037	0.01225	0.09939	0.01581	0.02565	0.00872	0.11151	0.25249	0.19863	0.13793	0.02149	0.01897	0.00744	0.00553	0.00173	0.00469	0.01853	0.00533	0.00772
27	0.01266	0.05822	0.02993	0.06775	0.07676	0.01385	0.62527	0.01688	0.01243	0.01676	0.01055	0.01407	0.00804	0.00459	0.00605	0.00176	0.00858	0.00595	0.00267	0.00723
28	0.00697	0.00509	0.00668	0.00757	0.00782	0.00507	0.00507	0.00779	0.00983	0.01320	0.02670	0.66005	0.03186	0.12840	0.01026	0.00261	0.04245	0.01369	0.00461	0.00428
29	0.82443	0.01084	0.00811	0.00726	0.01057	0.03534	0.00595	0.01595	0.00932	0.02376	0.00750	0.00875	0.00585	0.00500	0.00337	0.00165	0.00432	0.00292	0.00331	0.00583
30	0.01174	0.01174	0.01644	0.01409	0.01409	0.01644	0.01174	0.01292	0.00822	0.01292	0.00705	0.01174	0.00705	0.00940	0.01762	0.00235	0.80153	0.00470	0.00235	0.00587
31	0.02041	0.01504	0.01611	0.01235	0.01665	0.01665	0.01020	0.75997	0.02524	0.03383	0.01289	0.01289	0.00913	0.00644	0.00537	0.00161	0.00591	0.00483	0.00537	0.00913
32	0.00638	0.00542	0.00550	0.00552	0.00728	0.00454	0.00413	0.00776	0.01227	0.01467	0.07311	0.07001	0.73796	0.01360	0.00636	0.00182	0.00272	0.01138	0.00501	0.00454
33	0.00716	0.00545	0.00658	0.00635	0.00776	0.00487	0.00474	0.00926	0.01409	0.01902	0.51931	0.06674	0.28511	0.01200	0.00635	0.00174	0.00261	0.01040	0.00558	0.00487
34	0.01433	0.47034	0.18397	0.01214	0.04848	0.01717	0.04331	0.04483	0.01200	0.07131	0.00944	0.01057	0.00757	0.00491	0.00422	0.00136	0.00624	0.00359	0.00278	0.03144
35	0.01113	0.00954	0.01113	0.00795	0.01272	0.00716	0.00636	0.01352	0.01113	0.01749	0.00954	0.01113	0.00795	0.00398	0.00398	0.00080	0.00398	0.00318	0.00318	0.84417
36	0.00795	0.00607	0.00868	0.00791	0.00943	0.00564	0.04923	0.01056	0.01473	0.02062	0.64760	0.04066	0.06561	0.01100	0.00642	0.00177	0.00312	0.07221	0.00562	0.00517
37	0.01113	0.00954	0.01113	0.00795	0.01272	0.00716	0.00636	0.01352	0.01113	0.01749	0.00954	0.01113	0.00795	0.00398	0.00398	0.00080	0.00398	0.00318	0.00318	0.84417
38	0.02041	0.01504	0.01611	0.01235	0.01665	0.01665	0.01020	0.75997	0.02524	0.03383	0.01289	0.01289	0.00913	0.00644	0.00537	0.00161	0.00591	0.00483	0.00537	0.00913
39	0.00653	0.00470	0.00620	0.00739	0.00776	0.00437	0.00494	0.00748	0.01036	0.01374	0.03064	0.77582	0.06686	0.01668	0.00683	0.00216	0.00310	0.01509	0.00498	0.00437
40	0.00781	0.00520	0.00585	0.00585	0.00585	0.00520	0.00325	0.00781	0.00781	0.01041	0.01691	0.03513	0.01952	0.81135	0.02732	0.00520	0.00520	0.00781	0.00325	0.00325
41	0.01374	0.01172	0.01236	0.01100	0.01411	0.01353	0.00859	0.06888	0.72718	0.02308	0.02135	0.01963	0.01599	0.00724	0.00546	0.00181	0.00434	0.00600	0.00546	0.00853
42	0.00781	0.00520	0.00585	0.00585	0.00585	0.00520	0.00325	0.00781	0.00781	0.01041	0.01691	0.03513	0.01952	0.81135	0.02732	0.00520	0.00520	0.00781	0.00325	0.00325
43	0.01329	0.01275	0.02179	0.03295	0.77787	0.01275	0.01647	0.01647	0.01222	0.01754	0.01010	0.01329	0.00850	0.00478	0.00531	0.00159	0.00638	0.00478	0.00266	0.00850
44	0.00653	0.00545	0.00570	0.00564	0.00737	0.00461	0.00423	0.00807	0.01268	0.01556	0.16309	0.04992	0.66632	0.01320	0.00634	0.00179	0.00269	0.01108	0.00512	0.00461
45	0.01431	0.14639	0.33935	0.01443	0.08105	0.09794	0.01419	0.03240	0.04048	0.10806	0.01211	0.01478	0.00947	0.00587	0.00501	0.00161	0.00691	0.04478	0.00321	0.00765
46	0.01435	0.81458	0.02813	0.00918	0.01378	0.02124	0.00918	0.01607	0.01091	0.01263	0.00746	0.00861	0.00689	0.00459	0.00344	0.00115	0.00574	0.00287	0.00230	0.00689
47	0.03605	0.01084	0.01332	0.02716	0.16195	0.04283	0.00911	0.09906	0.07697	0.10994	0.01635	0.09592	0.04378	0.02529	0.00565	0.00158	0.00494	0.00587	0.00416	0.20923
48	0.01264	0.01163	0.01998	0.19229	0.14819	0.03067	0.23019	0.05872	0.01260	0.05896	0.01329	0.11049	0.01167	0.00675	0.00632	0.00180	0.04203	0.00651	0.01838	0.00690
49	0.00654	0.00467	0.00623	0.00747	0.00779	0.00436	0.00498	0.00747	0.01028	0.01370	0.02959	0.80785	0.03550	0.01682	0.00685	0.00218	0.00311	0.01526	0.00498	0.00436
50	0.01864	0.00990	0.01320	0.03809	0.03309	0.00959	0.04006	0.03884	0.18832	0.43064	0.04987	0.03754	0.01515	0.00690	0.00546	0.00168	0.00470	0.00585	0.00571	0.04678
51	0.01286	0.21205	0.46485	0.01383	0.02034	0.01490	0.05905	0.08080	0.02724	0.03227	0.00993	0.01131	0.00741	0.00513	0.00481	0.00157	0.00717	0.00399	0.00271	0.00778
52	0.00660	0.00471	0.00629	0.00754	0.00788	0.00441	0.00508	0.00757	0.01033	0.01377	0.02955	0.78779	0.03538	0.01676	0.00687	0.00219	0.00316	0.03476	0.00498	0.00438
53	0.02151	0.01326	0.01501	0.01151	0.01576	0.01401	0.00951	0.53903	0.02227	0.25897	0.01538	0.01451	0.01038	0.00650	0.00538	0.00163	0.00550	0.00500	0.00575	0.00913
54	0.84927	0.01038	0.00789	0.00706	0.01038	0.01204	0.00581	0.01578	0.00914	0.02408	0.00747	0.00872	0.00581	0.00498	0.00332	0.00166	0.00415	0.00291	0.00332	0.00581
55	0.00723	0.00547	0.00666	0.00637	0.00779	0.00491	0.00477	0.00941	0.01432	0.01945	0.56259	0.04351	0.26438	0.01175	0.00633	0.00172	0.00259	0.01019	0.00564	0.00491
56	0.01610	0.01250	0.01339	0.01130	0.01478	0.01410	0.00900	0.25657	0.49789	0.06485	0.01902	0.01771	0.01396	0.00699	0.00543	0.00175	0.00478	0.00565	0.00549	0.00873
57	0.00775	0.00518	0.00587	0.00592	0.00594	0.00517	0.00333	0.00779	0.00791	0.01055	0.01745	0.06786	0.02019	0.77770	0.02645	0.00508	0.00512	0.00812	0.00333	0.00330
58	0.01338	0.01215	0.05879	0.01061	0.01533	0.01026	0.06418	0.15719	0.05099	0.03621	0.01107	0.01232	0.00862	0.00488	0.00486	0.00118	0.02126	0.00399	0.00367	0.49905
59	0.01244	0.01315	0.06366	0.17065	0.50291	0.05106	0.01521	0.01570	0.01216	0.01662	0.04004	0.01552	0.03639	0.00549	0.00536	0.00164	0.00651	0.00508	0.00279	0.00762
60	0.00760	0.00549	0.00718	0.00675	0.00802	0.00506	0.00506	0.01013	0.01519	0.02153	0.77503	0.04010	0.05065	0.01097	0.00633	0.00169	0.00253	0.00971	0.00591	0.00506
61	0.01252	0.01277	0.04818	0.08008	0.55458	0.01230	0.09268	0.01623	0.03386	0.01730	0.02564	0.01575	0.04298	0.00537	0.00548	0.00165	0.00647	0.00532	0.00287	0.00795
62	0.02134	0.00853	0.01158	0.00909	0.01276	0.00742	0.00742	0.02350	0.01534	0.65531	0.14642	0.02190	0.01949	0.00736	0.00555	0.00167	0.00423	0.00611	0.00652	0.00846
63	0.01303	0.01448	0.10729	0.08927	0.58730	0.02861	0.01631	0.03086	0.02938	0.01751	0.01028	0.01321	0.00836	0.00497	0.00529	0.00162	0.00662	0.00469	0.00271	0.00821
64	0.00654	0.00467	0.00623	0.00747	0.00779	0.00436	0.00498	0.00747	0.01028	0.01370	0.02959	0.80785	0.03550	0.01682	0.00685	0.00218	0.00311	0.01526	0.00498	0.00436
65	0.01227	0.01405	0.12236	0.04537	0.51195	0.01209	0.05764	0.01608	0.02858	0.01733	0.03060	0.01720	0.03072	0.00582	0.00569	0.00169	0.01863	0.04111	0.00291	0.00789
66	0.00663	0.00477	0.00626	0.00739	0.00780	0.00444	0.00499	0.00763	0.01045	0.01386	0.04388	0.72545	0.06843	0.03383	0.00728	0.00223	0.00318	0.03216	0.00496	0.00437
67	0.01199	0.25299	0.40415	0.01261	0.03470	0.02831	0.01420	0.01612	0.01139	0.01587	0.03190	0.01139	0.00834	0.00498	0.00450	0.00141	0.00659	0.00372	0.00253	0.12233
68	0.24307	0.01836	0.01304	0.01148	0.01458	0.38834	0.00893	0.10711	0.07759	0.03957	0.01006	0.01093	0.00784	0.00574	0.00481	0.00155	0.02297	0.00376	0.00354	0.00671

[dist]
# distance from previous block
# <min> <max>
0	1

[block]
# block no. 5 follows, 45 sequences, length 42
# corresponding to MSA columns:
# 390-431
name=unknown_F
#
# <colnr> <probs for GDERKNQSTAVLIFYWHMCP>
#	G	D	E	R	K	N	Q	S	T	A	V	L	I	F	Y	W	H	M	C	P
0	0.06514	0.01262	0.02299	0.09582	0.12362	0.01273	0.37826	0.07021	0.03351	0.01879	0.01122	0.01423	0.00862	0.00510	0.00583	0.00170	0.02442	0.00544	0.06239	0.02735
1	0.01227	0.01173	0.01990	0.27133	0.38992	0.01232	0.08479	0.03399	0.02738	0.01679	0.01026	0.01371	0.00818	0.00498	0.00535	0.00163	0.00667	0.00485	0.00273	0.06120
2	0.01771	0.10797	0.01724	0.04695	0.08515	0.36035	0.01079	0.19661	0.01631	0.01850	0.01092	0.01225	0.03179	0.00598	0.00544	0.00150	0.03985	0.00419	0.00337	0.00712
3	0.00971	0.00750	0.00884	0.00854	0.02970	0.03000	0.02753	0.02767	0.04525	0.08123	0.06710	0.11921	0.39580	0.03011	0.00719	0.00195	0.03684	0.05550	0.00485	0.00548
4	0.01220	0.01027	0.01219	0.00880	0.01353	0.00837	0.02518	0.09680	0.01274	0.01931	0.00995	0.01141	0.00809	0.00426	0.00419	0.00091	0.00431	0.00344	0.00341	0.73064
5	0.01287	0.01901	0.25186	0.01938	0.07195	0.08069	0.35732	0.03930	0.01257	0.01703	0.01020	0.01303	0.00776	0.00582	0.02296	0.00189	0.04118	0.00516	0.00265	0.00739
6	0.00687	0.00497	0.00661	0.00756	0.00788	0.00491	0.00510	0.00779	0.00987	0.01328	0.02676	0.65973	0.03174	0.09532	0.06191	0.00291	0.02421	0.01363	0.00461	0.00432
7	0.01286	0.01073	0.01156	0.01030	0.01312	0.01215	0.00802	0.07726	0.58502	0.02310	0.15166	0.02300	0.02181	0.00786	0.00561	0.00178	0.00407	0.00661	0.00553	0.00795
8	0.01267	0.01448	0.03167	0.02262	0.02805	0.01357	0.75837	0.01719	0.01267	0.01719	0.01086	0.01448	0.00814	0.00452	0.00633	0.00181	0.00905	0.00633	0.00271	0.00724
