[name]
unknown

[dist]
# distance from previous block
# <min> <max>
0	75

[block]
# block no. 0 follows, 45 sequences, length 124
# corresponding to MSA columns:
# 92-215
name=unknown_A
#
# <colnr> <probs for GDERKNQSTAVLIFYWHMCP>
#	G	D	E	R	K	N	Q	S	T	A	V	L	I	F	Y	W	H	M	C	P
0	0.00755	0.00593	0.00672	0.00693	0.00860	0.00539	0.00554	0.03388	0.01252	0.01538	0.04435	0.05148	0.52120	0.01387	0.00713	0.03249	0.00350	0.20795	0.00489	0.00472
1	0.05743	0.13412	0.09648	0.15758	0.05736	0.20935	0.10624	0.07235	0.03046	0.01657	0.00955	0.01173	0.00749	0.00524	0.00494	0.00156	0.00755	0.00422	0.00285	0.00692
2	0.00928	0.03799	0.01032	0.01131	0.08726	0.03574	0.00777	0.04104	0.01157	0.01523	0.02358	0.40903	0.02663	0.03098	0.02594	0.00232	0.03552	0.16882	0.00439	0.00531
3	0.01076	0.02649	0.72977	0.04135	0.02331	0.01226	0.01918	0.01676	0.01131	0.01691	0.00963	0.01143	0.00685	0.00507	0.00507	0.00167	0.00776	0.00397	0.00230	0.03816
4	0.01154	0.03712	0.02868	0.09597	0.03281	0.02997	0.05186	0.13748	0.01243	0.01697	0.01416	0.04638	0.04079	0.03719	0.26078	0.00408	0.10813	0.00578	0.02176	0.00611
5	0.01130	0.12442	0.40455	0.01571	0.05810	0.01311	0.14334	0.01579	0.01150	0.01626	0.03866	0.07028	0.01080	0.00614	0.00575	0.00170	0.03729	0.00532	0.00270	0.00727
6	0.00934	0.00727	0.00970	0.05595	0.01099	0.00879	0.00712	0.01131	0.03454	0.01393	0.01428	0.04970	0.01379	0.18173	0.21587	0.00431	0.19020	0.00610	0.15015	0.00494
7	0.01960	0.01449	0.01574	0.03853	0.01694	0.01607	0.01011	0.70764	0.02412	0.03231	0.01292	0.01374	0.00944	0.03557	0.00616	0.00175	0.00592	0.00494	0.00519	0.00881
8	0.02301	0.00899	0.01219	0.00942	0.01346	0.00774	0.00773	0.02506	0.01504	0.72809	0.02109	0.04663	0.01391	0.00692	0.00540	0.00165	0.00450	0.00568	0.00647	0.03703
9	0.01162	0.01154	0.01629	0.01455	0.04155	0.01590	0.01169	0.01286	0.00843	0.01311	0.00791	0.03855	0.00806	0.00948	0.01681	0.00232	0.74589	0.00506	0.00245	0.00592
10	0.02008	0.02485	0.01527	0.01373	0.01660	0.73581	0.01036	0.07301	0.01591	0.01458	0.00862	0.00990	0.00707	0.00560	0.00488	0.00140	0.00942	0.00355	0.00295	0.00643
11	0.00767	0.00575	0.00863	0.00863	0.00959	0.00671	0.00671	0.00959	0.00863	0.01246	0.01438	0.02109	0.01342	0.04026	0.79008	0.00863	0.01438	0.00575	0.00288	0.00479
12	0.01174	0.01174	0.01644	0.01409	0.01409	0.01644	0.01174	0.01292	0.00822	0.01292	0.00705	0.01174	0.00705	0.00940	0.01762	0.00235	0.80153	0.00470	0.00235	0.00587
13	0.01113	0.00954	0.01113	0.00795	0.01272	0.00716	0.00636	0.01352	0.01113	0.01749	0.00954	0.01113	0.00795	0.00398	0.00398	0.00080	0.00398	0.00318	0.00318	0.84417
14	0.00671	0.00537	0.00600	0.00601	0.00752	0.00466	0.00444	0.00835	0.01284	0.01635	0.25009	0.12792	0.49841	0.01321	0.00639	0.00182	0.00271	0.01130	0.00524	0.00466
15	0.01159	0.00981	0.01138	0.00817	0.01292	0.00762	0.00655	0.05040	0.01183	0.01830	0.00971	0.01122	0.00801	0.00410	0.00404	0.00084	0.00407	0.00326	0.00329	0.80291
16	0.00741	0.00564	0.00692	0.00705	0.00850	0.00515	0.00559	0.00952	0.01347	0.01774	0.34194	0.04910	0.29992	0.01282	0.00660	0.00192	0.00318	0.18732	0.00535	0.00485
17	0.00760	0.00549	0.00718	0.00675	0.00802	0.00506	0.00506	0.01013	0.01519	0.02153	0.77503	0.04010	0.05065	0.01097	0.00633	0.00169	0.00253	0.00971	0.00591	0.00506
18	0.00781	0.00520	0.00585	0.00585	0.00585	0.00520	0.00325	0.00781	0.00781	0.01041	0.01691	0.03513	0.01952	0.81135	0.02732	0.00520	0.00520	0.00781	0.00325	0.00325
19	0.02103	0.01404	0.01549	0.01188	0.01615	0.01517	0.00981	0.63622	0.02357	0.15993	0.01429	0.01380	0.00983	0.00648	0.00537	0.00162	0.00568	0.00493	0.00558	0.00913
20	0.01226	0.01336	0.05505	0.17632	0.27867	0.01306	0.30371	0.01608	0.01189	0.01643	0.01013	0.01380	0.00797	0.00501	0.00626	0.00175	0.04291	0.00535	0.00260	0.00738
21	0.20692	0.00941	0.01145	0.00900	0.01297	0.00881	0.00743	0.02386	0.01398	0.61375	0.01814	0.01615	0.01163	0.00628	0.00494	0.00166	0.00448	0.00485	0.00591	0.00840
22	0.01342	0.01596	0.12810	0.07513	0.54995	0.09075	0.01624	0.01688	0.01231	0.01679	0.00982	0.01271	0.00802	0.00494	0.00524	0.00160	0.00698	0.00453	0.00260	0.00804
23	0.74427	0.08117	0.00994	0.00751	0.01092	0.04296	0.00628	0.01602	0.00953	0.02266	0.00751	0.00875	0.00595	0.00497	0.00339	0.00161	0.00451	0.00292	0.00321	0.00592
24	0.01958	0.01338	0.01475	0.01154	0.01553	0.01451	0.00945	0.54588	0.09791	0.13768	0.05261	0.01571	0.01250	0.00678	0.00543	0.00164	0.00538	0.00528	0.00559	0.00887
25	0.01510	0.01206	0.05084	0.01084	0.01377	0.01275	0.00912	0.30245	0.12511	0.05803	0.04449	0.04744	0.02698	0.00760	0.00698	0.00173	0.11702	0.00570	0.12449	0.00751
26	0.00685	0.00546	0.00613	0.00596	0.00756	0.00475	0.00447	0.00867	0.01342	0.01731	0.34291	0.04703	0.48540	0.01255	0.00634	0.00176	0.00264	0.01068	0.00535	0.00475
27	0.00899	0.00471	0.00694	0.00702	0.00712	0.00466	0.00471	0.00720	0.00772	0.01036	0.05182	0.08701	0.01382	0.01808	0.01896	0.72522	0.00441	0.00586	0.00275	0.00265
28	0.01435	0.81458	0.02813	0.00918	0.01378	0.02124	0.00918	0.01607	0.01091	0.01263	0.00746	0.00861	0.00689	0.00459	0.00344	0.00115	0.00574	0.00287	0.00230	0.00689
29	0.01113	0.00954	0.01113	0.00795	0.01272	0.00716	0.00636	0.01352	0.01113	0.01749	0.00954	0.01113	0.00795	0.00398	0.00398	0.00080	0.00398	0.00318	0.00318	0.84417
30	0.01090	0.05758	0.75492	0.01507	0.02287	0.01280	0.01943	0.01696	0.01132	0.01683	0.00955	0.01123	0.00680	0.00508	0.00504	0.00168	0.00785	0.00393	0.00227	0.00789
31	0.84927	0.01038	0.00789	0.00706	0.01038	0.01204	0.00581	0.01578	0.00914	0.02408	0.00747	0.00872	0.00581	0.00498	0.00332	0.00166	0.00415	0.00291	0.00332	0.00581
32	0.01683	0.01918	0.01757	0.08033	0.27525	0.41188	0.01280	0.05546	0.01419	0.01569	0.00920	0.01146	0.00758	0.00540	0.00536	0.00152	0.02626	0.00410	0.00282	0.00711
33	0.01287	0.01323	0.05007	0.14069	0.59678	0.03074	0.04496	0.01624	0.01206	0.01686	0.00999	0.01332	0.00820	0.00489	0.00534	0.00163	0.00673	0.00478	0.00261	0.00802
34	0.00767	0.00575	0.00863	0.00863	0.00959	0.00671	0.00671	0.00959	0.00863	0.01246	0.01438	0.02109	0.01342	0.04026	0.79008	0.00863	0.01438	0.00575	0.00288	0.00479
35	0.00652	0.00497	0.00600	0.00675	0.00761	0.00445	0.00468	0.00767	0.01117	0.01433	0.07184	0.51596	0.28780	0.01546	0.00666	0.00203	0.00295	0.01367	0.00503	0.00445
36	0.01435	0.81458	0.02813	0.00918	0.01378	0.02124	0.00918	0.01607	0.01091	0.01263	0.00746	0.00861	0.00689	0.00459	0.00344	0.00115	0.00574	0.00287	0.00230	0.00689
37	0.00781	0.00520	0.00585	0.00585	0.00585	0.00520	0.00325	0.00781	0.00781	0.01041	0.01691	0.03513	0.01952	0.81135	0.02732	0.00520	0.00520	0.00781	0.00325	0.00325
38	0.00654	0.00467	0.00623	0.00747	0.00779	0.00436	0.00498	0.00747	0.01028	0.01370	0.02959	0.80785	0.03550	0.01682	0.00685	0.00218	0.00311	0.01526	0.00498	0.00436
39	0.02116	0.01382	0.01536	0.01178	0.01604	0.01485	0.00973	0.60922	0.02321	0.18745	0.01459	0.01399	0.00998	0.00648	0.00538	0.00162	0.00563	0.00495	0.00563	0.00913
40	0.07950	0.00922	0.01215	0.00938	0.01348	0.00817	0.00775	0.02546	0.01495	0.73071	0.02026	0.01763	0.01279	0.00653	0.00526	0.00166	0.00454	0.00523	0.00642	0.00891
41	0.00767	0.00575	0.00863	0.00863	0.00959	0.00671	0.00671	0.00959	0.00863	0.01246	0.01438	0.02109	0.01342	0.04026	0.79008	0.00863	0.01438	0.00575	0.00288	0.00479
42	0.02041	0.01504	0.01611	0.01235	0.01665	0.01665	0.01020	0.75997	0.02524	0.03383	0.01289	0.01289	0.00913	0.00644	0.00537	0.00161	0.00591	0.00483	0.00537	0.00913
43	0.02408	0.00914	0.01246	0.00955	0.01370	0.00789	0.00789	0.02616	0.01536	0.78158	0.02118	0.01827	0.01329	0.00664	0.00540	0.00166	0.00457	0.00540	0.00664	0.00914
44	0.00757	0.00549	0.00714	0.00672	0.00800	0.00505	0.00504	0.01008	0.01513	0.02137	0.75919	0.04035	0.06659	0.01103	0.00633	0.00169	0.00254	0.00974	0.00589	0.00505
45	0.02005	0.02558	0.01521	0.01383	0.01659	0.78980	0.01037	0.02143	0.01521	0.01314	0.00830	0.00968	0.00691	0.00553	0.00484	0.00138	0.00968	0.00346	0.00277	0.00622
46	0.01267	0.01448	0.03167	0.02262	0.02805	0.01357	0.75837	0.01719	0.01267	0.01719	0.01086	0.01448	0.00814	0.00452	0.00633	0.00181	0.00905	0.00633	0.00271	0.00724
47	0.84927	0.01038	0.00789	0.00706	0.01038	0.01204	0.00581	0.01578	0.00914	0.02408	0.00747	0.00872	0.00581	0.00498	0.00332	0.00166	0.00415	0.00291	0.00332	0.00581
48	0.01174	0.01174	0.01644	0.01409	0.01409	0.01644	0.01174	0.01292	0.00822	0.01292	0.00705	0.01174	0.00705	0.00940	0.01762	0.00235	0.80153	0.00470	0.00235	0.00587
49	0.05147	0.00527	0.00515	0.00510	0.00646	0.00535	0.00385	0.01267	0.01115	0.02021	0.01702	0.01945	0.01337	0.00619	0.00373	0.00127	0.00258	0.00490	0.79976	0.00504
50	0.01215	0.01243	0.01638	0.01408	0.01422	0.05465	0.01168	0.01334	0.00857	0.01293	0.00711	0.01164	0.00704	0.00920	0.01698	0.00230	0.76240	0.00464	0.00237	0.00589
51	0.01127	0.00998	0.01294	0.00924	0.01407	0.00772	0.07263	0.01384	0.01127	0.01747	0.00966	0.01143	0.00797	0.00402	0.00418	0.00088	0.00442	0.00346	0.00314	0.77041
52	0.01329	0.01275	0.02179	0.03295	0.77787	0.01275	0.01647	0.01647	0.01222	0.01754	0.01010	0.01329	0.00850	0.00478	0.00531	0.00159	0.00638	0.00478	0.00266	0.00850
53	0.00673	0.00545	0.00597	0.00584	0.00748	0.00469	0.00438	0.00844	0.01314	0.01664	0.27357	0.04814	0.55517	0.01280	0.00634	0.00177	0.00266	0.01084	0.00527	0.00469
54	0.00790	0.00588	0.00758	0.00839	0.00952	0.00574	0.00664	0.01051	0.05659	0.01596	0.09245	0.28503	0.12765	0.01452	0.00690	0.00220	0.00386	0.32267	0.00507	0.00493
55	0.01319	0.08454	0.06800	0.11064	0.53699	0.04775	0.01545	0.01662	0.02599	0.01656	0.00991	0.01283	0.00819	0.00493	0.00512	0.00158	0.00661	0.00453	0.00263	0.00795
56	0.02173	0.00861	0.01170	0.00915	0.01289	0.00749	0.00749	0.02387	0.01534	0.67303	0.12885	0.02139	0.01862	0.00726	0.00553	0.00166	0.00428	0.00601	0.00654	0.00855
57	0.00666	0.00473	0.00626	0.00743	0.00775	0.00445	0.00496	0.00757	0.01018	0.01357	0.02884	0.74806	0.03450	0.06196	0.00803	0.00236	0.00327	0.03023	0.00488	0.00431
58	0.01210	0.00973	0.01662	0.03147	0.07674	0.00917	0.23361	0.01569	0.05523	0.12849	0.14847	0.02827	0.17908	0.00822	0.00607	0.00177	0.00538	0.02274	0.00448	0.00668
59	0.01113	0.07214	0.69332	0.01603	0.06898	0.01299	0.01901	0.01691	0.01136	0.01678	0.00954	0.01130	0.00691	0.00505	0.00502	0.00166	0.00771	0.00395	0.00229	0.00791
60	0.01267	0.01448	0.03167	0.02262	0.02805	0.01357	0.75837	0.01719	0.01267	0.01719	0.01086	0.01448	0.00814	0.00452	0.00633	0.00181	0.00905	0.00633	0.00271	0.00724
61	0.02203	0.00905	0.01206	0.00941	0.01325	0.00807	0.00771	0.05302	0.03339	0.65844	0.09663	0.02030	0.01695	0.00709	0.00549	0.00167	0.00441	0.00583	0.00649	0.00871
62	0.03049	0.02291	0.51879	0.01719	0.02399	0.01293	0.23332	0.01687	0.01155	0.01706	0.00984	0.01220	0.00718	0.00509	0.00589	0.00176	0.03824	0.00466	0.00242	0.00761
63	0.01156	0.01117	0.01702	0.45393	0.24750	0.05718	0.01448	0.01501	0.02465	0.01513	0.01137	0.01758	0.00961	0.00601	0.00549	0.00176	0.00685	0.06429	0.00275	0.00667
64	0.00654	0.00467	0.00623	0.00747	0.00779	0.00436	0.00498	0.00747	0.01028	0.01370	0.02959	0.80785	0.03550	0.01682	0.00685	0.00218	0.00311	0.01526	0.00498	0.00436
65	0.01335	0.01153	0.01214	0.01092	0.01396	0.01335	0.00850	0.02852	0.76817	0.02245	0.02185	0.02003	0.01639	0.00728	0.00546	0.00182	0.00425	0.00607	0.00546	0.00850
66	0.00661	0.00473	0.00629	0.00743	0.00780	0.00441	0.00499	0.00765	0.01061	0.01423	0.07965	0.75628	0.03652	0.01642	0.00682	0.00215	0.00308	0.01489	0.00505	0.00441
67	0.02041	0.01504	0.01611	0.01235	0.01665	0.01665	0.01020	0.75997	0.02524	0.03383	0.01289	0.01289	0.00913	0.00644	0.00537	0.00161	0.00591	0.00483	0.00537	0.00913
68	0.02041	0.01504	0.01611	0.01235	0.01665	0.01665	0.01020	0.75997	0.02524	0.03383	0.01289	0.01289	0.00913	0.00644	0.00537	0.00161	0.00591	0.00483	0.00537	0.00913
69	0.01014	0.00954	0.01610	0.79845	0.03697	0.01193	0.01491	0.01371	0.01073	0.01371	0.00954	0.01431	0.00716	0.00537	0.00537	0.00179	0.00716	0.00477	0.00239	0.00596
70	0.02408	0.00914	0.01246	0.00955	0.01370	0.00789	0.00789	0.02616	0.01536	0.78158	0.02118	0.01827	0.01329	0.00664	0.00540	0.00166	0.00457	0.00540	0.00664	0.00914
71	0.00781	0.00520	0.00585	0.00585	0.00585	0.00520	0.00325	0.00781	0.00781	0.01041	0.01691	0.03513	0.01952	0.81135	0.02732	0.00520	0.00520	0.00781	0.00325	0.00325
72	0.00813	0.00640	0.00939	0.00913	0.00994	0.00774	0.00713	0.00989	0.00855	0.01243	0.01366	0.02061	0.01295	0.06836	0.67209	0.00778	0.10241	0.00572	0.00283	0.00485
73	0.02005	0.02558	0.01521	0.01383	0.01659	0.78980	0.01037	0.02143	0.01521	0.01314	0.00830	0.00968	0.00691	0.00553	0.00484	0.00138	0.00968	0.00346	0.00277	0.00622
74	0.01448	0.79674	0.02784	0.00929	0.01384	0.03862	0.00921	0.01619	0.01100	0.01264	0.00748	0.00863	0.00689	0.00461	0.00348	0.00115	0.00583	0.00288	0.00231	0.00687
75	0.01224	0.01171	0.02005	0.24879	0.53246	0.01235	0.03262	0.01556	0.01188	0.01654	0.02846	0.01425	0.00913	0.00509	0.00538	0.00166	0.00657	0.00493	0.00266	0.00767
76	0.00781	0.00520	0.00585	0.00585	0.00585	0.00520	0.00325	0.00781	0.00781	0.01041	0.01691	0.03513	0.01952	0.81135	0.02732	0.00520	0.00520	0.00781	0.00325	0.00325
77	0.01113	0.00954	0.01113	0.00795	0.01272	0.00716	0.00636	0.01352	0.01113	0.01749	0.00954	0.01113	0.00795	0.00398	0.00398	0.00080	0.00398	0.00318	0.00318	0.84417
78	0.00826	0.00607	0.00737	0.02367	0.00907	0.00573	0.00536	0.01128	0.07138	0.04748	0.39654	0.12051	0.24358	0.01174	0.00627	0.00179	0.00295	0.01019	0.00548	0.00528
79	0.00781	0.00520	0.00585	0.00585	0.00585	0.00520	0.00325	0.00781	0.00781	0.01041	0.01691	0.03513	0.01952	0.81135	0.02732	0.00520	0.00520	0.00781	0.00325	0.00325
80	0.02408	0.00914	0.01246	0.00955	0.01370	0.00789	0.00789	0.02616	0.01536	0.78158	0.02118	0.01827	0.01329	0.00664	0.00540	0.00166	0.00457	0.00540	0.00664	0.00914
81	0.01113	0.06171	0.65280	0.04689	0.08921	0.01287	0.01886	0.01678	0.01137	0.01672	0.00957	0.01149	0.00697	0.00506	0.00505	0.00167	0.00767	0.00402	0.00231	0.00786
82	0.00899	0.00736	0.01105	0.25112	0.01806	0.00877	0.00935	0.01159	0.02710	0.01390	0.01531	0.08796	0.01472	0.04923	0.26590	0.00427	0.06647	0.07046	0.05314	0.00525
83	0.00660	0.00486	0.00619	0.00709	0.00772	0.00445	0.00485	0.00774	0.01101	0.01450	0.09726	0.62329	0.15316	0.01581	0.00673	0.00208	0.00300	0.01417	0.00506	0.00445
84	0.01319	0.01138	0.01217	0.02938	0.01444	0.01318	0.00865	0.02785	0.73620	0.02213	0.02168	0.02066	0.01644	0.00738	0.00550	0.00183	0.00433	0.01987	0.00538	0.00837
85	0.01816	0.03409	0.01704	0.07328	0.08051	0.11078	0.04212	0.43742	0.07052	0.04431	0.01243	0.01320	0.00915	0.00605	0.00530	0.00161	0.00649	0.00477	0.00446	0.00831
86	0.00814	0.00589	0.00797	0.00905	0.01020	0.00577	0.00762	0.01025	0.01198	0.01549	0.03087	0.15273	0.10460	0.03282	0.00768	0.00243	0.00450	0.56229	0.00491	0.00479
87	0.00772	0.00517	0.00588	0.00596	0.00598	0.00515	0.00336	0.00778	0.00796	0.01062	0.01773	0.08471	0.02054	0.76037	0.02601	0.00501	0.00507	0.00828	0.00336	0.00332
88	0.84927	0.01038	0.00789	0.00706	0.01038	0.01204	0.00581	0.01578	0.00914	0.02408	0.00747	0.00872	0.00581	0.00498	0.00332	0.00166	0.00415	0.00291	0.00332	0.00581
89	0.00767	0.00575	0.00863	0.00863	0.00959	0.00671	0.00671	0.00959	0.00863	0.01246	0.01438	0.02109	0.01342	0.04026	0.79008	0.00863	0.01438	0.00575	0.00288	0.00479
90	0.01338	0.60039	0.23377	0.01085	0.01635	0.01885	0.01208	0.01633	0.01102	0.01382	0.00805	0.00935	0.00686	0.00473	0.00390	0.00130	0.00634	0.00317	0.00229	0.00717
91	0.00865	0.00618	0.00865	0.00989	0.01112	0.00618	0.00865	0.01112	0.01236	0.01606	0.02842	0.06055	0.03089	0.01483	0.00741	0.00247	0.00494	0.74174	0.00494	0.00494
92	0.00841	0.00589	0.00784	0.00790	0.00924	0.00563	0.00632	0.01112	0.02873	0.03804	0.49216	0.06293	0.04257	0.01213	0.00664	0.00195	0.00338	0.23835	0.00560	0.00518
93	0.00654	0.00467	0.00623	0.00747	0.00779	0.00436	0.00498	0.00747	0.01028	0.01370	0.02959	0.80785	0.03550	0.01682	0.00685	0.00218	0.00311	0.01526	0.00498	0.00436
94	0.01113	0.00954	0.01113	0.00795	0.01272	0.00716	0.00636	0.01352	0.01113	0.01749	0.00954	0.01113	0.00795	0.00398	0.00398	0.00080	0.00398	0.00318	0.00318	0.84417
95	0.00865	0.00618	0.00865	0.00989	0.01112	0.00618	0.00865	0.01112	0.01236	0.01606	0.02842	0.06055	0.03089	0.01483	0.00741	0.00247	0.00494	0.74174	0.00494	0.00494
96	0.02005	0.02558	0.01521	0.01383	0.01659	0.78980	0.01037	0.02143	0.01521	0.01314	0.00830	0.00968	0.00691	0.00553	0.00484	0.00138	0.00968	0.00346	0.00277	0.00622
97	0.01335	0.01153	0.01214	0.01092	0.01396	0.01335	0.00850	0.02852	0.76817	0.02245	0.02185	0.02003	0.01639	0.00728	0.00546	0.00182	0.00425	0.00607	0.00546	0.00850
98	0.84927	0.01038	0.00789	0.00706	0.01038	0.01204	0.00581	0.01578	0.00914	0.02408	0.00747	0.00872	0.00581	0.00498	0.00332	0.00166	0.00415	0.00291	0.00332	0.00581
99	0.02408	0.00914	0.01246	0.00955	0.01370	0.00789	0.00789	0.02616	0.01536	0.78158	0.02118	0.01827	0.01329	0.00664	0.00540	0.00166	0.00457	0.00540	0.00664	0.00914
100	0.01077	0.02777	0.78354	0.01530	0.02323	0.01247	0.01983	0.01700	0.01133	0.01700	0.00963	0.01133	0.00680	0.00510	0.00510	0.00170	0.00793	0.00397	0.00227	0.00793
101	0.81724	0.01033	0.00807	0.00716	0.01051	0.01188	0.00589	0.01618	0.00938	0.05349	0.00801	0.00909	0.00610	0.00505	0.00340	0.00166	0.00417	0.00300	0.00345	0.00594
102	0.00760	0.00549	0.00718	0.00675	0.00802	0.00506	0.00506	0.01013	0.01519	0.02153	0.77503	0.04010	0.05065	0.01097	0.00633	0.00169	0.00253	0.00971	0.00591	0.00506
103	0.01077	0.02777	0.78354	0.01530	0.02323	0.01247	0.01983	0.01700	0.01133	0.01700	0.00963	0.01133	0.00680	0.00510	0.00510	0.00170	0.00793	0.00397	0.00227	0.00793
104	0.01351	0.01161	0.01223	0.01096	0.01402	0.01342	0.00853	0.04463	0.75181	0.02271	0.02165	0.01987	0.01623	0.00726	0.00546	0.00182	0.00428	0.00604	0.00546	0.00851
105	0.02390	0.00943	0.01264	0.00969	0.01385	0.00832	0.00800	0.06241	0.01585	0.74464	0.02077	0.01800	0.01308	0.00663	0.00540	0.00166	0.00463	0.00537	0.00658	0.00913
106	0.00666	0.00499	0.00623	0.00716	0.00792	0.00455	0.00505	0.00783	0.01094	0.01410	0.03576	0.55592	0.22232	0.01584	0.00677	0.00211	0.00316	0.07327	0.00498	0.00445
107	0.01329	0.01275	0.02179	0.03295	0.77787	0.01275	0.01647	0.01647	0.01222	0.01754	0.01010	0.01329	0.00850	0.00478	0.00531	0.00159	0.00638	0.00478	0.00266	0.00850
108	0.00656	0.00471	0.00623	0.00742	0.00778	0.00438	0.00497	0.00754	0.01042	0.01389	0.04630	0.77548	0.05118	0.01662	0.00683	0.00216	0.00309	0.01506	0.00500	0.00438
109	0.02337	0.00898	0.01223	0.00943	0.01346	0.00777	0.00777	0.02547	0.01536	0.74880	0.05369	0.01921	0.01490	0.00683	0.00544	0.00166	0.00448	0.00558	0.00661	0.00896
110	0.01026	0.00967	0.01632	0.76881	0.06566	0.01196	0.01497	0.01382	0.01079	0.01386	0.00956	0.01427	0.00721	0.00534	0.00536	0.00178	0.00713	0.00477	0.00240	0.00606
111	0.01329	0.01275	0.02179	0.03295	0.77787	0.01275	0.01647	0.01647	0.01222	0.01754	0.01010	0.01329	0.00850	0.00478	0.00531	0.00159	0.00638	0.00478	0.00266	0.00850
112	0.00932	0.00466	0.00699	0.00699	0.00699	0.00466	0.00466	0.00699	0.00699	0.00932	0.00932	0.01632	0.00932	0.01865	0.02098	0.84382	0.00466	0.00466	0.00233	0.00233
113	0.80850	0.01032	0.00812	0.00718	0.01055	0.01184	0.00592	0.01629	0.00944	0.06151	0.00815	0.00919	0.00618	0.00506	0.00342	0.00166	0.00417	0.00303	0.00349	0.00598
114	0.00808	0.00635	0.00941	0.00918	0.01004	0.00769	0.00722	0.00992	0.00859	0.01251	0.01364	0.02015	0.01278	0.03716	0.71245	0.00800	0.09348	0.00565	0.00282	0.00490
115	0.01044	0.03766	0.57942	0.01453	0.03751	0.01133	0.03393	0.01568	0.01159	0.01681	0.02987	0.03890	0.01225	0.00699	0.00553	0.00182	0.00718	0.11841	0.00285	0.00730
116	0.01343	0.01303	0.02165	0.03253	0.76137	0.02959	0.01634	0.01658	0.01229	0.01744	0.01006	0.01321	0.00847	0.00480	0.00530	0.00159	0.00645	0.00475	0.00266	0.00845
117	0.01329	0.01275	0.02179	0.03295	0.77787	0.01275	0.01647	0.01647	0.01222	0.01754	0.01010	0.01329	0.00850	0.00478	0.00531	0.00159	0.00638	0.00478	0.00266	0.00850
118	0.11936	0.01437	0.01711	0.19274	0.29344	0.17594	0.03032	0.03295	0.01231	0.01678	0.00962	0.02620	0.00798	0.00544	0.00529	0.00163	0.02424	0.00449	0.00280	0.00698
119	0.00638	0.00543	0.00545	0.00545	0.00722	0.00455	0.00406	0.00771	0.01214	0.01441	0.05355	0.05130	0.75903	0.03117	0.00681	0.00189	0.00277	0.01125	0.00495	0.00450
120	0.01204	0.01023	0.01207	0.00889	0.01348	0.00856	0.02463	0.06831	0.08211	0.01911	0.01095	0.01216	0.00882	0.00447	0.00427	0.00097	0.00426	0.00364	0.00354	0.68751
121	0.01337	0.02995	0.02051	0.07938	0.62644	0.04891	0.01528	0.03261	0.01250	0.01727	0.01094	0.01387	0.02521	0.00506	0.00525	0.00157	0.00642	0.00479	0.00276	0.02790
122	0.03554	0.50082	0.02283	0.01088	0.01475	0.30879	0.00955	0.01807	0.01248	0.01308	0.00778	0.00901	0.00687	0.00495	0.00396	0.00125	0.00718	0.00309	0.00250	0.00661
123	0.01094	0.02659	0.71915	0.01616	0.04069	0.01254	0.06600	0.01700	0.01144	0.01702	0.00972	0.01157	0.00692	0.00506	0.00518	0.00170	0.00797	0.00413	0.00230	0.00790

[dist]
# distance from previous block
# <min> <max>
0	14

[block]
# block no. 1 follows, 45 sequences, length 223
# corresponding to MSA columns:
# 230-452
name=unknown_B
#
# <colnr> <probs for GDERKNQSTAVLIFYWHMCP>
#	G	D	E	R	K	N	Q	S	T	A	V	L	I	F	Y	W	H	M	C	P
0	0.04546	0.00909	0.01223	0.00943	0.01350	0.00794	0.00778	0.02557	0.01520	0.74642	0.03593	0.01846	0.01384	0.00669	0.00536	0.00166	0.00452	0.00542	0.00654	0.00897
1	0.00660	0.00533	0.00605	0.02231	0.00813	0.00470	0.00470	0.00799	0.01186	0.01476	0.09330	0.25775	0.49517	0.01416	0.00648	0.00192	0.00295	0.02630	0.00499	0.00456
2	0.00643	0.00540	0.00558	0.00563	0.00733	0.00455	0.00419	0.00784	0.01230	0.01487	0.09578	0.09248	0.69204	0.01362	0.00637	0.00183	0.00273	0.01145	0.00504	0.00455
3	0.00748	0.00548	0.00701	0.00662	0.00794	0.00501	0.00497	0.00989	0.01491	0.02084	0.70472	0.04123	0.12139	0.01123	0.00633	0.00170	0.00255	0.00987	0.00582	0.00501
4	0.02041	0.01504	0.01611	0.01235	0.01665	0.01665	0.01020	0.75997	0.02524	0.03383	0.01289	0.01289	0.00913	0.00644	0.00537	0.00161	0.00591	0.00483	0.00537	0.00913
5	0.01001	0.00500	0.00500	0.00500	0.00625	0.00500	0.00375	0.01251	0.01126	0.02001	0.01751	0.02001	0.01376	0.00625	0.00375	0.00125	0.00250	0.00500	0.84115	0.00500
6	0.01001	0.00500	0.00500	0.00500	0.00625	0.00500	0.00375	0.01251	0.01126	0.02001	0.01751	0.02001	0.01376	0.00625	0.00375	0.00125	0.00250	0.00500	0.84115	0.00500
7	0.84927	0.01038	0.00789	0.00706	0.01038	0.01204	0.00581	0.01578	0.00914	0.02408	0.00747	0.00872	0.00581	0.00498	0.00332	0.00166	0.00415	0.00291	0.00332	0.00581
8	0.00990	0.00499	0.00504	0.00508	0.00630	0.00498	0.00379	0.01235	0.01123	0.01981	0.01789	0.04500	0.01445	0.00659	0.00385	0.00128	0.00252	0.00533	0.81463	0.00498
9	0.00777	0.00519	0.00587	0.00591	0.00592	0.00518	0.00331	0.00780	0.00788	0.01051	0.01732	0.05963	0.02002	0.78615	0.02667	0.00511	0.00514	0.00804	0.00331	0.00329
10	0.01241	0.01285	0.01634	0.01407	0.01429	0.07818	0.01163	0.01360	0.00878	0.01294	0.00715	0.01158	0.00704	0.00909	0.01660	0.00227	0.73832	0.00460	0.00238	0.00590
11	0.84927	0.01038	0.00789	0.00706	0.01038	0.01204	0.00581	0.01578	0.00914	0.02408	0.00747	0.00872	0.00581	0.00498	0.00332	0.00166	0.00415	0.00291	0.00332	0.00581
12	0.01014	0.00954	0.01610	0.79845	0.03697	0.01193	0.01491	0.01371	0.01073	0.01371	0.00954	0.01431	0.00716	0.00537	0.00537	0.00179	0.00716	0.00477	0.00239	0.00596
13	0.01335	0.01153	0.01214	0.01092	0.01396	0.01335	0.00850	0.02852	0.76817	0.02245	0.02185	0.02003	0.01639	0.00728	0.00546	0.00182	0.00425	0.00607	0.00546	0.00850
14	0.00691	0.00503	0.00658	0.00771	0.00821	0.00480	0.00532	0.00847	0.03813	0.01418	0.02969	0.71948	0.04806	0.01629	0.00683	0.00218	0.00326	0.05933	0.00500	0.00455
15	0.33857	0.00961	0.01072	0.00860	0.01244	0.00947	0.00710	0.02220	0.01299	0.49289	0.01595	0.01463	0.01044	0.00601	0.00461	0.00166	0.00441	0.00445	0.00538	0.00787
16	0.01216	0.00651	0.00859	0.00748	0.00958	0.00583	0.00582	0.01452	0.01513	0.23403	0.53570	0.03444	0.06865	0.00986	0.00607	0.00169	0.00311	0.00856	0.00608	0.00618
17	0.00644	0.00544	0.00557	0.00554	0.00731	0.00457	0.00415	0.00788	0.01246	0.01503	0.10815	0.05080	0.72159	0.01340	0.00634	0.00180	0.00271	0.01121	0.00505	0.00457
18	0.02041	0.01504	0.01611	0.01235	0.01665	0.01665	0.01020	0.75997	0.02524	0.03383	0.01289	0.01289	0.00913	0.00644	0.00537	0.00161	0.00591	0.00483	0.00537	0.00913
19	0.00865	0.00618	0.00865	0.00989	0.01112	0.00618	0.00865	0.01112	0.01236	0.01606	0.02842	0.06055	0.03089	0.01483	0.00741	0.00247	0.00494	0.74174	0.00494	0.00494
20	0.02041	0.01504	0.01611	0.01235	0.01665	0.01665	0.01020	0.75997	0.02524	0.03383	0.01289	0.01289	0.00913	0.00644	0.00537	0.00161	0.00591	0.00483	0.00537	0.00913
21	0.01001	0.00500	0.00500	0.00500	0.00625	0.00500	0.00375	0.01251	0.01126	0.02001	0.01751	0.02001	0.01376	0.00625	0.00375	0.00125	0.00250	0.00500	0.84115	0.00500
22	0.01435	0.81458	0.02813	0.00918	0.01378	0.02124	0.00918	0.01607	0.01091	0.01263	0.00746	0.00861	0.00689	0.00459	0.00344	0.00115	0.00574	0.00287	0.00230	0.00689
23	0.02006	0.02532	0.01523	0.01379	0.01660	0.77080	0.01037	0.03959	0.01546	0.01365	0.00841	0.00976	0.00697	0.00555	0.00485	0.00139	0.00959	0.00349	0.00283	0.00629
24	0.01243	0.39306	0.43282	0.01246	0.01884	0.01654	0.01489	0.01657	0.01114	0.01497	0.00863	0.01007	0.00684	0.00486	0.00433	0.00144	0.00692	0.00346	0.00228	0.00745
25	0.02408	0.00914	0.01246	0.00955	0.01370	0.00789	0.00789	0.02616	0.01536	0.78158	0.02118	0.01827	0.01329	0.00664	0.00540	0.00166	0.00457	0.00540	0.00664	0.00914
26	0.01287	0.01108	0.01169	0.01056	0.01348	0.01271	0.00820	0.02705	0.71206	0.02208	0.04625	0.02203	0.05072	0.00767	0.00553	0.00182	0.00413	0.00641	0.00545	0.00822
27	0.01069	0.01013	0.01609	0.74102	0.03543	0.03127	0.01460	0.03352	0.01117	0.01421	0.00954	0.01410	0.00720	0.00549	0.00563	0.00179	0.02487	0.00474	0.00247	0.00605
28	0.81452	0.01110	0.04003	0.00740	0.01091	0.01206	0.00639	0.01583	0.00923	0.02379	0.00756	0.00883	0.00585	0.00499	0.00340	0.00166	0.00431	0.00295	0.00328	0.00590
29	0.00781	0.00520	0.00585	0.00585	0.00585	0.00520	0.00325	0.00781	0.00781	0.01041	0.01691	0.03513	0.01952	0.81135	0.02732	0.00520	0.00520	0.00781	0.00325	0.00325
30	0.64686	0.00936	0.00799	0.00723	0.00990	0.01068	0.00573	0.03986	0.00925	0.02137	0.00804	0.01043	0.00665	0.00786	0.00704	0.17568	0.00432	0.00334	0.00319	0.00521
31	0.01113	0.00954	0.01113	0.00795	0.01272	0.00716	0.00636	0.01352	0.01113	0.01749	0.00954	0.01113	0.00795	0.00398	0.00398	0.00080	0.00398	0.00318	0.00318	0.84417
32	0.00654	0.00467	0.00623	0.00747	0.00779	0.00436	0.00498	0.00747	0.01028	0.01370	0.02959	0.80785	0.03550	0.01682	0.00685	0.00218	0.00311	0.01526	0.00498	0.00436
33	0.00685	0.00491	0.00652	0.00738	0.00794	0.00458	0.00511	0.00820	0.01148	0.01559	0.20230	0.60712	0.03887	0.01540	0.00675	0.00207	0.00304	0.03615	0.00520	0.00454
34	0.06956	0.00960	0.01091	0.00789	0.01256	0.00750	0.00632	0.01367	0.01099	0.01795	0.00940	0.01096	0.00780	0.00405	0.00393	0.00086	0.00399	0.00316	0.00319	0.78572
35	0.84927	0.01038	0.00789	0.00706	0.01038	0.01204	0.00581	0.01578	0.00914	0.02408	0.00747	0.00872	0.00581	0.00498	0.00332	0.00166	0.00415	0.00291	0.00332	0.00581
36	0.01326	0.01449	0.01908	0.01564	0.01710	0.14082	0.15080	0.01509	0.01018	0.01375	0.00796	0.01192	0.00723	0.00786	0.01345	0.00209	0.52580	0.00480	0.00248	0.00618
37	0.00785	0.00518	0.00690	0.02811	0.00889	0.00485	0.00536	0.00902	0.01093	0.06434	0.07040	0.64519	0.06706	0.02992	0.00704	0.00215	0.00330	0.01372	0.00504	0.00474
38	0.01329	0.01275	0.02179	0.03295	0.77787	0.01275	0.01647	0.01647	0.01222	0.01754	0.01010	0.01329	0.00850	0.00478	0.00531	0.00159	0.00638	0.00478	0.00266	0.00850
39	0.00770	0.00560	0.00727	0.00683	0.00813	0.00522	0.00513	0.01047	0.02919	0.02154	0.76104	0.03972	0.05001	0.01091	0.00631	0.00169	0.00256	0.00964	0.00590	0.00513
40	0.01435	0.81458	0.02813	0.00918	0.01378	0.02124	0.00918	0.01607	0.01091	0.01263	0.00746	0.00861	0.00689	0.00459	0.00344	0.00115	0.00574	0.00287	0.00230	0.00689
41	0.00780	0.00522	0.00593	0.00593	0.00595	0.00524	0.00334	0.00785	0.00783	0.01046	0.01685	0.03477	0.01936	0.79160	0.04686	0.00529	0.00544	0.00775	0.00324	0.00329
42	0.84927	0.01038	0.00789	0.00706	0.01038	0.01204	0.00581	0.01578	0.00914	0.02408	0.00747	0.00872	0.00581	0.00498	0.00332	0.00166	0.00415	0.00291	0.00332	0.00581
43	0.01449	0.79531	0.02781	0.00930	0.01385	0.04001	0.00921	0.01620	0.01101	0.01264	0.00748	0.00864	0.00689	0.00462	0.00348	0.00115	0.00584	0.00288	0.00231	0.00687
44	0.01537	0.02577	0.12122	0.00943	0.01329	0.00823	0.02292	0.04774	0.02777	0.33340	0.09045	0.02749	0.21677	0.00855	0.00567	0.00170	0.00455	0.00708	0.00529	0.00732
45	0.01363	0.33196	0.04110	0.00927	0.01262	0.05296	0.00829	0.06873	0.02918	0.08563	0.24964	0.02008	0.02151	0.00714	0.00518	0.00147	0.02527	0.00555	0.00412	0.00668
46	0.18669	0.01031	0.01206	0.00951	0.01348	0.01017	0.00783	0.12923	0.04302	0.49673	0.01730	0.01567	0.01132	0.00631	0.00498	0.00166	0.00467	0.00485	0.00576	0.00845
47	0.00657	0.00470	0.00626	0.00745	0.00779	0.00438	0.00499	0.00756	0.01043	0.01394	0.05234	0.78442	0.03597	0.01664	0.00684	0.00216	0.00310	0.01509	0.00501	0.00438
48	0.01150	0.02559	0.67937	0.01685	0.09817	0.01233	0.01906	0.01728	0.01157	0.04499	0.01010	0.01178	0.00721	0.00512	0.00513	0.00169	0.00765	0.00410	0.00247	0.00803
49	0.01386	0.01333	0.02074	0.09746	0.60443	0.05318	0.03015	0.06954	0.01318	0.01813	0.01017	0.01318	0.00834	0.00499	0.00532	0.00161	0.00664	0.00475	0.00283	0.00818
50	0.00758	0.00557	0.00616	0.00620	0.00788	0.00478	0.00463	0.00899	0.01223	0.06147	0.07638	0.17061	0.55891	0.01362	0.00640	0.00188	0.00296	0.03381	0.00512	0.00482
51	0.00768	0.00515	0.00589	0.00601	0.00604	0.00512	0.00342	0.00777	0.00805	0.01073	0.01815	0.11052	0.02108	0.73383	0.02532	0.00491	0.00500	0.00853	0.00342	0.00336
52	0.01261	0.01668	0.21176	0.04214	0.51273	0.03282	0.04276	0.01652	0.01207	0.01714	0.01087	0.01356	0.02398	0.00507	0.00531	0.00163	0.00688	0.00473	0.00261	0.00812
53	0.01138	0.08728	0.70619	0.01469	0.02227	0.01302	0.01872	0.01716	0.01140	0.03625	0.00976	0.01130	0.00697	0.00510	0.00498	0.00166	0.00768	0.00392	0.00238	0.00788
54	0.01341	0.01365	0.01813	0.04915	0.26510	0.11035	0.03572	0.04466	0.01131	0.01542	0.00896	0.01263	0.00791	0.00838	0.04527	0.00220	0.32352	0.00468	0.00266	0.00690
55	0.84927	0.01038	0.00789	0.00706	0.01038	0.01204	0.00581	0.01578	0.00914	0.02408	0.00747	0.00872	0.00581	0.00498	0.00332	0.00166	0.00415	0.00291	0.00332	0.00581
56	0.01396	0.64148	0.12800	0.01110	0.04305	0.04313	0.01095	0.01632	0.01109	0.01341	0.00787	0.00924	0.00694	0.00478	0.00404	0.00127	0.02087	0.00314	0.00232	0.00705
57	0.01128	0.01106	0.01841	0.49290	0.15750	0.03911	0.10326	0.01471	0.01128	0.01486	0.01003	0.01427	0.00782	0.00620	0.02631	0.00192	0.02358	0.00494	0.02407	0.00649
58	0.00673	0.00567	0.00586	0.00577	0.00757	0.00491	0.00434	0.00871	0.04015	0.01549	0.12498	0.04935	0.67572	0.01310	0.00631	0.00180	0.00276	0.01098	0.00509	0.00473
59	0.02108	0.00825	0.01087	0.00858	0.01211	0.00727	0.00701	0.02325	0.01449	0.61905	0.02039	0.01864	0.01339	0.00656	0.00505	0.00157	0.00413	0.00531	0.18474	0.00825
60	0.68306	0.01013	0.00881	0.00756	0.01105	0.01121	0.00623	0.01787	0.01039	0.17666	0.01023	0.01064	0.00732	0.00532	0.00374	0.00166	0.00424	0.00341	0.00399	0.00648
61	0.00781	0.00520	0.00585	0.00585	0.00585	0.00520	0.00325	0.00781	0.00781	0.01041	0.01691	0.03513	0.01952	0.81135	0.02732	0.00520	0.00520	0.00781	0.00325	0.00325
62	0.00652	0.00473	0.00617	0.00731	0.00774	0.00437	0.00491	0.00749	0.01043	0.01377	0.03156	0.74748	0.09459	0.01656	0.00681	0.00215	0.00308	0.01495	0.00498	0.00437
63	0.00767	0.00517	0.00588	0.00597	0.00604	0.00512	0.00341	0.00778	0.00810	0.01076	0.01876	0.09718	0.03763	0.73016	0.02522	0.00489	0.00498	0.00848	0.00343	0.00337
64	0.01077	0.02777	0.78354	0.01530	0.02323	0.01247	0.01983	0.01700	0.01133	0.01700	0.00963	0.01133	0.00680	0.00510	0.00510	0.00170	0.00793	0.00397	0.00227	0.00793
65	0.01113	0.00954	0.01113	0.00795	0.01272	0.00716	0.00636	0.01352	0.01113	0.01749	0.00954	0.01113	0.00795	0.00398	0.00398	0.00080	0.00398	0.00318	0.00318	0.84417
66	0.00634	0.00544	0.00544	0.00544	0.00725	0.00453	0.00408	0.00770	0.01224	0.01450	0.05438	0.05166	0.77569	0.01359	0.00634	0.00181	0.00272	0.01133	0.00498	0.00453
67	0.01267	0.01448	0.03167	0.02262	0.02805	0.01357	0.75837	0.01719	0.01267	0.01719	0.01086	0.01448	0.00814	0.00452	0.00633	0.00181	0.00905	0.00633	0.00271	0.00724
68	0.84927	0.01038	0.00789	0.00706	0.01038	0.01204	0.00581	0.01578	0.00914	0.02408	0.00747	0.00872	0.00581	0.00498	0.00332	0.00166	0.00415	0.00291	0.00332	0.00581
69	0.01077	0.02777	0.78354	0.01530	0.02323	0.01247	0.01983	0.01700	0.01133	0.01700	0.00963	0.01133	0.00680	0.00510	0.00510	0.00170	0.00793	0.00397	0.00227	0.00793
70	0.02408	0.00914	0.01246	0.00955	0.01370	0.00789	0.00789	0.02616	0.01536	0.78158	0.02118	0.01827	0.01329	0.00664	0.00540	0.00166	0.00457	0.00540	0.00664	0.00914
71	0.84927	0.01038	0.00789	0.00706	0.01038	0.01204	0.00581	0.01578	0.00914	0.02408	0.00747	0.00872	0.00581	0.00498	0.00332	0.00166	0.00415	0.00291	0.00332	0.00581
72	0.00757	0.00549	0.00713	0.00672	0.00800	0.00505	0.00504	0.01007	0.01512	0.02135	0.75649	0.04039	0.06930	0.01104	0.00633	0.00169	0.00254	0.00975	0.00589	0.00505
73	0.00703	0.00589	0.00680	0.00739	0.05443	0.00514	0.00504	0.00875	0.01285	0.01615	0.20217	0.04690	0.57746	0.01251	0.00628	0.00177	0.00290	0.01059	0.00504	0.00489
74	0.00656	0.00538	0.00579	0.00594	0.00751	0.00462	0.00443	0.00801	0.01229	0.01510	0.11514	0.13465	0.60295	0.01376	0.00644	0.00187	0.00282	0.03712	0.00507	0.00457
75	0.01113	0.00954	0.01113	0.00795	0.01272	0.00716	0.00636	0.01352	0.01113	0.01749	0.00954	0.01113	0.00795	0.00398	0.00398	0.00080	0.00398	0.00318	0.00318	0.84417
76	0.01119	0.00963	0.01144	0.00867	0.03488	0.00732	0.00665	0.01360	0.01116	0.01749	0.00956	0.01119	0.00797	0.00400	0.00401	0.00082	0.00404	0.00323	0.00317	0.81997
77	0.01391	0.57306	0.20063	0.01123	0.03068	0.04847	0.01179	0.01669	0.01128	0.02817	0.00830	0.00955	0.00702	0.00479	0.00395	0.00130	0.00639	0.00323	0.00240	0.00718
78	0.84927	0.01038	0.00789	0.00706	0.01038	0.01204	0.00581	0.01578	0.00914	0.02408	0.00747	0.00872	0.00581	0.00498	0.00332	0.00166	0.00415	0.00291	0.00332	0.00581
79	0.00767	0.00575	0.00863	0.00863	0.00959	0.00671	0.00671	0.00959	0.00863	0.01246	0.01438	0.02109	0.01342	0.04026	0.79008	0.00863	0.01438	0.00575	0.00288	0.00479
80	0.00653	0.00470	0.00620	0.00740	0.00777	0.00437	0.00495	0.00748	0.01035	0.01373	0.03049	0.78022	0.06255	0.01670	0.00683	0.00217	0.00310	0.01512	0.00498	0.00437
81	0.01310	0.01260	0.02151	0.07357	0.70239	0.01274	0.03444	0.01661	0.02899	0.01743	0.01035	0.01352	0.00860	0.00486	0.00535	0.00162	0.00644	0.00485	0.00271	0.00833
82	0.05062	0.01115	0.04203	0.01208	0.06795	0.01017	0.02841	0.11428	0.07306	0.50500	0.01827	0.01671	0.01205	0.00637	0.00533	0.00167	0.00506	0.00522	0.00574	0.00883
83	0.00760	0.00549	0.00718	0.00675	0.00802	0.00506	0.00506	0.01013	0.01519	0.02153	0.77503	0.04010	0.05065	0.01097	0.00633	0.00169	0.00253	0.00971	0.00591	0.00506
84	0.01014	0.00954	0.01610	0.79845	0.03697	0.01193	0.01491	0.01371	0.01073	0.01371	0.00954	0.01431	0.00716	0.00537	0.00537	0.00179	0.00716	0.00477	0.00239	0.00596
85	0.01314	0.50513	0.25591	0.01262	0.04531	0.01787	0.05280	0.01643	0.01118	0.01437	0.00840	0.00992	0.00699	0.00475	0.00417	0.00137	0.00660	0.00346	0.00232	0.00728
86	0.00654	0.00467	0.00623	0.00747	0.00779	0.00436	0.00498	0.00747	0.01028	0.01370	0.02959	0.80785	0.03550	0.01682	0.00685	0.00218	0.00311	0.01526	0.00498	0.00436
87	0.01001	0.00500	0.00500	0.00500	0.00625	0.00500	0.00375	0.01251	0.01126	0.02001	0.01751	0.02001	0.01376	0.00625	0.00375	0.00125	0.00250	0.00500	0.84115	0.00500
88	0.01919	0.01474	0.01541	0.01215	0.01619	0.03847	0.00992	0.61404	0.15145	0.03129	0.01428	0.01401	0.01030	0.00656	0.00537	0.00164	0.00573	0.00500	0.00531	0.00894
89	0.01298	0.01275	0.02025	0.19244	0.58301	0.05293	0.01583	0.01615	0.01207	0.01651	0.00989	0.01331	0.00814	0.00494	0.00530	0.00162	0.00671	0.00471	0.00261	0.00785
90	0.00922	0.00800	0.01150	0.01061	0.01118	0.01035	0.00851	0.01079	0.00845	0.01257	0.01168	0.01799	0.01120	0.05302	0.47317	0.00614	0.31237	0.00542	0.00269	0.00515
91	0.04381	0.02467	0.01524	0.01433	0.04423	0.73889	0.01046	0.02109	0.01493	0.01362	0.00834	0.00978	0.00694	0.00549	0.00481	0.00140	0.00940	0.00349	0.00278	0.00629
92	0.00689	0.00546	0.00620	0.00602	0.00759	0.00477	0.00451	0.00877	0.01354	0.01759	0.37113	0.04658	0.45701	0.01244	0.00634	0.00176	0.00264	0.01062	0.00539	0.00477
93	0.00654	0.00467	0.00623	0.00747	0.00779	0.00436	0.00498	0.00747	0.01028	0.01370	0.02959	0.80785	0.03550	0.01682	0.00685	0.00218	0.00311	0.01526	0.00498	0.00436
94	0.00865	0.00618	0.00865	0.00989	0.01112	0.00618	0.00865	0.01112	0.01236	0.01606	0.02842	0.06055	0.03089	0.01483	0.00741	0.00247	0.00494	0.74174	0.00494	0.00494
95	0.00634	0.00544	0.00544	0.00544	0.00725	0.00453	0.00408	0.00770	0.01224	0.01450	0.05438	0.05166	0.77569	0.01359	0.00634	0.00181	0.00272	0.01133	0.00498	0.00453
96	0.02353	0.05497	0.01335	0.00953	0.01371	0.00865	0.00796	0.02559	0.01511	0.73782	0.02040	0.01772	0.01292	0.00653	0.00529	0.00163	0.00463	0.00525	0.00640	0.00901
97	0.01435	0.81458	0.02813	0.00918	0.01378	0.02124	0.00918	0.01607	0.01091	0.01263	0.00746	0.00861	0.00689	0.00459	0.00344	0.00115	0.00574	0.00287	0.00230	0.00689
98	0.01077	0.02777	0.78354	0.01530	0.02323	0.01247	0.01983	0.01700	0.01133	0.01700	0.00963	0.01133	0.00680	0.00510	0.00510	0.00170	0.00793	0.00397	0.00227	0.00793
99	0.00649	0.00544	0.00564	0.00559	0.00734	0.00459	0.00419	0.00798	0.01258	0.01531	0.13723	0.05033	0.69233	0.01329	0.00634	0.00180	0.00270	0.01114	0.00509	0.00459
100	0.01267	0.01448	0.03167	0.02262	0.02805	0.01357	0.75837	0.01719	0.01267	0.01719	0.01086	0.01448	0.00814	0.00452	0.00633	0.00181	0.00905	0.00633	0.00271	0.00724
101	0.01636	0.01288	0.01368	0.01138	0.01492	0.01456	0.00911	0.34974	0.41953	0.02739	0.01778	0.01689	0.01312	0.00688	0.00537	0.00171	0.00493	0.00549	0.02962	0.00867
102	0.84927	0.01038	0.00789	0.00706	0.01038	0.01204	0.00581	0.01578	0.00914	0.02408	0.00747	0.00872	0.00581	0.00498	0.00332	0.00166	0.00415	0.00291	0.00332	0.00581
103	0.00656	0.00502	0.00604	0.00679	0.00771	0.00450	0.00478	0.00774	0.01117	0.01423	0.05305	0.48843	0.30835	0.01545	0.00667	0.00205	0.00302	0.03899	0.00500	0.00446
104	0.14498	0.00932	0.01179	0.00919	0.01322	0.00850	0.00759	0.02464	0.01445	0.67060	0.01917	0.01687	0.01219	0.00640	0.00509	0.00166	0.00451	0.00503	0.00616	0.00865
105	0.01014	0.00954	0.01610	0.79845	0.03697	0.01193	0.01491	0.01371	0.01073	0.01371	0.00954	0.01431	0.00716	0.00537	0.00537	0.00179	0.00716	0.00477	0.00239	0.00596
106	0.01621	0.01295	0.01375	0.01150	0.01505	0.01469	0.00919	0.32534	0.46669	0.02707	0.01821	0.01713	0.01344	0.00694	0.00542	0.00174	0.00492	0.00557	0.00542	0.00875
107	0.84927	0.01038	0.00789	0.00706	0.01038	0.01204	0.00581	0.01578	0.00914	0.02408	0.00747	0.00872	0.00581	0.00498	0.00332	0.00166	0.00415	0.00291	0.00332	0.00581
108	0.01207	0.01152	0.01960	0.32787	0.49242	0.01244	0.01587	0.01541	0.01165	0.01606	0.00988	0.01368	0.00798	0.00501	0.00533	0.00167	0.00668	0.00478	0.00255	0.00752
109	0.00801	0.00574	0.00790	0.00911	0.01010	0.00564	0.00752	0.01003	0.01178	0.01537	0.02938	0.26694	0.05047	0.01535	0.00723	0.00237	0.00438	0.52293	0.00495	0.00477
110	0.00654	0.00467	0.00623	0.00747	0.00779	0.00436	0.00498	0.00747	0.01028	0.01370	0.02959	0.80785	0.03550	0.01682	0.00685	0.00218	0.00311	0.01526	0.00498	0.00436
111	0.02408	0.00914	0.01246	0.00955	0.01370	0.00789	0.00789	0.02616	0.01536	0.78158	0.02118	0.01827	0.01329	0.00664	0.00540	0.00166	0.00457	0.00540	0.00664	0.00914
112	0.01013	0.00522	0.00530	0.00521	0.00653	0.00524	0.00393	0.02757	0.01168	0.02035	0.04378	0.02057	0.01495	0.00642	0.00387	0.00127	0.00257	0.00516	0.79514	0.00509
113	0.01413	0.71234	0.10616	0.00994	0.01483	0.04041	0.01032	0.01631	0.01106	0.01310	0.00771	0.00892	0.00688	0.00467	0.00365	0.00121	0.00607	0.00300	0.00231	0.00698
114	0.00932	0.00466	0.00699	0.00699	0.00699	0.00466	0.00466	0.00699	0.00699	0.00932	0.00932	0.01632	0.00932	0.01865	0.02098	0.84382	0.00466	0.00466	0.00233	0.00233
115	0.01119	0.02718	0.75909	0.01512	0.02293	0.01232	0.01945	0.01729	0.01146	0.04125	0.01000	0.01155	0.00701	0.00515	0.00511	0.00170	0.00783	0.00401	0.00241	0.00797
116	0.11747	0.19136	0.34759	0.01312	0.01871	0.15376	0.05495	0.01746	0.01174	0.01627	0.00873	0.01031	0.00679	0.00502	0.00455	0.00153	0.00737	0.00364	0.00252	0.00710
117	0.00734	0.00548	0.00681	0.00648	0.00786	0.00495	0.00486	0.00963	0.01458	0.02007	0.62542	0.04250	0.20117	0.01152	0.00633	0.00171	0.00257	0.01004	0.00572	0.00495
