[name]
unknown

[dist]
# distance from previous block
# <min> <max>
0	95

[block]
# block no. 0 follows, 44 sequences, length 28
# corresponding to MSA columns:
# 95-122
name=unknown_A
#
# <colnr> <probs for GDERKNQSTAVLIFYWHMCP>
#	G	D	E	R	K	N	Q	S	T	A	V	L	I	F	Y	W	H	M	C	P
0	0.00697	0.00496	0.00660	0.00774	0.00817	0.00469	0.00537	0.00809	0.01069	0.01424	0.05241	0.66158	0.03519	0.05833	0.00810	0.00239	0.00345	0.09158	0.00499	0.00445
1	0.00690	0.00494	0.00660	0.00768	0.00816	0.00463	0.00532	0.00813	0.01111	0.01492	0.10867	0.67296	0.03737	0.01631	0.00694	0.00218	0.00323	0.06423	0.00516	0.00454
2	0.75818	0.01242	0.08997	0.00806	0.01193	0.01228	0.00742	0.01616	0.00951	0.02370	0.00782	0.00914	0.00601	0.00507	0.00357	0.00169	0.00462	0.00307	0.00326	0.00613
3	0.01356	0.45435	0.31897	0.01206	0.01791	0.07037	0.01360	0.01706	0.01154	0.01458	0.00849	0.00989	0.00696	0.00493	0.00425	0.00140	0.00697	0.00339	0.00235	0.00736
4	0.10310	0.70271	0.02599	0.00924	0.01371	0.04388	0.00900	0.01646	0.01102	0.01408	0.00761	0.00879	0.00688	0.00474	0.00353	0.00123	0.00578	0.00294	0.00246	0.00686
5	0.75772	0.00993	0.00783	0.00721	0.01026	0.01140	0.00581	0.01513	0.00940	0.02334	0.00997	0.09335	0.00910	0.00634	0.00375	0.00174	0.00411	0.00428	0.00355	0.00575
6	0.09920	0.00998	0.01478	0.60177	0.05229	0.03569	0.01324	0.01396	0.01088	0.01514	0.01110	0.07809	0.00950	0.00634	0.00533	0.00182	0.00667	0.00547	0.00276	0.00599
7	0.75784	0.01004	0.00809	0.00734	0.01046	0.01166	0.00600	0.01536	0.00922	0.02321	0.00834	0.01019	0.00672	0.00886	0.08653	0.00244	0.00532	0.00326	0.00333	0.00579
8	0.00782	0.00571	0.00810	0.00810	0.00884	0.00645	0.00599	0.00931	0.00856	0.01216	0.01521	0.02479	0.01509	0.22220	0.60749	0.00794	0.01240	0.00633	0.00301	0.00450
9	0.01209	0.27594	0.54250	0.01357	0.02056	0.01548	0.01672	0.01697	0.01137	0.01586	0.00909	0.01064	0.00693	0.00502	0.00465	0.00155	0.00735	0.00368	0.00231	0.00772
10	0.00664	0.00474	0.00633	0.00759	0.00791	0.00443	0.00506	0.00759	0.01044	0.01392	0.03005	0.80485	0.03606	0.01708	0.00696	0.00221	0.00316	0.01550	0.00506	0.00443
11	0.02446	0.00928	0.01265	0.00970	0.01392	0.00801	0.00801	0.02657	0.01560	0.77817	0.02151	0.01856	0.01350	0.00675	0.00548	0.00169	0.00464	0.00548	0.00675	0.00928
12	0.01042	0.00951	0.01563	0.64885	0.08441	0.01150	0.01407	0.01414	0.02942	0.01473	0.01137	0.05124	0.00925	0.00604	0.00544	0.00180	0.00672	0.00538	0.04395	0.00617
13	0.01251	0.01187	0.01993	0.22099	0.54548	0.01253	0.01575	0.01618	0.03635	0.01690	0.01106	0.03618	0.00933	0.00543	0.00546	0.00169	0.00651	0.00520	0.00279	0.00788
14	0.00664	0.00474	0.00633	0.00759	0.00791	0.00443	0.00506	0.00759	0.01044	0.01392	0.03005	0.80485	0.03606	0.01708	0.00696	0.00221	0.00316	0.01550	0.00506	0.00443
15	0.01134	0.11587	0.69606	0.01484	0.02252	0.01366	0.01893	0.01716	0.01146	0.01677	0.00954	0.01120	0.00692	0.00512	0.00499	0.00166	0.00781	0.00390	0.00231	0.00794
16	0.04594	0.01260	0.01436	0.03681	0.01593	0.01368	0.02754	0.39544	0.15836	0.12063	0.05551	0.03301	0.03078	0.00720	0.00553	0.00171	0.00528	0.00579	0.00541	0.00848
17	0.01196	0.00862	0.01061	0.00912	0.01093	0.03252	0.06802	0.10208	0.01290	0.02017	0.01578	0.06980	0.01329	0.00735	0.00634	0.00158	0.10955	0.00578	0.47772	0.00588
18	0.80608	0.01131	0.00838	0.00751	0.01085	0.05048	0.00613	0.01631	0.00958	0.02391	0.00763	0.00890	0.00596	0.00509	0.00345	0.00167	0.00449	0.00298	0.00335	0.00592
19	0.01018	0.00628	0.00813	0.00734	0.00911	0.00579	0.00562	0.01305	0.03874	0.12648	0.62182	0.03738	0.06761	0.01050	0.00627	0.00172	0.00292	0.00919	0.00606	0.00581
20	0.00947	0.00473	0.00710	0.00710	0.00710	0.00473	0.00473	0.00710	0.00710	0.00947	0.00947	0.01657	0.00947	0.01894	0.02131	0.84138	0.00473	0.00473	0.00237	0.00237
21	0.01030	0.00969	0.01635	0.79530	0.03755	0.01211	0.01514	0.01393	0.01090	0.01393	0.00969	0.01453	0.00727	0.00545	0.00545	0.00182	0.00727	0.00484	0.00242	0.00606
22	0.01784	0.01325	0.03725	0.01257	0.01671	0.01362	0.08129	0.28380	0.26135	0.16025	0.01717	0.01648	0.01222	0.00658	0.00555	0.00172	0.00554	0.00550	0.00532	0.02598
23	0.00947	0.00473	0.00710	0.00710	0.00710	0.00473	0.00473	0.00710	0.00710	0.00947	0.00947	0.01657	0.00947	0.01894	0.02131	0.84138	0.00473	0.00473	0.00237	0.00237
24	0.00664	0.00477	0.00630	0.00752	0.00789	0.00443	0.00503	0.00760	0.01051	0.01394	0.03091	0.77899	0.06136	0.01697	0.00694	0.00220	0.00315	0.01536	0.00506	0.00443
25	0.84691	0.01054	0.00801	0.00717	0.01054	0.01223	0.00590	0.01603	0.00928	0.02446	0.00759	0.00886	0.00590	0.00506	0.00337	0.00169	0.00422	0.00295	0.00337	0.00590
26	0.01412	0.67403	0.10784	0.01164	0.06695	0.02004	0.01098	0.01645	0.01121	0.01364	0.00800	0.00936	0.00710	0.00473	0.00381	0.00126	0.00611	0.00317	0.00235	0.00722
27	0.04902	0.06790	0.01592	0.01153	0.01568	0.01543	0.00956	0.52007	0.07287	0.12779	0.01432	0.01432	0.01027	0.02319	0.00572	0.00170	0.00562	0.00493	0.00530	0.00883

[dist]
# distance from previous block
# <min> <max>
0	1

[block]
# block no. 1 follows, 44 sequences, length 21
# corresponding to MSA columns:
# 124-144
name=unknown_B
#
# <colnr> <probs for GDERKNQSTAVLIFYWHMCP>
#	G	D	E	R	K	N	Q	S	T	A	V	L	I	F	Y	W	H	M	C	P
0	0.03720	0.00936	0.01046	0.00930	0.01176	0.04385	0.00721	0.07247	0.13398	0.21058	0.04559	0.19352	0.11086	0.01008	0.00640	0.00185	0.04121	0.00838	0.02900	0.00694
1	0.00853	0.00694	0.01019	0.00976	0.01056	0.00859	0.00773	0.01034	0.00869	0.01274	0.01326	0.01971	0.01247	0.03525	0.64860	0.00762	0.15548	0.00565	0.00282	0.00506
2	0.01937	0.01162	0.01315	0.01071	0.01434	0.03788	0.00860	0.22949	0.17135	0.31638	0.04281	0.06839	0.01537	0.00759	0.00559	0.00173	0.00497	0.00618	0.00587	0.00860
3	0.05411	0.01565	0.01385	0.01158	0.01505	0.22886	0.00918	0.20636	0.11161	0.19825	0.03486	0.01600	0.03351	0.00675	0.00549	0.00163	0.01938	0.00504	0.00489	0.00793
4	0.00773	0.00520	0.00600	0.00620	0.00625	0.00515	0.00357	0.00788	0.00831	0.01108	0.01915	0.15331	0.02230	0.68738	0.02457	0.00482	0.00496	0.00909	0.00357	0.00348
5	0.03183	0.00830	0.01000	0.00859	0.01104	0.02463	0.00681	0.03614	0.03877	0.26606	0.19023	0.05491	0.20169	0.00989	0.00697	0.00180	0.07212	0.00802	0.00553	0.00668
6	0.01273	0.01317	0.01704	0.01366	0.01612	0.10450	0.11897	0.01477	0.01071	0.01506	0.00927	0.03657	0.00845	0.00710	0.01061	0.00176	0.35074	0.00478	0.00280	0.23117
7	0.01127	0.00879	0.00993	0.00900	0.00989	0.05721	0.00653	0.07317	0.01053	0.05461	0.01493	0.04986	0.01544	0.39711	0.11144	0.00437	0.14070	0.00673	0.00349	0.00498
8	0.00668	0.00477	0.00636	0.00757	0.00792	0.00445	0.00506	0.00768	0.01061	0.01419	0.05555	0.77857	0.03659	0.01688	0.00694	0.00220	0.00314	0.01530	0.00509	0.00445
9	0.04545	0.01354	0.01523	0.01194	0.01602	0.03200	0.04023	0.44168	0.11823	0.15897	0.01669	0.01608	0.03484	0.00677	0.00547	0.00168	0.00561	0.00535	0.00544	0.00879
10	0.02003	0.01492	0.01597	0.01240	0.01664	0.01658	0.01019	0.68560	0.09739	0.03324	0.01397	0.01379	0.00999	0.00663	0.00546	0.00166	0.00584	0.00503	0.00546	0.00921
11	0.01284	0.01039	0.01241	0.00908	0.01379	0.03054	0.03690	0.01567	0.03366	0.08403	0.01110	0.01229	0.00877	0.00444	0.00433	0.00097	0.00447	0.00365	0.00357	0.68709
12	0.02060	0.01488	0.05107	0.01213	0.01652	0.03253	0.01031	0.56510	0.02272	0.15921	0.01462	0.03054	0.01039	0.00672	0.00547	0.00166	0.00589	0.00516	0.00546	0.00905
13	0.01737	0.01299	0.01364	0.01221	0.05005	0.08044	0.00923	0.15612	0.36260	0.17268	0.01964	0.01840	0.03557	0.00703	0.00548	0.00173	0.00522	0.00567	0.00538	0.00855
14	0.00947	0.00473	0.00710	0.00710	0.00710	0.00473	0.00473	0.00710	0.00710	0.00947	0.00947	0.01657	0.00947	0.01894	0.02131	0.84138	0.00473	0.00473	0.00237	0.00237
15	0.01361	0.46782	0.30671	0.01195	0.01775	0.06986	0.01342	0.01704	0.01153	0.01451	0.00845	0.00985	0.00696	0.00492	0.00422	0.00139	0.00693	0.00337	0.00235	0.00734
16	0.02055	0.01341	0.01413	0.01125	0.01518	0.08168	0.00913	0.33863	0.09583	0.27846	0.01837	0.01719	0.04675	0.00695	0.00547	0.00166	0.00557	0.00541	0.00564	0.00873
17	0.00793	0.00529	0.00595	0.00595	0.00595	0.00529	0.00330	0.00793	0.00793	0.01057	0.01718	0.03568	0.01982	0.80840	0.02775	0.00529	0.00529	0.00793	0.00330	0.00330
18	0.00821	0.00592	0.00809	0.00927	0.01038	0.00580	0.00775	0.01034	0.01213	0.01574	0.03078	0.20772	0.07953	0.01538	0.00735	0.00241	0.00451	0.54878	0.00503	0.00488
19	0.01332	0.02988	0.01626	0.36929	0.09091	0.03389	0.03545	0.13707	0.10692	0.03503	0.01259	0.01580	0.00974	0.03910	0.00631	0.00187	0.00645	0.00514	0.02787	0.00712
20	0.01417	0.01095	0.01187	0.00985	0.01329	0.03512	0.00778	0.11969	0.28643	0.08814	0.12597	0.02071	0.03845	0.00715	0.00533	0.00155	0.00439	0.00589	0.00510	0.18817

[dist]
# distance from previous block
# <min> <max>
0	13

[block]
# block no. 2 follows, 44 sequences, length 23
# corresponding to MSA columns:
# 158-180
name=unknown_C
#
# <colnr> <probs for GDERKNQSTAVLIFYWHMCP>
#	G	D	E	R	K	N	Q	S	T	A	V	L	I	F	Y	W	H	M	C	P
0	0.01188	0.01079	0.01698	0.56091	0.14789	0.01274	0.01456	0.07774	0.06152	0.01682	0.01088	0.01463	0.00826	0.00558	0.00545	0.00177	0.00685	0.00494	0.00292	0.00689
1	0.01891	0.03381	0.01384	0.01026	0.01432	0.00951	0.04973	0.09907	0.04892	0.40736	0.09502	0.01873	0.01578	0.00661	0.00535	0.00155	0.00475	0.00554	0.00559	0.13533
2	0.01171	0.01243	0.02356	0.04126	0.02170	0.01348	0.40375	0.01475	0.01108	0.01554	0.01215	0.11301	0.01138	0.00775	0.01009	0.00206	0.25788	0.00700	0.00292	0.00651
3	0.00727	0.00545	0.00612	0.00635	0.00782	0.00471	0.00461	0.00861	0.01210	0.04511	0.07828	0.27122	0.49424	0.01437	0.00656	0.00194	0.00295	0.01236	0.00517	0.00476
4	0.01108	0.01162	0.04086	0.01523	0.01771	0.01236	0.24806	0.01359	0.01052	0.01515	0.01302	0.15545	0.01297	0.00966	0.03355	0.00222	0.29038	0.00711	0.00307	0.07641
5	0.00664	0.00474	0.00633	0.00759	0.00791	0.00443	0.00506	0.00759	0.01044	0.01392	0.03005	0.80485	0.03606	0.01708	0.00696	0.00221	0.00316	0.01550	0.00506	0.00443
6	0.01289	0.01464	0.03179	0.02338	0.05690	0.01376	0.72649	0.01744	0.01285	0.01748	0.01100	0.01466	0.00829	0.00461	0.00639	0.00183	0.00909	0.00637	0.00276	0.00740
7	0.00664	0.00474	0.00633	0.00759	0.00791	0.00443	0.00506	0.00759	0.01044	0.01392	0.03005	0.80485	0.03606	0.01708	0.00696	0.00221	0.00316	0.01550	0.00506	0.00443
8	0.01030	0.00969	0.01635	0.79530	0.03755	0.01211	0.01514	0.01393	0.01090	0.01393	0.00969	0.01453	0.00727	0.00545	0.00545	0.00182	0.00727	0.00484	0.00242	0.00606
9	0.01348	0.00682	0.00904	0.00777	0.01005	0.00612	0.00608	0.01590	0.01537	0.27899	0.49355	0.03256	0.03740	0.00950	0.00603	0.00169	0.00327	0.00823	0.03160	0.00655
10	0.01030	0.00969	0.01635	0.79530	0.03755	0.01211	0.01514	0.01393	0.01090	0.01393	0.00969	0.01453	0.00727	0.00545	0.00545	0.00182	0.00727	0.00484	0.00242	0.00606
11	0.02446	0.00928	0.01265	0.00970	0.01392	0.00801	0.00801	0.02657	0.01560	0.77817	0.02151	0.01856	0.01350	0.00675	0.00548	0.00169	0.00464	0.00548	0.00675	0.00928
12	0.00664	0.00474	0.00633	0.00759	0.00791	0.00443	0.00506	0.00759	0.01044	0.01392	0.03005	0.80485	0.03606	0.01708	0.00696	0.00221	0.00316	0.01550	0.00506	0.00443
13	0.00664	0.00474	0.00633	0.00759	0.00791	0.00443	0.00506	0.00759	0.01044	0.01392	0.03005	0.80485	0.03606	0.01708	0.00696	0.00221	0.00316	0.01550	0.00506	0.00443
14	0.00791	0.00534	0.00622	0.00622	0.00631	0.00543	0.00364	0.00810	0.00801	0.01077	0.01693	0.03430	0.01922	0.73407	0.10126	0.00562	0.00619	0.00773	0.00327	0.00345
15	0.01458	0.81168	0.02857	0.00933	0.01399	0.02157	0.00933	0.01632	0.01108	0.01283	0.00758	0.00875	0.00700	0.00466	0.00350	0.00117	0.00583	0.00292	0.00233	0.00700
16	0.01349	0.01295	0.02213	0.03346	0.77440	0.01295	0.01673	0.01673	0.01241	0.01781	0.01025	0.01349	0.00864	0.00486	0.00540	0.00162	0.00648	0.00486	0.00270	0.00864
17	0.02446	0.00928	0.01265	0.00970	0.01392	0.00801	0.00801	0.02657	0.01560	0.77817	0.02151	0.01856	0.01350	0.00675	0.00548	0.00169	0.00464	0.00548	0.00675	0.00928
18	0.01853	0.01370	0.01470	0.01175	0.01564	0.01522	0.00955	0.50857	0.21896	0.05654	0.01597	0.01549	0.01155	0.00677	0.00541	0.00168	0.00536	0.00527	0.04041	0.00893
19	0.01354	0.00730	0.00918	0.00791	0.01030	0.00669	0.00615	0.06340	0.01517	0.25652	0.31225	0.07105	0.14933	0.03784	0.00684	0.00187	0.00359	0.00864	0.00591	0.00652
20	0.02098	0.01343	0.01504	0.01169	0.01589	0.01435	0.00961	0.50346	0.09390	0.21990	0.01607	0.01516	0.01104	0.00668	0.00547	0.00167	0.00550	0.00517	0.00579	0.00921
21	0.00756	0.00543	0.00698	0.00791	0.00849	0.00524	0.00541	0.05641	0.01143	0.01525	0.02894	0.75321	0.03431	0.01639	0.00686	0.00218	0.00335	0.01481	0.00509	0.00474
22	0.00907	0.00654	0.00817	0.00753	0.00829	0.00660	0.03896	0.07135	0.01023	0.01368	0.03987	0.10096	0.04168	0.56735	0.04349	0.00445	0.00546	0.00837	0.00373	0.00422

[dist]
# distance from previous block
# <min> <max>
5	27

[block]
# block no. 3 follows, 44 sequences, length 30
# corresponding to MSA columns:
# 240-269
name=unknown_D
#
# <colnr> <probs for GDERKNQSTAVLIFYWHMCP>
#	G	D	E	R	K	N	Q	S	T	A	V	L	I	F	Y	W	H	M	C	P
0	0.10391	0.01047	0.01234	0.00989	0.01339	0.01064	0.00806	0.20346	0.01628	0.31148	0.05281	0.04969	0.04354	0.00836	0.02764	0.00188	0.04732	0.00576	0.00536	0.05770
1	0.00838	0.00684	0.00769	0.00733	0.00901	0.03695	0.00540	0.02310	0.01332	0.01795	0.31960	0.22816	0.17339	0.01197	0.00620	0.00174	0.00328	0.01044	0.00513	0.10413
2	0.01947	0.01456	0.01682	0.01294	0.01701	0.03635	0.05561	0.54618	0.02188	0.08932	0.01291	0.01337	0.00927	0.00654	0.00638	0.00167	0.06615	0.00493	0.00499	0.04361
3	0.03923	0.03225	0.01873	0.11965	0.40146	0.12282	0.01383	0.09347	0.05268	0.01865	0.01116	0.03167	0.00924	0.00563	0.00528	0.00163	0.00673	0.00489	0.00318	0.00784
4	0.00673	0.00493	0.00628	0.00721	0.00780	0.00453	0.00490	0.00784	0.01103	0.01455	0.08944	0.62386	0.13896	0.03539	0.00735	0.00220	0.00311	0.01433	0.00509	0.00448
5	0.02037	0.02598	0.01545	0.01404	0.01685	0.78652	0.01053	0.02177	0.01545	0.01334	0.00843	0.00983	0.00702	0.00562	0.00492	0.00140	0.00983	0.00351	0.00281	0.00632
6	0.01341	0.01043	0.01209	0.00894	0.01340	0.02574	0.00720	0.05629	0.01248	0.09648	0.01094	0.01215	0.00863	0.00477	0.00499	0.00104	0.04459	0.00364	0.00366	0.64914
7	0.03459	0.03797	0.01523	0.01331	0.03831	0.44601	0.01004	0.14219	0.09372	0.05762	0.01145	0.01220	0.00889	0.00648	0.01794	0.00161	0.00795	0.00416	0.00374	0.03660
8	0.00780	0.00581	0.00862	0.00862	0.00954	0.00674	0.00663	0.00964	0.00872	0.01255	0.01474	0.02215	0.01395	0.08052	0.74760	0.00858	0.01412	0.00595	0.00294	0.00479
9	0.00664	0.00474	0.00633	0.00759	0.00791	0.00443	0.00506	0.00759	0.01044	0.01392	0.03005	0.80485	0.03606	0.01708	0.00696	0.00221	0.00316	0.01550	0.00506	0.00443
10	0.01255	0.01456	0.05224	0.07383	0.04512	0.01346	0.65494	0.01704	0.01265	0.01717	0.01122	0.02826	0.00866	0.00489	0.00632	0.00184	0.00887	0.00638	0.00276	0.00727
11	0.00664	0.00474	0.00633	0.00759	0.00791	0.00443	0.00506	0.00759	0.01044	0.01392	0.03005	0.80485	0.03606	0.01708	0.00696	0.00221	0.00316	0.01550	0.00506	0.00443
12	0.01205	0.04752	0.01723	0.01409	0.01430	0.01692	0.01181	0.01326	0.00847	0.01311	0.00718	0.01179	0.00715	0.00932	0.01725	0.00233	0.76315	0.00469	0.00238	0.00601
13	0.62111	0.01140	0.05026	0.00814	0.01199	0.01152	0.00708	0.03748	0.01076	0.11702	0.00972	0.01048	0.00714	0.00525	0.00383	0.00163	0.00451	0.00339	0.00378	0.06350
14	0.05162	0.77603	0.02765	0.00923	0.01384	0.02116	0.00918	0.01631	0.01100	0.01334	0.00758	0.00875	0.00695	0.00468	0.00349	0.00119	0.00576	0.00292	0.00238	0.00695
15	0.01438	0.76986	0.06869	0.00966	0.01451	0.02110	0.00991	0.01637	0.01110	0.01306	0.00770	0.00889	0.00699	0.00469	0.00359	0.00120	0.00595	0.00297	0.00233	0.00705
16	0.00720	0.00553	0.00660	0.00639	0.00785	0.00492	0.00477	0.00927	0.01414	0.01892	0.47848	0.07195	0.31955	0.01235	0.00645	0.00178	0.00266	0.01067	0.00562	0.00492
17	0.00779	0.00582	0.00865	0.00865	0.00958	0.00675	0.00667	0.00966	0.00873	0.01257	0.01471	0.02199	0.01388	0.07195	0.75608	0.00862	0.01423	0.00593	0.00294	0.00480
18	0.00803	0.00536	0.00631	0.00631	0.00652	0.00550	0.00385	0.00845	0.00824	0.01140	0.01683	0.03277	0.01860	0.65301	0.13780	0.00558	0.00651	0.00747	0.04784	0.00363
19	0.01586	0.01286	0.01362	0.01156	0.01505	0.01464	0.00919	0.26286	0.52690	0.02652	0.01926	0.01801	0.01427	0.00712	0.00552	0.00178	0.00486	0.00576	0.00552	0.00884
20	0.00671	0.00477	0.00631	0.00751	0.00781	0.00447	0.00497	0.00761	0.01031	0.01374	0.02938	0.76478	0.03521	0.05830	0.00804	0.00237	0.00327	0.01510	0.00497	0.00437
21	0.03940	0.14886	0.63807	0.01430	0.02167	0.01403	0.01799	0.01708	0.01137	0.01682	0.00937	0.01099	0.00689	0.00510	0.00486	0.00164	0.00758	0.00382	0.00234	0.00782
22	0.05805	0.34810	0.02083	0.01165	0.01549	0.29178	0.03232	0.06872	0.05972	0.03335	0.00957	0.01054	0.00788	0.00536	0.00439	0.00138	0.00717	0.00363	0.00307	0.00702
23	0.08713	0.12621	0.13365	0.01020	0.01443	0.06923	0.00961	0.11976	0.01381	0.09571	0.01255	0.01495	0.00994	0.03144	0.00532	0.00157	0.00559	0.02576	0.10201	0.11113
24	0.01807	0.04169	0.01841	0.03060	0.01836	0.07053	0.14273	0.38255	0.04993	0.09889	0.03699	0.04063	0.01168	0.00658	0.00561	0.00168	0.00647	0.00561	0.00474	0.00826
25	0.01205	0.01485	0.13171	0.01696	0.05121	0.05180	0.29958	0.01557	0.01190	0.02856	0.03533	0.08650	0.01199	0.00779	0.03221	0.00201	0.09819	0.00629	0.00307	0.08244
26	0.03193	0.48877	0.10125	0.03851	0.01722	0.08919	0.08380	0.03862	0.01210	0.01493	0.00878	0.01041	0.00739	0.00494	0.00422	0.00136	0.00667	0.00362	0.02927	0.00703
27	0.30624	0.07066	0.02495	0.05895	0.01435	0.09379	0.04315	0.07941	0.02903	0.02094	0.11003	0.04128	0.03459	0.00668	0.00470	0.00163	0.00525	0.00512	0.02010	0.02915
28	0.14193	0.08626	0.02813	0.03560	0.06093	0.04487	0.07071	0.03393	0.04092	0.21818	0.12328	0.01897	0.01625	0.04934	0.00635	0.00184	0.00530	0.00554	0.00449	0.00716
29	0.06904	0.08036	0.04484	0.01518	0.01955	0.05992	0.31204	0.06333	0.01320	0.09445	0.03251	0.01547	0.01037	0.05752	0.00715	0.00187	0.02411	0.00538	0.00347	0.07024

[dist]
# distance from previous block
# <min> <max>
7	63

[block]
# block no. 4 follows, 44 sequences, length 20
# corresponding to MSA columns:
# 440-459
name=unknown_E
#
# <colnr> <probs for GDERKNQSTAVLIFYWHMCP>
#	G	D	E	R	K	N	Q	S	T	A	V	L	I	F	Y	W	H	M	C	P
0	0.01061	0.00996	0.01679	0.38607	0.21559	0.01093	0.06209	0.01382	0.01183	0.01572	0.05559	0.04672	0.07971	0.00703	0.00577	0.00180	0.00633	0.03400	0.00312	0.00652
1	0.01248	0.03779	0.04666	0.03289	0.05713	0.13707	0.04654	0.07370	0.01196	0.01540	0.01343	0.12450	0.01332	0.06792	0.13465	0.00321	0.15559	0.00644	0.00325	0.00606
2	0.07922	0.26729	0.34420	0.01296	0.01874	0.04126	0.04584	0.07105	0.01230	0.01743	0.00908	0.01066	0.00710	0.00527	0.00506	0.00156	0.03705	0.00378	0.00267	0.00748
3	0.01251	0.27673	0.45898	0.04755	0.04941	0.01538	0.01604	0.01704	0.01148	0.03497	0.00939	0.01101	0.00718	0.00505	0.00467	0.00155	0.00717	0.00378	0.00244	0.00769
4	0.00728	0.00510	0.00684	0.05250	0.00928	0.00501	0.00537	0.00819	0.01007	0.01361	0.02596	0.60283	0.03041	0.10619	0.00975	0.04012	0.00368	0.01309	0.04036	0.00433
5	0.01062	0.00903	0.01097	0.05978	0.01387	0.00721	0.00684	0.01292	0.01116	0.01700	0.01240	0.11700	0.01174	0.00586	0.00452	0.00106	0.00413	0.00497	0.00342	0.67548
6	0.05571	0.36487	0.41641	0.01243	0.01878	0.01648	0.01475	0.01680	0.01121	0.01572	0.00872	0.01018	0.00689	0.00495	0.00436	0.00148	0.00690	0.00349	0.00237	0.00749
7	0.01490	0.01223	0.01350	0.01285	0.07173	0.02904	0.00935	0.15470	0.49327	0.04850	0.01985	0.06465	0.01559	0.00757	0.00559	0.00180	0.00483	0.00632	0.00527	0.00847
8	0.00952	0.00476	0.00695	0.00695	0.00705	0.00476	0.00467	0.00753	0.00743	0.01029	0.01010	0.01686	0.00981	0.01799	0.01999	0.77795	0.00457	0.00476	0.06551	0.00257
9	0.00779	0.00584	0.00876	0.00876	0.00974	0.00681	0.00681	0.00974	0.00876	0.01266	0.01460	0.02142	0.01363	0.04089	0.78680	0.00876	0.01460	0.00584	0.00292	0.00487
10	0.01674	0.09084	0.01671	0.01498	0.12419	0.23136	0.01056	0.20072	0.11939	0.02050	0.01515	0.01577	0.06690	0.00661	0.00550	0.00159	0.02597	0.00499	0.00393	0.00762
11	0.01245	0.01380	0.02906	0.06715	0.02738	0.01298	0.63706	0.01674	0.01258	0.01720	0.01129	0.03272	0.00884	0.00489	0.00621	0.00177	0.00855	0.00631	0.00283	0.07021
12	0.00872	0.00607	0.00728	0.00699	0.00758	0.00632	0.00459	0.05769	0.00996	0.01359	0.08773	0.03202	0.02097	0.53785	0.16516	0.00535	0.00681	0.00752	0.00363	0.00416
13	0.01122	0.00648	0.00768	0.00703	0.00886	0.00585	0.00518	0.02809	0.01239	0.18183	0.08249	0.08280	0.29355	0.20650	0.01148	0.00268	0.00394	0.03144	0.00507	0.00545
14	0.01266	0.12160	0.54006	0.05921	0.02231	0.04695	0.01720	0.08673	0.01292	0.01797	0.00976	0.01142	0.00717	0.00528	0.00500	0.00164	0.00762	0.00400	0.00263	0.00785
15	0.01390	0.01409	0.06324	0.20326	0.42585	0.05619	0.01542	0.10874	0.01383	0.01871	0.01035	0.01336	0.00821	0.00526	0.00538	0.00166	0.00688	0.00474	0.00296	0.00796
16	0.00856	0.00686	0.01046	0.00969	0.01073	0.00793	0.05099	0.01037	0.00893	0.01293	0.01408	0.02184	0.01346	0.12893	0.55381	0.00712	0.08740	0.00601	0.02496	0.00493
17	0.08985	0.01057	0.01698	0.53499	0.21500	0.01233	0.01466	0.01481	0.01112	0.01587	0.00963	0.01375	0.00747	0.00527	0.00524	0.00176	0.00679	0.00467	0.00258	0.00667
18	0.01345	0.00917	0.06090	0.01057	0.05683	0.00788	0.00823	0.01715	0.09589	0.22271	0.12783	0.09288	0.05998	0.08498	0.00813	0.00221	0.00455	0.10469	0.00521	0.00677
19	0.03520	0.01276	0.01626	0.14869	0.17245	0.03788	0.01187	0.28683	0.06392	0.02268	0.01213	0.03490	0.00972	0.00719	0.00708	0.05080	0.05297	0.00514	0.00388	0.00766

[dist]
# distance from previous block
# <min> <max>
3	18

[block]
# block no. 5 follows, 44 sequences, length 29
# corresponding to MSA columns:
# 478-506
name=unknown_F
#
# <colnr> <probs for GDERKNQSTAVLIFYWHMCP>
#	G	D	E	R	K	N	Q	S	T	A	V	L	I	F	Y	W	H	M	C	P
0	0.03069	0.01234	0.04822	0.27941	0.18562	0.05218	0.12460	0.03796	0.01241	0.01676	0.06186	0.07011	0.01263	0.00649	0.00596	0.00178	0.02509	0.00601	0.00308	0.00681
1	0.04490	0.12043	0.56060	0.01394	0.02086	0.01399	0.01690	0.09474	0.01295	0.01892	0.02763	0.01192	0.00817	0.00540	0.00496	0.00165	0.00729	0.00408	0.00277	0.00790
2	0.07078	0.01094	0.01198	0.00986	0.01319	0.01139	0.00786	0.30493	0.08778	0.09922	0.02988	0.09230	0.08448	0.04032	0.00637	0.00182	0.00475	0.02018	0.00508	0.08689
3	0.01272	0.26591	0.23951	0.01187	0.01691	0.01475	0.04122	0.06658	0.01197	0.01648	0.01001	0.03336	0.00866	0.03789	0.00644	0.00162	0.06459	0.00424	0.00281	0.13248
4	0.01363	0.01275	0.02112	0.11439	0.64457	0.01312	0.01614	0.06545	0.01313	0.01849	0.01038	0.01358	0.00853	0.00503	0.00541	0.00164	0.00653	0.00486	0.00285	0.00840
5	0.01030	0.00969	0.01635	0.79530	0.03755	0.01211	0.01514	0.01393	0.01090	0.01393	0.00969	0.01453	0.00727	0.00545	0.00545	0.00182	0.00727	0.00484	0.00242	0.00606
6	0.01498	0.01286	0.01310	0.01145	0.01472	0.04509	0.00898	0.14549	0.61582	0.02428	0.02018	0.01875	0.01507	0.00719	0.00551	0.00180	0.00481	0.00586	0.00542	0.00864
7	0.01310	0.01043	0.01204	0.00874	0.01350	0.00860	0.00705	0.11438	0.01341	0.05024	0.01062	0.01183	0.00845	0.00448	0.00429	0.00095	0.00433	0.00355	0.00367	0.69635
8	0.01220	0.04955	0.62577	0.03417	0.02214	0.01249	0.01790	0.04713	0.01247	0.06835	0.04033	0.01317	0.00919	0.00556	0.00521	0.00170	0.00744	0.00437	0.00287	0.00799
9	0.36780	0.06878	0.28156	0.01278	0.01821	0.01323	0.13243	0.01671	0.01075	0.02008	0.00891	0.01072	0.00671	0.00500	0.00451	0.00169	0.00646	0.00389	0.00283	0.00696
10	0.00879	0.00628	0.00879	0.01004	0.01130	0.00628	0.00879	0.01130	0.01255	0.01632	0.02887	0.06150	0.03138	0.01506	0.00753	0.00251	0.00502	0.73770	0.00502	0.00502
11	0.02005	0.01366	0.01496	0.01162	0.01564	0.01483	0.00950	0.58711	0.04735	0.12290	0.01474	0.01514	0.01061	0.03783	0.00627	0.00178	0.00562	0.00514	0.03640	0.00886
12	0.01600	0.04910	0.01299	0.01053	0.01345	0.11094	0.00829	0.20856	0.14667	0.11535	0.03790	0.09714	0.03988	0.07081	0.00734	0.00201	0.00546	0.03533	0.00493	0.00732
13	0.00779	0.00582	0.00865	0.00865	0.00959	0.00675	0.00668	0.00966	0.00873	0.01257	0.01470	0.02198	0.01387	0.07106	0.75696	0.00863	0.01424	0.00592	0.00294	0.00481
14	0.00715	0.00528	0.00685	0.03191	0.00902	0.00504	0.00543	0.02812	0.01121	0.01478	0.05276	0.66085	0.10943	0.01593	0.00680	0.00213	0.00331	0.01432	0.00502	0.00465
15	0.03632	0.01159	0.01841	0.28796	0.41524	0.02964	0.01486	0.01586	0.03849	0.01659	0.01147	0.04559	0.00982	0.00583	0.00545	0.00173	0.00652	0.01836	0.00286	0.00740
16	0.00811	0.00629	0.00791	0.00815	0.00899	0.02702	0.00597	0.00967	0.01172	0.02927	0.21134	0.38970	0.07232	0.01689	0.08960	0.00275	0.06005	0.02449	0.00485	0.00492
17	0.01022	0.00700	0.00894	0.05189	0.01114	0.03638	0.03599	0.01227	0.01277	0.09424	0.21347	0.27633	0.06066	0.01119	0.00600	0.00181	0.00378	0.00990	0.13054	0.00549
18	0.01306	0.18906	0.38533	0.01342	0.01922	0.03906	0.03343	0.07712	0.09193	0.01800	0.01151	0.01388	0.00909	0.00591	0.00538	0.00166	0.03084	0.03134	0.00303	0.00774
19	0.01402	0.01435	0.01650	0.10039	0.30566	0.18185	0.01234	0.03742	0.11530	0.01767	0.07408	0.03962	0.03408	0.00657	0.00547	0.00165	0.00648	0.00562	0.00355	0.00737
20	0.01178	0.01175	0.01673	0.01428	0.01444	0.01624	0.02817	0.01308	0.00847	0.01320	0.00754	0.01237	0.00744	0.01068	0.04821	0.00263	0.74978	0.00485	0.00242	0.00595
21	0.01377	0.01348	0.02186	0.03268	0.74391	0.04408	0.01648	0.01693	0.01254	0.01763	0.01018	0.01335	0.00857	0.00489	0.00538	0.00161	0.00661	0.00480	0.00270	0.00854
22	0.01122	0.01063	0.01802	0.57479	0.25083	0.01236	0.01560	0.01474	0.01134	0.01505	0.00985	0.01423	0.00766	0.00528	0.00544	0.00176	0.00704	0.00485	0.00250	0.00680
23	0.01212	0.01142	0.01810	0.49781	0.26115	0.03218	0.01524	0.05749	0.01232	0.01627	0.01003	0.01401	0.00779	0.00534	0.00542	0.00174	0.00702	0.00482	0.00269	0.00704
24	0.01029	0.00939	0.01561	0.74317	0.03549	0.01165	0.01439	0.01385	0.01094	0.01435	0.01022	0.01492	0.00771	0.00551	0.00534	0.00178	0.00696	0.00486	0.05759	0.00599
25	0.01180	0.00846	0.01342	0.01208	0.06446	0.00788	0.13713	0.01488	0.04525	0.14631	0.22975	0.11434	0.13465	0.00979	0.00625	0.00182	0.00456	0.02565	0.00506	0.00645
26	0.01613	0.00929	0.04155	0.00899	0.01243	0.00793	0.00749	0.03909	0.08363	0.34334	0.20812	0.02535	0.07331	0.00803	0.00563	0.00163	0.00408	0.00674	0.00577	0.09146
27	0.00823	0.00558	0.00632	0.00622	0.00641	0.00564	0.00364	0.02776	0.00851	0.01136	0.01770	0.03485	0.03374	0.74207	0.05632	0.00526	0.00562	0.00784	0.00338	0.00355
28	0.01256	0.04439	0.03166	0.02439	0.45202	0.03611	0.06722	0.01646	0.06800	0.01740	0.02515	0.06747	0.03628	0.00702	0.00571	0.00175	0.00613	0.06926	0.00335	0.00766

[dist]
# distance from previous block
# <min> <max>
8	33

[block]
# block no. 6 follows, 44 sequences, length 23
# corresponding to MSA columns:
# 542-564
name=unknown_G
#
# <colnr> <probs for GDERKNQSTAVLIFYWHMCP>
#	G	D	E	R	K	N	Q	S	T	A	V	L	I	F	Y	W	H	M	C	P
0	0.01385	0.12510	0.15416	0.01082	0.01485	0.11729	0.01016	0.08569	0.10143	0.07142	0.04955	0.03488	0.14348	0.00819	0.01870	0.00174	0.00595	0.00597	0.00405	0.02271
1	0.01244	0.03366	0.01151	0.00928	0.01226	0.04334	0.00723	0.11760	0.11752	0.03850	0.07734	0.12057	0.03999	0.04793	0.03331	0.00193	0.02357	0.00664	0.00439	0.24099
2	0.00774	0.00524	0.00612	0.00624	0.00641	0.00516	0.00371	0.00811	0.00897	0.01208	0.09122	0.13476	0.02494	0.63046	0.02304	0.00455	0.00475	0.00908	0.00379	0.00362
3	0.00752	0.00523	0.00595	0.00614	0.00645	0.00506	0.00369	0.00786	0.00894	0.01166	0.02443	0.15773	0.12603	0.57571	0.02158	0.00433	0.00461	0.00960	0.00382	0.00366
4	0.01130	0.00969	0.01130	0.00807	0.01292	0.00727	0.00646	0.01373	0.01130	0.01776	0.00969	0.01130	0.00807	0.00404	0.00404	0.00081	0.00404	0.00323	0.00323	0.84173
5	0.01093	0.02820	0.78016	0.01554	0.02360	0.01266	0.02014	0.01727	0.01151	0.01727	0.00978	0.01151	0.00691	0.00518	0.00518	0.00173	0.00806	0.00403	0.00230	0.00806
6	0.01055	0.00889	0.00958	0.00898	0.01136	0.00958	0.00695	0.01967	0.41854	0.01986	0.10621	0.05662	0.22916	0.01025	0.00604	0.00188	0.00372	0.04990	0.00541	0.00685
7	0.00985	0.00714	0.01024	0.07898	0.01407	0.00731	0.02942	0.01303	0.04895	0.05250	0.02716	0.07152	0.05834	0.01317	0.00706	0.00232	0.00513	0.53343	0.00484	0.00552
8	0.00965	0.00668	0.00758	0.00707	0.00774	0.00698	0.00454	0.10921	0.01039	0.01396	0.01641	0.03146	0.01789	0.63727	0.08681	0.00508	0.00614	0.00735	0.00356	0.00424
9	0.01475	0.00988	0.01231	0.09220	0.01600	0.00964	0.00871	0.07014	0.15461	0.18316	0.01752	0.02211	0.01413	0.00713	0.00537	0.00160	0.00483	0.10817	0.00474	0.24300
10	0.01325	0.00879	0.01059	0.00974	0.01190	0.00908	0.00778	0.23626	0.01594	0.08719	0.04625	0.18106	0.03753	0.05494	0.00832	0.04289	0.00481	0.20222	0.00512	0.00634
11	0.01958	0.13200	0.01722	0.01341	0.01647	0.68330	0.01037	0.02103	0.01486	0.01327	0.00831	0.00968	0.00702	0.00549	0.00472	0.00137	0.00929	0.00343	0.00274	0.00641
12	0.01105	0.00594	0.00603	0.00571	0.00724	0.00608	0.00436	0.07529	0.01263	0.02151	0.01739	0.01972	0.01358	0.00637	0.00395	0.00130	0.00283	0.00507	0.76853	0.00543
13	0.00767	0.00557	0.00722	0.00681	0.00811	0.00512	0.00511	0.01019	0.01532	0.02159	0.74389	0.04118	0.07924	0.01125	0.00643	0.00172	0.00258	0.00992	0.00597	0.00512
14	0.01130	0.00969	0.01130	0.00807	0.01292	0.00727	0.00646	0.01373	0.01130	0.01776	0.00969	0.01130	0.00807	0.00404	0.00404	0.00081	0.00404	0.00323	0.00323	0.84173
15	0.01308	0.49000	0.33715	0.01188	0.01794	0.01791	0.01377	0.01671	0.01126	0.01465	0.00848	0.00988	0.00696	0.00488	0.00419	0.00140	0.00674	0.00337	0.00232	0.00743
16	0.01906	0.01434	0.01532	0.01205	0.01612	0.01592	0.00986	0.61321	0.14202	0.03180	0.01610	0.01571	0.03895	0.00695	0.00551	0.00168	0.00561	0.00535	0.00545	0.00900
17	0.02358	0.00917	0.01245	0.00957	0.01371	0.00790	0.00788	0.02571	0.01548	0.73387	0.04504	0.01907	0.01456	0.00682	0.00547	0.00166	0.00456	0.00556	0.00663	0.03132
18	0.00691	0.00511	0.00640	0.00698	0.00780	0.00466	0.00486	0.00830	0.01194	0.01590	0.21515	0.45711	0.17324	0.04012	0.00739	0.00212	0.00301	0.01316	0.00523	0.00460
19	0.03937	0.00957	0.01101	0.00843	0.01258	0.00793	0.00668	0.07853	0.01243	0.01898	0.01269	0.10360	0.01184	0.00604	0.00455	0.00111	0.00414	0.02123	0.00368	0.62562
20	0.01033	0.00903	0.01308	0.19397	0.01864	0.00878	0.06425	0.03443	0.01173	0.01664	0.06880	0.15421	0.01623	0.02581	0.00626	0.00161	0.03019	0.00669	0.00357	0.30577
21	0.01304	0.01102	0.04901	0.05449	0.01446	0.01104	0.00861	0.15997	0.26514	0.05403	0.08701	0.05015	0.12685	0.03238	0.00641	0.00188	0.00463	0.02012	0.00507	0.02466
22	0.01587	0.09482	0.05163	0.01107	0.01460	0.16278	0.00928	0.19410	0.15821	0.05928	0.03722	0.01973	0.11358	0.00819	0.02410	0.00179	0.00613	0.00569	0.00446	0.00746

[dist]
# distance from previous block
# <min> <max>
3	7

[block]
# block no. 7 follows, 44 sequences, length 14
# corresponding to MSA columns:
# 572-585
name=unknown_H
#
# <colnr> <probs for GDERKNQSTAVLIFYWHMCP>
#	G	D	E	R	K	N	Q	S	T	A	V	L	I	F	Y	W	H	M	C	P
0	0.04024	0.07413	0.01633	0.01564	0.12780	0.44648	0.01078	0.04449	0.03591	0.01576	0.04543	0.01454	0.02953	0.00635	0.00553	0.00154	0.03677	0.02285	0.00319	0.00672
1	0.01241	0.01349	0.04556	0.07732	0.12027	0.06092	0.33817	0.03072	0.03147	0.01687	0.02742	0.09417	0.01206	0.00739	0.02626	0.00198	0.04357	0.00662	0.00313	0.03020
2	0.01434	0.01400	0.02027	0.02902	0.61513	0.09995	0.01524	0.01762	0.03216	0.03690	0.01149	0.01556	0.00981	0.00552	0.00545	0.00164	0.00669	0.03799	0.00299	0.00823
3	0.04161	0.00644	0.00742	0.00692	0.00878	0.00597	0.00523	0.01123	0.06490	0.01936	0.39820	0.07920	0.24057	0.01116	0.00610	0.00172	0.00295	0.00959	0.00535	0.06730
4	0.01153	0.05029	0.60748	0.01746	0.10871	0.01306	0.04570	0.01771	0.04579	0.01744	0.01037	0.01216	0.00760	0.00521	0.00521	0.00171	0.00768	0.00427	0.00251	0.00809
5	0.00780	0.00536	0.00617	0.00609	0.00689	0.00508	0.00406	0.00902	0.01116	0.01544	0.22922	0.06404	0.15535	0.35029	0.01525	0.00323	0.00377	0.00902	0.08851	0.00424
6	0.01221	0.01179	0.01167	0.07074	0.01384	0.18043	0.00851	0.06828	0.01173	0.01474	0.01325	0.06483	0.01264	0.10001	0.25637	0.00433	0.09611	0.00582	0.03716	0.00555
7	0.75640	0.01158	0.03971	0.00788	0.01151	0.01257	0.00678	0.06697	0.01049	0.02485	0.00806	0.00925	0.00618	0.00517	0.00359	0.00169	0.00449	0.00313	0.00347	0.00622
8	0.00820	0.00570	0.00733	0.00685	0.00828	0.00520	0.00516	0.01066	0.01518	0.04823	0.68342	0.04094	0.11181	0.01122	0.00640	0.00172	0.00266	0.00984	0.00595	0.00525
9	0.00663	0.00480	0.00627	0.00744	0.00787	0.00444	0.00499	0.00761	0.01059	0.01398	0.03192	0.74902	0.09068	0.01684	0.00692	0.00219	0.00313	0.01520	0.00506	0.00444
10	0.01440	0.77312	0.06556	0.00963	0.01447	0.02113	0.00986	0.01637	0.01110	0.01304	0.00769	0.00888	0.00699	0.00469	0.00358	0.00119	0.00594	0.00297	0.00233	0.00705
11	0.01740	0.01720	0.01394	0.01229	0.01544	0.29921	0.00954	0.12336	0.33384	0.05493	0.01603	0.01654	0.01236	0.00681	0.00535	0.00167	0.00661	0.02512	0.00456	0.00779
12	0.00664	0.00474	0.00633	0.00759	0.00791	0.00443	0.00506	0.00759	0.01044	0.01392	0.03005	0.80485	0.03606	0.01708	0.00696	0.00221	0.00316	0.01550	0.00506	0.00443
13	0.01130	0.00969	0.01130	0.00807	0.01292	0.00727	0.00646	0.01373	0.01130	0.01776	0.00969	0.01130	0.00807	0.00404	0.00404	0.00081	0.00404	0.00323	0.00323	0.84173

[dist]
# distance from previous block
# <min> <max>
4	10

[block]
# block no. 8 follows, 44 sequences, length 10
# corresponding to MSA columns:
# 599-608
name=unknown_I
#
# <colnr> <probs for GDERKNQSTAVLIFYWHMCP>
#	G	D	E	R	K	N	Q	S	T	A	V	L	I	F	Y	W	H	M	C	P
0	0.01366	0.01144	0.01325	0.01029	0.01412	0.01145	0.00833	0.17003	0.11708	0.02125	0.01175	0.01300	0.00937	0.00579	0.00648	0.00134	0.11583	0.00420	0.00389	0.43743
1	0.01327	0.00688	0.00878	0.00764	0.01008	0.00605	0.00603	0.01539	0.01464	0.28333	0.30547	0.03668	0.21536	0.01042	0.00614	0.00177	0.00343	0.03619	0.00599	0.00645
2	0.00858	0.00618	0.00850	0.00956	0.01084	0.00610	0.00826	0.01104	0.01278	0.01670	0.09138	0.05934	0.06916	0.01468	0.00739	0.00241	0.00471	0.64227	0.00510	0.00501
3	0.00680	0.00541	0.00617	0.00668	0.00802	0.00477	0.00500	0.00821	0.01190	0.01471	0.04491	0.25993	0.47431	0.01487	0.00673	0.00203	0.00316	0.10674	0.00506	0.00461
4	0.01093	0.02820	0.78016	0.01554	0.02360	0.01266	0.02014	0.01727	0.01151	0.01727	0.00978	0.01151	0.00691	0.00518	0.00518	0.00173	0.00806	0.00403	0.00230	0.00806
5	0.01030	0.00969	0.01635	0.79530	0.03755	0.01211	0.01514	0.01393	0.01090	0.01393	0.00969	0.01453	0.00727	0.00545	0.00545	0.00182	0.00727	0.00484	0.00242	0.00606
6	0.00703	0.00491	0.00621	0.00710	0.00732	0.00469	0.00453	0.00769	0.00969	0.01291	0.02619	0.57425	0.03119	0.25431	0.01319	0.00313	0.00380	0.01323	0.00453	0.00409
7	0.84691	0.01054	0.00801	0.00717	0.01054	0.01223	0.00590	0.01603	0.00928	0.02446	0.00759	0.00886	0.00590	0.00506	0.00337	0.00169	0.00422	0.00295	0.00337	0.00590
8	0.00712	0.00566	0.00648	0.00677	0.00836	0.00503	0.00533	0.00886	0.01269	0.01582	0.12566	0.08635	0.49544	0.01394	0.00671	0.00199	0.00327	0.17462	0.00515	0.00475
9	0.01056	0.00897	0.01359	0.40756	0.06159	0.01025	0.01198	0.07405	0.01303	0.01706	0.08113	0.02925	0.05419	0.00862	0.00606	0.00194	0.00599	0.17442	0.00372	0.00606

[dist]
# distance from previous block
# <min> <max>
7	22

[block]
# block no. 9 follows, 44 sequences, length 79
# corresponding to MSA columns:
# 646-724
name=unknown_J
#
# <colnr> <probs for GDERKNQSTAVLIFYWHMCP>
#	G	D	E	R	K	N	Q	S	T	A	V	L	I	F	Y	W	H	M	C	P
0	0.26746	0.01139	0.01577	0.22063	0.31251	0.02602	0.01264	0.01570	0.01112	0.01872	0.00987	0.01385	0.00816	0.00542	0.00485	0.00172	0.00600	0.02828	0.00291	0.00698
1	0.01289	0.01319	0.06072	0.16925	0.45982	0.04487	0.01509	0.05429	0.01285	0.01757	0.02361	0.05653	0.01077	0.00603	0.00551	0.00170	0.00656	0.01803	0.00299	0.00772
2	0.08476	0.01021	0.01146	0.02407	0.01277	0.02751	0.03090	0.19386	0.06953	0.02267	0.08807	0.08680	0.04125	0.00783	0.00579	0.00162	0.04512	0.00630	0.13544	0.09403
3	0.00706	0.00513	0.00677	0.03326	0.00886	0.00492	0.00538	0.00820	0.01068	0.01419	0.07055	0.58209	0.06704	0.09746	0.00903	0.00249	0.00357	0.05405	0.00484	0.00445
4	0.38367	0.01223	0.01162	0.00950	0.01313	0.01375	0.00779	0.35054	0.03217	0.02854	0.01126	0.01200	0.00835	0.00589	0.00440	0.00163	0.00488	0.00409	0.07717	0.00741
5	0.01246	0.08594	0.23503	0.06793	0.05396	0.01341	0.27271	0.04762	0.01245	0.01745	0.01012	0.01271	0.00773	0.00495	0.00563	0.00162	0.02360	0.00482	0.00273	0.10714
6	0.01149	0.08845	0.58170	0.01659	0.06408	0.01331	0.09070	0.01700	0.01169	0.01693	0.01033	0.01321	0.00788	0.00536	0.00525	0.00171	0.00781	0.02622	0.00245	0.00784
7	0.01271	0.01582	0.09416	0.02236	0.02809	0.01369	0.69372	0.01745	0.01276	0.01745	0.01093	0.01444	0.00816	0.00464	0.00633	0.00183	0.00910	0.00623	0.00272	0.00741
8	0.02389	0.00931	0.01258	0.00968	0.01382	0.00813	0.00798	0.04279	0.01583	0.73917	0.04312	0.01908	0.01450	0.00687	0.00551	0.00169	0.00461	0.00560	0.00670	0.00916
9	0.01527	0.00959	0.01127	0.00974	0.01244	0.00982	0.00765	0.27026	0.03805	0.16812	0.04769	0.23918	0.06220	0.02882	0.00657	0.00195	0.00455	0.04413	0.00552	0.00718
10	0.01215	0.01326	0.07138	0.04369	0.19047	0.01226	0.31453	0.05579	0.01267	0.01752	0.01379	0.14505	0.01284	0.00717	0.00676	0.00186	0.05118	0.00721	0.00321	0.00719
11	0.00763	0.00562	0.00733	0.00819	0.00928	0.00532	0.00649	0.00949	0.01221	0.01590	0.11022	0.27387	0.16855	0.01502	0.00705	0.00222	0.00382	0.32187	0.00514	0.00479
12	0.01822	0.01284	0.01397	0.01123	0.01490	0.01406	0.00909	0.48017	0.14557	0.08715	0.01655	0.05932	0.01267	0.00727	0.00543	0.00168	0.00519	0.00576	0.07036	0.00857
13	0.01192	0.01261	0.02498	0.26271	0.09447	0.01309	0.40630	0.01584	0.01194	0.01610	0.01085	0.03477	0.00865	0.00544	0.00661	0.00185	0.04630	0.00596	0.00269	0.00692
14	0.01324	0.01290	0.02258	0.07820	0.64285	0.01300	0.08859	0.01686	0.02620	0.01763	0.01052	0.01380	0.00866	0.00491	0.00550	0.00166	0.00675	0.00503	0.00274	0.00835
15	0.01006	0.00605	0.00803	0.00747	0.00908	0.00553	0.00570	0.01240	0.01485	0.12925	0.56120	0.11218	0.04367	0.01125	0.00639	0.00179	0.00303	0.04042	0.00598	0.00566
16	0.00747	0.00559	0.00698	0.00691	0.00827	0.00509	0.00528	0.00967	0.01417	0.01921	0.48928	0.08805	0.21527	0.01249	0.00657	0.00185	0.00290	0.08436	0.00563	0.00497
17	0.02410	0.00986	0.01301	0.00998	0.01421	0.00888	0.00824	0.09787	0.01658	0.70548	0.02069	0.01802	0.01308	0.00673	0.00548	0.00168	0.00477	0.00543	0.00662	0.00928
18	0.04361	0.01008	0.01655	0.61057	0.03256	0.01218	0.06669	0.03439	0.01130	0.01547	0.01013	0.01449	0.00770	0.00563	0.00589	0.00180	0.04149	0.00490	0.04840	0.00617
19	0.00812	0.00620	0.00773	0.00823	0.00948	0.00621	0.00636	0.01121	0.08982	0.01577	0.06756	0.23450	0.17030	0.05032	0.08299	0.00292	0.00487	0.20746	0.00487	0.00509
20	0.00713	0.00509	0.00663	0.00769	0.00813	0.00485	0.00517	0.03121	0.01084	0.01446	0.02910	0.75540	0.03470	0.04192	0.00757	0.00229	0.00332	0.01492	0.00502	0.00455
21	0.09835	0.01142	0.10058	0.01042	0.02990	0.02797	0.00887	0.01922	0.17594	0.18363	0.06313	0.14203	0.05079	0.00901	0.00565	0.00185	0.00469	0.04437	0.00498	0.00718
22	0.15814	0.05097	0.01522	0.03471	0.07128	0.29804	0.02600	0.14063	0.09918	0.02034	0.02902	0.01257	0.00949	0.00588	0.00487	0.00157	0.00697	0.00427	0.00368	0.00718
23	0.02544	0.00689	0.00893	0.00846	0.02642	0.00645	0.00646	0.04158	0.01492	0.15566	0.41067	0.06814	0.09178	0.01084	0.00630	0.00183	0.00351	0.09389	0.00578	0.00604
24	0.82935	0.02745	0.00845	0.00721	0.01062	0.01243	0.00598	0.01603	0.00932	0.02421	0.00759	0.00885	0.00593	0.00505	0.00338	0.00168	0.00425	0.00295	0.00335	0.00593
25	0.00796	0.00529	0.00598	0.00597	0.00604	0.00528	0.00339	0.00811	0.00829	0.01120	0.04675	0.03559	0.02095	0.76215	0.02646	0.00507	0.00513	0.00795	0.01905	0.00341
26	0.04081	0.09173	0.69129	0.01473	0.02235	0.01338	0.01875	0.01714	0.01140	0.01716	0.00953	0.01119	0.00688	0.00513	0.00498	0.00168	0.00774	0.00390	0.00234	0.00789
27	0.53373	0.01164	0.01054	0.00878	0.01238	0.01311	0.00722	0.23363	0.01448	0.05674	0.02092	0.01129	0.00809	0.00569	0.00412	0.00166	0.00468	0.00379	0.03050	0.00699
28	0.23038	0.01018	0.01151	0.00923	0.01302	0.01020	0.00757	0.11185	0.04443	0.42083	0.03868	0.01621	0.01231	0.00644	0.00492	0.00167	0.00456	0.00491	0.03295	0.00814
29	0.01640	0.01268	0.01351	0.01150	0.01492	0.03366	0.00927	0.28257	0.37301	0.06740	0.01923	0.02134	0.01503	0.00774	0.00568	0.00182	0.00513	0.07516	0.00546	0.00849
30	0.04810	0.05060	0.60644	0.01425	0.02143	0.01272	0.01747	0.05918	0.01258	0.09182	0.01093	0.01208	0.00763	0.00538	0.00509	0.00170	0.00738	0.00414	0.00295	0.00812
31	0.14458	0.00818	0.02500	0.00763	0.00960	0.05003	0.00597	0.01267	0.01372	0.06734	0.44448	0.07803	0.07022	0.03166	0.00638	0.00182	0.00361	0.00836	0.00519	0.00553
