[name]
unknown

[dist]
# distance from previous block
# <min> <max>
0	20

[block]
# block no. 0 follows, 44 sequences, length 42
# corresponding to MSA columns:
# 70-111
name=unknown_A
#
# <colnr> <probs for GDERKNQSTAVLIFYWHMCP>
#	G	D	E	R	K	N	Q	S	T	A	V	L	I	F	Y	W	H	M	C	P
0	0.01033	0.00692	0.00909	0.00951	0.01119	0.00685	0.00810	0.05875	0.01341	0.05338	0.05462	0.07951	0.02797	0.01302	0.00683	0.00222	0.00467	0.52001	0.06978	0.03384
1	0.09041	0.01099	0.04203	0.00992	0.01416	0.00985	0.00843	0.14695	0.01622	0.46729	0.03822	0.01718	0.02587	0.00654	0.00522	0.00162	0.00483	0.00517	0.00575	0.07334
2	0.01680	0.01243	0.01358	0.01079	0.01453	0.01314	0.00870	0.46474	0.07450	0.04254	0.01660	0.08185	0.04162	0.00762	0.00562	0.01380	0.00510	0.00593	0.03033	0.11977
3	0.01167	0.01047	0.01445	0.31128	0.02269	0.02834	0.02316	0.07360	0.01173	0.01636	0.01025	0.01440	0.00853	0.03844	0.04657	0.00210	0.12464	0.00462	0.01740	0.20928
4	0.00854	0.00548	0.00686	0.00691	0.00736	0.00557	0.00449	0.00916	0.00886	0.04627	0.01859	0.14244	0.02033	0.47485	0.17104	0.02221	0.00669	0.00838	0.02191	0.00406
5	0.01287	0.01471	0.03217	0.02298	0.02849	0.01379	0.75460	0.01746	0.01287	0.01746	0.01103	0.01471	0.00827	0.00460	0.00643	0.00184	0.00919	0.00643	0.00276	0.00735
6	0.02007	0.01116	0.07608	0.02914	0.01501	0.00909	0.00904	0.08347	0.03561	0.49810	0.06060	0.01885	0.03043	0.00677	0.00542	0.00163	0.00489	0.00551	0.00579	0.07334
7	0.01966	0.00929	0.01181	0.00946	0.01293	0.00878	0.00762	0.09686	0.07877	0.48056	0.14435	0.02259	0.01988	0.04366	0.00665	0.00186	0.00444	0.00631	0.00624	0.00827
8	0.01461	0.01026	0.01206	0.01013	0.01334	0.01059	0.02595	0.15482	0.23867	0.13336	0.11299	0.03910	0.08048	0.00838	0.00574	0.00173	0.00445	0.04653	0.00544	0.07137
9	0.00671	0.00479	0.00638	0.00755	0.00792	0.00447	0.00507	0.00775	0.01074	0.01439	0.07433	0.75921	0.03698	0.01673	0.00693	0.00218	0.00313	0.01516	0.00512	0.00447
10	0.06460	0.00641	0.00766	0.00717	0.00884	0.00615	0.00548	0.04433	0.01478	0.04088	0.51775	0.07503	0.13615	0.01116	0.00622	0.00177	0.00302	0.03158	0.00563	0.00538
11	0.15018	0.03500	0.01269	0.00971	0.01368	0.01053	0.00800	0.08594	0.10969	0.48018	0.01830	0.01652	0.01216	0.00649	0.00510	0.00169	0.00468	0.00505	0.00583	0.00860
12	0.01966	0.01299	0.01470	0.03240	0.01611	0.01379	0.00949	0.48715	0.05514	0.17539	0.01571	0.05372	0.01164	0.00699	0.00547	0.00165	0.00545	0.00551	0.00549	0.05155
13	0.01099	0.00936	0.01097	0.00804	0.01259	0.00708	0.00637	0.01332	0.01125	0.01751	0.01105	0.06430	0.00994	0.00491	0.00423	0.00090	0.00398	0.00405	0.00335	0.78582
14	0.01713	0.01290	0.01360	0.01103	0.01438	0.04321	0.00888	0.51049	0.03625	0.02894	0.09490	0.06961	0.01655	0.02505	0.00607	0.00176	0.00533	0.02394	0.05206	0.00793
15	0.00797	0.00597	0.00855	0.00846	0.00922	0.00690	0.00637	0.00953	0.00860	0.01229	0.01479	0.02365	0.01451	0.17889	0.62059	0.00789	0.04205	0.00618	0.00297	0.00462
16	0.01130	0.00969	0.01130	0.00807	0.01292	0.00727	0.00646	0.01373	0.01130	0.01776	0.00969	0.01130	0.00807	0.00404	0.00404	0.00081	0.00404	0.00323	0.00323	0.84173
17	0.02011	0.06117	0.01604	0.01383	0.01673	0.75226	0.01048	0.02153	0.01525	0.01332	0.00839	0.00978	0.00702	0.00558	0.00485	0.00139	0.00965	0.00348	0.00279	0.00635
18	0.02294	0.01172	0.01416	0.01086	0.01513	0.01163	0.00897	0.32339	0.01968	0.47559	0.01808	0.01633	0.01178	0.00667	0.00547	0.00167	0.00519	0.00525	0.00622	0.00928
19	0.00694	0.00550	0.00623	0.00613	0.00769	0.00480	0.00457	0.00875	0.01347	0.01739	0.32540	0.08536	0.46254	0.01296	0.00646	0.00181	0.00271	0.01108	0.00542	0.00480
20	0.02005	0.00901	0.01233	0.04567	0.04346	0.00828	0.00825	0.03730	0.04301	0.54197	0.14918	0.02194	0.01957	0.00739	0.00564	0.00170	0.00449	0.00619	0.00620	0.00837
21	0.00947	0.00473	0.00710	0.00710	0.00710	0.00473	0.00473	0.00710	0.00710	0.00947	0.00947	0.01657	0.00947	0.01894	0.02131	0.84138	0.00473	0.00473	0.00237	0.00237
22	0.02072	0.01527	0.01636	0.01254	0.01691	0.01691	0.01036	0.75622	0.02563	0.03436	0.01309	0.01309	0.00927	0.00654	0.00545	0.00164	0.00600	0.00491	0.00545	0.00927
23	0.01496	0.29802	0.20806	0.01415	0.07202	0.06140	0.04163	0.15844	0.02896	0.01879	0.00982	0.01119	0.00777	0.00540	0.00504	0.00151	0.02800	0.00399	0.00306	0.00779
24	0.01192	0.23982	0.57715	0.01386	0.02100	0.01507	0.01722	0.01701	0.01139	0.01607	0.00919	0.01076	0.00693	0.00504	0.00473	0.00158	0.00746	0.00373	0.00231	0.00777
25	0.02037	0.02598	0.01545	0.01404	0.01685	0.78652	0.01053	0.02177	0.01545	0.01334	0.00843	0.00983	0.00702	0.00562	0.00492	0.00140	0.00983	0.00351	0.00281	0.00632
26	0.00664	0.00474	0.00633	0.00759	0.00791	0.00443	0.00506	0.00759	0.01044	0.01392	0.03005	0.80485	0.03606	0.01708	0.00696	0.00221	0.00316	0.01550	0.00506	0.00443
27	0.00708	0.00547	0.00646	0.00638	0.00780	0.00485	0.00472	0.00899	0.01368	0.01810	0.39931	0.12464	0.34717	0.01286	0.00649	0.00182	0.00271	0.01112	0.00552	0.00485
28	0.02446	0.00928	0.01265	0.00970	0.01392	0.00801	0.00801	0.02657	0.01560	0.77817	0.02151	0.01856	0.01350	0.00675	0.00548	0.00169	0.00464	0.00548	0.00675	0.00928
29	0.00747	0.00553	0.00697	0.00668	0.00801	0.00503	0.00498	0.00979	0.01476	0.02043	0.62953	0.07196	0.16503	0.01180	0.00645	0.00175	0.00262	0.01034	0.00582	0.00503
30	0.04527	0.00933	0.01246	0.00955	0.01378	0.00809	0.00788	0.02566	0.01523	0.72076	0.02056	0.01794	0.01303	0.00657	0.00536	0.00164	0.00460	0.00530	0.00649	0.05051
31	0.01948	0.01271	0.01399	0.01097	0.01481	0.01367	0.00898	0.50074	0.05779	0.14953	0.01552	0.01533	0.01096	0.00659	0.00523	0.00160	0.00521	0.00508	0.12314	0.00865
32	0.80542	0.01142	0.04633	0.00758	0.01119	0.01225	0.00661	0.01609	0.00939	0.02410	0.00770	0.00899	0.00595	0.00507	0.00346	0.00169	0.00441	0.00301	0.00332	0.00601
33	0.01205	0.03884	0.01646	0.02913	0.01467	0.01597	0.01134	0.01434	0.05918	0.01406	0.00838	0.01239	0.00784	0.00881	0.01546	0.00220	0.65291	0.00471	0.00265	0.05859
34	0.00768	0.00578	0.00692	0.00740	0.00852	0.00543	0.00532	0.05795	0.01237	0.01602	0.07280	0.46408	0.24669	0.01505	0.00671	0.00206	0.00329	0.04594	0.00513	0.00486
35	0.00746	0.00556	0.00694	0.00659	0.00799	0.00504	0.00494	0.00980	0.01483	0.02044	0.62897	0.04306	0.19488	0.01168	0.00643	0.00174	0.00261	0.01019	0.00581	0.00504
36	0.01231	0.01062	0.01113	0.01012	0.01298	0.01199	0.00784	0.02525	0.63237	0.02139	0.02800	0.02599	0.14942	0.00852	0.00570	0.00185	0.00404	0.00710	0.00546	0.00792
37	0.00653	0.00553	0.00564	0.00561	0.00742	0.00464	0.00421	0.00799	0.01263	0.01520	0.10306	0.05168	0.72405	0.01363	0.00644	0.00183	0.00275	0.01140	0.00513	0.00464
38	0.00684	0.00494	0.00651	0.00761	0.00812	0.00460	0.00527	0.00801	0.01097	0.01459	0.07479	0.67191	0.07425	0.01643	0.00694	0.00219	0.00323	0.06319	0.00511	0.00452
39	0.01938	0.02429	0.01543	0.07457	0.01838	0.70326	0.01083	0.02138	0.03756	0.01367	0.00894	0.01051	0.00733	0.00566	0.00498	0.00145	0.00947	0.00369	0.00286	0.00637
40	0.01130	0.00969	0.01130	0.00807	0.01292	0.00727	0.00646	0.01373	0.01130	0.01776	0.00969	0.01130	0.00807	0.00404	0.00404	0.00081	0.00404	0.00323	0.00323	0.84173
41	0.07758	0.07279	0.03963	0.00982	0.01404	0.03296	0.00844	0.03843	0.01488	0.58817	0.03550	0.01704	0.01284	0.00648	0.00518	0.00164	0.00495	0.00509	0.00587	0.00865

[dist]
# distance from previous block
# <min> <max>
1	3

[block]
# block no. 1 follows, 44 sequences, length 22
# corresponding to MSA columns:
# 115-136
name=unknown_B
#
# <colnr> <probs for GDERKNQSTAVLIFYWHMCP>
#	G	D	E	R	K	N	Q	S	T	A	V	L	I	F	Y	W	H	M	C	P
0	0.05650	0.11257	0.05818	0.00991	0.01298	0.03598	0.03067	0.15670	0.09440	0.05014	0.01437	0.03415	0.01302	0.23314	0.02377	0.00272	0.00578	0.00565	0.00391	0.04545
1	0.78487	0.01090	0.00864	0.00757	0.01102	0.01258	0.00624	0.07161	0.01051	0.02520	0.00800	0.00917	0.00616	0.00517	0.00353	0.00168	0.00435	0.00310	0.00353	0.00616
2	0.01288	0.00990	0.01161	0.00849	0.01308	0.00797	0.00682	0.07186	0.01293	0.07797	0.04635	0.01337	0.01061	0.00477	0.00437	0.00098	0.00417	0.00384	0.00380	0.67423
3	0.01057	0.00997	0.01685	0.73020	0.10051	0.01218	0.01528	0.01417	0.01103	0.01426	0.00974	0.01445	0.00738	0.00540	0.00545	0.00180	0.00720	0.00485	0.00245	0.00628
4	0.76482	0.01156	0.04153	0.00783	0.01146	0.01251	0.00676	0.05758	0.01029	0.02471	0.00799	0.00921	0.00614	0.00515	0.00357	0.00169	0.00448	0.00311	0.00344	0.00619
5	0.00720	0.00525	0.00659	0.00721	0.00789	0.00497	0.00492	0.00884	0.03585	0.01535	0.16649	0.48897	0.09630	0.10668	0.00917	0.00243	0.00330	0.01296	0.00505	0.00458
6	0.00740	0.00567	0.00622	0.00601	0.00779	0.00486	0.00453	0.00910	0.01330	0.04314	0.23661	0.04829	0.56207	0.01288	0.00641	0.00180	0.00278	0.01088	0.00536	0.00490
7	0.05270	0.01126	0.01284	0.01262	0.08979	0.01231	0.00894	0.10149	0.42924	0.03824	0.06409	0.04694	0.03162	0.00742	0.00545	0.00174	0.00452	0.00621	0.00504	0.05753
8	0.00743	0.00544	0.00648	0.00660	0.00794	0.00482	0.00480	0.00906	0.01287	0.04019	0.25764	0.25084	0.33871	0.01369	0.00655	0.00190	0.00287	0.01191	0.00539	0.00486
9	0.01324	0.01129	0.01381	0.13394	0.01800	0.02982	0.03390	0.16186	0.08209	0.02097	0.06687	0.01521	0.01207	0.00575	0.00525	0.00137	0.02220	0.00471	0.00391	0.34375
10	0.01342	0.07442	0.01623	0.05467	0.05525	0.04378	0.08620	0.06377	0.04500	0.06401	0.06462	0.01488	0.01181	0.00568	0.00569	0.00138	0.05463	0.00468	0.01792	0.30193
11	0.13230	0.03068	0.01441	0.06330	0.05872	0.08179	0.00969	0.29786	0.09043	0.11013	0.01405	0.01439	0.02161	0.00627	0.00505	0.00164	0.00573	0.00476	0.02919	0.00800
12	0.01249	0.15520	0.21811	0.01915	0.24973	0.01337	0.07476	0.01621	0.01181	0.01671	0.01045	0.01260	0.02151	0.00491	0.00489	0.00146	0.00653	0.00429	0.00267	0.14315
13	0.01160	0.00972	0.01126	0.00838	0.01278	0.00790	0.00666	0.05570	0.04741	0.01907	0.05617	0.03480	0.01186	0.00510	0.00441	0.00099	0.00405	0.00418	0.00368	0.68426
14	0.00775	0.00533	0.00654	0.00669	0.00691	0.00549	0.00419	0.00824	0.00838	0.01136	0.01816	0.12147	0.02048	0.56716	0.17381	0.00561	0.00686	0.00839	0.00343	0.00374
15	0.01276	0.12796	0.01704	0.07126	0.01701	0.01148	0.10150	0.09683	0.01307	0.01853	0.01157	0.01334	0.03192	0.00496	0.00459	0.00120	0.00533	0.00421	0.02681	0.40864
16	0.00710	0.00574	0.00616	0.00611	0.00767	0.00514	0.00445	0.00912	0.04585	0.01566	0.15080	0.08864	0.52320	0.08996	0.00848	0.00218	0.00307	0.01090	0.00505	0.00472
17	0.84691	0.01054	0.00801	0.00717	0.01054	0.01223	0.00590	0.01603	0.00928	0.02446	0.00759	0.00886	0.00590	0.00506	0.00337	0.00169	0.00422	0.00295	0.00337	0.00590
18	0.00910	0.00689	0.00937	0.06142	0.07591	0.00694	0.00693	0.01227	0.07811	0.03661	0.33181	0.19110	0.03405	0.10449	0.00879	0.00225	0.00386	0.00961	0.00495	0.00554
19	0.00731	0.00556	0.00672	0.00643	0.00789	0.00497	0.00482	0.00950	0.01447	0.01957	0.54155	0.04449	0.28284	0.01200	0.00643	0.00176	0.00263	0.01039	0.00570	0.00497
20	0.02909	0.18080	0.20625	0.12892	0.10932	0.14314	0.07129	0.04113	0.01261	0.01599	0.00931	0.01158	0.00736	0.00515	0.00493	0.00156	0.00755	0.00412	0.00261	0.00728
21	0.01141	0.01021	0.01609	0.52443	0.12822	0.01188	0.01371	0.06196	0.01199	0.01623	0.01043	0.01451	0.00810	0.00642	0.02600	0.00189	0.02402	0.00479	0.04166	0.05606

[dist]
# distance from previous block
# <min> <max>
0	2

[block]
# block no. 2 follows, 44 sequences, length 16
# corresponding to MSA columns:
# 139-154
name=unknown_C
#
# <colnr> <probs for GDERKNQSTAVLIFYWHMCP>
#	G	D	E	R	K	N	Q	S	T	A	V	L	I	F	Y	W	H	M	C	P
0	0.01435	0.08635	0.34585	0.01734	0.11850	0.03792	0.11522	0.05818	0.02740	0.11032	0.01162	0.01302	0.00844	0.00534	0.00529	0.00166	0.00728	0.00461	0.00320	0.00812
1	0.01411	0.71242	0.12379	0.01012	0.01521	0.02044	0.01070	0.01644	0.01113	0.01339	0.00786	0.00910	0.00698	0.00473	0.00371	0.00124	0.00611	0.00306	0.00233	0.00713
2	0.00675	0.00483	0.00626	0.00735	0.00771	0.00451	0.00487	0.00763	0.01031	0.01366	0.03005	0.70395	0.06750	0.08619	0.00875	0.00247	0.00333	0.01466	0.00491	0.00434
3	0.00835	0.00620	0.00840	0.00956	0.05969	0.00644	0.00609	0.00927	0.00981	0.03104	0.02278	0.44393	0.02638	0.22416	0.03067	0.00313	0.07383	0.01140	0.00420	0.00467
4	0.01679	0.08621	0.13274	0.01252	0.01687	0.04189	0.01146	0.34078	0.16537	0.04652	0.01357	0.01386	0.01006	0.00652	0.00608	0.00169	0.05936	0.00481	0.00446	0.00844
5	0.35131	0.11781	0.02711	0.00866	0.01260	0.01242	0.00744	0.05338	0.01100	0.02036	0.00856	0.01011	0.00703	0.00506	0.00472	0.00138	0.05796	0.00328	0.00321	0.27661
6	0.07313	0.00773	0.07351	0.00653	0.00850	0.00652	0.00561	0.02968	0.01137	0.01980	0.01701	0.07201	0.01440	0.04434	0.00527	0.00160	0.00340	0.00566	0.58855	0.00537
7	0.00693	0.00502	0.00662	0.00780	0.00835	0.00470	0.00553	0.00813	0.01087	0.01431	0.03160	0.64760	0.08562	0.01657	0.00700	0.00223	0.00340	0.11813	0.00506	0.00452
8	0.00841	0.00632	0.00976	0.00968	0.01096	0.00598	0.08023	0.01031	0.01188	0.03796	0.10839	0.44178	0.03320	0.01441	0.00694	0.00218	0.00418	0.18737	0.00497	0.00508
9	0.01226	0.01082	0.01407	0.01041	0.01475	0.00965	0.07282	0.06983	0.02914	0.01862	0.01009	0.01200	0.00828	0.00490	0.00578	0.00114	0.08464	0.00386	0.00332	0.60360
10	0.01238	0.01002	0.01039	0.00942	0.01191	0.03240	0.00718	0.07610	0.39608	0.04437	0.02654	0.07890	0.14303	0.07904	0.00765	0.00212	0.00430	0.00761	0.03349	0.00709
11	0.01513	0.01025	0.01243	0.09340	0.01551	0.01102	0.03363	0.24125	0.10204	0.10598	0.03054	0.01901	0.04793	0.00785	0.02791	0.00182	0.00511	0.00562	0.20619	0.00736
12	0.00669	0.00481	0.00627	0.00742	0.00779	0.00448	0.00494	0.00762	0.01042	0.01380	0.03064	0.73474	0.06971	0.05290	0.00788	0.00234	0.00324	0.01497	0.00498	0.00439
13	0.02010	0.01356	0.01550	0.01340	0.07277	0.05048	0.01018	0.40990	0.03481	0.21547	0.01471	0.01471	0.01037	0.00777	0.03315	0.00192	0.04216	0.00503	0.00522	0.00877
14	0.01047	0.00986	0.01666	0.75454	0.07698	0.01216	0.01523	0.01408	0.01098	0.01414	0.00972	0.01448	0.00734	0.00542	0.00545	0.00181	0.00723	0.00485	0.00244	0.00619
15	0.01352	0.58377	0.24721	0.01113	0.01679	0.01898	0.01247	0.01660	0.01120	0.01412	0.00822	0.00955	0.00697	0.00481	0.00399	0.00133	0.00648	0.00324	0.00232	0.00730

[dist]
# distance from previous block
# <min> <max>
0	11

[block]
# block no. 3 follows, 44 sequences, length 72
# corresponding to MSA columns:
# 166-237
name=unknown_D
#
# <colnr> <probs for GDERKNQSTAVLIFYWHMCP>
#	G	D	E	R	K	N	Q	S	T	A	V	L	I	F	Y	W	H	M	C	P
0	0.02587	0.03864	0.16566	0.42917	0.07770	0.02597	0.06139	0.04496	0.01176	0.01596	0.00972	0.01336	0.00739	0.00552	0.00595	0.00178	0.04511	0.00467	0.00258	0.00684
1	0.01182	0.00935	0.01100	0.00805	0.01260	0.00712	0.00642	0.01414	0.01162	0.06719	0.01310	0.03223	0.04532	0.00498	0.00431	0.00095	0.00400	0.00406	0.00359	0.72815
2	0.05044	0.00651	0.00699	0.02870	0.00876	0.00678	0.00511	0.08188	0.01308	0.02162	0.11371	0.02160	0.01778	0.00794	0.02799	0.00162	0.00345	0.00560	0.56491	0.00554
3	0.01266	0.00678	0.00895	0.00777	0.00994	0.00617	0.00605	0.01540	0.03312	0.23892	0.53865	0.03388	0.03973	0.00980	0.00614	0.00171	0.00321	0.00852	0.00620	0.00641
4	0.01037	0.00983	0.01680	0.77333	0.03729	0.01216	0.03618	0.01403	0.01096	0.01403	0.00973	0.01454	0.00730	0.00543	0.00548	0.00182	0.00732	0.00489	0.00243	0.00609
5	0.02072	0.01527	0.01636	0.01254	0.01691	0.01691	0.01036	0.75622	0.02563	0.03436	0.01309	0.01309	0.00927	0.00654	0.00545	0.00164	0.00600	0.00491	0.00545	0.00927
6	0.00660	0.00543	0.00581	0.00593	0.00751	0.00463	0.00436	0.00804	0.01247	0.01534	0.12408	0.15056	0.60243	0.01397	0.00651	0.00188	0.00280	0.01187	0.00516	0.00463
7	0.02030	0.10462	0.01747	0.01198	0.01637	0.01680	0.01008	0.62105	0.02328	0.08470	0.01307	0.01299	0.00931	0.00635	0.00524	0.00159	0.00588	0.00472	0.00519	0.00902
8	0.00947	0.00473	0.00710	0.00710	0.00710	0.00473	0.00473	0.00710	0.00710	0.00947	0.00947	0.01657	0.00947	0.01894	0.02131	0.84138	0.00473	0.00473	0.00237	0.00237
9	0.02072	0.01527	0.01636	0.01254	0.01691	0.01691	0.01036	0.75622	0.02563	0.03436	0.01309	0.01309	0.00927	0.00654	0.00545	0.00164	0.00600	0.00491	0.00545	0.00927
10	0.01201	0.03203	0.06858	0.01180	0.01654	0.03966	0.13326	0.01492	0.01152	0.01705	0.00964	0.01182	0.00789	0.00469	0.00555	0.00119	0.06370	0.00394	0.00299	0.53122
11	0.00898	0.00830	0.01376	0.01126	0.01392	0.00753	0.20533	0.01167	0.02978	0.01657	0.11787	0.23585	0.19863	0.01085	0.00633	0.00183	0.00472	0.01013	0.00440	0.08230
12	0.84691	0.01054	0.00801	0.00717	0.01054	0.01223	0.00590	0.01603	0.00928	0.02446	0.00759	0.00886	0.00590	0.00506	0.00337	0.00169	0.00422	0.00295	0.00337	0.00590
13	0.00793	0.00555	0.00719	0.00785	0.00852	0.00543	0.00583	0.00934	0.01104	0.01473	0.12005	0.20843	0.03134	0.26073	0.01353	0.00321	0.00440	0.26589	0.00462	0.00438
14	0.07735	0.01017	0.01279	0.00993	0.01407	0.00956	0.00818	0.11468	0.04163	0.61307	0.01960	0.01732	0.01259	0.00663	0.00534	0.00169	0.00477	0.00527	0.00633	0.00904
15	0.01432	0.01138	0.01313	0.00968	0.01435	0.03115	0.02958	0.16271	0.01459	0.06931	0.01112	0.01218	0.00863	0.00477	0.00451	0.00108	0.00478	0.00381	0.00387	0.57507
16	0.01914	0.02369	0.01565	0.01405	0.01648	0.65714	0.01073	0.03641	0.01463	0.01377	0.00834	0.01021	0.00709	0.00621	0.00683	0.00155	0.12520	0.00373	0.00280	0.00633
17	0.11284	0.01296	0.01399	0.01117	0.01472	0.03975	0.00912	0.40089	0.01898	0.16514	0.01367	0.01465	0.01004	0.03771	0.04373	0.00217	0.06049	0.00489	0.00496	0.00814
18	0.82158	0.01069	0.00827	0.00733	0.01074	0.01237	0.00604	0.03872	0.00978	0.02476	0.00776	0.00899	0.00601	0.00511	0.00344	0.00169	0.00427	0.00301	0.00344	0.00601
19	0.01042	0.00533	0.00535	0.00526	0.00661	0.00537	0.00397	0.03072	0.01178	0.02067	0.01767	0.02015	0.01386	0.00636	0.00385	0.00128	0.00262	0.00508	0.81848	0.00518
20	0.00669	0.00479	0.00629	0.00747	0.00781	0.00447	0.00496	0.00761	0.01038	0.01379	0.03011	0.75234	0.05363	0.05179	0.00786	0.00234	0.00325	0.01507	0.00498	0.00438
21	0.00663	0.00478	0.00629	0.00750	0.00788	0.00444	0.00502	0.00760	0.01053	0.01395	0.03115	0.77183	0.06836	0.01694	0.00694	0.00220	0.00315	0.01532	0.00506	0.00444
22	0.02446	0.00928	0.01265	0.00970	0.01392	0.00801	0.00801	0.02657	0.01560	0.77817	0.02151	0.01856	0.01350	0.00675	0.00548	0.00169	0.00464	0.00548	0.00675	0.00928
23	0.00765	0.00557	0.00720	0.00679	0.00810	0.00512	0.00509	0.01016	0.01527	0.02149	0.73405	0.04134	0.08914	0.01128	0.00643	0.00172	0.00258	0.00995	0.00595	0.00512
24	0.01110	0.00536	0.00558	0.00538	0.00685	0.00527	0.00409	0.01361	0.01171	0.06982	0.01803	0.02021	0.01394	0.00638	0.00392	0.00130	0.00268	0.00511	0.78434	0.00536
25	0.01401	0.01194	0.01258	0.01119	0.01435	0.01377	0.00874	0.07497	0.71781	0.02354	0.02161	0.01988	0.01618	0.00734	0.00554	0.00184	0.00442	0.00608	0.00554	0.00867
26	0.01485	0.01059	0.01194	0.02760	0.01380	0.01155	0.00818	0.10802	0.41544	0.13576	0.12102	0.02294	0.03652	0.02907	0.00625	0.00187	0.00438	0.00655	0.00564	0.00805
27	0.05108	0.28717	0.46196	0.01341	0.02001	0.01565	0.04784	0.01690	0.01132	0.01613	0.00900	0.01061	0.00695	0.00498	0.00459	0.00154	0.00719	0.00371	0.00238	0.00757
28	0.75293	0.01046	0.00846	0.00753	0.01079	0.01210	0.00618	0.05072	0.01002	0.02416	0.00831	0.00988	0.00657	0.00747	0.05464	0.00215	0.00498	0.00323	0.00344	0.00600
29	0.01133	0.01064	0.01527	0.37125	0.02428	0.03473	0.01243	0.03843	0.01065	0.01472	0.02815	0.03164	0.00955	0.02520	0.01047	0.00207	0.29677	0.00521	0.04124	0.00598
30	0.00769	0.00557	0.00725	0.00683	0.00813	0.00513	0.00512	0.01023	0.01536	0.02170	0.75546	0.04099	0.06760	0.01121	0.00643	0.00172	0.00258	0.00990	0.00598	0.00513
31	0.01356	0.01334	0.02124	0.10285	0.66612	0.05389	0.01626	0.01674	0.01243	0.01722	0.01011	0.01340	0.00842	0.00495	0.00538	0.00163	0.00673	0.00478	0.00268	0.00827
32	0.00670	0.00489	0.00631	0.00731	0.00787	0.00450	0.00497	0.00783	0.01104	0.01462	0.09025	0.66288	0.11824	0.01626	0.00686	0.00213	0.00307	0.01462	0.00513	0.00450
33	0.00806	0.00624	0.00928	0.00912	0.01003	0.00746	0.00715	0.00996	0.00873	0.01269	0.01412	0.02080	0.01321	0.03884	0.73658	0.00835	0.06579	0.00577	0.00289	0.00494
34	0.01105	0.01007	0.01616	0.69390	0.03456	0.01250	0.01447	0.06235	0.01176	0.01535	0.00995	0.01443	0.00752	0.00573	0.00599	0.00182	0.04312	0.00485	0.01820	0.00624
35	0.01447	0.01115	0.04986	0.01056	0.01493	0.00927	0.06654	0.11686	0.01409	0.14550	0.01441	0.03950	0.01191	0.02484	0.00561	0.00146	0.00508	0.06002	0.00422	0.37973
36	0.01130	0.00969	0.01130	0.00807	0.01292	0.00727	0.00646	0.01373	0.01130	0.01776	0.00969	0.01130	0.00807	0.00404	0.00404	0.00081	0.00404	0.00323	0.00323	0.84173
37	0.00822	0.00576	0.00700	0.00695	0.00751	0.00591	0.00466	0.02946	0.00954	0.01284	0.05955	0.03531	0.06447	0.50212	0.16558	0.00526	0.00674	0.05542	0.00365	0.00405
38	0.01165	0.00750	0.00886	0.09169	0.01206	0.00810	0.00659	0.15016	0.01354	0.02058	0.01687	0.05868	0.03204	0.01035	0.06457	0.05079	0.00476	0.00575	0.41971	0.00575
39	0.01263	0.39263	0.43056	0.01265	0.01913	0.01681	0.01511	0.01683	0.01131	0.01520	0.00876	0.01022	0.00695	0.00494	0.00440	0.00147	0.00702	0.00351	0.00232	0.00756
40	0.00783	0.00541	0.00671	0.00676	0.00706	0.00563	0.00433	0.00843	0.00844	0.01153	0.03489	0.06876	0.01976	0.55602	0.22005	0.00594	0.00750	0.00780	0.00335	0.00380
41	0.04208	0.01008	0.01235	0.12789	0.01620	0.01107	0.04979	0.24362	0.06546	0.02383	0.01469	0.01652	0.01110	0.00620	0.00481	0.00155	0.00486	0.00507	0.32592	0.00691
42	0.02075	0.13017	0.01513	0.00980	0.01395	0.01107	0.00828	0.10827	0.03891	0.48013	0.05538	0.01727	0.01377	0.00652	0.00516	0.00157	0.00483	0.00516	0.00569	0.04818
43	0.01124	0.09292	0.71807	0.01503	0.02280	0.01340	0.01925	0.01719	0.01147	0.01690	0.00960	0.01128	0.00691	0.00514	0.00504	0.00168	0.00787	0.00394	0.00230	0.00797
44	0.00947	0.00473	0.00710	0.00710	0.00710	0.00473	0.00473	0.00710	0.00710	0.00947	0.00947	0.01657	0.00947	0.01894	0.02131	0.84138	0.00473	0.00473	0.00237	0.00237
45	0.00707	0.00552	0.00641	0.00624	0.00776	0.00486	0.00466	0.00902	0.01384	0.01819	0.40466	0.06898	0.39805	0.01260	0.00645	0.00179	0.00268	0.01082	0.00552	0.00486
46	0.01155	0.02629	0.68755	0.01660	0.06330	0.01258	0.04829	0.01753	0.01173	0.04029	0.01021	0.01195	0.00725	0.00519	0.00525	0.00172	0.00791	0.00421	0.00248	0.00810
47	0.00746	0.00551	0.00696	0.00671	0.00801	0.00502	0.00499	0.00974	0.01466	0.02027	0.61565	0.09239	0.15854	0.01193	0.00647	0.00177	0.00264	0.01047	0.00580	0.00502
48	0.05135	0.00720	0.02584	0.00878	0.02663	0.00642	0.00677	0.01391	0.01325	0.19075	0.22397	0.21485	0.06090	0.02600	0.00667	0.00199	0.00382	0.09944	0.00547	0.00602
49	0.01458	0.81168	0.02857	0.00933	0.01399	0.02157	0.00933	0.01632	0.01108	0.01283	0.00758	0.00875	0.00700	0.00466	0.00350	0.00117	0.00583	0.00292	0.00233	0.00700
50	0.00684	0.00549	0.00611	0.00614	0.00770	0.00477	0.00459	0.00851	0.01302	0.01648	0.23051	0.10849	0.51603	0.01343	0.00651	0.00186	0.00281	0.03069	0.00529	0.00473
51	0.01932	0.01457	0.01557	0.01226	0.01637	0.01625	0.01002	0.61344	0.17070	0.03209	0.01488	0.01451	0.01072	0.00671	0.00547	0.00168	0.00567	0.00515	0.00547	0.00915
52	0.01382	0.29595	0.18421	0.03554	0.16127	0.06170	0.10751	0.01751	0.02868	0.03190	0.00970	0.01164	0.00781	0.00498	0.00480	0.00151	0.00706	0.00417	0.00264	0.00760
53	0.00867	0.00754	0.03358	0.14687	0.08744	0.00735	0.00942	0.01091	0.01138	0.01510	0.02420	0.34094	0.04083	0.01291	0.00665	0.00215	0.00486	0.21953	0.00429	0.00539
54	0.00688	0.00492	0.00660	0.00787	0.00829	0.00464	0.00548	0.00801	0.01068	0.01419	0.02991	0.72105	0.03553	0.01685	0.00702	0.00225	0.00337	0.09691	0.00506	0.00449
55	0.00853	0.00656	0.00884	0.00847	0.00893	0.00773	0.00620	0.00963	0.00843	0.01208	0.01450	0.02538	0.01500	0.32924	0.36140	0.00629	0.13236	0.00646	0.01953	0.00444
56	0.03304	0.26859	0.19343	0.01372	0.07808	0.12248	0.01245	0.14319	0.01454	0.01867	0.04663	0.01221	0.00964	0.00557	0.00470	0.00148	0.00677	0.00409	0.00315	0.00755
57	0.01005	0.00919	0.01017	0.00976	0.01090	0.11841	0.00757	0.01184	0.00978	0.01311	0.01328	0.01922	0.01228	0.04939	0.55348	0.00672	0.08178	0.00543	0.04250	0.00514
58	0.00740	0.00503	0.00647	0.00722	0.00777	0.00496	0.00497	0.00864	0.01014	0.01429	0.02554	0.48978	0.04775	0.09356	0.12539	0.00335	0.00498	0.01183	0.11644	0.00448
59	0.01457	0.01257	0.10529	0.01630	0.18165	0.01073	0.05080	0.09386	0.08303	0.15897	0.10406	0.06294	0.01798	0.00767	0.00580	0.00178	0.00550	0.05408	0.00460	0.00782
60	0.03557	0.10734	0.01669	0.07658	0.10998	0.10101	0.01052	0.26571	0.10138	0.02286	0.02651	0.01468	0.02261	0.00617	0.00505	0.00157	0.00600	0.00481	0.05718	0.00777
61	0.01006	0.04584	0.00930	0.00789	0.01017	0.00841	0.00618	0.04888	0.19347	0.04071	0.06974	0.03883	0.36409	0.06315	0.00748	0.00206	0.00380	0.05891	0.00504	0.00601
62	0.05597	0.02277	0.15836	0.05118	0.08995	0.43045	0.01289	0.08471	0.01484	0.01689	0.00928	0.01094	0.00731	0.00551	0.00501	0.00154	0.00847	0.00389	0.00295	0.00709
63	0.00791	0.00536	0.00635	0.00635	0.00649	0.00550	0.00381	0.00819	0.00805	0.01087	0.01681	0.03364	0.01894	0.69869	0.13626	0.00578	0.00662	0.00763	0.00325	0.00353
64	0.47540	0.03869	0.06342	0.06092	0.02997	0.01200	0.12237	0.01536	0.01029	0.02052	0.01041	0.06367	0.00911	0.00633	0.00488	0.02129	0.00548	0.02049	0.00322	0.00617
65	0.08644	0.05665	0.56524	0.01462	0.05402	0.01243	0.01690	0.01758	0.01176	0.07533	0.03342	0.01266	0.00874	0.00543	0.00502	0.00169	0.00713	0.00421	0.00286	0.00785
66	0.01487	0.11152	0.01402	0.00982	0.01304	0.02918	0.02447	0.13940	0.07850	0.15017	0.06698	0.09722	0.04932	0.02325	0.02816	0.02416	0.01984	0.00643	0.00466	0.09500
67	0.05239	0.22056	0.16114	0.01289	0.02980	0.25501	0.03238	0.08008	0.01362	0.01650	0.00898	0.01053	0.00729	0.00557	0.00513	0.01801	0.02022	0.00369	0.00284	0.04337
68	0.13910	0.04808	0.01045	0.00849	0.01118	0.07311	0.00671	0.05969	0.02999	0.17891	0.07611	0.06394	0.16287	0.06933	0.00711	0.00200	0.00462	0.03714	0.00481	0.00636
69	0.01404	0.02994	0.02976	0.08593	0.01617	0.01016	0.02831	0.14890	0.04746	0.10627	0.03504	0.06715	0.01260	0.02486	0.02373	0.00166	0.00522	0.00533	0.00419	0.30327
70	0.01498	0.03610	0.02732	0.01049	0.01342	0.02400	0.00853	0.33696	0.05048	0.04673	0.06703	0.06803	0.03396	0.08179	0.04531	0.00237	0.05168	0.02214	0.01943	0.03925
71	0.04228	0.10110	0.03129	0.01002	0.01315	0.01226	0.00818	0.20739	0.16716	0.06662	0.01832	0.19112	0.01692	0.04150	0.00636	0.00187	0.00479	0.00728	0.00477	0.04763

[dist]
# distance from previous block
# <min> <max>
20	280

[block]
# block no. 4 follows, 44 sequences, length 36
# corresponding to MSA columns:
# 622-657
name=unknown_E
#
# <colnr> <probs for GDERKNQSTAVLIFYWHMCP>
#	G	D	E	R	K	N	Q	S	T	A	V	L	I	F	Y	W	H	M	C	P
0	0.01300	0.04450	0.06001	0.08335	0.11606	0.10600	0.02420	0.08948	0.03819	0.04985	0.10065	0.07920	0.07344	0.00853	0.00578	0.00176	0.00578	0.07853	0.00412	0.01755
1	0.19915	0.07273	0.05511	0.03694	0.05823	0.01110	0.00856	0.06924	0.04236	0.08612	0.05367	0.07778	0.02631	0.02922	0.00576	0.00169	0.02619	0.00541	0.00395	0.13050
2	0.10474	0.04069	0.33915	0.07989	0.06884	0.01222	0.02825	0.09287	0.01281	0.01952	0.03416	0.04768	0.00997	0.00589	0.00504	0.00164	0.00646	0.00475	0.00311	0.08232
3	0.03343	0.15566	0.07784	0.01580	0.11777	0.24865	0.07195	0.09215	0.03561	0.01722	0.02100	0.01319	0.02922	0.00677	0.02847	0.00174	0.01876	0.00445	0.00312	0.00720
4	0.11140	0.05093	0.04531	0.05673	0.17984	0.07643	0.03848	0.06502	0.01246	0.01885	0.01230	0.05967	0.01055	0.00635	0.00554	0.00161	0.05176	0.00509	0.17059	0.02109
5	0.01433	0.01195	0.02692	0.06511	0.06775	0.08024	0.00930	0.19722	0.11696	0.04673	0.03801	0.06395	0.03480	0.00944	0.05009	0.00209	0.02108	0.01936	0.11751	0.00715
6	0.01184	0.01015	0.01232	0.03464	0.03771	0.07060	0.06791	0.16165	0.02849	0.01915	0.07129	0.31588	0.04604	0.02241	0.00678	0.01803	0.00507	0.02589	0.00456	0.02957
7	0.01355	0.01178	0.03092	0.02706	0.01537	0.03480	0.05781	0.15221	0.01415	0.04183	0.01179	0.05827	0.00998	0.00570	0.00531	0.00126	0.03675	0.00465	0.00373	0.46308
8	0.00913	0.01005	0.12145	0.01087	0.04228	0.00807	0.02229	0.04501	0.05505	0.01589	0.02264	0.45580	0.02515	0.05509	0.00826	0.00225	0.05278	0.02796	0.00431	0.00569
9	0.00661	0.00548	0.00579	0.00582	0.00749	0.00466	0.00432	0.00810	0.01266	0.01553	0.13916	0.10040	0.63780	0.01370	0.00648	0.00185	0.00277	0.01157	0.00517	0.00466
10	0.01567	0.01309	0.01350	0.01147	0.01497	0.04026	0.00908	0.22841	0.50576	0.02547	0.01872	0.01763	0.01395	0.00697	0.00544	0.00173	0.00495	0.00561	0.00534	0.04197
11	0.02053	0.00905	0.01188	0.00910	0.01322	0.00761	0.00744	0.02269	0.01464	0.57108	0.05053	0.01946	0.04546	0.00670	0.00528	0.00153	0.00436	0.00548	0.00598	0.16795
12	0.04124	0.24926	0.16930	0.06604	0.15612	0.03053	0.11975	0.03008	0.01195	0.01639	0.00935	0.01160	0.00754	0.00487	0.00480	0.00150	0.00687	0.00417	0.00261	0.05602
13	0.01266	0.01648	0.14697	0.02183	0.08405	0.01353	0.53364	0.01814	0.06253	0.01781	0.01152	0.01449	0.00864	0.00489	0.00610	0.00180	0.00848	0.00592	0.00287	0.00765
14	0.00779	0.00584	0.00876	0.00876	0.00974	0.00681	0.00681	0.00974	0.00876	0.01266	0.01460	0.02142	0.01363	0.04089	0.78680	0.00876	0.01460	0.00584	0.00292	0.00487
15	0.01999	0.00898	0.01175	0.00950	0.01301	0.00826	0.00776	0.06666	0.05574	0.52498	0.14486	0.02447	0.02069	0.00798	0.00576	0.00174	0.00439	0.04879	0.00638	0.00832
16	0.01841	0.01468	0.05571	0.03462	0.01683	0.01533	0.01040	0.57631	0.08097	0.03062	0.01385	0.01424	0.01005	0.00724	0.02227	0.00179	0.00598	0.00499	0.05700	0.00871
17	0.01034	0.00961	0.01601	0.74995	0.03596	0.01202	0.01471	0.01387	0.01085	0.01410	0.00987	0.01464	0.00747	0.00559	0.00574	0.00182	0.02847	0.00485	0.02811	0.00602
18	0.04087	0.08640	0.12427	0.01268	0.01724	0.13998	0.01148	0.42124	0.01985	0.04028	0.01175	0.01299	0.00884	0.00619	0.00515	0.00159	0.00680	0.01986	0.00428	0.00825
19	0.02188	0.04254	0.04528	0.01016	0.01435	0.00969	0.00873	0.11106	0.01608	0.57401	0.03226	0.01776	0.01313	0.00846	0.04687	0.00204	0.00548	0.00535	0.00602	0.00883
20	0.00925	0.00675	0.00888	0.00950	0.01077	0.00693	0.00785	0.06654	0.01305	0.01731	0.05813	0.20907	0.05533	0.01430	0.00746	0.00230	0.03168	0.44036	0.01931	0.00524
21	0.00673	0.00480	0.00642	0.00769	0.00804	0.00450	0.00521	0.00774	0.01052	0.01401	0.03000	0.77551	0.03587	0.01700	0.00698	0.00223	0.00324	0.04400	0.00506	0.00445
22	0.01923	0.01308	0.01458	0.01156	0.01533	0.01419	0.00949	0.55016	0.02206	0.11951	0.01564	0.05304	0.01217	0.00822	0.02327	0.00186	0.01774	0.03591	0.03439	0.00858
23	0.03954	0.01470	0.01580	0.01210	0.01647	0.01604	0.00999	0.67968	0.02422	0.05356	0.01301	0.01305	0.00924	0.00638	0.00533	0.00159	0.00582	0.00479	0.00532	0.05337
24	0.00724	0.00543	0.00697	0.00788	0.00846	0.00535	0.00543	0.00919	0.05918	0.01473	0.05108	0.68277	0.06389	0.01597	0.00710	0.00217	0.02305	0.01431	0.00505	0.00476
25	0.01085	0.00727	0.00885	0.00781	0.00985	0.00705	0.00605	0.09788	0.04741	0.09189	0.51168	0.03587	0.11516	0.01033	0.00620	0.00172	0.00325	0.00890	0.00589	0.00609
26	0.00753	0.00552	0.00706	0.00677	0.00805	0.00505	0.00504	0.00989	0.01485	0.02070	0.65795	0.08632	0.12143	0.01175	0.00646	0.00176	0.00263	0.01035	0.00585	0.00505
27	0.02383	0.01029	0.01328	0.01018	0.01442	0.00951	0.00841	0.14979	0.01730	0.65256	0.02009	0.01763	0.01278	0.00671	0.00548	0.00168	0.00487	0.00539	0.00653	0.00928
28	0.00947	0.00473	0.00710	0.00710	0.00710	0.00473	0.00473	0.00710	0.00710	0.00947	0.00947	0.01657	0.00947	0.01894	0.02131	0.84138	0.00473	0.00473	0.00237	0.00237
29	0.02072	0.01527	0.01636	0.01254	0.01691	0.01691	0.01036	0.75622	0.02563	0.03436	0.01309	0.01309	0.00927	0.00654	0.00545	0.00164	0.00600	0.00491	0.00545	0.00927
30	0.01323	0.01083	0.01234	0.00899	0.01374	0.00924	0.00726	0.16576	0.01424	0.02116	0.01039	0.01167	0.00832	0.00455	0.00433	0.00098	0.00444	0.00357	0.00369	0.67127
31	0.00844	0.00647	0.00876	0.00947	0.05376	0.00627	0.03005	0.01135	0.06553	0.01759	0.20639	0.29489	0.10430	0.01251	0.00637	0.00194	0.00356	0.07456	0.07244	0.00536
32	0.00713	0.00489	0.00620	0.00711	0.00766	0.00458	0.00483	0.00836	0.01090	0.01509	0.07813	0.60752	0.07038	0.03893	0.00717	0.00215	0.00310	0.01355	0.09779	0.00452
33	0.04723	0.01140	0.01746	0.10953	0.07082	0.01214	0.16365	0.09666	0.05967	0.01890	0.01196	0.03155	0.00978	0.00793	0.04824	0.00206	0.09983	0.00525	0.05321	0.12275
34	0.03677	0.00938	0.02865	0.00997	0.01236	0.00927	0.06724	0.16696	0.06700	0.03697	0.09815	0.18984	0.02211	0.11507	0.00877	0.00227	0.00476	0.03156	0.05321	0.02969
35	0.01733	0.03717	0.01445	0.02692	0.01518	0.06805	0.00923	0.38430	0.07965	0.06915	0.02587	0.04729	0.01175	0.00698	0.00591	0.00162	0.04818	0.00530	0.06509	0.06058

[dist]
# distance from previous block
# <min> <max>
1	12

[block]
# block no. 5 follows, 44 sequences, length 31
# corresponding to MSA columns:
# 670-700
name=unknown_F
#
# <colnr> <probs for GDERKNQSTAVLIFYWHMCP>
#	G	D	E	R	K	N	Q	S	T	A	V	L	I	F	Y	W	H	M	C	P
0	0.06215	0.06804	0.01458	0.09980	0.03240	0.11881	0.00950	0.23973	0.07656	0.06257	0.01463	0.07925	0.02288	0.04778	0.00637	0.00183	0.00600	0.00567	0.00424	0.02722
1	0.10038	0.07941	0.01452	0.14157	0.06346	0.05975	0.00976	0.17132	0.01413	0.04175	0.01151	0.01378	0.00900	0.00645	0.00620	0.02439	0.07071	0.00447	0.15067	0.00678
2	0.03026	0.00559	0.00665	0.00652	0.00749	0.00549	0.00453	0.01100	0.01027	0.07543	0.05510	0.11721	0.04026	0.21585	0.04862	0.10465	0.00435	0.00741	0.23877	0.00455
3	0.01719	0.01150	0.01265	0.01017	0.01352	0.01234	0.00823	0.42042	0.06694	0.09911	0.10421	0.01860	0.01592	0.00712	0.00528	0.00160	0.00474	0.00565	0.15681	0.00799
4	0.00679	0.00517	0.00616	0.00667	0.00765	0.00464	0.00466	0.00808	0.01173	0.01518	0.14512	0.39107	0.29628	0.05529	0.00776	0.00217	0.00304	0.01290	0.00511	0.00454
5	0.00691	0.00478	0.00623	0.00739	0.00776	0.00449	0.00494	0.00794	0.01044	0.01426	0.02893	0.73436	0.03420	0.03527	0.00725	0.00222	0.00317	0.01463	0.06039	0.00444
6	0.02397	0.01006	0.01313	0.01007	0.01431	0.00917	0.00832	0.12145	0.01691	0.68145	0.02041	0.01785	0.01295	0.00672	0.00548	0.00168	0.00482	0.00541	0.00658	0.00928
7	0.00836	0.00576	0.00727	0.00678	0.00831	0.00520	0.00512	0.01071	0.01493	0.05966	0.61195	0.04156	0.17113	0.01137	0.00638	0.00173	0.00271	0.00991	0.00588	0.00527
8	0.84691	0.01054	0.00801	0.00717	0.01054	0.01223	0.00590	0.01603	0.00928	0.02446	0.00759	0.00886	0.00590	0.00506	0.00337	0.00169	0.00422	0.00295	0.00337	0.00590
9	0.40859	0.01128	0.01078	0.00913	0.01260	0.01265	0.00742	0.16878	0.14725	0.09209	0.01307	0.01333	0.00964	0.00678	0.02214	0.00185	0.00480	0.00429	0.03622	0.00731
10	0.01339	0.01290	0.02218	0.05390	0.73869	0.01295	0.03224	0.01667	0.01238	0.01770	0.01026	0.01355	0.00859	0.00487	0.00542	0.00163	0.00656	0.00489	0.00269	0.00854
11	0.02066	0.01457	0.01578	0.01213	0.01639	0.01596	0.01001	0.68548	0.02454	0.08335	0.01379	0.01367	0.00969	0.00655	0.00541	0.00163	0.00581	0.00495	0.03050	0.00915
12	0.84691	0.01054	0.00801	0.00717	0.01054	0.01223	0.00590	0.01603	0.00928	0.02446	0.00759	0.00886	0.00590	0.00506	0.00337	0.00169	0.00422	0.00295	0.00337	0.00590
13	0.01487	0.08412	0.03945	0.04239	0.26808	0.11435	0.02934	0.16527	0.01543	0.02000	0.04753	0.01861	0.03707	0.00664	0.00541	0.00164	0.00642	0.05795	0.01786	0.00758
14	0.00716	0.00547	0.00658	0.00648	0.00785	0.00488	0.00479	0.00915	0.01387	0.01856	0.44617	0.12550	0.29836	0.01269	0.00649	0.00181	0.00270	0.01102	0.00558	0.00488
15	0.06122	0.01370	0.01470	0.01153	0.01534	0.01515	0.00942	0.62113	0.02259	0.03110	0.01279	0.01360	0.00941	0.00818	0.02675	0.05759	0.00592	0.00483	0.03670	0.00837
16	0.00730	0.00513	0.00602	0.00646	0.00693	0.00487	0.00411	0.00798	0.00980	0.01295	0.04519	0.30955	0.14566	0.36132	0.01584	0.00346	0.00399	0.01113	0.02830	0.00400
17	0.00928	0.00474	0.00705	0.00713	0.00716	0.00471	0.00476	0.00713	0.00732	0.00977	0.01084	0.06893	0.01124	0.01882	0.02035	0.78564	0.00463	0.00545	0.00255	0.00250
18	0.01147	0.01089	0.01848	0.51433	0.30930	0.01242	0.01573	0.01496	0.01146	0.01536	0.00990	0.01415	0.00777	0.00523	0.00543	0.00174	0.00698	0.00485	0.00252	0.00701
19	0.00728	0.00570	0.00650	0.00654	0.00795	0.00519	0.00481	0.00939	0.04119	0.01653	0.23071	0.13105	0.38757	0.07326	0.00812	0.00214	0.00311	0.04300	0.00519	0.00479
20	0.01397	0.01156	0.01378	0.01181	0.01319	0.07620	0.00962	0.06982	0.01149	0.09561	0.01131	0.01444	0.00944	0.01078	0.07735	0.00252	0.39811	0.00484	0.11439	0.02975
21	0.01328	0.01347	0.17393	0.04096	0.18337	0.01003	0.03150	0.01761	0.06941	0.15221	0.12341	0.07176	0.03419	0.00733	0.00564	0.00171	0.00548	0.00644	0.00423	0.03402
22	0.01165	0.01001	0.01207	0.00865	0.01349	0.00776	0.02811	0.03750	0.01181	0.01829	0.00984	0.01146	0.00812	0.00413	0.00415	0.00086	0.00425	0.00338	0.00329	0.79119
23	0.02849	0.14536	0.41379	0.04536	0.05566	0.01390	0.11877	0.01691	0.01171	0.04082	0.02266	0.02402	0.00855	0.00544	0.00544	0.00167	0.02665	0.00456	0.00266	0.00759
24	0.01129	0.00767	0.03368	0.02945	0.01026	0.00772	0.00649	0.09190	0.01257	0.04836	0.05417	0.02031	0.01474	0.03281	0.15798	0.00298	0.03830	0.00548	0.40807	0.00577
25	0.00780	0.00581	0.00862	0.00862	0.00954	0.00674	0.00663	0.00964	0.00872	0.01255	0.01474	0.02215	0.01395	0.08047	0.74765	0.00858	0.01412	0.00595	0.00294	0.00479
26	0.01829	0.02923	0.01527	0.01201	0.01575	0.01551	0.00981	0.44917	0.22934	0.07449	0.01566	0.01528	0.01140	0.00694	0.00621	0.00174	0.05447	0.00525	0.00531	0.00884
27	0.00725	0.00585	0.00649	0.00632	0.00800	0.00526	0.00474	0.00977	0.05418	0.01746	0.28554	0.06824	0.47603	0.01269	0.00640	0.00181	0.00280	0.01079	0.00539	0.00499
28	0.01195	0.19512	0.44101	0.01396	0.05801	0.01363	0.01538	0.01668	0.02732	0.03801	0.03344	0.01697	0.02696	0.00626	0.00508	0.00166	0.00681	0.06134	0.00290	0.00751
29	0.01356	0.08103	0.05989	0.07948	0.10684	0.14291	0.08485	0.01602	0.01188	0.03823	0.05080	0.01542	0.03980	0.00697	0.00851	0.00179	0.20909	0.00510	0.02116	0.00667
30	0.19388	0.03111	0.01223	0.04685	0.03785	0.05041	0.00822	0.28565	0.02937	0.02530	0.05263	0.01643	0.04571	0.00658	0.00477	0.00159	0.00499	0.00497	0.13437	0.00710

[dist]
# distance from previous block
# <min> <max>
0	1

[block]
# block no. 6 follows, 44 sequences, length 27
# corresponding to MSA columns:
# 702-728
name=unknown_G
#
# <colnr> <probs for GDERKNQSTAVLIFYWHMCP>
#	G	D	E	R	K	N	Q	S	T	A	V	L	I	F	Y	W	H	M	C	P
0	0.02528	0.13181	0.01141	0.00801	0.02456	0.00832	0.00629	0.01228	0.01381	0.05402	0.46350	0.03120	0.07110	0.01099	0.04831	0.00196	0.00404	0.00778	0.00496	0.06036
1	0.01466	0.01184	0.01291	0.01013	0.01419	0.02661	0.00810	0.26551	0.12697	0.02369	0.01387	0.05730	0.01137	0.00682	0.01967	0.00148	0.00500	0.00496	0.00441	0.36051
2	0.01329	0.02715	0.01271	0.04937	0.05030	0.08121	0.00836	0.08080	0.15926	0.04646	0.10887	0.03559	0.03448	0.00667	0.00512	0.00143	0.00489	0.00549	0.00430	0.26426
3	0.04973	0.28171	0.05669	0.03423	0.13003	0.08903	0.01075	0.07684	0.07202	0.03742	0.02868	0.01667	0.04491	0.00634	0.00481	0.00154	0.00601	0.04187	0.00343	0.00729
4	0.01162	0.00740	0.00936	0.00808	0.01064	0.00659	0.00635	0.01476	0.05720	0.14728	0.36893	0.05919	0.03233	0.00925	0.00583	0.00161	0.00351	0.05951	0.00544	0.17513
5	0.01096	0.01180	0.13769	0.01209	0.06050	0.00937	0.03186	0.12413	0.04642	0.01990	0.11975	0.10688	0.09857	0.01047	0.00628	0.00195	0.00513	0.17517	0.00459	0.00652
6	0.00692	0.00487	0.00628	0.00725	0.00753	0.00461	0.00472	0.00772	0.01008	0.01347	0.04591	0.63689	0.03329	0.17027	0.01097	0.00280	0.00356	0.01389	0.00474	0.00423
7	0.00860	0.00636	0.00745	0.00707	0.00878	0.00602	0.00535	0.01168	0.08015	0.05695	0.31857	0.09866	0.32299	0.01203	0.00659	0.00183	0.01975	0.01026	0.00549	0.00542
8	0.72417	0.01055	0.00941	0.00803	0.01158	0.01181	0.03340	0.01726	0.01012	0.10886	0.00928	0.01016	0.00684	0.00523	0.00372	0.00169	0.00445	0.00336	0.00373	0.00634
9	0.00724	0.00668	0.05002	0.00726	0.00864	0.00543	0.00564	0.00885	0.01178	0.01550	0.16926	0.29844	0.27117	0.08014	0.00859	0.00224	0.02181	0.01167	0.00487	0.00476
10	0.00705	0.00537	0.00658	0.00722	0.00800	0.00510	0.00501	0.00853	0.03109	0.01460	0.07910	0.49634	0.20765	0.06246	0.00827	0.00227	0.02254	0.01326	0.00496	0.00459
11	0.01301	0.04219	0.08012	0.02056	0.06321	0.06641	0.51254	0.01693	0.01237	0.01644	0.01077	0.01494	0.00867	0.05021	0.00784	0.00199	0.04610	0.00587	0.00273	0.00709
12	0.02369	0.00925	0.01250	0.00967	0.01377	0.00810	0.00796	0.02621	0.03800	0.73572	0.04122	0.01919	0.01459	0.00688	0.00551	0.00169	0.00458	0.00562	0.00669	0.00915
13	0.01193	0.01193	0.01670	0.01431	0.01431	0.01670	0.01193	0.01312	0.00835	0.01312	0.00716	0.01193	0.00716	0.00954	0.01789	0.00239	0.79843	0.00477	0.00239	0.00596
14	0.01663	0.11839	0.06687	0.01586	0.14227	0.28168	0.01154	0.16301	0.01574	0.01855	0.01235	0.05228	0.02737	0.00655	0.00515	0.00156	0.00728	0.02617	0.00344	0.00731
