[name]
unknown

[dist]
# distance from previous block
# <min> <max>
0	0

[block]
# block no. 0 follows, 49 sequences, length 15
# corresponding to MSA columns:
# 0-14
name=unknown_A
#
# <colnr> <probs for GDERKNQSTAVLIFYWHMCP>
#	G	D	E	R	K	N	Q	S	T	A	V	L	I	F	Y	W	H	M	C	P
0	0.00815	0.00582	0.00815	0.00931	0.01048	0.00582	0.00815	0.01048	0.01164	0.01513	0.02677	0.05704	0.02910	0.01397	0.00698	0.00233	0.00466	0.75671	0.00466	0.00466
1	0.00722	0.00542	0.00813	0.00813	0.00903	0.00632	0.00632	0.00903	0.00813	0.01174	0.01354	0.01987	0.01264	0.03792	0.80225	0.00813	0.01354	0.00542	0.00271	0.00451
2	0.01194	0.01364	0.02984	0.02131	0.02643	0.01279	0.77238	0.01620	0.01194	0.01620	0.01023	0.01364	0.00767	0.00426	0.00597	0.00171	0.00853	0.00597	0.00256	0.00682
3	0.00865	0.00439	0.00655	0.00661	0.00662	0.00438	0.00441	0.00661	0.00674	0.00899	0.00973	0.05530	0.01001	0.01748	0.01910	0.81060	0.00432	0.00489	0.00232	0.00229
4	0.00955	0.00899	0.01517	0.81013	0.03483	0.01123	0.01404	0.01292	0.01011	0.01292	0.00899	0.01348	0.00674	0.00506	0.00506	0.00169	0.00674	0.00449	0.00225	0.00562
5	0.01290	0.01275	0.02015	0.02994	0.74337	0.06030	0.01517	0.01580	0.01169	0.01627	0.00941	0.01231	0.00792	0.00455	0.00498	0.00149	0.00620	0.00443	0.00251	0.00788
6	0.00735	0.00490	0.00552	0.00552	0.00552	0.00490	0.00306	0.00735	0.00735	0.00980	0.01593	0.03309	0.01838	0.82229	0.02574	0.00490	0.00490	0.00735	0.00306	0.00306
7	0.01111	0.20989	0.51113	0.01345	0.01984	0.01356	0.08814	0.01569	0.01070	0.01509	0.00871	0.01036	0.00659	0.00460	0.00451	0.00146	0.00694	0.00368	0.00222	0.04234
8	0.00735	0.00490	0.00552	0.00552	0.00552	0.00490	0.00306	0.00735	0.00735	0.00980	0.01593	0.03309	0.01838	0.82229	0.02574	0.00490	0.00490	0.00735	0.00306	0.00306
9	0.00735	0.00490	0.00552	0.00552	0.00552	0.00490	0.00306	0.00735	0.00735	0.00980	0.01593	0.03309	0.01838	0.82229	0.02574	0.00490	0.00490	0.00735	0.00306	0.00306
10	0.01014	0.02616	0.79609	0.01441	0.02189	0.01174	0.01868	0.01601	0.01068	0.01601	0.00907	0.01068	0.00641	0.00480	0.00480	0.00160	0.00747	0.00374	0.00214	0.00747
11	0.01026	0.02546	0.75802	0.01523	0.05962	0.01176	0.01853	0.01599	0.01072	0.01604	0.00910	0.01077	0.00648	0.00479	0.00481	0.00160	0.00740	0.00377	0.00215	0.00750
12	0.01252	0.01201	0.02053	0.03104	0.79074	0.01201	0.01552	0.01552	0.01151	0.01652	0.00951	0.01252	0.00801	0.00451	0.00501	0.00150	0.00601	0.00451	0.00250	0.00801
13	0.03179	0.00806	0.00981	0.00913	0.03606	0.03012	0.00670	0.12536	0.01214	0.16318	0.01639	0.13680	0.01520	0.12674	0.21579	0.00376	0.00694	0.00658	0.00408	0.03537
14	0.29263	0.00930	0.00990	0.00811	0.01138	0.00947	0.00658	0.13292	0.01341	0.25417	0.07797	0.04911	0.03860	0.00651	0.00451	0.00153	0.00406	0.00500	0.00467	0.06014

[dist]
# distance from previous block
# <min> <max>
5	20

[block]
# block no. 1 follows, 49 sequences, length 41
# corresponding to MSA columns:
# 36-76
name=unknown_B
#
# <colnr> <probs for GDERKNQSTAVLIFYWHMCP>
#	G	D	E	R	K	N	Q	S	T	A	V	L	I	F	Y	W	H	M	C	P
0	0.00691	0.00556	0.00698	0.06095	0.03276	0.00517	0.00532	0.00880	0.01242	0.01632	0.34332	0.09738	0.35716	0.01126	0.00591	0.00168	0.00290	0.00972	0.00482	0.00466
1	0.05614	0.01385	0.16132	0.01325	0.10752	0.01165	0.01089	0.16143	0.19310	0.17386	0.03583	0.01498	0.01140	0.00592	0.00496	0.00159	0.00520	0.00481	0.00438	0.00792
2	0.54783	0.01205	0.10107	0.03406	0.06542	0.01145	0.00841	0.07314	0.01070	0.08238	0.00890	0.00995	0.00658	0.00493	0.00381	0.00156	0.00471	0.00335	0.00334	0.00637
3	0.07311	0.08376	0.08090	0.13656	0.40239	0.09596	0.02655	0.01561	0.01123	0.01556	0.00884	0.01148	0.00722	0.00468	0.00468	0.00149	0.00640	0.00405	0.00246	0.00706
4	0.00618	0.00509	0.00543	0.00544	0.00698	0.00434	0.00404	0.00761	0.01187	0.01469	0.16901	0.09238	0.62427	0.01259	0.00600	0.00171	0.00255	0.01064	0.00484	0.00434
5	0.02599	0.01681	0.26437	0.05002	0.01969	0.07849	0.19538	0.04507	0.10977	0.03078	0.08747	0.02898	0.01255	0.00578	0.00525	0.00162	0.00663	0.00526	0.00324	0.00687
6	0.00959	0.00494	0.00503	0.00495	0.00618	0.00500	0.00374	0.02873	0.01084	0.01898	0.01633	0.01873	0.01286	0.00664	0.02223	0.00135	0.00269	0.00473	0.81168	0.00480
7	0.01142	0.00644	0.00668	0.00601	0.00774	0.00667	0.00467	0.14405	0.01297	0.03823	0.01582	0.01765	0.01220	0.00593	0.00383	0.00125	0.00296	0.00469	0.68533	0.00547
8	0.01867	0.01389	0.01486	0.01152	0.01547	0.01542	0.00948	0.71161	0.08695	0.03098	0.01284	0.01270	0.00917	0.00614	0.00507	0.00153	0.00543	0.00465	0.00507	0.00855
9	0.14447	0.01351	0.01402	0.01089	0.01480	0.01503	0.00899	0.66054	0.02151	0.03050	0.01138	0.01155	0.00813	0.00586	0.00477	0.00152	0.00532	0.00428	0.00477	0.00813
10	0.85801	0.00978	0.00743	0.00665	0.00978	0.01134	0.00548	0.01486	0.00861	0.02269	0.00704	0.00821	0.00548	0.00469	0.00313	0.00156	0.00391	0.00274	0.00313	0.00548
11	0.00981	0.00926	0.01565	0.74040	0.10249	0.01130	0.01418	0.01315	0.01024	0.01324	0.00903	0.01340	0.00685	0.00501	0.00505	0.00167	0.00668	0.00449	0.00227	0.00583
12	0.85801	0.00978	0.00743	0.00665	0.00978	0.01134	0.00548	0.01486	0.00861	0.02269	0.00704	0.00821	0.00548	0.00469	0.00313	0.00156	0.00391	0.00274	0.00313	0.00548
13	0.01136	0.01110	0.01964	0.31520	0.42517	0.01182	0.10288	0.01465	0.01105	0.01516	0.00940	0.01300	0.00751	0.00468	0.00514	0.00159	0.00657	0.00467	0.00242	0.00700
14	0.00656	0.00510	0.00596	0.00584	0.00721	0.00450	0.00434	0.00835	0.01276	0.01680	0.40493	0.09111	0.38480	0.01180	0.00600	0.00167	0.00250	0.01017	0.00512	0.00450
15	0.01255	0.00651	0.00859	0.00735	0.00951	0.00590	0.00576	0.03244	0.01459	0.27499	0.51736	0.03041	0.03522	0.00890	0.00565	0.00158	0.00309	0.00770	0.00578	0.00612
16	0.00690	0.00542	0.00630	0.00642	0.00770	0.00506	0.00468	0.00946	0.07604	0.01590	0.24522	0.25481	0.31257	0.01246	0.00603	0.00177	0.00274	0.01086	0.00497	0.00467
17	0.85801	0.00978	0.00743	0.00665	0.00978	0.01134	0.00548	0.01486	0.00861	0.02269	0.00704	0.00821	0.00548	0.00469	0.00313	0.00156	0.00391	0.00274	0.00313	0.00548
18	0.03992	0.00739	0.00774	0.00677	0.00873	0.00779	0.00524	0.18011	0.04469	0.05427	0.01550	0.01815	0.01229	0.07407	0.00584	0.00161	0.00347	0.00489	0.49576	0.00575
19	0.05309	0.59891	0.10097	0.01005	0.01454	0.07625	0.04254	0.02943	0.01085	0.01339	0.00752	0.00876	0.00652	0.00449	0.00364	0.00121	0.00595	0.00302	0.00231	0.00655
20	0.01354	0.77965	0.05172	0.00895	0.01334	0.03847	0.00901	0.01529	0.01039	0.01204	0.00712	0.00822	0.00649	0.00436	0.00333	0.00110	0.00557	0.00275	0.00217	0.00651
21	0.76099	0.00964	0.00793	0.00692	0.01014	0.01089	0.00570	0.01600	0.00929	0.11230	0.00854	0.00926	0.00629	0.00488	0.00336	0.00156	0.00396	0.00301	0.00349	0.00584
22	0.03427	0.01090	0.01192	0.01033	0.01319	0.01231	0.00830	0.22173	0.40688	0.04120	0.05894	0.02104	0.01599	0.00749	0.00566	0.00172	0.03121	0.07439	0.00498	0.00755
23	0.00847	0.00544	0.00712	0.00659	0.00800	0.00497	0.00498	0.01072	0.01405	0.08905	0.66596	0.06958	0.06498	0.01028	0.00591	0.00161	0.00259	0.00905	0.00557	0.00507
24	0.18107	0.01250	0.01269	0.01032	0.01329	0.05906	0.00845	0.39039	0.01666	0.04699	0.01071	0.01175	0.00807	0.00613	0.00614	0.00158	0.11826	0.00413	0.07471	0.00708
25	0.00651	0.00463	0.00586	0.00655	0.00696	0.00436	0.00433	0.00741	0.00984	0.01317	0.11493	0.52758	0.07117	0.17999	0.01032	0.00256	0.00325	0.01214	0.00446	0.00398
26	0.00626	0.00446	0.00582	0.00687	0.00717	0.00418	0.00454	0.00707	0.00953	0.01267	0.02742	0.73544	0.04981	0.08306	0.00805	0.00228	0.00309	0.01370	0.00456	0.00402
27	0.01352	0.82533	0.02650	0.00865	0.01298	0.02001	0.00865	0.01514	0.01027	0.01190	0.00703	0.00811	0.00649	0.00433	0.00324	0.00108	0.00541	0.00270	0.00216	0.00649
28	0.00955	0.00899	0.01517	0.81013	0.03483	0.01123	0.01404	0.01292	0.01011	0.01292	0.00899	0.01348	0.00674	0.00506	0.00506	0.00169	0.00674	0.00449	0.00225	0.00562
29	0.78322	0.01003	0.00796	0.00703	0.01019	0.01160	0.00577	0.05006	0.04264	0.02304	0.00786	0.00885	0.00605	0.00485	0.00330	0.00157	0.00399	0.00295	0.00330	0.00573
30	0.00661	0.00467	0.00578	0.00645	0.00679	0.00444	0.00419	0.00730	0.00918	0.01214	0.03984	0.46929	0.08213	0.28174	0.01279	0.00297	0.00359	0.03210	0.00417	0.00380
31	0.01275	0.01297	0.01939	0.11831	0.54846	0.09624	0.04716	0.01558	0.01148	0.01543	0.00916	0.01224	0.00762	0.00485	0.00559	0.00155	0.04700	0.00443	0.00247	0.00733
32	0.00697	0.00490	0.00594	0.00630	0.00649	0.00488	0.00395	0.00743	0.00853	0.01141	0.04321	0.32046	0.04627	0.45874	0.01731	0.00360	0.02626	0.00999	0.00375	0.00360
33	0.03754	0.09049	0.01509	0.01161	0.01466	0.36420	0.00925	0.27394	0.01662	0.01942	0.03163	0.02553	0.02121	0.00601	0.00519	0.00143	0.04173	0.00416	0.00354	0.00674
34	0.00842	0.00629	0.00871	0.04268	0.01027	0.00718	0.00651	0.07753	0.00951	0.01333	0.01354	0.02068	0.01280	0.13925	0.59187	0.00682	0.01137	0.00556	0.00295	0.00473
35	0.52570	0.01081	0.01006	0.00829	0.01177	0.01201	0.00684	0.22025	0.01344	0.12374	0.01006	0.01042	0.00722	0.00526	0.00390	0.00155	0.00441	0.00353	0.00405	0.00672
36	0.00735	0.00490	0.00552	0.00552	0.00552	0.00490	0.00306	0.00735	0.00735	0.00980	0.01593	0.03309	0.01838	0.82229	0.02574	0.00490	0.00490	0.00735	0.00306	0.00306
37	0.01160	0.01294	0.02750	0.03906	0.02511	0.01209	0.68171	0.01560	0.01173	0.01603	0.01071	0.04014	0.00849	0.00463	0.00583	0.00166	0.00800	0.00603	0.00265	0.05848
38	0.02167	0.00864	0.01163	0.00887	0.01283	0.00737	0.00731	0.02365	0.01414	0.72935	0.01903	0.01665	0.01210	0.00605	0.00497	0.00150	0.00426	0.00491	0.00599	0.07908
39	0.01073	0.01057	0.01485	0.01283	0.01291	0.01469	0.01065	0.01190	0.00778	0.01213	0.00724	0.01183	0.00716	0.01139	0.08520	0.00273	0.74322	0.00451	0.00226	0.00544
40	0.02000	0.01243	0.01405	0.01082	0.01479	0.01317	0.00892	0.53017	0.04696	0.25352	0.01470	0.01385	0.00997	0.00615	0.00507	0.00154	0.00514	0.00475	0.00541	0.00858

[dist]
# distance from previous block
# <min> <max>
3	8

[block]
# block no. 2 follows, 49 sequences, length 20
# corresponding to MSA columns:
# 85-104
name=unknown_C
#
# <colnr> <probs for GDERKNQSTAVLIFYWHMCP>
#	G	D	E	R	K	N	Q	S	T	A	V	L	I	F	Y	W	H	M	C	P
0	0.00616	0.00440	0.00587	0.00704	0.00733	0.00411	0.00469	0.00704	0.00968	0.01291	0.02787	0.81899	0.03344	0.01584	0.00645	0.00205	0.00293	0.01438	0.00469	0.00411
1	0.01244	0.01197	0.02028	0.03017	0.75288	0.01218	0.01530	0.01536	0.01133	0.01631	0.00937	0.01244	0.00794	0.00472	0.00557	0.00154	0.04531	0.00450	0.00249	0.00789
2	0.01196	0.01357	0.02943	0.02174	0.05997	0.01275	0.73916	0.01617	0.01192	0.01621	0.01020	0.01359	0.00769	0.00427	0.00593	0.00170	0.00841	0.00590	0.00256	0.00687
3	0.00984	0.00928	0.01569	0.73419	0.10851	0.01131	0.01419	0.01317	0.01025	0.01327	0.00904	0.01339	0.00686	0.00500	0.00505	0.00167	0.00667	0.00450	0.00227	0.00585
4	0.01820	0.02295	0.01443	0.01305	0.01543	0.73285	0.00988	0.01949	0.01375	0.01236	0.00771	0.00929	0.00652	0.00553	0.00562	0.00138	0.07979	0.00336	0.00257	0.00583
5	0.00740	0.00509	0.00632	0.00636	0.00690	0.00508	0.00435	0.00848	0.00967	0.01338	0.20270	0.05313	0.02601	0.42304	0.10121	0.00403	0.00507	0.07744	0.03047	0.00385
6	0.00616	0.00440	0.00587	0.00704	0.00733	0.00411	0.00469	0.00704	0.00968	0.01291	0.02787	0.81899	0.03344	0.01584	0.00645	0.00205	0.00293	0.01438	0.00469	0.00411
7	0.00689	0.00510	0.00643	0.00623	0.00742	0.00464	0.00462	0.00898	0.01349	0.01863	0.61018	0.10595	0.16031	0.01119	0.00601	0.00165	0.00246	0.00982	0.00536	0.00464
8	0.01381	0.01148	0.01213	0.01054	0.01362	0.01315	0.00830	0.16581	0.64065	0.02315	0.01901	0.01762	0.01416	0.00671	0.00513	0.00168	0.00429	0.00550	0.00513	0.00811
9	0.00668	0.00509	0.00614	0.00601	0.00729	0.00455	0.00446	0.00856	0.01298	0.01743	0.47613	0.11007	0.29295	0.01164	0.00601	0.00167	0.00249	0.01011	0.00520	0.00455
10	0.85801	0.00978	0.00743	0.00665	0.00978	0.01134	0.00548	0.01486	0.00861	0.02269	0.00704	0.00821	0.00548	0.00469	0.00313	0.00156	0.00391	0.00274	0.00313	0.00548
11	0.03015	0.16134	0.60454	0.01387	0.03870	0.01318	0.03992	0.01583	0.01062	0.01548	0.00873	0.01032	0.00648	0.00470	0.00454	0.00151	0.00704	0.00363	0.00218	0.00725
12	0.01335	0.78599	0.06439	0.00894	0.01342	0.01960	0.00915	0.01518	0.01029	0.01210	0.00713	0.00824	0.00649	0.00435	0.00332	0.00111	0.00551	0.00275	0.00216	0.00654
13	0.01089	0.22735	0.57448	0.01268	0.01914	0.01359	0.01567	0.01557	0.01070	0.01512	0.03537	0.01096	0.00785	0.00487	0.00445	0.00147	0.00678	0.00366	0.00226	0.00713
14	0.01356	0.01323	0.04999	0.01868	0.02358	0.01209	0.59137	0.03683	0.04674	0.12309	0.01203	0.01423	0.00866	0.00471	0.00575	0.00168	0.00764	0.00573	0.00323	0.00718
15	0.01205	0.00764	0.00898	0.00792	0.01038	0.00738	0.00625	0.08715	0.11578	0.17689	0.10907	0.09491	0.22155	0.00966	0.00560	0.00167	0.00361	0.06058	0.00512	0.04781
16	0.01843	0.01311	0.01426	0.01112	0.01501	0.01432	0.00912	0.58910	0.12450	0.09750	0.01389	0.01345	0.00984	0.00614	0.00504	0.00153	0.00520	0.00472	0.00513	0.02861
17	0.01349	0.00998	0.01152	0.00893	0.01280	0.00917	0.00727	0.22064	0.02829	0.07945	0.01303	0.04081	0.01102	0.00590	0.00460	0.00122	0.00434	0.07023	0.00404	0.44325
18	0.01167	0.01289	0.02696	0.05640	0.09278	0.01253	0.61208	0.01552	0.01154	0.01579	0.01045	0.03712	0.00837	0.00489	0.00638	0.00172	0.04767	0.00595	0.00258	0.00673
19	0.08617	0.01008	0.01546	0.01300	0.05742	0.01011	0.20344	0.14151	0.01322	0.04312	0.08629	0.17600	0.01664	0.00768	0.00578	0.00165	0.03300	0.00704	0.00387	0.06852

[dist]
# distance from previous block
# <min> <max>
0	1

[block]
# block no. 3 follows, 49 sequences, length 12
# corresponding to MSA columns:
# 106-117
name=unknown_D
#
# <colnr> <probs for GDERKNQSTAVLIFYWHMCP>
#	G	D	E	R	K	N	Q	S	T	A	V	L	I	F	Y	W	H	M	C	P
0	0.17859	0.01031	0.01176	0.00916	0.01300	0.01030	0.00756	0.21893	0.01559	0.40509	0.01485	0.01381	0.00988	0.00577	0.00463	0.00151	0.00453	0.00439	0.00517	0.05518
1	0.00748	0.00564	0.00729	0.03983	0.00964	0.00554	0.00620	0.00983	0.04445	0.01533	0.16799	0.17637	0.15526	0.05696	0.00741	0.00213	0.00368	0.26965	0.00467	0.00462
2	0.01077	0.00686	0.00671	0.00621	0.00766	0.04780	0.00479	0.07860	0.01195	0.01939	0.04428	0.01811	0.01326	0.00618	0.00442	0.00128	0.04084	0.00478	0.66098	0.00515
3	0.00616	0.00440	0.00587	0.00704	0.00733	0.00411	0.00469	0.00704	0.00968	0.01291	0.02787	0.81899	0.03344	0.01584	0.00645	0.00205	0.00293	0.01438	0.00469	0.00411
4	0.01252	0.01201	0.02053	0.03104	0.79074	0.01201	0.01552	0.01552	0.01151	0.01652	0.00951	0.01252	0.00801	0.00451	0.00501	0.00150	0.00601	0.00451	0.00250	0.00801
5	0.00700	0.00514	0.00660	0.00658	0.00773	0.00474	0.00499	0.00908	0.01320	0.01815	0.53965	0.12807	0.13317	0.01161	0.00612	0.00173	0.00269	0.08384	0.00527	0.00463
6	0.00761	0.00484	0.00587	0.00587	0.00592	0.00489	0.00350	0.00731	0.00726	0.00973	0.01446	0.02902	0.01626	0.62656	0.07015	0.16288	0.00531	0.00669	0.00288	0.00299
7	0.01352	0.82533	0.02650	0.00865	0.01298	0.02001	0.00865	0.01514	0.01027	0.01190	0.00703	0.00811	0.00649	0.00433	0.00324	0.00108	0.00541	0.00270	0.00216	0.00649
8	0.00616	0.00440	0.00587	0.00704	0.00733	0.00411	0.00469	0.00704	0.00968	0.01291	0.02787	0.81899	0.03344	0.01584	0.00645	0.00205	0.00293	0.01438	0.00469	0.00411
9	0.01388	0.72145	0.05744	0.00915	0.01358	0.01929	0.00915	0.08133	0.01147	0.01381	0.00756	0.00857	0.00667	0.00450	0.00347	0.00114	0.00551	0.00291	0.00241	0.00671
10	0.01215	0.01164	0.01986	0.12750	0.69715	0.01192	0.01534	0.01520	0.01134	0.01607	0.00945	0.01263	0.00785	0.00457	0.00501	0.00152	0.00610	0.00450	0.00247	0.00771
11	0.00896	0.00682	0.00906	0.06954	0.01183	0.00728	0.00757	0.01211	0.07561	0.04607	0.18107	0.04002	0.12490	0.01107	0.00711	0.00196	0.07450	0.29476	0.00455	0.00521

[dist]
# distance from previous block
# <min> <max>
0	1

[block]
# block no. 4 follows, 49 sequences, length 6
# corresponding to MSA columns:
# 119-124
name=unknown_E
#
# <colnr> <probs for GDERKNQSTAVLIFYWHMCP>
#	G	D	E	R	K	N	Q	S	T	A	V	L	I	F	Y	W	H	M	C	P
0	0.01109	0.01496	0.16101	0.01879	0.02387	0.01180	0.57001	0.01532	0.01151	0.01586	0.01166	0.08777	0.00984	0.00543	0.00581	0.00172	0.00782	0.00636	0.00268	0.00668
1	0.01148	0.01456	0.23867	0.01023	0.01531	0.00955	0.01032	0.11055	0.04741	0.01844	0.01075	0.01325	0.00866	0.00495	0.00443	0.00121	0.00511	0.03788	0.00318	0.42406
2	0.01014	0.02616	0.79609	0.01441	0.02189	0.01174	0.01868	0.01601	0.01068	0.01601	0.00907	0.01068	0.00641	0.00480	0.00480	0.00160	0.00747	0.00374	0.00214	0.00747
3	0.68672	0.01149	0.06225	0.00785	0.01140	0.01196	0.00694	0.11763	0.01080	0.02347	0.00787	0.00891	0.00596	0.00489	0.00350	0.00156	0.00438	0.00305	0.00332	0.00604
4	0.01527	0.01209	0.01298	0.01051	0.01412	0.01317	0.00845	0.35959	0.33667	0.02531	0.01521	0.01471	0.01129	0.00608	0.00491	0.00149	0.00467	0.00482	0.00481	0.12383
5	0.01922	0.01416	0.01518	0.01163	0.01568	0.01568	0.00961	0.77388	0.02378	0.03187	0.01214	0.01214	0.00860	0.00607	0.00506	0.00152	0.00556	0.00455	0.00506	0.00860

[dist]
# distance from previous block
# <min> <max>
0	2

[block]
# block no. 5 follows, 49 sequences, length 67
# corresponding to MSA columns:
# 127-193
name=unknown_F
#
# <colnr> <probs for GDERKNQSTAVLIFYWHMCP>
#	G	D	E	R	K	N	Q	S	T	A	V	L	I	F	Y	W	H	M	C	P
0	0.01406	0.01128	0.01259	0.06142	0.03170	0.01282	0.00885	0.17785	0.52124	0.05205	0.01796	0.01751	0.01342	0.00662	0.00514	0.00167	0.00456	0.01636	0.00492	0.00795
1	0.01485	0.01107	0.01200	0.01007	0.01330	0.01215	0.00805	0.25325	0.38951	0.09288	0.02048	0.01962	0.08020	0.00712	0.00519	0.00163	0.00439	0.01607	0.00513	0.02305
2	0.13686	0.06294	0.01317	0.00977	0.01331	0.01307	0.00807	0.38694	0.09717	0.10986	0.05893	0.01539	0.03995	0.00636	0.00477	0.00153	0.00473	0.00484	0.00476	0.00758
3	0.01049	0.00899	0.01049	0.00749	0.01198	0.00674	0.00599	0.01273	0.01049	0.01648	0.00899	0.01049	0.00749	0.00374	0.00374	0.00075	0.00374	0.00300	0.00300	0.85320
4	0.01165	0.28379	0.17976	0.00913	0.01277	0.01161	0.00914	0.01402	0.01085	0.10286	0.09210	0.08671	0.01575	0.11381	0.00737	0.00191	0.00511	0.02223	0.00336	0.00607
5	0.00943	0.00471	0.00471	0.00471	0.00589	0.00471	0.00353	0.01178	0.01060	0.01885	0.01650	0.01885	0.01296	0.00589	0.00353	0.00118	0.00236	0.00471	0.85036	0.00471
6	0.00697	0.05684	0.00719	0.00600	0.00753	0.00546	0.00457	0.00866	0.01236	0.01609	0.34290	0.10049	0.36987	0.02524	0.00617	0.00170	0.00274	0.00978	0.00486	0.00458
7	0.24895	0.01165	0.02065	0.15687	0.02302	0.01202	0.40997	0.01538	0.01072	0.03054	0.00928	0.01215	0.00697	0.00456	0.00500	0.00166	0.00684	0.00479	0.00273	0.00626
8	0.00854	0.00638	0.00669	0.00611	0.00822	0.00577	0.00473	0.09591	0.01311	0.06500	0.04479	0.04251	0.65061	0.01162	0.00582	0.00168	0.00301	0.00962	0.00484	0.00504
9	0.00615	0.00445	0.00582	0.00692	0.00730	0.00412	0.00464	0.00705	0.00980	0.01296	0.02932	0.77127	0.08023	0.01565	0.00642	0.00203	0.00291	0.01415	0.00469	0.00412
10	0.00970	0.00915	0.01545	0.76941	0.07434	0.01128	0.01412	0.01306	0.01018	0.01311	0.00902	0.01343	0.00681	0.00503	0.00505	0.00168	0.00670	0.00449	0.00226	0.00574
11	0.00614	0.00513	0.00534	0.00529	0.00693	0.00434	0.00397	0.00757	0.01190	0.01456	0.15119	0.04719	0.68816	0.01247	0.00597	0.00169	0.00254	0.01046	0.00481	0.00434
12	0.00735	0.00490	0.00552	0.00552	0.00552	0.00490	0.00306	0.00735	0.00735	0.00980	0.01593	0.03309	0.01838	0.82229	0.02574	0.00490	0.00490	0.00735	0.00306	0.00306
13	0.01358	0.06141	0.01262	0.01021	0.01329	0.01296	0.00812	0.07317	0.64590	0.06166	0.01918	0.01769	0.01430	0.00662	0.00502	0.00166	0.00420	0.00542	0.00501	0.00798
14	0.01770	0.10753	0.01567	0.01275	0.03911	0.60555	0.00962	0.06448	0.01418	0.01384	0.00811	0.00937	0.00673	0.00507	0.00442	0.00127	0.00813	0.00330	0.00272	0.05045
15	0.01207	0.05138	0.02740	0.02209	0.16075	0.01311	0.56885	0.01585	0.01160	0.01588	0.00979	0.01307	0.00763	0.00451	0.00614	0.00166	0.04326	0.00549	0.00251	0.00696
16	0.00735	0.00490	0.00552	0.00552	0.00552	0.00490	0.00306	0.00735	0.00735	0.00980	0.01593	0.03309	0.01838	0.82229	0.02574	0.00490	0.00490	0.00735	0.00306	0.00306
17	0.01049	0.00899	0.01049	0.00749	0.01198	0.00674	0.00599	0.01273	0.01049	0.01648	0.00899	0.01049	0.00749	0.00374	0.00374	0.00075	0.00374	0.00300	0.00300	0.85320
18	0.01087	0.05744	0.60606	0.01511	0.02182	0.01225	0.13698	0.01611	0.01087	0.03333	0.00936	0.01119	0.00675	0.00483	0.00521	0.00161	0.02651	0.00409	0.00230	0.00731
19	0.02269	0.00861	0.01174	0.00900	0.01291	0.00743	0.00743	0.02464	0.01447	0.79425	0.01995	0.01721	0.01252	0.00626	0.00509	0.00156	0.00430	0.00509	0.00626	0.00861
20	0.01236	0.01192	0.02056	0.02938	0.70464	0.01190	0.06204	0.01566	0.02810	0.01656	0.01028	0.01398	0.00874	0.00481	0.00512	0.00154	0.00608	0.02587	0.00262	0.00784
21	0.00598	0.00512	0.00512	0.00512	0.00683	0.00427	0.00384	0.00726	0.01153	0.01366	0.05123	0.04866	0.78869	0.01281	0.00598	0.00171	0.00256	0.01067	0.00470	0.00427
22	0.01277	0.01096	0.01154	0.01033	0.01322	0.01267	0.00805	0.04861	0.75956	0.02146	0.02034	0.01867	0.01524	0.00684	0.00514	0.00171	0.00405	0.00568	0.00514	0.00802
23	0.01860	0.01357	0.01452	0.01120	0.01506	0.01499	0.00923	0.72579	0.02294	0.03105	0.01242	0.01256	0.00887	0.00606	0.00496	0.00150	0.00536	0.00456	0.05840	0.00835
24	0.00728	0.00487	0.00554	0.00561	0.00563	0.00485	0.00316	0.00733	0.00750	0.01000	0.01667	0.08157	0.01931	0.77254	0.02455	0.00473	0.00478	0.00779	0.00316	0.00313
25	0.00695	0.00501	0.00648	0.00731	0.00792	0.00480	0.00512	0.04344	0.01080	0.01443	0.07696	0.66855	0.04918	0.01485	0.00638	0.00201	0.00312	0.05754	0.00477	0.00440
26	0.00711	0.00517	0.00669	0.00631	0.00752	0.00475	0.00473	0.00945	0.01420	0.02000	0.75671	0.03824	0.07925	0.01044	0.00596	0.00160	0.00239	0.00921	0.00553	0.00475
27	0.00642	0.00455	0.00595	0.00686	0.00714	0.00438	0.00453	0.00722	0.00920	0.01233	0.02502	0.64037	0.02968	0.14877	0.05982	0.00290	0.00392	0.01266	0.00430	0.00396
28	0.01014	0.02616	0.79609	0.01441	0.02189	0.01174	0.01868	0.01601	0.01068	0.01601	0.00907	0.01068	0.00641	0.00480	0.00480	0.00160	0.00747	0.00374	0.00214	0.00747
29	0.01014	0.02616	0.79609	0.01441	0.02189	0.01174	0.01868	0.01601	0.01068	0.01601	0.00907	0.01068	0.00641	0.00480	0.00480	0.00160	0.00747	0.00374	0.00214	0.00747
30	0.02029	0.00827	0.01109	0.00872	0.01224	0.00731	0.00712	0.02282	0.04710	0.66321	0.11737	0.01989	0.01710	0.00680	0.00520	0.00157	0.00405	0.00563	0.00612	0.00809
31	0.01049	0.00899	0.01049	0.00749	0.01198	0.00674	0.00599	0.01273	0.01049	0.01648	0.00899	0.01049	0.00749	0.00374	0.00374	0.00075	0.00374	0.00300	0.00300	0.85320
32	0.01049	0.00899	0.01049	0.00749	0.01198	0.00674	0.00599	0.01273	0.01049	0.01648	0.00899	0.01049	0.00749	0.00374	0.00374	0.00075	0.00374	0.00300	0.00300	0.85320
33	0.00627	0.00530	0.00546	0.00552	0.00715	0.00461	0.00410	0.00807	0.04413	0.01391	0.04771	0.12037	0.68424	0.01284	0.00599	0.00174	0.00266	0.01081	0.00471	0.00441
34	0.00623	0.00449	0.00591	0.00692	0.00733	0.00416	0.00467	0.00724	0.01011	0.01351	0.08824	0.73152	0.06030	0.01531	0.00640	0.00201	0.00288	0.01384	0.00476	0.00416
35	0.00620	0.00442	0.00586	0.00699	0.00727	0.00413	0.00464	0.00705	0.00960	0.01280	0.02746	0.79221	0.03293	0.04332	0.00711	0.00215	0.00300	0.01414	0.00464	0.00407
36	0.00605	0.00508	0.00526	0.00531	0.00690	0.00428	0.00394	0.00736	0.01156	0.01396	0.08826	0.09671	0.70230	0.01287	0.00601	0.00172	0.00258	0.01083	0.00474	0.00428
37	0.01913	0.00829	0.01056	0.00838	0.01167	0.00766	0.00683	0.08647	0.03164	0.53972	0.05241	0.01800	0.01387	0.00637	0.00485	0.00150	0.00398	0.00517	0.15578	0.00773
38	0.00613	0.00507	0.00519	0.00523	0.00670	0.00433	0.00379	0.00726	0.01100	0.01321	0.04654	0.07320	0.67815	0.10203	0.00817	0.00207	0.00283	0.01043	0.00452	0.00413
39	0.85801	0.00978	0.00743	0.00665	0.00978	0.01134	0.00548	0.01486	0.00861	0.02269	0.00704	0.00821	0.00548	0.00469	0.00313	0.00156	0.00391	0.00274	0.00313	0.00548
40	0.00616	0.00440	0.00587	0.00704	0.00733	0.00411	0.00469	0.00704	0.00968	0.01291	0.02787	0.81899	0.03344	0.01584	0.00645	0.00205	0.00293	0.01438	0.00469	0.00411
41	0.01301	0.69731	0.12664	0.00954	0.01415	0.01880	0.01003	0.01517	0.01025	0.01244	0.00729	0.00853	0.00648	0.00452	0.00384	0.00118	0.02918	0.00289	0.00216	0.00659
42	0.01774	0.02055	0.01376	0.01222	0.01501	0.57775	0.00931	0.12498	0.09436	0.01604	0.01158	0.01222	0.04101	0.00582	0.00475	0.00139	0.00782	0.00401	0.00330	0.00639
43	0.85801	0.00978	0.00743	0.00665	0.00978	0.01134	0.00548	0.01486	0.00861	0.02269	0.00704	0.00821	0.00548	0.00469	0.00313	0.00156	0.00391	0.00274	0.00313	0.00548
44	0.02971	0.00966	0.05792	0.00819	0.01063	0.00948	0.00691	0.26477	0.01460	0.02171	0.01603	0.01847	0.06000	0.06934	0.00666	0.00170	0.04635	0.00512	0.33668	0.00608
45	0.00609	0.00513	0.00528	0.00524	0.00690	0.00432	0.00393	0.00748	0.01180	0.01431	0.12388	0.04759	0.71563	0.01256	0.00598	0.00170	0.00254	0.01052	0.00478	0.00432
46	0.00736	0.00537	0.00792	0.00792	0.00884	0.00622	0.00615	0.00920	0.00828	0.01218	0.01373	0.01980	0.01266	0.03594	0.75277	0.00770	0.01285	0.00537	0.05522	0.00453
47	0.00932	0.00475	0.00487	0.00487	0.00604	0.00479	0.00367	0.01165	0.01049	0.01852	0.01636	0.01890	0.01295	0.00740	0.04106	0.00150	0.00288	0.00475	0.81053	0.00470
48	0.00607	0.00513	0.00525	0.00522	0.00689	0.00431	0.00391	0.00743	0.01174	0.01418	0.10857	0.04782	0.73102	0.01261	0.00598	0.00170	0.00255	0.01055	0.00476	0.00431
49	0.01164	0.01145	0.02046	0.23753	0.47684	0.01192	0.12620	0.01492	0.01120	0.01551	0.00948	0.01294	0.00762	0.00462	0.00516	0.00158	0.00657	0.00472	0.00244	0.00720
50	0.85801	0.00978	0.00743	0.00665	0.00978	0.01134	0.00548	0.01486	0.00861	0.02269	0.00704	0.00821	0.00548	0.00469	0.00313	0.00156	0.00391	0.00274	0.00313	0.00548
51	0.01352	0.82533	0.02650	0.00865	0.01298	0.02001	0.00865	0.01514	0.01027	0.01190	0.00703	0.00811	0.00649	0.00433	0.00324	0.00108	0.00541	0.00270	0.00216	0.00649
52	0.00610	0.00512	0.00530	0.00533	0.00695	0.00432	0.00400	0.00746	0.01166	0.01411	0.09977	0.06982	0.70497	0.01275	0.00601	0.00172	0.00259	0.02296	0.00475	0.00430
53	0.03815	0.00878	0.01175	0.00903	0.01293	0.00774	0.00746	0.04562	0.01463	0.75835	0.01949	0.01690	0.01228	0.00622	0.00505	0.00156	0.00433	0.00503	0.00617	0.00855
54	0.00955	0.00899	0.01517	0.81013	0.03483	0.01123	0.01404	0.01292	0.01011	0.01292	0.00899	0.01348	0.00674	0.00506	0.00506	0.00169	0.00674	0.00449	0.00225	0.00562
55	0.01080	0.02536	0.71122	0.01511	0.05763	0.06071	0.01798	0.01625	0.01094	0.01581	0.00902	0.01067	0.00649	0.00482	0.00480	0.00158	0.00751	0.00374	0.00218	0.00740
56	0.00966	0.00921	0.01586	0.77307	0.03443	0.01131	0.04968	0.01307	0.01020	0.01307	0.00905	0.01349	0.00678	0.00502	0.00510	0.00169	0.00682	0.00456	0.00226	0.00567
57	0.00611	0.00513	0.00531	0.00526	0.00691	0.00433	0.00395	0.00752	0.01184	0.01442	0.13539	0.04742	0.70406	0.01252	0.00597	0.00169	0.00254	0.01050	0.00480	0.00433
58	0.01423	0.01216	0.01454	0.01492	0.16475	0.02717	0.02711	0.20004	0.42320	0.02251	0.01599	0.01576	0.01206	0.00613	0.00511	0.00162	0.00495	0.00517	0.00451	0.00808
59	0.00955	0.00899	0.01517	0.81013	0.03483	0.01123	0.01404	0.01292	0.01011	0.01292	0.00899	0.01348	0.00674	0.00506	0.00506	0.00169	0.00674	0.00449	0.00225	0.00562
60	0.00708	0.00482	0.00556	0.00577	0.00590	0.00473	0.00339	0.00729	0.00796	0.01054	0.01971	0.17318	0.05725	0.64125	0.02139	0.00425	0.00444	0.00875	0.00343	0.00331
61	0.01211	0.01115	0.01853	0.13919	0.59093	0.01153	0.01441	0.01565	0.04802	0.03346	0.01104	0.01523	0.00931	0.00520	0.00512	0.00158	0.00591	0.04133	0.00278	0.00752
62	0.00616	0.00440	0.00587	0.00704	0.00733	0.00411	0.00469	0.00704	0.00968	0.01291	0.02787	0.81899	0.03344	0.01584	0.00645	0.00205	0.00293	0.01438	0.00469	0.00411
63	0.01172	0.01349	0.07506	0.01876	0.02344	0.01199	0.59612	0.06215	0.01229	0.01673	0.01175	0.08213	0.00987	0.00567	0.00616	0.01905	0.00771	0.00642	0.00286	0.00665
64	0.00713	0.00517	0.00672	0.00633	0.00754	0.00476	0.00475	0.00949	0.01425	0.02012	0.77067	0.03803	0.06522	0.01040	0.00596	0.00159	0.00239	0.00918	0.00555	0.00476
65	0.03126	0.46770	0.34080	0.01103	0.01659	0.02835	0.01270	0.01557	0.01046	0.01383	0.00788	0.00918	0.00643	0.00454	0.00390	0.00131	0.00628	0.00314	0.00218	0.00686
66	0.10534	0.09436	0.01353	0.01018	0.02729	0.24237	0.00801	0.07898	0.05628	0.10782	0.01119	0.01171	0.02185	0.00516	0.00427	0.00127	0.00574	0.00370	0.00350	0.18744

[dist]
# distance from previous block
# <min> <max>
0	7

[block]
# block no. 6 follows, 49 sequences, length 103
# corresponding to MSA columns:
# 202-304
name=unknown_G
#
# <colnr> <probs for GDERKNQSTAVLIFYWHMCP>
#	G	D	E	R	K	N	Q	S	T	A	V	L	I	F	Y	W	H	M	C	P
0	0.03007	0.04591	0.01809	0.07894	0.03227	0.06540	0.23285	0.12980	0.01365	0.15141	0.01440	0.09391	0.03089	0.00653	0.00571	0.00164	0.03190	0.00598	0.00380	0.00684
1	0.01681	0.02609	0.01306	0.01026	0.01357	0.03298	0.00830	0.52199	0.03606	0.07738	0.01531	0.08920	0.02844	0.02246	0.00545	0.00161	0.00500	0.00566	0.06277	0.00760
2	0.04211	0.01104	0.01244	0.00943	0.01351	0.01072	0.00769	0.32600	0.03285	0.13565	0.01235	0.02497	0.00919	0.00535	0.00453	0.00125	0.00457	0.00416	0.00439	0.32781
3	0.00636	0.00514	0.00566	0.00553	0.00707	0.00443	0.00415	0.00800	0.01244	0.01582	0.29156	0.04511	0.54701	0.01200	0.00597	0.00167	0.00250	0.01017	0.00498	0.00443
4	0.01241	0.01067	0.01131	0.01025	0.01305	0.01232	0.00801	0.02624	0.75187	0.02092	0.02082	0.02034	0.01596	0.00714	0.00522	0.00174	0.00403	0.03472	0.00513	0.00787
5	0.85801	0.00978	0.00743	0.00665	0.00978	0.01134	0.00548	0.01486	0.00861	0.02269	0.00704	0.00821	0.00548	0.00469	0.00313	0.00156	0.00391	0.00274	0.00313	0.00548
6	0.00622	0.00444	0.00594	0.00711	0.00743	0.00416	0.00480	0.00715	0.00974	0.01298	0.02784	0.79533	0.03331	0.01578	0.00647	0.00206	0.00299	0.03742	0.00469	0.00412
7	0.79727	0.01006	0.02430	0.00693	0.01020	0.01115	0.00586	0.01539	0.00895	0.06211	0.00775	0.00873	0.00586	0.00478	0.00326	0.00157	0.00401	0.00288	0.00327	0.00568
8	0.00730	0.00488	0.00553	0.00559	0.00560	0.00487	0.00314	0.00734	0.00746	0.00995	0.01649	0.06954	0.01908	0.78488	0.02484	0.00477	0.00481	0.00768	0.00314	0.00311
9	0.00965	0.00896	0.01502	0.75884	0.05944	0.01106	0.01377	0.01297	0.01017	0.01323	0.00924	0.01362	0.00698	0.00506	0.00501	0.00166	0.00658	0.00450	0.02858	0.00567
10	0.00788	0.00581	0.00713	0.00700	0.00818	0.03023	0.00529	0.01000	0.01343	0.03832	0.56843	0.14762	0.04182	0.01117	0.00606	0.00171	0.00293	0.07691	0.00529	0.00480
11	0.01271	0.63489	0.20989	0.01003	0.01510	0.01804	0.01104	0.01535	0.01037	0.01288	0.00752	0.00872	0.00647	0.00444	0.00362	0.00121	0.00590	0.00295	0.00216	0.00672
12	0.85801	0.00978	0.00743	0.00665	0.00978	0.01134	0.00548	0.01486	0.00861	0.02269	0.00704	0.00821	0.00548	0.00469	0.00313	0.00156	0.00391	0.00274	0.00313	0.00548
13	0.01199	0.01230	0.02528	0.06914	0.04814	0.01158	0.57439	0.01575	0.01173	0.05538	0.01132	0.04921	0.00900	0.00490	0.00570	0.00164	0.00754	0.00595	0.00285	0.06620
14	0.01797	0.00867	0.01100	0.00900	0.01224	0.00821	0.00738	0.10777	0.07090	0.46881	0.08724	0.02395	0.05631	0.00771	0.00539	0.00165	0.00421	0.07819	0.00575	0.00763
15	0.00708	0.00552	0.00738	0.02770	0.00881	0.00592	0.00570	0.00843	0.03393	0.01293	0.02411	0.64081	0.02834	0.05376	0.00850	0.00219	0.09786	0.01235	0.00428	0.00438
16	0.01112	0.01229	0.02610	0.01911	0.02340	0.01168	0.64346	0.01482	0.01150	0.01562	0.01254	0.12402	0.01118	0.00599	0.00636	0.00177	0.03273	0.00707	0.00284	0.00641
17	0.00616	0.00440	0.00587	0.00704	0.00733	0.00411	0.00469	0.00704	0.00968	0.01291	0.02787	0.81899	0.03344	0.01584	0.00645	0.00205	0.00293	0.01438	0.00469	0.00411
18	0.00735	0.00490	0.00552	0.00552	0.00552	0.00490	0.00306	0.00735	0.00735	0.00980	0.01593	0.03309	0.01838	0.82229	0.02574	0.00490	0.00490	0.00735	0.00306	0.00306
19	0.02189	0.00856	0.01158	0.00893	0.01272	0.00748	0.00735	0.03977	0.01466	0.74224	0.05541	0.01806	0.01407	0.00644	0.00513	0.00156	0.00424	0.00526	0.00620	0.00843
20	0.00720	0.00529	0.00676	0.00637	0.00763	0.00491	0.00479	0.00978	0.03061	0.01991	0.72827	0.03801	0.09061	0.01041	0.00595	0.00160	0.00243	0.00916	0.00551	0.00481
21	0.01302	0.01108	0.01168	0.01038	0.01332	0.01278	0.00811	0.07644	0.73132	0.02186	0.02002	0.01842	0.01498	0.00681	0.00514	0.00170	0.00411	0.00564	0.00514	0.00804
22	0.01183	0.00928	0.01078	0.00805	0.01223	0.00772	0.00643	0.04781	0.09074	0.07136	0.01148	0.02897	0.00925	0.00460	0.00410	0.00097	0.00387	0.00373	0.00357	0.65324
23	0.03529	0.12903	0.02991	0.01101	0.01464	0.18415	0.00914	0.29285	0.12837	0.09819	0.01233	0.01229	0.00913	0.00572	0.00467	0.00145	0.00596	0.00418	0.00416	0.00754
24	0.01870	0.01367	0.01471	0.01142	0.01535	0.01512	0.00939	0.67853	0.09601	0.05512	0.01320	0.01295	0.00938	0.00615	0.00507	0.00154	0.00537	0.00468	0.00511	0.00854
25	0.00698	0.00515	0.00652	0.00620	0.00745	0.00469	0.00464	0.00919	0.01385	0.01925	0.67454	0.05266	0.14853	0.01077	0.00597	0.00161	0.00242	0.00944	0.00543	0.00469
26	0.01813	0.01722	0.01427	0.01186	0.01522	0.29926	0.00938	0.40600	0.10164	0.02331	0.01226	0.01249	0.02401	0.00598	0.00491	0.00146	0.00662	0.00433	0.00417	0.00746
27	0.00674	0.00483	0.00628	0.00724	0.00770	0.00462	0.00491	0.04099	0.01031	0.01375	0.02717	0.78327	0.03234	0.01541	0.00639	0.00203	0.00305	0.01394	0.00471	0.00431
28	0.00735	0.00493	0.00564	0.00564	0.00568	0.00497	0.00322	0.00743	0.00739	0.00989	0.01582	0.03248	0.01812	0.78591	0.06175	0.00505	0.00530	0.00726	0.00305	0.00313
29	0.04804	0.10038	0.01532	0.01130	0.01477	0.27578	0.00915	0.37336	0.01804	0.03858	0.01168	0.01211	0.03785	0.00582	0.00467	0.00141	0.00652	0.00412	0.00389	0.00720
30	0.00703	0.00500	0.00678	0.00789	0.00853	0.00485	0.00603	0.00846	0.01037	0.01367	0.02684	0.46981	0.03094	0.05421	0.00761	0.00230	0.00373	0.31707	0.00460	0.00428
31	0.01130	0.01226	0.03796	0.01627	0.03781	0.02853	0.27633	0.01366	0.00958	0.01381	0.00903	0.04942	0.00827	0.00730	0.01163	0.00198	0.44098	0.00539	0.00246	0.00603
32	0.01450	0.21462	0.01714	0.01088	0.01418	0.12631	0.08241	0.06652	0.14029	0.11029	0.07165	0.01504	0.01252	0.00802	0.05876	0.00190	0.01974	0.00471	0.00374	0.00679
33	0.01243	0.01369	0.02738	0.02018	0.04072	0.03269	0.63854	0.05553	0.01228	0.01662	0.00998	0.01323	0.00762	0.00474	0.00669	0.00172	0.07082	0.00568	0.00266	0.00681
34	0.01206	0.00958	0.01106	0.00814	0.01246	0.00800	0.00654	0.08760	0.05947	0.05662	0.01055	0.01149	0.00833	0.00429	0.00402	0.00092	0.00396	0.00342	0.00349	0.67801
35	0.01159	0.00916	0.01075	0.00774	0.01218	0.00713	0.00622	0.04294	0.01125	0.06598	0.00980	0.01097	0.00785	0.00399	0.00388	0.00083	0.00385	0.00319	0.00328	0.76740
36	0.01190	0.01078	0.01819	0.34647	0.18686	0.01175	0.14520	0.03598	0.10897	0.05652	0.01143	0.01415	0.00862	0.00512	0.00522	0.00164	0.00639	0.00494	0.00300	0.00686
37	0.06957	0.00908	0.01456	0.54080	0.15622	0.01064	0.01272	0.01288	0.01019	0.01421	0.01088	0.09597	0.00962	0.00605	0.00506	0.00168	0.00603	0.00539	0.00260	0.00585
38	0.01189	0.01332	0.02805	0.02109	0.06514	0.01299	0.66365	0.01580	0.01153	0.01585	0.00987	0.01335	0.00760	0.00469	0.00688	0.00174	0.08153	0.00575	0.00252	0.00677
39	0.01137	0.00955	0.01033	0.00942	0.01186	0.01077	0.00727	0.03410	0.58852	0.02046	0.13584	0.05014	0.03322	0.02402	0.00576	0.00178	0.00375	0.01950	0.00513	0.00718
40	0.00615	0.00444	0.00583	0.00694	0.00731	0.00412	0.00465	0.00705	0.00978	0.01295	0.02909	0.77876	0.07288	0.01568	0.00643	0.00204	0.00291	0.01418	0.00469	0.00412
41	0.01352	0.82533	0.02650	0.00865	0.01298	0.02001	0.00865	0.01514	0.01027	0.01190	0.00703	0.00811	0.00649	0.00433	0.00324	0.00108	0.00541	0.00270	0.00216	0.00649
42	0.05102	0.01280	0.02325	0.04293	0.02162	0.04884	0.46533	0.01500	0.01086	0.01525	0.00995	0.01479	0.00834	0.00589	0.00822	0.00183	0.19177	0.04342	0.00260	0.00627
43	0.00622	0.00536	0.00564	0.00560	0.00715	0.00478	0.00422	0.00747	0.01126	0.01355	0.04797	0.08604	0.71407	0.01278	0.00649	0.00175	0.04017	0.01057	0.00458	0.00432
44	0.85801	0.00978	0.00743	0.00665	0.00978	0.01134	0.00548	0.01486	0.00861	0.02269	0.00704	0.00821	0.00548	0.00469	0.00313	0.00156	0.00391	0.00274	0.00313	0.00548
45	0.11980	0.00791	0.00788	0.00688	0.00907	0.00855	0.00545	0.19259	0.05371	0.02253	0.01448	0.01592	0.01111	0.00583	0.00393	0.00134	0.00340	0.00448	0.49925	0.00590
46	0.11636	0.11881	0.19484	0.01209	0.01648	0.18480	0.05041	0.17521	0.03846	0.01893	0.00933	0.01045	0.00714	0.00520	0.00470	0.00147	0.02153	0.00375	0.00309	0.00695
47	0.13682	0.00760	0.00844	0.00759	0.00971	0.00796	0.00590	0.02969	0.19300	0.07543	0.41264	0.02717	0.04149	0.00835	0.00527	0.00161	0.00319	0.00704	0.00513	0.00597
48	0.01674	0.01971	0.01467	0.05500	0.04120	0.55034	0.04846	0.03893	0.08572	0.02790	0.01050	0.04838	0.00888	0.00582	0.00484	0.00143	0.00792	0.00431	0.00304	0.00620
49	0.04930	0.01210	0.01272	0.01016	0.01367	0.05236	0.00826	0.40198	0.09764	0.18425	0.01463	0.01424	0.01031	0.00608	0.00483	0.00150	0.00495	0.00466	0.08846	0.00790
50	0.00718	0.00520	0.00680	0.00649	0.00769	0.00481	0.00492	0.00954	0.01412	0.01988	0.73386	0.03898	0.06241	0.01057	0.00602	0.00163	0.00250	0.04714	0.00550	0.00475
51	0.01931	0.00936	0.01163	0.00943	0.01299	0.00915	0.00762	0.02539	0.27063	0.53610	0.02016	0.01776	0.01349	0.00646	0.00511	0.00161	0.00420	0.00530	0.00589	0.00840
52	0.00815	0.00582	0.00815	0.00931	0.01048	0.00582	0.00815	0.01048	0.01164	0.01513	0.02677	0.05704	0.02910	0.01397	0.00698	0.00233	0.00466	0.75671	0.00466	0.00466
53	0.01848	0.01448	0.01471	0.01158	0.01540	0.06905	0.00945	0.64104	0.10567	0.02937	0.01276	0.01267	0.00920	0.00610	0.00503	0.00152	0.00564	0.00459	0.00490	0.00835
54	0.01341	0.79836	0.05247	0.00885	0.01328	0.01973	0.00899	0.01517	0.01029	0.01204	0.00710	0.00820	0.00649	0.00434	0.00330	0.00110	0.00548	0.00274	0.00216	0.00652
55	0.01047	0.01049	0.01488	0.68986	0.03169	0.09262	0.01331	0.01352	0.01048	0.01285	0.00924	0.03146	0.00733	0.00541	0.00532	0.00167	0.02688	0.00459	0.00234	0.00561
56	0.02819	0.01075	0.01567	0.01258	0.01573	0.01107	0.19125	0.30477	0.01600	0.03939	0.01690	0.17789	0.01615	0.00864	0.00578	0.00178	0.00557	0.11087	0.00432	0.00669
57	0.01109	0.24975	0.58077	0.01280	0.01939	0.01406	0.01588	0.01577	0.01056	0.01486	0.00850	0.00996	0.00643	0.00467	0.00437	0.00146	0.00690	0.00345	0.00214	0.00720
58	0.00631	0.00446	0.00582	0.00685	0.00711	0.00421	0.00449	0.00708	0.00939	0.01253	0.02640	0.72189	0.03158	0.11548	0.00884	0.00241	0.00318	0.01351	0.00449	0.00398
59	0.00617	0.00513	0.00540	0.00533	0.00695	0.00435	0.00400	0.00764	0.01199	0.01476	0.17404	0.04685	0.66519	0.01240	0.00597	0.00169	0.00253	0.01042	0.00484	0.00435
60	0.00630	0.00513	0.00558	0.00556	0.00710	0.00441	0.00418	0.00784	0.01208	0.01513	0.21174	0.07102	0.58232	0.01239	0.00601	0.00171	0.00259	0.02964	0.00489	0.00438
61	0.85801	0.00978	0.00743	0.00665	0.00978	0.01134	0.00548	0.01486	0.00861	0.02269	0.00704	0.00821	0.00548	0.00469	0.00313	0.00156	0.00391	0.00274	0.00313	0.00548
62	0.00955	0.00899	0.01517	0.81013	0.03483	0.01123	0.01404	0.01292	0.01011	0.01292	0.00899	0.01348	0.00674	0.00506	0.00506	0.00169	0.00674	0.00449	0.00225	0.00562
63	0.01096	0.00949	0.01168	0.00846	0.01285	0.00767	0.04182	0.04372	0.02757	0.01710	0.00938	0.01089	0.00770	0.00402	0.00417	0.00087	0.01896	0.00328	0.00309	0.74632
64	0.01014	0.02616	0.79609	0.01441	0.02189	0.01174	0.01868	0.01601	0.01068	0.01601	0.00907	0.01068	0.00641	0.00480	0.00480	0.00160	0.00747	0.00374	0.00214	0.00747
65	0.02269	0.00861	0.01174	0.00900	0.01291	0.00743	0.00743	0.02464	0.01447	0.79425	0.01995	0.01721	0.01252	0.00626	0.00509	0.00156	0.00430	0.00509	0.00626	0.00861
66	0.00697	0.00516	0.00651	0.00617	0.00744	0.00469	0.00463	0.00919	0.01388	0.01926	0.67452	0.03945	0.16191	0.01072	0.00597	0.00161	0.00241	0.00938	0.00543	0.00469
67	0.00722	0.00542	0.00813	0.00813	0.00903	0.00632	0.00632	0.00903	0.00813	0.01174	0.01354	0.01987	0.01264	0.03792	0.80225	0.00813	0.01354	0.00542	0.00271	0.00451
68	0.00735	0.00490	0.00552	0.00552	0.00552	0.00490	0.00306	0.00735	0.00735	0.00980	0.01593	0.03309	0.01838	0.82229	0.02574	0.00490	0.00490	0.00735	0.00306	0.00306
69	0.00722	0.00542	0.00813	0.00813	0.00903	0.00632	0.00632	0.00903	0.00813	0.01174	0.01354	0.01987	0.01264	0.03792	0.80225	0.00813	0.01354	0.00542	0.00271	0.00451
70	0.01023	0.04659	0.77641	0.01427	0.02166	0.01195	0.01843	0.01599	0.01067	0.01591	0.00902	0.01061	0.00641	0.00479	0.00476	0.00159	0.00742	0.00371	0.00214	0.00745
71	0.00805	0.03146	0.00750	0.00646	0.00794	0.00535	0.00495	0.01029	0.01396	0.05875	0.66140	0.03671	0.10777	0.01015	0.00583	0.00158	0.00259	0.00886	0.00542	0.00498
72	0.01352	0.82533	0.02650	0.00865	0.01298	0.02001	0.00865	0.01514	0.01027	0.01190	0.00703	0.00811	0.00649	0.00433	0.00324	0.00108	0.00541	0.00270	0.00216	0.00649
