[name]
unknown

[dist]
# distance from previous block
# <min> <max>
6	74

[block]
# block no. 0 follows, 41 sequences, length 19
# corresponding to MSA columns:
# 93-111
name=unknown_A
#
# <colnr> <probs for GDERKNQSTAVLIFYWHMCP>
#	G	D	E	R	K	N	Q	S	T	A	V	L	I	F	Y	W	H	M	C	P
0	0.01378	0.01077	0.01457	0.18053	0.02018	0.01075	0.05285	0.15271	0.02597	0.06691	0.03882	0.10292	0.01391	0.00714	0.00553	0.00159	0.00555	0.00619	0.01956	0.24978
1	0.01526	0.04637	0.01552	0.01460	0.10661	0.13637	0.01027	0.06142	0.32826	0.02059	0.01656	0.01682	0.02747	0.00672	0.00594	0.00167	0.03814	0.00528	0.00437	0.12178
2	0.02090	0.01170	0.03805	0.01078	0.01490	0.01090	0.00898	0.22315	0.04084	0.38876	0.04524	0.04995	0.01519	0.04473	0.00686	0.00192	0.00523	0.00614	0.00606	0.04970
3	0.08048	0.03437	0.06019	0.03013	0.04472	0.05708	0.00990	0.12812	0.21574	0.18430	0.01932	0.01919	0.05053	0.03288	0.00629	0.00191	0.00558	0.00573	0.00514	0.00840
4	0.04882	0.01091	0.01258	0.01038	0.01368	0.01141	0.00827	0.24949	0.10136	0.21041	0.07727	0.05311	0.02982	0.05717	0.05749	0.00250	0.00567	0.00661	0.02494	0.00811
5	0.00724	0.00527	0.00677	0.00768	0.00835	0.00489	0.00532	0.00852	0.01178	0.01563	0.11747	0.55662	0.12052	0.05021	0.00814	0.00237	0.00339	0.04974	0.00534	0.00473
6	0.02286	0.01270	0.01499	0.01145	0.01599	0.01270	0.00944	0.36107	0.02096	0.37316	0.01757	0.01625	0.01169	0.00678	0.00563	0.00168	0.00549	0.00530	0.00618	0.06810
7	0.06389	0.01247	0.01350	0.02536	0.01511	0.04394	0.00894	0.29928	0.08990	0.20582	0.03179	0.07121	0.04625	0.00801	0.00570	0.00178	0.00533	0.00639	0.03683	0.00849
8	0.02016	0.00926	0.01194	0.00963	0.01320	0.00851	0.00777	0.07779	0.04714	0.48420	0.15345	0.05214	0.06149	0.00867	0.00603	0.00181	0.00442	0.00724	0.00663	0.00851
9	0.00723	0.00522	0.00684	0.00769	0.00833	0.00483	0.00529	0.00865	0.01229	0.01662	0.20637	0.58413	0.07269	0.01629	0.00715	0.00218	0.00315	0.01467	0.00554	0.00483
10	0.01346	0.01531	0.03308	0.02373	0.02928	0.01459	0.71250	0.01813	0.01331	0.01813	0.01140	0.01531	0.00863	0.00504	0.00724	0.00195	0.04168	0.00668	0.00288	0.00765
11	0.05154	0.02970	0.09006	0.11244	0.02019	0.05837	0.03698	0.19731	0.01460	0.02053	0.00990	0.01290	0.00802	0.00754	0.01048	0.00203	0.30176	0.00484	0.00338	0.00743
12	0.00878	0.00716	0.01068	0.00999	0.01098	0.00808	0.05188	0.01042	0.00970	0.01360	0.01888	0.13099	0.05323	0.14692	0.38647	0.00614	0.09950	0.00805	0.00347	0.00507
13	0.00677	0.00575	0.00584	0.00592	0.00776	0.00482	0.00440	0.00820	0.01292	0.01540	0.05646	0.09666	0.72033	0.01468	0.00679	0.00195	0.00292	0.01231	0.00531	0.00482
14	0.01769	0.19947	0.09213	0.01372	0.01760	0.44205	0.04108	0.01993	0.01412	0.01439	0.00940	0.01139	0.00795	0.00848	0.06538	0.00207	0.00956	0.00391	0.00279	0.00689
15	0.02117	0.01667	0.08857	0.01315	0.01809	0.01635	0.01160	0.60127	0.02440	0.10951	0.01431	0.01416	0.00995	0.00675	0.00570	0.00173	0.00635	0.00512	0.00555	0.00961
16	0.01540	0.34021	0.04985	0.04018	0.01692	0.07247	0.04028	0.12176	0.05960	0.01858	0.01073	0.01219	0.00881	0.00686	0.03488	0.00169	0.00671	0.00406	0.00335	0.13545
17	0.01552	0.02430	0.01367	0.05463	0.01580	0.08644	0.00918	0.12216	0.22812	0.07838	0.01603	0.01747	0.01252	0.04024	0.05419	0.00228	0.04485	0.00533	0.03366	0.12523
18	0.06278	0.01047	0.01194	0.00890	0.01356	0.00882	0.00713	0.01575	0.06825	0.01929	0.01093	0.01245	0.00898	0.00479	0.00486	0.00105	0.03383	0.00367	0.00355	0.68898

[dist]
# distance from previous block
# <min> <max>
0	3

[block]
# block no. 1 follows, 41 sequences, length 18
# corresponding to MSA columns:
# 115-132
name=unknown_B
#
# <colnr> <probs for GDERKNQSTAVLIFYWHMCP>
#	G	D	E	R	K	N	Q	S	T	A	V	L	I	F	Y	W	H	M	C	P
0	0.01461	0.01083	0.01303	0.07414	0.07284	0.02758	0.00888	0.20936	0.03226	0.07866	0.01822	0.04595	0.07097	0.14107	0.03385	0.02766	0.00590	0.00641	0.00441	0.10335
1	0.08177	0.01462	0.13629	0.05322	0.06482	0.03518	0.01254	0.03269	0.01141	0.10597	0.01113	0.01452	0.00912	0.03619	0.04812	0.00249	0.28557	0.00490	0.00332	0.03615
2	0.61496	0.01140	0.00992	0.00845	0.01210	0.01284	0.00694	0.12443	0.01288	0.08416	0.01047	0.01133	0.00775	0.00574	0.00405	0.00174	0.00465	0.00372	0.04553	0.00694
3	0.01318	0.01350	0.02777	0.10969	0.07374	0.01305	0.51213	0.01735	0.01316	0.04980	0.01373	0.07364	0.01151	0.00625	0.00659	0.00195	0.00847	0.02377	0.00326	0.00745
4	0.04449	0.01246	0.01805	0.04120	0.40738	0.01294	0.01329	0.04320	0.19529	0.06863	0.01489	0.01633	0.01156	0.00599	0.00551	0.00173	0.00577	0.00536	0.03954	0.03640
5	0.00687	0.00552	0.00613	0.00656	0.00794	0.00478	0.00470	0.00820	0.01243	0.01538	0.06859	0.30129	0.50051	0.01555	0.00694	0.00206	0.00303	0.01342	0.00534	0.00478
6	0.01251	0.01251	0.01752	0.01502	0.01502	0.01752	0.01251	0.01377	0.00876	0.01377	0.00751	0.01251	0.00751	0.01001	0.01877	0.00250	0.78851	0.00501	0.00250	0.00626
7	0.02327	0.01111	0.01387	0.01077	0.01514	0.01058	0.00883	0.15374	0.08963	0.53439	0.02055	0.01832	0.01346	0.00699	0.00569	0.00174	0.00506	0.00562	0.00656	0.04469
8	0.01255	0.09111	0.02207	0.03337	0.01933	0.03765	0.24739	0.01566	0.03774	0.01550	0.01175	0.04858	0.01068	0.03594	0.09616	0.00295	0.24584	0.00610	0.00297	0.00667
9	0.00681	0.00560	0.00600	0.00631	0.00786	0.00479	0.00458	0.00815	0.01254	0.01525	0.05165	0.23139	0.58870	0.01530	0.00689	0.00202	0.00300	0.01307	0.00531	0.00479
10	0.00727	0.00555	0.00664	0.00733	0.00829	0.00511	0.00509	0.00899	0.03839	0.01545	0.07227	0.47879	0.25802	0.04515	0.00787	0.00228	0.00329	0.01406	0.00531	0.00485
11	0.01544	0.01401	0.06647	0.02967	0.58717	0.01295	0.01619	0.01953	0.05042	0.11302	0.01284	0.01506	0.01001	0.00550	0.00567	0.00173	0.00654	0.00519	0.00349	0.00911
12	0.01751	0.01224	0.01353	0.01124	0.01476	0.01334	0.00894	0.26945	0.29232	0.13408	0.02096	0.02114	0.04944	0.05943	0.03309	0.00231	0.00553	0.00629	0.00570	0.00869
13	0.78671	0.06165	0.00979	0.00767	0.01129	0.01346	0.00642	0.01683	0.00985	0.02488	0.00796	0.00928	0.00627	0.00528	0.00355	0.00173	0.00453	0.00309	0.00347	0.00627
14	0.00772	0.00544	0.00686	0.00734	0.00775	0.00541	0.00482	0.00855	0.00992	0.01334	0.05103	0.31969	0.05884	0.33164	0.13133	0.00460	0.00596	0.01119	0.00428	0.00428
15	0.01252	0.01265	0.04895	0.29139	0.14025	0.02542	0.13635	0.06474	0.05502	0.01842	0.04103	0.01905	0.06848	0.00649	0.00594	0.00182	0.00701	0.00605	0.00341	0.03500
16	0.08195	0.01034	0.01189	0.00890	0.01351	0.00872	0.00715	0.03816	0.02857	0.09441	0.01209	0.03212	0.00979	0.00523	0.00480	0.00114	0.02138	0.00407	0.00392	0.60184
17	0.01980	0.10740	0.01714	0.01342	0.01680	0.49126	0.01048	0.07382	0.13102	0.04833	0.01190	0.01252	0.00938	0.00619	0.00516	0.00155	0.00845	0.00424	0.00370	0.00743

[dist]
# distance from previous block
# <min> <max>
0	6

[block]
# block no. 2 follows, 41 sequences, length 80
# corresponding to MSA columns:
# 139-218
name=unknown_C
#
# <colnr> <probs for GDERKNQSTAVLIFYWHMCP>
#	G	D	E	R	K	N	Q	S	T	A	V	L	I	F	Y	W	H	M	C	P
0	0.03843	0.03397	0.01266	0.01174	0.05632	0.02675	0.00859	0.02378	0.43054	0.07838	0.04234	0.08809	0.08297	0.00880	0.00585	0.00188	0.00454	0.00740	0.00538	0.03158
1	0.01944	0.15189	0.01803	0.01340	0.01665	0.53697	0.01055	0.07748	0.01578	0.01558	0.00955	0.01128	0.00805	0.00851	0.06130	0.00202	0.00968	0.00387	0.00309	0.00688
2	0.00712	0.00556	0.00646	0.00675	0.00808	0.00490	0.00487	0.00872	0.01312	0.01688	0.20755	0.27258	0.38724	0.01488	0.00692	0.00202	0.00298	0.01293	0.00553	0.00490
3	0.02022	0.01454	0.01583	0.02919	0.01706	0.01601	0.01025	0.59824	0.06650	0.06331	0.01533	0.03709	0.01137	0.00721	0.00568	0.00173	0.00589	0.00557	0.04975	0.00924
4	0.00748	0.00628	0.00656	0.00641	0.00836	0.00559	0.00483	0.01018	0.06752	0.01707	0.14956	0.05093	0.61188	0.01362	0.00669	0.00191	0.00299	0.01143	0.00548	0.00521
5	0.01416	0.01359	0.02322	0.03511	0.76330	0.01359	0.01755	0.01755	0.01302	0.01869	0.01076	0.01416	0.00906	0.00510	0.00566	0.00170	0.00680	0.00510	0.00283	0.00906
6	0.00696	0.00502	0.00659	0.00784	0.00826	0.00466	0.00526	0.00798	0.01107	0.01465	0.03301	0.75367	0.07845	0.01773	0.00727	0.00230	0.00329	0.01603	0.00531	0.00466
7	0.00699	0.00507	0.00662	0.00785	0.00832	0.00469	0.00531	0.00805	0.01115	0.01471	0.03351	0.72602	0.09257	0.01762	0.00727	0.00230	0.00332	0.02865	0.00531	0.00467
8	0.00683	0.00577	0.00591	0.00593	0.00778	0.00485	0.00443	0.00833	0.01313	0.01579	0.09147	0.07594	0.70545	0.01445	0.00678	0.00194	0.00290	0.01211	0.00536	0.00485
9	0.00705	0.00504	0.00673	0.00800	0.00839	0.00471	0.00541	0.00814	0.01115	0.01490	0.05203	0.75652	0.03817	0.01769	0.00730	0.00232	0.00335	0.03309	0.00534	0.00468
10	0.01164	0.01131	0.01524	0.04486	0.01484	0.04486	0.01117	0.01322	0.00928	0.01368	0.00975	0.01519	0.00931	0.01842	0.21923	0.00422	0.51989	0.00525	0.00267	0.00597
11	0.00744	0.00535	0.00701	0.00799	0.00859	0.00504	0.00551	0.02247	0.01201	0.01614	0.12294	0.65264	0.05376	0.01681	0.00721	0.00225	0.00334	0.03322	0.00544	0.00486
12	0.01330	0.01271	0.02167	0.22702	0.57810	0.01336	0.01713	0.01680	0.01262	0.01764	0.01061	0.01444	0.00869	0.00526	0.00568	0.00175	0.00701	0.00509	0.00276	0.00837
13	0.01560	0.01017	0.01068	0.00890	0.01169	0.01096	0.00712	0.33399	0.03451	0.02783	0.01660	0.01800	0.01256	0.00678	0.00479	0.00151	0.00430	0.00528	0.45140	0.00734
14	0.50215	0.01414	0.01201	0.07670	0.03353	0.12229	0.00873	0.13317	0.01361	0.02454	0.00926	0.01077	0.00711	0.00567	0.00435	0.00173	0.00589	0.00373	0.00370	0.00690
15	0.01506	0.01039	0.01004	0.00862	0.01107	0.06561	0.00672	0.24410	0.01686	0.03787	0.01642	0.01902	0.01292	0.05209	0.00610	0.00171	0.00457	0.00533	0.44871	0.00678
16	0.00771	0.00592	0.00800	0.00878	0.00915	0.00621	0.00622	0.00887	0.01104	0.01503	0.07051	0.64837	0.03517	0.01661	0.00860	0.00232	0.09367	0.02788	0.00504	0.00489
17	0.01327	0.01176	0.01670	0.15037	0.23489	0.03566	0.01260	0.07391	0.04939	0.03703	0.05123	0.05258	0.01374	0.07931	0.01014	0.00226	0.13820	0.00618	0.00356	0.00723
18	0.01192	0.03043	0.01182	0.01075	0.01235	0.17296	0.00835	0.04313	0.01143	0.01433	0.01340	0.01910	0.01231	0.04924	0.50908	0.00665	0.04843	0.00549	0.00312	0.00569
19	0.02566	0.00973	0.01327	0.01018	0.01460	0.00841	0.00841	0.02788	0.01637	0.76726	0.02257	0.01947	0.01416	0.00708	0.00575	0.00177	0.00487	0.00575	0.00708	0.00973
20	0.02556	0.01034	0.01691	0.74023	0.03796	0.01284	0.01547	0.02891	0.02770	0.01542	0.01048	0.01525	0.00785	0.00578	0.00568	0.00190	0.00748	0.00508	0.00269	0.00647
21	0.01604	0.01426	0.02648	0.07751	0.12663	0.04756	0.42060	0.01995	0.01395	0.15871	0.01330	0.01577	0.00963	0.00540	0.00627	0.00185	0.00824	0.00608	0.00365	0.00813
22	0.00858	0.00597	0.00797	0.00812	0.00937	0.00561	0.00629	0.01099	0.01473	0.03776	0.47113	0.16261	0.04595	0.01344	0.00706	0.00206	0.00341	0.16768	0.00594	0.00535
23	0.00824	0.00551	0.00626	0.00634	0.00636	0.00549	0.00357	0.00830	0.00847	0.01129	0.01880	0.08087	0.02177	0.75421	0.02786	0.00536	0.00542	0.00877	0.00357	0.00353
24	0.01520	0.78438	0.04723	0.00994	0.01492	0.02241	0.01005	0.01715	0.01163	0.01357	0.00801	0.00924	0.00734	0.00491	0.00371	0.00124	0.00617	0.00309	0.00245	0.00737
25	0.12363	0.08836	0.43814	0.05108	0.07687	0.01399	0.07658	0.01791	0.01198	0.03660	0.01020	0.01221	0.00755	0.00535	0.00518	0.00176	0.00757	0.00432	0.00276	0.00798
26	0.00820	0.00595	0.00799	0.00919	0.01022	0.00574	0.00739	0.01015	0.01238	0.01608	0.03331	0.31997	0.10273	0.01642	0.00758	0.00246	0.00436	0.40959	0.00529	0.00501
27	0.01215	0.01055	0.01339	0.13304	0.01782	0.01018	0.00910	0.05797	0.03452	0.01841	0.01170	0.05777	0.01026	0.00617	0.00642	0.00137	0.09329	0.00478	0.00348	0.48764
28	0.01516	0.08987	0.07901	0.11226	0.14797	0.01455	0.24325	0.08499	0.05290	0.08520	0.01260	0.01486	0.00942	0.00556	0.00583	0.00178	0.00751	0.00549	0.00354	0.00822
29	0.01190	0.01059	0.01409	0.13980	0.05009	0.00932	0.03328	0.01506	0.02913	0.01798	0.01049	0.01288	0.00855	0.00475	0.00498	0.00116	0.02201	0.00396	0.00325	0.59675
30	0.01481	0.01257	0.01326	0.01176	0.01509	0.01450	0.00919	0.08539	0.69703	0.02486	0.02255	0.02075	0.01686	0.00769	0.00581	0.00192	0.00466	0.00637	0.00581	0.00911
31	0.03077	0.00623	0.00810	0.02689	0.00981	0.00655	0.00630	0.00913	0.01106	0.01516	0.05330	0.56662	0.10823	0.01584	0.00838	0.00226	0.09175	0.01375	0.00491	0.00495
32	0.02108	0.01571	0.07117	0.01279	0.01753	0.01563	0.01108	0.52134	0.07741	0.15370	0.01563	0.01511	0.01084	0.00686	0.00571	0.00175	0.00609	0.00528	0.00571	0.00959
33	0.02472	0.01038	0.01351	0.01040	0.01475	0.00947	0.00858	0.11622	0.01754	0.65387	0.02135	0.01881	0.01363	0.00704	0.00569	0.00175	0.00498	0.00566	0.03204	0.00960
34	0.00902	0.00706	0.01027	0.00986	0.01058	0.00860	0.00767	0.01049	0.00895	0.01300	0.01379	0.02128	0.01322	0.07673	0.55664	0.06813	0.14077	0.00598	0.00295	0.00502
35	0.02138	0.02680	0.01625	0.01467	0.01769	0.74510	0.01104	0.05226	0.01664	0.01490	0.00904	0.01045	0.00746	0.00593	0.00518	0.00148	0.01015	0.00374	0.00306	0.00676
36	0.01029	0.00699	0.00991	0.00944	0.01090	0.00786	0.00738	0.05691	0.01079	0.06972	0.01582	0.02209	0.01417	0.05725	0.65332	0.00809	0.01375	0.00610	0.00353	0.00569
37	0.00819	0.00588	0.00801	0.00920	0.01014	0.00570	0.00731	0.01015	0.01245	0.01640	0.07333	0.35496	0.05458	0.01638	0.00757	0.00244	0.00428	0.38268	0.00534	0.00502
38	0.00849	0.00611	0.00664	0.00637	0.00840	0.00518	0.00482	0.01012	0.01358	0.07940	0.12644	0.07164	0.60513	0.01367	0.00669	0.00192	0.00305	0.01148	0.00556	0.00529
39	0.15667	0.01367	0.01433	0.01129	0.01555	0.05716	0.00926	0.33487	0.01982	0.28742	0.01558	0.01481	0.01056	0.00663	0.00534	0.00173	0.00572	0.00494	0.00568	0.00898
40	0.69596	0.01051	0.00868	0.00763	0.01110	0.01183	0.00626	0.01769	0.01058	0.10087	0.01023	0.01121	0.00762	0.00559	0.00380	0.00174	0.00434	0.00353	0.06434	0.00649
41	0.00849	0.00652	0.00924	0.00921	0.01027	0.02207	0.00715	0.01053	0.00940	0.01349	0.01528	0.02221	0.01417	0.04131	0.74270	0.00885	0.01492	0.00606	0.02301	0.00514
42	0.00931	0.00676	0.00801	0.00793	0.00904	0.00675	0.00554	0.08471	0.04289	0.01805	0.17388	0.30137	0.08175	0.20319	0.01219	0.00289	0.00406	0.01135	0.00513	0.00522
43	0.01307	0.01263	0.02080	0.31358	0.47697	0.03078	0.01678	0.01658	0.01251	0.01706	0.01049	0.01447	0.00849	0.00535	0.00567	0.00177	0.00718	0.00506	0.00273	0.00800
44	0.03453	0.03896	0.04793	0.09446	0.01926	0.11577	0.10953	0.03622	0.01206	0.03839	0.01304	0.11920	0.01255	0.00888	0.01003	0.00207	0.25349	0.02372	0.00331	0.00660
45	0.77793	0.03507	0.00922	0.02629	0.01177	0.01298	0.00649	0.01670	0.00988	0.02494	0.00823	0.00967	0.00643	0.00533	0.00361	0.00175	0.00452	0.00319	0.01979	0.00622
46	0.01089	0.01034	0.02701	0.08170	0.11955	0.04718	0.11063	0.02772	0.01205	0.01612	0.03482	0.21477	0.04127	0.11711	0.04073	0.00267	0.00637	0.00871	0.00378	0.06656
47	0.01112	0.00739	0.00918	0.00791	0.01039	0.00657	0.00611	0.02831	0.03746	0.11026	0.44050	0.04871	0.09849	0.01006	0.00618	0.00166	0.00336	0.00869	0.00579	0.14185
48	0.07848	0.05115	0.31455	0.01523	0.09978	0.01169	0.04363	0.03738	0.01289	0.08440	0.06826	0.08624	0.01441	0.00749	0.00603	0.02484	0.00644	0.00599	0.00364	0.02747
49	0.01196	0.06611	0.64649	0.01795	0.09603	0.01380	0.03372	0.01801	0.01217	0.01794	0.01022	0.01220	0.00745	0.00536	0.00539	0.00177	0.00820	0.00430	0.00247	0.00844
50	0.01856	0.01191	0.01332	0.01089	0.01443	0.01269	0.00873	0.33045	0.14587	0.17063	0.01903	0.07491	0.01477	0.02405	0.00614	0.00184	0.00506	0.00639	0.10171	0.00860
51	0.00731	0.00517	0.00656	0.00753	0.00788	0.00489	0.00493	0.00813	0.01049	0.01390	0.02962	0.57916	0.06533	0.19293	0.01218	0.00303	0.00384	0.02783	0.00490	0.00440
52	0.26080	0.19710	0.03455	0.01162	0.05538	0.16661	0.00917	0.06455	0.01294	0.01924	0.01095	0.07656	0.01011	0.02269	0.00505	0.00168	0.00626	0.00469	0.00339	0.02665
53	0.00738	0.00530	0.00690	0.00787	0.00846	0.00498	0.00548	0.00866	0.01164	0.01551	0.11002	0.55094	0.07891	0.07393	0.00886	0.00251	0.00357	0.07910	0.00528	0.00471
54	0.00844	0.00596	0.00756	0.00710	0.00862	0.00541	0.00535	0.01096	0.01577	0.04426	0.64334	0.04369	0.14822	0.01193	0.00672	0.00182	0.00279	0.01044	0.00619	0.00545
55	0.01228	0.01149	0.01920	0.57873	0.04864	0.01360	0.09922	0.08406	0.01306	0.01711	0.01057	0.01499	0.00797	0.00589	0.00637	0.00191	0.03987	0.00528	0.00289	0.00688
56	0.01215	0.01264	0.05678	0.41811	0.25878	0.01306	0.09854	0.01597	0.01211	0.01636	0.01051	0.01482	0.00821	0.00568	0.00611	0.01731	0.00759	0.00523	0.00266	0.00737
57	0.00754	0.00543	0.00727	0.00853	0.00920	0.00516	0.00628	0.00899	0.01163	0.01530	0.03245	0.56999	0.07059	0.01721	0.00743	0.00239	0.00381	0.20070	0.00530	0.00482
58	0.01587	0.00828	0.01033	0.04016	0.01240	0.00799	0.00709	0.08720	0.03173	0.26965	0.18904	0.05550	0.05860	0.00874	0.00573	0.00172	0.00403	0.00733	0.17132	0.00730
59	0.03576	0.02642	0.01108	0.05610	0.05522	0.06460	0.00761	0.07093	0.01235	0.07346	0.03302	0.16823	0.01968	0.24629	0.06801	0.00351	0.01654	0.02125	0.00416	0.00577
60	0.01964	0.03274	0.03037	0.03527	0.01710	0.01589	0.01036	0.58772	0.02383	0.04657	0.03235	0.03205	0.01171	0.00710	0.00559	0.00170	0.00591	0.00547	0.06962	0.00899
61	0.48904	0.11452	0.01283	0.00930	0.01287	0.08425	0.00768	0.03395	0.13272	0.02268	0.01083	0.01172	0.00854	0.00655	0.02074	0.00186	0.00547	0.00380	0.00375	0.00690
62	0.16784	0.02186	0.47361	0.01441	0.04344	0.01217	0.04444	0.01670	0.01187	0.01959	0.05444	0.07072	0.01207	0.00665	0.00535	0.00184	0.00698	0.00537	0.00309	0.00756
63	0.01299	0.01212	0.01965	0.27120	0.42871	0.01315	0.01571	0.01791	0.09369	0.01804	0.01217	0.01550	0.00968	0.00563	0.00565	0.00178	0.00669	0.00525	0.02639	0.00809
64	0.01188	0.00883	0.01061	0.00831	0.01210	0.00700	0.00639	0.01400	0.01209	0.08070	0.05603	0.12486	0.01643	0.06485	0.00674	0.00153	0.00417	0.00612	0.00413	0.54322
65	0.01536	0.72430	0.02832	0.01005	0.01468	0.06637	0.00975	0.01718	0.01179	0.01348	0.00830	0.00978	0.00763	0.00650	0.03526	0.00156	0.00674	0.00322	0.00250	0.00721
66	0.54789	0.01065	0.02594	0.00900	0.03578	0.01142	0.00705	0.05751	0.01193	0.05155	0.11060	0.03841	0.01430	0.00729	0.00517	0.03571	0.00447	0.00484	0.00413	0.00636
67	0.00824	0.00568	0.00701	0.00705	0.00733	0.00593	0.00447	0.00880	0.00862	0.01176	0.01773	0.05619	0.01962	0.58012	0.22171	0.00639	0.00801	0.00799	0.00342	0.00393
68	0.01495	0.01148	0.01255	0.01109	0.01429	0.01285	0.00867	0.04616	0.58761	0.09845	0.09643	0.02309	0.02057	0.00806	0.00590	0.00190	0.00442	0.00675	0.00599	0.00877
69	0.00795	0.00579	0.00753	0.00806	0.00839	0.00604	0.00550	0.00883	0.00987	0.01338	0.02390	0.38818	0.02771	0.27116	0.10353	0.00417	0.05050	0.04079	0.00430	0.00444
70	0.02203	0.01556	0.01688	0.01294	0.01751	0.01706	0.01069	0.69189	0.02612	0.08947	0.01438	0.01415	0.01005	0.00688	0.00572	0.00172	0.00619	0.00519	0.00582	0.00973
71	0.01008	0.00733	0.00966	0.01046	0.01204	0.00747	0.00896	0.06559	0.03661	0.01851	0.02980	0.10108	0.05391	0.01498	0.00761	0.00251	0.00513	0.58730	0.00532	0.00566
72	0.01061	0.00649	0.00774	0.00721	0.00934	0.00565	0.00554	0.01247	0.01417	0.15521	0.19916	0.10205	0.39468	0.01283	0.00665	0.00192	0.00332	0.03325	0.00585	0.00585
73	0.00697	0.00498	0.00664	0.00796	0.00830	0.00465	0.00531	0.00796	0.01095	0.01460	0.03153	0.79525	0.03783	0.01792	0.00730	0.00232	0.00332	0.01626	0.00531	0.00465
74	0.01381	0.01324	0.02259	0.11242	0.68869	0.01350	0.01738	0.01725	0.01286	0.01827	0.01070	0.01427	0.00891	0.00516	0.00567	0.00172	0.00688	0.00510	0.00280	0.00878
75	0.11064	0.00781	0.00980	0.00880	0.01136	0.00728	0.00676	0.01784	0.01363	0.34177	0.09146	0.30128	0.02545	0.01122	0.00615	0.00197	0.00406	0.00967	0.00596	0.00709
76	0.02066	0.01507	0.01626	0.01263	0.01685	0.01666	0.01034	0.67074	0.04107	0.03397	0.01383	0.01427	0.01001	0.00763	0.00664	0.04940	0.00610	0.00517	0.02349	0.00920
77	0.08400	0.01223	0.01304	0.01097	0.01467	0.05386	0.00875	0.08033	0.32549	0.28108	0.04075	0.01917	0.01532	0.00727	0.00560	0.00182	0.00503	0.00581	0.00592	0.00888
78	0.06124	0.01179	0.01306	0.01101	0.01434	0.01206	0.00862	0.26418	0.07504	0.17982	0.03358	0.10972	0.02893	0.00932	0.00620	0.00204	0.00522	0.00725	0.13784	0.00876
79	0.15001	0.04423	0.01088	0.03848	0.03583	0.02455	0.00746	0.09270	0.03616	0.08174	0.02544	0.21106	0.13801	0.02690	0.00634	0.00201	0.00456	0.03797	0.01925	0.00641

[dist]
# distance from previous block
# <min> <max>
6	19

[block]
# block no. 3 follows, 41 sequences, length 43
# corresponding to MSA columns:
# 238-280
name=unknown_D
#
# <colnr> <probs for GDERKNQSTAVLIFYWHMCP>
#	G	D	E	R	K	N	Q	S	T	A	V	L	I	F	Y	W	H	M	C	P
0	0.01092	0.01462	0.17937	0.01608	0.02060	0.01063	0.29186	0.01505	0.01322	0.01831	0.12056	0.10996	0.03747	0.00884	0.00663	0.00200	0.00698	0.09343	0.00387	0.01958
1	0.00941	0.00642	0.00825	0.00761	0.00923	0.00606	0.00577	0.01283	0.05736	0.06400	0.67847	0.04025	0.04974	0.01122	0.00664	0.00181	0.00292	0.00987	0.00631	0.00584
2	0.01251	0.01251	0.01752	0.01502	0.01502	0.01752	0.01251	0.01377	0.00876	0.01377	0.00751	0.01251	0.00751	0.01001	0.01877	0.00250	0.78851	0.00501	0.00250	0.00626
3	0.03787	0.01100	0.01329	0.01053	0.01468	0.04286	0.00858	0.06119	0.09815	0.58904	0.02129	0.01887	0.01389	0.00705	0.00566	0.00176	0.00508	0.00566	0.02416	0.00937
4	0.01256	0.01360	0.02768	0.21968	0.03080	0.01394	0.48752	0.01679	0.01259	0.01697	0.01149	0.03646	0.00913	0.00575	0.00728	0.00197	0.05932	0.00647	0.00284	0.00719
5	0.00714	0.00585	0.00632	0.00631	0.00810	0.00503	0.00480	0.00888	0.01361	0.01690	0.18332	0.05334	0.59312	0.01405	0.00682	0.00195	0.00299	0.05103	0.00549	0.00496
6	0.00768	0.00585	0.00697	0.00714	0.00837	0.00542	0.00511	0.00996	0.04581	0.01772	0.27265	0.25476	0.25251	0.06357	0.00827	0.00223	0.00319	0.01220	0.00553	0.00506
7	0.01326	0.01268	0.02160	0.23519	0.57021	0.01336	0.01711	0.01677	0.01260	0.01760	0.01060	0.01445	0.00868	0.00526	0.00568	0.00175	0.00702	0.00509	0.00275	0.00834
8	0.03605	0.01320	0.01308	0.01093	0.01407	0.08239	0.00863	0.40276	0.02012	0.04325	0.01692	0.13350	0.01480	0.02383	0.00604	0.00180	0.00554	0.00676	0.13858	0.00776
9	0.08604	0.29336	0.07284	0.01000	0.01359	0.09146	0.00913	0.01615	0.01296	0.05825	0.16065	0.04360	0.03850	0.00915	0.04235	0.00195	0.02384	0.00566	0.00381	0.00671
10	0.00994	0.00676	0.00820	0.00760	0.00918	0.00651	0.00560	0.04663	0.05146	0.06225	0.42648	0.07680	0.10392	0.11981	0.00963	0.00234	0.00352	0.00969	0.02802	0.00567
11	0.05802	0.05723	0.48788	0.01632	0.05568	0.01302	0.10343	0.01732	0.01242	0.01875	0.06425	0.01449	0.01086	0.00572	0.00546	0.00175	0.00760	0.00486	0.00287	0.04205
12	0.11832	0.01123	0.04748	0.02750	0.02669	0.01068	0.00841	0.16374	0.01430	0.05709	0.03289	0.08817	0.01404	0.09184	0.05125	0.00245	0.03522	0.00601	0.00419	0.18849
13	0.01529	0.80242	0.02997	0.00979	0.01468	0.02263	0.00979	0.01713	0.01162	0.01346	0.00795	0.00918	0.00734	0.00489	0.00367	0.00122	0.00612	0.00306	0.00245	0.00734
14	0.01395	0.56284	0.22222	0.01137	0.01703	0.01938	0.01255	0.01709	0.01196	0.01512	0.04401	0.01151	0.00951	0.00536	0.00428	0.00140	0.00657	0.00371	0.00262	0.00754
15	0.00795	0.00582	0.00734	0.00697	0.00832	0.00534	0.00516	0.01034	0.01537	0.02137	0.63382	0.04392	0.13768	0.05601	0.00800	0.00202	0.00288	0.01044	0.00602	0.00522
16	0.00702	0.00502	0.00668	0.00793	0.00831	0.00468	0.00531	0.00809	0.01118	0.01496	0.06320	0.76254	0.03853	0.01765	0.00728	0.00230	0.00329	0.01600	0.00535	0.00468
17	0.00913	0.00656	0.00824	0.00795	0.00899	0.00702	0.00574	0.06100	0.01078	0.01489	0.03723	0.03043	0.08864	0.28977	0.34925	0.00627	0.00942	0.00743	0.03640	0.00487
18	0.01807	0.01163	0.01320	0.01124	0.01490	0.01255	0.00892	0.05651	0.49627	0.25582	0.02270	0.02047	0.01614	0.00751	0.00580	0.00188	0.00470	0.00619	0.00621	0.00929
19	0.04865	0.00982	0.01301	0.01011	0.01440	0.00875	0.00832	0.02735	0.05089	0.69659	0.03595	0.01969	0.01482	0.00715	0.00571	0.00178	0.00480	0.00579	0.00690	0.00952
20	0.00697	0.00498	0.00664	0.00796	0.00830	0.00465	0.00531	0.00796	0.01095	0.01460	0.03153	0.79525	0.03783	0.01792	0.00730	0.00232	0.00332	0.01626	0.00531	0.00465
21	0.00758	0.00583	0.00693	0.00665	0.00823	0.00518	0.00499	0.00979	0.01497	0.02004	0.48880	0.04749	0.32725	0.01277	0.00675	0.00185	0.00278	0.01101	0.00592	0.00518
22	0.01536	0.76546	0.02910	0.00978	0.01457	0.02194	0.00969	0.01721	0.01167	0.03071	0.00846	0.00973	0.00766	0.00584	0.02197	0.00142	0.00631	0.00319	0.00257	0.00734
23	0.02095	0.01331	0.01511	0.01191	0.01602	0.01409	0.00979	0.47811	0.03689	0.20446	0.05233	0.03831	0.01472	0.00783	0.00591	0.00179	0.00564	0.03758	0.00604	0.00919
24	0.00827	0.00610	0.00903	0.00903	0.01007	0.00707	0.00702	0.01034	0.00931	0.01361	0.01546	0.02242	0.01431	0.04140	0.74445	0.00887	0.01480	0.00610	0.03721	0.00512
25	0.00947	0.00649	0.00820	0.00749	0.00919	0.00605	0.00570	0.04380	0.01641	0.06049	0.63191	0.04129	0.10857	0.01148	0.00665	0.00180	0.00298	0.01003	0.00623	0.00576
26	0.01416	0.01359	0.02322	0.03511	0.76330	0.01359	0.01755	0.01755	0.01302	0.01869	0.01076	0.01416	0.00906	0.00510	0.00566	0.00170	0.00680	0.00510	0.00283	0.00906
27	0.05613	0.02027	0.01579	0.01330	0.01685	0.35888	0.01046	0.33113	0.02016	0.02403	0.01335	0.01405	0.04640	0.00683	0.00576	0.00164	0.02812	0.00475	0.00427	0.00784
28	0.67000	0.04579	0.01042	0.06251	0.01354	0.01285	0.00724	0.01769	0.01055	0.09253	0.00946	0.01064	0.00708	0.00548	0.00390	0.00176	0.00476	0.00348	0.00375	0.00658
29	0.01404	0.04534	0.01915	0.23853	0.31835	0.04665	0.01456	0.11727	0.01451	0.01927	0.01279	0.05040	0.01117	0.00669	0.00578	0.00181	0.00685	0.04564	0.00338	0.00781
30	0.00758	0.00567	0.00705	0.00733	0.00845	0.00522	0.00526	0.00973	0.03133	0.01848	0.34148	0.32335	0.17908	0.01443	0.00693	0.00202	0.00301	0.01277	0.00574	0.00510
31	0.32799	0.10206	0.13026	0.06730	0.01693	0.03179	0.03032	0.08243	0.02536	0.05635	0.01076	0.01241	0.00821	0.00718	0.03637	0.00201	0.00632	0.00410	0.03469	0.00718
32	0.00914	0.00655	0.00906	0.00885	0.00995	0.00753	0.00684	0.03630	0.01020	0.01517	0.01593	0.04013	0.01475	0.06587	0.56256	0.00725	0.04166	0.00626	0.12072	0.00527
33	0.02566	0.00973	0.01327	0.01018	0.01460	0.00841	0.00841	0.02788	0.01637	0.76726	0.02257	0.01947	0.01416	0.00708	0.00575	0.00177	0.00487	0.00575	0.00708	0.00973
34	0.01097	0.01034	0.01746	0.74735	0.07596	0.01275	0.01597	0.01476	0.01152	0.01482	0.01020	0.01519	0.00770	0.00569	0.00572	0.00190	0.00758	0.00508	0.00256	0.00649
35	0.01352	0.01171	0.01555	0.32479	0.09767	0.04147	0.01255	0.09113	0.17833	0.03919	0.03618	0.02014	0.03084	0.00708	0.00582	0.00187	0.00630	0.03537	0.02299	0.00752
36	0.00840	0.00621	0.00789	0.00741	0.00888	0.00587	0.00557	0.01182	0.05726	0.02278	0.69957	0.04187	0.07160	0.01155	0.00669	0.00181	0.00281	0.01018	0.00624	0.00559
37	0.00859	0.00606	0.00723	0.00706	0.00713	0.00648	0.00436	0.00883	0.00841	0.01144	0.01710	0.03461	0.01940	0.68846	0.08457	0.00561	0.05956	0.00793	0.00337	0.00378
38	0.07828	0.52093	0.09257	0.04929	0.01603	0.01865	0.01041	0.04830	0.01202	0.01586	0.01023	0.05493	0.00957	0.03575	0.00518	0.00160	0.00611	0.00430	0.00288	0.00711
39	0.01251	0.01002	0.06535	0.01113	0.01382	0.00893	0.04604	0.05110	0.12290	0.11153	0.08175	0.14937	0.02624	0.03135	0.00734	0.00225	0.00512	0.23112	0.00531	0.00681
40	0.00901	0.00649	0.00892	0.01011	0.01135	0.00649	0.00857	0.01178	0.03213	0.01714	0.05341	0.16016	0.03384	0.01574	0.00773	0.00255	0.00491	0.58905	0.00532	0.00529
41	0.05418	0.01011	0.01186	0.01176	0.08097	0.02847	0.00816	0.15478	0.01463	0.02073	0.01968	0.26740	0.03666	0.02196	0.00621	0.00180	0.00477	0.03789	0.00453	0.20346
42	0.02750	0.14058	0.33077	0.01535	0.10101	0.05627	0.01471	0.05416	0.02926	0.03567	0.12594	0.01687	0.01513	0.00646	0.00537	0.00168	0.00679	0.00516	0.00345	0.00784

[dist]
# distance from previous block
# <min> <max>
0	2

[block]
# block no. 4 follows, 41 sequences, length 99
# corresponding to MSA columns:
# 283-381
name=unknown_E
#
# <colnr> <probs for GDERKNQSTAVLIFYWHMCP>
#	G	D	E	R	K	N	Q	S	T	A	V	L	I	F	Y	W	H	M	C	P
0	0.04038	0.01394	0.09907	0.31712	0.31228	0.01314	0.07239	0.01646	0.01222	0.01728	0.01044	0.01424	0.00818	0.00534	0.00564	0.00179	0.00737	0.00502	0.00272	0.02498
1	0.02060	0.07237	0.01723	0.03610	0.01807	0.52106	0.01103	0.18281	0.03499	0.01911	0.01024	0.01140	0.00813	0.00609	0.00522	0.00154	0.00895	0.00407	0.00359	0.00741
2	0.00868	0.00589	0.00756	0.00723	0.00864	0.00540	0.00539	0.01109	0.01530	0.05139	0.58141	0.11776	0.10055	0.01217	0.00667	0.00184	0.00286	0.01071	0.03401	0.00545
3	0.00849	0.00615	0.00798	0.00740	0.00904	0.00559	0.01991	0.01091	0.01520	0.04601	0.53959	0.05660	0.20082	0.01289	0.02623	0.00203	0.00328	0.01048	0.00595	0.00545
4	0.01210	0.00672	0.00686	0.00635	0.00810	0.00694	0.00489	0.10802	0.01393	0.02323	0.01802	0.02034	0.01402	0.00669	0.00422	0.00138	0.00314	0.00531	0.72384	0.00590
5	0.02077	0.01485	0.01594	0.01234	0.01660	0.01633	0.01015	0.65725	0.02521	0.05159	0.01441	0.01460	0.01031	0.00685	0.00556	0.00168	0.00591	0.00518	0.08518	0.00930
6	0.01423	0.01229	0.01293	0.01164	0.01487	0.01423	0.00905	0.03039	0.75297	0.02393	0.02328	0.02134	0.01746	0.00776	0.00582	0.00194	0.00453	0.00647	0.00582	0.00905
7	0.02311	0.01304	0.01517	0.01167	0.01609	0.01340	0.00963	0.41771	0.02198	0.34818	0.01765	0.01640	0.01176	0.00695	0.00569	0.00173	0.00558	0.00541	0.02926	0.00961
8	0.00803	0.00573	0.00785	0.00918	0.00997	0.00556	0.00715	0.00980	0.01200	0.01579	0.03094	0.45094	0.03552	0.01692	0.00758	0.00247	0.00424	0.35011	0.00529	0.00494
9	0.00680	0.00577	0.00587	0.00589	0.00776	0.00484	0.00440	0.00827	0.01306	0.01563	0.07561	0.07437	0.72330	0.01450	0.00677	0.00194	0.00290	0.01214	0.00534	0.00484
10	0.01540	0.01183	0.01326	0.01103	0.01399	0.01310	0.00878	0.32932	0.16190	0.02775	0.22465	0.02421	0.02393	0.04038	0.00772	0.00198	0.05023	0.00698	0.00562	0.00793
11	0.83938	0.01106	0.00841	0.00752	0.01106	0.01283	0.00619	0.01681	0.00973	0.02566	0.00796	0.00929	0.00619	0.00531	0.00354	0.00177	0.00442	0.00310	0.00354	0.00619
12	0.00855	0.00599	0.00853	0.00853	0.00957	0.00683	0.00658	0.01063	0.00959	0.01443	0.01590	0.02270	0.01453	0.05769	0.64023	0.00791	0.01316	0.00607	0.12747	0.00510
13	0.00913	0.00652	0.00911	0.01043	0.01171	0.00651	0.00906	0.01169	0.01308	0.01702	0.03033	0.09386	0.03312	0.01589	0.00788	0.00262	0.00519	0.69635	0.00527	0.00524
14	0.02014	0.04256	0.03768	0.07690	0.01958	0.58337	0.01167	0.10953	0.01690	0.01683	0.00956	0.01115	0.00767	0.00596	0.00524	0.00154	0.00946	0.00398	0.00322	0.00705
15	0.01304	0.01719	0.16707	0.06634	0.04711	0.04291	0.42928	0.01804	0.03049	0.01831	0.01204	0.01523	0.00906	0.00528	0.00607	0.00183	0.00848	0.00587	0.07878	0.00758
16	0.67021	0.01202	0.03189	0.05666	0.01363	0.04271	0.00752	0.01754	0.01059	0.06718	0.00923	0.01057	0.00696	0.00549	0.00393	0.00176	0.00497	0.00347	0.01721	0.00648
17	0.01331	0.00950	0.01089	0.02584	0.01229	0.02752	0.00755	0.23630	0.01565	0.04600	0.01903	0.17355	0.01858	0.11967	0.14473	0.00365	0.00694	0.02701	0.07553	0.00646
18	0.02466	0.00611	0.00733	0.00704	0.00832	0.00579	0.00500	0.00979	0.01205	0.01665	0.24978	0.07014	0.17092	0.22279	0.10799	0.00369	0.00520	0.00932	0.00470	0.05273
19	0.08090	0.05556	0.47209	0.12555	0.02434	0.09219	0.01733	0.01820	0.01231	0.03660	0.01013	0.01219	0.00741	0.00553	0.00523	0.00176	0.00801	0.00419	0.00270	0.00777
20	0.01465	0.55509	0.18062	0.01273	0.04221	0.05075	0.04184	0.01762	0.01202	0.01480	0.00870	0.01023	0.00743	0.00505	0.00428	0.00140	0.00693	0.00354	0.00249	0.00761
21	0.02566	0.00973	0.01327	0.01018	0.01460	0.00841	0.00841	0.02788	0.01637	0.76726	0.02257	0.01947	0.01416	0.00708	0.00575	0.00177	0.00487	0.00575	0.00708	0.00973
22	0.01159	0.02818	0.70425	0.01646	0.02434	0.01356	0.04176	0.01787	0.01193	0.01787	0.01014	0.01220	0.00730	0.00568	0.00625	0.00185	0.05368	0.00435	0.00243	0.00830
23	0.01426	0.22627	0.35625	0.02859	0.03835	0.05103	0.01484	0.04308	0.03418	0.07247	0.01205	0.04388	0.00962	0.00608	0.00506	0.00165	0.00708	0.00465	0.02265	0.00798
24	0.00708	0.00574	0.00630	0.00640	0.00805	0.00496	0.00477	0.00873	0.01336	0.01669	0.17399	0.13096	0.54329	0.01441	0.00685	0.00197	0.00298	0.03309	0.00548	0.00492
25	0.00832	0.00555	0.00624	0.00624	0.00624	0.00555	0.00347	0.00832	0.00832	0.01109	0.01802	0.03743	0.02080	0.79898	0.02911	0.00555	0.00555	0.00832	0.00347	0.00347
26	0.01558	0.14460	0.12256	0.14933	0.13498	0.14469	0.05543	0.11638	0.01476	0.01851	0.01020	0.01259	0.00804	0.00568	0.00558	0.00167	0.02405	0.00451	0.00307	0.00778
27	0.17880	0.04020	0.03690	0.11270	0.30745	0.06100	0.01291	0.03892	0.08888	0.02024	0.01159	0.01387	0.00921	0.00565	0.00509	0.00172	0.00625	0.00467	0.03613	0.00781
28	0.01177	0.00978	0.01086	0.01047	0.01293	0.01081	0.00829	0.02222	0.45412	0.02081	0.02941	0.08713	0.10872	0.01100	0.00649	0.00212	0.00442	0.16562	0.00560	0.00743
29	0.01003	0.04830	0.08910	0.07038	0.05629	0.00955	0.00956	0.01417	0.08412	0.01905	0.27526	0.08714	0.09997	0.01036	0.00704	0.00192	0.04996	0.04669	0.00475	0.00637
30	0.03380	0.10064	0.53209	0.01436	0.02104	0.06301	0.01715	0.01743	0.01259	0.01800	0.08833	0.01483	0.01213	0.00617	0.00564	0.00175	0.02565	0.00471	0.00289	0.00780
31	0.01398	0.01341	0.02289	0.07496	0.72484	0.01354	0.01747	0.01740	0.01294	0.01847	0.01073	0.01421	0.00898	0.00513	0.00567	0.00171	0.00684	0.00510	0.00282	0.00892
32	0.01529	0.80242	0.02997	0.00979	0.01468	0.02263	0.00979	0.01713	0.01162	0.01346	0.00795	0.00918	0.00734	0.00489	0.00367	0.00122	0.00612	0.00306	0.00245	0.00734
33	0.01042	0.03807	0.00892	0.00745	0.00952	0.00656	0.00579	0.01309	0.03592	0.11362	0.44438	0.04094	0.22064	0.01143	0.00648	0.00181	0.00320	0.00980	0.00599	0.00598
34	0.00810	0.00585	0.00765	0.00720	0.00855	0.00540	0.00540	0.01079	0.01619	0.02294	0.76028	0.04273	0.05397	0.01169	0.00675	0.00180	0.00270	0.01034	0.00630	0.00540
35	0.01083	0.00645	0.00852	0.00766	0.00949	0.00586	0.00586	0.01345	0.01622	0.13863	0.64562	0.03911	0.04778	0.01098	0.00659	0.00179	0.00304	0.00963	0.00642	0.00607
36	0.00835	0.00574	0.00745	0.00745	0.00785	0.00613	0.00498	0.00900	0.00861	0.01187	0.01651	0.03047	0.01765	0.46065	0.31847	0.05493	0.00930	0.00727	0.00325	0.00405
37	0.02137	0.02726	0.01621	0.01474	0.01768	0.77602	0.01105	0.02284	0.01621	0.01400	0.00884	0.01031	0.00737	0.00589	0.00516	0.00147	0.01031	0.00368	0.00295	0.00663
38	0.02566	0.00973	0.01327	0.01018	0.01460	0.00841	0.00841	0.02788	0.01637	0.76726	0.02257	0.01947	0.01416	0.00708	0.00575	0.00177	0.00487	0.00575	0.00708	0.00973
39	0.00902	0.00644	0.00899	0.01031	0.01154	0.00642	0.00888	0.01151	0.01298	0.01690	0.03039	0.12781	0.03334	0.01598	0.00785	0.00261	0.00510	0.66344	0.00527	0.00521
40	0.00706	0.00581	0.00621	0.00611	0.00791	0.00496	0.00458	0.00879	0.01375	0.01715	0.21688	0.05226	0.60098	0.01385	0.00676	0.00190	0.00285	0.01168	0.00553	0.00496
41	0.01147	0.02959	0.76934	0.01630	0.02476	0.01328	0.02113	0.01811	0.01208	0.01811	0.01026	0.01208	0.00725	0.00543	0.00543	0.00181	0.00845	0.00423	0.00242	0.00845
42	0.82223	0.01117	0.00859	0.00764	0.01120	0.01293	0.00629	0.03208	0.01009	0.02588	0.00809	0.00939	0.00627	0.00534	0.00359	0.00177	0.00446	0.00314	0.00359	0.00627
43	0.00815	0.00605	0.00889	0.00893	0.00985	0.00696	0.00681	0.01001	0.00917	0.01314	0.01593	0.04260	0.01540	0.10291	0.69757	0.00873	0.01424	0.00655	0.00315	0.00496
44	0.02174	0.01602	0.01717	0.01316	0.01774	0.01774	0.01087	0.74423	0.02689	0.03605	0.01373	0.01373	0.00973	0.00687	0.00572	0.00172	0.00629	0.00515	0.00572	0.00973
45	0.01412	0.01339	0.02138	0.13640	0.58085	0.03271	0.01642	0.05913	0.01369	0.01892	0.01206	0.01528	0.02898	0.00556	0.00569	0.00173	0.00687	0.00525	0.00303	0.00855
46	0.01698	0.01447	0.04189	0.03254	0.06189	0.01540	0.06188	0.36301	0.18318	0.02742	0.01776	0.01808	0.05855	0.00741	0.00662	0.00185	0.05137	0.00595	0.00498	0.00877
47	0.04636	0.01091	0.12334	0.00942	0.01254	0.00818	0.00856	0.04910	0.02737	0.06639	0.26057	0.11403	0.11565	0.01036	0.00644	0.00183	0.02138	0.02871	0.00504	0.07382
48	0.02927	0.14074	0.53860	0.01566	0.04103	0.05903	0.03257	0.01803	0.01212	0.01719	0.00973	0.01163	0.00733	0.00554	0.00569	0.00173	0.03944	0.00411	0.00250	0.00805
49	0.01418	0.01246	0.01254	0.01134	0.01411	0.08335	0.00878	0.03950	0.48668	0.04553	0.02106	0.02143	0.03544	0.03585	0.11176	0.00299	0.02364	0.00628	0.00506	0.00799
50	0.07066	0.00987	0.01282	0.00998	0.01416	0.00893	0.00821	0.06258	0.01652	0.63814	0.07048	0.02015	0.01613	0.00728	0.00569	0.00177	0.00477	0.00588	0.00676	0.00924
51	0.06423	0.01565	0.18504	0.08801	0.33793	0.01241	0.01543	0.05782	0.01308	0.01923	0.03037	0.07704	0.01234	0.00704	0.00600	0.01659	0.00662	0.02402	0.00326	0.00791
52	0.08206	0.01342	0.01931	0.23759	0.38244	0.05434	0.01511	0.09357	0.01395	0.01971	0.01058	0.01381	0.00841	0.00552	0.00548	0.00175	0.00697	0.00486	0.00312	0.00802
53	0.05474	0.01395	0.01566	0.01205	0.01654	0.01476	0.00995	0.50208	0.02308	0.25391	0.01614	0.01527	0.01091	0.00687	0.00565	0.00173	0.00580	0.00525	0.00604	0.00959
54	0.00735	0.00543	0.00670	0.00740	0.00822	0.00500	0.00518	0.00863	0.01182	0.01544	0.11200	0.41622	0.19617	0.10459	0.00963	0.00257	0.00355	0.06424	0.00520	0.00468
55	0.01238	0.10789	0.56033	0.01566	0.03986	0.03186	0.03661	0.01862	0.05503	0.01787	0.01093	0.01263	0.00811	0.00562	0.00555	0.00175	0.02415	0.00435	0.02256	0.00820
56	0.00908	0.00615	0.00794	0.00770	0.00927	0.00565	0.00599	0.01154	0.01524	0.06407	0.50549	0.06515	0.13666	0.01253	0.00687	0.00195	0.00324	0.11391	0.00604	0.00554
57	0.00817	0.00597	0.00846	0.00850	0.00927	0.00672	0.00628	0.00973	0.00905	0.01283	0.01639	0.04796	0.01642	0.21068	0.58774	0.00818	0.01280	0.00691	0.00322	0.00473
58	0.00932	0.00825	0.01160	0.01525	0.24520	0.00768	0.00868	0.01161	0.01360	0.01782	0.16953	0.03999	0.39755	0.01103	0.00641	0.00183	0.00409	0.00957	0.00471	0.00626
59	0.03058	0.28074	0.20508	0.01280	0.04252	0.03348	0.01257	0.09448	0.05658	0.11417	0.01328	0.03329	0.01063	0.00638	0.00503	0.00163	0.00645	0.02835	0.00377	0.00815
60	0.00910	0.00650	0.00909	0.01040	0.01167	0.00649	0.00902	0.01165	0.01305	0.01699	0.03035	0.10165	0.03317	0.01591	0.00787	0.00262	0.00517	0.68880	0.00527	0.00524
61	0.01321	0.01477	0.03151	0.05404	0.05874	0.01414	0.64635	0.01774	0.01322	0.01798	0.01197	0.03814	0.00948	0.00537	0.00696	0.00194	0.02705	0.00686	0.00294	0.00759
62	0.01117	0.01056	0.01817	0.67184	0.03680	0.01268	0.07868	0.02991	0.01182	0.01525	0.01067	0.01611	0.00828	0.03711	0.00674	0.00205	0.00769	0.00536	0.00268	0.00643
63	0.01349	0.00830	0.03961	0.00926	0.01135	0.00734	0.00720	0.08116	0.01360	0.20831	0.02506	0.38318	0.02570	0.09218	0.02425	0.00257	0.00471	0.03080	0.00545	0.00647
64	0.31236	0.12953	0.01527	0.06401	0.01605	0.20192	0.00921	0.11482	0.01423	0.04338	0.00976	0.01109	0.00763	0.00571	0.00447	0.00161	0.00656	0.00377	0.02158	0.00703
65	0.00830	0.00563	0.00665	0.00665	0.00680	0.00577	0.00398	0.00858	0.00844	0.01140	0.01764	0.03533	0.01988	0.69263	0.13421	0.00606	0.00692	0.00801	0.00341	0.00370
66	0.01146	0.01084	0.01820	0.53994	0.07927	0.01304	0.06820	0.03048	0.01165	0.01544	0.01096	0.04623	0.00908	0.00683	0.00752	0.01670	0.08921	0.00565	0.00276	0.00655
67	0.01167	0.00996	0.01165	0.00845	0.01335	0.00751	0.00672	0.01415	0.01182	0.01848	0.01101	0.04291	0.00964	0.00478	0.00436	0.00091	0.00420	0.00390	0.00346	0.80108
68	0.01793	0.01930	0.01468	0.01314	0.01633	0.35920	0.01007	0.07210	0.37365	0.02020	0.01614	0.01587	0.01240	0.00686	0.00551	0.00171	0.00726	0.00512	0.00451	0.00800
69	0.00727	0.00580	0.00645	0.00644	0.00806	0.00506	0.00481	0.00900	0.01356	0.01719	0.23052	0.08189	0.49467	0.04548	0.00772	0.00209	0.00307	0.04051	0.00548	0.00493
70	0.02174	0.01602	0.01717	0.01316	0.01774	0.01774	0.01087	0.74423	0.02689	0.03605	0.01373	0.01373	0.00973	0.00687	0.00572	0.00172	0.00629	0.00515	0.00572	0.00973
71	0.01459	0.01247	0.01314	0.01171	0.01501	0.01440	0.00914	0.06504	0.71773	0.02452	0.02282	0.02097	0.01709	0.00772	0.00582	0.00193	0.00461	0.00640	0.00582	0.00909
72	0.00874	0.00578	0.00644	0.00635	0.00652	0.00581	0.00366	0.02548	0.00893	0.01217	0.01796	0.03609	0.02024	0.74152	0.02733	0.00525	0.00542	0.00810	0.04450	0.00370
73	0.01861	0.00874	0.01143	0.00927	0.01253	0.00800	0.00745	0.07843	0.01714	0.42349	0.30481	0.02793	0.02908	0.00883	0.00613	0.00178	0.00415	0.00747	0.00667	0.00807
74	0.02174	0.01602	0.01717	0.01316	0.01774	0.01774	0.01087	0.74423	0.02689	0.03605	0.01373	0.01373	0.00973	0.00687	0.00572	0.00172	0.00629	0.00515	0.00572	0.00973
75	0.00792	0.00581	0.00713	0.00695	0.00840	0.00521	0.00515	0.01009	0.01477	0.03320	0.47649	0.12646	0.24530	0.01305	0.00679	0.00189	0.00286	0.01137	0.00593	0.00524
76	0.00687	0.00564	0.00600	0.00623	0.00780	0.00483	0.00452	0.00822	0.01260	0.01533	0.06676	0.18723	0.59574	0.03687	0.00748	0.00210	0.00304	0.01268	0.00528	0.00477
