[name]
unknown

[dist]
# distance from previous block
# <min> <max>
45	87

[block]
# block no. 0 follows, 44 sequences, length 13
# corresponding to MSA columns:
# 113-125
name=unknown_A
#
# <colnr> <probs for GDERKNQSTAVLIFYWHMCP>
#	G	D	E	R	K	N	Q	S	T	A	V	L	I	F	Y	W	H	M	C	P
0	0.01793	0.01021	0.01457	0.10399	0.16707	0.01007	0.01041	0.09860	0.01474	0.34665	0.01663	0.04817	0.01215	0.00772	0.03269	0.00191	0.00562	0.00556	0.04359	0.03172
1	0.03546	0.01241	0.01918	0.04374	0.52103	0.02914	0.01410	0.05322	0.01369	0.18551	0.01274	0.01442	0.00960	0.00539	0.00536	0.00164	0.00609	0.00492	0.00373	0.00863
2	0.01422	0.01319	0.02155	0.03137	0.69863	0.01335	0.01609	0.09069	0.01374	0.01947	0.01054	0.01345	0.00870	0.00503	0.00540	0.00162	0.00643	0.00486	0.00297	0.00870
3	0.01400	0.01408	0.02113	0.07497	0.65598	0.09090	0.01602	0.01708	0.01263	0.01714	0.01004	0.01318	0.00839	0.00497	0.00535	0.00161	0.00686	0.00472	0.00269	0.00825
4	0.09033	0.02421	0.01486	0.01340	0.01632	0.68726	0.01013	0.05347	0.01537	0.01520	0.00856	0.00989	0.00703	0.00561	0.00481	0.00144	0.00919	0.00353	0.00297	0.00641
5	0.04105	0.01005	0.04527	0.05329	0.01429	0.00823	0.00791	0.04624	0.02867	0.05107	0.01247	0.01747	0.01083	0.00687	0.00611	0.07235	0.00468	0.07717	0.00356	0.48243
6	0.00906	0.00478	0.00693	0.00705	0.00708	0.00475	0.00465	0.00722	0.00751	0.01001	0.01218	0.09703	0.01301	0.08557	0.02042	0.68669	0.00462	0.00608	0.00272	0.00265
7	0.00825	0.15392	0.01064	0.02720	0.00965	0.00783	0.00599	0.00938	0.01051	0.01358	0.02555	0.58040	0.05104	0.05110	0.00723	0.00214	0.00384	0.01244	0.00441	0.00490
8	0.01458	0.81168	0.02857	0.00933	0.01399	0.02157	0.00933	0.01632	0.01108	0.01283	0.00758	0.00875	0.00700	0.00466	0.00350	0.00117	0.00583	0.00292	0.00233	0.00700
9	0.01157	0.00946	0.01114	0.00811	0.01274	0.00717	0.00645	0.01392	0.01142	0.04460	0.01100	0.04626	0.00949	0.00470	0.00422	0.00090	0.00402	0.00385	0.00343	0.77556
10	0.00793	0.00529	0.00595	0.00595	0.00595	0.00529	0.00330	0.00793	0.00793	0.01057	0.01718	0.03568	0.01982	0.80840	0.02775	0.00529	0.00529	0.00793	0.00330	0.00330
11	0.01427	0.74550	0.09206	0.00985	0.01480	0.02082	0.01024	0.01640	0.01111	0.01320	0.00777	0.00898	0.00699	0.00471	0.00364	0.00121	0.00602	0.00301	0.00233	0.00709
12	0.01254	0.42072	0.02039	0.00972	0.01297	0.01536	0.05008	0.06055	0.03079	0.01432	0.01129	0.01616	0.01067	0.13453	0.15525	0.00331	0.00756	0.00464	0.00289	0.00624

[dist]
# distance from previous block
# <min> <max>
0	1

[block]
# block no. 1 follows, 44 sequences, length 17
# corresponding to MSA columns:
# 127-143
name=unknown_B
#
# <colnr> <probs for GDERKNQSTAVLIFYWHMCP>
#	G	D	E	R	K	N	Q	S	T	A	V	L	I	F	Y	W	H	M	C	P
0	0.71957	0.01015	0.00844	0.00741	0.01075	0.01143	0.00607	0.01677	0.01024	0.09961	0.05011	0.01154	0.00911	0.00556	0.00375	0.00169	0.00417	0.00358	0.00385	0.00620
1	0.01242	0.32857	0.34618	0.01175	0.01789	0.01512	0.01341	0.01624	0.01130	0.01564	0.00891	0.01040	0.00716	0.00477	0.00432	0.00134	0.00645	0.00345	0.00249	0.16221
2	0.01458	0.81168	0.02857	0.00933	0.01399	0.02157	0.00933	0.01632	0.01108	0.01283	0.00758	0.00875	0.00700	0.00466	0.00350	0.00117	0.00583	0.00292	0.00233	0.00700
3	0.01157	0.06601	0.20740	0.01024	0.01555	0.00984	0.01021	0.05160	0.01200	0.01788	0.01117	0.06678	0.00973	0.00541	0.00457	0.00120	0.00521	0.00435	0.00318	0.47610
4	0.01271	0.26793	0.44124	0.01298	0.01911	0.08168	0.01508	0.01686	0.01152	0.01520	0.00939	0.01182	0.00764	0.04831	0.00585	0.00172	0.00738	0.00385	0.00241	0.00732
5	0.01050	0.08886	0.02822	0.00975	0.01164	0.05609	0.03038	0.05189	0.01231	0.01555	0.02290	0.07863	0.06039	0.15958	0.01044	0.00269	0.00549	0.33520	0.00420	0.00529
6	0.03078	0.17112	0.53009	0.01392	0.02069	0.01442	0.03296	0.01824	0.08663	0.01716	0.01059	0.01189	0.00790	0.00529	0.00489	0.00164	0.00721	0.00406	0.00267	0.00785
7	0.02553	0.00756	0.00943	0.00928	0.01060	0.04657	0.00728	0.04025	0.03941	0.01446	0.01590	0.02466	0.01506	0.05640	0.57103	0.00698	0.01219	0.07882	0.00335	0.00525
8	0.63830	0.05116	0.01154	0.05943	0.01394	0.01289	0.05878	0.01686	0.05954	0.02260	0.00893	0.01038	0.00692	0.00519	0.00387	0.00169	0.00485	0.00353	0.00336	0.00625
9	0.17174	0.04140	0.09135	0.01164	0.01618	0.01506	0.02409	0.43322	0.05680	0.02838	0.01181	0.01231	0.00863	0.00595	0.00493	0.00161	0.00575	0.00440	0.00449	0.05027
10	0.00863	0.00705	0.04674	0.00878	0.01013	0.00604	0.02301	0.04725	0.01223	0.04331	0.10958	0.53200	0.03315	0.01448	0.00672	0.00210	0.00383	0.07470	0.00505	0.00522
11	0.00802	0.00551	0.00680	0.00697	0.00730	0.00568	0.00463	0.00868	0.00868	0.01169	0.01829	0.03668	0.02030	0.57278	0.15392	0.00551	0.00683	0.10447	0.00347	0.00380
12	0.02035	0.01261	0.01436	0.01123	0.01525	0.01329	0.00920	0.43537	0.08502	0.24741	0.06524	0.01707	0.01384	0.00697	0.00553	0.00167	0.00524	0.00550	0.00587	0.00895
13	0.16828	0.32929	0.20955	0.01219	0.01739	0.07617	0.08590	0.01704	0.01137	0.01658	0.00854	0.01013	0.00690	0.00493	0.00429	0.00149	0.00673	0.00359	0.00260	0.00704
14	0.84691	0.01054	0.00801	0.00717	0.01054	0.01223	0.00590	0.01603	0.00928	0.02446	0.00759	0.00886	0.00590	0.00506	0.00337	0.00169	0.00422	0.00295	0.00337	0.00590
15	0.01283	0.01205	0.01992	0.02902	0.63903	0.01180	0.01494	0.01587	0.01223	0.01760	0.01169	0.04581	0.01052	0.00564	0.00540	0.00160	0.00605	0.03352	0.00293	0.09155
16	0.01287	0.01471	0.03217	0.02298	0.02849	0.01379	0.75460	0.01746	0.01287	0.01746	0.01103	0.01471	0.00827	0.00460	0.00643	0.00184	0.00919	0.00643	0.00276	0.00735

[dist]
# distance from previous block
# <min> <max>
0	1

[block]
# block no. 2 follows, 44 sequences, length 115
# corresponding to MSA columns:
# 146-260
name=unknown_C
#
# <colnr> <probs for GDERKNQSTAVLIFYWHMCP>
#	G	D	E	R	K	N	Q	S	T	A	V	L	I	F	Y	W	H	M	C	P
0	0.01323	0.28922	0.37696	0.01216	0.01808	0.01482	0.01397	0.04141	0.01247	0.07418	0.07512	0.01366	0.01132	0.00568	0.00475	0.00153	0.00651	0.00429	0.00307	0.00758
1	0.01093	0.02820	0.78016	0.01554	0.02360	0.01266	0.02014	0.01727	0.01151	0.01727	0.00978	0.01151	0.00691	0.00518	0.00518	0.00173	0.00806	0.00403	0.00230	0.00806
2	0.01430	0.74316	0.02709	0.00922	0.01390	0.02035	0.00908	0.01610	0.01110	0.01325	0.00776	0.00896	0.00709	0.00461	0.00354	0.00114	0.00568	0.00294	0.00241	0.07832
3	0.01135	0.02629	0.04637	0.00844	0.01342	0.00779	0.00713	0.01394	0.01131	0.01765	0.00965	0.01126	0.00800	0.00410	0.00408	0.00086	0.00425	0.00326	0.00317	0.78767
4	0.01030	0.00969	0.01635	0.79530	0.03755	0.01211	0.01514	0.01393	0.01090	0.01393	0.00969	0.01453	0.00727	0.00545	0.00545	0.00182	0.00727	0.00484	0.00242	0.00606
5	0.01120	0.00958	0.01119	0.00806	0.01280	0.00720	0.00643	0.01358	0.01128	0.01768	0.01016	0.02972	0.00872	0.00434	0.00411	0.00084	0.00402	0.00351	0.00327	0.82230
6	0.01255	0.00965	0.01187	0.07551	0.01513	0.00776	0.00736	0.01504	0.01170	0.09423	0.01088	0.01231	0.00855	0.00443	0.00430	0.00098	0.00437	0.00360	0.00352	0.68626
7	0.01290	0.41103	0.28786	0.07290	0.08408	0.01703	0.01415	0.01650	0.01133	0.01488	0.00873	0.01055	0.00713	0.00492	0.00439	0.00145	0.00677	0.00361	0.00236	0.00743
8	0.01795	0.35499	0.02097	0.01204	0.01566	0.44882	0.01002	0.03585	0.01384	0.01359	0.00818	0.00945	0.00706	0.00524	0.00433	0.00131	0.00807	0.00329	0.00267	0.00667
9	0.01179	0.00986	0.01217	0.01028	0.07792	0.00772	0.00736	0.01425	0.01151	0.04036	0.01049	0.02731	0.00883	0.00444	0.00425	0.00093	0.00425	0.00368	0.00333	0.72927
10	0.07614	0.45135	0.04453	0.01047	0.01467	0.17571	0.00952	0.03312	0.02917	0.09643	0.00974	0.01045	0.00787	0.00522	0.00413	0.00135	0.00644	0.00346	0.00311	0.00714
11	0.02045	0.02339	0.01567	0.01368	0.01687	0.60045	0.01049	0.19934	0.01791	0.01842	0.00955	0.01062	0.00757	0.00584	0.00505	0.00146	0.00890	0.00385	0.00345	0.00703
12	0.01146	0.01137	0.07029	0.01081	0.07879	0.00816	0.00837	0.01425	0.01142	0.01773	0.00975	0.01151	0.00803	0.00419	0.00424	0.00095	0.00455	0.00343	0.00311	0.70759
13	0.00877	0.00655	0.00934	0.00905	0.01028	0.00758	0.00708	0.06611	0.01004	0.01429	0.01449	0.02079	0.01330	0.03829	0.72779	0.00822	0.01395	0.00577	0.00311	0.00520
14	0.84691	0.01054	0.00801	0.00717	0.01054	0.01223	0.00590	0.01603	0.00928	0.02446	0.00759	0.00886	0.00590	0.00506	0.00337	0.00169	0.00422	0.00295	0.00337	0.00590
15	0.00792	0.00533	0.00616	0.00616	0.00623	0.00540	0.00357	0.00806	0.00799	0.01073	0.01698	0.03460	0.01935	0.75044	0.08507	0.00555	0.00599	0.00777	0.00327	0.00342
16	0.00664	0.00474	0.00633	0.00759	0.00791	0.00443	0.00506	0.00759	0.01044	0.01392	0.03005	0.80485	0.03606	0.01708	0.00696	0.00221	0.00316	0.01550	0.00506	0.00443
17	0.01323	0.14114	0.02267	0.12887	0.53670	0.01425	0.03413	0.01632	0.01201	0.01649	0.00977	0.01290	0.00818	0.00490	0.00512	0.00158	0.00655	0.00458	0.00261	0.00800
18	0.00793	0.00529	0.00595	0.00595	0.00595	0.00529	0.00330	0.00793	0.00793	0.01057	0.01718	0.03568	0.01982	0.80840	0.02775	0.00529	0.00529	0.00793	0.00330	0.00330
19	0.01130	0.00969	0.01130	0.00807	0.01292	0.00727	0.00646	0.01373	0.01130	0.01776	0.00969	0.01130	0.00807	0.00404	0.00404	0.00081	0.00404	0.00323	0.00323	0.84173
20	0.08436	0.00919	0.01377	0.01359	0.09724	0.00897	0.09449	0.03201	0.01274	0.14594	0.01936	0.03272	0.01813	0.02467	0.04836	0.00240	0.00601	0.27914	0.00443	0.05248
21	0.77521	0.01014	0.00808	0.00731	0.01047	0.01177	0.00598	0.01549	0.00923	0.02345	0.00819	0.00993	0.00656	0.00812	0.07032	0.00229	0.00510	0.00320	0.00334	0.00582
22	0.00826	0.00637	0.00900	0.00874	0.00940	0.00754	0.00659	0.00970	0.00853	0.01225	0.01437	0.02352	0.01429	0.20567	0.53792	0.00732	0.09675	0.00618	0.00295	0.00464
23	0.03646	0.01704	0.01396	0.01227	0.01538	0.30467	0.00975	0.22052	0.10472	0.06193	0.01522	0.02059	0.01294	0.00762	0.00555	0.00172	0.00698	0.12092	0.00442	0.00733
24	0.00865	0.00667	0.00835	0.00727	0.00948	0.00569	0.00551	0.01104	0.01383	0.02002	0.49110	0.09763	0.03777	0.00963	0.00579	0.00150	0.00304	0.00845	0.00513	0.24344
25	0.01093	0.02820	0.78016	0.01554	0.02360	0.01266	0.02014	0.01727	0.01151	0.01727	0.00978	0.01151	0.00691	0.00518	0.00518	0.00173	0.00806	0.00403	0.00230	0.00806
26	0.00676	0.00530	0.00612	0.00642	0.00769	0.00466	0.00462	0.00825	0.01242	0.01591	0.19116	0.27946	0.40329	0.01427	0.00660	0.00193	0.00285	0.01239	0.00525	0.00466
27	0.02199	0.16779	0.01567	0.00964	0.01385	0.01064	0.00830	0.02404	0.01461	0.60178	0.01900	0.01803	0.01280	0.00661	0.00516	0.00161	0.00489	0.02910	0.00582	0.00869
28	0.03817	0.01506	0.01608	0.01234	0.01669	0.01661	0.01019	0.72539	0.02499	0.03381	0.01290	0.01296	0.00918	0.00646	0.00538	0.00162	0.00592	0.00483	0.00536	0.02604
29	0.00664	0.00476	0.00631	0.00754	0.00789	0.00443	0.00504	0.00760	0.01049	0.01394	0.03065	0.78673	0.05378	0.01700	0.00695	0.00221	0.00315	0.01540	0.00506	0.00443
30	0.43213	0.00998	0.01009	0.00814	0.01205	0.00998	0.00668	0.01899	0.01167	0.26466	0.01243	0.01241	0.00873	0.00542	0.00417	0.00153	0.00432	0.00381	0.00443	0.15838
31	0.01019	0.00727	0.00866	0.00860	0.01002	0.00733	0.00625	0.17656	0.01412	0.03535	0.02794	0.55253	0.08512	0.01423	0.00655	0.00204	0.00380	0.01259	0.00519	0.00564
32	0.01234	0.01152	0.01939	0.02868	0.62786	0.01158	0.01476	0.01528	0.01196	0.01703	0.01269	0.07540	0.01183	0.00917	0.07235	0.00230	0.00688	0.02814	0.00297	0.00789
33	0.00719	0.00563	0.00652	0.00636	0.00789	0.00503	0.00474	0.00938	0.02894	0.01815	0.38507	0.08484	0.38540	0.01261	0.00645	0.00180	0.00273	0.01084	0.00551	0.00493
34	0.01030	0.00969	0.01635	0.79530	0.03755	0.01211	0.01514	0.01393	0.01090	0.01393	0.00969	0.01453	0.00727	0.00545	0.00545	0.00182	0.00727	0.00484	0.00242	0.00606
35	0.69378	0.01190	0.00997	0.02831	0.07692	0.07076	0.00739	0.01647	0.01005	0.02281	0.00793	0.00946	0.00625	0.00509	0.00371	0.00166	0.00491	0.00320	0.00325	0.00617
36	0.01458	0.81168	0.02857	0.00933	0.01399	0.02157	0.00933	0.01632	0.01108	0.01283	0.00758	0.00875	0.00700	0.00466	0.00350	0.00117	0.00583	0.00292	0.00233	0.00700
37	0.00772	0.00557	0.00729	0.00686	0.00814	0.00514	0.00514	0.01029	0.01543	0.02186	0.77152	0.04072	0.05144	0.01115	0.00643	0.00171	0.00257	0.00986	0.00600	0.00514
38	0.01030	0.00969	0.01635	0.79530	0.03755	0.01211	0.01514	0.01393	0.01090	0.01393	0.00969	0.01453	0.00727	0.00545	0.00545	0.00182	0.00727	0.00484	0.00242	0.00606
39	0.01030	0.00969	0.01635	0.79530	0.03755	0.01211	0.01514	0.01393	0.01090	0.01393	0.00969	0.01453	0.00727	0.00545	0.00545	0.00182	0.00727	0.00484	0.00242	0.00606
40	0.01190	0.00563	0.00610	0.00572	0.00736	0.00545	0.00438	0.01438	0.01208	0.11612	0.04073	0.02071	0.01503	0.00654	0.00410	0.00134	0.00281	0.00527	0.70873	0.00561
41	0.03732	0.00521	0.00538	0.00555	0.00674	0.00521	0.00408	0.01199	0.01120	0.01943	0.01942	0.14623	0.01726	0.00804	0.00430	0.00144	0.00270	0.00669	0.67681	0.00500
42	0.01008	0.00510	0.00515	0.00514	0.00641	0.00508	0.00385	0.01262	0.01156	0.02038	0.04262	0.02100	0.01521	0.00651	0.00390	0.00128	0.00254	0.00524	0.81123	0.00508
43	0.00792	0.00555	0.00733	0.00708	0.00824	0.00519	0.00533	0.01000	0.01431	0.02005	0.62287	0.04038	0.06042	0.02582	0.00815	0.07359	0.00299	0.06439	0.00555	0.00485
44	0.00701	0.00553	0.00632	0.00616	0.00772	0.00484	0.00461	0.00892	0.01373	0.01789	0.37348	0.06134	0.43769	0.01268	0.00645	0.00179	0.00268	0.01085	0.00548	0.00484
45	0.02037	0.09087	0.01698	0.01180	0.01618	0.01609	0.00990	0.58230	0.02273	0.12012	0.01348	0.01328	0.00953	0.00633	0.00524	0.00158	0.00578	0.00475	0.00526	0.02743
46	0.84691	0.01054	0.00801	0.00717	0.01054	0.01223	0.00590	0.01603	0.00928	0.02446	0.00759	0.00886	0.00590	0.00506	0.00337	0.00169	0.00422	0.00295	0.00337	0.00590
47	0.84691	0.01054	0.00801	0.00717	0.01054	0.01223	0.00590	0.01603	0.00928	0.02446	0.00759	0.00886	0.00590	0.00506	0.00337	0.00169	0.00422	0.00295	0.00337	0.00590
48	0.00772	0.00557	0.00729	0.00686	0.00814	0.00514	0.00514	0.01029	0.01543	0.02186	0.77152	0.04072	0.05144	0.01115	0.00643	0.00171	0.00257	0.00986	0.00600	0.00514
49	0.00779	0.00584	0.00876	0.00876	0.00974	0.00681	0.00681	0.00974	0.00876	0.01266	0.01460	0.02142	0.01363	0.04089	0.78680	0.00876	0.01460	0.00584	0.00292	0.00487
50	0.01093	0.02820	0.78016	0.01554	0.02360	0.01266	0.02014	0.01727	0.01151	0.01727	0.00978	0.01151	0.00691	0.00518	0.00518	0.00173	0.00806	0.00403	0.00230	0.00806
51	0.02038	0.02563	0.01548	0.01400	0.01686	0.76102	0.01053	0.04610	0.01579	0.01404	0.00858	0.00994	0.00710	0.00565	0.00493	0.00141	0.00970	0.00356	0.00290	0.00642
52	0.00680	0.00491	0.00644	0.00738	0.00792	0.00455	0.00503	0.00802	0.01131	0.01520	0.14700	0.65060	0.07262	0.01600	0.00685	0.00212	0.00305	0.01443	0.00521	0.00455
53	0.00664	0.00474	0.00633	0.00759	0.00791	0.00443	0.00506	0.00759	0.01044	0.01392	0.03005	0.80485	0.03606	0.01708	0.00696	0.00221	0.00316	0.01550	0.00506	0.00443
54	0.00793	0.00529	0.00595	0.00595	0.00595	0.00529	0.00330	0.00793	0.00793	0.01057	0.01718	0.03568	0.01982	0.80840	0.02775	0.00529	0.00529	0.00793	0.00330	0.00330
55	0.00789	0.00527	0.00596	0.00600	0.00600	0.00526	0.00336	0.00792	0.00800	0.01067	0.01756	0.05861	0.02030	0.78481	0.02713	0.00519	0.00522	0.00815	0.00336	0.00334
56	0.01130	0.00969	0.01130	0.00807	0.01292	0.00727	0.00646	0.01373	0.01130	0.01776	0.00969	0.01130	0.00807	0.00404	0.00404	0.00081	0.00404	0.00323	0.00323	0.84173
57	0.01464	0.00824	0.01025	0.00880	0.01148	0.00807	0.00691	0.02008	0.19151	0.27282	0.34680	0.02858	0.03068	0.00881	0.00591	0.00174	0.00367	0.00754	0.00614	0.00733
58	0.00670	0.00553	0.00588	0.00579	0.00752	0.00471	0.00434	0.00832	0.01303	0.01616	0.19943	0.05010	0.62709	0.01327	0.00644	0.00182	0.00272	0.01117	0.00525	0.00471
59	0.01292	0.01456	0.03131	0.02387	0.09223	0.01372	0.69155	0.01740	0.01283	0.01749	0.01096	0.01460	0.00830	0.00462	0.00635	0.00182	0.00896	0.00630	0.00275	0.00746
60	0.00704	0.00503	0.00678	0.00804	0.00853	0.00477	0.00575	0.00827	0.01083	0.01436	0.02983	0.66806	0.03520	0.01671	0.00706	0.00227	0.00350	0.14840	0.00505	0.00454
61	0.00653	0.00517	0.00588	0.00646	0.00761	0.00452	0.00456	0.00772	0.01153	0.01436	0.04388	0.39167	0.44030	0.01528	0.00668	0.00201	0.00294	0.01331	0.00506	0.00452
62	0.01327	0.01273	0.02173	0.08554	0.72403	0.01290	0.01662	0.01654	0.01231	0.01755	0.01022	0.01356	0.00854	0.00490	0.00540	0.00163	0.00653	0.00486	0.00268	0.00846
63	0.01618	0.63219	0.02524	0.00986	0.01427	0.09460	0.00929	0.01822	0.02743	0.09553	0.00946	0.01015	0.00790	0.00504	0.00389	0.00126	0.00606	0.00332	0.00292	0.00721
64	0.01030	0.00969	0.01635	0.79530	0.03755	0.01211	0.01514	0.01393	0.01090	0.01393	0.00969	0.01453	0.00727	0.00545	0.00545	0.00182	0.00727	0.00484	0.00242	0.00606
65	0.00779	0.00584	0.00876	0.00876	0.00974	0.00681	0.00681	0.00974	0.00876	0.01266	0.01460	0.02142	0.01363	0.04089	0.78680	0.00876	0.01460	0.00584	0.00292	0.00487
66	0.01130	0.00969	0.01130	0.00807	0.01292	0.00727	0.00646	0.01373	0.01130	0.01776	0.00969	0.01130	0.00807	0.00404	0.00404	0.00081	0.00404	0.00323	0.00323	0.84173
67	0.84691	0.01054	0.00801	0.00717	0.01054	0.01223	0.00590	0.01603	0.00928	0.02446	0.00759	0.00886	0.00590	0.00506	0.00337	0.00169	0.00422	0.00295	0.00337	0.00590
68	0.00772	0.00557	0.00729	0.00686	0.00814	0.00514	0.00514	0.01029	0.01543	0.02186	0.77152	0.04072	0.05144	0.01115	0.00643	0.00171	0.00257	0.00986	0.00600	0.00514
69	0.01103	0.01194	0.04608	0.07784	0.08726	0.01107	0.41267	0.01455	0.01210	0.01646	0.03320	0.20814	0.01598	0.00790	0.00636	0.00190	0.00715	0.00840	0.00335	0.00662
70	0.00721	0.00555	0.00658	0.00633	0.00783	0.00493	0.00474	0.00931	0.01423	0.01902	0.48605	0.04540	0.33869	0.01221	0.00644	0.00176	0.00265	0.01052	0.00563	0.00493
71	0.01458	0.81168	0.02857	0.00933	0.01399	0.02157	0.00933	0.01632	0.01108	0.01283	0.00758	0.00875	0.00700	0.00466	0.00350	0.00117	0.00583	0.00292	0.00233	0.00700
72	0.00736	0.00556	0.00679	0.00648	0.00792	0.00499	0.00486	0.00959	0.01459	0.01985	0.56999	0.04403	0.25422	0.01189	0.00643	0.00175	0.00263	0.01032	0.00574	0.00499
73	0.00741	0.00538	0.00702	0.00723	0.00827	0.00499	0.00533	0.00944	0.01360	0.01872	0.45863	0.26262	0.08948	0.01331	0.00667	0.00193	0.00294	0.06655	0.00560	0.00490
74	0.04105	0.01019	0.01257	0.01013	0.01401	0.00998	0.00821	0.05104	0.22764	0.52184	0.02109	0.01865	0.01406	0.00688	0.00545	0.00173	0.00458	0.00560	0.00628	0.00901
75	0.01884	0.01451	0.01517	0.01214	0.01611	0.03934	0.00985	0.52208	0.22570	0.04514	0.01558	0.01506	0.01129	0.00675	0.00546	0.00169	0.00563	0.00522	0.00542	0.00901
76	0.01808	0.04840	0.09903	0.00979	0.01467	0.00891	0.00891	0.02075	0.01350	0.40277	0.01559	0.01488	0.01064	0.00557	0.00487	0.00137	0.00488	0.00445	0.00487	0.28808
77	0.01030	0.00969	0.01635	0.79530	0.03755	0.01211	0.01514	0.01393	0.01090	0.01393	0.00969	0.01453	0.00727	0.00545	0.00545	0.00182	0.00727	0.00484	0.00242	0.00606
78	0.81967	0.01050	0.00817	0.00725	0.01065	0.01209	0.00597	0.01637	0.00949	0.04943	0.00805	0.00918	0.00616	0.00512	0.00344	0.00169	0.00423	0.00304	0.00349	0.00602
79	0.01349	0.01295	0.02213	0.03346	0.77440	0.01295	0.01673	0.01673	0.01241	0.01781	0.01025	0.01349	0.00864	0.00486	0.00540	0.00162	0.00648	0.00486	0.00270	0.00864
80	0.01287	0.01471	0.03217	0.02298	0.02849	0.01379	0.75460	0.01746	0.01287	0.01746	0.01103	0.01471	0.00827	0.00460	0.00643	0.00184	0.00919	0.00643	0.00276	0.00735
81	0.01411	0.00939	0.01078	0.00947	0.01224	0.00997	0.00740	0.02309	0.39476	0.17136	0.20286	0.02491	0.02428	0.00812	0.00565	0.00175	0.00386	0.00686	0.05141	0.00772
82	0.00782	0.00573	0.00820	0.00820	0.00898	0.00651	0.00612	0.00938	0.00860	0.01224	0.01511	0.02424	0.01486	0.19286	0.63650	0.00807	0.01276	0.00625	0.00300	0.00456
83	0.01093	0.02820	0.78016	0.01554	0.02360	0.01266	0.02014	0.01727	0.01151	0.01727	0.00978	0.01151	0.00691	0.00518	0.00518	0.00173	0.00806	0.00403	0.00230	0.00806
84	0.00754	0.00545	0.00731	0.00848	0.00931	0.00523	0.00658	0.00918	0.01148	0.01500	0.03142	0.43242	0.08897	0.01598	0.00716	0.00231	0.00392	0.32251	0.00504	0.00469
85	0.01877	0.02272	0.01383	0.01265	0.01521	0.66449	0.00948	0.02035	0.01482	0.01443	0.00989	0.01147	0.00811	0.00573	0.00474	0.00138	0.00869	0.00376	0.13334	0.00613
86	0.01349	0.01295	0.02213	0.03346	0.77440	0.01295	0.01673	0.01673	0.01241	0.01781	0.01025	0.01349	0.00864	0.00486	0.00540	0.00162	0.00648	0.00486	0.00270	0.00864
87	0.01929	0.02426	0.01488	0.01359	0.01625	0.71989	0.01022	0.02074	0.01488	0.01328	0.00895	0.01082	0.00759	0.00863	0.07173	0.00203	0.01024	0.00371	0.00282	0.00620
88	0.00772	0.00557	0.00729	0.00686	0.00814	0.00514	0.00514	0.01029	0.01543	0.02186	0.77152	0.04072	0.05144	0.01115	0.00643	0.00171	0.00257	0.00986	0.00600	0.00514
89	0.01116	0.01108	0.01627	0.72854	0.03578	0.07828	0.01475	0.01460	0.01129	0.01388	0.00958	0.01413	0.00725	0.00546	0.00540	0.00178	0.00749	0.00473	0.00246	0.00608
90	0.00981	0.00625	0.00974	0.01157	0.13099	0.00640	0.00695	0.00909	0.00824	0.01134	0.01063	0.01742	0.01030	0.04422	0.13848	0.55064	0.00657	0.00502	0.00254	0.00380
91	0.02438	0.00940	0.01273	0.00976	0.01398	0.00820	0.00806	0.04157	0.01581	0.76288	0.02133	0.01844	0.01341	0.00674	0.00548	0.00169	0.00467	0.00547	0.00672	0.00928
92	0.01667	0.16045	0.01622	0.01190	0.01470	0.43733	0.00935	0.01949	0.09855	0.01397	0.01045	0.01233	0.00886	0.00967	0.07278	0.06547	0.00852	0.00400	0.00301	0.00628
93	0.01401	0.02136	0.02851	0.00815	0.01073	0.00666	0.00663	0.01649	0.01532	0.29711	0.46651	0.03138	0.03576	0.00929	0.00600	0.00170	0.00352	0.00800	0.00612	0.00675
94	0.00812	0.00622	0.00896	0.00878	0.00954	0.00734	0.00670	0.00973	0.00861	0.01239	0.01441	0.02273	0.01402	0.14787	0.62059	0.00778	0.07247	0.00606	0.00293	0.00473
95	0.01433	0.75112	0.02726	0.00923	0.01391	0.02049	0.00911	0.01613	0.01109	0.01320	0.00774	0.00894	0.00708	0.00462	0.00354	0.00114	0.00569	0.00294	0.00240	0.07003
96	0.01022	0.00816	0.00979	0.00790	0.01126	0.00661	0.00608	0.01282	0.03504	0.03498	0.15498	0.14933	0.02116	0.00769	0.00505	0.00126	0.00364	0.00664	0.00420	0.50319
97	0.01438	0.76857	0.06992	0.00967	0.01452	0.02108	0.00992	0.01638	0.01110	0.01307	0.00770	0.00890	0.00699	0.00469	0.00359	0.00120	0.00595	0.00298	0.00233	0.00705
98	0.01496	0.63568	0.09172	0.00992	0.01473	0.01911	0.01007	0.01761	0.03653	0.07908	0.02155	0.01072	0.00857	0.00508	0.00393	0.00129	0.00582	0.00345	0.00287	0.00731
99	0.01301	0.44645	0.16122	0.01201	0.01659	0.01756	0.06765	0.01576	0.01085	0.01415	0.00863	0.01083	0.00748	0.00726	0.04783	0.00186	0.10217	0.00377	0.00242	0.03248
100	0.00878	0.00529	0.00667	0.00660	0.00671	0.00535	0.00409	0.02298	0.00799	0.01068	0.01405	0.02749	0.01545	0.46826	0.04336	0.32826	0.00532	0.00658	0.00298	0.00310
101	0.01065	0.00896	0.01059	0.00793	0.01213	0.00687	0.00624	0.01297	0.01159	0.01782	0.07632	0.07375	0.01389	0.00563	0.00446	0.00099	0.00385	0.00472	0.00361	0.70702
102	0.01117	0.11629	0.61230	0.07340	0.02305	0.01340	0.01803	0.01662	0.01144	0.01642	0.01091	0.01267	0.03033	0.00540	0.00505	0.00167	0.00758	0.00419	0.00240	0.00768
103	0.01159	0.00988	0.01145	0.00827	0.01305	0.00769	0.00662	0.03052	0.03657	0.01830	0.01018	0.01164	0.00839	0.00420	0.00412	0.00086	0.00409	0.00336	0.00336	0.79587
104	0.03876	0.00869	0.01160	0.00922	0.01286	0.00771	0.00754	0.02344	0.03044	0.60842	0.14211	0.02290	0.01990	0.00762	0.00564	0.00171	0.00430	0.02222	0.00649	0.00843
105	0.01137	0.12228	0.68990	0.01479	0.02244	0.01373	0.01884	0.01715	0.01146	0.01673	0.00952	0.01118	0.00692	0.00512	0.00498	0.00166	0.00779	0.00389	0.00231	0.00793
106	0.00770	0.00571	0.00834	0.00845	0.00929	0.00650	0.00640	0.00942	0.00884	0.01261	0.01612	0.08944	0.01601	0.09681	0.66284	0.00794	0.01292	0.00682	0.00313	0.00471
107	0.01400	0.01222	0.01207	0.01089	0.01381	0.07855	0.00842	0.02636	0.59841	0.05363	0.05088	0.04671	0.03425	0.00782	0.00559	0.00181	0.00466	0.00648	0.00536	0.00810
108	0.01358	0.56068	0.14769	0.01111	0.01559	0.01938	0.01147	0.01598	0.01072	0.01359	0.00787	0.00969	0.00701	0.00551	0.00602	0.00145	0.12996	0.00338	0.00234	0.00701
109	0.00949	0.00766	0.01178	0.01126	0.01308	0.00764	0.10942	0.01291	0.06880	0.01622	0.02523	0.07351	0.04104	0.09999	0.00940	0.00265	0.00546	0.46452	0.00457	0.00539
110	0.00686	0.00531	0.00625	0.00651	0.00774	0.00470	0.00469	0.00844	0.01267	0.01648	0.24770	0.27285	0.35216	0.01404	0.00659	0.00192	0.00283	0.01223	0.00532	0.00470
111	0.84691	0.01054	0.00801	0.00717	0.01054	0.01223	0.00590	0.01603	0.00928	0.02446	0.00759	0.00886	0.00590	0.00506	0.00337	0.00169	0.00422	0.00295	0.00337	0.00590
112	0.00750	0.00588	0.00765	0.00872	0.06573	0.00538	0.00572	0.00933	0.01294	0.01733	0.30564	0.26362	0.23813	0.01311	0.00651	0.00189	0.00309	0.01156	0.00523	0.00505
113	0.00676	0.00491	0.00636	0.00747	0.00797	0.00456	0.00511	0.00781	0.01068	0.01403	0.03218	0.67280	0.10900	0.03681	0.00747	0.00227	0.00327	0.05109	0.00501	0.00445
114	0.01322	0.01267	0.02164	0.09856	0.71143	0.01288	0.01660	0.01649	0.01228	0.01748	0.01021	0.01358	0.00852	0.00491	0.00540	0.00164	0.00654	0.00486	0.00268	0.00842

[dist]
# distance from previous block
# <min> <max>
0	10

[block]
# block no. 3 follows, 44 sequences, length 27
# corresponding to MSA columns:
# 271-297
name=unknown_D
#
# <colnr> <probs for GDERKNQSTAVLIFYWHMCP>
#	G	D	E	R	K	N	Q	S	T	A	V	L	I	F	Y	W	H	M	C	P
0	0.24981	0.11410	0.01498	0.01121	0.01466	0.35100	0.00899	0.11549	0.01454	0.04643	0.00917	0.01017	0.00723	0.00551	0.00441	0.00149	0.00710	0.00354	0.00339	0.00678
1	0.01068	0.01259	0.11295	0.60583	0.03473	0.01238	0.10461	0.01477	0.01121	0.01477	0.00986	0.01418	0.00734	0.00531	0.00554	0.00181	0.00760	0.00493	0.00245	0.00646
2	0.00779	0.00582	0.00864	0.00864	0.00956	0.00675	0.00666	0.00965	0.00872	0.01256	0.01472	0.02206	0.01391	0.07539	0.75268	0.00861	0.01418	0.00593	0.00294	0.00480
3	0.00779	0.00584	0.00876	0.00876	0.00974	0.00681	0.00681	0.00974	0.00876	0.01266	0.01460	0.02142	0.01363	0.04089	0.78680	0.00876	0.01460	0.00584	0.00292	0.00487
4	0.01458	0.81168	0.02857	0.00933	0.01399	0.02157	0.00933	0.01632	0.01108	0.01283	0.00758	0.00875	0.00700	0.00466	0.00350	0.00117	0.00583	0.00292	0.00233	0.00700
5	0.00815	0.00582	0.00806	0.00931	0.01029	0.00573	0.00768	0.01020	0.01192	0.01560	0.02922	0.28189	0.03276	0.01566	0.00736	0.00242	0.00447	0.52358	0.00503	0.00484
6	0.00708	0.00548	0.00647	0.00652	0.00793	0.00488	0.00488	0.00893	0.01337	0.01751	0.33244	0.14157	0.36151	0.01323	0.00655	0.00187	0.00285	0.04669	0.00543	0.00481
7	0.00680	0.00489	0.00645	0.00743	0.00793	0.00454	0.00505	0.00800	0.01123	0.01512	0.14070	0.67130	0.05812	0.01611	0.00687	0.00213	0.00306	0.01455	0.00520	0.00454
8	0.02072	0.01527	0.01636	0.01254	0.01691	0.01691	0.01036	0.75622	0.02563	0.03436	0.01309	0.01309	0.00927	0.00654	0.00545	0.00164	0.00600	0.00491	0.00545	0.00927
9	0.01356	0.01171	0.01233	0.01109	0.01418	0.01356	0.00863	0.02897	0.76455	0.02281	0.02219	0.02034	0.01664	0.00740	0.00555	0.00185	0.00431	0.00616	0.00555	0.00863
10	0.01326	0.01266	0.02135	0.08983	0.69213	0.01291	0.01632	0.01696	0.03899	0.01770	0.01064	0.01381	0.00882	0.00499	0.00541	0.00164	0.00646	0.00490	0.00278	0.00844
11	0.00681	0.00489	0.00661	0.00769	0.00808	0.00474	0.00523	0.00786	0.01018	0.01368	0.02788	0.69214	0.03297	0.03904	0.10117	0.00307	0.00459	0.01416	0.00476	0.00445
12	0.02435	0.00946	0.01276	0.00979	0.01401	0.00828	0.00808	0.04865	0.01591	0.75566	0.02125	0.01839	0.01337	0.00674	0.00548	0.00169	0.00468	0.00547	0.00671	0.00928
13	0.84691	0.01054	0.00801	0.00717	0.01054	0.01223	0.00590	0.01603	0.00928	0.02446	0.00759	0.00886	0.00590	0.00506	0.00337	0.00169	0.00422	0.00295	0.00337	0.00590
14	0.00702	0.00529	0.00630	0.00690	0.00774	0.00491	0.00472	0.00852	0.03554	0.01439	0.06855	0.44404	0.23808	0.11068	0.00924	0.00245	0.00332	0.01292	0.00491	0.00451
15	0.74677	0.01083	0.00971	0.01033	0.10233	0.01232	0.00721	0.01611	0.00965	0.02366	0.00791	0.00941	0.00623	0.00504	0.00362	0.00168	0.00449	0.00318	0.00329	0.00623
16	0.01204	0.01227	0.01862	0.01539	0.01607	0.01634	0.10400	0.01366	0.00891	0.01366	0.00764	0.01227	0.00729	0.00893	0.01647	0.00232	0.70058	0.00498	0.00243	0.00614
17	0.04186	0.00968	0.01218	0.00950	0.01337	0.00907	0.00780	0.13191	0.01643	0.55974	0.01949	0.01773	0.01275	0.00663	0.00523	0.00163	0.00458	0.00529	0.10644	0.00869
18	0.01553	0.00891	0.01065	0.00911	0.01199	0.00877	0.00716	0.12627	0.11942	0.26789	0.09620	0.14253	0.13241	0.00980	0.00594	0.00181	0.00410	0.00829	0.00582	0.00739
19	0.00860	0.00607	0.00678	0.00663	0.00703	0.00632	0.00403	0.01050	0.09886	0.01209	0.01772	0.03348	0.01929	0.69315	0.04388	0.00496	0.00540	0.00766	0.00356	0.00398
20	0.00680	0.00481	0.00628	0.00739	0.00766	0.00453	0.00484	0.00763	0.01013	0.01350	0.02845	0.70949	0.03404	0.11518	0.00954	0.00259	0.00343	0.01456	0.00484	0.00429
21	0.00855	0.00566	0.00691	0.00677	0.00708	0.00587	0.00429	0.03467	0.00859	0.01161	0.01567	0.03024	0.01718	0.56031	0.14658	0.10936	0.00672	0.00709	0.00320	0.00365
22	0.00852	0.00609	0.00848	0.00974	0.01088	0.00605	0.00832	0.01084	0.01229	0.01602	0.02901	0.15365	0.03196	0.01531	0.00746	0.00247	0.00479	0.64817	0.00503	0.00495
23	0.01630	0.01151	0.01264	0.01051	0.01394	0.01242	0.00841	0.26244	0.29491	0.13106	0.05678	0.02250	0.10615	0.00797	0.00566	0.00175	0.00464	0.00647	0.00565	0.00829
24	0.11728	0.01297	0.01355	0.01117	0.01489	0.01456	0.00901	0.33752	0.32215	0.06469	0.01652	0.01578	0.01205	0.00672	0.00524	0.00173	0.00504	0.00521	0.00530	0.00861
25	0.12111	0.00914	0.01153	0.00912	0.01288	0.00841	0.00747	0.04347	0.01510	0.57327	0.11259	0.01999	0.01717	0.00708	0.00535	0.00169	0.00437	0.00571	0.00621	0.00836
26	0.01045	0.00979	0.01616	0.75714	0.03641	0.01218	0.01482	0.01466	0.04757	0.01436	0.01030	0.01482	0.00772	0.00555	0.00546	0.00182	0.00712	0.00491	0.00257	0.00618

[dist]
# distance from previous block
# <min> <max>
0	1

[block]
# block no. 4 follows, 44 sequences, length 122
# corresponding to MSA columns:
# 299-420
name=unknown_E
#
# <colnr> <probs for GDERKNQSTAVLIFYWHMCP>
#	G	D	E	R	K	N	Q	S	T	A	V	L	I	F	Y	W	H	M	C	P
0	0.01426	0.55354	0.12009	0.09106	0.01789	0.07561	0.01139	0.03534	0.01180	0.01408	0.00827	0.00987	0.00707	0.00493	0.00406	0.00133	0.00655	0.00335	0.00245	0.00704
1	0.01123	0.01057	0.01756	0.54149	0.23520	0.01226	0.01511	0.01522	0.04364	0.01536	0.01075	0.02875	0.00856	0.00558	0.00547	0.00177	0.00685	0.00510	0.00268	0.00683
2	0.00856	0.00577	0.00737	0.00688	0.00840	0.00524	0.00519	0.01092	0.01495	0.06714	0.61894	0.05877	0.13851	0.01135	0.00639	0.00174	0.00274	0.00993	0.00591	0.00531
3	0.12645	0.01467	0.01529	0.01186	0.01609	0.01631	0.00979	0.66150	0.02354	0.03309	0.01239	0.01255	0.00884	0.00635	0.00519	0.00164	0.00577	0.00466	0.00519	0.00884
4	0.00779	0.00584	0.00876	0.00876	0.00974	0.00681	0.00681	0.00974	0.00876	0.01266	0.01460	0.02142	0.01363	0.04089	0.78680	0.00876	0.01460	0.00584	0.00292	0.00487
5	0.00751	0.00600	0.00677	0.00650	0.00820	0.00549	0.00490	0.01042	0.06899	0.01834	0.35604	0.04513	0.41151	0.01221	0.00637	0.00179	0.00280	0.01042	0.00550	0.00513
6	0.00774	0.00583	0.00865	0.00874	0.00963	0.00674	0.00672	0.00957	0.00893	0.01279	0.01606	0.10152	0.01582	0.03791	0.69365	0.00798	0.02694	0.00681	0.00313	0.00484
7	0.01130	0.00969	0.01130	0.00807	0.01292	0.00727	0.00646	0.01373	0.01130	0.01776	0.00969	0.01130	0.00807	0.00404	0.00404	0.00081	0.00404	0.00323	0.00323	0.84173
8	0.01841	0.11398	0.01627	0.01296	0.01580	0.61895	0.01001	0.01991	0.01426	0.01321	0.00896	0.01089	0.00770	0.00912	0.08486	0.00213	0.00986	0.00368	0.00277	0.00625
9	0.00852	0.00631	0.00837	0.00769	0.00891	0.00639	0.00590	0.01094	0.01471	0.03784	0.67648	0.03728	0.04606	0.01088	0.00758	0.00178	0.08416	0.00924	0.00565	0.00532
10	0.02040	0.02489	0.01554	0.01389	0.01686	0.70767	0.01052	0.09702	0.01649	0.01550	0.00890	0.01017	0.00725	0.00571	0.00497	0.00143	0.00944	0.00365	0.00308	0.00662
11	0.10491	0.01320	0.09196	0.01092	0.01549	0.01166	0.00977	0.24990	0.01764	0.39444	0.01630	0.01517	0.01075	0.00635	0.00523	0.00168	0.00537	0.00490	0.00555	0.00881
12	0.02186	0.00858	0.01174	0.00925	0.01285	0.00749	0.00749	0.02353	0.01472	0.65112	0.06817	0.01977	0.01551	0.00828	0.00716	0.08772	0.00452	0.00569	0.00625	0.00831
13	0.76093	0.01003	0.00794	0.00714	0.01030	0.01150	0.00583	0.01544	0.00991	0.02419	0.08586	0.01212	0.01057	0.00568	0.00369	0.00169	0.00405	0.00366	0.00364	0.00583
14	0.02408	0.00989	0.01303	0.00999	0.01422	0.00892	0.00825	0.10132	0.01663	0.70197	0.02065	0.01800	0.01306	0.00673	0.00548	0.00168	0.00478	0.00542	0.00662	0.00928
15	0.70177	0.01203	0.00912	0.00806	0.01144	0.09125	0.00653	0.01739	0.01038	0.07873	0.00870	0.00967	0.00658	0.00524	0.00369	0.00166	0.00482	0.00320	0.00356	0.00619
16	0.00859	0.00643	0.00852	0.01000	0.06518	0.00633	0.00646	0.08496	0.01214	0.01630	0.02686	0.66555	0.03130	0.01510	0.00669	0.00211	0.00370	0.01363	0.00493	0.00523
17	0.00764	0.00526	0.00650	0.00710	0.00739	0.00516	0.00470	0.00833	0.00944	0.01253	0.02312	0.28930	0.02684	0.43160	0.01794	0.00387	0.00456	0.12067	0.00413	0.00393
18	0.00664	0.00474	0.00633	0.00759	0.00791	0.00443	0.00506	0.00759	0.01044	0.01392	0.03005	0.80485	0.03606	0.01708	0.00696	0.00221	0.00316	0.01550	0.00506	0.00443
19	0.01811	0.08974	0.01635	0.01186	0.01586	0.03242	0.00978	0.46534	0.23302	0.02862	0.01505	0.01466	0.01109	0.00659	0.00528	0.00165	0.00559	0.00505	0.00513	0.00881
20	0.01102	0.02384	0.58883	0.01490	0.02180	0.01224	0.07249	0.01778	0.08883	0.01766	0.01449	0.01566	0.06427	0.00600	0.00540	0.00176	0.00737	0.00498	0.00287	0.00781
21	0.01446	0.01104	0.01218	0.01090	0.01392	0.01233	0.00873	0.11298	0.49730	0.07873	0.02194	0.02535	0.01763	0.00835	0.00579	0.00190	0.00461	0.11279	0.02091	0.00816
22	0.00769	0.00525	0.00595	0.00608	0.00625	0.00515	0.00355	0.00789	0.00852	0.01122	0.02129	0.11571	0.07680	0.66891	0.02405	0.00472	0.00488	0.00897	0.00361	0.00351
23	0.01265	0.01104	0.01391	0.05054	0.16821	0.01219	0.01040	0.02303	0.45979	0.02061	0.04862	0.02354	0.01731	0.00767	0.00572	0.00185	0.00488	0.08088	0.00476	0.02240
24	0.01540	0.00970	0.01182	0.00866	0.01331	0.00771	0.00701	0.03494	0.01291	0.24210	0.01325	0.01348	0.00970	0.00489	0.00450	0.00109	0.00426	0.00393	0.00432	0.57702
25	0.01274	0.22390	0.22064	0.01128	0.03487	0.04444	0.01129	0.01600	0.01158	0.03134	0.00936	0.01083	0.00756	0.00464	0.00430	0.00121	0.00588	0.00346	0.00279	0.33187
26	0.08052	0.01386	0.01529	0.09260	0.01820	0.08424	0.06456	0.26277	0.21861	0.02418	0.01489	0.01549	0.02371	0.00650	0.00558	0.00172	0.02243	0.00519	0.02180	0.00786
27	0.01112	0.01052	0.08868	0.01024	0.01273	0.02530	0.00876	0.05315	0.21857	0.04944	0.05817	0.25076	0.02477	0.01139	0.00629	0.00203	0.00463	0.14189	0.00499	0.00656
28	0.01967	0.02615	0.07167	0.01415	0.01735	0.72962	0.01124	0.02144	0.01516	0.01363	0.00853	0.00995	0.00701	0.00559	0.00494	0.00143	0.00970	0.00355	0.00277	0.00645
29	0.00664	0.00474	0.00633	0.00759	0.00791	0.00443	0.00506	0.00759	0.01044	0.01392	0.03005	0.80485	0.03606	0.01708	0.00696	0.00221	0.00316	0.01550	0.00506	0.00443
30	0.02174	0.01365	0.01536	0.01177	0.01610	0.01450	0.00973	0.55878	0.02292	0.23563	0.01537	0.01457	0.01041	0.00660	0.00546	0.00165	0.00563	0.00506	0.00580	0.00927
31	0.01246	0.34386	0.45659	0.01324	0.01986	0.01629	0.03581	0.01689	0.01137	0.01548	0.00893	0.01048	0.00698	0.00496	0.00454	0.00150	0.00719	0.00365	0.00233	0.00761
32	0.61138	0.01035	0.00917	0.02135	0.01164	0.01162	0.00658	0.08639	0.01148	0.08531	0.01131	0.08231	0.00960	0.00643	0.00410	0.00173	0.00438	0.00451	0.00398	0.00637
33	0.84691	0.01054	0.00801	0.00717	0.01054	0.01223	0.00590	0.01603	0.00928	0.02446	0.00759	0.00886	0.00590	0.00506	0.00337	0.00169	0.00422	0.00295	0.00337	0.00590
34	0.00781	0.00577	0.00842	0.00842	0.00927	0.00663	0.00638	0.00951	0.00866	0.01240	0.01492	0.02317	0.01439	0.13509	0.69363	0.00834	0.01346	0.00610	0.00297	0.00468
35	0.01598	0.03974	0.01637	0.01446	0.04318	0.34515	0.01116	0.05709	0.01255	0.01451	0.00842	0.01142	0.00750	0.00856	0.03933	0.00210	0.33908	0.00423	0.00276	0.00638
36	0.00879	0.00628	0.00879	0.01004	0.01130	0.00628	0.00879	0.01130	0.01255	0.01632	0.02887	0.06150	0.03138	0.01506	0.00753	0.00251	0.00502	0.73770	0.00502	0.00502
37	0.00779	0.00584	0.00876	0.00876	0.00974	0.00681	0.00681	0.00974	0.00876	0.01266	0.01460	0.02142	0.01363	0.04089	0.78680	0.00876	0.01460	0.00584	0.00292	0.00487
38	0.03251	0.05602	0.03152	0.09940	0.14233	0.02761	0.07405	0.04321	0.04121	0.09077	0.01073	0.01364	0.00867	0.00765	0.02685	0.00207	0.27653	0.00491	0.00317	0.00715
39	0.01238	0.08324	0.27508	0.01946	0.02573	0.01405	0.45581	0.01731	0.01228	0.01703	0.01035	0.01319	0.00773	0.00479	0.00579	0.00175	0.00855	0.00537	0.00258	0.00755
40	0.00857	0.00612	0.00853	0.00979	0.01095	0.00609	0.00840	0.01092	0.01233	0.01607	0.02899	0.13765	0.03186	0.01527	0.00747	0.00248	0.00483	0.66371	0.00502	0.00496
41	0.00787	0.02777	0.08980	0.00787	0.00993	0.00638	0.00671	0.01063	0.04395	0.01732	0.26612	0.23571	0.22472	0.01240	0.00633	0.00187	0.00351	0.01079	0.00502	0.00532
42	0.01338	0.53916	0.27040	0.01194	0.03637	0.01848	0.01300	0.01664	0.01125	0.01438	0.00836	0.00976	0.00701	0.00484	0.00409	0.00136	0.00656	0.00332	0.00233	0.00738
43	0.00941	0.00657	0.06411	0.00789	0.00858	0.00553	0.00608	0.00812	0.00760	0.01037	0.01002	0.01670	0.00971	0.02018	0.09855	0.69435	0.00599	0.00480	0.00242	0.00304
44	0.00662	0.00482	0.00624	0.00738	0.00785	0.00445	0.00497	0.00762	0.01064	0.01400	0.03265	0.72703	0.11219	0.01674	0.00691	0.00218	0.00312	0.01509	0.00506	0.00445
45	0.62751	0.01065	0.00952	0.00805	0.01166	0.01176	0.00664	0.07248	0.01170	0.17059	0.01068	0.01104	0.00762	0.00550	0.00393	0.00168	0.00443	0.00358	0.00418	0.00680
46	0.01098	0.01081	0.01955	0.60409	0.08945	0.01247	0.14538	0.01475	0.01136	0.01483	0.00997	0.01449	0.00754	0.00526	0.00562	0.00181	0.00755	0.00513	0.00250	0.00647
47	0.01112	0.00944	0.01112	0.00822	0.01280	0.00719	0.00663	0.01355	0.01140	0.01766	0.01110	0.01499	0.00979	0.00485	0.00429	0.00093	0.00411	0.05723	0.00336	0.78022
48	0.22856	0.00843	0.00944	0.02714	0.01110	0.00848	0.00618	0.03355	0.01169	0.29650	0.03023	0.02163	0.01400	0.25684	0.01192	0.00281	0.00479	0.00565	0.00466	0.00639
49	0.01243	0.01263	0.01778	0.49270	0.23167	0.11065	0.01498	0.01567	0.01188	0.01489	0.00968	0.01366	0.00760	0.00531	0.00537	0.00171	0.00738	0.00468	0.00255	0.00678
50	0.21839	0.07854	0.01583	0.01426	0.12229	0.18639	0.01011	0.23575	0.03273	0.02302	0.01009	0.01122	0.00785	0.00561	0.00467	0.00156	0.00644	0.00399	0.00373	0.00752
51	0.00769	0.00556	0.00727	0.00687	0.00814	0.00513	0.00514	0.01023	0.01533	0.02170	0.75626	0.05645	0.05112	0.01127	0.00644	0.00172	0.00258	0.00998	0.00598	0.00513
52	0.01130	0.00969	0.01130	0.00807	0.01292	0.00727	0.00646	0.01373	0.01130	0.01776	0.00969	0.01130	0.00807	0.00404	0.00404	0.00081	0.00404	0.00323	0.00323	0.84173
53	0.01097	0.01367	0.14664	0.50966	0.08822	0.01248	0.11100	0.01515	0.01137	0.01523	0.00992	0.01397	0.00744	0.00525	0.00553	0.00179	0.00759	0.00491	0.00247	0.00675
54	0.01276	0.01395	0.04142	0.01918	0.02327	0.01429	0.47190	0.01850	0.13537	0.01749	0.01208	0.01502	0.00940	0.00603	0.00850	0.00194	0.16243	0.00601	0.00313	0.00731
55	0.01255	0.01108	0.08093	0.00913	0.01348	0.00838	0.00796	0.04064	0.05818	0.09656	0.08518	0.01695	0.02934	0.02607	0.00552	0.00132	0.01688	0.00471	0.00401	0.47114
56	0.00790	0.00594	0.00737	0.00720	0.00853	0.00568	0.00532	0.01115	0.07709	0.01989	0.51258	0.16800	0.11851	0.01209	0.00645	0.00182	0.00284	0.01066	0.00571	0.00526
57	0.03843	0.00932	0.01078	0.00811	0.01239	0.00736	0.00639	0.03196	0.01151	0.01798	0.01194	0.09833	0.01110	0.00557	0.00437	0.00101	0.00400	0.00461	0.00349	0.70135
58	0.01139	0.00954	0.01123	0.00844	0.01290	0.00751	0.00684	0.04018	0.01195	0.01821	0.01178	0.01651	0.01051	0.00526	0.00445	0.00101	0.00421	0.07854	0.00349	0.72608
59	0.00686	0.00490	0.00658	0.00784	0.00825	0.00462	0.00544	0.00797	0.01065	0.01416	0.02993	0.72869	0.03558	0.01687	0.00702	0.00224	0.00335	0.08949	0.00506	0.00449
60	0.04172	0.01423	0.15268	0.33742	0.31686	0.01254	0.01630	0.01567	0.01153	0.01638	0.00985	0.01340	0.00768	0.00516	0.00531	0.00172	0.00699	0.00464	0.00254	0.00739
61	0.00772	0.00557	0.00729	0.00686	0.00814	0.00514	0.00514	0.01029	0.01543	0.02186	0.77152	0.04072	0.05144	0.01115	0.00643	0.00171	0.00257	0.00986	0.00600	0.00514
62	0.16618	0.01432	0.01482	0.01154	0.01573	0.01591	0.00953	0.61207	0.02256	0.04678	0.01228	0.01245	0.00876	0.00629	0.00509	0.00165	0.00566	0.00458	0.00511	0.00868
63	0.00660	0.00551	0.00576	0.00574	0.00747	0.00466	0.00429	0.00812	0.01274	0.01558	0.14178	0.07010	0.66580	0.01357	0.00645	0.00184	0.00275	0.01141	0.00518	0.00466
64	0.08058	0.01422	0.01515	0.01163	0.01596	0.01538	0.00958	0.60972	0.02274	0.04825	0.01252	0.01272	0.00899	0.00618	0.00516	0.00156	0.00564	0.00461	0.00510	0.09431
