[name]
unknown

[dist]
# distance from previous block
# <min> <max>
17	88

[block]
# block no. 0 follows, 44 sequences, length 39
# corresponding to MSA columns:
# 158-188,192-199
name=unknown_A
#
# <colnr> <probs for GDERKNQSTAVLIFYWHMCP>
#	G	D	E	R	K	N	Q	S	T	A	V	L	I	F	Y	W	H	M	C	P
0	0.03579	0.00902	0.01220	0.22116	0.05324	0.00979	0.00933	0.03154	0.10225	0.03895	0.07036	0.10393	0.01649	0.09663	0.00857	0.00211	0.04685	0.00660	0.00379	0.12139
1	0.01182	0.01079	0.01438	0.36590	0.04682	0.06062	0.02182	0.04566	0.06505	0.03238	0.06931	0.01826	0.05450	0.00661	0.00609	0.00169	0.05069	0.00545	0.01421	0.09795
2	0.06005	0.01150	0.01526	0.38977	0.10914	0.06157	0.01247	0.05894	0.10493	0.05499	0.02863	0.01598	0.02726	0.00602	0.00533	0.00173	0.00635	0.00508	0.00345	0.02155
3	0.01358	0.01066	0.01340	0.19577	0.04864	0.02717	0.02169	0.19728	0.07390	0.05000	0.02526	0.03284	0.04587	0.09463	0.00813	0.01891	0.00562	0.00575	0.03831	0.07260
4	0.04842	0.01029	0.05612	0.04819	0.10034	0.02591	0.03049	0.09103	0.05855	0.01873	0.12086	0.17091	0.07322	0.01013	0.00721	0.06044	0.02417	0.00793	0.00421	0.03286
5	0.12109	0.01019	0.01354	0.15968	0.03161	0.01134	0.06028	0.13049	0.01319	0.01948	0.05952	0.04179	0.09746	0.00808	0.00743	0.03624	0.09693	0.00596	0.02241	0.05328
6	0.03877	0.00861	0.01198	0.04531	0.10395	0.00849	0.04987	0.06622	0.04479	0.07273	0.13635	0.19088	0.02242	0.00897	0.00562	0.00170	0.00437	0.00798	0.09645	0.07454
7	0.01328	0.00798	0.00890	0.00773	0.01006	0.03649	0.00605	0.08858	0.01482	0.16647	0.21164	0.02728	0.10297	0.00954	0.03162	0.00181	0.00403	0.00696	0.22066	0.02312
8	0.01609	0.01184	0.01509	0.14855	0.14928	0.05625	0.01113	0.14536	0.10311	0.16943	0.08058	0.01897	0.01468	0.00680	0.00558	0.00172	0.00573	0.02733	0.00461	0.00789
9	0.02067	0.01111	0.09132	0.01025	0.01440	0.00868	0.00907	0.07429	0.01526	0.55617	0.02073	0.11166	0.01522	0.00781	0.00563	0.00175	0.00491	0.00649	0.00600	0.00857
10	0.04304	0.03178	0.01313	0.01024	0.01389	0.07826	0.00829	0.26556	0.04778	0.21160	0.07230	0.02043	0.09800	0.00745	0.00541	0.00161	0.00516	0.00586	0.00528	0.05494
11	0.00748	0.00822	0.11719	0.00863	0.01006	0.00577	0.00716	0.00916	0.01039	0.01411	0.02564	0.57546	0.02986	0.10545	0.00909	0.00251	0.00418	0.04035	0.00446	0.00484
12	0.00733	0.00617	0.00795	0.00759	0.00934	0.00549	0.05722	0.00898	0.01208	0.01495	0.05877	0.12742	0.48963	0.05839	0.00784	0.00216	0.00368	0.10543	0.00482	0.00477
13	0.01250	0.01050	0.01122	0.01030	0.01284	0.01198	0.00787	0.02500	0.61571	0.02070	0.02183	0.02475	0.01789	0.12251	0.00883	0.00238	0.00449	0.04581	0.00520	0.00767
14	0.01908	0.17447	0.03650	0.01245	0.01615	0.38294	0.01024	0.16336	0.04862	0.07123	0.01070	0.01135	0.00831	0.00576	0.00482	0.00145	0.00767	0.00393	0.00361	0.00737
15	0.01680	0.01217	0.01371	0.01024	0.01481	0.01169	0.00837	0.35000	0.01818	0.09696	0.01234	0.01279	0.00913	0.00542	0.00481	0.00126	0.00498	0.00420	0.00457	0.38756
16	0.01589	0.57535	0.09242	0.01039	0.01515	0.08046	0.01028	0.03930	0.01234	0.09090	0.00940	0.01019	0.00771	0.00505	0.00402	0.00130	0.00623	0.00338	0.00290	0.00733
17	0.01681	0.25121	0.01825	0.01059	0.01435	0.01571	0.00912	0.34735	0.01737	0.07236	0.01198	0.01343	0.00944	0.01116	0.10703	0.05077	0.00690	0.00446	0.00410	0.00762
18	0.00792	0.00532	0.00611	0.00611	0.00616	0.00537	0.00350	0.00803	0.00798	0.01069	0.01703	0.03486	0.01947	0.76444	0.07123	0.00548	0.00582	0.00781	0.00328	0.00339
19	0.01189	0.08084	0.45734	0.01775	0.02464	0.01372	0.28219	0.01727	0.01196	0.01701	0.01007	0.01245	0.00740	0.00493	0.00551	0.00173	0.00830	0.00481	0.00247	0.00773
20	0.00772	0.00557	0.00729	0.00686	0.00814	0.00514	0.00514	0.01029	0.01543	0.02186	0.77152	0.04072	0.05144	0.01115	0.00643	0.00171	0.00257	0.00986	0.00600	0.00514
21	0.72720	0.01307	0.11858	0.00837	0.01241	0.01229	0.00794	0.01620	0.00960	0.02343	0.00791	0.00924	0.00605	0.00508	0.00363	0.00169	0.00477	0.00311	0.00322	0.00621
22	0.01057	0.00993	0.01657	0.70640	0.09126	0.01198	0.01490	0.01413	0.01103	0.01438	0.00973	0.01432	0.00740	0.00535	0.00539	0.00176	0.00708	0.00478	0.00248	0.04056
23	0.00769	0.00557	0.00695	0.00726	0.00806	0.00516	0.00487	0.00860	0.00978	0.01337	0.02319	0.42212	0.02693	0.26233	0.03799	0.00323	0.00436	0.03880	0.00424	0.09950
24	0.00679	0.00531	0.00619	0.00662	0.00785	0.00470	0.00482	0.00824	0.01215	0.01545	0.13659	0.30442	0.39457	0.01463	0.00667	0.00198	0.00299	0.05022	0.00518	0.00463
25	0.78921	0.01087	0.00860	0.00754	0.01099	0.01256	0.00622	0.06772	0.01042	0.02515	0.00798	0.00915	0.00614	0.00516	0.00352	0.00168	0.00434	0.00309	0.00352	0.00614
26	0.07506	0.01493	0.01508	0.01200	0.01601	0.06023	0.00977	0.54202	0.13391	0.04495	0.01397	0.01380	0.01010	0.00652	0.00530	0.00166	0.00582	0.00489	0.00520	0.00878
27	0.00816	0.00649	0.01048	0.00980	0.01111	0.00733	0.06167	0.01030	0.00906	0.01301	0.01434	0.02093	0.01324	0.03823	0.72955	0.00825	0.01421	0.00588	0.00291	0.00505
28	0.84691	0.01054	0.00801	0.00717	0.01054	0.01223	0.00590	0.01603	0.00928	0.02446	0.00759	0.00886	0.00590	0.00506	0.00337	0.00169	0.00422	0.00295	0.00337	0.00590
29	0.00790	0.00538	0.00644	0.00644	0.00661	0.00555	0.00392	0.00825	0.00807	0.01094	0.01673	0.03317	0.01873	0.67354	0.16113	0.00590	0.00692	0.00756	0.00324	0.00358
30	0.00835	0.00611	0.00812	0.00911	0.01041	0.00595	0.00777	0.01057	0.01234	0.01581	0.03286	0.05890	0.15653	0.04742	0.00818	0.00251	0.00465	0.58459	0.00496	0.00488
31	0.02037	0.02598	0.01545	0.01404	0.01685	0.78652	0.01053	0.02177	0.01545	0.01334	0.00843	0.00983	0.00702	0.00562	0.00492	0.00140	0.00983	0.00351	0.00281	0.00632
32	0.00709	0.00555	0.00641	0.00620	0.00776	0.00488	0.00465	0.00907	0.01394	0.01833	0.41663	0.04654	0.40853	0.01246	0.00644	0.00178	0.00267	0.01068	0.00554	0.00488
33	0.01458	0.01226	0.01319	0.01195	0.03658	0.01402	0.00911	0.13275	0.63696	0.02432	0.02054	0.01910	0.01535	0.00720	0.00553	0.00181	0.00462	0.00595	0.00545	0.00872
34	0.02031	0.01507	0.01613	0.01246	0.01675	0.01671	0.01026	0.71435	0.06817	0.03369	0.01361	0.01351	0.00970	0.00659	0.00546	0.00165	0.00590	0.00498	0.00546	0.00923
35	0.00837	0.00633	0.00900	0.00886	0.00998	0.00733	0.00685	0.02466	0.05255	0.01356	0.01511	0.02175	0.01396	0.06800	0.69793	0.00810	0.01349	0.00592	0.00313	0.00511
36	0.01968	0.01472	0.01578	0.01225	0.01649	0.01625	0.01006	0.65652	0.10240	0.03262	0.01393	0.01379	0.01000	0.00655	0.00542	0.00163	0.00576	0.00499	0.00539	0.03576
37	0.43520	0.01140	0.01095	0.00895	0.01277	0.01231	0.00733	0.17668	0.06104	0.11164	0.01149	0.01185	0.00839	0.00561	0.00427	0.00159	0.00463	0.00389	0.00433	0.09568
38	0.01083	0.00808	0.00929	0.00809	0.01012	0.00777	0.00581	0.14908	0.01257	0.01745	0.01733	0.18782	0.01840	0.28637	0.03097	0.00299	0.00489	0.00782	0.00405	0.20029

[dist]
# distance from previous block
# <min> <max>
0	22

[block]
# block no. 1 follows, 44 sequences, length 42
# corresponding to MSA columns:
# 234-272,274-276
name=unknown_B
#
# <colnr> <probs for GDERKNQSTAVLIFYWHMCP>
#	G	D	E	R	K	N	Q	S	T	A	V	L	I	F	Y	W	H	M	C	P
0	0.01474	0.58763	0.12679	0.01069	0.01555	0.09909	0.01085	0.03841	0.01209	0.01427	0.02235	0.00995	0.00788	0.00501	0.00398	0.00129	0.00649	0.00331	0.00254	0.00710
1	0.00814	0.00633	0.00748	0.00783	0.00932	0.00610	0.00608	0.03181	0.07613	0.01664	0.08676	0.22116	0.29487	0.01393	0.00671	0.00207	0.00360	0.18470	0.00517	0.00517
2	0.47646	0.03513	0.18765	0.02462	0.01495	0.06813	0.01004	0.01798	0.08552	0.02137	0.00965	0.01078	0.00734	0.00536	0.00416	0.00168	0.00561	0.00359	0.00326	0.00673
3	0.13796	0.01196	0.01896	0.40365	0.04587	0.03853	0.18917	0.05936	0.01218	0.01763	0.00986	0.01346	0.00744	0.00525	0.00535	0.00177	0.00726	0.00490	0.00284	0.00660
4	0.00704	0.00504	0.00645	0.00743	0.00790	0.00476	0.00509	0.00803	0.01040	0.01369	0.02971	0.55582	0.08575	0.14126	0.01025	0.00270	0.00365	0.08594	0.00478	0.00432
5	0.08699	0.01140	0.01752	0.39463	0.27726	0.01288	0.01437	0.08896	0.01272	0.01819	0.01003	0.01354	0.00780	0.00533	0.00525	0.00172	0.00661	0.00469	0.00290	0.00722
6	0.15455	0.00813	0.00902	0.00803	0.01031	0.00841	0.00621	0.06206	0.10776	0.09840	0.35056	0.05102	0.04830	0.04583	0.00664	0.00190	0.00364	0.00758	0.00536	0.00627
7	0.01225	0.01371	0.02960	0.02145	0.02644	0.01285	0.67996	0.01648	0.01263	0.01711	0.01292	0.09339	0.01104	0.00584	0.00649	0.00188	0.00859	0.00734	0.00299	0.00706
8	0.01403	0.62241	0.15663	0.01163	0.05156	0.03666	0.01156	0.01663	0.01131	0.01383	0.00810	0.00947	0.00706	0.00478	0.00391	0.00129	0.00633	0.00321	0.00235	0.00724
9	0.00759	0.00566	0.00712	0.00703	0.00843	0.00519	0.00546	0.00989	0.01435	0.01948	0.50464	0.04636	0.20738	0.01231	0.00659	0.00186	0.00297	0.11703	0.00565	0.00501
10	0.75141	0.01114	0.03748	0.06805	0.01311	0.01224	0.00715	0.01591	0.00949	0.02338	0.00783	0.00939	0.00605	0.00510	0.00360	0.00170	0.00460	0.00314	0.00326	0.00600
11	0.01111	0.06515	0.74471	0.01525	0.02314	0.01308	0.01963	0.01722	0.01149	0.01706	0.00968	0.01138	0.00691	0.00516	0.00510	0.00170	0.00795	0.00398	0.00230	0.00801
12	0.84691	0.01054	0.00801	0.00717	0.01054	0.01223	0.00590	0.01603	0.00928	0.02446	0.00759	0.00886	0.00590	0.00506	0.00337	0.00169	0.00422	0.00295	0.00337	0.00590
13	0.10483	0.04003	0.10950	0.02612	0.01783	0.09661	0.07710	0.29077	0.01754	0.12553	0.01224	0.01283	0.00873	0.00583	0.00514	0.00162	0.00654	0.00455	0.00429	0.03237
14	0.00772	0.00557	0.00729	0.00686	0.00814	0.00514	0.00514	0.01029	0.01543	0.02186	0.77152	0.04072	0.05144	0.01115	0.00643	0.00171	0.00257	0.00986	0.00600	0.00514
15	0.01437	0.01507	0.02217	0.02625	0.43669	0.12533	0.16321	0.01887	0.09017	0.01761	0.01137	0.01391	0.00915	0.00518	0.00555	0.00166	0.00729	0.00511	0.00302	0.00804
16	0.00766	0.00658	0.00669	0.00648	0.00853	0.00614	0.00491	0.01144	0.14118	0.01611	0.04957	0.04697	0.64285	0.01271	0.00629	0.00184	0.00303	0.01059	0.00515	0.00529
17	0.01030	0.00969	0.01635	0.79530	0.03755	0.01211	0.01514	0.01393	0.01090	0.01393	0.00969	0.01453	0.00727	0.00545	0.00545	0.00182	0.00727	0.00484	0.00242	0.00606
18	0.00662	0.00482	0.00625	0.00739	0.00785	0.00445	0.00497	0.00761	0.01064	0.01400	0.03256	0.72993	0.10936	0.01675	0.00691	0.00218	0.00312	0.01510	0.00506	0.00445
19	0.00779	0.00584	0.00876	0.00876	0.00974	0.00681	0.00681	0.00974	0.00876	0.01266	0.01460	0.02142	0.01363	0.04089	0.78680	0.00876	0.01460	0.00584	0.00292	0.00487
20	0.02773	0.07663	0.57095	0.01425	0.02118	0.01302	0.03069	0.01902	0.08674	0.07214	0.01170	0.01272	0.00836	0.00547	0.00512	0.00170	0.00724	0.00430	0.00297	0.00808
21	0.84691	0.01054	0.00801	0.00717	0.01054	0.01223	0.00590	0.01603	0.00928	0.02446	0.00759	0.00886	0.00590	0.00506	0.00337	0.00169	0.00422	0.00295	0.00337	0.00590
22	0.01020	0.00959	0.01608	0.77576	0.03680	0.01193	0.01487	0.01378	0.01094	0.01395	0.01082	0.01547	0.02619	0.00566	0.00548	0.00182	0.00716	0.00501	0.00249	0.00602
23	0.00715	0.00555	0.00650	0.00626	0.00780	0.00490	0.00470	0.00919	0.01410	0.01869	0.45295	0.04595	0.37199	0.01233	0.00644	0.00177	0.00266	0.01059	0.00558	0.00490
24	0.07658	0.00985	0.01147	0.00945	0.01271	0.01000	0.00759	0.15666	0.12691	0.27506	0.19249	0.02340	0.04811	0.00794	0.00559	0.00171	0.00427	0.00651	0.00586	0.00783
25	0.05144	0.01295	0.02607	0.21949	0.05689	0.01305	0.48735	0.01625	0.01213	0.01683	0.01090	0.03125	0.00851	0.00511	0.00601	0.00183	0.00824	0.00600	0.00275	0.00694
26	0.84691	0.01054	0.00801	0.00717	0.01054	0.01223	0.00590	0.01603	0.00928	0.02446	0.00759	0.00886	0.00590	0.00506	0.00337	0.00169	0.00422	0.00295	0.00337	0.00590
27	0.01228	0.01361	0.14407	0.01030	0.01563	0.00947	0.03144	0.08967	0.02604	0.01943	0.01031	0.01178	0.00815	0.00456	0.00447	0.00110	0.00508	0.00368	0.00332	0.57560
28	0.00799	0.00627	0.00921	0.19368	0.03696	0.00672	0.00759	0.00948	0.01011	0.01341	0.02176	0.43623	0.02465	0.12772	0.04335	0.02011	0.00505	0.01096	0.00397	0.00475
29	0.01171	0.01093	0.03280	0.32668	0.28988	0.01167	0.01437	0.04870	0.02689	0.01687	0.01357	0.02219	0.01214	0.00697	0.00578	0.00186	0.00651	0.13031	0.00316	0.00702
30	0.81578	0.01070	0.00891	0.00776	0.01121	0.01229	0.03386	0.01608	0.00941	0.02420	0.00772	0.00907	0.00599	0.00504	0.00349	0.00169	0.00440	0.00308	0.00335	0.00596
31	0.01402	0.01175	0.01245	0.01110	0.01425	0.01352	0.00866	0.04957	0.72589	0.04095	0.02191	0.02009	0.01636	0.00736	0.00554	0.00184	0.00437	0.00611	0.00557	0.00866
32	0.01208	0.01126	0.03312	0.30927	0.02471	0.01098	0.09619	0.09225	0.01284	0.01800	0.01020	0.01311	0.00789	0.00493	0.00502	0.00142	0.00615	0.00440	0.00308	0.32309
33	0.00931	0.00604	0.00764	0.00704	0.00872	0.00550	0.00535	0.01187	0.02927	0.09713	0.55852	0.05436	0.15604	0.01115	0.00633	0.00174	0.00285	0.00970	0.00591	0.00553
34	0.00733	0.00579	0.00659	0.00678	0.00816	0.00535	0.00496	0.00973	0.06306	0.01610	0.15862	0.21995	0.37604	0.04886	0.00748	0.00208	0.00313	0.03993	0.00517	0.00488
35	0.00771	0.00519	0.00601	0.00623	0.00628	0.00514	0.00360	0.00787	0.00836	0.01114	0.01938	0.16735	0.02260	0.67294	0.02419	0.00476	0.00492	0.00922	0.00360	0.00350
36	0.01349	0.01295	0.02213	0.03346	0.77440	0.01295	0.01673	0.01673	0.01241	0.01781	0.01025	0.01349	0.00864	0.00486	0.00540	0.00162	0.00648	0.00486	0.00270	0.00864
37	0.01058	0.00621	0.00821	0.00735	0.00913	0.00564	0.00564	0.01308	0.01546	0.15133	0.64313	0.03693	0.04494	0.01039	0.00627	0.00171	0.00293	0.00911	0.00613	0.00585
38	0.00779	0.00584	0.00876	0.00876	0.00974	0.00681	0.00681	0.00974	0.00876	0.01266	0.01460	0.02142	0.01363	0.04089	0.78680	0.00876	0.01460	0.00584	0.00292	0.00487
39	0.01130	0.00969	0.01130	0.00807	0.01292	0.00727	0.00646	0.01373	0.01130	0.01776	0.00969	0.01130	0.00807	0.00404	0.00404	0.00081	0.00404	0.00323	0.00323	0.84173
40	0.70448	0.00993	0.00814	0.00723	0.01033	0.01124	0.00580	0.01597	0.00960	0.07705	0.00954	0.01222	0.00783	0.08518	0.00595	0.00205	0.00435	0.00363	0.00361	0.00589
41	0.01358	0.01238	0.02230	0.13725	0.14884	0.01255	0.30408	0.05230	0.08812	0.07462	0.01396	0.01860	0.01110	0.00605	0.00599	0.00183	0.00718	0.05813	0.00356	0.00756

[dist]
# distance from previous block
# <min> <max>
0	1

[block]
# block no. 2 follows, 44 sequences, length 20
# corresponding to MSA columns:
# 278-297
name=unknown_C
#
# <colnr> <probs for GDERKNQSTAVLIFYWHMCP>
#	G	D	E	R	K	N	Q	S	T	A	V	L	I	F	Y	W	H	M	C	P
0	0.01962	0.00917	0.01172	0.00938	0.01290	0.00855	0.00760	0.08757	0.07030	0.49125	0.16224	0.02347	0.04556	0.00783	0.00569	0.00170	0.00429	0.00650	0.00635	0.00830
1	0.72052	0.01071	0.00915	0.05590	0.01267	0.01233	0.00679	0.05742	0.01051	0.05107	0.00852	0.00978	0.00644	0.00523	0.00369	0.00169	0.00452	0.00327	0.00355	0.00622
2	0.72527	0.01036	0.00870	0.00754	0.01104	0.01161	0.00622	0.01758	0.01021	0.13593	0.00965	0.01029	0.00703	0.00531	0.00369	0.00169	0.00428	0.00333	0.00387	0.00640
3	0.01346	0.01018	0.01155	0.02341	0.01277	0.03833	0.03202	0.24022	0.05889	0.06850	0.21426	0.04171	0.15839	0.04318	0.00687	0.00187	0.00457	0.00775	0.00527	0.00679
4	0.01090	0.09361	0.61935	0.01406	0.02099	0.01256	0.01750	0.01636	0.01183	0.01721	0.07205	0.01576	0.01156	0.00604	0.00523	0.00171	0.00729	0.03566	0.00272	0.00760
5	0.02331	0.00925	0.01245	0.00962	0.01366	0.00814	0.00792	0.05040	0.01593	0.70647	0.06722	0.01973	0.01568	0.00701	0.00554	0.00169	0.00456	0.00573	0.00666	0.00902
6	0.01494	0.76248	0.02775	0.00962	0.01417	0.06947	0.00940	0.01667	0.01135	0.01286	0.00763	0.00881	0.00700	0.00472	0.00359	0.00118	0.00608	0.00295	0.00236	0.00695
7	0.00989	0.00643	0.00876	0.00946	0.01086	0.00629	0.00789	0.03125	0.01291	0.07681	0.06938	0.19023	0.03135	0.01433	0.00715	0.00232	0.00454	0.48955	0.00523	0.00537
8	0.00862	0.00615	0.00859	0.00985	0.01103	0.00613	0.00849	0.01100	0.01238	0.01613	0.02896	0.12018	0.03175	0.01522	0.00748	0.00249	0.00487	0.68069	0.00502	0.00497
9	0.02446	0.00928	0.01265	0.00970	0.01392	0.00801	0.00801	0.02657	0.01560	0.77817	0.02151	0.01856	0.01350	0.00675	0.00548	0.00169	0.00464	0.00548	0.00675	0.00928
10	0.02038	0.00865	0.01151	0.00932	0.01277	0.00776	0.00749	0.04384	0.03878	0.57390	0.08862	0.11543	0.01955	0.00840	0.00575	0.00176	0.00431	0.00708	0.00640	0.00831
11	0.02037	0.02598	0.01545	0.01404	0.01685	0.78652	0.01053	0.02177	0.01545	0.01334	0.00843	0.00983	0.00702	0.00562	0.00492	0.00140	0.00983	0.00351	0.00281	0.00632
12	0.01093	0.02820	0.78016	0.01554	0.02360	0.01266	0.02014	0.01727	0.01151	0.01727	0.00978	0.01151	0.00691	0.00518	0.00518	0.00173	0.00806	0.00403	0.00230	0.00806
13	0.00664	0.00474	0.00633	0.00759	0.00791	0.00443	0.00506	0.00759	0.01044	0.01392	0.03005	0.80485	0.03606	0.01708	0.00696	0.00221	0.00316	0.01550	0.00506	0.00443
14	0.03578	0.04564	0.01537	0.12893	0.04067	0.44122	0.01070	0.09140	0.01523	0.05844	0.01267	0.01399	0.05459	0.00618	0.00511	0.00153	0.00801	0.00445	0.00336	0.00671
15	0.01982	0.01075	0.01279	0.01041	0.01418	0.01096	0.00841	0.11563	0.27927	0.40350	0.02063	0.01856	0.01410	0.00694	0.00546	0.00173	0.00464	0.00564	0.02765	0.00894
16	0.01193	0.01193	0.01670	0.01431	0.01431	0.01670	0.01193	0.01312	0.00835	0.01312	0.00716	0.01193	0.00716	0.00954	0.01789	0.00239	0.79843	0.00477	0.00239	0.00596
17	0.01896	0.00878	0.01137	0.00943	0.01270	0.00815	0.00758	0.06991	0.06443	0.47847	0.08101	0.11817	0.03609	0.00889	0.00585	0.00180	0.00434	0.03981	0.00621	0.00804
18	0.01033	0.00725	0.00822	0.00743	0.00849	0.00752	0.00504	0.15088	0.01253	0.01698	0.13815	0.03180	0.02275	0.50605	0.04071	0.00411	0.00524	0.00761	0.00414	0.00478
19	0.00669	0.00479	0.00628	0.00746	0.00780	0.00447	0.00495	0.00761	0.01039	0.01379	0.03023	0.74807	0.05734	0.05226	0.00787	0.00234	0.00325	0.01504	0.00498	0.00438

[dist]
# distance from previous block
# <min> <max>
4	12

[block]
# block no. 3 follows, 44 sequences, length 16
# corresponding to MSA columns:
# 311-326
name=unknown_D
#
# <colnr> <probs for GDERKNQSTAVLIFYWHMCP>
#	G	D	E	R	K	N	Q	S	T	A	V	L	I	F	Y	W	H	M	C	P
0	0.00899	0.00807	0.02434	0.00729	0.00908	0.07547	0.00550	0.01079	0.03494	0.04867	0.05906	0.17368	0.42770	0.07212	0.00789	0.00211	0.00390	0.01057	0.00478	0.00505
1	0.04400	0.00833	0.00903	0.00752	0.01026	0.00819	0.00592	0.14082	0.02990	0.05741	0.01511	0.01720	0.01185	0.02930	0.02855	0.00162	0.00408	0.00474	0.38946	0.17669
2	0.03985	0.03294	0.11238	0.01746	0.09869	0.01187	0.28213	0.03647	0.01282	0.11818	0.01173	0.01367	0.00870	0.00503	0.00563	0.00158	0.02141	0.00501	0.00338	0.16107
3	0.01868	0.02318	0.01570	0.01410	0.01635	0.63302	0.01081	0.02004	0.01403	0.01330	0.00817	0.01025	0.00705	0.00640	0.00750	0.00160	0.16708	0.00376	0.00272	0.00625
4	0.00657	0.00519	0.00593	0.00646	0.00762	0.00455	0.00457	0.00781	0.01167	0.01462	0.06877	0.37642	0.43029	0.01513	0.00666	0.00200	0.00293	0.01317	0.00509	0.00455
5	0.01275	0.01130	0.02042	0.01559	0.01933	0.01087	0.36082	0.11327	0.01452	0.06836	0.08668	0.15751	0.04661	0.00839	0.00636	0.00187	0.00647	0.02780	0.00422	0.00686
6	0.00858	0.00616	0.00739	0.00739	0.00865	0.00609	0.00533	0.01124	0.08556	0.04913	0.08726	0.19844	0.20701	0.15522	0.11379	0.00344	0.00513	0.02450	0.00467	0.00503
7	0.00683	0.00488	0.00655	0.00781	0.00821	0.00459	0.00540	0.00792	0.01063	0.01413	0.02994	0.73808	0.03564	0.01690	0.00701	0.00224	0.00333	0.08036	0.00506	0.00448
8	0.00713	0.00523	0.00689	0.00732	0.00818	0.00499	0.00524	0.00878	0.01203	0.01641	0.27197	0.38196	0.10641	0.01800	0.11031	0.00289	0.00445	0.01201	0.00508	0.00474
9	0.84691	0.01054	0.00801	0.00717	0.01054	0.01223	0.00590	0.01603	0.00928	0.02446	0.00759	0.00886	0.00590	0.00506	0.00337	0.00169	0.00422	0.00295	0.00337	0.00590
10	0.73115	0.01037	0.00867	0.00753	0.01102	0.01164	0.00620	0.01751	0.01017	0.13054	0.00955	0.01022	0.00697	0.00530	0.00367	0.00169	0.00428	0.00331	0.00385	0.00638
11	0.00793	0.00529	0.00595	0.00595	0.00595	0.00529	0.00330	0.00793	0.00793	0.01057	0.01718	0.03568	0.01982	0.80840	0.02775	0.00529	0.00529	0.00793	0.00330	0.00330
12	0.01119	0.02641	0.68081	0.01653	0.02425	0.01281	0.11769	0.01729	0.01169	0.01729	0.00995	0.01193	0.00709	0.00510	0.00535	0.00174	0.00821	0.00435	0.00236	0.00796
13	0.01356	0.01171	0.01233	0.01109	0.01418	0.01356	0.00863	0.02897	0.76455	0.02281	0.02219	0.02034	0.01664	0.00740	0.00555	0.00185	0.00431	0.00616	0.00555	0.00863
14	0.01408	0.01254	0.04368	0.09475	0.42904	0.01212	0.09886	0.01826	0.06536	0.10670	0.01411	0.01619	0.03801	0.00562	0.00557	0.00170	0.00640	0.00542	0.00343	0.00816
15	0.01265	0.01072	0.01147	0.01054	0.01321	0.01226	0.00811	0.02580	0.64643	0.02130	0.02253	0.06139	0.01842	0.06051	0.00715	0.00212	0.00435	0.03775	0.00535	0.00792

[dist]
# distance from previous block
# <min> <max>
1	1

[block]
# block no. 4 follows, 44 sequences, length 27
# corresponding to MSA columns:
# 353-379
name=unknown_E
#
# <colnr> <probs for GDERKNQSTAVLIFYWHMCP>
#	G	D	E	R	K	N	Q	S	T	A	V	L	I	F	Y	W	H	M	C	P
0	0.01093	0.02820	0.78016	0.01554	0.02360	0.01266	0.02014	0.01727	0.01151	0.01727	0.00978	0.01151	0.00691	0.00518	0.00518	0.00173	0.00806	0.00403	0.00230	0.00806
1	0.01287	0.01471	0.03217	0.02298	0.02849	0.01379	0.75460	0.01746	0.01287	0.01746	0.01103	0.01471	0.00827	0.00460	0.00643	0.00184	0.00919	0.00643	0.00276	0.00735
2	0.00947	0.00473	0.00710	0.00710	0.00710	0.00473	0.00473	0.00710	0.00710	0.00947	0.00947	0.01657	0.00947	0.01894	0.02131	0.84138	0.00473	0.00473	0.00237	0.00237
3	0.00664	0.00474	0.00633	0.00759	0.00791	0.00443	0.00506	0.00759	0.01044	0.01392	0.03005	0.80485	0.03606	0.01708	0.00696	0.00221	0.00316	0.01550	0.00506	0.00443
4	0.02201	0.00874	0.01183	0.00925	0.01306	0.00758	0.00757	0.02415	0.01549	0.66897	0.10837	0.02210	0.04032	0.00746	0.00562	0.00169	0.00435	0.00616	0.00661	0.00867
5	0.00803	0.00528	0.00591	0.00591	0.00596	0.00528	0.00333	0.00814	0.00809	0.01101	0.01720	0.03499	0.01956	0.77246	0.02668	0.00511	0.00516	0.00780	0.04074	0.00338
6	0.01030	0.00969	0.01635	0.79530	0.03755	0.01211	0.01514	0.01393	0.01090	0.01393	0.00969	0.01453	0.00727	0.00545	0.00545	0.00182	0.00727	0.00484	0.00242	0.00606
7	0.03916	0.50137	0.02287	0.01067	0.01455	0.25113	0.00943	0.03247	0.01252	0.01368	0.00831	0.01004	0.00745	0.02395	0.02113	0.00152	0.00717	0.00331	0.00260	0.00668
8	0.09258	0.48508	0.02210	0.01006	0.01375	0.08260	0.00916	0.06355	0.01191	0.01543	0.00984	0.01138	0.03319	0.00702	0.03412	0.00169	0.08336	0.00368	0.00279	0.00672
9	0.84691	0.01054	0.00801	0.00717	0.01054	0.01223	0.00590	0.01603	0.00928	0.02446	0.00759	0.00886	0.00590	0.00506	0.00337	0.00169	0.00422	0.00295	0.00337	0.00590
10	0.01328	0.01312	0.02161	0.10288	0.61028	0.04377	0.06358	0.01653	0.01242	0.01718	0.01115	0.01436	0.02492	0.00512	0.00547	0.00165	0.00678	0.00505	0.00273	0.00813
11	0.00946	0.08160	0.01065	0.00862	0.01019	0.00827	0.00687	0.02722	0.00989	0.05153	0.01698	0.02248	0.06200	0.06408	0.57667	0.00696	0.01196	0.00598	0.00327	0.00530
12	0.01926	0.01497	0.01532	0.01215	0.01614	0.05745	0.00989	0.58134	0.13676	0.03100	0.01438	0.01426	0.01043	0.00662	0.00538	0.00164	0.00583	0.00503	0.03328	0.00887
13	0.07677	0.00922	0.01214	0.00943	0.01348	0.00817	0.00777	0.02526	0.01519	0.70020	0.04981	0.01879	0.01448	0.00681	0.00538	0.00169	0.00453	0.00549	0.00650	0.00890
14	0.02426	0.00960	0.01285	0.00985	0.01408	0.00849	0.00814	0.06587	0.01614	0.73811	0.02105	0.01826	0.01327	0.00674	0.00548	0.00168	0.00471	0.00545	0.00668	0.00928
15	0.01458	0.81168	0.02857	0.00933	0.01399	0.02157	0.00933	0.01632	0.01108	0.01283	0.00758	0.00875	0.00700	0.00466	0.00350	0.00117	0.00583	0.00292	0.00233	0.00700
16	0.00780	0.00581	0.00862	0.00862	0.00954	0.00674	0.00663	0.00964	0.00872	0.01255	0.01473	0.02215	0.01395	0.08022	0.74790	0.00858	0.01413	0.00595	0.00294	0.00479
17	0.13063	0.00944	0.01205	0.00937	0.01348	0.00856	0.00774	0.02521	0.01479	0.68088	0.01971	0.01730	0.01252	0.00653	0.00521	0.00169	0.00458	0.00516	0.00631	0.00884
18	0.01351	0.01331	0.02187	0.08773	0.65853	0.04395	0.04784	0.01676	0.01244	0.01733	0.01017	0.01347	0.00846	0.00492	0.00543	0.00163	0.00678	0.00487	0.00269	0.00830
19	0.01050	0.00713	0.00821	0.00757	0.00971	0.00679	0.00586	0.04671	0.09967	0.11071	0.18644	0.07149	0.33089	0.02880	0.00672	0.00191	0.00346	0.04599	0.00549	0.00593
20	0.01736	0.00994	0.01248	0.01145	0.05833	0.01003	0.00866	0.07436	0.22498	0.32291	0.09401	0.02471	0.01922	0.00804	0.00578	0.00181	0.00459	0.07727	0.00584	0.00824
21	0.04222	0.01450	0.01558	0.01201	0.01624	0.01594	0.00991	0.67532	0.02423	0.07088	0.01352	0.01349	0.00955	0.00651	0.00535	0.00163	0.00577	0.00489	0.03341	0.00904
22	0.01143	0.02681	0.71091	0.01586	0.02365	0.01261	0.06710	0.01753	0.01171	0.03818	0.01019	0.01191	0.00718	0.00519	0.00527	0.00173	0.00804	0.00422	0.00245	0.00805
23	0.01602	0.03556	0.01806	0.19655	0.32573	0.03824	0.01339	0.05864	0.02724	0.19753	0.01302	0.01476	0.00955	0.00560	0.00536	0.00166	0.00625	0.00493	0.00379	0.00811
24	0.00990	0.00881	0.01095	0.01031	0.02792	0.04293	0.07165	0.01508	0.18627	0.01789	0.13236	0.14291	0.18922	0.01122	0.00635	0.00194	0.00438	0.09891	0.00495	0.00603
25	0.01876	0.01344	0.01468	0.01170	0.01550	0.01472	0.00949	0.56360	0.09287	0.07555	0.01627	0.09935	0.01310	0.00777	0.00563	0.00172	0.00545	0.00620	0.00550	0.00869
26	0.01307	0.01324	0.05903	0.18844	0.51118	0.01301	0.04840	0.05604	0.01279	0.01786	0.01030	0.01364	0.00828	0.00508	0.00545	0.00168	0.00681	0.00488	0.00277	0.00805

[dist]
# distance from previous block
# <min> <max>
1	7

[block]
# block no. 5 follows, 44 sequences, length 77
# corresponding to MSA columns:
# 387-421,423-464
name=unknown_F
#
# <colnr> <probs for GDERKNQSTAVLIFYWHMCP>
#	G	D	E	R	K	N	Q	S	T	A	V	L	I	F	Y	W	H	M	C	P
0	0.11627	0.09398	0.03556	0.08519	0.13777	0.07630	0.02658	0.13077	0.03530	0.03469	0.02891	0.05000	0.01147	0.00724	0.02274	0.00178	0.00615	0.03709	0.00362	0.05859
1	0.02896	0.00903	0.01040	0.00893	0.01088	0.02209	0.02535	0.21284	0.01450	0.05538	0.09381	0.05228	0.01974	0.32954	0.03225	0.00331	0.00543	0.03783	0.00442	0.02303
2	0.00939	0.00476	0.00705	0.00705	0.00705	0.00476	0.00466	0.00714	0.00714	0.00952	0.00985	0.01751	0.00998	0.05756	0.02162	0.80048	0.00476	0.00489	0.00241	0.00241
3	0.01978	0.10571	0.01678	0.01357	0.01656	0.70890	0.01041	0.02122	0.01501	0.01329	0.00834	0.00972	0.00702	0.00552	0.00477	0.00138	0.00943	0.00345	0.00276	0.00639
4	0.01141	0.00989	0.01264	0.13897	0.04599	0.00855	0.00840	0.03533	0.01164	0.01750	0.00993	0.01221	0.00813	0.00524	0.02271	0.00122	0.00497	0.00367	0.00313	0.62849
5	0.00791	0.00538	0.00641	0.00641	0.00657	0.00554	0.00388	0.00823	0.00807	0.01091	0.01675	0.03333	0.01880	0.68221	0.15255	0.00586	0.00682	0.00758	0.00324	0.00356
6	0.01291	0.28906	0.46498	0.01315	0.01971	0.03239	0.01563	0.03224	0.02630	0.03336	0.00959	0.01091	0.00732	0.00512	0.00463	0.00153	0.00716	0.00374	0.00255	0.00773
7	0.01196	0.01207	0.02255	0.16534	0.23925	0.01207	0.28538	0.01585	0.02976	0.01693	0.03227	0.06730	0.01137	0.00587	0.00586	0.00174	0.00712	0.00622	0.00301	0.04807
8	0.10867	0.12753	0.36001	0.01194	0.01767	0.01260	0.01333	0.01919	0.05178	0.17247	0.04577	0.01401	0.01061	0.00579	0.00488	0.00164	0.00619	0.00442	0.00366	0.00782
9	0.01066	0.01260	0.09811	0.09569	0.02256	0.01088	0.36543	0.01445	0.01204	0.01652	0.08219	0.07771	0.03503	0.01120	0.10705	0.00274	0.00836	0.00707	0.00322	0.00648
10	0.01210	0.00993	0.01265	0.01396	0.15005	0.01033	0.00923	0.01965	0.31098	0.05036	0.03764	0.08082	0.05409	0.00981	0.03900	0.00208	0.00500	0.07558	0.00464	0.09212
11	0.00697	0.00542	0.00621	0.00660	0.00784	0.00485	0.00485	0.00832	0.01176	0.01475	0.08413	0.21067	0.41794	0.09073	0.00872	0.00232	0.00334	0.09513	0.00494	0.00452
12	0.01272	0.01454	0.11967	0.04719	0.58344	0.01252	0.05534	0.01633	0.01219	0.01744	0.01119	0.05204	0.00970	0.00550	0.00550	0.00168	0.00668	0.00535	0.00276	0.00823
13	0.00996	0.00919	0.01462	0.64790	0.03214	0.02598	0.01333	0.01314	0.01094	0.01407	0.01279	0.12862	0.01157	0.00715	0.00562	0.00185	0.00661	0.00636	0.02234	0.00580
14	0.01079	0.01019	0.01724	0.67800	0.15101	0.01224	0.01539	0.01436	0.01113	0.01453	0.00978	0.01437	0.00748	0.00536	0.00544	0.00179	0.00715	0.00485	0.00246	0.00645
15	0.01082	0.00994	0.01675	0.58791	0.08610	0.01182	0.05262	0.01444	0.02661	0.03019	0.01140	0.05627	0.00938	0.00690	0.02214	0.00198	0.03009	0.00555	0.00276	0.00631
16	0.01070	0.00989	0.02282	0.03196	0.01155	0.11174	0.00727	0.08167	0.01181	0.01495	0.02000	0.04514	0.12514	0.14027	0.30741	0.00494	0.02714	0.00675	0.00354	0.00531
17	0.00791	0.00535	0.00627	0.00627	0.00638	0.00546	0.00370	0.00813	0.00802	0.01081	0.01688	0.03405	0.01911	0.72067	0.11452	0.00568	0.00635	0.00769	0.00326	0.00348
18	0.00741	0.00556	0.00686	0.00654	0.00796	0.00501	0.00490	0.00970	0.01471	0.02015	0.59967	0.04354	0.22436	0.01178	0.00643	0.00174	0.00262	0.01025	0.00578	0.00501
19	0.00828	0.00682	0.00745	0.00729	0.00911	0.00669	0.00545	0.01296	0.18310	0.01753	0.15303	0.15330	0.38372	0.01243	0.00631	0.00188	0.00314	0.01063	0.00532	0.00557
20	0.01328	0.01296	0.02072	0.15292	0.60912	0.04579	0.01604	0.01676	0.02834	0.01711	0.01034	0.01365	0.00852	0.00504	0.00539	0.00165	0.00670	0.00483	0.00272	0.00813
21	0.00686	0.00504	0.00647	0.00755	0.00813	0.00472	0.00521	0.00822	0.02590	0.01430	0.03266	0.66902	0.11821	0.01642	0.00690	0.00218	0.00323	0.04934	0.00507	0.00456
22	0.00681	0.00482	0.00628	0.00737	0.00765	0.00454	0.00483	0.00764	0.01010	0.01347	0.02833	0.70209	0.03389	0.12280	0.00974	0.00262	0.00345	0.01449	0.00483	0.00428
23	0.01347	0.01513	0.02235	0.21582	0.02628	0.16804	0.30930	0.01671	0.01223	0.01510	0.00979	0.01352	0.00776	0.00652	0.02660	0.00198	0.10495	0.00523	0.00264	0.00659
24	0.82328	0.03329	0.00860	0.00723	0.01064	0.01250	0.00600	0.01603	0.00933	0.02413	0.00759	0.00885	0.00594	0.00505	0.00338	0.00167	0.00426	0.00295	0.00334	0.00594
25	0.01962	0.00874	0.01130	0.00907	0.01260	0.00791	0.00735	0.04130	0.06775	0.53188	0.11622	0.02491	0.10037	0.00809	0.00571	0.00172	0.00420	0.00670	0.00636	0.00822
26	0.00824	0.00594	0.00777	0.00865	0.00973	0.00581	0.00709	0.01011	0.01165	0.01503	0.03033	0.08972	0.12496	0.14976	0.01080	0.00288	0.00469	0.48747	0.00474	0.00465
27	0.01537	0.01433	0.01665	0.20464	0.12582	0.14666	0.05089	0.20962	0.04901	0.02069	0.01208	0.03239	0.00953	0.00606	0.00533	0.00165	0.00683	0.00504	0.06005	0.00737
28	0.84691	0.01054	0.00801	0.00717	0.01054	0.01223	0.00590	0.01603	0.00928	0.02446	0.00759	0.00886	0.00590	0.00506	0.00337	0.00169	0.00422	0.00295	0.00337	0.00590
29	0.00670	0.00479	0.00638	0.00755	0.00792	0.00447	0.00507	0.00773	0.01070	0.01433	0.06859	0.76512	0.03686	0.01677	0.00693	0.00219	0.00313	0.01521	0.00511	0.00447
30	0.02113	0.00916	0.01203	0.00948	0.01317	0.00832	0.00772	0.09161	0.01640	0.57490	0.13736	0.03851	0.01948	0.00764	0.00566	0.00170	0.00441	0.00633	0.00647	0.00853
31	0.00833	0.00648	0.00910	0.00883	0.00944	0.00770	0.00665	0.00972	0.00856	0.01228	0.01456	0.04109	0.01468	0.20722	0.50080	0.00702	0.11352	0.00639	0.00299	0.00465
32	0.00841	0.00610	0.00830	0.00944	0.01068	0.00599	0.00808	0.01070	0.01239	0.01600	0.03149	0.11183	0.10321	0.01508	0.00739	0.00243	0.00467	0.61784	0.00503	0.00494
33	0.01193	0.01193	0.01670	0.01431	0.01431	0.01670	0.01193	0.01312	0.00835	0.01312	0.00716	0.01193	0.00716	0.00954	0.01789	0.00239	0.79843	0.00477	0.00239	0.00596
34	0.01694	0.49852	0.02340	0.01084	0.01498	0.18474	0.00971	0.11175	0.01400	0.04518	0.00899	0.00996	0.00754	0.00526	0.00435	0.00132	0.01889	0.00342	0.00300	0.00721
35	0.01413	0.01566	0.01613	0.10527	0.01768	0.24164	0.01179	0.01568	0.01074	0.01327	0.00798	0.01181	0.00726	0.00856	0.02840	0.00216	0.45884	0.00443	0.00252	0.00606
36	0.09887	0.56370	0.10647	0.01028	0.01487	0.06498	0.01034	0.01658	0.01108	0.01453	0.00785	0.00926	0.00688	0.00503	0.00438	0.00135	0.04101	0.00316	0.00247	0.00691
37	0.01023	0.00954	0.01603	0.76185	0.03643	0.01186	0.01487	0.01382	0.01097	0.01403	0.01051	0.01654	0.00829	0.00586	0.00554	0.00185	0.00717	0.03607	0.00253	0.00601
38	0.00664	0.00474	0.00633	0.00759	0.00791	0.00443	0.00506	0.00759	0.01044	0.01392	0.03005	0.80485	0.03606	0.01708	0.00696	0.00221	0.00316	0.01550	0.00506	0.00443
39	0.01193	0.01193	0.01670	0.01431	0.01431	0.01670	0.01193	0.01312	0.00835	0.01312	0.00716	0.01193	0.00716	0.00954	0.01789	0.00239	0.79843	0.00477	0.00239	0.00596
40	0.01287	0.01471	0.03217	0.02298	0.02849	0.01379	0.75460	0.01746	0.01287	0.01746	0.01103	0.01471	0.00827	0.00460	0.00643	0.00184	0.00919	0.00643	0.00276	0.00735
41	0.02072	0.01527	0.01636	0.01254	0.01691	0.01691	0.01036	0.75622	0.02563	0.03436	0.01309	0.01309	0.00927	0.00654	0.00545	0.00164	0.00600	0.00491	0.00545	0.00927
42	0.00668	0.00480	0.00635	0.00750	0.00790	0.00446	0.00504	0.00771	0.01070	0.01428	0.06231	0.75225	0.05632	0.01674	0.00692	0.00218	0.00313	0.01515	0.00510	0.00446
43	0.84691	0.01054	0.00801	0.00717	0.01054	0.01223	0.00590	0.01603	0.00928	0.02446	0.00759	0.00886	0.00590	0.00506	0.00337	0.00169	0.00422	0.00295	0.00337	0.00590
44	0.01130	0.00969	0.01130	0.00807	0.01292	0.00727	0.00646	0.01373	0.01130	0.01776	0.00969	0.01130	0.00807	0.00404	0.00404	0.00081	0.00404	0.00323	0.00323	0.84173
45	0.02116	0.01144	0.01357	0.01059	0.01447	0.01157	0.00859	0.31516	0.05191	0.38714	0.01784	0.01785	0.01247	0.07163	0.00728	0.00197	0.00522	0.00548	0.00590	0.00876
46	0.02072	0.01527	0.01636	0.01254	0.01691	0.01691	0.01036	0.75622	0.02563	0.03436	0.01309	0.01309	0.00927	0.00654	0.00545	0.00164	0.00600	0.00491	0.00545	0.00927
47	0.00731	0.00556	0.00673	0.00643	0.00790	0.00497	0.00483	0.00951	0.01448	0.01960	0.54411	0.04445	0.28026	0.01199	0.00643	0.00175	0.00263	0.01038	0.00570	0.00497
48	0.00818	0.00609	0.00744	0.00691	0.00847	0.00568	0.00523	0.05044	0.01541	0.02116	0.59175	0.04149	0.18846	0.01141	0.00638	0.00173	0.00280	0.00991	0.00579	0.00526
49	0.00666	0.00481	0.00631	0.00746	0.00789	0.00446	0.00501	0.00768	0.01068	0.01419	0.05243	0.74361	0.07518	0.01674	0.00692	0.00218	0.00313	0.01513	0.00509	0.00446
50	0.02037	0.02598	0.01545	0.01404	0.01685	0.78652	0.01053	0.02177	0.01545	0.01334	0.00843	0.00983	0.00702	0.00562	0.00492	0.00140	0.00983	0.00351	0.00281	0.00632
51	0.01356	0.01171	0.01233	0.01109	0.01418	0.01356	0.00863	0.02897	0.76455	0.02281	0.02219	0.02034	0.01664	0.00740	0.00555	0.00185	0.00431	0.00616	0.00555	0.00863
52	0.00843	0.00657	0.00760	0.00721	0.00923	0.00598	0.00564	0.01152	0.07409	0.03300	0.23576	0.04367	0.34353	0.01176	0.00628	0.00180	0.00327	0.10239	0.00522	0.07704
53	0.01541	0.00977	0.04892	0.02848	0.03212	0.00881	0.00838	0.13504	0.02887	0.25432	0.27640	0.04295	0.02677	0.00877	0.00593	0.00175	0.00441	0.04982	0.00571	0.00735
54	0.01109	0.06158	0.74814	0.01527	0.02319	0.01304	0.01968	0.01723	0.01149	0.01708	0.00969	0.01139	0.00691	0.00516	0.00511	0.00170	0.00796	0.00398	0.00230	0.00801
55	0.01218	0.01162	0.01976	0.34555	0.47255	0.01261	0.01608	0.01558	0.01179	0.01622	0.01002	0.01392	0.00808	0.00510	0.00542	0.00170	0.00680	0.00485	0.00259	0.00758
56	0.01335	0.45085	0.33828	0.01212	0.01809	0.05423	0.01385	0.01697	0.01146	0.01468	0.00853	0.00994	0.00696	0.00492	0.00426	0.00141	0.00694	0.00340	0.00234	0.00740
57	0.17177	0.00913	0.01127	0.00896	0.01273	0.00849	0.00734	0.02302	0.01444	0.56565	0.09433	0.01903	0.01593	0.00688	0.00520	0.00169	0.00435	0.00546	0.00606	0.00825
58	0.01653	0.00900	0.01171	0.08286	0.01493	0.00867	0.00824	0.08392	0.04930	0.33274	0.08199	0.02521	0.08185	0.00946	0.03913	0.00201	0.00507	0.06020	0.00541	0.07175
59	0.00779	0.00584	0.00876	0.00876	0.00974	0.00681	0.00681	0.00974	0.00876	0.01266	0.01460	0.02142	0.01363	0.04089	0.78680	0.00876	0.01460	0.00584	0.00292	0.00487
60	0.00667	0.00477	0.00635	0.00757	0.00791	0.00445	0.00506	0.00766	0.01056	0.01411	0.04852	0.78581	0.03644	0.01693	0.00695	0.00220	0.00315	0.01536	0.00508	0.00445
61	0.00838	0.00799	0.04518	0.00745	0.00938	0.04676	0.00600	0.01123	0.04715	0.01885	0.42388	0.05776	0.26687	0.01135	0.00627	0.00176	0.00337	0.00971	0.00532	0.00532
62	0.01234	0.00966	0.01141	0.00820	0.01300	0.00733	0.00658	0.01473	0.01164	0.07735	0.01062	0.01187	0.00850	0.00425	0.00415	0.00088	0.00408	0.00341	0.00351	0.77650
63	0.01113	0.01079	0.01904	0.60600	0.06440	0.01264	0.12933	0.03372	0.01158	0.01514	0.00994	0.01442	0.00753	0.00542	0.00591	0.00182	0.02709	0.00509	0.00256	0.00644
64	0.00663	0.00480	0.00627	0.00745	0.00787	0.00444	0.00500	0.00761	0.01058	0.01397	0.03183	0.75171	0.08804	0.01685	0.00692	0.00219	0.00313	0.01522	0.00506	0.00444
65	0.01030	0.00969	0.01635	0.79530	0.03755	0.01211	0.01514	0.01393	0.01090	0.01393	0.00969	0.01453	0.00727	0.00545	0.00545	0.00182	0.00727	0.00484	0.00242	0.00606
66	0.01458	0.81168	0.02857	0.00933	0.01399	0.02157	0.00933	0.01632	0.01108	0.01283	0.00758	0.00875	0.00700	0.00466	0.00350	0.00117	0.00583	0.00292	0.00233	0.00700
67	0.00670	0.00477	0.00631	0.00752	0.00782	0.00447	0.00498	0.00761	0.01033	0.01377	0.02948	0.77101	0.03534	0.05189	0.00787	0.00235	0.00326	0.01517	0.00498	0.00438
68	0.02419	0.00971	0.01292	0.00990	0.01413	0.00865	0.00818	0.07880	0.01632	0.72492	0.02091	0.01816	0.01319	0.00673	0.00548	0.00168	0.00474	0.00544	0.00666	0.00928
69	0.00793	0.00529	0.00595	0.00595	0.00595	0.00529	0.00330	0.00793	0.00793	0.01057	0.01718	0.03568	0.01982	0.80840	0.02775	0.00529	0.00529	0.00793	0.00330	0.00330
70	0.02094	0.01435	0.01568	0.01205	0.01633	0.01561	0.00995	0.65464	0.02415	0.12133	0.01418	0.01389	0.00987	0.00656	0.00542	0.00163	0.00577	0.00498	0.02351	0.00918
71	0.00927	0.00617	0.00795	0.00729	0.00889	0.00580	0.00554	0.01248	0.05481	0.07816	0.67636	0.03800	0.04679	0.01062	0.00631	0.00172	0.00282	0.00934	0.00603	0.00563
72	0.01505	0.74773	0.02753	0.00967	0.01423	0.06120	0.00942	0.03808	0.01173	0.01348	0.00778	0.00893	0.00706	0.00477	0.00363	0.00119	0.00604	0.00300	0.00245	0.00703
73	0.00690	0.00557	0.00616	0.00610	0.00776	0.00483	0.00463	0.00867	0.01327	0.01680	0.25484	0.04957	0.53758	0.01312	0.00649	0.00183	0.00281	0.04299	0.00532	0.00477
74	0.17740	0.01111	0.01538	0.46077	0.02798	0.01310	0.04393	0.15309	0.01342	0.01997	0.00997	0.01315	0.00742	0.00554	0.00508	0.00176	0.00651	0.00455	0.00319	0.00668
75	0.00910	0.00795	0.04700	0.00914	0.01084	0.00777	0.00747	0.04960	0.01027	0.01458	0.01625	0.05472	0.03375	0.10803	0.43379	0.00593	0.04515	0.04842	0.00332	0.07693
76	0.06280	0.01456	0.01664	0.01275	0.01710	0.01585	0.06366	0.59444	0.06165	0.03131	0.01298	0.01328	0.00935	0.00626	0.00536	0.00163	0.00596	0.00491	0.00506	0.04444

[dist]
# distance from previous block
# <min> <max>
4	33

[block]
# block no. 6 follows, 44 sequences, length 101
# corresponding to MSA columns:
# 498-571,576-602
name=unknown_G
#
# <colnr> <probs for GDERKNQSTAVLIFYWHMCP>
#	G	D	E	R	K	N	Q	S	T	A	V	L	I	F	Y	W	H	M	C	P
0	0.56871	0.01231	0.01047	0.04887	0.02775	0.09153	0.00755	0.06598	0.01175	0.09780	0.00957	0.01057	0.00711	0.00540	0.00402	0.00166	0.00515	0.00352	0.00372	0.00656
1	0.03118	0.01048	0.01299	0.03435	0.06822	0.02870	0.03765	0.06271	0.21400	0.19334	0.03938	0.05389	0.09269	0.00784	0.00560	0.00172	0.00479	0.02492	0.00506	0.07050
2	0.00683	0.00489	0.00640	0.00748	0.00787	0.00455	0.00496	0.00775	0.01027	0.01376	0.02868	0.73217	0.03429	0.07427	0.00841	0.00241	0.00334	0.01469	0.00489	0.02209
3	0.02083	0.01448	0.01579	0.01218	0.01647	0.01581	0.01004	0.64739	0.05523	0.11404	0.01437	0.01398	0.01003	0.00660	0.00546	0.00165	0.00578	0.00502	0.00560	0.00925
4	0.01213	0.13954	0.61817	0.01457	0.02190	0.01376	0.03655	0.01756	0.01167	0.05149	0.01004	0.01152	0.00726	0.00516	0.00498	0.00165	0.00761	0.00400	0.00252	0.00794
5	0.69196	0.04404	0.01171	0.00910	0.01280	0.01265	0.08947	0.01655	0.00997	0.04861	0.00844	0.00983	0.00647	0.00505	0.00379	0.00168	0.00485	0.00342	0.00338	0.00622
6	0.00664	0.00474	0.00633	0.00759	0.00791	0.00443	0.00506	0.00759	0.01044	0.01392	0.03005	0.80485	0.03606	0.01708	0.00696	0.00221	0.00316	0.01550	0.00506	0.00443
7	0.00947	0.00473	0.00710	0.00710	0.00710	0.00473	0.00473	0.00710	0.00710	0.00947	0.00947	0.01657	0.00947	0.01894	0.02131	0.84138	0.00473	0.00473	0.00237	0.00237
8	0.01093	0.00973	0.01621	0.74182	0.03595	0.01206	0.01476	0.01443	0.01103	0.04563	0.01011	0.01463	0.00752	0.00561	0.00578	0.00183	0.02829	0.00487	0.00260	0.00619
9	0.01030	0.00969	0.01635	0.79530	0.03755	0.01211	0.01514	0.01393	0.01090	0.01393	0.00969	0.01453	0.00727	0.00545	0.00545	0.00182	0.00727	0.00484	0.00242	0.00606
10	0.02446	0.00928	0.01265	0.00970	0.01392	0.00801	0.00801	0.02657	0.01560	0.77817	0.02151	0.01856	0.01350	0.00675	0.00548	0.00169	0.00464	0.00548	0.00675	0.00928
11	0.01851	0.01338	0.01474	0.02741	0.03768	0.02905	0.00974	0.43650	0.17831	0.11116	0.01694	0.04252	0.02440	0.00713	0.00553	0.00171	0.00546	0.00567	0.00541	0.00876
12	0.03365	0.00943	0.01213	0.04228	0.01422	0.00907	0.00820	0.10055	0.06635	0.45576	0.12700	0.02319	0.01921	0.00775	0.00569	0.00175	0.00459	0.04485	0.00609	0.00823
