[name]
unknown

[dist]
# distance from previous block
# <min> <max>
4	40

[block]
# block no. 0 follows, 42 sequences, length 22
# corresponding to MSA columns:
# 41-62
name=unknown_A
#
# <colnr> <probs for GDERKNQSTAVLIFYWHMCP>
#	G	D	E	R	K	N	Q	S	T	A	V	L	I	F	Y	W	H	M	C	P
0	0.05302	0.10424	0.01678	0.01148	0.01574	0.01468	0.02605	0.37504	0.03964	0.22882	0.01535	0.01555	0.01097	0.03948	0.00630	0.00182	0.00572	0.00511	0.00538	0.00885
1	0.00950	0.00642	0.00733	0.00692	0.00887	0.00576	0.00520	0.01190	0.05160	0.10376	0.18479	0.09421	0.42105	0.04810	0.00751	0.00204	0.00326	0.01066	0.00556	0.00556
2	0.14813	0.18278	0.05649	0.01316	0.01701	0.04567	0.15308	0.01786	0.05305	0.07896	0.01334	0.02620	0.04562	0.00662	0.00691	0.00177	0.11771	0.00510	0.00343	0.00711
3	0.12549	0.10686	0.50151	0.01513	0.04634	0.01392	0.06490	0.01740	0.01172	0.01848	0.02398	0.01206	0.00802	0.00534	0.00503	0.00172	0.00745	0.00419	0.00265	0.00781
4	0.00881	0.00639	0.00699	0.00675	0.00878	0.00563	0.00518	0.04042	0.01359	0.07192	0.07089	0.10233	0.56798	0.01363	0.00663	0.00194	0.00327	0.04814	0.00540	0.00533
5	0.01160	0.00766	0.00927	0.00899	0.01077	0.00768	0.00667	0.09450	0.10609	0.10754	0.06846	0.42660	0.07012	0.01338	0.00660	0.00207	0.00390	0.02621	0.00559	0.00631
6	0.03100	0.18292	0.35243	0.04807	0.02258	0.04527	0.15779	0.01740	0.01201	0.01668	0.00984	0.01215	0.00758	0.00535	0.00570	0.00169	0.03934	0.00445	0.02014	0.00759
7	0.05471	0.01644	0.01590	0.04751	0.01778	0.13077	0.01052	0.49030	0.08732	0.05273	0.01349	0.01372	0.00979	0.00658	0.00547	0.00168	0.00657	0.00490	0.00504	0.00876
8	0.00924	0.00562	0.00838	0.00827	0.00865	0.00620	0.00599	0.00859	0.00802	0.01115	0.01163	0.01875	0.01126	0.02750	0.30131	0.49631	0.04162	0.00531	0.00266	0.00355
9	0.05505	0.14255	0.01688	0.01176	0.01563	0.27129	0.00959	0.11011	0.04699	0.24633	0.01378	0.01351	0.00991	0.00616	0.00505	0.00156	0.00692	0.00441	0.00452	0.00800
10	0.54182	0.01097	0.01184	0.06745	0.01508	0.01203	0.06634	0.04032	0.01158	0.14001	0.01094	0.01204	0.00792	0.00557	0.00431	0.00175	0.00508	0.00400	0.02410	0.00685
11	0.00818	0.00546	0.00614	0.00614	0.00614	0.00546	0.00341	0.00818	0.00818	0.01091	0.01773	0.03683	0.02046	0.80222	0.02864	0.00546	0.00546	0.00818	0.00341	0.00341
12	0.01064	0.00569	0.00585	0.00568	0.00701	0.00574	0.00420	0.04151	0.01221	0.02076	0.04277	0.02271	0.01602	0.07346	0.00616	0.00169	0.00300	0.00565	0.70396	0.00526
13	0.04185	0.10601	0.01497	0.02617	0.01467	0.04214	0.00879	0.20505	0.08588	0.22924	0.05679	0.05647	0.04499	0.00880	0.03109	0.00195	0.00559	0.00609	0.00530	0.00814
14	0.01673	0.00934	0.01108	0.00949	0.01244	0.00940	0.00744	0.10711	0.16817	0.27403	0.05259	0.12777	0.03722	0.02177	0.00610	0.00186	0.00429	0.00747	0.10786	0.00783
15	0.01594	0.01213	0.01311	0.01114	0.01451	0.01353	0.00884	0.22387	0.42343	0.06515	0.08227	0.02062	0.01782	0.00764	0.00569	0.00180	0.00471	0.00624	0.04292	0.00866
16	0.01371	0.16751	0.32485	0.01600	0.04122	0.09073	0.14096	0.05040	0.01301	0.01716	0.01128	0.01321	0.03120	0.00571	0.00582	0.00169	0.04044	0.00466	0.00276	0.00768
17	0.05636	0.01412	0.10150	0.01238	0.04608	0.01263	0.01054	0.30187	0.03887	0.24553	0.03183	0.01787	0.03686	0.03985	0.00652	0.00189	0.00571	0.00553	0.00534	0.00873
18	0.00697	0.00498	0.00664	0.00786	0.00826	0.00466	0.00533	0.00807	0.01109	0.01485	0.06856	0.74127	0.03791	0.01726	0.00717	0.00227	0.00328	0.03366	0.00527	0.00462
19	0.00695	0.00508	0.00645	0.00742	0.00799	0.00468	0.00500	0.00802	0.01116	0.01469	0.06939	0.62027	0.13541	0.05910	0.00824	0.00238	0.00330	0.01474	0.00517	0.00457
20	0.20056	0.02942	0.01567	0.01571	0.15244	0.16773	0.03986	0.10306	0.04639	0.08427	0.01169	0.01306	0.00898	0.00596	0.00549	0.00167	0.03899	0.00445	0.04704	0.00755
21	0.63853	0.12310	0.01168	0.00804	0.01165	0.01395	0.00682	0.03533	0.04673	0.02364	0.03230	0.01084	0.00834	0.00552	0.00376	0.00167	0.00459	0.00348	0.00358	0.00645

[dist]
# distance from previous block
# <min> <max>
1	9

[block]
# block no. 1 follows, 42 sequences, length 52
# corresponding to MSA columns:
# 76-105,126-147
name=unknown_B
#
# <colnr> <probs for GDERKNQSTAVLIFYWHMCP>
#	G	D	E	R	K	N	Q	S	T	A	V	L	I	F	Y	W	H	M	C	P
0	0.01063	0.00640	0.00849	0.00842	0.03329	0.00592	0.00590	0.01255	0.01375	0.13595	0.35981	0.17623	0.06625	0.10581	0.02294	0.00243	0.00379	0.01014	0.00560	0.00570
1	0.37899	0.01594	0.19161	0.03506	0.03320	0.03630	0.01094	0.08939	0.02832	0.09009	0.03482	0.01272	0.00925	0.00583	0.00464	0.00174	0.00579	0.00416	0.00381	0.00739
2	0.01582	0.09596	0.01601	0.04173	0.03730	0.01172	0.04205	0.13580	0.01487	0.15358	0.01550	0.01613	0.05811	0.00615	0.00557	0.00142	0.03778	0.00487	0.00427	0.28534
3	0.01228	0.20455	0.41689	0.12250	0.02460	0.01524	0.09537	0.01714	0.01184	0.01631	0.00970	0.01201	0.00735	0.00520	0.00512	0.00167	0.00780	0.00428	0.00245	0.00770
4	0.00774	0.00527	0.00627	0.00671	0.00682	0.00516	0.00402	0.00807	0.00905	0.01207	0.02218	0.29199	0.02607	0.53940	0.02145	0.00439	0.00472	0.01080	0.00402	0.00380
5	0.01213	0.00670	0.00869	0.00773	0.00987	0.00599	0.00600	0.01446	0.01537	0.20920	0.45030	0.05729	0.13536	0.01097	0.00643	0.00181	0.00329	0.02590	0.00621	0.00629
6	0.01780	0.01265	0.01448	0.01206	0.04491	0.01300	0.00945	0.38890	0.05815	0.09864	0.01562	0.03385	0.01234	0.00706	0.00548	0.00160	0.00537	0.05287	0.02999	0.16577
7	0.01122	0.01046	0.01575	0.06469	0.03130	0.01283	0.08493	0.03627	0.01100	0.01585	0.11281	0.06249	0.01686	0.08680	0.03552	0.00269	0.37242	0.00677	0.00337	0.00598
8	0.00940	0.00605	0.00793	0.00733	0.00890	0.00553	0.00554	0.01192	0.01569	0.08735	0.65646	0.06778	0.06562	0.01140	0.00657	0.00179	0.00287	0.01003	0.00620	0.00564
9	0.01544	0.01212	0.04048	0.08478	0.10660	0.01341	0.05267	0.07685	0.01277	0.16952	0.01248	0.01513	0.00968	0.00949	0.05591	0.00242	0.27616	0.00525	0.02133	0.00752
10	0.03769	0.10604	0.01504	0.01108	0.01457	0.15581	0.00894	0.17317	0.20034	0.08102	0.01921	0.01878	0.08362	0.00726	0.00529	0.00165	0.00584	0.00554	0.04128	0.00783
11	0.00686	0.00490	0.00653	0.00784	0.00816	0.00457	0.00522	0.00784	0.01077	0.01437	0.03102	0.79855	0.03722	0.01763	0.00718	0.00229	0.00326	0.01600	0.00522	0.00457
12	0.01084	0.00577	0.00607	0.03628	0.00817	0.00592	0.00461	0.03668	0.01225	0.02118	0.01787	0.02051	0.01400	0.00653	0.00405	0.00135	0.00293	0.00523	0.77433	0.00542
13	0.03571	0.01514	0.08510	0.07278	0.42637	0.06218	0.01505	0.07638	0.06012	0.07871	0.01222	0.01427	0.00945	0.00559	0.00549	0.00170	0.00672	0.00494	0.00349	0.00858
14	0.01183	0.01175	0.01573	0.13470	0.01786	0.05793	0.01186	0.01355	0.00957	0.01366	0.00965	0.04232	0.00928	0.01314	0.10694	0.00310	0.50307	0.00540	0.00266	0.00600
15	0.70577	0.01241	0.00961	0.04875	0.01307	0.08332	0.00713	0.03256	0.01061	0.02385	0.00815	0.00963	0.00635	0.00533	0.00379	0.00172	0.00509	0.00324	0.00342	0.00622
16	0.00694	0.00493	0.00650	0.00773	0.00803	0.00463	0.00511	0.00786	0.01061	0.01414	0.03016	0.74946	0.03614	0.06819	0.00857	0.00249	0.00341	0.01549	0.00511	0.00450
17	0.03515	0.06543	0.07149	0.03857	0.04479	0.06205	0.09091	0.06914	0.03235	0.25073	0.01465	0.03182	0.01087	0.00764	0.02472	0.00197	0.10976	0.00535	0.02467	0.00793
18	0.09327	0.01534	0.04174	0.01231	0.01671	0.01638	0.01038	0.60000	0.06532	0.03280	0.01445	0.01445	0.02747	0.00680	0.00546	0.00171	0.00593	0.00509	0.00532	0.00907
19	0.00686	0.00490	0.00653	0.00784	0.00816	0.00457	0.00522	0.00784	0.01077	0.01437	0.03102	0.79855	0.03722	0.01763	0.00718	0.00229	0.00326	0.01600	0.00522	0.00457
20	0.00874	0.00601	0.00763	0.00734	0.00877	0.00554	0.00545	0.02808	0.01493	0.05533	0.50459	0.17809	0.12298	0.01258	0.00667	0.00187	0.00297	0.01108	0.00594	0.00542
21	0.01116	0.01452	0.15750	0.28416	0.02850	0.01227	0.24392	0.01536	0.01210	0.01644	0.04038	0.07249	0.02968	0.00670	0.00643	0.00191	0.03014	0.00650	0.00298	0.00685
22	0.01483	0.63577	0.05661	0.01211	0.01712	0.04393	0.11993	0.01723	0.01186	0.01414	0.00846	0.01008	0.00742	0.00485	0.00417	0.00134	0.00675	0.00361	0.00249	0.00730
23	0.01130	0.01089	0.01578	0.01369	0.01411	0.01464	0.03638	0.01281	0.00892	0.01361	0.00972	0.03233	0.00955	0.01684	0.18230	0.00386	0.57922	0.00547	0.00266	0.00593
24	0.00814	0.00544	0.00615	0.00619	0.00620	0.00543	0.00347	0.00817	0.00826	0.01102	0.01814	0.06035	0.02098	0.77800	0.02798	0.00536	0.00539	0.00843	0.00347	0.00345
25	0.00699	0.00498	0.00646	0.00758	0.00793	0.00467	0.00500	0.00788	0.01057	0.01403	0.03050	0.69186	0.06057	0.10092	0.00945	0.00261	0.00348	0.01503	0.00503	0.00445
26	0.03313	0.01147	0.01892	0.38487	0.09444	0.01316	0.12796	0.07739	0.01271	0.01765	0.01087	0.01492	0.00846	0.00670	0.02250	0.00201	0.07862	0.00524	0.05209	0.00688
27	0.01884	0.01203	0.03003	0.02702	0.01504	0.01224	0.00909	0.37446	0.01997	0.20162	0.05089	0.06653	0.01481	0.00876	0.03033	0.00195	0.00553	0.00615	0.08631	0.00840
28	0.00690	0.00505	0.00649	0.00752	0.00811	0.00464	0.00511	0.00804	0.01135	0.01498	0.08003	0.65759	0.12985	0.01682	0.00708	0.00220	0.00317	0.01512	0.00528	0.00464
29	0.01161	0.02685	0.65299	0.01729	0.02518	0.01326	0.13860	0.01786	0.01211	0.01786	0.01031	0.01242	0.00736	0.00525	0.00556	0.00180	0.00851	0.00456	0.00245	0.00820
30	0.06065	0.07460	0.52654	0.03496	0.02311	0.01337	0.11156	0.01725	0.01209	0.01815	0.04885	0.01359	0.00963	0.00555	0.00536	0.00176	0.00777	0.00467	0.00270	0.00782
31	0.01549	0.01038	0.01131	0.00987	0.01294	0.03381	0.00769	0.03890	0.34693	0.21155	0.02830	0.04575	0.15269	0.04006	0.00679	0.00199	0.00447	0.00738	0.00576	0.00794
32	0.00818	0.00546	0.00614	0.00614	0.00614	0.00546	0.00341	0.00818	0.00818	0.01091	0.01773	0.03683	0.02046	0.80222	0.02864	0.00546	0.00546	0.00818	0.00341	0.00341
33	0.01184	0.04611	0.46270	0.11176	0.09623	0.06196	0.01745	0.01679	0.01216	0.01682	0.01258	0.04586	0.02792	0.00639	0.00551	0.00179	0.00767	0.02808	0.00274	0.00764
34	0.01413	0.01275	0.01823	0.31283	0.25071	0.05637	0.02849	0.10709	0.05853	0.04294	0.01316	0.01592	0.03216	0.00600	0.00564	0.00177	0.00687	0.00528	0.00342	0.00772
35	0.08096	0.04213	0.01587	0.04220	0.03452	0.58067	0.01074	0.07591	0.03713	0.01664	0.00947	0.01087	0.00767	0.00583	0.00501	0.00152	0.00899	0.00383	0.00320	0.00685
36	0.55832	0.01051	0.00986	0.00829	0.01195	0.01133	0.00679	0.04282	0.01194	0.23841	0.01241	0.01294	0.00886	0.02859	0.00489	0.00185	0.00457	0.00401	0.00455	0.00712
37	0.01746	0.00843	0.01102	0.02810	0.01268	0.00774	0.00733	0.06838	0.01641	0.39588	0.27981	0.02883	0.07540	0.00896	0.00606	0.00176	0.00409	0.00756	0.00639	0.00771
38	0.01669	0.01317	0.03078	0.10368	0.13132	0.01390	0.01145	0.38617	0.03510	0.05010	0.01492	0.09528	0.01263	0.03142	0.00644	0.00187	0.00600	0.00625	0.00466	0.02817
39	0.03644	0.01347	0.04299	0.25131	0.39588	0.04348	0.03317	0.06033	0.03548	0.01836	0.01081	0.01412	0.00858	0.00542	0.00554	0.00174	0.00702	0.00496	0.00297	0.00795
40	0.00810	0.00542	0.00616	0.00625	0.00627	0.00540	0.00353	0.00816	0.00835	0.01113	0.01859	0.08592	0.02154	0.75166	0.02726	0.00525	0.00531	0.00869	0.00353	0.00348
41	0.00978	0.00489	0.00733	0.00733	0.00733	0.00489	0.00489	0.00733	0.00733	0.00978	0.00978	0.01711	0.00978	0.01955	0.02199	0.83627	0.00489	0.00489	0.00244	0.00244
42	0.01322	0.01244	0.02150	0.29583	0.07349	0.01356	0.23791	0.12477	0.01410	0.01910	0.01180	0.03834	0.00937	0.00612	0.00663	0.00186	0.05108	0.00585	0.03582	0.00722
43	0.01184	0.06261	0.01804	0.01425	0.01524	0.01553	0.07675	0.01355	0.00929	0.01384	0.00910	0.01405	0.00863	0.01466	0.14796	0.00347	0.53730	0.00515	0.00259	0.00616
44	0.00814	0.00544	0.00615	0.00619	0.00620	0.00543	0.00346	0.00817	0.00826	0.01102	0.01813	0.05981	0.02097	0.77855	0.02800	0.00536	0.00539	0.00842	0.00346	0.00344
45	0.01406	0.51291	0.20369	0.01175	0.01683	0.01920	0.01255	0.01693	0.01132	0.03089	0.00863	0.01030	0.00737	0.00557	0.00578	0.00150	0.09725	0.00356	0.00251	0.00741
46	0.05359	0.06774	0.01364	0.00953	0.01394	0.05900	0.00783	0.03632	0.01410	0.32582	0.03632	0.01524	0.01168	0.00577	0.00487	0.00135	0.00495	0.00450	0.00486	0.30894
47	0.00806	0.00595	0.00863	0.00863	0.00949	0.00681	0.00651	0.00978	0.00892	0.01276	0.01546	0.02422	0.01499	0.15130	0.67208	0.00853	0.01369	0.00634	0.00307	0.00479
48	0.01717	0.05056	0.03798	0.06175	0.01633	0.01397	0.00980	0.39752	0.03513	0.06952	0.01429	0.01600	0.01084	0.03088	0.05622	0.00224	0.03000	0.00517	0.11659	0.00804
49	0.01667	0.25701	0.13032	0.01459	0.06983	0.28055	0.01249	0.06498	0.01388	0.01588	0.00897	0.01071	0.00750	0.00576	0.00580	0.00153	0.06958	0.00381	0.00281	0.00732
50	0.03632	0.00946	0.01085	0.01080	0.07824	0.05770	0.00743	0.08460	0.01518	0.14452	0.24420	0.04872	0.12686	0.09026	0.00835	0.00213	0.00456	0.00802	0.00524	0.00656
51	0.01950	0.01438	0.06335	0.01361	0.06110	0.07983	0.05463	0.23533	0.01835	0.25992	0.08208	0.01749	0.01432	0.00677	0.00567	0.00168	0.00608	0.00556	0.00525	0.03509

[dist]
# distance from previous block
# <min> <max>
1	14

[block]
# block no. 2 follows, 42 sequences, length 37
# corresponding to MSA columns:
# 164-200
name=unknown_C
#
# <colnr> <probs for GDERKNQSTAVLIFYWHMCP>
#	G	D	E	R	K	N	Q	S	T	A	V	L	I	F	Y	W	H	M	C	P
0	0.00872	0.00708	0.02670	0.00722	0.00948	0.00584	0.00569	0.01110	0.02687	0.02975	0.20608	0.11917	0.27076	0.01129	0.00605	0.00171	0.00331	0.03137	0.07115	0.14067
1	0.01232	0.03916	0.28225	0.08838	0.02683	0.01416	0.34909	0.01720	0.01216	0.01710	0.01037	0.01363	0.00783	0.00549	0.00710	0.00189	0.07946	0.00540	0.00261	0.00758
2	0.03092	0.14242	0.34742	0.05921	0.05225	0.01459	0.14689	0.05289	0.01284	0.03391	0.02254	0.01365	0.02142	0.00558	0.00558	0.00172	0.02069	0.00479	0.00288	0.00782
3	0.00951	0.00612	0.00767	0.00713	0.00887	0.00547	0.00540	0.01175	0.01497	0.10293	0.48281	0.08360	0.20846	0.01196	0.00656	0.00182	0.00297	0.01038	0.00601	0.00561
4	0.00691	0.00500	0.00650	0.00768	0.00813	0.00464	0.00517	0.00792	0.01089	0.01438	0.03257	0.71329	0.08996	0.03699	0.00769	0.00234	0.00332	0.02688	0.00518	0.00456
5	0.04577	0.00923	0.01176	0.00992	0.01210	0.01024	0.06594	0.15759	0.01397	0.02181	0.01474	0.01777	0.01183	0.01178	0.11529	0.00267	0.09389	0.00531	0.36201	0.00639
6	0.06708	0.01431	0.04955	0.15548	0.42988	0.09190	0.01495	0.03337	0.01306	0.01816	0.04162	0.01500	0.02011	0.00565	0.00545	0.00170	0.00687	0.00501	0.00301	0.00782
7	0.02377	0.01072	0.01362	0.01057	0.01486	0.01012	0.00869	0.13733	0.07676	0.59948	0.02094	0.01844	0.01353	0.00699	0.00566	0.00175	0.00498	0.00563	0.00666	0.00952
8	0.00686	0.00490	0.00653	0.00784	0.00816	0.00457	0.00522	0.00784	0.01077	0.01437	0.03102	0.79855	0.03722	0.01763	0.00718	0.00229	0.00326	0.01600	0.00522	0.00457
9	0.01177	0.04536	0.64366	0.01864	0.13462	0.01333	0.02000	0.01772	0.01201	0.01780	0.01012	0.01212	0.00740	0.00528	0.00534	0.00175	0.00802	0.00426	0.00244	0.00838
10	0.01178	0.13130	0.67521	0.01520	0.02305	0.01428	0.01932	0.01769	0.01182	0.01722	0.00980	0.01151	0.00714	0.00528	0.00512	0.00171	0.00801	0.00401	0.00238	0.00817
11	0.00696	0.00591	0.00603	0.00597	0.00787	0.00508	0.00449	0.00893	0.03673	0.01591	0.09854	0.05237	0.69811	0.01388	0.00662	0.00189	0.00289	0.01160	0.00530	0.00492
12	0.01684	0.01178	0.01247	0.01018	0.01345	0.01293	0.00821	0.41462	0.10943	0.02916	0.01627	0.01692	0.01212	0.00679	0.00507	0.00159	0.00478	0.00528	0.28406	0.00804
13	0.01111	0.00819	0.00952	0.00912	0.01090	0.00838	0.00684	0.21997	0.01573	0.02079	0.04478	0.43168	0.12188	0.01387	0.00668	0.00207	0.00412	0.04294	0.00536	0.00607
14	0.01144	0.02541	0.61185	0.01678	0.05952	0.01313	0.04990	0.01715	0.01190	0.01772	0.04244	0.01345	0.00928	0.00593	0.00651	0.00184	0.07052	0.00463	0.00259	0.00801
15	0.01351	0.01293	0.02191	0.05734	0.71119	0.01297	0.01666	0.01678	0.01276	0.01812	0.01257	0.01570	0.04143	0.00543	0.00562	0.00169	0.00655	0.00531	0.00288	0.00865
16	0.07958	0.01471	0.05524	0.03848	0.08379	0.04531	0.39027	0.06592	0.01379	0.07923	0.01251	0.04607	0.00986	0.00589	0.00643	0.00185	0.03386	0.00610	0.00346	0.00765
17	0.00917	0.00739	0.00986	0.04347	0.04201	0.03905	0.00749	0.01103	0.00959	0.01349	0.01473	0.02260	0.01398	0.13378	0.52913	0.00712	0.03123	0.00606	0.04372	0.00513
18	0.01308	0.01459	0.02995	0.02189	0.02642	0.01485	0.59672	0.01711	0.01233	0.01711	0.01057	0.01459	0.00830	0.00579	0.00906	0.00201	0.16926	0.00629	0.00277	0.00730
19	0.01146	0.06576	0.73797	0.01574	0.02389	0.01350	0.02027	0.01778	0.01186	0.01761	0.00999	0.01175	0.00713	0.00532	0.00526	0.00175	0.00821	0.00410	0.00238	0.00827
20	0.01352	0.01386	0.05911	0.09699	0.66953	0.01328	0.01731	0.01706	0.01264	0.01802	0.01051	0.01392	0.00871	0.00508	0.00556	0.00169	0.00683	0.00497	0.00274	0.00866
21	0.01085	0.00571	0.00579	0.00562	0.00701	0.00578	0.00420	0.04454	0.01226	0.02111	0.01812	0.02144	0.01451	0.04556	0.00522	0.00153	0.00292	0.00538	0.75713	0.00534
22	0.00696	0.00505	0.00657	0.00758	0.00814	0.00466	0.00516	0.00815	0.01149	0.01532	0.11202	0.65775	0.09695	0.01670	0.00708	0.00220	0.00317	0.01504	0.00533	0.00466
23	0.01148	0.00868	0.01036	0.00982	0.01132	0.00941	0.00731	0.20489	0.04518	0.02010	0.02360	0.46377	0.02599	0.04752	0.00854	0.00226	0.06707	0.01150	0.00505	0.00615
24	0.00980	0.00705	0.00877	0.00920	0.03309	0.00678	0.00705	0.06954	0.01393	0.04971	0.09549	0.13262	0.24501	0.04551	0.00780	0.00227	0.00420	0.24134	0.00525	0.00558
25	0.00696	0.00497	0.00658	0.00774	0.00813	0.00464	0.00518	0.00802	0.01103	0.01479	0.07621	0.73178	0.03777	0.03762	0.00771	0.00234	0.00328	0.01543	0.00524	0.00459
26	0.01015	0.00642	0.00814	0.00748	0.00919	0.00595	0.00563	0.01299	0.04543	0.11163	0.51623	0.06985	0.10802	0.04861	0.00754	0.00198	0.00316	0.00977	0.00601	0.00580
27	0.01240	0.04453	0.01758	0.06804	0.01661	0.03248	0.05094	0.01413	0.00958	0.01443	0.00870	0.01316	0.00801	0.00873	0.01489	0.00223	0.58366	0.00494	0.06875	0.00622
28	0.05272	0.00964	0.01238	0.00972	0.01360	0.00884	0.00787	0.07010	0.03309	0.60276	0.02071	0.01993	0.01398	0.07031	0.00737	0.00203	0.00486	0.00574	0.02551	0.00884
29	0.00696	0.00500	0.00654	0.00773	0.00813	0.00467	0.00519	0.00795	0.01079	0.01430	0.03149	0.71364	0.06767	0.05385	0.00817	0.00242	0.00339	0.03244	0.00514	0.00454
30	0.01298	0.01683	0.12702	0.02232	0.02807	0.01422	0.61923	0.01779	0.01288	0.01779	0.01103	0.01462	0.00830	0.00506	0.00703	0.00191	0.04627	0.00624	0.00277	0.00762
31	0.01974	0.01458	0.01716	0.01326	0.01754	0.01579	0.06889	0.58650	0.03962	0.06213	0.01495	0.03555	0.01134	0.00716	0.00578	0.00175	0.00617	0.02750	0.02557	0.00903
32	0.00983	0.00743	0.00978	0.00901	0.01028	0.00839	0.00693	0.04708	0.01026	0.01526	0.01441	0.02167	0.01354	0.14223	0.38169	0.00576	0.10625	0.00585	0.09971	0.07464
33	0.01363	0.03230	0.23833	0.14845	0.21133	0.05081	0.09401	0.01786	0.01273	0.07715	0.01200	0.01581	0.00937	0.00580	0.00567	0.00178	0.00754	0.03447	0.00306	0.00791
34	0.05867	0.32644	0.26895	0.01390	0.01961	0.01661	0.12892	0.01692	0.01158	0.01614	0.00947	0.01165	0.00768	0.00696	0.04306	0.00195	0.02733	0.00415	0.00256	0.00744
35	0.06626	0.09905	0.03784	0.09900	0.08014	0.11046	0.13083	0.18906	0.04634	0.02154	0.01160	0.01353	0.00892	0.00574	0.00527	0.00165	0.00704	0.00483	0.05320	0.00768
36	0.01391	0.01171	0.01318	0.01401	0.13333	0.07213	0.00934	0.18313	0.10598	0.03873	0.05228	0.11432	0.12405	0.04454	0.00707	0.00201	0.00532	0.04292	0.00480	0.00724

[dist]
# distance from previous block
# <min> <max>
2	8

[block]
# block no. 3 follows, 42 sequences, length 52
# corresponding to MSA columns:
# 212-263
name=unknown_D
#
# <colnr> <probs for GDERKNQSTAVLIFYWHMCP>
#	G	D	E	R	K	N	Q	S	T	A	V	L	I	F	Y	W	H	M	C	P
0	0.01665	0.01067	0.01235	0.00986	0.01328	0.01063	0.00779	0.27631	0.01717	0.17073	0.01833	0.03849	0.05669	0.12713	0.05873	0.00262	0.00581	0.00608	0.00501	0.13568
1	0.04406	0.37115	0.12694	0.01314	0.07826	0.07182	0.03440	0.03753	0.01273	0.03951	0.05643	0.06715	0.01247	0.00640	0.00476	0.00152	0.00632	0.00497	0.00318	0.00728
2	0.04612	0.19558	0.03766	0.01117	0.01513	0.01514	0.02616	0.18127	0.15965	0.13766	0.03238	0.01671	0.01259	0.00680	0.00560	0.00167	0.03370	0.02250	0.03427	0.00822
3	0.03118	0.11198	0.28151	0.01264	0.03500	0.01285	0.02533	0.03745	0.11942	0.03660	0.01412	0.01592	0.02274	0.01030	0.09380	0.00253	0.03552	0.00492	0.08872	0.00746
4	0.07620	0.01214	0.06315	0.46492	0.05703	0.01304	0.01374	0.12361	0.04906	0.01934	0.03037	0.01589	0.02581	0.00615	0.00549	0.00182	0.00672	0.00515	0.00334	0.00703
5	0.01521	0.04909	0.01294	0.01007	0.01300	0.06345	0.00810	0.26642	0.01902	0.08448	0.30738	0.02657	0.06358	0.00890	0.00625	0.00171	0.02380	0.00724	0.00552	0.00728
6	0.01357	0.05091	0.05411	0.03097	0.01510	0.10273	0.02690	0.15255	0.02861	0.01798	0.01226	0.01655	0.01068	0.04678	0.26693	0.00437	0.13375	0.00522	0.00340	0.00662
7	0.00733	0.00506	0.00666	0.00778	0.00830	0.00468	0.00525	0.00837	0.01103	0.03442	0.03219	0.73767	0.07597	0.01717	0.00711	0.00225	0.00328	0.01550	0.00527	0.00471
8	0.00883	0.00637	0.00744	0.00760	0.00836	0.00646	0.00517	0.03321	0.07636	0.01463	0.04235	0.19410	0.06866	0.40142	0.01757	0.00379	0.00470	0.08396	0.00441	0.00463
9	0.02076	0.01432	0.01579	0.01209	0.01654	0.01526	0.00995	0.58532	0.02378	0.12197	0.03164	0.01470	0.01100	0.00668	0.00554	0.00163	0.00578	0.00512	0.00562	0.07652
10	0.01239	0.01175	0.01965	0.33344	0.43223	0.01277	0.01598	0.01618	0.03295	0.01683	0.01215	0.01581	0.03220	0.00562	0.00563	0.00177	0.00683	0.00526	0.00283	0.00772
11	0.00806	0.00597	0.00872	0.00872	0.00962	0.00686	0.00663	0.00984	0.00895	0.01283	0.01537	0.02374	0.01478	0.12636	0.69674	0.00865	0.01401	0.00627	0.00306	0.00485
12	0.01305	0.01468	0.03129	0.07766	0.02938	0.01425	0.65982	0.01755	0.01292	0.01755	0.01110	0.01503	0.00841	0.00505	0.00713	0.00192	0.04654	0.00644	0.00280	0.00743
13	0.00869	0.00614	0.00778	0.00843	0.00923	0.00606	0.00590	0.08989	0.01237	0.01650	0.02784	0.64942	0.03248	0.01649	0.00787	0.04964	0.00373	0.03141	0.00511	0.00502
14	0.00923	0.00665	0.00835	0.00891	0.01057	0.00640	0.00743	0.02927	0.03434	0.04343	0.03715	0.09757	0.25026	0.01454	0.00722	0.00230	0.00437	0.41136	0.00529	0.00539
15	0.00784	0.00566	0.00741	0.00716	0.00838	0.00523	0.00530	0.01031	0.01536	0.02166	0.68297	0.12580	0.05134	0.01218	0.00670	0.00183	0.00272	0.01082	0.00609	0.00523
16	0.02158	0.01547	0.01671	0.01281	0.01731	0.01702	0.01058	0.71408	0.02597	0.07043	0.01392	0.01378	0.00978	0.00677	0.00563	0.00169	0.00613	0.00509	0.00569	0.00957
17	0.02139	0.01576	0.01689	0.01295	0.01745	0.01745	0.01070	0.74835	0.02646	0.03547	0.01351	0.01351	0.00957	0.00676	0.00563	0.00169	0.00619	0.00507	0.00563	0.00957
18	0.00849	0.00656	0.00785	0.00752	0.00912	0.00637	0.00563	0.01265	0.11976	0.02066	0.46776	0.10910	0.17313	0.01200	0.00656	0.00186	0.00300	0.01046	0.00587	0.00565
19	0.00690	0.00492	0.00652	0.00778	0.00809	0.00460	0.00516	0.00785	0.01068	0.01424	0.03054	0.77141	0.03662	0.04559	0.00795	0.00240	0.00334	0.01572	0.00516	0.00453
20	0.00803	0.00574	0.00788	0.00918	0.01002	0.00558	0.00727	0.00987	0.01193	0.01568	0.03037	0.40777	0.03465	0.01652	0.00750	0.00245	0.00428	0.39518	0.00520	0.00490
21	0.01847	0.01185	0.01320	0.01109	0.01473	0.03247	0.00883	0.10251	0.39791	0.26968	0.04236	0.01993	0.01608	0.00739	0.00570	0.00182	0.00484	0.00603	0.00606	0.00903
22	0.01703	0.01370	0.01437	0.01210	0.01574	0.03245	0.00971	0.33078	0.39781	0.02801	0.01896	0.01962	0.01448	0.00760	0.00577	0.00184	0.00535	0.04012	0.00560	0.00895
23	0.00688	0.00496	0.00652	0.00771	0.00814	0.00460	0.00518	0.00794	0.01104	0.01466	0.05535	0.73870	0.07295	0.01727	0.00714	0.00225	0.00323	0.01562	0.00525	0.00460
24	0.01167	0.01000	0.01167	0.00834	0.01334	0.00750	0.00667	0.01417	0.01167	0.01834	0.01000	0.01167	0.00834	0.00417	0.00417	0.00083	0.00417	0.00333	0.00333	0.83663
25	0.01052	0.00936	0.01552	0.38144	0.02583	0.01042	0.09811	0.01330	0.01111	0.01513	0.01355	0.09800	0.01250	0.03666	0.00811	0.05061	0.04081	0.02911	0.04796	0.07194
26	0.01304	0.01179	0.01599	0.01354	0.01449	0.01539	0.02882	0.11505	0.01159	0.01729	0.02607	0.01451	0.00967	0.01177	0.07719	0.00279	0.53690	0.00521	0.05242	0.00650
27	0.00818	0.00546	0.00614	0.00614	0.00614	0.00546	0.00341	0.00818	0.00818	0.01091	0.01773	0.03683	0.02046	0.80222	0.02864	0.00546	0.00546	0.00818	0.00341	0.00341
28	0.01202	0.01058	0.01183	0.00861	0.01350	0.03179	0.00686	0.01482	0.03048	0.01833	0.01029	0.01186	0.00852	0.00431	0.00424	0.00088	0.00436	0.00342	0.00338	0.78994
29	0.13205	0.12410	0.48218	0.01355	0.02014	0.01367	0.03838	0.01734	0.01187	0.03685	0.05268	0.01311	0.00981	0.00563	0.00497	0.00170	0.00708	0.00431	0.00288	0.00769
30	0.00699	0.00571	0.00619	0.00616	0.00789	0.00491	0.00464	0.00869	0.01342	0.01675	0.20221	0.07000	0.58008	0.01380	0.00669	0.00190	0.00288	0.03076	0.00543	0.00487
31	0.00686	0.00490	0.00653	0.00784	0.00816	0.00457	0.00522	0.00784	0.01077	0.01437	0.03102	0.79855	0.03722	0.01763	0.00718	0.00229	0.00326	0.01600	0.00522	0.00457
32	0.01259	0.01294	0.01678	0.24692	0.02212	0.09397	0.01302	0.01462	0.01017	0.01380	0.00851	0.01316	0.00759	0.00903	0.03355	0.00236	0.45530	0.00484	0.00253	0.00619
33	0.01018	0.00626	0.00848	0.00797	0.00883	0.00626	0.02328	0.07179	0.01091	0.01488	0.10303	0.08809	0.05270	0.06750	0.01611	0.44707	0.00456	0.00704	0.04106	0.00399
34	0.00804	0.00603	0.00904	0.00904	0.01005	0.00703	0.00703	0.01005	0.00904	0.01306	0.01507	0.02211	0.01407	0.04221	0.77992	0.00904	0.01507	0.00603	0.00301	0.00502
35	0.00815	0.00544	0.00615	0.00618	0.00619	0.00543	0.00345	0.00818	0.00825	0.01099	0.01805	0.05516	0.02086	0.78334	0.02813	0.00538	0.00540	0.00837	0.00345	0.00344
36	0.01384	0.05608	0.02293	0.06717	0.69358	0.01381	0.01678	0.01712	0.01267	0.01793	0.01041	0.01371	0.00876	0.00503	0.00547	0.00166	0.00669	0.00491	0.00275	0.00870
37	0.31826	0.01525	0.17437	0.14738	0.14146	0.01307	0.05290	0.01653	0.01103	0.01993	0.00930	0.01192	0.00718	0.00542	0.00528	0.00180	0.03471	0.00419	0.00290	0.00713
38	0.01192	0.01133	0.01922	0.49237	0.32496	0.01284	0.01627	0.01552	0.01187	0.01595	0.01023	0.01458	0.00806	0.00539	0.00560	0.00180	0.00718	0.00501	0.00261	0.00730
39	0.00686	0.00490	0.00653	0.00784	0.00816	0.00457	0.00522	0.00784	0.01077	0.01437	0.03102	0.79855	0.03722	0.01763	0.00718	0.00229	0.00326	0.01600	0.00522	0.00457
40	0.01129	0.02911	0.77306	0.01604	0.02436	0.01307	0.02079	0.01782	0.01188	0.01782	0.01010	0.01188	0.00713	0.00535	0.00535	0.00178	0.00832	0.00416	0.00238	0.00832
41	0.01111	0.02786	0.73173	0.01566	0.02358	0.01274	0.02005	0.01740	0.01173	0.01756	0.01037	0.01243	0.00750	0.00734	0.04726	0.00218	0.00868	0.00426	0.00241	0.00814
42	0.00685	0.00493	0.00650	0.00776	0.00814	0.00458	0.00519	0.00784	0.01085	0.01440	0.03193	0.77232	0.06286	0.01751	0.00716	0.00227	0.00325	0.01585	0.00522	0.00458
43	0.02132	0.01803	0.01670	0.01327	0.01744	0.17388	0.01073	0.59938	0.02430	0.03101	0.01252	0.01282	0.00909	0.00656	0.00552	0.00164	0.00700	0.00477	0.00507	0.00895
44	0.01513	0.02730	0.01280	0.01173	0.05434	0.03585	0.00868	0.05025	0.40465	0.14402	0.03984	0.06024	0.09356	0.00847	0.00582	0.00185	0.00465	0.00707	0.00554	0.00823
45	0.00805	0.00637	0.00728	0.00749	0.00919	0.00592	0.00588	0.03267	0.04303	0.01697	0.09658	0.12339	0.42953	0.01417	0.00688	0.00207	0.00356	0.17048	0.00532	0.00518
46	0.01066	0.00670	0.00921	0.00984	0.01147	0.00647	0.00841	0.01312	0.01346	0.10240	0.08375	0.07917	0.05832	0.01430	0.00739	0.00240	0.00481	0.54701	0.00546	0.00565
47	0.08404	0.37298	0.02082	0.01029	0.01472	0.06541	0.00919	0.11346	0.01478	0.22614	0.01257	0.01247	0.00929	0.00575	0.00452	0.00147	0.00583	0.00405	0.00419	0.00804
48	0.43426	0.04157	0.15238	0.00943	0.01365	0.01177	0.00915	0.01752	0.05178	0.08381	0.08604	0.01595	0.03946	0.00645	0.00456	0.00175	0.00497	0.00466	0.00397	0.00686
49	0.11373	0.17314	0.25677	0.01380	0.01926	0.11745	0.08782	0.10326	0.01388	0.01929	0.01019	0.02861	0.00813	0.00566	0.00496	0.00163	0.00740	0.00435	0.00307	0.00759
50	0.06127	0.08301	0.01101	0.00851	0.01058	0.04606	0.00658	0.10996	0.01278	0.01801	0.03806	0.09135	0.06589	0.14097	0.15435	0.00362	0.00679	0.00688	0.09246	0.03186
51	0.04765	0.07453	0.41380	0.01401	0.03819	0.09306	0.03753	0.01760	0.04932	0.01759	0.01515	0.01634	0.08020	0.00630	0.00523	0.00169	0.00717	0.00494	0.03213	0.02757

[dist]
# distance from previous block
# <min> <max>
1	28

[block]
# block no. 4 follows, 42 sequences, length 11
# corresponding to MSA columns:
# 307-317
name=unknown_E
#
# <colnr> <probs for GDERKNQSTAVLIFYWHMCP>
#	G	D	E	R	K	N	Q	S	T	A	V	L	I	F	Y	W	H	M	C	P
0	0.01337	0.02235	0.01191	0.02291	0.04830	0.08104	0.00818	0.10205	0.08904	0.05283	0.08624	0.07458	0.08927	0.00869	0.00683	0.00173	0.08608	0.00684	0.14489	0.04286
1	0.42129	0.15996	0.01421	0.00905	0.01294	0.01481	0.00776	0.17262	0.01403	0.07113	0.01045	0.01126	0.00794	0.00565	0.00412	0.00161	0.00500	0.00374	0.04522	0.00722
2	0.08718	0.12511	0.36866	0.04225	0.02145	0.09702	0.07777	0.08450	0.01348	0.01895	0.00987	0.01162	0.00742	0.00540	0.00507	0.00167	0.00774	0.00418	0.00287	0.00776
3	0.01127	0.00809	0.01087	0.01204	0.05699	0.00830	0.00962	0.06375	0.07308	0.05088	0.02669	0.05192	0.02747	0.01334	0.00725	0.00239	0.00526	0.54944	0.00519	0.00618
4	0.05441	0.68577	0.07397	0.01013	0.01502	0.05422	0.01021	0.01714	0.01157	0.01412	0.00800	0.00926	0.00716	0.00491	0.00378	0.00128	0.00626	0.00311	0.00248	0.00721
5	0.01117	0.00850	0.00958	0.00837	0.01055	0.00870	0.00654	0.17006	0.01586	0.04340	0.17015	0.03787	0.34648	0.05808	0.00859	0.00208	0.06357	0.00916	0.00523	0.00607
6	0.10071	0.59129	0.08239	0.01034	0.01511	0.09195	0.01023	0.01742	0.01170	0.01488	0.00808	0.00936	0.00710	0.00499	0.00387	0.00133	0.00641	0.00316	0.00256	0.00712
7	0.16093	0.01874	0.32961	0.08274	0.10661	0.01267	0.03392	0.07205	0.02700	0.02016	0.01415	0.01577	0.07005	0.00618	0.00523	0.00178	0.00669	0.00494	0.00319	0.00760
8	0.13004	0.01401	0.01371	0.01149	0.01436	0.16390	0.07125	0.15347	0.04168	0.02175	0.01450	0.01610	0.04545	0.00680	0.00614	0.00167	0.07650	0.00503	0.18534	0.00681
9	0.01075	0.03315	0.07120	0.01199	0.01377	0.04701	0.06038	0.01299	0.00996	0.01434	0.01224	0.01799	0.01122	0.06121	0.31930	0.00499	0.21927	0.00550	0.05692	0.00582
10	0.01446	0.06796	0.07616	0.01697	0.14413	0.05965	0.08876	0.13568	0.01465	0.03237	0.06522	0.03926	0.01250	0.00678	0.00723	0.00171	0.11235	0.00544	0.00361	0.09512

[dist]
# distance from previous block
# <min> <max>
2	10

[block]
# block no. 5 follows, 42 sequences, length 80
# corresponding to MSA columns:
# 363-442
name=unknown_F
#
# <colnr> <probs for GDERKNQSTAVLIFYWHMCP>
#	G	D	E	R	K	N	Q	S	T	A	V	L	I	F	Y	W	H	M	C	P
0	0.04562	0.13491	0.03122	0.04042	0.05821	0.32445	0.01068	0.15609	0.01591	0.01849	0.01133	0.01314	0.02569	0.00941	0.07871	0.00223	0.00858	0.00434	0.00340	0.00716
1	0.03076	0.01577	0.06240	0.09828	0.31430	0.15744	0.01366	0.07561	0.03650	0.06036	0.01233	0.03878	0.01002	0.00604	0.00542	0.00167	0.00697	0.00510	0.04069	0.00790
2	0.00706	0.00493	0.00662	0.00778	0.00813	0.00462	0.00521	0.00792	0.01080	0.01445	0.06013	0.72402	0.03636	0.01748	0.00798	0.04844	0.00333	0.01514	0.00511	0.00448
3	0.00789	0.00575	0.00742	0.00700	0.00836	0.00528	0.00525	0.01048	0.01576	0.02216	0.72500	0.04271	0.09251	0.01166	0.00664	0.00178	0.00267	0.01027	0.00614	0.00528
4	0.01437	0.01377	0.02098	0.10780	0.57080	0.05242	0.01594	0.05844	0.05572	0.01898	0.01129	0.01422	0.00919	0.00536	0.00556	0.00170	0.00679	0.00502	0.00309	0.00856
5	0.02018	0.02437	0.01663	0.01602	0.07850	0.63156	0.01143	0.07852	0.01627	0.01584	0.00918	0.01079	0.00757	0.00595	0.00561	0.00152	0.03613	0.00389	0.00309	0.00694
6	0.00672	0.00570	0.00580	0.00578	0.00765	0.00478	0.00433	0.00822	0.01300	0.01561	0.09616	0.05349	0.72543	0.01410	0.00665	0.00189	0.00284	0.01178	0.00528	0.00478
7	0.84197	0.01088	0.00827	0.00740	0.01088	0.01262	0.00609	0.01654	0.00958	0.02525	0.00784	0.00914	0.00609	0.00522	0.00348	0.00174	0.00435	0.00305	0.00348	0.00609
8	0.01333	0.01278	0.04260	0.07347	0.60298	0.01242	0.01617	0.01668	0.01278	0.03289	0.01296	0.01969	0.01156	0.00630	0.00582	0.00179	0.00657	0.08774	0.00311	0.00833
9	0.00834	0.00585	0.00757	0.00708	0.00852	0.00536	0.00533	0.01091	0.01576	0.04149	0.70613	0.04211	0.09120	0.01154	0.00661	0.00178	0.00272	0.01015	0.00616	0.00539
10	0.00796	0.00575	0.00752	0.00708	0.00841	0.00531	0.00531	0.01062	0.01593	0.02257	0.76415	0.04204	0.05310	0.01150	0.00664	0.00177	0.00265	0.01018	0.00619	0.00531
11	0.01090	0.05477	0.01685	0.45665	0.02839	0.01201	0.07645	0.03269	0.01165	0.01548	0.01357	0.13347	0.01249	0.00763	0.00644	0.00190	0.04895	0.00671	0.04681	0.00620
12	0.01544	0.73215	0.04772	0.01004	0.01484	0.05917	0.00995	0.01735	0.01176	0.02762	0.00820	0.00935	0.00735	0.00492	0.00377	0.00124	0.00626	0.00312	0.00252	0.00726
13	0.00686	0.00490	0.00653	0.00784	0.00816	0.00457	0.00522	0.00784	0.01077	0.01437	0.03102	0.79855	0.03722	0.01763	0.00718	0.00229	0.00326	0.01600	0.00522	0.00457
14	0.01063	0.01000	0.01688	0.78870	0.03876	0.01250	0.01563	0.01438	0.01125	0.01438	0.01000	0.01500	0.00750	0.00563	0.00563	0.00188	0.00750	0.00500	0.00250	0.00625
15	0.05342	0.01882	0.01479	0.01259	0.01593	0.33447	0.00987	0.30014	0.04425	0.02334	0.01199	0.01316	0.00929	0.00834	0.04965	0.00200	0.00799	0.00449	0.05788	0.00759
16	0.00681	0.00506	0.00636	0.00740	0.00805	0.00461	0.00503	0.00788	0.01119	0.01454	0.03630	0.64725	0.18511	0.01694	0.00707	0.00221	0.00318	0.01516	0.00522	0.00461
17	0.84197	0.01088	0.00827	0.00740	0.01088	0.01262	0.00609	0.01654	0.00958	0.02525	0.00784	0.00914	0.00609	0.00522	0.00348	0.00174	0.00435	0.00305	0.00348	0.00609
18	0.00818	0.00546	0.00614	0.00614	0.00614	0.00546	0.00341	0.00818	0.00818	0.01091	0.01773	0.03683	0.02046	0.80222	0.02864	0.00546	0.00546	0.00818	0.00341	0.00341
19	0.01392	0.01184	0.01250	0.01120	0.01435	0.01354	0.00876	0.06905	0.66030	0.02363	0.02439	0.02321	0.05843	0.00810	0.00581	0.00191	0.00448	0.02027	0.00568	0.00864
20	0.02154	0.01553	0.01674	0.01284	0.01733	0.01710	0.01060	0.72060	0.02606	0.06378	0.01385	0.01373	0.00974	0.00676	0.00563	0.00169	0.00614	0.00509	0.00568	0.00957
21	0.00879	0.00628	0.00874	0.00999	0.01117	0.00623	0.00853	0.01119	0.01278	0.01670	0.04889	0.14751	0.03348	0.01568	0.00768	0.00253	0.00490	0.62861	0.00521	0.00512
22	0.01885	0.01101	0.01287	0.01083	0.01452	0.01153	0.00863	0.02884	0.43754	0.34581	0.02260	0.02020	0.01578	0.00735	0.00570	0.00184	0.00460	0.00606	0.00626	0.00920
23	0.01140	0.05244	0.75072	0.01585	0.02406	0.01335	0.02046	0.01779	0.01187	0.01768	0.01003	0.01180	0.00713	0.00533	0.00529	0.00176	0.00825	0.00412	0.00238	0.00828
24	0.01575	0.71356	0.02789	0.01020	0.01479	0.11178	0.00978	0.01752	0.01197	0.01330	0.00793	0.00916	0.00723	0.00493	0.00378	0.00123	0.00651	0.00308	0.00247	0.00714
25	0.02512	0.00979	0.01319	0.01011	0.01447	0.00859	0.00836	0.05234	0.01647	0.74559	0.02190	0.01896	0.01378	0.00696	0.00566	0.00174	0.00484	0.00564	0.00692	0.00958
26	0.00804	0.00603	0.00904	0.00904	0.01005	0.00703	0.00703	0.01005	0.00904	0.01306	0.01507	0.02211	0.01407	0.04221	0.77992	0.00904	0.01507	0.00603	0.00301	0.00502
27	0.02456	0.01068	0.01374	0.01053	0.01491	0.00990	0.00870	0.15543	0.01795	0.64042	0.02066	0.01815	0.01316	0.00693	0.00565	0.00173	0.00504	0.00555	0.00673	0.00958
28	0.02079	0.01518	0.01624	0.01252	0.01685	0.01678	0.01032	0.70764	0.02565	0.03466	0.01378	0.01392	0.00984	0.00674	0.00554	0.00167	0.00599	0.00508	0.05147	0.00933
29	0.02499	0.01000	0.01332	0.01021	0.01458	0.00890	0.00844	0.07670	0.01681	0.72074	0.02161	0.01877	0.01363	0.00695	0.00566	0.00174	0.00488	0.00562	0.00687	0.00958
30	0.00671	0.00572	0.00578	0.00581	0.00770	0.00479	0.00439	0.00816	0.01283	0.01524	0.05635	0.05438	0.74719	0.01428	0.00668	0.00192	0.00291	0.02916	0.00522	0.00476
31	0.00790	0.00548	0.00608	0.00612	0.00643	0.00532	0.00360	0.00816	0.00901	0.01170	0.02444	0.06236	0.14056	0.65219	0.02447	0.00479	0.00497	0.00901	0.00376	0.00366
32	0.00956	0.00679	0.00901	0.00891	0.00992	0.00679	0.03436	0.09688	0.01207	0.01610	0.02342	0.40886	0.02651	0.13809	0.01217	0.10461	0.00453	0.06197	0.00456	0.00489
33	0.00688	0.00491	0.00652	0.00780	0.00812	0.00459	0.00519	0.00784	0.01072	0.01429	0.03074	0.78265	0.03687	0.03401	0.00763	0.00235	0.00331	0.01584	0.00519	0.00455
34	0.00686	0.00490	0.00653	0.00784	0.00816	0.00457	0.00522	0.00784	0.01077	0.01437	0.03102	0.79855	0.03722	0.01763	0.00718	0.00229	0.00326	0.01600	0.00522	0.00457
35	0.01393	0.01337	0.02284	0.03454	0.76712	0.01337	0.01727	0.01727	0.01281	0.01839	0.01059	0.01393	0.00891	0.00501	0.00557	0.00167	0.00669	0.00501	0.00279	0.00891
36	0.01993	0.13813	0.01653	0.07382	0.01671	0.01298	0.00956	0.13315	0.08696	0.36349	0.03670	0.01692	0.01282	0.00675	0.00574	0.00170	0.02883	0.00526	0.00540	0.00865
37	0.01374	0.01318	0.02250	0.07726	0.72586	0.01332	0.01718	0.01711	0.01273	0.01816	0.01055	0.01399	0.00883	0.00505	0.00557	0.00168	0.00673	0.00501	0.00277	0.00876
38	0.00796	0.00575	0.00752	0.00708	0.00841	0.00531	0.00531	0.01062	0.01593	0.02257	0.76415	0.04204	0.05310	0.01150	0.00664	0.00177	0.00265	0.01018	0.00619	0.00531
39	0.01258	0.04528	0.05984	0.01471	0.01604	0.06413	0.06364	0.01446	0.00974	0.01405	0.00865	0.01315	0.00807	0.01185	0.08768	0.00290	0.53939	0.00495	0.00256	0.00633
40	0.01616	0.34118	0.15059	0.01221	0.01685	0.25297	0.01169	0.06181	0.01387	0.01562	0.01155	0.01263	0.04930	0.00585	0.00465	0.00145	0.00752	0.00401	0.00290	0.00720
41	0.00700	0.00500	0.00667	0.00785	0.00827	0.00468	0.00533	0.00814	0.01121	0.01503	0.08467	0.72386	0.03826	0.01713	0.00716	0.00226	0.00327	0.03430	0.00529	0.00464
42	0.02525	0.00958	0.01306	0.01001	0.01437	0.00827	0.00827	0.02743	0.01611	0.77102	0.02220	0.01915	0.01393	0.00697	0.00566	0.00174	0.00479	0.00566	0.00697	0.00958
43	0.77702	0.04226	0.00909	0.00748	0.01093	0.01273	0.00620	0.01633	0.00990	0.02467	0.03695	0.01040	0.00795	0.00545	0.00361	0.00172	0.00435	0.00332	0.00354	0.00611
44	0.01492	0.77922	0.05476	0.00985	0.01478	0.02196	0.01001	0.01688	0.01145	0.01340	0.00790	0.00912	0.00722	0.00483	0.00367	0.00122	0.00610	0.00305	0.00241	0.00726
45	0.01494	0.78298	0.05116	0.00982	0.01473	0.02200	0.00995	0.01688	0.01145	0.01337	0.00789	0.00911	0.00722	0.00483	0.00366	0.00122	0.00609	0.00304	0.00241	0.00725
46	0.00806	0.00595	0.00862	0.00862	0.00948	0.00680	0.00651	0.00978	0.00892	0.01275	0.01546	0.02425	0.01500	0.15305	0.67036	0.00852	0.01367	0.00634	0.00307	0.00479
47	0.01072	0.01013	0.01690	0.74486	0.03740	0.01277	0.01544	0.01433	0.01110	0.01433	0.00985	0.01485	0.00750	0.00587	0.00635	0.00191	0.05194	0.00500	0.00250	0.00625
48	0.01652	0.01284	0.01316	0.01095	0.01433	0.05709	0.00870	0.31932	0.20247	0.06856	0.07066	0.02350	0.11660	0.03143	0.00650	0.00188	0.00521	0.00668	0.00549	0.00813
49	0.01801	0.01376	0.01507	0.01134	0.01602	0.01399	0.00929	0.49271	0.02131	0.02950	0.01229	0.01287	0.00914	0.00585	0.00512	0.00139	0.00549	0.00446	0.00483	0.29755
50	0.00791	0.00575	0.00745	0.00702	0.00837	0.00529	0.00527	0.01051	0.01580	0.02226	0.73493	0.04254	0.08251	0.01162	0.00664	0.00178	0.00266	0.01025	0.00615	0.00529
51	0.00686	0.00490	0.00653	0.00784	0.00816	0.00457	0.00522	0.00784	0.01077	0.01437	0.03102	0.79855	0.03722	0.01763	0.00718	0.00229	0.00326	0.01600	0.00522	0.00457
52	0.21940	0.10100	0.34739	0.01522	0.06257	0.01399	0.11570	0.01758	0.01159	0.03339	0.00973	0.01161	0.00730	0.00519	0.00490	0.00172	0.00710	0.00418	0.00283	0.00761
53	0.01943	0.01366	0.01488	0.01147	0.01569	0.01453	0.00941	0.54735	0.02268	0.07713	0.01416	0.01442	0.01020	0.00646	0.00530	0.00156	0.00552	0.00493	0.09080	0.10043
54	0.00694	0.00571	0.00610	0.00601	0.00778	0.00487	0.00450	0.00864	0.01351	0.01683	0.21332	0.05148	0.60751	0.01365	0.00665	0.00187	0.00281	0.01150	0.00544	0.00487
55	0.01391	0.01343	0.02315	0.03422	0.74495	0.01340	0.03919	0.01729	0.01283	0.01837	0.01061	0.01397	0.00890	0.00501	0.00560	0.00168	0.00677	0.00506	0.00279	0.00887
56	0.18072	0.05646	0.25967	0.01510	0.12816	0.01263	0.01327	0.07185	0.01324	0.13204	0.03555	0.01379	0.00991	0.00616	0.00547	0.02362	0.00622	0.00450	0.00370	0.00794
57	0.00978	0.00489	0.00733	0.00733	0.00733	0.00489	0.00489	0.00733	0.00733	0.00978	0.00978	0.01711	0.00978	0.01955	0.02199	0.83627	0.00489	0.00489	0.00244	0.00244
58	0.00665	0.00570	0.00570	0.00570	0.00760	0.00475	0.00428	0.00808	0.01283	0.01520	0.05701	0.05416	0.76483	0.01425	0.00665	0.00190	0.00285	0.01188	0.00523	0.00475
59	0.01314	0.01535	0.05563	0.05353	0.05892	0.01409	0.66638	0.01785	0.01314	0.01789	0.01126	0.01502	0.00847	0.00481	0.00652	0.00188	0.00926	0.00643	0.00282	0.00761
60	0.02311	0.00958	0.01267	0.00992	0.01399	0.00861	0.00812	0.04057	0.06581	0.65051	0.06515	0.02108	0.02929	0.00739	0.00574	0.00176	0.00464	0.00606	0.00678	0.00920
61	0.00789	0.00575	0.00742	0.00700	0.00836	0.00528	0.00525	0.01048	0.01575	0.02215	0.72409	0.04272	0.09342	0.01166	0.00664	0.00178	0.00267	0.01027	0.00614	0.00528
