[name]
unknown

[dist]
# distance from previous block
# <min> <max>
0	110

[block]
# block no. 0 follows, 46 sequences, length 78
# corresponding to MSA columns:
# 146-223
name=unknown_A
#
# <colnr> <probs for GDERKNQSTAVLIFYWHMCP>
#	G	D	E	R	K	N	Q	S	T	A	V	L	I	F	Y	W	H	M	C	P
0	0.03305	0.01133	0.04943	0.01003	0.01408	0.01016	0.02406	0.16477	0.06197	0.15192	0.01376	0.05815	0.01087	0.00610	0.00539	0.00138	0.04208	0.00484	0.00430	0.32233
1	0.00771	0.00557	0.00630	0.00619	0.00788	0.00478	0.00459	0.00919	0.01227	0.06615	0.13715	0.17548	0.49116	0.01292	0.00621	0.00180	0.00287	0.01103	0.00509	0.02567
2	0.03654	0.01257	0.06459	0.21159	0.34409	0.01229	0.10499	0.04566	0.04481	0.03581	0.01113	0.03256	0.00894	0.00534	0.00535	0.00168	0.00658	0.00511	0.00293	0.00745
3	0.08363	0.01315	0.15138	0.01057	0.01488	0.01055	0.00987	0.09004	0.15970	0.32307	0.06520	0.01723	0.01390	0.00651	0.00517	0.00167	0.00500	0.00521	0.00512	0.00815
4	0.04894	0.00961	0.01257	0.07773	0.01551	0.00910	0.00840	0.07093	0.06236	0.55586	0.01832	0.01673	0.01197	0.00627	0.00517	0.00161	0.00474	0.00507	0.00574	0.05338
5	0.01308	0.01256	0.02146	0.03245	0.78123	0.01256	0.01622	0.01622	0.01204	0.01727	0.00994	0.01308	0.00837	0.00471	0.00523	0.00157	0.00628	0.00471	0.00262	0.00837
6	0.00998	0.00940	0.01586	0.80150	0.03641	0.01175	0.01468	0.01351	0.01057	0.01351	0.00940	0.01409	0.00705	0.00529	0.00529	0.00176	0.00705	0.00470	0.00235	0.00587
7	0.00748	0.00540	0.00707	0.00665	0.00790	0.00499	0.00499	0.00998	0.01496	0.02120	0.77844	0.03949	0.04988	0.01081	0.00624	0.00166	0.00249	0.00956	0.00582	0.00499
8	0.00744	0.00540	0.00701	0.00661	0.00787	0.00497	0.00496	0.00990	0.01487	0.02097	0.75394	0.03987	0.07453	0.01089	0.00624	0.00167	0.00250	0.00961	0.00579	0.00497
9	0.00644	0.00460	0.00613	0.00736	0.00767	0.00429	0.00491	0.00736	0.01012	0.01350	0.02914	0.81076	0.03497	0.01656	0.00675	0.00215	0.00307	0.01503	0.00491	0.00429
10	0.00748	0.00540	0.00707	0.00665	0.00790	0.00499	0.00499	0.00998	0.01496	0.02120	0.77844	0.03949	0.04988	0.01081	0.00624	0.00166	0.00249	0.00956	0.00582	0.00499
11	0.00998	0.00940	0.01586	0.80150	0.03641	0.01175	0.01468	0.01351	0.01057	0.01351	0.00940	0.01409	0.00705	0.00529	0.00529	0.00176	0.00705	0.00470	0.00235	0.00587
12	0.01157	0.01157	0.01619	0.01388	0.01388	0.01619	0.01157	0.01272	0.00810	0.01272	0.00694	0.01157	0.00694	0.00925	0.01735	0.00231	0.80453	0.00463	0.00231	0.00578
13	0.85155	0.01022	0.00777	0.00695	0.01022	0.01186	0.00573	0.01554	0.00900	0.02372	0.00736	0.00859	0.00573	0.00491	0.00327	0.00164	0.00409	0.00286	0.00327	0.00573
14	0.01240	0.01478	0.06096	0.02200	0.02744	0.01333	0.73278	0.01693	0.01243	0.01693	0.01065	0.01414	0.00797	0.00448	0.00619	0.00178	0.00887	0.00615	0.00266	0.00716
15	0.02010	0.01481	0.01587	0.01216	0.01639	0.01639	0.01005	0.76360	0.02486	0.03332	0.01269	0.01269	0.00899	0.00635	0.00529	0.00159	0.00582	0.00476	0.00529	0.00899
16	0.01315	0.01136	0.01195	0.01076	0.01375	0.01315	0.00837	0.02809	0.77168	0.02211	0.02152	0.01972	0.01614	0.00717	0.00538	0.00179	0.00418	0.00598	0.00538	0.00837
17	0.00918	0.00459	0.00689	0.00689	0.00689	0.00459	0.00459	0.00689	0.00689	0.00918	0.00918	0.01607	0.00918	0.01837	0.02066	0.84619	0.00459	0.00459	0.00230	0.00230
18	0.01975	0.02520	0.01498	0.01362	0.01634	0.79299	0.01021	0.02111	0.01498	0.01294	0.00817	0.00953	0.00681	0.00545	0.00477	0.00136	0.00953	0.00340	0.00272	0.00613
19	0.01699	0.01841	0.40943	0.01231	0.01831	0.01008	0.01380	0.02114	0.01310	0.39101	0.01503	0.01449	0.00981	0.00576	0.00517	0.00166	0.00620	0.00459	0.00433	0.00839
20	0.01022	0.04390	0.67723	0.01383	0.02084	0.01159	0.01750	0.01572	0.01134	0.01656	0.03680	0.01539	0.07456	0.00591	0.00513	0.00167	0.00716	0.00468	0.00257	0.00741
21	0.85155	0.01022	0.00777	0.00695	0.01022	0.01186	0.00573	0.01554	0.00900	0.02372	0.00736	0.00859	0.00573	0.00491	0.00327	0.00164	0.00409	0.00286	0.00327	0.00573
22	0.00998	0.00940	0.01586	0.80150	0.03641	0.01175	0.01468	0.01351	0.01057	0.01351	0.00940	0.01409	0.00705	0.00529	0.00529	0.00176	0.00705	0.00470	0.00235	0.00587
23	0.00625	0.00536	0.00536	0.00536	0.00714	0.00446	0.00402	0.00759	0.01205	0.01428	0.05355	0.05088	0.77909	0.01339	0.00625	0.00179	0.00268	0.01116	0.00491	0.00446
24	0.01248	0.01426	0.03119	0.02228	0.02763	0.01337	0.76203	0.01693	0.01248	0.01693	0.01070	0.01426	0.00802	0.00446	0.00624	0.00178	0.00891	0.00624	0.00267	0.00713
25	0.85155	0.01022	0.00777	0.00695	0.01022	0.01186	0.00573	0.01554	0.00900	0.02372	0.00736	0.00859	0.00573	0.00491	0.00327	0.00164	0.00409	0.00286	0.00327	0.00573
26	0.02010	0.01481	0.01587	0.01216	0.01639	0.01639	0.01005	0.76360	0.02486	0.03332	0.01269	0.01269	0.00899	0.00635	0.00529	0.00159	0.00582	0.00476	0.00529	0.00899
27	0.02010	0.01481	0.01587	0.01216	0.01639	0.01639	0.01005	0.76360	0.02486	0.03332	0.01269	0.01269	0.00899	0.00635	0.00529	0.00159	0.00582	0.00476	0.00529	0.00899
28	0.01575	0.58937	0.02404	0.01036	0.01437	0.24315	0.00938	0.01735	0.01196	0.01258	0.00759	0.00878	0.00679	0.00479	0.00379	0.00120	0.00677	0.00299	0.00239	0.00660
29	0.00823	0.00574	0.00680	0.00659	0.00679	0.00605	0.00414	0.00851	0.00831	0.02685	0.03372	0.06504	0.05100	0.64718	0.02354	0.00448	0.07209	0.00787	0.00339	0.00367
30	0.02042	0.01430	0.01555	0.01192	0.01614	0.01563	0.00985	0.69854	0.02400	0.09959	0.01341	0.01316	0.00935	0.00636	0.00529	0.00159	0.00570	0.00481	0.00540	0.00899
31	0.00748	0.00559	0.00731	0.04368	0.00916	0.00525	0.00534	0.00990	0.01447	0.02015	0.66997	0.03944	0.12084	0.01081	0.00619	0.00168	0.00273	0.00949	0.00557	0.00498
32	0.00644	0.00460	0.00613	0.00736	0.00767	0.00429	0.00491	0.00736	0.01012	0.01350	0.02914	0.81076	0.03497	0.01656	0.00675	0.00215	0.00307	0.01503	0.00491	0.00429
33	0.01315	0.01136	0.01195	0.01076	0.01375	0.01315	0.00837	0.02809	0.77168	0.02211	0.02152	0.01972	0.01614	0.00717	0.00538	0.00179	0.00418	0.00598	0.00538	0.00837
34	0.01380	0.01273	0.01769	0.01794	0.23214	0.05010	0.10828	0.13480	0.06744	0.01980	0.01099	0.01282	0.00871	0.00500	0.00520	0.00139	0.02042	0.00448	0.00339	0.25289
35	0.01317	0.01279	0.02117	0.05025	0.74504	0.03143	0.01604	0.01628	0.01207	0.01708	0.00989	0.01302	0.00830	0.00474	0.00522	0.00157	0.00638	0.00468	0.00261	0.00826
36	0.85155	0.01022	0.00777	0.00695	0.01022	0.01186	0.00573	0.01554	0.00900	0.02372	0.00736	0.00859	0.00573	0.00491	0.00327	0.00164	0.00409	0.00286	0.00327	0.00573
37	0.01065	0.02699	0.76626	0.01526	0.02301	0.01231	0.03974	0.01675	0.01120	0.01675	0.00952	0.01125	0.00673	0.00501	0.00506	0.00168	0.00784	0.00397	0.00224	0.00779
38	0.05275	0.01247	0.01373	0.01080	0.01467	0.03061	0.00883	0.42955	0.05351	0.24496	0.01682	0.03833	0.03464	0.00687	0.00528	0.00163	0.00521	0.00536	0.00549	0.00850
39	0.01248	0.01426	0.03119	0.02228	0.02763	0.01337	0.76203	0.01693	0.01248	0.01693	0.01070	0.01426	0.00802	0.00446	0.00624	0.00178	0.00891	0.00624	0.00267	0.00713
40	0.02372	0.00900	0.01227	0.00941	0.01350	0.00777	0.00777	0.02576	0.01513	0.78489	0.02086	0.01799	0.01309	0.00654	0.00532	0.00164	0.00450	0.00532	0.00654	0.00900
41	0.01173	0.13181	0.63342	0.01415	0.02130	0.01324	0.03303	0.01705	0.01132	0.05208	0.00976	0.01119	0.00703	0.00502	0.00484	0.00160	0.00739	0.00388	0.00245	0.00772
42	0.01230	0.01053	0.01105	0.00996	0.01280	0.01189	0.00774	0.04973	0.62712	0.02126	0.02625	0.02438	0.13573	0.00812	0.00551	0.00178	0.00400	0.00675	0.00530	0.00778
43	0.02010	0.01481	0.01587	0.01216	0.01639	0.01639	0.01005	0.76360	0.02486	0.03332	0.01269	0.01269	0.00899	0.00635	0.00529	0.00159	0.00582	0.00476	0.00529	0.00899
44	0.00998	0.00940	0.01586	0.80150	0.03641	0.01175	0.01468	0.01351	0.01057	0.01351	0.00940	0.01409	0.00705	0.00529	0.00529	0.00176	0.00705	0.00470	0.00235	0.00587
45	0.01173	0.01306	0.02806	0.02041	0.02513	0.01227	0.66596	0.01576	0.01214	0.01647	0.01272	0.09883	0.01099	0.00648	0.02277	0.00196	0.00840	0.00716	0.00291	0.00678
46	0.00852	0.00608	0.00852	0.00974	0.01095	0.00608	0.00852	0.01095	0.01217	0.01582	0.02799	0.05963	0.03042	0.01460	0.00730	0.00243	0.00487	0.74565	0.00487	0.00487
47	0.00644	0.00460	0.00613	0.00736	0.00767	0.00429	0.00491	0.00736	0.01012	0.01350	0.02914	0.81076	0.03497	0.01656	0.00675	0.00215	0.00307	0.01503	0.00491	0.00429
48	0.00760	0.00567	0.00649	0.00653	0.00791	0.00516	0.00473	0.04363	0.01239	0.03336	0.14646	0.25771	0.37679	0.05203	0.00732	0.00202	0.00307	0.01141	0.00501	0.00475
49	0.16978	0.41135	0.03963	0.01008	0.01428	0.06747	0.03433	0.13281	0.02742	0.03693	0.00899	0.00993	0.00730	0.00505	0.00397	0.00137	0.00575	0.00343	0.00312	0.00701
50	0.01396	0.77930	0.06430	0.00934	0.01402	0.02050	0.00955	0.01587	0.01076	0.01265	0.00745	0.00861	0.00678	0.00455	0.00347	0.00116	0.00576	0.00288	0.00226	0.00683
51	0.01975	0.01516	0.01548	0.01214	0.01610	0.07755	0.00992	0.62474	0.05485	0.06397	0.01294	0.01295	0.00926	0.00638	0.00551	0.00160	0.02323	0.00473	0.00508	0.00867
52	0.00769	0.00513	0.00577	0.00577	0.00577	0.00513	0.00320	0.00769	0.00769	0.01025	0.01666	0.03460	0.01922	0.81421	0.02691	0.00513	0.00513	0.00769	0.00320	0.00320
53	0.01389	0.75777	0.06408	0.00947	0.01403	0.02037	0.00962	0.01579	0.01069	0.01265	0.00744	0.00869	0.00678	0.00467	0.00384	0.00119	0.02701	0.00293	0.00226	0.00681
54	0.01212	0.00742	0.00914	0.00813	0.01020	0.00678	0.00619	0.04352	0.03207	0.16013	0.50522	0.03640	0.11849	0.01072	0.00648	0.00188	0.00347	0.00897	0.00616	0.00650
55	0.00985	0.00493	0.00493	0.00493	0.00616	0.00493	0.00370	0.01232	0.01109	0.01971	0.01725	0.01971	0.01355	0.00616	0.00370	0.00123	0.00246	0.00493	0.84356	0.00493
56	0.00762	0.00514	0.00575	0.00575	0.00583	0.00509	0.00324	0.00768	0.00789	0.01044	0.01838	0.03536	0.05474	0.77677	0.02594	0.00497	0.00501	0.00785	0.00328	0.00326
57	0.01681	0.01203	0.01358	0.01121	0.01449	0.01350	0.00906	0.28682	0.30738	0.13601	0.01687	0.01639	0.01233	0.00823	0.03730	0.00200	0.06715	0.00533	0.00518	0.00834
58	0.02010	0.01481	0.01587	0.01216	0.01639	0.01639	0.01005	0.76360	0.02486	0.03332	0.01269	0.01269	0.00899	0.00635	0.00529	0.00159	0.00582	0.00476	0.00529	0.00899
59	0.01096	0.00940	0.01096	0.00783	0.01253	0.00705	0.00626	0.01331	0.01096	0.01723	0.00940	0.01096	0.00783	0.00392	0.00392	0.00078	0.00392	0.00313	0.00313	0.84653
60	0.00644	0.00460	0.00613	0.00736	0.00767	0.00429	0.00491	0.00736	0.01012	0.01350	0.02914	0.81076	0.03497	0.01656	0.00675	0.00215	0.00307	0.01503	0.00491	0.00429
61	0.01521	0.00923	0.01221	0.11620	0.09977	0.02355	0.00885	0.06845	0.04410	0.28927	0.05879	0.02506	0.19063	0.00794	0.00555	0.00168	0.00469	0.00666	0.00494	0.00720
62	0.00998	0.00940	0.01586	0.80150	0.03641	0.01175	0.01468	0.01351	0.01057	0.01351	0.00940	0.01409	0.00705	0.00529	0.00529	0.00176	0.00705	0.00470	0.00235	0.00587
63	0.02010	0.01422	0.01543	0.01189	0.01607	0.01560	0.00981	0.67752	0.05352	0.09105	0.01367	0.01338	0.00959	0.00639	0.00529	0.00160	0.00565	0.00485	0.00539	0.00897
64	0.01254	0.01201	0.02048	0.16683	0.65109	0.01242	0.01595	0.01575	0.01178	0.01661	0.00985	0.01326	0.00814	0.00481	0.00524	0.00160	0.00641	0.00471	0.00257	0.00794
65	0.01058	0.01004	0.01682	0.63400	0.16192	0.01209	0.01480	0.01393	0.01070	0.01411	0.00937	0.01380	0.00727	0.00537	0.00584	0.00176	0.04420	0.00470	0.00239	0.00629
66	0.01315	0.01136	0.01195	0.01076	0.01375	0.01315	0.00837	0.02809	0.77168	0.02211	0.02152	0.01972	0.01614	0.00717	0.00538	0.00179	0.00418	0.00598	0.00538	0.00837
67	0.02372	0.00900	0.01227	0.00941	0.01350	0.00777	0.00777	0.02576	0.01513	0.78489	0.02086	0.01799	0.01309	0.00654	0.00532	0.00164	0.00450	0.00532	0.00654	0.00900
68	0.01072	0.02657	0.74477	0.01576	0.04475	0.01231	0.03919	0.01673	0.01122	0.01676	0.00953	0.01130	0.00678	0.00500	0.00506	0.00167	0.00780	0.00399	0.00226	0.00781
69	0.00630	0.00536	0.00543	0.00541	0.00717	0.00449	0.00406	0.00769	0.01217	0.01458	0.08444	0.05039	0.74802	0.01328	0.00625	0.00178	0.00267	0.01109	0.00495	0.00449
70	0.00625	0.00536	0.00536	0.00536	0.00714	0.00446	0.00402	0.00759	0.01205	0.01428	0.05355	0.05088	0.77909	0.01339	0.00625	0.00179	0.00268	0.01116	0.00491	0.00446
71	0.00918	0.00459	0.00689	0.00689	0.00689	0.00459	0.00459	0.00689	0.00689	0.00918	0.00918	0.01607	0.00918	0.01837	0.02066	0.84619	0.00459	0.00459	0.00230	0.00230
72	0.60200	0.12756	0.04459	0.00794	0.01156	0.02967	0.00702	0.02927	0.01003	0.06020	0.00845	0.00981	0.00666	0.02229	0.00404	0.00163	0.00467	0.00318	0.00327	0.00615
73	0.05397	0.07965	0.01411	0.01033	0.01406	0.05998	0.00847	0.21038	0.16933	0.23334	0.01653	0.01576	0.02727	0.00706	0.02186	0.00171	0.00530	0.00492	0.00501	0.04096
74	0.00998	0.00940	0.01586	0.80150	0.03641	0.01175	0.01468	0.01351	0.01057	0.01351	0.00940	0.01409	0.00705	0.00529	0.00529	0.00176	0.00705	0.00470	0.00235	0.00587
75	0.01243	0.08889	0.26446	0.01971	0.25171	0.03420	0.09088	0.05098	0.01235	0.01726	0.03609	0.01410	0.00959	0.00541	0.00541	0.00160	0.02460	0.02424	0.00277	0.03332
76	0.01266	0.15850	0.38892	0.04111	0.16087	0.03000	0.03254	0.04843	0.02936	0.03578	0.00989	0.01161	0.00753	0.00503	0.00484	0.00156	0.00695	0.00405	0.00264	0.00772
77	0.02794	0.15235	0.47342	0.01310	0.04063	0.01276	0.01491	0.01566	0.01105	0.01620	0.02809	0.02939	0.00857	0.00528	0.00493	0.00149	0.02437	0.00404	0.00253	0.11328

[dist]
# distance from previous block
# <min> <max>
0	5

[block]
# block no. 1 follows, 46 sequences, length 23
# corresponding to MSA columns:
# 229-251
name=unknown_B
#
# <colnr> <probs for GDERKNQSTAVLIFYWHMCP>
#	G	D	E	R	K	N	Q	S	T	A	V	L	I	F	Y	W	H	M	C	P
0	0.00721	0.00554	0.00670	0.00720	0.00856	0.00508	0.00574	0.00896	0.01206	0.01525	0.10398	0.12118	0.36682	0.03399	0.00718	0.00212	0.00353	0.26937	0.00493	0.00460
1	0.00664	0.00555	0.00625	0.00689	0.04023	0.00481	0.00473	0.00805	0.01190	0.01466	0.08675	0.16732	0.59096	0.01338	0.00628	0.00183	0.00288	0.01140	0.00486	0.00463
2	0.01312	0.01139	0.03403	0.01074	0.01428	0.01134	0.05696	0.15478	0.29470	0.02125	0.01602	0.01894	0.01308	0.07721	0.00705	0.00184	0.00494	0.03761	0.00438	0.19633
3	0.01256	0.53927	0.14141	0.00990	0.01421	0.03357	0.01014	0.01488	0.01097	0.01364	0.04575	0.09205	0.01165	0.00625	0.00447	0.00138	0.02405	0.00460	0.00270	0.00657
4	0.01365	0.09645	0.06352	0.00982	0.01305	0.01180	0.00837	0.28691	0.01523	0.03576	0.01341	0.05810	0.01204	0.12811	0.12532	0.00303	0.00671	0.00544	0.00390	0.08935
5	0.03752	0.63245	0.16207	0.01018	0.01521	0.03973	0.01085	0.01613	0.01088	0.01354	0.00775	0.00899	0.00674	0.00465	0.00372	0.00125	0.00610	0.00304	0.00230	0.00692
6	0.00666	0.00476	0.00638	0.00761	0.00801	0.00448	0.00529	0.00774	0.01034	0.01374	0.02902	0.73210	0.03449	0.01636	0.00681	0.00218	0.00326	0.09154	0.00490	0.00435
7	0.00998	0.00940	0.01586	0.80150	0.03641	0.01175	0.01468	0.01351	0.01057	0.01351	0.00940	0.01409	0.00705	0.00529	0.00529	0.00176	0.00705	0.00470	0.00235	0.00587
8	0.01060	0.02735	0.78682	0.01507	0.02288	0.01228	0.01953	0.01674	0.01116	0.01674	0.00949	0.01116	0.00670	0.00502	0.00502	0.00167	0.00781	0.00391	0.00223	0.00781
9	0.00625	0.00536	0.00536	0.00536	0.00714	0.00446	0.00402	0.00759	0.01205	0.01428	0.05355	0.05088	0.77909	0.01339	0.00625	0.00179	0.00268	0.01116	0.00491	0.00446
10	0.01413	0.81739	0.02770	0.00905	0.01357	0.02092	0.00905	0.01583	0.01074	0.01244	0.00735	0.00848	0.00678	0.00452	0.00339	0.00113	0.00565	0.00283	0.00226	0.00678
11	0.00644	0.00460	0.00613	0.00736	0.00767	0.00429	0.00491	0.00736	0.01012	0.01350	0.02914	0.81076	0.03497	0.01656	0.00675	0.00215	0.00307	0.01503	0.00491	0.00429
12	0.00755	0.00566	0.00850	0.00850	0.00944	0.00661	0.00661	0.00944	0.00850	0.01227	0.01416	0.02077	0.01322	0.03965	0.79326	0.00850	0.01416	0.00566	0.00283	0.00472
13	0.02057	0.01405	0.01540	0.01181	0.01602	0.01528	0.00975	0.66791	0.02359	0.13080	0.01375	0.01338	0.00952	0.00637	0.00529	0.00159	0.00565	0.00483	0.00545	0.00899
14	0.00769	0.00513	0.00577	0.00577	0.00577	0.00513	0.00320	0.00769	0.00769	0.01025	0.01666	0.03460	0.01922	0.81421	0.02691	0.00513	0.00513	0.00769	0.00320	0.00320
15	0.01248	0.01426	0.03119	0.02228	0.02763	0.01337	0.76203	0.01693	0.01248	0.01693	0.01070	0.01426	0.00802	0.00446	0.00624	0.00178	0.00891	0.00624	0.00267	0.00713
16	0.85155	0.01022	0.00777	0.00695	0.01022	0.01186	0.00573	0.01554	0.00900	0.02372	0.00736	0.00859	0.00573	0.00491	0.00327	0.00164	0.00409	0.00286	0.00327	0.00573
17	0.00644	0.00460	0.00613	0.00736	0.00767	0.00429	0.00491	0.00736	0.01012	0.01350	0.02914	0.81076	0.03497	0.01656	0.00675	0.00215	0.00307	0.01503	0.00491	0.00429
18	0.00704	0.05278	0.00762	0.00762	0.00824	0.00546	0.00539	0.00812	0.01018	0.01349	0.02716	0.69475	0.03216	0.01674	0.04007	0.00237	0.00378	0.04787	0.00466	0.00449
19	0.01308	0.01256	0.02146	0.03245	0.78123	0.01256	0.01622	0.01622	0.01204	0.01727	0.00994	0.01308	0.00837	0.00471	0.00523	0.00157	0.00628	0.00471	0.00262	0.00837
20	0.01207	0.01345	0.06332	0.06731	0.08453	0.06568	0.08059	0.01418	0.00964	0.01380	0.00810	0.01216	0.00729	0.00835	0.03037	0.00220	0.49362	0.00469	0.00241	0.00626
21	0.01134	0.02515	0.66545	0.01506	0.02209	0.01281	0.04377	0.06497	0.01191	0.01759	0.00959	0.01139	0.00691	0.00534	0.00581	0.00171	0.05484	0.00408	0.00245	0.00775
22	0.79701	0.01017	0.00798	0.00701	0.01037	0.01155	0.00576	0.01540	0.00912	0.02330	0.00749	0.00874	0.00586	0.00484	0.00331	0.00158	0.00408	0.00288	0.00326	0.06028

[dist]
# distance from previous block
# <min> <max>
0	1

[block]
# block no. 2 follows, 46 sequences, length 44
# corresponding to MSA columns:
# 253-296
name=unknown_C
#
# <colnr> <probs for GDERKNQSTAVLIFYWHMCP>
#	G	D	E	R	K	N	Q	S	T	A	V	L	I	F	Y	W	H	M	C	P
0	0.01273	0.01328	0.06929	0.03057	0.71089	0.01231	0.01608	0.01601	0.01198	0.01715	0.01118	0.01406	0.03065	0.00498	0.00525	0.00158	0.00627	0.00485	0.00266	0.00822
1	0.01582	0.04832	0.32579	0.01265	0.01831	0.01094	0.06831	0.06748	0.01342	0.27511	0.01395	0.03158	0.00979	0.00575	0.00513	0.00160	0.00622	0.00477	0.00402	0.06105
2	0.01227	0.01168	0.01985	0.16364	0.62049	0.01207	0.01548	0.01538	0.01170	0.01646	0.01066	0.04693	0.00927	0.00531	0.00531	0.00163	0.00628	0.00514	0.00267	0.00777
3	0.00764	0.00532	0.00676	0.00676	0.00710	0.00566	0.00444	0.00833	0.00798	0.01099	0.01575	0.02956	0.01704	0.53235	0.30578	0.00635	0.00841	0.00695	0.00307	0.00376
4	0.79870	0.06117	0.00903	0.00708	0.01043	0.01243	0.00593	0.01556	0.00911	0.02301	0.00736	0.00858	0.00579	0.00488	0.00328	0.00160	0.00419	0.00286	0.00321	0.00579
5	0.03081	0.10612	0.25108	0.06122	0.01766	0.03955	0.01195	0.08076	0.05301	0.18046	0.06850	0.01501	0.01195	0.00591	0.00496	0.00156	0.00590	0.00465	0.00391	0.04504
6	0.02006	0.00891	0.01124	0.00914	0.01249	0.03764	0.00732	0.03762	0.01458	0.58434	0.05601	0.12649	0.03340	0.00819	0.00555	0.00170	0.00440	0.00686	0.00608	0.00797
7	0.00762	0.00540	0.00717	0.00717	0.00765	0.00589	0.00495	0.00859	0.00810	0.01129	0.01538	0.02751	0.01614	0.41718	0.41973	0.00685	0.00976	0.00665	0.00301	0.00398
8	0.03378	0.01025	0.01775	0.55168	0.07034	0.01196	0.11766	0.01436	0.01087	0.03681	0.01020	0.03175	0.00801	0.00562	0.00600	0.00178	0.04724	0.00511	0.00261	0.00622
9	0.01182	0.01388	0.08097	0.02077	0.08516	0.01218	0.54100	0.01600	0.01230	0.01679	0.01304	0.02048	0.01118	0.00598	0.00622	0.00185	0.00804	0.11242	0.00295	0.00695
10	0.00918	0.00459	0.00689	0.00689	0.00689	0.00459	0.00459	0.00689	0.00689	0.00918	0.00918	0.01607	0.00918	0.01837	0.02066	0.84619	0.00459	0.00459	0.00230	0.00230
11	0.01250	0.01419	0.03078	0.02271	0.05944	0.01333	0.73055	0.01690	0.01246	0.01695	0.01066	0.01421	0.00804	0.00447	0.00620	0.00177	0.00880	0.00617	0.00267	0.00718
12	0.00973	0.01112	0.11804	0.06637	0.24988	0.00894	0.03927	0.01277	0.01233	0.01697	0.17245	0.06737	0.15338	0.00843	0.00577	0.00172	0.00504	0.03023	0.00378	0.00641
13	0.01500	0.69473	0.02573	0.00975	0.01400	0.14046	0.00923	0.01665	0.01140	0.01252	0.00748	0.00864	0.00679	0.00467	0.00360	0.00117	0.00625	0.00292	0.00233	0.00668
14	0.02051	0.00910	0.01194	0.00901	0.01325	0.00759	0.00739	0.02263	0.01408	0.59200	0.01798	0.01623	0.01177	0.00588	0.00496	0.00142	0.00435	0.00477	0.00569	0.21945
15	0.01891	0.00999	0.03825	0.00919	0.01361	0.00804	0.00777	0.05185	0.01402	0.47436	0.01635	0.01522	0.01097	0.00562	0.00484	0.00135	0.00447	0.00452	0.00522	0.28543
16	0.01938	0.07680	0.01581	0.01332	0.01616	0.74269	0.01014	0.02077	0.01471	0.01291	0.00812	0.00946	0.00681	0.00539	0.00468	0.00135	0.00928	0.00337	0.00269	0.00617
17	0.00778	0.00512	0.00573	0.00573	0.00578	0.00512	0.00322	0.00788	0.00783	0.01064	0.01668	0.03398	0.01899	0.78081	0.02595	0.00496	0.00502	0.00757	0.03794	0.00327
18	0.01315	0.01328	0.04105	0.00988	0.01253	0.20956	0.03269	0.15299	0.01534	0.01895	0.11299	0.05826	0.19342	0.00858	0.00543	0.00158	0.00540	0.00693	0.08193	0.00605
19	0.00625	0.00536	0.00536	0.00536	0.00714	0.00446	0.00402	0.00759	0.01205	0.01428	0.05355	0.05088	0.77909	0.01339	0.00625	0.00179	0.00268	0.01116	0.00491	0.00446
20	0.01413	0.81739	0.02770	0.00905	0.01357	0.02092	0.00905	0.01583	0.01074	0.01244	0.00735	0.00848	0.00678	0.00452	0.00339	0.00113	0.00565	0.00283	0.00226	0.00678
21	0.82562	0.03522	0.00839	0.00702	0.01033	0.01214	0.00583	0.01555	0.00905	0.02337	0.00736	0.00858	0.00576	0.00490	0.00328	0.00162	0.00414	0.00286	0.00324	0.00576
22	0.01185	0.01203	0.01615	0.01387	0.01396	0.04273	0.01152	0.01301	0.00833	0.01273	0.00698	0.01150	0.00694	0.00912	0.01692	0.00228	0.77737	0.00458	0.00233	0.00579
23	0.00756	0.00564	0.00839	0.00839	0.00930	0.00655	0.00647	0.00937	0.00846	0.01219	0.01426	0.02131	0.01345	0.07005	0.76318	0.00836	0.01381	0.00574	0.00285	0.00466
24	0.01096	0.00940	0.01096	0.00783	0.01253	0.00705	0.00626	0.01331	0.01096	0.01723	0.00940	0.01096	0.00783	0.00392	0.00392	0.00078	0.00392	0.00313	0.00313	0.84653
25	0.00851	0.00563	0.00739	0.00682	0.00825	0.00516	0.00516	0.01097	0.01497	0.06940	0.73063	0.03813	0.04756	0.01054	0.00618	0.00166	0.00262	0.00929	0.00587	0.00524
26	0.01006	0.00955	0.01633	0.77745	0.03614	0.01180	0.03775	0.01361	0.01063	0.01361	0.00944	0.01410	0.00708	0.00526	0.00531	0.00176	0.00710	0.00475	0.00236	0.00591
27	0.01071	0.02663	0.74571	0.01546	0.02314	0.01234	0.05993	0.01675	0.01123	0.01675	0.00955	0.01133	0.00677	0.00499	0.00509	0.00168	0.00787	0.00403	0.00226	0.00778
28	0.00644	0.00460	0.00613	0.00736	0.00767	0.00429	0.00491	0.00736	0.01012	0.01350	0.02914	0.81076	0.03497	0.01656	0.00675	0.00215	0.00307	0.01503	0.00491	0.00429
29	0.00918	0.00459	0.00689	0.00689	0.00689	0.00459	0.00459	0.00689	0.00689	0.00918	0.00918	0.01607	0.00918	0.01837	0.02066	0.84619	0.00459	0.00459	0.00230	0.00230
30	0.06590	0.15907	0.18469	0.01099	0.01573	0.01251	0.02631	0.08899	0.03748	0.27750	0.04364	0.01443	0.01105	0.00593	0.00509	0.00157	0.02241	0.00456	0.00429	0.00786
31	0.00998	0.00940	0.01586	0.80150	0.03641	0.01175	0.01468	0.01351	0.01057	0.01351	0.00940	0.01409	0.00705	0.00529	0.00529	0.00176	0.00705	0.00470	0.00235	0.00587
32	0.02372	0.00900	0.01227	0.00941	0.01350	0.00777	0.00777	0.02576	0.01513	0.78489	0.02086	0.01799	0.01309	0.00654	0.00532	0.00164	0.00450	0.00532	0.00654	0.00900
33	0.03445	0.01177	0.04670	0.45625	0.10862	0.01252	0.16826	0.06811	0.01211	0.01640	0.00990	0.01367	0.00747	0.00511	0.00541	0.00173	0.00721	0.00494	0.00267	0.00668
34	0.13465	0.03369	0.01438	0.01160	0.01515	0.25158	0.00928	0.39555	0.01894	0.02494	0.01061	0.01129	0.00797	0.00583	0.00476	0.00150	0.00660	0.00405	0.03013	0.00750
35	0.01018	0.00524	0.00527	0.00515	0.00648	0.00529	0.00389	0.03583	0.01152	0.02014	0.01710	0.01949	0.01341	0.00617	0.00375	0.00124	0.00257	0.00492	0.81733	0.00505
36	0.00918	0.00459	0.00689	0.00689	0.00689	0.00459	0.00459	0.00689	0.00689	0.00918	0.00918	0.01607	0.00918	0.01837	0.02066	0.84619	0.00459	0.00459	0.00230	0.00230
37	0.01471	0.14403	0.17059	0.01236	0.01678	0.17547	0.04027	0.10299	0.18021	0.01827	0.01199	0.01272	0.00928	0.00613	0.01754	0.00161	0.00676	0.00426	0.00344	0.05061
38	0.09111	0.01193	0.01757	0.22452	0.35801	0.02527	0.02620	0.10013	0.06081	0.01893	0.01059	0.01327	0.00831	0.00522	0.00509	0.00164	0.00619	0.00463	0.00309	0.00749
39	0.00631	0.00536	0.00544	0.00542	0.00718	0.00449	0.00406	0.00770	0.01219	0.01461	0.08749	0.05034	0.74495	0.01327	0.00625	0.00178	0.00267	0.01108	0.00495	0.00449
40	0.00644	0.00460	0.00613	0.00736	0.00767	0.00429	0.00491	0.00736	0.01012	0.01350	0.02914	0.81076	0.03497	0.01656	0.00675	0.00215	0.00307	0.01503	0.00491	0.00429
41	0.05223	0.02868	0.06066	0.02593	0.01373	0.08164	0.00844	0.07400	0.09140	0.31264	0.09686	0.07622	0.03916	0.00762	0.00535	0.00166	0.00493	0.00622	0.00516	0.00746
42	0.01223	0.01182	0.01617	0.01375	0.01408	0.01621	0.01145	0.07122	0.00940	0.01433	0.00739	0.01165	0.00710	0.00903	0.01641	0.00226	0.74231	0.00464	0.00254	0.00603
43	0.01198	0.14265	0.48532	0.01484	0.02112	0.02999	0.10883	0.04534	0.01168	0.01643	0.00925	0.01119	0.00698	0.00520	0.00571	0.00164	0.05787	0.00410	0.00242	0.00746

[dist]
# distance from previous block
# <min> <max>
0	1

[block]
# block no. 3 follows, 46 sequences, length 24
# corresponding to MSA columns:
# 298-321
name=unknown_D
#
# <colnr> <probs for GDERKNQSTAVLIFYWHMCP>
#	G	D	E	R	K	N	Q	S	T	A	V	L	I	F	Y	W	H	M	C	P
0	0.32534	0.01312	0.01289	0.01025	0.01413	0.01473	0.00846	0.48898	0.01903	0.02979	0.01074	0.01119	0.00779	0.00582	0.00455	0.00160	0.00518	0.00406	0.00455	0.00779
1	0.01267	0.01289	0.06013	0.25331	0.41635	0.03593	0.01502	0.06157	0.04911	0.01722	0.01043	0.01347	0.00826	0.00514	0.00523	0.00164	0.00656	0.00469	0.00282	0.00758
2	0.02010	0.01481	0.01587	0.01216	0.01639	0.01639	0.01005	0.76360	0.02486	0.03332	0.01269	0.01269	0.00899	0.00635	0.00529	0.00159	0.00582	0.00476	0.00529	0.00899
3	0.00732	0.00540	0.00684	0.00648	0.00780	0.00492	0.00486	0.00966	0.01458	0.02029	0.68281	0.04099	0.14608	0.01115	0.00624	0.00168	0.00252	0.00977	0.00570	0.00492
4	0.00644	0.00460	0.00613	0.00736	0.00767	0.00429	0.00491	0.00736	0.01012	0.01350	0.02914	0.81076	0.03497	0.01656	0.00675	0.00215	0.00307	0.01503	0.00491	0.00429
5	0.00748	0.00540	0.00707	0.00665	0.00790	0.00499	0.00499	0.00998	0.01496	0.02120	0.77844	0.03949	0.04988	0.01081	0.00624	0.00166	0.00249	0.00956	0.00582	0.00499
6	0.00748	0.00540	0.00707	0.00665	0.00790	0.00499	0.00499	0.00998	0.01496	0.02120	0.77844	0.03949	0.04988	0.01081	0.00624	0.00166	0.00249	0.00956	0.00582	0.00499
7	0.02372	0.00900	0.01227	0.00941	0.01350	0.00777	0.00777	0.02576	0.01513	0.78489	0.02086	0.01799	0.01309	0.00654	0.00532	0.00164	0.00450	0.00532	0.00654	0.00900
8	0.01157	0.01157	0.01619	0.01388	0.01388	0.01619	0.01157	0.01272	0.00810	0.01272	0.00694	0.01157	0.00694	0.00925	0.01735	0.00231	0.80453	0.00463	0.00231	0.00578
9	0.01975	0.02520	0.01498	0.01362	0.01634	0.79299	0.01021	0.02111	0.01498	0.01294	0.00817	0.00953	0.00681	0.00545	0.00477	0.00136	0.00953	0.00340	0.00272	0.00613
10	0.02372	0.00900	0.01227	0.00941	0.01350	0.00777	0.00777	0.02576	0.01513	0.78489	0.02086	0.01799	0.01309	0.00654	0.00532	0.00164	0.00450	0.00532	0.00654	0.00900
11	0.00742	0.00540	0.00697	0.00658	0.00786	0.00496	0.00494	0.00985	0.01481	0.02083	0.73933	0.04010	0.08923	0.01095	0.00624	0.00167	0.00250	0.00965	0.00577	0.00496
12	0.01975	0.02520	0.01498	0.01362	0.01634	0.79299	0.01021	0.02111	0.01498	0.01294	0.00817	0.00953	0.00681	0.00545	0.00477	0.00136	0.00953	0.00340	0.00272	0.00613
13	0.01248	0.01426	0.03119	0.02228	0.02763	0.01337	0.76203	0.01693	0.01248	0.01693	0.01070	0.01426	0.00802	0.00446	0.00624	0.00178	0.00891	0.00624	0.00267	0.00713
14	0.02372	0.00900	0.01227	0.00941	0.01350	0.00777	0.00777	0.02576	0.01513	0.78489	0.02086	0.01799	0.01309	0.00654	0.00532	0.00164	0.00450	0.00532	0.00654	0.00900
15	0.00644	0.00460	0.00613	0.00736	0.00767	0.00429	0.00491	0.00736	0.01012	0.01350	0.02914	0.81076	0.03497	0.01656	0.00675	0.00215	0.00307	0.01503	0.00491	0.00429
16	0.00724	0.00538	0.00675	0.00653	0.00783	0.00489	0.00490	0.00945	0.01414	0.01944	0.59166	0.07579	0.18338	0.01164	0.00629	0.00173	0.00262	0.02992	0.00559	0.00486
17	0.02343	0.00946	0.01256	0.00963	0.01373	0.00846	0.00795	0.08462	0.01591	0.72495	0.02021	0.01757	0.01276	0.00653	0.00531	0.00163	0.00460	0.00527	0.00644	0.00900
18	0.01344	0.01150	0.01212	0.01082	0.01386	0.01329	0.00844	0.05923	0.74007	0.02259	0.02114	0.01943	0.01584	0.00714	0.00538	0.00178	0.00425	0.00593	0.00538	0.00839
19	0.02325	0.00975	0.01274	0.00976	0.01387	0.00889	0.00807	0.12182	0.01640	0.68705	0.01979	0.01730	0.01255	0.00652	0.00531	0.00163	0.00467	0.00524	0.00638	0.00900
20	0.00739	0.00569	0.00632	0.00651	0.00807	0.00512	0.00486	0.00949	0.05469	0.03965	0.04367	0.21856	0.49915	0.01360	0.00634	0.00190	0.00304	0.05615	0.00499	0.00482
21	0.85155	0.01022	0.00777	0.00695	0.01022	0.01186	0.00573	0.01554	0.00900	0.02372	0.00736	0.00859	0.00573	0.00491	0.00327	0.00164	0.00409	0.00286	0.00327	0.00573
22	0.00644	0.00460	0.00613	0.00736	0.00767	0.00429	0.00491	0.00736	0.01012	0.01350	0.02914	0.81076	0.03497	0.01656	0.00675	0.00215	0.00307	0.01503	0.00491	0.00429
23	0.74262	0.01045	0.00862	0.00750	0.01079	0.01199	0.00618	0.05604	0.01004	0.04332	0.00804	0.00919	0.00617	0.00511	0.00381	0.00163	0.02487	0.00308	0.00344	0.02711

[dist]
# distance from previous block
# <min> <max>
0	3

[block]
# block no. 4 follows, 46 sequences, length 22
# corresponding to MSA columns:
# 325-346
name=unknown_E
#
# <colnr> <probs for GDERKNQSTAVLIFYWHMCP>
#	G	D	E	R	K	N	Q	S	T	A	V	L	I	F	Y	W	H	M	C	P
0	0.00769	0.00513	0.00577	0.00577	0.00577	0.00513	0.00320	0.00769	0.00769	0.01025	0.01666	0.03460	0.01922	0.81421	0.02691	0.00513	0.00513	0.00769	0.00320	0.00320
1	0.01031	0.00985	0.01593	0.63702	0.03171	0.01267	0.01403	0.01334	0.01005	0.01334	0.00888	0.01357	0.00702	0.00611	0.00780	0.00188	0.17359	0.00468	0.00234	0.00585
2	0.00847	0.00690	0.00863	0.02161	0.02339	0.00676	0.03492	0.05916	0.08518	0.01704	0.13220	0.23296	0.29300	0.01298	0.03025	0.00205	0.00383	0.01044	0.00486	0.00536
3	0.00644	0.00460	0.00613	0.00736	0.00767	0.00429	0.00491	0.00736	0.01012	0.01350	0.02914	0.81076	0.03497	0.01656	0.00675	0.00215	0.00307	0.01503	0.00491	0.00429
4	0.00652	0.00466	0.00620	0.00731	0.00768	0.00434	0.00491	0.00755	0.01047	0.01405	0.08319	0.75512	0.03604	0.01615	0.00671	0.00211	0.00303	0.01463	0.00497	0.00434
5	0.01483	0.01316	0.02724	0.01959	0.02468	0.01220	0.60452	0.01878	0.01303	0.17731	0.01282	0.01504	0.00908	0.00489	0.00605	0.00175	0.00799	0.00605	0.00348	0.00752
6	0.02002	0.01698	0.01568	0.01247	0.01638	0.17857	0.01008	0.60855	0.02279	0.02906	0.01175	0.01203	0.00854	0.00616	0.00518	0.00154	0.00659	0.00448	0.00475	0.00839
7	0.01858	0.19063	0.01764	0.01266	0.01576	0.63175	0.00997	0.02001	0.01410	0.01283	0.00800	0.00931	0.00680	0.00525	0.00448	0.00131	0.00872	0.00328	0.00263	0.00627
8	0.00985	0.00493	0.00493	0.00493	0.00616	0.00493	0.00370	0.01232	0.01109	0.01971	0.01725	0.01971	0.01355	0.00616	0.00370	0.00123	0.00246	0.00493	0.84356	0.00493
9	0.85155	0.01022	0.00777	0.00695	0.01022	0.01186	0.00573	0.01554	0.00900	0.02372	0.00736	0.00859	0.00573	0.00491	0.00327	0.00164	0.00409	0.00286	0.00327	0.00573
10	0.00883	0.00575	0.00722	0.00665	0.00829	0.00515	0.00506	0.01104	0.01437	0.09534	0.55209	0.03974	0.19852	0.01092	0.00615	0.00169	0.00273	0.00947	0.00570	0.00528
11	0.01936	0.01444	0.01545	0.01202	0.01612	0.01605	0.00987	0.68612	0.10353	0.03214	0.01362	0.01343	0.00974	0.00643	0.00530	0.00161	0.00565	0.00489	0.00530	0.00892
12	0.01087	0.00615	0.00815	0.00723	0.00907	0.00557	0.00557	0.01327	0.01500	0.18069	0.62023	0.03500	0.04220	0.00992	0.00604	0.00166	0.00291	0.00867	0.00597	0.00583
13	0.00644	0.00481	0.00599	0.00686	0.00756	0.00436	0.00470	0.00753	0.01079	0.01402	0.06829	0.59901	0.20927	0.01556	0.00661	0.00204	0.00295	0.01388	0.00495	0.00436
14	0.01276	0.64787	0.02369	0.00893	0.01271	0.01793	0.00854	0.01450	0.01027	0.01240	0.00877	0.01105	0.00813	0.01186	0.16834	0.00267	0.00743	0.00342	0.00238	0.00635
15	0.00761	0.00519	0.00603	0.00594	0.00625	0.00508	0.00360	0.00816	0.00932	0.01264	0.17670	0.03604	0.04538	0.62561	0.02205	0.00432	0.00451	0.00817	0.00379	0.00361
16	0.01442	0.01433	0.01190	0.01076	0.01353	0.23322	0.00826	0.02308	0.41905	0.04569	0.03753	0.02107	0.10941	0.00751	0.00533	0.00166	0.00549	0.00594	0.00462	0.00720
17	0.01134	0.01046	0.01521	0.01093	0.01571	0.00853	0.16415	0.01447	0.03181	0.01730	0.00999	0.01189	0.00809	0.00412	0.00444	0.00102	0.00497	0.00386	0.00310	0.64861
18	0.03834	0.01234	0.02207	0.27026	0.07385	0.03826	0.32630	0.03090	0.01184	0.04201	0.01029	0.01381	0.00783	0.00524	0.00638	0.00176	0.06046	0.00527	0.01610	0.00670
19	0.01662	0.01277	0.01215	0.01000	0.01346	0.17251	0.00788	0.09045	0.07516	0.21061	0.03079	0.03141	0.02445	0.03648	0.00580	0.00155	0.00545	0.03058	0.00447	0.20741
20	0.08424	0.18875	0.23084	0.03238	0.05195	0.04134	0.03706	0.20173	0.01466	0.05513	0.01018	0.01127	0.00762	0.00529	0.00466	0.00152	0.00641	0.00398	0.00333	0.00766
21	0.52725	0.21793	0.05609	0.00800	0.01178	0.01377	0.00737	0.01574	0.01002	0.04360	0.04232	0.01037	0.00825	0.00513	0.00359	0.00151	0.00464	0.00329	0.00317	0.00618

[dist]
# distance from previous block
# <min> <max>
0	2

[block]
# block no. 5 follows, 46 sequences, length 7
# corresponding to MSA columns:
# 349-355
name=unknown_F
#
# <colnr> <probs for GDERKNQSTAVLIFYWHMCP>
#	G	D	E	R	K	N	Q	S	T	A	V	L	I	F	Y	W	H	M	C	P
0	0.51522	0.01094	0.05838	0.13701	0.03659	0.01141	0.00847	0.05241	0.01060	0.02128	0.04386	0.05379	0.00976	0.00592	0.00418	0.00168	0.00482	0.00432	0.00334	0.00601
1	0.01482	0.01153	0.01295	0.05712	0.01504	0.01195	0.00834	0.34541	0.10598	0.02390	0.01309	0.01559	0.01055	0.09624	0.00735	0.00180	0.00511	0.00479	0.00431	0.23414
2	0.01199	0.01000	0.01151	0.00832	0.01296	0.00809	0.00669	0.09738	0.01252	0.01903	0.00977	0.01116	0.00796	0.00419	0.00407	0.00087	0.00413	0.00331	0.00337	0.75269
3	0.01349	0.05946	0.01425	0.01137	0.01321	0.05822	0.00926	0.19475	0.03843	0.03680	0.01287	0.06175	0.02707	0.03537	0.12609	0.00295	0.26911	0.00553	0.00357	0.00646
4	0.00707	0.00571	0.00633	0.00612	0.00778	0.00513	0.00460	0.00958	0.05545	0.01718	0.30938	0.04509	0.47739	0.01212	0.00620	0.00174	0.00270	0.01030	0.00526	0.00487
5	0.01116	0.00656	0.00713	0.05567	0.00942	0.00692	0.00522	0.11443	0.01278	0.02077	0.01611	0.01905	0.01277	0.04106	0.00502	0.00148	0.00332	0.00501	0.64064	0.00546
6	0.00650	0.00467	0.00607	0.00716	0.00753	0.00435	0.00476	0.00739	0.01009	0.01336	0.02980	0.72481	0.07556	0.06118	0.00785	0.00229	0.00316	0.01440	0.00481	0.00424

[dist]
# distance from previous block
# <min> <max>
12	16

[block]
# block no. 6 follows, 46 sequences, length 19
# corresponding to MSA columns:
# 372-390
name=unknown_G
#
# <colnr> <probs for GDERKNQSTAVLIFYWHMCP>
#	G	D	E	R	K	N	Q	S	T	A	V	L	I	F	Y	W	H	M	C	P
0	0.43288	0.06646	0.01153	0.00848	0.01221	0.01171	0.00711	0.10532	0.01291	0.26709	0.01229	0.01206	0.00853	0.00557	0.00417	0.00159	0.00453	0.00386	0.00448	0.00722
1	0.75431	0.01220	0.09785	0.00789	0.01169	0.01191	0.00732	0.01568	0.00925	0.02291	0.00761	0.00889	0.00584	0.00492	0.00347	0.00164	0.00452	0.00298	0.00315	0.00597
2	0.00957	0.00884	0.01473	0.70968	0.03309	0.01088	0.01355	0.01280	0.01052	0.01351	0.01168	0.10621	0.01028	0.00659	0.00545	0.00181	0.00659	0.00589	0.00264	0.00569
3	0.01248	0.01320	0.07755	0.13475	0.60117	0.01245	0.01603	0.01624	0.03405	0.01686	0.01018	0.01327	0.00830	0.00488	0.00523	0.00161	0.00644	0.00469	0.00263	0.00799
4	0.01803	0.01083	0.01252	0.01039	0.01395	0.01143	0.00833	0.11010	0.39442	0.31886	0.02027	0.01826	0.01415	0.00684	0.00534	0.00171	0.00449	0.00558	0.00582	0.00868
5	0.03603	0.01424	0.01473	0.07073	0.01706	0.07413	0.00989	0.50841	0.12035	0.02783	0.01379	0.04464	0.01057	0.00668	0.00527	0.00163	0.00583	0.00517	0.00483	0.00820
6	0.01359	0.10566	0.01994	0.07472	0.49706	0.05467	0.01370	0.02973	0.05617	0.03425	0.01078	0.01319	0.00880	0.00504	0.00495	0.00152	0.00610	0.00452	0.03782	0.00779
7	0.01037	0.00998	0.01781	0.64580	0.03377	0.01172	0.13180	0.01400	0.01089	0.01430	0.00993	0.01435	0.00747	0.00519	0.00537	0.00174	0.00715	0.00495	0.03737	0.00603
8	0.00631	0.00529	0.00548	0.00558	0.00721	0.00446	0.00413	0.00765	0.01197	0.01444	0.07568	0.12068	0.68584	0.01359	0.00629	0.00181	0.00271	0.01146	0.00494	0.00446
9	0.00655	0.00534	0.00580	0.00575	0.00734	0.00458	0.00429	0.00815	0.01268	0.01592	0.22715	0.07788	0.57436	0.01289	0.00626	0.00177	0.00265	0.01092	0.00513	0.00458
10	0.00653	0.00464	0.00611	0.00725	0.00754	0.00435	0.00479	0.00738	0.00995	0.01327	0.02827	0.75682	0.03387	0.07200	0.00815	0.00235	0.00321	0.01452	0.00479	0.00422
11	0.00926	0.00581	0.00759	0.00691	0.00850	0.00528	0.00526	0.01166	0.01487	0.10692	0.66601	0.03750	0.07304	0.01042	0.00613	0.00166	0.00273	0.00914	0.00587	0.00542
12	0.01052	0.00594	0.00604	0.00580	0.00732	0.00620	0.00441	0.03492	0.09941	0.02036	0.01761	0.01952	0.01372	0.00628	0.00393	0.00131	0.00276	0.00504	0.72345	0.00544
13	0.01202	0.01265	0.01948	0.01570	0.01719	0.05406	0.19586	0.01404	0.00954	0.01375	0.00824	0.01253	0.00747	0.00922	0.04802	0.00241	0.53428	0.00501	0.00245	0.00609
14	0.82050	0.01018	0.00794	0.00704	0.01035	0.01171	0.00580	0.01592	0.00923	0.05227	0.00787	0.00894	0.00600	0.00497	0.00335	0.00164	0.00410	0.00295	0.00339	0.00585
15	0.01793	0.01106	0.01478	0.01145	0.01523	0.01108	0.09843	0.25001	0.07661	0.28536	0.11209	0.01963	0.03745	0.00700	0.00556	0.00166	0.00511	0.00600	0.00547	0.00810
16	0.11421	0.01141	0.01209	0.01046	0.01365	0.01288	0.02313	0.13306	0.49694	0.02331	0.01877	0.04213	0.02755	0.00704	0.00515	0.00173	0.00444	0.00572	0.00497	0.03137
17	0.01325	0.17367	0.17167	0.01610	0.02098	0.07630	0.30485	0.01685	0.01187	0.04512	0.01035	0.01372	0.00834	0.00543	0.00611	0.00166	0.06310	0.03090	0.00271	0.00701
18	0.12376	0.05929	0.01462	0.06611	0.01628	0.12633	0.00949	0.35326	0.10540	0.02456	0.01212	0.01329	0.00925	0.00689	0.02417	0.00175	0.00621	0.01541	0.00423	0.00759

[dist]
# distance from previous block
# <min> <max>
1	20

[block]
# block no. 7 follows, 46 sequences, length 51
# corresponding to MSA columns:
# 411-461
name=unknown_H
#
# <colnr> <probs for GDERKNQSTAVLIFYWHMCP>
#	G	D	E	R	K	N	Q	S	T	A	V	L	I	F	Y	W	H	M	C	P
0	0.01347	0.38323	0.03128	0.01069	0.04305	0.15703	0.00888	0.02632	0.01142	0.02820	0.01120	0.08584	0.01075	0.01205	0.14255	0.00260	0.00765	0.00473	0.00283	0.00623
1	0.12638	0.01733	0.28856	0.02773	0.03768	0.01208	0.24077	0.03777	0.01192	0.08149	0.01135	0.02979	0.00869	0.00553	0.00555	0.00174	0.02445	0.02087	0.00307	0.00726
2	0.01269	0.01084	0.01196	0.00894	0.01336	0.05300	0.01954	0.06287	0.06600	0.04656	0.01083	0.01192	0.00863	0.00449	0.00424	0.00099	0.00448	0.00358	0.00352	0.64153
3	0.00770	0.00550	0.00756	0.00869	0.00957	0.00536	0.00699	0.00958	0.01158	0.01527	0.07119	0.33473	0.03320	0.01511	0.00704	0.00228	0.00407	0.43499	0.00494	0.00466
4	0.01886	0.11148	0.01646	0.01337	0.03043	0.65473	0.01015	0.04041	0.03209	0.01372	0.00854	0.00980	0.00711	0.00540	0.00465	0.00136	0.00882	0.00346	0.00280	0.00637
5	0.00825	0.00592	0.00816	0.00910	0.01031	0.00583	0.00778	0.01062	0.01252	0.01652	0.14110	0.08008	0.04986	0.01407	0.00710	0.00230	0.00441	0.59621	0.00501	0.00486
6	0.00644	0.00460	0.00613	0.00736	0.00767	0.00429	0.00491	0.00736	0.01012	0.01350	0.02914	0.81076	0.03497	0.01656	0.00675	0.00215	0.00307	0.01503	0.00491	0.00429
7	0.85155	0.01022	0.00777	0.00695	0.01022	0.01186	0.00573	0.01554	0.00900	0.02372	0.00736	0.00859	0.00573	0.00491	0.00327	0.00164	0.00409	0.00286	0.00327	0.00573
8	0.05736	0.00931	0.02589	0.00772	0.00967	0.11862	0.00601	0.01229	0.05407	0.01801	0.34692	0.04583	0.24815	0.01020	0.00579	0.00167	0.00387	0.00851	0.00485	0.00528
9	0.00625	0.00536	0.00536	0.00536	0.00714	0.00446	0.00402	0.00759	0.01205	0.01428	0.05355	0.05088	0.77909	0.01339	0.00625	0.00179	0.00268	0.01116	0.00491	0.00446
10	0.01247	0.01410	0.03031	0.02232	0.05297	0.01345	0.70886	0.01675	0.01230	0.01679	0.01053	0.01412	0.00799	0.00464	0.00661	0.00179	0.03807	0.00613	0.00266	0.00712
11	0.02075	0.01344	0.01498	0.01152	0.01569	0.01440	0.00950	0.58290	0.03894	0.20084	0.01471	0.01403	0.01006	0.00641	0.00530	0.00160	0.00549	0.00491	0.00557	0.00898
12	0.06126	0.01335	0.02750	0.05072	0.02567	0.01270	0.61957	0.01754	0.01245	0.08855	0.01140	0.01428	0.00832	0.00471	0.00595	0.00176	0.00815	0.00590	0.00305	0.00717
13	0.01308	0.01256	0.02146	0.03245	0.78123	0.01256	0.01622	0.01622	0.01204	0.01727	0.00994	0.01308	0.00837	0.00471	0.00523	0.00157	0.00628	0.00471	0.00262	0.00837
14	0.01117	0.00956	0.00993	0.00902	0.01156	0.02394	0.00697	0.05366	0.44691	0.02024	0.10090	0.02956	0.22637	0.00914	0.00568	0.00176	0.00378	0.00762	0.00524	0.00698
15	0.02372	0.00900	0.01227	0.00941	0.01350	0.00777	0.00777	0.02576	0.01513	0.78489	0.02086	0.01799	0.01309	0.00654	0.00532	0.00164	0.00450	0.00532	0.00654	0.00900
