[name]
unknown

[dist]
# distance from previous block
# <min> <max>
44	98

[block]
# block no. 0 follows, 44 sequences, length 10
# corresponding to MSA columns:
# 156-165
name=unknown_A
#
# <colnr> <probs for GDERKNQSTAVLIFYWHMCP>
#	G	D	E	R	K	N	Q	S	T	A	V	L	I	F	Y	W	H	M	C	P
0	0.03847	0.06715	0.07180	0.01074	0.02810	0.03384	0.04718	0.10377	0.09890	0.09692	0.01367	0.01517	0.01059	0.04086	0.00575	0.00156	0.00518	0.00461	0.08556	0.22021
1	0.04866	0.01494	0.13030	0.01111	0.01526	0.10516	0.03697	0.10288	0.11651	0.05386	0.05200	0.01872	0.08024	0.02987	0.00583	0.00164	0.00570	0.00538	0.00405	0.16092
2	0.01576	0.01330	0.10747	0.01474	0.09092	0.01143	0.11082	0.18939	0.01580	0.16836	0.05709	0.01970	0.01379	0.05418	0.03966	0.00222	0.00650	0.04078	0.00443	0.02363
3	0.07128	0.05574	0.06772	0.01081	0.01450	0.07767	0.00941	0.21589	0.03014	0.18220	0.03367	0.02076	0.06466	0.00904	0.03996	0.00203	0.02165	0.06052	0.00476	0.00760
4	0.01653	0.21470	0.18678	0.01351	0.01883	0.04741	0.12064	0.15259	0.01500	0.14561	0.01191	0.01268	0.00866	0.00549	0.00504	0.00157	0.00680	0.00448	0.00371	0.00804
5	0.01223	0.12617	0.01884	0.52587	0.03057	0.01411	0.05609	0.08767	0.04638	0.01637	0.01036	0.01383	0.00790	0.00548	0.00523	0.00171	0.00691	0.00472	0.00287	0.00670
6	0.01060	0.00765	0.04299	0.00807	0.01028	0.00657	0.00662	0.01404	0.07897	0.13090	0.31750	0.09064	0.17654	0.01112	0.00628	0.00184	0.00354	0.06425	0.00559	0.00602
7	0.00862	0.00602	0.00748	0.00698	0.00860	0.00534	0.00513	0.01058	0.01337	0.05749	0.40149	0.14441	0.13804	0.07157	0.00783	0.00198	0.00313	0.00985	0.00531	0.08678
8	0.01132	0.06894	0.07328	0.14823	0.09263	0.01272	0.23376	0.01453	0.01119	0.01532	0.01245	0.11031	0.01151	0.00902	0.05224	0.00227	0.10431	0.00647	0.00288	0.00661
9	0.01435	0.33314	0.35664	0.01243	0.01841	0.07043	0.01404	0.01812	0.01202	0.08959	0.00997	0.01100	0.00759	0.00516	0.00453	0.00148	0.00698	0.00370	0.00278	0.00764

[dist]
# distance from previous block
# <min> <max>
0	3

[block]
# block no. 1 follows, 44 sequences, length 15
# corresponding to MSA columns:
# 169-183
name=unknown_B
#
# <colnr> <probs for GDERKNQSTAVLIFYWHMCP>
#	G	D	E	R	K	N	Q	S	T	A	V	L	I	F	Y	W	H	M	C	P
0	0.00747	0.09108	0.00864	0.00762	0.00852	0.00627	0.00545	0.00854	0.01066	0.01386	0.02960	0.66146	0.08997	0.01550	0.00655	0.00207	0.00342	0.01384	0.00477	0.00472
1	0.00702	0.00520	0.00714	0.02949	0.00899	0.00495	0.02137	0.00812	0.01055	0.01404	0.05696	0.64290	0.06154	0.08381	0.00864	0.00242	0.00355	0.01400	0.00482	0.00447
2	0.02014	0.00941	0.01425	0.01186	0.05142	0.00838	0.08774	0.02237	0.01436	0.54863	0.02118	0.08892	0.03150	0.03561	0.00651	0.00188	0.00507	0.00666	0.00582	0.00830
3	0.01253	0.10790	0.46455	0.01769	0.10316	0.01361	0.13413	0.01757	0.01196	0.05202	0.01034	0.01225	0.00762	0.00507	0.00523	0.00167	0.00767	0.00444	0.00262	0.00795
4	0.00859	0.00803	0.08993	0.00795	0.00998	0.00595	0.00681	0.01125	0.01416	0.05339	0.51589	0.14664	0.07776	0.01129	0.00633	0.00179	0.00334	0.00993	0.00546	0.00551
5	0.01149	0.07031	0.62568	0.01741	0.10352	0.01324	0.04955	0.01716	0.01164	0.01708	0.00976	0.01170	0.00715	0.00509	0.00516	0.00169	0.00781	0.00415	0.00236	0.00803
6	0.01073	0.01200	0.09855	0.56140	0.15172	0.01201	0.01555	0.01449	0.01119	0.01490	0.01056	0.04394	0.00853	0.00577	0.00547	0.00179	0.00707	0.00516	0.00255	0.00662
7	0.01181	0.21688	0.59915	0.01404	0.02128	0.01481	0.01754	0.01704	0.01141	0.01620	0.00925	0.01084	0.00693	0.00506	0.00477	0.00159	0.00752	0.00376	0.00231	0.00780
8	0.01235	0.01178	0.02006	0.30655	0.51026	0.01265	0.01616	0.01573	0.01187	0.01642	0.01005	0.01387	0.00815	0.00507	0.00542	0.00169	0.00676	0.00485	0.00260	0.00771
9	0.03074	0.01308	0.02686	0.04260	0.12400	0.01250	0.53333	0.01608	0.01239	0.01716	0.01305	0.10721	0.01150	0.00613	0.00626	0.00185	0.00796	0.00717	0.00303	0.00711
10	0.01121	0.05650	0.06151	0.46762	0.18769	0.01252	0.04375	0.01475	0.01144	0.01513	0.01141	0.01664	0.02172	0.00582	0.00547	0.00177	0.00696	0.03871	0.00265	0.00674
11	0.01188	0.10299	0.62816	0.05852	0.02299	0.01329	0.01824	0.01742	0.01162	0.05178	0.01010	0.01173	0.00724	0.00522	0.00504	0.00167	0.00764	0.00403	0.00252	0.00790
12	0.01067	0.01007	0.01703	0.70555	0.12435	0.01221	0.01533	0.01426	0.01108	0.01439	0.00976	0.01441	0.00743	0.00538	0.00544	0.00179	0.00717	0.00485	0.00246	0.00636
13	0.01274	0.05154	0.56513	0.01642	0.06505	0.06613	0.06834	0.01805	0.01214	0.05969	0.01039	0.01203	0.00748	0.00522	0.00522	0.00168	0.00790	0.00425	0.00264	0.00796
14	0.01300	0.17106	0.43214	0.03210	0.06363	0.01389	0.07958	0.01764	0.01195	0.08026	0.01095	0.01326	0.00830	0.00539	0.00507	0.00164	0.00727	0.02225	0.00281	0.00781

[dist]
# distance from previous block
# <min> <max>
4	16

[block]
# block no. 2 follows, 44 sequences, length 24
# corresponding to MSA columns:
# 200-223
name=unknown_C
#
# <colnr> <probs for GDERKNQSTAVLIFYWHMCP>
#	G	D	E	R	K	N	Q	S	T	A	V	L	I	F	Y	W	H	M	C	P
0	0.01762	0.25871	0.17237	0.01204	0.01722	0.03791	0.07556	0.02065	0.01317	0.30326	0.01361	0.01355	0.00954	0.00558	0.00488	0.00154	0.00624	0.00443	0.00405	0.00808
1	0.03417	0.08350	0.70542	0.01487	0.02255	0.01328	0.01898	0.01716	0.01142	0.01715	0.00957	0.01124	0.00688	0.00514	0.00501	0.00169	0.00779	0.00392	0.00233	0.00792
2	0.01387	0.48826	0.25372	0.01138	0.01701	0.03861	0.01253	0.03830	0.01184	0.02860	0.00875	0.01000	0.00719	0.00491	0.00415	0.00135	0.00653	0.00338	0.00254	0.03707
3	0.01354	0.26308	0.41935	0.01359	0.01976	0.13626	0.03053	0.01769	0.01202	0.01532	0.00893	0.01048	0.00698	0.00508	0.00466	0.00151	0.00769	0.00366	0.00240	0.00745
4	0.01147	0.02489	0.61038	0.01889	0.14426	0.01278	0.06699	0.01719	0.01174	0.01737	0.00994	0.01203	0.00727	0.00509	0.00530	0.00172	0.00788	0.00432	0.00239	0.00810
5	0.01399	0.68610	0.14904	0.01032	0.01553	0.02014	0.01106	0.01648	0.01115	0.01354	0.00793	0.00919	0.00698	0.00475	0.00377	0.00126	0.00619	0.00309	0.00233	0.00717
6	0.01095	0.00668	0.00936	0.00874	0.01026	0.00721	0.00675	0.03956	0.01039	0.13593	0.01593	0.02221	0.01412	0.11777	0.55028	0.00699	0.01168	0.00598	0.00367	0.00557
7	0.00907	0.00680	0.00880	0.00966	0.01100	0.00703	0.00792	0.01330	0.13261	0.01682	0.02806	0.22169	0.03006	0.01428	0.00708	0.00234	0.00449	0.45840	0.00511	0.00547
8	0.66126	0.00979	0.00830	0.03164	0.03425	0.01103	0.00623	0.01467	0.00993	0.02238	0.01537	0.01616	0.12886	0.00647	0.00399	0.00171	0.00415	0.00444	0.00359	0.00578
9	0.00758	0.00557	0.00710	0.00672	0.00806	0.00509	0.00504	0.01003	0.01512	0.02111	0.69597	0.04196	0.12746	0.01143	0.00643	0.00173	0.00259	0.01003	0.00590	0.00509
10	0.34983	0.01328	0.09760	0.13845	0.09921	0.04124	0.03358	0.03667	0.06366	0.02032	0.01148	0.01429	0.02545	0.00583	0.00468	0.00174	0.00578	0.02688	0.00329	0.00674
11	0.03348	0.00987	0.01244	0.13525	0.04404	0.00857	0.00828	0.03379	0.01159	0.01769	0.01020	0.02968	0.00857	0.00468	0.00440	0.00108	0.00468	0.00386	0.00319	0.61465
12	0.00963	0.00553	0.00730	0.00776	0.00866	0.00509	0.00535	0.01067	0.01100	0.13607	0.02732	0.59768	0.03073	0.09889	0.00891	0.00245	0.00362	0.01309	0.00515	0.00509
13	0.00648	0.00540	0.00565	0.00585	0.00745	0.00457	0.00429	0.00779	0.01211	0.01460	0.05119	0.17307	0.65419	0.01433	0.00653	0.00190	0.00283	0.01215	0.00506	0.00457
14	0.01391	0.06164	0.53781	0.01460	0.02126	0.13670	0.03035	0.01882	0.01253	0.08762	0.01058	0.01183	0.00757	0.00536	0.00511	0.00165	0.00794	0.00407	0.00281	0.00783
15	0.01339	0.01285	0.02194	0.05802	0.75064	0.01293	0.01668	0.01664	0.01236	0.01769	0.01024	0.01353	0.00859	0.00488	0.00540	0.00163	0.00650	0.00486	0.00269	0.00855
16	0.00669	0.00495	0.00627	0.00730	0.00793	0.00453	0.00503	0.00777	0.01089	0.01416	0.03467	0.63762	0.17226	0.01640	0.00688	0.00216	0.00316	0.04180	0.00506	0.00448
17	0.01147	0.06818	0.63600	0.01659	0.07907	0.01322	0.03833	0.01760	0.03835	0.01727	0.01017	0.01191	0.00742	0.00519	0.00515	0.00170	0.00772	0.00417	0.00246	0.00805
18	0.06312	0.01178	0.01946	0.27076	0.49693	0.01265	0.01557	0.01581	0.01175	0.01700	0.00992	0.01354	0.00804	0.00506	0.00529	0.00169	0.00659	0.00474	0.00265	0.00766
19	0.01231	0.01619	0.22188	0.12166	0.31440	0.01222	0.11380	0.01635	0.01194	0.03988	0.01123	0.04312	0.00915	0.00583	0.00591	0.02127	0.00713	0.00526	0.00277	0.00770
20	0.01489	0.01670	0.04091	0.08191	0.35886	0.23428	0.01417	0.01739	0.01249	0.01547	0.00918	0.01222	0.00778	0.00588	0.00726	0.00170	0.13448	0.00443	0.00265	0.00733
21	0.01132	0.01095	0.16016	0.01005	0.01299	0.00755	0.03045	0.03700	0.02744	0.14518	0.07695	0.37212	0.05210	0.01158	0.00621	0.00194	0.00460	0.01024	0.00483	0.00633
22	0.01319	0.01568	0.14285	0.06390	0.57137	0.04056	0.01675	0.01722	0.03413	0.01753	0.01043	0.01329	0.00847	0.00504	0.00535	0.00164	0.00682	0.00471	0.00271	0.00834
23	0.03061	0.15931	0.31531	0.01139	0.01608	0.01252	0.01225	0.02498	0.03943	0.05300	0.05542	0.01723	0.01231	0.13456	0.00923	0.00220	0.05022	0.00494	0.00312	0.03590

[dist]
# distance from previous block
# <min> <max>
2	11

[block]
# block no. 3 follows, 44 sequences, length 11
# corresponding to MSA columns:
# 235-245
name=unknown_D
#
# <colnr> <probs for GDERKNQSTAVLIFYWHMCP>
#	G	D	E	R	K	N	Q	S	T	A	V	L	I	F	Y	W	H	M	C	P
0	0.04651	0.00865	0.01289	0.22949	0.05218	0.00963	0.04430	0.06263	0.02666	0.04083	0.01613	0.07318	0.01528	0.06379	0.16033	0.00349	0.00768	0.11681	0.00360	0.00593
1	0.00940	0.04170	0.01015	0.13222	0.01330	0.00810	0.00714	0.05545	0.01001	0.01341	0.01541	0.05972	0.03561	0.23227	0.23731	0.09627	0.00811	0.00654	0.00317	0.00470
2	0.01066	0.09008	0.50804	0.01269	0.01831	0.01134	0.01501	0.01454	0.01047	0.01503	0.01077	0.04396	0.00925	0.05707	0.00919	0.14286	0.00695	0.00473	0.00248	0.00658
3	0.01118	0.13186	0.61925	0.01403	0.02111	0.01328	0.01753	0.01660	0.01176	0.01702	0.06841	0.01340	0.01036	0.00557	0.00505	0.00165	0.00733	0.00433	0.00259	0.00769
4	0.01251	0.09762	0.01379	0.03173	0.01408	0.00996	0.00744	0.09130	0.01269	0.01870	0.00996	0.01160	0.00822	0.00547	0.02669	0.00119	0.00484	0.00349	0.00333	0.61539
5	0.01576	0.01280	0.01356	0.01154	0.01501	0.01459	0.00916	0.25180	0.53814	0.02635	0.01940	0.01812	0.01438	0.00714	0.00552	0.00178	0.00483	0.00578	0.00552	0.00883
6	0.01458	0.81168	0.02857	0.00933	0.01399	0.02157	0.00933	0.01632	0.01108	0.01283	0.00758	0.00875	0.00700	0.00466	0.00350	0.00117	0.00583	0.00292	0.00233	0.00700
7	0.01919	0.01412	0.01527	0.01200	0.01593	0.01555	0.00978	0.67458	0.02398	0.03213	0.01494	0.09943	0.01219	0.00769	0.00562	0.00170	0.00569	0.00606	0.00541	0.00874
8	0.01383	0.65216	0.18160	0.01059	0.01595	0.01976	0.01153	0.01652	0.01117	0.01373	0.00803	0.00931	0.00698	0.00477	0.00384	0.00128	0.00628	0.00314	0.00233	0.00721
9	0.01877	0.04146	0.04135	0.01225	0.01649	0.01626	0.01031	0.56247	0.17160	0.03078	0.01461	0.01433	0.01058	0.00661	0.00540	0.00167	0.00573	0.00506	0.00526	0.00903
10	0.01348	0.57503	0.25559	0.01120	0.01689	0.01888	0.01259	0.01661	0.01121	0.01417	0.00825	0.00958	0.00697	0.00482	0.00401	0.00134	0.00650	0.00325	0.00232	0.00732

[dist]
# distance from previous block
# <min> <max>
3	9

[block]
# block no. 4 follows, 44 sequences, length 26
# corresponding to MSA columns:
# 255-280
name=unknown_E
#
# <colnr> <probs for GDERKNQSTAVLIFYWHMCP>
#	G	D	E	R	K	N	Q	S	T	A	V	L	I	F	Y	W	H	M	C	P
0	0.03226	0.07099	0.01396	0.08050	0.04030	0.05072	0.03610	0.03515	0.03937	0.07800	0.01310	0.04328	0.01138	0.00824	0.03824	0.04572	0.00566	0.05197	0.00358	0.30147
1	0.01255	0.33350	0.40871	0.07213	0.02072	0.03566	0.01529	0.01676	0.01139	0.01518	0.00888	0.01061	0.00697	0.00501	0.00454	0.00151	0.00717	0.00364	0.00234	0.00745
2	0.08667	0.10565	0.20968	0.01127	0.01638	0.03149	0.01131	0.06705	0.04085	0.34425	0.01499	0.01437	0.01015	0.00596	0.00499	0.00163	0.00581	0.00455	0.00462	0.00833
3	0.00927	0.06959	0.07565	0.00816	0.01052	0.04208	0.00709	0.01146	0.01300	0.04485	0.21218	0.13025	0.26193	0.01159	0.00616	0.00182	0.00403	0.07011	0.00480	0.00548
4	0.01404	0.07197	0.08258	0.17473	0.22916	0.16809	0.08923	0.01820	0.06936	0.01610	0.01053	0.01311	0.00835	0.00531	0.00528	0.00163	0.00750	0.00464	0.00283	0.00737
5	0.01283	0.01375	0.08352	0.13879	0.60949	0.01281	0.01679	0.01638	0.01213	0.01722	0.01014	0.01348	0.00830	0.00497	0.00539	0.00166	0.00672	0.00479	0.00263	0.00823
6	0.04083	0.01025	0.01604	0.53148	0.12732	0.02650	0.01383	0.01418	0.02252	0.01455	0.00968	0.01419	0.00770	0.00668	0.00737	0.06541	0.05803	0.00476	0.00254	0.00614
7	0.01211	0.01168	0.13502	0.01004	0.01269	0.05830	0.03942	0.03001	0.01186	0.11179	0.12604	0.04168	0.03186	0.14404	0.03955	0.10534	0.03525	0.00643	0.03114	0.00574
8	0.01218	0.34256	0.28629	0.04100	0.01795	0.01529	0.03834	0.03952	0.01167	0.01543	0.01188	0.12206	0.01117	0.00668	0.00481	0.00157	0.00641	0.00533	0.00282	0.00706
9	0.01193	0.10532	0.17498	0.01160	0.01566	0.02696	0.09420	0.07563	0.03515	0.05872	0.15134	0.06982	0.11519	0.00835	0.00570	0.00172	0.00553	0.02125	0.00416	0.00678
10	0.00894	0.00552	0.00640	0.00626	0.00654	0.00543	0.00368	0.00912	0.00853	0.06035	0.01799	0.06652	0.02009	0.72369	0.02544	0.00493	0.00516	0.00808	0.00360	0.00374
11	0.01292	0.13154	0.40633	0.01777	0.11381	0.08856	0.12033	0.01753	0.01213	0.01637	0.00958	0.01166	0.00733	0.00503	0.00513	0.00162	0.00789	0.00426	0.00247	0.00772
12	0.01246	0.01189	0.02025	0.28067	0.53530	0.01268	0.01622	0.01582	0.01192	0.01655	0.01007	0.01383	0.00819	0.00505	0.00541	0.00168	0.00673	0.00485	0.00261	0.00780
13	0.01406	0.01402	0.02158	0.03187	0.71223	0.07643	0.01622	0.01714	0.01266	0.01744	0.01010	0.01319	0.00850	0.00492	0.00536	0.00160	0.00675	0.00475	0.00271	0.00845
14	0.00946	0.00704	0.00876	0.00930	0.06609	0.00766	0.00600	0.01177	0.07135	0.01447	0.01847	0.02778	0.06466	0.35416	0.08171	0.00384	0.07963	0.00683	0.14610	0.00491
15	0.01346	0.01525	0.12337	0.02866	0.55804	0.02675	0.08036	0.01752	0.03405	0.03431	0.01081	0.01357	0.00868	0.00501	0.00546	0.00166	0.00688	0.00491	0.00282	0.00842
16	0.01018	0.00943	0.01578	0.73582	0.03556	0.01167	0.01466	0.01373	0.01103	0.01411	0.01114	0.01809	0.00909	0.00618	0.00561	0.00187	0.00710	0.06036	0.00262	0.00598
17	0.01136	0.01106	0.01572	0.01350	0.01371	0.01505	0.03068	0.01259	0.00846	0.01300	0.00856	0.01456	0.00864	0.07699	0.06812	0.00302	0.66162	0.00514	0.00251	0.00571
18	0.05415	0.06236	0.30875	0.01939	0.19059	0.01356	0.12890	0.07019	0.04289	0.04216	0.01094	0.01284	0.00822	0.00522	0.00528	0.00168	0.00717	0.00466	0.00300	0.00806
19	0.01144	0.08123	0.64089	0.01638	0.05318	0.01338	0.07489	0.01719	0.01162	0.01699	0.00974	0.01164	0.00708	0.00509	0.00517	0.00169	0.00792	0.00417	0.00235	0.00795
20	0.00683	0.00489	0.00657	0.00780	0.00821	0.00462	0.00538	0.00792	0.01056	0.01407	0.02960	0.73012	0.03518	0.01748	0.02516	0.00239	0.00357	0.07016	0.00501	0.00448
21	0.00716	0.04748	0.00756	0.00752	0.00823	0.00541	0.00526	0.00833	0.01106	0.01469	0.10448	0.65469	0.06665	0.01569	0.00670	0.00209	0.00323	0.01410	0.00501	0.00464
22	0.01229	0.04371	0.02058	0.12606	0.39817	0.02477	0.10544	0.01540	0.01190	0.01652	0.05054	0.01553	0.01091	0.00846	0.07032	0.00228	0.05159	0.00529	0.00283	0.00740
23	0.01837	0.03555	0.06503	0.01368	0.02958	0.43214	0.01098	0.17547	0.08144	0.01887	0.01082	0.01197	0.00853	0.00703	0.02723	0.00175	0.03656	0.00419	0.00355	0.00725
24	0.00774	0.00525	0.00596	0.00607	0.00619	0.00518	0.00350	0.00789	0.00838	0.01108	0.02030	0.10297	0.06096	0.69811	0.02483	0.00484	0.00497	0.00877	0.00355	0.00347
25	0.01482	0.00936	0.01091	0.00951	0.01233	0.00979	0.00754	0.06953	0.29838	0.19511	0.17231	0.02574	0.02303	0.00827	0.00568	0.00176	0.00405	0.04523	0.06899	0.00766

[dist]
# distance from previous block
# <min> <max>
0	22

[block]
# block no. 5 follows, 44 sequences, length 42
# corresponding to MSA columns:
# 303-318,330-355
name=unknown_F
#
# <colnr> <probs for GDERKNQSTAVLIFYWHMCP>
#	G	D	E	R	K	N	Q	S	T	A	V	L	I	F	Y	W	H	M	C	P
0	0.01247	0.19701	0.32408	0.01565	0.09363	0.01443	0.08432	0.03875	0.01215	0.02910	0.05843	0.01368	0.01042	0.00651	0.02439	0.00180	0.04829	0.00459	0.00281	0.00750
1	0.02284	0.01109	0.01366	0.01050	0.01471	0.01076	0.00867	0.25798	0.01871	0.52355	0.01964	0.01763	0.03030	0.00685	0.00550	0.00167	0.00503	0.00544	0.00630	0.00916
2	0.05658	0.12108	0.57308	0.01609	0.09514	0.01375	0.01773	0.01703	0.01143	0.01717	0.00944	0.01122	0.00703	0.00508	0.00490	0.00165	0.00743	0.00392	0.00240	0.00787
3	0.01421	0.01308	0.01263	0.01138	0.01443	0.08751	0.00881	0.02828	0.69288	0.02190	0.02087	0.01933	0.01572	0.00723	0.00549	0.00181	0.00484	0.00591	0.00529	0.00841
4	0.00685	0.00498	0.00639	0.00734	0.00787	0.00458	0.00492	0.00784	0.01054	0.01402	0.04526	0.66647	0.08732	0.06700	0.00817	0.00234	0.00328	0.01431	0.00492	0.02561
5	0.01445	0.78367	0.05544	0.00955	0.01434	0.02125	0.00972	0.01636	0.01109	0.01299	0.00766	0.00884	0.00699	0.00468	0.00356	0.00119	0.00591	0.00295	0.00233	0.00703
6	0.01341	0.56085	0.26920	0.01132	0.01707	0.01872	0.01279	0.01663	0.01122	0.01425	0.00829	0.00963	0.00697	0.00483	0.00404	0.00135	0.00654	0.00327	0.00232	0.00734
7	0.07620	0.01008	0.01272	0.00989	0.01402	0.00943	0.00814	0.10061	0.04876	0.62110	0.01979	0.01745	0.01271	0.00665	0.00535	0.00169	0.00474	0.00529	0.00635	0.00903
8	0.00904	0.00731	0.00951	0.00887	0.00900	0.00884	0.00639	0.00966	0.00830	0.01177	0.01471	0.07620	0.01639	0.43592	0.10342	0.00458	0.24542	0.00724	0.00310	0.00434
9	0.01314	0.01314	0.04714	0.06178	0.69718	0.01271	0.01654	0.01648	0.01233	0.01760	0.01078	0.01492	0.00921	0.00520	0.00546	0.00166	0.00652	0.02707	0.00274	0.00841
10	0.00933	0.00476	0.00700	0.00703	0.00711	0.00473	0.00471	0.00726	0.00742	0.00996	0.01136	0.03782	0.02987	0.01848	0.02017	0.77976	0.00460	0.00519	0.02089	0.00254
11	0.00879	0.00628	0.00879	0.01004	0.01130	0.00628	0.00879	0.01130	0.01255	0.01632	0.02887	0.06150	0.03138	0.01506	0.00753	0.00251	0.00502	0.73770	0.00502	0.00502
12	0.01636	0.01851	0.04298	0.03211	0.08972	0.34223	0.02879	0.05144	0.26321	0.01801	0.01468	0.01517	0.03013	0.00634	0.00529	0.00162	0.00721	0.00490	0.00384	0.00746
13	0.01222	0.01164	0.01963	0.24749	0.52611	0.01228	0.01563	0.01548	0.01199	0.01655	0.01243	0.01581	0.04794	0.00549	0.00547	0.00169	0.00651	0.00520	0.00274	0.00770
14	0.00652	0.00542	0.00569	0.00584	0.00746	0.00460	0.00430	0.00788	0.01227	0.01488	0.07786	0.15153	0.64872	0.01414	0.00651	0.00189	0.00281	0.01197	0.00510	0.00460
15	0.01494	0.76162	0.02773	0.00963	0.01417	0.07031	0.00941	0.01667	0.01136	0.01286	0.00763	0.00881	0.00700	0.00472	0.00359	0.00118	0.00609	0.00295	0.00236	0.00695
16	0.01320	0.01266	0.02161	0.10220	0.70791	0.01288	0.01659	0.01648	0.01228	0.01746	0.01020	0.01359	0.00851	0.00491	0.00540	0.00164	0.00655	0.00486	0.00267	0.00840
17	0.00793	0.00529	0.00595	0.00595	0.00595	0.00529	0.00330	0.00793	0.00793	0.01057	0.01718	0.03568	0.01982	0.80840	0.02775	0.00529	0.00529	0.00793	0.00330	0.00330
18	0.01093	0.02820	0.78016	0.01554	0.02360	0.01266	0.02014	0.01727	0.01151	0.01727	0.00978	0.01151	0.00691	0.00518	0.00518	0.00173	0.00806	0.00403	0.00230	0.00806
19	0.01220	0.07844	0.32913	0.01896	0.04751	0.01401	0.35309	0.01709	0.01199	0.01687	0.01009	0.01284	0.00760	0.00505	0.00617	0.00176	0.04198	0.00510	0.00253	0.00759
20	0.01274	0.01219	0.02077	0.21283	0.60091	0.01276	0.01636	0.01607	0.01206	0.01690	0.01012	0.01374	0.00831	0.00500	0.00541	0.00167	0.00666	0.00485	0.00263	0.00803
21	0.01161	0.01146	0.01609	0.01389	0.01396	0.01594	0.01153	0.01286	0.00838	0.01308	0.00773	0.01266	0.00765	0.01195	0.07707	0.00288	0.73810	0.00485	0.00243	0.00588
22	0.00754	0.00516	0.00626	0.00677	0.00696	0.00506	0.00425	0.00803	0.00908	0.01208	0.02232	0.30024	0.02611	0.48719	0.01935	0.00406	0.00454	0.05718	0.00401	0.00380
23	0.01307	0.01195	0.02041	0.24238	0.36365	0.01256	0.10156	0.03525	0.01234	0.05277	0.01065	0.01400	0.00838	0.00526	0.00592	0.00169	0.03512	0.00499	0.00290	0.04513
24	0.00663	0.00478	0.00629	0.00749	0.00788	0.00444	0.00502	0.00760	0.01053	0.01396	0.03123	0.76939	0.07075	0.01693	0.00693	0.00220	0.00314	0.01531	0.00506	0.00444
25	0.01092	0.00968	0.01484	0.55408	0.03002	0.01065	0.01252	0.01417	0.01113	0.03310	0.00997	0.01372	0.00764	0.00508	0.00505	0.00153	0.00629	0.00440	0.00275	0.24246
26	0.00961	0.00810	0.00948	0.00818	0.01098	0.02520	0.00612	0.01137	0.01097	0.01595	0.01801	0.33928	0.01959	0.00961	0.00562	0.00144	0.02396	0.00835	0.00396	0.45423
27	0.01093	0.02820	0.78016	0.01554	0.02360	0.01266	0.02014	0.01727	0.01151	0.01727	0.00978	0.01151	0.00691	0.00518	0.00518	0.00173	0.00806	0.00403	0.00230	0.00806
28	0.00779	0.00584	0.00876	0.00876	0.00974	0.00681	0.00681	0.00974	0.00876	0.01266	0.01460	0.02142	0.01363	0.04089	0.78680	0.00876	0.01460	0.00584	0.00292	0.00487
29	0.01016	0.00933	0.01545	0.73134	0.03506	0.01153	0.01423	0.01366	0.01098	0.01426	0.01161	0.01609	0.03346	0.00578	0.00541	0.00179	0.00689	0.00508	0.04192	0.00596
30	0.00772	0.00557	0.00729	0.00686	0.00814	0.00514	0.00514	0.01029	0.01543	0.02186	0.77152	0.04072	0.05144	0.01115	0.00643	0.00171	0.00257	0.00986	0.00600	0.00514
31	0.00644	0.00552	0.00552	0.00552	0.00736	0.00460	0.00414	0.00782	0.01243	0.01473	0.05523	0.05247	0.77218	0.01381	0.00644	0.00184	0.00276	0.01151	0.00506	0.00460
32	0.84691	0.01054	0.00801	0.00717	0.01054	0.01223	0.00590	0.01603	0.00928	0.02446	0.00759	0.00886	0.00590	0.00506	0.00337	0.00169	0.00422	0.00295	0.00337	0.00590
33	0.01210	0.27798	0.54054	0.01356	0.02053	0.01550	0.01669	0.01697	0.01137	0.01585	0.00908	0.01063	0.00693	0.00502	0.00464	0.00155	0.00735	0.00367	0.00231	0.00772
34	0.00716	0.00511	0.00692	0.00818	0.00872	0.00487	0.00595	0.00848	0.01094	0.01449	0.02976	0.62646	0.03493	0.01660	0.00710	0.00229	0.00361	0.18881	0.00505	0.00457
35	0.00842	0.00612	0.00829	0.00936	0.01066	0.00600	0.00804	0.01075	0.01253	0.01617	0.04751	0.08411	0.11880	0.01490	0.00736	0.00241	0.00464	0.61394	0.00505	0.00495
36	0.02037	0.02598	0.01545	0.01404	0.01685	0.78652	0.01053	0.02177	0.01545	0.01334	0.00843	0.00983	0.00702	0.00562	0.00492	0.00140	0.00983	0.00351	0.00281	0.00632
37	0.00998	0.00927	0.01550	0.72806	0.03502	0.01146	0.01428	0.01339	0.01086	0.01393	0.01143	0.08200	0.00973	0.00644	0.00558	0.00185	0.00692	0.00575	0.00265	0.00592
38	0.00672	0.00478	0.00630	0.00749	0.00778	0.00448	0.00495	0.00761	0.01028	0.01370	0.02923	0.75566	0.03502	0.06768	0.00829	0.00241	0.00330	0.01501	0.00495	0.00436
39	0.01379	0.01290	0.02131	0.08100	0.68648	0.02922	0.01621	0.01698	0.01249	0.04212	0.01054	0.01365	0.00867	0.00497	0.00539	0.00163	0.00654	0.00485	0.00281	0.00844
40	0.00978	0.13862	0.25903	0.00999	0.01400	0.01010	0.01058	0.01339	0.01338	0.01872	0.38181	0.02676	0.05596	0.00831	0.00557	0.00164	0.00485	0.00696	0.00421	0.00635
41	0.02244	0.01071	0.01335	0.01034	0.01443	0.01031	0.00850	0.21332	0.03823	0.53219	0.05375	0.01822	0.01423	0.00691	0.00552	0.00168	0.00488	0.00555	0.00635	0.00907

[dist]
# distance from previous block
# <min> <max>
0	1

[block]
# block no. 6 follows, 44 sequences, length 41
# corresponding to MSA columns:
# 357-397
name=unknown_G
#
# <colnr> <probs for GDERKNQSTAVLIFYWHMCP>
#	G	D	E	R	K	N	Q	S	T	A	V	L	I	F	Y	W	H	M	C	P
0	0.01234	0.02134	0.45406	0.01371	0.01971	0.01318	0.01532	0.05207	0.30117	0.02009	0.01468	0.01496	0.01074	0.00609	0.00533	0.00177	0.00654	0.00488	0.00368	0.00833
1	0.76499	0.01091	0.01015	0.00897	0.02964	0.01236	0.06231	0.01615	0.00962	0.02378	0.00791	0.00940	0.00615	0.00502	0.00365	0.00170	0.00464	0.00326	0.00331	0.00608
2	0.01349	0.01295	0.02213	0.03346	0.77440	0.01295	0.01673	0.01673	0.01241	0.01781	0.01025	0.01349	0.00864	0.00486	0.00540	0.00162	0.00648	0.00486	0.00270	0.00864
3	0.01264	0.39412	0.42914	0.01264	0.01911	0.01682	0.01509	0.01683	0.01131	0.01519	0.00875	0.01022	0.00695	0.00494	0.00439	0.00146	0.00702	0.00351	0.00232	0.00756
4	0.01215	0.01158	0.01969	0.35463	0.46377	0.01260	0.01606	0.01555	0.01178	0.01617	0.01002	0.01393	0.00806	0.00511	0.00542	0.00170	0.00681	0.00485	0.00258	0.00755
5	0.00793	0.00529	0.00595	0.00595	0.00595	0.00529	0.00330	0.00793	0.00793	0.01057	0.01718	0.03568	0.01982	0.80840	0.02775	0.00529	0.00529	0.00793	0.00330	0.00330
6	0.00707	0.00541	0.00655	0.00702	0.00823	0.00489	0.00526	0.00870	0.01241	0.01601	0.17330	0.27089	0.32085	0.01446	0.00675	0.00202	0.00317	0.11707	0.00523	0.00471
7	0.00664	0.00474	0.00633	0.00759	0.00791	0.00443	0.00506	0.00759	0.01044	0.01392	0.03005	0.80485	0.03606	0.01708	0.00696	0.00221	0.00316	0.01550	0.00506	0.00443
8	0.01149	0.01173	0.02417	0.01810	0.02215	0.01095	0.51731	0.01498	0.01235	0.04200	0.01775	0.20910	0.04513	0.00807	0.00653	0.00192	0.00732	0.00881	0.00354	0.00660
9	0.01314	0.01493	0.02912	0.02130	0.02590	0.05573	0.61155	0.01709	0.01238	0.01664	0.01035	0.01406	0.00805	0.00534	0.00794	0.00189	0.11874	0.00605	0.00271	0.00710
10	0.01349	0.01295	0.02213	0.03346	0.77440	0.01295	0.01673	0.01673	0.01241	0.01781	0.01025	0.01349	0.00864	0.00486	0.00540	0.00162	0.00648	0.00486	0.00270	0.00864
11	0.00666	0.00490	0.00624	0.00724	0.00783	0.00449	0.00492	0.00775	0.01097	0.01440	0.06706	0.65406	0.15088	0.01631	0.00686	0.00213	0.00307	0.01463	0.00510	0.00449
12	0.02037	0.02598	0.01545	0.01404	0.01685	0.78652	0.01053	0.02177	0.01545	0.01334	0.00843	0.00983	0.00702	0.00562	0.00492	0.00140	0.00983	0.00351	0.00281	0.00632
13	0.01030	0.00969	0.01635	0.79530	0.03755	0.01211	0.01514	0.01393	0.01090	0.01393	0.00969	0.01453	0.00727	0.00545	0.00545	0.00182	0.00727	0.00484	0.00242	0.00606
14	0.02446	0.00928	0.01265	0.00970	0.01392	0.00801	0.00801	0.02657	0.01560	0.77817	0.02151	0.01856	0.01350	0.00675	0.00548	0.00169	0.00464	0.00548	0.00675	0.00928
15	0.00813	0.00591	0.00791	0.00862	0.00987	0.00569	0.00715	0.01043	0.01309	0.01735	0.21558	0.11121	0.10975	0.01412	0.00711	0.00222	0.00405	0.43156	0.00527	0.00497
16	0.01040	0.00980	0.01654	0.77062	0.06142	0.01214	0.01519	0.01402	0.01095	0.01406	0.00971	0.01450	0.00731	0.00543	0.00545	0.00181	0.00724	0.00485	0.00243	0.00614
17	0.00697	0.00509	0.00663	0.00774	0.00839	0.00475	0.00556	0.00822	0.01102	0.01441	0.03288	0.59329	0.12381	0.01636	0.00699	0.00222	0.00342	0.13266	0.00505	0.00455
18	0.00860	0.00590	0.00777	0.00775	0.00917	0.00552	0.00617	0.01102	0.01435	0.05193	0.47482	0.06296	0.09413	0.01232	0.00670	0.00195	0.00334	0.20467	0.00568	0.00523
19	0.01203	0.10155	0.42989	0.01808	0.05503	0.01393	0.25848	0.01721	0.01195	0.01691	0.00999	0.01236	0.00743	0.00492	0.00543	0.00170	0.00814	0.00474	0.00247	0.00775
20	0.00933	0.00494	0.00682	0.02309	0.00765	0.00493	0.00477	0.00829	0.00836	0.01194	0.01420	0.05265	0.05111	0.01609	0.01651	0.59626	0.00423	0.00561	0.15008	0.00313
21	0.01321	0.01266	0.02161	0.10143	0.70866	0.01288	0.01659	0.01648	0.01228	0.01746	0.01020	0.01359	0.00851	0.00491	0.00540	0.00164	0.00655	0.00486	0.00267	0.00841
22	0.01089	0.02674	0.71804	0.01552	0.02320	0.01241	0.05085	0.01700	0.01172	0.01745	0.03965	0.01279	0.00871	0.00539	0.00528	0.00173	0.00789	0.00436	0.00247	0.00791
23	0.02280	0.00949	0.01277	0.04324	0.01486	0.00863	0.00834	0.05414	0.04090	0.66654	0.04512	0.01895	0.01441	0.00685	0.00551	0.00170	0.00473	0.00560	0.00645	0.00898
24	0.00842	0.00669	0.00850	0.00843	0.00929	0.04382	0.00627	0.00994	0.00891	0.01226	0.01484	0.02381	0.01459	0.19794	0.59239	0.00769	0.01245	0.00616	0.00299	0.00461
25	0.01458	0.81168	0.02857	0.00933	0.01399	0.02157	0.00933	0.01632	0.01108	0.01283	0.00758	0.00875	0.00700	0.00466	0.00350	0.00117	0.00583	0.00292	0.00233	0.00700
26	0.01117	0.00955	0.01116	0.00806	0.01277	0.00718	0.00642	0.01355	0.01128	0.01765	0.01028	0.03438	0.00889	0.00442	0.00412	0.00085	0.00401	0.00359	0.00328	0.81738
27	0.01961	0.08278	0.01671	0.01409	0.04199	0.58642	0.01059	0.11793	0.03144	0.01641	0.00931	0.01051	0.00756	0.00568	0.00491	0.00143	0.00880	0.00375	0.00317	0.00688
28	0.01876	0.20648	0.01829	0.01275	0.01600	0.57673	0.01012	0.03707	0.01461	0.01373	0.00928	0.01052	0.02251	0.00558	0.00463	0.00136	0.00868	0.00357	0.00281	0.00651
29	0.01130	0.00969	0.01130	0.00807	0.01292	0.00727	0.00646	0.01373	0.01130	0.01776	0.00969	0.01130	0.00807	0.00404	0.00404	0.00081	0.00404	0.00323	0.00323	0.84173
30	0.02099	0.08511	0.12740	0.01075	0.01554	0.01066	0.01009	0.06965	0.03960	0.52604	0.01802	0.01635	0.01178	0.00634	0.00526	0.00165	0.00532	0.00502	0.00557	0.00887
31	0.02037	0.02598	0.01545	0.01404	0.01685	0.78652	0.01053	0.02177	0.01545	0.01334	0.00843	0.00983	0.00702	0.00562	0.00492	0.00140	0.00983	0.00351	0.00281	0.00632
32	0.00782	0.00571	0.00808	0.00808	0.00881	0.00644	0.00596	0.00930	0.00856	0.01215	0.01523	0.02489	0.01514	0.22773	0.60202	0.00792	0.01233	0.00635	0.00301	0.00449
33	0.84691	0.01054	0.00801	0.00717	0.01054	0.01223	0.00590	0.01603	0.00928	0.02446	0.00759	0.00886	0.00590	0.00506	0.00337	0.00169	0.00422	0.00295	0.00337	0.00590
34	0.00854	0.00569	0.00732	0.00706	0.00844	0.00519	0.00524	0.01065	0.01412	0.07164	0.49583	0.16901	0.13038	0.01273	0.02156	0.00195	0.00307	0.01062	0.00572	0.00524
35	0.00651	0.00551	0.00554	0.00554	0.00730	0.00464	0.00410	0.00783	0.01221	0.01453	0.05341	0.05166	0.73617	0.05184	0.00746	0.00201	0.00288	0.01133	0.00498	0.00454
36	0.01255	0.01639	0.14193	0.04799	0.09698	0.01349	0.55315	0.01725	0.01256	0.01735	0.01073	0.01411	0.00807	0.00473	0.00612	0.00180	0.00871	0.00588	0.00267	0.00753
37	0.01181	0.01241	0.03856	0.18185	0.01985	0.04688	0.02900	0.01375	0.00942	0.01353	0.00836	0.02798	0.00776	0.00842	0.01386	0.00219	0.54088	0.00496	0.00247	0.00606
38	0.01292	0.08547	0.33692	0.05005	0.04507	0.01308	0.24428	0.01762	0.01228	0.08040	0.01176	0.01509	0.00895	0.00550	0.00557	0.00174	0.00773	0.03496	0.00294	0.00766
39	0.01325	0.05453	0.08682	0.02058	0.02587	0.07805	0.57970	0.01747	0.01282	0.01678	0.01110	0.03638	0.00880	0.00509	0.00609	0.00177	0.00882	0.00610	0.00277	0.00722
40	0.05991	0.00944	0.10065	0.00867	0.01134	0.00732	0.02744	0.04283	0.01478	0.04623	0.52321	0.03223	0.05335	0.00943	0.00596	0.00169	0.00375	0.00817	0.00522	0.02837

[dist]
# distance from previous block
# <min> <max>
3	13

[block]
# block no. 7 follows, 44 sequences, length 8
# corresponding to MSA columns:
# 411-418
name=unknown_H
#
# <colnr> <probs for GDERKNQSTAVLIFYWHMCP>
#	G	D	E	R	K	N	Q	S	T	A	V	L	I	F	Y	W	H	M	C	P
0	0.47297	0.06149	0.27267	0.01042	0.01551	0.01314	0.01118	0.05470	0.01098	0.02187	0.00862	0.00997	0.00648	0.00516	0.00410	0.00167	0.00571	0.00342	0.00306	0.00687
1	0.00938	0.00978	0.14115	0.00890	0.01089	0.00692	0.03462	0.01112	0.01005	0.05603	0.04970	0.15166	0.02116	0.40512	0.01684	0.00360	0.00541	0.03898	0.00376	0.00493
2	0.01259	0.16516	0.53425	0.01570	0.08856	0.01400	0.01721	0.01759	0.01175	0.06043	0.01011	0.01160	0.00746	0.00515	0.00492	0.00161	0.00732	0.00399	0.00260	0.00799
3	0.08773	0.01405	0.07875	0.13207	0.46601	0.06190	0.01509	0.01642	0.01205	0.01748	0.01055	0.01480	0.00890	0.00545	0.00526	0.00168	0.00666	0.03465	0.00279	0.00769
4	0.05043	0.02564	0.64777	0.01610	0.02361	0.01279	0.11387	0.01723	0.01158	0.01763	0.00984	0.01180	0.00703	0.00510	0.00526	0.00174	0.00802	0.00429	0.00241	0.00787
5	0.01356	0.01583	0.11228	0.08624	0.52640	0.08523	0.04802	0.01709	0.01250	0.01702	0.01002	0.01304	0.00816	0.00500	0.00537	0.00164	0.00716	0.00470	0.00264	0.00810
6	0.03307	0.08540	0.10248	0.11534	0.06940	0.01288	0.32974	0.03168	0.01216	0.01679	0.01227	0.09627	0.01078	0.00613	0.00571	0.00174	0.00733	0.00627	0.00296	0.04160
7	0.00922	0.00899	0.07833	0.01112	0.06037	0.00767	0.00898	0.01341	0.11003	0.01699	0.06088	0.18118	0.10384	0.01259	0.00666	0.00214	0.00462	0.29240	0.00475	0.00585

[dist]
# distance from previous block
# <min> <max>
5	13

[block]
# block no. 8 follows, 44 sequences, length 11
# corresponding to MSA columns:
# 432-442
name=unknown_I
#
# <colnr> <probs for GDERKNQSTAVLIFYWHMCP>
#	G	D	E	R	K	N	Q	S	T	A	V	L	I	F	Y	W	H	M	C	P
0	0.04084	0.40616	0.34336	0.01211	0.01810	0.03780	0.01384	0.04328	0.01184	0.01586	0.00873	0.01010	0.00700	0.00499	0.00431	0.00144	0.00683	0.00347	0.00248	0.00747
1	0.01476	0.67982	0.09253	0.01012	0.01506	0.02043	0.01035	0.07602	0.01229	0.01494	0.00821	0.00933	0.00717	0.00486	0.00380	0.00125	0.00604	0.00317	0.00258	0.00727
2	0.01296	0.40103	0.36666	0.01225	0.01826	0.04824	0.01413	0.01678	0.01159	0.01513	0.03223	0.01103	0.00833	0.00514	0.00441	0.00145	0.00690	0.00366	0.00245	0.00739
3	0.02808	0.14143	0.47639	0.01399	0.04761	0.01326	0.01578	0.01583	0.01145	0.01643	0.02829	0.01692	0.05179	0.00651	0.00584	0.00173	0.05137	0.04725	0.00273	0.00733
4	0.01225	0.22647	0.47352	0.01665	0.13428	0.01499	0.01686	0.01694	0.01154	0.01621	0.00929	0.01110	0.00719	0.00500	0.00478	0.00157	0.00725	0.00387	0.00237	0.00787
5	0.00791	0.00537	0.00637	0.00637	0.00652	0.00552	0.00383	0.00820	0.00805	0.01089	0.01679	0.03353	0.01889	0.69275	0.14213	0.00581	0.00669	0.00761	0.00325	0.00354
6	0.01721	0.46182	0.02294	0.01112	0.01527	0.20630	0.00983	0.16552	0.01505	0.01726	0.00889	0.00988	0.00746	0.00527	0.00423	0.00132	0.00684	0.00346	0.00307	0.00729
7	0.01361	0.51066	0.28331	0.01158	0.01738	0.01834	0.01305	0.04908	0.01186	0.01528	0.00857	0.00987	0.00707	0.00492	0.00415	0.00138	0.00659	0.00338	0.00246	0.00746
8	0.01132	0.05144	0.01039	0.03413	0.01172	0.00810	0.00765	0.08198	0.01341	0.08723	0.07512	0.04260	0.08484	0.13181	0.00974	0.00257	0.00489	0.32060	0.00480	0.00567
9	0.01453	0.01492	0.02112	0.03054	0.66024	0.12952	0.01580	0.01749	0.01287	0.01714	0.00998	0.01294	0.00839	0.00497	0.00532	0.00159	0.00698	0.00465	0.00272	0.00829
10	0.01143	0.13531	0.67741	0.01469	0.02228	0.01388	0.01866	0.01714	0.01145	0.01666	0.00948	0.01113	0.00692	0.00511	0.00495	0.00165	0.00775	0.00388	0.00231	0.00791

[dist]
# distance from previous block
# <min> <max>
0	1

[block]
# block no. 9 follows, 44 sequences, length 112
# corresponding to MSA columns:
# 444-450,453-557
name=unknown_J
#
# <colnr> <probs for GDERKNQSTAVLIFYWHMCP>
#	G	D	E	R	K	N	Q	S	T	A	V	L	I	F	Y	W	H	M	C	P
0	0.01197	0.01144	0.01956	0.35553	0.36880	0.01248	0.05952	0.01586	0.03822	0.01627	0.01099	0.01557	0.00894	0.00546	0.00555	0.00175	0.00686	0.02512	0.00275	0.00736
1	0.01458	0.81168	0.02857	0.00933	0.01399	0.02157	0.00933	0.01632	0.01108	0.01283	0.00758	0.00875	0.00700	0.00466	0.00350	0.00117	0.00583	0.00292	0.00233	0.00700
2	0.01510	0.68329	0.06047	0.01017	0.01476	0.11222	0.00995	0.01701	0.01162	0.01309	0.00778	0.00900	0.00700	0.00480	0.00374	0.00122	0.00641	0.00304	0.00239	0.00696
3	0.00772	0.00571	0.00644	0.00646	0.00817	0.00497	0.00493	0.00934	0.01280	0.05393	0.13761	0.11422	0.51928	0.01351	0.00653	0.00191	0.00306	0.07322	0.00526	0.00492
4	0.00673	0.00482	0.00636	0.00750	0.00786	0.00454	0.00501	0.00768	0.01032	0.01375	0.02963	0.72730	0.05316	0.05297	0.03212	0.00255	0.00360	0.01476	0.00492	0.00440
5	0.00768	0.00539	0.00671	0.00743	0.00837	0.00497	0.00523	0.00928	0.03463	0.04848	0.03487	0.55533	0.19473	0.01553	0.00676	0.00211	0.00324	0.03926	0.00515	0.00483
6	0.01199	0.02596	0.68746	0.01549	0.04326	0.01220	0.01893	0.01785	0.01186	0.07480	0.01103	0.01299	0.00789	0.00547	0.00525	0.00173	0.00770	0.01733	0.00270	0.00811
7	0.01343	0.01289	0.02202	0.04799	0.76035	0.01294	0.01670	0.01668	0.01238	0.01774	0.01024	0.01351	0.00861	0.00487	0.00540	0.00162	0.00649	0.00486	0.00269	0.00859
8	0.00664	0.00476	0.00631	0.00755	0.00790	0.00443	0.00504	0.00760	0.01048	0.01393	0.03060	0.78844	0.05211	0.01701	0.00695	0.00221	0.00315	0.01541	0.00506	0.00443
9	0.01934	0.02623	0.09890	0.01421	0.01759	0.70207	0.01158	0.02128	0.01502	0.01377	0.00858	0.01001	0.00701	0.00557	0.00494	0.00144	0.00964	0.00357	0.00275	0.00651
10	0.02219	0.00954	0.02884	0.00955	0.01349	0.00819	0.00794	0.05625	0.01541	0.64744	0.03564	0.02061	0.03783	0.05283	0.00679	0.00190	0.00471	0.00583	0.00633	0.00869
11	0.00644	0.00552	0.00552	0.00552	0.00736	0.00460	0.00414	0.00782	0.01243	0.01473	0.05523	0.05247	0.77218	0.01381	0.00644	0.00184	0.00276	0.01151	0.00506	0.00460
12	0.01365	0.61211	0.22002	0.01091	0.01644	0.01930	0.01208	0.01656	0.01119	0.01396	0.00814	0.00945	0.00697	0.00480	0.00393	0.00131	0.00640	0.00320	0.00232	0.00727
13	0.01279	0.01224	0.02087	0.19983	0.61349	0.01277	0.01638	0.01612	0.01208	0.01696	0.01013	0.01372	0.00834	0.00499	0.00541	0.00166	0.00665	0.00485	0.00264	0.00807
14	0.01337	0.01357	0.04667	0.05171	0.65275	0.03348	0.02813	0.01715	0.04226	0.01770	0.01146	0.01434	0.02243	0.00516	0.00542	0.00164	0.00653	0.00499	0.00284	0.00839
15	0.00661	0.00488	0.00618	0.00723	0.00781	0.00446	0.00490	0.00763	0.01079	0.01406	0.03448	0.67234	0.16570	0.01650	0.00687	0.00215	0.00309	0.01480	0.00506	0.00446
16	0.01093	0.02820	0.78016	0.01554	0.02360	0.01266	0.02014	0.01727	0.01151	0.01727	0.00978	0.01151	0.00691	0.00518	0.00518	0.00173	0.00806	0.00403	0.00230	0.00806
17	0.02970	0.07458	0.58614	0.01473	0.02169	0.01297	0.06324	0.03580	0.03200	0.01757	0.01192	0.03483	0.02954	0.00577	0.00521	0.00171	0.00747	0.00469	0.00268	0.00775
18	0.01349	0.01295	0.02213	0.03346	0.77440	0.01295	0.01673	0.01673	0.01241	0.01781	0.01025	0.01349	0.00864	0.00486	0.00540	0.00162	0.00648	0.00486	0.00270	0.00864
19	0.00664	0.00474	0.00633	0.00759	0.00791	0.00443	0.00506	0.00759	0.01044	0.01392	0.03005	0.80485	0.03606	0.01708	0.00696	0.00221	0.00316	0.01550	0.00506	0.00443
20	0.05044	0.01057	0.01429	0.01093	0.01519	0.00990	0.05802	0.12515	0.03690	0.58032	0.01921	0.01728	0.01240	0.00654	0.00547	0.00169	0.00510	0.00540	0.00616	0.00902
21	0.01173	0.10178	0.60367	0.01526	0.02249	0.01331	0.08309	0.01723	0.01168	0.03743	0.01045	0.02925	0.00786	0.00538	0.00517	0.00169	0.00774	0.00443	0.00253	0.00785
22	0.00664	0.00474	0.00633	0.00759	0.00791	0.00443	0.00506	0.00759	0.01044	0.01392	0.03005	0.80485	0.03606	0.01708	0.00696	0.00221	0.00316	0.01550	0.00506	0.00443
23	0.01414	0.71755	0.11887	0.01007	0.01515	0.02050	0.01063	0.01644	0.01113	0.01336	0.00784	0.00908	0.00699	0.00473	0.00370	0.00123	0.00610	0.00305	0.00233	0.00712
24	0.01161	0.01151	0.01574	0.04844	0.01489	0.03615	0.01144	0.01300	0.00870	0.01311	0.00816	0.01308	0.00790	0.01286	0.10540	0.00307	0.65177	0.00486	0.00246	0.00585
25	0.01378	0.01182	0.01245	0.01114	0.01426	0.01366	0.00868	0.05159	0.74157	0.02317	0.02191	0.02011	0.01641	0.00737	0.00554	0.00184	0.00437	0.00612	0.00554	0.00865
26	0.00793	0.00529	0.00595	0.00595	0.00595	0.00529	0.00330	0.00793	0.00793	0.01057	0.01718	0.03568	0.01982	0.80840	0.02775	0.00529	0.00529	0.00793	0.00330	0.00330
27	0.84691	0.01054	0.00801	0.00717	0.01054	0.01223	0.00590	0.01603	0.00928	0.02446	0.00759	0.00886	0.00590	0.00506	0.00337	0.00169	0.00422	0.00295	0.00337	0.00590
28	0.01307	0.01252	0.02136	0.13433	0.67684	0.01284	0.01652	0.01636	0.01221	0.01730	0.01018	0.01363	0.00845	0.00494	0.00540	0.00165	0.00658	0.00486	0.00266	0.00829
29	0.01322	0.01268	0.02164	0.09792	0.71205	0.01288	0.01660	0.01649	0.01229	0.01748	0.01021	0.01358	0.00852	0.00491	0.00540	0.00164	0.00654	0.00486	0.00268	0.00842
30	0.82337	0.01068	0.00825	0.00732	0.01072	0.01236	0.00603	0.03712	0.00974	0.02474	0.00775	0.00898	0.00600	0.00510	0.00343	0.00169	0.00427	0.00301	0.00343	0.00600
31	0.01245	0.01189	0.02024	0.28202	0.53399	0.01268	0.01621	0.01582	0.01192	0.01654	0.01007	0.01383	0.00819	0.00505	0.00541	0.00168	0.00673	0.00485	0.00261	0.00779
32	0.01046	0.00654	0.00916	0.11506	0.01310	0.00641	0.00705	0.01269	0.01351	0.13723	0.33616	0.21493	0.04799	0.01126	0.00631	0.00187	0.00377	0.03542	0.00536	0.00573
33	0.00664	0.00474	0.00633	0.00759	0.00791	0.00443	0.00506	0.00759	0.01044	0.01392	0.03005	0.80485	0.03606	0.01708	0.00696	0.00221	0.00316	0.01550	0.00506	0.00443
34	0.01093	0.02820	0.78016	0.01554	0.02360	0.01266	0.02014	0.01727	0.01151	0.01727	0.00978	0.01151	0.00691	0.00518	0.00518	0.00173	0.00806	0.00403	0.00230	0.00806
35	0.01100	0.02775	0.75509	0.01579	0.02376	0.01270	0.04475	0.01727	0.01156	0.01727	0.00983	0.01162	0.00695	0.00516	0.00522	0.00173	0.00810	0.00411	0.00232	0.00803
36	0.01093	0.02820	0.78016	0.01554	0.02360	0.01266	0.02014	0.01727	0.01151	0.01727	0.00978	0.01151	0.00691	0.00518	0.00518	0.00173	0.00806	0.00403	0.00230	0.00806
37	0.00645	0.00550	0.00554	0.00558	0.00738	0.00460	0.00417	0.00782	0.01237	0.01471	0.05454	0.07313	0.75197	0.01390	0.00646	0.00185	0.00277	0.01162	0.00506	0.00460
38	0.01108	0.01049	0.01778	0.60742	0.21927	0.01232	0.01553	0.01462	0.01127	0.01489	0.00983	0.01428	0.00760	0.00530	0.00544	0.00177	0.00707	0.00485	0.00249	0.00669
39	0.01406	0.69989	0.13581	0.01021	0.01536	0.02030	0.01087	0.01646	0.01114	0.01346	0.00789	0.00914	0.00698	0.00474	0.00374	0.00125	0.00615	0.00307	0.00233	0.00715
40	0.00664	0.00474	0.00633	0.00759	0.00791	0.00443	0.00506	0.00759	0.01044	0.01392	0.03005	0.80485	0.03606	0.01708	0.00696	0.00221	0.00316	0.01550	0.00506	0.00443
41	0.02020	0.00833	0.01129	0.00898	0.01245	0.00728	0.00728	0.02242	0.01556	0.58552	0.21255	0.02420	0.02316	0.00787	0.00572	0.00169	0.00411	0.00660	0.00656	0.00822
