[name]
unknown

[dist]
# distance from previous block
# <min> <max>
0	108

[block]
# block no. 0 follows, 47 sequences, length 193
# corresponding to MSA columns:
# 108-300
name=unknown_A
#
# <colnr> <probs for GDERKNQSTAVLIFYWHMCP>
#	G	D	E	R	K	N	Q	S	T	A	V	L	I	F	Y	W	H	M	C	P
0	0.07239	0.00706	0.00916	0.00945	0.01131	0.00708	0.00816	0.04663	0.01271	0.12167	0.02447	0.04747	0.02495	0.01225	0.00655	0.00220	0.00473	0.56123	0.00492	0.00559
1	0.13832	0.13635	0.44197	0.01362	0.01977	0.01330	0.11665	0.01641	0.01088	0.03448	0.00914	0.01080	0.00679	0.00482	0.00463	0.00158	0.00691	0.00388	0.00251	0.00718
2	0.00959	0.00630	0.00841	0.00834	0.00942	0.00632	0.00611	0.01078	0.01046	0.11854	0.02352	0.54966	0.02622	0.01319	0.00752	0.00197	0.10118	0.01141	0.00461	0.06644
3	0.01190	0.01370	0.07097	0.13767	0.02639	0.01284	0.50561	0.01765	0.11537	0.01685	0.01172	0.01457	0.00876	0.00491	0.00582	0.00175	0.00781	0.00575	0.00292	0.00704
4	0.03629	0.02029	0.07458	0.01315	0.04502	0.47942	0.01040	0.06502	0.01484	0.17611	0.01107	0.01155	0.00815	0.00557	0.00485	0.00145	0.00778	0.00390	0.00358	0.00700
5	0.01446	0.01068	0.01168	0.01026	0.01335	0.01191	0.00805	0.02685	0.63639	0.14394	0.02181	0.01986	0.03284	0.00711	0.00531	0.00174	0.00414	0.00590	0.00547	0.00825
6	0.00772	0.00529	0.00696	0.00678	0.00792	0.00487	0.00499	0.00986	0.01382	0.04556	0.60917	0.18902	0.04504	0.01161	0.00621	0.00173	0.00263	0.01032	0.00558	0.00492
7	0.01237	0.01193	0.02079	0.02939	0.66918	0.01184	0.07341	0.01540	0.01175	0.01672	0.01123	0.07119	0.01013	0.00547	0.00534	0.00160	0.00616	0.00550	0.00275	0.00786
8	0.01052	0.04482	0.77281	0.01471	0.02233	0.01229	0.01901	0.01647	0.01099	0.01640	0.00930	0.01094	0.00660	0.00494	0.00491	0.00164	0.00765	0.00382	0.00220	0.00767
9	0.02336	0.00886	0.01209	0.00927	0.01329	0.00765	0.00765	0.02538	0.01491	0.78810	0.02055	0.01773	0.01289	0.00645	0.00524	0.00161	0.00443	0.00524	0.00645	0.00886
10	0.00634	0.00453	0.00604	0.00725	0.00755	0.00423	0.00483	0.00725	0.00997	0.01329	0.02870	0.81358	0.03444	0.01632	0.00665	0.00211	0.00302	0.01480	0.00483	0.00423
11	0.01842	0.01981	0.01652	0.01381	0.01707	0.50552	0.12315	0.04729	0.02539	0.11960	0.03684	0.01248	0.00938	0.00560	0.00506	0.00146	0.00819	0.00432	0.00342	0.00666
12	0.02290	0.00876	0.01194	0.00919	0.01314	0.00758	0.00758	0.02493	0.01490	0.76602	0.04245	0.01833	0.01393	0.00657	0.00526	0.00161	0.00437	0.00536	0.00642	0.00875
13	0.00634	0.00453	0.00604	0.00725	0.00755	0.00423	0.00483	0.00725	0.00997	0.01329	0.02870	0.81358	0.03444	0.01632	0.00665	0.00211	0.00302	0.01480	0.00483	0.00423
14	0.00744	0.00558	0.00837	0.00837	0.00930	0.00651	0.00651	0.00930	0.00837	0.01209	0.01395	0.02046	0.01302	0.03906	0.79635	0.00837	0.01395	0.00558	0.00279	0.00465
15	0.01139	0.01139	0.01595	0.01367	0.01367	0.01595	0.01139	0.01253	0.00798	0.01253	0.00684	0.01139	0.00684	0.00911	0.01709	0.00228	0.80745	0.00456	0.00228	0.00570
16	0.01132	0.01128	0.01581	0.01357	0.01359	0.01577	0.01130	0.01247	0.00798	0.01252	0.00697	0.01157	0.00695	0.00968	0.03185	0.00239	0.79242	0.00458	0.00229	0.00568
17	0.01080	0.00926	0.01080	0.00771	0.01234	0.00694	0.00617	0.01311	0.01080	0.01697	0.00926	0.01080	0.00771	0.00386	0.00386	0.00077	0.00386	0.00309	0.00309	0.84882
18	0.01388	0.80130	0.02737	0.00921	0.01369	0.02043	0.02657	0.01562	0.01062	0.01236	0.00732	0.00849	0.00671	0.00445	0.00341	0.00113	0.00564	0.00286	0.00224	0.00669
19	0.01312	0.61714	0.06743	0.00901	0.01369	0.01746	0.00896	0.01516	0.01065	0.01341	0.00775	0.00898	0.00688	0.00437	0.00353	0.00108	0.00536	0.00290	0.00239	0.17072
20	0.06023	0.01303	0.12547	0.01068	0.01496	0.01110	0.00973	0.17099	0.15587	0.32897	0.03409	0.01604	0.01219	0.00632	0.00512	0.00164	0.00504	0.00502	0.00519	0.00833
21	0.00733	0.00551	0.00678	0.00646	0.00781	0.00511	0.00482	0.00995	0.04277	0.01923	0.58128	0.05783	0.18709	0.02711	0.00653	0.00174	0.00262	0.00967	0.00547	0.00489
22	0.01006	0.00963	0.01632	0.70834	0.03376	0.01198	0.04752	0.01340	0.01031	0.01340	0.00912	0.01370	0.00698	0.00547	0.00617	0.00178	0.06921	0.00469	0.00233	0.00583
23	0.03098	0.00969	0.01078	0.04511	0.01323	0.06620	0.00835	0.12596	0.11772	0.09534	0.07825	0.08516	0.02180	0.01000	0.00598	0.00191	0.00492	0.25737	0.00486	0.00638
24	0.01470	0.01486	0.04136	0.06400	0.05872	0.13006	0.44228	0.01818	0.01279	0.12045	0.01132	0.01367	0.00831	0.00496	0.00586	0.00167	0.02121	0.00537	0.00312	0.00710
25	0.02336	0.00886	0.01209	0.00927	0.01329	0.00765	0.00765	0.02538	0.01491	0.78810	0.02055	0.01773	0.01289	0.00645	0.00524	0.00161	0.00443	0.00524	0.00645	0.00886
26	0.01460	0.66535	0.05922	0.00985	0.01418	0.13685	0.00954	0.01642	0.01123	0.01251	0.00746	0.00863	0.00668	0.00461	0.00362	0.00117	0.00624	0.00292	0.00229	0.00663
27	0.01010	0.01053	0.05275	0.69340	0.03443	0.01175	0.08637	0.01377	0.01062	0.01377	0.00938	0.01377	0.00702	0.00512	0.00528	0.00173	0.00715	0.00474	0.00234	0.00599
28	0.00887	0.00463	0.00690	0.00690	0.00698	0.00471	0.00467	0.00703	0.00694	0.00934	0.00965	0.01666	0.00962	0.03798	0.08990	0.75432	0.00538	0.00469	0.00233	0.00250
29	0.00634	0.00453	0.00604	0.00725	0.00755	0.00423	0.00483	0.00725	0.00997	0.01329	0.02870	0.81358	0.03444	0.01632	0.00665	0.00211	0.00302	0.01480	0.00483	0.00423
30	0.01254	0.13527	0.03021	0.01999	0.02513	0.01429	0.65179	0.01652	0.01203	0.01602	0.01004	0.01319	0.00772	0.00440	0.00572	0.00166	0.00830	0.00564	0.00257	0.00697
31	0.03334	0.56191	0.11936	0.01137	0.04620	0.07159	0.03914	0.01647	0.03372	0.01371	0.00820	0.00948	0.00703	0.00467	0.00387	0.00127	0.00616	0.00325	0.00240	0.00686
32	0.00751	0.00506	0.00566	0.00566	0.00574	0.00502	0.00319	0.00757	0.00777	0.01028	0.01808	0.03482	0.05412	0.77994	0.02557	0.00490	0.00494	0.00773	0.00323	0.00321
33	0.01229	0.01405	0.03073	0.02195	0.02722	0.01317	0.76558	0.01668	0.01229	0.01668	0.01054	0.01405	0.00790	0.00439	0.00615	0.00176	0.00878	0.00615	0.00263	0.00702
34	0.07433	0.01022	0.01527	0.42073	0.04220	0.01329	0.01264	0.01322	0.00939	0.01385	0.00818	0.01249	0.00683	0.00668	0.00965	0.00193	0.31646	0.00446	0.00238	0.00580
35	0.07889	0.01141	0.01180	0.01043	0.01351	0.01314	0.00819	0.09357	0.64770	0.02291	0.01933	0.01795	0.01446	0.00682	0.00513	0.00174	0.00426	0.00554	0.00513	0.00810
36	0.00652	0.00499	0.00589	0.00651	0.00746	0.00449	0.00463	0.00764	0.01073	0.01355	0.03752	0.38730	0.33762	0.07310	0.00793	0.00221	0.00315	0.06980	0.00471	0.00426
37	0.01392	0.82012	0.02729	0.00891	0.01337	0.02061	0.00891	0.01559	0.01058	0.01225	0.00724	0.00835	0.00668	0.00446	0.00334	0.00111	0.00557	0.00278	0.00223	0.00668
38	0.02336	0.00886	0.01209	0.00927	0.01329	0.00765	0.00765	0.02538	0.01491	0.78810	0.02055	0.01773	0.01289	0.00645	0.00524	0.00161	0.00443	0.00524	0.00645	0.00886
39	0.00905	0.00452	0.00678	0.00678	0.00678	0.00452	0.00452	0.00678	0.00678	0.00905	0.00905	0.01583	0.00905	0.01809	0.02035	0.84848	0.00452	0.00452	0.00226	0.00226
40	0.07766	0.01374	0.02894	0.02078	0.02588	0.01305	0.70655	0.01657	0.01203	0.01720	0.01028	0.01361	0.00773	0.00442	0.00592	0.00174	0.00841	0.00589	0.00268	0.00692
41	0.00718	0.00526	0.00673	0.00649	0.00769	0.00481	0.00482	0.00941	0.01411	0.01966	0.65588	0.10012	0.11575	0.01132	0.00618	0.00169	0.00252	0.00998	0.00558	0.00481
42	0.02211	0.01088	0.01333	0.01022	0.01430	0.01065	0.00844	0.28666	0.01828	0.52206	0.01771	0.01589	0.01147	0.00638	0.00523	0.00159	0.00489	0.00504	0.00601	0.00886
43	0.01392	0.82012	0.02729	0.00891	0.01337	0.02061	0.00891	0.01559	0.01058	0.01225	0.00724	0.00835	0.00668	0.00446	0.00334	0.00111	0.00557	0.00278	0.00223	0.00668
44	0.01935	0.02081	0.01528	0.01355	0.04231	0.49588	0.01021	0.28233	0.01807	0.01993	0.00967	0.01060	0.00751	0.00565	0.00489	0.00143	0.00800	0.00387	0.00357	0.00710
45	0.00634	0.00453	0.00604	0.00725	0.00755	0.00423	0.00483	0.00725	0.00997	0.01329	0.02870	0.81358	0.03444	0.01632	0.00665	0.00211	0.00302	0.01480	0.00483	0.00423
46	0.00634	0.00453	0.00604	0.00725	0.00755	0.00423	0.00483	0.00725	0.00997	0.01329	0.02870	0.81358	0.03444	0.01632	0.00665	0.00211	0.00302	0.01480	0.00483	0.00423
47	0.01139	0.01139	0.01595	0.01367	0.01367	0.01595	0.01139	0.01253	0.00798	0.01253	0.00684	0.01139	0.00684	0.00911	0.01709	0.00228	0.80745	0.00456	0.00228	0.00570
48	0.01385	0.80439	0.04241	0.00903	0.01355	0.02044	0.00912	0.01561	0.01059	0.01234	0.00728	0.00841	0.00668	0.00447	0.00337	0.00112	0.00561	0.00281	0.00223	0.00670
49	0.01788	0.01281	0.11933	0.01119	0.01591	0.01015	0.06449	0.15105	0.03297	0.35098	0.01506	0.01454	0.01019	0.00565	0.00503	0.00148	0.00532	0.00468	0.00480	0.14649
50	0.01820	0.01442	0.01455	0.01169	0.01545	0.07514	0.00946	0.51343	0.20517	0.04628	0.01445	0.01406	0.01049	0.00638	0.00519	0.00160	0.00559	0.00489	0.00507	0.00849
51	0.01980	0.01459	0.01563	0.01198	0.01615	0.01615	0.00990	0.76713	0.02448	0.03282	0.01250	0.01250	0.00886	0.00625	0.00521	0.00156	0.00573	0.00469	0.00521	0.00886
52	0.01926	0.05854	0.01544	0.01300	0.01599	0.64441	0.00999	0.13281	0.01604	0.01574	0.00868	0.00981	0.00703	0.00546	0.00471	0.00136	0.00867	0.00353	0.00304	0.00649
53	0.00724	0.00566	0.00854	0.00876	0.00975	0.00530	0.06897	0.00873	0.01062	0.01417	0.04434	0.58695	0.04891	0.01460	0.00661	0.00208	0.00375	0.11982	0.00463	0.02056
54	0.01045	0.02694	0.79000	0.01484	0.02254	0.01209	0.01924	0.01649	0.01099	0.01649	0.00935	0.01099	0.00660	0.00495	0.00495	0.00165	0.00770	0.00385	0.00220	0.00770
55	0.01358	0.01071	0.01159	0.01025	0.01319	0.01208	0.00801	0.05890	0.62748	0.07792	0.07985	0.02051	0.01795	0.00726	0.00536	0.00174	0.00409	0.00606	0.00541	0.00806
56	0.00751	0.00550	0.00728	0.00791	0.00861	0.00533	0.02027	0.06647	0.01114	0.01488	0.02708	0.73554	0.03193	0.01530	0.00653	0.00206	0.00335	0.01385	0.00482	0.00464
57	0.00644	0.00535	0.00587	0.00591	0.00753	0.00478	0.00452	0.00788	0.01135	0.01383	0.04590	0.04600	0.63637	0.01713	0.12503	0.00278	0.00443	0.03992	0.00453	0.00445
58	0.00757	0.00505	0.00568	0.00568	0.00568	0.00505	0.00316	0.00757	0.00757	0.01010	0.01641	0.03408	0.01893	0.81698	0.02651	0.00505	0.00505	0.00757	0.00316	0.00316
59	0.01063	0.00515	0.00541	0.00520	0.00658	0.00506	0.00392	0.01294	0.01110	0.07498	0.01723	0.01979	0.01351	0.03374	0.00454	0.00137	0.00266	0.00497	0.75613	0.00509
60	0.02033	0.01373	0.01510	0.01157	0.01572	0.01487	0.00956	0.65558	0.02304	0.14641	0.01371	0.01329	0.00946	0.00628	0.00521	0.00157	0.00554	0.00477	0.00540	0.00886
61	0.01229	0.01405	0.03073	0.02195	0.02722	0.01317	0.76558	0.01668	0.01229	0.01668	0.01054	0.01405	0.00790	0.00439	0.00615	0.00176	0.00878	0.00615	0.00263	0.00702
62	0.01295	0.01119	0.01178	0.01060	0.01354	0.01295	0.00824	0.02767	0.77509	0.02178	0.02120	0.01943	0.01590	0.00707	0.00530	0.00177	0.00412	0.00589	0.00530	0.00824
63	0.00633	0.00459	0.00599	0.00711	0.00752	0.00424	0.00477	0.00727	0.01011	0.01335	0.03045	0.75808	0.08882	0.01609	0.00661	0.00209	0.00299	0.01453	0.00483	0.00424
64	0.01003	0.00946	0.01598	0.75420	0.08458	0.01162	0.01456	0.01348	0.01051	0.01355	0.00929	0.01382	0.00703	0.00517	0.00520	0.00172	0.00689	0.00463	0.00233	0.00595
65	0.01846	0.01392	0.01488	0.01171	0.01564	0.01553	0.00958	0.62315	0.17064	0.03067	0.01420	0.01385	0.01023	0.00641	0.00523	0.00160	0.00542	0.00492	0.00523	0.00874
66	0.01289	0.01237	0.02114	0.03196	0.78450	0.01237	0.01598	0.01598	0.01186	0.01701	0.00980	0.01289	0.00825	0.00464	0.00516	0.00155	0.00619	0.00464	0.00258	0.00825
67	0.00728	0.00532	0.00683	0.00645	0.00772	0.00487	0.00484	0.00964	0.01452	0.02035	0.72512	0.03977	0.10610	0.01084	0.00614	0.00165	0.00247	0.00954	0.00566	0.00487
68	0.01215	0.01505	0.08972	0.02140	0.02685	0.01309	0.70760	0.01667	0.01219	0.01667	0.01044	0.01381	0.00780	0.00443	0.00605	0.00175	0.00870	0.00597	0.00260	0.00708
69	0.00983	0.00926	0.01562	0.80447	0.03587	0.01157	0.01446	0.01331	0.01041	0.01331	0.00926	0.01388	0.00694	0.00521	0.00521	0.00174	0.00694	0.00463	0.00231	0.00579
70	0.01392	0.82012	0.02729	0.00891	0.01337	0.02061	0.00891	0.01559	0.01058	0.01225	0.00724	0.00835	0.00668	0.00446	0.00334	0.00111	0.00557	0.00278	0.00223	0.00668
71	0.00757	0.00507	0.00577	0.00576	0.00580	0.00508	0.00327	0.00766	0.00773	0.01036	0.03169	0.03387	0.01940	0.78313	0.04361	0.00506	0.00520	0.00756	0.00320	0.00322
72	0.01045	0.02694	0.79000	0.01484	0.02254	0.01209	0.01924	0.01649	0.01099	0.01649	0.00935	0.01099	0.00660	0.00495	0.00495	0.00165	0.00770	0.00385	0.00220	0.00770
73	0.01097	0.14622	0.67530	0.01395	0.02116	0.01337	0.01769	0.01636	0.01093	0.01585	0.00903	0.01060	0.00661	0.00487	0.00471	0.00157	0.00738	0.00369	0.00220	0.00754
74	0.00634	0.00453	0.00604	0.00725	0.00755	0.00423	0.00483	0.00725	0.00997	0.01329	0.02870	0.81358	0.03444	0.01632	0.00665	0.00211	0.00302	0.01480	0.00483	0.00423
75	0.01080	0.00926	0.01080	0.00771	0.01234	0.00694	0.00617	0.01311	0.01080	0.01697	0.00926	0.01080	0.00771	0.00386	0.00386	0.00077	0.00386	0.00309	0.00309	0.84882
76	0.01868	0.01323	0.01448	0.01114	0.01518	0.01416	0.00915	0.60980	0.02189	0.08549	0.01333	0.03589	0.00985	0.00633	0.00510	0.00150	0.00533	0.00488	0.01877	0.08581
77	0.17349	0.02211	0.54943	0.01291	0.01929	0.01235	0.01547	0.07132	0.04470	0.01923	0.00969	0.01098	0.00698	0.00511	0.00465	0.00164	0.00669	0.00380	0.00275	0.00741
78	0.02336	0.00886	0.01209	0.00927	0.01329	0.00765	0.00765	0.02538	0.01491	0.78810	0.02055	0.01773	0.01289	0.00645	0.00524	0.00161	0.00443	0.00524	0.00645	0.00886
79	0.00805	0.00569	0.00648	0.00600	0.00672	0.00533	0.00364	0.00845	0.00820	0.01135	0.03067	0.03067	0.01785	0.67854	0.02269	0.00434	0.00482	0.00694	0.00320	0.13037
80	0.07654	0.00992	0.01595	0.51277	0.04393	0.01144	0.09107	0.01583	0.06647	0.07542	0.01112	0.01426	0.00819	0.00533	0.00513	0.00171	0.00642	0.00479	0.01736	0.00635
81	0.02998	0.01090	0.01332	0.01101	0.07209	0.00979	0.03403	0.18732	0.01405	0.02075	0.01005	0.01142	0.00798	0.00451	0.00433	0.00106	0.00464	0.00367	0.00352	0.54560
82	0.00634	0.00453	0.00604	0.00725	0.00755	0.00423	0.00483	0.00725	0.00997	0.01329	0.02870	0.81358	0.03444	0.01632	0.00665	0.00211	0.00302	0.01480	0.00483	0.00423
83	0.01022	0.01000	0.01797	0.68267	0.03452	0.01182	0.13137	0.01383	0.01071	0.01383	0.00946	0.01391	0.00709	0.00508	0.00535	0.00174	0.00723	0.00486	0.00236	0.00598
84	0.01488	0.58152	0.03579	0.01011	0.01449	0.01809	0.05488	0.09245	0.02990	0.07149	0.02741	0.01081	0.00863	0.00499	0.00397	0.00127	0.00562	0.00360	0.00301	0.00709
85	0.01980	0.01459	0.01563	0.01198	0.01615	0.01615	0.00990	0.76713	0.02448	0.03282	0.01250	0.01250	0.00886	0.00625	0.00521	0.00156	0.00573	0.00469	0.00521	0.00886
86	0.00634	0.00454	0.00603	0.00722	0.00754	0.00423	0.00482	0.00725	0.01000	0.01331	0.02911	0.80055	0.04721	0.01626	0.00664	0.00211	0.00301	0.01474	0.00483	0.00423
87	0.01364	0.01484	0.01143	0.01089	0.01286	0.36314	0.00844	0.01664	0.08733	0.01419	0.01418	0.02108	0.01302	0.01554	0.20762	0.00333	0.00904	0.11644	0.04067	0.00566
88	0.03426	0.01372	0.01268	0.01118	0.02910	0.18826	0.00858	0.08904	0.29660	0.18852	0.06047	0.01695	0.01409	0.00659	0.00514	0.00160	0.00546	0.00518	0.00488	0.00769
89	0.00634	0.00453	0.00604	0.00725	0.00755	0.00423	0.00483	0.00725	0.00997	0.01329	0.02870	0.81358	0.03444	0.01632	0.00665	0.00211	0.00302	0.01480	0.00483	0.00423
90	0.00634	0.00453	0.00604	0.00725	0.00755	0.00423	0.00483	0.00725	0.00997	0.01329	0.02870	0.81358	0.03444	0.01632	0.00665	0.00211	0.00302	0.01480	0.00483	0.00423
91	0.01211	0.01146	0.01864	0.07283	0.60693	0.02910	0.01435	0.01508	0.01207	0.01690	0.07099	0.01822	0.01289	0.00586	0.00537	0.00162	0.00591	0.05913	0.00297	0.00755
92	0.01323	0.01310	0.03674	0.04512	0.59944	0.04810	0.01463	0.03522	0.10924	0.01770	0.01121	0.01353	0.00910	0.00504	0.00515	0.00157	0.00611	0.00472	0.00298	0.00809
93	0.00750	0.00512	0.00593	0.00603	0.00607	0.00517	0.00352	0.00764	0.00787	0.01053	0.01768	0.12661	0.02054	0.70505	0.02395	0.00464	0.02111	0.00837	0.00334	0.00334
94	0.01364	0.03138	0.01565	0.07066	0.01586	0.16810	0.01098	0.09188	0.01125	0.01470	0.00808	0.01154	0.00723	0.00872	0.03885	0.00216	0.46622	0.00434	0.00268	0.00608
95	0.01325	0.01330	0.02163	0.04558	0.55586	0.05926	0.12792	0.03402	0.02867	0.01699	0.01003	0.01298	0.00822	0.00485	0.00555	0.00159	0.02495	0.00482	0.00270	0.00783
96	0.85377	0.01007	0.00765	0.00685	0.01007	0.01168	0.00564	0.01531	0.00886	0.02336	0.00725	0.00846	0.00564	0.00483	0.00322	0.00161	0.00403	0.00282	0.00322	0.00564
97	0.01112	0.00931	0.01092	0.00788	0.01240	0.00719	0.00632	0.01358	0.02133	0.03435	0.00964	0.01108	0.00793	0.00404	0.00412	0.00083	0.01691	0.00320	0.00318	0.80467
98	0.01248	0.00973	0.01249	0.00920	0.01360	0.00807	0.05955	0.01586	0.07125	0.10287	0.01150	0.01248	0.00893	0.00452	0.00450	0.00104	0.01735	0.00378	0.00359	0.61722
99	0.01237	0.01070	0.01752	0.03810	0.57267	0.01053	0.01320	0.01503	0.01191	0.07241	0.01664	0.07945	0.09347	0.00660	0.00539	0.00162	0.00545	0.00615	0.00327	0.00753
100	0.00737	0.00532	0.00696	0.00655	0.00778	0.00491	0.00491	0.00983	0.01474	0.02088	0.78175	0.03890	0.04914	0.01065	0.00614	0.00164	0.00246	0.00942	0.00573	0.00491
101	0.00983	0.00926	0.01562	0.80447	0.03587	0.01157	0.01446	0.01331	0.01041	0.01331	0.00926	0.01388	0.00694	0.00521	0.00521	0.00174	0.00694	0.00463	0.00231	0.00579
102	0.01295	0.01119	0.01178	0.01060	0.01354	0.01295	0.00824	0.02767	0.77509	0.02178	0.02120	0.01943	0.01590	0.00707	0.00530	0.00177	0.00412	0.00589	0.00530	0.00824
103	0.01225	0.01393	0.03007	0.02158	0.02662	0.01329	0.73215	0.01650	0.01210	0.01650	0.01037	0.01393	0.00785	0.00460	0.00663	0.00178	0.04419	0.00608	0.00262	0.00696
104	0.00618	0.00516	0.00539	0.00557	0.00711	0.00437	0.00409	0.00744	0.01158	0.01395	0.04914	0.16493	0.66990	0.01366	0.00623	0.00181	0.00270	0.01156	0.00484	0.00437
105	0.01633	0.01124	0.01193	0.00953	0.01269	0.01227	0.00775	0.50790	0.01983	0.02822	0.01404	0.01488	0.01040	0.00619	0.00467	0.00144	0.00460	0.00475	0.29387	0.00748
106	0.00630	0.00503	0.00565	0.00603	0.00726	0.00437	0.00432	0.00755	0.01141	0.01425	0.09256	0.30915	0.47963	0.01409	0.00632	0.00187	0.00276	0.01218	0.00489	0.00437
107	0.04726	0.00890	0.01196	0.00920	0.01320	0.00777	0.00760	0.02509	0.01473	0.76609	0.02016	0.01746	0.01268	0.00640	0.00518	0.00161	0.00442	0.00517	0.00635	0.00877
108	0.00741	0.00544	0.00702	0.00696	0.00825	0.00505	0.00545	0.00971	0.01386	0.01902	0.54754	0.04406	0.13826	0.01167	0.00634	0.00180	0.00292	0.14897	0.00544	0.00483
109	0.02275	0.00888	0.01199	0.00927	0.01321	0.00779	0.00763	0.02520	0.04082	0.74953	0.03292	0.01813	0.01358	0.00653	0.00525	0.00162	0.00439	0.00533	0.00639	0.00878
110	0.02321	0.00912	0.01224	0.00939	0.01342	0.00803	0.00775	0.05826	0.01533	0.75462	0.02019	0.01749	0.01271	0.00644	0.00524	0.00161	0.00449	0.00521	0.00639	0.00886
111	0.00634	0.00453	0.00604	0.00725	0.00755	0.00423	0.00483	0.00725	0.00997	0.01329	0.02870	0.81358	0.03444	0.01632	0.00665	0.00211	0.00302	0.01480	0.00483	0.00423
112	0.02329	0.00898	0.01216	0.00932	0.01335	0.00783	0.00770	0.04117	0.01511	0.77202	0.02037	0.01761	0.01281	0.00644	0.00524	0.00161	0.00446	0.00523	0.00642	0.00886
113	0.00728	0.00532	0.00683	0.00645	0.00772	0.00487	0.00484	0.00964	0.01452	0.02035	0.72512	0.03977	0.10610	0.01084	0.00614	0.00165	0.00247	0.00954	0.00566	0.00487
114	0.01151	0.01181	0.01859	0.01514	0.01613	0.01531	0.15149	0.01326	0.00878	0.01330	0.00762	0.01201	0.00712	0.00865	0.02569	0.00226	0.64819	0.00487	0.00235	0.00593
115	0.00750	0.00542	0.00714	0.00698	0.00822	0.00507	0.00542	0.00992	0.01427	0.01995	0.65372	0.04211	0.06095	0.01126	0.00630	0.00175	0.00281	0.12074	0.00557	0.00489
116	0.01262	0.01036	0.01177	0.00864	0.01312	0.00894	0.00697	0.16030	0.03952	0.02022	0.01029	0.01142	0.00821	0.00443	0.00417	0.00096	0.00423	0.00349	0.00357	0.65675
117	0.01781	0.00898	0.01144	0.00929	0.02515	0.00834	0.00737	0.13632	0.01601	0.41373	0.20440	0.02150	0.02067	0.00722	0.00535	0.00155	0.00414	0.00601	0.00577	0.06895
118	0.03096	0.10724	0.63448	0.01363	0.02061	0.01263	0.01699	0.01704	0.01120	0.07457	0.00993	0.01117	0.00706	0.00501	0.00476	0.00159	0.00715	0.00382	0.00255	0.00763
119	0.01350	0.66153	0.15715	0.01001	0.01501	0.01902	0.01070	0.03738	0.01105	0.01357	0.00775	0.00892	0.00673	0.00459	0.00367	0.00122	0.00594	0.00302	0.00231	0.00692
120	0.00905	0.00452	0.00678	0.00678	0.00678	0.00452	0.00452	0.00678	0.00678	0.00905	0.00905	0.01583	0.00905	0.01809	0.02035	0.84848	0.00452	0.00452	0.00226	0.00226
121	0.85377	0.01007	0.00765	0.00685	0.01007	0.01168	0.00564	0.01531	0.00886	0.02336	0.00725	0.00846	0.00564	0.00483	0.00322	0.00161	0.00403	0.00282	0.00322	0.00564
122	0.25977	0.42301	0.04548	0.03600	0.01350	0.01631	0.00860	0.01580	0.01015	0.06024	0.00812	0.00942	0.00675	0.00506	0.00453	0.00141	0.06347	0.00316	0.00277	0.00644
123	0.72764	0.00961	0.00792	0.00700	0.01013	0.01086	0.00573	0.01561	0.00976	0.07877	0.06839	0.01150	0.00955	0.00540	0.00360	0.00161	0.00394	0.00351	0.00365	0.00582
124	0.85377	0.01007	0.00765	0.00685	0.01007	0.01168	0.00564	0.01531	0.00886	0.02336	0.00725	0.00846	0.00564	0.00483	0.00322	0.00161	0.00403	0.00282	0.00322	0.00564
125	0.00634	0.00527	0.00554	0.00550	0.00715	0.00447	0.00411	0.00782	0.01227	0.01508	0.16202	0.05999	0.66079	0.01285	0.00616	0.00175	0.00262	0.01081	0.00497	0.00447
126	0.00716	0.00532	0.00670	0.00654	0.00783	0.00486	0.00496	0.00933	0.01381	0.01892	0.56199	0.07665	0.18478	0.01162	0.00624	0.00173	0.00267	0.05864	0.00546	0.00478
127	0.01735	0.01984	0.01577	0.01622	0.14751	0.48319	0.01099	0.10247	0.03259	0.01594	0.00999	0.01156	0.02352	0.00581	0.00578	0.00149	0.06619	0.00403	0.00302	0.00672
128	0.00921	0.00468	0.00692	0.00687	0.00693	0.00470	0.00461	0.01868	0.00706	0.00942	0.00910	0.01578	0.00904	0.01791	0.02012	0.83523	0.00454	0.00453	0.00231	0.00236
129	0.00636	0.00459	0.00602	0.00713	0.00753	0.00425	0.00479	0.00732	0.01017	0.01350	0.04599	0.75725	0.07379	0.01603	0.00661	0.00209	0.00299	0.01449	0.00485	0.00425
130	0.17278	0.01064	0.01467	0.45007	0.07199	0.01250	0.02387	0.15070	0.01279	0.01904	0.00952	0.01254	0.00713	0.00528	0.00484	0.00167	0.00615	0.00432	0.00303	0.00648
131	0.01350	0.55428	0.04993	0.01041	0.01440	0.08348	0.06403	0.03146	0.01137	0.01348	0.02700	0.07234	0.00994	0.00572	0.00431	0.00132	0.01962	0.00427	0.00264	0.00649
132	0.02641	0.02662	0.77519	0.01469	0.02230	0.01209	0.01898	0.01647	0.01095	0.01662	0.00931	0.01095	0.00658	0.00495	0.00491	0.00165	0.00763	0.00383	0.00222	0.00766
133	0.00794	0.00573	0.00784	0.00896	0.01006	0.00562	0.00757	0.01004	0.01168	0.01514	0.02938	0.17170	0.07960	0.01460	0.00704	0.00231	0.00439	0.59091	0.00480	0.00468
134	0.14281	0.08911	0.01605	0.03824	0.15905	0.40997	0.01055	0.03573	0.01295	0.01558	0.00830	0.01005	0.00689	0.00515	0.00467	0.00143	0.02066	0.00355	0.00275	0.00650
135	0.01871	0.01308	0.01441	0.01141	0.01522	0.01425	0.00942	0.59318	0.05960	0.10007	0.01507	0.02944	0.01158	0.00708	0.00539	0.00165	0.00542	0.06128	0.00529	0.00845
136	0.01244	0.01333	0.01802	0.04602	0.01688	0.10955	0.12516	0.01419	0.00954	0.01321	0.00764	0.01165	0.00699	0.00780	0.01347	0.00207	0.55906	0.00465	0.00238	0.00594
137	0.01184	0.01022	0.01295	0.00938	0.01392	0.00855	0.06604	0.08990	0.01225	0.01846	0.00964	0.01124	0.00783	0.00425	0.00445	0.00096	0.02110	0.00352	0.00325	0.68027
138	0.01136	0.07488	0.68351	0.01437	0.02148	0.07352	0.01790	0.01677	0.01126	0.01594	0.00912	0.01071	0.00661	0.00495	0.00483	0.00159	0.00770	0.00375	0.00224	0.00751
139	0.00998	0.00586	0.00783	0.00739	0.00856	0.00607	0.00543	0.01135	0.00949	0.12888	0.03265	0.02503	0.03300	0.25907	0.36920	0.00566	0.00871	0.00627	0.05470	0.00486
140	0.00778	0.00556	0.00621	0.00597	0.00776	0.00478	0.00454	0.00938	0.01262	0.07553	0.18908	0.06189	0.54981	0.01227	0.00611	0.00175	0.00280	0.02620	0.00513	0.00485
141	0.01041	0.00885	0.01048	0.02485	0.01242	0.00691	0.00627	0.01286	0.02577	0.01664	0.01130	0.08589	0.01035	0.00511	0.00417	0.00094	0.00385	0.00427	0.00328	0.73538
142	0.40132	0.01184	0.01134	0.00923	0.01275	0.01328	0.00758	0.36732	0.01661	0.02762	0.06602	0.01257	0.01031	0.00592	0.00437	0.00159	0.00471	0.00418	0.00434	0.00709
143	0.00735	0.00496	0.00574	0.00596	0.00602	0.00490	0.00346	0.00752	0.00800	0.01067	0.01861	0.17374	0.02171	0.67353	0.02295	0.00452	0.00469	0.00887	0.00346	0.00335
144	0.00634	0.00453	0.00604	0.00725	0.00755	0.00423	0.00483	0.00725	0.00997	0.01329	0.02870	0.81358	0.03444	0.01632	0.00665	0.00211	0.00302	0.01480	0.00483	0.00423
145	0.01060	0.06210	0.75619	0.01458	0.02213	0.01247	0.01878	0.01645	0.01098	0.01630	0.00925	0.01088	0.00660	0.00493	0.00488	0.00163	0.00760	0.00380	0.00220	0.00765
146	0.00634	0.00456	0.00602	0.00718	0.00754	0.00424	0.00480	0.00726	0.01004	0.01332	0.02952	0.78756	0.05994	0.01621	0.00663	0.00210	0.00301	0.01467	0.00483	0.00424
147	0.00634	0.00453	0.00604	0.00725	0.00755	0.00423	0.00483	0.00725	0.00997	0.01329	0.02870	0.81358	0.03444	0.01632	0.00665	0.00211	0.00302	0.01480	0.00483	0.00423
148	0.01373	0.01011	0.01219	0.11380	0.04931	0.01108	0.00892	0.07243	0.37888	0.13549	0.02221	0.02178	0.10244	0.00738	0.00539	0.00172	0.00457	0.01610	0.00490	0.00757
149	0.00732	0.00532	0.00689	0.00650	0.00775	0.00489	0.00488	0.00973	0.01463	0.02061	0.75239	0.03935	0.07867	0.01075	0.00614	0.00164	0.00246	0.00948	0.00570	0.00489
150	0.00645	0.00458	0.00601	0.00711	0.00739	0.00430	0.00469	0.00728	0.00976	0.01302	0.02763	0.74562	0.03309	0.08613	0.00838	0.00237	0.00320	0.01417	0.00469	0.00414
151	0.01080	0.00926	0.01080	0.00771	0.01234	0.00694	0.00617	0.01311	0.01080	0.01697	0.00926	0.01080	0.00771	0.00386	0.00386	0.00077	0.00386	0.00309	0.00309	0.84882
152	0.01126	0.02123	0.45359	0.01799	0.02461	0.01257	0.34993	0.01658	0.01157	0.01658	0.00987	0.01235	0.00717	0.00470	0.00548	0.00170	0.00818	0.00487	0.00239	0.00740
153	0.01045	0.02694	0.79000	0.01484	0.02254	0.01209	0.01924	0.01649	0.01099	0.01649	0.00935	0.01099	0.00660	0.00495	0.00495	0.00165	0.00770	0.00385	0.00220	0.00770
154	0.01473	0.00864	0.04406	0.00858	0.01148	0.00767	0.00711	0.01928	0.14622	0.31792	0.27695	0.02559	0.04131	0.00803	0.00550	0.00164	0.00374	0.00680	0.03762	0.00713
155	0.01048	0.00824	0.00865	0.00798	0.00909	0.06483	0.00565	0.12510	0.02356	0.01491	0.01519	0.05893	0.01554	0.39053	0.16060	0.00445	0.02413	0.00656	0.04081	0.00477
156	0.08427	0.03802	0.01481	0.01228	0.01559	0.43253	0.00963	0.29295	0.01776	0.02089	0.00960	0.01043	0.00741	0.00563	0.00474	0.00144	0.00755	0.00379	0.00364	0.00705
157	0.00830	0.00665	0.00946	0.00912	0.01010	0.00804	0.00718	0.01108	0.06789	0.01289	0.01374	0.01939	0.01257	0.03331	0.65006	0.00719	0.09956	0.00549	0.00293	0.00504
158	0.01273	0.01221	0.02085	0.07176	0.74593	0.01233	0.01590	0.01584	0.01178	0.01682	0.00977	0.01294	0.00818	0.00467	0.00516	0.00156	0.00623	0.00464	0.00256	0.00812
159	0.00655	0.00554	0.00569	0.00561	0.00738	0.00482	0.00422	0.00855	0.04593	0.01494	0.10799	0.04789	0.69144	0.01272	0.00612	0.00175	0.00269	0.01064	0.00493	0.00461
160	0.02241	0.00927	0.01220	0.00948	0.01343	0.00840	0.00779	0.05509	0.07434	0.69850	0.02028	0.01765	0.01296	0.00649	0.00524	0.00162	0.00446	0.00527	0.00631	0.00881
161	0.02151	0.00845	0.01149	0.00895	0.01266	0.00734	0.00734	0.02358	0.01489	0.69923	0.10872	0.02018	0.01709	0.00693	0.00534	0.00161	0.00420	0.00572	0.00636	0.00841
162	0.00983	0.00926	0.01562	0.80447	0.03587	0.01157	0.01446	0.01331	0.01041	0.01331	0.00926	0.01388	0.00694	0.00521	0.00521	0.00174	0.00694	0.00463	0.00231	0.00579
163	0.01114	0.00947	0.01098	0.00791	0.01249	0.00736	0.00633	0.03906	0.02397	0.01759	0.00957	0.01100	0.00789	0.00399	0.00393	0.00081	0.00392	0.00319	0.00319	0.80620
164	0.01106	0.19139	0.60446	0.01332	0.02013	0.01362	0.01660	0.01608	0.01104	0.01576	0.03524	0.01140	0.00807	0.00504	0.00465	0.00154	0.00707	0.00382	0.00233	0.00739
165	0.00983	0.00926	0.01562	0.80447	0.03587	0.01157	0.01446	0.01331	0.01041	0.01331	0.00926	0.01388	0.00694	0.00521	0.00521	0.00174	0.00694	0.00463	0.00231	0.00579
166	0.00983	0.00926	0.01562	0.80447	0.03587	0.01157	0.01446	0.01331	0.01041	0.01331	0.00926	0.01388	0.00694	0.00521	0.00521	0.00174	0.00694	0.00463	0.00231	0.00579
167	0.01011	0.00968	0.01562	0.75057	0.03440	0.02790	0.01423	0.01342	0.01039	0.01326	0.00912	0.01367	0.00693	0.00540	0.00576	0.00175	0.04510	0.00460	0.00232	0.00579
168	0.01243	0.01414	0.02948	0.02161	0.04357	0.03160	0.69735	0.01658	0.01215	0.01641	0.01030	0.01379	0.00783	0.00463	0.00658	0.00176	0.04422	0.00598	0.00262	0.00697
169	0.00757	0.00505	0.00568	0.00568	0.00568	0.00505	0.00316	0.00757	0.00757	0.01010	0.01641	0.03408	0.01893	0.81698	0.02651	0.00505	0.00505	0.00757	0.00316	0.00316
170	0.01079	0.03672	0.62907	0.01553	0.02232	0.01264	0.10958	0.01621	0.01093	0.01616	0.00928	0.01135	0.00677	0.00517	0.00595	0.00170	0.06594	0.00416	0.00226	0.00745
171	0.01370	0.03264	0.01954	0.08389	0.56720	0.11506	0.01447	0.04561	0.01260	0.01664	0.01036	0.01306	0.02212	0.00499	0.00508	0.00153	0.00656	0.00455	0.00271	0.00770
172	0.01092	0.13450	0.68657	0.01404	0.02130	0.01325	0.01784	0.01637	0.01094	0.01592	0.00906	0.01064	0.00661	0.00488	0.00473	0.00158	0.00741	0.00370	0.00220	0.00756
173	0.00649	0.00464	0.00621	0.00742	0.00779	0.00436	0.00509	0.00751	0.01012	0.01346	0.02862	0.75871	0.03412	0.01617	0.00669	0.00214	0.00315	0.06821	0.00483	0.00427
174	0.01474	0.00853	0.01022	0.03886	0.01242	0.00867	0.00717	0.03279	0.24826	0.27258	0.03949	0.05890	0.10153	0.00809	0.00535	0.00169	0.00397	0.03189	0.08760	0.00724
175	0.01885	0.01373	0.01492	0.01171	0.01562	0.01512	0.00970	0.67866	0.03786	0.04693	0.01401	0.01634	0.01072	0.00690	0.00537	0.00163	0.00560	0.06258	0.00520	0.00853
176	0.03705	0.01367	0.03024	0.01476	0.01927	0.01387	0.25505	0.38459	0.03583	0.12288	0.01292	0.01371	0.00911	0.00564	0.00547	0.00164	0.00651	0.00520	0.00445	0.00816
177	0.01087	0.00639	0.00849	0.00837	0.01021	0.00599	0.00696	0.01327	0.02410	0.16583	0.20570	0.04469	0.11094	0.01174	0.00643	0.00199	0.00394	0.34314	0.00535	0.00561
178	0.02975	0.09295	0.51034	0.01561	0.04361	0.07411	0.12949	0.01674	0.01143	0.01602	0.00921	0.01110	0.00684	0.00484	0.00494	0.00159	0.00769	0.00406	0.00234	0.00735
179	0.00985	0.06981	0.00963	0.00762	0.00958	0.00766	0.00599	0.01396	0.13280	0.07702	0.41362	0.04950	0.09305	0.01169	0.06319	0.00213	0.00397	0.00800	0.00514	0.00580
180	0.02316	0.00891	0.01208	0.00929	0.01330	0.00776	0.00767	0.02542	0.02998	0.77291	0.02056	0.01776	0.01295	0.00646	0.00524	0.00161	0.00443	0.00525	0.00642	0.00885
181	0.00655	0.00467	0.00593	0.00686	0.00719	0.00439	0.00448	0.00732	0.00965	0.01277	0.02788	0.63009	0.07460	0.15959	0.01018	0.00262	0.00336	0.01329	0.00453	0.00405
182	0.06644	0.09409	0.01553	0.01180	0.01525	0.36319	0.00943	0.24865	0.03246	0.07986	0.01053	0.01104	0.00797	0.00564	0.00470	0.00143	0.00712	0.00388	0.00379	0.00720
183	0.00644	0.00503	0.00586	0.00641	0.00745	0.00451	0.00452	0.00787	0.02636	0.01415	0.07291	0.42338	0.36748	0.01449	0.00638	0.00193	0.00285	0.01269	0.00488	0.00441
184	0.00634	0.00453	0.00604	0.00725	0.00755	0.00423	0.00483	0.00725	0.00997	0.01329	0.02870	0.81358	0.03444	0.01632	0.00665	0.00211	0.00302	0.01480	0.00483	0.00423
185	0.07888	0.01140	0.01180	0.01043	0.01350	0.01314	0.00819	0.09267	0.64861	0.02289	0.01934	0.01796	0.01447	0.00682	0.00513	0.00174	0.00426	0.00554	0.00513	0.00810
186	0.02212	0.00958	0.01245	0.00963	0.01355	0.00888	0.00794	0.13622	0.01606	0.64012	0.01904	0.01706	0.01229	0.00786	0.04030	0.00190	0.00505	0.00517	0.00610	0.00867
187	0.00971	0.00485	0.00485	0.00485	0.00607	0.00485	0.00364	0.01213	0.01092	0.01942	0.01699	0.01942	0.01335	0.00607	0.00364	0.00121	0.00243	0.00485	0.84589	0.00485
188	0.00678	0.00485	0.00640	0.00750	0.00794	0.00461	0.00516	0.02519	0.01042	0.01388	0.02826	0.75155	0.03359	0.01597	0.00664	0.00212	0.00319	0.05674	0.00484	0.00437
189	0.12991	0.01542	0.01477	0.16777	0.08314	0.25485	0.02766	0.13037	0.03478	0.06250	0.01010	0.01179	0.00769	0.00550	0.00504	0.00156	0.02292	0.00410	0.00333	0.00678
190	0.00908	0.06568	0.00853	0.00677	0.00870	0.00722	0.00520	0.10133	0.01279	0.03352	0.06565	0.08326	0.41745	0.12482	0.00873	0.00218	0.00367	0.02582	0.00453	0.00505
191	0.07767	0.18843	0.01621	0.01086	0.01422	0.30037	0.00887	0.17976	0.03771	0.01833	0.01090	0.01184	0.03053	0.00635	0.02227	0.00153	0.00682	0.00387	0.02759	0.02587
192	0.04351	0.08548	0.53870	0.01446	0.02106	0.03008	0.08799	0.08798	0.01237	0.01791	0.00949	0.01109	0.00691	0.00499	0.00489	0.00160	0.00735	0.00402	0.00258	0.00755

[dist]
# distance from previous block
# <min> <max>
0	2

[block]
# block no. 1 follows, 47 sequences, length 14
# corresponding to MSA columns:
# 303-316
name=unknown_B
#
# <colnr> <probs for GDERKNQSTAVLIFYWHMCP>
#	G	D	E	R	K	N	Q	S	T	A	V	L	I	F	Y	W	H	M	C	P
0	0.00678	0.00483	0.00631	0.00689	0.00747	0.00452	0.00472	0.00812	0.01133	0.01551	0.27359	0.49702	0.03798	0.07980	0.00810	0.00220	0.00300	0.01246	0.00499	0.00437
1	0.01132	0.01032	0.01703	0.13920	0.43349	0.01066	0.04900	0.03140	0.01104	0.01529	0.01162	0.01865	0.01083	0.18134	0.00989	0.00236	0.00614	0.02099	0.00278	0.00666
2	0.00939	0.02088	0.57605	0.01283	0.01854	0.01007	0.01540	0.01408	0.01063	0.01555	0.01381	0.18579	0.01300	0.00932	0.04959	0.00213	0.00703	0.00632	0.00280	0.00677
3	0.01175	0.01697	0.21777	0.01939	0.02523	0.01255	0.53815	0.01643	0.01189	0.01665	0.01017	0.01311	0.00757	0.00450	0.00572	0.00167	0.00824	0.00541	0.00255	0.05428
4	0.00909	0.00697	0.01021	0.01216	0.17661	0.00662	0.00741	0.01167	0.01412	0.04511	0.58926	0.03256	0.03907	0.00920	0.00590	0.00162	0.00333	0.00824	0.00507	0.00577
5	0.00630	0.00469	0.00588	0.00682	0.00744	0.00427	0.00464	0.00730	0.01038	0.01346	0.03393	0.64781	0.19684	0.01564	0.00654	0.00204	0.00294	0.01398	0.00483	0.00427
6	0.01057	0.06403	0.69401	0.07474	0.02311	0.01247	0.01838	0.01621	0.01093	0.01604	0.00924	0.01109	0.00663	0.00494	0.00489	0.00163	0.00754	0.00386	0.00221	0.00750
7	0.16943	0.01879	0.02055	0.01808	0.02247	0.01632	0.01306	0.03069	0.02171	0.50875	0.02977	0.03385	0.02368	0.01507	0.01075	0.00413	0.00910	0.00912	0.00987	0.01483
8	0.00800	0.00593	0.00786	0.17920	0.01233	0.00642	0.00570	0.00880	0.00832	0.01096	0.01551	0.07133	0.01716	0.59796	0.02082	0.00417	0.00535	0.00732	0.00306	0.00378
9	0.02070	0.01026	0.01444	0.01449	0.18106	0.00962	0.00971	0.10531	0.01530	0.53721	0.01732	0.01610	0.01144	0.00603	0.00522	0.00159	0.00496	0.00505	0.00547	0.00873
10	0.02026	0.01384	0.01517	0.01163	0.01578	0.01505	0.00961	0.67098	0.02324	0.13073	0.01355	0.01318	0.00938	0.00628	0.00521	0.00157	0.00556	0.00476	0.00537	0.00886
11	0.00905	0.00452	0.00678	0.00678	0.00678	0.00452	0.00452	0.00678	0.00678	0.00905	0.00905	0.01583	0.00905	0.01809	0.02035	0.84848	0.00452	0.00452	0.00226	0.00226
12	0.00676	0.00478	0.00612	0.00702	0.00738	0.00455	0.00471	0.00760	0.00967	0.01280	0.02677	0.56070	0.05630	0.18991	0.01098	0.00276	0.00358	0.06910	0.00447	0.00405
13	0.00908	0.00823	0.01354	0.63137	0.02972	0.00998	0.01237	0.01199	0.01032	0.01330	0.01348	0.18752	0.01291	0.00762	0.00552	0.00182	0.00609	0.00684	0.00286	0.00545

[dist]
# distance from previous block
# <min> <max>
5	35

[block]
# block no. 2 follows, 47 sequences, length 67
# corresponding to MSA columns:
# 354-420
name=unknown_C
#
# <colnr> <probs for GDERKNQSTAVLIFYWHMCP>
#	G	D	E	R	K	N	Q	S	T	A	V	L	I	F	Y	W	H	M	C	P
0	0.01413	0.01075	0.01224	0.00906	0.01348	0.00968	0.00735	0.22241	0.03422	0.07036	0.01117	0.01193	0.00856	0.00476	0.00435	0.00107	0.00442	0.00374	0.00394	0.54237
1	0.30306	0.00930	0.01041	0.00833	0.01201	0.00909	0.00684	0.03951	0.01288	0.43916	0.04486	0.01491	0.01147	0.00592	0.00452	0.00157	0.00422	0.00445	0.00512	0.05238
2	0.01909	0.01386	0.01449	0.01147	0.01531	0.05832	0.00933	0.53478	0.10926	0.11879	0.01458	0.03239	0.01062	0.00655	0.00523	0.00159	0.00553	0.00505	0.00521	0.00852
3	0.01147	0.01001	0.05641	0.00909	0.01163	0.04412	0.00751	0.06547	0.23575	0.06675	0.35410	0.02797	0.04351	0.00863	0.00567	0.00168	0.00395	0.02449	0.00523	0.00657
4	0.00634	0.00453	0.00604	0.00725	0.00755	0.00423	0.00483	0.00725	0.00997	0.01329	0.02870	0.81358	0.03444	0.01632	0.00665	0.00211	0.00302	0.01480	0.00483	0.00423
5	0.02282	0.00974	0.01263	0.00968	0.01373	0.00895	0.00800	0.13847	0.01637	0.67295	0.01932	0.01693	0.01228	0.00642	0.00523	0.00160	0.00463	0.00515	0.00626	0.00886
6	0.03138	0.01265	0.01337	0.01079	0.01405	0.03501	0.00873	0.52695	0.05646	0.02778	0.01428	0.07886	0.01157	0.00716	0.00558	0.00160	0.03635	0.00552	0.09415	0.00777
7	0.01129	0.01129	0.01605	0.01370	0.01383	0.01560	0.02848	0.01250	0.00812	0.01265	0.00745	0.03102	0.00753	0.00918	0.01659	0.00226	0.76957	0.00484	0.00235	0.00569
8	0.01100	0.00938	0.01091	0.00781	0.01243	0.00715	0.00626	0.03036	0.01111	0.01733	0.00933	0.01084	0.00774	0.00391	0.00389	0.00079	0.00390	0.00312	0.00313	0.82960
9	0.00634	0.00453	0.00604	0.00725	0.00755	0.00423	0.00483	0.00725	0.00997	0.01329	0.02870	0.81358	0.03444	0.01632	0.00665	0.00211	0.00302	0.01480	0.00483	0.00423
10	0.00737	0.00532	0.00696	0.00655	0.00778	0.00491	0.00491	0.00983	0.01474	0.02088	0.78175	0.03890	0.04914	0.01065	0.00614	0.00164	0.00246	0.00942	0.00573	0.00491
11	0.00956	0.00781	0.01164	0.01056	0.01143	0.00900	0.06926	0.01091	0.00972	0.05947	0.03063	0.36534	0.02088	0.04937	0.04616	0.00251	0.25729	0.00948	0.00379	0.00518
12	0.01667	0.01070	0.03201	0.01019	0.01352	0.03026	0.00837	0.05412	0.35194	0.30242	0.03511	0.02155	0.01580	0.00736	0.00541	0.00174	0.00455	0.06465	0.00554	0.00809
13	0.02223	0.00965	0.01244	0.00965	0.01362	0.00895	0.00794	0.10541	0.07080	0.65147	0.01973	0.01729	0.01267	0.00647	0.00524	0.00162	0.00455	0.00522	0.00623	0.00882
14	0.00634	0.00453	0.00604	0.00725	0.00755	0.00423	0.00483	0.00725	0.00997	0.01329	0.02870	0.81358	0.03444	0.01632	0.00665	0.00211	0.00302	0.01480	0.00483	0.00423
15	0.02008	0.01414	0.01535	0.01177	0.01593	0.01549	0.00972	0.70916	0.02374	0.09185	0.01313	0.01291	0.00917	0.00627	0.00521	0.00157	0.00563	0.00473	0.00531	0.00886
16	0.10309	0.01314	0.01373	0.01074	0.01451	0.01455	0.00883	0.61463	0.02153	0.03051	0.01243	0.01279	0.00899	0.00609	0.00485	0.00153	0.00522	0.00452	0.09018	0.00813
17	0.00634	0.00453	0.00604	0.00725	0.00755	0.00423	0.00483	0.00725	0.00997	0.01329	0.02870	0.81358	0.03444	0.01632	0.00665	0.00211	0.00302	0.01480	0.00483	0.00423
18	0.04113	0.02197	0.01552	0.01380	0.02789	0.61319	0.05244	0.06005	0.04797	0.01478	0.00896	0.01036	0.00729	0.00555	0.00527	0.00144	0.03937	0.00374	0.00293	0.00635
19	0.01846	0.01326	0.01422	0.01109	0.01488	0.01461	0.00910	0.63562	0.05838	0.04661	0.01356	0.01368	0.00976	0.00627	0.00505	0.00154	0.00527	0.00477	0.09547	0.00840
20	0.01186	0.35027	0.47908	0.01242	0.01880	0.01556	0.01503	0.01613	0.01083	0.01476	0.00849	0.00992	0.00663	0.00475	0.00429	0.00143	0.00683	0.00341	0.00221	0.00728
21	0.00936	0.01013	0.06249	0.02915	0.01666	0.00856	0.28510	0.01218	0.01134	0.01528	0.03774	0.15933	0.15758	0.03665	0.02720	0.00201	0.00588	0.02517	0.00356	0.08463
22	0.00799	0.00661	0.00744	0.00790	0.00848	0.05011	0.00547	0.00966	0.05552	0.01340	0.03844	0.52054	0.04507	0.13629	0.01011	0.00249	0.05393	0.01170	0.00434	0.00452
23	0.01477	0.01078	0.01190	0.00998	0.01263	0.01167	0.00776	0.47533	0.01863	0.02495	0.01730	0.22988	0.01689	0.10286	0.00806	0.00211	0.00492	0.00774	0.00487	0.00695
24	0.01070	0.12298	0.65249	0.01365	0.02059	0.01273	0.01717	0.01601	0.01115	0.01622	0.05248	0.01224	0.00900	0.00521	0.00482	0.00158	0.00714	0.00403	0.00240	0.00742
25	0.02315	0.00920	0.01230	0.00943	0.01346	0.00816	0.00779	0.06971	0.01548	0.74297	0.02006	0.01741	0.01265	0.00643	0.00524	0.00161	0.00451	0.00520	0.00637	0.00886
26	0.02149	0.01136	0.01359	0.01040	0.01451	0.01132	0.00859	0.34715	0.01896	0.44008	0.01676	0.01528	0.01100	0.00629	0.00519	0.00157	0.00498	0.00494	0.00582	0.03072
27	0.00737	0.00532	0.00696	0.00655	0.00778	0.00491	0.00491	0.00983	0.01474	0.02088	0.78175	0.03890	0.04914	0.01065	0.00614	0.00164	0.00246	0.00942	0.00573	0.00491
28	0.01871	0.13139	0.01644	0.01281	0.01573	0.69216	0.00991	0.02010	0.01420	0.01268	0.00794	0.00925	0.00670	0.00524	0.00451	0.00131	0.00888	0.00328	0.00262	0.00612
29	0.00994	0.00589	0.00778	0.00699	0.00867	0.00535	0.00535	0.01233	0.01477	0.14420	0.65940	0.03550	0.04331	0.00997	0.00600	0.00163	0.00277	0.00875	0.00585	0.00555
30	0.00785	0.00645	0.00704	0.00669	0.00853	0.00623	0.00508	0.01213	0.16304	0.01756	0.25758	0.04083	0.41913	0.01125	0.00598	0.00173	0.00288	0.00953	0.00519	0.00530
31	0.01894	0.01395	0.01491	0.01158	0.01554	0.01545	0.00952	0.68912	0.06865	0.03156	0.01322	0.01323	0.00948	0.00629	0.00514	0.00156	0.00549	0.00477	0.04296	0.00864
32	0.01060	0.06255	0.75575	0.01458	0.02213	0.01248	0.01878	0.01645	0.01098	0.01630	0.00925	0.01088	0.00660	0.00493	0.00488	0.00163	0.00760	0.00380	0.00220	0.00765
