[name]
unknown

[dist]
# distance from previous block
# <min> <max>
4	83

[block]
# block no. 0 follows, 46 sequences, length 21
# corresponding to MSA columns:
# 111-131
name=unknown_A
#
# <colnr> <probs for GDERKNQSTAVLIFYWHMCP>
#	G	D	E	R	K	N	Q	S	T	A	V	L	I	F	Y	W	H	M	C	P
0	0.11028	0.05206	0.02698	0.08772	0.05586	0.03078	0.00911	0.19842	0.03883	0.14165	0.01272	0.02976	0.00957	0.00573	0.00471	0.00147	0.00515	0.00448	0.03209	0.14265
1	0.33404	0.01109	0.01210	0.13467	0.08189	0.06490	0.02449	0.04588	0.02547	0.08894	0.02658	0.01355	0.03405	0.00581	0.00475	0.01755	0.00524	0.00423	0.00351	0.06124
2	0.03042	0.01158	0.01947	0.24576	0.38491	0.01251	0.08447	0.04020	0.02706	0.01663	0.01045	0.03292	0.00866	0.00548	0.00595	0.00170	0.04672	0.00508	0.00275	0.00728
3	0.05640	0.00968	0.01544	0.67780	0.05171	0.01202	0.01389	0.01411	0.03439	0.01440	0.00957	0.01383	0.00729	0.00549	0.00573	0.00178	0.04334	0.00463	0.00250	0.00600
4	0.00786	0.00513	0.00621	0.00618	0.00650	0.00511	0.00389	0.00828	0.00904	0.01253	0.13729	0.05265	0.02294	0.50710	0.06630	0.08468	0.00501	0.00764	0.04208	0.00360
5	0.04675	0.00845	0.01129	0.00888	0.01249	0.00745	0.00726	0.02289	0.01491	0.63743	0.14331	0.02119	0.01883	0.00718	0.00540	0.00164	0.00416	0.00593	0.00632	0.00825
6	0.02372	0.00900	0.01227	0.00941	0.01350	0.00777	0.00777	0.02576	0.01513	0.78489	0.02086	0.01799	0.01309	0.00654	0.00532	0.00164	0.00450	0.00532	0.00654	0.00900
7	0.00690	0.00494	0.00660	0.00743	0.00806	0.00464	0.00529	0.00834	0.01147	0.01555	0.20569	0.55265	0.03802	0.01501	0.00668	0.00206	0.00311	0.08792	0.00512	0.00452
8	0.00918	0.00459	0.00689	0.00689	0.00689	0.00459	0.00459	0.00689	0.00689	0.00918	0.00918	0.01607	0.00918	0.01837	0.02066	0.84619	0.00459	0.00459	0.00230	0.00230
9	0.85155	0.01022	0.00777	0.00695	0.01022	0.01186	0.00573	0.01554	0.00900	0.02372	0.00736	0.00859	0.00573	0.00491	0.00327	0.00164	0.00409	0.00286	0.00327	0.00573
10	0.01978	0.02414	0.01507	0.01347	0.01635	0.71414	0.01020	0.09650	0.01598	0.01501	0.00863	0.00985	0.00703	0.00554	0.00482	0.00138	0.00916	0.00354	0.00298	0.00642
11	0.85155	0.01022	0.00777	0.00695	0.01022	0.01186	0.00573	0.01554	0.00900	0.02372	0.00736	0.00859	0.00573	0.00491	0.00327	0.00164	0.00409	0.00286	0.00327	0.00573
12	0.01413	0.81739	0.02770	0.00905	0.01357	0.02092	0.00905	0.01583	0.01074	0.01244	0.00735	0.00848	0.00678	0.00452	0.00339	0.00113	0.00565	0.00283	0.00226	0.00678
13	0.00824	0.00659	0.00979	0.00913	0.00997	0.00765	0.04043	0.00977	0.00846	0.01210	0.01374	0.02239	0.01356	0.19856	0.51049	0.00680	0.09886	0.00600	0.00285	0.00462
14	0.85155	0.01022	0.00777	0.00695	0.01022	0.01186	0.00573	0.01554	0.00900	0.02372	0.00736	0.00859	0.00573	0.00491	0.00327	0.00164	0.00409	0.00286	0.00327	0.00573
15	0.00998	0.00940	0.01586	0.80150	0.03641	0.01175	0.01468	0.01351	0.01057	0.01351	0.00940	0.01409	0.00705	0.00529	0.00529	0.00176	0.00705	0.00470	0.00235	0.00587
16	0.00644	0.00460	0.00613	0.00736	0.00767	0.00429	0.00491	0.00736	0.01012	0.01350	0.02914	0.81076	0.03497	0.01656	0.00675	0.00215	0.00307	0.01503	0.00491	0.00429
17	0.85155	0.01022	0.00777	0.00695	0.01022	0.01186	0.00573	0.01554	0.00900	0.02372	0.00736	0.00859	0.00573	0.00491	0.00327	0.00164	0.00409	0.00286	0.00327	0.00573
18	0.00784	0.00648	0.00949	0.00940	0.01014	0.00689	0.05706	0.00952	0.03085	0.01425	0.05808	0.57148	0.02927	0.01416	0.00815	0.00212	0.11596	0.02956	0.00445	0.00485
19	0.73436	0.01058	0.00873	0.00755	0.01095	0.01207	0.00622	0.08402	0.01075	0.06289	0.00852	0.00943	0.00639	0.00512	0.00356	0.00163	0.00427	0.00316	0.00362	0.00619
20	0.03510	0.03217	0.04996	0.01318	0.05532	0.24354	0.01035	0.32756	0.05242	0.09389	0.02799	0.01292	0.00966	0.00602	0.00507	0.00153	0.00672	0.00445	0.00429	0.00785

[dist]
# distance from previous block
# <min> <max>
0	5

[block]
# block no. 1 follows, 46 sequences, length 7
# corresponding to MSA columns:
# 137-143
name=unknown_B
#
# <colnr> <probs for GDERKNQSTAVLIFYWHMCP>
#	G	D	E	R	K	N	Q	S	T	A	V	L	I	F	Y	W	H	M	C	P
0	0.07500	0.00678	0.00806	0.00807	0.00946	0.00681	0.00587	0.11207	0.01272	0.06935	0.07929	0.53082	0.02879	0.01318	0.00615	0.00196	0.00357	0.01164	0.00501	0.00541
1	0.12684	0.24752	0.34737	0.01156	0.01706	0.04112	0.01301	0.01679	0.01120	0.06788	0.01023	0.01287	0.00821	0.00546	0.00445	0.00154	0.00638	0.04059	0.00282	0.00711
2	0.02010	0.01481	0.01587	0.01216	0.01639	0.01639	0.01005	0.76360	0.02486	0.03332	0.01269	0.01269	0.00899	0.00635	0.00529	0.00159	0.00582	0.00476	0.00529	0.00899
3	0.01151	0.01221	0.02471	0.21926	0.07659	0.01227	0.46579	0.01530	0.01159	0.01557	0.01078	0.01572	0.00866	0.06742	0.00753	0.00202	0.00798	0.00586	0.00263	0.00659
4	0.00898	0.00466	0.00673	0.00673	0.00673	0.00466	0.00440	0.00700	0.00700	0.00933	0.01020	0.01858	0.01055	0.12639	0.02151	0.73203	0.00466	0.00501	0.00242	0.00242
5	0.01246	0.01600	0.23144	0.18066	0.11800	0.03448	0.01382	0.12296	0.11695	0.01926	0.05119	0.01585	0.03168	0.00605	0.00528	0.00168	0.00633	0.00504	0.00343	0.00744
6	0.01172	0.00985	0.01137	0.00819	0.01285	0.00782	0.00658	0.07566	0.01212	0.01856	0.00967	0.01111	0.00793	0.00412	0.00403	0.00085	0.00407	0.00327	0.00331	0.77693

[dist]
# distance from previous block
# <min> <max>
1	3

[block]
# block no. 2 follows, 46 sequences, length 6
# corresponding to MSA columns:
# 147-152
name=unknown_C
#
# <colnr> <probs for GDERKNQSTAVLIFYWHMCP>
#	G	D	E	R	K	N	Q	S	T	A	V	L	I	F	Y	W	H	M	C	P
0	0.03320	0.00708	0.00830	0.00747	0.00948	0.02659	0.00570	0.01237	0.01260	0.11895	0.24983	0.13545	0.12194	0.04361	0.00688	0.00179	0.02542	0.02691	0.03347	0.11297
1	0.01120	0.00687	0.00727	0.00634	0.00838	0.00674	0.00486	0.10995	0.01262	0.02046	0.01549	0.01858	0.01253	0.06234	0.00556	0.00149	0.00329	0.00484	0.55533	0.12586
2	0.01647	0.01378	0.04948	0.04740	0.11975	0.01387	0.01081	0.43662	0.06888	0.02642	0.01212	0.01294	0.00902	0.00571	0.00507	0.00149	0.00562	0.00455	0.00435	0.13566
3	0.11363	0.00929	0.01065	0.00874	0.01165	0.00939	0.00688	0.19306	0.01522	0.27930	0.07785	0.05247	0.01606	0.12714	0.00835	0.00215	0.00455	0.00598	0.04058	0.00707
4	0.00749	0.00509	0.00605	0.00640	0.00656	0.00502	0.00397	0.00786	0.00854	0.01136	0.02016	0.20144	0.02341	0.58440	0.02114	0.00429	0.00467	0.06489	0.00369	0.00356
5	0.05511	0.17227	0.11544	0.06524	0.07126	0.03635	0.09943	0.07598	0.01244	0.09958	0.01180	0.07084	0.00994	0.00634	0.00602	0.00165	0.07483	0.00511	0.00330	0.00708

[dist]
# distance from previous block
# <min> <max>
0	8

[block]
# block no. 3 follows, 46 sequences, length 18
# corresponding to MSA columns:
# 161-178
name=unknown_D
#
# <colnr> <probs for GDERKNQSTAVLIFYWHMCP>
#	G	D	E	R	K	N	Q	S	T	A	V	L	I	F	Y	W	H	M	C	P
0	0.06121	0.27937	0.06422	0.05577	0.03285	0.22697	0.02696	0.05268	0.01268	0.07236	0.00917	0.01059	0.00739	0.00543	0.00526	0.00145	0.06224	0.00367	0.00293	0.00680
1	0.03158	0.21388	0.07914	0.03446	0.01939	0.01502	0.27919	0.01500	0.01077	0.01478	0.01022	0.06858	0.00924	0.00638	0.00763	0.00174	0.16842	0.00540	0.00263	0.00656
2	0.05014	0.01597	0.07752	0.01189	0.01573	0.17105	0.03688	0.27718	0.03328	0.02191	0.01262	0.03269	0.02832	0.00640	0.00551	0.00152	0.03725	0.03010	0.00388	0.13016
3	0.00815	0.00650	0.00789	0.00730	0.00943	0.00537	0.00532	0.00972	0.01087	0.01534	0.06065	0.39876	0.10136	0.01126	0.00562	0.00158	0.00331	0.00995	0.00429	0.31732
4	0.01207	0.00974	0.01381	0.21993	0.18631	0.04260	0.02501	0.03294	0.04374	0.08668	0.08977	0.04004	0.08355	0.00699	0.00534	0.00164	0.00529	0.00611	0.08185	0.00658
5	0.01948	0.04183	0.11411	0.01214	0.01686	0.01256	0.06601	0.31025	0.01806	0.31178	0.01502	0.01446	0.01009	0.00605	0.00527	0.00161	0.00580	0.00490	0.00507	0.00863
6	0.00651	0.00521	0.00583	0.00601	0.00739	0.00452	0.00438	0.00797	0.01217	0.01537	0.18029	0.20911	0.48943	0.01359	0.00635	0.00184	0.00273	0.01168	0.00507	0.00452
7	0.02257	0.00969	0.01258	0.00969	0.01369	0.00889	0.00799	0.13046	0.01651	0.64802	0.04906	0.01807	0.01393	0.00668	0.00535	0.00163	0.00461	0.00540	0.00634	0.00884
8	0.00985	0.00493	0.00493	0.00493	0.00616	0.00493	0.00370	0.01232	0.01109	0.01971	0.01725	0.01971	0.01355	0.00616	0.00370	0.00123	0.00246	0.00493	0.84356	0.00493
9	0.85155	0.01022	0.00777	0.00695	0.01022	0.01186	0.00573	0.01554	0.00900	0.02372	0.00736	0.00859	0.00573	0.00491	0.00327	0.00164	0.00409	0.00286	0.00327	0.00573
10	0.85155	0.01022	0.00777	0.00695	0.01022	0.01186	0.00573	0.01554	0.00900	0.02372	0.00736	0.00859	0.00573	0.00491	0.00327	0.00164	0.00409	0.00286	0.00327	0.00573
11	0.02372	0.00900	0.01227	0.00941	0.01350	0.00777	0.00777	0.02576	0.01513	0.78489	0.02086	0.01799	0.01309	0.00654	0.00532	0.00164	0.00450	0.00532	0.00654	0.00900
12	0.01157	0.01157	0.01619	0.01388	0.01388	0.01619	0.01157	0.01272	0.00810	0.01272	0.00694	0.01157	0.00694	0.00925	0.01735	0.00231	0.80453	0.00463	0.00231	0.00578
13	0.01357	0.01156	0.01219	0.01084	0.01391	0.01335	0.00847	0.07249	0.72660	0.02279	0.02098	0.01930	0.01571	0.00712	0.00537	0.00178	0.00428	0.00590	0.00537	0.00841
14	0.00644	0.00460	0.00613	0.00736	0.00767	0.00429	0.00491	0.00736	0.01012	0.01350	0.02914	0.81076	0.03497	0.01656	0.00675	0.00215	0.00307	0.01503	0.00491	0.00429
15	0.00761	0.00516	0.00584	0.00581	0.00598	0.00508	0.00337	0.00785	0.00841	0.01122	0.07258	0.03570	0.05691	0.71963	0.02447	0.00472	0.00482	0.00798	0.00347	0.00339
16	0.00644	0.00460	0.00613	0.00736	0.00767	0.00429	0.00491	0.00736	0.01012	0.01350	0.02914	0.81076	0.03497	0.01656	0.00675	0.00215	0.00307	0.01503	0.00491	0.00429
17	0.01315	0.01136	0.01195	0.01076	0.01375	0.01315	0.00837	0.02809	0.77168	0.02211	0.02152	0.01972	0.01614	0.00717	0.00538	0.00179	0.00418	0.00598	0.00538	0.00837

[dist]
# distance from previous block
# <min> <max>
0	19

[block]
# block no. 4 follows, 46 sequences, length 19
# corresponding to MSA columns:
# 198-216
name=unknown_E
#
# <colnr> <probs for GDERKNQSTAVLIFYWHMCP>
#	G	D	E	R	K	N	Q	S	T	A	V	L	I	F	Y	W	H	M	C	P
0	0.01174	0.25732	0.52108	0.01373	0.02044	0.01486	0.05974	0.01649	0.01112	0.01550	0.00893	0.01056	0.00680	0.00484	0.00462	0.00152	0.00725	0.00373	0.00227	0.00747
1	0.04312	0.03254	0.08039	0.01399	0.09797	0.08916	0.01083	0.28256	0.16168	0.03728	0.01312	0.01382	0.00992	0.00681	0.02064	0.00176	0.04373	0.00471	0.02803	0.00793
2	0.77124	0.01014	0.00854	0.08278	0.01272	0.01185	0.00658	0.01535	0.00915	0.02274	0.00756	0.00911	0.00585	0.00494	0.00346	0.00165	0.00437	0.00304	0.00318	0.00574
3	0.01090	0.02749	0.01494	0.57027	0.02925	0.03056	0.02955	0.04985	0.01140	0.01533	0.01051	0.01448	0.00805	0.00557	0.00547	0.00168	0.03508	0.00469	0.11898	0.00594
4	0.00743	0.00540	0.00700	0.00660	0.00787	0.00497	0.00495	0.00988	0.01485	0.02093	0.74975	0.03994	0.07875	0.01091	0.00624	0.00167	0.00250	0.00962	0.00578	0.00497
5	0.00755	0.00540	0.00729	0.00735	0.00789	0.00590	0.00517	0.00864	0.00826	0.01153	0.01590	0.06554	0.01668	0.34642	0.44950	0.00684	0.01002	0.00693	0.00308	0.00410
6	0.02332	0.00964	0.01267	0.00971	0.01382	0.00873	0.00802	0.10796	0.01621	0.70117	0.01995	0.01740	0.01263	0.00652	0.00531	0.00163	0.00465	0.00525	0.00640	0.00900
7	0.01521	0.01193	0.01273	0.01088	0.01417	0.01350	0.00863	0.21100	0.53260	0.05545	0.01916	0.01790	0.01416	0.00691	0.00530	0.00172	0.00455	0.00562	0.03013	0.00845
8	0.85155	0.01022	0.00777	0.00695	0.01022	0.01186	0.00573	0.01554	0.00900	0.02372	0.00736	0.00859	0.00573	0.00491	0.00327	0.00164	0.00409	0.00286	0.00327	0.00573
9	0.00652	0.00463	0.00611	0.00726	0.00755	0.00435	0.00480	0.00738	0.00997	0.01329	0.02836	0.76224	0.03398	0.06642	0.00801	0.00233	0.00320	0.01457	0.00480	0.00423
10	0.01975	0.02520	0.01498	0.01362	0.01634	0.79299	0.01021	0.02111	0.01498	0.01294	0.00817	0.00953	0.00681	0.00545	0.00477	0.00136	0.00953	0.00340	0.00272	0.00613
11	0.01523	0.66384	0.02528	0.00986	0.01411	0.13499	0.00926	0.05043	0.01201	0.01346	0.00771	0.00883	0.00689	0.00474	0.00368	0.00119	0.00624	0.00300	0.00247	0.00679
12	0.00891	0.00622	0.00753	0.00714	0.00759	0.00686	0.00487	0.04310	0.00898	0.01287	0.01502	0.02718	0.01577	0.47648	0.12139	0.03406	0.08346	0.00656	0.10193	0.00408
13	0.85155	0.01022	0.00777	0.00695	0.01022	0.01186	0.00573	0.01554	0.00900	0.02372	0.00736	0.00859	0.00573	0.00491	0.00327	0.00164	0.00409	0.00286	0.00327	0.00573
14	0.01248	0.01426	0.03119	0.02228	0.02763	0.01337	0.76203	0.01693	0.01248	0.01693	0.01070	0.01426	0.00802	0.00446	0.00624	0.00178	0.00891	0.00624	0.00267	0.00713
15	0.00644	0.00460	0.00613	0.00736	0.00767	0.00429	0.00491	0.00736	0.01012	0.01350	0.02914	0.81076	0.03497	0.01656	0.00675	0.00215	0.00307	0.01503	0.00491	0.00429
16	0.85155	0.01022	0.00777	0.00695	0.01022	0.01186	0.00573	0.01554	0.00900	0.02372	0.00736	0.00859	0.00573	0.00491	0.00327	0.00164	0.00409	0.00286	0.00327	0.00573
17	0.00920	0.00679	0.00796	0.02968	0.00980	0.00659	0.00570	0.05443	0.09081	0.05713	0.32890	0.06496	0.28601	0.01089	0.00604	0.00173	0.00316	0.00931	0.00534	0.00558
18	0.11543	0.01424	0.05377	0.01233	0.03163	0.01451	0.05677	0.48666	0.05096	0.02827	0.01183	0.01239	0.00862	0.00580	0.00499	0.00155	0.00570	0.00451	0.00451	0.07553

[dist]
# distance from previous block
# <min> <max>
0	1

[block]
# block no. 5 follows, 46 sequences, length 12
# corresponding to MSA columns:
# 218-229
name=unknown_F
#
# <colnr> <probs for GDERKNQSTAVLIFYWHMCP>
#	G	D	E	R	K	N	Q	S	T	A	V	L	I	F	Y	W	H	M	C	P
0	0.06243	0.24155	0.09226	0.01161	0.03086	0.01426	0.08084	0.13986	0.06301	0.03232	0.02644	0.08432	0.03402	0.00661	0.00505	0.00154	0.02096	0.00536	0.00356	0.04314
1	0.03695	0.14270	0.06886	0.01174	0.05643	0.08695	0.00962	0.21632	0.01570	0.10586	0.07344	0.07911	0.01387	0.00694	0.00527	0.00154	0.02278	0.00543	0.00416	0.03633
2	0.01150	0.07619	0.01629	0.15082	0.29882	0.04146	0.01175	0.01546	0.09121	0.01645	0.08154	0.04712	0.05851	0.00772	0.02441	0.00182	0.00576	0.03289	0.00341	0.00686
3	0.09994	0.04893	0.05689	0.03523	0.04192	0.04195	0.03086	0.16364	0.22018	0.06597	0.01394	0.01503	0.01068	0.00633	0.00576	0.00165	0.05727	0.02065	0.00420	0.05898
4	0.00989	0.00856	0.01192	0.01077	0.01146	0.01100	0.00866	0.05220	0.00919	0.01351	0.01125	0.01725	0.01071	0.06416	0.39364	0.00541	0.33704	0.00529	0.00277	0.00531
5	0.01529	0.01109	0.01364	0.02771	0.01489	0.01172	0.06949	0.23569	0.22901	0.13002	0.07113	0.02202	0.10919	0.00759	0.00558	0.00170	0.00485	0.00640	0.00520	0.00778
6	0.01005	0.00797	0.00990	0.03637	0.01187	0.00813	0.02911	0.08825	0.14533	0.01817	0.08509	0.23577	0.06691	0.05509	0.00716	0.00203	0.00418	0.09649	0.00470	0.07742
7	0.01103	0.13835	0.55851	0.01417	0.02082	0.01307	0.07739	0.01613	0.01149	0.01647	0.06605	0.01312	0.01001	0.00533	0.00498	0.00160	0.00720	0.00436	0.00254	0.00740
8	0.01058	0.00890	0.01036	0.00759	0.01175	0.00683	0.00591	0.01266	0.01058	0.01642	0.01023	0.01369	0.00914	0.09738	0.00657	0.00128	0.00405	0.00366	0.00314	0.74925
9	0.00788	0.00526	0.00669	0.00689	0.00790	0.00481	0.00488	0.00939	0.01212	0.06224	0.28128	0.35957	0.13082	0.06574	0.00774	0.00210	0.00305	0.01165	0.00520	0.00476
10	0.05202	0.02290	0.57278	0.07560	0.04894	0.01254	0.05760	0.01617	0.01091	0.01660	0.00929	0.01152	0.00682	0.00527	0.00583	0.00172	0.05962	0.00412	0.00233	0.00741
11	0.00725	0.00539	0.00675	0.00641	0.00776	0.00489	0.00481	0.00954	0.01443	0.01992	0.64488	0.04159	0.18424	0.01128	0.00624	0.00169	0.00253	0.00985	0.00565	0.00489

[dist]
# distance from previous block
# <min> <max>
5	8

[block]
# block no. 6 follows, 46 sequences, length 15
# corresponding to MSA columns:
# 239-253
name=unknown_G
#
# <colnr> <probs for GDERKNQSTAVLIFYWHMCP>
#	G	D	E	R	K	N	Q	S	T	A	V	L	I	F	Y	W	H	M	C	P
0	0.00821	0.00557	0.00633	0.00601	0.00762	0.00493	0.00447	0.00992	0.01270	0.06992	0.25573	0.04162	0.39701	0.07260	0.00755	0.00195	0.00292	0.00954	0.07051	0.00487
1	0.00873	0.00681	0.02485	0.02677	0.03987	0.00629	0.00647	0.01206	0.07150	0.04711	0.45759	0.09557	0.10404	0.01081	0.00616	0.00177	0.00328	0.05950	0.00532	0.00550
2	0.01181	0.01394	0.10882	0.03902	0.15134	0.01347	0.25055	0.01505	0.01070	0.01558	0.00955	0.01321	0.00790	0.00691	0.02620	0.00202	0.25663	0.00511	0.03536	0.00683
3	0.00657	0.00537	0.00580	0.00569	0.00734	0.00460	0.00427	0.00820	0.01280	0.01606	0.24037	0.04794	0.59116	0.01272	0.00624	0.00175	0.00263	0.01075	0.00514	0.00460
4	0.02080	0.01368	0.01517	0.01163	0.01583	0.01472	0.00961	0.62075	0.02297	0.17883	0.01427	0.01372	0.00978	0.00638	0.00529	0.00160	0.00556	0.00487	0.00553	0.00899
5	0.02307	0.00914	0.01225	0.00949	0.01351	0.00810	0.00781	0.02591	0.06161	0.73803	0.02090	0.01810	0.01327	0.00658	0.00532	0.00165	0.00448	0.00536	0.00647	0.00896
6	0.85155	0.01022	0.00777	0.00695	0.01022	0.01186	0.00573	0.01554	0.00900	0.02372	0.00736	0.00859	0.00573	0.00491	0.00327	0.00164	0.00409	0.00286	0.00327	0.00573
7	0.00990	0.06998	0.01106	0.03800	0.01161	0.09231	0.00751	0.03510	0.01002	0.01325	0.01286	0.01811	0.01169	0.03016	0.57499	0.00652	0.01220	0.00512	0.02440	0.00521
8	0.01187	0.01180	0.01311	0.01167	0.01247	0.13573	0.00931	0.03331	0.00981	0.01330	0.00998	0.01532	0.00951	0.07626	0.18116	0.00364	0.39586	0.00490	0.03551	0.00547
9	0.01157	0.01157	0.01619	0.01388	0.01388	0.01619	0.01157	0.01272	0.00810	0.01272	0.00694	0.01157	0.00694	0.00925	0.01735	0.00231	0.80453	0.00463	0.00231	0.00578
10	0.02010	0.01481	0.01587	0.01216	0.01639	0.01639	0.01005	0.76360	0.02486	0.03332	0.01269	0.01269	0.00899	0.00635	0.00529	0.00159	0.00582	0.00476	0.00529	0.00899
11	0.05198	0.00917	0.01039	0.00843	0.01147	0.00929	0.00682	0.22517	0.01609	0.26404	0.01671	0.01676	0.01181	0.00628	0.00463	0.00147	0.00410	0.00492	0.31310	0.00737
12	0.02251	0.00873	0.01188	0.00920	0.01308	0.00756	0.00756	0.02459	0.01512	0.72803	0.07727	0.01959	0.01583	0.00686	0.00538	0.00164	0.00435	0.00563	0.00649	0.00870
13	0.00645	0.00536	0.00563	0.00557	0.00726	0.00455	0.00418	0.00798	0.01253	0.01541	0.17180	0.04902	0.66014	0.01297	0.00625	0.00177	0.00265	0.01090	0.00506	0.00455
14	0.01389	0.01173	0.01237	0.01091	0.01403	0.01350	0.00855	0.10673	0.69183	0.02331	0.02057	0.01897	0.01537	0.00708	0.00537	0.00177	0.00436	0.00585	0.00537	0.00843

[dist]
# distance from previous block
# <min> <max>
0	6

[block]
# block no. 7 follows, 46 sequences, length 21
# corresponding to MSA columns:
# 260-280
name=unknown_H
#
# <colnr> <probs for GDERKNQSTAVLIFYWHMCP>
#	G	D	E	R	K	N	Q	S	T	A	V	L	I	F	Y	W	H	M	C	P
0	0.01266	0.08282	0.13124	0.00904	0.01236	0.00874	0.00846	0.05485	0.01456	0.18157	0.38973	0.02636	0.02940	0.00821	0.00555	0.00161	0.00420	0.00693	0.00507	0.00665
1	0.01513	0.67951	0.02557	0.00973	0.01405	0.09568	0.00924	0.07301	0.01222	0.01407	0.00783	0.00890	0.00695	0.00475	0.00367	0.00119	0.00604	0.00303	0.00254	0.00689
2	0.85155	0.01022	0.00777	0.00695	0.01022	0.01186	0.00573	0.01554	0.00900	0.02372	0.00736	0.00859	0.00573	0.00491	0.00327	0.00164	0.00409	0.00286	0.00327	0.00573
3	0.01193	0.03926	0.51960	0.04395	0.17102	0.01199	0.01728	0.01692	0.01168	0.06819	0.03270	0.01286	0.00873	0.00523	0.00509	0.00164	0.00706	0.00433	0.00271	0.00783
4	0.00692	0.00505	0.00655	0.00746	0.00802	0.00485	0.00510	0.00877	0.05108	0.01486	0.11718	0.67776	0.03573	0.01539	0.00661	0.00207	0.00306	0.01390	0.00504	0.00459
5	0.00759	0.00552	0.00774	0.00774	0.00843	0.00620	0.00567	0.00896	0.00827	0.01172	0.01485	0.02457	0.01487	0.25276	0.58240	0.00757	0.01167	0.00622	0.00293	0.00430
6	0.00857	0.00593	0.00807	0.00862	0.00995	0.00574	0.00725	0.01098	0.01313	0.04017	0.26327	0.05182	0.05997	0.01314	0.00688	0.00215	0.00404	0.47009	0.00522	0.00501
7	0.00918	0.00459	0.00689	0.00689	0.00689	0.00459	0.00459	0.00689	0.00689	0.00918	0.00918	0.01607	0.00918	0.01837	0.02066	0.84619	0.00459	0.00459	0.00230	0.00230
8	0.85155	0.01022	0.00777	0.00695	0.01022	0.01186	0.00573	0.01554	0.00900	0.02372	0.00736	0.00859	0.00573	0.00491	0.00327	0.00164	0.00409	0.00286	0.00327	0.00573
9	0.01340	0.04992	0.01898	0.21547	0.41623	0.11159	0.01423	0.04901	0.01262	0.01638	0.02691	0.01325	0.00874	0.00515	0.00513	0.00157	0.00675	0.00457	0.00274	0.00736
10	0.01975	0.02520	0.01498	0.01362	0.01634	0.79299	0.01021	0.02111	0.01498	0.01294	0.00817	0.00953	0.00681	0.00545	0.00477	0.00136	0.00953	0.00340	0.00272	0.00613
11	0.01880	0.01353	0.01466	0.01161	0.01554	0.01493	0.00947	0.53261	0.19628	0.09324	0.01541	0.01475	0.01098	0.00655	0.00531	0.00164	0.00533	0.00509	0.00541	0.00885
12	0.07216	0.01663	0.05602	0.01240	0.01611	0.17665	0.03516	0.40298	0.04673	0.02496	0.01138	0.01228	0.00854	0.00676	0.02148	0.00173	0.04197	0.00442	0.02395	0.00771
13	0.85155	0.01022	0.00777	0.00695	0.01022	0.01186	0.00573	0.01554	0.00900	0.02372	0.00736	0.00859	0.00573	0.00491	0.00327	0.00164	0.00409	0.00286	0.00327	0.00573
14	0.01248	0.01426	0.03119	0.02228	0.02763	0.01337	0.76203	0.01693	0.01248	0.01693	0.01070	0.01426	0.00802	0.00446	0.00624	0.00178	0.00891	0.00624	0.00267	0.00713
15	0.00644	0.00460	0.00613	0.00736	0.00767	0.00429	0.00491	0.00736	0.01012	0.01350	0.02914	0.81076	0.03497	0.01656	0.00675	0.00215	0.00307	0.01503	0.00491	0.00429
16	0.85155	0.01022	0.00777	0.00695	0.01022	0.01186	0.00573	0.01554	0.00900	0.02372	0.00736	0.00859	0.00573	0.00491	0.00327	0.00164	0.00409	0.00286	0.00327	0.00573
17	0.00649	0.00462	0.00612	0.00730	0.00759	0.00433	0.00484	0.00737	0.01003	0.01337	0.02865	0.78067	0.03435	0.04748	0.00753	0.00226	0.00315	0.01474	0.00484	0.00425
18	0.85155	0.01022	0.00777	0.00695	0.01022	0.01186	0.00573	0.01554	0.00900	0.02372	0.00736	0.00859	0.00573	0.00491	0.00327	0.00164	0.00409	0.00286	0.00327	0.00573
19	0.01286	0.01233	0.02105	0.08834	0.72710	0.01250	0.01611	0.01603	0.01193	0.01700	0.00990	0.01316	0.00828	0.00475	0.00524	0.00158	0.00634	0.00471	0.00260	0.00819
20	0.08317	0.01175	0.01786	0.29004	0.39167	0.03143	0.01424	0.06698	0.01224	0.01754	0.00969	0.01294	0.00770	0.00505	0.00508	0.00164	0.00640	0.00452	0.00277	0.00729

[dist]
# distance from previous block
# <min> <max>
0	11

[block]
# block no. 8 follows, 46 sequences, length 32
# corresponding to MSA columns:
# 292-323
name=unknown_I
#
# <colnr> <probs for GDERKNQSTAVLIFYWHMCP>
#	G	D	E	R	K	N	Q	S	T	A	V	L	I	F	Y	W	H	M	C	P
0	0.08833	0.00955	0.01222	0.03841	0.01420	0.00899	0.00800	0.08248	0.03250	0.60511	0.03282	0.01712	0.01271	0.00644	0.00517	0.00164	0.00462	0.00515	0.00599	0.00853
1	0.13589	0.02699	0.08984	0.01416	0.14334	0.01059	0.04837	0.06927	0.01332	0.27674	0.01380	0.01491	0.00995	0.00567	0.00491	0.00156	0.00535	0.02437	0.00428	0.08667
2	0.06931	0.01421	0.01711	0.10267	0.33146	0.13103	0.01263	0.14294	0.08012	0.03172	0.01108	0.01295	0.00868	0.00541	0.00506	0.00159	0.00642	0.00452	0.00340	0.00771
3	0.00933	0.00661	0.00853	0.00909	0.07566	0.00615	0.00619	0.01205	0.05141	0.08715	0.33994	0.07653	0.24993	0.01084	0.00608	0.00174	0.00323	0.02865	0.00525	0.00562
4	0.00724	0.00533	0.00687	0.00671	0.00789	0.00496	0.00498	0.00940	0.01371	0.01905	0.57033	0.12198	0.12497	0.01357	0.05718	0.00217	0.00333	0.01007	0.00543	0.00484
5	0.01470	0.01141	0.01313	0.04437	0.01454	0.01236	0.00870	0.36838	0.01719	0.02388	0.01486	0.04464	0.05959	0.00780	0.02448	0.00171	0.10023	0.00528	0.05852	0.15423
6	0.01164	0.03102	0.01129	0.06102	0.06474	0.00966	0.00790	0.08138	0.22593	0.06863	0.11376	0.16540	0.08830	0.02742	0.00620	0.00185	0.00420	0.00812	0.00486	0.00666
7	0.01179	0.00937	0.01105	0.00793	0.01259	0.00709	0.00636	0.01412	0.01123	0.06684	0.01014	0.01142	0.00817	0.00408	0.00401	0.00084	0.00395	0.00327	0.00335	0.79239
8	0.01458	0.01261	0.01564	0.10118	0.01861	0.05133	0.10684	0.13806	0.40164	0.05644	0.01672	0.01673	0.01237	0.00637	0.00543	0.00173	0.00564	0.00552	0.00460	0.00794
9	0.01203	0.01122	0.01895	0.17460	0.56634	0.01163	0.01479	0.01483	0.01143	0.01594	0.01119	0.01467	0.03281	0.00598	0.00627	0.05620	0.00620	0.00491	0.00262	0.00739
10	0.00751	0.00545	0.00711	0.00681	0.00807	0.00504	0.00519	0.00996	0.01469	0.02063	0.70676	0.04116	0.07193	0.01114	0.00630	0.00172	0.00265	0.05721	0.00573	0.00496
11	0.01170	0.24090	0.53096	0.01414	0.03775	0.01468	0.04850	0.01649	0.01112	0.01559	0.00897	0.01061	0.00682	0.00486	0.00464	0.00153	0.00724	0.00373	0.00227	0.00752
12	0.01334	0.00805	0.00925	0.02913	0.01062	0.00850	0.00629	0.20463	0.01421	0.09552	0.01555	0.01912	0.01256	0.09420	0.08750	0.03346	0.00518	0.00527	0.32152	0.00609
13	0.00647	0.00461	0.00612	0.00732	0.00762	0.00432	0.00486	0.00737	0.01006	0.01341	0.02880	0.78962	0.03454	0.03829	0.00730	0.00223	0.00312	0.01483	0.00486	0.00426
14	0.04275	0.15504	0.01596	0.03365	0.06388	0.17200	0.00929	0.08687	0.08077	0.12837	0.08135	0.01598	0.03339	0.00651	0.00559	0.00154	0.05116	0.00486	0.00397	0.00708
15	0.64031	0.16033	0.04703	0.00786	0.01155	0.03086	0.00707	0.01577	0.00955	0.02108	0.00747	0.00871	0.00599	0.00485	0.00341	0.00154	0.00467	0.00292	0.00303	0.00602
16	0.00752	0.00544	0.00650	0.00658	0.00778	0.00498	0.00486	0.00906	0.01199	0.03309	0.23134	0.10767	0.28388	0.15024	0.00994	0.00243	0.00340	0.10387	0.00489	0.00453
17	0.01229	0.01105	0.01322	0.27778	0.02086	0.07527	0.01036	0.03332	0.25064	0.04504	0.04856	0.01817	0.02893	0.03909	0.01915	0.00198	0.05956	0.00546	0.00381	0.02546
18	0.00673	0.00545	0.00600	0.00597	0.00753	0.00478	0.00443	0.00864	0.03066	0.01610	0.22835	0.11191	0.51903	0.01288	0.00627	0.00179	0.00270	0.01097	0.00514	0.00467
19	0.03030	0.01304	0.05644	0.10816	0.57370	0.01254	0.09626	0.01603	0.01183	0.01696	0.00989	0.01313	0.00807	0.00476	0.00530	0.00162	0.00666	0.00480	0.00259	0.00790
20	0.05014	0.00832	0.01124	0.03808	0.08257	0.00840	0.02659	0.06702	0.05605	0.11721	0.04531	0.06117	0.09061	0.01051	0.00619	0.00199	0.00479	0.30276	0.00476	0.00628
21	0.01228	0.00652	0.00836	0.00750	0.00961	0.00585	0.00576	0.01449	0.03142	0.25573	0.28822	0.15517	0.15620	0.01073	0.00601	0.00175	0.00328	0.00928	0.00574	0.00611
22	0.02272	0.01053	0.03449	0.01005	0.01427	0.00941	0.00850	0.15501	0.01673	0.63157	0.01911	0.01687	0.01219	0.00647	0.00530	0.00163	0.00482	0.00518	0.00620	0.00896
23	0.00644	0.00460	0.00613	0.00736	0.00767	0.00429	0.00491	0.00736	0.01012	0.01350	0.02914	0.81076	0.03497	0.01656	0.00675	0.00215	0.00307	0.01503	0.00491	0.00429
24	0.79949	0.01015	0.00805	0.00711	0.01043	0.01160	0.00585	0.01618	0.00938	0.07159	0.00821	0.00918	0.00619	0.00501	0.00340	0.00164	0.00412	0.00302	0.00348	0.00593
25	0.01781	0.01215	0.01338	0.01067	0.01408	0.01313	0.00854	0.49645	0.06914	0.11368	0.01551	0.05477	0.01240	0.09608	0.00772	0.00202	0.00528	0.00572	0.02347	0.00800
26	0.01121	0.16325	0.65623	0.01403	0.02128	0.01376	0.01773	0.01659	0.01109	0.01600	0.00912	0.01070	0.00671	0.00494	0.00474	0.00158	0.00744	0.00372	0.00224	0.00764
27	0.01157	0.01157	0.01619	0.01388	0.01388	0.01619	0.01157	0.01272	0.00810	0.01272	0.00694	0.01157	0.00694	0.00925	0.01735	0.00231	0.80453	0.00463	0.00231	0.00578
28	0.01934	0.01443	0.01544	0.01201	0.01611	0.01604	0.00987	0.68382	0.10587	0.03210	0.01365	0.01346	0.00977	0.00644	0.00530	0.00161	0.00564	0.00489	0.00530	0.00892
29	0.00663	0.00524	0.00597	0.00607	0.00744	0.00458	0.00444	0.00822	0.01253	0.01608	0.25209	0.17969	0.44585	0.01322	0.00633	0.00181	0.00269	0.01138	0.00516	0.00458
30	0.07653	0.00892	0.01175	0.00913	0.01304	0.00791	0.00752	0.02441	0.01473	0.70197	0.05342	0.01833	0.01423	0.00663	0.00522	0.00164	0.00438	0.00534	0.00630	0.00861
31	0.00748	0.00547	0.00673	0.00661	0.00793	0.00500	0.00488	0.00973	0.03077	0.03345	0.45953	0.16219	0.21632	0.01215	0.00628	0.00177	0.00270	0.01063	0.00547	0.00491

[dist]
# distance from previous block
# <min> <max>
1	6

[block]
# block no. 9 follows, 46 sequences, length 10
# corresponding to MSA columns:
# 330-339
name=unknown_J
#
# <colnr> <probs for GDERKNQSTAVLIFYWHMCP>
#	G	D	E	R	K	N	Q	S	T	A	V	L	I	F	Y	W	H	M	C	P
0	0.05679	0.60119	0.15243	0.00996	0.01495	0.01831	0.01056	0.01650	0.01096	0.05509	0.00843	0.00944	0.00705	0.00473	0.00376	0.00127	0.00587	0.00314	0.00254	0.00702
1	0.28666	0.17347	0.16650	0.03652	0.12631	0.01375	0.02956	0.01643	0.05178	0.01857	0.03044	0.01148	0.00839	0.00511	0.00425	0.00155	0.00561	0.00382	0.00292	0.00689
2	0.85155	0.01022	0.00777	0.00695	0.01022	0.01186	0.00573	0.01554	0.00900	0.02372	0.00736	0.00859	0.00573	0.00491	0.00327	0.00164	0.00409	0.00286	0.00327	0.00573
3	0.01193	0.10211	0.51838	0.01536	0.05966	0.08231	0.05795	0.01671	0.01160	0.01604	0.03160	0.01186	0.00814	0.00525	0.00530	0.00161	0.03024	0.00411	0.00243	0.00741
4	0.01505	0.00761	0.00975	0.00823	0.01088	0.00715	0.00651	0.01888	0.10751	0.34008	0.33806	0.02728	0.02889	0.00839	0.00564	0.00165	0.00354	0.00716	0.04067	0.00707
5	0.00660	0.00467	0.00609	0.00716	0.00743	0.00440	0.00469	0.00740	0.00982	0.01309	0.02758	0.71378	0.03300	0.11623	0.00927	0.00252	0.00332	0.01411	0.00469	0.00416
6	0.01962	0.01457	0.01560	0.01207	0.01621	0.01617	0.00993	0.71342	0.07581	0.03255	0.01329	0.01317	0.00948	0.00640	0.00529	0.00160	0.00571	0.00484	0.00529	0.00895
7	0.00918	0.00459	0.00689	0.00689	0.00689	0.00459	0.00459	0.00689	0.00689	0.00918	0.00918	0.01607	0.00918	0.01837	0.02066	0.84619	0.00459	0.00459	0.00230	0.00230
8	0.85155	0.01022	0.00777	0.00695	0.01022	0.01186	0.00573	0.01554	0.00900	0.02372	0.00736	0.00859	0.00573	0.00491	0.00327	0.00164	0.00409	0.00286	0.00327	0.00573
9	0.24865	0.05342	0.09634	0.00963	0.01342	0.03458	0.00872	0.05901	0.06870	0.23676	0.01531	0.05402	0.01214	0.00689	0.00482	0.00170	0.00497	0.05929	0.00447	0.00719

[dist]
# distance from previous block
# <min> <max>
0	1

[block]
# block no. 10 follows, 46 sequences, length 11
# corresponding to MSA columns:
# 341-351
name=unknown_K
#
# <colnr> <probs for GDERKNQSTAVLIFYWHMCP>
#	G	D	E	R	K	N	Q	S	T	A	V	L	I	F	Y	W	H	M	C	P
0	0.45886	0.02959	0.06022	0.08305	0.01439	0.01093	0.04013	0.03365	0.01083	0.08230	0.06147	0.07108	0.01176	0.00633	0.00437	0.00168	0.00474	0.00482	0.00367	0.00615
1	0.01884	0.01391	0.01427	0.01126	0.01485	0.07112	0.00904	0.55661	0.02124	0.09015	0.01351	0.01558	0.01042	0.10531	0.00790	0.00201	0.00590	0.00506	0.00495	0.00807
2	0.85155	0.01022	0.00777	0.00695	0.01022	0.01186	0.00573	0.01554	0.00900	0.02372	0.00736	0.00859	0.00573	0.00491	0.00327	0.00164	0.00409	0.00286	0.00327	0.00573
3	0.01032	0.00952	0.01621	0.64634	0.08392	0.01136	0.05378	0.01378	0.01081	0.01442	0.01011	0.01447	0.00769	0.00527	0.00521	0.00171	0.00674	0.00480	0.06750	0.00604
4	0.00644	0.00460	0.00613	0.00736	0.00767	0.00429	0.00491	0.00736	0.01012	0.01350	0.02914	0.81076	0.03497	0.01656	0.00675	0.00215	0.00307	0.01503	0.00491	0.00429
5	0.85155	0.01022	0.00777	0.00695	0.01022	0.01186	0.00573	0.01554	0.00900	0.02372	0.00736	0.00859	0.00573	0.00491	0.00327	0.00164	0.00409	0.00286	0.00327	0.00573
6	0.01157	0.01157	0.01619	0.01388	0.01388	0.01619	0.01157	0.01272	0.00810	0.01272	0.00694	0.01157	0.00694	0.00925	0.01735	0.00231	0.80453	0.00463	0.00231	0.00578
7	0.72376	0.03899	0.00930	0.03729	0.01172	0.01224	0.00645	0.04961	0.01005	0.04986	0.00815	0.00930	0.00622	0.00503	0.00351	0.00162	0.00435	0.00310	0.00341	0.00603
8	0.01156	0.01433	0.13108	0.07204	0.01676	0.08996	0.02896	0.01379	0.00986	0.01379	0.00996	0.08224	0.00958	0.00888	0.02879	0.00211	0.39913	0.00530	0.00263	0.04925
9	0.09013	0.01589	0.20314	0.06078	0.10258	0.01224	0.34080	0.01604	0.01167	0.01729	0.01129	0.01638	0.00921	0.00549	0.00560	0.00177	0.00752	0.06237	0.00277	0.00705
10	0.01761	0.01346	0.01484	0.01170	0.01538	0.01501	0.00959	0.55056	0.10030	0.02869	0.01305	0.01359	0.00970	0.00793	0.04020	0.00191	0.06431	0.00481	0.00483	0.06251

[dist]
# distance from previous block
# <min> <max>
0	3

[block]
# block no. 11 follows, 46 sequences, length 8
# corresponding to MSA columns:
# 355-362
name=unknown_L
#
# <colnr> <probs for GDERKNQSTAVLIFYWHMCP>
#	G	D	E	R	K	N	Q	S	T	A	V	L	I	F	Y	W	H	M	C	P
0	0.31793	0.01280	0.01280	0.04191	0.01487	0.01445	0.00861	0.43477	0.04920	0.02862	0.01101	0.01156	0.00803	0.00582	0.00457	0.00162	0.00518	0.00413	0.00445	0.00767
1	0.00737	0.00582	0.00652	0.00655	0.00800	0.00532	0.00480	0.00938	0.05270	0.01448	0.06251	0.14418	0.38575	0.14147	0.00956	0.00237	0.00346	0.07805	0.00460	0.04711
2	0.00703	0.00485	0.00596	0.00661	0.00677	0.00469	0.00410	0.00752	0.00897	0.01196	0.02323	0.44326	0.02751	0.39424	0.01629	0.00356	0.00404	0.01155	0.00410	0.00378
3	0.63006	0.05569	0.01053	0.09132	0.01381	0.04395	0.00731	0.06345	0.01051	0.02220	0.00795	0.00946	0.00618	0.00504	0.00368	0.00161	0.00482	0.00320	0.00323	0.00602
4	0.00733	0.00511	0.00574	0.00587	0.00618	0.00493	0.00351	0.00764	0.00864	0.01123	0.02382	0.11879	0.14135	0.60337	0.02151	0.00428	0.00452	0.00901	0.00365	0.00352
5	0.04565	0.00705	0.00843	0.00782	0.00917	0.00710	0.02011	0.11814	0.01153	0.03970	0.02008	0.24742	0.05294	0.26770	0.03309	0.04922	0.00470	0.00879	0.00410	0.03728
6	0.08801	0.01033	0.01508	0.17333	0.29786	0.01114	0.01186	0.06344	0.07226	0.01822	0.04652	0.05348	0.03150	0.02351	0.00581	0.00180	0.00553	0.05994	0.00348	0.00691
7	0.05014	0.05897	0.01574	0.01283	0.06433	0.07657	0.00985	0.48255	0.09512	0.02754	0.04500	0.01391	0.01097	0.00629	0.00511	0.00157	0.00576	0.00479	0.00470	0.00825

[dist]
# distance from previous block
# <min> <max>
1	22

[block]
# block no. 12 follows, 46 sequences, length 30
# corresponding to MSA columns:
# 385-414
name=unknown_M
#
# <colnr> <probs for GDERKNQSTAVLIFYWHMCP>
#	G	D	E	R	K	N	Q	S	T	A	V	L	I	F	Y	W	H	M	C	P
0	0.01878	0.03075	0.01552	0.04593	0.01680	0.08002	0.00999	0.58303	0.08282	0.02923	0.01286	0.01310	0.00934	0.00625	0.00519	0.00158	0.00598	0.00471	0.01967	0.00845
1	0.01060	0.02735	0.78682	0.01507	0.02288	0.01228	0.01953	0.01674	0.01116	0.01674	0.00949	0.01116	0.00670	0.00502	0.00502	0.00167	0.00781	0.00391	0.00223	0.00781
2	0.00774	0.00569	0.00810	0.00804	0.00881	0.00652	0.00605	0.00932	0.00844	0.01219	0.01452	0.02285	0.01409	0.16846	0.61998	0.00754	0.03054	0.00596	0.03067	0.00450
3	0.01238	0.01057	0.01148	0.02850	0.01372	0.01213	0.00832	0.02542	0.65971	0.02100	0.02211	0.06824	0.01797	0.00817	0.00558	0.00186	0.00423	0.05551	0.00525	0.00784
4	0.01096	0.00940	0.01096	0.00783	0.01253	0.00705	0.00626	0.01331	0.01096	0.01723	0.00940	0.01096	0.00783	0.00392	0.00392	0.00078	0.00392	0.00313	0.00313	0.84653
5	0.00998	0.00940	0.01586	0.80150	0.03641	0.01175	0.01468	0.01351	0.01057	0.01351	0.00940	0.01409	0.00705	0.00529	0.00529	0.00176	0.00705	0.00470	0.00235	0.00587
6	0.00681	0.00499	0.00653	0.02702	0.00853	0.00475	0.00520	0.02398	0.01058	0.01398	0.02993	0.72264	0.08366	0.01585	0.00665	0.00210	0.00320	0.01429	0.00485	0.00445
7	0.00647	0.00536	0.00566	0.00559	0.00728	0.00456	0.00419	0.00802	0.01258	0.01553	0.18468	0.04882	0.64718	0.01292	0.00625	0.00176	0.00264	0.01087	0.00507	0.00456
8	0.01336	0.05896	0.02058	0.06374	0.59873	0.01306	0.01486	0.01655	0.03059	0.04964	0.01032	0.01314	0.00852	0.00517	0.00595	0.00161	0.05974	0.00465	0.00280	0.00802
9	0.04828	0.07623	0.25274	0.04717	0.12105	0.11804	0.01282	0.02793	0.04661	0.01615	0.01071	0.01371	0.00881	0.05358	0.03262	0.00201	0.04125	0.00434	0.05915	0.00681
10	0.00673	0.00472	0.00605	0.00699	0.00723	0.00449	0.00451	0.00744	0.00956	0.01274	0.02623	0.63010	0.03130	0.20222	0.01144	0.00284	0.00355	0.01332	0.00451	0.00404
11	0.04719	0.12197	0.56028	0.09347	0.02269	0.01330	0.03836	0.01626	0.01099	0.01619	0.00916	0.01110	0.00674	0.00497	0.00481	0.00162	0.00734	0.00387	0.00230	0.00738
12	0.61342	0.08118	0.08720	0.00972	0.06362	0.01259	0.00814	0.01607	0.00977	0.04679	0.00819	0.00944	0.00633	0.00493	0.00365	0.00159	0.00475	0.00317	0.00315	0.00631
13	0.00708	0.00562	0.00652	0.00652	0.00781	0.00525	0.00478	0.00908	0.03970	0.01607	0.24041	0.18003	0.36879	0.04650	0.00749	0.00197	0.02576	0.01090	0.00503	0.00470
14	0.01281	0.01244	0.02169	0.08917	0.67504	0.01255	0.06617	0.01607	0.01196	0.01697	0.00995	0.01324	0.00825	0.00474	0.00531	0.00160	0.00651	0.00481	0.00260	0.00810
15	0.00700	0.00538	0.00639	0.00614	0.00760	0.00478	0.00461	0.00904	0.01382	0.01848	0.49320	0.04397	0.33683	0.01182	0.00624	0.00171	0.00257	0.01019	0.00546	0.00478
16	0.01316	0.01239	0.01976	0.09519	0.52006	0.02780	0.04842	0.04846	0.05574	0.02885	0.01147	0.01420	0.02294	0.00543	0.00601	0.00165	0.05271	0.00495	0.00295	0.00787
17	0.01533	0.06190	0.01619	0.12850	0.14625	0.22683	0.01124	0.14289	0.04796	0.03458	0.01181	0.01383	0.02851	0.00829	0.06297	0.00206	0.02600	0.00455	0.00331	0.00700
18	0.00964	0.00594	0.00740	0.00672	0.00855	0.00527	0.00515	0.01175	0.01420	0.13654	0.46572	0.03928	0.24185	0.01085	0.00610	0.00169	0.00285	0.00934	0.00568	0.00546
19	0.02300	0.01016	0.01299	0.00996	0.01407	0.00949	0.00822	0.17284	0.01707	0.63508	0.01923	0.01694	0.01227	0.00650	0.00531	0.00163	0.00476	0.00521	0.00629	0.00900
20	0.02372	0.00900	0.01227	0.00941	0.01350	0.00777	0.00777	0.02576	0.01513	0.78489	0.02086	0.01799	0.01309	0.00654	0.00532	0.00164	0.00450	0.00532	0.00654	0.00900
21	0.85155	0.01022	0.00777	0.00695	0.01022	0.01186	0.00573	0.01554	0.00900	0.02372	0.00736	0.00859	0.00573	0.00491	0.00327	0.00164	0.00409	0.00286	0.00327	0.00573
22	0.00735	0.00524	0.00713	0.00832	0.00901	0.00507	0.00639	0.00889	0.01093	0.01440	0.02833	0.47273	0.03264	0.03641	0.00750	0.00235	0.00388	0.32406	0.00485	0.00451
23	0.00696	0.00506	0.00664	0.00765	0.00821	0.00486	0.00535	0.00871	0.04311	0.01457	0.07902	0.66497	0.03480	0.01562	0.00670	0.00212	0.00322	0.07289	0.00499	0.00456
24	0.01206	0.01216	0.01637	0.01395	0.01430	0.04330	0.02701	0.02769	0.02330	0.01339	0.00745	0.01173	0.00717	0.00892	0.01622	0.00225	0.72969	0.00465	0.00245	0.00593
25	0.01976	0.01464	0.01567	0.01209	0.01626	0.01623	0.00997	0.72749	0.06153	0.03277	0.01313	0.01304	0.00934	0.00639	0.00529	0.00160	0.00574	0.00482	0.00529	0.00896
26	0.02085	0.00836	0.01135	0.00892	0.01251	0.00728	0.00728	0.02297	0.01510	0.64998	0.15469	0.02179	0.01959	0.00730	0.00548	0.00164	0.00414	0.00607	0.00642	0.00829
27	0.01021	0.00527	0.00531	0.00518	0.00652	0.00533	0.00392	0.03856	0.01157	0.02018	0.01709	0.01946	0.01339	0.00617	0.00375	0.00124	0.00258	0.00492	0.81428	0.00507
28	0.00855	0.00638	0.00700	0.00664	0.00859	0.00593	0.00504	0.01192	0.11465	0.06810	0.15833	0.07515	0.48047	0.01183	0.00609	0.00177	0.00299	0.00999	0.00522	0.00537
29	0.01505	0.69350	0.02588	0.00953	0.01400	0.02022	0.00920	0.13126	0.01292	0.01566	0.00817	0.00913	0.00712	0.00480	0.00368	0.00120	0.00568	0.00313	0.00273	0.00712

[dist]
# distance from previous block
# <min> <max>
0	8

[block]
# block no. 13 follows, 46 sequences, length 11
# corresponding to MSA columns:
# 423-433
name=unknown_N
#
# <colnr> <probs for GDERKNQSTAVLIFYWHMCP>
#	G	D	E	R	K	N	Q	S	T	A	V	L	I	F	Y	W	H	M	C	P
0	0.04651	0.08523	0.58478	0.01372	0.04077	0.01212	0.01626	0.01567	0.01096	0.01642	0.04067	0.01375	0.00936	0.06438	0.00648	0.00188	0.00703	0.00430	0.00250	0.00721
1	0.01676	0.06496	0.01734	0.03313	0.10341	0.45265	0.07553	0.06030	0.03668	0.01511	0.00966	0.01168	0.00796	0.00783	0.06260	0.00196	0.00881	0.00411	0.00290	0.00662
2	0.85155	0.01022	0.00777	0.00695	0.01022	0.01186	0.00573	0.01554	0.00900	0.02372	0.00736	0.00859	0.00573	0.00491	0.00327	0.00164	0.00409	0.00286	0.00327	0.00573
3	0.01712	0.01306	0.01379	0.03359	0.01526	0.04706	0.00911	0.45126	0.16263	0.05842	0.07157	0.01725	0.03374	0.00695	0.00534	0.00163	0.00525	0.00547	0.02331	0.00816
4	0.00854	0.00556	0.00718	0.00688	0.00825	0.00505	0.00511	0.01062	0.01388	0.08285	0.51992	0.16844	0.11419	0.01167	0.00625	0.00175	0.00277	0.01028	0.00564	0.00516
5	0.00779	0.00560	0.00718	0.00712	0.00743	0.00612	0.00479	0.00848	0.00808	0.01117	0.01597	0.06667	0.01746	0.49036	0.26637	0.00590	0.04926	0.00725	0.00312	0.00387
6	0.00874	0.00685	0.00787	0.00765	0.00941	0.00679	0.00598	0.05365	0.12313	0.01822	0.21162	0.07002	0.27716	0.03567	0.00688	0.00197	0.00348	0.13431	0.00516	0.00543
7	0.00769	0.00513	0.00577	0.00577	0.00577	0.00513	0.00320	0.00769	0.00769	0.01025	0.01666	0.03460	0.01922	0.81421	0.02691	0.00513	0.00513	0.00769	0.00320	0.00320
8	0.85155	0.01022	0.00777	0.00695	0.01022	0.01186	0.00573	0.01554	0.00900	0.02372	0.00736	0.00859	0.00573	0.00491	0.00327	0.00164	0.00409	0.00286	0.00327	0.00573
9	0.01202	0.10426	0.50443	0.01619	0.05280	0.07043	0.13407	0.01698	0.01164	0.01608	0.00938	0.01134	0.00699	0.00490	0.00504	0.00161	0.00783	0.00416	0.00236	0.00750
10	0.16442	0.01087	0.03956	0.35483	0.24743	0.01163	0.01305	0.01463	0.01092	0.01698	0.04009	0.01364	0.00892	0.00523	0.00490	0.00165	0.00604	0.00450	0.00275	0.02796

[dist]
# distance from previous block
# <min> <max>
0	5

[block]
# block no. 14 follows, 46 sequences, length 34
# corresponding to MSA columns:
# 439-472
name=unknown_O
#
# <colnr> <probs for GDERKNQSTAVLIFYWHMCP>
#	G	D	E	R	K	N	Q	S	T	A	V	L	I	F	Y	W	H	M	C	P
0	0.57892	0.01072	0.04550	0.03397	0.01195	0.01136	0.00705	0.07868	0.01110	0.02296	0.08131	0.04872	0.01159	0.00622	0.00430	0.00168	0.01999	0.00435	0.00366	0.00598
