[name]
unknown

[dist]
# distance from previous block
# <min> <max>
0	85

[block]
# block no. 0 follows, 47 sequences, length 30
# corresponding to MSA columns:
# 87-116
name=unknown_A
#
# <colnr> <probs for GDERKNQSTAVLIFYWHMCP>
#	G	D	E	R	K	N	Q	S	T	A	V	L	I	F	Y	W	H	M	C	P
0	0.00899	0.09355	0.01042	0.00952	0.01107	0.00757	0.00845	0.01131	0.01184	0.01523	0.02539	0.05332	0.02747	0.01332	0.00678	0.00226	0.00488	0.66914	0.00452	0.00500
1	0.80856	0.01041	0.02542	0.00710	0.01045	0.01156	0.00601	0.01565	0.00910	0.04735	0.00772	0.00881	0.00589	0.00489	0.00333	0.00161	0.00412	0.00292	0.00330	0.00579
2	0.01187	0.01093	0.01792	0.46772	0.23686	0.01237	0.05417	0.09528	0.01242	0.01659	0.00982	0.01347	0.00755	0.00512	0.00524	0.00167	0.00670	0.00472	0.00271	0.00685
3	0.00678	0.00532	0.00644	0.00723	0.02693	0.00487	0.00498	0.00850	0.03532	0.01463	0.09921	0.39954	0.31506	0.01404	0.00635	0.00192	0.00299	0.03042	0.00487	0.00459
4	0.04113	0.00828	0.01049	0.00872	0.01173	0.00780	0.00694	0.05803	0.08401	0.43401	0.14823	0.10701	0.03378	0.00832	0.00550	0.00168	0.00395	0.00702	0.00587	0.00748
5	0.00727	0.00531	0.00687	0.00684	0.00796	0.00495	0.00509	0.00959	0.02608	0.01891	0.55707	0.17941	0.08208	0.01193	0.00628	0.00177	0.00272	0.04960	0.00547	0.00481
6	0.03727	0.00812	0.01091	0.00877	0.01214	0.00714	0.00708	0.02190	0.01424	0.62363	0.08604	0.10493	0.01815	0.00783	0.00542	0.00167	0.00410	0.00657	0.00615	0.00796
7	0.01568	0.00745	0.00965	0.00811	0.01087	0.00670	0.00645	0.03784	0.03324	0.40508	0.20792	0.08064	0.11517	0.00909	0.00570	0.00169	0.00368	0.02219	0.00588	0.00697
8	0.00916	0.00590	0.00680	0.00641	0.00820	0.00523	0.00485	0.01087	0.02622	0.12522	0.13095	0.05845	0.43092	0.09838	0.00826	0.00212	0.00328	0.04871	0.00500	0.00505
9	0.00800	0.00565	0.00728	0.00708	0.00834	0.00538	0.00530	0.01089	0.05681	0.04078	0.56786	0.16232	0.04316	0.01138	0.00619	0.00175	0.00279	0.03839	0.00555	0.00510
10	0.05838	0.01166	0.01276	0.01021	0.01355	0.01254	0.00817	0.45722	0.05374	0.12877	0.01603	0.05722	0.03256	0.09413	0.00751	0.00199	0.00511	0.00572	0.00503	0.00771
11	0.03874	0.00689	0.00848	0.00836	0.00991	0.00684	0.00631	0.11810	0.01290	0.11619	0.03327	0.44818	0.02613	0.02315	0.00640	0.00200	0.00383	0.09637	0.02234	0.00560
12	0.00882	0.00455	0.00653	0.00666	0.00680	0.00452	0.00448	0.00732	0.00750	0.01045	0.01189	0.10195	0.01217	0.01680	0.01735	0.68005	0.00417	0.00566	0.07962	0.00271
13	0.01142	0.00699	0.00874	0.00782	0.00980	0.00677	0.00601	0.05266	0.09650	0.16169	0.43242	0.11241	0.04565	0.00989	0.00589	0.00169	0.00323	0.00861	0.00568	0.00612
14	0.00729	0.00571	0.00638	0.00648	0.00786	0.00496	0.00467	0.00854	0.01252	0.01606	0.21096	0.19038	0.45393	0.03076	0.00698	0.00200	0.00300	0.01144	0.00523	0.00485
15	0.01202	0.00922	0.01092	0.00786	0.01243	0.00701	0.00631	0.01430	0.01120	0.09190	0.01035	0.01147	0.00822	0.00411	0.00399	0.00085	0.00391	0.00329	0.00341	0.76720
16	0.00924	0.00595	0.00703	0.00664	0.00852	0.00528	0.00512	0.01128	0.03154	0.12877	0.20556	0.09187	0.39838	0.01176	0.00609	0.00177	0.00304	0.05162	0.00528	0.00527
17	0.02041	0.01288	0.01448	0.01118	0.01525	0.01370	0.00921	0.53014	0.06009	0.23527	0.01511	0.01426	0.01030	0.00635	0.00522	0.00159	0.00530	0.00490	0.00555	0.00883
18	0.00878	0.00577	0.00671	0.00639	0.00818	0.00515	0.00486	0.01024	0.01173	0.11729	0.07151	0.06713	0.48213	0.05767	0.09213	0.00265	0.00428	0.02764	0.00478	0.00498
19	0.00695	0.00483	0.00630	0.00725	0.00786	0.00447	0.00507	0.00798	0.01039	0.03247	0.03069	0.63447	0.11694	0.01562	0.00689	0.02023	0.00318	0.06924	0.00482	0.00436
20	0.00733	0.00529	0.00684	0.00650	0.00765	0.00489	0.00480	0.00959	0.01418	0.01998	0.70653	0.06098	0.06226	0.05170	0.00719	0.00183	0.00261	0.00951	0.00556	0.00479
21	0.01903	0.09978	0.01588	0.01288	0.01577	0.70279	0.00989	0.02042	0.01437	0.03217	0.00829	0.00950	0.00686	0.00531	0.00458	0.00133	0.00890	0.00335	0.00273	0.00617
22	0.01330	0.01033	0.01485	0.28083	0.02153	0.01212	0.04811	0.14847	0.03330	0.10043	0.01200	0.03036	0.00947	0.02346	0.04782	0.00218	0.14904	0.00511	0.03068	0.00660
23	0.09765	0.00592	0.00594	0.00580	0.00763	0.00545	0.00440	0.00912	0.03059	0.01615	0.14407	0.06455	0.56110	0.01189	0.00583	0.00174	0.00281	0.00988	0.00479	0.00469
24	0.00737	0.00532	0.00696	0.00655	0.00778	0.00491	0.00491	0.00983	0.01474	0.02088	0.78175	0.03890	0.04914	0.01065	0.00614	0.00164	0.00246	0.00942	0.00573	0.00491
25	0.01123	0.00953	0.01102	0.00798	0.01253	0.00752	0.00639	0.04283	0.03912	0.01776	0.00982	0.01118	0.00806	0.00407	0.00396	0.00084	0.00394	0.00325	0.00325	0.78573
26	0.10299	0.31599	0.31066	0.01253	0.03282	0.01525	0.07349	0.01619	0.01077	0.03618	0.00869	0.01022	0.00684	0.00483	0.00453	0.00147	0.02342	0.00360	0.00248	0.00705
27	0.10232	0.00936	0.01054	0.00783	0.01208	0.00780	0.00629	0.04814	0.01163	0.05765	0.05068	0.01246	0.01000	0.00456	0.00404	0.00099	0.00392	0.00357	0.00351	0.63264
28	0.00744	0.00558	0.00837	0.00837	0.00930	0.00651	0.00651	0.00930	0.00837	0.01209	0.01395	0.02046	0.01302	0.03906	0.79635	0.00837	0.01395	0.00558	0.00279	0.00465
29	0.00839	0.00599	0.00839	0.00959	0.01079	0.00599	0.00839	0.01079	0.01199	0.01558	0.02757	0.05874	0.02997	0.01439	0.00719	0.00240	0.00480	0.74945	0.00480	0.00480

[dist]
# distance from previous block
# <min> <max>
0	28

[block]
# block no. 1 follows, 47 sequences, length 39
# corresponding to MSA columns:
# 145-183
name=unknown_B
#
# <colnr> <probs for GDERKNQSTAVLIFYWHMCP>
#	G	D	E	R	K	N	Q	S	T	A	V	L	I	F	Y	W	H	M	C	P
0	0.01392	0.82012	0.02729	0.00891	0.01337	0.02061	0.00891	0.01559	0.01058	0.01225	0.00724	0.00835	0.00668	0.00446	0.00334	0.00111	0.00557	0.00278	0.00223	0.00668
1	0.01045	0.02694	0.79000	0.01484	0.02254	0.01209	0.01924	0.01649	0.01099	0.01649	0.00935	0.01099	0.00660	0.00495	0.00495	0.00165	0.00770	0.00385	0.00220	0.00770
2	0.00668	0.00750	0.08509	0.00642	0.00876	0.00524	0.00568	0.00852	0.01179	0.01437	0.04735	0.04649	0.67383	0.01240	0.00607	0.00177	0.00324	0.03948	0.00457	0.00475
3	0.00757	0.00505	0.00568	0.00568	0.00568	0.00505	0.00316	0.00757	0.00757	0.01010	0.01641	0.03408	0.01893	0.81698	0.02651	0.00505	0.00505	0.00757	0.00316	0.00316
4	0.01139	0.01139	0.01595	0.01367	0.01367	0.01595	0.01139	0.01253	0.00798	0.01253	0.00684	0.01139	0.00684	0.00911	0.01709	0.00228	0.80745	0.00456	0.00228	0.00570
5	0.00666	0.00520	0.00604	0.00604	0.00740	0.00458	0.00445	0.00837	0.01275	0.01664	0.33600	0.14704	0.39501	0.01260	0.00622	0.00176	0.00262	0.01088	0.00519	0.00458
6	0.01168	0.01084	0.01120	0.00829	0.01272	0.08708	0.00657	0.01389	0.01120	0.01654	0.00913	0.01066	0.00761	0.00401	0.00394	0.00083	0.00442	0.00311	0.00304	0.76323
7	0.01229	0.01405	0.03073	0.02195	0.02722	0.01317	0.76558	0.01668	0.01229	0.01668	0.01054	0.01405	0.00790	0.00439	0.00615	0.00176	0.00878	0.00615	0.00263	0.00702
8	0.01993	0.00815	0.01110	0.00897	0.01238	0.00716	0.00740	0.02203	0.01459	0.61776	0.11243	0.02443	0.01897	0.00776	0.00554	0.00169	0.00423	0.08132	0.00619	0.00798
9	0.01203	0.01534	0.12111	0.03908	0.07088	0.01302	0.59747	0.01645	0.01197	0.01651	0.01024	0.01355	0.00772	0.00460	0.00617	0.00174	0.02675	0.00571	0.00256	0.00712
10	0.01174	0.01358	0.07137	0.13124	0.09069	0.01326	0.42798	0.01546	0.01121	0.01555	0.00962	0.01331	0.00754	0.00533	0.00763	0.00181	0.13799	0.00541	0.00250	0.00678
11	0.00744	0.00558	0.00837	0.00837	0.00930	0.00651	0.00651	0.00930	0.00837	0.01209	0.01395	0.02046	0.01302	0.03906	0.79635	0.00837	0.01395	0.00558	0.00279	0.00465
12	0.00971	0.00485	0.00485	0.00485	0.00607	0.00485	0.00364	0.01213	0.01092	0.01942	0.01699	0.01942	0.01335	0.00607	0.00364	0.00121	0.00243	0.00485	0.84589	0.00485
13	0.03077	0.01277	0.01737	0.32163	0.33518	0.12649	0.01396	0.01543	0.01164	0.01510	0.02667	0.01321	0.00836	0.00521	0.00536	0.00161	0.02533	0.00451	0.00257	0.00680
14	0.79637	0.01000	0.00805	0.02852	0.01090	0.01151	0.00596	0.01567	0.00916	0.05494	0.00786	0.00899	0.00598	0.00491	0.00336	0.00161	0.00412	0.00297	0.00333	0.00578
15	0.01698	0.38060	0.02036	0.01140	0.01488	0.44917	0.00955	0.01847	0.01289	0.01252	0.00769	0.00893	0.00670	0.00496	0.00409	0.00124	0.00768	0.00310	0.00248	0.00633
16	0.00743	0.00499	0.00572	0.00586	0.00589	0.00496	0.00335	0.00754	0.00785	0.01046	0.01781	0.12306	0.02070	0.72559	0.02424	0.00471	0.00482	0.00840	0.00335	0.00328
17	0.07790	0.00951	0.01382	0.35086	0.09550	0.01099	0.02481	0.08976	0.04323	0.01662	0.01264	0.10773	0.01151	0.02292	0.00680	0.03849	0.03747	0.02023	0.00319	0.00604
18	0.01621	0.01242	0.01402	0.01222	0.06003	0.01375	0.00933	0.48009	0.14157	0.02681	0.01564	0.01621	0.04375	0.01054	0.10058	0.00242	0.00636	0.00526	0.00476	0.00802
19	0.00905	0.00452	0.00678	0.00678	0.00678	0.00452	0.00452	0.00678	0.00678	0.00905	0.00905	0.01583	0.00905	0.01809	0.02035	0.84848	0.00452	0.00452	0.00226	0.00226
20	0.01392	0.82012	0.02729	0.00891	0.01337	0.02061	0.00891	0.01559	0.01058	0.01225	0.00724	0.00835	0.00668	0.00446	0.00334	0.00111	0.00557	0.00278	0.00223	0.00668
21	0.01080	0.00926	0.01080	0.00771	0.01234	0.00694	0.00617	0.01311	0.01080	0.01697	0.00926	0.01080	0.00771	0.00386	0.00386	0.00077	0.00386	0.00309	0.00309	0.84882
22	0.00885	0.00664	0.00969	0.01186	0.08936	0.00664	0.00916	0.01132	0.01198	0.01573	0.02577	0.05409	0.02776	0.01340	0.00699	0.00231	0.00494	0.67381	0.00457	0.00515
23	0.00615	0.00528	0.00528	0.00528	0.00703	0.00440	0.00396	0.00747	0.01187	0.01407	0.05276	0.05012	0.78238	0.01319	0.00615	0.00176	0.00264	0.01099	0.00484	0.00440
24	0.01295	0.01119	0.01178	0.01060	0.01354	0.01295	0.00824	0.02767	0.77509	0.02178	0.02120	0.01943	0.01590	0.00707	0.00530	0.00177	0.00412	0.00589	0.00530	0.00824
25	0.01295	0.01119	0.01178	0.01060	0.01354	0.01295	0.00824	0.02767	0.77509	0.02178	0.02120	0.01943	0.01590	0.00707	0.00530	0.00177	0.00412	0.00589	0.00530	0.00824
26	0.01020	0.00852	0.00993	0.00741	0.01125	0.00659	0.00570	0.01215	0.01032	0.01589	0.01087	0.03910	0.01013	0.11900	0.00714	0.00142	0.00400	0.00408	0.00315	0.70315
27	0.01080	0.00926	0.01080	0.00771	0.01234	0.00694	0.00617	0.01311	0.01080	0.01697	0.00926	0.01080	0.00771	0.00386	0.00386	0.00077	0.00386	0.00309	0.00309	0.84882
28	0.85377	0.01007	0.00765	0.00685	0.01007	0.01168	0.00564	0.01531	0.00886	0.02336	0.00725	0.00846	0.00564	0.00483	0.00322	0.00161	0.00403	0.00282	0.00322	0.00564
29	0.00647	0.00462	0.00619	0.00740	0.00776	0.00434	0.00506	0.00747	0.01010	0.01344	0.02863	0.76619	0.03416	0.01619	0.00668	0.00213	0.00313	0.06093	0.00483	0.00427
30	0.00744	0.00558	0.00837	0.00837	0.00930	0.00651	0.00651	0.00930	0.00837	0.01209	0.01395	0.02046	0.01302	0.03906	0.79635	0.00837	0.01395	0.00558	0.00279	0.00465
31	0.04233	0.00570	0.00752	0.00758	0.00860	0.00622	0.00569	0.02478	0.00931	0.01347	0.01965	0.13553	0.08763	0.09188	0.46973	0.00590	0.00961	0.00738	0.03688	0.00458
32	0.00823	0.00527	0.00668	0.00692	0.00808	0.00474	0.00496	0.00963	0.01177	0.09360	0.17767	0.43047	0.18511	0.01359	0.00631	0.00190	0.00298	0.01203	0.00517	0.00487
33	0.01951	0.01445	0.01547	0.01193	0.01604	0.01602	0.00983	0.73672	0.05536	0.03237	0.01286	0.01279	0.00915	0.00628	0.00521	0.00157	0.00566	0.00474	0.00521	0.00883
34	0.00634	0.00453	0.00604	0.00725	0.00755	0.00423	0.00483	0.00725	0.00997	0.01329	0.02870	0.81358	0.03444	0.01632	0.00665	0.00211	0.00302	0.01480	0.00483	0.00423
35	0.01929	0.00814	0.01076	0.00854	0.01195	0.00714	0.00695	0.03890	0.01480	0.58416	0.13028	0.02386	0.09602	0.00771	0.00546	0.00163	0.00400	0.00639	0.00615	0.00786
36	0.00912	0.00805	0.01159	0.01062	0.01115	0.01051	0.00858	0.01067	0.00820	0.01228	0.01093	0.01661	0.01040	0.02636	0.46577	0.00579	0.35056	0.00515	0.00257	0.00509
37	0.09314	0.00577	0.00679	0.00646	0.00791	0.00551	0.00487	0.00999	0.01359	0.01998	0.58197	0.07080	0.13303	0.01061	0.00587	0.00167	0.00266	0.00917	0.00533	0.00489
38	0.09536	0.01080	0.09070	0.00962	0.01395	0.00846	0.00865	0.02359	0.01397	0.64223	0.01823	0.01622	0.01161	0.00615	0.00503	0.00162	0.00473	0.00488	0.00573	0.00846

[dist]
# distance from previous block
# <min> <max>
0	1

[block]
# block no. 2 follows, 47 sequences, length 10
# corresponding to MSA columns:
# 187-196
name=unknown_C
#
# <colnr> <probs for GDERKNQSTAVLIFYWHMCP>
#	G	D	E	R	K	N	Q	S	T	A	V	L	I	F	Y	W	H	M	C	P
0	0.00662	0.00473	0.00609	0.00698	0.00741	0.00444	0.00469	0.00758	0.01016	0.01352	0.07955	0.60253	0.07155	0.11485	0.00906	0.00244	0.00327	0.03567	0.00469	0.00417
1	0.00734	0.00502	0.00605	0.00627	0.00643	0.00507	0.00384	0.00771	0.00810	0.01090	0.01835	0.17351	0.02107	0.58372	0.11045	0.00490	0.00569	0.00865	0.00342	0.00352
2	0.01080	0.00926	0.01080	0.00771	0.01234	0.00694	0.00617	0.01311	0.01080	0.01697	0.00926	0.01080	0.00771	0.00386	0.00386	0.00077	0.00386	0.00309	0.00309	0.84882
3	0.56759	0.00962	0.00864	0.00747	0.01049	0.01067	0.00604	0.08546	0.01155	0.09192	0.10615	0.01433	0.01247	0.03280	0.00473	0.00172	0.00406	0.00419	0.00401	0.00606
4	0.01221	0.00720	0.00932	0.00964	0.04295	0.02656	0.00747	0.01413	0.01242	0.21473	0.02722	0.13263	0.11152	0.03634	0.00694	0.00211	0.00442	0.31127	0.00503	0.00586
5	0.00876	0.04471	0.00897	0.00892	0.06072	0.00656	0.00592	0.02892	0.00918	0.01238	0.04077	0.14115	0.04009	0.14120	0.15233	0.25273	0.00611	0.02322	0.00322	0.00411
6	0.00950	0.00610	0.00737	0.00718	0.00818	0.00613	0.00510	0.06843	0.02494	0.05633	0.09964	0.16778	0.02346	0.28564	0.04555	0.03060	0.00453	0.06322	0.07567	0.00466
7	0.01008	0.00648	0.00803	0.00782	0.00939	0.00631	0.00593	0.03253	0.09037	0.11533	0.17718	0.22616	0.10444	0.07150	0.00768	0.00212	0.00361	0.10436	0.00515	0.00550
8	0.06722	0.05180	0.06772	0.18685	0.23225	0.03497	0.19911	0.01546	0.01117	0.01588	0.00930	0.01256	0.00740	0.00504	0.00598	0.00167	0.06145	0.00471	0.00252	0.00691
9	0.03646	0.02326	0.00991	0.02184	0.02886	0.04478	0.00664	0.03957	0.05266	0.20147	0.19780	0.09913	0.09447	0.03562	0.04401	0.00206	0.00448	0.00742	0.00494	0.04462

[dist]
# distance from previous block
# <min> <max>
0	4

[block]
# block no. 3 follows, 47 sequences, length 124
# corresponding to MSA columns:
# 201-324
name=unknown_D
#
# <colnr> <probs for GDERKNQSTAVLIFYWHMCP>
#	G	D	E	R	K	N	Q	S	T	A	V	L	I	F	Y	W	H	M	C	P
0	0.03598	0.03201	0.07669	0.01299	0.03716	0.01279	0.12154	0.33299	0.03131	0.10624	0.03602	0.02751	0.01050	0.00584	0.00515	0.00152	0.00579	0.00498	0.00433	0.09866
1	0.01889	0.01342	0.01459	0.01146	0.01537	0.01473	0.00937	0.57997	0.13423	0.09789	0.01476	0.02682	0.01066	0.00655	0.00525	0.00161	0.00533	0.00508	0.00533	0.00869
2	0.00741	0.00502	0.00593	0.00613	0.00626	0.00500	0.00370	0.00773	0.00824	0.01104	0.03665	0.14715	0.02201	0.63376	0.04790	0.00458	0.00498	0.02957	0.00349	0.00345
3	0.04333	0.11458	0.03216	0.01005	0.01348	0.01303	0.00845	0.35689	0.01691	0.09139	0.01443	0.07194	0.02955	0.05332	0.04838	0.00209	0.02326	0.00541	0.00436	0.04699
4	0.01231	0.23827	0.32700	0.01200	0.01724	0.03212	0.04514	0.03698	0.01165	0.05021	0.05724	0.03016	0.01034	0.00562	0.00514	0.00148	0.04097	0.00430	0.00285	0.05898
5	0.02711	0.00641	0.00798	0.00763	0.00940	0.00597	0.00575	0.04611	0.02573	0.18425	0.10813	0.33321	0.15737	0.01213	0.00607	0.00187	0.00344	0.04049	0.00527	0.00566
6	0.00971	0.00485	0.00485	0.00485	0.00607	0.00485	0.00364	0.01213	0.01092	0.01942	0.01699	0.01942	0.01335	0.00607	0.00364	0.00121	0.00243	0.00485	0.84589	0.00485
7	0.01842	0.01442	0.01537	0.01300	0.06021	0.04897	0.01002	0.58773	0.12883	0.02949	0.01338	0.01337	0.00972	0.00623	0.00520	0.00158	0.00569	0.00480	0.00496	0.00861
8	0.01397	0.01086	0.01167	0.00989	0.01321	0.02795	0.00779	0.08468	0.45654	0.09841	0.03610	0.01885	0.04587	0.00674	0.00511	0.00157	0.00426	0.00553	0.00500	0.13599
9	0.05619	0.01042	0.01276	0.00999	0.01381	0.01026	0.02131	0.21652	0.06294	0.43022	0.03578	0.04244	0.01303	0.00667	0.00519	0.00160	0.00470	0.00539	0.00567	0.03511
10	0.00836	0.00587	0.00688	0.02056	0.00861	0.00535	0.00499	0.01067	0.05036	0.08069	0.23478	0.12362	0.37813	0.02953	0.00652	0.00183	0.00298	0.01007	0.00515	0.00507
11	0.00638	0.00455	0.00603	0.00721	0.00750	0.00425	0.00479	0.00726	0.00991	0.01321	0.02838	0.79304	0.03403	0.03742	0.00717	0.00219	0.00307	0.01461	0.00479	0.00420
12	0.00983	0.00926	0.01562	0.80447	0.03587	0.01157	0.01446	0.01331	0.01041	0.01331	0.00926	0.01388	0.00694	0.00521	0.00521	0.00174	0.00694	0.00463	0.00231	0.00579
13	0.01951	0.01437	0.01543	0.01188	0.01597	0.01590	0.00979	0.75111	0.02418	0.03241	0.01284	0.02939	0.00940	0.00646	0.00524	0.00157	0.00567	0.00490	0.00520	0.00876
14	0.01134	0.00911	0.01007	0.00915	0.01146	0.00995	0.00707	0.11171	0.36484	0.02122	0.17627	0.09965	0.07825	0.02404	0.00609	0.00183	0.00382	0.03210	0.00524	0.00680
15	0.01945	0.02482	0.01476	0.01342	0.01610	0.79608	0.01006	0.02079	0.01476	0.01275	0.00805	0.00939	0.00671	0.00537	0.00470	0.00134	0.00939	0.00335	0.00268	0.00604
16	0.44656	0.00837	0.00801	0.00718	0.00980	0.00896	0.00570	0.03253	0.01129	0.12364	0.14526	0.09741	0.03444	0.00746	0.00446	0.00166	0.00367	0.00577	0.03201	0.00583
17	0.00900	0.00568	0.00712	0.00664	0.00822	0.00509	0.00499	0.01096	0.01355	0.11321	0.44633	0.10167	0.20201	0.03394	0.00665	0.00180	0.00286	0.00963	0.00548	0.00518
18	0.00694	0.00496	0.00646	0.00741	0.00792	0.00473	0.00519	0.01973	0.01041	0.01383	0.04903	0.59919	0.04897	0.08715	0.00844	0.00238	0.00344	0.10480	0.00471	0.00430
19	0.02122	0.00857	0.01144	0.00904	0.01262	0.00761	0.00730	0.02368	0.05051	0.67331	0.02069	0.05292	0.01431	0.05377	0.00653	0.00184	0.00439	0.00581	0.00613	0.00830
20	0.05647	0.00569	0.00693	0.00683	0.00826	0.00536	0.00528	0.00999	0.01326	0.03325	0.45342	0.08867	0.17023	0.01150	0.00612	0.00178	0.00295	0.10385	0.00527	0.00488
21	0.00655	0.00507	0.00583	0.00606	0.00720	0.00450	0.00430	0.00787	0.01157	0.01483	0.18172	0.24475	0.38654	0.07963	0.00795	0.00210	0.00290	0.01140	0.00487	0.00435
22	0.00971	0.00485	0.00485	0.00485	0.00607	0.00485	0.00364	0.01213	0.01092	0.01942	0.01699	0.01942	0.01335	0.00607	0.00364	0.00121	0.00243	0.00485	0.84589	0.00485
23	0.16315	0.01304	0.01373	0.01074	0.01470	0.01428	0.00886	0.52982	0.04044	0.12134	0.01279	0.01262	0.00897	0.00605	0.00487	0.00158	0.00524	0.00447	0.00502	0.00829
24	0.00703	0.00528	0.00652	0.00663	0.00785	0.00482	0.00501	0.00892	0.01285	0.01717	0.37986	0.14399	0.24334	0.03171	0.00682	0.00190	0.00292	0.09755	0.00520	0.00463
25	0.00645	0.00475	0.00606	0.00697	0.00759	0.00436	0.00482	0.00756	0.01064	0.01397	0.07955	0.61853	0.15441	0.01540	0.00656	0.00204	0.00298	0.03818	0.00489	0.00432
26	0.00752	0.00526	0.00652	0.00637	0.00738	0.00486	0.00451	0.00918	0.01246	0.03518	0.44111	0.12699	0.12883	0.16887	0.01015	0.00237	0.00310	0.00976	0.00504	0.00452
27	0.00836	0.00688	0.01002	0.05519	0.01135	0.00851	0.00761	0.01000	0.00834	0.01206	0.01252	0.01957	0.01201	0.10318	0.52760	0.00649	0.16734	0.00551	0.00270	0.00478
28	0.01274	0.30927	0.38139	0.01208	0.01767	0.11293	0.01365	0.01646	0.01138	0.01468	0.02149	0.01059	0.00757	0.00496	0.00432	0.00140	0.00689	0.00353	0.03005	0.00699
29	0.00626	0.00511	0.00555	0.00587	0.00726	0.00440	0.00429	0.00751	0.01141	0.01392	0.04622	0.23634	0.58008	0.01398	0.00630	0.00186	0.00279	0.03164	0.00483	0.00437
30	0.00746	0.00528	0.00623	0.00661	0.00783	0.00473	0.00475	0.00889	0.02560	0.05859	0.03825	0.38234	0.35762	0.03124	0.00677	0.00199	0.00305	0.03325	0.00490	0.00464
31	0.01007	0.00844	0.01039	0.13984	0.03305	0.00926	0.00811	0.05630	0.25922	0.01782	0.06190	0.14603	0.15619	0.00974	0.00578	0.00183	0.00425	0.05100	0.00458	0.00622
32	0.01073	0.00948	0.01363	0.01158	0.01249	0.01177	0.07920	0.04626	0.00970	0.01468	0.01189	0.08158	0.01166	0.09511	0.02497	0.00241	0.41176	0.00594	0.12974	0.00543
33	0.00638	0.00469	0.00600	0.00703	0.00758	0.00431	0.00482	0.00740	0.01032	0.01349	0.03228	0.67405	0.14670	0.01578	0.00659	0.00207	0.00302	0.03837	0.00483	0.00427
34	0.08072	0.05780	0.04968	0.52509	0.14254	0.03076	0.01374	0.01431	0.01064	0.01475	0.00903	0.01274	0.00699	0.00504	0.00490	0.00165	0.00660	0.00431	0.00243	0.00628
35	0.01080	0.00926	0.01080	0.00771	0.01234	0.00694	0.00617	0.01311	0.01080	0.01697	0.00926	0.01080	0.00771	0.00386	0.00386	0.00077	0.00386	0.00309	0.00309	0.84882
36	0.13256	0.03616	0.09435	0.03488	0.06468	0.10621	0.01013	0.14779	0.16753	0.13476	0.01344	0.01353	0.00978	0.00582	0.00481	0.00159	0.00568	0.00445	0.00419	0.00765
37	0.00684	0.00524	0.00704	0.08724	0.01040	0.00512	0.00574	0.00824	0.01080	0.01421	0.10838	0.51246	0.14334	0.02499	0.00666	0.00202	0.00337	0.02879	0.00465	0.00448
38	0.19165	0.23665	0.01681	0.01011	0.01392	0.09646	0.00863	0.27167	0.07170	0.02229	0.01014	0.01070	0.00788	0.00543	0.00423	0.00144	0.00559	0.00372	0.00372	0.00725
39	0.01216	0.30579	0.30884	0.03244	0.16505	0.01488	0.01407	0.01581	0.01099	0.01504	0.00867	0.01047	0.00702	0.00466	0.00436	0.00139	0.00641	0.00359	0.00234	0.05603
40	0.01098	0.00963	0.01558	0.57473	0.14028	0.01123	0.01352	0.03216	0.02748	0.04990	0.01270	0.01610	0.05247	0.00571	0.00526	0.00170	0.00638	0.00505	0.00282	0.00633
41	0.01274	0.01249	0.02000	0.14841	0.63433	0.04945	0.01547	0.01580	0.01178	0.01625	0.00963	0.01287	0.00798	0.00476	0.00514	0.00157	0.00645	0.00458	0.00254	0.00777
42	0.02205	0.00857	0.01166	0.00904	0.01284	0.00743	0.00743	0.02410	0.01489	0.72500	0.08315	0.01947	0.01587	0.00679	0.00531	0.00161	0.00427	0.00558	0.00639	0.00854
43	0.01318	0.01064	0.01157	0.01041	0.01321	0.01202	0.00822	0.10561	0.55802	0.04225	0.03457	0.05662	0.01770	0.00808	0.00553	0.00181	0.00429	0.07323	0.00526	0.00778
44	0.00907	0.00569	0.00707	0.00723	0.00825	0.00541	0.00502	0.02384	0.04440	0.10200	0.06188	0.43337	0.09020	0.15962	0.00995	0.00251	0.00359	0.01127	0.00478	0.00487
45	0.00887	0.00728	0.01116	0.09336	0.09053	0.00819	0.03561	0.01089	0.00944	0.01341	0.01479	0.03525	0.03084	0.11124	0.33509	0.00488	0.06887	0.05047	0.05469	0.00514
46	0.02143	0.00929	0.01203	0.00951	0.01334	0.00864	0.00776	0.02581	0.15615	0.64572	0.02067	0.01804	0.01345	0.00656	0.00525	0.00164	0.00437	0.00536	0.00623	0.00875
47	0.00746	0.00532	0.00646	0.00633	0.00757	0.00482	0.00461	0.00918	0.01270	0.04048	0.38989	0.12038	0.24458	0.09311	0.00824	0.00208	0.00293	0.02408	0.00514	0.00464
48	0.00716	0.00530	0.00671	0.00674	0.00783	0.00494	0.00491	0.00949	0.03738	0.01825	0.48827	0.24423	0.11475	0.01228	0.00625	0.00178	0.00268	0.01088	0.00539	0.00479
49	0.00669	0.00485	0.00635	0.00717	0.00782	0.00451	0.00508	0.00803	0.01115	0.01493	0.16832	0.55208	0.09268	0.01488	0.00656	0.00202	0.00304	0.07441	0.00500	0.00441
50	0.02133	0.01105	0.01334	0.01035	0.01433	0.01102	0.00854	0.30726	0.04346	0.45859	0.01766	0.01670	0.01183	0.00657	0.00527	0.00162	0.00492	0.02149	0.00590	0.00875
51	0.00676	0.00484	0.00636	0.00743	0.00786	0.00460	0.00505	0.02881	0.01042	0.01389	0.02822	0.77651	0.03363	0.01599	0.00662	0.00210	0.00313	0.02855	0.00484	0.00437
52	0.00744	0.00558	0.00837	0.00837	0.00930	0.00651	0.00651	0.00930	0.00837	0.01209	0.01395	0.02046	0.01302	0.03906	0.79635	0.00837	0.01395	0.00558	0.00279	0.00465
53	0.01080	0.00926	0.01080	0.00771	0.01234	0.00694	0.00617	0.01311	0.01080	0.01697	0.00926	0.01080	0.00771	0.00386	0.00386	0.00077	0.00386	0.00309	0.00309	0.84882
54	0.00648	0.00473	0.00610	0.00693	0.00753	0.00435	0.00475	0.00766	0.01089	0.01451	0.14331	0.61495	0.11837	0.01513	0.00652	0.00201	0.00290	0.01359	0.00497	0.00435
55	0.01142	0.01147	0.01637	0.01391	0.01406	0.01587	0.03293	0.01265	0.00810	0.01265	0.00694	0.01147	0.00687	0.00898	0.01678	0.00226	0.78465	0.00460	0.00229	0.00573
56	0.00905	0.00452	0.00678	0.00678	0.00678	0.00452	0.00452	0.00678	0.00678	0.00905	0.00905	0.01583	0.00905	0.01809	0.02035	0.84848	0.00452	0.00452	0.00226	0.00226
57	0.00757	0.00505	0.00568	0.00568	0.00568	0.00505	0.00316	0.00757	0.00757	0.01010	0.01641	0.03408	0.01893	0.81698	0.02651	0.00505	0.00505	0.00757	0.00316	0.00316
58	0.00757	0.00505	0.00568	0.00568	0.00568	0.00505	0.00316	0.00757	0.00757	0.01010	0.01641	0.03408	0.01893	0.81698	0.02651	0.00505	0.00505	0.00757	0.00316	0.00316
59	0.01432	0.01154	0.01231	0.01073	0.01388	0.01315	0.00844	0.12676	0.64177	0.05617	0.02000	0.01843	0.01482	0.00693	0.00528	0.00173	0.00435	0.00570	0.00534	0.00835
60	0.00749	0.00505	0.00588	0.00595	0.00602	0.00510	0.00347	0.00767	0.00776	0.01041	0.01696	0.07826	0.01944	0.72007	0.07545	0.00510	0.00551	0.00786	0.00323	0.00331
61	0.00637	0.00454	0.00604	0.00722	0.00752	0.00424	0.00481	0.00726	0.00993	0.01324	0.02849	0.80037	0.03418	0.02989	0.00698	0.00216	0.00306	0.01468	0.00481	0.00421
62	0.00744	0.00558	0.00837	0.00837	0.00930	0.00651	0.00651	0.00930	0.00837	0.01209	0.01395	0.02046	0.01302	0.03906	0.79635	0.00837	0.01395	0.00558	0.00279	0.00465
63	0.00744	0.00558	0.00837	0.00837	0.00930	0.00651	0.00651	0.00930	0.00837	0.01209	0.01395	0.02046	0.01302	0.03906	0.79635	0.00837	0.01395	0.00558	0.00279	0.00465
64	0.01295	0.01119	0.01178	0.01060	0.01354	0.01295	0.00824	0.02767	0.77509	0.02178	0.02120	0.01943	0.01590	0.00707	0.00530	0.00177	0.00412	0.00589	0.00530	0.00824
65	0.01372	0.77425	0.07139	0.00925	0.01390	0.02011	0.00951	0.01565	0.01061	0.01250	0.00736	0.00851	0.00668	0.00448	0.00343	0.00114	0.00569	0.00285	0.00223	0.00674
66	0.00782	0.00546	0.00710	0.00674	0.00807	0.00503	0.00514	0.01020	0.01444	0.04212	0.67794	0.04003	0.08568	0.01088	0.00618	0.00169	0.00266	0.05217	0.00565	0.00499
67	0.10704	0.00898	0.01164	0.00902	0.01297	0.00806	0.00745	0.02436	0.01430	0.71105	0.01921	0.01679	0.01216	0.00628	0.00503	0.00161	0.00439	0.00499	0.00612	0.00854
68	0.01987	0.01446	0.01555	0.01192	0.01609	0.01597	0.00985	0.75106	0.02428	0.04919	0.01268	0.01262	0.00894	0.00626	0.00521	0.00156	0.00570	0.00470	0.00524	0.00886
69	0.00796	0.00538	0.00694	0.00754	0.00837	0.00517	0.00527	0.01016	0.06884	0.05967	0.12055	0.61182	0.03360	0.01434	0.00640	0.00200	0.00312	0.01291	0.00507	0.00489
70	0.03045	0.01070	0.01176	0.01026	0.01343	0.01186	0.00808	0.02698	0.60732	0.17680	0.02081	0.01888	0.01510	0.00690	0.00525	0.00173	0.00418	0.00570	0.00549	0.00832
71	0.02075	0.00861	0.01149	0.00912	0.01271	0.00770	0.00746	0.03912	0.04576	0.63863	0.08408	0.03754	0.01689	0.00725	0.00540	0.00165	0.00426	0.02705	0.00623	0.00829
72	0.00734	0.00531	0.00685	0.00647	0.00766	0.00490	0.00481	0.00965	0.01433	0.02019	0.72480	0.03904	0.07112	0.04631	0.00704	0.00179	0.00258	0.00939	0.00559	0.00482
73	0.00658	0.00469	0.00627	0.00745	0.00783	0.00443	0.00515	0.00762	0.01012	0.01345	0.02830	0.71896	0.03362	0.03519	0.00717	0.00221	0.00325	0.08865	0.00479	0.00426
74	0.02327	0.00902	0.01218	0.00934	0.01337	0.00788	0.00771	0.04519	0.01516	0.76793	0.02033	0.01759	0.01278	0.00644	0.00524	0.00161	0.00447	0.00522	0.00641	0.00886
75	0.00971	0.00705	0.00923	0.00982	0.01138	0.00726	0.00848	0.09065	0.03761	0.01769	0.04020	0.05226	0.02767	0.01323	0.00690	0.00228	0.00483	0.63354	0.00487	0.00533
76	0.00744	0.00558	0.00837	0.00837	0.00930	0.00651	0.00651	0.00930	0.00837	0.01209	0.01395	0.02046	0.01302	0.03906	0.79635	0.00837	0.01395	0.00558	0.00279	0.00465
77	0.00639	0.00456	0.00606	0.00721	0.00752	0.00426	0.00481	0.00731	0.01003	0.01340	0.04511	0.78226	0.03449	0.03078	0.00700	0.00216	0.00305	0.01455	0.00482	0.00423
78	0.01862	0.00812	0.01078	0.00897	0.01202	0.00742	0.00725	0.03669	0.03908	0.53052	0.02088	0.04152	0.01620	0.09451	0.02587	0.00225	0.00475	0.10134	0.00570	0.00752
79	0.04943	0.00871	0.00898	0.00766	0.01006	0.00938	0.00609	0.26536	0.05957	0.02409	0.01607	0.01728	0.02787	0.00628	0.00430	0.00139	0.00370	0.00490	0.46246	0.00641
80	0.00639	0.00457	0.00610	0.00730	0.00763	0.00427	0.00491	0.00733	0.01002	0.01335	0.02868	0.79649	0.03434	0.01627	0.00666	0.00212	0.00306	0.03144	0.00483	0.00424
81	0.01282	0.01230	0.02101	0.04957	0.76744	0.01236	0.01595	0.01592	0.01182	0.01693	0.00978	0.01291	0.00822	0.00465	0.00516	0.00155	0.00620	0.00464	0.00257	0.00819
82	0.03999	0.01186	0.01993	0.13714	0.58634	0.01247	0.03900	0.01541	0.01135	0.01644	0.00949	0.01283	0.00789	0.00498	0.00582	0.00162	0.05263	0.00462	0.00255	0.00763
83	0.01431	0.01401	0.01788	0.19418	0.23036	0.16172	0.07610	0.08454	0.01309	0.04960	0.01004	0.01274	0.00789	0.00548	0.00605	0.00162	0.06801	0.00455	0.02086	0.00699
84	0.00751	0.00554	0.00786	0.00785	0.00855	0.00630	0.00583	0.00893	0.00823	0.01170	0.01471	0.04212	0.01470	0.20489	0.59953	0.00741	0.02489	0.00621	0.00291	0.00434
85	0.00858	0.00531	0.00761	0.00745	0.00784	0.00538	0.02110	0.00783	0.00804	0.01084	0.02642	0.11947	0.03317	0.11781	0.03120	0.47833	0.03889	0.03949	0.00296	0.02228
86	0.00738	0.00541	0.00624	0.00639	0.00724	0.00517	0.00432	0.02636	0.03488	0.01415	0.11228	0.24713	0.20537	0.26445	0.01255	0.00286	0.00359	0.01036	0.01962	0.00426
87	0.01980	0.01459	0.01563	0.01198	0.01615	0.01615	0.00990	0.76713	0.02448	0.03282	0.01250	0.01250	0.00886	0.00625	0.00521	0.00156	0.00573	0.00469	0.00521	0.00886
88	0.02275	0.00985	0.01270	0.00974	0.01379	0.00912	0.00804	0.15369	0.01656	0.65746	0.01915	0.01682	0.01219	0.00641	0.00523	0.00160	0.00466	0.00514	0.00623	0.00886
89	0.00741	0.00523	0.00682	0.00764	0.00837	0.00503	0.00551	0.00929	0.04439	0.03097	0.09854	0.54668	0.04923	0.03308	0.00703	0.00214	0.00334	0.11975	0.00493	0.00463
90	0.00695	0.00488	0.00595	0.00641	0.00679	0.00465	0.00411	0.00769	0.00966	0.01291	0.11122	0.36096	0.07593	0.34112	0.01464	0.00323	0.00376	0.01101	0.00425	0.00388
91	0.81811	0.01002	0.00784	0.00695	0.01021	0.01151	0.00573	0.01574	0.00912	0.05620	0.00782	0.00886	0.00595	0.00490	0.00331	0.00161	0.00405	0.00292	0.00336	0.00578
92	0.02049	0.00853	0.01139	0.00911	0.01268	0.00763	0.00748	0.02331	0.06035	0.63197	0.07296	0.02220	0.03004	0.00734	0.00543	0.00167	0.00427	0.04869	0.00620	0.00824
93	0.00689	0.00489	0.00606	0.00670	0.00714	0.00465	0.00447	0.00774	0.00980	0.01296	0.07054	0.41337	0.09711	0.26220	0.01272	0.00298	0.00369	0.05772	0.00437	0.00399
94	0.03752	0.01023	0.01284	0.00986	0.01391	0.00972	0.00815	0.19953	0.01705	0.59678	0.01841	0.01633	0.01181	0.00637	0.00519	0.00160	0.00473	0.00506	0.00610	0.00880
95	0.00717	0.00560	0.00654	0.00625	0.00778	0.00511	0.00471	0.00980	0.05184	0.01825	0.45729	0.04233	0.33536	0.01146	0.00610	0.00169	0.00261	0.00986	0.00536	0.00488
96	0.00752	0.00515	0.00650	0.00699	0.00772	0.00489	0.00491	0.02117	0.01109	0.02968	0.15909	0.41345	0.07196	0.12449	0.00912	0.00238	0.00335	0.06419	0.04191	0.00444
97	0.00688	0.00533	0.00577	0.00572	0.00689	0.00484	0.00396	0.00826	0.02834	0.01394	0.13395	0.05939	0.43330	0.24686	0.01207	0.00271	0.00336	0.00976	0.00447	0.00419
98	0.00983	0.00926	0.01562	0.80447	0.03587	0.01157	0.01446	0.01331	0.01041	0.01331	0.00926	0.01388	0.00694	0.00521	0.00521	0.00174	0.00694	0.00463	0.00231	0.00579
99	0.01229	0.01405	0.03073	0.02195	0.02722	0.01317	0.76558	0.01668	0.01229	0.01668	0.01054	0.01405	0.00790	0.00439	0.00615	0.00176	0.00878	0.00615	0.00263	0.00702
100	0.01295	0.01119	0.01178	0.01060	0.01354	0.01295	0.00824	0.02767	0.77509	0.02178	0.02120	0.01943	0.01590	0.00707	0.00530	0.00177	0.00412	0.00589	0.00530	0.00824
101	0.01945	0.02482	0.01476	0.01342	0.01610	0.79608	0.01006	0.02079	0.01476	0.01275	0.00805	0.00939	0.00671	0.00537	0.00470	0.00134	0.00939	0.00335	0.00268	0.00604
102	0.00796	0.00556	0.00656	0.00617	0.00784	0.00487	0.00467	0.00987	0.01345	0.07277	0.39565	0.04248	0.38003	0.01150	0.00608	0.00169	0.00268	0.00983	0.00538	0.00496
103	0.00673	0.00530	0.00607	0.00588	0.00739	0.00464	0.00441	0.00859	0.01323	0.01730	0.39811	0.04480	0.43501	0.01198	0.00615	0.00170	0.00255	0.01025	0.00526	0.00464
104	0.00905	0.00452	0.00678	0.00678	0.00678	0.00452	0.00452	0.00678	0.00678	0.00905	0.00905	0.01583	0.00905	0.01809	0.02035	0.84848	0.00452	0.00452	0.00226	0.00226
105	0.00775	0.00565	0.00752	0.00807	0.00931	0.00542	0.00667	0.01001	0.01280	0.01706	0.27398	0.07621	0.11717	0.01311	0.00672	0.00207	0.00375	0.40686	0.00510	0.00477
106	0.03388	0.00508	0.00607	0.00659	0.00737	0.00475	0.00448	0.00816	0.01034	0.03076	0.07557	0.44483	0.18546	0.14057	0.00950	0.00245	0.00329	0.01197	0.00461	0.00428
107	0.00750	0.00502	0.00570	0.00578	0.00580	0.00500	0.00326	0.00755	0.00772	0.01030	0.01717	0.08229	0.01989	0.76746	0.02528	0.00487	0.00492	0.00802	0.00326	0.00322
108	0.00766	0.00538	0.00664	0.00629	0.00750	0.00493	0.00457	0.00955	0.01320	0.04005	0.52514	0.03942	0.16412	0.13212	0.00918	0.00217	0.00293	0.00928	0.00522	0.00468
109	0.03958	0.00852	0.01120	0.00891	0.01244	0.00766	0.00724	0.03654	0.03999	0.62482	0.05314	0.06447	0.01557	0.00716	0.00525	0.00163	0.00419	0.00591	0.03759	0.00818
110	0.04028	0.00655	0.00741	0.00648	0.00860	0.00637	0.00509	0.05619	0.01278	0.20761	0.06152	0.01941	0.01482	0.00639	0.00425	0.00137	0.00315	0.00514	0.52052	0.00608
111	0.01597	0.05262	0.01306	0.01055	0.01360	0.18580	0.00835	0.16385	0.24559	0.09033	0.06051	0.01720	0.03540	0.00667	0.00502	0.00155	0.00545	0.00518	0.05596	0.00734
112	0.75397	0.01076	0.03739	0.00742	0.01088	0.01161	0.00638	0.03715	0.00971	0.06451	0.00819	0.00917	0.00616	0.00497	0.00345	0.00161	0.00424	0.00304	0.00341	0.00598
113	0.01217	0.00655	0.00823	0.00716	0.00944	0.00582	0.00560	0.01448	0.03197	0.25804	0.33652	0.03477	0.22844	0.00992	0.00584	0.00166	0.00316	0.00844	0.00571	0.00609
114	0.00629	0.00507	0.00560	0.00597	0.00728	0.00439	0.00432	0.00754	0.01140	0.01406	0.06591	0.27152	0.53033	0.01405	0.00632	0.00187	0.00278	0.02606	0.00486	0.00437
115	0.01582	0.40591	0.06158	0.01098	0.03080	0.14197	0.00976	0.10724	0.08817	0.06712	0.01040	0.01095	0.00828	0.00523	0.00422	0.00134	0.00611	0.00366	0.00324	0.00722
116	0.00774	0.00595	0.00757	0.00750	0.00845	0.00640	0.00558	0.00975	0.05086	0.01305	0.04514	0.05057	0.16342	0.21195	0.29437	0.00497	0.04340	0.05519	0.00364	0.00450
117	0.01234	0.00854	0.00970	0.00872	0.01116	0.00889	0.00673	0.07286	0.29206	0.13395	0.10447	0.14382	0.14551	0.00965	0.00571	0.00177	0.00371	0.00822	0.00536	0.00682
118	0.03186	0.05794	0.15385	0.03020	0.03475	0.00891	0.10099	0.04407	0.01147	0.01588	0.05056	0.33995	0.03865	0.01041	0.00586	0.00186	0.00510	0.04810	0.00383	0.00578
119	0.04951	0.21061	0.02662	0.00991	0.01327	0.12766	0.00839	0.12451	0.09662	0.09800	0.02986	0.03931	0.05247	0.00813	0.04006	0.00179	0.00587	0.02868	0.00394	0.02480
120	0.04230	0.02653	0.01290	0.04297	0.03159	0.02275	0.07033	0.11151	0.01198	0.01678	0.03374	0.24653	0.01802	0.04163	0.02289	0.00213	0.14894	0.05078	0.00378	0.04191
121	0.09623	0.01004	0.01505	0.06899	0.03463	0.02689	0.17640	0.05468	0.06572	0.01718	0.01258	0.01703	0.01060	0.01375	0.19691	0.00324	0.02203	0.03693	0.04099	0.08012
122	0.05429	0.02740	0.09921	0.16675	0.23149	0.06593	0.02851	0.03521	0.04125	0.01683	0.04477	0.03066	0.01027	0.00554	0.00521	0.00154	0.02435	0.00471	0.02086	0.08522
123	0.04001	0.19253	0.03886	0.01742	0.22328	0.02867	0.12538	0.09674	0.02880	0.01763	0.03222	0.05958	0.02189	0.00592	0.00520	0.00154	0.02485	0.00520	0.02718	0.00711

[dist]
# distance from previous block
# <min> <max>
17	31

[block]
# block no. 4 follows, 47 sequences, length 16
# corresponding to MSA columns:
# 356-371
name=unknown_E
#
# <colnr> <probs for GDERKNQSTAVLIFYWHMCP>
#	G	D	E	R	K	N	Q	S	T	A	V	L	I	F	Y	W	H	M	C	P
0	0.06796	0.01231	0.05486	0.01068	0.03729	0.06385	0.00862	0.09954	0.23911	0.16031	0.03596	0.01611	0.02691	0.00613	0.00490	0.00151	0.00484	0.00488	0.00459	0.13967
1	0.03739	0.05515	0.06388	0.02523	0.05544	0.01063	0.00867	0.12583	0.18617	0.07949	0.12701	0.09140	0.05298	0.00814	0.00538	0.00167	0.00448	0.03057	0.00467	0.02582
2	0.20164	0.02852	0.03489	0.09875	0.05137	0.08004	0.00879	0.10889	0.01321	0.13837	0.08452	0.05922	0.01360	0.02707	0.00571	0.00172	0.02783	0.00523	0.00403	0.00659
3	0.01457	0.06315	0.01479	0.02838	0.05692	0.01212	0.04459	0.32307	0.04102	0.03931	0.01370	0.10677	0.01202	0.03439	0.00577	0.00158	0.00513	0.00565	0.00419	0.17289
4	0.28193	0.04486	0.01308	0.01187	0.05008	0.42109	0.00880	0.03784	0.05683	0.01731	0.00873	0.00989	0.00703	0.00525	0.00426	0.00146	0.00702	0.00341	0.00305	0.00624
5	0.00655	0.00468	0.00625	0.00727	0.00772	0.00438	0.00500	0.00770	0.01060	0.01425	0.11369	0.69342	0.03591	0.01559	0.00661	0.00207	0.00303	0.04601	0.00493	0.00433
6	0.01017	0.00959	0.01622	0.72076	0.11698	0.01166	0.01463	0.01360	0.01057	0.01371	0.00931	0.01378	0.00708	0.00515	0.00520	0.00172	0.00686	0.00463	0.00234	0.00605
7	0.01156	0.01131	0.01895	0.39968	0.35888	0.03210	0.06313	0.01487	0.01127	0.01511	0.00954	0.01335	0.00756	0.00491	0.00523	0.00164	0.00680	0.00470	0.00246	0.00694
8	0.00996	0.00938	0.01585	0.77261	0.06674	0.01160	0.01453	0.01342	0.01047	0.01346	0.00928	0.01384	0.00700	0.00518	0.00520	0.00173	0.00691	0.00463	0.00232	0.00589
9	0.01158	0.01115	0.01936	0.30802	0.44614	0.01192	0.06316	0.01483	0.01132	0.01556	0.01016	0.03500	0.00847	0.00514	0.00528	0.00164	0.00654	0.00501	0.00255	0.00718
10	0.01184	0.00881	0.00987	0.00892	0.02813	0.02969	0.00674	0.16814	0.05336	0.06119	0.07241	0.06507	0.15175	0.10246	0.00848	0.02946	0.00440	0.07877	0.00451	0.09601
11	0.17365	0.15528	0.01508	0.05168	0.05870	0.14852	0.00888	0.10790	0.01319	0.06077	0.07875	0.03894	0.01189	0.00625	0.00519	0.00153	0.04922	0.00453	0.00352	0.00651
12	0.12412	0.01497	0.01487	0.12312	0.06946	0.21636	0.05167	0.15360	0.08588	0.03892	0.01178	0.01315	0.02715	0.00581	0.00521	0.00159	0.02746	0.00445	0.00353	0.00689
13	0.07364	0.01279	0.01415	0.06194	0.01621	0.08623	0.05616	0.26433	0.09429	0.11347	0.03769	0.01445	0.01078	0.01901	0.00532	0.00156	0.00558	0.00473	0.00439	0.10328
14	0.04237	0.00980	0.01101	0.01064	0.07285	0.05921	0.00769	0.16472	0.03244	0.13647	0.16666	0.07008	0.13246	0.00894	0.00562	0.00168	0.00444	0.05134	0.00496	0.00661
15	0.01602	0.20886	0.05316	0.01265	0.06997	0.22797	0.01001	0.14344	0.03146	0.06533	0.01162	0.08030	0.01016	0.00639	0.00510	0.00148	0.03093	0.00476	0.00344	0.00696

[dist]
# distance from previous block
# <min> <max>
9	18

[block]
# block no. 5 follows, 47 sequences, length 74
# corresponding to MSA columns:
# 390-440,483-505
name=unknown_F
#
# <colnr> <probs for GDERKNQSTAVLIFYWHMCP>
#	G	D	E	R	K	N	Q	S	T	A	V	L	I	F	Y	W	H	M	C	P
0	0.01438	0.01461	0.09882	0.04205	0.11644	0.11449	0.01094	0.18128	0.09204	0.04663	0.03936	0.03835	0.02394	0.02695	0.00664	0.00171	0.07167	0.00513	0.02298	0.03160
1	0.01248	0.11896	0.03316	0.01117	0.01422	0.04830	0.09452	0.14615	0.01307	0.01761	0.04345	0.07779	0.01309	0.05436	0.05528	0.00216	0.08570	0.03111	0.00346	0.12396
2	0.01288	0.03343	0.01262	0.04667	0.05345	0.01098	0.02140	0.17807	0.16335	0.05378	0.01690	0.09024	0.02740	0.01137	0.09786	0.00245	0.03636	0.03517	0.05138	0.04424
3	0.01700	0.01293	0.01331	0.01077	0.01426	0.07958	0.00865	0.41206	0.08465	0.09358	0.01554	0.06085	0.03367	0.00871	0.04945	0.00193	0.00587	0.00543	0.00479	0.06696
4	0.61343	0.09076	0.02350	0.00794	0.01146	0.01313	0.00680	0.13121	0.01151	0.02354	0.00827	0.00931	0.00639	0.00504	0.00358	0.00155	0.00447	0.00316	0.01868	0.00626
5	0.00671	0.00476	0.00598	0.00680	0.00716	0.00451	0.00448	0.00747	0.00958	0.01264	0.02737	0.53836	0.08514	0.21467	0.01156	0.00283	0.00356	0.03803	0.00442	0.00399
6	0.04896	0.00651	0.00762	0.00746	0.00885	0.00652	0.00541	0.05990	0.07922	0.05463	0.18252	0.31442	0.09332	0.09069	0.00800	0.00216	0.00346	0.01019	0.00492	0.00522
7	0.02922	0.32902	0.13031	0.01002	0.01353	0.03178	0.00977	0.03217	0.01063	0.05740	0.01081	0.01293	0.02768	0.00955	0.08354	0.04012	0.10131	0.00402	0.04989	0.00629
8	0.01098	0.14791	0.67367	0.01394	0.02114	0.01339	0.01767	0.01636	0.01093	0.01585	0.00902	0.01059	0.00661	0.00487	0.00470	0.00157	0.00737	0.00369	0.00220	0.00754
9	0.00691	0.00541	0.00610	0.00606	0.00739	0.00490	0.00438	0.00886	0.03991	0.01578	0.25016	0.11703	0.39962	0.09438	0.00824	0.00209	0.00292	0.01038	0.00493	0.00454
10	0.01024	0.00883	0.01468	0.13474	0.07397	0.00968	0.13721	0.02585	0.05286	0.01421	0.03456	0.07204	0.01222	0.02871	0.08397	0.16925	0.08755	0.00593	0.01814	0.00536
11	0.06231	0.22486	0.14631	0.01082	0.01530	0.01265	0.06512	0.03607	0.04762	0.23079	0.05958	0.01470	0.01170	0.00684	0.03194	0.00174	0.00579	0.00458	0.00392	0.00737
12	0.00744	0.00548	0.00621	0.00623	0.00778	0.00483	0.00463	0.00920	0.02947	0.05490	0.14081	0.18498	0.47656	0.01296	0.00620	0.00181	0.00286	0.02785	0.00505	0.00476
13	0.02574	0.00646	0.00717	0.00690	0.00846	0.00633	0.00510	0.09055	0.04947	0.01761	0.14781	0.20332	0.27438	0.06307	0.00719	0.00197	0.00326	0.00986	0.06028	0.00508
14	0.00995	0.00769	0.00994	0.01063	0.08794	0.00770	0.02130	0.14835	0.01309	0.01750	0.05000	0.31730	0.10128	0.10361	0.00839	0.00222	0.00424	0.05121	0.00443	0.02323
15	0.04597	0.01067	0.01513	0.12923	0.23134	0.01173	0.03706	0.03103	0.23782	0.04738	0.01641	0.05279	0.05197	0.00676	0.00595	0.00173	0.05021	0.00579	0.00377	0.00726
