[name]
unknown

[dist]
# distance from previous block
# <min> <max>
0	91

[block]
# block no. 0 follows, 44 sequences, length 7
# corresponding to MSA columns:
# 99-105
name=unknown_A
#
# <colnr> <probs for GDERKNQSTAVLIFYWHMCP>
#	G	D	E	R	K	N	Q	S	T	A	V	L	I	F	Y	W	H	M	C	P
0	0.00701	0.00536	0.00651	0.00715	0.00827	0.00485	0.00533	0.00851	0.01196	0.01530	0.10356	0.33676	0.31201	0.01501	0.00681	0.00208	0.00326	0.13048	0.00514	0.00465
1	0.01707	0.07736	0.17026	0.01400	0.04894	0.24592	0.01232	0.16661	0.09380	0.05856	0.01170	0.01250	0.00884	0.00598	0.00551	0.00160	0.03328	0.00432	0.00366	0.00778
2	0.01921	0.01593	0.01542	0.01244	0.01634	0.11603	0.01003	0.51171	0.17597	0.02926	0.01435	0.01415	0.01049	0.00660	0.00540	0.00165	0.00615	0.00498	0.00513	0.00876
3	0.00663	0.00481	0.00626	0.00743	0.00786	0.00444	0.00499	0.00761	0.01059	0.01398	0.03202	0.74591	0.09372	0.01682	0.00692	0.00218	0.00313	0.01519	0.00506	0.00444
4	0.01378	0.01149	0.01845	0.17163	0.02118	0.01391	0.13078	0.01616	0.01076	0.13788	0.01061	0.01397	0.00838	0.00748	0.01155	0.00207	0.38486	0.00517	0.00316	0.00674
5	0.01033	0.13868	0.01633	0.47620	0.02678	0.01230	0.01204	0.01301	0.01073	0.01371	0.01332	0.17204	0.01299	0.00783	0.00598	0.00182	0.04044	0.00667	0.00294	0.00588
6	0.04288	0.01089	0.01562	0.01203	0.01605	0.01048	0.12895	0.15339	0.04344	0.39024	0.01985	0.07257	0.04311	0.00733	0.00571	0.00175	0.00542	0.00642	0.00555	0.00833

[dist]
# distance from previous block
# <min> <max>
0	9

[block]
# block no. 1 follows, 44 sequences, length 11
# corresponding to MSA columns:
# 115-125
name=unknown_B
#
# <colnr> <probs for GDERKNQSTAVLIFYWHMCP>
#	G	D	E	R	K	N	Q	S	T	A	V	L	I	F	Y	W	H	M	C	P
0	0.00683	0.00525	0.00625	0.00662	0.00776	0.00467	0.00473	0.00834	0.01242	0.01618	0.22141	0.32877	0.32241	0.01437	0.00663	0.00195	0.00286	0.01258	0.00529	0.00467
1	0.01492	0.01130	0.01636	0.08802	0.01869	0.01120	0.13976	0.07715	0.15153	0.15562	0.01537	0.01610	0.02498	0.00595	0.00577	0.00157	0.03346	0.00523	0.00430	0.20271
2	0.01372	0.01528	0.15031	0.10711	0.01906	0.04764	0.01325	0.09300	0.01183	0.06986	0.00960	0.01266	0.00779	0.00761	0.01145	0.00203	0.39317	0.00466	0.00302	0.00694
3	0.01652	0.01257	0.01511	0.01502	0.14784	0.01350	0.01026	0.46228	0.02002	0.02725	0.01577	0.15188	0.01405	0.00808	0.00563	0.00172	0.00543	0.00676	0.04217	0.00813
4	0.02116	0.00928	0.01234	0.00982	0.01348	0.00869	0.00804	0.09683	0.01541	0.56915	0.01945	0.01851	0.01309	0.01272	0.14264	0.00292	0.00652	0.00549	0.00595	0.00850
5	0.01489	0.01205	0.01506	0.01496	0.14771	0.01284	0.01024	0.25441	0.10782	0.03900	0.01436	0.09016	0.01233	0.00728	0.00665	0.00166	0.08654	0.00580	0.00430	0.14193
6	0.00816	0.00528	0.00661	0.00657	0.00681	0.00535	0.00414	0.00822	0.00861	0.01171	0.08832	0.03113	0.02033	0.50273	0.11371	0.15213	0.00602	0.00731	0.00335	0.00350
7	0.00682	0.00493	0.00645	0.00734	0.00792	0.00456	0.00502	0.00808	0.01143	0.01536	0.16167	0.62718	0.08134	0.01585	0.00684	0.00210	0.00304	0.01428	0.00523	0.00456
8	0.01848	0.00986	0.01164	0.00930	0.01273	0.00962	0.00750	0.22925	0.01724	0.34536	0.02457	0.02399	0.14585	0.05131	0.00675	0.00187	0.00461	0.00648	0.05571	0.00788
9	0.01297	0.01332	0.02527	0.09380	0.02530	0.01282	0.47080	0.07715	0.01333	0.01845	0.01073	0.01389	0.00819	0.00488	0.00615	0.00165	0.02954	0.00555	0.00302	0.15320
10	0.38588	0.01319	0.01125	0.08494	0.01509	0.16110	0.00798	0.01748	0.01155	0.08791	0.00957	0.01089	0.00731	0.00518	0.00418	0.00149	0.00561	0.00352	0.00345	0.15240

[dist]
# distance from previous block
# <min> <max>
8	14

[block]
# block no. 2 follows, 44 sequences, length 10
# corresponding to MSA columns:
# 140-149
name=unknown_C
#
# <colnr> <probs for GDERKNQSTAVLIFYWHMCP>
#	G	D	E	R	K	N	Q	S	T	A	V	L	I	F	Y	W	H	M	C	P
0	0.01105	0.01161	0.02234	0.22862	0.04787	0.01189	0.37071	0.01464	0.01203	0.01584	0.01796	0.02090	0.13757	0.00664	0.00669	0.00185	0.04548	0.00674	0.00304	0.00651
1	0.04454	0.00972	0.03434	0.00954	0.01327	0.00858	0.00798	0.09533	0.01614	0.51206	0.14739	0.04118	0.01967	0.00764	0.00561	0.00170	0.00447	0.00630	0.00622	0.00832
2	0.20015	0.00981	0.01182	0.00928	0.01333	0.00931	0.00767	0.05663	0.01470	0.58407	0.01816	0.01624	0.01169	0.00638	0.00503	0.00168	0.00461	0.00492	0.00597	0.00856
3	0.01593	0.00739	0.00992	0.00825	0.01098	0.00655	0.00655	0.01828	0.01552	0.39294	0.40353	0.02985	0.03282	0.00899	0.00597	0.00170	0.00359	0.00771	0.00637	0.00717
4	0.01244	0.00958	0.01084	0.01025	0.04850	0.01001	0.00766	0.15414	0.21795	0.05724	0.08861	0.03268	0.25273	0.00984	0.00599	0.00182	0.00417	0.05320	0.00530	0.00704
5	0.04720	0.00919	0.01172	0.00940	0.01298	0.00859	0.00762	0.05598	0.08803	0.51953	0.14801	0.02193	0.01980	0.00749	0.00558	0.00171	0.00430	0.00618	0.00634	0.00840
6	0.00829	0.00597	0.00890	0.00877	0.00953	0.00698	0.00673	0.00947	0.00846	0.01214	0.01334	0.02010	0.01258	0.03551	0.61644	0.14970	0.05419	0.00560	0.00280	0.00450
7	0.69194	0.01030	0.00889	0.00765	0.01118	0.01144	0.00630	0.01801	0.01047	0.16648	0.01021	0.01068	0.00733	0.00538	0.00377	0.00169	0.00430	0.00343	0.00401	0.00654
8	0.02003	0.00944	0.01204	0.00958	0.01317	0.00889	0.00778	0.11467	0.06202	0.49022	0.16868	0.02236	0.02065	0.00763	0.00567	0.00170	0.00438	0.00632	0.00637	0.00842
9	0.00780	0.00614	0.00901	0.01198	0.13796	0.00587	0.00704	0.00914	0.01077	0.01458	0.02669	0.67057	0.03140	0.01501	0.00669	0.00211	0.00373	0.01369	0.00466	0.00514

[dist]
# distance from previous block
# <min> <max>
6	24

[block]
# block no. 3 follows, 44 sequences, length 14
# corresponding to MSA columns:
# 176-189
name=unknown_D
#
# <colnr> <probs for GDERKNQSTAVLIFYWHMCP>
#	G	D	E	R	K	N	Q	S	T	A	V	L	I	F	Y	W	H	M	C	P
0	0.00720	0.00527	0.00692	0.00778	0.00855	0.00481	0.00544	0.00843	0.01083	0.01466	0.05373	0.66361	0.03407	0.01572	0.00675	0.00211	0.00334	0.06610	0.00495	0.06974
1	0.01166	0.00721	0.00910	0.00773	0.01024	0.00639	0.00601	0.01466	0.04923	0.16310	0.44434	0.03138	0.06545	0.00912	0.00583	0.00158	0.00328	0.00787	0.00564	0.14019
2	0.01413	0.71651	0.11987	0.01008	0.01516	0.02049	0.01064	0.01644	0.01113	0.01337	0.00785	0.00908	0.00699	0.00473	0.00370	0.00123	0.00610	0.00305	0.00233	0.00713
3	0.10802	0.01022	0.01499	0.58243	0.03091	0.01212	0.01303	0.07133	0.01188	0.01702	0.00971	0.01351	0.00733	0.00538	0.00510	0.00171	0.00656	0.00450	0.00283	0.07141
4	0.00793	0.00529	0.00595	0.00595	0.00595	0.00529	0.00330	0.00793	0.00793	0.01057	0.01718	0.03568	0.01982	0.80840	0.02775	0.00529	0.00529	0.00793	0.00330	0.00330
5	0.00695	0.00552	0.00628	0.00644	0.00795	0.00485	0.00488	0.00864	0.01286	0.01629	0.20032	0.12920	0.47503	0.01371	0.00660	0.00192	0.00298	0.07958	0.00526	0.00474
6	0.39034	0.07328	0.01253	0.00918	0.01303	0.04099	0.00766	0.14418	0.01412	0.22878	0.01232	0.01222	0.00865	0.00576	0.00436	0.00163	0.00496	0.00399	0.00454	0.00749
7	0.00933	0.00474	0.00706	0.00713	0.00714	0.00472	0.00475	0.00713	0.00727	0.00969	0.01048	0.05515	0.01077	0.01885	0.02060	0.80031	0.00466	0.00526	0.00250	0.00247
8	0.06411	0.00944	0.01222	0.00953	0.01347	0.00859	0.00783	0.07447	0.01596	0.62646	0.08281	0.01955	0.01599	0.00702	0.00545	0.00169	0.00454	0.00568	0.00643	0.00876
9	0.00664	0.00474	0.00633	0.00759	0.00791	0.00443	0.00506	0.00759	0.01044	0.01392	0.03005	0.80485	0.03606	0.01708	0.00696	0.00221	0.00316	0.01550	0.00506	0.00443
10	0.01130	0.00969	0.01130	0.00807	0.01292	0.00727	0.00646	0.01373	0.01130	0.01776	0.00969	0.01130	0.00807	0.00404	0.00404	0.00081	0.00404	0.00323	0.00323	0.84173
11	0.00859	0.00668	0.00954	0.07033	0.01225	0.00672	0.05001	0.07767	0.01202	0.01601	0.02579	0.62423	0.02973	0.01448	0.00667	0.00211	0.00410	0.01316	0.00476	0.00517
12	0.00677	0.00487	0.00622	0.00724	0.00764	0.00454	0.00479	0.00765	0.01031	0.01360	0.03053	0.65953	0.09092	0.10671	0.00928	0.00253	0.00337	0.01433	0.00486	0.00431
13	0.17507	0.01335	0.01574	0.23064	0.08087	0.06673	0.03911	0.27351	0.01622	0.02345	0.01048	0.01255	0.00783	0.00569	0.00505	0.00169	0.00643	0.00447	0.00372	0.00741

[dist]
# distance from previous block
# <min> <max>
2	8

[block]
# block no. 4 follows, 44 sequences, length 16
# corresponding to MSA columns:
# 198-213
name=unknown_E
#
# <colnr> <probs for GDERKNQSTAVLIFYWHMCP>
#	G	D	E	R	K	N	Q	S	T	A	V	L	I	F	Y	W	H	M	C	P
0	0.47901	0.01172	0.04400	0.02298	0.01330	0.01206	0.00784	0.11942	0.04311	0.18197	0.01195	0.01212	0.00844	0.00572	0.00430	0.00169	0.00477	0.00395	0.00438	0.00727
1	0.01849	0.01313	0.01437	0.01156	0.01548	0.01436	0.00936	0.39368	0.27663	0.12476	0.01718	0.01622	0.01230	0.00679	0.00545	0.00169	0.00519	0.00536	0.00559	0.03242
2	0.01672	0.00977	0.01208	0.01094	0.05212	0.00987	0.00822	0.05793	0.25494	0.30404	0.14338	0.02399	0.04024	0.00792	0.00572	0.00176	0.00432	0.02200	0.00589	0.00816
3	0.04945	0.08243	0.43910	0.01422	0.05370	0.01209	0.04859	0.01786	0.01233	0.12480	0.06493	0.01446	0.01110	0.00571	0.00514	0.00165	0.00673	0.00464	0.00330	0.02777
4	0.00766	0.00554	0.00704	0.00786	0.00854	0.00534	0.00541	0.06084	0.01169	0.01558	0.04667	0.70742	0.05762	0.01609	0.00682	0.00215	0.00334	0.01449	0.00511	0.00479
5	0.02148	0.00892	0.01191	0.00940	0.01310	0.00794	0.00765	0.05875	0.01586	0.61758	0.11508	0.05246	0.01893	0.00770	0.00566	0.00171	0.00439	0.00640	0.00653	0.00857
6	0.01014	0.00593	0.00772	0.00793	0.00916	0.00552	0.00573	0.01184	0.03191	0.14418	0.08285	0.45826	0.06669	0.06970	0.00810	0.00229	0.00365	0.05772	0.00530	0.00538
7	0.01242	0.06134	0.62072	0.01525	0.02261	0.01320	0.06174	0.06399	0.01263	0.05123	0.01047	0.01198	0.00743	0.00528	0.00521	0.00170	0.00775	0.00424	0.00272	0.00810
8	0.58850	0.01140	0.01024	0.00855	0.01222	0.01276	0.00705	0.17141	0.01335	0.10553	0.01020	0.01076	0.00740	0.00555	0.00403	0.00168	0.00463	0.00363	0.00416	0.00696
9	0.00678	0.00483	0.00638	0.00747	0.00784	0.00452	0.00499	0.00780	0.01068	0.01433	0.08172	0.71627	0.03641	0.05239	0.00786	0.00232	0.00322	0.01476	0.00505	0.00443
10	0.01047	0.00983	0.01610	0.61003	0.03223	0.01199	0.04720	0.01467	0.06436	0.01468	0.01193	0.07010	0.00999	0.00657	0.00624	0.00188	0.04696	0.00575	0.00284	0.00618
11	0.01083	0.02575	0.67833	0.01539	0.02281	0.01220	0.06515	0.01678	0.01187	0.01760	0.06397	0.01379	0.01016	0.00557	0.00535	0.00173	0.00774	0.00459	0.00259	0.00781
12	0.00762	0.00516	0.00604	0.00633	0.00641	0.00508	0.00372	0.00785	0.00852	0.01136	0.02021	0.21706	0.02365	0.62179	0.02285	0.00456	0.00478	0.00971	0.00372	0.00357
13	0.00676	0.00485	0.00630	0.00736	0.00775	0.00452	0.00490	0.00772	0.01052	0.01399	0.05537	0.69122	0.06868	0.07208	0.00837	0.00240	0.00327	0.01460	0.00497	0.00438
14	0.07792	0.07321	0.01552	0.01186	0.01544	0.23952	0.00958	0.23480	0.05327	0.16162	0.01267	0.01284	0.00925	0.00625	0.00558	0.00159	0.04242	0.00438	0.00442	0.00783
15	0.01097	0.00803	0.00928	0.00831	0.01053	0.00820	0.00642	0.06785	0.20554	0.06937	0.37580	0.03397	0.14368	0.00999	0.00608	0.00176	0.00341	0.00855	0.00576	0.00650

[dist]
# distance from previous block
# <min> <max>
0	3

[block]
# block no. 5 follows, 44 sequences, length 22
# corresponding to MSA columns:
# 217-238
name=unknown_F
#
# <colnr> <probs for GDERKNQSTAVLIFYWHMCP>
#	G	D	E	R	K	N	Q	S	T	A	V	L	I	F	Y	W	H	M	C	P
0	0.31560	0.01207	0.01085	0.00958	0.01252	0.12368	0.00772	0.06516	0.01272	0.10732	0.04265	0.05018	0.01319	0.00743	0.00551	0.00173	0.04688	0.08591	0.00411	0.06520
1	0.33385	0.00987	0.01055	0.00851	0.01227	0.00983	0.00696	0.06159	0.01329	0.30920	0.07011	0.01540	0.01259	0.00612	0.00459	0.00159	0.00434	0.00456	0.00495	0.09983
2	0.00913	0.00700	0.00785	0.00736	0.00935	0.00682	0.00560	0.01389	0.17353	0.05097	0.27363	0.05711	0.33420	0.01137	0.00622	0.00180	0.00312	0.00968	0.00554	0.00583
3	0.04741	0.16756	0.61265	0.01407	0.02132	0.01424	0.01760	0.01704	0.01134	0.01678	0.00930	0.01090	0.00688	0.00508	0.00480	0.00162	0.00749	0.00378	0.00235	0.00778
4	0.01052	0.00988	0.01664	0.68309	0.11831	0.01194	0.01496	0.01402	0.01105	0.01436	0.01047	0.04214	0.00843	0.00579	0.00550	0.00181	0.00704	0.00522	0.00255	0.00629
5	0.00851	0.00671	0.00877	0.00853	0.00909	0.02362	0.00625	0.00969	0.00866	0.01210	0.01513	0.05785	0.01572	0.28342	0.40710	0.00650	0.09803	0.00676	0.00307	0.00450
6	0.01653	0.00765	0.01015	0.00840	0.01128	0.00683	0.00669	0.01915	0.03426	0.41505	0.34161	0.02903	0.05194	0.00884	0.00592	0.00171	0.00370	0.00754	0.00635	0.00737
7	0.00948	0.00712	0.00875	0.00794	0.01028	0.00598	0.00581	0.02726	0.01125	0.04335	0.02098	0.42681	0.02316	0.02754	0.00613	0.00168	0.00367	0.00986	0.00436	0.33856
8	0.01188	0.01000	0.01154	0.00847	0.01309	0.00806	0.00676	0.06350	0.03935	0.01894	0.01093	0.03381	0.00924	0.00469	0.00427	0.00094	0.00415	0.00379	0.00351	0.73308
9	0.00751	0.00578	0.00623	0.00625	0.00798	0.00504	0.00463	0.00937	0.03869	0.04731	0.06404	0.16995	0.58038	0.01375	0.00645	0.00189	0.00296	0.01167	0.00517	0.00493
10	0.00664	0.00474	0.00633	0.00759	0.00791	0.00443	0.00506	0.00759	0.01044	0.01392	0.03005	0.80485	0.03606	0.01708	0.00696	0.00221	0.00316	0.01550	0.00506	0.00443
11	0.01557	0.07212	0.02086	0.02719	0.56962	0.04011	0.01457	0.01845	0.01293	0.13886	0.01179	0.01382	0.00923	0.00517	0.00525	0.00159	0.00625	0.00477	0.00332	0.00853
12	0.02406	0.00992	0.01305	0.01000	0.01423	0.00896	0.00826	0.10415	0.01667	0.69908	0.02061	0.01797	0.01305	0.00673	0.00548	0.00168	0.00478	0.00542	0.00661	0.00928
13	0.01016	0.00508	0.00508	0.00508	0.00635	0.00508	0.00381	0.01270	0.01143	0.02033	0.01778	0.02033	0.01397	0.00635	0.00381	0.00127	0.00254	0.00508	0.83867	0.00508
14	0.01231	0.01521	0.11158	0.14679	0.11109	0.01330	0.47402	0.01680	0.01235	0.01691	0.01059	0.01419	0.00800	0.00483	0.00602	0.00180	0.00846	0.00574	0.00265	0.00736
15	0.04140	0.14894	0.46998	0.01314	0.01936	0.01351	0.02942	0.07110	0.01290	0.01863	0.10008	0.01462	0.01238	0.00589	0.00504	0.00163	0.00678	0.00462	0.00303	0.00754
16	0.00681	0.00488	0.00648	0.00747	0.00795	0.00454	0.00507	0.00802	0.01124	0.01519	0.14860	0.68267	0.03852	0.01613	0.00687	0.00213	0.00307	0.01460	0.00521	0.00454
17	0.00673	0.00481	0.00643	0.00769	0.00805	0.00450	0.00521	0.00774	0.01052	0.01401	0.03000	0.77461	0.03587	0.01700	0.00698	0.00223	0.00324	0.04487	0.00506	0.00445
18	0.01093	0.02820	0.78016	0.01554	0.02360	0.01266	0.02014	0.01727	0.01151	0.01727	0.00978	0.01151	0.00691	0.00518	0.00518	0.00173	0.00806	0.00403	0.00230	0.00806
19	0.01522	0.72446	0.02711	0.00985	0.01431	0.10649	0.00946	0.01693	0.01156	0.01288	0.00767	0.00887	0.00700	0.00477	0.00366	0.00119	0.00627	0.00298	0.00239	0.00692
20	0.01166	0.13727	0.59105	0.01549	0.02278	0.01404	0.10015	0.01715	0.01160	0.01666	0.00961	0.01147	0.00707	0.00504	0.00508	0.00166	0.00787	0.00414	0.00236	0.00783
21	0.01066	0.00991	0.01590	0.70824	0.03495	0.01227	0.01442	0.01560	0.09456	0.01491	0.01108	0.01518	0.00831	0.00567	0.00546	0.00182	0.00694	0.00499	0.00277	0.00634

[dist]
# distance from previous block
# <min> <max>
0	3

[block]
# block no. 6 follows, 44 sequences, length 120
# corresponding to MSA columns:
# 242-361
name=unknown_G
#
# <colnr> <probs for GDERKNQSTAVLIFYWHMCP>
#	G	D	E	R	K	N	Q	S	T	A	V	L	I	F	Y	W	H	M	C	P
0	0.04600	0.01371	0.01407	0.02530	0.01557	0.09738	0.00903	0.30869	0.06030	0.18745	0.01405	0.01388	0.00998	0.00602	0.00509	0.00149	0.00565	0.00459	0.00493	0.15682
1	0.00681	0.00487	0.00647	0.00748	0.00794	0.00454	0.00507	0.00800	0.01120	0.01512	0.14261	0.68885	0.03839	0.01618	0.00688	0.00214	0.00307	0.01464	0.00520	0.00454
2	0.00664	0.00474	0.00633	0.00759	0.00791	0.00443	0.00506	0.00759	0.01044	0.01392	0.03005	0.80485	0.03606	0.01708	0.00696	0.00221	0.00316	0.01550	0.00506	0.00443
3	0.01272	0.01348	0.01771	0.26453	0.02342	0.12794	0.08344	0.01508	0.01073	0.01397	0.00860	0.01270	0.00731	0.00701	0.01048	0.00196	0.32945	0.00472	0.00252	0.03222
4	0.02352	0.00995	0.01705	0.29352	0.07283	0.01089	0.17160	0.01468	0.04527	0.01644	0.01387	0.10104	0.01211	0.00688	0.00608	0.00179	0.03989	0.00641	0.12990	0.00629
5	0.00765	0.00504	0.00668	0.00763	0.00823	0.00465	0.00520	0.00872	0.01091	0.05645	0.05037	0.72016	0.05523	0.01626	0.00685	0.00216	0.00322	0.01468	0.00518	0.00472
6	0.00663	0.00477	0.00630	0.00751	0.00789	0.00443	0.00503	0.00760	0.01051	0.01395	0.03098	0.77715	0.06316	0.01696	0.00694	0.00220	0.00315	0.01535	0.00506	0.00443
7	0.62670	0.01116	0.00977	0.00829	0.01185	0.01259	0.00681	0.13540	0.02552	0.08319	0.01996	0.01089	0.00781	0.00555	0.00394	0.00168	0.00451	0.00360	0.00404	0.00674
8	0.00735	0.00533	0.00693	0.00701	0.00804	0.00491	0.00507	0.00939	0.01384	0.01923	0.52357	0.26331	0.07965	0.01299	0.00658	0.00187	0.00275	0.01157	0.00569	0.00491
9	0.00662	0.00484	0.00623	0.00733	0.00784	0.00445	0.00495	0.00762	0.01068	0.01402	0.03317	0.71161	0.12728	0.01667	0.00689	0.00217	0.00311	0.01500	0.00506	0.00445
10	0.01365	0.01139	0.01248	0.01164	0.03756	0.01292	0.00883	0.10473	0.56735	0.02286	0.02138	0.04475	0.01725	0.02976	0.00631	0.00197	0.00461	0.05703	0.00534	0.00819
11	0.00679	0.00489	0.00644	0.00741	0.00792	0.00454	0.00504	0.00799	0.01124	0.01511	0.13947	0.66777	0.06295	0.01610	0.00686	0.00213	0.00306	0.01454	0.00520	0.00454
12	0.00717	0.00553	0.00600	0.00596	0.00761	0.00484	0.00453	0.00896	0.01296	0.01682	0.19965	0.04736	0.51631	0.01260	0.00624	0.00179	0.00280	0.04331	0.08479	0.00478
13	0.10029	0.01364	0.01483	0.01147	0.01571	0.01471	0.00947	0.54191	0.02210	0.17989	0.01422	0.01376	0.00978	0.00644	0.00526	0.00165	0.00556	0.00483	0.00551	0.00895
14	0.01075	0.00650	0.00833	0.00822	0.00969	0.00618	0.00605	0.07278	0.01344	0.13308	0.15677	0.45422	0.04551	0.01350	0.00653	0.00200	0.00356	0.03168	0.00551	0.00571
15	0.01319	0.01264	0.02158	0.10615	0.70409	0.01287	0.01658	0.01646	0.01227	0.01744	0.01020	0.01359	0.00851	0.00491	0.00540	0.00164	0.00655	0.00486	0.00267	0.00839
16	0.00793	0.00529	0.00595	0.00595	0.00595	0.00529	0.00330	0.00793	0.00793	0.01057	0.01718	0.03568	0.01982	0.80840	0.02775	0.00529	0.00529	0.00793	0.00330	0.00330
17	0.09545	0.01004	0.01099	0.00897	0.01192	0.01026	0.00695	0.25530	0.01541	0.05667	0.05858	0.03511	0.03293	0.17581	0.04694	0.00262	0.00535	0.00578	0.00437	0.15057
18	0.01177	0.01103	0.01731	0.40050	0.02700	0.01345	0.08376	0.08826	0.01199	0.01615	0.01187	0.02773	0.04196	0.00705	0.00872	0.00195	0.20475	0.00545	0.00291	0.00639
19	0.01013	0.00585	0.00630	0.00624	0.00756	0.00593	0.00462	0.06098	0.02673	0.01980	0.03086	0.16051	0.03068	0.02362	0.01701	0.00168	0.00315	0.00718	0.56592	0.00527
20	0.00781	0.00523	0.00598	0.00610	0.00613	0.00520	0.00347	0.00790	0.00817	0.01089	0.01841	0.10906	0.02137	0.73290	0.02576	0.00499	0.00508	0.00865	0.00347	0.00341
21	0.01213	0.01485	0.09958	0.17388	0.02904	0.01351	0.49862	0.01651	0.01211	0.01651	0.01044	0.01422	0.00788	0.00509	0.00674	0.00185	0.05152	0.00580	0.00263	0.00709
22	0.01185	0.00987	0.01150	0.00825	0.01307	0.00760	0.00662	0.03881	0.01186	0.03147	0.01001	0.01149	0.00821	0.00417	0.00411	0.00085	0.00411	0.00333	0.00337	0.79947
23	0.01168	0.01177	0.01829	0.01510	0.01603	0.01531	0.12418	0.01346	0.00907	0.01374	0.00845	0.01325	0.00794	0.01178	0.08951	0.00291	0.60383	0.00513	0.00249	0.00607
24	0.00793	0.00529	0.00595	0.00595	0.00595	0.00529	0.00330	0.00793	0.00793	0.01057	0.01718	0.03568	0.01982	0.80840	0.02775	0.00529	0.00529	0.00793	0.00330	0.00330
25	0.00934	0.00686	0.00856	0.00808	0.00962	0.00678	0.00616	0.08129	0.01441	0.03519	0.35496	0.21030	0.09524	0.01206	0.00693	0.00187	0.03913	0.05162	0.00536	0.03625
26	0.01458	0.81168	0.02857	0.00933	0.01399	0.02157	0.00933	0.01632	0.01108	0.01283	0.00758	0.00875	0.00700	0.00466	0.00350	0.00117	0.00583	0.00292	0.00233	0.00700
27	0.00699	0.00583	0.00615	0.00606	0.00787	0.00512	0.00459	0.00919	0.04677	0.01609	0.14949	0.04966	0.62308	0.01319	0.00643	0.00184	0.00286	0.02871	0.00521	0.00487
28	0.00777	0.00562	0.00736	0.00706	0.00835	0.00521	0.00538	0.01031	0.01518	0.02135	0.70697	0.04238	0.06317	0.01147	0.00651	0.00177	0.00275	0.06036	0.00592	0.00513
29	0.01458	0.81168	0.02857	0.00933	0.01399	0.02157	0.00933	0.01632	0.01108	0.01283	0.00758	0.00875	0.00700	0.00466	0.00350	0.00117	0.00583	0.00292	0.00233	0.00700
30	0.00684	0.00489	0.00653	0.00767	0.00811	0.00458	0.00527	0.00800	0.01094	0.01466	0.08720	0.70555	0.03699	0.01651	0.00695	0.00219	0.00322	0.05424	0.00513	0.00452
31	0.00664	0.00474	0.00633	0.00759	0.00791	0.00443	0.00506	0.00759	0.01044	0.01392	0.03005	0.80485	0.03606	0.01708	0.00696	0.00221	0.00316	0.01550	0.00506	0.00443
32	0.00664	0.00474	0.00633	0.00759	0.00791	0.00443	0.00506	0.00759	0.01044	0.01392	0.03005	0.80485	0.03606	0.01708	0.00696	0.00221	0.00316	0.01550	0.00506	0.00443
33	0.84691	0.01054	0.00801	0.00717	0.01054	0.01223	0.00590	0.01603	0.00928	0.02446	0.00759	0.00886	0.00590	0.00506	0.00337	0.00169	0.00422	0.00295	0.00337	0.00590
34	0.00920	0.00474	0.00703	0.00715	0.00718	0.00471	0.00477	0.00715	0.00742	0.00989	0.01143	0.09178	0.01201	0.01876	0.01994	0.76132	0.00458	0.00576	0.00262	0.00256
35	0.02252	0.00885	0.01203	0.00937	0.01325	0.00768	0.00768	0.02468	0.01558	0.69055	0.10840	0.02112	0.01789	0.00726	0.00559	0.00169	0.00440	0.00599	0.00666	0.00880
36	0.00741	0.00518	0.00666	0.00755	0.00794	0.00502	0.00522	0.00836	0.01008	0.01337	0.02604	0.44278	0.03042	0.25014	0.01320	0.00317	0.00413	0.14459	0.00453	0.00420
37	0.00870	0.08261	0.00944	0.00760	0.00924	0.00685	0.00609	0.01094	0.01390	0.03501	0.44232	0.10128	0.10620	0.01176	0.00635	0.00184	0.00338	0.12587	0.00535	0.00529
38	0.01143	0.01010	0.01303	0.00930	0.01420	0.00781	0.06816	0.01404	0.01143	0.01774	0.00980	0.01159	0.00809	0.00408	0.00424	0.00089	0.00446	0.00349	0.00319	0.77292
39	0.01461	0.68553	0.09942	0.01023	0.01510	0.07077	0.01044	0.01677	0.01140	0.01328	0.00785	0.00908	0.00699	0.00478	0.00375	0.00124	0.00630	0.00306	0.00236	0.00705
40	0.00766	0.00621	0.00899	0.00916	0.00976	0.00648	0.04731	0.00883	0.01031	0.01395	0.02664	0.62074	0.05350	0.03570	0.00879	0.00228	0.10098	0.01336	0.00456	0.00475
41	0.04133	0.00996	0.01230	0.00984	0.01346	0.00956	0.00795	0.19101	0.01699	0.43384	0.05876	0.11438	0.01691	0.00808	0.00561	0.00172	0.00464	0.00668	0.00602	0.03096
42	0.01192	0.23520	0.51819	0.01434	0.03631	0.01488	0.04387	0.01677	0.01144	0.01602	0.00975	0.03032	0.00773	0.00531	0.00483	0.00159	0.00735	0.00412	0.00240	0.00767
43	0.01887	0.01332	0.01464	0.01150	0.01544	0.01444	0.00939	0.52845	0.10118	0.09772	0.08709	0.01694	0.01442	0.00704	0.00553	0.00165	0.00533	0.00553	0.00559	0.02592
44	0.04201	0.74933	0.02718	0.00928	0.01388	0.02065	0.00916	0.01678	0.01122	0.04791	0.00821	0.00919	0.00726	0.00477	0.00358	0.00121	0.00572	0.00303	0.00257	0.00706
45	0.01039	0.00959	0.01604	0.73682	0.05914	0.01183	0.01469	0.01396	0.01097	0.01433	0.01006	0.01476	0.00760	0.00547	0.00538	0.00179	0.00704	0.00486	0.03919	0.00609
46	0.01215	0.01058	0.01603	0.38498	0.02599	0.02690	0.10135	0.10827	0.03750	0.01820	0.01249	0.03992	0.00990	0.00620	0.00579	0.00174	0.03446	0.00543	0.13564	0.00650
47	0.00801	0.00616	0.00737	0.00729	0.00877	0.00587	0.00550	0.02310	0.07570	0.01883	0.35958	0.15057	0.22733	0.01254	0.00650	0.00188	0.00307	0.06116	0.00552	0.00525
48	0.00660	0.00551	0.00576	0.00581	0.00752	0.00467	0.00435	0.00808	0.01259	0.01531	0.11268	0.08578	0.66588	0.01376	0.00649	0.00186	0.00281	0.02477	0.00514	0.00465
49	0.00886	0.00639	0.00854	0.00931	0.01061	0.00634	0.00780	0.04440	0.01328	0.01754	0.12775	0.14321	0.05627	0.01435	0.00719	0.00231	0.00445	0.50108	0.00518	0.00515
50	0.06142	0.76660	0.02741	0.00921	0.01380	0.02105	0.00914	0.01631	0.01098	0.01348	0.00758	0.00875	0.00693	0.00469	0.00349	0.00120	0.00574	0.00292	0.00239	0.00693
51	0.03889	0.01574	0.01559	0.01230	0.01635	0.08976	0.01002	0.61343	0.06124	0.03118	0.01310	0.01323	0.00947	0.00646	0.00532	0.00162	0.00615	0.00480	0.02657	0.00877
52	0.00793	0.00529	0.00595	0.00595	0.00595	0.00529	0.00330	0.00793	0.00793	0.01057	0.01718	0.03568	0.01982	0.80840	0.02775	0.00529	0.00529	0.00793	0.00330	0.00330
53	0.00744	0.00547	0.00699	0.00788	0.00856	0.00523	0.00539	0.02696	0.04486	0.01493	0.02866	0.72589	0.03367	0.01599	0.00677	0.00214	0.00331	0.01444	0.00504	0.03038
54	0.01290	0.01446	0.03079	0.02374	0.09927	0.01379	0.66405	0.01728	0.01270	0.01738	0.01085	0.01451	0.00828	0.00475	0.00665	0.00183	0.03034	0.00624	0.00274	0.00744
55	0.00799	0.00528	0.00592	0.00592	0.00596	0.00528	0.00332	0.00805	0.00802	0.01082	0.01719	0.03528	0.01967	0.78779	0.02713	0.00518	0.00521	0.00785	0.02477	0.00335
56	0.01268	0.01434	0.03103	0.07881	0.02915	0.01367	0.70114	0.01721	0.01273	0.01721	0.01093	0.01469	0.00820	0.00466	0.00636	0.00184	0.00905	0.00632	0.00273	0.00726
57	0.01271	0.01196	0.01830	0.02509	0.49543	0.06781	0.04663	0.01480	0.01166	0.01583	0.01192	0.08925	0.01124	0.00821	0.00797	0.12915	0.00627	0.00583	0.00288	0.00705
58	0.01116	0.01071	0.01505	0.01328	0.01351	0.01460	0.01105	0.01257	0.00880	0.01337	0.01006	0.01772	0.01019	0.01358	0.10305	0.00311	0.63491	0.07482	0.00270	0.00575
59	0.00947	0.00473	0.00710	0.00710	0.00710	0.00473	0.00473	0.00710	0.00710	0.00947	0.00947	0.01657	0.00947	0.01894	0.02131	0.84138	0.00473	0.00473	0.00237	0.00237
60	0.00947	0.00601	0.00775	0.00745	0.00877	0.00563	0.00544	0.03591	0.01390	0.09148	0.41953	0.24396	0.03996	0.06981	0.00799	0.00210	0.00324	0.01066	0.00560	0.00535
61	0.39020	0.03621	0.01236	0.08470	0.01553	0.12778	0.00857	0.17035	0.04289	0.02338	0.03519	0.01192	0.00886	0.00577	0.00442	0.00164	0.00570	0.00397	0.00377	0.00679
62	0.05650	0.02272	0.01529	0.08818	0.01850	0.60973	0.01078	0.07130	0.01530	0.01535	0.00881	0.01050	0.00715	0.00572	0.00519	0.00149	0.02432	0.00373	0.00297	0.00647
63	0.00781	0.00577	0.00742	0.00806	0.00908	0.00534	0.00580	0.03369	0.01132	0.01527	0.02791	0.59785	0.04688	0.01517	0.00669	0.00209	0.00356	0.10084	0.00489	0.08455
64	0.01262	0.05914	0.12232	0.01985	0.02552	0.01355	0.54620	0.01736	0.03085	0.01734	0.01086	0.01386	0.00822	0.00470	0.00591	0.00171	0.00834	0.00569	0.00278	0.07318
65	0.00800	0.00537	0.00618	0.00628	0.00638	0.00537	0.00375	0.00820	0.00831	0.01104	0.01813	0.03779	0.02077	0.74346	0.02609	0.00506	0.00526	0.06767	0.00344	0.00344
66	0.01890	0.01419	0.01538	0.01168	0.01613	0.01504	0.00960	0.61209	0.02285	0.03114	0.01243	0.01274	0.00904	0.00606	0.00518	0.00148	0.00562	0.00458	0.00502	0.17087
67	0.00679	0.00486	0.00646	0.00749	0.00794	0.00453	0.00507	0.00797	0.01114	0.01503	0.13421	0.69750	0.03822	0.01625	0.00688	0.00214	0.00308	0.01471	0.00519	0.00453
68	0.75133	0.01105	0.03373	0.07196	0.01318	0.01223	0.00712	0.01589	0.00948	0.02336	0.00783	0.00941	0.00605	0.00510	0.00360	0.00170	0.00459	0.00314	0.00326	0.00599
69	0.00664	0.00476	0.00631	0.00755	0.00790	0.00443	0.00504	0.00760	0.01048	0.01393	0.03057	0.78938	0.05119	0.01701	0.00695	0.00221	0.00315	0.01542	0.00506	0.00443
70	0.00670	0.00478	0.00639	0.00765	0.00799	0.00448	0.00516	0.00769	0.01049	0.01398	0.03002	0.78574	0.03594	0.01703	0.00697	0.00222	0.00321	0.03406	0.00506	0.00444
71	0.01781	0.01297	0.01481	0.08610	0.01764	0.01383	0.00979	0.44417	0.08147	0.08703	0.01372	0.01433	0.01000	0.01862	0.00560	0.00161	0.00557	0.00484	0.00490	0.13519
72	0.01341	0.01274	0.02103	0.05283	0.68107	0.01299	0.01591	0.01782	0.08413	0.01818	0.01138	0.01418	0.00936	0.00512	0.00541	0.00165	0.00629	0.00498	0.00296	0.00856
73	0.00787	0.00526	0.00596	0.00602	0.00604	0.00525	0.00338	0.00791	0.00804	0.01072	0.01776	0.07055	0.02056	0.77252	0.02681	0.00515	0.00519	0.00827	0.00338	0.00335
74	0.00671	0.00479	0.00638	0.00755	0.00792	0.00447	0.00507	0.00775	0.01074	0.01440	0.07501	0.75851	0.03699	0.01672	0.00693	0.00218	0.00313	0.01516	0.00512	0.00447
75	0.71006	0.02165	0.00900	0.00763	0.01111	0.01189	0.00629	0.01770	0.03320	0.11558	0.00972	0.01038	0.00717	0.00533	0.00370	0.00168	0.00429	0.00336	0.00383	0.00641
76	0.01458	0.81168	0.02857	0.00933	0.01399	0.02157	0.00933	0.01632	0.01108	0.01283	0.00758	0.00875	0.00700	0.00466	0.00350	0.00117	0.00583	0.00292	0.00233	0.00700
77	0.00942	0.00639	0.00885	0.00988	0.01129	0.00630	0.00860	0.01188	0.01268	0.05081	0.02939	0.05926	0.05458	0.01464	0.00740	0.00245	0.00493	0.68096	0.00510	0.00520
78	0.01283	0.43653	0.38845	0.01230	0.01859	0.01731	0.01451	0.01677	0.01128	0.01495	0.00863	0.01007	0.00695	0.00491	0.00430	0.00143	0.00690	0.00345	0.00232	0.00750
79	0.00977	0.00659	0.00918	0.00976	0.08184	0.00614	0.00659	0.01228	0.01485	0.09001	0.57775	0.07340	0.04269	0.01052	0.00630	0.00175	0.00322	0.02585	0.00569	0.00582
80	0.00672	0.00480	0.00641	0.00762	0.00799	0.00449	0.00514	0.00776	0.01065	0.01423	0.05484	0.76339	0.03647	0.01684	0.00695	0.00220	0.00318	0.03073	0.00509	0.00446
81	0.00847	0.00543	0.00695	0.00735	0.00843	0.00491	0.00521	0.00985	0.01200	0.08817	0.14578	0.49459	0.15290	0.01467	0.00666	0.00203	0.00315	0.01305	0.00536	0.00503
82	0.01314	0.01365	0.02378	0.01813	0.02124	0.03371	0.37110	0.07653	0.01221	0.01701	0.01032	0.03986	0.00884	0.00706	0.01064	0.00203	0.30507	0.00592	0.00292	0.00687
83	0.01441	0.77639	0.06242	0.00961	0.01443	0.02117	0.00982	0.01637	0.01110	0.01303	0.00768	0.00887	0.00699	0.00469	0.00357	0.00119	0.00593	0.00297	0.00233	0.00704
84	0.42007	0.01032	0.02493	0.00862	0.01188	0.01081	0.00718	0.01659	0.03530	0.11200	0.06666	0.01452	0.01149	0.00626	0.00553	0.00164	0.07999	0.01902	0.00394	0.13325
85	0.05700	0.01640	0.01530	0.01236	0.01625	0.14619	0.00996	0.50364	0.11989	0.02885	0.01324	0.01330	0.00970	0.00643	0.00528	0.00163	0.00635	0.00475	0.00493	0.00854
86	0.01037	0.00960	0.03234	0.00978	0.01277	0.02327	0.04848	0.01375	0.08307	0.01691	0.05090	0.23221	0.01845	0.00877	0.00630	0.00155	0.06315	0.00751	0.00396	0.34686
87	0.49454	0.01263	0.11957	0.00883	0.01307	0.01094	0.00829	0.01739	0.01096	0.13712	0.03579	0.01201	0.00893	0.00544	0.00412	0.00161	0.00476	0.00375	0.00381	0.08645
88	0.01658	0.01166	0.01288	0.01100	0.01446	0.01287	0.00872	0.11697	0.52718	0.17296	0.02095	0.01911	0.01513	0.00717	0.00552	0.00179	0.00458	0.00588	0.00577	0.00884
89	0.07815	0.01022	0.01147	0.00907	0.01287	0.00952	0.00719	0.19239	0.01465	0.05610	0.01442	0.14959	0.01330	0.00711	0.00490	0.00136	0.00440	0.00584	0.00425	0.39321
90	0.01315	0.01526	0.10858	0.05418	0.03389	0.01390	0.41749	0.07406	0.01291	0.03091	0.01052	0.01371	0.00807	0.00562	0.00779	0.00184	0.12822	0.00556	0.00293	0.04141
91	0.01417	0.01613	0.02811	0.02067	0.02556	0.13094	0.58471	0.05114	0.01376	0.01749	0.01132	0.03851	0.00899	0.00523	0.00618	0.00177	0.00896	0.00620	0.00296	0.00719
92	0.00968	0.00685	0.00801	0.03781	0.00926	0.00713	0.00522	0.12168	0.01128	0.01504	0.01908	0.19933	0.02128	0.48291	0.01896	0.00393	0.00501	0.00900	0.00398	0.00456
93	0.20355	0.04720	0.01718	0.30153	0.04748	0.01354	0.10665	0.01517	0.01048	0.03225	0.00909	0.01258	0.00722	0.00595	0.00722	0.00185	0.14740	0.00453	0.00277	0.00636
94	0.01030	0.00969	0.01635	0.79530	0.03755	0.01211	0.01514	0.01393	0.01090	0.01393	0.00969	0.01453	0.00727	0.00545	0.00545	0.00182	0.00727	0.00484	0.00242	0.00606
95	0.00755	0.00542	0.00697	0.00791	0.00849	0.00523	0.00540	0.05584	0.01142	0.01523	0.02896	0.75381	0.03433	0.01640	0.00686	0.00218	0.00335	0.01482	0.00509	0.00474
96	0.00722	0.00552	0.00782	0.12709	0.01236	0.00562	0.00654	0.00857	0.01050	0.01387	0.02723	0.65300	0.04707	0.03151	0.00715	0.00221	0.00382	0.01364	0.00462	0.00466
97	0.02194	0.00953	0.01250	0.00952	0.01378	0.00824	0.00782	0.05736	0.01540	0.61286	0.03535	0.01768	0.01329	0.00642	0.00528	0.00155	0.00457	0.00521	0.00614	0.13556
98	0.00687	0.00493	0.00645	0.00749	0.00793	0.00457	0.00498	0.00780	0.01029	0.01381	0.02855	0.72813	0.03409	0.07060	0.00829	0.00238	0.00333	0.01461	0.00488	0.02999
99	0.00875	0.00535	0.00681	0.00727	0.00786	0.00504	0.00478	0.00951	0.01013	0.08577	0.02514	0.48539	0.02874	0.26757	0.01342	0.00314	0.00398	0.01214	0.00466	0.00453
100	0.02080	0.01415	0.01553	0.01195	0.01616	0.01535	0.00982	0.63552	0.02373	0.13190	0.01433	0.01454	0.01017	0.03257	0.00618	0.00176	0.00580	0.00508	0.00556	0.00908
101	0.01016	0.00508	0.00508	0.00508	0.00635	0.00508	0.00381	0.01270	0.01143	0.02033	0.01778	0.02033	0.01397	0.00635	0.00381	0.00127	0.00254	0.00508	0.83867	0.00508
102	0.00793	0.00529	0.00595	0.00595	0.00595	0.00529	0.00330	0.00793	0.00793	0.01057	0.01718	0.03568	0.01982	0.80840	0.02775	0.00529	0.00529	0.00793	0.00330	0.00330
103	0.01625	0.01176	0.01291	0.01057	0.01368	0.01274	0.00846	0.49514	0.02081	0.02831	0.08834	0.11034	0.01779	0.04460	0.00668	0.00187	0.00506	0.02667	0.06039	0.00765
104	0.01622	0.01128	0.01253	0.01083	0.01420	0.01243	0.00855	0.05110	0.57434	0.19178	0.02175	0.01972	0.01571	0.00723	0.00553	0.00181	0.00444	0.00597	0.00581	0.00879
105	0.00720	0.00553	0.00659	0.00637	0.00784	0.00492	0.00476	0.00927	0.01414	0.01891	0.47708	0.06858	0.32440	0.01234	0.00645	0.00178	0.00266	0.01066	0.00562	0.00492
106	0.00685	0.00489	0.00656	0.00782	0.00823	0.00460	0.00542	0.00794	0.01064	0.01415	0.02994	0.73392	0.03561	0.01689	0.00701	0.00224	0.00334	0.08440	0.00506	0.00448
107	0.01249	0.01391	0.02956	0.13951	0.04686	0.01352	0.62643	0.01691	0.01256	0.01694	0.01081	0.01465	0.00813	0.00473	0.00626	0.00183	0.00884	0.00616	0.00271	0.00719
108	0.01766	0.01141	0.01286	0.01021	0.01378	0.01184	0.00831	0.40723	0.02040	0.17470	0.11594	0.02359	0.13118	0.00826	0.00573	0.00169	0.00481	0.00664	0.00571	0.00805
109	0.01269	0.01052	0.01154	0.01078	0.01348	0.01194	0.00854	0.02522	0.60028	0.03285	0.02357	0.05184	0.01974	0.00901	0.00593	0.00197	0.00441	0.13235	0.00546	0.00789
110	0.02446	0.00928	0.01265	0.00970	0.01392	0.00801	0.00801	0.02657	0.01560	0.77817	0.02151	0.01856	0.01350	0.00675	0.00548	0.00169	0.00464	0.00548	0.00675	0.00928
111	0.02051	0.01566	0.01621	0.01257	0.01683	0.05171	0.01032	0.70315	0.04525	0.03309	0.01312	0.01314	0.00937	0.00653	0.00543	0.00163	0.00613	0.00488	0.00534	0.00912
112	0.78709	0.01097	0.02920	0.00751	0.01105	0.01205	0.00639	0.01653	0.00962	0.05827	0.00828	0.00937	0.00627	0.00514	0.00352	0.00169	0.00434	0.00310	0.00350	0.00611
113	0.00791	0.00538	0.00703	0.00765	0.00860	0.00498	0.00559	0.00947	0.01211	0.05034	0.17810	0.45305	0.10771	0.01488	0.00681	0.00209	0.00331	0.10477	0.00532	0.00488
114	0.08959	0.00604	0.00753	0.00795	0.00918	0.00578	0.00571	0.01140	0.01118	0.13102	0.02657	0.58544	0.02960	0.01430	0.00641	0.00209	0.00355	0.03619	0.00515	0.00532
115	0.01093	0.02820	0.78016	0.01554	0.02360	0.01266	0.02014	0.01727	0.01151	0.01727	0.00978	0.01151	0.00691	0.00518	0.00518	0.00173	0.00806	0.00403	0.00230	0.00806
116	0.01154	0.00863	0.01052	0.12900	0.01552	0.07146	0.00918	0.01389	0.01278	0.10770	0.02577	0.08669	0.08901	0.01182	0.00662	0.00214	0.00541	0.37194	0.00466	0.00573
117	0.01981	0.10095	0.01670	0.01359	0.01658	0.71353	0.01042	0.02125	0.01503	0.01329	0.00835	0.00973	0.00702	0.00553	0.00478	0.00138	0.00945	0.00345	0.00276	0.00638
118	0.01057	0.00916	0.00914	0.00924	0.01066	0.11016	0.00697	0.09598	0.01361	0.01712	0.07969	0.35701	0.06701	0.03805	0.00720	0.00213	0.00471	0.14140	0.00481	0.00537
119	0.00794	0.00681	0.00716	0.00811	0.00874	0.07906	0.00554	0.00895	0.01101	0.01390	0.02912	0.69505	0.06650	0.01584	0.00674	0.00212	0.00378	0.01417	0.00485	0.00462

[dist]
# distance from previous block
# <min> <max>
0	1

[block]
# block no. 7 follows, 44 sequences, length 32
# corresponding to MSA columns:
# 363-394
name=unknown_H
#
# <colnr> <probs for GDERKNQSTAVLIFYWHMCP>
#	G	D	E	R	K	N	Q	S	T	A	V	L	I	F	Y	W	H	M	C	P
0	0.06094	0.19500	0.50591	0.01347	0.02012	0.01425	0.03293	0.01708	0.01137	0.04255	0.00975	0.01137	0.00733	0.00618	0.02838	0.00182	0.00746	0.00388	0.00255	0.00763
1	0.01117	0.05301	0.04746	0.05243	0.11256	0.01126	0.33727	0.01426	0.01155	0.01561	0.01469	0.13031	0.01433	0.11869	0.00914	0.00232	0.00705	0.02729	0.00316	0.00642
2	0.00695	0.00548	0.00632	0.00662	0.00804	0.00485	0.00500	0.00857	0.01256	0.01588	0.15861	0.18234	0.44618	0.01411	0.00666	0.00196	0.00307	0.09690	0.00520	0.00470
3	0.04336	0.06798	0.01309	0.08538	0.04064	0.01082	0.00889	0.16862	0.04223	0.13077	0.06399	0.02595	0.06062	0.00920	0.01879	0.02734	0.00517	0.11941	0.05081	0.00694
4	0.12996	0.17223	0.49514	0.01280	0.01926	0.01395	0.01543	0.01660	0.01129	0.01765	0.04263	0.01190	0.00874	0.00533	0.00466	0.00161	0.00685	0.00392	0.00262	0.00742
5	0.01349	0.00992	0.01181	0.00870	0.01325	0.00811	0.00701	0.03622	0.03833	0.12417	0.01179	0.01269	0.00913	0.00475	0.00471	0.00103	0.02579	0.00373	0.00384	0.65153
6	0.00860	0.00623	0.00771	0.00824	0.00915	0.00617	0.00578	0.11186	0.01259	0.01678	0.02818	0.67984	0.04675	0.01555	0.00674	0.00213	0.00355	0.01395	0.00512	0.00511
7	0.03901	0.01607	0.20107	0.01508	0.12215	0.04015	0.03760	0.18291	0.09592	0.02199	0.03949	0.05103	0.03828	0.00677	0.00535	0.00169	0.00597	0.00563	0.06612	0.00773
8	0.12537	0.05101	0.14416	0.13813	0.18137	0.08084	0.06158	0.06290	0.02400	0.06552	0.01055	0.01265	0.00800	0.00533	0.00505	0.00166	0.00683	0.00442	0.00314	0.00750
9	0.00823	0.00591	0.00813	0.00934	0.01042	0.00581	0.00781	0.01036	0.01209	0.01574	0.03007	0.22326	0.05903	0.01546	0.00737	0.00242	0.00453	0.55412	0.00503	0.00488
10	0.01207	0.00678	0.00860	0.00811	0.00998	0.00630	0.00606	0.05236	0.03074	0.20488	0.14065	0.35458	0.11179	0.01251	0.00635	0.00193	0.00357	0.01098	0.00565	0.00610
11	0.01130	0.00969	0.01130	0.00807	0.01292	0.00727	0.00646	0.01373	0.01130	0.01776	0.00969	0.01130	0.00807	0.00404	0.00404	0.00081	0.00404	0.00323	0.00323	0.84173
12	0.01084	0.01097	0.02053	0.41905	0.03041	0.01174	0.26860	0.01456	0.01186	0.01560	0.03996	0.01823	0.06615	0.00593	0.00585	0.00179	0.00733	0.00601	0.00288	0.03169
13	0.00679	0.00486	0.00646	0.00749	0.00794	0.00453	0.00507	0.00797	0.01113	0.01502	0.13332	0.69842	0.03820	0.01625	0.00688	0.00214	0.00308	0.01471	0.00519	0.00453
14	0.00665	0.00488	0.00625	0.00728	0.00784	0.00448	0.00494	0.00772	0.01089	0.01431	0.05926	0.67356	0.13912	0.01642	0.00687	0.00214	0.00309	0.01475	0.00509	0.00448
15	0.25755	0.01120	0.05264	0.23086	0.05976	0.01136	0.03574	0.04294	0.02438	0.17430	0.02929	0.01417	0.00949	0.00593	0.00513	0.01417	0.00567	0.00457	0.00384	0.00702
16	0.03540	0.00526	0.00522	0.00519	0.00646	0.00531	0.00385	0.01253	0.01117	0.01990	0.01744	0.02085	0.01406	0.05169	0.00515	0.00151	0.00275	0.00518	0.76609	0.00501
17	0.02638	0.00573	0.00713	0.00746	0.00855	0.00532	0.00530	0.01043	0.01109	0.10654	0.03010	0.40641	0.13720	0.14010	0.00996	0.00259	0.00378	0.06604	0.00495	0.00494
18	0.02033	0.01335	0.01492	0.01157	0.01570	0.01419	0.00949	0.55036	0.02239	0.17474	0.01555	0.05904	0.01156	0.00710	0.00550	0.00165	0.00551	0.00557	0.00561	0.03587
19	0.00901	0.00684	0.00837	0.00855	0.01016	0.00682	0.00687	0.05036	0.08883	0.01846	0.18162	0.13321	0.16548	0.01307	0.00674	0.00209	0.00389	0.26885	0.00530	0.00548
20	0.00747	0.00551	0.00679	0.00707	0.00814	0.00512	0.00525	0.00913	0.01239	0.01642	0.25811	0.16527	0.20484	0.12967	0.00981	0.00248	0.00352	0.13332	0.00508	0.00462
21	0.61381	0.00960	0.00826	0.00724	0.01044	0.01064	0.00591	0.01706	0.01047	0.13070	0.01098	0.01183	0.00810	0.00548	0.00373	0.00163	0.00404	0.00361	0.12019	0.00627
22	0.03686	0.12428	0.04722	0.20142	0.18451	0.01447	0.11922	0.12128	0.01374	0.05207	0.01060	0.01319	0.00817	0.00538	0.00553	0.00166	0.02489	0.00476	0.00316	0.00758
23	0.01340	0.01302	0.02143	0.10113	0.68769	0.03406	0.01642	0.01662	0.01236	0.01734	0.01015	0.01349	0.00847	0.00493	0.00539	0.00163	0.00664	0.00482	0.00268	0.00834
24	0.00840	0.00576	0.00662	0.00657	0.00691	0.00582	0.00402	0.04666	0.00927	0.01237	0.01929	0.12560	0.03843	0.62868	0.04936	0.00477	0.00533	0.00868	0.00365	0.00383
25	0.73028	0.00973	0.00789	0.00716	0.01006	0.01119	0.00574	0.01478	0.00897	0.02237	0.00785	0.00993	0.00640	0.00699	0.00587	0.11864	0.00429	0.00320	0.00323	0.00541
26	0.01053	0.00667	0.01107	0.00959	0.01059	0.00663	0.10946	0.04730	0.00886	0.01187	0.00987	0.01613	0.00929	0.01630	0.01842	0.68101	0.00542	0.00498	0.00258	0.00342
27	0.01738	0.01229	0.01352	0.01078	0.01418	0.01315	0.00856	0.50406	0.02047	0.07040	0.01550	0.08863	0.01336	0.11907	0.00862	0.00216	0.00546	0.00624	0.00508	0.05107
28	0.01274	0.01723	0.22190	0.13378	0.43243	0.05393	0.01708	0.01675	0.01213	0.01689	0.00995	0.01292	0.00790	0.00507	0.00532	0.00166	0.00718	0.00456	0.00256	0.00800
29	0.00970	0.00578	0.00927	0.11936	0.01215	0.00609	0.03197	0.00843	0.00784	0.01038	0.00955	0.01622	0.00912	0.01653	0.01855	0.69356	0.00525	0.00481	0.00239	0.00306
30	0.00790	0.00576	0.00683	0.00714	0.00870	0.00515	0.00559	0.00959	0.01252	0.04912	0.09314	0.15706	0.41453	0.01406	0.00672	0.00203	0.00341	0.18063	0.00519	0.00492
31	0.26397	0.05417	0.31376	0.01271	0.04305	0.12026	0.02244	0.01764	0.01173	0.05240	0.03521	0.01177	0.00850	0.00544	0.00461	0.00164	0.00668	0.00391	0.00304	0.00709

[dist]
# distance from previous block
# <min> <max>
0	1

[block]
# block no. 8 follows, 44 sequences, length 34
# corresponding to MSA columns:
# 396-429
