[name]
unknown

[dist]
# distance from previous block
# <min> <max>
2	40

[block]
# block no. 0 follows, 43 sequences, length 59
# corresponding to MSA columns:
# 47-90,93-107
name=unknown_A
#
# <colnr> <probs for GDERKNQSTAVLIFYWHMCP>
#	G	D	E	R	K	N	Q	S	T	A	V	L	I	F	Y	W	H	M	C	P
0	0.01641	0.01295	0.01575	0.06051	0.12124	0.01410	0.01113	0.37996	0.10512	0.02645	0.01545	0.02026	0.01275	0.00745	0.00598	0.00178	0.02158	0.09523	0.00475	0.05117
1	0.00892	0.00615	0.00832	0.07547	0.01116	0.00590	0.00622	0.01133	0.01449	0.06699	0.52476	0.13174	0.08439	0.01143	0.00645	0.00182	0.00324	0.01009	0.00566	0.00545
2	0.01616	0.01631	0.01582	0.01696	0.17744	0.23045	0.01115	0.12101	0.21455	0.02004	0.01576	0.01653	0.04768	0.00751	0.02390	0.00185	0.02977	0.00526	0.00404	0.00783
3	0.00757	0.00538	0.00682	0.00715	0.00818	0.00489	0.00510	0.00925	0.01298	0.03557	0.31535	0.37539	0.15726	0.01428	0.00675	0.00198	0.00296	0.01268	0.00555	0.00492
4	0.03326	0.01138	0.01342	0.08889	0.06306	0.01233	0.00946	0.35830	0.04726	0.02522	0.06171	0.12649	0.10741	0.00903	0.00588	0.00180	0.00517	0.00752	0.00495	0.00749
5	0.00805	0.00537	0.00604	0.00604	0.00604	0.00537	0.00336	0.00805	0.00805	0.01074	0.01745	0.03624	0.02013	0.80536	0.02819	0.00537	0.00537	0.00805	0.00336	0.00336
6	0.01184	0.01078	0.01766	0.52882	0.21426	0.01249	0.01505	0.05832	0.01218	0.01616	0.01018	0.01451	0.00793	0.00602	0.00619	0.03614	0.00700	0.00492	0.00271	0.00683
7	0.00663	0.00527	0.00596	0.00652	0.00772	0.00460	0.00461	0.00785	0.01175	0.01461	0.04504	0.37696	0.45205	0.01546	0.00677	0.00203	0.00298	0.01344	0.00514	0.00460
8	0.01148	0.00984	0.01148	0.00820	0.01312	0.00738	0.00656	0.01395	0.01148	0.01805	0.00984	0.01148	0.00820	0.00410	0.00410	0.00082	0.00410	0.00328	0.00328	0.83922
9	0.00791	0.00593	0.00890	0.00890	0.00989	0.00692	0.00692	0.00989	0.00890	0.01286	0.01483	0.02176	0.01385	0.04154	0.78341	0.00890	0.01483	0.00593	0.00297	0.00494
10	0.00867	0.00694	0.00843	0.00838	0.00918	0.05176	0.00609	0.01004	0.00909	0.01232	0.01555	0.04195	0.01573	0.25564	0.50699	0.00732	0.01162	0.00661	0.00312	0.00457
11	0.01378	0.01190	0.01252	0.01127	0.01440	0.01378	0.00877	0.02943	0.76081	0.02317	0.02254	0.02066	0.01691	0.00751	0.00564	0.00188	0.00438	0.00626	0.00564	0.00877
12	0.01295	0.01550	0.07858	0.01992	0.02397	0.04428	0.45781	0.01661	0.01175	0.01629	0.00987	0.01371	0.00793	0.00621	0.00977	0.00200	0.23736	0.00576	0.00266	0.00707
13	0.00962	0.00481	0.00722	0.00722	0.00722	0.00481	0.00481	0.00722	0.00722	0.00962	0.00962	0.01684	0.00962	0.01924	0.02165	0.83886	0.00481	0.00481	0.00241	0.00241
14	0.84448	0.01071	0.00814	0.00728	0.01071	0.01242	0.00600	0.01628	0.00943	0.02485	0.00771	0.00900	0.00600	0.00514	0.00343	0.00171	0.00428	0.00300	0.00343	0.00600
15	0.01295	0.01577	0.07763	0.02289	0.02864	0.01394	0.70658	0.01773	0.01299	0.01773	0.01113	0.01474	0.00832	0.00470	0.00646	0.00186	0.00927	0.00639	0.00277	0.00751
16	0.02031	0.01712	0.01681	0.03035	0.01778	0.14714	0.02598	0.57342	0.02313	0.02978	0.01218	0.01276	0.00890	0.00652	0.00587	0.00165	0.03198	0.00477	0.00486	0.00869
17	0.00676	0.00490	0.00638	0.00752	0.00799	0.00453	0.00507	0.00779	0.01089	0.01439	0.04971	0.72331	0.09645	0.01694	0.00701	0.00221	0.00317	0.01528	0.00516	0.00453
18	0.00702	0.00505	0.00669	0.00770	0.00825	0.00471	0.00535	0.00831	0.01148	0.01541	0.13246	0.63539	0.05673	0.01632	0.00702	0.00219	0.00323	0.05678	0.00527	0.00464
19	0.00732	0.00564	0.00669	0.00643	0.00796	0.00501	0.00482	0.00946	0.01446	0.01933	0.48467	0.04612	0.33728	0.01240	0.00654	0.00179	0.00269	0.01068	0.00572	0.00501
20	0.01417	0.00781	0.00848	0.00732	0.00966	0.00791	0.00578	0.16070	0.01509	0.12413	0.01985	0.02086	0.05724	0.00699	0.00459	0.00145	0.00357	0.00556	0.51228	0.00655
21	0.84448	0.01071	0.00814	0.00728	0.01071	0.01242	0.00600	0.01628	0.00943	0.02485	0.00771	0.00900	0.00600	0.00514	0.00343	0.00171	0.00428	0.00300	0.00343	0.00600
22	0.02105	0.01551	0.01662	0.01274	0.01717	0.01717	0.01053	0.75235	0.02604	0.03490	0.01330	0.01330	0.00942	0.00665	0.00554	0.00166	0.00609	0.00499	0.00554	0.00942
23	0.01363	0.21980	0.43658	0.01335	0.03463	0.01412	0.01527	0.01809	0.01234	0.11150	0.05233	0.01355	0.01039	0.00566	0.00495	0.00160	0.00685	0.00434	0.00313	0.00792
24	0.01392	0.00995	0.01225	0.06806	0.01532	0.00825	0.00763	0.03477	0.02665	0.14477	0.01218	0.01318	0.00926	0.00480	0.00452	0.00109	0.00451	0.00389	0.00392	0.60111
25	0.09576	0.00726	0.00876	0.00808	0.01020	0.00698	0.00619	0.03888	0.03020	0.18654	0.23320	0.22323	0.08449	0.01127	0.00611	0.00189	0.00362	0.02547	0.00564	0.00622
26	0.00677	0.00487	0.00642	0.00761	0.00802	0.00452	0.00511	0.00779	0.01081	0.01437	0.04982	0.75417	0.06509	0.01707	0.00704	0.00222	0.00318	0.01545	0.00516	0.00452
27	0.84448	0.01071	0.00814	0.00728	0.01071	0.01242	0.00600	0.01628	0.00943	0.02485	0.00771	0.00900	0.00600	0.00514	0.00343	0.00171	0.00428	0.00300	0.00343	0.00600
28	0.04401	0.01460	0.01529	0.01202	0.01611	0.05829	0.00980	0.55088	0.02278	0.13694	0.01494	0.05307	0.01116	0.00712	0.00553	0.00169	0.00592	0.00547	0.00550	0.00891
29	0.13142	0.00567	0.00735	0.00722	0.00772	0.00592	0.00498	0.00854	0.00754	0.01184	0.00934	0.01569	0.00909	0.01718	0.01899	0.71673	0.00473	0.00455	0.00255	0.00293
30	0.01886	0.07328	0.01565	0.01318	0.01605	0.62898	0.01005	0.02118	0.05733	0.01460	0.05470	0.01332	0.02727	0.00626	0.00506	0.00147	0.00882	0.00424	0.00322	0.00649
31	0.00781	0.00564	0.00737	0.00699	0.00827	0.00520	0.00522	0.01037	0.01553	0.02198	0.74650	0.06343	0.05180	0.01150	0.00655	0.00176	0.00263	0.01018	0.00607	0.00520
32	0.01396	0.01358	0.06547	0.05617	0.64243	0.01267	0.01646	0.01737	0.01269	0.06052	0.01146	0.01506	0.00944	0.00533	0.00553	0.00168	0.00656	0.02202	0.00300	0.00860
33	0.01314	0.01328	0.02477	0.07224	0.48528	0.01312	0.23743	0.01680	0.01261	0.01766	0.01119	0.03629	0.00937	0.00524	0.00585	0.00174	0.00736	0.00572	0.00281	0.00811
34	0.81920	0.01067	0.00829	0.00736	0.01082	0.01229	0.00606	0.01661	0.00962	0.04798	0.00815	0.00930	0.00624	0.00519	0.00349	0.00171	0.00430	0.00308	0.00353	0.00610
35	0.00759	0.00608	0.00950	0.00937	0.01041	0.00567	0.09065	0.00911	0.01133	0.01522	0.09343	0.61485	0.04970	0.02989	0.00734	0.00221	0.00389	0.01396	0.00492	0.00489
36	0.03430	0.00727	0.01019	0.05492	0.01245	0.00713	0.04799	0.06275	0.01254	0.10555	0.06727	0.43860	0.02675	0.01313	0.00730	0.04916	0.00427	0.01110	0.00490	0.02243
37	0.00687	0.00491	0.00657	0.00785	0.00823	0.00460	0.00535	0.00792	0.01072	0.01428	0.03046	0.76010	0.03636	0.01724	0.00710	0.00227	0.00332	0.05619	0.00514	0.00453
38	0.03228	0.01366	0.01671	0.04699	0.19126	0.02897	0.01170	0.39329	0.07479	0.04388	0.03533	0.01764	0.01225	0.00687	0.00564	0.00173	0.00598	0.04771	0.00471	0.00861
39	0.01148	0.00984	0.01148	0.00820	0.01312	0.00738	0.00656	0.01395	0.01148	0.01805	0.00984	0.01148	0.00820	0.00410	0.00410	0.00082	0.00410	0.00328	0.00328	0.83922
40	0.01206	0.00907	0.01096	0.09863	0.01403	0.00967	0.00768	0.22360	0.03471	0.02296	0.30926	0.02935	0.05113	0.13149	0.00944	0.00230	0.00463	0.00765	0.00506	0.00631
41	0.01246	0.01288	0.01916	0.01573	0.01671	0.04165	0.12910	0.01420	0.00944	0.01398	0.00818	0.01306	0.00775	0.02744	0.01613	0.00237	0.62588	0.00515	0.00252	0.00623
42	0.01227	0.01953	0.29485	0.03809	0.02666	0.01371	0.43718	0.01736	0.01230	0.01736	0.01052	0.01364	0.00783	0.00516	0.00666	0.00186	0.04924	0.00555	0.00261	0.00762
43	0.66255	0.13698	0.05919	0.00816	0.01208	0.01394	0.00744	0.01641	0.00985	0.02254	0.00785	0.00915	0.00624	0.00509	0.00356	0.00163	0.00478	0.00306	0.00319	0.00631
44	0.01561	0.37842	0.21771	0.01233	0.01758	0.15500	0.01264	0.10106	0.01383	0.01676	0.00906	0.01030	0.00735	0.00526	0.00448	0.00143	0.00725	0.00359	0.00281	0.00752
45	0.01279	0.04891	0.48962	0.01581	0.02258	0.01286	0.14240	0.05912	0.01321	0.06587	0.05528	0.01442	0.01045	0.00567	0.00553	0.00175	0.00765	0.00496	0.00310	0.00800
46	0.00675	0.00482	0.00643	0.00771	0.00803	0.00450	0.00514	0.00771	0.01060	0.01414	0.03053	0.80175	0.03663	0.01735	0.00707	0.00225	0.00321	0.01574	0.00514	0.00450
47	0.00685	0.00561	0.00595	0.00587	0.00755	0.00481	0.00435	0.00840	0.01294	0.01605	0.18114	0.05033	0.60384	0.05264	0.00761	0.00202	0.00290	0.01121	0.00522	0.00471
48	0.00962	0.00481	0.00722	0.00722	0.00722	0.00481	0.00481	0.00722	0.00722	0.00962	0.00962	0.01684	0.00962	0.01924	0.02165	0.83886	0.00481	0.00481	0.00241	0.00241
49	0.04864	0.01182	0.05776	0.08417	0.01634	0.01198	0.05097	0.25856	0.06292	0.02379	0.01462	0.03916	0.01164	0.02609	0.03843	0.00205	0.02796	0.00547	0.20046	0.00718
50	0.73150	0.01032	0.00847	0.00747	0.01084	0.01167	0.00612	0.01678	0.01029	0.08335	0.05322	0.01166	0.00930	0.00564	0.00378	0.00172	0.00422	0.00361	0.00385	0.00622
51	0.01598	0.03135	0.01625	0.14527	0.05121	0.01452	0.04403	0.34642	0.16674	0.02563	0.01527	0.05957	0.01206	0.00703	0.00561	0.00176	0.00590	0.00586	0.02135	0.00821
52	0.00726	0.00568	0.00659	0.00652	0.00802	0.00508	0.00483	0.00942	0.02911	0.01810	0.35265	0.12580	0.37479	0.01310	0.00658	0.00186	0.00280	0.01130	0.00555	0.00497
53	0.03856	0.04015	0.03129	0.01158	0.01600	0.01442	0.00973	0.45098	0.07166	0.17917	0.01501	0.01450	0.01049	0.00644	0.00533	0.00162	0.00556	0.00494	0.00543	0.06714
54	0.00791	0.00579	0.00744	0.00700	0.00837	0.00538	0.00526	0.01075	0.03145	0.02192	0.72152	0.04144	0.08216	0.01136	0.00651	0.00175	0.00266	0.01001	0.00605	0.00528
55	0.01392	0.01105	0.01225	0.00909	0.01370	0.03841	0.00730	0.11432	0.01402	0.07432	0.02716	0.01352	0.02281	0.00502	0.00453	0.00106	0.00459	0.00397	0.00391	0.60504
56	0.03439	0.05649	0.05769	0.01121	0.06863	0.02964	0.00879	0.12068	0.05534	0.14375	0.03189	0.01896	0.08556	0.00667	0.00503	0.00148	0.00486	0.00535	0.09014	0.16345
57	0.54997	0.04214	0.04462	0.07184	0.01455	0.01286	0.02439	0.02950	0.03364	0.05316	0.02810	0.01152	0.00818	0.00573	0.00485	0.00175	0.04945	0.00380	0.00350	0.00645
58	0.00805	0.00540	0.00622	0.00622	0.00628	0.00547	0.00358	0.00817	0.00811	0.01087	0.01729	0.03533	0.01974	0.75745	0.07556	0.00559	0.00596	0.00792	0.00333	0.00346

[dist]
# distance from previous block
# <min> <max>
0	1

[block]
# block no. 1 follows, 43 sequences, length 34
# corresponding to MSA columns:
# 109-142
name=unknown_B
#
# <colnr> <probs for GDERKNQSTAVLIFYWHMCP>
#	G	D	E	R	K	N	Q	S	T	A	V	L	I	F	Y	W	H	M	C	P
0	0.05985	0.05886	0.14032	0.03130	0.05291	0.07689	0.11437	0.18618	0.13391	0.03448	0.01291	0.01396	0.00966	0.00587	0.00531	0.00167	0.00672	0.00490	0.02275	0.02716
1	0.01287	0.00810	0.00841	0.00748	0.00960	0.00867	0.00581	0.16396	0.10828	0.02361	0.01765	0.01953	0.01371	0.02501	0.00499	0.00153	0.00358	0.00533	0.54545	0.00643
2	0.04987	0.10721	0.55542	0.01520	0.02237	0.01368	0.08924	0.01785	0.01187	0.05301	0.01029	0.01193	0.00743	0.00522	0.00514	0.00170	0.00772	0.00423	0.00265	0.00796
3	0.00791	0.00593	0.00890	0.00890	0.00989	0.00692	0.00692	0.00989	0.00890	0.01286	0.01483	0.02176	0.01385	0.04154	0.78341	0.00890	0.01483	0.00593	0.00297	0.00494
4	0.01825	0.01622	0.01532	0.08497	0.05242	0.19512	0.01055	0.37402	0.04828	0.02526	0.01259	0.01372	0.00945	0.00626	0.00524	0.00159	0.00672	0.00471	0.09140	0.00791
5	0.00791	0.00593	0.00890	0.00890	0.00989	0.00692	0.00692	0.00989	0.00890	0.01286	0.01483	0.02176	0.01385	0.04154	0.78341	0.00890	0.01483	0.00593	0.00297	0.00494
6	0.00827	0.00616	0.00894	0.00880	0.00978	0.00718	0.00686	0.01029	0.00945	0.01394	0.05788	0.02235	0.01576	0.03593	0.65004	0.00767	0.04990	0.00606	0.05970	0.00503
7	0.00762	0.00549	0.00721	0.00712	0.00823	0.00508	0.00521	0.00991	0.01467	0.02061	0.62151	0.19232	0.04915	0.01252	0.00664	0.00184	0.00273	0.01115	0.00591	0.00508
8	0.00784	0.00566	0.00740	0.00697	0.00827	0.00523	0.00523	0.01045	0.01568	0.02221	0.76789	0.04137	0.05226	0.01132	0.00653	0.00174	0.00261	0.01002	0.00610	0.00523
9	0.01518	0.75939	0.02818	0.00978	0.01440	0.06989	0.00955	0.01693	0.01153	0.01306	0.00775	0.00895	0.00711	0.00480	0.00364	0.00120	0.00618	0.00300	0.00240	0.00706
10	0.01481	0.80869	0.02902	0.00948	0.01421	0.02191	0.00948	0.01658	0.01125	0.01303	0.00770	0.00888	0.00711	0.00474	0.00355	0.00118	0.00592	0.00296	0.00237	0.00711
11	0.04703	0.13479	0.07819	0.11263	0.09924	0.15174	0.03403	0.09491	0.03426	0.06894	0.01169	0.04958	0.00966	0.00633	0.00574	0.00166	0.04390	0.00489	0.00341	0.00737
12	0.01164	0.01079	0.01796	0.34867	0.36751	0.01182	0.01461	0.01468	0.01140	0.01552	0.01106	0.01697	0.00961	0.10544	0.00835	0.00220	0.00677	0.00532	0.00270	0.00699
13	0.01967	0.02432	0.01590	0.05940	0.04323	0.67256	0.01112	0.03873	0.03783	0.01452	0.00922	0.01078	0.00755	0.00575	0.00507	0.00148	0.00947	0.00380	0.00297	0.00662
14	0.05647	0.00612	0.00738	0.00691	0.00858	0.00567	0.00524	0.01115	0.01461	0.06203	0.52899	0.06135	0.18212	0.01140	0.00632	0.00178	0.00288	0.00984	0.00578	0.00538
15	0.00680	0.00493	0.00643	0.00752	0.00801	0.00456	0.00508	0.00790	0.01105	0.01469	0.07747	0.70430	0.08729	0.01676	0.00700	0.00219	0.00315	0.01512	0.00520	0.00456
16	0.01068	0.01007	0.01701	0.74057	0.08790	0.01236	0.01549	0.01434	0.01118	0.01442	0.00988	0.01469	0.00748	0.00550	0.00553	0.00183	0.00733	0.00492	0.00248	0.00633
17	0.01226	0.00772	0.01016	0.07363	0.01212	0.00833	0.00702	0.16831	0.03217	0.01579	0.01078	0.01601	0.00959	0.01508	0.01641	0.56687	0.00529	0.00490	0.00317	0.00439
18	0.01111	0.02865	0.77667	0.01579	0.02397	0.01286	0.02046	0.01754	0.01169	0.01754	0.00994	0.01169	0.00702	0.00526	0.00526	0.00175	0.00818	0.00409	0.00234	0.00818
19	0.03591	0.00864	0.01114	0.01009	0.02751	0.00833	0.00805	0.09745	0.01503	0.31447	0.07281	0.03372	0.02145	0.09301	0.00854	0.00233	0.00493	0.21380	0.00563	0.00718
20	0.84448	0.01071	0.00814	0.00728	0.01071	0.01242	0.00600	0.01628	0.00943	0.02485	0.00771	0.00900	0.00600	0.00514	0.00343	0.00171	0.00428	0.00300	0.00343	0.00600
21	0.01468	0.01632	0.13424	0.02267	0.34593	0.10476	0.04934	0.06757	0.01398	0.06179	0.01329	0.01915	0.01140	0.00654	0.00571	0.00176	0.00704	0.09245	0.00341	0.00798
22	0.01299	0.01326	0.05436	0.17495	0.52284	0.02646	0.01596	0.01685	0.03797	0.01741	0.01064	0.01389	0.00865	0.00513	0.00541	0.00165	0.00667	0.00484	0.00280	0.04725
23	0.01075	0.01019	0.01692	0.69013	0.07049	0.01274	0.01518	0.01421	0.01092	0.01427	0.00965	0.01449	0.00744	0.00586	0.00661	0.00189	0.07459	0.00492	0.00247	0.00627
24	0.01309	0.01356	0.04800	0.13092	0.47804	0.08259	0.01473	0.01612	0.01252	0.01686	0.05406	0.01655	0.01163	0.05982	0.00704	0.00191	0.00675	0.00528	0.00293	0.00761
25	0.00698	0.00498	0.00659	0.00766	0.00810	0.00467	0.00521	0.00812	0.01107	0.01487	0.10106	0.67378	0.03734	0.04685	0.00785	0.00233	0.00330	0.03955	0.00516	0.00455
26	0.01181	0.00803	0.00983	0.03875	0.01176	0.00813	0.00695	0.16350	0.03212	0.08458	0.25026	0.26245	0.06602	0.01163	0.00635	0.00189	0.00391	0.01014	0.00556	0.00630
27	0.00688	0.00496	0.00652	0.00752	0.00804	0.00460	0.00511	0.00808	0.01136	0.01523	0.12772	0.66899	0.07164	0.01642	0.00698	0.00217	0.00312	0.01482	0.00527	0.00460
28	0.01193	0.01016	0.01186	0.00858	0.01335	0.00808	0.00689	0.04706	0.01206	0.01867	0.00993	0.01158	0.00823	0.00437	0.00455	0.00090	0.02586	0.00340	0.00336	0.77917
29	0.01266	0.20361	0.40978	0.01552	0.03989	0.04160	0.11461	0.01722	0.01179	0.01623	0.00944	0.01149	0.00731	0.00524	0.00559	0.00163	0.04321	0.00418	0.00246	0.02653
30	0.50835	0.01198	0.05108	0.00879	0.01213	0.04794	0.00742	0.02937	0.11833	0.04345	0.03738	0.06613	0.01167	0.00664	0.00437	0.00176	0.00466	0.00478	0.01724	0.00654
31	0.00714	0.00537	0.00650	0.00674	0.00784	0.00485	0.00479	0.00874	0.01279	0.01694	0.28925	0.27781	0.25640	0.05950	0.00794	0.00214	0.00301	0.01215	0.00537	0.00473
32	0.01391	0.01579	0.12793	0.06278	0.11826	0.04418	0.27881	0.06097	0.09179	0.05445	0.01294	0.03305	0.01000	0.00566	0.00581	0.00175	0.00744	0.00569	0.00343	0.04536
33	0.15693	0.33513	0.15670	0.01073	0.01521	0.07212	0.01075	0.04456	0.01201	0.01727	0.04576	0.01289	0.03527	0.00594	0.00505	0.00153	0.04824	0.00403	0.00298	0.00692

[dist]
# distance from previous block
# <min> <max>
0	1

[block]
# block no. 2 follows, 43 sequences, length 15
# corresponding to MSA columns:
# 144-158
name=unknown_C
#
# <colnr> <probs for GDERKNQSTAVLIFYWHMCP>
#	G	D	E	R	K	N	Q	S	T	A	V	L	I	F	Y	W	H	M	C	P
0	0.84448	0.01071	0.00814	0.00728	0.01071	0.01242	0.00600	0.01628	0.00943	0.02485	0.00771	0.00900	0.00600	0.00514	0.00343	0.00171	0.00428	0.00300	0.00343	0.00600
1	0.01480	0.17381	0.32277	0.01494	0.03975	0.01406	0.12563	0.01930	0.03088	0.15580	0.01214	0.01323	0.00877	0.00551	0.00549	0.00167	0.02545	0.00460	0.00334	0.00807
2	0.01230	0.00969	0.02968	0.01005	0.01270	0.00966	0.04063	0.13726	0.16759	0.05756	0.32555	0.05509	0.04612	0.00963	0.00620	0.00183	0.00424	0.05168	0.00560	0.00695
3	0.00821	0.00567	0.00725	0.00706	0.00839	0.00516	0.00521	0.01037	0.01443	0.05176	0.52223	0.17496	0.13345	0.01251	0.00659	0.00184	0.00283	0.01103	0.00585	0.00521
4	0.01163	0.08554	0.59399	0.01579	0.02278	0.01400	0.07624	0.01711	0.01148	0.01684	0.00963	0.01177	0.00715	0.00557	0.00638	0.00178	0.07780	0.00427	0.00238	0.00786
5	0.00709	0.00522	0.00640	0.00692	0.00770	0.00479	0.00473	0.00834	0.01166	0.01542	0.17686	0.40028	0.18639	0.12036	0.00967	0.00249	0.00330	0.01279	0.00509	0.00452
6	0.01135	0.01092	0.01628	0.27720	0.02214	0.01468	0.01282	0.01330	0.00933	0.01346	0.00843	0.01344	0.00757	0.00949	0.03480	0.03225	0.47926	0.00490	0.00245	0.00593
7	0.06037	0.76487	0.02787	0.00936	0.01402	0.02139	0.00929	0.01657	0.01115	0.01368	0.00770	0.00889	0.00705	0.00476	0.00355	0.00121	0.00583	0.00296	0.00243	0.00705
8	0.00832	0.00566	0.00730	0.00795	0.00852	0.00555	0.00542	0.06439	0.01116	0.01490	0.02554	0.59149	0.02983	0.05183	0.01005	0.12617	0.00376	0.01296	0.00469	0.00451
9	0.00962	0.00481	0.00722	0.00722	0.00722	0.00481	0.00481	0.00722	0.00722	0.00962	0.00962	0.01684	0.00962	0.01924	0.02165	0.83886	0.00481	0.00481	0.00241	0.00241
10	0.01312	0.01475	0.03150	0.02322	0.05412	0.01397	0.69485	0.01819	0.04365	0.01797	0.01164	0.01513	0.00876	0.00479	0.00646	0.00186	0.00904	0.00647	0.00292	0.00757
11	0.01494	0.16862	0.03407	0.01072	0.01423	0.06131	0.00899	0.10227	0.32968	0.06288	0.11732	0.01936	0.01790	0.00719	0.00529	0.00166	0.00509	0.00572	0.00487	0.00792
12	0.54659	0.01053	0.01003	0.00835	0.01210	0.01130	0.00689	0.05484	0.01225	0.26184	0.01244	0.01231	0.00859	0.00575	0.00420	0.00171	0.00451	0.00390	0.00461	0.00724
13	0.07569	0.09778	0.01631	0.01138	0.01564	0.03203	0.00949	0.42917	0.07716	0.12108	0.01382	0.01363	0.00994	0.00629	0.00512	0.00159	0.00564	0.00470	0.00507	0.04849
14	0.01386	0.40394	0.27825	0.01330	0.01925	0.01769	0.09140	0.07308	0.01272	0.01670	0.00924	0.01080	0.00739	0.00505	0.00459	0.00148	0.00705	0.00387	0.00265	0.00768

[dist]
# distance from previous block
# <min> <max>
0	2

[block]
# block no. 3 follows, 43 sequences, length 15
# corresponding to MSA columns:
# 161-175
name=unknown_D
#
# <colnr> <probs for GDERKNQSTAVLIFYWHMCP>
#	G	D	E	R	K	N	Q	S	T	A	V	L	I	F	Y	W	H	M	C	P
0	0.04217	0.03960	0.01328	0.01039	0.01416	0.08846	0.00840	0.05981	0.16149	0.42513	0.02136	0.01944	0.05682	0.00715	0.00545	0.00171	0.00517	0.00567	0.00580	0.00855
1	0.00672	0.00494	0.00630	0.00738	0.00795	0.00453	0.00499	0.00775	0.01092	0.01427	0.03455	0.68405	0.15173	0.01683	0.00699	0.00219	0.00315	0.01511	0.00514	0.00453
2	0.00967	0.00753	0.00881	0.00738	0.00981	0.00634	0.00528	0.01103	0.01007	0.01470	0.01512	0.06036	0.01589	0.34397	0.01462	0.00291	0.00466	0.04822	0.00350	0.40014
3	0.00924	0.00677	0.00770	0.00757	0.00838	0.00712	0.00499	0.03479	0.14410	0.01466	0.04039	0.16745	0.02284	0.46047	0.03648	0.00407	0.00498	0.00900	0.00421	0.00480
4	0.01186	0.01094	0.01757	0.54832	0.18688	0.01281	0.01506	0.05203	0.05906	0.01655	0.01093	0.01484	0.00837	0.00559	0.00553	0.00180	0.00697	0.00501	0.00287	0.00702
5	0.01985	0.01710	0.10866	0.01311	0.01800	0.01665	0.01173	0.66337	0.02430	0.03280	0.01289	0.01310	0.00913	0.00648	0.00551	0.00167	0.00635	0.00488	0.00515	0.00927
6	0.02465	0.00975	0.01305	0.01001	0.01430	0.00862	0.00827	0.06584	0.01640	0.73503	0.02139	0.01855	0.01348	0.00684	0.00557	0.00171	0.00479	0.00554	0.00678	0.00942
7	0.00804	0.00544	0.00639	0.00639	0.00651	0.00556	0.00379	0.00828	0.00816	0.01100	0.01713	0.03449	0.01937	0.71287	0.11964	0.00580	0.00652	0.00780	0.00331	0.00355
8	0.01321	0.01265	0.02158	0.15075	0.65797	0.01303	0.01675	0.01656	0.01237	0.01749	0.01033	0.01387	0.00856	0.00503	0.00549	0.00168	0.00670	0.00493	0.00270	0.00837
9	0.01662	0.34467	0.02249	0.01632	0.17280	0.28756	0.01145	0.01899	0.03495	0.01456	0.00900	0.01062	0.00775	0.00520	0.00452	0.00139	0.00744	0.00368	0.00271	0.00726
10	0.00784	0.00566	0.00740	0.00697	0.00827	0.00523	0.00523	0.01045	0.01568	0.02221	0.76789	0.04137	0.05226	0.01132	0.00653	0.00174	0.00261	0.01002	0.00610	0.00523
11	0.00667	0.00547	0.00587	0.00608	0.00763	0.00468	0.00444	0.00807	0.01246	0.01529	0.09808	0.18657	0.59063	0.01444	0.00664	0.00193	0.00287	0.01231	0.00520	0.00468
12	0.00805	0.00537	0.00604	0.00604	0.00604	0.00537	0.00336	0.00805	0.00805	0.01074	0.01745	0.03624	0.02013	0.80536	0.02819	0.00537	0.00537	0.00805	0.00336	0.00336
13	0.29359	0.01230	0.01408	0.25560	0.04343	0.08388	0.05006	0.07057	0.01212	0.01987	0.00970	0.01246	0.00751	0.00568	0.00530	0.00174	0.04181	0.00425	0.04959	0.00645
14	0.14012	0.12329	0.05266	0.15378	0.13038	0.09134	0.03604	0.01817	0.07377	0.06279	0.01129	0.02832	0.00907	0.00591	0.00549	0.00169	0.04084	0.00460	0.00326	0.00719

[dist]
# distance from previous block
# <min> <max>
20	30

[block]
# block no. 4 follows, 43 sequences, length 14
# corresponding to MSA columns:
# 208-221
name=unknown_E
#
# <colnr> <probs for GDERKNQSTAVLIFYWHMCP>
#	G	D	E	R	K	N	Q	S	T	A	V	L	I	F	Y	W	H	M	C	P
0	0.00796	0.00603	0.00714	0.00680	0.00833	0.00555	0.00507	0.04253	0.01463	0.01962	0.43983	0.08549	0.27938	0.03821	0.00723	0.00193	0.00295	0.01058	0.00562	0.00513
1	0.00905	0.00678	0.00768	0.00759	0.00898	0.04681	0.00560	0.01098	0.01387	0.06152	0.37161	0.23279	0.15211	0.01280	0.00656	0.00189	0.00337	0.02920	0.00556	0.00526
2	0.00761	0.00556	0.00714	0.00695	0.00818	0.00510	0.00513	0.00993	0.01483	0.02067	0.62326	0.13306	0.10739	0.01226	0.00660	0.00181	0.00270	0.01083	0.00591	0.00510
3	0.01238	0.01342	0.02661	0.11101	0.02628	0.01410	0.48412	0.01614	0.01198	0.01657	0.03788	0.01530	0.00965	0.00606	0.00883	0.00198	0.17184	0.00612	0.00280	0.00694
4	0.00805	0.00537	0.00604	0.00604	0.00604	0.00537	0.00336	0.00805	0.00805	0.01074	0.01745	0.03624	0.02013	0.80536	0.02819	0.00537	0.00537	0.00805	0.00336	0.00336
5	0.01184	0.01098	0.01809	0.14011	0.48679	0.01123	0.01417	0.01493	0.01270	0.01760	0.09008	0.02231	0.07165	0.00692	0.00580	0.00175	0.00594	0.04626	0.00335	0.00752
6	0.00673	0.00562	0.00586	0.00580	0.00759	0.00475	0.00435	0.00830	0.01306	0.01599	0.15715	0.05161	0.66688	0.01364	0.00654	0.00185	0.00278	0.01145	0.00528	0.00475
7	0.01491	0.00989	0.01031	0.05180	0.01247	0.05368	0.00713	0.22210	0.01622	0.08167	0.04029	0.01866	0.01345	0.03131	0.00547	0.00161	0.00451	0.00529	0.39250	0.00676
8	0.01097	0.00681	0.00599	0.00588	0.00731	0.06503	0.00441	0.01342	0.01197	0.01988	0.01882	0.02110	0.04316	0.00669	0.00406	0.00132	0.00316	0.00529	0.73946	0.00524
9	0.01306	0.01078	0.01233	0.00895	0.01379	0.00900	0.00722	0.13588	0.01389	0.02083	0.01041	0.01178	0.00840	0.00452	0.00434	0.00096	0.00443	0.00356	0.00365	0.70220
10	0.01395	0.08158	0.01592	0.24789	0.06325	0.24042	0.01140	0.03768	0.04045	0.01548	0.06883	0.01587	0.01201	0.01040	0.09952	0.00250	0.00838	0.00492	0.00313	0.00643
11	0.00692	0.00526	0.00638	0.00686	0.00791	0.00472	0.00486	0.00839	0.01239	0.01619	0.20200	0.38923	0.27900	0.01493	0.00678	0.00201	0.00295	0.01315	0.00535	0.00472
12	0.09093	0.03650	0.45673	0.03984	0.07403	0.01287	0.05356	0.01695	0.01166	0.04383	0.04357	0.01338	0.00938	0.00586	0.00620	0.00179	0.06791	0.00455	0.00283	0.00765
13	0.04126	0.06451	0.38209	0.01486	0.07258	0.03798	0.02928	0.10357	0.01395	0.09140	0.02717	0.01307	0.00910	0.00556	0.00514	0.00162	0.00690	0.00439	0.00338	0.07219

[dist]
# distance from previous block
# <min> <max>
2	8

[block]
# block no. 5 follows, 43 sequences, length 24
# corresponding to MSA columns:
# 231-254
name=unknown_F
#
# <colnr> <probs for GDERKNQSTAVLIFYWHMCP>
#	G	D	E	R	K	N	Q	S	T	A	V	L	I	F	Y	W	H	M	C	P
0	0.01867	0.01412	0.01539	0.02901	0.01674	0.03985	0.02544	0.44987	0.18769	0.07834	0.01590	0.03164	0.01176	0.00690	0.00555	0.00170	0.00572	0.00547	0.00536	0.03487
1	0.00757	0.00563	0.00704	0.00674	0.00812	0.00510	0.00504	0.00991	0.01496	0.02063	0.61430	0.06758	0.18288	0.01201	0.00655	0.00178	0.00267	0.01050	0.00589	0.00510
2	0.00831	0.00597	0.00821	0.00807	0.00901	0.00667	0.00612	0.01018	0.01002	0.01472	0.10948	0.02595	0.03512	0.11472	0.47325	0.00639	0.03929	0.00667	0.09699	0.00487
3	0.00776	0.00566	0.00730	0.00689	0.00823	0.00519	0.00517	0.01031	0.01550	0.02179	0.72676	0.04206	0.09365	0.01148	0.00653	0.00175	0.00262	0.01011	0.00604	0.00519
4	0.00862	0.00724	0.00770	0.00759	0.00953	0.00720	0.00566	0.01395	0.22277	0.01712	0.04200	0.18054	0.42366	0.01280	0.00638	0.00194	0.00332	0.01090	0.00528	0.00579
5	0.84448	0.01071	0.00814	0.00728	0.01071	0.01242	0.00600	0.01628	0.00943	0.02485	0.00771	0.00900	0.00600	0.00514	0.00343	0.00171	0.00428	0.00300	0.00343	0.00600
6	0.02009	0.01600	0.01614	0.01277	0.01683	0.08175	0.01040	0.60133	0.09752	0.03142	0.01367	0.01372	0.00992	0.00673	0.00580	0.00168	0.02497	0.00499	0.00525	0.00902
7	0.01771	0.01468	0.01368	0.01118	0.01470	0.16589	0.00887	0.28629	0.05974	0.09197	0.04639	0.01669	0.03642	0.02564	0.00605	0.00162	0.02215	0.00513	0.04674	0.10847
8	0.03377	0.01134	0.02694	0.01046	0.01382	0.03072	0.02373	0.23681	0.09384	0.09030	0.05126	0.18823	0.01804	0.00879	0.00566	0.00169	0.00486	0.00742	0.00502	0.13730
9	0.01450	0.01532	0.10234	0.04876	0.36174	0.03610	0.13215	0.09834	0.06052	0.04338	0.01218	0.01504	0.00958	0.00556	0.00567	0.00173	0.00704	0.01832	0.00336	0.00838
10	0.00678	0.00487	0.00643	0.00763	0.00802	0.00453	0.00512	0.00780	0.01082	0.01441	0.05422	0.75613	0.05859	0.01707	0.00704	0.00222	0.00318	0.01545	0.00517	0.00453
11	0.84448	0.01071	0.00814	0.00728	0.01071	0.01242	0.00600	0.01628	0.00943	0.02485	0.00771	0.00900	0.00600	0.00514	0.00343	0.00171	0.00428	0.00300	0.00343	0.00600
12	0.01464	0.01611	0.02310	0.13494	0.18171	0.18224	0.27157	0.04155	0.01357	0.01680	0.01062	0.01446	0.00856	0.00548	0.00608	0.00174	0.02610	0.02054	0.00288	0.00730
13	0.00962	0.00481	0.00722	0.00722	0.00722	0.00481	0.00481	0.00722	0.00722	0.00962	0.00962	0.01684	0.00962	0.01924	0.02165	0.83886	0.00481	0.00481	0.00241	0.00241
14	0.01387	0.05686	0.02118	0.10378	0.47036	0.10500	0.06370	0.01694	0.01297	0.01712	0.05695	0.01490	0.01102	0.00545	0.00546	0.00163	0.00697	0.00509	0.00292	0.00783
15	0.01256	0.00900	0.00949	0.00846	0.01075	0.08420	0.00649	0.01574	0.07173	0.15534	0.35463	0.06632	0.12256	0.00999	0.00607	0.00172	0.00397	0.00849	0.00561	0.03686
16	0.01273	0.04409	0.25248	0.02078	0.07213	0.03220	0.41984	0.01754	0.01247	0.01729	0.01046	0.01348	0.00790	0.00507	0.00639	0.00181	0.03756	0.00546	0.00263	0.00768
17	0.03478	0.44195	0.04647	0.01114	0.01529	0.22362	0.01003	0.03577	0.01315	0.09026	0.00953	0.01044	0.00780	0.00539	0.00457	0.00137	0.02469	0.00351	0.00304	0.00720
18	0.67973	0.01060	0.00918	0.00787	0.01147	0.01178	0.00649	0.03596	0.01096	0.15761	0.01035	0.01084	0.00744	0.00548	0.00386	0.00171	0.00440	0.00350	0.00408	0.00669
19	0.00696	0.00506	0.00649	0.00731	0.00793	0.00467	0.00499	0.00819	0.01152	0.01538	0.15116	0.57355	0.11112	0.04854	0.00780	0.00226	0.00316	0.01410	0.00522	0.00459
20	0.01363	0.01280	0.04045	0.12526	0.58443	0.01250	0.01592	0.01696	0.01248	0.05257	0.01083	0.01390	0.00875	0.00506	0.00541	0.00163	0.00650	0.00485	0.00292	0.05313
21	0.00763	0.00548	0.00706	0.00802	0.00860	0.00528	0.00547	0.05382	0.01156	0.01542	0.02946	0.75293	0.03495	0.01669	0.00697	0.00221	0.00339	0.01508	0.00517	0.00480
22	0.04024	0.03469	0.01539	0.04117	0.03038	0.19611	0.02097	0.30205	0.04195	0.10955	0.02369	0.01480	0.01050	0.03321	0.04806	0.00214	0.01786	0.00489	0.00448	0.00785
23	0.00915	0.00743	0.00982	0.05131	0.01173	0.04362	0.00762	0.01120	0.00956	0.01372	0.01407	0.02009	0.01278	0.03253	0.58145	0.00703	0.06536	0.00562	0.08074	0.00517

[dist]
# distance from previous block
# <min> <max>
0	1

[block]
# block no. 6 follows, 43 sequences, length 20
# corresponding to MSA columns:
# 256-275
name=unknown_G
#
# <colnr> <probs for GDERKNQSTAVLIFYWHMCP>
#	G	D	E	R	K	N	Q	S	T	A	V	L	I	F	Y	W	H	M	C	P
0	0.03694	0.00865	0.01070	0.00897	0.01198	0.00832	0.00711	0.03493	0.14126	0.34796	0.23201	0.02718	0.05896	0.03164	0.00650	0.00186	0.00402	0.00721	0.00615	0.00766
1	0.72133	0.04917	0.00909	0.00736	0.01064	0.01218	0.00609	0.01572	0.01013	0.02401	0.08280	0.01219	0.01062	0.00573	0.00374	0.00169	0.00420	0.00369	0.00364	0.00598
2	0.16252	0.43821	0.18752	0.01061	0.01567	0.04515	0.01121	0.01670	0.01110	0.01614	0.00848	0.01002	0.00713	0.00628	0.03199	0.00169	0.00659	0.00334	0.00259	0.00704
3	0.01769	0.01300	0.01435	0.01149	0.01495	0.01437	0.00926	0.56352	0.02167	0.02917	0.01440	0.04124	0.01178	0.07753	0.11658	0.00300	0.00717	0.00571	0.00499	0.00814
4	0.00877	0.00689	0.00760	0.00736	0.00914	0.00663	0.00552	0.08324	0.06374	0.01791	0.11182	0.17794	0.38770	0.04776	0.00746	0.00208	0.00348	0.03436	0.00523	0.00540
5	0.00962	0.00481	0.00722	0.00722	0.00722	0.00481	0.00481	0.00722	0.00722	0.00962	0.00962	0.01684	0.00962	0.01924	0.02165	0.83886	0.00481	0.00481	0.00241	0.00241
6	0.01202	0.01821	0.27350	0.03697	0.15062	0.01316	0.25891	0.01648	0.01193	0.01705	0.01140	0.05952	0.00954	0.00613	0.00701	0.00186	0.07954	0.00581	0.00273	0.00760
7	0.12044	0.00943	0.01170	0.00922	0.01311	0.00876	0.00757	0.05699	0.01513	0.57794	0.01941	0.01761	0.01265	0.00660	0.00515	0.00167	0.00451	0.00520	0.08831	0.00860
8	0.01368	0.42525	0.12964	0.01075	0.01492	0.07162	0.01057	0.03236	0.01180	0.03648	0.01215	0.08977	0.02481	0.00868	0.04861	0.00191	0.04222	0.00496	0.00296	0.00686
9	0.01106	0.00629	0.00684	0.00640	0.00800	0.00636	0.00489	0.08129	0.01360	0.03672	0.13665	0.04787	0.02046	0.00826	0.01930	0.00158	0.00321	0.00627	0.56934	0.00563
10	0.00977	0.00669	0.00835	0.00793	0.00954	0.00643	0.00603	0.08390	0.01524	0.06006	0.40275	0.19874	0.09541	0.01233	0.00656	0.00190	0.00335	0.05360	0.00575	0.00566
11	0.00738	0.00559	0.00687	0.00749	0.00868	0.00514	0.00573	0.00905	0.01231	0.01580	0.11653	0.25260	0.29054	0.03756	0.00758	0.00223	0.00355	0.19544	0.00518	0.00476
12	0.08550	0.01150	0.01713	0.26737	0.09573	0.01197	0.10503	0.08839	0.03512	0.01916	0.01060	0.01343	0.00820	0.00516	0.00514	0.00156	0.00629	0.00462	0.00321	0.20491
13	0.01239	0.01175	0.01989	0.29625	0.49073	0.01260	0.01598	0.01571	0.01192	0.01648	0.01045	0.01483	0.00867	0.03205	0.00627	0.00184	0.00682	0.00504	0.00266	0.00768
14	0.16674	0.19730	0.02868	0.01014	0.01415	0.01495	0.00879	0.21184	0.08964	0.12939	0.04706	0.01445	0.01161	0.00709	0.02391	0.00177	0.00546	0.00460	0.00453	0.00788
15	0.01396	0.53947	0.26279	0.01147	0.01727	0.01865	0.01288	0.01721	0.01153	0.03807	0.00884	0.01007	0.00728	0.00497	0.00415	0.00138	0.00659	0.00340	0.00250	0.00752
16	0.00793	0.00532	0.00608	0.00620	0.00623	0.00529	0.00352	0.00802	0.00829	0.01105	0.01867	0.10743	0.02167	0.73208	0.02622	0.00508	0.00517	0.00877	0.00352	0.00346
17	0.01205	0.01018	0.01179	0.00847	0.01337	0.00796	0.00680	0.05782	0.01235	0.01905	0.01005	0.01159	0.00828	0.00425	0.00419	0.00087	0.00422	0.00338	0.00342	0.78992
18	0.00685	0.00543	0.00616	0.00639	0.00777	0.00474	0.00463	0.00838	0.01273	0.01618	0.18888	0.23408	0.44958	0.01431	0.00667	0.00194	0.00287	0.01235	0.00533	0.00474
19	0.01406	0.01319	0.02205	0.10732	0.56930	0.01353	0.06904	0.08941	0.01382	0.01933	0.01070	0.01386	0.00867	0.00515	0.00557	0.00168	0.00681	0.00505	0.00299	0.00848

[dist]
# distance from previous block
# <min> <max>
0	35

[block]
# block no. 7 follows, 43 sequences, length 10
# corresponding to MSA columns:
# 311-320
name=unknown_H
#
# <colnr> <probs for GDERKNQSTAVLIFYWHMCP>
#	G	D	E	R	K	N	Q	S	T	A	V	L	I	F	Y	W	H	M	C	P
0	0.00792	0.00590	0.00872	0.00872	0.00964	0.00682	0.00669	0.00977	0.00885	0.01272	0.01500	0.02269	0.01425	0.09095	0.73456	0.00867	0.01422	0.00607	0.00299	0.00484
1	0.01278	0.01221	0.02080	0.25104	0.56104	0.01291	0.01653	0.01618	0.01217	0.01696	0.01025	0.01401	0.00837	0.00511	0.00550	0.00170	0.00681	0.00493	0.00266	0.00802
2	0.00791	0.00593	0.00890	0.00890	0.00989	0.00692	0.00692	0.00989	0.00890	0.01286	0.01483	0.02176	0.01385	0.04154	0.78341	0.00890	0.01483	0.00593	0.00297	0.00494
3	0.04070	0.00632	0.00659	0.00623	0.00782	0.00647	0.00472	0.07159	0.01259	0.02046	0.04920	0.02443	0.08619	0.05425	0.05176	0.00209	0.00383	0.00608	0.53331	0.00538
4	0.01260	0.01233	0.02139	0.06931	0.42153	0.01287	0.13956	0.01618	0.04122	0.01713	0.01255	0.08816	0.01141	0.00670	0.00718	0.00184	0.09102	0.00626	0.00304	0.00771
5	0.01014	0.00784	0.01038	0.04333	0.06487	0.00836	0.00765	0.10422	0.01369	0.01906	0.20212	0.02843	0.12208	0.01912	0.23918	0.00388	0.03038	0.00738	0.05197	0.00591
6	0.24980	0.07618	0.01583	0.04705	0.01633	0.10766	0.08026	0.19552	0.01493	0.02284	0.01025	0.01189	0.00795	0.00578	0.00529	0.00163	0.04392	0.00420	0.05282	0.02985
7	0.01412	0.01508	0.06515	0.10627	0.48423	0.07621	0.08430	0.05525	0.01339	0.01813	0.01040	0.01349	0.00840	0.00514	0.00554	0.00168	0.00726	0.00492	0.00285	0.00819
8	0.04608	0.06146	0.09792	0.01165	0.01597	0.06621	0.05362	0.07545	0.05628	0.34872	0.05932	0.01933	0.01444	0.00696	0.00552	0.00172	0.00578	0.04016	0.00516	0.00823
9	0.56685	0.03621	0.04286	0.01163	0.06743	0.01276	0.09337	0.04038	0.01082	0.02275	0.00961	0.04625	0.00805	0.00567	0.00424	0.00173	0.00524	0.00423	0.00338	0.00653

[dist]
# distance from previous block
# <min> <max>
0	1

[block]
# block no. 8 follows, 43 sequences, length 6
# corresponding to MSA columns:
# 322-327
name=unknown_I
#
# <colnr> <probs for GDERKNQSTAVLIFYWHMCP>
#	G	D	E	R	K	N	Q	S	T	A	V	L	I	F	Y	W	H	M	C	P
0	0.01062	0.00745	0.00858	0.00775	0.00969	0.00723	0.00575	0.08292	0.07724	0.07210	0.20513	0.09794	0.18916	0.14585	0.00991	0.00239	0.00387	0.00911	0.00518	0.04213
1	0.10828	0.01294	0.01372	0.01117	0.01487	0.01431	0.00903	0.41404	0.17396	0.06774	0.05498	0.05127	0.01425	0.00739	0.00545	0.00175	0.00516	0.00580	0.00541	0.00847
2	0.00883	0.00622	0.00785	0.00776	0.00909	0.00592	0.00560	0.04218	0.01202	0.04549	0.13603	0.33306	0.09232	0.08927	0.10822	0.00313	0.00503	0.01081	0.00479	0.06638
3	0.01111	0.02865	0.77667	0.01579	0.02397	0.01286	0.02046	0.01754	0.01169	0.01754	0.00994	0.01169	0.00702	0.00526	0.00526	0.00175	0.00818	0.00409	0.00234	0.00818
4	0.01222	0.01086	0.00995	0.00920	0.01118	0.13358	0.00688	0.09553	0.12702	0.01916	0.13229	0.12387	0.10037	0.08097	0.03019	0.00227	0.00514	0.00805	0.07520	0.00608
5	0.73794	0.11318	0.01082	0.00756	0.01116	0.01364	0.00644	0.01632	0.00966	0.02333	0.00771	0.00898	0.00614	0.00509	0.00344	0.00165	0.00449	0.00299	0.00329	0.00614

[dist]
# distance from previous block
# <min> <max>
0	1

[block]
# block no. 9 follows, 43 sequences, length 7
# corresponding to MSA columns:
# 329-335
name=unknown_J
#
# <colnr> <probs for GDERKNQSTAVLIFYWHMCP>
#	G	D	E	R	K	N	Q	S	T	A	V	L	I	F	Y	W	H	M	C	P
0	0.01857	0.04316	0.01611	0.01377	0.01659	0.53391	0.03549	0.07614	0.06602	0.01584	0.01027	0.01228	0.00856	0.02862	0.02876	0.00187	0.05990	0.00421	0.00322	0.00671
1	0.01046	0.00984	0.01661	0.79205	0.03814	0.01230	0.01538	0.01415	0.01107	0.01415	0.00984	0.01477	0.00738	0.00554	0.00554	0.00185	0.00738	0.00492	0.00246	0.00615
2	0.01176	0.11056	0.60657	0.01444	0.02152	0.05195	0.01777	0.01719	0.01211	0.01717	0.06071	0.01331	0.01008	0.00564	0.00515	0.00168	0.00766	0.00434	0.00262	0.00778
3	0.00768	0.00520	0.00677	0.00754	0.00829	0.00477	0.00521	0.00894	0.01163	0.04957	0.12257	0.60927	0.10012	0.01585	0.00689	0.00213	0.00317	0.01424	0.00534	0.00483
4	0.01749	0.11205	0.01524	0.01070	0.01424	0.06687	0.00872	0.31057	0.04802	0.13103	0.03904	0.09458	0.03144	0.04561	0.00650	0.00182	0.00553	0.00624	0.00495	0.02936
5	0.00842	0.00559	0.00713	0.00719	0.00835	0.00511	0.00516	0.01015	0.01318	0.06654	0.34124	0.30088	0.12981	0.05576	0.00781	0.00212	0.00312	0.01178	0.00556	0.00508
6	0.04328	0.51612	0.08476	0.01106	0.01542	0.10351	0.01065	0.06657	0.01249	0.01534	0.00832	0.00979	0.00723	0.00543	0.00516	0.00141	0.07022	0.00341	0.00267	0.00715

[dist]
# distance from previous block
# <min> <max>
0	4

[block]
# block no. 10 follows, 43 sequences, length 119
# corresponding to MSA columns:
# 340-458
name=unknown_K
#
# <colnr> <probs for GDERKNQSTAVLIFYWHMCP>
#	G	D	E	R	K	N	Q	S	T	A	V	L	I	F	Y	W	H	M	C	P
0	0.12325	0.01464	0.01515	0.03231	0.14750	0.13190	0.01066	0.25750	0.05750	0.02363	0.03225	0.01710	0.02808	0.02293	0.00611	0.00179	0.02637	0.03951	0.00417	0.00768
1	0.03686	0.01524	0.13659	0.01683	0.09849	0.03298	0.23008	0.05321	0.01292	0.01872	0.01168	0.01390	0.02913	0.00501	0.00529	0.00147	0.00677	0.00486	0.00310	0.26689
2	0.01622	0.01232	0.01570	0.01172	0.01625	0.01184	0.08576	0.27821	0.01713	0.09392	0.01267	0.02905	0.00971	0.00574	0.00546	0.00139	0.02746	0.00473	0.00438	0.34035
3	0.01248	0.01399	0.09678	0.41361	0.13752	0.07014	0.04550	0.05341	0.04829	0.01687	0.03181	0.01489	0.00938	0.00571	0.00553	0.00177	0.00729	0.00501	0.00294	0.00708
4	0.00803	0.00607	0.00872	0.00867	0.00948	0.00695	0.00657	0.00975	0.00941	0.01343	0.06931	0.08290	0.01858	0.11048	0.55952	0.00724	0.04958	0.00712	0.00336	0.00483
5	0.00690	0.00554	0.00616	0.00618	0.00774	0.00480	0.00457	0.00857	0.01321	0.01675	0.23762	0.12687	0.50830	0.01367	0.00660	0.00188	0.00280	0.01167	0.00539	0.00480
6	0.00791	0.00563	0.00670	0.00667	0.00762	0.00534	0.00461	0.02405	0.01217	0.01662	0.26625	0.15271	0.15444	0.23369	0.02934	0.00298	0.00383	0.01017	0.04469	0.00458
7	0.00859	0.00557	0.00759	0.03338	0.00986	0.00529	0.00611	0.01003	0.01164	0.07447	0.08537	0.58007	0.03459	0.01548	0.00692	0.00219	0.00362	0.08893	0.00526	0.00506
8	0.02134	0.01505	0.01634	0.01252	0.01694	0.01649	0.01035	0.69738	0.02527	0.09097	0.01394	0.01372	0.00974	0.00666	0.00554	0.00167	0.00599	0.00503	0.00564	0.00942
9	0.01481	0.80869	0.02902	0.00948	0.01421	0.02191	0.00948	0.01658	0.01125	0.01303	0.00770	0.00888	0.00711	0.00474	0.00355	0.00118	0.00592	0.00296	0.00237	0.00711
10	0.84448	0.01071	0.00814	0.00728	0.01071	0.01242	0.00600	0.01628	0.00943	0.02485	0.00771	0.00900	0.00600	0.00514	0.00343	0.00171	0.00428	0.00300	0.00343	0.00600
11	0.01178	0.00773	0.00964	0.00945	0.01136	0.00769	0.00755	0.10424	0.04984	0.10152	0.02671	0.22697	0.06166	0.05062	0.00776	0.00230	0.00456	0.26606	0.00526	0.02729
12	0.00770	0.00538	0.00681	0.00753	0.00797	0.00526	0.00521	0.00863	0.01004	0.01329	0.02542	0.32820	0.04466	0.32083	0.03509	0.00367	0.00469	0.15106	0.00439	0.00419
13	0.01064	0.01010	0.01730	0.74537	0.05900	0.01238	0.03914	0.01435	0.01118	0.01438	0.00990	0.01474	0.00746	0.00549	0.00557	0.00184	0.00742	0.00497	0.00248	0.00627
14	0.03507	0.14888	0.46202	0.03496	0.02063	0.01378	0.01582	0.05566	0.01291	0.13338	0.01151	0.01243	0.00816	0.00550	0.00501	0.00165	0.00707	0.00418	0.00322	0.00815
15	0.01107	0.00772	0.01052	0.04816	0.05108	0.00773	0.00902	0.05767	0.02981	0.07588	0.04534	0.10165	0.06054	0.01264	0.00689	0.00222	0.00496	0.42208	0.00501	0.03003
16	0.01148	0.00984	0.01148	0.00820	0.01312	0.00738	0.00656	0.01395	0.01148	0.01805	0.00984	0.01148	0.00820	0.00410	0.00410	0.00082	0.00410	0.00328	0.00328	0.83922
17	0.00962	0.00481	0.00722	0.00722	0.00722	0.00481	0.00481	0.00722	0.00722	0.00962	0.00962	0.01684	0.00962	0.01924	0.02165	0.83886	0.00481	0.00481	0.00241	0.00241
18	0.01046	0.00984	0.01661	0.79205	0.03814	0.01230	0.01538	0.01415	0.01107	0.01415	0.00984	0.01477	0.00738	0.00554	0.00554	0.00185	0.00738	0.00492	0.00246	0.00615
19	0.84448	0.01071	0.00814	0.00728	0.01071	0.01242	0.00600	0.01628	0.00943	0.02485	0.00771	0.00900	0.00600	0.00514	0.00343	0.00171	0.00428	0.00300	0.00343	0.00600
20	0.02390	0.00951	0.01271	0.00981	0.01395	0.00841	0.00808	0.05968	0.01623	0.70396	0.04160	0.01924	0.01457	0.00696	0.00556	0.00170	0.00467	0.00565	0.02458	0.00922
21	0.84448	0.01071	0.00814	0.00728	0.01071	0.01242	0.00600	0.01628	0.00943	0.02485	0.00771	0.00900	0.00600	0.00514	0.00343	0.00171	0.00428	0.00300	0.00343	0.00600
22	0.00828	0.00578	0.00751	0.00707	0.00848	0.00531	0.00535	0.01082	0.01546	0.04270	0.69413	0.04186	0.08468	0.01143	0.00653	0.00177	0.00274	0.02872	0.00605	0.00531
23	0.02469	0.00968	0.01301	0.00997	0.01426	0.00852	0.00824	0.05715	0.01628	0.74389	0.02149	0.01862	0.01353	0.00685	0.00557	0.00171	0.00477	0.00555	0.00680	0.00942
