[name]
unknown

[dist]
# distance from previous block
# <min> <max>
18	111

[block]
# block no. 0 follows, 42 sequences, length 19
# corresponding to MSA columns:
# 155-173
name=unknown_A
#
# <colnr> <probs for GDERKNQSTAVLIFYWHMCP>
#	G	D	E	R	K	N	Q	S	T	A	V	L	I	F	Y	W	H	M	C	P
0	0.10563	0.01251	0.01408	0.01174	0.01501	0.07422	0.08895	0.15110	0.17988	0.02199	0.01759	0.13380	0.02775	0.04271	0.00661	0.00193	0.00559	0.00693	0.00453	0.07748
1	0.04134	0.01304	0.01351	0.05484	0.01589	0.09167	0.00904	0.26594	0.05617	0.06844	0.01500	0.09985	0.01282	0.00937	0.05053	0.00202	0.00626	0.00588	0.00456	0.16382
2	0.00817	0.00651	0.00844	0.05213	0.01101	0.00618	0.00628	0.00960	0.01098	0.01501	0.02713	0.49736	0.09450	0.03031	0.00753	0.00205	0.04215	0.01212	0.00457	0.14795
3	0.01141	0.00978	0.01136	0.00820	0.01304	0.00736	0.00654	0.01385	0.01173	0.01817	0.01247	0.01390	0.04801	0.00470	0.00430	0.00089	0.00410	0.00378	0.00343	0.79300
4	0.01302	0.05848	0.01287	0.00856	0.01349	0.00847	0.00698	0.01545	0.01203	0.08128	0.01089	0.01214	0.00874	0.00444	0.00426	0.00093	0.00433	0.00351	0.00358	0.71655
5	0.01155	0.00988	0.01216	0.10301	0.01624	0.00823	0.00779	0.03506	0.01200	0.01813	0.01129	0.05657	0.00990	0.00518	0.00456	0.00107	0.00458	0.00430	0.00341	0.66509
6	0.01129	0.02911	0.77306	0.01604	0.02436	0.01307	0.02079	0.01782	0.01188	0.01782	0.01010	0.01188	0.00713	0.00535	0.00535	0.00178	0.00832	0.00416	0.00238	0.00832
7	0.00950	0.00495	0.00731	0.00734	0.00745	0.00491	0.00494	0.00760	0.00814	0.01096	0.06818	0.05492	0.01434	0.01885	0.02014	0.73440	0.00464	0.00580	0.00286	0.00276
8	0.00726	0.00572	0.00655	0.00634	0.00798	0.00501	0.00476	0.00926	0.01427	0.01863	0.38597	0.04852	0.43374	0.01297	0.00664	0.00184	0.00276	0.01109	0.00568	0.00501
9	0.01264	0.12173	0.52931	0.01626	0.02344	0.06208	0.12270	0.01802	0.01228	0.01704	0.00992	0.01190	0.00735	0.00522	0.00530	0.00171	0.00832	0.00434	0.00248	0.00797
10	0.01250	0.00998	0.01175	0.00844	0.01340	0.00755	0.00677	0.01498	0.01194	0.06423	0.01075	0.01213	0.00868	0.00434	0.00426	0.00089	0.00421	0.00348	0.00356	0.78620
11	0.00793	0.00556	0.00694	0.00709	0.00748	0.00575	0.00462	0.00864	0.00890	0.01206	0.02021	0.11842	0.05303	0.47694	0.22661	0.00591	0.00768	0.00864	0.00359	0.00403
12	0.01194	0.01130	0.00997	0.00939	0.01142	0.16864	0.00712	0.01566	0.11300	0.01735	0.09075	0.10289	0.11083	0.03531	0.04725	0.00222	0.02015	0.04825	0.10567	0.06088
13	0.01585	0.70093	0.02767	0.01028	0.01484	0.12406	0.00980	0.01761	0.01204	0.01331	0.00794	0.00918	0.00723	0.00495	0.00381	0.00124	0.00657	0.00309	0.00247	0.00713
14	0.00751	0.00558	0.00703	0.00751	0.00846	0.00524	0.00531	0.00973	0.04518	0.01753	0.27267	0.43391	0.12371	0.01482	0.00688	0.00206	0.00307	0.01322	0.00556	0.00502
15	0.02184	0.01504	0.01644	0.01260	0.01709	0.01638	0.01041	0.66403	0.02525	0.12150	0.01453	0.01417	0.01008	0.00678	0.00563	0.00170	0.00603	0.00514	0.00579	0.00957
16	0.07875	0.69497	0.07495	0.00986	0.01480	0.02094	0.01006	0.01689	0.01132	0.01446	0.00797	0.00922	0.00713	0.00488	0.00371	0.00128	0.00604	0.00308	0.00249	0.00720
17	0.00784	0.00588	0.00751	0.00764	0.00895	0.00520	0.00543	0.00952	0.01241	0.01727	0.23614	0.45506	0.05584	0.01392	0.00659	0.00193	0.00321	0.01246	0.00523	0.12197
18	0.01443	0.00851	0.01048	0.02732	0.01209	0.00825	0.00709	0.12238	0.04430	0.21374	0.33213	0.03219	0.12409	0.00972	0.00619	0.00177	0.00392	0.00824	0.00608	0.00710

[dist]
# distance from previous block
# <min> <max>
2	22

[block]
# block no. 1 follows, 42 sequences, length 16
# corresponding to MSA columns:
# 196-211
name=unknown_B
#
# <colnr> <probs for GDERKNQSTAVLIFYWHMCP>
#	G	D	E	R	K	N	Q	S	T	A	V	L	I	F	Y	W	H	M	C	P
0	0.00870	0.00685	0.00886	0.06832	0.01198	0.00616	0.00645	0.01031	0.01095	0.01533	0.02236	0.42965	0.02525	0.07150	0.00783	0.00209	0.00408	0.03699	0.00434	0.24200
1	0.01416	0.05358	0.06192	0.02124	0.20232	0.06716	0.25481	0.04825	0.11569	0.01898	0.01269	0.02834	0.01012	0.00558	0.00574	0.00170	0.00735	0.00559	0.00337	0.06140
2	0.01167	0.01001	0.01147	0.00855	0.01318	0.00810	0.00680	0.01564	0.09674	0.01876	0.01400	0.01502	0.04997	0.00510	0.00448	0.00101	0.00413	0.00414	0.00371	0.69755
3	0.02139	0.01576	0.01689	0.01295	0.01745	0.01745	0.01070	0.74835	0.02646	0.03547	0.01351	0.01351	0.00957	0.00676	0.00563	0.00169	0.00619	0.00507	0.00563	0.00957
4	0.01129	0.00968	0.01122	0.00814	0.01290	0.00729	0.00649	0.01371	0.01176	0.01810	0.01355	0.01488	0.06550	0.00493	0.00436	0.00091	0.00407	0.00398	0.00348	0.77377
5	0.00978	0.00489	0.00733	0.00733	0.00733	0.00489	0.00489	0.00733	0.00733	0.00978	0.00978	0.01711	0.00978	0.01955	0.02199	0.83627	0.00489	0.00489	0.00244	0.00244
6	0.00756	0.00548	0.00699	0.00712	0.00811	0.00506	0.00507	0.00944	0.01363	0.01877	0.44207	0.26268	0.10114	0.07084	0.00839	0.00220	0.00305	0.01186	0.00564	0.00491
7	0.03635	0.03787	0.04512	0.02498	0.01562	0.07958	0.00924	0.19155	0.05267	0.12879	0.01367	0.04187	0.01063	0.00624	0.00539	0.00146	0.02540	0.00479	0.00444	0.26434
8	0.01212	0.01258	0.02448	0.38006	0.11543	0.01333	0.32653	0.01625	0.01229	0.01637	0.01065	0.01496	0.00810	0.00518	0.00605	0.00186	0.00826	0.00570	0.00268	0.00712
9	0.00702	0.00572	0.00621	0.00609	0.00783	0.00491	0.00457	0.00879	0.01370	0.01727	0.25519	0.05076	0.56536	0.01348	0.00665	0.00186	0.00280	0.01140	0.00550	0.00491
10	0.00718	0.00529	0.00674	0.00742	0.00827	0.00485	0.00524	0.00870	0.01243	0.01660	0.21463	0.47293	0.15132	0.01554	0.00699	0.00211	0.00312	0.04038	0.00546	0.00480
11	0.05135	0.06820	0.10479	0.01374	0.03174	0.27705	0.01171	0.25779	0.01782	0.03613	0.01113	0.03158	0.00887	0.00649	0.00590	0.00165	0.04792	0.00454	0.00384	0.00779
12	0.00706	0.00501	0.00657	0.00762	0.00799	0.00471	0.00506	0.00808	0.01093	0.01467	0.08519	0.67129	0.03688	0.08937	0.00912	0.00254	0.00342	0.01484	0.00513	0.00452
13	0.00709	0.00514	0.00669	0.00752	0.00818	0.00475	0.00518	0.00847	0.01206	0.01625	0.19564	0.57816	0.09197	0.01603	0.00702	0.00214	0.00310	0.01442	0.00544	0.00475
14	0.01242	0.45939	0.02147	0.01001	0.01325	0.03908	0.04609	0.01414	0.01157	0.01418	0.04214	0.24154	0.01773	0.00895	0.00532	0.00161	0.02404	0.00732	0.00341	0.00635
15	0.29443	0.09908	0.01601	0.11823	0.01849	0.18125	0.06603	0.04523	0.05087	0.04779	0.01011	0.01176	0.00784	0.00557	0.00466	0.00166	0.00671	0.00405	0.00338	0.00685

[dist]
# distance from previous block
# <min> <max>
3	11

[block]
# block no. 2 follows, 42 sequences, length 30
# corresponding to MSA columns:
# 223-252
name=unknown_C
#
# <colnr> <probs for GDERKNQSTAVLIFYWHMCP>
#	G	D	E	R	K	N	Q	S	T	A	V	L	I	F	Y	W	H	M	C	P
0	0.00850	0.00618	0.00839	0.00937	0.01059	0.00590	0.00760	0.01053	0.01213	0.01610	0.02885	0.30921	0.03238	0.01547	0.00733	0.00237	0.00446	0.43761	0.00507	0.06196
1	0.01311	0.07945	0.60955	0.01465	0.02216	0.01296	0.01811	0.01869	0.01231	0.10114	0.01128	0.01249	0.00793	0.00545	0.00522	0.00170	0.00761	0.00422	0.00292	0.03904
2	0.01899	0.01287	0.01678	0.01294	0.01693	0.01342	0.09342	0.35348	0.01951	0.19350	0.04157	0.05839	0.01323	0.00741	0.00666	0.00177	0.05864	0.00605	0.00528	0.04917
3	0.01778	0.22403	0.02060	0.04172	0.08021	0.39111	0.03340	0.04915	0.02864	0.01522	0.00916	0.01094	0.00772	0.00570	0.00545	0.00150	0.04382	0.00389	0.00289	0.00708
4	0.00686	0.00490	0.00653	0.00784	0.00816	0.00457	0.00522	0.00784	0.01077	0.01437	0.03102	0.79855	0.03722	0.01763	0.00718	0.00229	0.00326	0.01600	0.00522	0.00457
5	0.01471	0.53060	0.02454	0.14986	0.01892	0.04269	0.01062	0.01826	0.08548	0.04252	0.01027	0.01169	0.00851	0.00535	0.00430	0.00142	0.00621	0.00382	0.00294	0.00728
6	0.07591	0.13129	0.01609	0.01071	0.01469	0.01430	0.00896	0.32514	0.03583	0.19780	0.03935	0.04803	0.01308	0.03632	0.00613	0.00180	0.00542	0.00551	0.00523	0.00840
7	0.00812	0.00555	0.00670	0.00674	0.00694	0.00573	0.00415	0.00852	0.00842	0.01142	0.01763	0.05696	0.01976	0.63543	0.16955	0.00604	0.00720	0.00801	0.00339	0.00375
8	0.01124	0.00597	0.00604	0.00577	0.00730	0.00608	0.00440	0.06351	0.01281	0.02197	0.01803	0.02047	0.01409	0.00657	0.00405	0.00134	0.00287	0.00523	0.77673	0.00554
9	0.01233	0.01119	0.01702	0.48259	0.09998	0.03927	0.03676	0.04755	0.01218	0.03247	0.01082	0.01493	0.00838	0.00611	0.00678	0.00185	0.08475	0.00503	0.06330	0.00669
10	0.01400	0.01314	0.02139	0.08584	0.43255	0.01363	0.10689	0.06908	0.12918	0.01997	0.01320	0.01638	0.01063	0.00580	0.00579	0.00177	0.00669	0.02210	0.00348	0.00850
11	0.00821	0.00552	0.00661	0.00661	0.00676	0.00567	0.00400	0.00844	0.00829	0.01120	0.01707	0.03397	0.01915	0.66260	0.14115	0.03315	0.00688	0.00775	0.00332	0.00362
12	0.00693	0.00493	0.00651	0.00775	0.00805	0.00462	0.00513	0.00785	0.01064	0.01418	0.03031	0.75785	0.03633	0.05955	0.00833	0.00245	0.00338	0.01558	0.00513	0.00451
13	0.00676	0.00557	0.00594	0.00613	0.00774	0.00475	0.00449	0.00818	0.01267	0.01549	0.09362	0.17595	0.60395	0.01465	0.00674	0.00196	0.00291	0.01246	0.00528	0.00475
14	0.01286	0.01205	0.01962	0.32704	0.36936	0.01324	0.03320	0.04064	0.08247	0.01783	0.01163	0.01503	0.00915	0.00555	0.00564	0.00178	0.00685	0.00518	0.00304	0.00786
15	0.00700	0.00496	0.00649	0.00765	0.00794	0.00467	0.00503	0.00787	0.01049	0.01399	0.02957	0.71567	0.03540	0.10300	0.00952	0.00263	0.00350	0.01515	0.00503	0.00444
16	0.02001	0.01500	0.01613	0.01245	0.01689	0.01637	0.01023	0.63121	0.08364	0.03312	0.01398	0.01396	0.01008	0.00662	0.00552	0.00164	0.00589	0.00503	0.00545	0.07680
17	0.01167	0.01000	0.01167	0.00834	0.01334	0.00750	0.00667	0.01417	0.01167	0.01834	0.01000	0.01167	0.00834	0.00417	0.00417	0.00083	0.00417	0.00333	0.00333	0.83663
18	0.01963	0.01642	0.01502	0.06616	0.03833	0.24370	0.01031	0.19099	0.10354	0.17911	0.01544	0.05021	0.01176	0.00698	0.00555	0.00169	0.00686	0.00540	0.00479	0.00811
19	0.00818	0.00546	0.00614	0.00614	0.00614	0.00546	0.00341	0.00818	0.00818	0.01091	0.01773	0.03683	0.02046	0.80222	0.02864	0.00546	0.00546	0.00818	0.00341	0.00341
20	0.00870	0.00592	0.00771	0.00716	0.00865	0.00542	0.00541	0.01129	0.01582	0.05619	0.70451	0.04145	0.07754	0.01140	0.00659	0.00177	0.00276	0.01004	0.00619	0.00548
21	0.02255	0.03957	0.01510	0.01126	0.01560	0.01277	0.00931	0.30938	0.07513	0.40147	0.01836	0.01673	0.01224	0.00686	0.00558	0.00171	0.00536	0.00539	0.00619	0.00944
22	0.01308	0.00847	0.01197	0.01031	0.01172	0.00945	0.04086	0.01444	0.01042	0.17934	0.01556	0.02356	0.01428	0.26485	0.16504	0.00449	0.18601	0.00640	0.00387	0.00589
23	0.01200	0.00756	0.00923	0.00817	0.01044	0.00728	0.00633	0.04288	0.10908	0.14984	0.42390	0.03602	0.13366	0.01043	0.00632	0.00180	0.00340	0.00896	0.00612	0.00657
24	0.00686	0.00490	0.00653	0.00784	0.00816	0.00457	0.00522	0.00784	0.01077	0.01437	0.03102	0.79855	0.03722	0.01763	0.00718	0.00229	0.00326	0.01600	0.00522	0.00457
25	0.01309	0.01180	0.01884	0.43422	0.23168	0.02560	0.04740	0.07928	0.01329	0.03582	0.01099	0.01475	0.00842	0.00558	0.00561	0.00178	0.00712	0.00508	0.02229	0.00738
26	0.01959	0.01520	0.01687	0.01394	0.04772	0.03204	0.01102	0.58580	0.04856	0.03113	0.01298	0.01375	0.00960	0.00768	0.02115	0.00191	0.09189	0.00508	0.00507	0.00901
27	0.06041	0.13477	0.03159	0.00950	0.01302	0.02564	0.00791	0.09652	0.06998	0.04819	0.05014	0.15595	0.03581	0.00816	0.00542	0.00155	0.02028	0.00663	0.00424	0.21426
28	0.01466	0.18328	0.19076	0.04006	0.05058	0.06985	0.07651	0.11799	0.04764	0.03093	0.01124	0.02802	0.00909	0.00733	0.03105	0.00194	0.07336	0.00476	0.00324	0.00772
29	0.00906	0.06245	0.00942	0.00843	0.00966	0.07727	0.00620	0.01044	0.01221	0.01543	0.12917	0.42440	0.14440	0.01401	0.00705	0.00201	0.03634	0.01211	0.00484	0.00512

[dist]
# distance from previous block
# <min> <max>
0	21

[block]
# block no. 3 follows, 42 sequences, length 14
# corresponding to MSA columns:
# 274-287
name=unknown_D
#
# <colnr> <probs for GDERKNQSTAVLIFYWHMCP>
#	G	D	E	R	K	N	Q	S	T	A	V	L	I	F	Y	W	H	M	C	P
0	0.01204	0.01023	0.01209	0.00892	0.01336	0.00859	0.00718	0.04168	0.01198	0.01868	0.01023	0.01214	0.00853	0.00482	0.00539	0.00102	0.06910	0.00360	0.03411	0.70630
1	0.05838	0.26342	0.11611	0.01022	0.01372	0.04960	0.00954	0.02711	0.01204	0.07238	0.03261	0.23194	0.03340	0.00925	0.00577	0.00174	0.03489	0.00745	0.00381	0.00661
2	0.01201	0.00875	0.00998	0.00846	0.01154	0.00813	0.00659	0.07050	0.12609	0.09247	0.11158	0.08696	0.21035	0.00955	0.00579	0.00163	0.00385	0.00804	0.00516	0.20256
3	0.06254	0.01106	0.01351	0.01045	0.01468	0.01072	0.00862	0.21192	0.01829	0.51642	0.01913	0.01730	0.01245	0.00681	0.00548	0.00171	0.00504	0.00537	0.03924	0.00924
4	0.00807	0.00574	0.00742	0.00783	0.00839	0.00581	0.00540	0.00937	0.04220	0.01455	0.10362	0.38891	0.06624	0.12302	0.04085	0.10652	0.03545	0.01153	0.00457	0.00450
5	0.01307	0.01050	0.01588	0.46744	0.02848	0.01289	0.01325	0.06473	0.01228	0.08903	0.01143	0.01516	0.00866	0.00669	0.00796	0.00193	0.15545	0.00507	0.05340	0.00672
6	0.00797	0.00537	0.00620	0.00641	0.00646	0.00531	0.00370	0.00813	0.00860	0.01147	0.01986	0.15894	0.02315	0.67645	0.02520	0.00495	0.00510	0.00944	0.00370	0.00360
7	0.00817	0.00550	0.00636	0.00636	0.00643	0.00557	0.00368	0.00832	0.00825	0.01107	0.01753	0.03572	0.01998	0.74514	0.08507	0.00573	0.00618	0.00802	0.00338	0.00353
8	0.03102	0.01165	0.01431	0.28685	0.06340	0.08962	0.01141	0.05633	0.07946	0.03562	0.01270	0.01619	0.01013	0.02212	0.05482	0.01398	0.07674	0.00510	0.10194	0.00662
9	0.01258	0.00721	0.00932	0.00843	0.00949	0.00747	0.00603	0.14871	0.01143	0.05016	0.01166	0.01800	0.01073	0.07534	0.01863	0.57691	0.00517	0.00521	0.00333	0.00420
10	0.02065	0.00889	0.01178	0.00970	0.01311	0.00802	0.00772	0.07126	0.01554	0.54303	0.02370	0.20269	0.01913	0.00947	0.00602	0.00187	0.00452	0.00806	0.00646	0.00840
11	0.27325	0.01117	0.01202	0.06166	0.01514	0.01145	0.00810	0.12179	0.06982	0.15123	0.01287	0.01334	0.00938	0.00570	0.00463	0.00154	0.00486	0.00422	0.00445	0.20338
12	0.05519	0.01486	0.01794	0.12481	0.30220	0.14071	0.01330	0.10387	0.06041	0.09435	0.01231	0.01412	0.00940	0.00579	0.00542	0.00169	0.00688	0.00484	0.00372	0.00817
13	0.11747	0.01417	0.02758	0.02070	0.05527	0.01367	0.54285	0.04526	0.01350	0.07613	0.01180	0.01462	0.00869	0.00505	0.00609	0.00185	0.00826	0.00600	0.00333	0.00768

[dist]
# distance from previous block
# <min> <max>
2	12

[block]
# block no. 4 follows, 42 sequences, length 20
# corresponding to MSA columns:
# 300-319
name=unknown_E
#
# <colnr> <probs for GDERKNQSTAVLIFYWHMCP>
#	G	D	E	R	K	N	Q	S	T	A	V	L	I	F	Y	W	H	M	C	P
0	0.00926	0.00741	0.01033	0.00907	0.01127	0.00726	0.03155	0.01131	0.00985	0.01452	0.01376	0.02029	0.01286	0.10088	0.46472	0.00615	0.01091	0.00549	0.00314	0.23998
1	0.12130	0.01203	0.01630	0.04024	0.03489	0.01283	0.12783	0.16128	0.12107	0.12934	0.05693	0.01849	0.04666	0.00729	0.00667	0.01444	0.05401	0.00590	0.00470	0.00782
2	0.01274	0.03540	0.01783	0.01470	0.01525	0.03636	0.03754	0.03262	0.00952	0.01424	0.00798	0.01262	0.00769	0.01041	0.04198	0.00258	0.67672	0.00494	0.00258	0.00630
3	0.03601	0.01849	0.06352	0.01668	0.15036	0.31139	0.01160	0.13098	0.01558	0.01858	0.01352	0.14210	0.01284	0.00782	0.00589	0.00172	0.02587	0.00620	0.00366	0.00720
4	0.00711	0.00510	0.00649	0.00740	0.00806	0.00470	0.00507	0.00838	0.01160	0.01562	0.11173	0.59990	0.12098	0.01612	0.00693	0.00215	0.00313	0.01445	0.04040	0.00470
5	0.03395	0.18487	0.43551	0.01460	0.02122	0.05884	0.06249	0.09270	0.01355	0.01866	0.00993	0.01151	0.00747	0.00537	0.00504	0.00164	0.00771	0.00412	0.00280	0.00802
6	0.01335	0.00801	0.00830	0.00727	0.00942	0.00845	0.00571	0.20603	0.01565	0.02478	0.01709	0.01902	0.01315	0.00661	0.00438	0.00141	0.00356	0.00520	0.61625	0.00638
7	0.00831	0.00635	0.00928	0.00913	0.00999	0.00750	0.00703	0.01009	0.00894	0.01290	0.01485	0.02282	0.01423	0.10694	0.66868	0.00834	0.06050	0.00615	0.00302	0.00495
8	0.00896	0.00630	0.00798	0.00741	0.00900	0.00595	0.00560	0.01238	0.06267	0.05175	0.65362	0.04039	0.08391	0.01121	0.00654	0.00178	0.00286	0.00984	0.00615	0.00568
9	0.01869	0.01321	0.01428	0.01126	0.01482	0.01441	0.00900	0.55617	0.02218	0.05701	0.01481	0.01805	0.01183	0.13994	0.00939	0.00230	0.00581	0.00562	0.05293	0.00829
10	0.00736	0.00527	0.00691	0.00806	0.00854	0.00501	0.00549	0.03023	0.01131	0.01507	0.03046	0.75464	0.03626	0.01725	0.00715	0.00228	0.00341	0.03535	0.00524	0.00474
11	0.00687	0.00548	0.00616	0.00647	0.00786	0.00477	0.00467	0.00833	0.01265	0.01590	0.13913	0.25928	0.47292	0.01484	0.00680	0.00199	0.00294	0.01281	0.00535	0.00477
12	0.04160	0.20337	0.11039	0.03626	0.04973	0.13183	0.06999	0.01787	0.05887	0.01577	0.00961	0.01196	0.00806	0.00632	0.00780	0.00173	0.17805	0.00431	0.00282	0.03367
13	0.01120	0.00738	0.00862	0.00793	0.00987	0.00717	0.00599	0.12567	0.01525	0.08317	0.19720	0.19850	0.18244	0.03656	0.00698	0.00197	0.00364	0.01013	0.07435	0.00599
14	0.00713	0.00501	0.00645	0.00748	0.00774	0.00476	0.00484	0.00791	0.01023	0.01364	0.02823	0.63885	0.03371	0.18213	0.01168	0.00295	0.00372	0.01436	0.00484	0.00433
15	0.02049	0.01161	0.01363	0.01076	0.01476	0.01170	0.00875	0.28363	0.08461	0.32456	0.01864	0.05280	0.01342	0.00725	0.00555	0.00169	0.00505	0.00583	0.04696	0.05833
16	0.05391	0.01018	0.01278	0.08823	0.06283	0.01083	0.00909	0.18139	0.03235	0.10139	0.07564	0.14662	0.02900	0.02880	0.00704	0.00190	0.04956	0.00732	0.03459	0.05655
17	0.01961	0.03466	0.01498	0.01144	0.01535	0.03172	0.00932	0.49468	0.02182	0.12437	0.01557	0.05416	0.01201	0.03331	0.00626	0.00178	0.00565	0.00567	0.05764	0.02999
18	0.15732	0.04060	0.01447	0.21359	0.08242	0.06885	0.01058	0.10928	0.03468	0.03964	0.05874	0.01514	0.01133	0.00602	0.00500	0.00163	0.00589	0.00476	0.04420	0.07584
19	0.01385	0.29803	0.20982	0.01161	0.01660	0.05832	0.03132	0.05857	0.02805	0.03660	0.02895	0.05942	0.01110	0.00621	0.00476	0.00150	0.00630	0.00478	0.05570	0.05852

[dist]
# distance from previous block
# <min> <max>
0	17

[block]
# block no. 5 follows, 42 sequences, length 10
# corresponding to MSA columns:
# 337-346
name=unknown_F
#
# <colnr> <probs for GDERKNQSTAVLIFYWHMCP>
#	G	D	E	R	K	N	Q	S	T	A	V	L	I	F	Y	W	H	M	C	P
0	0.05388	0.01062	0.01634	0.34962	0.18948	0.01172	0.01320	0.01540	0.01163	0.05941	0.01178	0.06041	0.00995	0.00637	0.00629	0.00176	0.05891	0.00539	0.00312	0.10470
1	0.01378	0.05638	0.07469	0.04697	0.01535	0.05676	0.04514	0.14139	0.03707	0.06250	0.04367	0.04169	0.04661	0.13085	0.03893	0.00255	0.05196	0.00614	0.03102	0.05657
2	0.00947	0.00595	0.00760	0.00743	0.00891	0.00535	0.00547	0.01138	0.01395	0.10715	0.35078	0.26192	0.15674	0.01319	0.00668	0.00194	0.00312	0.01161	0.00585	0.00551
3	0.00961	0.00601	0.00721	0.00696	0.00788	0.00580	0.00469	0.03151	0.01179	0.06658	0.19591	0.13481	0.04991	0.35755	0.01604	0.00342	0.00421	0.00930	0.06605	0.00477
4	0.08347	0.10699	0.01716	0.03627	0.03930	0.10223	0.05882	0.16755	0.01644	0.25660	0.01549	0.01575	0.03069	0.02164	0.00571	0.00172	0.00622	0.00503	0.00476	0.00817
5	0.01323	0.02603	0.60254	0.01630	0.04464	0.04151	0.05003	0.06075	0.01321	0.06392	0.01104	0.01255	0.00779	0.00551	0.00543	0.00176	0.00805	0.00441	0.00289	0.00838
6	0.00732	0.00527	0.00645	0.00721	0.00775	0.00495	0.00483	0.00820	0.01053	0.01372	0.03140	0.43467	0.14485	0.22686	0.01288	0.00309	0.00390	0.05705	0.00474	0.00433
7	0.01209	0.01156	0.01997	0.34064	0.37718	0.01250	0.05876	0.01553	0.01207	0.01647	0.01170	0.06470	0.01013	0.00606	0.00576	0.00181	0.00697	0.00581	0.00283	0.00747
8	0.01379	0.10681	0.19510	0.15775	0.07301	0.01352	0.03359	0.06333	0.03462	0.09365	0.06219	0.01575	0.01179	0.00644	0.00646	0.00177	0.07236	0.00508	0.02541	0.00759
9	0.01375	0.01132	0.01641	0.17105	0.18552	0.05635	0.06107	0.03618	0.03424	0.10531	0.01572	0.06813	0.01418	0.07564	0.00846	0.00221	0.03923	0.07438	0.00380	0.00705

[dist]
# distance from previous block
# <min> <max>
1	7

[block]
# block no. 6 follows, 42 sequences, length 17
# corresponding to MSA columns:
# 354-370
name=unknown_G
#
# <colnr> <probs for GDERKNQSTAVLIFYWHMCP>
#	G	D	E	R	K	N	Q	S	T	A	V	L	I	F	Y	W	H	M	C	P
0	0.00857	0.00644	0.00866	0.05981	0.01078	0.00646	0.03552	0.04155	0.01099	0.01457	0.05073	0.31945	0.06321	0.30311	0.01483	0.00335	0.00473	0.02824	0.00433	0.00465
1	0.01022	0.00817	0.01067	0.02895	0.03870	0.00816	0.00747	0.02645	0.01211	0.04459	0.12371	0.24759	0.08120	0.01093	0.00789	0.00182	0.12238	0.00906	0.00443	0.19550
2	0.00881	0.00597	0.00811	0.00912	0.01021	0.00574	0.00729	0.01072	0.01233	0.04860	0.04818	0.33814	0.06468	0.01581	0.00739	0.00239	0.00428	0.38180	0.00530	0.00513
3	0.01692	0.01568	0.01395	0.01224	0.01557	0.18338	0.00953	0.11436	0.47347	0.05516	0.01861	0.01762	0.01393	0.00709	0.00557	0.00177	0.00594	0.00557	0.00514	0.00849
4	0.01128	0.00833	0.02671	0.00840	0.01145	0.00682	0.00677	0.03099	0.01388	0.09336	0.25765	0.09592	0.05060	0.00919	0.00577	0.00155	0.00384	0.05960	0.00500	0.29289
5	0.07380	0.01185	0.01281	0.01083	0.03669	0.04765	0.00828	0.22796	0.06114	0.13893	0.01512	0.03409	0.01201	0.07451	0.03164	0.00210	0.00560	0.00528	0.04118	0.14854
6	0.02345	0.01158	0.01423	0.01088	0.01531	0.01118	0.00898	0.25805	0.01924	0.50409	0.01891	0.01704	0.01230	0.00678	0.00559	0.00169	0.00521	0.00537	0.00639	0.04371
7	0.05579	0.01092	0.01325	0.01036	0.01432	0.01070	0.00846	0.22941	0.01856	0.44122	0.08939	0.01976	0.01625	0.02754	0.00624	0.00182	0.00498	0.00588	0.00628	0.00887
8	0.06995	0.02008	0.01483	0.01301	0.01597	0.45676	0.01009	0.02269	0.06155	0.16586	0.01210	0.01278	0.00915	0.00651	0.00645	0.00165	0.08517	0.00430	0.00388	0.00722
9	0.02041	0.01546	0.04387	0.01269	0.01711	0.01629	0.01069	0.65686	0.02473	0.06047	0.01461	0.05453	0.01108	0.00728	0.00570	0.00173	0.00607	0.00562	0.00554	0.00926
10	0.00686	0.00490	0.00653	0.00784	0.00816	0.00457	0.00522	0.00784	0.01077	0.01437	0.03102	0.79855	0.03722	0.01763	0.00718	0.00229	0.00326	0.01600	0.00522	0.00457
11	0.00808	0.00594	0.00637	0.00621	0.00817	0.00502	0.00467	0.00959	0.01309	0.07050	0.08643	0.09582	0.63269	0.01380	0.00661	0.00191	0.00301	0.01159	0.00540	0.00512
12	0.01258	0.01210	0.02091	0.33555	0.44354	0.01306	0.04866	0.01615	0.01221	0.01677	0.01039	0.01441	0.00833	0.00525	0.00564	0.00176	0.00714	0.00508	0.00267	0.00779
13	0.01999	0.01557	0.01572	0.01245	0.01652	0.07141	0.01013	0.58188	0.09582	0.03187	0.01437	0.01445	0.01043	0.00676	0.00550	0.00167	0.00609	0.00510	0.05524	0.00903
14	0.00764	0.00523	0.00630	0.00683	0.00697	0.00509	0.00415	0.00804	0.00924	0.01233	0.02317	0.34882	0.02732	0.48086	0.01985	0.00416	0.00456	0.01138	0.00415	0.00389
15	0.63444	0.01036	0.00921	0.00792	0.01147	0.01138	0.00650	0.01846	0.01122	0.17691	0.04821	0.01281	0.01002	0.00589	0.00408	0.00174	0.00436	0.00393	0.00433	0.00676
16	0.08548	0.01589	0.10375	0.01447	0.11051	0.13173	0.01121	0.14801	0.01623	0.21628	0.03458	0.01632	0.03799	0.00654	0.00536	0.00168	0.00631	0.00510	0.02436	0.00820

[dist]
# distance from previous block
# <min> <max>
0	8

[block]
# block no. 7 follows, 42 sequences, length 51
# corresponding to MSA columns:
# 379-429
name=unknown_H
#
# <colnr> <probs for GDERKNQSTAVLIFYWHMCP>
#	G	D	E	R	K	N	Q	S	T	A	V	L	I	F	Y	W	H	M	C	P
0	0.02842	0.00651	0.00841	0.00830	0.00984	0.00610	0.00603	0.01371	0.04582	0.18163	0.13719	0.44354	0.03250	0.03537	0.00722	0.00215	0.00364	0.01196	0.00569	0.00597
1	0.78768	0.01055	0.00822	0.00738	0.01072	0.01215	0.00604	0.01616	0.00999	0.02507	0.05707	0.01128	0.00915	0.00563	0.00369	0.00174	0.00424	0.00351	0.00366	0.00604
2	0.00809	0.00578	0.00795	0.00925	0.01012	0.00564	0.00737	0.00997	0.01199	0.01575	0.03034	0.38788	0.03452	0.01647	0.00751	0.00246	0.00434	0.41447	0.00520	0.00491
3	0.01060	0.00686	0.00863	0.00779	0.00964	0.00647	0.00595	0.06930	0.01626	0.09820	0.54121	0.08315	0.09135	0.01122	0.00649	0.00180	0.00319	0.00978	0.00611	0.00599
4	0.01217	0.11116	0.57148	0.01513	0.02184	0.04163	0.01817	0.01735	0.01157	0.01665	0.00946	0.01156	0.00718	0.00587	0.00678	0.00179	0.10581	0.00411	0.00241	0.00787
5	0.01192	0.14864	0.64016	0.01524	0.02295	0.01452	0.03684	0.01768	0.01185	0.01712	0.00978	0.01152	0.00718	0.00525	0.00511	0.00170	0.00799	0.00404	0.00239	0.00813
6	0.00688	0.00492	0.00656	0.00782	0.00817	0.00459	0.00523	0.00791	0.01091	0.01458	0.04973	0.77924	0.03763	0.01747	0.00717	0.00227	0.00325	0.01585	0.00525	0.00459
7	0.00686	0.00490	0.00653	0.00784	0.00816	0.00457	0.00522	0.00784	0.01077	0.01437	0.03102	0.79855	0.03722	0.01763	0.00718	0.00229	0.00326	0.01600	0.00522	0.00457
8	0.00972	0.00531	0.00732	0.00726	0.00756	0.00528	0.00489	0.02919	0.00857	0.01147	0.01454	0.04851	0.06080	0.07427	0.01991	0.64298	0.00471	0.00599	0.02869	0.00303
9	0.01134	0.00656	0.00861	0.00786	0.00970	0.00602	0.00597	0.01405	0.03504	0.16684	0.50902	0.13134	0.04256	0.01128	0.00649	0.00183	0.00319	0.00992	0.00621	0.00614
10	0.00958	0.00496	0.00718	0.00718	0.00718	0.00496	0.00470	0.00744	0.00744	0.00992	0.01077	0.01956	0.01111	0.11711	0.02282	0.73270	0.00496	0.00530	0.00256	0.00256
11	0.01184	0.01142	0.01860	0.61450	0.09515	0.03685	0.07221	0.04345	0.01227	0.01578	0.01025	0.01472	0.00777	0.00556	0.00568	0.00184	0.00762	0.00509	0.00268	0.00671
12	0.10563	0.01047	0.01612	0.25071	0.09980	0.01100	0.08117	0.03485	0.01295	0.22256	0.01472	0.06644	0.01139	0.00700	0.00606	0.02560	0.00615	0.00584	0.00413	0.00740
13	0.00916	0.00661	0.00911	0.01032	0.01165	0.00665	0.00895	0.01211	0.03600	0.01698	0.02962	0.08384	0.03206	0.01536	0.00769	0.00256	0.00510	0.68576	0.00520	0.00528
14	0.01387	0.01367	0.01978	0.18334	0.46166	0.07821	0.01535	0.01870	0.10552	0.01782	0.01184	0.01471	0.00952	0.00553	0.00556	0.00172	0.00687	0.00506	0.00310	0.00817
15	0.01181	0.08549	0.48103	0.01340	0.01943	0.01207	0.01559	0.01732	0.06060	0.06186	0.01521	0.15324	0.01357	0.00774	0.00558	0.00183	0.00677	0.00641	0.00338	0.00767
16	0.02034	0.01976	0.01580	0.01334	0.01678	0.42750	0.05718	0.11857	0.01689	0.15265	0.01392	0.01445	0.03273	0.00637	0.00534	0.00157	0.00801	0.00471	0.04667	0.00742
17	0.61147	0.03367	0.02757	0.00984	0.03508	0.14247	0.00780	0.04342	0.01144	0.02301	0.00831	0.00967	0.00655	0.00536	0.00393	0.00168	0.00559	0.00330	0.00339	0.00645
18	0.00713	0.00562	0.00643	0.00644	0.00795	0.00492	0.00475	0.00892	0.01364	0.01763	0.29700	0.14278	0.42932	0.01373	0.00671	0.00190	0.00283	0.01181	0.00556	0.00492
19	0.01156	0.07573	0.53312	0.01562	0.02268	0.01296	0.11219	0.01695	0.01195	0.01738	0.01135	0.05874	0.00918	0.00588	0.00543	0.00173	0.00775	0.00505	0.00267	0.06208
20	0.01135	0.00967	0.01133	0.00830	0.01300	0.00731	0.00657	0.01376	0.01161	0.01808	0.01138	0.06311	0.01022	0.00505	0.00436	0.00093	0.00411	0.00416	0.00346	0.78223
21	0.04474	0.01519	0.01615	0.01261	0.01693	0.01691	0.01035	0.64350	0.11062	0.03378	0.01443	0.01425	0.01035	0.00681	0.00558	0.00172	0.00594	0.00516	0.00558	0.00939
22	0.00752	0.00586	0.00833	0.14723	0.01359	0.00600	0.00702	0.00902	0.01099	0.01442	0.02895	0.61008	0.07928	0.01527	0.00687	0.00219	0.00400	0.01377	0.00474	0.00488
23	0.00822	0.00622	0.00821	0.00825	0.00900	0.00677	0.00601	0.00994	0.02985	0.01400	0.07351	0.15742	0.07138	0.20758	0.28548	0.00536	0.05471	0.02940	0.00394	0.00475
24	0.01424	0.01198	0.01261	0.01121	0.01440	0.01372	0.00876	0.08394	0.65637	0.02412	0.02312	0.02146	0.03985	0.00774	0.00570	0.00187	0.00449	0.00640	0.02929	0.00872
25	0.00790	0.00585	0.00853	0.00869	0.00954	0.00662	0.00655	0.00964	0.00920	0.01307	0.01725	0.11994	0.01741	0.09288	0.63048	0.00795	0.01292	0.00742	0.00332	0.00485
26	0.02102	0.02682	0.01595	0.01450	0.01740	0.77963	0.01087	0.02247	0.01595	0.01377	0.00870	0.01015	0.00725	0.00580	0.00507	0.00145	0.01015	0.00362	0.00290	0.00652
27	0.01075	0.00670	0.00720	0.00672	0.00781	0.00691	0.00460	0.10609	0.01200	0.01804	0.01772	0.04439	0.01709	0.37602	0.01569	0.00330	0.00441	0.00682	0.32278	0.00494
28	0.00686	0.00490	0.00653	0.00784	0.00816	0.00457	0.00522	0.00784	0.01077	0.01437	0.03102	0.79855	0.03722	0.01763	0.00718	0.00229	0.00326	0.01600	0.00522	0.00457
29	0.00774	0.00556	0.00751	0.00862	0.00941	0.00532	0.00657	0.00946	0.01209	0.01606	0.10243	0.45027	0.05126	0.01623	0.00733	0.00234	0.00388	0.26776	0.00530	0.00486
30	0.01845	0.28652	0.02056	0.01289	0.01624	0.47653	0.01055	0.02001	0.01396	0.01358	0.00832	0.00991	0.00725	0.00573	0.00546	0.00143	0.05966	0.00350	0.00271	0.00673
31	0.68700	0.01064	0.00918	0.00790	0.01154	0.01180	0.00651	0.01861	0.01082	0.16676	0.01056	0.01104	0.00758	0.00555	0.00390	0.00174	0.00444	0.00354	0.00414	0.00676
32	0.00686	0.00490	0.00653	0.00784	0.00816	0.00457	0.00522	0.00784	0.01077	0.01437	0.03102	0.79855	0.03722	0.01763	0.00718	0.00229	0.00326	0.01600	0.00522	0.00457
33	0.00863	0.00590	0.00774	0.00719	0.00864	0.00542	0.00542	0.01127	0.01594	0.05143	0.73554	0.04115	0.05159	0.01133	0.00660	0.00177	0.00274	0.01000	0.00622	0.00547
34	0.07379	0.03786	0.01577	0.01382	0.01693	0.64759	0.01053	0.08862	0.01643	0.01649	0.00907	0.01037	0.00739	0.00583	0.00500	0.00149	0.00934	0.00371	0.00318	0.00679
35	0.02288	0.01338	0.01541	0.01182	0.01626	0.01392	0.00976	0.47077	0.02247	0.31868	0.01686	0.01568	0.01125	0.00684	0.00564	0.00171	0.00565	0.00529	0.00614	0.00957
36	0.20974	0.01063	0.01141	0.01095	0.03236	0.02686	0.00884	0.17608	0.07478	0.04197	0.01941	0.05085	0.01852	0.00992	0.00595	0.00206	0.00523	0.27271	0.00486	0.00687
37	0.00769	0.00527	0.00637	0.00685	0.00700	0.00518	0.00418	0.00811	0.00916	0.01225	0.02254	0.31648	0.02643	0.49113	0.04308	0.00440	0.00494	0.01099	0.00407	0.00388
38	0.00712	0.00557	0.00645	0.00654	0.00797	0.00490	0.00479	0.00888	0.01349	0.01749	0.28650	0.18316	0.39916	0.01395	0.00674	0.00193	0.00286	0.01205	0.00555	0.00490
39	0.01350	0.35527	0.41131	0.01325	0.01974	0.06684	0.01546	0.01772	0.01196	0.01563	0.00905	0.01057	0.00718	0.00515	0.00460	0.00152	0.00747	0.00364	0.00242	0.00774
40	0.02007	0.01511	0.01614	0.01268	0.01695	0.01683	0.01038	0.61998	0.15699	0.03334	0.01519	0.01485	0.01093	0.00691	0.00565	0.00173	0.00588	0.00530	0.00565	0.00945
41	0.02407	0.00977	0.01299	0.01009	0.01430	0.00875	0.00829	0.04353	0.06026	0.69152	0.04036	0.01970	0.01499	0.00711	0.00569	0.00175	0.00475	0.00580	0.00684	0.00943
42	0.01040	0.02423	0.61325	0.01397	0.02092	0.01137	0.01741	0.01595	0.01227	0.01774	0.06403	0.01994	0.12061	0.00703	0.00562	0.00180	0.00717	0.00566	0.00303	0.00761
43	0.01333	0.01412	0.01944	0.40251	0.17298	0.14976	0.09646	0.01664	0.01261	0.01545	0.01051	0.03175	0.00852	0.00571	0.00567	0.00177	0.00794	0.00519	0.00273	0.00692
44	0.00796	0.00575	0.00752	0.00708	0.00841	0.00531	0.00531	0.01062	0.01593	0.02257	0.76415	0.04204	0.05310	0.01150	0.00664	0.00177	0.00265	0.01018	0.00619	0.00531
45	0.00807	0.00541	0.00617	0.00628	0.00631	0.00538	0.00356	0.00815	0.00840	0.01120	0.01886	0.10127	0.02188	0.73584	0.02683	0.00519	0.00527	0.00885	0.00356	0.00351
46	0.02660	0.21342	0.38038	0.04127	0.14745	0.01562	0.01643	0.06492	0.01282	0.01796	0.00981	0.01169	0.00761	0.00526	0.00496	0.00162	0.00726	0.00409	0.00269	0.00813
47	0.01515	0.00829	0.01049	0.00886	0.01151	0.00788	0.00698	0.11900	0.01712	0.25677	0.38038	0.08017	0.03378	0.00983	0.00623	0.00178	0.00385	0.00843	0.00629	0.00719
48	0.00907	0.00648	0.00907	0.01036	0.01166	0.00648	0.00907	0.01166	0.01296	0.01684	0.02980	0.06348	0.03239	0.01555	0.00777	0.00259	0.00518	0.72924	0.00518	0.00518
49	0.01385	0.05831	0.40347	0.01797	0.07152	0.01453	0.16761	0.14832	0.01481	0.02084	0.01090	0.01285	0.00797	0.00543	0.00560	0.00176	0.00797	0.00483	0.00308	0.00838
50	0.08662	0.02944	0.15875	0.01441	0.06640	0.12720	0.03490	0.15733	0.18135	0.05551	0.01388	0.01438	0.01032	0.00622	0.00531	0.00172	0.00665	0.00484	0.01653	0.00824

[dist]
# distance from previous block
# <min> <max>
1	5

[block]
# block no. 8 follows, 42 sequences, length 34
# corresponding to MSA columns:
# 435-468
name=unknown_I
#
# <colnr> <probs for GDERKNQSTAVLIFYWHMCP>
#	G	D	E	R	K	N	Q	S	T	A	V	L	I	F	Y	W	H	M	C	P
0	0.05257	0.01265	0.01923	0.24532	0.34742	0.03674	0.03249	0.06380	0.01298	0.03616	0.01049	0.01387	0.00836	0.00567	0.00632	0.00177	0.05836	0.00489	0.00302	0.02789
1	0.00933	0.00702	0.00857	0.00842	0.04231	0.00646	0.00602	0.01266	0.07353	0.05391	0.37412	0.03983	0.26082	0.01107	0.00632	0.00175	0.00323	0.00952	0.00556	0.05955
2	0.10625	0.01213	0.01657	0.38366	0.20008	0.07994	0.01367	0.01638	0.01229	0.04986	0.04886	0.01523	0.01026	0.00581	0.00538	0.00176	0.00683	0.00496	0.00310	0.00697
3	0.01149	0.00981	0.01148	0.00832	0.01314	0.00739	0.00661	0.01393	0.01164	0.01819	0.01079	0.04099	0.00941	0.00467	0.00428	0.00089	0.00413	0.00381	0.00340	0.80563
4	0.01505	0.80561	0.02949	0.00963	0.01444	0.02227	0.00963	0.01685	0.01143	0.01324	0.00782	0.00903	0.00722	0.00481	0.00361	0.00120	0.00602	0.00301	0.00241	0.00722
5	0.02348	0.00654	0.00771	0.00728	0.00903	0.00622	0.00550	0.01239	0.08813	0.04335	0.44547	0.06998	0.23012	0.01181	0.00649	0.00184	0.00300	0.01019	0.00584	0.00564
6	0.00788	0.00575	0.00740	0.00699	0.00835	0.00527	0.00524	0.01045	0.01573	0.02208	0.71776	0.04283	0.09979	0.01169	0.00664	0.00178	0.00267	0.01029	0.00613	0.00527
7	0.01738	0.01377	0.01463	0.01214	0.01592	0.01558	0.00973	0.35881	0.42253	0.02900	0.01860	0.01757	0.01370	0.00723	0.00568	0.00181	0.00525	0.00577	0.00568	0.00921
8	0.00816	0.00621	0.00940	0.04442	0.01135	0.00728	0.00742	0.01025	0.00914	0.01312	0.01484	0.02179	0.01377	0.04055	0.74479	0.00872	0.01473	0.00598	0.00299	0.00508
9	0.02102	0.02682	0.01595	0.01450	0.01740	0.77963	0.01087	0.02247	0.01595	0.01377	0.00870	0.01015	0.00725	0.00580	0.00507	0.00145	0.01015	0.00362	0.00290	0.00652
10	0.01153	0.00995	0.01037	0.00952	0.01227	0.01090	0.00735	0.02258	0.50730	0.02074	0.03435	0.03212	0.26802	0.00986	0.00604	0.00191	0.00392	0.00821	0.00556	0.00751
11	0.00804	0.00576	0.00787	0.00914	0.01002	0.00560	0.00726	0.00989	0.01199	0.01571	0.03094	0.38864	0.05077	0.01644	0.00749	0.00244	0.00428	0.39762	0.00520	0.00490
12	0.00673	0.00567	0.00583	0.00586	0.00767	0.00478	0.00437	0.00821	0.01293	0.01559	0.09582	0.08065	0.69825	0.01422	0.00667	0.00191	0.00285	0.01193	0.00528	0.00478
13	0.01393	0.01337	0.02284	0.03454	0.76712	0.01337	0.01727	0.01727	0.01281	0.01839	0.01059	0.01393	0.00891	0.00501	0.00557	0.00167	0.00669	0.00501	0.00279	0.00891
14	0.84197	0.01088	0.00827	0.00740	0.01088	0.01262	0.00609	0.01654	0.00958	0.02525	0.00784	0.00914	0.00609	0.00522	0.00348	0.00174	0.00435	0.00305	0.00348	0.00609
15	0.00799	0.00596	0.00885	0.00891	0.00986	0.00688	0.00685	0.00990	0.00910	0.01306	0.01584	0.05635	0.01526	0.06246	0.72518	0.00865	0.01429	0.00652	0.00312	0.00496
16	0.01059	0.00556	0.00573	0.00567	0.00703	0.00561	0.00426	0.03453	0.01213	0.02093	0.01874	0.05722	0.01534	0.00784	0.02057	0.00153	0.00302	0.00576	0.75260	0.00534
17	0.01352	0.01382	0.03951	0.21718	0.52144	0.06342	0.01654	0.01692	0.01261	0.01709	0.01031	0.01389	0.00842	0.00522	0.00555	0.00171	0.00715	0.00490	0.00271	0.00809
18	0.01765	0.04399	0.01226	0.00942	0.01279	0.00945	0.00769	0.13218	0.04460	0.33457	0.17714	0.02791	0.10616	0.00888	0.00595	0.00177	0.00440	0.02919	0.00611	0.00789
19	0.84197	0.01088	0.00827	0.00740	0.01088	0.01262	0.00609	0.01654	0.00958	0.02525	0.00784	0.00914	0.00609	0.00522	0.00348	0.00174	0.00435	0.00305	0.00348	0.00609
20	0.01338	0.01335	0.02097	0.25286	0.41084	0.06360	0.07306	0.01741	0.04747	0.01712	0.01093	0.01442	0.00875	0.00535	0.00565	0.00175	0.00727	0.00511	0.00285	0.00787
21	0.01350	0.01143	0.01219	0.03435	0.03242	0.04795	0.00871	0.02493	0.51957	0.05400	0.05175	0.11177	0.03517	0.00884	0.00591	0.00191	0.00464	0.00751	0.00543	0.00802
22	0.02982	0.05054	0.02626	0.13837	0.10697	0.01425	0.39788	0.01657	0.01214	0.01685	0.01048	0.01439	0.00831	0.00630	0.02492	0.00204	0.09229	0.00571	0.00275	0.02317
23	0.01372	0.17829	0.02248	0.08034	0.48134	0.04256	0.01454	0.01655	0.01240	0.01660	0.01124	0.06431	0.01026	0.00587	0.00525	0.00162	0.00651	0.00526	0.00285	0.00800
24	0.07008	0.00965	0.01280	0.00987	0.01417	0.00851	0.00815	0.02683	0.01575	0.73008	0.02141	0.01860	0.01350	0.00687	0.00554	0.00174	0.00476	0.00552	0.00677	0.00939
25	0.00824	0.00593	0.00795	0.00888	0.00993	0.00575	0.00714	0.01028	0.01260	0.01663	0.12717	0.22297	0.07742	0.05706	0.00853	0.00253	0.00430	0.39651	0.00523	0.00494
26	0.01523	0.11388	0.43327	0.01378	0.02023	0.04797	0.02875	0.04241	0.02767	0.16592	0.03066	0.01391	0.00988	0.00585	0.00526	0.00169	0.00718	0.00456	0.00357	0.00832
27	0.01245	0.01159	0.01901	0.18928	0.47070	0.01222	0.01505	0.01647	0.06046	0.01748	0.01374	0.08149	0.01245	0.00679	0.00582	0.00182	0.00637	0.03577	0.00322	0.00784
28	0.00761	0.00526	0.00636	0.00685	0.00710	0.00508	0.00426	0.00819	0.00976	0.01305	0.06760	0.33763	0.04586	0.42890	0.01840	0.00391	0.00437	0.01146	0.00433	0.00401
29	0.05097	0.03134	0.03948	0.43262	0.09464	0.06270	0.01362	0.03438	0.02585	0.08170	0.03389	0.01640	0.01025	0.00623	0.00583	0.00182	0.02579	0.02228	0.00328	0.00695
30	0.01533	0.29276	0.19717	0.01338	0.03599	0.01593	0.07777	0.08007	0.01371	0.11275	0.05043	0.01387	0.01080	0.00594	0.00557	0.00160	0.04090	0.00461	0.00350	0.00790
31	0.00880	0.00635	0.00873	0.00994	0.01123	0.00627	0.00857	0.01124	0.01284	0.01662	0.03164	0.09812	0.08067	0.01556	0.00767	0.00253	0.00494	0.64797	0.00519	0.00512
32	0.06354	0.02228	0.46142	0.10165	0.02486	0.01319	0.11216	0.06576	0.01301	0.05437	0.01091	0.01294	0.00777	0.00546	0.00546	0.00180	0.00783	0.00464	0.00295	0.00800
33	0.04078	0.02757	0.15592	0.01255	0.06253	0.01059	0.03301	0.04611	0.15877	0.11778	0.16487	0.06179	0.05409	0.00837	0.00587	0.00182	0.00514	0.01995	0.00488	0.00758

[dist]
# distance from previous block
# <min> <max>
0	5

[block]
# block no. 9 follows, 42 sequences, length 38
# corresponding to MSA columns:
# 474-511
name=unknown_J
#
# <colnr> <probs for GDERKNQSTAVLIFYWHMCP>
#	G	D	E	R	K	N	Q	S	T	A	V	L	I	F	Y	W	H	M	C	P
0	0.07094	0.01201	0.05979	0.26398	0.17999	0.04241	0.01275	0.01743	0.01279	0.15955	0.01755	0.01921	0.09450	0.00669	0.00555	0.00178	0.00623	0.00567	0.00379	0.00739
1	0.13588	0.04170	0.11170	0.01607	0.12059	0.36639	0.01221	0.07763	0.01481	0.03960	0.00975	0.01124	0.00767	0.00563	0.00497	0.00158	0.00804	0.00396	0.00322	0.00736
2	0.00785	0.00583	0.00740	0.00764	0.00865	0.00558	0.00549	0.03272	0.01340	0.01822	0.31045	0.38595	0.12210	0.01440	0.00714	0.00203	0.02179	0.01273	0.00554	0.00507
3	0.03718	0.08327	0.39999	0.01411	0.03665	0.01279	0.05034	0.05656	0.03114	0.12763	0.01354	0.01437	0.03100	0.00581	0.00525	0.00167	0.00689	0.00466	0.00350	0.06365
4	0.01387	0.01002	0.01209	0.00883	0.01355	0.00797	0.00712	0.01627	0.01227	0.13877	0.01187	0.01289	0.00920	0.00482	0.00491	0.00104	0.03197	0.00376	0.00389	0.67491
5	0.01505	0.80561	0.02949	0.00963	0.01444	0.02227	0.00963	0.01685	0.01143	0.01324	0.00782	0.00903	0.00722	0.00481	0.00361	0.00120	0.00602	0.00301	0.00241	0.00722
6	0.01330	0.01385	0.07182	0.03124	0.66036	0.01274	0.01661	0.01681	0.01299	0.01866	0.06729	0.01591	0.01212	0.00553	0.00564	0.00169	0.00649	0.00535	0.00302	0.00860
7	0.00774	0.00586	0.00651	0.00627	0.00809	0.00505	0.00473	0.00955	0.01386	0.04577	0.26299	0.04929	0.52797	0.01317	0.00661	0.00186	0.00287	0.01115	0.00558	0.00510
8	0.01431	0.01224	0.01290	0.01152	0.01475	0.01414	0.00898	0.06041	0.72593	0.02405	0.02251	0.02068	0.01686	0.00760	0.00572	0.00190	0.00453	0.00631	0.00572	0.00894
9	0.00805	0.00600	0.00892	0.00892	0.00988	0.00697	0.00688	0.00997	0.00901	0.01297	0.01519	0.02275	0.01435	0.07557	0.74694	0.00889	0.01465	0.00612	0.00303	0.00495
10	0.00805	0.00575	0.00790	0.00920	0.01006	0.00560	0.00731	0.00991	0.01195	0.01571	0.03036	0.40063	0.03460	0.01650	0.00750	0.00245	0.00430	0.40210	0.00520	0.00490
11	0.01393	0.01194	0.01257	0.01126	0.01443	0.01373	0.00877	0.05147	0.70370	0.02357	0.02401	0.02212	0.04750	0.00788	0.00576	0.00190	0.00444	0.00655	0.00570	0.00876
12	0.00711	0.00512	0.00677	0.00783	0.00838	0.00478	0.00543	0.00839	0.01156	0.01548	0.11595	0.64354	0.06265	0.01669	0.00714	0.00223	0.00330	0.05763	0.00533	0.00470
13	0.00787	0.00609	0.00740	0.00805	0.00965	0.00562	0.00669	0.00988	0.01289	0.01603	0.04329	0.05886	0.39565	0.01490	0.00722	0.00225	0.00403	0.37346	0.00520	0.00497
14	0.01328	0.01518	0.03321	0.02372	0.02941	0.01423	0.74668	0.01803	0.01328	0.01803	0.01139	0.01518	0.00854	0.00474	0.00664	0.00190	0.00949	0.00664	0.00285	0.00759
15	0.04829	0.00915	0.01190	0.06734	0.01473	0.00868	0.00808	0.07036	0.01542	0.48106	0.04899	0.04318	0.01521	0.00724	0.00542	0.00170	0.00463	0.00592	0.12442	0.00827
16	0.01134	0.00790	0.00962	0.00873	0.00974	0.00952	0.00696	0.04526	0.01134	0.01885	0.01502	0.04096	0.01270	0.00916	0.03587	0.00198	0.24655	0.00548	0.48732	0.00569
17	0.00804	0.00603	0.00904	0.00904	0.01005	0.00703	0.00703	0.01005	0.00904	0.01306	0.01507	0.02211	0.01407	0.04221	0.77992	0.00904	0.01507	0.00603	0.00301	0.00502
18	0.10715	0.01362	0.01421	0.01128	0.01532	0.06451	0.00921	0.37379	0.02015	0.21388	0.03986	0.02920	0.01237	0.00699	0.00543	0.00169	0.00567	0.01706	0.00549	0.03311
