[name]
unknown

[dist]
# distance from previous block
# <min> <max>
4	102

[block]
# block no. 0 follows, 49 sequences, length 26
# corresponding to MSA columns:
# 334-359
name=unknown_A
#
# <colnr> <probs for GDERKNQSTAVLIFYWHMCP>
#	G	D	E	R	K	N	Q	S	T	A	V	L	I	F	Y	W	H	M	C	P
0	0.03691	0.02840	0.17954	0.01713	0.16462	0.03351	0.19518	0.03188	0.01959	0.01607	0.01139	0.09239	0.01017	0.02156	0.00596	0.00164	0.03733	0.00548	0.00281	0.08844
1	0.01289	0.04618	0.03749	0.08696	0.39097	0.10803	0.12347	0.02442	0.01190	0.03033	0.03001	0.01368	0.02753	0.00512	0.00540	0.00154	0.02955	0.00475	0.00270	0.00708
2	0.20586	0.17299	0.09783	0.09585	0.16421	0.02771	0.01050	0.03645	0.02509	0.02583	0.08384	0.01309	0.01083	0.00528	0.00430	0.00147	0.00528	0.00412	0.00297	0.00649
3	0.08485	0.01046	0.02250	0.16305	0.10122	0.09851	0.00904	0.06545	0.04393	0.05878	0.01605	0.09405	0.08800	0.00819	0.00646	0.08510	0.00527	0.00580	0.00342	0.02987
4	0.13620	0.01026	0.01055	0.00876	0.01144	0.02206	0.00676	0.29546	0.08879	0.02167	0.01317	0.01848	0.01168	0.22510	0.01026	0.00240	0.00487	0.01869	0.00403	0.07939
5	0.04867	0.08833	0.01081	0.00956	0.08406	0.00849	0.02766	0.06608	0.02427	0.02496	0.04603	0.10220	0.01711	0.40360	0.01504	0.00319	0.00485	0.00686	0.00340	0.00484
6	0.05264	0.03178	0.01264	0.01007	0.03505	0.01215	0.00798	0.45151	0.01838	0.06117	0.01610	0.01626	0.08425	0.00639	0.00475	0.00143	0.00466	0.00494	0.09851	0.06932
7	0.00662	0.00459	0.00602	0.00678	0.00724	0.00430	0.00462	0.00737	0.00991	0.01320	0.10251	0.54667	0.08494	0.05739	0.00868	0.08431	0.00315	0.03329	0.00445	0.00396
8	0.01220	0.01190	0.02095	0.09882	0.65032	0.01202	0.08842	0.01536	0.01143	0.01617	0.00953	0.01271	0.00787	0.00453	0.00510	0.00154	0.00632	0.00465	0.00249	0.00768
9	0.01188	0.02065	0.43078	0.01816	0.20991	0.09039	0.03659	0.01736	0.08567	0.01628	0.01020	0.01185	0.00772	0.00495	0.00489	0.00156	0.00697	0.00413	0.00257	0.00748
10	0.00958	0.00505	0.00516	0.00506	0.00629	0.00513	0.00380	0.02671	0.02673	0.01875	0.01641	0.01913	0.01307	0.02877	0.02238	0.00146	0.00278	0.00482	0.77413	0.00481
11	0.02048	0.00825	0.01111	0.00871	0.01225	0.00725	0.00712	0.02284	0.03618	0.67676	0.11484	0.01980	0.01695	0.00678	0.00520	0.00157	0.00406	0.00560	0.00614	0.00812
12	0.00750	0.00568	0.00634	0.00628	0.00780	0.00525	0.00462	0.01008	0.08580	0.04548	0.13264	0.17973	0.42647	0.04485	0.00674	0.00188	0.00291	0.01031	0.00484	0.00478
13	0.01733	0.01163	0.01263	0.00997	0.01338	0.01260	0.00814	0.51869	0.05507	0.10180	0.01413	0.01425	0.01014	0.00609	0.00477	0.00146	0.00474	0.00469	0.17068	0.00781
14	0.00850	0.00560	0.00684	0.00652	0.00806	0.00507	0.00488	0.03064	0.01295	0.09420	0.34007	0.17727	0.25722	0.01152	0.00594	0.00170	0.00281	0.00999	0.00521	0.00499
15	0.02188	0.00843	0.01144	0.00883	0.01262	0.00729	0.00727	0.02382	0.01439	0.75523	0.03888	0.01853	0.03402	0.00653	0.00513	0.00157	0.00421	0.00533	0.00620	0.00840
16	0.00626	0.00447	0.00595	0.00698	0.00736	0.00417	0.00470	0.00728	0.01013	0.01362	0.10123	0.74360	0.03482	0.01531	0.00641	0.00201	0.00288	0.01387	0.00478	0.00417
17	0.01964	0.01092	0.01285	0.01014	0.01390	0.01120	0.00828	0.28070	0.15937	0.39130	0.01740	0.01579	0.01172	0.00631	0.00509	0.00158	0.00468	0.00502	0.00564	0.00849
18	0.01176	0.00623	0.00801	0.00709	0.00908	0.00559	0.00543	0.01383	0.02575	0.25508	0.34302	0.09979	0.13433	0.04380	0.00655	0.00178	0.00317	0.00843	0.00547	0.00580
19	0.54553	0.01095	0.05010	0.00814	0.01176	0.01114	0.00706	0.11186	0.01176	0.17456	0.01031	0.01060	0.00729	0.00518	0.00384	0.00156	0.00438	0.00348	0.00393	0.00658
20	0.00625	0.00450	0.00593	0.00690	0.00734	0.00418	0.00467	0.00730	0.01021	0.01367	0.10422	0.71295	0.06277	0.01518	0.00639	0.00199	0.00287	0.01372	0.00478	0.00418
21	0.00801	0.00535	0.00623	0.00615	0.00760	0.00473	0.00452	0.00932	0.01142	0.09146	0.12185	0.17292	0.40120	0.09070	0.00791	0.00207	0.00308	0.03608	0.00479	0.00463
22	0.01388	0.01021	0.01118	0.00976	0.01255	0.02268	0.00763	0.13304	0.43137	0.11818	0.07496	0.09834	0.01804	0.00779	0.00531	0.00169	0.00412	0.00654	0.00522	0.00752
23	0.54459	0.00996	0.00914	0.02289	0.01139	0.01066	0.00624	0.09540	0.01091	0.04802	0.02125	0.00996	0.00716	0.00481	0.00360	0.00140	0.00410	0.00320	0.00344	0.17188
24	0.08291	0.00714	0.00987	0.00853	0.01061	0.00686	0.08157	0.04020	0.02407	0.09395	0.32027	0.15847	0.05806	0.02642	0.00604	0.00174	0.00369	0.02598	0.00478	0.02882
25	0.05025	0.00933	0.01049	0.00782	0.01175	0.00799	0.00617	0.11643	0.01191	0.01821	0.01002	0.01285	0.00863	0.08539	0.00608	0.00130	0.00412	0.00363	0.00329	0.61434

[dist]
# distance from previous block
# <min> <max>
5	11

[block]
# block no. 1 follows, 49 sequences, length 208
# corresponding to MSA columns:
# 371-578
name=unknown_B
#
# <colnr> <probs for GDERKNQSTAVLIFYWHMCP>
#	G	D	E	R	K	N	Q	S	T	A	V	L	I	F	Y	W	H	M	C	P
0	0.01476	0.02371	0.02983	0.00915	0.01259	0.02146	0.05812	0.03134	0.01259	0.31592	0.08284	0.11212	0.01623	0.02863	0.00556	0.00152	0.00434	0.00604	0.00465	0.20859
1	0.01559	0.04522	0.01177	0.06255	0.01355	0.00912	0.00755	0.13419	0.06386	0.30103	0.04506	0.11415	0.05725	0.00751	0.00511	0.00154	0.00431	0.00626	0.00494	0.08942
2	0.22412	0.02950	0.09338	0.02748	0.03248	0.21649	0.00939	0.09346	0.16233	0.04851	0.01117	0.01170	0.00845	0.00545	0.00441	0.00152	0.00595	0.00390	0.00354	0.00678
3	0.01126	0.00927	0.01078	0.00782	0.01222	0.00733	0.00630	0.06313	0.01146	0.03242	0.00972	0.01155	0.00804	0.00413	0.00391	0.00084	0.00389	0.01646	0.00322	0.76625
4	0.01469	0.00712	0.00938	0.00778	0.01038	0.00642	0.00618	0.02990	0.03488	0.37538	0.38811	0.02691	0.02932	0.00818	0.00548	0.00157	0.00339	0.00700	0.00582	0.02211
5	0.00634	0.00473	0.00593	0.00662	0.00732	0.00441	0.00460	0.00743	0.01010	0.01320	0.06531	0.49565	0.20290	0.05882	0.06631	0.00256	0.00374	0.02539	0.00450	0.00416
6	0.01247	0.01016	0.01155	0.00843	0.01282	0.00877	0.00681	0.18583	0.01351	0.01998	0.00970	0.01086	0.00774	0.00427	0.00404	0.00092	0.00416	0.00335	0.00347	0.66112
7	0.01304	0.67022	0.14908	0.00988	0.01469	0.03084	0.02447	0.01538	0.01043	0.01264	0.00743	0.00864	0.00650	0.00442	0.00356	0.00118	0.00585	0.00294	0.00217	0.00664
8	0.00657	0.00475	0.00621	0.00669	0.00741	0.00439	0.00469	0.00809	0.01167	0.01599	0.34382	0.46541	0.06861	0.01344	0.00623	0.00185	0.00269	0.01206	0.00506	0.00439
9	0.08181	0.01314	0.01417	0.01093	0.01490	0.01432	0.00903	0.62334	0.02148	0.12714	0.01275	0.01249	0.00886	0.00599	0.00492	0.00153	0.00528	0.00449	0.00507	0.00837
10	0.00716	0.00517	0.00676	0.00636	0.00755	0.00477	0.00477	0.00954	0.01431	0.02028	0.78808	0.03777	0.04771	0.01034	0.00596	0.00159	0.00239	0.00914	0.00557	0.00477
11	0.00616	0.00440	0.00587	0.00704	0.00733	0.00411	0.00469	0.00704	0.00968	0.01291	0.02787	0.81899	0.03344	0.01584	0.00645	0.00205	0.00293	0.01438	0.00469	0.00411
12	0.00598	0.00512	0.00512	0.00512	0.00683	0.00427	0.00384	0.00726	0.01153	0.01366	0.05123	0.04866	0.78869	0.01281	0.00598	0.00171	0.00256	0.01067	0.00470	0.00427
13	0.01948	0.01375	0.01492	0.01144	0.01548	0.01507	0.00945	0.71837	0.02309	0.08836	0.01272	0.01252	0.00889	0.00608	0.00506	0.00152	0.00547	0.00459	0.00515	0.00860
14	0.85801	0.00978	0.00743	0.00665	0.00978	0.01134	0.00548	0.01486	0.00861	0.02269	0.00704	0.00821	0.00548	0.00469	0.00313	0.00156	0.00391	0.00274	0.00313	0.00548
15	0.01049	0.00899	0.01049	0.00749	0.01198	0.00674	0.00599	0.01273	0.01049	0.01648	0.00899	0.01049	0.00749	0.00374	0.00374	0.00075	0.00374	0.00300	0.00300	0.85320
16	0.01049	0.00899	0.01049	0.00749	0.01198	0.00674	0.00599	0.01273	0.01049	0.01648	0.00899	0.01049	0.00749	0.00374	0.00374	0.00075	0.00374	0.00300	0.00300	0.85320
17	0.00598	0.00512	0.00512	0.00512	0.00683	0.00427	0.00384	0.00726	0.01153	0.01366	0.05123	0.04866	0.78869	0.01281	0.00598	0.00171	0.00256	0.01067	0.00470	0.00427
18	0.01252	0.01201	0.02053	0.03104	0.79074	0.01201	0.01552	0.01552	0.01151	0.01652	0.00951	0.01252	0.00801	0.00451	0.00501	0.00150	0.00601	0.00451	0.00250	0.00801
19	0.01352	0.82533	0.02650	0.00865	0.01298	0.02001	0.00865	0.01514	0.01027	0.01190	0.00703	0.00811	0.00649	0.00433	0.00324	0.00108	0.00541	0.00270	0.00216	0.00649
20	0.01221	0.00893	0.01066	0.00770	0.01211	0.00684	0.00620	0.01441	0.01105	0.12631	0.01054	0.01144	0.00820	0.00410	0.00393	0.00086	0.00382	0.00329	0.00346	0.73393
21	0.64325	0.01363	0.08383	0.00841	0.01187	0.13746	0.00742	0.01582	0.00972	0.02041	0.00736	0.00859	0.00573	0.00479	0.00352	0.00153	0.00508	0.00292	0.00295	0.00573
22	0.02169	0.00858	0.01154	0.00896	0.01273	0.00757	0.00736	0.02421	0.04863	0.73230	0.04729	0.01802	0.01390	0.00643	0.00512	0.00157	0.00422	0.00526	0.00618	0.00844
23	0.00616	0.00440	0.00587	0.00704	0.00733	0.00411	0.00469	0.00704	0.00968	0.01291	0.02787	0.81899	0.03344	0.01584	0.00645	0.00205	0.00293	0.01438	0.00469	0.00411
24	0.00616	0.00440	0.00587	0.00704	0.00733	0.00411	0.00469	0.00704	0.00968	0.01291	0.02787	0.81899	0.03344	0.01584	0.00645	0.00205	0.00293	0.01438	0.00469	0.00411
25	0.00955	0.00899	0.01517	0.81013	0.03483	0.01123	0.01404	0.01292	0.01011	0.01292	0.00899	0.01348	0.00674	0.00506	0.00506	0.00169	0.00674	0.00449	0.00225	0.00562
26	0.00861	0.00764	0.00887	0.00871	0.00982	0.10103	0.00673	0.01036	0.00887	0.01181	0.01286	0.01859	0.01191	0.03403	0.70730	0.00731	0.01302	0.00516	0.00270	0.00468
27	0.04490	0.00864	0.01162	0.00893	0.01283	0.00754	0.00738	0.02438	0.01432	0.77373	0.01961	0.01697	0.01233	0.00622	0.00503	0.00156	0.00429	0.00502	0.00618	0.00852
28	0.00616	0.00440	0.00587	0.00704	0.00733	0.00411	0.00469	0.00704	0.00968	0.01291	0.02787	0.81899	0.03344	0.01584	0.00645	0.00205	0.00293	0.01438	0.00469	0.00411
29	0.01049	0.00899	0.01049	0.00749	0.01198	0.00674	0.00599	0.01273	0.01049	0.01648	0.00899	0.01049	0.00749	0.00374	0.00374	0.00075	0.00374	0.00300	0.00300	0.85320
30	0.00598	0.00512	0.00512	0.00512	0.00683	0.00427	0.00384	0.00726	0.01153	0.01366	0.05123	0.04866	0.78869	0.01281	0.00598	0.00171	0.00256	0.01067	0.00470	0.00427
31	0.01500	0.53715	0.02325	0.01067	0.01466	0.18864	0.06022	0.07253	0.01227	0.01377	0.00779	0.00900	0.00673	0.00464	0.00385	0.00120	0.00643	0.00318	0.00250	0.00653
32	0.01890	0.02393	0.01434	0.01300	0.01563	0.78856	0.00977	0.03306	0.01449	0.01271	0.00789	0.00917	0.00655	0.00523	0.00457	0.00131	0.00906	0.00328	0.00265	0.00591
33	0.01252	0.01201	0.02053	0.03104	0.79074	0.01201	0.01552	0.01552	0.01151	0.01652	0.00951	0.01252	0.00801	0.00451	0.00501	0.00150	0.00601	0.00451	0.00250	0.00801
34	0.02074	0.00867	0.01154	0.00876	0.01276	0.00732	0.00720	0.02274	0.01384	0.66995	0.01820	0.01614	0.01171	0.00586	0.00487	0.00143	0.00421	0.00475	0.00574	0.14358
35	0.00615	0.00513	0.00537	0.00531	0.00694	0.00434	0.00398	0.00760	0.01194	0.01464	0.16040	0.04705	0.67891	0.01244	0.00597	0.00169	0.00254	0.01045	0.00482	0.00434
36	0.00989	0.00933	0.01569	0.68155	0.14093	0.01118	0.01402	0.01316	0.01034	0.01345	0.01004	0.01416	0.02496	0.00516	0.00507	0.00166	0.00654	0.00464	0.00234	0.00592
37	0.01014	0.02616	0.79609	0.01441	0.02189	0.01174	0.01868	0.01601	0.01068	0.01601	0.00907	0.01068	0.00641	0.00480	0.00480	0.00160	0.00747	0.00374	0.00214	0.00747
38	0.00716	0.00517	0.00676	0.00636	0.00755	0.00477	0.00477	0.00954	0.01431	0.02028	0.78808	0.03777	0.04771	0.01034	0.00596	0.00159	0.00239	0.00914	0.00557	0.00477
39	0.01194	0.01364	0.02984	0.02131	0.02643	0.01279	0.77238	0.01620	0.01194	0.01620	0.01023	0.01364	0.00767	0.00426	0.00597	0.00171	0.00853	0.00597	0.00256	0.00682
40	0.01223	0.01173	0.02002	0.10477	0.71921	0.01194	0.01538	0.01527	0.01138	0.01618	0.00946	0.01261	0.00789	0.00456	0.00501	0.00152	0.00608	0.00450	0.00248	0.00778
41	0.01123	0.00947	0.01087	0.00798	0.01232	0.00777	0.00638	0.06486	0.06852	0.01786	0.01006	0.01122	0.00815	0.00413	0.00394	0.00087	0.00389	0.00330	0.00329	0.73389
42	0.00616	0.00440	0.00587	0.00704	0.00733	0.00411	0.00469	0.00704	0.00968	0.01291	0.02787	0.81899	0.03344	0.01584	0.00645	0.00205	0.00293	0.01438	0.00469	0.00411
43	0.01014	0.02616	0.79609	0.01441	0.02189	0.01174	0.01868	0.01601	0.01068	0.01601	0.00907	0.01068	0.00641	0.00480	0.00480	0.00160	0.00747	0.00374	0.00214	0.00747
44	0.07587	0.71126	0.07674	0.00889	0.01334	0.01881	0.00909	0.01518	0.01018	0.01297	0.00717	0.00829	0.00641	0.00439	0.00334	0.00115	0.00544	0.00278	0.00223	0.00648
45	0.00598	0.00512	0.00512	0.00512	0.00683	0.00427	0.00384	0.00726	0.01153	0.01366	0.05123	0.04866	0.78869	0.01281	0.00598	0.00171	0.00256	0.01067	0.00470	0.00427
46	0.01307	0.01111	0.01171	0.01039	0.01334	0.01281	0.00812	0.08221	0.72546	0.02195	0.01996	0.01837	0.01493	0.00680	0.00514	0.00170	0.00412	0.00563	0.00514	0.00805
47	0.01220	0.51257	0.32768	0.01091	0.01646	0.01677	0.01258	0.01548	0.01043	0.01351	0.00783	0.00912	0.00646	0.00451	0.00385	0.00128	0.00622	0.00311	0.00215	0.00687
48	0.01887	0.01456	0.06733	0.01163	0.01589	0.01481	0.01006	0.66750	0.02221	0.08729	0.01251	0.01242	0.00874	0.00600	0.00504	0.00153	0.00560	0.00454	0.00495	0.00852
49	0.00629	0.00450	0.00602	0.00719	0.00755	0.00422	0.00493	0.00727	0.00981	0.01306	0.02780	0.76785	0.03315	0.01572	0.00649	0.00207	0.00305	0.06420	0.00469	0.00414
50	0.01238	0.01188	0.02029	0.06573	0.75709	0.01198	0.01545	0.01540	0.01145	0.01636	0.00949	0.01256	0.00795	0.00453	0.00501	0.00151	0.00604	0.00451	0.00249	0.00790
51	0.00647	0.00507	0.00586	0.00580	0.00717	0.00446	0.00430	0.00816	0.01249	0.01628	0.34798	0.11550	0.41824	0.01209	0.00602	0.00169	0.00252	0.01040	0.00505	0.00446
52	0.02034	0.00966	0.01218	0.00926	0.01328	0.00882	0.00762	0.15833	0.01559	0.54668	0.01699	0.01535	0.01110	0.00587	0.00489	0.00144	0.00445	0.00469	0.00558	0.12787
53	0.85801	0.00978	0.00743	0.00665	0.00978	0.01134	0.00548	0.01486	0.00861	0.02269	0.00704	0.00821	0.00548	0.00469	0.00313	0.00156	0.00391	0.00274	0.00313	0.00548
54	0.00806	0.00719	0.06012	0.00728	0.00900	0.02013	0.00598	0.01107	0.04583	0.03546	0.63269	0.07635	0.04135	0.00994	0.00583	0.00162	0.00299	0.00873	0.00523	0.00515
55	0.01163	0.01112	0.01893	0.26258	0.56609	0.01178	0.01508	0.01475	0.01110	0.01545	0.00936	0.01280	0.00763	0.00467	0.00502	0.00156	0.00623	0.00450	0.00243	0.00730
56	0.02269	0.00861	0.01174	0.00900	0.01291	0.00743	0.00743	0.02464	0.01447	0.79425	0.01995	0.01721	0.01252	0.00626	0.00509	0.00156	0.00430	0.00509	0.00626	0.00861
57	0.00615	0.00445	0.00581	0.00690	0.00730	0.00412	0.00463	0.00706	0.00982	0.01296	0.02960	0.76191	0.08941	0.01562	0.00642	0.00203	0.00291	0.01410	0.00469	0.00412
58	0.07020	0.77060	0.02522	0.00852	0.01276	0.01943	0.00844	0.01512	0.01016	0.01262	0.00703	0.00812	0.00642	0.00435	0.00324	0.00111	0.00531	0.00271	0.00223	0.00642
59	0.01725	0.01290	0.01401	0.01077	0.01472	0.01374	0.00882	0.61865	0.02103	0.02858	0.01234	0.04797	0.00953	0.00614	0.00491	0.00142	0.00516	0.00474	0.00471	0.14259
60	0.00727	0.00529	0.00686	0.00644	0.00767	0.00493	0.00484	0.00990	0.03015	0.02030	0.77223	0.03738	0.04705	0.01027	0.00595	0.00159	0.00242	0.00907	0.00556	0.00484
61	0.01022	0.02560	0.76197	0.01472	0.02209	0.01179	0.05224	0.01602	0.01073	0.01602	0.00913	0.01081	0.00646	0.00478	0.00486	0.00161	0.00752	0.00384	0.00215	0.00744
62	0.00955	0.00899	0.01517	0.81013	0.03483	0.01123	0.01404	0.01292	0.01011	0.01292	0.00899	0.01348	0.00674	0.00506	0.00506	0.00169	0.00674	0.00449	0.00225	0.00562
63	0.01851	0.08280	0.01529	0.01261	0.01544	0.69127	0.00968	0.07040	0.01466	0.01365	0.00805	0.00925	0.00665	0.00520	0.00450	0.00130	0.00861	0.00330	0.00274	0.00609
64	0.00784	0.00576	0.00716	0.00685	0.00820	0.00557	0.00511	0.01129	0.09845	0.03215	0.56105	0.12623	0.08357	0.01066	0.00592	0.00166	0.00267	0.00939	0.00538	0.00509
65	0.00998	0.00942	0.01594	0.69835	0.14329	0.01135	0.01426	0.01329	0.01031	0.01344	0.00906	0.01334	0.00692	0.00498	0.00505	0.00166	0.00664	0.00450	0.00228	0.00596
66	0.01191	0.01358	0.02949	0.02112	0.02611	0.01285	0.75396	0.01610	0.01183	0.01610	0.01014	0.01358	0.00765	0.00437	0.00622	0.00172	0.02799	0.00593	0.00255	0.00679
67	0.02269	0.00861	0.01174	0.00900	0.01291	0.00743	0.00743	0.02464	0.01447	0.79425	0.01995	0.01721	0.01252	0.00626	0.00509	0.00156	0.00430	0.00509	0.00626	0.00861
68	0.01944	0.01414	0.01491	0.01151	0.01549	0.04292	0.00947	0.69696	0.02282	0.08235	0.01251	0.01237	0.00879	0.00605	0.00504	0.00151	0.00561	0.00454	0.00505	0.00850
69	0.00955	0.00899	0.01517	0.81013	0.03483	0.01123	0.01404	0.01292	0.01011	0.01292	0.00899	0.01348	0.00674	0.00506	0.00506	0.00169	0.00674	0.00449	0.00225	0.00562
70	0.01877	0.00869	0.01113	0.00895	0.01226	0.00815	0.00723	0.09858	0.07342	0.52148	0.09730	0.07830	0.01744	0.00741	0.00528	0.00161	0.00411	0.00618	0.00587	0.00784
71	0.00634	0.00492	0.02096	0.00690	0.00741	0.00434	0.00475	0.00726	0.00962	0.01273	0.02812	0.67273	0.08748	0.09098	0.00819	0.00229	0.00318	0.01324	0.00449	0.00409
72	0.01450	0.01528	0.04878	0.02303	0.42445	0.16448	0.07984	0.11849	0.03060	0.01784	0.00983	0.01198	0.00787	0.00489	0.00501	0.00149	0.00678	0.00440	0.00291	0.00755
73	0.01287	0.01579	0.06481	0.01976	0.02462	0.12871	0.62367	0.01678	0.01223	0.01563	0.00982	0.01283	0.00744	0.00443	0.00570	0.00164	0.00856	0.00546	0.00254	0.00671
74	0.73951	0.01180	0.00841	0.00755	0.01061	0.12299	0.00608	0.01562	0.00941	0.02123	0.00715	0.00834	0.00562	0.00477	0.00333	0.00153	0.00465	0.00281	0.00306	0.00553
75	0.01186	0.01135	0.01935	0.20256	0.62432	0.01184	0.01519	0.01495	0.01121	0.01573	0.00940	0.01273	0.00773	0.00463	0.00502	0.00154	0.00617	0.00450	0.00245	0.00748
76	0.03106	0.11815	0.01459	0.01045	0.01392	0.08189	0.00855	0.22055	0.30948	0.11597	0.01519	0.01448	0.01118	0.00607	0.00478	0.00152	0.00507	0.00468	0.00462	0.00781
77	0.00737	0.00600	0.00965	0.00937	0.01054	0.00567	0.11366	0.00901	0.01045	0.01391	0.04558	0.52368	0.04207	0.02882	0.00682	0.00209	0.00404	0.14231	0.00438	0.00459
78	0.00598	0.00512	0.00512	0.00512	0.00683	0.00427	0.00384	0.00726	0.01153	0.01366	0.05123	0.04866	0.78869	0.01281	0.00598	0.00171	0.00256	0.01067	0.00470	0.00427
79	0.00654	0.00524	0.02074	0.00650	0.00757	0.00452	0.00478	0.00812	0.01173	0.01568	0.29543	0.35634	0.21219	0.01303	0.00614	0.00181	0.00274	0.01152	0.00495	0.00444
80	0.04829	0.05413	0.04218	0.01049	0.01457	0.02880	0.00897	0.39727	0.01856	0.30377	0.01432	0.01351	0.00967	0.00594	0.00489	0.00151	0.00519	0.00453	0.00512	0.00829
81	0.63625	0.17740	0.02434	0.00739	0.01088	0.01331	0.00651	0.04663	0.00961	0.02075	0.00728	0.00840	0.00583	0.00468	0.00326	0.00146	0.00434	0.00282	0.00300	0.00585
82	0.00651	0.00471	0.00601	0.00655	0.00719	0.00437	0.00450	0.00775	0.01088	0.01467	0.23142	0.47263	0.10403	0.08471	0.00797	0.00215	0.00293	0.01203	0.00478	0.00421
83	0.02184	0.00877	0.01173	0.00901	0.01292	0.00767	0.00742	0.03732	0.03302	0.72753	0.01934	0.01686	0.01230	0.00616	0.00503	0.00153	0.00429	0.00500	0.00607	0.04620
84	0.01044	0.02272	0.62463	0.01551	0.10636	0.01123	0.01696	0.01560	0.01075	0.01612	0.00911	0.01086	0.00670	0.00466	0.00471	0.00150	0.00691	0.00374	0.00227	0.09922
85	0.01911	0.01346	0.01466	0.01125	0.01528	0.01462	0.00928	0.67154	0.03526	0.09620	0.01284	0.01263	0.00901	0.00602	0.00502	0.00150	0.00537	0.00456	0.00509	0.03731
86	0.01252	0.01201	0.02053	0.03104	0.79074	0.01201	0.01552	0.01552	0.01151	0.01652	0.00951	0.01252	0.00801	0.00451	0.00501	0.00150	0.00601	0.00451	0.00250	0.00801
87	0.01237	0.01096	0.01818	0.17078	0.55138	0.01133	0.01410	0.01569	0.03578	0.06329	0.02591	0.01432	0.02327	0.00505	0.00506	0.00155	0.00584	0.00478	0.00287	0.00748
88	0.01394	0.33254	0.28852	0.01167	0.01705	0.01453	0.06321	0.05078	0.01178	0.13655	0.01019	0.01096	0.00757	0.00487	0.00433	0.00140	0.00616	0.00373	0.00295	0.00727
89	0.01219	0.03090	0.13902	0.02817	0.03036	0.13833	0.01216	0.01417	0.00941	0.01290	0.00731	0.01071	0.00661	0.00740	0.01216	0.00193	0.51394	0.00410	0.00227	0.00596
90	0.64814	0.00948	0.00851	0.00724	0.01057	0.01036	0.00597	0.01732	0.01008	0.21654	0.01028	0.01047	0.00725	0.00509	0.00362	0.00156	0.00401	0.00333	0.00392	0.00626
91	0.01041	0.01331	0.19202	0.07126	0.06102	0.07800	0.07566	0.01387	0.02644	0.04677	0.23078	0.02436	0.08676	0.00752	0.00545	0.00162	0.00542	0.03951	0.00374	0.00607
92	0.01141	0.06357	0.63114	0.01455	0.03795	0.01191	0.06786	0.01661	0.01104	0.07350	0.00987	0.01127	0.00698	0.00485	0.00483	0.00158	0.00717	0.00395	0.00248	0.00748
93	0.00771	0.00498	0.00659	0.00736	0.00805	0.00469	0.00517	0.00907	0.02713	0.07119	0.04060	0.65433	0.03106	0.03615	0.00686	0.00210	0.00322	0.06440	0.00479	0.00455
94	0.00631	0.00462	0.00596	0.00695	0.00751	0.00427	0.00484	0.00738	0.01017	0.01335	0.04913	0.64642	0.12878	0.01519	0.00642	0.00202	0.00300	0.06879	0.00471	0.00418
95	0.14376	0.27917	0.08754	0.01057	0.01457	0.18680	0.02294	0.14801	0.01342	0.03835	0.00867	0.00961	0.00688	0.00497	0.00406	0.00135	0.00623	0.00336	0.00302	0.00672
96	0.01275	0.01193	0.01977	0.08746	0.68272	0.01220	0.01501	0.06622	0.01223	0.01728	0.00965	0.01256	0.00796	0.00465	0.00501	0.00152	0.00603	0.00451	0.00266	0.00787
97	0.00621	0.00443	0.00591	0.00701	0.00734	0.00414	0.00470	0.00715	0.00989	0.01324	0.06172	0.78420	0.03408	0.01560	0.00643	0.00203	0.00291	0.01414	0.00473	0.00414
98	0.05109	0.02102	0.54565	0.01277	0.01908	0.01115	0.01516	0.07385	0.01232	0.17371	0.01139	0.01199	0.00775	0.00519	0.00480	0.00159	0.00654	0.00402	0.00322	0.00770
99	0.01351	0.12247	0.01144	0.00782	0.01044	0.00828	0.00639	0.01635	0.06372	0.27609	0.32935	0.05555	0.04144	0.00816	0.00525	0.00154	0.00358	0.00689	0.00524	0.00647
100	0.85801	0.00978	0.00743	0.00665	0.00978	0.01134	0.00548	0.01486	0.00861	0.02269	0.00704	0.00821	0.00548	0.00469	0.00313	0.00156	0.00391	0.00274	0.00313	0.00548
101	0.00711	0.00512	0.00693	0.00804	0.00882	0.00494	0.00632	0.00871	0.01072	0.01402	0.02853	0.41283	0.06965	0.01479	0.00669	0.00217	0.00374	0.37183	0.00468	0.00438
102	0.05312	0.42744	0.16094	0.01189	0.01657	0.01556	0.15669	0.01489	0.01054	0.01405	0.00955	0.06972	0.00865	0.00527	0.00428	0.00139	0.00612	0.00438	0.00247	0.00650
103	0.01072	0.16366	0.66367	0.01342	0.02035	0.01317	0.01696	0.01586	0.01061	0.01531	0.00872	0.01023	0.00642	0.00472	0.00454	0.00151	0.00712	0.00356	0.00214	0.00730
104	0.00662	0.00468	0.00616	0.00704	0.00740	0.00455	0.00482	0.00753	0.00934	0.01248	0.02470	0.55974	0.02901	0.15970	0.06332	0.00299	0.00414	0.07753	0.00427	0.00400
105	0.01118	0.01372	0.09146	0.01924	0.02405	0.01179	0.62912	0.01523	0.01159	0.01584	0.01198	0.09751	0.01026	0.00552	0.00592	0.00173	0.00785	0.00666	0.00275	0.00659
106	0.01167	0.01160	0.02044	0.17774	0.22004	0.02975	0.27027	0.07061	0.01223	0.01638	0.01286	0.06724	0.04407	0.00577	0.00547	0.00165	0.00669	0.00589	0.00290	0.00670
107	0.00651	0.00567	0.00700	0.00656	0.00836	0.00491	0.05569	0.00803	0.01147	0.01396	0.05949	0.10356	0.63258	0.01246	0.00606	0.00176	0.00308	0.04382	0.00457	0.00445
108	0.00735	0.00519	0.00669	0.00653	0.00761	0.00484	0.00477	0.00955	0.02703	0.03252	0.57701	0.17336	0.05895	0.04737	0.00690	0.00182	0.00266	0.00987	0.00529	0.00470
109	0.01058	0.06022	0.68295	0.01436	0.02136	0.01197	0.06698	0.01603	0.01088	0.03012	0.02360	0.01137	0.00736	0.00488	0.00484	0.00158	0.00730	0.00396	0.00230	0.00736
110	0.01296	0.56420	0.11897	0.01127	0.03420	0.03020	0.08229	0.01623	0.06234	0.01355	0.00856	0.00979	0.00723	0.00457	0.00388	0.00126	0.00593	0.00339	0.00241	0.00677
111	0.01055	0.01001	0.01697	0.54778	0.28938	0.01150	0.01454	0.01380	0.01058	0.01413	0.00916	0.01316	0.00717	0.00487	0.00504	0.00162	0.00649	0.00450	0.00233	0.00642
112	0.01637	0.24537	0.01856	0.01435	0.12633	0.45759	0.01026	0.01822	0.02535	0.01298	0.00805	0.00949	0.00687	0.00489	0.00427	0.00128	0.00755	0.00332	0.00251	0.00638
113	0.00955	0.00899	0.01517	0.81013	0.03483	0.01123	0.01404	0.01292	0.01011	0.01292	0.00899	0.01348	0.00674	0.00506	0.00506	0.00169	0.00674	0.00449	0.00225	0.00562
114	0.01498	0.62785	0.02321	0.00913	0.01323	0.06935	0.00860	0.06717	0.01191	0.08566	0.02318	0.00984	0.00796	0.00479	0.00367	0.00118	0.00550	0.00320	0.00283	0.00675
115	0.18506	0.00931	0.02514	0.02720	0.01298	0.00871	0.00744	0.02245	0.06464	0.55916	0.01701	0.01536	0.01109	0.00594	0.00470	0.00158	0.00432	0.00463	0.00540	0.00786
116	0.00702	0.00516	0.00657	0.00622	0.00747	0.00471	0.00467	0.00928	0.01400	0.01953	0.70471	0.03900	0.13155	0.01062	0.00597	0.00160	0.00241	0.00932	0.00547	0.00471
117	0.04646	0.00780	0.01037	0.00863	0.02449	0.00695	0.00673	0.02017	0.01333	0.56832	0.08224	0.07954	0.03105	0.06210	0.00659	0.00183	0.00407	0.00627	0.00568	0.00740
118	0.02696	0.00980	0.02331	0.00861	0.02853	0.00800	0.00683	0.10022	0.01218	0.05775	0.01032	0.02967	0.00843	0.00447	0.00406	0.00095	0.00407	0.00358	0.00342	0.64886
119	0.01252	0.01201	0.02053	0.03104	0.79074	0.01201	0.01552	0.01552	0.01151	0.01652	0.00951	0.01252	0.00801	0.00451	0.00501	0.00150	0.00601	0.00451	0.00250	0.00801
120	0.01194	0.01364	0.02984	0.02131	0.02643	0.01279	0.77238	0.01620	0.01194	0.01620	0.01023	0.01364	0.00767	0.00426	0.00597	0.00171	0.00853	0.00597	0.00256	0.00682
121	0.01238	0.01188	0.02029	0.06547	0.75734	0.01198	0.01545	0.01540	0.01145	0.01636	0.00949	0.01256	0.00795	0.00453	0.00501	0.00151	0.00604	0.00451	0.00249	0.00790
122	0.01007	0.02565	0.77699	0.01422	0.02154	0.01157	0.01835	0.01586	0.01076	0.01612	0.02792	0.01133	0.00740	0.00494	0.00483	0.00160	0.00735	0.00387	0.00222	0.00741
123	0.00639	0.00449	0.00572	0.00670	0.00718	0.00417	0.00453	0.00741	0.00991	0.01341	0.02907	0.69226	0.09805	0.01484	0.00620	0.00196	0.00286	0.01334	0.06736	0.00417
124	0.00616	0.00440	0.00587	0.00704	0.00733	0.00411	0.00469	0.00704	0.00968	0.01291	0.02787	0.81899	0.03344	0.01584	0.00645	0.00205	0.00293	0.01438	0.00469	0.00411
125	0.01346	0.01691	0.09286	0.10521	0.05028	0.22926	0.35343	0.03106	0.01244	0.01501	0.00970	0.02866	0.00770	0.00494	0.00533	0.00158	0.00814	0.00495	0.00259	0.00650
126	0.00715	0.00535	0.00798	0.00805	0.00892	0.00617	0.00621	0.00890	0.00823	0.01182	0.01451	0.07350	0.01404	0.03644	0.74884	0.00772	0.01283	0.00602	0.00284	0.00449
127	0.00709	0.00513	0.00669	0.00637	0.00753	0.00473	0.00475	0.00939	0.01406	0.01983	0.74082	0.07276	0.06056	0.01063	0.00599	0.00161	0.00241	0.00941	0.00551	0.00473
128	0.85801	0.00978	0.00743	0.00665	0.00978	0.01134	0.00548	0.01486	0.00861	0.02269	0.00704	0.00821	0.00548	0.00469	0.00313	0.00156	0.00391	0.00274	0.00313	0.00548
129	0.45104	0.09067	0.01285	0.00942	0.01286	0.06604	0.06372	0.11129	0.10432	0.02143	0.00959	0.01044	0.00739	0.00509	0.00393	0.00152	0.00496	0.00359	0.00344	0.00639
130	0.00695	0.00516	0.00648	0.00615	0.00743	0.00468	0.00461	0.00915	0.01383	0.01913	0.66037	0.03966	0.17613	0.01077	0.00597	0.00161	0.00242	0.00941	0.00542	0.00468
131	0.01014	0.02616	0.79609	0.01441	0.02189	0.01174	0.01868	0.01601	0.01068	0.01601	0.00907	0.01068	0.00641	0.00480	0.00480	0.00160	0.00747	0.00374	0.00214	0.00747
132	0.01014	0.02616	0.79609	0.01441	0.02189	0.01174	0.01868	0.01601	0.01068	0.01601	0.00907	0.01068	0.00641	0.00480	0.00480	0.00160	0.00747	0.00374	0.00214	0.00747
133	0.01481	0.71000	0.02441	0.00870	0.01297	0.01823	0.00848	0.01648	0.01087	0.12237	0.00885	0.00940	0.00734	0.00460	0.00350	0.00115	0.00525	0.00304	0.00274	0.00679
134	0.00815	0.00582	0.00815	0.00931	0.01048	0.00582	0.00815	0.01048	0.01164	0.01513	0.02677	0.05704	0.02910	0.01397	0.00698	0.00233	0.00466	0.75671	0.00466	0.00466
135	0.00716	0.00517	0.00676	0.00636	0.00755	0.00477	0.00477	0.00954	0.01431	0.02028	0.78808	0.03777	0.04771	0.01034	0.00596	0.00159	0.00239	0.00914	0.00557	0.00477
136	0.01383	0.68539	0.08238	0.00940	0.01391	0.03035	0.00949	0.07994	0.01151	0.01391	0.00763	0.00866	0.00666	0.00452	0.00353	0.00116	0.00563	0.00295	0.00241	0.00673
137	0.69214	0.01014	0.00959	0.01027	0.12029	0.01138	0.00705	0.02990	0.00952	0.05003	0.00796	0.00922	0.00615	0.00475	0.00350	0.00155	0.00425	0.00311	0.00319	0.00601
138	0.00735	0.00490	0.00552	0.00552	0.00552	0.00490	0.00306	0.00735	0.00735	0.00980	0.01593	0.03309	0.01838	0.82229	0.02574	0.00490	0.00490	0.00735	0.00306	0.00306
139	0.01049	0.00899	0.01049	0.00749	0.01198	0.00674	0.00599	0.01273	0.01049	0.01648	0.00899	0.01049	0.00749	0.00374	0.00374	0.00075	0.00374	0.00300	0.00300	0.85320
140	0.00725	0.00531	0.00759	0.00759	0.00831	0.00603	0.00565	0.00869	0.00797	0.01134	0.01404	0.02258	0.01382	0.19920	0.64259	0.00746	0.01177	0.00582	0.00278	0.00422
141	0.01036	0.06926	0.74011	0.01423	0.02149	0.01221	0.03215	0.01597	0.01068	0.01579	0.00899	0.01059	0.00643	0.00477	0.00474	0.00158	0.00738	0.00372	0.00214	0.00741
142	0.00697	0.00516	0.00650	0.00617	0.00744	0.00469	0.00463	0.00919	0.01388	0.01925	0.67333	0.03947	0.16310	0.01072	0.00597	0.00161	0.00241	0.00938	0.00543	0.00469
143	0.01049	0.00899	0.01049	0.00749	0.01198	0.00674	0.00599	0.01273	0.01049	0.01648	0.00899	0.01049	0.00749	0.00374	0.00374	0.00075	0.00374	0.00300	0.00300	0.85320
144	0.01107	0.02486	0.73797	0.01401	0.02122	0.01142	0.01785	0.01665	0.01096	0.07368	0.00988	0.01116	0.00686	0.00491	0.00483	0.00160	0.00724	0.00384	0.00244	0.00756
145	0.01014	0.02616	0.79609	0.01441	0.02189	0.01174	0.01868	0.01601	0.01068	0.01601	0.00907	0.01068	0.00641	0.00480	0.00480	0.00160	0.00747	0.00374	0.00214	0.00747
146	0.00724	0.00536	0.00784	0.00784	0.00864	0.00616	0.00596	0.00884	0.00804	0.01152	0.01381	0.02134	0.01328	0.12549	0.71556	0.00777	0.01258	0.00563	0.00275	0.00435
147	0.01434	0.01193	0.01988	0.23261	0.05196	0.02944	0.27184	0.15790	0.01404	0.12803	0.01154	0.01368	0.00826	0.00513	0.00536	0.00163	0.00681	0.00507	0.00346	0.00710
148	0.03776	0.01982	0.01482	0.01377	0.07290	0.48805	0.01002	0.23449	0.02953	0.01862	0.00937	0.01037	0.00734	0.00542	0.00471	0.00139	0.00767	0.00375	0.00335	0.00683
149	0.00825	0.00618	0.00895	0.06378	0.04653	0.00629	0.00851	0.01056	0.01142	0.01496	0.03956	0.11629	0.02739	0.01304	0.00670	0.00221	0.00467	0.59547	0.00442	0.00483
150	0.01049	0.00899	0.01049	0.00749	0.01198	0.00674	0.00599	0.01273	0.01049	0.01648	0.00899	0.01049	0.00749	0.00374	0.00374	0.00075	0.00374	0.00300	0.00300	0.85320
151	0.00616	0.00440	0.00587	0.00704	0.00733	0.00411	0.00469	0.00704	0.00968	0.01291	0.02787	0.81899	0.03344	0.01584	0.00645	0.00205	0.00293	0.01438	0.00469	0.00411
152	0.00616	0.00440	0.00587	0.00704	0.00733	0.00411	0.00469	0.00704	0.00968	0.01291	0.02787	0.81899	0.03344	0.01584	0.00645	0.00205	0.00293	0.01438	0.00469	0.00411
153	0.01252	0.01201	0.02053	0.03104	0.79074	0.01201	0.01552	0.01552	0.01151	0.01652	0.00951	0.01252	0.00801	0.00451	0.00501	0.00150	0.00601	0.00451	0.00250	0.00801
154	0.85801	0.00978	0.00743	0.00665	0.00978	0.01134	0.00548	0.01486	0.00861	0.02269	0.00704	0.00821	0.00548	0.00469	0.00313	0.00156	0.00391	0.00274	0.00313	0.00548
155	0.00955	0.00899	0.01517	0.81013	0.03483	0.01123	0.01404	0.01292	0.01011	0.01292	0.00899	0.01348	0.00674	0.00506	0.00506	0.00169	0.00674	0.00449	0.00225	0.00562
156	0.02269	0.00861	0.01174	0.00900	0.01291	0.00743	0.00743	0.02464	0.01447	0.79425	0.01995	0.01721	0.01252	0.00626	0.00509	0.00156	0.00430	0.00509	0.00626	0.00861
157	0.01490	0.01058	0.01231	0.01156	0.07075	0.01153	0.00848	0.07811	0.49856	0.17456	0.03945	0.01809	0.01468	0.00660	0.00514	0.00165	0.00428	0.00551	0.00517	0.00808
158	0.00709	0.00512	0.00670	0.00641	0.00754	0.00473	0.00477	0.00937	0.01400	0.01978	0.73706	0.09020	0.04676	0.01071	0.00600	0.00162	0.00242	0.00950	0.00551	0.00473
159	0.01313	0.64165	0.16848	0.00991	0.01475	0.05330	0.01056	0.01553	0.01053	0.01268	0.00744	0.00863	0.00647	0.00445	0.00359	0.00119	0.00596	0.00292	0.00218	0.00664
160	0.00815	0.00582	0.00815	0.00931	0.01048	0.00582	0.00815	0.01048	0.01164	0.01513	0.02677	0.05704	0.02910	0.01397	0.00698	0.00233	0.00466	0.75671	0.00466	0.00466
161	0.01252	0.01199	0.02033	0.03058	0.77368	0.01203	0.01535	0.01577	0.02841	0.01662	0.00975	0.01265	0.00817	0.00456	0.00501	0.00151	0.00596	0.00453	0.00256	0.00801
162	0.00714	0.00517	0.00673	0.00634	0.00754	0.00476	0.00475	0.00950	0.01426	0.02016	0.77464	0.03797	0.06122	0.01038	0.00596	0.00159	0.00239	0.00917	0.00555	0.00476
163	0.01272	0.01260	0.01971	0.08756	0.68271	0.06497	0.01502	0.01564	0.01160	0.01598	0.00936	0.01236	0.00782	0.00459	0.00498	0.00150	0.00627	0.00442	0.00249	0.00769
164	0.00678	0.00515	0.00624	0.00597	0.00732	0.00461	0.00448	0.00882	0.01343	0.01818	0.55396	0.04123	0.28314	0.01112	0.00597	0.00163	0.00244	0.00963	0.00529	0.00461
165	0.01252	0.01201	0.02053	0.03104	0.79074	0.01201	0.01552	0.01552	0.01151	0.01652	0.00951	0.01252	0.00801	0.00451	0.00501	0.00150	0.00601	0.00451	0.00250	0.00801
166	0.01352	0.82533	0.02650	0.00865	0.01298	0.02001	0.00865	0.01514	0.01027	0.01190	0.00703	0.00811	0.00649	0.00433	0.00324	0.00108	0.00541	0.00270	0.00216	0.00649
167	0.01889	0.02410	0.01433	0.01303	0.01563	0.80199	0.00977	0.02019	0.01433	0.01238	0.00782	0.00912	0.00651	0.00521	0.00456	0.00130	0.00912	0.00326	0.00261	0.00586
168	0.01103	0.00897	0.01054	0.00756	0.01202	0.00677	0.00606	0.01326	0.01066	0.05111	0.00948	0.01079	0.00771	0.00386	0.00380	0.00079	0.00377	0.00309	0.00314	0.81559
169	0.01890	0.02376	0.01436	0.01298	0.01563	0.77491	0.00976	0.04615	0.01466	0.01305	0.00797	0.00922	0.00659	0.00524	0.00458	0.00131	0.00900	0.00330	0.00269	0.00596
170	0.00645	0.00477	0.00604	0.00656	0.00736	0.00435	0.00463	0.00785	0.01136	0.01520	0.25166	0.45291	0.16310	0.01372	0.00624	0.00187	0.00274	0.02391	0.00495	0.00433
171	0.01155	0.16363	0.41130	0.01643	0.12901	0.02838	0.11005	0.01628	0.03881	0.01550	0.00931	0.01112	0.00713	0.00469	0.00471	0.00151	0.00694	0.00400	0.00236	0.00728
172	0.01251	0.33199	0.39507	0.01216	0.01781	0.10867	0.02689	0.01618	0.01098	0.01401	0.00816	0.00956	0.00647	0.00466	0.00420	0.00137	0.00690	0.00332	0.00221	0.00689
173	0.01130	0.00535	0.00591	0.02082	0.00744	0.00522	0.00429	0.01362	0.01114	0.12823	0.01684	0.01852	0.01278	0.00593	0.00378	0.00124	0.00272	0.00476	0.71484	0.00528
174	0.00735	0.00540	0.00692	0.00653	0.00779	0.00509	0.00490	0.01021	0.04831	0.02001	0.72132	0.05789	0.05833	0.01037	0.00594	0.00161	0.00248	0.00916	0.00551	0.00489
175	0.00725	0.00486	0.00555	0.00565	0.00567	0.00483	0.00320	0.00733	0.00755	0.01007	0.01695	0.10030	0.01967	0.75332	0.02409	0.00466	0.00473	0.00795	0.00320	0.00315
176	0.01001	0.01093	0.07407	0.56215	0.02962	0.01210	0.06477	0.01324	0.00987	0.01324	0.00868	0.01287	0.00676	0.00563	0.00707	0.00177	0.14461	0.00452	0.00225	0.00582
177	0.00614	0.00516	0.00536	0.00548	0.00711	0.00438	0.00418	0.00749	0.01149	0.01375	0.04888	0.06705	0.71499	0.01296	0.00606	0.00176	0.00273	0.06604	0.00469	0.00429
178	0.00754	0.00559	0.00708	0.00663	0.00796	0.00534	0.00499	0.01079	0.07112	0.02023	0.71824	0.03656	0.05836	0.01012	0.00590	0.00160	0.00251	0.00892	0.00552	0.00500
179	0.00630	0.00451	0.00599	0.00695	0.00737	0.00420	0.00470	0.00739	0.01034	0.01395	0.13522	0.70867	0.03546	0.01506	0.00639	0.00199	0.00286	0.01364	0.00482	0.00420
180	0.01352	0.82533	0.02650	0.00865	0.01298	0.02001	0.00865	0.01514	0.01027	0.01190	0.00703	0.00811	0.00649	0.00433	0.00324	0.00108	0.00541	0.00270	0.00216	0.00649
181	0.85801	0.00978	0.00743	0.00665	0.00978	0.01134	0.00548	0.01486	0.00861	0.02269	0.00704	0.00821	0.00548	0.00469	0.00313	0.00156	0.00391	0.00274	0.00313	0.00548
182	0.00722	0.00542	0.00813	0.00813	0.00903	0.00632	0.00632	0.00903	0.00813	0.01174	0.01354	0.01987	0.01264	0.03792	0.80225	0.00813	0.01354	0.00542	0.00271	0.00451
183	0.01890	0.02366	0.01437	0.01297	0.01563	0.76698	0.00976	0.05375	0.01475	0.01324	0.00801	0.00925	0.00661	0.00525	0.00458	0.00131	0.00896	0.00331	0.00271	0.00598
184	0.02263	0.00870	0.01179	0.00904	0.01295	0.00757	0.00747	0.03678	0.01462	0.78190	0.01982	0.01713	0.01245	0.00626	0.00508	0.00156	0.00432	0.00508	0.00624	0.00861
185	0.01049	0.00899	0.01049	0.00749	0.01198	0.00674	0.00599	0.01273	0.01049	0.01648	0.00899	0.01049	0.00749	0.00374	0.00374	0.00075	0.00374	0.00300	0.00300	0.85320
186	0.00716	0.00517	0.00676	0.00636	0.00755	0.00477	0.00477	0.00954	0.01431	0.02028	0.78808	0.03777	0.04771	0.01034	0.00596	0.00159	0.00239	0.00914	0.00557	0.00477
187	0.01270	0.01092	0.01150	0.01032	0.01320	0.01263	0.00803	0.04050	0.76779	0.02135	0.02043	0.01874	0.01531	0.00685	0.00514	0.00171	0.00403	0.00570	0.00514	0.00801
188	0.02231	0.00922	0.01211	0.00929	0.01321	0.00834	0.00767	0.10694	0.01549	0.71051	0.01909	0.01665	0.01209	0.00624	0.00508	0.00156	0.00444	0.00503	0.00613	0.00861
189	0.85801	0.00978	0.00743	0.00665	0.00978	0.01134	0.00548	0.01486	0.00861	0.02269	0.00704	0.00821	0.00548	0.00469	0.00313	0.00156	0.00391	0.00274	0.00313	0.00548
190	0.01889	0.02410	0.01433	0.01303	0.01563	0.80199	0.00977	0.02019	0.01433	0.01238	0.00782	0.00912	0.00651	0.00521	0.00456	0.00130	0.00912	0.00326	0.00261	0.00586
191	0.00735	0.00490	0.00552	0.00552	0.00552	0.00490	0.00306	0.00735	0.00735	0.00980	0.01593	0.03309	0.01838	0.82229	0.02574	0.00490	0.00490	0.00735	0.00306	0.00306
192	0.00673	0.00504	0.00625	0.00618	0.00735	0.00456	0.00455	0.00864	0.01297	0.01764	0.50347	0.15852	0.21605	0.01174	0.00604	0.00169	0.00251	0.01029	0.00523	0.00456
193	0.01352	0.82533	0.02650	0.00865	0.01298	0.02001	0.00865	0.01514	0.01027	0.01190	0.00703	0.00811	0.00649	0.00433	0.00324	0.00108	0.00541	0.00270	0.00216	0.00649
194	0.00616	0.00440	0.00587	0.00704	0.00733	0.00411	0.00469	0.00704	0.00968	0.01291	0.02787	0.81899	0.03344	0.01584	0.00645	0.00205	0.00293	0.01438	0.00469	0.00411
195	0.00716	0.00517	0.00676	0.00636	0.00755	0.00477	0.00477	0.00954	0.01431	0.02028	0.78808	0.03777	0.04771	0.01034	0.00596	0.00159	0.00239	0.00914	0.00557	0.00477
196	0.01053	0.02359	0.64338	0.01623	0.05780	0.01192	0.13380	0.01602	0.01091	0.01607	0.00927	0.01121	0.00667	0.00471	0.00499	0.00161	0.00757	0.00411	0.00222	0.00740
197	0.00955	0.00899	0.01517	0.81013	0.03483	0.01123	0.01404	0.01292	0.01011	0.01292	0.00899	0.01348	0.00674	0.00506	0.00506	0.00169	0.00674	0.00449	0.00225	0.00562
198	0.01117	0.01101	0.01640	0.10548	0.16143	0.01436	0.01223	0.01288	0.00871	0.01307	0.00744	0.01161	0.00691	0.00761	0.01314	0.00202	0.57181	0.00445	0.00227	0.00601
199	0.00735	0.00490	0.00552	0.00552	0.00552	0.00490	0.00306	0.00735	0.00735	0.00980	0.01593	0.03309	0.01838	0.82229	0.02574	0.00490	0.00490	0.00735	0.00306	0.00306
200	0.00722	0.00542	0.00813	0.00813	0.00903	0.00632	0.00632	0.00903	0.00813	0.01174	0.01354	0.01987	0.01264	0.03792	0.80225	0.00813	0.01354	0.00542	0.00271	0.00451
201	0.01352	0.82533	0.02650	0.00865	0.01298	0.02001	0.00865	0.01514	0.01027	0.01190	0.00703	0.00811	0.00649	0.00433	0.00324	0.00108	0.00541	0.00270	0.00216	0.00649
202	0.79583	0.01084	0.00794	0.00712	0.01021	0.06993	0.00579	0.01526	0.00903	0.02192	0.00710	0.00828	0.00555	0.00473	0.00324	0.00155	0.00430	0.00278	0.00309	0.00550
203	0.00811	0.00581	0.00810	0.00924	0.01041	0.00579	0.00807	0.01042	0.01164	0.01511	0.02720	0.05689	0.04231	0.01395	0.00697	0.00232	0.00462	0.74373	0.00466	0.00465
204	0.01056	0.06419	0.74301	0.01402	0.02127	0.01205	0.01797	0.01615	0.01073	0.03180	0.00920	0.01069	0.00654	0.00481	0.00474	0.00158	0.00731	0.00371	0.00222	0.00745
205	0.00598	0.00512	0.00512	0.00512	0.00683	0.00427	0.00384	0.00726	0.01153	0.01366	0.05123	0.04866	0.78869	0.01281	0.00598	0.00171	0.00256	0.01067	0.00470	0.00427
206	0.01194	0.01364	0.02984	0.02131	0.02643	0.01279	0.77238	0.01620	0.01194	0.01620	0.01023	0.01364	0.00767	0.00426	0.00597	0.00171	0.00853	0.00597	0.00256	0.00682
207	0.00955	0.00899	0.01517	0.81013	0.03483	0.01123	0.01404	0.01292	0.01011	0.01292	0.00899	0.01348	0.00674	0.00506	0.00506	0.00169	0.00674	0.00449	0.00225	0.00562

[dist]
# distance from previous block
# <min> <max>
0	32

[block]
# block no. 2 follows, 49 sequences, length 143
# corresponding to MSA columns:
# 611-753
name=unknown_C
#
# <colnr> <probs for GDERKNQSTAVLIFYWHMCP>
#	G	D	E	R	K	N	Q	S	T	A	V	L	I	F	Y	W	H	M	C	P
0	0.02216	0.00946	0.01226	0.00940	0.01333	0.00869	0.00777	0.13918	0.01590	0.67770	0.01876	0.01644	0.01192	0.00623	0.00508	0.00156	0.00450	0.00500	0.00608	0.00860
1	0.01352	0.82533	0.02650	0.00865	0.01298	0.02001	0.00865	0.01514	0.01027	0.01190	0.00703	0.00811	0.00649	0.00433	0.00324	0.00108	0.00541	0.00270	0.00216	0.00649
2	0.85801	0.00978	0.00743	0.00665	0.00978	0.01134	0.00548	0.01486	0.00861	0.02269	0.00704	0.00821	0.00548	0.00469	0.00313	0.00156	0.00391	0.00274	0.00313	0.00548
3	0.00735	0.00490	0.00552	0.00552	0.00552	0.00490	0.00306	0.00735	0.00735	0.00980	0.01593	0.03309	0.01838	0.82229	0.02574	0.00490	0.00490	0.00735	0.00306	0.00306
4	0.00716	0.00517	0.00676	0.00636	0.00755	0.00477	0.00477	0.00954	0.01431	0.02028	0.78808	0.03777	0.04771	0.01034	0.00596	0.00159	0.00239	0.00914	0.00557	0.00477
5	0.00716	0.00517	0.00676	0.00636	0.00755	0.00477	0.00477	0.00954	0.01431	0.02028	0.78808	0.03777	0.04771	0.01034	0.00596	0.00159	0.00239	0.00914	0.00557	0.00477
