[name]
unknown

[dist]
# distance from previous block
# <min> <max>
0	197

[block]
# block no. 0 follows, 46 sequences, length 15
# corresponding to MSA columns:
# 234-248
name=unknown_A
#
# <colnr> <probs for GDERKNQSTAVLIFYWHMCP>
#	G	D	E	R	K	N	Q	S	T	A	V	L	I	F	Y	W	H	M	C	P
0	0.07710	0.06066	0.13297	0.08926	0.10221	0.12427	0.04225	0.08471	0.09430	0.01778	0.01108	0.02573	0.00894	0.00757	0.04546	0.00200	0.05895	0.00457	0.00315	0.00703
1	0.01352	0.01023	0.01173	0.03352	0.05199	0.01097	0.00819	0.12881	0.34448	0.09364	0.02425	0.07444	0.13082	0.00828	0.00553	0.00173	0.00433	0.00694	0.00508	0.03154
2	0.00904	0.00648	0.00823	0.00812	0.00888	0.00688	0.00583	0.05406	0.01099	0.05212	0.08097	0.38629	0.06043	0.16382	0.01164	0.00262	0.10365	0.01068	0.00444	0.00484
3	0.00718	0.00526	0.00674	0.00664	0.00778	0.00482	0.00488	0.00930	0.01386	0.01921	0.57976	0.17017	0.12065	0.01203	0.00632	0.00176	0.00261	0.01064	0.00557	0.00482
4	0.00816	0.00639	0.00724	0.00754	0.00831	0.04571	0.00523	0.04071	0.01151	0.01529	0.17600	0.41872	0.03188	0.14185	0.04794	0.00277	0.00427	0.01127	0.00462	0.00457
5	0.04217	0.01406	0.01564	0.04076	0.22686	0.15008	0.01102	0.10018	0.11749	0.04506	0.01153	0.01298	0.00910	0.00560	0.00565	0.00151	0.05342	0.00439	0.00351	0.12901
6	0.20053	0.01492	0.11831	0.05918	0.26409	0.08095	0.08229	0.03481	0.01184	0.04339	0.00960	0.01175	0.00747	0.00494	0.00478	0.00159	0.00641	0.00419	0.00292	0.03603
7	0.01404	0.74301	0.02625	0.00920	0.01358	0.02020	0.00898	0.01696	0.08096	0.01333	0.00866	0.00952	0.00765	0.00477	0.00358	0.00119	0.00552	0.00312	0.00255	0.00693
8	0.01175	0.06836	0.58368	0.01448	0.02129	0.01259	0.06948	0.06096	0.01235	0.04131	0.04741	0.01291	0.00923	0.00536	0.00510	0.00164	0.00729	0.00438	0.00275	0.00768
9	0.01027	0.00969	0.01637	0.73054	0.10514	0.01182	0.01482	0.01376	0.01071	0.01385	0.00945	0.01400	0.00717	0.00523	0.00528	0.00174	0.00698	0.00470	0.00237	0.00610
10	0.00973	0.00674	0.00812	0.00793	0.00929	0.00675	0.00577	0.09663	0.06710	0.05705	0.15096	0.35192	0.06462	0.10182	0.00856	0.00227	0.00370	0.03063	0.00503	0.00538
11	0.20315	0.00954	0.03134	0.02989	0.01185	0.03136	0.00699	0.07305	0.05320	0.09845	0.17882	0.08627	0.02064	0.03407	0.00577	0.00174	0.00422	0.02738	0.00452	0.08775
12	0.26951	0.08691	0.01238	0.00932	0.01244	0.08322	0.02552	0.11973	0.07194	0.05106	0.02469	0.12588	0.01261	0.00707	0.00460	0.00159	0.00491	0.00548	0.01763	0.05354
13	0.07583	0.02774	0.08831	0.02147	0.01438	0.08193	0.00908	0.27364	0.04312	0.02217	0.01390	0.12523	0.01249	0.03505	0.00578	0.00167	0.00545	0.00577	0.02378	0.11320
14	0.13007	0.08809	0.11092	0.01131	0.02839	0.13185	0.00991	0.20800	0.01498	0.03397	0.04298	0.06962	0.01121	0.00654	0.00521	0.00155	0.03330	0.00486	0.00371	0.05351

[dist]
# distance from previous block
# <min> <max>
4	21

[block]
# block no. 1 follows, 46 sequences, length 40
# corresponding to MSA columns:
# 272-311
name=unknown_B
#
# <colnr> <probs for GDERKNQSTAVLIFYWHMCP>
#	G	D	E	R	K	N	Q	S	T	A	V	L	I	F	Y	W	H	M	C	P
0	0.08261	0.07133	0.05484	0.01175	0.04046	0.14551	0.00955	0.27427	0.07387	0.06226	0.04641	0.02815	0.02454	0.00795	0.04176	0.00188	0.00637	0.00486	0.00420	0.00743
1	0.05950	0.01287	0.04887	0.02420	0.01459	0.05077	0.00881	0.28414	0.14512	0.09699	0.01405	0.01499	0.01060	0.04268	0.00633	0.02321	0.00526	0.00475	0.02248	0.10980
2	0.16208	0.11179	0.02928	0.01053	0.01450	0.01501	0.00894	0.36666	0.13314	0.07823	0.01296	0.01287	0.00948	0.00599	0.00472	0.00158	0.00520	0.00440	0.00461	0.00804
3	0.01315	0.01136	0.01195	0.01076	0.01375	0.01315	0.00837	0.02809	0.77168	0.02211	0.02152	0.01972	0.01614	0.00717	0.00538	0.00179	0.00418	0.00598	0.00538	0.00837
4	0.00625	0.00536	0.00536	0.00536	0.00714	0.00446	0.00402	0.00759	0.01205	0.01428	0.05355	0.05088	0.77909	0.01339	0.00625	0.00179	0.00268	0.01116	0.00491	0.00446
5	0.02241	0.00871	0.01185	0.00918	0.01304	0.00755	0.00755	0.02449	0.01512	0.72312	0.08213	0.01973	0.01606	0.00689	0.00539	0.00164	0.00434	0.00566	0.00648	0.00867
6	0.02372	0.00900	0.01227	0.00941	0.01350	0.00777	0.00777	0.02576	0.01513	0.78489	0.02086	0.01799	0.01309	0.00654	0.00532	0.00164	0.00450	0.00532	0.00654	0.00900
7	0.00625	0.00536	0.00536	0.00536	0.00714	0.00446	0.00402	0.00759	0.01205	0.01428	0.05355	0.05088	0.77909	0.01339	0.00625	0.00179	0.00268	0.01116	0.00491	0.00446
8	0.00748	0.00540	0.00707	0.00665	0.00790	0.00499	0.00499	0.00998	0.01496	0.02120	0.77844	0.03949	0.04988	0.01081	0.00624	0.00166	0.00249	0.00956	0.00582	0.00499
9	0.01315	0.01136	0.01195	0.01076	0.01375	0.01315	0.00837	0.02809	0.77168	0.02211	0.02152	0.01972	0.01614	0.00717	0.00538	0.00179	0.00418	0.00598	0.00538	0.00837
10	0.01907	0.01358	0.01488	0.01133	0.01561	0.01438	0.00933	0.59822	0.02210	0.08983	0.01286	0.01286	0.00914	0.00601	0.00509	0.00148	0.00544	0.00457	0.00508	0.12915
11	0.00671	0.00493	0.00634	0.00723	0.00793	0.00456	0.00513	0.00798	0.01105	0.01454	0.10150	0.55556	0.14549	0.01538	0.00668	0.00208	0.00313	0.08437	0.00499	0.00444
12	0.85155	0.01022	0.00777	0.00695	0.01022	0.01186	0.00573	0.01554	0.00900	0.02372	0.00736	0.00859	0.00573	0.00491	0.00327	0.00164	0.00409	0.00286	0.00327	0.00573
13	0.82353	0.01073	0.00801	0.00718	0.01043	0.03818	0.00588	0.01573	0.00920	0.02336	0.00739	0.00862	0.00576	0.00493	0.00332	0.00163	0.00427	0.00288	0.00325	0.00574
14	0.19327	0.01080	0.03405	0.02665	0.01513	0.00930	0.12340	0.01445	0.01077	0.01850	0.00916	0.01103	0.00736	0.00427	0.00419	0.00117	0.00489	0.00361	0.00305	0.49495
15	0.01437	0.04740	0.01317	0.00908	0.01365	0.00841	0.04426	0.03561	0.01235	0.19493	0.01210	0.01268	0.00904	0.00464	0.00436	0.00107	0.00443	0.00382	0.00391	0.55072
16	0.34988	0.00988	0.01074	0.00863	0.01241	0.00998	0.00712	0.07290	0.01339	0.43265	0.01497	0.01392	0.00990	0.00588	0.00451	0.00163	0.00443	0.00431	0.00517	0.00771
17	0.02318	0.00928	0.01240	0.00949	0.01360	0.00815	0.00783	0.05985	0.01547	0.72775	0.02015	0.01754	0.01274	0.00646	0.00527	0.00161	0.00454	0.00523	0.00639	0.03307
18	0.00748	0.00540	0.00707	0.00665	0.00790	0.00499	0.00499	0.00998	0.01496	0.02120	0.77844	0.03949	0.04988	0.01081	0.00624	0.00166	0.00249	0.00956	0.00582	0.00499
19	0.77192	0.01011	0.00820	0.00719	0.01054	0.01147	0.00592	0.01652	0.00959	0.09694	0.00866	0.00949	0.00643	0.00506	0.00347	0.00164	0.00413	0.00310	0.00359	0.00604
20	0.00631	0.00536	0.00544	0.00542	0.00718	0.00449	0.00406	0.00770	0.01219	0.01461	0.08817	0.05033	0.74427	0.01327	0.00625	0.00178	0.00267	0.01108	0.00495	0.00449
21	0.00725	0.00539	0.00675	0.00641	0.00776	0.00489	0.00481	0.00953	0.01442	0.01990	0.64234	0.04163	0.18680	0.01129	0.00624	0.00169	0.00253	0.00986	0.00565	0.00489
22	0.00998	0.00940	0.01586	0.80150	0.03641	0.01175	0.01468	0.01351	0.01057	0.01351	0.00940	0.01409	0.00705	0.00529	0.00529	0.00176	0.00705	0.00470	0.00235	0.00587
23	0.00644	0.00460	0.00613	0.00736	0.00767	0.00429	0.00491	0.00736	0.01012	0.01350	0.02914	0.81076	0.03497	0.01656	0.00675	0.00215	0.00307	0.01503	0.00491	0.00429
24	0.02010	0.01481	0.01587	0.01216	0.01639	0.01639	0.01005	0.76360	0.02486	0.03332	0.01269	0.01269	0.00899	0.00635	0.00529	0.00159	0.00582	0.00476	0.00529	0.00899
25	0.85155	0.01022	0.00777	0.00695	0.01022	0.01186	0.00573	0.01554	0.00900	0.02372	0.00736	0.00859	0.00573	0.00491	0.00327	0.00164	0.00409	0.00286	0.00327	0.00573
26	0.01298	0.02792	0.01219	0.00879	0.01328	0.04758	0.00708	0.10997	0.02706	0.03765	0.01021	0.01139	0.00819	0.00444	0.00418	0.00096	0.00449	0.00345	0.00349	0.64471
27	0.02922	0.11082	0.03007	0.04953	0.07771	0.04385	0.01007	0.33363	0.10327	0.02334	0.01412	0.05113	0.01194	0.02138	0.01868	0.00181	0.00580	0.05171	0.00427	0.00764
28	0.02356	0.00925	0.01243	0.00953	0.01362	0.00815	0.00787	0.05794	0.01556	0.75212	0.02050	0.01776	0.01291	0.00653	0.00532	0.00163	0.00456	0.00529	0.00649	0.00900
29	0.00792	0.00550	0.00721	0.00673	0.00805	0.00506	0.00506	0.01040	0.01497	0.04181	0.75800	0.03891	0.04889	0.01069	0.00621	0.00166	0.00255	0.00945	0.00584	0.00510
30	0.03363	0.17613	0.12865	0.01154	0.05300	0.05130	0.01025	0.07955	0.04650	0.22608	0.01295	0.01316	0.00941	0.00632	0.02513	0.00161	0.00582	0.00418	0.00397	0.10082
31	0.00671	0.00537	0.00599	0.00584	0.00742	0.00466	0.00438	0.00848	0.01314	0.01686	0.32380	0.04663	0.50723	0.01243	0.00624	0.00174	0.00261	0.01056	0.00525	0.00466
32	0.01767	0.00786	0.01046	0.00852	0.01158	0.00705	0.00684	0.02043	0.04806	0.48863	0.28179	0.02547	0.02589	0.00804	0.00564	0.00165	0.00379	0.00681	0.00624	0.00759
33	0.49040	0.02544	0.01079	0.12958	0.01531	0.01176	0.00785	0.09196	0.01178	0.13106	0.01031	0.01138	0.00746	0.00536	0.00408	0.00163	0.00478	0.00372	0.01881	0.00655
34	0.01071	0.01010	0.01699	0.65524	0.10329	0.01205	0.04943	0.03270	0.03033	0.01472	0.00989	0.01412	0.00749	0.00527	0.00533	0.00174	0.00696	0.00480	0.00254	0.00630
35	0.00728	0.00527	0.00687	0.00673	0.00784	0.00486	0.00495	0.00948	0.01409	0.01975	0.63597	0.16705	0.06636	0.01182	0.00632	0.00175	0.00259	0.01050	0.00565	0.00486
36	0.00769	0.00513	0.00577	0.00577	0.00577	0.00513	0.00320	0.00769	0.00769	0.01025	0.01666	0.03460	0.01922	0.81421	0.02691	0.00513	0.00513	0.00769	0.00320	0.00320
37	0.01085	0.01017	0.01692	0.52898	0.05777	0.01208	0.09066	0.04389	0.03132	0.01506	0.01055	0.03147	0.00846	0.01874	0.00667	0.00184	0.06939	0.00516	0.02386	0.00618
38	0.01204	0.01016	0.01197	0.00875	0.01333	0.00845	0.02398	0.09062	0.05008	0.01910	0.01036	0.01165	0.00836	0.00434	0.00418	0.00094	0.00424	0.00351	0.00345	0.70050
39	0.03836	0.00962	0.01293	0.01249	0.11813	0.02217	0.00883	0.05155	0.03191	0.49618	0.05192	0.02137	0.04050	0.00715	0.00544	0.00168	0.00474	0.05122	0.00560	0.00820

[dist]
# distance from previous block
# <min> <max>
1	18

[block]
# block no. 2 follows, 46 sequences, length 26
# corresponding to MSA columns:
# 330-347,349-356
name=unknown_C
#
# <colnr> <probs for GDERKNQSTAVLIFYWHMCP>
#	G	D	E	R	K	N	Q	S	T	A	V	L	I	F	Y	W	H	M	C	P
0	0.08853	0.06533	0.02940	0.03910	0.03555	0.13517	0.00832	0.14016	0.01396	0.11647	0.05112	0.03713	0.01268	0.09069	0.04064	0.00219	0.02143	0.00511	0.04118	0.02583
1	0.01507	0.01486	0.17487	0.01198	0.04366	0.01190	0.01089	0.29743	0.04816	0.08709	0.03624	0.03441	0.04998	0.00659	0.00519	0.00155	0.00549	0.01821	0.00435	0.12208
2	0.00918	0.00459	0.00689	0.00689	0.00689	0.00459	0.00459	0.00689	0.00689	0.00918	0.00918	0.01607	0.00918	0.01837	0.02066	0.84619	0.00459	0.00459	0.00230	0.00230
3	0.01215	0.01294	0.04058	0.42674	0.13515	0.08803	0.15435	0.03842	0.01201	0.01531	0.00970	0.01342	0.00744	0.00509	0.00540	0.00169	0.00751	0.00484	0.00257	0.00663
4	0.01096	0.00940	0.01096	0.00783	0.01253	0.00705	0.00626	0.01331	0.01096	0.01723	0.00940	0.01096	0.00783	0.00392	0.00392	0.00078	0.00392	0.00313	0.00313	0.84653
5	0.01280	0.03241	0.01681	0.19944	0.28938	0.01300	0.01269	0.05960	0.27023	0.01879	0.01383	0.01543	0.01070	0.00576	0.00525	0.00168	0.00570	0.00509	0.00363	0.00779
6	0.02010	0.01481	0.01587	0.01216	0.01639	0.01639	0.01005	0.76360	0.02486	0.03332	0.01269	0.01269	0.00899	0.00635	0.00529	0.00159	0.00582	0.00476	0.00529	0.00899
7	0.01157	0.01157	0.01619	0.01388	0.01388	0.01619	0.01157	0.01272	0.00810	0.01272	0.00694	0.01157	0.00694	0.00925	0.01735	0.00231	0.80453	0.00463	0.00231	0.00578
8	0.00838	0.00619	0.00802	0.06567	0.03476	0.00621	0.00566	0.03695	0.01211	0.01666	0.35669	0.03474	0.04725	0.30432	0.01369	0.00295	0.00410	0.02655	0.00444	0.00464
9	0.00741	0.00540	0.00696	0.00657	0.00785	0.00496	0.00493	0.00983	0.01479	0.02078	0.73473	0.04018	0.09385	0.01096	0.00624	0.00167	0.00251	0.00966	0.00576	0.00496
10	0.01097	0.07742	0.68240	0.01521	0.02263	0.01292	0.07327	0.01670	0.01123	0.01648	0.00944	0.01122	0.00680	0.00495	0.00501	0.00165	0.00775	0.00401	0.00227	0.00770
11	0.00755	0.00566	0.00850	0.00850	0.00944	0.00661	0.00661	0.00944	0.00850	0.01227	0.01416	0.02077	0.01322	0.03965	0.79326	0.00850	0.01416	0.00566	0.00283	0.00472
12	0.85155	0.01022	0.00777	0.00695	0.01022	0.01186	0.00573	0.01554	0.00900	0.02372	0.00736	0.00859	0.00573	0.00491	0.00327	0.00164	0.00409	0.00286	0.00327	0.00573
13	0.00929	0.00735	0.00801	0.00761	0.00894	0.06344	0.00560	0.03854	0.03853	0.03470	0.46315	0.12617	0.03776	0.09989	0.00842	0.00210	0.00364	0.02656	0.00515	0.00513
14	0.01111	0.00617	0.00819	0.00733	0.00916	0.00557	0.00562	0.01339	0.01465	0.19499	0.55057	0.09111	0.04039	0.01026	0.00606	0.00169	0.00299	0.00899	0.00592	0.00585
15	0.00933	0.00675	0.00801	0.00782	0.00913	0.00676	0.00570	0.14565	0.01363	0.01838	0.15652	0.36854	0.08534	0.08783	0.00819	0.00220	0.00366	0.02923	0.02212	0.00521
16	0.01413	0.81739	0.02770	0.00905	0.01357	0.02092	0.00905	0.01583	0.01074	0.01244	0.00735	0.00848	0.00678	0.00452	0.00339	0.00113	0.00565	0.00283	0.00226	0.00678
17	0.05717	0.01253	0.01504	0.07571	0.03368	0.03561	0.04989	0.35682	0.04533	0.12014	0.01375	0.06037	0.01070	0.00673	0.00588	0.00166	0.04643	0.00535	0.00458	0.04261
18	0.03174	0.16898	0.08992	0.02761	0.07850	0.14792	0.05774	0.12237	0.01318	0.01696	0.00935	0.02908	0.00797	0.00616	0.00708	0.00162	0.15550	0.00431	0.00293	0.02109
19	0.78078	0.03230	0.02887	0.00716	0.01052	0.01190	0.00612	0.01548	0.00917	0.02311	0.00772	0.00900	0.00602	0.00494	0.00333	0.00161	0.00418	0.00295	0.02906	0.00578
20	0.03779	0.08439	0.01566	0.01260	0.01562	0.51376	0.00983	0.10658	0.07086	0.04130	0.00996	0.01089	0.00793	0.00576	0.00520	0.00145	0.03658	0.00380	0.00330	0.00675
21	0.00727	0.00533	0.00677	0.00653	0.00774	0.00488	0.00483	0.00945	0.01410	0.01958	0.62190	0.09723	0.13285	0.02985	0.00675	0.00179	0.00262	0.01010	0.00559	0.00484
22	0.00676	0.00538	0.00607	0.00590	0.00746	0.00468	0.00442	0.00859	0.01327	0.01718	0.35714	0.04611	0.47369	0.01231	0.00624	0.00173	0.00260	0.01049	0.00529	0.00468
23	0.01413	0.81739	0.02770	0.00905	0.01357	0.02092	0.00905	0.01583	0.01074	0.01244	0.00735	0.00848	0.00678	0.00452	0.00339	0.00113	0.00565	0.00283	0.00226	0.00678
24	0.01060	0.02735	0.78682	0.01507	0.02288	0.01228	0.01953	0.01674	0.01116	0.01674	0.00949	0.01116	0.00670	0.00502	0.00502	0.00167	0.00781	0.00391	0.00223	0.00781
25	0.00748	0.00540	0.00707	0.00665	0.00790	0.00499	0.00499	0.00998	0.01496	0.02120	0.77844	0.03949	0.04988	0.01081	0.00624	0.00166	0.00249	0.00956	0.00582	0.00499

[dist]
# distance from previous block
# <min> <max>
0	22

[block]
# block no. 3 follows, 46 sequences, length 259
# corresponding to MSA columns:
# 379-464,487-620,622-660
name=unknown_D
#
# <colnr> <probs for GDERKNQSTAVLIFYWHMCP>
#	G	D	E	R	K	N	Q	S	T	A	V	L	I	F	Y	W	H	M	C	P
0	0.00644	0.00460	0.00613	0.00736	0.00767	0.00429	0.00491	0.00736	0.01012	0.01350	0.02914	0.81076	0.03497	0.01656	0.00675	0.00215	0.00307	0.01503	0.00491	0.00429
1	0.01674	0.00755	0.01010	0.00829	0.01117	0.00672	0.00662	0.01924	0.03051	0.45125	0.33640	0.02698	0.02847	0.00833	0.00570	0.00165	0.00366	0.00710	0.00622	0.00731
2	0.00704	0.00530	0.00651	0.00640	0.00767	0.00477	0.00473	0.00905	0.01364	0.01849	0.50173	0.13347	0.23753	0.01216	0.00630	0.00175	0.00261	0.01062	0.00548	0.00477
3	0.01096	0.00940	0.01096	0.00783	0.01253	0.00705	0.00626	0.01331	0.01096	0.01723	0.00940	0.01096	0.00783	0.00392	0.00392	0.00078	0.00392	0.00313	0.00313	0.84653
4	0.00852	0.00608	0.00852	0.00974	0.01095	0.00608	0.00852	0.01095	0.01217	0.01582	0.02799	0.05963	0.03042	0.01460	0.00730	0.00243	0.00487	0.74565	0.00487	0.00487
5	0.00644	0.00460	0.00613	0.00736	0.00767	0.00429	0.00491	0.00736	0.01012	0.01350	0.02914	0.81076	0.03497	0.01656	0.00675	0.00215	0.00307	0.01503	0.00491	0.00429
6	0.04260	0.00919	0.01227	0.00943	0.01350	0.00811	0.00779	0.04674	0.01527	0.74583	0.02031	0.01763	0.01280	0.00650	0.00527	0.00163	0.00453	0.00524	0.00643	0.00892
7	0.01096	0.00940	0.01096	0.00783	0.01253	0.00705	0.00626	0.01331	0.01096	0.01723	0.00940	0.01096	0.00783	0.00392	0.00392	0.00078	0.00392	0.00313	0.00313	0.84653
8	0.01055	0.00998	0.01688	0.66036	0.17311	0.01190	0.01496	0.01401	0.01084	0.01420	0.00950	0.01391	0.00729	0.00518	0.00528	0.00173	0.00691	0.00470	0.00240	0.00633
9	0.02010	0.01481	0.01587	0.01216	0.01639	0.01639	0.01005	0.76360	0.02486	0.03332	0.01269	0.01269	0.00899	0.00635	0.00529	0.00159	0.00582	0.00476	0.00529	0.00899
10	0.00755	0.00566	0.00850	0.00850	0.00944	0.00661	0.00661	0.00944	0.00850	0.01227	0.01416	0.02077	0.01322	0.03965	0.79326	0.00850	0.01416	0.00566	0.00283	0.00472
11	0.01315	0.01136	0.01195	0.01076	0.01375	0.01315	0.00837	0.02809	0.77168	0.02211	0.02152	0.01972	0.01614	0.00717	0.00538	0.00179	0.00418	0.00598	0.00538	0.00837
12	0.01008	0.00927	0.01548	0.73380	0.06040	0.01142	0.01416	0.01354	0.01065	0.01396	0.00982	0.01435	0.00743	0.00531	0.00520	0.00173	0.00678	0.00471	0.04598	0.00591
13	0.01060	0.02735	0.78682	0.01507	0.02288	0.01228	0.01953	0.01674	0.01116	0.01674	0.00949	0.01116	0.00670	0.00502	0.00502	0.00167	0.00781	0.00391	0.00223	0.00781
14	0.01413	0.81739	0.02770	0.00905	0.01357	0.02092	0.00905	0.01583	0.01074	0.01244	0.00735	0.00848	0.00678	0.00452	0.00339	0.00113	0.00565	0.00283	0.00226	0.00678
15	0.00743	0.00540	0.00699	0.00660	0.00787	0.00497	0.00495	0.00988	0.01484	0.02091	0.74806	0.03997	0.08045	0.01092	0.00624	0.00167	0.00250	0.00963	0.00578	0.00497
16	0.00721	0.00539	0.00668	0.00636	0.00773	0.00487	0.00477	0.00944	0.01431	0.01965	0.61602	0.04204	0.21327	0.01139	0.00624	0.00169	0.00254	0.00992	0.00562	0.00487
17	0.01060	0.02735	0.78682	0.01507	0.02288	0.01228	0.01953	0.01674	0.01116	0.01674	0.00949	0.01116	0.00670	0.00502	0.00502	0.00167	0.00781	0.00391	0.00223	0.00781
18	0.00644	0.00460	0.00613	0.00736	0.00767	0.00429	0.00491	0.00736	0.01012	0.01350	0.02914	0.81076	0.03497	0.01656	0.00675	0.00215	0.00307	0.01503	0.00491	0.00429
19	0.01248	0.01426	0.03119	0.02228	0.02763	0.01337	0.76203	0.01693	0.01248	0.01693	0.01070	0.01426	0.00802	0.00446	0.00624	0.00178	0.00891	0.00624	0.00267	0.00713
20	0.00985	0.00493	0.00493	0.00493	0.00616	0.00493	0.00370	0.01232	0.01109	0.01971	0.01725	0.01971	0.01355	0.00616	0.00370	0.00123	0.00246	0.00493	0.84356	0.00493
21	0.01157	0.01157	0.01619	0.01388	0.01388	0.01619	0.01157	0.01272	0.00810	0.01272	0.00694	0.01157	0.00694	0.00925	0.01735	0.00231	0.80453	0.00463	0.00231	0.00578
22	0.85155	0.01022	0.00777	0.00695	0.01022	0.01186	0.00573	0.01554	0.00900	0.02372	0.00736	0.00859	0.00573	0.00491	0.00327	0.00164	0.00409	0.00286	0.00327	0.00573
23	0.10508	0.01664	0.01456	0.01189	0.01557	0.20448	0.00953	0.45804	0.06971	0.02664	0.01162	0.01196	0.00859	0.00603	0.00496	0.00155	0.00644	0.00431	0.00446	0.00792
24	0.01279	0.31744	0.40951	0.01294	0.01908	0.03991	0.04517	0.05779	0.01193	0.01596	0.00888	0.01033	0.00691	0.00490	0.00448	0.00146	0.00700	0.00364	0.00245	0.00742
25	0.00717	0.00526	0.00672	0.00664	0.00778	0.00481	0.00487	0.00927	0.01381	0.01912	0.57044	0.17678	0.12348	0.01209	0.00633	0.00176	0.00261	0.01069	0.00556	0.00481
26	0.00985	0.00493	0.00493	0.00493	0.00616	0.00493	0.00370	0.01232	0.01109	0.01971	0.01725	0.01971	0.01355	0.00616	0.00370	0.00123	0.00246	0.00493	0.84356	0.00493
27	0.00654	0.00471	0.00621	0.00723	0.00768	0.00437	0.00489	0.00764	0.01068	0.01431	0.10697	0.70790	0.05954	0.01587	0.00668	0.00209	0.00300	0.01435	0.00500	0.00437
28	0.02799	0.01256	0.01883	0.37878	0.02740	0.09625	0.17294	0.01537	0.03288	0.01449	0.00943	0.01327	0.00745	0.00585	0.00746	0.00182	0.14358	0.00488	0.00256	0.00622
29	0.01004	0.00950	0.01619	0.78463	0.03622	0.01178	0.03087	0.01358	0.01061	0.01358	0.00942	0.01410	0.00707	0.00527	0.00531	0.00176	0.00709	0.00473	0.00236	0.00590
30	0.00744	0.00540	0.00701	0.00661	0.00787	0.00497	0.00496	0.00990	0.01487	0.02099	0.75600	0.03984	0.07246	0.01089	0.00624	0.00167	0.00250	0.00961	0.00579	0.00497
31	0.00644	0.00460	0.00613	0.00736	0.00767	0.00429	0.00491	0.00736	0.01012	0.01350	0.02914	0.81076	0.03497	0.01656	0.00675	0.00215	0.00307	0.01503	0.00491	0.00429
32	0.02632	0.01020	0.01780	0.63595	0.10328	0.01199	0.09153	0.01415	0.01087	0.01440	0.00954	0.01392	0.00724	0.00514	0.00534	0.00174	0.00711	0.00482	0.00242	0.00623
33	0.01984	0.00886	0.01147	0.00936	0.01282	0.00824	0.00751	0.02391	0.13940	0.56305	0.03836	0.10029	0.01664	0.00777	0.00549	0.00171	0.00426	0.00652	0.00617	0.00832
34	0.01008	0.00514	0.00517	0.00509	0.00638	0.00518	0.00383	0.02875	0.01139	0.02001	0.01715	0.01956	0.01345	0.00616	0.00373	0.00124	0.00254	0.00492	0.82523	0.00502
35	0.00656	0.00469	0.00624	0.00728	0.00769	0.00437	0.00492	0.00766	0.01067	0.01437	0.11418	0.72323	0.03666	0.01591	0.00669	0.00209	0.00300	0.01441	0.00501	0.00437
36	0.01103	0.08000	0.65893	0.01538	0.02272	0.01298	0.09353	0.01670	0.01127	0.01647	0.00946	0.01129	0.00684	0.00493	0.00503	0.00165	0.00778	0.00407	0.00228	0.00767
37	0.02346	0.00942	0.01253	0.00961	0.01371	0.00840	0.00794	0.07938	0.01584	0.73028	0.02026	0.01761	0.01279	0.00653	0.00531	0.00163	0.00459	0.00528	0.00645	0.00900
38	0.85155	0.01022	0.00777	0.00695	0.01022	0.01186	0.00573	0.01554	0.00900	0.02372	0.00736	0.00859	0.00573	0.00491	0.00327	0.00164	0.00409	0.00286	0.00327	0.00573
39	0.02372	0.00900	0.01227	0.00941	0.01350	0.00777	0.00777	0.02576	0.01513	0.78489	0.02086	0.01799	0.01309	0.00654	0.00532	0.00164	0.00450	0.00532	0.00654	0.00900
40	0.01037	0.00972	0.01604	0.70464	0.08726	0.01188	0.01445	0.01449	0.05214	0.01424	0.01009	0.01433	0.00764	0.00535	0.00529	0.00175	0.00684	0.00477	0.00253	0.00618
41	0.00664	0.00485	0.00647	0.00755	0.00784	0.00472	0.00510	0.00755	0.01001	0.01341	0.02814	0.76861	0.03370	0.03144	0.00749	0.00221	0.03061	0.01453	0.00479	0.00432
42	0.02372	0.00900	0.01227	0.00941	0.01350	0.00777	0.00777	0.02576	0.01513	0.78489	0.02086	0.01799	0.01309	0.00654	0.00532	0.00164	0.00450	0.00532	0.00654	0.00900
43	0.01129	0.11325	0.59548	0.01598	0.06413	0.01335	0.08174	0.01663	0.01128	0.01631	0.00938	0.01123	0.00691	0.00490	0.00496	0.00162	0.00758	0.00403	0.00229	0.00767
44	0.01096	0.00940	0.01096	0.00783	0.01253	0.00705	0.00626	0.01331	0.01096	0.01723	0.00940	0.01096	0.00783	0.00392	0.00392	0.00078	0.00392	0.00313	0.00313	0.84653
45	0.85155	0.01022	0.00777	0.00695	0.01022	0.01186	0.00573	0.01554	0.00900	0.02372	0.00736	0.00859	0.00573	0.00491	0.00327	0.00164	0.00409	0.00286	0.00327	0.00573
46	0.01060	0.02735	0.78682	0.01507	0.02288	0.01228	0.01953	0.01674	0.01116	0.01674	0.00949	0.01116	0.00670	0.00502	0.00502	0.00167	0.00781	0.00391	0.00223	0.00781
47	0.00769	0.00513	0.00577	0.00577	0.00577	0.00513	0.00320	0.00769	0.00769	0.01025	0.01666	0.03460	0.01922	0.81421	0.02691	0.00513	0.00513	0.00769	0.00320	0.00320
48	0.01353	0.01155	0.01217	0.01084	0.01389	0.01333	0.00846	0.06871	0.73044	0.02273	0.02103	0.01934	0.01574	0.00713	0.00537	0.00178	0.00427	0.00591	0.00537	0.00840
49	0.00657	0.00470	0.00628	0.00748	0.00785	0.00441	0.00511	0.00761	0.01032	0.01376	0.04275	0.75521	0.03499	0.01635	0.00677	0.00215	0.00316	0.05527	0.00492	0.00434
50	0.00998	0.00940	0.01586	0.80150	0.03641	0.01175	0.01468	0.01351	0.01057	0.01351	0.00940	0.01409	0.00705	0.00529	0.00529	0.00176	0.00705	0.00470	0.00235	0.00587
51	0.02372	0.00900	0.01227	0.00941	0.01350	0.00777	0.00777	0.02576	0.01513	0.78489	0.02086	0.01799	0.01309	0.00654	0.00532	0.00164	0.00450	0.00532	0.00654	0.00900
52	0.00769	0.00513	0.00577	0.00577	0.00577	0.00513	0.00320	0.00769	0.00769	0.01025	0.01666	0.03460	0.01922	0.81421	0.02691	0.00513	0.00513	0.00769	0.00320	0.00320
53	0.00644	0.00460	0.00613	0.00736	0.00767	0.00429	0.00491	0.00736	0.01012	0.01350	0.02914	0.81076	0.03497	0.01656	0.00675	0.00215	0.00307	0.01503	0.00491	0.00429
54	0.01975	0.02520	0.01498	0.01362	0.01634	0.79299	0.01021	0.02111	0.01498	0.01294	0.00817	0.00953	0.00681	0.00545	0.00477	0.00136	0.00953	0.00340	0.00272	0.00613
55	0.85155	0.01022	0.00777	0.00695	0.01022	0.01186	0.00573	0.01554	0.00900	0.02372	0.00736	0.00859	0.00573	0.00491	0.00327	0.00164	0.00409	0.00286	0.00327	0.00573
56	0.00998	0.00940	0.01586	0.80150	0.03641	0.01175	0.01468	0.01351	0.01057	0.01351	0.00940	0.01409	0.00705	0.00529	0.00529	0.00176	0.00705	0.00470	0.00235	0.00587
57	0.00647	0.00462	0.00616	0.00734	0.00767	0.00431	0.00491	0.00744	0.01026	0.01372	0.05068	0.78859	0.03539	0.01640	0.00673	0.00213	0.00305	0.01487	0.00493	0.00431
58	0.01413	0.81739	0.02770	0.00905	0.01357	0.02092	0.00905	0.01583	0.01074	0.01244	0.00735	0.00848	0.00678	0.00452	0.00339	0.00113	0.00565	0.00283	0.00226	0.00678
59	0.00644	0.00460	0.00613	0.00736	0.00767	0.00429	0.00491	0.00736	0.01012	0.01350	0.02914	0.81076	0.03497	0.01656	0.00675	0.00215	0.00307	0.01503	0.00491	0.00429
60	0.02057	0.01259	0.01432	0.01114	0.01520	0.01329	0.00915	0.45292	0.09589	0.27426	0.01620	0.01510	0.01102	0.00649	0.00531	0.00162	0.00523	0.00506	0.00570	0.00893
61	0.01248	0.01426	0.03119	0.02228	0.02763	0.01337	0.76203	0.01693	0.01248	0.01693	0.01070	0.01426	0.00802	0.00446	0.00624	0.00178	0.00891	0.00624	0.00267	0.00713
62	0.02372	0.00900	0.01227	0.00941	0.01350	0.00777	0.00777	0.02576	0.01513	0.78489	0.02086	0.01799	0.01309	0.00654	0.00532	0.00164	0.00450	0.00532	0.00654	0.00900
63	0.01060	0.02735	0.78682	0.01507	0.02288	0.01228	0.01953	0.01674	0.01116	0.01674	0.00949	0.01116	0.00670	0.00502	0.00502	0.00167	0.00781	0.00391	0.00223	0.00781
64	0.01965	0.04039	0.01528	0.01346	0.01629	0.74070	0.01018	0.05638	0.01537	0.01390	0.00837	0.00966	0.00691	0.00547	0.00476	0.00137	0.00928	0.00346	0.00284	0.00628
65	0.00739	0.00540	0.00694	0.00656	0.00784	0.00495	0.00492	0.00980	0.01475	0.02070	0.72593	0.04031	0.10271	0.01099	0.00624	0.00167	0.00251	0.00968	0.00575	0.00495
66	0.32214	0.04764	0.20663	0.01013	0.01484	0.01182	0.01020	0.10096	0.01272	0.17992	0.01235	0.01261	0.02577	0.00562	0.00443	0.00162	0.00534	0.00403	0.00391	0.00731
67	0.01244	0.01305	0.06278	0.17853	0.52916	0.02660	0.05136	0.01611	0.02837	0.01653	0.01007	0.01331	0.00815	0.00489	0.00527	0.00162	0.00665	0.00474	0.00261	0.00776
68	0.00644	0.00460	0.00613	0.00736	0.00767	0.00429	0.00491	0.00736	0.01012	0.01350	0.02914	0.81076	0.03497	0.01656	0.00675	0.00215	0.00307	0.01503	0.00491	0.00429
69	0.00634	0.00534	0.00550	0.00550	0.00721	0.00450	0.00411	0.00775	0.01220	0.01475	0.10419	0.07021	0.70778	0.01329	0.00626	0.00179	0.00268	0.01115	0.00497	0.00450
70	0.02006	0.01391	0.01520	0.01174	0.01585	0.01516	0.00967	0.65192	0.04185	0.11367	0.01410	0.02835	0.01009	0.00658	0.00532	0.00161	0.00558	0.00504	0.00542	0.00889
71	0.02359	0.00920	0.01239	0.00950	0.01359	0.00807	0.00785	0.05108	0.01546	0.75910	0.02058	0.01781	0.01295	0.00654	0.00532	0.00163	0.00454	0.00530	0.00650	0.00900
72	0.01372	0.01376	0.02084	0.03066	0.70842	0.08686	0.01565	0.01669	0.01232	0.01686	0.00978	0.01275	0.00822	0.00478	0.00519	0.00155	0.00659	0.00459	0.00263	0.00816
73	0.01977	0.01464	0.01568	0.01210	0.01627	0.01624	0.00997	0.72856	0.06043	0.03278	0.01311	0.01303	0.00933	0.00639	0.00529	0.00160	0.00574	0.00482	0.00529	0.00896
74	0.01118	0.00786	0.00934	0.00827	0.01034	0.00796	0.00642	0.15946	0.07633	0.06465	0.42212	0.09219	0.06768	0.01005	0.00599	0.00171	0.00349	0.02318	0.00559	0.00618
75	0.05877	0.00867	0.01140	0.00899	0.01265	0.00776	0.00735	0.02338	0.03658	0.63260	0.11548	0.02032	0.01747	0.00702	0.00534	0.00164	0.00422	0.00576	0.00627	0.00833
76	0.02333	0.00905	0.01225	0.00941	0.01345	0.00790	0.00777	0.04160	0.01534	0.75373	0.03529	0.01829	0.01371	0.00662	0.00533	0.00164	0.00449	0.00539	0.00650	0.00892
77	0.02372	0.00900	0.01227	0.00941	0.01350	0.00777	0.00777	0.02576	0.01513	0.78489	0.02086	0.01799	0.01309	0.00654	0.00532	0.00164	0.00450	0.00532	0.00654	0.00900
78	0.01377	0.71605	0.08848	0.01016	0.01498	0.01987	0.04576	0.01596	0.01086	0.01300	0.00768	0.00897	0.00684	0.00456	0.00366	0.00121	0.00598	0.00308	0.00228	0.00688
79	0.02194	0.01104	0.01343	0.01039	0.01446	0.01090	0.00855	0.26836	0.06010	0.49579	0.01821	0.01635	0.01191	0.00651	0.00531	0.00163	0.00491	0.00517	0.00607	0.00896
80	0.02372	0.00900	0.01227	0.00941	0.01350	0.00777	0.00777	0.02576	0.01513	0.78489	0.02086	0.01799	0.01309	0.00654	0.00532	0.00164	0.00450	0.00532	0.00654	0.00900
81	0.00644	0.00460	0.00613	0.00736	0.00767	0.00429	0.00491	0.00736	0.01012	0.01350	0.02914	0.81076	0.03497	0.01656	0.00675	0.00215	0.00307	0.01503	0.00491	0.00429
82	0.02145	0.01202	0.13099	0.01055	0.01523	0.00875	0.02208	0.04129	0.01471	0.63748	0.01876	0.01677	0.01193	0.00627	0.00529	0.00164	0.00511	0.00510	0.00579	0.00878
83	0.80084	0.01015	0.00805	0.00710	0.01042	0.01161	0.00585	0.01617	0.00937	0.07034	0.00819	0.00916	0.00618	0.00501	0.00340	0.00164	0.00411	0.00301	0.00347	0.00593
84	0.00643	0.00535	0.00565	0.00583	0.00747	0.00457	0.00442	0.00782	0.01191	0.01434	0.04982	0.10828	0.66747	0.01372	0.00636	0.00186	0.00287	0.06643	0.00491	0.00448
85	0.01225	0.01583	0.12211	0.02141	0.02706	0.01324	0.67269	0.01691	0.01232	0.01691	0.01055	0.01389	0.00786	0.00452	0.00609	0.00177	0.00878	0.00596	0.00262	0.00721
86	0.85155	0.01022	0.00777	0.00695	0.01022	0.01186	0.00573	0.01554	0.00900	0.02372	0.00736	0.00859	0.00573	0.00491	0.00327	0.00164	0.00409	0.00286	0.00327	0.00573
87	0.83646	0.01013	0.00773	0.00693	0.01014	0.01174	0.00568	0.01540	0.00897	0.02348	0.00753	0.00905	0.00597	0.01938	0.00369	0.00170	0.00411	0.00295	0.00327	0.00568
88	0.00756	0.00507	0.00580	0.00593	0.00596	0.00504	0.00338	0.00765	0.00794	0.01058	0.01794	0.11443	0.02084	0.73216	0.02483	0.00482	0.00491	0.00844	0.00338	0.00332
89	0.02007	0.01430	0.01545	0.01187	0.01603	0.01571	0.00980	0.70984	0.02407	0.07201	0.01321	0.01311	0.00930	0.00635	0.00526	0.00158	0.00568	0.00479	0.02265	0.00891
90	0.03857	0.01287	0.01436	0.01130	0.01515	0.01399	0.00927	0.48199	0.10584	0.17818	0.01506	0.01460	0.01058	0.00734	0.02495	0.00181	0.02514	0.00498	0.00537	0.00866
91	0.00666	0.00476	0.00628	0.00738	0.00778	0.00447	0.00504	0.00768	0.01030	0.01371	0.04878	0.69132	0.04816	0.05423	0.00772	0.00229	0.00326	0.06105	0.00485	0.00430
92	0.00745	0.00540	0.00702	0.00661	0.00788	0.00497	0.00496	0.00991	0.01488	0.02100	0.75760	0.03982	0.07085	0.01088	0.00624	0.00167	0.00250	0.00961	0.00579	0.00497
93	0.01241	0.01259	0.04685	0.14794	0.54809	0.01268	0.05123	0.01589	0.02600	0.01650	0.00993	0.01327	0.00816	0.00509	0.00595	0.00166	0.05062	0.00477	0.00260	0.00777
94	0.01854	0.01384	0.01507	0.01221	0.03309	0.01529	0.00973	0.64234	0.08030	0.03083	0.01435	0.06430	0.01118	0.00703	0.00539	0.00164	0.00553	0.00551	0.00521	0.00863
95	0.00651	0.00471	0.00617	0.00719	0.00766	0.00436	0.00486	0.00758	0.01061	0.01415	0.09015	0.70738	0.07724	0.01593	0.00668	0.00209	0.00300	0.01438	0.00498	0.00436
96	0.00998	0.00940	0.01586	0.80150	0.03641	0.01175	0.01468	0.01351	0.01057	0.01351	0.00940	0.01409	0.00705	0.00529	0.00529	0.00176	0.00705	0.00470	0.00235	0.00587
97	0.03352	0.02632	0.07093	0.03019	0.06885	0.02569	0.00966	0.14604	0.13616	0.23302	0.03879	0.02151	0.04415	0.02357	0.00586	0.00178	0.00513	0.06610	0.00494	0.00779
98	0.01195	0.01388	0.06373	0.13548	0.06088	0.01298	0.55254	0.01618	0.01200	0.01632	0.01065	0.01483	0.00823	0.00493	0.00629	0.00179	0.02792	0.01983	0.00264	0.00696
99	0.00985	0.00493	0.00493	0.00493	0.00616	0.00493	0.00370	0.01232	0.01109	0.01971	0.01725	0.01971	0.01355	0.00616	0.00370	0.00123	0.00246	0.00493	0.84356	0.00493
100	0.00638	0.00535	0.00556	0.00569	0.00736	0.00454	0.00430	0.00775	0.01195	0.01432	0.05090	0.09329	0.69965	0.01363	0.00633	0.00184	0.00281	0.04899	0.00491	0.00447
101	0.02744	0.06464	0.73521	0.01462	0.02219	0.01268	0.01876	0.01667	0.01110	0.01668	0.00934	0.01098	0.00668	0.00500	0.00491	0.00165	0.00764	0.00383	0.00225	0.00772
102	0.00649	0.00463	0.00611	0.00726	0.00758	0.00433	0.00483	0.00738	0.01006	0.01338	0.02911	0.76664	0.04823	0.04728	0.00752	0.00226	0.00314	0.01467	0.00484	0.00426
103	0.00643	0.00463	0.00610	0.00728	0.00765	0.00430	0.00487	0.00737	0.01020	0.01353	0.03016	0.77890	0.06616	0.01643	0.00673	0.00213	0.00305	0.01487	0.00491	0.00430
104	0.06019	0.01102	0.01169	0.01033	0.01338	0.01249	0.00810	0.06036	0.60963	0.07247	0.05634	0.01961	0.01664	0.00714	0.00530	0.00176	0.00419	0.00588	0.00536	0.00813
105	0.01088	0.08923	0.72736	0.01460	0.02215	0.01295	0.01871	0.01667	0.01113	0.01640	0.00932	0.01095	0.00670	0.00498	0.00489	0.00163	0.00764	0.00382	0.00223	0.00773
106	0.00636	0.00539	0.00551	0.00556	0.00732	0.00454	0.00423	0.00775	0.01206	0.01435	0.05234	0.05129	0.74342	0.01345	0.00630	0.00182	0.00278	0.04615	0.00491	0.00448
107	0.01060	0.02735	0.78682	0.01507	0.02288	0.01228	0.01953	0.01674	0.01116	0.01674	0.00949	0.01116	0.00670	0.00502	0.00502	0.00167	0.00781	0.00391	0.00223	0.00781
108	0.02359	0.00920	0.01239	0.00950	0.01359	0.00807	0.00785	0.05108	0.01546	0.75910	0.02058	0.01781	0.01295	0.00654	0.00532	0.00163	0.00454	0.00530	0.00650	0.00900
109	0.00998	0.00940	0.01586	0.80150	0.03641	0.01175	0.01468	0.01351	0.01057	0.01351	0.00940	0.01409	0.00705	0.00529	0.00529	0.00176	0.00705	0.00470	0.00235	0.00587
110	0.00644	0.00460	0.00613	0.00736	0.00767	0.00429	0.00491	0.00736	0.01012	0.01350	0.02914	0.81076	0.03497	0.01656	0.00675	0.00215	0.00307	0.01503	0.00491	0.00429
111	0.01413	0.81739	0.02770	0.00905	0.01357	0.02092	0.00905	0.01583	0.01074	0.01244	0.00735	0.00848	0.00678	0.00452	0.00339	0.00113	0.00565	0.00283	0.00226	0.00678
112	0.00769	0.00513	0.00577	0.00577	0.00577	0.00513	0.00320	0.00769	0.00769	0.01025	0.01666	0.03460	0.01922	0.81421	0.02691	0.00513	0.00513	0.00769	0.00320	0.00320
113	0.01306	0.57786	0.25785	0.01087	0.01639	0.01830	0.01223	0.01611	0.01087	0.01374	0.00800	0.00929	0.00676	0.00467	0.00389	0.00130	0.00631	0.00315	0.00225	0.00710
114	0.01407	0.80231	0.04220	0.00916	0.01375	0.02075	0.00925	0.01585	0.01075	0.01252	0.00739	0.00853	0.00678	0.00453	0.00342	0.00114	0.00569	0.00285	0.00226	0.00680
115	0.01060	0.02735	0.78682	0.01507	0.02288	0.01228	0.01953	0.01674	0.01116	0.01674	0.00949	0.01116	0.00670	0.00502	0.00502	0.00167	0.00781	0.00391	0.00223	0.00781
116	0.00825	0.00589	0.00821	0.00943	0.01053	0.00585	0.00805	0.01049	0.01190	0.01552	0.02814	0.15713	0.03101	0.01486	0.00723	0.00240	0.00463	0.65081	0.00487	0.00479
117	0.01132	0.00942	0.01101	0.00793	0.01258	0.00718	0.00634	0.01390	0.02566	0.03615	0.00991	0.01130	0.00812	0.00404	0.00398	0.00082	0.00393	0.00324	0.00326	0.80990
118	0.01122	0.01002	0.01131	0.00830	0.01273	0.04449	0.02009	0.01356	0.01140	0.01724	0.05183	0.01253	0.01011	0.00438	0.00413	0.00088	0.00419	0.00356	0.00325	0.74479
119	0.00643	0.00465	0.00608	0.00722	0.00763	0.00431	0.00484	0.00738	0.01026	0.01355	0.03088	0.75648	0.08812	0.01634	0.00671	0.00212	0.00304	0.01475	0.00491	0.00431
120	0.01416	0.71329	0.08649	0.00976	0.01445	0.06138	0.00993	0.01618	0.01100	0.01280	0.00756	0.00875	0.00678	0.00461	0.00359	0.00119	0.00603	0.00294	0.00228	0.00683
121	0.00931	0.00747	0.00954	0.00883	0.01075	0.00729	0.04770	0.07644	0.10161	0.01721	0.05762	0.35738	0.11710	0.02843	0.00651	0.00191	0.00388	0.03820	0.00470	0.08815
122	0.06416	0.13580	0.06333	0.01264	0.05736	0.37921	0.00999	0.01866	0.04132	0.05751	0.05279	0.01505	0.02970	0.00618	0.00479	0.00147	0.00716	0.03308	0.00326	0.00652
123	0.00985	0.00812	0.05259	0.01002	0.03160	0.00727	0.03824	0.05665	0.03842	0.06853	0.10038	0.36459	0.04178	0.01237	0.00670	0.00200	0.02895	0.11152	0.00476	0.00565
124	0.00728	0.00538	0.00650	0.00671	0.00791	0.00491	0.00484	0.00927	0.03748	0.03309	0.25209	0.31724	0.26100	0.01342	0.00637	0.00188	0.00285	0.01178	0.00522	0.00478
125	0.00753	0.00571	0.00729	0.02694	0.00949	0.00538	0.00624	0.00964	0.01281	0.01677	0.24930	0.08037	0.24786	0.01302	0.00663	0.00200	0.00355	0.27958	0.00509	0.00479
126	0.01697	0.30617	0.03526	0.01133	0.01515	0.20642	0.00980	0.21717	0.05185	0.03277	0.01036	0.01175	0.00843	0.00572	0.00479	0.00141	0.02481	0.01910	0.00346	0.00729
127	0.01285	0.01233	0.02109	0.12054	0.61013	0.01262	0.06423	0.03350	0.02953	0.01729	0.01026	0.01342	0.00839	0.00485	0.00531	0.00161	0.00648	0.00484	0.00271	0.00802
128	0.00634	0.00537	0.00549	0.00549	0.00725	0.00452	0.00414	0.00775	0.01217	0.01458	0.08170	0.05060	0.73557	0.01331	0.00627	0.00179	0.00271	0.02552	0.00494	0.00449
129	0.01366	0.11819	0.05314	0.03002	0.03100	0.21474	0.02585	0.02974	0.03766	0.01395	0.00934	0.01237	0.00820	0.01065	0.10340	0.00254	0.25318	0.00427	0.02194	0.00618
130	0.11762	0.07747	0.04397	0.01087	0.03020	0.01266	0.03209	0.23079	0.08964	0.19187	0.05380	0.01533	0.01213	0.00628	0.00514	0.00160	0.02020	0.00488	0.03562	0.00783
131	0.00840	0.00605	0.00835	0.00950	0.01075	0.00600	0.00828	0.01078	0.01216	0.01574	0.02934	0.05917	0.06998	0.01454	0.00725	0.00240	0.00475	0.70685	0.00487	0.00485
132	0.01322	0.00949	0.01166	0.09623	0.01450	0.01028	0.02446	0.30903	0.01584	0.02160	0.03331	0.13094	0.03322	0.01003	0.00794	0.13877	0.00492	0.02152	0.08687	0.00616
133	0.01182	0.03294	0.15883	0.07831	0.05694	0.03241	0.32854	0.01558	0.01122	0.01572	0.01013	0.02889	0.00820	0.00582	0.00773	0.00181	0.15158	0.00533	0.03139	0.00680
134	0.01372	0.49643	0.14184	0.09199	0.01758	0.07716	0.01135	0.01659	0.02988	0.03039	0.00859	0.01010	0.00717	0.00496	0.00434	0.00135	0.02381	0.00340	0.00247	0.00686
135	0.00718	0.00520	0.00678	0.00679	0.00782	0.00480	0.00494	0.00924	0.01365	0.01904	0.56708	0.23592	0.06705	0.01235	0.00637	0.00179	0.00265	0.01100	0.00556	0.00480
136	0.01211	0.13523	0.36146	0.01713	0.05765	0.03817	0.24408	0.01664	0.01156	0.01595	0.00944	0.01178	0.00720	0.00492	0.00559	0.00164	0.03516	0.00451	0.00241	0.00736
137	0.02990	0.16618	0.10390	0.01397	0.03630	0.18837	0.13503	0.11814	0.02942	0.01728	0.01176	0.03465	0.03099	0.00608	0.00551	0.00157	0.03928	0.02160	0.00314	0.00694
138	0.02372	0.00900	0.01227	0.00941	0.01350	0.00777	0.00777	0.02576	0.01513	0.78489	0.02086	0.01799	0.01309	0.00654	0.00532	0.00164	0.00450	0.00532	0.00654	0.00900
139	0.00657	0.00469	0.00628	0.00751	0.00787	0.00441	0.00513	0.00759	0.01025	0.01364	0.02907	0.76342	0.03468	0.01644	0.00678	0.00217	0.00318	0.06107	0.00490	0.00433
140	0.05861	0.23795	0.50279	0.01273	0.01923	0.01436	0.01539	0.01686	0.01112	0.05256	0.00934	0.01062	0.00697	0.00495	0.00450	0.00152	0.00687	0.00363	0.00250	0.00748
141	0.01315	0.01136	0.01195	0.01076	0.01375	0.01315	0.00837	0.02809	0.77168	0.02211	0.02152	0.01972	0.01614	0.00717	0.00538	0.00179	0.00418	0.00598	0.00538	0.00837
142	0.02340	0.00951	0.01259	0.00965	0.01375	0.00853	0.00797	0.09086	0.01599	0.71859	0.02014	0.01753	0.01272	0.00653	0.00531	0.00163	0.00461	0.00527	0.00643	0.00900
143	0.05871	0.02308	0.01484	0.05715	0.03266	0.67624	0.01036	0.04000	0.01465	0.01411	0.00836	0.00990	0.00686	0.00542	0.00475	0.00141	0.00897	0.00351	0.00280	0.00622
144	0.00788	0.00616	0.00948	0.11462	0.01305	0.00730	0.00769	0.00998	0.00877	0.01244	0.01352	0.01988	0.01239	0.03505	0.68781	0.00759	0.01321	0.00553	0.00277	0.00487
145	0.10019	0.70942	0.02530	0.00898	0.01323	0.01984	0.00878	0.01570	0.01048	0.01361	0.00734	0.00859	0.00668	0.00471	0.00381	0.00122	0.03023	0.00289	0.00237	0.00664
146	0.01245	0.01296	0.06332	0.10155	0.60230	0.01228	0.05938	0.01585	0.01197	0.01699	0.03371	0.01396	0.00942	0.00495	0.00532	0.00161	0.00647	0.00490	0.00267	0.00793
147	0.00649	0.00464	0.00610	0.00726	0.00758	0.00433	0.00482	0.00738	0.01005	0.01337	0.02904	0.76400	0.04769	0.05051	0.00760	0.00227	0.00315	0.01465	0.00483	0.00425
148	0.00644	0.00460	0.00613	0.00736	0.00767	0.00429	0.00491	0.00736	0.01012	0.01350	0.02914	0.81076	0.03497	0.01656	0.00675	0.00215	0.00307	0.01503	0.00491	0.00429
149	0.01230	0.01447	0.05408	0.02176	0.02708	0.01315	0.72370	0.01673	0.01239	0.01686	0.01103	0.03030	0.00853	0.00472	0.00621	0.00179	0.00876	0.00634	0.00271	0.00709
150	0.02015	0.01441	0.01559	0.01198	0.01618	0.01585	0.00989	0.70753	0.03989	0.07459	0.01333	0.01313	0.00937	0.00637	0.00529	0.00159	0.00571	0.00482	0.00536	0.00898
151	0.85155	0.01022	0.00777	0.00695	0.01022	0.01186	0.00573	0.01554	0.00900	0.02372	0.00736	0.00859	0.00573	0.00491	0.00327	0.00164	0.00409	0.00286	0.00327	0.00573
152	0.00645	0.00467	0.00610	0.00721	0.00764	0.00432	0.00485	0.00744	0.01036	0.01373	0.04797	0.74171	0.08560	0.01622	0.00670	0.00211	0.00303	0.01464	0.00493	0.00432
153	0.01248	0.01426	0.03119	0.02228	0.02763	0.01337	0.76203	0.01693	0.01248	0.01693	0.01070	0.01426	0.00802	0.00446	0.00624	0.00178	0.00891	0.00624	0.00267	0.00713
154	0.00642	0.00536	0.00560	0.00554	0.00725	0.00454	0.00415	0.00793	0.01246	0.01526	0.15645	0.04926	0.67557	0.01302	0.00625	0.00177	0.00265	0.01093	0.00504	0.00454
155	0.02372	0.00900	0.01227	0.00941	0.01350	0.00777	0.00777	0.02576	0.01513	0.78489	0.02086	0.01799	0.01309	0.00654	0.00532	0.00164	0.00450	0.00532	0.00654	0.00900
156	0.00625	0.00533	0.00538	0.00541	0.00716	0.00446	0.00404	0.00758	0.01199	0.01426	0.05285	0.07272	0.75769	0.01348	0.00626	0.00180	0.00269	0.01127	0.00491	0.00446
