[name]
unknown

[dist]
# distance from previous block
# <min> <max>
2	41

[block]
# block no. 0 follows, 44 sequences, length 42
# corresponding to MSA columns:
# 157-198
name=unknown_A
#
# <colnr> <probs for GDERKNQSTAVLIFYWHMCP>
#	G	D	E	R	K	N	Q	S	T	A	V	L	I	F	Y	W	H	M	C	P
0	0.01389	0.60347	0.18989	0.01113	0.01650	0.03798	0.03111	0.01669	0.01132	0.01391	0.00816	0.00952	0.00701	0.00480	0.00397	0.00131	0.00649	0.00326	0.00235	0.00722
1	0.01032	0.02922	0.01052	0.00932	0.03439	0.00794	0.00695	0.03723	0.11143	0.01811	0.08977	0.22360	0.02229	0.00947	0.00555	0.00158	0.00397	0.06320	0.00443	0.30070
2	0.07188	0.08913	0.05769	0.01130	0.01536	0.11009	0.02928	0.10853	0.19444	0.18829	0.01523	0.01479	0.01103	0.00613	0.00503	0.00159	0.00573	0.00474	0.00463	0.05510
3	0.01363	0.01238	0.05289	0.03226	0.04704	0.01108	0.34580	0.05172	0.01313	0.12135	0.01499	0.12928	0.01296	0.00689	0.00623	0.00176	0.02383	0.00700	0.00378	0.09201
4	0.00698	0.00504	0.00667	0.00782	0.00839	0.00473	0.00556	0.00823	0.01101	0.01455	0.05247	0.63016	0.07728	0.01643	0.00700	0.00222	0.00340	0.12244	0.00508	0.00455
5	0.00778	0.00515	0.00661	0.00740	0.00807	0.00476	0.00504	0.00878	0.01072	0.05678	0.03072	0.60448	0.10293	0.09059	0.00879	0.00244	0.00344	0.02590	0.00499	0.00462
6	0.01357	0.14847	0.28301	0.08742	0.02286	0.01353	0.19713	0.01778	0.01221	0.11360	0.01176	0.03423	0.00891	0.00549	0.00532	0.00168	0.00733	0.00501	0.00307	0.00758
7	0.02397	0.01007	0.01314	0.01007	0.01431	0.00919	0.00832	0.12276	0.01693	0.68011	0.02040	0.01784	0.01294	0.00672	0.00548	0.00168	0.00482	0.00541	0.00658	0.00928
8	0.02427	0.00958	0.01284	0.00984	0.01407	0.00847	0.00813	0.06371	0.01611	0.74031	0.02108	0.01828	0.01328	0.00674	0.00548	0.00168	0.00471	0.00545	0.00668	0.00928
9	0.05528	0.03208	0.01424	0.01101	0.01473	0.01401	0.00891	0.43430	0.12074	0.13496	0.01551	0.01667	0.01165	0.08201	0.00743	0.00201	0.00543	0.00531	0.00528	0.00842
10	0.01349	0.53174	0.27984	0.01151	0.01727	0.03583	0.01298	0.01676	0.01132	0.01432	0.00834	0.00970	0.00697	0.00486	0.00409	0.00136	0.00667	0.00330	0.00233	0.00734
11	0.00793	0.00529	0.00595	0.00595	0.00595	0.00529	0.00330	0.00793	0.00793	0.01057	0.01718	0.03568	0.01982	0.80840	0.02775	0.00529	0.00529	0.00793	0.00330	0.00330
12	0.04649	0.01019	0.01307	0.01005	0.01426	0.00943	0.00830	0.13270	0.01689	0.64899	0.01990	0.01749	0.01267	0.00667	0.00542	0.00168	0.00483	0.00533	0.00647	0.00918
13	0.01483	0.01328	0.01379	0.02659	0.01437	0.13258	0.00949	0.25763	0.01532	0.01995	0.01225	0.04354	0.01089	0.05761	0.17126	0.00345	0.16739	0.00540	0.00372	0.00668
14	0.00866	0.03487	0.01096	0.00979	0.01087	0.00873	0.02378	0.01056	0.00888	0.01282	0.01334	0.01963	0.01247	0.03489	0.64568	0.00754	0.11295	0.00562	0.00283	0.00513
15	0.01130	0.00969	0.01130	0.00807	0.01292	0.00727	0.00646	0.01373	0.01130	0.01776	0.00969	0.01130	0.00807	0.00404	0.00404	0.00081	0.00404	0.00323	0.00323	0.84173
16	0.81282	0.01049	0.00821	0.00727	0.01068	0.01206	0.00599	0.01646	0.00954	0.05570	0.00817	0.00926	0.00622	0.00513	0.00346	0.00169	0.00423	0.00306	0.00351	0.00604
17	0.01385	0.05396	0.02582	0.00888	0.01169	0.00882	0.00716	0.10127	0.05736	0.18360	0.20195	0.10815	0.02483	0.06562	0.00726	0.00193	0.00425	0.02869	0.00523	0.07967
18	0.01173	0.01237	0.02197	0.06177	0.02110	0.03001	0.33918	0.01465	0.01105	0.01532	0.01293	0.04116	0.05203	0.00892	0.04895	0.00233	0.25383	0.00621	0.00285	0.03167
19	0.11512	0.01806	0.01423	0.01208	0.01551	0.31315	0.00950	0.26789	0.09948	0.04597	0.01201	0.01246	0.00905	0.00611	0.00498	0.00157	0.00697	0.00430	0.02398	0.00757
20	0.01395	0.67667	0.15808	0.01040	0.01565	0.02004	0.01119	0.01649	0.01115	0.01359	0.00796	0.00922	0.00698	0.00475	0.00379	0.00126	0.00621	0.00311	0.00233	0.00718
21	0.02067	0.21390	0.03670	0.00993	0.01428	0.01221	0.00876	0.04087	0.07270	0.48810	0.01752	0.01589	0.01182	0.00622	0.00497	0.00157	0.00504	0.00483	0.00539	0.00862
22	0.02002	0.01328	0.01476	0.01161	0.01566	0.01432	0.00949	0.47762	0.14005	0.18041	0.03493	0.01601	0.01232	0.00683	0.00550	0.00168	0.00538	0.00534	0.00574	0.00907
23	0.01618	0.00770	0.01016	0.00846	0.01127	0.00698	0.00672	0.01919	0.05428	0.39036	0.36737	0.02887	0.03115	0.00881	0.00592	0.00171	0.00367	0.00754	0.00634	0.00734
24	0.01253	0.01317	0.06405	0.20414	0.46113	0.01292	0.08215	0.01643	0.03158	0.01689	0.01041	0.01387	0.00837	0.00516	0.00577	0.00171	0.02421	0.00498	0.00269	0.00784
25	0.01354	0.23148	0.33573	0.01535	0.04061	0.03976	0.15098	0.05907	0.01270	0.03787	0.00991	0.01165	0.00754	0.00506	0.00499	0.00158	0.00748	0.00427	0.00272	0.00771
26	0.00793	0.00529	0.00595	0.00595	0.00595	0.00529	0.00330	0.00793	0.00793	0.01057	0.01718	0.03568	0.01982	0.80840	0.02775	0.00529	0.00529	0.00793	0.00330	0.00330
27	0.00664	0.00474	0.00633	0.00759	0.00791	0.00443	0.00506	0.00759	0.01044	0.01392	0.03005	0.80485	0.03606	0.01708	0.00696	0.00221	0.00316	0.01550	0.00506	0.00443
28	0.03130	0.39889	0.16840	0.01157	0.01638	0.12111	0.01157	0.07218	0.04409	0.04263	0.00960	0.01065	0.00776	0.00536	0.00470	0.00143	0.02843	0.00363	0.00293	0.00737
29	0.01121	0.01070	0.01838	0.61050	0.09604	0.01263	0.08734	0.04034	0.01167	0.01529	0.00992	0.01435	0.00755	0.00546	0.00585	0.00181	0.02688	0.00500	0.00258	0.00651
30	0.00807	0.00530	0.00602	0.00602	0.00615	0.00534	0.00350	0.00832	0.00820	0.01130	0.01710	0.03402	0.01915	0.72064	0.06118	0.00518	0.00554	0.00765	0.05783	0.00349
31	0.01130	0.00969	0.01130	0.00807	0.01292	0.00727	0.00646	0.01373	0.01130	0.01776	0.00969	0.01130	0.00807	0.00404	0.00404	0.00081	0.00404	0.00323	0.00323	0.84173
32	0.00664	0.00474	0.00633	0.00759	0.00791	0.00443	0.00506	0.00759	0.01044	0.01392	0.03005	0.80485	0.03606	0.01708	0.00696	0.00221	0.00316	0.01550	0.00506	0.00443
33	0.01162	0.00990	0.01150	0.00863	0.01299	0.00826	0.00687	0.03819	0.07604	0.01843	0.01164	0.04505	0.00998	0.00510	0.00473	0.00103	0.02678	0.00409	0.00355	0.68565
34	0.01061	0.00730	0.01039	0.01182	0.13401	0.00694	0.00756	0.01343	0.03572	0.10478	0.43731	0.11798	0.03690	0.01030	0.00622	0.00178	0.00363	0.03175	0.00540	0.00619
35	0.00651	0.00525	0.00580	0.00624	0.00755	0.00454	0.00446	0.00774	0.01174	0.01445	0.04655	0.31171	0.51854	0.01493	0.00662	0.00197	0.00290	0.01288	0.00506	0.00454
36	0.00689	0.00521	0.00589	0.00631	0.00717	0.00472	0.00423	0.00777	0.01061	0.01339	0.03717	0.29392	0.33723	0.22026	0.01212	0.00285	0.00354	0.01189	0.00461	0.00421
37	0.17151	0.01855	0.01455	0.06946	0.03245	0.34615	0.01009	0.23598	0.01692	0.02170	0.00977	0.01103	0.00753	0.00576	0.00484	0.00156	0.00742	0.00394	0.00366	0.00714
38	0.02104	0.00889	0.01181	0.00933	0.01300	0.00796	0.00760	0.04650	0.03952	0.59745	0.15386	0.02236	0.02017	0.00754	0.00565	0.00170	0.00431	0.00626	0.00654	0.00853
39	0.00664	0.00474	0.00633	0.00759	0.00791	0.00443	0.00506	0.00759	0.01044	0.01392	0.03005	0.80485	0.03606	0.01708	0.00696	0.00221	0.00316	0.01550	0.00506	0.00443
40	0.01276	0.01547	0.07431	0.02256	0.02822	0.01372	0.71321	0.01745	0.01279	0.01745	0.01096	0.01453	0.00820	0.00463	0.00636	0.00183	0.00913	0.00630	0.00273	0.00739
41	0.01496	0.01351	0.05860	0.02975	0.01564	0.03783	0.00970	0.15798	0.51161	0.03911	0.01897	0.01801	0.01409	0.00697	0.00544	0.00177	0.00504	0.00566	0.02686	0.00850

[dist]
# distance from previous block
# <min> <max>
0	1

[block]
# block no. 1 follows, 44 sequences, length 54
# corresponding to MSA columns:
# 200-253
name=unknown_B
#
# <colnr> <probs for GDERKNQSTAVLIFYWHMCP>
#	G	D	E	R	K	N	Q	S	T	A	V	L	I	F	Y	W	H	M	C	P
0	0.09002	0.01025	0.05522	0.06870	0.01507	0.00886	0.00848	0.03151	0.03996	0.39950	0.05773	0.01850	0.01391	0.05817	0.00661	0.00184	0.00487	0.00529	0.00516	0.10034
1	0.01402	0.69141	0.14394	0.01028	0.01547	0.02020	0.01099	0.01647	0.01114	0.01351	0.00792	0.00917	0.00698	0.00474	0.00376	0.00125	0.00617	0.00309	0.00233	0.00716
2	0.00850	0.00720	0.04957	0.00771	0.00946	0.00617	0.00627	0.01134	0.03704	0.04309	0.48615	0.07038	0.11985	0.02676	0.06894	0.00239	0.01918	0.00927	0.00531	0.00541
3	0.01155	0.00987	0.01155	0.02591	0.01359	0.00777	0.00680	0.02950	0.03487	0.01818	0.01015	0.01169	0.00835	0.00422	0.00414	0.00088	0.00416	0.00339	0.00333	0.78009
4	0.68631	0.06546	0.03290	0.00773	0.01125	0.02991	0.00665	0.02913	0.01007	0.02286	0.01036	0.01139	0.04765	0.00555	0.00368	0.00165	0.00452	0.00349	0.00339	0.00604
5	0.00763	0.00557	0.00715	0.00801	0.00876	0.00544	0.00580	0.00978	0.05589	0.01524	0.08350	0.47956	0.05736	0.07774	0.00856	0.00244	0.00369	0.14811	0.00501	0.00476
6	0.01087	0.08617	0.63926	0.01413	0.02120	0.01254	0.01770	0.01644	0.01190	0.01742	0.09137	0.01443	0.01169	0.00578	0.00518	0.00168	0.00730	0.00457	0.00270	0.00766
7	0.01711	0.11400	0.19817	0.02844	0.01843	0.24292	0.01263	0.23691	0.04523	0.02078	0.01057	0.01155	0.00802	0.00574	0.00501	0.00155	0.00756	0.00410	0.00351	0.00776
8	0.01661	0.01228	0.01287	0.01109	0.01448	0.05465	0.00874	0.08307	0.52126	0.17124	0.02062	0.01887	0.01495	0.00711	0.00549	0.00178	0.00480	0.00579	0.00563	0.00868
9	0.00691	0.00502	0.00653	0.00734	0.00801	0.00465	0.00511	0.00828	0.01170	0.01570	0.18616	0.56284	0.09925	0.01552	0.00682	0.00209	0.00306	0.03513	0.00526	0.00461
10	0.01144	0.00678	0.00865	0.00768	0.00972	0.00634	0.00593	0.01484	0.07309	0.17231	0.52526	0.03537	0.08039	0.01012	0.00617	0.00173	0.00313	0.00879	0.00606	0.00621
11	0.01772	0.17108	0.07479	0.01042	0.01449	0.02632	0.00929	0.08810	0.13224	0.29850	0.02958	0.07547	0.01400	0.00713	0.00519	0.00164	0.00516	0.00571	0.00501	0.00814
12	0.01121	0.00596	0.00615	0.00579	0.00736	0.00604	0.00443	0.06914	0.01270	0.03808	0.03603	0.02024	0.01453	0.00649	0.00404	0.00132	0.00285	0.00519	0.73696	0.00549
13	0.00684	0.00504	0.00705	0.00798	0.00847	0.00470	0.02518	0.00794	0.01066	0.01427	0.05319	0.75927	0.03580	0.01656	0.00693	0.00219	0.00331	0.01508	0.00503	0.00453
14	0.01188	0.23209	0.58457	0.01392	0.02110	0.01498	0.01733	0.01702	0.01140	0.01611	0.00921	0.01079	0.00693	0.00505	0.00474	0.00158	0.00748	0.00374	0.00231	0.00778
15	0.01160	0.01082	0.01801	0.45044	0.30904	0.01216	0.01507	0.03301	0.01207	0.01630	0.05130	0.01553	0.01022	0.00557	0.00548	0.00173	0.00669	0.00512	0.00279	0.00704
16	0.00691	0.00536	0.00629	0.00645	0.00775	0.00474	0.00469	0.00859	0.01296	0.01690	0.28661	0.22337	0.36246	0.01369	0.00656	0.00189	0.00279	0.01189	0.00537	0.00474
17	0.00793	0.00529	0.00595	0.00595	0.00595	0.00529	0.00330	0.00793	0.00793	0.01057	0.01718	0.03568	0.01982	0.80840	0.02775	0.00529	0.00529	0.00793	0.00330	0.00330
18	0.03397	0.01417	0.02059	0.04778	0.43462	0.06500	0.08638	0.17542	0.01536	0.02111	0.01089	0.01335	0.00864	0.00530	0.00540	0.00163	0.00675	0.00489	0.02044	0.00828
19	0.01505	0.01245	0.01317	0.01140	0.01475	0.01426	0.00899	0.18047	0.61061	0.02521	0.02029	0.01883	0.01511	0.00722	0.00553	0.00180	0.00467	0.00590	0.00553	0.00876
20	0.01349	0.01163	0.01901	0.28279	0.42507	0.01244	0.01509	0.03979	0.03655	0.07466	0.01139	0.01443	0.00882	0.00533	0.00543	0.00170	0.00652	0.00494	0.00309	0.00785
21	0.00780	0.00590	0.00877	0.00880	0.00971	0.00686	0.00681	0.00967	0.00886	0.01275	0.01545	0.07184	0.01495	0.03871	0.72066	0.00821	0.02993	0.00644	0.00305	0.00486
22	0.84691	0.01054	0.00801	0.00717	0.01054	0.01223	0.00590	0.01603	0.00928	0.02446	0.00759	0.00886	0.00590	0.00506	0.00337	0.00169	0.00422	0.00295	0.00337	0.00590
23	0.03601	0.00966	0.01309	0.01145	0.07117	0.00881	0.00858	0.02550	0.07213	0.63271	0.02039	0.01819	0.01325	0.00662	0.00541	0.00168	0.00470	0.00544	0.02618	0.00902
24	0.02018	0.01510	0.01680	0.01412	0.07415	0.01661	0.01084	0.70033	0.02463	0.03311	0.01287	0.01312	0.00922	0.00642	0.00545	0.00163	0.00604	0.00490	0.00525	0.00922
25	0.00672	0.00478	0.00630	0.00749	0.00779	0.00448	0.00496	0.00761	0.01029	0.01372	0.02928	0.75905	0.03509	0.06419	0.00820	0.00240	0.00329	0.01505	0.00496	0.00436
26	0.00651	0.00526	0.00580	0.00623	0.00755	0.00454	0.00446	0.00774	0.01175	0.01445	0.04664	0.30923	0.52097	0.01492	0.00662	0.00197	0.00290	0.01287	0.00506	0.00454
27	0.01107	0.00943	0.01102	0.00811	0.01264	0.00723	0.00642	0.01369	0.02793	0.01764	0.01121	0.06003	0.00998	0.00491	0.00425	0.00092	0.00399	0.00405	0.00339	0.77208
28	0.01446	0.03841	0.03620	0.01772	0.02135	0.07289	0.34070	0.13617	0.01381	0.01856	0.00998	0.01309	0.00797	0.00636	0.00921	0.00190	0.22556	0.00537	0.00308	0.00721
29	0.00865	0.00648	0.00893	0.00874	0.00990	0.00744	0.00672	0.03119	0.06636	0.01409	0.01541	0.02205	0.01417	0.08883	0.63155	0.00759	0.01260	0.00596	0.02818	0.00517
30	0.16384	0.00704	0.00843	0.00897	0.01073	0.00720	0.00757	0.01245	0.01202	0.05687	0.04827	0.10465	0.06689	0.01276	0.00652	0.00223	0.00452	0.44885	0.00484	0.00534
31	0.01506	0.01155	0.05308	0.00984	0.01433	0.00979	0.00838	0.11447	0.05293	0.15769	0.01279	0.01337	0.00955	0.00539	0.00538	0.00126	0.04772	0.00414	0.00418	0.44910
32	0.00790	0.00537	0.00635	0.00632	0.00652	0.00544	0.00382	0.00831	0.00861	0.01168	0.07615	0.03455	0.02164	0.66406	0.10690	0.00538	0.00606	0.00786	0.00347	0.00361
33	0.00842	0.00574	0.00697	0.00670	0.00828	0.00509	0.00501	0.01035	0.01382	0.07562	0.37980	0.13397	0.29514	0.01244	0.00643	0.00182	0.00286	0.01077	0.00562	0.00518
34	0.07513	0.01298	0.02496	0.04376	0.06378	0.02724	0.50284	0.01614	0.02352	0.01767	0.03553	0.04365	0.07431	0.00609	0.00609	0.00182	0.00764	0.00679	0.00319	0.00689
35	0.01331	0.00694	0.00916	0.00794	0.01020	0.00632	0.00618	0.01608	0.03875	0.26776	0.47832	0.05932	0.03747	0.00980	0.00611	0.00173	0.00332	0.00851	0.00620	0.00657
36	0.84691	0.01054	0.00801	0.00717	0.01054	0.01223	0.00590	0.01603	0.00928	0.02446	0.00759	0.00886	0.00590	0.00506	0.00337	0.00169	0.00422	0.00295	0.00337	0.00590
37	0.00676	0.00483	0.00646	0.00772	0.00809	0.00453	0.00526	0.00779	0.01055	0.01405	0.02998	0.76453	0.03580	0.01697	0.00699	0.00223	0.00326	0.05467	0.00506	0.00446
38	0.11619	0.01131	0.01961	0.05743	0.18267	0.01138	0.26319	0.01563	0.05871	0.01784	0.01500	0.17749	0.01427	0.00751	0.00583	0.00185	0.00633	0.00744	0.00346	0.00686
39	0.02277	0.01004	0.01288	0.01009	0.01417	0.00939	0.00827	0.08085	0.11359	0.62507	0.02097	0.01838	0.01359	0.00682	0.00549	0.00170	0.00470	0.00553	0.00650	0.00919
40	0.01507	0.34320	0.23281	0.01230	0.01729	0.22332	0.01255	0.01801	0.01237	0.02786	0.00889	0.01039	0.00731	0.00627	0.02976	0.00164	0.00778	0.00352	0.00255	0.00708
41	0.02072	0.01527	0.01636	0.01254	0.01691	0.01691	0.01036	0.75622	0.02563	0.03436	0.01309	0.01309	0.00927	0.00654	0.00545	0.00164	0.00600	0.00491	0.00545	0.00927
42	0.01480	0.03405	0.04968	0.02117	0.12285	0.05468	0.43461	0.07394	0.01387	0.07803	0.01150	0.01412	0.00862	0.00521	0.00639	0.00176	0.03811	0.00566	0.00323	0.00772
43	0.01322	0.03570	0.04356	0.05911	0.10774	0.05185	0.02640	0.06704	0.06552	0.13112	0.09722	0.12988	0.11856	0.00913	0.00584	0.00178	0.00501	0.01980	0.00465	0.00689
44	0.00798	0.00580	0.00723	0.00684	0.00830	0.00534	0.00514	0.01069	0.03706	0.03494	0.60214	0.06061	0.16441	0.01152	0.00640	0.00175	0.00271	0.01007	0.00583	0.00522
45	0.01118	0.01059	0.01794	0.58520	0.24075	0.01234	0.01558	0.01470	0.01132	0.01500	0.00985	0.01425	0.00764	0.00529	0.00544	0.00176	0.00705	0.00485	0.00250	0.00677
46	0.03584	0.01047	0.01503	0.12947	0.13327	0.01119	0.08967	0.14642	0.05113	0.03991	0.01377	0.01608	0.01053	0.00591	0.00519	0.00160	0.01707	0.00513	0.25527	0.00706
47	0.00664	0.00474	0.00633	0.00759	0.00791	0.00443	0.00506	0.00759	0.01044	0.01392	0.03005	0.80485	0.03606	0.01708	0.00696	0.00221	0.00316	0.01550	0.00506	0.00443
48	0.02251	0.01021	0.01296	0.01018	0.01424	0.00967	0.00833	0.09656	0.12620	0.59659	0.02080	0.01830	0.01355	0.00682	0.00549	0.00171	0.00472	0.00553	0.00645	0.00918
49	0.01016	0.00508	0.00508	0.00508	0.00635	0.00508	0.00381	0.01270	0.01143	0.02033	0.01778	0.02033	0.01397	0.00635	0.00381	0.00127	0.00254	0.00508	0.83867	0.00508
50	0.01390	0.01380	0.04724	0.03027	0.61933	0.01332	0.08906	0.07271	0.01343	0.01901	0.01053	0.01352	0.00859	0.00497	0.00550	0.00165	0.00676	0.00499	0.00290	0.00854
51	0.01713	0.01032	0.01201	0.01021	0.01359	0.01083	0.00810	0.02656	0.42721	0.30369	0.06337	0.02155	0.03542	0.00751	0.00559	0.00178	0.00430	0.00624	0.00601	0.00859
52	0.00758	0.00557	0.00710	0.00671	0.00806	0.00509	0.00504	0.01002	0.01511	0.02109	0.69418	0.04199	0.12926	0.01143	0.00643	0.00173	0.00259	0.01004	0.00590	0.00509
53	0.07876	0.01145	0.01246	0.01040	0.01356	0.01246	0.00830	0.38545	0.09117	0.06126	0.04165	0.13041	0.05691	0.01043	0.04798	0.00215	0.00542	0.00698	0.00517	0.00764

[dist]
# distance from previous block
# <min> <max>
0	4

[block]
# block no. 2 follows, 44 sequences, length 9
# corresponding to MSA columns:
# 258-266
name=unknown_C
#
# <colnr> <probs for GDERKNQSTAVLIFYWHMCP>
#	G	D	E	R	K	N	Q	S	T	A	V	L	I	F	Y	W	H	M	C	P
0	0.01195	0.04231	0.01100	0.10414	0.01355	0.04212	0.00768	0.12414	0.01292	0.01874	0.01554	0.01931	0.04275	0.05899	0.10031	0.00264	0.06980	0.00537	0.29087	0.00588
1	0.00687	0.00490	0.00620	0.00715	0.00750	0.00460	0.00467	0.00767	0.01009	0.01334	0.02923	0.61264	0.07970	0.16551	0.01083	0.00277	0.00354	0.01382	0.00473	0.00423
2	0.00680	0.00481	0.00628	0.00739	0.00767	0.00453	0.00485	0.00763	0.01013	0.01351	0.02849	0.71178	0.03409	0.11282	0.00947	0.00259	0.00342	0.01458	0.00485	0.00429
3	0.01211	0.20425	0.48729	0.01595	0.06637	0.01482	0.09299	0.01704	0.01160	0.01631	0.00944	0.01133	0.00717	0.00498	0.00494	0.00160	0.00757	0.00407	0.00238	0.00778
4	0.05242	0.06306	0.04662	0.01546	0.10362	0.43047	0.01128	0.08400	0.07203	0.01697	0.01000	0.01141	0.00809	0.00585	0.00558	0.00154	0.04730	0.00402	0.00319	0.00709
5	0.08998	0.04095	0.01118	0.02667	0.01224	0.01008	0.00715	0.14144	0.10433	0.17586	0.07287	0.06960	0.07123	0.08648	0.00753	0.00205	0.00447	0.00668	0.05220	0.00699
6	0.09947	0.39206	0.20836	0.01144	0.01644	0.09633	0.01189	0.05284	0.01206	0.01621	0.00846	0.00986	0.00698	0.00518	0.00462	0.00144	0.03316	0.00341	0.00263	0.00715
7	0.01463	0.38286	0.16415	0.04263	0.03606	0.05335	0.01158	0.05406	0.07635	0.07139	0.01148	0.03909	0.00944	0.00575	0.00454	0.00147	0.00621	0.00427	0.00320	0.00749
8	0.05720	0.14389	0.04300	0.03167	0.13139	0.08449	0.01033	0.14070	0.09060	0.06381	0.01623	0.04944	0.06302	0.00785	0.02529	0.00181	0.00602	0.02185	0.00396	0.00746

[dist]
# distance from previous block
# <min> <max>
1	5

[block]
# block no. 3 follows, 44 sequences, length 47
# corresponding to MSA columns:
# 272-318
name=unknown_D
#
# <colnr> <probs for GDERKNQSTAVLIFYWHMCP>
#	G	D	E	R	K	N	Q	S	T	A	V	L	I	F	Y	W	H	M	C	P
0	0.01929	0.00968	0.01219	0.00941	0.01343	0.00867	0.00766	0.09778	0.04078	0.44233	0.09624	0.01888	0.01600	0.00665	0.00529	0.00151	0.00443	0.00544	0.00578	0.17856
1	0.01150	0.00682	0.00858	0.00765	0.00970	0.00632	0.00589	0.04621	0.03469	0.16984	0.42704	0.08830	0.13418	0.01073	0.00622	0.00176	0.00324	0.00928	0.00593	0.00611
2	0.01287	0.08672	0.09553	0.13345	0.05803	0.01431	0.38039	0.03586	0.01228	0.03324	0.01032	0.01360	0.00794	0.00532	0.00681	0.00179	0.07618	0.00539	0.00275	0.00722
3	0.00927	0.00646	0.00786	0.00823	0.00949	0.00642	0.00587	0.01305	0.15223	0.07354	0.03009	0.53389	0.09378	0.01420	0.00654	0.00207	0.00346	0.01265	0.00528	0.00560
4	0.00699	0.00550	0.00615	0.00603	0.00750	0.00483	0.00441	0.00862	0.01295	0.01663	0.28172	0.06248	0.45743	0.08474	0.00837	0.00212	0.00294	0.01073	0.00521	0.00466
5	0.00966	0.00768	0.02685	0.01058	0.09778	0.00718	0.00729	0.01185	0.01341	0.07556	0.31718	0.05973	0.24837	0.01078	0.00715	0.00181	0.06728	0.00906	0.00500	0.00581
6	0.03477	0.22518	0.30041	0.01422	0.02010	0.03136	0.13617	0.07755	0.03412	0.06152	0.01063	0.01200	0.00797	0.00522	0.00495	0.00159	0.00714	0.00431	0.00302	0.00776
7	0.01354	0.01301	0.01268	0.01146	0.01286	0.21685	0.00898	0.01506	0.01096	0.07098	0.01174	0.01641	0.01052	0.06312	0.26005	0.00425	0.21704	0.00502	0.01968	0.00579
8	0.22341	0.19670	0.03236	0.01212	0.05443	0.27096	0.00959	0.03613	0.01232	0.01696	0.00837	0.01003	0.00703	0.00555	0.00522	0.00152	0.06680	0.00348	0.02045	0.00655
9	0.00679	0.00532	0.00616	0.00648	0.00776	0.00469	0.00470	0.00830	0.01242	0.01587	0.18192	0.26949	0.40586	0.01429	0.00662	0.00194	0.00289	0.02861	0.00524	0.00466
10	0.00906	0.00608	0.00896	0.00873	0.00992	0.00685	0.00678	0.01095	0.00925	0.07057	0.01522	0.02170	0.01383	0.06501	0.70120	0.00810	0.01352	0.00589	0.00322	0.00515
11	0.01279	0.01079	0.01397	0.01013	0.01493	0.03413	0.09353	0.01540	0.01195	0.07518	0.01070	0.01220	0.00847	0.00436	0.00445	0.00101	0.00487	0.00378	0.00343	0.65393
12	0.00704	0.00515	0.00674	0.00760	0.00830	0.00467	0.00517	0.00816	0.01070	0.01453	0.05812	0.71422	0.03455	0.01586	0.00672	0.00209	0.00321	0.01434	0.00496	0.06788
13	0.00672	0.00480	0.00641	0.00768	0.00803	0.00449	0.00519	0.00772	0.01051	0.01400	0.03001	0.77898	0.03589	0.01701	0.00698	0.00222	0.00323	0.04063	0.00506	0.00445
14	0.00669	0.00498	0.00624	0.00718	0.00788	0.00453	0.00495	0.00782	0.01109	0.01442	0.06111	0.59879	0.19497	0.01612	0.00684	0.00212	0.00310	0.03156	0.00509	0.00450
15	0.01562	0.34160	0.05188	0.01224	0.04037	0.26911	0.01026	0.03459	0.03574	0.01424	0.01029	0.07033	0.00961	0.00638	0.00537	0.00147	0.05687	0.00444	0.00288	0.00672
16	0.01133	0.00579	0.00637	0.00603	0.00759	0.00584	0.00463	0.03620	0.01191	0.07738	0.01760	0.02008	0.01376	0.00989	0.08342	0.00207	0.00403	0.00518	0.66537	0.00551
17	0.00664	0.00494	0.00619	0.00713	0.00780	0.00449	0.00487	0.00773	0.01103	0.01437	0.06123	0.61946	0.19189	0.01618	0.00683	0.00212	0.00306	0.01446	0.00509	0.00449
18	0.07068	0.00609	0.00645	0.00642	0.00813	0.00566	0.00478	0.00981	0.04637	0.01701	0.17641	0.14768	0.44968	0.01282	0.00624	0.00186	0.00296	0.01086	0.00513	0.00496
19	0.01556	0.13797	0.18868	0.01486	0.07454	0.28205	0.03544	0.07730	0.01390	0.01631	0.01096	0.01262	0.03422	0.00678	0.02734	0.00175	0.03546	0.00423	0.00290	0.00714
20	0.74501	0.01113	0.00904	0.00783	0.01133	0.01281	0.00645	0.10732	0.01130	0.02568	0.00827	0.00938	0.00632	0.00524	0.00363	0.00168	0.00444	0.00319	0.00363	0.00632
21	0.01615	0.53869	0.02379	0.01078	0.01474	0.25967	0.00962	0.01779	0.01236	0.01298	0.00809	0.00952	0.00723	0.00622	0.03106	0.00150	0.00738	0.00320	0.00250	0.00671
22	0.04233	0.10447	0.57184	0.01382	0.02084	0.01291	0.01689	0.01840	0.01195	0.12130	0.01109	0.01210	0.00778	0.00534	0.00499	0.00166	0.00723	0.00408	0.00295	0.00804
23	0.01177	0.04639	0.34693	0.05705	0.02486	0.01350	0.30833	0.01662	0.01174	0.01664	0.01044	0.03023	0.00812	0.00554	0.00663	0.00182	0.06815	0.00529	0.00256	0.00741
24	0.00795	0.00600	0.00739	0.00697	0.00846	0.00566	0.00525	0.01125	0.06742	0.02093	0.61886	0.04094	0.14987	0.01126	0.00637	0.00174	0.00272	0.00983	0.00584	0.00531
25	0.02317	0.01093	0.01363	0.01049	0.01472	0.01052	0.00865	0.22039	0.03841	0.56034	0.01929	0.01715	0.01246	0.00671	0.00548	0.00168	0.00499	0.00535	0.00637	0.00926
26	0.01855	0.01258	0.01434	0.01391	0.11472	0.11099	0.00981	0.05963	0.12967	0.31767	0.03756	0.01798	0.03924	0.00703	0.00646	0.00173	0.06944	0.00549	0.00502	0.00817
27	0.03786	0.00869	0.01102	0.00893	0.01241	0.00787	0.00721	0.05244	0.04540	0.51064	0.05219	0.06302	0.14084	0.00855	0.00570	0.00174	0.00422	0.00706	0.00618	0.00803
28	0.02026	0.01219	0.01396	0.01085	0.01484	0.01262	0.00891	0.43385	0.02099	0.26959	0.05318	0.01902	0.06954	0.00736	0.00558	0.00167	0.00517	0.00581	0.00586	0.00874
29	0.01209	0.00851	0.01009	0.00972	0.01186	0.00892	0.00770	0.09191	0.21265	0.09040	0.02654	0.21584	0.06547	0.01180	0.00641	0.00206	0.00434	0.19169	0.00538	0.00664
30	0.01399	0.60288	0.20676	0.01081	0.01627	0.01907	0.01186	0.01684	0.01131	0.03542	0.00850	0.00968	0.00716	0.00485	0.00395	0.00131	0.00633	0.00325	0.00245	0.00731
31	0.05944	0.00989	0.01246	0.00986	0.01382	0.00936	0.00806	0.06494	0.11789	0.58263	0.03932	0.01863	0.01431	0.00686	0.00542	0.00171	0.00460	0.00554	0.00634	0.00893
32	0.00664	0.00545	0.00585	0.00592	0.00753	0.00466	0.00437	0.00814	0.01264	0.01563	0.15157	0.12669	0.59848	0.01377	0.00649	0.00186	0.00278	0.01168	0.00519	0.00466
33	0.09518	0.01239	0.01978	0.10908	0.50523	0.01286	0.05232	0.04190	0.04447	0.03924	0.01088	0.01363	0.00870	0.00514	0.00527	0.00167	0.00632	0.00482	0.00306	0.00807
34	0.01516	0.05361	0.01863	0.14971	0.31273	0.13265	0.01346	0.14138	0.05245	0.01922	0.01135	0.01450	0.00923	0.00576	0.00532	0.00164	0.00686	0.02526	0.00332	0.00778
35	0.00675	0.00489	0.00628	0.00734	0.00781	0.00454	0.00494	0.00772	0.01052	0.01384	0.03165	0.66719	0.10623	0.06650	0.00823	0.00238	0.00330	0.03057	0.00495	0.00439
36	0.02446	0.00928	0.01265	0.00970	0.01392	0.00801	0.00801	0.02657	0.01560	0.77817	0.02151	0.01856	0.01350	0.00675	0.00548	0.00169	0.00464	0.00548	0.00675	0.00928
37	0.14858	0.01306	0.09707	0.17275	0.03758	0.01238	0.10492	0.14431	0.02583	0.06298	0.01336	0.01631	0.03254	0.00624	0.00551	0.00176	0.02386	0.02943	0.04441	0.00711
38	0.01193	0.00988	0.01011	0.00896	0.01072	0.06812	0.00671	0.17825	0.03694	0.01823	0.04162	0.05809	0.16569	0.22444	0.04212	0.00299	0.06908	0.00751	0.02291	0.00569
39	0.01260	0.01050	0.01299	0.03147	0.01475	0.00880	0.04364	0.09849	0.01303	0.03234	0.01044	0.01222	0.00845	0.01538	0.00470	0.00106	0.00463	0.00372	0.00350	0.65728
40	0.11468	0.09836	0.24899	0.04892	0.21647	0.02920	0.07983	0.01755	0.02695	0.05500	0.01032	0.01231	0.00790	0.00512	0.00498	0.00164	0.00682	0.00435	0.00288	0.00773
41	0.71843	0.01035	0.00874	0.00756	0.01107	0.01157	0.00623	0.01767	0.01027	0.14220	0.00977	0.01037	0.00709	0.00532	0.00370	0.00169	0.00428	0.00335	0.00390	0.00643
42	0.00980	0.00658	0.00802	0.00807	0.00984	0.00625	0.00639	0.01280	0.07916	0.09873	0.08566	0.14707	0.25968	0.03007	0.00708	0.00212	0.00381	0.20802	0.00530	0.00556
43	0.05474	0.29619	0.30273	0.01223	0.01798	0.03400	0.01335	0.15337	0.01406	0.04045	0.00982	0.01087	0.00751	0.00530	0.00456	0.00151	0.00667	0.00378	0.00308	0.00780
44	0.00699	0.00565	0.00624	0.00619	0.00780	0.00498	0.00460	0.00905	0.03414	0.01678	0.24165	0.10545	0.50482	0.01317	0.00645	0.00184	0.00279	0.01122	0.00532	0.00485
45	0.00669	0.00556	0.00587	0.00585	0.00760	0.00473	0.00443	0.00827	0.01282	0.01571	0.14777	0.05125	0.65250	0.01350	0.00648	0.00185	0.00281	0.03644	0.00518	0.00469
46	0.00789	0.00529	0.00593	0.00593	0.00598	0.00527	0.00333	0.00793	0.00805	0.01068	0.01822	0.03614	0.04037	0.78670	0.02717	0.00519	0.00522	0.00803	0.00335	0.00334

[dist]
# distance from previous block
# <min> <max>
0	2

[block]
# block no. 4 follows, 44 sequences, length 6
# corresponding to MSA columns:
# 321-326
name=unknown_E
#
# <colnr> <probs for GDERKNQSTAVLIFYWHMCP>
#	G	D	E	R	K	N	Q	S	T	A	V	L	I	F	Y	W	H	M	C	P
0	0.01173	0.06493	0.01258	0.00842	0.01310	0.00880	0.00685	0.01523	0.07694	0.01787	0.01063	0.01192	0.00875	0.00437	0.00413	0.00092	0.00418	0.00346	0.00337	0.71181
1	0.05939	0.01187	0.06203	0.03959	0.01569	0.01070	0.00927	0.14520	0.10101	0.38963	0.01730	0.01615	0.01166	0.00632	0.00524	0.00163	0.00507	0.00503	0.00548	0.08173
2	0.04592	0.14056	0.11480	0.01602	0.13554	0.23456	0.01238	0.10987	0.04604	0.01784	0.00979	0.01143	0.00791	0.00578	0.00587	0.00158	0.06955	0.00406	0.00309	0.00743
3	0.28428	0.04461	0.06701	0.01382	0.13953	0.10698	0.00997	0.05449	0.09292	0.06067	0.01240	0.01331	0.03189	0.00572	0.00459	0.00161	0.00567	0.00426	0.00364	0.04261
4	0.10159	0.09537	0.07164	0.01373	0.05729	0.28243	0.07541	0.05392	0.03427	0.08388	0.07016	0.01398	0.01150	0.00593	0.00501	0.00155	0.00716	0.00457	0.00356	0.00705
5	0.26119	0.10312	0.34503	0.01146	0.01671	0.01281	0.01272	0.01646	0.01082	0.05959	0.01084	0.06610	0.00901	0.00617	0.00509	0.00171	0.03656	0.00449	0.00306	0.00703

[dist]
# distance from previous block
# <min> <max>
0	1

[block]
# block no. 5 follows, 44 sequences, length 50
# corresponding to MSA columns:
# 328-377
name=unknown_F
#
# <colnr> <probs for GDERKNQSTAVLIFYWHMCP>
#	G	D	E	R	K	N	Q	S	T	A	V	L	I	F	Y	W	H	M	C	P
0	0.10539	0.01018	0.01046	0.00963	0.01218	0.02989	0.00742	0.02200	0.44598	0.03605	0.11187	0.07922	0.03754	0.03380	0.00626	0.00195	0.00417	0.02357	0.00519	0.00722
1	0.01292	0.15800	0.02037	0.02948	0.01702	0.09372	0.16160	0.03600	0.01133	0.01471	0.01165	0.12538	0.01154	0.00816	0.00946	0.00190	0.26126	0.00619	0.00297	0.00635
2	0.00663	0.00480	0.00627	0.00744	0.00787	0.00444	0.00499	0.00761	0.01059	0.01398	0.03192	0.74879	0.09090	0.01684	0.00692	0.00219	0.00313	0.01520	0.00506	0.00444
3	0.23015	0.04363	0.05149	0.14640	0.22768	0.04503	0.01159	0.01602	0.02908	0.03594	0.06843	0.03463	0.01172	0.00603	0.00513	0.00169	0.02030	0.00488	0.00327	0.00689
4	0.01621	0.13015	0.01704	0.05669	0.12324	0.38938	0.01071	0.01806	0.01343	0.02934	0.01245	0.05097	0.04661	0.00649	0.00539	0.00152	0.03363	0.00478	0.02734	0.00656
5	0.00711	0.00522	0.00667	0.00735	0.00820	0.00483	0.00531	0.00861	0.01195	0.01587	0.18680	0.42800	0.15187	0.03541	0.00737	0.00217	0.00324	0.09420	0.00521	0.00464
6	0.03990	0.00942	0.01243	0.00967	0.01368	0.00844	0.00794	0.06869	0.01592	0.67391	0.04328	0.04160	0.01488	0.00713	0.00551	0.00170	0.00461	0.00582	0.00653	0.00894
7	0.03770	0.01180	0.01376	0.01083	0.01484	0.01215	0.00886	0.30436	0.12107	0.35279	0.04177	0.01722	0.01336	0.00686	0.00547	0.00169	0.00504	0.00544	0.00600	0.00899
8	0.01314	0.01446	0.02388	0.22845	0.06973	0.11117	0.36167	0.01716	0.03538	0.01596	0.01045	0.01401	0.00807	0.00530	0.00647	0.00179	0.04781	0.00546	0.00274	0.00692
9	0.01520	0.00971	0.01040	0.00863	0.01134	0.01042	0.00692	0.33887	0.01771	0.05185	0.01575	0.01713	0.01189	0.00759	0.03035	0.00169	0.00452	0.00504	0.41793	0.00705
10	0.02051	0.01493	0.01610	0.01232	0.01670	0.01636	0.01017	0.71308	0.02490	0.05288	0.01319	0.01317	0.00934	0.00647	0.00541	0.00161	0.00590	0.00487	0.00541	0.03666
11	0.01975	0.01369	0.01508	0.01155	0.01580	0.01454	0.00946	0.57362	0.02245	0.11495	0.01382	0.01428	0.00998	0.03343	0.00607	0.00168	0.00562	0.00490	0.00530	0.09404
12	0.00766	0.00570	0.00728	0.00826	0.00899	0.00566	0.00588	0.01040	0.09492	0.01518	0.02904	0.63262	0.03336	0.01577	0.00687	0.00221	0.00350	0.09664	0.00511	0.00496
13	0.47953	0.00958	0.00944	0.00793	0.01137	0.01002	0.00648	0.01854	0.01195	0.25396	0.09723	0.01544	0.01337	0.00623	0.00438	0.00167	0.00416	0.00450	0.00469	0.02955
14	0.01030	0.00969	0.01635	0.79530	0.03755	0.01211	0.01514	0.01393	0.01090	0.01393	0.00969	0.01453	0.00727	0.00545	0.00545	0.00182	0.00727	0.00484	0.00242	0.00606
15	0.00756	0.00563	0.00672	0.00641	0.00796	0.00499	0.00482	0.00967	0.01430	0.03392	0.48527	0.04474	0.32400	0.01207	0.00642	0.00176	0.00268	0.01040	0.00566	0.00502
16	0.01030	0.00969	0.01635	0.79530	0.03755	0.01211	0.01514	0.01393	0.01090	0.01393	0.00969	0.01453	0.00727	0.00545	0.00545	0.00182	0.00727	0.00484	0.00242	0.00606
17	0.00905	0.00593	0.00717	0.00671	0.00848	0.00522	0.00508	0.01104	0.01407	0.10326	0.38081	0.08076	0.31808	0.01195	0.00636	0.00178	0.00290	0.01027	0.00568	0.00537
18	0.00671	0.00479	0.00640	0.00767	0.00801	0.00448	0.00517	0.00770	0.01050	0.01399	0.03001	0.78214	0.03591	0.01702	0.00698	0.00222	0.00322	0.03756	0.00506	0.00445
19	0.02267	0.01216	0.01443	0.01107	0.01535	0.01228	0.00914	0.37689	0.02042	0.42105	0.01747	0.01593	0.01147	0.00665	0.00547	0.00166	0.00529	0.00521	0.00613	0.00927
20	0.00692	0.00496	0.00662	0.00786	0.00833	0.00467	0.00552	0.00808	0.01076	0.01425	0.03051	0.69015	0.05343	0.01674	0.00702	0.00224	0.00339	0.10899	0.00506	0.00451
21	0.00871	0.00595	0.00668	0.00626	0.00825	0.00509	0.00478	0.01042	0.01339	0.10146	0.19691	0.04629	0.54108	0.01248	0.00633	0.00180	0.00293	0.01050	0.00544	0.00523
22	0.01389	0.00694	0.00927	0.00791	0.01027	0.00620	0.00620	0.01629	0.01550	0.30089	0.49482	0.03255	0.03744	0.00952	0.00608	0.00170	0.00333	0.00824	0.00628	0.00667
23	0.01448	0.01355	0.02131	0.03062	0.67011	0.03348	0.01586	0.09947	0.01397	0.01954	0.01052	0.01335	0.00866	0.00507	0.00539	0.00162	0.00651	0.00483	0.00301	0.00865
24	0.00662	0.00483	0.00624	0.00736	0.00785	0.00445	0.00496	0.00762	0.01066	0.01401	0.03286	0.72080	0.11829	0.01671	0.00690	0.00217	0.00312	0.01505	0.00506	0.00445
25	0.00793	0.00529	0.00595	0.00595	0.00595	0.00529	0.00330	0.00793	0.00793	0.01057	0.01718	0.03568	0.01982	0.80840	0.02775	0.00529	0.00529	0.00793	0.00330	0.00330
26	0.13320	0.01380	0.01456	0.01144	0.01555	0.01521	0.00940	0.53054	0.08419	0.09726	0.01384	0.01360	0.00980	0.00643	0.00518	0.00167	0.00550	0.00480	0.00529	0.00876
27	0.00758	0.00574	0.00662	0.00640	0.00803	0.00511	0.00480	0.00977	0.03116	0.03668	0.34373	0.08321	0.40633	0.01256	0.00642	0.00180	0.00279	0.01076	0.00550	0.00502
28	0.02072	0.01527	0.01636	0.01254	0.01691	0.01691	0.01036	0.75622	0.02563	0.03436	0.01309	0.01309	0.00927	0.00654	0.00545	0.00164	0.00600	0.00491	0.00545	0.00927
29	0.01540	0.04526	0.10064	0.10848	0.01877	0.04267	0.01127	0.30200	0.13063	0.02376	0.01438	0.01527	0.03546	0.00654	0.00587	0.00167	0.04420	0.00500	0.02460	0.04813
30	0.01680	0.04160	0.10019	0.01186	0.01579	0.04116	0.01052	0.39770	0.05053	0.06808	0.01387	0.03858	0.01080	0.01089	0.09991	0.00252	0.03073	0.00522	0.02520	0.00805
31	0.01135	0.00697	0.00879	0.00787	0.00990	0.00667	0.00606	0.01536	0.10920	0.15611	0.49699	0.05871	0.06361	0.01017	0.00617	0.00175	0.00318	0.00885	0.00602	0.00628
32	0.02446	0.00928	0.01265	0.00970	0.01392	0.00801	0.00801	0.02657	0.01560	0.77817	0.02151	0.01856	0.01350	0.00675	0.00548	0.00169	0.00464	0.00548	0.00675	0.00928
33	0.01918	0.01313	0.01449	0.01156	0.01549	0.01428	0.00940	0.43481	0.20728	0.15278	0.03847	0.01658	0.01300	0.00692	0.00551	0.00170	0.00526	0.00546	0.00570	0.00899
34	0.01642	0.00918	0.04649	0.07659	0.02742	0.00805	0.00852	0.01966	0.05744	0.37983	0.17288	0.06120	0.05081	0.00848	0.00583	0.00177	0.00449	0.03172	0.00569	0.00752
35	0.00720	0.00555	0.00657	0.00631	0.00783	0.00492	0.00474	0.00928	0.01421	0.01896	0.47965	0.04551	0.34512	0.01223	0.00644	0.00177	0.00265	0.01053	0.00562	0.00492
36	0.01050	0.00938	0.01390	0.09679	0.07269	0.04605	0.09219	0.04820	0.01081	0.01478	0.01295	0.01917	0.01171	0.09002	0.37141	0.00531	0.04415	0.00569	0.01853	0.00575
37	0.01738	0.28816	0.04260	0.02941	0.08493	0.28043	0.01102	0.15296	0.01535	0.01752	0.00922	0.01053	0.00757	0.00538	0.00460	0.00140	0.00738	0.00373	0.00310	0.00734
38	0.01982	0.01411	0.01536	0.01200	0.01606	0.01545	0.00982	0.64286	0.04409	0.07754	0.01497	0.06609	0.01150	0.00728	0.00556	0.00168	0.00568	0.00568	0.00551	0.00893
39	0.19830	0.04041	0.01414	0.01246	0.01543	0.60243	0.00951	0.02041	0.01402	0.01573	0.00823	0.00960	0.00678	0.00548	0.00455	0.00146	0.00853	0.00338	0.00292	0.00625
40	0.00662	0.00483	0.00624	0.00736	0.00785	0.00445	0.00496	0.00762	0.01066	0.01401	0.03286	0.72080	0.11829	0.01671	0.00690	0.00217	0.00312	0.01505	0.00506	0.00445
41	0.00679	0.00480	0.00628	0.00741	0.00769	0.00452	0.00486	0.00763	0.01016	0.01354	0.02861	0.71892	0.03424	0.10548	0.00928	0.00256	0.00340	0.01465	0.00486	0.00430
42	0.07945	0.06377	0.01582	0.02867	0.06620	0.14926	0.01010	0.33475	0.13614	0.02505	0.01282	0.01330	0.00967	0.00616	0.00506	0.00160	0.00624	0.00460	0.02329	0.00807
43	0.00678	0.00491	0.00641	0.00735	0.00791	0.00454	0.00501	0.00798	0.01127	0.01508	0.13576	0.64903	0.08572	0.01604	0.00685	0.00212	0.00305	0.01445	0.00519	0.00454
44	0.00709	0.00496	0.00631	0.00711	0.00737	0.00478	0.00458	0.00782	0.00970	0.01299	0.03906	0.52901	0.03061	0.26002	0.03968	0.00337	0.00419	0.01275	0.00447	0.00411
45	0.01235	0.02543	0.67190	0.01463	0.02206	0.01192	0.01835	0.01810	0.01208	0.10240	0.03329	0.01315	0.00894	0.00553	0.00525	0.00172	0.00752	0.00436	0.00291	0.00811
46	0.01899	0.10641	0.10898	0.01020	0.01457	0.01044	0.00944	0.04476	0.05696	0.44326	0.08961	0.01915	0.02903	0.00688	0.00532	0.00164	0.00500	0.00554	0.00547	0.00835
47	0.03580	0.02767	0.75719	0.01529	0.02321	0.01265	0.01972	0.01723	0.01144	0.01748	0.00972	0.01143	0.00688	0.00518	0.00513	0.00173	0.00794	0.00400	0.00233	0.00799
48	0.00740	0.00557	0.00641	0.00655	0.00807	0.00489	0.00492	0.00902	0.01273	0.03820	0.17291	0.17001	0.45175	0.01375	0.00658	0.00192	0.00302	0.06618	0.00527	0.00484
49	0.01509	0.10326	0.01844	0.15682	0.22674	0.11870	0.01248	0.17481	0.01506	0.01930	0.01130	0.05130	0.00956	0.00611	0.00538	0.00161	0.01935	0.00499	0.02221	0.00749

[dist]
# distance from previous block
# <min> <max>
0	1

[block]
# block no. 6 follows, 44 sequences, length 16
# corresponding to MSA columns:
# 379-394
name=unknown_G
#
# <colnr> <probs for GDERKNQSTAVLIFYWHMCP>
#	G	D	E	R	K	N	Q	S	T	A	V	L	I	F	Y	W	H	M	C	P
0	0.06259	0.01231	0.01433	0.09314	0.06215	0.01368	0.01006	0.26343	0.26990	0.09925	0.03207	0.01658	0.01262	0.00665	0.00539	0.00173	0.00529	0.00537	0.00503	0.00841
1	0.01614	0.23036	0.02044	0.10334	0.12494	0.28915	0.02663	0.05695	0.01345	0.01508	0.00883	0.01097	0.00742	0.00548	0.00542	0.00149	0.05033	0.00389	0.00274	0.00695
2	0.01458	0.81168	0.02857	0.00933	0.01399	0.02157	0.00933	0.01632	0.01108	0.01283	0.00758	0.00875	0.00700	0.00466	0.00350	0.00117	0.00583	0.00292	0.00233	0.00700
3	0.01190	0.00944	0.01086	0.01052	0.01290	0.01046	0.00854	0.02179	0.44362	0.04060	0.05160	0.03602	0.02318	0.01031	0.00630	0.00208	0.00452	0.27275	0.00540	0.00721
4	0.00664	0.00474	0.00633	0.00759	0.00791	0.00443	0.00506	0.00759	0.01044	0.01392	0.03005	0.80485	0.03606	0.01708	0.00696	0.00221	0.00316	0.01550	0.00506	0.00443
5	0.01337	0.00880	0.03344	0.01242	0.12662	0.00801	0.00859	0.01706	0.07504	0.20751	0.33172	0.03026	0.02997	0.00894	0.00602	0.00177	0.00416	0.06379	0.00547	0.00705
6	0.01319	0.01122	0.01314	0.01133	0.01450	0.01247	0.06571	0.04496	0.57880	0.03923	0.02408	0.02271	0.08716	0.00772	0.00565	0.00182	0.00455	0.00661	0.02704	0.00809
7	0.00732	0.00542	0.00749	0.00825	0.00887	0.00515	0.02928	0.03309	0.01103	0.01472	0.02887	0.75287	0.03427	0.01633	0.00689	0.00218	0.00345	0.01485	0.00500	0.00468
8	0.02063	0.01820	0.01611	0.01295	0.01689	0.22746	0.01041	0.55528	0.02285	0.02861	0.01181	0.01220	0.00866	0.00629	0.00531	0.00157	0.00705	0.00453	0.00473	0.00846
9	0.01503	0.00820	0.01018	0.00847	0.01124	0.00774	0.00674	0.12312	0.01662	0.27492	0.32946	0.03070	0.11581	0.00932	0.00597	0.00171	0.00378	0.00788	0.00606	0.00706
10	0.00679	0.00487	0.00642	0.00761	0.00801	0.00456	0.00518	0.00780	0.01054	0.01398	0.03043	0.71960	0.05894	0.03919	0.00756	0.00230	0.00331	0.05348	0.00501	0.00443
11	0.01093	0.02820	0.78016	0.01554	0.02360	0.01266	0.02014	0.01727	0.01151	0.01727	0.00978	0.01151	0.00691	0.00518	0.00518	0.00173	0.00806	0.00403	0.00230	0.00806
12	0.00680	0.00491	0.00644	0.00738	0.00792	0.00455	0.00503	0.00802	0.01131	0.01519	0.14635	0.65003	0.07388	0.01600	0.00685	0.00212	0.00305	0.01443	0.00521	0.00455
13	0.00692	0.00495	0.00666	0.00774	0.00815	0.00478	0.00532	0.00799	0.01026	0.01375	0.02791	0.65800	0.03293	0.05722	0.08179	0.00300	0.00444	0.04898	0.00477	0.00444
14	0.00798	0.00576	0.00837	0.00837	0.00933	0.00662	0.00645	0.00989	0.00894	0.01317	0.01495	0.02189	0.01390	0.06797	0.69692	0.00805	0.01331	0.00586	0.06747	0.00482
15	0.01122	0.08869	0.72212	0.01506	0.02285	0.01335	0.01931	0.01719	0.01148	0.01692	0.00961	0.01130	0.00691	0.00514	0.00505	0.00168	0.00789	0.00394	0.00230	0.00798

[dist]
# distance from previous block
# <min> <max>
0	39

[block]
# block no. 7 follows, 44 sequences, length 16
# corresponding to MSA columns:
# 434-449
name=unknown_H
#
# <colnr> <probs for GDERKNQSTAVLIFYWHMCP>
#	G	D	E	R	K	N	Q	S	T	A	V	L	I	F	Y	W	H	M	C	P
0	0.00741	0.00504	0.00676	0.00784	0.00839	0.00472	0.00547	0.00858	0.01094	0.03809	0.05342	0.69298	0.03545	0.01640	0.00694	0.00221	0.00335	0.07622	0.00514	0.00465
1	0.01793	0.00891	0.01140	0.00945	0.01263	0.00846	0.00770	0.11107	0.04662	0.39626	0.20408	0.02761	0.02412	0.00864	0.00592	0.00178	0.00433	0.07908	0.00619	0.00782
2	0.01312	0.09748	0.58293	0.01441	0.02154	0.01324	0.03328	0.05221	0.01256	0.09376	0.01093	0.01210	0.00771	0.00534	0.00509	0.00167	0.00744	0.00416	0.00290	0.00812
3	0.01070	0.00861	0.01007	0.00884	0.01079	0.00929	0.00698	0.14129	0.08011	0.02113	0.29010	0.03343	0.22144	0.01050	0.00769	0.00183	0.10748	0.00844	0.00515	0.00613
4	0.01215	0.01584	0.20134	0.05490	0.05262	0.01123	0.20462	0.05441	0.01253	0.01824	0.01026	0.01258	0.00789	0.00469	0.00513	0.00142	0.00670	0.00449	0.00294	0.30601
5	0.01178	0.01179	0.01559	0.01356	0.01383	0.05215	0.01118	0.01308	0.00874	0.01307	0.00820	0.01308	0.00801	0.01351	0.11913	0.00318	0.65693	0.00485	0.00248	0.00584
6	0.36094	0.01269	0.01253	0.01003	0.01397	0.01403	0.00828	0.37391	0.01784	0.10967	0.01173	0.01193	0.00834	0.00596	0.00460	0.00166	0.00512	0.00417	0.00474	0.00789
7	0.01595	0.01336	0.01330	0.06398	0.01614	0.11399	0.00937	0.15352	0.35551	0.08937	0.01962	0.02022	0.04748	0.00742	0.00556	0.00176	0.00552	0.03492	0.00503	0.00800
8	0.02940	0.05267	0.46621	0.03063	0.07493	0.01188	0.01558	0.03899	0.05059	0.01793	0.04724	0.01885	0.08775	0.00670	0.00537	0.00173	0.00664	0.02629	0.00313	0.00748
