[name]
unknown

[dist]
# distance from previous block
# <min> <max>
61	94

[block]
# block no. 0 follows, 48 sequences, length 21
# corresponding to MSA columns:
# 122-142
name=unknown_A
#
# <colnr> <probs for GDERKNQSTAVLIFYWHMCP>
#	G	D	E	R	K	N	Q	S	T	A	V	L	I	F	Y	W	H	M	C	P
0	0.16774	0.14909	0.12108	0.11706	0.05788	0.01311	0.01065	0.08802	0.04414	0.13500	0.01084	0.01192	0.00801	0.00539	0.00493	0.00155	0.03914	0.00397	0.00343	0.00705
1	0.01280	0.01311	0.15111	0.01072	0.01460	0.02948	0.04662	0.13661	0.16697	0.07900	0.17133	0.01995	0.03924	0.00686	0.00524	0.00156	0.00492	0.00577	0.00444	0.07967
2	0.03375	0.06439	0.30545	0.01472	0.15588	0.01058	0.01288	0.03107	0.01237	0.15111	0.11985	0.01707	0.03657	0.00608	0.00503	0.00157	0.00564	0.00506	0.00360	0.00732
3	0.01309	0.01420	0.15458	0.05899	0.26268	0.04294	0.04604	0.04884	0.13551	0.08867	0.01510	0.03143	0.05295	0.00597	0.00519	0.00162	0.00588	0.00524	0.00352	0.00756
4	0.06634	0.46770	0.14087	0.00999	0.01461	0.03855	0.01011	0.06211	0.06067	0.07225	0.00962	0.01028	0.00766	0.00493	0.00394	0.00132	0.00566	0.00341	0.00294	0.00704
5	0.08897	0.03434	0.01628	0.18820	0.27448	0.01138	0.06172	0.01579	0.10729	0.01674	0.01276	0.04654	0.03435	0.00567	0.00495	0.00157	0.00556	0.00510	0.00307	0.06525
6	0.12000	0.00595	0.00683	0.00727	0.00828	0.00609	0.00513	0.02868	0.05944	0.01597	0.09525	0.52467	0.02895	0.05449	0.00694	0.00209	0.00329	0.01134	0.00459	0.00473
7	0.12383	0.01003	0.01195	0.00879	0.01316	0.00871	0.05582	0.08447	0.01175	0.01900	0.00924	0.01070	0.00745	0.00418	0.00399	0.00101	0.00431	0.00335	0.00323	0.60505
8	0.01839	0.11673	0.03787	0.00893	0.01241	0.00890	0.00766	0.02029	0.01304	0.51468	0.01882	0.06901	0.01446	0.05987	0.00647	0.00182	0.00459	0.05330	0.00525	0.00751
9	0.14467	0.43847	0.06848	0.00976	0.01413	0.03284	0.03940	0.11567	0.01217	0.01721	0.00823	0.00935	0.00682	0.00469	0.00379	0.00127	0.00550	0.00323	0.00282	0.06152
10	0.00646	0.00489	0.00596	0.00638	0.00735	0.00439	0.00452	0.00787	0.01162	0.01528	0.23299	0.38108	0.26523	0.01368	0.00627	0.00185	0.00272	0.01206	0.00499	0.00439
11	0.02778	0.08578	0.16779	0.17626	0.11697	0.02800	0.06029	0.01487	0.07014	0.01526	0.02361	0.08308	0.04665	0.00669	0.00569	0.00167	0.04496	0.01504	0.00295	0.00650
12	0.00717	0.00524	0.00674	0.00636	0.00761	0.00480	0.00477	0.00951	0.01432	0.02008	0.73116	0.03914	0.10252	0.01067	0.00605	0.00162	0.00243	0.00939	0.00558	0.00480
13	0.01212	0.01057	0.01252	0.01242	0.09343	0.01174	0.03232	0.04241	0.55683	0.02055	0.06999	0.02132	0.06656	0.00723	0.00534	0.00170	0.00426	0.00620	0.00486	0.00764
14	0.01029	0.02654	0.79309	0.01462	0.02221	0.01192	0.01896	0.01625	0.01083	0.01625	0.00921	0.01083	0.00650	0.00487	0.00487	0.00162	0.00758	0.00379	0.00217	0.00758
15	0.01315	0.01048	0.01126	0.00998	0.01287	0.01180	0.00780	0.05831	0.62375	0.07142	0.05384	0.02111	0.05664	0.00735	0.00529	0.00172	0.00401	0.00611	0.00528	0.00785
16	0.06318	0.06495	0.14225	0.07636	0.17939	0.01124	0.15156	0.01445	0.01114	0.01637	0.05602	0.06129	0.01128	0.00563	0.00517	0.00153	0.01792	0.00519	0.00286	0.10220
17	0.01103	0.01928	0.42203	0.06753	0.07267	0.01156	0.21223	0.01578	0.01124	0.04011	0.01106	0.06189	0.00885	0.00547	0.00532	0.00168	0.00733	0.00519	0.00260	0.00715
18	0.01147	0.05938	0.01168	0.00788	0.01220	0.00795	0.00639	0.04369	0.01129	0.04687	0.01040	0.04626	0.00894	0.00457	0.00400	0.00090	0.00396	0.00367	0.00328	0.69522
19	0.13687	0.05120	0.01391	0.03081	0.03270	0.48456	0.00937	0.02932	0.01252	0.01439	0.00819	0.01020	0.00695	0.00765	0.05701	0.00190	0.08032	0.00353	0.00270	0.00589
20	0.01832	0.01323	0.01413	0.01097	0.01473	0.01458	0.00902	0.67992	0.02253	0.03076	0.01285	0.01313	0.00925	0.00614	0.00495	0.00150	0.00526	0.00464	0.10586	0.00825

[dist]
# distance from previous block
# <min> <max>
0	1

[block]
# block no. 1 follows, 48 sequences, length 29
# corresponding to MSA columns:
# 144-172
name=unknown_B
#
# <colnr> <probs for GDERKNQSTAVLIFYWHMCP>
#	G	D	E	R	K	N	Q	S	T	A	V	L	I	F	Y	W	H	M	C	P
0	0.01392	0.01149	0.01531	0.39368	0.02520	0.01335	0.02792	0.31248	0.09686	0.02162	0.01165	0.01373	0.00853	0.00571	0.00516	0.00165	0.00612	0.00475	0.00372	0.00717
1	0.00711	0.00521	0.00666	0.00637	0.00759	0.00476	0.00475	0.00936	0.01406	0.01962	0.68361	0.07320	0.11662	0.01097	0.00607	0.00165	0.00246	0.00965	0.00553	0.00476
2	0.01064	0.01023	0.01796	0.40665	0.27612	0.01123	0.09401	0.01383	0.01088	0.01465	0.01100	0.07933	0.00958	0.00576	0.00533	0.00168	0.00647	0.00555	0.00260	0.00649
3	0.00644	0.00454	0.00590	0.00691	0.00716	0.00429	0.00451	0.00719	0.00946	0.01261	0.02641	0.69555	0.03158	0.14007	0.00957	0.00253	0.00329	0.01349	0.00451	0.00400
4	0.01800	0.01466	0.01499	0.01266	0.04901	0.10032	0.00984	0.50773	0.11764	0.04511	0.01274	0.01294	0.00935	0.00624	0.00564	0.00158	0.04410	0.00463	0.00465	0.00817
5	0.00777	0.00538	0.00687	0.00642	0.00780	0.00489	0.00484	0.01004	0.01420	0.05134	0.66719	0.03878	0.13391	0.01062	0.00602	0.00163	0.00252	0.00929	0.00557	0.00494
6	0.06261	0.03610	0.58465	0.01447	0.03903	0.01239	0.05908	0.06398	0.04878	0.01788	0.00989	0.01135	0.00714	0.00500	0.00485	0.00162	0.00706	0.00401	0.00260	0.00752
7	0.00726	0.00524	0.00686	0.00646	0.00767	0.00484	0.00484	0.00968	0.01452	0.02058	0.78496	0.03833	0.04841	0.01049	0.00605	0.00161	0.00242	0.00928	0.00565	0.00484
8	0.01077	0.00924	0.01070	0.00777	0.01223	0.00720	0.00620	0.01379	0.05737	0.01701	0.00984	0.01116	0.00809	0.00399	0.00389	0.00082	0.00382	0.00321	0.00317	0.79974
9	0.01398	0.01061	0.04267	0.02349	0.02599	0.00913	0.02043	0.08401	0.12943	0.15706	0.01321	0.01345	0.00979	0.00503	0.00450	0.00120	0.00442	0.00411	0.00408	0.42341
10	0.01584	0.01019	0.03757	0.00919	0.01227	0.04703	0.00757	0.18125	0.04310	0.27533	0.17371	0.07005	0.07806	0.00814	0.00545	0.00162	0.00437	0.00674	0.00537	0.00715
11	0.00688	0.00521	0.00634	0.00610	0.00744	0.00467	0.00456	0.00892	0.01355	0.01836	0.54471	0.06333	0.26842	0.01139	0.00607	0.00166	0.00249	0.00989	0.00536	0.00467
12	0.04381	0.00502	0.00493	0.00489	0.00621	0.00502	0.00369	0.01174	0.01075	0.01889	0.01899	0.02096	0.07085	0.00646	0.00376	0.00125	0.00247	0.00515	0.75038	0.00478
13	0.01177	0.13630	0.29843	0.01863	0.14561	0.01362	0.24937	0.01599	0.01123	0.01567	0.00927	0.01170	0.00718	0.00470	0.00537	0.00158	0.02945	0.00449	0.00237	0.00727
14	0.01313	0.53495	0.17048	0.01139	0.01633	0.01769	0.08427	0.05211	0.01126	0.01427	0.00808	0.00954	0.00679	0.00468	0.00429	0.00131	0.02679	0.00340	0.00237	0.00688
15	0.01091	0.00576	0.00610	0.00569	0.00723	0.00586	0.00438	0.07207	0.01190	0.05725	0.01644	0.01856	0.01277	0.00734	0.03637	0.00153	0.00321	0.00482	0.70657	0.00528
16	0.00744	0.00566	0.00846	0.00840	0.00929	0.00668	0.00655	0.00925	0.00824	0.01192	0.01354	0.01990	0.01265	0.03764	0.77691	0.00807	0.03657	0.00547	0.00273	0.00461
17	0.04592	0.01474	0.08391	0.17360	0.28269	0.12140	0.17258	0.01606	0.01171	0.01561	0.00933	0.01232	0.00736	0.00476	0.00514	0.00159	0.00725	0.00457	0.00251	0.00696
18	0.01151	0.05051	0.01634	0.40117	0.14223	0.07862	0.04397	0.01608	0.11835	0.01487	0.01161	0.05185	0.00957	0.00577	0.00511	0.00164	0.00637	0.00508	0.00289	0.00645
19	0.00862	0.00625	0.00775	0.00716	0.00872	0.00615	0.00543	0.01289	0.13240	0.04565	0.64231	0.03469	0.04221	0.00981	0.00589	0.00163	0.00274	0.00861	0.00561	0.00547
20	0.00633	0.00489	0.00582	0.00651	0.00748	0.00437	0.00468	0.00751	0.01077	0.01360	0.03819	0.43256	0.35075	0.01462	0.00639	0.00196	0.00296	0.07157	0.00476	0.00428
21	0.01339	0.14096	0.01798	0.09094	0.14086	0.11038	0.09755	0.03554	0.06694	0.07118	0.04174	0.06380	0.01238	0.00649	0.00550	0.00159	0.03457	0.03816	0.00335	0.00670
22	0.06176	0.02553	0.74528	0.01415	0.02146	0.01189	0.01814	0.01618	0.01071	0.01666	0.00908	0.01068	0.00644	0.00487	0.00477	0.00162	0.00736	0.00373	0.00223	0.00746
23	0.00731	0.00508	0.00610	0.00609	0.00644	0.00513	0.00385	0.00789	0.00848	0.01144	0.08174	0.05297	0.06609	0.56377	0.14208	0.00494	0.00592	0.00769	0.00340	0.00358
24	0.01511	0.00899	0.01112	0.00997	0.01270	0.00916	0.00839	0.18561	0.08040	0.22739	0.02146	0.03360	0.01920	0.00968	0.00598	0.00192	0.00478	0.32228	0.00529	0.00698
25	0.01232	0.01181	0.02015	0.12878	0.69333	0.01209	0.01556	0.01542	0.01150	0.01631	0.00958	0.01282	0.00797	0.00464	0.00509	0.00155	0.00619	0.00457	0.00251	0.00782
26	0.01065	0.01083	0.02063	0.27431	0.09201	0.01148	0.31179	0.01401	0.01099	0.01479	0.01182	0.06923	0.01040	0.00684	0.02217	0.00192	0.05291	0.04428	0.00272	0.00621
27	0.01795	0.00936	0.01136	0.00912	0.01220	0.00924	0.00722	0.21070	0.04708	0.38136	0.05712	0.04563	0.01525	0.13235	0.00848	0.00212	0.00463	0.00592	0.00541	0.00749
28	0.01270	0.01219	0.02083	0.03149	0.78767	0.01219	0.01575	0.01575	0.01168	0.01676	0.00965	0.01270	0.00813	0.00457	0.00508	0.00152	0.00610	0.00457	0.00254	0.00813

[dist]
# distance from previous block
# <min> <max>
0	5

[block]
# block no. 2 follows, 48 sequences, length 8
# corresponding to MSA columns:
# 178-185
name=unknown_C
#
# <colnr> <probs for GDERKNQSTAVLIFYWHMCP>
#	G	D	E	R	K	N	Q	S	T	A	V	L	I	F	Y	W	H	M	C	P
0	0.00691	0.00523	0.00636	0.00608	0.00745	0.00469	0.00456	0.00899	0.01368	0.01858	0.56656	0.04162	0.26806	0.01124	0.00606	0.00165	0.00247	0.00974	0.00539	0.00469
1	0.01064	0.00912	0.01064	0.00760	0.01216	0.00684	0.00608	0.01292	0.01064	0.01672	0.00912	0.01064	0.00760	0.00380	0.00380	0.00076	0.00380	0.00304	0.00304	0.85104
2	0.85592	0.00992	0.00754	0.00675	0.00992	0.01151	0.00556	0.01508	0.00873	0.02302	0.00714	0.00834	0.00556	0.00476	0.00318	0.00159	0.00397	0.00278	0.00318	0.00556
3	0.00746	0.00497	0.00560	0.00560	0.00560	0.00497	0.00311	0.00746	0.00746	0.00995	0.01617	0.03358	0.01865	0.81967	0.02612	0.00497	0.00497	0.00746	0.00311	0.00311
4	0.00969	0.00912	0.01539	0.80734	0.03534	0.01140	0.01425	0.01311	0.01026	0.01311	0.00912	0.01368	0.00684	0.00513	0.00513	0.00171	0.00684	0.00456	0.00228	0.00570
5	0.01136	0.00954	0.01102	0.00794	0.01246	0.00757	0.00638	0.07421	0.01173	0.01798	0.00938	0.01078	0.00769	0.00399	0.00391	0.00082	0.00395	0.00317	0.00321	0.78290
6	0.71641	0.01030	0.00974	0.01084	0.13860	0.01162	0.00724	0.01519	0.00922	0.02199	0.00756	0.00906	0.00598	0.00473	0.00349	0.00158	0.00432	0.00308	0.00307	0.00598
7	0.01271	0.01200	0.01930	0.02801	0.65956	0.01229	0.01449	0.01765	0.13853	0.01754	0.01151	0.01377	0.00937	0.00497	0.00510	0.00156	0.00576	0.00478	0.00298	0.00813

[dist]
# distance from previous block
# <min> <max>
0	1

[block]
# block no. 3 follows, 48 sequences, length 60
# corresponding to MSA columns:
# 187-246
name=unknown_D
#
# <colnr> <probs for GDERKNQSTAVLIFYWHMCP>
#	G	D	E	R	K	N	Q	S	T	A	V	L	I	F	Y	W	H	M	C	P
0	0.00699	0.00523	0.00648	0.00617	0.00750	0.00473	0.00463	0.00916	0.01388	0.01905	0.61861	0.04084	0.21571	0.01106	0.00605	0.00164	0.00246	0.00963	0.00545	0.00473
1	0.01064	0.00912	0.01064	0.00760	0.01216	0.00684	0.00608	0.01292	0.01064	0.01672	0.00912	0.01064	0.00760	0.00380	0.00380	0.00076	0.00380	0.00304	0.00304	0.85104
2	0.01054	0.07497	0.72839	0.01443	0.02176	0.01245	0.03585	0.01620	0.01084	0.01600	0.00911	0.01074	0.00654	0.00483	0.00481	0.00160	0.00748	0.00378	0.00218	0.00751
3	0.01820	0.14394	0.01663	0.01194	0.01537	0.37785	0.00961	0.27911	0.04653	0.01966	0.00982	0.01053	0.00768	0.00551	0.00462	0.00138	0.00723	0.00377	0.00353	0.00709
4	0.00635	0.00521	0.00560	0.00550	0.00711	0.00445	0.00413	0.00792	0.01238	0.01549	0.22928	0.04671	0.60727	0.01239	0.00606	0.00170	0.00256	0.01045	0.00498	0.00445
5	0.00623	0.00454	0.00587	0.00694	0.00739	0.00419	0.00467	0.00717	0.01002	0.01318	0.03080	0.73495	0.11369	0.01575	0.00650	0.00205	0.00294	0.01419	0.00476	0.00419
6	0.00676	0.00516	0.00621	0.00613	0.00743	0.00461	0.00456	0.00863	0.01302	0.01739	0.43975	0.11841	0.30736	0.01198	0.00612	0.00171	0.00258	0.02236	0.00523	0.00459
7	0.24240	0.05304	0.01339	0.01100	0.01417	0.38886	0.00867	0.17798	0.01485	0.01953	0.00862	0.00961	0.00678	0.00529	0.00429	0.00143	0.00691	0.00342	0.00329	0.00646
8	0.00776	0.00601	0.00859	0.00835	0.00902	0.00715	0.00637	0.00921	0.00808	0.01163	0.01341	0.02145	0.01316	0.16541	0.58861	0.00707	0.09578	0.00572	0.00276	0.00444
9	0.00756	0.00533	0.00676	0.00638	0.00773	0.00483	0.00479	0.00977	0.01399	0.04390	0.63400	0.06211	0.15185	0.01088	0.00604	0.00164	0.00252	0.00953	0.00552	0.00487
10	0.85592	0.00992	0.00754	0.00675	0.00992	0.01151	0.00556	0.01508	0.00873	0.02302	0.00714	0.00834	0.00556	0.00476	0.00318	0.00159	0.00397	0.00278	0.00318	0.00556
11	0.03548	0.01141	0.05546	0.20662	0.36338	0.01086	0.01305	0.01534	0.03068	0.04974	0.01009	0.01273	0.00797	0.00473	0.00481	0.00145	0.00576	0.00427	0.00280	0.15337
12	0.01277	0.12388	0.10976	0.03894	0.12736	0.03524	0.35713	0.01636	0.01165	0.05101	0.00992	0.01244	0.00766	0.00468	0.00554	0.00157	0.02983	0.00485	0.00266	0.03676
13	0.03321	0.01766	0.01597	0.01349	0.01602	0.39505	0.10269	0.08591	0.01330	0.03041	0.00919	0.01157	0.00764	0.00892	0.07957	0.00219	0.14395	0.00419	0.00289	0.00619
14	0.00713	0.00523	0.00669	0.00643	0.00766	0.00479	0.00483	0.00938	0.01399	0.01946	0.65962	0.06610	0.12663	0.01105	0.00610	0.00166	0.00252	0.03047	0.00550	0.00476
15	0.01089	0.03388	0.02264	0.15207	0.05218	0.01194	0.41723	0.01417	0.01102	0.01493	0.01214	0.12233	0.01106	0.00650	0.00687	0.00180	0.08265	0.00667	0.00279	0.00625
16	0.01337	0.08590	0.01982	0.17396	0.36817	0.04445	0.06823	0.08293	0.01255	0.04495	0.00985	0.01253	0.00784	0.00500	0.00532	0.00155	0.02893	0.00448	0.00283	0.00735
17	0.02271	0.00923	0.01222	0.00937	0.01335	0.00829	0.00774	0.09143	0.01553	0.72361	0.01954	0.01701	0.01235	0.00633	0.00516	0.00158	0.00448	0.00511	0.00624	0.00873
18	0.01442	0.00957	0.01089	0.00946	0.01239	0.01024	0.00744	0.02393	0.47232	0.21197	0.10926	0.02208	0.04816	0.00744	0.00533	0.00169	0.00389	0.00623	0.00553	0.00775
19	0.00672	0.00522	0.00610	0.00588	0.00733	0.00461	0.00441	0.00863	0.01323	0.01751	0.45076	0.04337	0.38453	0.01163	0.00606	0.00167	0.00250	0.00999	0.00525	0.00461
20	0.01029	0.02654	0.79309	0.01462	0.02221	0.01192	0.01896	0.01625	0.01083	0.01625	0.00921	0.01083	0.00650	0.00487	0.00487	0.00162	0.00758	0.00379	0.00217	0.00758
21	0.02086	0.01219	0.01405	0.01077	0.01483	0.01268	0.00890	0.48265	0.02048	0.32539	0.01538	0.01431	0.01026	0.00623	0.00514	0.00156	0.00515	0.00483	0.00560	0.00873
22	0.00641	0.00537	0.00560	0.00551	0.00721	0.00464	0.00414	0.00823	0.03346	0.01498	0.14965	0.04705	0.66501	0.01249	0.00604	0.00172	0.00262	0.01048	0.00490	0.00451
23	0.00625	0.00447	0.00595	0.00714	0.00744	0.00417	0.00476	0.00714	0.00982	0.01310	0.02828	0.81633	0.03394	0.01608	0.00655	0.00208	0.00298	0.01459	0.00476	0.00417
24	0.01223	0.01171	0.01998	0.15289	0.66995	0.01207	0.01551	0.01533	0.01146	0.01619	0.00957	0.01285	0.00793	0.00466	0.00509	0.00155	0.00621	0.00457	0.00250	0.00775
25	0.01026	0.00977	0.01612	0.60854	0.12731	0.01205	0.01405	0.01335	0.01013	0.01347	0.00888	0.01324	0.00699	0.00555	0.00661	0.00175	0.10905	0.00455	0.00231	0.00599
26	0.01276	0.01102	0.01160	0.01044	0.01334	0.01276	0.00812	0.02727	0.77840	0.02146	0.02088	0.01914	0.01566	0.00696	0.00522	0.00174	0.00406	0.00580	0.00522	0.00812
27	0.00628	0.00449	0.00593	0.00707	0.00739	0.00419	0.00470	0.00716	0.00981	0.01304	0.02851	0.78088	0.04995	0.03524	0.00701	0.00215	0.00302	0.01433	0.00472	0.00415
28	0.01120	0.00945	0.01094	0.00786	0.01240	0.00741	0.00631	0.06056	0.01149	0.01770	0.00932	0.01075	0.00767	0.00395	0.00388	0.00081	0.00392	0.00314	0.00317	0.79807
29	0.01157	0.01320	0.08798	0.03132	0.01754	0.01473	0.16920	0.03893	0.00960	0.01423	0.00795	0.01182	0.00700	0.00748	0.01291	0.00205	0.52917	0.00476	0.00241	0.00617
30	0.02231	0.00869	0.01175	0.00908	0.01294	0.00759	0.00748	0.02461	0.03323	0.74987	0.04274	0.01812	0.01382	0.00649	0.00519	0.00159	0.00430	0.00530	0.00630	0.00860
31	0.00798	0.00577	0.00787	0.00893	0.00999	0.00575	0.00746	0.01045	0.03712	0.01523	0.04646	0.21147	0.03045	0.01423	0.00689	0.00227	0.00429	0.55790	0.00477	0.00473
32	0.01813	0.01483	0.08617	0.01235	0.03775	0.01471	0.01051	0.57843	0.08243	0.07278	0.01310	0.01303	0.00929	0.00607	0.00512	0.00157	0.00564	0.00467	0.00487	0.00856
33	0.01913	0.01412	0.01515	0.01169	0.01570	0.01563	0.00963	0.74178	0.03873	0.03177	0.01278	0.02733	0.00933	0.00636	0.00516	0.00155	0.00557	0.00483	0.00513	0.00863
34	0.00730	0.00528	0.00692	0.00662	0.00783	0.00490	0.00503	0.00970	0.01431	0.02014	0.72542	0.03972	0.06052	0.01076	0.00612	0.00166	0.00256	0.05481	0.00558	0.00483
35	0.01390	0.04426	0.23199	0.01223	0.04188	0.03721	0.01148	0.05056	0.35809	0.12028	0.01593	0.01542	0.01159	0.00604	0.00502	0.00164	0.00543	0.00488	0.00423	0.00795
36	0.67657	0.07009	0.05235	0.03973	0.02588	0.01207	0.00711	0.01538	0.00925	0.04263	0.00774	0.00901	0.00598	0.00480	0.00344	0.00156	0.00444	0.00300	0.00309	0.00588
37	0.01060	0.01023	0.01604	0.54758	0.17598	0.04262	0.02688	0.01405	0.02880	0.01413	0.01133	0.01581	0.03269	0.00556	0.00520	0.00168	0.00657	0.02551	0.00257	0.00618
38	0.02205	0.00887	0.01186	0.00912	0.01302	0.00780	0.00751	0.05653	0.01500	0.71440	0.04523	0.01778	0.01360	0.00642	0.00516	0.00157	0.00434	0.00522	0.00620	0.02832
39	0.00633	0.00452	0.00603	0.00714	0.00745	0.00428	0.00478	0.00724	0.00968	0.01295	0.02731	0.75931	0.03260	0.04293	0.03877	0.00242	0.00347	0.01399	0.00463	0.00415
40	0.01180	0.01603	0.22485	0.11899	0.38224	0.03095	0.08739	0.01606	0.03264	0.01618	0.00981	0.01253	0.00768	0.00478	0.00512	0.00159	0.00684	0.00451	0.00249	0.00752
41	0.01356	0.78634	0.06193	0.00905	0.01358	0.01992	0.00925	0.01540	0.01044	0.01226	0.00723	0.00835	0.00658	0.00441	0.00336	0.00112	0.00558	0.00279	0.00219	0.00663
42	0.01951	0.01437	0.01540	0.01181	0.01591	0.01591	0.00975	0.77056	0.02412	0.03234	0.01232	0.01232	0.00873	0.00616	0.00513	0.00154	0.00565	0.00462	0.00513	0.00873
43	0.00717	0.00713	0.07640	0.00680	0.00874	0.00532	0.00581	0.00956	0.01333	0.01814	0.49216	0.03925	0.26964	0.01075	0.00595	0.00165	0.00294	0.00926	0.00507	0.00493
44	0.01059	0.01005	0.01679	0.61085	0.03126	0.01223	0.08273	0.05359	0.01092	0.01436	0.00916	0.01337	0.00702	0.00551	0.00643	0.00176	0.09029	0.00469	0.00246	0.00596
45	0.00606	0.00520	0.00520	0.00520	0.00693	0.00433	0.00390	0.00736	0.01170	0.01386	0.05198	0.04938	0.78558	0.01299	0.00606	0.00173	0.00260	0.01083	0.00476	0.00433
46	0.03097	0.00643	0.00826	0.00803	0.03192	0.00608	0.00582	0.02784	0.04689	0.15268	0.35697	0.20404	0.07244	0.01058	0.00585	0.00172	0.00317	0.00927	0.00535	0.00568
47	0.01395	0.01161	0.01227	0.01068	0.01379	0.01332	0.00841	0.15771	0.64603	0.02337	0.01938	0.01795	0.01445	0.00682	0.00521	0.00171	0.00434	0.00559	0.00521	0.00823
48	0.01355	0.01298	0.01994	0.04525	0.57578	0.05301	0.05752	0.08560	0.05311	0.01811	0.01042	0.01291	0.00845	0.00488	0.00513	0.00154	0.00627	0.00466	0.00292	0.00794
49	0.00746	0.00497	0.00560	0.00560	0.00560	0.00497	0.00311	0.00746	0.00746	0.00995	0.01617	0.03358	0.01865	0.81967	0.02612	0.00497	0.00497	0.00746	0.00311	0.00311
50	0.01653	0.08963	0.09816	0.01118	0.01578	0.01307	0.04443	0.34742	0.02832	0.12692	0.01206	0.01236	0.00869	0.00541	0.00476	0.00139	0.00547	0.00425	0.00424	0.14992
51	0.01205	0.44915	0.36851	0.01134	0.01708	0.01622	0.01324	0.01563	0.01070	0.01413	0.02532	0.01006	0.00748	0.00474	0.00406	0.00134	0.00635	0.00336	0.00226	0.00699
52	0.00792	0.00566	0.00787	0.00905	0.01008	0.00560	0.00766	0.01002	0.01147	0.01496	0.02736	0.18985	0.03030	0.01451	0.00699	0.00231	0.00442	0.62462	0.00473	0.00463
53	0.01129	0.02146	0.53673	0.05857	0.02014	0.06595	0.01557	0.01624	0.02681	0.05997	0.04397	0.01337	0.00939	0.00798	0.06867	0.00214	0.00767	0.00430	0.00270	0.00708
54	0.01363	0.15055	0.18374	0.01974	0.29929	0.06911	0.06320	0.06112	0.01233	0.05182	0.00966	0.01157	0.00762	0.00489	0.00499	0.00149	0.02084	0.00414	0.00274	0.00754
55	0.05479	0.08350	0.01358	0.01011	0.01357	0.02637	0.00825	0.18617	0.33134	0.16922	0.03814	0.01624	0.01308	0.00641	0.00494	0.00159	0.00463	0.00507	0.00502	0.00799
56	0.00739	0.00528	0.00713	0.00713	0.00766	0.00581	0.00502	0.00845	0.00792	0.01109	0.01476	0.02581	0.01528	0.36724	0.47393	0.00687	0.01005	0.00632	0.00290	0.00396
57	0.01690	0.03832	0.01407	0.01076	0.01427	0.01395	0.00879	0.59469	0.03802	0.02871	0.08251	0.07330	0.02767	0.00734	0.00528	0.00158	0.00508	0.00583	0.00505	0.00790
58	0.01391	0.01077	0.01317	0.01119	0.04006	0.01106	0.05166	0.37729	0.01710	0.02330	0.01607	0.21279	0.01539	0.00837	0.00540	0.00160	0.00487	0.03074	0.00449	0.13076
59	0.01030	0.13613	0.08574	0.04824	0.01548	0.01065	0.14530	0.05909	0.04599	0.01550	0.01709	0.30649	0.01781	0.00919	0.00569	0.00174	0.01729	0.02301	0.00359	0.02567

[dist]
# distance from previous block
# <min> <max>
0	1

[block]
# block no. 4 follows, 48 sequences, length 20
# corresponding to MSA columns:
# 248-267
name=unknown_E
#
# <colnr> <probs for GDERKNQSTAVLIFYWHMCP>
#	G	D	E	R	K	N	Q	S	T	A	V	L	I	F	Y	W	H	M	C	P
0	0.11284	0.23128	0.03484	0.01472	0.15969	0.29419	0.01042	0.04244	0.01234	0.01516	0.00810	0.00970	0.00684	0.00495	0.00447	0.00136	0.02398	0.00341	0.00263	0.00660
1	0.01323	0.00964	0.01101	0.00971	0.03844	0.01028	0.00733	0.29232	0.10436	0.04259	0.15988	0.02187	0.04167	0.07326	0.05328	0.00220	0.00487	0.00608	0.07228	0.02571
2	0.00650	0.00461	0.00584	0.00671	0.00702	0.00435	0.00436	0.00722	0.00941	0.01246	0.02685	0.60885	0.06827	0.18950	0.01075	0.00269	0.00339	0.01286	0.00441	0.00395
3	0.01191	0.01037	0.01551	0.54258	0.09593	0.01218	0.01307	0.17420	0.01338	0.01754	0.01133	0.01454	0.03439	0.00557	0.00516	0.00166	0.00637	0.00479	0.00300	0.00651
4	0.00734	0.00547	0.00809	0.00809	0.00896	0.00633	0.00622	0.00906	0.00820	0.01180	0.01388	0.02093	0.01316	0.08329	0.75499	0.00806	0.01324	0.00561	0.00277	0.00450
5	0.01307	0.67225	0.17172	0.00988	0.01488	0.01872	0.01070	0.01553	0.01050	0.01286	0.00753	0.00872	0.00657	0.00448	0.00359	0.00120	0.00588	0.00294	0.00219	0.00677
6	0.00715	0.00522	0.00672	0.00639	0.00761	0.00479	0.00478	0.00945	0.01419	0.01990	0.71285	0.06360	0.09647	0.01083	0.00607	0.00164	0.00245	0.00955	0.00556	0.00479
7	0.00984	0.00610	0.00736	0.00667	0.00859	0.00547	0.00512	0.03851	0.01364	0.14661	0.32626	0.07593	0.30852	0.01083	0.00590	0.00167	0.00295	0.00925	0.00538	0.00541
8	0.00972	0.00579	0.00765	0.00687	0.00851	0.00526	0.00526	0.01207	0.01455	0.14076	0.66570	0.03507	0.04285	0.00984	0.00591	0.00161	0.00272	0.00864	0.00576	0.00545
9	0.01372	0.82276	0.02689	0.00878	0.01317	0.02030	0.00878	0.01536	0.01043	0.01207	0.00713	0.00823	0.00658	0.00439	0.00329	0.00110	0.00549	0.00274	0.00219	0.00658
10	0.00709	0.00520	0.00664	0.00635	0.00758	0.00475	0.00474	0.00931	0.01400	0.01950	0.67034	0.07688	0.12644	0.01103	0.00608	0.00165	0.00247	0.00970	0.00551	0.00475
11	0.01833	0.00866	0.04805	0.00872	0.01213	0.00702	0.00738	0.02050	0.01411	0.55818	0.15038	0.06735	0.04038	0.00772	0.00540	0.00163	0.00406	0.00648	0.00590	0.00764
12	0.01064	0.00912	0.01064	0.00760	0.01216	0.00684	0.00608	0.01292	0.01064	0.01672	0.00912	0.01064	0.00760	0.00380	0.00380	0.00076	0.00380	0.00304	0.00304	0.85104
13	0.01027	0.02474	0.70756	0.01470	0.02184	0.01166	0.06692	0.01596	0.01109	0.01646	0.04489	0.01229	0.00851	0.00510	0.00501	0.00163	0.00742	0.00419	0.00235	0.00741
14	0.00688	0.00516	0.00637	0.00621	0.00747	0.00466	0.00460	0.00888	0.01340	0.01825	0.53674	0.11294	0.22636	0.01162	0.00610	0.00169	0.00252	0.01015	0.00535	0.00466
15	0.01231	0.01097	0.01796	0.24084	0.47594	0.01157	0.01415	0.04966	0.01199	0.04911	0.01211	0.01491	0.04534	0.00528	0.00515	0.00159	0.00604	0.00490	0.00286	0.00733
16	0.00891	0.00446	0.00668	0.00668	0.00668	0.00446	0.00446	0.00668	0.00668	0.00891	0.00891	0.01560	0.00891	0.01783	0.02005	0.85071	0.00446	0.00446	0.00223	0.00223
17	0.01034	0.00978	0.00970	0.01045	0.08501	0.13416	0.00704	0.06391	0.05689	0.01631	0.12059	0.21114	0.21104	0.01055	0.00575	0.00171	0.00440	0.02133	0.00437	0.00551
18	0.01344	0.01073	0.01203	0.00910	0.01324	0.01000	0.00733	0.25750	0.06081	0.02188	0.01166	0.04579	0.00956	0.00527	0.00443	0.00113	0.00438	0.00420	0.00392	0.49361
19	0.01075	0.11153	0.67250	0.01435	0.02147	0.01287	0.05542	0.01616	0.01085	0.01581	0.00904	0.01070	0.00657	0.00480	0.00476	0.00157	0.00741	0.00379	0.00219	0.00744

[dist]
# distance from previous block
# <min> <max>
0	3

[block]
# block no. 5 follows, 48 sequences, length 12
# corresponding to MSA columns:
# 271-282
name=unknown_F
#
# <colnr> <probs for GDERKNQSTAVLIFYWHMCP>
#	G	D	E	R	K	N	Q	S	T	A	V	L	I	F	Y	W	H	M	C	P
0	0.00733	0.00550	0.00825	0.00825	0.00916	0.00641	0.00641	0.00916	0.00825	0.01191	0.01374	0.02016	0.01283	0.03848	0.79934	0.00825	0.01374	0.00550	0.00275	0.00458
1	0.01227	0.01176	0.02006	0.14164	0.68086	0.01208	0.01553	0.01537	0.01148	0.01624	0.00958	0.01284	0.00794	0.00465	0.00509	0.00155	0.00620	0.00457	0.00250	0.00778
2	0.01792	0.10942	0.01592	0.01261	0.01535	0.60676	0.00982	0.05514	0.03404	0.01366	0.00831	0.00967	0.00695	0.00551	0.00530	0.00138	0.05983	0.00345	0.00275	0.00618
3	0.00692	0.00499	0.00670	0.00782	0.00849	0.00477	0.00590	0.00834	0.01060	0.01390	0.02919	0.51792	0.07312	0.01526	0.00671	0.00216	0.00355	0.26454	0.00475	0.00437
4	0.01236	0.01423	0.13047	0.02910	0.67899	0.01215	0.01620	0.01582	0.01156	0.01669	0.00959	0.01243	0.00790	0.00461	0.00505	0.00154	0.00631	0.00446	0.00249	0.00805
5	0.00707	0.00544	0.00648	0.00618	0.00763	0.00496	0.00465	0.00955	0.04128	0.01839	0.51523	0.04128	0.29065	0.01119	0.00603	0.00166	0.00254	0.00967	0.00534	0.00479
6	0.00891	0.00911	0.11977	0.00961	0.06711	0.00671	0.00780	0.01214	0.03636	0.05507	0.51171	0.03174	0.08532	0.00913	0.00575	0.00162	0.00357	0.00796	0.00489	0.00572
7	0.00719	0.00524	0.00676	0.00638	0.00762	0.00481	0.00478	0.00954	0.01435	0.02017	0.74041	0.03900	0.09322	0.01064	0.00605	0.00162	0.00243	0.00937	0.00559	0.00481
8	0.04034	0.02516	0.62449	0.01445	0.02108	0.12370	0.04809	0.01682	0.01134	0.01596	0.00901	0.01065	0.00654	0.00491	0.00483	0.00158	0.00774	0.00378	0.00229	0.00725
9	0.00639	0.00490	0.00544	0.00587	0.00705	0.00431	0.00419	0.00762	0.01095	0.01397	0.04084	0.32417	0.45765	0.01359	0.00606	0.00182	0.00272	0.01174	0.06641	0.00431
10	0.09742	0.57003	0.18973	0.00983	0.01479	0.01762	0.01065	0.01553	0.01034	0.01407	0.00758	0.00880	0.00646	0.00453	0.00362	0.00126	0.00579	0.00297	0.00229	0.00670
11	0.01705	0.12726	0.10512	0.01326	0.05922	0.20937	0.02953	0.25931	0.01623	0.07648	0.01039	0.01124	0.00783	0.00552	0.00510	0.00146	0.03060	0.00401	0.00358	0.00745

[dist]
# distance from previous block
# <min> <max>
0	2

[block]
# block no. 6 follows, 48 sequences, length 60
# corresponding to MSA columns:
# 285-344
name=unknown_G
#
# <colnr> <probs for GDERKNQSTAVLIFYWHMCP>
#	G	D	E	R	K	N	Q	S	T	A	V	L	I	F	Y	W	H	M	C	P
0	0.01331	0.31873	0.22172	0.00989	0.01459	0.01316	0.01047	0.01649	0.03455	0.15443	0.01723	0.01713	0.12560	0.00625	0.00452	0.00144	0.00536	0.00477	0.00342	0.00694
1	0.00689	0.00719	0.07537	0.00672	0.00877	0.00532	0.00577	0.00906	0.02668	0.01527	0.15607	0.10237	0.48863	0.01208	0.00604	0.00177	0.00319	0.05335	0.00468	0.00478
2	0.01455	0.42363	0.06302	0.00981	0.01372	0.09238	0.00906	0.01868	0.14672	0.09787	0.01293	0.01307	0.03968	0.00559	0.00439	0.00136	0.01925	0.00401	0.00332	0.00697
3	0.02182	0.00882	0.01180	0.00905	0.01303	0.00762	0.00745	0.02415	0.03404	0.71267	0.01942	0.01699	0.01239	0.00617	0.00506	0.00153	0.00432	0.00502	0.00607	0.07260
4	0.07529	0.01647	0.25451	0.08865	0.12855	0.01218	0.28452	0.01562	0.01111	0.01648	0.00986	0.02862	0.00770	0.00496	0.00550	0.00168	0.02386	0.00493	0.00251	0.00699
5	0.01126	0.01062	0.01647	0.11894	0.33268	0.03215	0.08353	0.04367	0.06124	0.01687	0.08631	0.02065	0.10884	0.02742	0.00593	0.00170	0.00557	0.00604	0.00336	0.00677
6	0.02199	0.00885	0.01181	0.00919	0.01303	0.00790	0.00754	0.02494	0.07315	0.72021	0.03228	0.01792	0.01349	0.00646	0.00518	0.00160	0.00431	0.00527	0.00625	0.00862
7	0.01846	0.01033	0.01191	0.00943	0.01284	0.01060	0.00772	0.33729	0.03089	0.29238	0.01632	0.01629	0.01143	0.00633	0.00487	0.00150	0.00452	0.01672	0.17230	0.00787
8	0.01169	0.11919	0.63106	0.01363	0.02052	0.01259	0.02882	0.01681	0.01110	0.07453	0.00982	0.01108	0.00700	0.00492	0.00473	0.00156	0.00711	0.00381	0.00249	0.00754
9	0.01254	0.01140	0.08687	0.15575	0.17175	0.02249	0.09941	0.01594	0.04208	0.14269	0.04052	0.05058	0.06592	0.04025	0.00640	0.00180	0.01735	0.00591	0.00356	0.00680
10	0.01043	0.02555	0.73381	0.01517	0.02257	0.01200	0.07725	0.01626	0.01093	0.01626	0.00930	0.01107	0.00660	0.00483	0.00497	0.00163	0.00767	0.00397	0.00220	0.00753
11	0.00645	0.00462	0.00582	0.00669	0.00706	0.00433	0.00439	0.00722	0.00957	0.01260	0.02822	0.60680	0.09835	0.16056	0.01003	0.00257	0.00330	0.01297	0.00447	0.00399
12	0.01126	0.01084	0.01879	0.38962	0.24390	0.01185	0.13038	0.04452	0.03073	0.01565	0.01130	0.01469	0.03328	0.00519	0.00529	0.00166	0.00665	0.00503	0.00267	0.00671
13	0.01159	0.01051	0.01677	0.56806	0.03036	0.01248	0.08266	0.13770	0.01259	0.01654	0.00965	0.01336	0.00723	0.00540	0.00575	0.00171	0.04383	0.00470	0.00278	0.00630
14	0.00992	0.00936	0.01581	0.74705	0.09380	0.01146	0.01437	0.01331	0.01037	0.01339	0.00916	0.01360	0.00694	0.00509	0.00513	0.00170	0.00678	0.00456	0.00230	0.00589
15	0.00964	0.00904	0.01318	0.03966	0.01289	0.01180	0.03545	0.01105	0.00849	0.01256	0.01182	0.14524	0.01240	0.01548	0.16375	0.00333	0.46983	0.00640	0.00277	0.00523
16	0.01270	0.01219	0.02083	0.03149	0.78767	0.01219	0.01575	0.01575	0.01168	0.01676	0.00965	0.01270	0.00813	0.00457	0.00508	0.00152	0.00610	0.00457	0.00254	0.00813
17	0.03867	0.14546	0.01597	0.01044	0.01445	0.02652	0.00883	0.38221	0.06144	0.22431	0.01381	0.01322	0.00969	0.00592	0.00479	0.00149	0.00522	0.00445	0.00489	0.00822
18	0.00659	0.00497	0.00680	0.00756	0.00818	0.00466	0.02780	0.00793	0.02591	0.01348	0.02926	0.70356	0.08644	0.01527	0.00648	0.00205	0.00318	0.03081	0.00471	0.00436
19	0.81378	0.01015	0.00794	0.00700	0.01022	0.01173	0.00577	0.05315	0.00951	0.02349	0.00741	0.00854	0.00572	0.00483	0.00327	0.00159	0.00405	0.00287	0.00327	0.00572
20	0.01712	0.01010	0.01192	0.00966	0.01298	0.01016	0.00773	0.27649	0.07570	0.27600	0.03561	0.14450	0.01546	0.00782	0.00531	0.00161	0.00447	0.00649	0.00535	0.06553
21	0.00645	0.00460	0.00618	0.00737	0.00775	0.00433	0.00510	0.00748	0.01001	0.01332	0.02817	0.74353	0.03351	0.01589	0.00660	0.00211	0.00314	0.08547	0.00476	0.00422
22	0.01087	0.01052	0.01845	0.48952	0.27552	0.01179	0.08136	0.01425	0.01088	0.01457	0.00940	0.01338	0.00734	0.00488	0.00520	0.00165	0.00676	0.00470	0.00239	0.00659
23	0.00776	0.00552	0.00606	0.00575	0.00759	0.00470	0.00437	0.00930	0.01242	0.08358	0.16798	0.04477	0.59787	0.01200	0.00598	0.00170	0.00273	0.01008	0.00505	0.00480
24	0.00754	0.00577	0.00773	0.00821	0.06674	0.00534	0.00556	0.00988	0.01398	0.01951	0.64153	0.03766	0.13047	0.01033	0.00598	0.00162	0.00272	0.00910	0.00531	0.00503
25	0.01466	0.01271	0.07135	0.01078	0.01429	0.04335	0.00905	0.09125	0.51494	0.11727	0.01844	0.01716	0.01349	0.00653	0.00513	0.00166	0.00471	0.00532	0.00498	0.02292
26	0.08789	0.60837	0.08056	0.00928	0.01364	0.03975	0.00923	0.01645	0.06867	0.01407	0.00835	0.00929	0.00718	0.00468	0.00358	0.00123	0.00550	0.00307	0.00252	0.00667
27	0.09713	0.00920	0.01458	0.72462	0.03271	0.01141	0.01335	0.01331	0.01010	0.01413	0.00892	0.01313	0.00671	0.00509	0.00493	0.00170	0.00654	0.00438	0.00237	0.00569
28	0.85592	0.00992	0.00754	0.00675	0.00992	0.01151	0.00556	0.01508	0.00873	0.02302	0.00714	0.00834	0.00556	0.00476	0.00318	0.00159	0.00397	0.00278	0.00318	0.00556
29	0.00643	0.00459	0.00616	0.00735	0.00772	0.00432	0.00507	0.00745	0.01000	0.01330	0.02818	0.74937	0.03355	0.01591	0.00660	0.00211	0.00313	0.07979	0.00476	0.00422
30	0.01175	0.01650	0.19480	0.02066	0.06825	0.01270	0.56473	0.01636	0.01181	0.01641	0.01009	0.01313	0.00753	0.00446	0.00575	0.00170	0.00828	0.00548	0.00250	0.00713
31	0.00702	0.00532	0.00655	0.00663	0.00797	0.00485	0.00517	0.00902	0.01293	0.01717	0.38120	0.07626	0.27996	0.01219	0.00627	0.00181	0.00292	0.14697	0.00516	0.00463
32	0.75660	0.00950	0.00746	0.00663	0.00972	0.01081	0.00543	0.01476	0.00897	0.02246	0.00795	0.00925	0.00622	0.00482	0.00323	0.00152	0.00384	0.00294	0.06726	0.04064
33	0.01372	0.82276	0.02689	0.00878	0.01317	0.02030	0.00878	0.01536	0.01043	0.01207	0.00713	0.00823	0.00658	0.00439	0.00329	0.00110	0.00549	0.00274	0.00219	0.00658
34	0.00688	0.00497	0.00647	0.00663	0.00753	0.00460	0.00475	0.00870	0.01270	0.01761	0.48808	0.30468	0.06756	0.02682	0.00658	0.00184	0.00266	0.01111	0.00527	0.00456
35	0.01687	0.00738	0.00989	0.00804	0.01097	0.00648	0.00646	0.01898	0.01451	0.49255	0.28734	0.02598	0.05571	0.00805	0.00551	0.00160	0.00362	0.00682	0.00604	0.00721
36	0.00701	0.00521	0.00648	0.00620	0.00746	0.00473	0.00461	0.00912	0.01370	0.01884	0.60677	0.05424	0.19315	0.03191	0.00658	0.00173	0.00253	0.00963	0.00539	0.00468
37	0.00627	0.00480	0.00572	0.00635	0.00723	0.00429	0.00442	0.00739	0.01078	0.01381	0.08549	0.46771	0.31372	0.02875	0.00668	0.00197	0.00284	0.01272	0.00479	0.00425
38	0.01372	0.82276	0.02689	0.00878	0.01317	0.02030	0.00878	0.01536	0.01043	0.01207	0.00713	0.00823	0.00658	0.00439	0.00329	0.00110	0.00549	0.00274	0.00219	0.00658
39	0.00617	0.00520	0.00534	0.00531	0.00700	0.00438	0.00398	0.00757	0.01195	0.01445	0.11669	0.04840	0.72051	0.01277	0.00606	0.00172	0.00258	0.01069	0.00484	0.00438
40	0.01586	0.01161	0.01274	0.01028	0.01327	0.01275	0.00816	0.54531	0.01941	0.02608	0.01401	0.06599	0.01213	0.13325	0.07286	0.00264	0.00604	0.00574	0.00461	0.00725
41	0.02157	0.00853	0.01135	0.00885	0.01257	0.00755	0.00727	0.02411	0.04613	0.70067	0.02000	0.01766	0.01286	0.00635	0.00504	0.00156	0.00420	0.00516	0.07015	0.00841
42	0.01396	0.02774	0.10604	0.01187	0.04409	0.10307	0.00984	0.04098	0.47004	0.07380	0.01772	0.01691	0.02814	0.00644	0.00508	0.00164	0.00521	0.00520	0.00447	0.00776
43	0.01301	0.01174	0.01338	0.14332	0.08487	0.06356	0.01004	0.08053	0.44680	0.01971	0.01671	0.01804	0.01298	0.00657	0.00522	0.00170	0.00518	0.03482	0.00431	0.00750
44	0.00647	0.00525	0.00576	0.00583	0.00732	0.00460	0.00434	0.00821	0.02757	0.01512	0.17493	0.13581	0.54022	0.01282	0.00612	0.00177	0.00268	0.02576	0.00493	0.00449
45	0.04356	0.28721	0.19348	0.01406	0.11755	0.18392	0.01207	0.01744	0.05917	0.01470	0.00895	0.01030	0.00730	0.00489	0.00428	0.00138	0.00670	0.00353	0.00255	0.00693
46	0.06168	0.01737	0.26188	0.01583	0.02118	0.04489	0.29891	0.07586	0.03963	0.07666	0.01107	0.01289	0.00805	0.00575	0.02388	0.00180	0.00747	0.00485	0.00308	0.00727
47	0.03817	0.75831	0.04705	0.00889	0.01332	0.01952	0.00894	0.01561	0.01049	0.03075	0.00750	0.00852	0.00670	0.00446	0.00338	0.00114	0.00547	0.00283	0.00232	0.00663
48	0.44949	0.01563	0.27316	0.01092	0.05328	0.01155	0.01078	0.04690	0.01040	0.03812	0.00912	0.03403	0.00715	0.00523	0.00407	0.00161	0.00534	0.00370	0.00301	0.00653
49	0.01842	0.01380	0.01501	0.01215	0.03779	0.01527	0.00967	0.66649	0.09004	0.03051	0.01335	0.03047	0.00987	0.00640	0.00517	0.00157	0.00546	0.00494	0.00506	0.00856
50	0.03152	0.14028	0.06687	0.03255	0.13870	0.19049	0.01025	0.03538	0.10237	0.09511	0.01393	0.07433	0.03403	0.00637	0.00482	0.00151	0.00602	0.00507	0.00349	0.00691
51	0.46321	0.00868	0.00841	0.00726	0.01014	0.00923	0.00587	0.03745	0.01169	0.17104	0.18493	0.01778	0.03270	0.00656	0.00432	0.00160	0.00372	0.00491	0.00443	0.00608
52	0.04681	0.14942	0.24457	0.04682	0.15151	0.01343	0.22581	0.01571	0.01114	0.01580	0.00960	0.02913	0.00772	0.00484	0.00496	0.00156	0.00701	0.00461	0.00246	0.00710
53	0.01539	0.01575	0.10237	0.06004	0.27912	0.15163	0.02471	0.13182	0.06281	0.08971	0.01137	0.01274	0.00860	0.00531	0.00502	0.00153	0.00654	0.00442	0.00342	0.00768
54	0.00621	0.00519	0.00541	0.00539	0.00703	0.00439	0.00403	0.00763	0.01199	0.01463	0.13719	0.06481	0.68297	0.01277	0.00607	0.00173	0.00259	0.01073	0.00487	0.00439
55	0.01048	0.00867	0.01008	0.00760	0.01141	0.00693	0.00590	0.05046	0.01098	0.01664	0.01136	0.07386	0.01063	0.07688	0.00605	0.00127	0.00393	0.00439	0.00328	0.66920
56	0.01933	0.11965	0.01632	0.01096	0.01508	0.01509	0.00925	0.54662	0.02075	0.15662	0.01296	0.01264	0.00911	0.00596	0.00490	0.00149	0.00541	0.00446	0.00495	0.00845
57	0.02141	0.00848	0.01127	0.00880	0.01248	0.00751	0.00722	0.02395	0.04608	0.69107	0.01996	0.01768	0.01286	0.00634	0.00502	0.00156	0.00418	0.00515	0.08062	0.00836
58	0.01042	0.02469	0.70330	0.01589	0.08938	0.01175	0.01829	0.01602	0.01101	0.01641	0.03057	0.01175	0.00780	0.00500	0.00493	0.00162	0.00731	0.00401	0.00230	0.00756
59	0.01680	0.01350	0.01757	0.09594	0.01954	0.01474	0.13472	0.51591	0.07370	0.02697	0.01227	0.01319	0.00886	0.00581	0.00529	0.00160	0.00615	0.00493	0.00443	0.00807

[dist]
# distance from previous block
# <min> <max>
2	10

[block]
# block no. 7 follows, 48 sequences, length 247
# corresponding to MSA columns:
# 362-608
name=unknown_H
#
# <colnr> <probs for GDERKNQSTAVLIFYWHMCP>
#	G	D	E	R	K	N	Q	S	T	A	V	L	I	F	Y	W	H	M	C	P
0	0.00745	0.00501	0.00579	0.00579	0.00585	0.00508	0.00335	0.00758	0.00752	0.01009	0.01599	0.03261	0.01824	0.76349	0.08173	0.00521	0.00561	0.00732	0.00308	0.00321
1	0.01290	0.01431	0.01863	0.04454	0.01771	0.17279	0.18249	0.01489	0.01026	0.01334	0.00801	0.01167	0.00706	0.00756	0.02543	0.00203	0.42337	0.00463	0.00242	0.00596
2	0.00696	0.00476	0.00574	0.00624	0.00636	0.00464	0.00380	0.00733	0.00844	0.01126	0.02120	0.35855	0.02500	0.48604	0.01799	0.00377	0.00415	0.01042	0.00380	0.00355
3	0.01372	0.82276	0.02689	0.00878	0.01317	0.02030	0.00878	0.01536	0.01043	0.01207	0.00713	0.00823	0.00658	0.00439	0.00329	0.00110	0.00549	0.00274	0.00219	0.00658
4	0.01290	0.01109	0.01168	0.01047	0.01339	0.01282	0.00815	0.04187	0.76357	0.02168	0.02072	0.01901	0.01553	0.00695	0.00522	0.00174	0.00409	0.00578	0.00522	0.00813
5	0.01070	0.12091	0.70227	0.01393	0.02114	0.01291	0.01775	0.01614	0.01078	0.01575	0.00896	0.01052	0.00651	0.00482	0.00469	0.00156	0.00733	0.00367	0.00217	0.00746
6	0.09563	0.40763	0.34704	0.01104	0.01665	0.01591	0.01274	0.01571	0.01043	0.01491	0.00801	0.00934	0.00645	0.00463	0.00395	0.00137	0.00622	0.00319	0.00228	0.00690
7	0.58957	0.02410	0.00948	0.00804	0.01127	0.10223	0.00652	0.04809	0.02752	0.10369	0.00994	0.01054	0.02069	0.00524	0.00373	0.00155	0.00469	0.00338	0.00359	0.00612
8	0.07640	0.45435	0.05855	0.01006	0.01403	0.20778	0.00922	0.01759	0.02803	0.06988	0.00867	0.00952	0.00715	0.00486	0.00386	0.00126	0.00629	0.00317	0.00274	0.00659
9	0.01602	0.01812	0.01629	0.11202	0.23428	0.41423	0.01194	0.07226	0.01387	0.01526	0.00968	0.01170	0.02150	0.00527	0.00488	0.00145	0.00770	0.00404	0.00279	0.00670
10	0.00678	0.00483	0.00621	0.00664	0.00725	0.00453	0.00454	0.00810	0.01119	0.01532	0.29670	0.41387	0.04837	0.13038	0.00920	0.00233	0.00306	0.01161	0.00484	0.00426
11	0.00650	0.00478	0.00613	0.00682	0.00752	0.00436	0.00471	0.00773	0.01087	0.01457	0.16403	0.58017	0.11662	0.01451	0.00635	0.00194	0.00285	0.01301	0.00488	0.02164
12	0.01064	0.00912	0.01064	0.00760	0.01216	0.00684	0.00608	0.01292	0.01064	0.01672	0.00912	0.01064	0.00760	0.00380	0.00380	0.00076	0.00380	0.00304	0.00304	0.85104
13	0.83616	0.02899	0.00800	0.00680	0.01000	0.01172	0.00563	0.01509	0.00877	0.02276	0.00714	0.00833	0.00558	0.00475	0.00318	0.00158	0.00400	0.00278	0.00315	0.00558
14	0.00746	0.00497	0.00560	0.00560	0.00560	0.00497	0.00311	0.00746	0.00746	0.00995	0.01617	0.03358	0.01865	0.81967	0.02612	0.00497	0.00497	0.00746	0.00311	0.00311
15	0.00656	0.00482	0.00653	0.04559	0.00881	0.00462	0.00522	0.00780	0.01056	0.01420	0.13735	0.65059	0.04883	0.01468	0.00640	0.00199	0.00308	0.01326	0.00477	0.00434
16	0.16011	0.55164	0.09285	0.00928	0.01363	0.07356	0.00923	0.01576	0.01046	0.01439	0.00738	0.00856	0.00640	0.00456	0.00351	0.00125	0.00568	0.00289	0.00239	0.00645
17	0.02022	0.01323	0.01469	0.01126	0.01534	0.01421	0.00930	0.61918	0.02221	0.18642	0.01393	0.01336	0.00953	0.00620	0.00514	0.00155	0.00539	0.00473	0.00538	0.00873
18	0.00617	0.00497	0.00551	0.00592	0.00717	0.00431	0.00427	0.00736	0.01108	0.01364	0.04367	0.30282	0.52250	0.01404	0.00624	0.00186	0.00277	0.02666	0.00476	0.00429
19	0.00683	0.00558	0.00602	0.00598	0.00760	0.00499	0.00449	0.02476	0.04152	0.01537	0.14015	0.11050	0.56301	0.01259	0.00608	0.00176	0.00279	0.03044	0.00490	0.00463
20	0.85592	0.00992	0.00754	0.00675	0.00992	0.01151	0.00556	0.01508	0.00873	0.02302	0.00714	0.00834	0.00556	0.00476	0.00318	0.00159	0.00397	0.00278	0.00318	0.00556
21	0.00664	0.00531	0.00545	0.00535	0.00715	0.00445	0.00404	0.00799	0.01186	0.03927	0.06724	0.04810	0.74408	0.01272	0.00603	0.00173	0.00265	0.01061	0.00484	0.00449
22	0.03444	0.01253	0.02047	0.32745	0.16980	0.08443	0.23440	0.01529	0.01138	0.01496	0.00939	0.01296	0.00730	0.00485	0.00547	0.00165	0.01939	0.00484	0.00248	0.00653
