[name]
unknown

[dist]
# distance from previous block
# <min> <max>
6	150

[block]
# block no. 0 follows, 46 sequences, length 44
# corresponding to MSA columns:
# 174-217
name=unknown_A
#
# <colnr> <probs for GDERKNQSTAVLIFYWHMCP>
#	G	D	E	R	K	N	Q	S	T	A	V	L	I	F	Y	W	H	M	C	P
0	0.03792	0.01014	0.03025	0.01006	0.01363	0.00967	0.00843	0.08243	0.04940	0.52187	0.03496	0.01694	0.01264	0.00680	0.00651	0.00168	0.09050	0.00518	0.02168	0.02927
1	0.03583	0.07679	0.01428	0.01049	0.03137	0.01121	0.00851	0.18063	0.05419	0.42756	0.03154	0.01608	0.01209	0.00712	0.02316	0.00174	0.02088	0.00500	0.00546	0.02607
2	0.01263	0.48673	0.03519	0.01156	0.08750	0.01657	0.00944	0.02917	0.01127	0.01439	0.09449	0.04690	0.01324	0.02473	0.00602	0.00150	0.08464	0.00461	0.00289	0.00652
3	0.01313	0.01422	0.10697	0.02889	0.60871	0.01243	0.07741	0.01667	0.01208	0.04370	0.01033	0.01314	0.00832	0.00479	0.00530	0.00160	0.00660	0.00477	0.00271	0.00823
4	0.01500	0.52290	0.08022	0.01249	0.09978	0.05763	0.01059	0.04305	0.02517	0.07599	0.00935	0.01034	0.00770	0.00490	0.00404	0.00130	0.00597	0.00347	0.00282	0.00728
5	0.01633	0.01074	0.01842	0.01436	0.03370	0.01057	0.24784	0.03187	0.01317	0.32113	0.06093	0.05979	0.01385	0.00699	0.00735	0.00180	0.11289	0.00627	0.00451	0.00747
6	0.03792	0.01847	0.01445	0.01296	0.04153	0.43692	0.00977	0.03680	0.01377	0.14124	0.01034	0.01148	0.00802	0.00598	0.00642	0.00150	0.11120	0.00392	0.00340	0.07391
7	0.04309	0.01212	0.02057	0.05138	0.58657	0.01204	0.07453	0.01724	0.01227	0.10264	0.01111	0.01360	0.00874	0.00492	0.00526	0.00160	0.00624	0.00484	0.00307	0.00818
8	0.01148	0.01064	0.01719	0.42877	0.28225	0.01166	0.01410	0.04031	0.01160	0.01586	0.00969	0.01336	0.00765	0.00498	0.00512	0.00158	0.00640	0.00453	0.00263	0.10021
9	0.01142	0.01142	0.01670	0.10169	0.01688	0.01560	0.03933	0.01296	0.00853	0.01296	0.00735	0.01195	0.00699	0.00864	0.01560	0.00223	0.68687	0.00469	0.00233	0.00584
10	0.01157	0.01157	0.01619	0.01388	0.01388	0.01619	0.01157	0.01272	0.00810	0.01272	0.00694	0.01157	0.00694	0.00925	0.01735	0.00231	0.80453	0.00463	0.00231	0.00578
11	0.01162	0.01040	0.01322	0.01044	0.01318	0.01105	0.00855	0.02682	0.02261	0.02840	0.00884	0.01150	0.00771	0.00623	0.00946	0.00145	0.32993	0.00385	0.00293	0.46181
12	0.00648	0.00462	0.00612	0.00731	0.00761	0.00432	0.00485	0.00737	0.01005	0.01339	0.02875	0.78675	0.03448	0.04123	0.00737	0.00224	0.00313	0.01480	0.00485	0.00426
13	0.01361	0.72453	0.08767	0.00944	0.01411	0.01965	0.00974	0.01569	0.01093	0.01310	0.03569	0.00983	0.00835	0.00479	0.00363	0.00119	0.00571	0.00316	0.00239	0.00680
14	0.00675	0.00494	0.00633	0.00690	0.00768	0.00453	0.00483	0.00821	0.01188	0.01601	0.26771	0.47739	0.12858	0.01437	0.00653	0.00195	0.00284	0.01285	0.00519	0.00453
15	0.01839	0.02300	0.01410	0.01285	0.01540	0.70544	0.00963	0.01987	0.01498	0.01386	0.09375	0.01286	0.01159	0.00604	0.00493	0.00140	0.00875	0.00409	0.00307	0.00600
16	0.01278	0.01093	0.01168	0.01068	0.01352	0.01258	0.00838	0.02672	0.71093	0.02161	0.02203	0.02292	0.01728	0.00777	0.00553	0.00184	0.00424	0.06514	0.00534	0.00809
17	0.00644	0.00460	0.00613	0.00736	0.00767	0.00429	0.00491	0.00736	0.01012	0.01350	0.02914	0.81076	0.03497	0.01656	0.00675	0.00215	0.00307	0.01503	0.00491	0.00429
18	0.01249	0.01195	0.02038	0.18106	0.63730	0.01240	0.01593	0.01570	0.01175	0.01654	0.00984	0.01328	0.00812	0.00482	0.00524	0.00161	0.00643	0.00471	0.00257	0.00789
19	0.85155	0.01022	0.00777	0.00695	0.01022	0.01186	0.00573	0.01554	0.00900	0.02372	0.00736	0.00859	0.00573	0.00491	0.00327	0.00164	0.00409	0.00286	0.00327	0.00573
20	0.01157	0.01157	0.01619	0.01388	0.01388	0.01619	0.01157	0.01272	0.00810	0.01272	0.00694	0.01157	0.00694	0.00925	0.01735	0.00231	0.80453	0.00463	0.00231	0.00578
21	0.54169	0.01074	0.00937	0.00828	0.01148	0.02832	0.00667	0.03782	0.19843	0.06225	0.03186	0.01275	0.00993	0.00575	0.00406	0.00167	0.00425	0.00399	0.00407	0.00662
22	0.01413	0.81739	0.02770	0.00905	0.01357	0.02092	0.00905	0.01583	0.01074	0.01244	0.00735	0.00848	0.00678	0.00452	0.00339	0.00113	0.00565	0.00283	0.00226	0.00678
23	0.04305	0.01073	0.01208	0.00964	0.01303	0.01108	0.00782	0.36474	0.01886	0.19914	0.10483	0.02209	0.11284	0.01899	0.00572	0.00167	0.00461	0.00622	0.02515	0.00769
24	0.00748	0.00540	0.00707	0.00665	0.00790	0.00499	0.00499	0.00998	0.01496	0.02120	0.77844	0.03949	0.04988	0.01081	0.00624	0.00166	0.00249	0.00956	0.00582	0.00499
25	0.03168	0.03768	0.01264	0.01077	0.01387	0.06959	0.00845	0.03965	0.63439	0.03637	0.01941	0.01807	0.01461	0.00683	0.00520	0.00171	0.00465	0.00554	0.00502	0.02389
26	0.53597	0.09966	0.01118	0.00789	0.01148	0.01196	0.00666	0.01840	0.03848	0.19887	0.01101	0.01116	0.00793	0.00533	0.00384	0.00159	0.00436	0.00354	0.00399	0.00670
27	0.00664	0.00488	0.00623	0.00693	0.00764	0.00447	0.00480	0.00796	0.01144	0.01528	0.19559	0.53787	0.14107	0.01487	0.00657	0.00199	0.00289	0.01330	0.00511	0.00447
28	0.01387	0.05104	0.00934	0.00731	0.00938	0.00794	0.00591	0.04279	0.01223	0.19846	0.01642	0.01767	0.01228	0.00646	0.00541	0.00144	0.07898	0.00487	0.49199	0.00621
29	0.00769	0.00513	0.00577	0.00577	0.00577	0.00513	0.00320	0.00769	0.00769	0.01025	0.01666	0.03460	0.01922	0.81421	0.02691	0.00513	0.00513	0.00769	0.00320	0.00320
30	0.01861	0.01371	0.01479	0.01167	0.01554	0.01515	0.00952	0.62271	0.10677	0.04685	0.01479	0.05955	0.01137	0.00703	0.00538	0.00164	0.00545	0.00550	0.00530	0.00865
31	0.01772	0.05923	0.01557	0.02622	0.01579	0.06983	0.00945	0.50785	0.02025	0.02695	0.01140	0.01228	0.00859	0.01761	0.00558	0.00150	0.02768	0.00434	0.00444	0.13771
32	0.01580	0.58162	0.02392	0.01041	0.01439	0.25070	0.00939	0.01740	0.01200	0.01259	0.00759	0.00879	0.00679	0.00480	0.00380	0.00120	0.00681	0.00300	0.00240	0.00659
33	0.66289	0.00994	0.00880	0.00751	0.01097	0.01093	0.00619	0.01787	0.01039	0.19719	0.01044	0.01073	0.00740	0.00528	0.00374	0.00164	0.00418	0.00342	0.00402	0.00647
34	0.02687	0.01025	0.03011	0.47611	0.08065	0.01149	0.07918	0.04995	0.01164	0.04558	0.01082	0.01445	0.00817	0.00548	0.00558	0.00170	0.03366	0.00483	0.08713	0.00636
35	0.17863	0.01820	0.01373	0.01165	0.01500	0.34811	0.00917	0.28828	0.01733	0.02249	0.00982	0.01069	0.00752	0.00568	0.00465	0.00149	0.00702	0.00382	0.01963	0.00706
36	0.00643	0.00466	0.00607	0.00720	0.00763	0.00431	0.00484	0.00738	0.01028	0.01356	0.03109	0.74998	0.09448	0.01631	0.00671	0.00212	0.00304	0.01472	0.00491	0.00431
37	0.02303	0.00911	0.01223	0.00944	0.01345	0.00804	0.00778	0.04175	0.03424	0.73313	0.03671	0.01837	0.01385	0.00664	0.00534	0.00164	0.00448	0.00541	0.00647	0.00890
38	0.01370	0.01163	0.01227	0.01087	0.01396	0.01341	0.00850	0.08692	0.71195	0.02301	0.02081	0.01916	0.01557	0.00711	0.00537	0.00178	0.00431	0.00588	0.00537	0.00842
39	0.11292	0.00864	0.01096	0.00875	0.01228	0.00794	0.00713	0.02227	0.03420	0.56325	0.13557	0.02029	0.01799	0.00703	0.00523	0.00164	0.00414	0.00571	0.00604	0.00800
40	0.01015	0.00596	0.00785	0.00686	0.00854	0.00587	0.08795	0.01283	0.01124	0.01940	0.01652	0.01910	0.01294	0.00597	0.00398	0.00129	0.00318	0.00507	0.75014	0.00517
41	0.12562	0.02330	0.01132	0.00871	0.01240	0.00858	0.00718	0.05490	0.01426	0.55808	0.01817	0.01661	0.01193	0.00625	0.00484	0.00158	0.00430	0.00490	0.09899	0.00810
42	0.01520	0.72758	0.02599	0.00909	0.01356	0.01946	0.00890	0.01693	0.01123	0.09826	0.00885	0.00954	0.00748	0.00475	0.00361	0.00119	0.00553	0.00310	0.00274	0.00703
43	0.69187	0.01067	0.00932	0.07108	0.01300	0.01235	0.00692	0.09849	0.01088	0.02397	0.00812	0.00948	0.00619	0.00510	0.00366	0.00164	0.00452	0.00322	0.00342	0.00610

[dist]
# distance from previous block
# <min> <max>
0	13

[block]
# block no. 1 follows, 46 sequences, length 13
# corresponding to MSA columns:
# 231-243
name=unknown_B
#
# <colnr> <probs for GDERKNQSTAVLIFYWHMCP>
#	G	D	E	R	K	N	Q	S	T	A	V	L	I	F	Y	W	H	M	C	P
0	0.04789	0.01330	0.01430	0.01135	0.01503	0.01464	0.00922	0.63760	0.02236	0.03037	0.01466	0.11743	0.01229	0.00764	0.00541	0.00166	0.00539	0.00604	0.00517	0.00826
1	0.00752	0.00506	0.00581	0.00598	0.00602	0.00502	0.00343	0.00764	0.00801	0.01068	0.01830	0.13660	0.02129	0.70938	0.02426	0.00473	0.00485	0.00865	0.00343	0.00335
2	0.01268	0.01214	0.02072	0.13352	0.68335	0.01245	0.01602	0.01587	0.01184	0.01678	0.00987	0.01322	0.00820	0.00479	0.00524	0.00160	0.00638	0.00471	0.00258	0.00805
3	0.00858	0.00599	0.00670	0.00647	0.00706	0.00602	0.00412	0.07254	0.00984	0.01295	0.02090	0.06942	0.09481	0.60455	0.02148	0.00427	0.00484	0.03186	0.00368	0.00393
4	0.00656	0.00469	0.00627	0.00750	0.00786	0.00440	0.00512	0.00757	0.01024	0.01363	0.02907	0.76737	0.03470	0.01645	0.00678	0.00216	0.00317	0.05724	0.00491	0.00433
5	0.01059	0.01002	0.01695	0.65108	0.18210	0.01190	0.01498	0.01404	0.01086	0.01424	0.00950	0.01390	0.00731	0.00517	0.00528	0.00172	0.00690	0.00470	0.00240	0.00636
6	0.00636	0.00520	0.00562	0.00586	0.00730	0.00446	0.00426	0.00768	0.01182	0.01453	0.09204	0.21129	0.57741	0.01391	0.00635	0.00185	0.00275	0.01188	0.00496	0.00446
7	0.01948	0.02391	0.01490	0.01340	0.01623	0.70802	0.01012	0.06930	0.04948	0.01466	0.00906	0.01019	0.00737	0.00558	0.00483	0.00140	0.00905	0.00361	0.00301	0.00641
8	0.00705	0.00517	0.00669	0.00764	0.00823	0.00500	0.00531	0.00907	0.05969	0.01474	0.08488	0.66586	0.03465	0.01543	0.00665	0.00210	0.00318	0.04901	0.00500	0.00464
9	0.01096	0.00940	0.01096	0.00783	0.01253	0.00705	0.00626	0.01331	0.01096	0.01723	0.00940	0.01096	0.00783	0.00392	0.00392	0.00078	0.00392	0.00313	0.00313	0.84653
10	0.01867	0.00891	0.01210	0.11329	0.01587	0.00849	0.00838	0.04480	0.06010	0.49296	0.09207	0.04335	0.01640	0.00704	0.00540	0.00165	0.00460	0.00589	0.00566	0.03436
11	0.85155	0.01022	0.00777	0.00695	0.01022	0.01186	0.00573	0.01554	0.00900	0.02372	0.00736	0.00859	0.00573	0.00491	0.00327	0.00164	0.00409	0.00286	0.00327	0.00573
12	0.46865	0.01157	0.01068	0.00882	0.01244	0.04924	0.00723	0.16412	0.01372	0.19124	0.01139	0.01149	0.00802	0.00557	0.00418	0.00161	0.00478	0.00379	0.00435	0.00710

[dist]
# distance from previous block
# <min> <max>
0	1

[block]
# block no. 2 follows, 46 sequences, length 10
# corresponding to MSA columns:
# 245-253,256
name=unknown_C
#
# <colnr> <probs for GDERKNQSTAVLIFYWHMCP>
#	G	D	E	R	K	N	Q	S	T	A	V	L	I	F	Y	W	H	M	C	P
0	0.01101	0.01049	0.01450	0.01231	0.01312	0.01360	0.03598	0.01286	0.03119	0.01405	0.01256	0.01597	0.07710	0.00885	0.01383	0.00206	0.57596	0.00524	0.06240	0.05691
1	0.01096	0.00940	0.01096	0.00783	0.01253	0.00705	0.00626	0.01331	0.01096	0.01723	0.00940	0.01096	0.00783	0.00392	0.00392	0.00078	0.00392	0.00313	0.00313	0.84653
2	0.01240	0.01032	0.01108	0.00993	0.01268	0.01156	0.00777	0.09134	0.52884	0.02210	0.10090	0.02537	0.09135	0.00830	0.00560	0.00178	0.00404	0.03167	0.00535	0.00759
3	0.05733	0.00906	0.01237	0.01075	0.06746	0.00810	0.00809	0.02357	0.01464	0.64569	0.07119	0.01871	0.01495	0.00663	0.00529	0.00163	0.00447	0.00546	0.00607	0.00854
4	0.00705	0.00530	0.00652	0.00639	0.00768	0.00477	0.00473	0.00906	0.01366	0.01854	0.50636	0.12904	0.23728	0.01212	0.00630	0.00175	0.00261	0.01059	0.00548	0.00477
5	0.01894	0.00971	0.01193	0.00968	0.01319	0.00958	0.00781	0.09106	0.20478	0.44128	0.10515	0.02036	0.01760	0.00716	0.00543	0.00167	0.00431	0.00591	0.00606	0.00839
6	0.00815	0.00530	0.00611	0.00600	0.00630	0.00523	0.00358	0.00846	0.00850	0.03724	0.05469	0.03455	0.05376	0.68921	0.04808	0.00480	0.00515	0.00779	0.00350	0.00359
7	0.16485	0.01132	0.01232	0.00989	0.01348	0.01202	0.00806	0.34512	0.03608	0.21243	0.04417	0.06167	0.01278	0.00693	0.00503	0.00164	0.00479	0.00538	0.02416	0.00788
8	0.04493	0.45780	0.24291	0.01153	0.01659	0.04102	0.03248	0.01605	0.01078	0.01425	0.00805	0.00966	0.00676	0.00504	0.00496	0.00141	0.06311	0.00337	0.00232	0.00696
9	0.31098	0.33164	0.15672	0.00947	0.01397	0.04326	0.00967	0.01588	0.01049	0.01754	0.03412	0.01010	0.00787	0.00500	0.00379	0.00143	0.00552	0.00329	0.00275	0.00651

[dist]
# distance from previous block
# <min> <max>
0	1

[block]
# block no. 3 follows, 46 sequences, length 19
# corresponding to MSA columns:
# 258-276
name=unknown_D
#
# <colnr> <probs for GDERKNQSTAVLIFYWHMCP>
#	G	D	E	R	K	N	Q	S	T	A	V	L	I	F	Y	W	H	M	C	P
0	0.01863	0.01350	0.01469	0.01159	0.01543	0.01488	0.00946	0.60598	0.09296	0.06431	0.01462	0.04758	0.01107	0.00793	0.03054	0.00185	0.00576	0.00536	0.00526	0.00860
1	0.01919	0.01447	0.01786	0.01346	0.01785	0.01558	0.11577	0.62559	0.02268	0.06456	0.01278	0.01315	0.00904	0.00609	0.00542	0.00162	0.00619	0.00499	0.00498	0.00873
2	0.00692	0.00516	0.00642	0.00660	0.00764	0.00473	0.00474	0.00859	0.01246	0.01678	0.35024	0.26603	0.20399	0.04066	0.03261	0.00217	0.00317	0.01132	0.00517	0.00460
3	0.00870	0.00569	0.00739	0.00680	0.00830	0.00518	0.00516	0.01110	0.01483	0.08128	0.68118	0.03837	0.08449	0.01060	0.00616	0.00167	0.00266	0.00931	0.00583	0.00528
4	0.00808	0.00555	0.00716	0.00667	0.00808	0.00507	0.00503	0.01046	0.01475	0.05296	0.69158	0.03944	0.10349	0.01082	0.00620	0.00167	0.00259	0.00950	0.00578	0.00512
5	0.02344	0.00945	0.01255	0.00962	0.01372	0.00844	0.00795	0.08350	0.01589	0.72608	0.02022	0.01758	0.01277	0.00653	0.00531	0.00163	0.00460	0.00527	0.00644	0.00900
6	0.05294	0.01060	0.01166	0.00952	0.01280	0.01128	0.00769	0.28023	0.15152	0.18688	0.01676	0.01643	0.01199	0.00643	0.00487	0.00156	0.00444	0.00505	0.18949	0.00785
7	0.01189	0.05148	0.12857	0.01843	0.02283	0.01379	0.44685	0.01569	0.01118	0.01567	0.00982	0.01337	0.00782	0.00713	0.04542	0.00216	0.16310	0.00543	0.00253	0.00683
8	0.10581	0.06385	0.01330	0.01102	0.04609	0.07073	0.00853	0.05328	0.21225	0.23767	0.03488	0.02994	0.01338	0.00690	0.00562	0.00169	0.04235	0.03030	0.00480	0.00763
9	0.00699	0.00514	0.00667	0.00757	0.00813	0.00498	0.00541	0.00812	0.01037	0.01363	0.02967	0.52814	0.10526	0.08601	0.00884	0.00242	0.02454	0.12907	0.00468	0.00434
10	0.06991	0.01144	0.01232	0.01020	0.01318	0.01261	0.00806	0.42930	0.09638	0.02589	0.04018	0.09433	0.01463	0.09405	0.04132	0.00234	0.00545	0.00626	0.00482	0.00733
11	0.85155	0.01022	0.00777	0.00695	0.01022	0.01186	0.00573	0.01554	0.00900	0.02372	0.00736	0.00859	0.00573	0.00491	0.00327	0.00164	0.00409	0.00286	0.00327	0.00573
12	0.01869	0.01199	0.01328	0.01049	0.01416	0.01284	0.00856	0.44801	0.09213	0.17331	0.01572	0.01535	0.01109	0.00644	0.00508	0.00157	0.00494	0.00500	0.12299	0.00836
13	0.13667	0.01392	0.01415	0.01115	0.01507	0.03987	0.00914	0.56059	0.05359	0.05546	0.01256	0.01266	0.00901	0.00615	0.00495	0.00159	0.00550	0.00452	0.02512	0.00832
14	0.00644	0.00460	0.00613	0.00736	0.00767	0.00429	0.00491	0.00736	0.01012	0.01350	0.02914	0.81076	0.03497	0.01656	0.00675	0.00215	0.00307	0.01503	0.00491	0.00429
15	0.00788	0.00553	0.00785	0.00785	0.00879	0.00629	0.00602	0.00975	0.00882	0.01321	0.01472	0.02134	0.01358	0.07520	0.64231	0.00730	0.01204	0.00567	0.12116	0.00467
16	0.00844	0.00603	0.00843	0.00965	0.01083	0.00602	0.00838	0.01082	0.01209	0.01573	0.02803	0.08750	0.03059	0.01468	0.00728	0.00242	0.00480	0.71855	0.00487	0.00485
17	0.00757	0.00561	0.00823	0.00823	0.00908	0.00646	0.00628	0.00927	0.00842	0.01208	0.01440	0.02211	0.01380	0.11482	0.71889	0.00817	0.01328	0.00586	0.00287	0.00457
18	0.61300	0.01098	0.03746	0.00807	0.01172	0.01150	0.00691	0.07396	0.01135	0.15763	0.01021	0.01064	0.00730	0.00531	0.00385	0.00163	0.00443	0.00347	0.00396	0.00662

[dist]
# distance from previous block
# <min> <max>
13	19

[block]
# block no. 4 follows, 46 sequences, length 161
# corresponding to MSA columns:
# 296-328,330-457
name=unknown_E
#
# <colnr> <probs for GDERKNQSTAVLIFYWHMCP>
#	G	D	E	R	K	N	Q	S	T	A	V	L	I	F	Y	W	H	M	C	P
0	0.01096	0.00940	0.01096	0.00783	0.01253	0.00705	0.00626	0.01331	0.01096	0.01723	0.00940	0.01096	0.00783	0.00392	0.00392	0.00078	0.00392	0.00313	0.00313	0.84653
1	0.04269	0.04283	0.64408	0.01500	0.02219	0.01276	0.07224	0.05709	0.01191	0.01782	0.00962	0.01131	0.00688	0.00504	0.00502	0.00166	0.00760	0.00406	0.00247	0.00773
2	0.00644	0.00541	0.00562	0.00570	0.00744	0.00459	0.00437	0.00789	0.01212	0.01455	0.06798	0.05126	0.70807	0.01342	0.00632	0.00183	0.00283	0.06472	0.00493	0.00450
3	0.01303	0.01263	0.02084	0.03124	0.74154	0.02955	0.01573	0.01608	0.01210	0.01709	0.01119	0.01412	0.03104	0.00498	0.00525	0.00157	0.00625	0.00487	0.00269	0.00821
4	0.00918	0.00459	0.00689	0.00689	0.00689	0.00459	0.00459	0.00689	0.00689	0.00918	0.00918	0.01607	0.00918	0.01837	0.02066	0.84619	0.00459	0.00459	0.00230	0.00230
5	0.01162	0.09989	0.63542	0.01461	0.02178	0.01340	0.04812	0.06481	0.01206	0.01742	0.00954	0.01114	0.00691	0.00504	0.00494	0.00162	0.00753	0.00396	0.00245	0.00776
6	0.01148	0.01171	0.01910	0.05933	0.05175	0.01458	0.17186	0.01355	0.00944	0.01391	0.00913	0.05287	0.00866	0.00818	0.01324	0.00213	0.51492	0.00551	0.00254	0.00611
7	0.01164	0.01227	0.04133	0.04959	0.08644	0.01472	0.12543	0.01375	0.00941	0.01404	0.00839	0.02592	0.00773	0.00783	0.01322	0.00209	0.52329	0.00500	0.00246	0.02546
8	0.01353	0.01362	0.02024	0.02852	0.62016	0.08582	0.01512	0.01627	0.01185	0.01634	0.00943	0.01258	0.00806	0.00531	0.00661	0.00164	0.09988	0.00458	0.00259	0.00786
9	0.00686	0.00538	0.00620	0.00599	0.00751	0.00472	0.00450	0.00876	0.01349	0.01769	0.41090	0.04526	0.41961	0.01212	0.00624	0.00172	0.00259	0.01037	0.00536	0.00472
10	0.01157	0.01157	0.01619	0.01388	0.01388	0.01619	0.01157	0.01272	0.00810	0.01272	0.00694	0.01157	0.00694	0.00925	0.01735	0.00231	0.80453	0.00463	0.00231	0.00578
11	0.13786	0.45955	0.22030	0.01039	0.01548	0.01695	0.01128	0.01619	0.01064	0.03259	0.00820	0.00946	0.00675	0.00485	0.00411	0.00138	0.02140	0.00320	0.00250	0.00692
12	0.01282	0.01331	0.05308	0.02888	0.60206	0.03053	0.10367	0.01616	0.01213	0.01703	0.01094	0.01557	0.00941	0.00524	0.00544	0.00164	0.00665	0.04473	0.00273	0.00796
13	0.02951	0.01366	0.13165	0.36680	0.22332	0.04221	0.02832	0.04529	0.01177	0.01602	0.01026	0.03919	0.00831	0.00549	0.00524	0.00169	0.00685	0.00486	0.00264	0.00691
14	0.09077	0.01232	0.02819	0.01047	0.01445	0.06026	0.00871	0.26849	0.01760	0.39066	0.01585	0.01486	0.01060	0.00703	0.02385	0.00177	0.00551	0.00479	0.00544	0.00842
15	0.00674	0.00534	0.00606	0.00596	0.00746	0.00466	0.00444	0.00851	0.01309	0.01695	0.33580	0.08495	0.45619	0.01254	0.00627	0.00176	0.00263	0.01073	0.00527	0.00466
16	0.00664	0.00505	0.00679	0.00742	0.00818	0.00463	0.02706	0.00781	0.01076	0.01412	0.07073	0.61941	0.16103	0.01538	0.00662	0.00205	0.00314	0.01384	0.00489	0.00444
17	0.01545	0.01512	0.01308	0.01160	0.01464	0.20716	0.00899	0.09625	0.51275	0.02090	0.01736	0.01652	0.01314	0.00667	0.00522	0.00167	0.00567	0.00522	0.00471	0.00787
18	0.00655	0.00475	0.00621	0.00728	0.00777	0.00441	0.00499	0.00763	0.01055	0.01397	0.06216	0.69355	0.08943	0.01601	0.00671	0.00211	0.00309	0.04354	0.00494	0.00436
19	0.01276	0.00816	0.00966	0.00824	0.01047	0.00819	0.00634	0.16626	0.05970	0.13543	0.33001	0.02953	0.06227	0.11895	0.00868	0.00213	0.00393	0.00756	0.00540	0.00633
20	0.63137	0.01020	0.00923	0.02538	0.01175	0.01130	0.00654	0.05539	0.01102	0.17043	0.01027	0.01073	0.00734	0.00530	0.00381	0.00164	0.00432	0.00347	0.00398	0.00652
21	0.01874	0.00977	0.01193	0.00974	0.01324	0.00973	0.00784	0.07561	0.24455	0.43051	0.09208	0.02018	0.01720	0.00712	0.00542	0.00168	0.00430	0.00588	0.00604	0.00843
22	0.01357	0.01096	0.01411	0.11647	0.14506	0.01168	0.01018	0.11699	0.23798	0.05980	0.03234	0.01594	0.01190	0.00600	0.00530	0.00156	0.02005	0.00502	0.03925	0.12583
23	0.02361	0.00917	0.01237	0.00949	0.01358	0.00802	0.00784	0.04750	0.01542	0.76275	0.02062	0.01784	0.01297	0.00654	0.00532	0.00163	0.00454	0.00530	0.00651	0.00900
24	0.01467	0.01242	0.01301	0.04171	0.01525	0.03726	0.00902	0.18061	0.56382	0.02384	0.01881	0.01773	0.01402	0.00688	0.00534	0.00174	0.00480	0.00560	0.00516	0.00833
25	0.00808	0.00635	0.00912	0.00882	0.00952	0.00764	0.00679	0.00963	0.00834	0.01206	0.01357	0.02142	0.01321	0.13813	0.59264	0.00726	0.11414	0.00580	0.00281	0.00466
26	0.82633	0.03453	0.00837	0.00702	0.01032	0.01213	0.00583	0.01555	0.00905	0.02338	0.00736	0.00858	0.00576	0.00490	0.00328	0.00162	0.00414	0.00286	0.00324	0.00576
27	0.01664	0.01311	0.01378	0.01131	0.01496	0.03162	0.00908	0.36408	0.36317	0.04499	0.01666	0.01587	0.01224	0.00661	0.00526	0.00164	0.00505	0.00523	0.00521	0.04351
28	0.37214	0.00951	0.01038	0.00837	0.01212	0.00949	0.00691	0.02146	0.01255	0.46453	0.01518	0.01403	0.00999	0.00585	0.00446	0.00164	0.00433	0.00428	0.00517	0.00762
29	0.01442	0.77722	0.02706	0.00928	0.01371	0.06007	0.00910	0.01610	0.01096	0.01246	0.00739	0.00853	0.00679	0.00457	0.00346	0.00114	0.00585	0.00286	0.00228	0.00675
30	0.82974	0.01020	0.00798	0.02755	0.01090	0.01186	0.00596	0.01549	0.00904	0.02345	0.00741	0.00873	0.00576	0.00492	0.00332	0.00164	0.00417	0.00291	0.00325	0.00573
31	0.09911	0.01437	0.01510	0.01167	0.01581	0.01596	0.00964	0.69252	0.02335	0.03241	0.01219	0.01230	0.00868	0.00621	0.00510	0.00159	0.00565	0.00458	0.00510	0.00868
32	0.01326	0.01018	0.01122	0.01004	0.01286	0.01131	0.00789	0.04179	0.54920	0.09066	0.10752	0.02415	0.03641	0.00798	0.00558	0.00179	0.00406	0.04078	0.00550	0.00781
33	0.00646	0.00536	0.00565	0.00558	0.00727	0.00455	0.00418	0.00799	0.01254	0.01545	0.17650	0.04895	0.65541	0.01295	0.00625	0.00176	0.00265	0.01089	0.00506	0.00455
34	0.00651	0.00525	0.00580	0.00591	0.00736	0.00454	0.00434	0.00800	0.01230	0.01546	0.18632	0.16473	0.52819	0.01339	0.00632	0.00182	0.00270	0.01145	0.00508	0.00454
35	0.01843	0.00785	0.01037	0.00836	0.01163	0.00681	0.00675	0.02042	0.01455	0.54472	0.13566	0.04137	0.13270	0.00837	0.00562	0.00167	0.00391	0.00699	0.00616	0.00765
36	0.02010	0.01481	0.01587	0.01216	0.01639	0.01639	0.01005	0.76360	0.02486	0.03332	0.01269	0.01269	0.00899	0.00635	0.00529	0.00159	0.00582	0.00476	0.00529	0.00899
37	0.01062	0.00566	0.00574	0.00547	0.00692	0.00578	0.00417	0.06829	0.01211	0.02072	0.01691	0.01919	0.01321	0.00617	0.00381	0.00126	0.00271	0.00491	0.78111	0.00523
38	0.02010	0.01481	0.01587	0.01216	0.01639	0.01639	0.01005	0.76360	0.02486	0.03332	0.01269	0.01269	0.00899	0.00635	0.00529	0.00159	0.00582	0.00476	0.00529	0.00899
39	0.01060	0.02735	0.78682	0.01507	0.02288	0.01228	0.01953	0.01674	0.01116	0.01674	0.00949	0.01116	0.00670	0.00502	0.00502	0.00167	0.00781	0.00391	0.00223	0.00781
40	0.68005	0.01033	0.02385	0.00757	0.01108	0.01110	0.00638	0.01748	0.01019	0.16615	0.00993	0.01040	0.00712	0.00522	0.00369	0.00164	0.00424	0.00334	0.00386	0.00638
41	0.01315	0.01136	0.01195	0.01076	0.01375	0.01315	0.00837	0.02809	0.77168	0.02211	0.02152	0.01972	0.01614	0.00717	0.00538	0.00179	0.00418	0.00598	0.00538	0.00837
42	0.01405	0.75302	0.07288	0.00947	0.01419	0.02030	0.00969	0.03181	0.01107	0.01314	0.00759	0.00873	0.00683	0.00459	0.00353	0.00117	0.00579	0.00293	0.00232	0.00689
43	0.00625	0.00536	0.00536	0.00536	0.00714	0.00446	0.00402	0.00759	0.01205	0.01428	0.05355	0.05088	0.77909	0.01339	0.00625	0.00179	0.00268	0.01116	0.00491	0.00446
44	0.01034	0.00930	0.01414	0.03432	0.38734	0.00911	0.01071	0.02868	0.02632	0.01732	0.13271	0.02900	0.22508	0.00840	0.00573	0.00168	0.00467	0.03459	0.00388	0.00666
45	0.00652	0.00482	0.00610	0.00694	0.00760	0.00440	0.00476	0.00769	0.01099	0.01448	0.11613	0.59595	0.16348	0.01539	0.00661	0.00203	0.00294	0.01376	0.00501	0.00440
46	0.00902	0.00465	0.00677	0.00677	0.00677	0.00465	0.00444	0.00697	0.00697	0.00930	0.00999	0.01807	0.01027	0.10425	0.02134	0.75542	0.00465	0.00493	0.00239	0.00239
47	0.01171	0.01160	0.01621	0.01454	0.04788	0.01588	0.01161	0.01366	0.04699	0.01340	0.00781	0.01205	0.00747	0.00895	0.01621	0.00225	0.72857	0.00470	0.00248	0.00603
48	0.71693	0.01002	0.00850	0.00735	0.01076	0.01119	0.00606	0.01720	0.00999	0.14750	0.00956	0.01012	0.00692	0.00517	0.00360	0.00164	0.00416	0.00326	0.00380	0.00626
49	0.01349	0.05319	0.02066	0.07445	0.63337	0.02999	0.01512	0.01648	0.01209	0.05071	0.01056	0.01391	0.00880	0.00502	0.00517	0.00157	0.00626	0.01832	0.00280	0.00806
50	0.01617	0.04856	0.01433	0.01128	0.01487	0.01488	0.00912	0.34222	0.41844	0.02648	0.01711	0.01622	0.01267	0.00670	0.00525	0.00168	0.00495	0.00532	0.00520	0.00856
51	0.85155	0.01022	0.00777	0.00695	0.01022	0.01186	0.00573	0.01554	0.00900	0.02372	0.00736	0.00859	0.00573	0.00491	0.00327	0.00164	0.00409	0.00286	0.00327	0.00573
52	0.01296	0.01257	0.02079	0.10229	0.69530	0.03072	0.01594	0.01609	0.01197	0.01683	0.00985	0.01309	0.00822	0.00478	0.00523	0.00158	0.00643	0.00468	0.00259	0.00809
53	0.01098	0.04780	0.16072	0.00970	0.01280	0.16402	0.00895	0.04284	0.01279	0.01577	0.06809	0.12425	0.22520	0.00944	0.00551	0.00167	0.00536	0.02193	0.04643	0.00576
54	0.00668	0.00478	0.00632	0.00718	0.00768	0.00446	0.00489	0.00792	0.01110	0.01506	0.18696	0.63371	0.03782	0.03010	0.00701	0.00210	0.00298	0.01374	0.00507	0.00442
55	0.83135	0.01019	0.00788	0.00701	0.01030	0.01176	0.00578	0.01579	0.00915	0.04229	0.00769	0.00882	0.00590	0.00495	0.00332	0.00164	0.00410	0.00292	0.00335	0.00581
56	0.01526	0.03142	0.01422	0.01227	0.01454	0.28459	0.00965	0.06721	0.24333	0.01736	0.05191	0.01478	0.01202	0.00711	0.00776	0.00172	0.17939	0.00484	0.00375	0.00687
57	0.00818	0.00556	0.00729	0.00677	0.00814	0.00511	0.00511	0.01066	0.01497	0.05424	0.74566	0.03856	0.04829	0.01062	0.00620	0.00166	0.00258	0.00938	0.00585	0.00516
58	0.01413	0.81739	0.02770	0.00905	0.01357	0.02092	0.00905	0.01583	0.01074	0.01244	0.00735	0.00848	0.00678	0.00452	0.00339	0.00113	0.00565	0.00283	0.00226	0.00678
59	0.01315	0.01136	0.01195	0.01076	0.01375	0.01315	0.00837	0.02809	0.77168	0.02211	0.02152	0.01972	0.01614	0.00717	0.00538	0.00179	0.00418	0.00598	0.00538	0.00837
60	0.01975	0.02520	0.01498	0.01362	0.01634	0.79299	0.01021	0.02111	0.01498	0.01294	0.00817	0.00953	0.00681	0.00545	0.00477	0.00136	0.00953	0.00340	0.00272	0.00613
61	0.01248	0.01426	0.03119	0.02228	0.02763	0.01337	0.76203	0.01693	0.01248	0.01693	0.01070	0.01426	0.00802	0.00446	0.00624	0.00178	0.00891	0.00624	0.00267	0.00713
62	0.00644	0.00460	0.00613	0.00736	0.00767	0.00429	0.00491	0.00736	0.01012	0.01350	0.02914	0.81076	0.03497	0.01656	0.00675	0.00215	0.00307	0.01503	0.00491	0.00429
63	0.01308	0.01256	0.02146	0.03245	0.78123	0.01256	0.01622	0.01622	0.01204	0.01727	0.00994	0.01308	0.00837	0.00471	0.00523	0.00157	0.00628	0.00471	0.00262	0.00837
64	0.01975	0.02520	0.01498	0.01362	0.01634	0.79299	0.01021	0.02111	0.01498	0.01294	0.00817	0.00953	0.00681	0.00545	0.00477	0.00136	0.00953	0.00340	0.00272	0.00613
65	0.01646	0.01882	0.01420	0.01275	0.01516	0.43232	0.00983	0.02208	0.25285	0.01580	0.01220	0.01305	0.00977	0.00655	0.00681	0.00164	0.12501	0.00440	0.00350	0.00678
66	0.00852	0.00608	0.00852	0.00974	0.01095	0.00608	0.00852	0.01095	0.01217	0.01582	0.02799	0.05963	0.03042	0.01460	0.00730	0.00243	0.00487	0.74565	0.00487	0.00487
67	0.02275	0.00909	0.01217	0.00941	0.01337	0.00804	0.00774	0.04743	0.03212	0.71590	0.04991	0.01870	0.01445	0.00672	0.00535	0.00164	0.00445	0.00548	0.00645	0.00883
68	0.01798	0.13031	0.01457	0.00999	0.01372	0.01217	0.00828	0.05308	0.31352	0.34055	0.01880	0.01706	0.01320	0.00648	0.00505	0.00162	0.00460	0.00519	0.00540	0.00842
69	0.00656	0.00526	0.00585	0.00593	0.00739	0.00456	0.00436	0.00810	0.01245	0.01575	0.21569	0.15217	0.51089	0.01323	0.00631	0.00181	0.00269	0.01132	0.00512	0.00456
70	0.02010	0.01481	0.01587	0.01216	0.01639	0.01639	0.01005	0.76360	0.02486	0.03332	0.01269	0.01269	0.00899	0.00635	0.00529	0.00159	0.00582	0.00476	0.00529	0.00899
71	0.01096	0.00940	0.01096	0.00783	0.01253	0.00705	0.00626	0.01331	0.01096	0.01723	0.00940	0.01096	0.00783	0.00392	0.00392	0.00078	0.00392	0.00313	0.00313	0.84653
72	0.01937	0.07916	0.01585	0.01331	0.01615	0.74039	0.01013	0.02075	0.01469	0.01290	0.00812	0.00946	0.00681	0.00538	0.00467	0.00135	0.00927	0.00337	0.00269	0.00617
73	0.82716	0.01019	0.00790	0.00702	0.01032	0.01174	0.00579	0.01584	0.00918	0.04614	0.00776	0.00886	0.00594	0.00496	0.00333	0.00164	0.00410	0.00293	0.00337	0.00582
74	0.00998	0.00940	0.01586	0.80150	0.03641	0.01175	0.01468	0.01351	0.01057	0.01351	0.00940	0.01409	0.00705	0.00529	0.00529	0.00176	0.00705	0.00470	0.00235	0.00587
75	0.00769	0.00513	0.00577	0.00577	0.00577	0.00513	0.00320	0.00769	0.00769	0.01025	0.01666	0.03460	0.01922	0.81421	0.02691	0.00513	0.00513	0.00769	0.00320	0.00320
76	0.00636	0.00503	0.00574	0.00626	0.00739	0.00440	0.00443	0.00754	0.01128	0.01410	0.05982	0.38259	0.43696	0.01471	0.00647	0.00194	0.00284	0.01281	0.00493	0.00440
77	0.02356	0.00925	0.01243	0.00953	0.01362	0.00815	0.00787	0.05847	0.01556	0.75158	0.02049	0.01776	0.01290	0.00653	0.00532	0.00163	0.00456	0.00529	0.00649	0.00900
78	0.02372	0.00900	0.01227	0.00941	0.01350	0.00777	0.00777	0.02576	0.01513	0.78489	0.02086	0.01799	0.01309	0.00654	0.00532	0.00164	0.00450	0.00532	0.00654	0.00900
79	0.02372	0.00900	0.01227	0.00941	0.01350	0.00777	0.00777	0.02576	0.01513	0.78489	0.02086	0.01799	0.01309	0.00654	0.00532	0.00164	0.00450	0.00532	0.00654	0.00900
80	0.02372	0.00900	0.01227	0.00941	0.01350	0.00777	0.00777	0.02576	0.01513	0.78489	0.02086	0.01799	0.01309	0.00654	0.00532	0.00164	0.00450	0.00532	0.00654	0.00900
81	0.00769	0.00513	0.00577	0.00577	0.00577	0.00513	0.00320	0.00769	0.00769	0.01025	0.01666	0.03460	0.01922	0.81421	0.02691	0.00513	0.00513	0.00769	0.00320	0.00320
82	0.01315	0.01136	0.01195	0.01076	0.01375	0.01315	0.00837	0.02809	0.77168	0.02211	0.02152	0.01972	0.01614	0.00717	0.00538	0.00179	0.00418	0.00598	0.00538	0.00837
83	0.02372	0.00900	0.01227	0.00941	0.01350	0.00777	0.00777	0.02576	0.01513	0.78489	0.02086	0.01799	0.01309	0.00654	0.00532	0.00164	0.00450	0.00532	0.00654	0.00900
84	0.01413	0.81739	0.02770	0.00905	0.01357	0.02092	0.00905	0.01583	0.01074	0.01244	0.00735	0.00848	0.00678	0.00452	0.00339	0.00113	0.00565	0.00283	0.00226	0.00678
85	0.00748	0.00540	0.00707	0.00665	0.00790	0.00499	0.00499	0.00998	0.01496	0.02120	0.77844	0.03949	0.04988	0.01081	0.00624	0.00166	0.00249	0.00956	0.00582	0.00499
86	0.01308	0.01256	0.02146	0.03245	0.78123	0.01256	0.01622	0.01622	0.01204	0.01727	0.00994	0.01308	0.00837	0.00471	0.00523	0.00157	0.00628	0.00471	0.00262	0.00837
87	0.00729	0.00538	0.00681	0.00650	0.00779	0.00490	0.00486	0.00959	0.01445	0.02008	0.66211	0.06101	0.14698	0.01130	0.00625	0.00169	0.00253	0.00992	0.00567	0.00490
88	0.00918	0.00459	0.00689	0.00689	0.00689	0.00459	0.00459	0.00689	0.00689	0.00918	0.00918	0.01607	0.00918	0.01837	0.02066	0.84619	0.00459	0.00459	0.00230	0.00230
89	0.01060	0.02735	0.78682	0.01507	0.02288	0.01228	0.01953	0.01674	0.01116	0.01674	0.00949	0.01116	0.00670	0.00502	0.00502	0.00167	0.00781	0.00391	0.00223	0.00781
90	0.00637	0.00533	0.00554	0.00556	0.00723	0.00450	0.00414	0.00779	0.01222	0.01486	0.11643	0.08355	0.68177	0.01330	0.00627	0.00179	0.00268	0.01119	0.00499	0.00450
91	0.00733	0.00538	0.00687	0.00653	0.00781	0.00492	0.00489	0.00966	0.01454	0.02029	0.68489	0.05949	0.12523	0.01122	0.00625	0.00169	0.00253	0.00986	0.00570	0.00492
92	0.00755	0.00566	0.00850	0.00850	0.00944	0.00661	0.00661	0.00944	0.00850	0.01227	0.01416	0.02077	0.01322	0.03965	0.79326	0.00850	0.01416	0.00566	0.00283	0.00472
93	0.09830	0.01316	0.01499	0.01165	0.01562	0.01421	0.04954	0.53247	0.02083	0.10899	0.01386	0.05806	0.01052	0.00671	0.00523	0.00164	0.00553	0.00530	0.00507	0.00832
94	0.01308	0.01256	0.02146	0.03245	0.78123	0.01256	0.01622	0.01622	0.01204	0.01727	0.00994	0.01308	0.00837	0.00471	0.00523	0.00157	0.00628	0.00471	0.00262	0.00837
95	0.01413	0.81739	0.02770	0.00905	0.01357	0.02092	0.00905	0.01583	0.01074	0.01244	0.00735	0.00848	0.00678	0.00452	0.00339	0.00113	0.00565	0.00283	0.00226	0.00678
96	0.68499	0.01167	0.00935	0.00807	0.01146	0.05214	0.00660	0.12773	0.01167	0.02461	0.00820	0.00925	0.00627	0.00515	0.00365	0.00161	0.00462	0.00317	0.00355	0.00623
97	0.01935	0.01383	0.01664	0.01269	0.01691	0.01483	0.08111	0.58086	0.03664	0.11439	0.01392	0.03036	0.01004	0.00642	0.00541	0.00163	0.00588	0.00520	0.00517	0.00870
98	0.00850	0.00563	0.00739	0.00682	0.00825	0.00516	0.00516	0.01096	0.01497	0.06897	0.73106	0.03814	0.04758	0.01054	0.00618	0.00166	0.00262	0.00930	0.00586	0.00524
99	0.01308	0.01256	0.02146	0.03245	0.78123	0.01256	0.01622	0.01622	0.01204	0.01727	0.00994	0.01308	0.00837	0.00471	0.00523	0.00157	0.00628	0.00471	0.00262	0.00837
100	0.03621	0.02644	0.74705	0.01470	0.02230	0.01217	0.01887	0.01690	0.01118	0.03312	0.00966	0.01123	0.00680	0.00505	0.00498	0.00167	0.00763	0.00390	0.00235	0.00777
101	0.00731	0.00540	0.00683	0.00647	0.00779	0.00491	0.00485	0.00964	0.01456	0.02023	0.67673	0.04109	0.15220	0.01117	0.00624	0.00168	0.00252	0.00978	0.00569	0.00491
102	0.01424	0.01218	0.01197	0.01027	0.01314	0.10692	0.00798	0.25897	0.15242	0.02250	0.08974	0.16177	0.01855	0.00845	0.00547	0.00163	0.00498	0.00699	0.00477	0.08707
103	0.01278	0.01258	0.01914	0.26613	0.48012	0.07047	0.01517	0.03149	0.01208	0.01613	0.00970	0.01312	0.00786	0.00498	0.00522	0.00161	0.00675	0.00461	0.00260	0.00745
104	0.01056	0.00610	0.00798	0.00711	0.00894	0.00550	0.00547	0.01290	0.01484	0.16879	0.59183	0.03595	0.08281	0.01012	0.00606	0.00166	0.00289	0.00883	0.00591	0.00574
105	0.00852	0.00608	0.00852	0.00974	0.01095	0.00608	0.00852	0.01095	0.01217	0.01582	0.02799	0.05963	0.03042	0.01460	0.00730	0.00243	0.00487	0.74565	0.00487	0.00487
106	0.01228	0.01567	0.11274	0.02150	0.02712	0.01325	0.68190	0.01691	0.01234	0.01691	0.01056	0.01393	0.00788	0.00452	0.00611	0.00177	0.00879	0.00599	0.00263	0.00720
107	0.00644	0.00460	0.00613	0.00736	0.00767	0.00429	0.00491	0.00736	0.01012	0.01350	0.02914	0.81076	0.03497	0.01656	0.00675	0.00215	0.00307	0.01503	0.00491	0.00429
108	0.01298	0.01241	0.02116	0.03193	0.76366	0.01241	0.01605	0.01610	0.01204	0.01724	0.01036	0.01415	0.00888	0.00494	0.00528	0.00159	0.00625	0.02161	0.00267	0.00829
109	0.85155	0.01022	0.00777	0.00695	0.01022	0.01186	0.00573	0.01554	0.00900	0.02372	0.00736	0.00859	0.00573	0.00491	0.00327	0.00164	0.00409	0.00286	0.00327	0.00573
110	0.01157	0.01157	0.01619	0.01388	0.01388	0.01619	0.01157	0.01272	0.00810	0.01272	0.00694	0.01157	0.00694	0.00925	0.01735	0.00231	0.80453	0.00463	0.00231	0.00578
111	0.01308	0.01256	0.02146	0.03245	0.78123	0.01256	0.01622	0.01622	0.01204	0.01727	0.00994	0.01308	0.00837	0.00471	0.00523	0.00157	0.00628	0.00471	0.00262	0.00837
112	0.02010	0.01481	0.01587	0.01216	0.01639	0.01639	0.01005	0.76360	0.02486	0.03332	0.01269	0.01269	0.00899	0.00635	0.00529	0.00159	0.00582	0.00476	0.00529	0.00899
113	0.02372	0.00900	0.01227	0.00941	0.01350	0.00777	0.00777	0.02576	0.01513	0.78489	0.02086	0.01799	0.01309	0.00654	0.00532	0.00164	0.00450	0.00532	0.00654	0.00900
114	0.00748	0.00540	0.00707	0.00665	0.00790	0.00499	0.00499	0.00998	0.01496	0.02120	0.77844	0.03949	0.04988	0.01081	0.00624	0.00166	0.00249	0.00956	0.00582	0.00499
115	0.01315	0.01136	0.01195	0.01076	0.01375	0.01315	0.00837	0.02809	0.77168	0.02211	0.02152	0.01972	0.01614	0.00717	0.00538	0.00179	0.00418	0.00598	0.00538	0.00837
116	0.01026	0.00554	0.00721	0.00690	0.00753	0.00567	0.00486	0.07245	0.00935	0.01359	0.01128	0.01660	0.01014	0.01462	0.01556	0.58560	0.00422	0.00468	0.19050	0.00345
117	0.00644	0.00460	0.00613	0.00736	0.00767	0.00429	0.00491	0.00736	0.01012	0.01350	0.02914	0.81076	0.03497	0.01656	0.00675	0.00215	0.00307	0.01503	0.00491	0.00429
118	0.01007	0.04612	0.00608	0.00514	0.00653	0.00574	0.00397	0.01250	0.01107	0.01934	0.01674	0.01914	0.01321	0.00608	0.00368	0.00123	0.00263	0.00482	0.80090	0.00502
119	0.00769	0.00513	0.00577	0.00577	0.00577	0.00513	0.00320	0.00769	0.00769	0.01025	0.01666	0.03460	0.01922	0.81421	0.02691	0.00513	0.00513	0.00769	0.00320	0.00320
120	0.01745	0.01176	0.01309	0.01083	0.01441	0.01281	0.00869	0.22747	0.39624	0.19904	0.01897	0.01742	0.01350	0.00680	0.00534	0.00170	0.00470	0.00550	0.00562	0.00868
121	0.01113	0.00921	0.01115	0.00829	0.01235	0.00746	0.01945	0.04405	0.01111	0.01697	0.00985	0.02638	0.00849	0.00575	0.00594	0.08123	0.02118	0.00364	0.00315	0.68321
122	0.01881	0.15861	0.01714	0.01282	0.01588	0.64917	0.01001	0.03323	0.01444	0.01321	0.00811	0.00941	0.00684	0.00531	0.00454	0.00133	0.00881	0.00333	0.00269	0.00629
123	0.02010	0.01481	0.01587	0.01216	0.01639	0.01639	0.01005	0.76360	0.02486	0.03332	0.01269	0.01269	0.00899	0.00635	0.00529	0.00159	0.00582	0.00476	0.00529	0.00899
124	0.01101	0.09130	0.69034	0.01438	0.02171	0.01302	0.01818	0.01717	0.04484	0.01663	0.00985	0.01132	0.00712	0.00508	0.00490	0.00163	0.00748	0.00391	0.00237	0.00775
125	0.01234	0.01440	0.06221	0.11143	0.09947	0.03208	0.55451	0.01657	0.01222	0.01647	0.01036	0.01387	0.00785	0.00462	0.00594	0.00174	0.00842	0.00574	0.00261	0.00711
126	0.00649	0.00542	0.00569	0.00577	0.00749	0.00462	0.00443	0.00797	0.01218	0.01470	0.08142	0.05113	0.68679	0.01338	0.00633	0.00183	0.00285	0.07204	0.00494	0.00452
127	0.00629	0.00536	0.00541	0.00539	0.00716	0.00448	0.00405	0.00766	0.01214	0.01449	0.07539	0.05053	0.75713	0.01331	0.00625	0.00178	0.00267	0.01111	0.00494	0.00448
128	0.01315	0.01136	0.01195	0.01076	0.01375	0.01315	0.00837	0.02809	0.77168	0.02211	0.02152	0.01972	0.01614	0.00717	0.00538	0.00179	0.00418	0.00598	0.00538	0.00837
129	0.02290	0.00916	0.01225	0.00944	0.01343	0.00811	0.00778	0.06332	0.01563	0.71649	0.04972	0.01855	0.01430	0.00670	0.00535	0.00163	0.00449	0.00545	0.00645	0.00884
130	0.02010	0.01481	0.01587	0.01216	0.01639	0.01639	0.01005	0.76360	0.02486	0.03332	0.01269	0.01269	0.00899	0.00635	0.00529	0.00159	0.00582	0.00476	0.00529	0.00899
131	0.01308	0.01256	0.02146	0.03245	0.78123	0.01256	0.01622	0.01622	0.01204	0.01727	0.00994	0.01308	0.00837	0.00471	0.00523	0.00157	0.00628	0.00471	0.00262	0.00837
132	0.01413	0.81739	0.02770	0.00905	0.01357	0.02092	0.00905	0.01583	0.01074	0.01244	0.00735	0.00848	0.00678	0.00452	0.00339	0.00113	0.00565	0.00283	0.00226	0.00678
133	0.85155	0.01022	0.00777	0.00695	0.01022	0.01186	0.00573	0.01554	0.00900	0.02372	0.00736	0.00859	0.00573	0.00491	0.00327	0.00164	0.00409	0.00286	0.00327	0.00573
134	0.01794	0.01374	0.01465	0.01173	0.01557	0.01539	0.00953	0.53562	0.25635	0.02984	0.01543	0.01487	0.01121	0.00660	0.00532	0.00165	0.00531	0.00514	0.00532	0.00880
135	0.00648	0.00534	0.00572	0.00594	0.00752	0.00459	0.00449	0.00788	0.01192	0.01446	0.06339	0.12761	0.62936	0.01375	0.00638	0.00187	0.00289	0.07099	0.00492	0.00449
136	0.01010	0.00952	0.01607	0.77177	0.06520	0.01178	0.01474	0.01361	0.01063	0.01365	0.00942	0.01406	0.00710	0.00526	0.00528	0.00175	0.00702	0.00470	0.00236	0.00597
137	0.00757	0.00567	0.00673	0.00648	0.00801	0.00516	0.00489	0.01005	0.04270	0.03423	0.42596	0.07185	0.31350	0.01181	0.00623	0.00174	0.00274	0.02427	0.00543	0.00498
138	0.00918	0.00459	0.00689	0.00689	0.00689	0.00459	0.00459	0.00689	0.00689	0.00918	0.00918	0.01607	0.00918	0.01837	0.02066	0.84619	0.00459	0.00459	0.00230	0.00230
139	0.01975	0.02520	0.01498	0.01362	0.01634	0.79299	0.01021	0.02111	0.01498	0.01294	0.00817	0.00953	0.00681	0.00545	0.00477	0.00136	0.00953	0.00340	0.00272	0.00613
140	0.00625	0.00536	0.00536	0.00536	0.00714	0.00446	0.00402	0.00759	0.01205	0.01428	0.05355	0.05088	0.77909	0.01339	0.00625	0.00179	0.00268	0.01116	0.00491	0.00446
141	0.01953	0.05582	0.01547	0.01344	0.01624	0.76314	0.01017	0.02091	0.01482	0.01292	0.00814	0.00949	0.00681	0.00541	0.00471	0.00135	0.00938	0.00338	0.00271	0.00615
142	0.00748	0.00540	0.00707	0.00665	0.00790	0.00499	0.00499	0.00998	0.01496	0.02120	0.77844	0.03949	0.04988	0.01081	0.00624	0.00166	0.00249	0.00956	0.00582	0.00499
143	0.00998	0.00940	0.01586	0.80150	0.03641	0.01175	0.01468	0.01351	0.01057	0.01351	0.00940	0.01409	0.00705	0.00529	0.00529	0.00176	0.00705	0.00470	0.00235	0.00587
144	0.00755	0.00566	0.00850	0.00850	0.00944	0.00661	0.00661	0.00944	0.00850	0.01227	0.01416	0.02077	0.01322	0.03965	0.79326	0.00850	0.01416	0.00566	0.00283	0.00472
145	0.01159	0.01164	0.01658	0.01410	0.01424	0.01612	0.03102	0.01283	0.00821	0.01283	0.00704	0.01164	0.00697	0.00913	0.01706	0.00230	0.78391	0.00467	0.00232	0.00582
146	0.00679	0.00485	0.00650	0.00770	0.00815	0.00459	0.00544	0.00794	0.01040	0.01380	0.02870	0.67622	0.03393	0.03233	0.00724	0.00225	0.00339	0.13053	0.00487	0.00436
147	0.01471	0.71513	0.04146	0.00950	0.01406	0.02026	0.00936	0.09655	0.01227	0.01478	0.00797	0.00899	0.00702	0.00473	0.00363	0.00119	0.00571	0.00306	0.00259	0.00704
148	0.01060	0.02735	0.78682	0.01507	0.02288	0.01228	0.01953	0.01674	0.01116	0.01674	0.00949	0.01116	0.00670	0.00502	0.00502	0.00167	0.00781	0.00391	0.00223	0.00781
149	0.01413	0.81739	0.02770	0.00905	0.01357	0.02092	0.00905	0.01583	0.01074	0.01244	0.00735	0.00848	0.00678	0.00452	0.00339	0.00113	0.00565	0.00283	0.00226	0.00678
150	0.01103	0.00946	0.01099	0.00792	0.01257	0.00723	0.00633	0.01376	0.03387	0.01737	0.00976	0.01123	0.00808	0.00401	0.00396	0.00081	0.00392	0.00322	0.00320	0.82129
