[name]
unknown

[dist]
# distance from previous block
# <min> <max>
2	135

[block]
# block no. 0 follows, 45 sequences, length 102
# corresponding to MSA columns:
# 157-213,259-303
name=unknown_A
#
# <colnr> <probs for GDERKNQSTAVLIFYWHMCP>
#	G	D	E	R	K	N	Q	S	T	A	V	L	I	F	Y	W	H	M	C	P
0	0.10943	0.02927	0.06459	0.02693	0.01360	0.04649	0.02456	0.15266	0.04015	0.07671	0.03215	0.17231	0.01591	0.03093	0.06685	0.00239	0.03740	0.02107	0.00421	0.03240
1	0.09613	0.04740	0.07033	0.11443	0.01802	0.02934	0.03316	0.22277	0.11064	0.08811	0.05247	0.01577	0.02639	0.00628	0.00510	0.00163	0.00557	0.00501	0.00432	0.04714
2	0.06935	0.05064	0.56487	0.01395	0.02064	0.01272	0.03949	0.04526	0.07053	0.01831	0.01209	0.01330	0.03456	0.00557	0.00504	0.00169	0.00709	0.00438	0.00281	0.00770
3	0.09890	0.42027	0.21648	0.01059	0.01563	0.04553	0.01132	0.03577	0.01156	0.03000	0.02586	0.01074	0.00815	0.00508	0.00407	0.00139	0.00608	0.00350	0.03206	0.00701
4	0.08576	0.09381	0.03440	0.02652	0.01411	0.01016	0.04275	0.07177	0.01257	0.07457	0.05001	0.04191	0.01127	0.00542	0.00447	0.00122	0.00467	0.00439	0.00366	0.40656
5	0.05411	0.04288	0.55691	0.01519	0.04943	0.01295	0.04352	0.05582	0.01186	0.01792	0.00992	0.01237	0.00749	0.00554	0.00578	0.00172	0.05315	0.01838	0.00259	0.02248
6	0.00741	0.00639	0.04636	0.00837	0.00937	0.00544	0.00650	0.00947	0.03752	0.01500	0.06756	0.57032	0.03338	0.01524	0.00678	0.00217	0.00368	0.13932	0.00490	0.00482
7	0.19167	0.07471	0.06813	0.10204	0.20648	0.04312	0.03748	0.04816	0.02774	0.01861	0.04985	0.05641	0.01174	0.00687	0.02015	0.00180	0.00596	0.01899	0.00324	0.00684
8	0.08602	0.33075	0.35069	0.01193	0.01762	0.03018	0.02993	0.01614	0.01102	0.01569	0.00961	0.05052	0.00824	0.00548	0.00441	0.00150	0.00656	0.00406	0.00253	0.00711
9	0.00747	0.00510	0.00612	0.00649	0.00669	0.00499	0.00401	0.00795	0.00904	0.01211	0.06096	0.25169	0.02601	0.52037	0.01983	0.00408	0.00447	0.03496	0.00393	0.00371
10	0.00917	0.00799	0.04932	0.00884	0.01052	0.02223	0.00726	0.07702	0.03293	0.01785	0.16489	0.26520	0.07714	0.02796	0.02044	0.00220	0.00431	0.18441	0.00494	0.00538
11	0.14014	0.22093	0.31790	0.05229	0.01901	0.06282	0.04554	0.03980	0.01167	0.03189	0.00905	0.01062	0.00695	0.00504	0.00448	0.00154	0.00680	0.00370	0.00267	0.00717
12	0.00804	0.00586	0.00815	0.00805	0.00886	0.00660	0.00595	0.02918	0.00887	0.01253	0.01496	0.02432	0.01480	0.22884	0.58170	0.00760	0.01190	0.00623	0.00303	0.00453
13	0.00726	0.00526	0.00700	0.00813	0.00890	0.00501	0.00618	0.00877	0.01117	0.01460	0.03137	0.48085	0.09914	0.01584	0.00700	0.00225	0.00372	0.26800	0.00497	0.00458
14	0.01339	0.37715	0.36255	0.01242	0.01829	0.10268	0.01405	0.01708	0.01157	0.01463	0.00852	0.00994	0.00685	0.00492	0.00434	0.00142	0.00715	0.00342	0.00234	0.00728
15	0.01727	0.01550	0.01683	0.13261	0.12776	0.15141	0.02626	0.36827	0.03550	0.02396	0.01164	0.01369	0.00891	0.00603	0.00533	0.00162	0.00683	0.01863	0.00402	0.00793
16	0.00672	0.00485	0.00651	0.03179	0.00858	0.00464	0.00520	0.00768	0.01016	0.01353	0.02830	0.74247	0.03378	0.05852	0.00789	0.00233	0.00335	0.01454	0.00481	0.00435
17	0.01344	0.01342	0.02048	0.13292	0.61493	0.07859	0.01575	0.01653	0.01228	0.01666	0.00987	0.01312	0.00819	0.00492	0.00528	0.00160	0.00676	0.00467	0.00263	0.00797
18	0.02005	0.02558	0.01521	0.01383	0.01659	0.78980	0.01037	0.02143	0.01521	0.01314	0.00830	0.00968	0.00691	0.00553	0.00484	0.00138	0.00968	0.00346	0.00277	0.00622
19	0.00778	0.00573	0.00806	0.00802	0.00871	0.00651	0.00591	0.00919	0.00841	0.01194	0.01489	0.02454	0.01487	0.23933	0.57732	0.00762	0.02752	0.00626	0.00296	0.00442
20	0.01077	0.02777	0.78354	0.01530	0.02323	0.01247	0.01983	0.01700	0.01133	0.01700	0.00963	0.01133	0.00680	0.00510	0.00510	0.00170	0.00793	0.00397	0.00227	0.00793
21	0.01242	0.01187	0.02023	0.24312	0.57445	0.01253	0.01604	0.01572	0.01181	0.01649	0.00994	0.01357	0.00813	0.00494	0.00533	0.00165	0.00659	0.00478	0.00258	0.00781
22	0.01697	0.05593	0.05364	0.01117	0.01499	0.01419	0.00951	0.51104	0.04036	0.04034	0.03257	0.09125	0.04798	0.00771	0.00542	0.00165	0.00537	0.00613	0.02569	0.00808
23	0.84927	0.01038	0.00789	0.00706	0.01038	0.01204	0.00581	0.01578	0.00914	0.02408	0.00747	0.00872	0.00581	0.00498	0.00332	0.00166	0.00415	0.00291	0.00332	0.00581
24	0.00758	0.00546	0.00713	0.00675	0.00797	0.00505	0.00502	0.01003	0.01494	0.02113	0.74380	0.05512	0.04967	0.02856	0.00680	0.00177	0.00260	0.00978	0.00583	0.00501
25	0.01113	0.00954	0.01113	0.00795	0.01272	0.00716	0.00636	0.01352	0.01113	0.01749	0.00954	0.01113	0.00795	0.00398	0.00398	0.00080	0.00398	0.00318	0.00318	0.84417
26	0.01185	0.01175	0.04498	0.19067	0.46044	0.01178	0.01446	0.01592	0.06616	0.01688	0.03036	0.03361	0.05579	0.00601	0.00544	0.00168	0.00607	0.00556	0.00304	0.00754
27	0.67989	0.14606	0.01155	0.00765	0.01117	0.04085	0.00654	0.01603	0.00965	0.02178	0.00750	0.00874	0.00603	0.00494	0.00340	0.00157	0.00461	0.00292	0.00313	0.00601
28	0.02401	0.00926	0.01254	0.00961	0.01377	0.00808	0.00794	0.04187	0.01558	0.76558	0.02100	0.01816	0.01320	0.00664	0.00540	0.00166	0.00460	0.00539	0.00662	0.00914
29	0.84927	0.01038	0.00789	0.00706	0.01038	0.01204	0.00581	0.01578	0.00914	0.02408	0.00747	0.00872	0.00581	0.00498	0.00332	0.00166	0.00415	0.00291	0.00332	0.00581
30	0.01310	0.01222	0.05121	0.01112	0.01436	0.01313	0.00908	0.02751	0.71114	0.02202	0.02139	0.02058	0.01626	0.00736	0.00549	0.00183	0.00445	0.02407	0.00529	0.00838
31	0.05854	0.72770	0.05327	0.00939	0.01399	0.03675	0.00940	0.01620	0.01092	0.01340	0.00756	0.00873	0.00683	0.00465	0.00353	0.00120	0.00582	0.00292	0.00236	0.00685
32	0.02001	0.01484	0.01589	0.01227	0.01650	0.01646	0.01011	0.71883	0.06702	0.03319	0.01339	0.01329	0.00954	0.00649	0.00538	0.00162	0.00581	0.00490	0.00538	0.00909
33	0.07321	0.51688	0.19295	0.01068	0.01582	0.01826	0.01142	0.06399	0.01175	0.01578	0.00828	0.00955	0.00694	0.00494	0.00419	0.00136	0.02099	0.00328	0.00256	0.00717
34	0.01349	0.53672	0.15555	0.01101	0.02884	0.01822	0.01116	0.05345	0.01146	0.01455	0.00857	0.01030	0.00743	0.00722	0.05353	0.00180	0.04372	0.00346	0.00249	0.00703
35	0.84927	0.01038	0.00789	0.00706	0.01038	0.01204	0.00581	0.01578	0.00914	0.02408	0.00747	0.00872	0.00581	0.00498	0.00332	0.00166	0.00415	0.00291	0.00332	0.00581
36	0.00781	0.00520	0.00585	0.00585	0.00585	0.00520	0.00325	0.00781	0.00781	0.01041	0.01691	0.03513	0.01952	0.81135	0.02732	0.00520	0.00520	0.00781	0.00325	0.00325
37	0.01435	0.81458	0.02813	0.00918	0.01378	0.02124	0.00918	0.01607	0.01091	0.01263	0.00746	0.00861	0.00689	0.00459	0.00344	0.00115	0.00574	0.00287	0.00230	0.00689
38	0.00654	0.00469	0.00621	0.00743	0.00777	0.00436	0.00496	0.00748	0.01032	0.01372	0.03014	0.79104	0.05195	0.01675	0.00684	0.00217	0.00311	0.01517	0.00498	0.00436
39	0.78651	0.01138	0.04746	0.00761	0.01119	0.01218	0.00663	0.03398	0.00964	0.02396	0.00772	0.00895	0.00594	0.00502	0.00346	0.00166	0.00439	0.00301	0.00332	0.00600
40	0.01014	0.00954	0.01610	0.79845	0.03697	0.01193	0.01491	0.01371	0.01073	0.01371	0.00954	0.01431	0.00716	0.00537	0.00537	0.00179	0.00716	0.00477	0.00239	0.00596
41	0.00865	0.00618	0.00865	0.00989	0.01112	0.00618	0.00865	0.01112	0.01236	0.01606	0.02842	0.06055	0.03089	0.01483	0.00741	0.00247	0.00494	0.74174	0.00494	0.00494
42	0.01281	0.01223	0.01714	0.44103	0.20461	0.07676	0.01412	0.08517	0.05270	0.01689	0.01053	0.01386	0.00812	0.00545	0.00532	0.00170	0.00691	0.00474	0.00292	0.00700
43	0.01045	0.00971	0.01610	0.77420	0.03634	0.01207	0.01476	0.03674	0.01118	0.01434	0.00964	0.01427	0.00722	0.00540	0.00537	0.00178	0.00712	0.00477	0.00248	0.00606
44	0.00654	0.00467	0.00623	0.00747	0.00779	0.00436	0.00498	0.00747	0.01028	0.01370	0.02959	0.80785	0.03550	0.01682	0.00685	0.00218	0.00311	0.01526	0.00498	0.00436
45	0.00779	0.00557	0.00765	0.00883	0.00971	0.00543	0.00709	0.00967	0.01167	0.01537	0.05879	0.34913	0.03347	0.01544	0.00715	0.00233	0.00414	0.43107	0.00500	0.00472
46	0.10136	0.15194	0.13567	0.13650	0.03600	0.01379	0.09408	0.09235	0.03098	0.01786	0.01172	0.09346	0.01038	0.00657	0.00563	0.00170	0.04462	0.00540	0.00314	0.00683
47	0.01013	0.00919	0.01380	0.55806	0.02873	0.03082	0.01224	0.02823	0.05107	0.01457	0.01374	0.13991	0.01263	0.03217	0.00624	0.00193	0.00627	0.00655	0.01788	0.00581
48	0.00664	0.00477	0.00621	0.00732	0.00771	0.00445	0.00490	0.00757	0.01028	0.01360	0.03017	0.71122	0.07370	0.06119	0.00798	0.00234	0.00324	0.02751	0.00489	0.00432
49	0.76355	0.01071	0.00873	0.03754	0.01168	0.02778	0.00651	0.01569	0.00928	0.02297	0.00755	0.00909	0.00594	0.00520	0.00407	0.00169	0.03989	0.00307	0.00323	0.00583
50	0.01873	0.20880	0.01823	0.01272	0.01594	0.59443	0.01009	0.03612	0.01443	0.01347	0.00820	0.00950	0.00696	0.00533	0.00453	0.00133	0.00868	0.00335	0.00271	0.00644
51	0.01113	0.00954	0.01113	0.00795	0.01272	0.00716	0.00636	0.01352	0.01113	0.01749	0.00954	0.01113	0.00795	0.00398	0.00398	0.00080	0.00398	0.00318	0.00318	0.84417
52	0.01138	0.03319	0.03887	0.01557	0.01761	0.01408	0.23231	0.01368	0.01005	0.01442	0.01246	0.07465	0.05019	0.00850	0.01218	0.00210	0.42352	0.00626	0.00279	0.00617
53	0.01716	0.01284	0.01389	0.01164	0.03077	0.03027	0.00909	0.45015	0.16129	0.05989	0.01616	0.06917	0.01308	0.05637	0.02139	0.00203	0.00556	0.00595	0.00513	0.00818
54	0.03478	0.01388	0.01831	0.11600	0.35484	0.14263	0.04366	0.01674	0.01217	0.05465	0.01086	0.03509	0.00930	0.00610	0.00663	0.00171	0.09118	0.02125	0.00294	0.00726
55	0.00777	0.00536	0.00662	0.00662	0.00689	0.00562	0.00421	0.00830	0.00803	0.01098	0.01621	0.03125	0.01783	0.59823	0.23814	0.00615	0.00774	0.00724	0.00315	0.00368
56	0.01280	0.01225	0.02066	0.02767	0.57866	0.01180	0.07688	0.01596	0.01209	0.01747	0.01047	0.01406	0.00887	0.00485	0.00523	0.00151	0.00619	0.02044	0.00279	0.13935
57	0.01860	0.00890	0.01131	0.00916	0.01252	0.00836	0.00739	0.06810	0.10261	0.46400	0.17732	0.02381	0.04782	0.00784	0.00563	0.00169	0.00413	0.00654	0.00622	0.00806
58	0.00743	0.00546	0.00696	0.00662	0.00793	0.00499	0.00495	0.00979	0.01473	0.02053	0.67463	0.06158	0.13155	0.01142	0.00635	0.00172	0.00257	0.01004	0.00578	0.00499
59	0.01174	0.01174	0.01644	0.01409	0.01409	0.01644	0.01174	0.01292	0.00822	0.01292	0.00705	0.01174	0.00705	0.00940	0.01762	0.00235	0.80153	0.00470	0.00235	0.00587
60	0.00671	0.00545	0.00594	0.00582	0.00747	0.00469	0.00437	0.00841	0.01310	0.01655	0.26442	0.04829	0.56437	0.01283	0.00634	0.00178	0.00266	0.01086	0.00525	0.00469
61	0.02399	0.00929	0.01255	0.00962	0.01378	0.00812	0.00795	0.04526	0.01562	0.76213	0.02096	0.01813	0.01318	0.00664	0.00540	0.00166	0.00460	0.00538	0.00661	0.00914
62	0.84927	0.01038	0.00789	0.00706	0.01038	0.01204	0.00581	0.01578	0.00914	0.02408	0.00747	0.00872	0.00581	0.00498	0.00332	0.00166	0.00415	0.00291	0.00332	0.00581
63	0.01335	0.01153	0.01214	0.01092	0.01396	0.01335	0.00850	0.02852	0.76817	0.02245	0.02185	0.02003	0.01639	0.00728	0.00546	0.00182	0.00425	0.00607	0.00546	0.00850
64	0.01329	0.01275	0.02179	0.03295	0.77787	0.01275	0.01647	0.01647	0.01222	0.01754	0.01010	0.01329	0.00850	0.00478	0.00531	0.00159	0.00638	0.00478	0.00266	0.00850
65	0.84927	0.01038	0.00789	0.00706	0.01038	0.01204	0.00581	0.01578	0.00914	0.02408	0.00747	0.00872	0.00581	0.00498	0.00332	0.00166	0.00415	0.00291	0.00332	0.00581
66	0.01329	0.01275	0.02179	0.03295	0.77787	0.01275	0.01647	0.01647	0.01222	0.01754	0.01010	0.01329	0.00850	0.00478	0.00531	0.00159	0.00638	0.00478	0.00266	0.00850
67	0.84927	0.01038	0.00789	0.00706	0.01038	0.01204	0.00581	0.01578	0.00914	0.02408	0.00747	0.00872	0.00581	0.00498	0.00332	0.00166	0.00415	0.00291	0.00332	0.00581
68	0.02041	0.01504	0.01611	0.01235	0.01665	0.01665	0.01020	0.75997	0.02524	0.03383	0.01289	0.01289	0.00913	0.00644	0.00537	0.00161	0.00591	0.00483	0.00537	0.00913
69	0.01339	0.01150	0.01210	0.01085	0.01389	0.01325	0.00845	0.04761	0.73252	0.02259	0.02229	0.02050	0.03208	0.00739	0.00548	0.00181	0.00426	0.00615	0.00545	0.00843
70	0.02148	0.00938	0.01221	0.00956	0.01333	0.00860	0.00781	0.11554	0.01645	0.59063	0.09852	0.03930	0.01719	0.00732	0.00553	0.00167	0.00449	0.00602	0.00637	0.00859
71	0.02369	0.00948	0.01264	0.00972	0.01386	0.00844	0.00802	0.06346	0.03043	0.72894	0.02077	0.01803	0.01314	0.00665	0.00540	0.00166	0.00463	0.00538	0.00656	0.00912
72	0.00780	0.00523	0.00597	0.00597	0.00602	0.00527	0.00340	0.00788	0.00784	0.01050	0.01680	0.03452	0.01925	0.77806	0.06025	0.00535	0.00560	0.00772	0.00324	0.00332
73	0.00652	0.00486	0.00608	0.00700	0.00767	0.00442	0.00478	0.00759	0.01083	0.01407	0.05327	0.62080	0.20065	0.01596	0.00673	0.00209	0.00301	0.01425	0.00501	0.00442
74	0.01994	0.01442	0.01554	0.01198	0.01612	0.01587	0.00987	0.70599	0.02443	0.05169	0.03323	0.01389	0.01042	0.00656	0.00536	0.00161	0.00571	0.00498	0.02345	0.00893
75	0.01984	0.06466	0.01612	0.01321	0.01646	0.55220	0.01027	0.20925	0.01754	0.01838	0.00942	0.01044	0.00748	0.00571	0.00490	0.00143	0.00851	0.00378	0.00340	0.00700
76	0.00647	0.00545	0.00562	0.00561	0.00737	0.00460	0.00423	0.00794	0.01245	0.01503	0.10504	0.05100	0.71117	0.01343	0.00636	0.00182	0.00274	0.02405	0.00505	0.00458
77	0.00673	0.00481	0.00645	0.00769	0.00809	0.00452	0.00531	0.00780	0.01046	0.01392	0.02948	0.74069	0.03509	0.01664	0.00690	0.00221	0.00328	0.08055	0.00498	0.00441
78	0.01045	0.01007	0.01641	0.76127	0.03624	0.03241	0.03065	0.01399	0.01089	0.01377	0.00954	0.01419	0.00717	0.00535	0.00537	0.00178	0.00726	0.00477	0.00240	0.00600
79	0.01957	0.01372	0.18036	0.01202	0.04907	0.00985	0.01097	0.04211	0.08935	0.48851	0.01805	0.01659	0.01188	0.00629	0.00534	0.00168	0.00538	0.00511	0.00537	0.00878
80	0.12083	0.02098	0.45550	0.01508	0.02153	0.01215	0.16206	0.01783	0.01173	0.09723	0.01079	0.01233	0.00761	0.00513	0.00514	0.00171	0.00732	0.00444	0.00294	0.00765
81	0.84927	0.01038	0.00789	0.00706	0.01038	0.01204	0.00581	0.01578	0.00914	0.02408	0.00747	0.00872	0.00581	0.00498	0.00332	0.00166	0.00415	0.00291	0.00332	0.00581
82	0.00770	0.00576	0.00843	0.00845	0.00928	0.00665	0.00644	0.00940	0.00864	0.01237	0.01522	0.06197	0.01491	0.09939	0.67617	0.00792	0.02728	0.00638	0.00300	0.00467
83	0.01840	0.01463	0.01560	0.12180	0.03928	0.09694	0.01072	0.49169	0.02073	0.06577	0.01293	0.04383	0.00984	0.00657	0.00537	0.00164	0.00632	0.00511	0.00466	0.00818
84	0.00760	0.00549	0.00718	0.00675	0.00802	0.00506	0.00506	0.01013	0.01519	0.02153	0.77503	0.04010	0.05065	0.01097	0.00633	0.00169	0.00253	0.00971	0.00591	0.00506
85	0.84927	0.01038	0.00789	0.00706	0.01038	0.01204	0.00581	0.01578	0.00914	0.02408	0.00747	0.00872	0.00581	0.00498	0.00332	0.00166	0.00415	0.00291	0.00332	0.00581
86	0.01073	0.00587	0.00595	0.00569	0.00720	0.00604	0.00433	0.05288	0.05042	0.02087	0.01749	0.01964	0.01365	0.00632	0.00392	0.00130	0.00277	0.00505	0.75449	0.00540
87	0.00767	0.00575	0.00863	0.00863	0.00959	0.00671	0.00671	0.00959	0.00863	0.01246	0.01438	0.02109	0.01342	0.04026	0.79008	0.00863	0.01438	0.00575	0.00288	0.00479
88	0.01491	0.01231	0.01302	0.01124	0.01455	0.01408	0.00887	0.19018	0.60397	0.02497	0.01987	0.01845	0.01478	0.00710	0.00544	0.00177	0.00461	0.00580	0.00544	0.00864
89	0.02041	0.01504	0.01611	0.01235	0.01665	0.01665	0.01020	0.75997	0.02524	0.03383	0.01289	0.01289	0.00913	0.00644	0.00537	0.00161	0.00591	0.00483	0.00537	0.00913
90	0.01113	0.00954	0.01113	0.00795	0.01272	0.00716	0.00636	0.01352	0.01113	0.01749	0.00954	0.01113	0.00795	0.00398	0.00398	0.00080	0.00398	0.00318	0.00318	0.84417
91	0.01174	0.01174	0.01644	0.01409	0.01409	0.01644	0.01174	0.01292	0.00822	0.01292	0.00705	0.01174	0.00705	0.00940	0.01762	0.00235	0.80153	0.00470	0.00235	0.00587
92	0.00655	0.00525	0.00587	0.00621	0.00755	0.00456	0.00452	0.00791	0.01192	0.01485	0.10123	0.26144	0.49658	0.01432	0.00651	0.00192	0.00287	0.03034	0.00505	0.00453
93	0.00913	0.00825	0.02897	0.13796	0.04599	0.00829	0.11022	0.01183	0.04920	0.01484	0.03389	0.35178	0.02214	0.01177	0.00760	0.05338	0.02968	0.05575	0.00391	0.00543
94	0.01594	0.01282	0.01359	0.01145	0.01494	0.01456	0.00912	0.29656	0.49593	0.02662	0.01856	0.01741	0.01373	0.00698	0.00543	0.00174	0.00486	0.00562	0.00543	0.00873
95	0.00636	0.00536	0.00551	0.00563	0.00730	0.00452	0.00417	0.00768	0.01205	0.01442	0.05200	0.12432	0.70456	0.01390	0.00639	0.00185	0.00276	0.01171	0.00498	0.00452
96	0.01046	0.00987	0.01668	0.72001	0.11289	0.01201	0.01507	0.01400	0.01089	0.01411	0.00960	0.01421	0.00729	0.00531	0.00536	0.00177	0.00708	0.00477	0.00241	0.00622
97	0.01077	0.02777	0.78354	0.01530	0.02323	0.01247	0.01983	0.01700	0.01133	0.01700	0.00963	0.01133	0.00680	0.00510	0.00510	0.00170	0.00793	0.00397	0.00227	0.00793
98	0.01014	0.00954	0.01610	0.79845	0.03697	0.01193	0.01491	0.01371	0.01073	0.01371	0.00954	0.01431	0.00716	0.00537	0.00537	0.00179	0.00716	0.00477	0.00239	0.00596
99	0.00662	0.00550	0.00585	0.00604	0.00773	0.00472	0.00465	0.00810	0.01218	0.01466	0.05044	0.07922	0.66166	0.01385	0.00649	0.00190	0.00300	0.09784	0.00498	0.00457
100	0.01676	0.01290	0.01374	0.01127	0.01469	0.02870	0.00902	0.47103	0.18224	0.02825	0.05680	0.09866	0.01559	0.00793	0.00558	0.00172	0.00515	0.00642	0.00533	0.00823
101	0.00901	0.00585	0.00732	0.00731	0.00850	0.00560	0.00534	0.04982	0.01311	0.05703	0.28271	0.30804	0.04862	0.04747	0.00711	0.00200	0.00322	0.03578	0.09101	0.00514

[dist]
# distance from previous block
# <min> <max>
0	2

[block]
# block no. 1 follows, 45 sequences, length 112
# corresponding to MSA columns:
# 306-417
name=unknown_B
#
# <colnr> <probs for GDERKNQSTAVLIFYWHMCP>
#	G	D	E	R	K	N	Q	S	T	A	V	L	I	F	Y	W	H	M	C	P
0	0.06192	0.04372	0.01312	0.01181	0.06160	0.15135	0.02583	0.15447	0.04739	0.01807	0.01465	0.09938	0.03479	0.08230	0.00930	0.08073	0.04054	0.02031	0.00371	0.02503
1	0.63146	0.05867	0.04672	0.00841	0.01210	0.04916	0.00731	0.08183	0.01118	0.04053	0.00840	0.00946	0.00643	0.00516	0.00371	0.00162	0.00484	0.00321	0.00344	0.00636
2	0.15477	0.18961	0.33579	0.03231	0.07663	0.01439	0.04716	0.01650	0.01094	0.03191	0.00901	0.01082	0.00698	0.00513	0.00502	0.00160	0.03777	0.00380	0.00259	0.00726
3	0.01086	0.00923	0.01089	0.00801	0.01248	0.00706	0.00640	0.01320	0.01106	0.01722	0.01059	0.02948	0.00928	0.00567	0.02902	0.00111	0.00431	0.02188	0.00325	0.77901
4	0.00744	0.00548	0.00695	0.00659	0.00792	0.00500	0.00494	0.00982	0.01482	0.02063	0.68298	0.04157	0.14326	0.01131	0.00633	0.00170	0.00256	0.00991	0.00579	0.00500
5	0.01894	0.01412	0.01525	0.01165	0.01592	0.01518	0.00956	0.64761	0.02305	0.03123	0.01253	0.01311	0.00919	0.02241	0.00563	0.00158	0.00564	0.00468	0.00504	0.11767
6	0.05715	0.00938	0.01212	0.00944	0.01342	0.00848	0.00774	0.05056	0.04883	0.63092	0.04915	0.01833	0.01421	0.00666	0.00529	0.00163	0.00448	0.00539	0.00625	0.04057
7	0.08480	0.03443	0.15585	0.04290	0.31826	0.06429	0.01391	0.08202	0.03720	0.06751	0.01163	0.01458	0.00927	0.00565	0.00513	0.00165	0.00642	0.03331	0.00330	0.00787
8	0.01546	0.02974	0.01158	0.01030	0.04544	0.00902	0.00770	0.08938	0.13053	0.27595	0.10568	0.18763	0.02226	0.00941	0.00581	0.00180	0.00423	0.02512	0.00558	0.00739
9	0.00663	0.00472	0.00624	0.00738	0.00771	0.00442	0.00491	0.00757	0.01032	0.01380	0.05268	0.74904	0.03527	0.05204	0.00775	0.00230	0.00319	0.01475	0.00494	0.00433
10	0.01752	0.01963	0.01595	0.11910	0.10538	0.44784	0.01149	0.12326	0.03938	0.01689	0.00988	0.01174	0.00789	0.00642	0.02341	0.00168	0.00838	0.00411	0.00316	0.00689
11	0.02878	0.22524	0.01791	0.01215	0.06461	0.10342	0.04249	0.15998	0.01411	0.01889	0.01131	0.03544	0.00952	0.00617	0.00571	0.00149	0.08013	0.00450	0.15130	0.00685
12	0.00785	0.00639	0.00851	0.00877	0.00923	0.00713	0.00642	0.00935	0.02983	0.01442	0.08421	0.52939	0.06485	0.01445	0.00895	0.00215	0.16649	0.01224	0.00453	0.00484
13	0.00777	0.00524	0.00613	0.00626	0.00638	0.00527	0.00376	0.00802	0.00820	0.01096	0.01807	0.08026	0.02070	0.69369	0.05919	0.00505	0.00548	0.04268	0.00342	0.00346
14	0.04621	0.07795	0.01634	0.07778	0.06253	0.09410	0.06990	0.03331	0.01076	0.01477	0.01129	0.08984	0.01081	0.01150	0.09783	0.00264	0.24153	0.00564	0.01922	0.00607
15	0.03453	0.10743	0.06356	0.21280	0.11388	0.03053	0.13706	0.09512	0.05616	0.01759	0.01085	0.02836	0.00871	0.00590	0.00604	0.01725	0.03917	0.00496	0.00303	0.00708
16	0.01085	0.00754	0.00861	0.08116	0.01189	0.04089	0.00635	0.03383	0.01316	0.14382	0.11158	0.10740	0.36415	0.02659	0.00645	0.00185	0.00391	0.00932	0.00499	0.00566
17	0.01240	0.01199	0.02059	0.22320	0.52313	0.01275	0.05078	0.01566	0.01169	0.01636	0.00986	0.01353	0.00808	0.00512	0.00592	0.00169	0.04213	0.00485	0.00258	0.00769
18	0.11965	0.03521	0.27434	0.03014	0.09985	0.04668	0.08215	0.01639	0.01158	0.05356	0.01111	0.03842	0.00907	0.00558	0.00494	0.00158	0.00645	0.02565	0.00301	0.12464
19	0.01098	0.00843	0.02636	0.04443	0.05462	0.03477	0.00715	0.03987	0.06373	0.11158	0.17850	0.06419	0.27332	0.02902	0.00649	0.00184	0.00402	0.02969	0.00499	0.00603
20	0.00655	0.00498	0.00599	0.00670	0.00756	0.00447	0.00463	0.00768	0.01111	0.01424	0.07098	0.49549	0.28924	0.03520	0.00716	0.00211	0.00300	0.01348	0.00498	0.00442
21	0.03163	0.59777	0.15047	0.01056	0.01551	0.08879	0.01097	0.01670	0.01133	0.01363	0.00789	0.00916	0.00685	0.00477	0.00384	0.00127	0.00642	0.00310	0.00235	0.00698
22	0.01149	0.01700	0.24180	0.12275	0.04130	0.01250	0.38716	0.01618	0.01195	0.01655	0.01147	0.03591	0.00921	0.00552	0.00589	0.00181	0.00812	0.03357	0.00269	0.00713
23	0.02217	0.01163	0.01394	0.01075	0.01491	0.01167	0.00886	0.32579	0.04797	0.44754	0.01782	0.01614	0.01171	0.00659	0.00539	0.00165	0.00510	0.00519	0.00608	0.00911
24	0.00718	0.00567	0.00654	0.00661	0.00816	0.00511	0.00509	0.00934	0.03310	0.01678	0.24416	0.08463	0.42836	0.01303	0.00648	0.00188	0.00301	0.10480	0.00524	0.00483
25	0.01212	0.01901	0.38817	0.05203	0.14799	0.01144	0.10411	0.01672	0.01217	0.08219	0.04570	0.01640	0.05603	0.00588	0.00545	0.00170	0.00694	0.00523	0.00308	0.00764
26	0.01004	0.01136	0.15605	0.02625	0.03544	0.00867	0.02409	0.12076	0.01313	0.01802	0.06656	0.38749	0.02439	0.01165	0.00647	0.00196	0.02343	0.04383	0.00436	0.00605
27	0.01077	0.02777	0.78354	0.01530	0.02323	0.01247	0.01983	0.01700	0.01133	0.01700	0.00963	0.01133	0.00680	0.00510	0.00510	0.00170	0.00793	0.00397	0.00227	0.00793
28	0.04058	0.09331	0.04626	0.01430	0.05567	0.48355	0.03027	0.12308	0.01552	0.01674	0.00902	0.01043	0.00730	0.00558	0.00514	0.00146	0.02809	0.00377	0.00307	0.00688
29	0.80730	0.01043	0.00846	0.02470	0.03303	0.01206	0.00631	0.01576	0.00926	0.02367	0.00759	0.00897	0.00592	0.00499	0.00342	0.00166	0.00428	0.00300	0.00328	0.00589
30	0.01511	0.00884	0.01170	0.11188	0.01507	0.00920	0.03633	0.13666	0.01425	0.21452	0.01685	0.07310	0.01328	0.02860	0.02049	0.00184	0.03013	0.00590	0.22941	0.00687
31	0.00654	0.00486	0.00611	0.00710	0.00774	0.00443	0.00487	0.00759	0.01073	0.01392	0.03474	0.63528	0.18985	0.01611	0.00676	0.00211	0.00307	0.02882	0.00498	0.00441
32	0.01739	0.01353	0.01441	0.01174	0.01550	0.01524	0.00947	0.44677	0.34335	0.02896	0.01672	0.01594	0.01224	0.00680	0.00541	0.00170	0.00520	0.00536	0.00541	0.00886
33	0.01178	0.01185	0.01702	0.01442	0.01462	0.01633	0.04008	0.01308	0.00839	0.01308	0.00719	0.01185	0.00709	0.00921	0.01719	0.00233	0.77145	0.00476	0.00236	0.00592
34	0.00781	0.00520	0.00585	0.00585	0.00585	0.00520	0.00325	0.00781	0.00781	0.01041	0.01691	0.03513	0.01952	0.81135	0.02732	0.00520	0.00520	0.00781	0.00325	0.00325
35	0.01077	0.02777	0.78354	0.01530	0.02323	0.01247	0.01983	0.01700	0.01133	0.01700	0.00963	0.01133	0.00680	0.00510	0.00510	0.00170	0.00793	0.00397	0.00227	0.00793
36	0.00733	0.00548	0.00680	0.00647	0.00785	0.00495	0.00485	0.00961	0.01456	0.02001	0.61955	0.04259	0.20708	0.01154	0.00633	0.00172	0.00257	0.01006	0.00571	0.00495
37	0.00707	0.00489	0.00607	0.00680	0.00698	0.00471	0.00426	0.00761	0.00924	0.01233	0.02429	0.48503	0.02882	0.34875	0.01540	0.00344	0.00399	0.01215	0.00426	0.00390
38	0.01335	0.01153	0.01214	0.01092	0.01396	0.01335	0.00850	0.02852	0.76817	0.02245	0.02185	0.02003	0.01639	0.00728	0.00546	0.00182	0.00425	0.00607	0.00546	0.00850
39	0.09539	0.00930	0.01205	0.00937	0.01342	0.00838	0.00772	0.02532	0.03327	0.69728	0.02001	0.01749	0.01272	0.00652	0.00522	0.00166	0.00452	0.00520	0.00633	0.00883
40	0.00706	0.00528	0.00661	0.00726	0.00826	0.00486	0.00541	0.00861	0.01183	0.01542	0.14423	0.34675	0.22658	0.03116	0.00717	0.00213	0.00331	0.14840	0.00508	0.00459
41	0.02363	0.00986	0.01291	0.00990	0.01407	0.00897	0.00817	0.11649	0.01658	0.68953	0.02016	0.01761	0.01278	0.00662	0.00539	0.00165	0.00473	0.00533	0.00649	0.00913
42	0.00779	0.00526	0.00614	0.00614	0.00623	0.00536	0.00360	0.00799	0.00789	0.01062	0.01666	0.03370	0.01890	0.73304	0.10479	0.00555	0.00614	0.00760	0.00321	0.00341
43	0.01530	0.01103	0.01244	0.02900	0.04703	0.03597	0.00852	0.22847	0.19768	0.12559	0.03348	0.15149	0.04563	0.02545	0.00614	0.00184	0.00483	0.00731	0.00518	0.00762
44	0.00705	0.00546	0.00783	0.00842	0.00898	0.00534	0.03885	0.00817	0.01033	0.01384	0.02817	0.72031	0.04736	0.01586	0.00733	0.00216	0.04094	0.01429	0.00476	0.00456
45	0.00781	0.00520	0.00585	0.00585	0.00585	0.00520	0.00325	0.00781	0.00781	0.01041	0.01691	0.03513	0.01952	0.81135	0.02732	0.00520	0.00520	0.00781	0.00325	0.00325
46	0.02229	0.01183	0.06464	0.01063	0.01507	0.01036	0.00926	0.20718	0.01754	0.54566	0.01836	0.01648	0.01183	0.00649	0.00537	0.00165	0.00512	0.00516	0.00604	0.00905
47	0.01212	0.10212	0.18520	0.14110	0.10643	0.01382	0.32942	0.01642	0.01185	0.01616	0.00995	0.01304	0.00761	0.00481	0.00551	0.00169	0.00788	0.00506	0.00252	0.00728
48	0.01136	0.02666	0.71198	0.01551	0.02312	0.03050	0.05629	0.01730	0.01157	0.03288	0.00990	0.01160	0.00701	0.00511	0.00516	0.00170	0.00796	0.00410	0.00239	0.00788
49	0.01755	0.04230	0.01734	0.04921	0.21639	0.51785	0.01214	0.01950	0.01398	0.01429	0.00877	0.01082	0.00734	0.00539	0.00524	0.00147	0.02702	0.00387	0.00270	0.00682
50	0.00807	0.00605	0.00755	0.00708	0.00854	0.00581	0.00534	0.01173	0.08544	0.02127	0.66902	0.03879	0.08326	0.01076	0.00625	0.00171	0.00270	0.00945	0.00582	0.00536
51	0.03044	0.65344	0.12157	0.01019	0.01496	0.03563	0.01057	0.01617	0.01091	0.01342	0.00774	0.00909	0.00686	0.00487	0.00422	0.00128	0.03627	0.00309	0.00232	0.00695
52	0.00712	0.00554	0.00592	0.00582	0.00748	0.00477	0.00432	0.00854	0.01227	0.03538	0.12608	0.04839	0.59997	0.07846	0.00806	0.00209	0.00300	0.02719	0.00498	0.00462
53	0.02356	0.00902	0.01229	0.00946	0.01352	0.00780	0.00780	0.02565	0.01536	0.75751	0.04506	0.01896	0.01447	0.00678	0.00543	0.00166	0.00450	0.00553	0.00662	0.00901
54	0.00728	0.00547	0.00673	0.00642	0.00782	0.00493	0.00481	0.00951	0.01444	0.01973	0.59115	0.04305	0.23565	0.01164	0.00633	0.00172	0.00258	0.01012	0.00567	0.00493
55	0.00674	0.00545	0.00599	0.00586	0.00750	0.00470	0.00439	0.00848	0.01318	0.01674	0.28423	0.04797	0.54444	0.01276	0.00634	0.00177	0.00266	0.01081	0.00528	0.00470
56	0.01077	0.02777	0.78354	0.01530	0.02323	0.01247	0.01983	0.01700	0.01133	0.01700	0.00963	0.01133	0.00680	0.00510	0.00510	0.00170	0.00793	0.00397	0.00227	0.00793
57	0.02310	0.00935	0.01243	0.00968	0.01373	0.00839	0.00795	0.02638	0.08433	0.71203	0.02124	0.01843	0.01357	0.00670	0.00540	0.00168	0.00454	0.00546	0.00654	0.00908
58	0.84927	0.01038	0.00789	0.00706	0.01038	0.01204	0.00581	0.01578	0.00914	0.02408	0.00747	0.00872	0.00581	0.00498	0.00332	0.00166	0.00415	0.00291	0.00332	0.00581
59	0.00654	0.00467	0.00623	0.00747	0.00779	0.00436	0.00498	0.00747	0.01028	0.01370	0.02959	0.80785	0.03550	0.01682	0.00685	0.00218	0.00311	0.01526	0.00498	0.00436
60	0.84927	0.01038	0.00789	0.00706	0.01038	0.01204	0.00581	0.01578	0.00914	0.02408	0.00747	0.00872	0.00581	0.00498	0.00332	0.00166	0.00415	0.00291	0.00332	0.00581
61	0.84927	0.01038	0.00789	0.00706	0.01038	0.01204	0.00581	0.01578	0.00914	0.02408	0.00747	0.00872	0.00581	0.00498	0.00332	0.00166	0.00415	0.00291	0.00332	0.00581
62	0.02408	0.00914	0.01246	0.00955	0.01370	0.00789	0.00789	0.02616	0.01536	0.78158	0.02118	0.01827	0.01329	0.00664	0.00540	0.00166	0.00457	0.00540	0.00664	0.00914
63	0.01014	0.00954	0.01610	0.79845	0.03697	0.01193	0.01491	0.01371	0.01073	0.01371	0.00954	0.01431	0.00716	0.00537	0.00537	0.00179	0.00716	0.00477	0.00239	0.00596
64	0.01435	0.81458	0.02813	0.00918	0.01378	0.02124	0.00918	0.01607	0.01091	0.01263	0.00746	0.00861	0.00689	0.00459	0.00344	0.00115	0.00574	0.00287	0.00230	0.00689
65	0.02408	0.00914	0.01246	0.00955	0.01370	0.00789	0.00789	0.02616	0.01536	0.78158	0.02118	0.01827	0.01329	0.00664	0.00540	0.00166	0.00457	0.00540	0.00664	0.00914
66	0.01335	0.01153	0.01214	0.01092	0.01396	0.01335	0.00850	0.02852	0.76817	0.02245	0.02185	0.02003	0.01639	0.00728	0.00546	0.00182	0.00425	0.00607	0.00546	0.00850
67	0.02005	0.02558	0.01521	0.01383	0.01659	0.78980	0.01037	0.02143	0.01521	0.01314	0.00830	0.00968	0.00691	0.00553	0.00484	0.00138	0.00968	0.00346	0.00277	0.00622
68	0.00723	0.00547	0.00663	0.00635	0.00775	0.00491	0.00474	0.00936	0.01418	0.01923	0.54657	0.04345	0.26591	0.02646	0.00672	0.00179	0.00264	0.01016	0.00559	0.00487
69	0.00640	0.00532	0.00556	0.00574	0.00730	0.00452	0.00419	0.00767	0.01187	0.01431	0.05013	0.15995	0.65542	0.02880	0.00680	0.00193	0.00282	0.01183	0.00495	0.00448
70	0.01481	0.01287	0.08068	0.07988	0.01704	0.01233	0.05580	0.32424	0.06988	0.02480	0.02957	0.01533	0.01090	0.00607	0.00503	0.00154	0.00541	0.00496	0.16780	0.06106
71	0.10931	0.01472	0.01475	0.02839	0.01608	0.08481	0.00959	0.51721	0.02122	0.11257	0.01273	0.01277	0.00899	0.00620	0.00511	0.00161	0.00594	0.00456	0.00499	0.00844
72	0.01776	0.01479	0.05092	0.01191	0.01602	0.03960	0.01001	0.49876	0.18363	0.02888	0.01528	0.01501	0.02683	0.00659	0.00533	0.00163	0.00562	0.00509	0.00507	0.04128
73	0.25311	0.14897	0.26646	0.01204	0.03639	0.08135	0.02590	0.05049	0.03349	0.03369	0.00930	0.01056	0.00712	0.00515	0.00435	0.00157	0.00636	0.00363	0.00295	0.00710
74	0.00657	0.00470	0.00626	0.00745	0.00779	0.00438	0.00499	0.00756	0.01043	0.01395	0.05325	0.78348	0.03598	0.01663	0.00683	0.00216	0.00310	0.01508	0.00501	0.00438
75	0.02230	0.02470	0.01241	0.00951	0.01338	0.00827	0.00779	0.04011	0.03899	0.67542	0.02132	0.07103	0.01467	0.00730	0.00546	0.00169	0.00451	0.00602	0.00638	0.00875
76	0.01907	0.00852	0.01108	0.00904	0.01239	0.00777	0.00726	0.02251	0.09680	0.52710	0.10268	0.07221	0.06267	0.00820	0.00565	0.00172	0.00412	0.00688	0.00624	0.00808
77	0.02134	0.01353	0.01518	0.01164	0.01590	0.01441	0.00961	0.57263	0.02272	0.22473	0.01500	0.01426	0.01019	0.00649	0.00538	0.00162	0.00556	0.00498	0.00570	0.00913
78	0.00721	0.00547	0.00663	0.00634	0.00778	0.00490	0.00476	0.00937	0.01427	0.01933	0.54987	0.04371	0.27719	0.01179	0.00634	0.00173	0.00259	0.01021	0.00562	0.00490
79	0.00635	0.00542	0.00546	0.00549	0.00726	0.00453	0.00410	0.00770	0.01218	0.01448	0.05374	0.07112	0.75664	0.01368	0.00636	0.00182	0.00273	0.01143	0.00498	0.00453
80	0.01282	0.01098	0.01168	0.01054	0.01341	0.01259	0.00818	0.02684	0.69918	0.02237	0.09085	0.02187	0.01953	0.00762	0.00554	0.00181	0.00409	0.00640	0.00550	0.00818
81	0.09148	0.01288	0.01257	0.01098	0.01422	0.06341	0.00864	0.14218	0.53339	0.02380	0.01825	0.01720	0.01367	0.00683	0.00521	0.00174	0.00485	0.00542	0.00508	0.00820
82	0.00672	0.00545	0.00595	0.00583	0.00748	0.00469	0.00437	0.00842	0.01311	0.01658	0.26791	0.04823	0.56086	0.01282	0.00634	0.00178	0.00266	0.01085	0.00526	0.00469
83	0.83101	0.02797	0.00833	0.00711	0.01046	0.01224	0.00589	0.01579	0.00917	0.02383	0.00747	0.00872	0.00584	0.00497	0.00332	0.00165	0.00419	0.00291	0.00330	0.00584
84	0.01086	0.02290	0.57167	0.09990	0.08732	0.01220	0.01798	0.01669	0.03994	0.01669	0.01035	0.01260	0.00766	0.00684	0.04210	0.00203	0.00788	0.00428	0.00246	0.00764
85	0.01090	0.05763	0.75486	0.01507	0.02287	0.01280	0.01943	0.01696	0.01132	0.01683	0.00955	0.01123	0.00680	0.00508	0.00504	0.00168	0.00785	0.00392	0.00227	0.00789
86	0.01174	0.01174	0.01644	0.01409	0.01409	0.01644	0.01174	0.01292	0.00822	0.01292	0.00705	0.01174	0.00705	0.00940	0.01762	0.00235	0.80153	0.00470	0.00235	0.00587
87	0.00713	0.00514	0.00685	0.00799	0.00857	0.00493	0.00576	0.00874	0.02844	0.01460	0.05285	0.62398	0.03467	0.01603	0.00691	0.00221	0.00347	0.15212	0.00502	0.00459
88	0.02115	0.10636	0.07648	0.01006	0.01446	0.01001	0.00910	0.04318	0.01465	0.57863	0.01868	0.01808	0.01258	0.00659	0.00522	0.00163	0.00503	0.03383	0.00567	0.00861
89	0.02408	0.00914	0.01246	0.00955	0.01370	0.00789	0.00789	0.02616	0.01536	0.78158	0.02118	0.01827	0.01329	0.00664	0.00540	0.00166	0.00457	0.00540	0.00664	0.00914
90	0.00654	0.00467	0.00623	0.00747	0.00779	0.00436	0.00498	0.00747	0.01028	0.01370	0.02959	0.80785	0.03550	0.01682	0.00685	0.00218	0.00311	0.01526	0.00498	0.00436
91	0.84927	0.01038	0.00789	0.00706	0.01038	0.01204	0.00581	0.01578	0.00914	0.02408	0.00747	0.00872	0.00581	0.00498	0.00332	0.00166	0.00415	0.00291	0.00332	0.00581
92	0.84927	0.01038	0.00789	0.00706	0.01038	0.01204	0.00581	0.01578	0.00914	0.02408	0.00747	0.00872	0.00581	0.00498	0.00332	0.00166	0.00415	0.00291	0.00332	0.00581
93	0.02007	0.01487	0.01592	0.01228	0.01652	0.01649	0.01012	0.72555	0.06020	0.03329	0.01331	0.01322	0.00947	0.00648	0.00537	0.00162	0.00583	0.00489	0.00537	0.00910
94	0.00654	0.00467	0.00623	0.00747	0.00779	0.00436	0.00498	0.00747	0.01028	0.01370	0.02959	0.80785	0.03550	0.01682	0.00685	0.00218	0.00311	0.01526	0.00498	0.00436
95	0.01100	0.02613	0.69098	0.01620	0.02383	0.01260	0.11075	0.01702	0.01150	0.01702	0.00978	0.01172	0.00697	0.00503	0.00525	0.00171	0.00807	0.00426	0.00232	0.00785
96	0.01950	0.01481	0.01559	0.01220	0.01630	0.03236	0.00999	0.65178	0.11926	0.03196	0.01393	0.01373	0.01000	0.00653	0.00537	0.00163	0.00578	0.00496	0.00533	0.00899
97	0.00638	0.00544	0.00548	0.00547	0.00727	0.00455	0.00410	0.00777	0.01231	0.01468	0.07292	0.05136	0.75703	0.01353	0.00634	0.00181	0.00271	0.01129	0.00501	0.00455
98	0.02374	0.00921	0.01245	0.00959	0.01371	0.00806	0.00791	0.02624	0.03926	0.75749	0.02120	0.01833	0.01339	0.00666	0.00540	0.00167	0.00456	0.00542	0.00661	0.00911
99	0.00837	0.00803	0.07534	0.00905	0.01085	0.00671	0.00802	0.01115	0.02764	0.01726	0.22944	0.09943	0.11722	0.01256	0.00718	0.00208	0.03966	0.29988	0.00487	0.00526
100	0.02408	0.00914	0.01246	0.00955	0.01370	0.00789	0.00789	0.02616	0.01536	0.78158	0.02118	0.01827	0.01329	0.00664	0.00540	0.00166	0.00457	0.00540	0.00664	0.00914
101	0.01329	0.01275	0.02179	0.03295	0.77787	0.01275	0.01647	0.01647	0.01222	0.01754	0.01010	0.01329	0.00850	0.00478	0.00531	0.00159	0.00638	0.00478	0.00266	0.00850
102	0.02114	0.01386	0.01538	0.01179	0.01606	0.01490	0.00974	0.61400	0.02327	0.18258	0.01454	0.01396	0.00996	0.00648	0.00538	0.00162	0.00564	0.00495	0.00562	0.00913
103	0.84927	0.01038	0.00789	0.00706	0.01038	0.01204	0.00581	0.01578	0.00914	0.02408	0.00747	0.00872	0.00581	0.00498	0.00332	0.00166	0.00415	0.00291	0.00332	0.00581
104	0.00634	0.00544	0.00544	0.00544	0.00725	0.00453	0.00408	0.00770	0.01224	0.01450	0.05438	0.05166	0.77569	0.01359	0.00634	0.00181	0.00272	0.01133	0.00498	0.00453
105	0.00666	0.00558	0.00581	0.00577	0.00754	0.00480	0.00436	0.00844	0.02783	0.01540	0.12613	0.05002	0.67257	0.01323	0.00635	0.00181	0.00277	0.02518	0.00509	0.00467
106	0.01329	0.01275	0.02179	0.03295	0.77787	0.01275	0.01647	0.01647	0.01222	0.01754	0.01010	0.01329	0.00850	0.00478	0.00531	0.00159	0.00638	0.00478	0.00266	0.00850
107	0.01213	0.01565	0.15227	0.04995	0.01992	0.05869	0.18671	0.01553	0.03226	0.01505	0.00923	0.01274	0.00770	0.00763	0.02880	0.00212	0.33718	0.00491	0.00257	0.02895
108	0.67533	0.03798	0.04177	0.00869	0.01230	0.07149	0.03550	0.03311	0.01024	0.02256	0.00787	0.00921	0.00613	0.00503	0.00367	0.00163	0.00500	0.00316	0.00323	0.00609
109	0.01017	0.00857	0.01380	0.58765	0.02933	0.01029	0.03043	0.01351	0.01091	0.01532	0.01150	0.01569	0.00878	0.00556	0.00500	0.00166	0.00608	0.00487	0.20514	0.00576
110	0.01120	0.00977	0.01210	0.00864	0.01344	0.00746	0.04175	0.01369	0.01120	0.01748	0.00960	0.01129	0.00796	0.00400	0.00409	0.00084	0.00421	0.00333	0.00316	0.80478
111	0.00731	0.00531	0.00691	0.00715	0.00807	0.00498	0.00512	0.00951	0.03191	0.01837	0.45294	0.35205	0.04363	0.01326	0.00652	0.00189	0.00281	0.01188	0.00552	0.00486

[dist]
# distance from previous block
# <min> <max>
0	13

[block]
# block no. 2 follows, 45 sequences, length 45
# corresponding to MSA columns:
# 431-475
name=unknown_C
#
# <colnr> <probs for GDERKNQSTAVLIFYWHMCP>
#	G	D	E	R	K	N	Q	S	T	A	V	L	I	F	Y	W	H	M	C	P
0	0.00709	0.00547	0.00647	0.00622	0.00771	0.00485	0.00467	0.00915	0.01400	0.01869	0.48436	0.04476	0.34309	0.01203	0.00634	0.00174	0.00261	0.01036	0.00554	0.00485
1	0.00659	0.00498	0.00610	0.00680	0.00765	0.00448	0.00473	0.00782	0.01137	0.01476	0.11568	0.50511	0.25397	0.01526	0.00665	0.00202	0.00294	0.01352	0.00508	0.00448
2	0.84927	0.01038	0.00789	0.00706	0.01038	0.01204	0.00581	0.01578	0.00914	0.02408	0.00747	0.00872	0.00581	0.00498	0.00332	0.00166	0.00415	0.00291	0.00332	0.00581
3	0.69143	0.01022	0.00891	0.07242	0.01282	0.01152	0.00662	0.01537	0.00948	0.02253	0.00786	0.00944	0.00615	0.00491	0.00356	0.00158	0.00438	0.00309	0.00323	0.09448
4	0.01170	0.01063	0.01515	0.01084	0.01572	0.00865	0.14802	0.03640	0.01184	0.01792	0.00989	0.01181	0.00802	0.00415	0.00446	0.00101	0.00499	0.00382	0.00316	0.66181
5	0.00933	0.00680	0.00852	0.00948	0.08867	0.00695	0.00548	0.07080	0.00991	0.01340	0.01663	0.08350	0.01835	0.57500	0.05156	0.00445	0.00560	0.00767	0.00347	0.00443
6	0.00978	0.01103	0.14758	0.01040	0.02442	0.02549	0.03550	0.07666	0.01249	0.03302	0.09387	0.32301	0.05227	0.01432	0.08901	0.00259	0.00579	0.00950	0.00424	0.01900
7	0.01367	0.01235	0.03358	0.00964	0.01404	0.07386	0.00791	0.12782	0.05716	0.03577	0.01084	0.01196	0.00859	0.00487	0.00471	0.00110	0.02272	0.00372	0.00364	0.54204
8	0.01220	0.11065	0.03357	0.03765	0.03716	0.01530	0.10537	0.05157	0.01080	0.01541	0.07152	0.01434	0.01099	0.00826	0.02245	0.00208	0.42635	0.00510	0.00285	0.00637
9	0.00798	0.00575	0.00626	0.00596	0.00789	0.00488	0.00453	0.00957	0.01291	0.07876	0.15356	0.04727	0.61027	0.01265	0.00626	0.00178	0.00285	0.01061	0.00525	0.00499
10	0.01062	0.06426	0.66432	0.01429	0.02132	0.01229	0.01792	0.01617	0.01103	0.01630	0.01003	0.01223	0.00750	0.00879	0.08803	0.00241	0.00851	0.00410	0.00233	0.00755
11	0.05940	0.11922	0.01765	0.22376	0.02081	0.01332	0.11032	0.05424	0.01122	0.01621	0.01056	0.02960	0.00884	0.00777	0.04182	0.00204	0.14673	0.00489	0.09541	0.00621
12	0.00648	0.00544	0.00562	0.00558	0.00733	0.00459	0.00418	0.00796	0.01255	0.01524	0.13059	0.05044	0.69901	0.01332	0.00634	0.00180	0.00270	0.01116	0.00508	0.00459
13	0.00657	0.00494	0.00606	0.00692	0.00767	0.00448	0.00478	0.00764	0.01083	0.01391	0.03629	0.55521	0.24531	0.03526	0.00722	0.00216	0.00310	0.03233	0.00494	0.00440
14	0.01020	0.01144	0.09717	0.67533	0.05510	0.01182	0.01523	0.01399	0.01083	0.01417	0.01006	0.03335	0.00785	0.00560	0.00537	0.00178	0.00712	0.00494	0.00244	0.00620
15	0.03578	0.40220	0.11359	0.03439	0.09720	0.06388	0.03823	0.09038	0.01280	0.03085	0.00901	0.01055	0.00742	0.00511	0.00470	0.00142	0.02867	0.00371	0.00279	0.00734
16	0.01162	0.01119	0.03586	0.15900	0.48816	0.01116	0.01414	0.01482	0.01251	0.01762	0.15397	0.01846	0.01616	0.00606	0.00551	0.00165	0.00582	0.00569	0.00321	0.00741
17	0.02408	0.00914	0.01246	0.00955	0.01370	0.00789	0.00789	0.02616	0.01536	0.78158	0.02118	0.01827	0.01329	0.00664	0.00540	0.00166	0.00457	0.00540	0.00664	0.00914
18	0.01753	0.00998	0.01179	0.00962	0.01260	0.01011	0.00753	0.28534	0.01703	0.27203	0.03449	0.11504	0.01632	0.14430	0.00930	0.00231	0.00494	0.00689	0.00539	0.00747
19	0.01620	0.01085	0.01236	0.01034	0.01333	0.01148	0.00817	0.39828	0.04525	0.12227	0.05535	0.23393	0.01916	0.00957	0.00583	0.00178	0.00475	0.00805	0.00545	0.00760
20	0.01089	0.00965	0.03954	0.01458	0.15642	0.02873	0.01043	0.03519	0.12175	0.01787	0.03478	0.04033	0.02252	0.01081	0.00644	0.00210	0.00528	0.40504	0.02128	0.00638
21	0.03202	0.05037	0.04305	0.02410	0.05137	0.16305	0.09071	0.27721	0.01693	0.02222	0.01225	0.03703	0.00984	0.02050	0.00562	0.00162	0.01698	0.00496	0.11290	0.00726
22	0.02115	0.01384	0.01537	0.01178	0.01605	0.01487	0.00973	0.61107	0.02323	0.18556	0.01457	0.01398	0.00997	0.00648	0.00538	0.00162	0.00564	0.00495	0.00563	0.00913
23	0.01198	0.01015	0.01200	0.00896	0.01344	0.00858	0.02449	0.06853	0.08788	0.01911	0.01157	0.01361	0.00952	0.00480	0.00438	0.00103	0.00429	0.02432	0.00360	0.65777
24	0.00786	0.00550	0.00713	0.00684	0.00811	0.00504	0.00508	0.01016	0.01453	0.04071	0.63954	0.12129	0.08473	0.01161	0.00636	0.00175	0.00266	0.01026	0.00578	0.00507
25	0.00707	0.00544	0.00647	0.00635	0.00778	0.00484	0.00476	0.00904	0.01367	0.01816	0.42781	0.08844	0.33757	0.01244	0.00639	0.00179	0.00270	0.02902	0.00547	0.00481
