[name]
unknown

[dist]
# distance from previous block
# <min> <max>
0	2

[block]
# block no. 0 follows, 45 sequences, length 77
# corresponding to MSA columns:
# 2-78
name=unknown_A
#
# <colnr> <probs for GDERKNQSTAVLIFYWHMCP>
#	G	D	E	R	K	N	Q	S	T	A	V	L	I	F	Y	W	H	M	C	P
0	0.01421	0.78749	0.02772	0.03574	0.01456	0.02093	0.00938	0.01599	0.01090	0.01267	0.00753	0.00880	0.00690	0.00462	0.00351	0.00117	0.00579	0.00293	0.00230	0.00686
1	0.01002	0.00634	0.00813	0.00735	0.00911	0.00595	0.00562	0.01331	0.06480	0.11698	0.61511	0.03628	0.05929	0.01024	0.00616	0.00170	0.00291	0.00896	0.00595	0.00579
2	0.03584	0.00565	0.00710	0.00669	0.00805	0.00527	0.00503	0.01018	0.01482	0.02120	0.70666	0.03972	0.09195	0.01093	0.00623	0.00169	0.00260	0.00957	0.00577	0.00506
3	0.01248	0.01406	0.03001	0.06434	0.02779	0.01364	0.67780	0.01678	0.01233	0.01678	0.01058	0.01432	0.00803	0.00483	0.00689	0.00184	0.05157	0.00616	0.00268	0.00710
4	0.00793	0.00588	0.00816	0.00799	0.00880	0.00656	0.00589	0.00932	0.00848	0.01209	0.01471	0.02430	0.01472	0.24629	0.53831	0.00728	0.03146	0.00619	0.00297	0.03265
5	0.01096	0.01038	0.01759	0.59743	0.23153	0.01214	0.01532	0.01444	0.01112	0.01472	0.00969	0.01404	0.00751	0.00521	0.00535	0.00174	0.00695	0.00477	0.00246	0.00663
6	0.00710	0.00518	0.00677	0.00788	0.00843	0.00502	0.00551	0.00895	0.05167	0.01440	0.02906	0.69655	0.03404	0.01612	0.00683	0.00219	0.00334	0.08132	0.00501	0.00464
7	0.01077	0.02777	0.78354	0.01530	0.02323	0.01247	0.01983	0.01700	0.01133	0.01700	0.00963	0.01133	0.00680	0.00510	0.00510	0.00170	0.00793	0.00397	0.00227	0.00793
8	0.02792	0.00975	0.01626	0.73665	0.08016	0.01198	0.01481	0.01392	0.01079	0.01416	0.00953	0.01413	0.00721	0.00532	0.00532	0.00177	0.00705	0.00473	0.00242	0.00611
9	0.00865	0.00618	0.00865	0.00989	0.01112	0.00618	0.00865	0.01112	0.01236	0.01606	0.02842	0.06055	0.03089	0.01483	0.00741	0.00247	0.00494	0.74174	0.00494	0.00494
10	0.01100	0.00715	0.00882	0.00813	0.00997	0.00704	0.00615	0.07555	0.09138	0.11383	0.35682	0.21247	0.04776	0.01110	0.00617	0.00181	0.00338	0.00973	0.00568	0.00608
11	0.01450	0.54446	0.05949	0.03061	0.01511	0.12948	0.00966	0.01651	0.01157	0.01353	0.00799	0.00935	0.00703	0.00470	0.00384	0.00118	0.00623	0.00309	0.00247	0.10920
12	0.01088	0.05176	0.76050	0.01511	0.02294	0.01273	0.01951	0.01697	0.01132	0.01687	0.00957	0.01125	0.00680	0.00508	0.00505	0.00168	0.00787	0.00393	0.00227	0.00790
13	0.00660	0.00470	0.00621	0.00739	0.00769	0.00440	0.00490	0.00749	0.01016	0.01354	0.02896	0.76995	0.03472	0.05578	0.00786	0.00233	0.00322	0.01489	0.00490	0.00431
14	0.01415	0.72409	0.09782	0.00985	0.01472	0.03757	0.01020	0.01628	0.01104	0.01305	0.00768	0.00889	0.00688	0.00466	0.00363	0.00120	0.00603	0.00298	0.00230	0.00697
15	0.01435	0.81458	0.02813	0.00918	0.01378	0.02124	0.00918	0.01607	0.01091	0.01263	0.00746	0.00861	0.00689	0.00459	0.00344	0.00115	0.00574	0.00287	0.00230	0.00689
16	0.00667	0.00475	0.00626	0.00734	0.00769	0.00445	0.00489	0.00765	0.01043	0.01399	0.07291	0.72051	0.03553	0.05966	0.00793	0.00232	0.00319	0.01453	0.00494	0.00434
17	0.01066	0.04451	0.72036	0.01465	0.02212	0.01223	0.01872	0.01657	0.01155	0.01717	0.05477	0.01297	0.00939	0.00544	0.00513	0.00169	0.00756	0.00428	0.00248	0.00774
18	0.01133	0.01092	0.01914	0.49660	0.21647	0.01229	0.10019	0.02596	0.01157	0.01539	0.01021	0.01488	0.00805	0.00531	0.00550	0.00175	0.00712	0.01799	0.00258	0.00676
19	0.01031	0.00972	0.01641	0.75684	0.07724	0.01197	0.01499	0.01386	0.01081	0.01392	0.00957	0.01426	0.00723	0.00533	0.00536	0.00178	0.00711	0.00477	0.00240	0.00610
20	0.73395	0.01110	0.02203	0.02364	0.01151	0.03234	0.00655	0.04642	0.01012	0.02366	0.00831	0.01013	0.00657	0.00525	0.00359	0.00166	0.00448	0.01547	0.01721	0.00597
21	0.00655	0.00494	0.00607	0.00688	0.00764	0.00449	0.00474	0.00763	0.01083	0.01396	0.04708	0.54900	0.24629	0.03025	0.02505	0.00227	0.00329	0.01371	0.00492	0.00441
22	0.00774	0.00518	0.00587	0.00594	0.00596	0.00516	0.00335	0.00779	0.00794	0.01059	0.01759	0.07669	0.02038	0.76861	0.02622	0.00504	0.00509	0.00821	0.00335	0.00331
23	0.01552	0.03447	0.05528	0.01167	0.01533	0.05988	0.00969	0.22261	0.46569	0.02441	0.01764	0.01676	0.01314	0.00677	0.00533	0.00172	0.00525	0.00539	0.00503	0.00846
24	0.01108	0.03145	0.01686	0.57581	0.12846	0.03595	0.01421	0.01432	0.01097	0.01433	0.00940	0.01360	0.00735	0.00539	0.00580	0.00171	0.04437	0.00459	0.00247	0.05188
25	0.01513	0.05304	0.01588	0.24313	0.02143	0.01072	0.07984	0.03700	0.01260	0.25701	0.01485	0.08150	0.01165	0.00678	0.00612	0.00170	0.05329	0.00577	0.00411	0.06845
26	0.01090	0.02696	0.74256	0.01625	0.06382	0.01248	0.01965	0.01697	0.01138	0.01703	0.00966	0.01144	0.00689	0.00508	0.00511	0.00169	0.00785	0.00401	0.00229	0.00796
27	0.00743	0.00550	0.00601	0.00609	0.00774	0.00470	0.00448	0.00875	0.01203	0.05963	0.04748	0.20037	0.58318	0.01383	0.00639	0.00188	0.00291	0.01176	0.00508	0.00477
28	0.02175	0.01110	0.01411	0.03572	0.05680	0.01092	0.00925	0.23562	0.03680	0.48325	0.01786	0.01638	0.01173	0.00646	0.00539	0.00165	0.00512	0.00520	0.00590	0.00899
29	0.01088	0.07776	0.68857	0.01458	0.02190	0.01267	0.01848	0.01659	0.01137	0.01666	0.01060	0.01406	0.00823	0.00564	0.00513	0.00171	0.00761	0.04746	0.00243	0.00769
30	0.00659	0.00545	0.00577	0.00569	0.00740	0.00463	0.00427	0.00817	0.01281	0.01586	0.19349	0.04943	0.63573	0.01309	0.00634	0.00179	0.00268	0.01102	0.00516	0.00463
31	0.00843	0.00564	0.00741	0.00695	0.00831	0.00518	0.00521	0.01084	0.01491	0.06238	0.69004	0.08424	0.04772	0.01108	0.00631	0.00172	0.00268	0.00980	0.00589	0.00524
32	0.01256	0.01201	0.02047	0.20985	0.60665	0.01256	0.01611	0.01584	0.01188	0.01665	0.00997	0.01352	0.00819	0.00492	0.00533	0.00164	0.00656	0.00478	0.00259	0.00792
33	0.01228	0.01305	0.02616	0.18839	0.19898	0.01304	0.43449	0.01630	0.01216	0.01654	0.01041	0.01417	0.00802	0.00476	0.00590	0.00176	0.00805	0.00566	0.00263	0.00726
34	0.01014	0.00954	0.01610	0.79845	0.03697	0.01193	0.01491	0.01371	0.01073	0.01371	0.00954	0.01431	0.00716	0.00537	0.00537	0.00179	0.00716	0.00477	0.00239	0.00596
35	0.01038	0.00969	0.01580	0.73808	0.03521	0.01204	0.01442	0.01485	0.06880	0.01438	0.01048	0.01475	0.00786	0.00551	0.00537	0.00179	0.00693	0.00487	0.00262	0.00616
36	0.01396	0.27084	0.06434	0.02309	0.44060	0.06888	0.01390	0.01672	0.01196	0.01564	0.00911	0.01144	0.00779	0.00479	0.00467	0.00144	0.00648	0.00404	0.00253	0.00780
37	0.00780	0.00523	0.00596	0.00596	0.00600	0.00526	0.00339	0.00788	0.00784	0.01049	0.01681	0.03458	0.01928	0.78112	0.05722	0.00534	0.00556	0.00773	0.00324	0.00331
38	0.01077	0.02777	0.78354	0.01530	0.02323	0.01247	0.01983	0.01700	0.01133	0.01700	0.00963	0.01133	0.00680	0.00510	0.00510	0.00170	0.00793	0.00397	0.00227	0.00793
39	0.00769	0.00565	0.00813	0.00813	0.00892	0.00644	0.00609	0.00927	0.00848	0.01209	0.01483	0.02360	0.01451	0.17815	0.65367	0.00801	0.01274	0.00612	0.00294	0.00452
40	0.01031	0.00972	0.01641	0.75684	0.07724	0.01197	0.01499	0.01386	0.01081	0.01392	0.00957	0.01426	0.00723	0.00533	0.00536	0.00178	0.00711	0.00477	0.00240	0.00610
41	0.00653	0.00471	0.00619	0.00737	0.00776	0.00437	0.00493	0.00749	0.01038	0.01375	0.03090	0.76764	0.07486	0.01665	0.00682	0.00216	0.00309	0.01505	0.00498	0.00437
42	0.01269	0.01233	0.02158	0.16543	0.58956	0.01267	0.07487	0.01605	0.01200	0.01684	0.01006	0.01356	0.00824	0.00486	0.00540	0.00165	0.00672	0.00490	0.00261	0.00796
43	0.01014	0.00954	0.01610	0.79845	0.03697	0.01193	0.01491	0.01371	0.01073	0.01371	0.00954	0.01431	0.00716	0.00537	0.00537	0.00179	0.00716	0.00477	0.00239	0.00596
44	0.01109	0.00976	0.01218	0.09222	0.01542	0.00857	0.00779	0.01348	0.01080	0.01664	0.00930	0.01153	0.00778	0.00465	0.00546	0.00105	0.08241	0.00350	0.00301	0.67336
45	0.01898	0.01366	0.01459	0.01135	0.01522	0.01505	0.00932	0.65767	0.02332	0.03194	0.01352	0.01386	0.00976	0.00642	0.00515	0.00156	0.00544	0.00486	0.11975	0.00856
46	0.01168	0.00987	0.01142	0.00821	0.01295	0.00772	0.00659	0.05759	0.01196	0.01846	0.00974	0.01123	0.00802	0.00412	0.00406	0.00084	0.00409	0.00328	0.00331	0.79486
47	0.00668	0.00482	0.00649	0.02958	0.00855	0.00460	0.00521	0.00766	0.01022	0.01361	0.02865	0.76273	0.03424	0.04004	0.00742	0.00226	0.00329	0.01475	0.00486	0.00437
48	0.01291	0.01237	0.02110	0.12493	0.68884	0.01265	0.01629	0.01614	0.01204	0.01708	0.01003	0.01341	0.00834	0.00485	0.00532	0.00162	0.00647	0.00478	0.00262	0.00820
49	0.01342	0.01564	0.13513	0.01970	0.02511	0.01287	0.53813	0.03352	0.01282	0.08432	0.01192	0.03033	0.00895	0.00520	0.00635	0.00180	0.02822	0.00603	0.00309	0.00745
50	0.01435	0.81458	0.02813	0.00918	0.01378	0.02124	0.00918	0.01607	0.01091	0.01263	0.00746	0.00861	0.00689	0.00459	0.00344	0.00115	0.00574	0.00287	0.00230	0.00689
51	0.00776	0.00539	0.00678	0.00678	0.00710	0.00571	0.00440	0.00840	0.00808	0.01109	0.01607	0.03046	0.01749	0.55480	0.28110	0.00634	0.00826	0.00712	0.00313	0.00376
52	0.00675	0.00501	0.00631	0.00718	0.00786	0.00465	0.00493	0.00820	0.02837	0.01463	0.09047	0.61320	0.15137	0.01565	0.00670	0.00208	0.00303	0.01401	0.00507	0.00454
53	0.02091	0.19448	0.01626	0.00979	0.01394	0.03211	0.00839	0.05710	0.06181	0.50410	0.01737	0.01570	0.01166	0.00618	0.00494	0.00154	0.00501	0.00478	0.00542	0.00850
54	0.00767	0.00575	0.00863	0.00863	0.00959	0.00671	0.00671	0.00959	0.00863	0.01246	0.01438	0.02109	0.01342	0.04026	0.79008	0.00863	0.01438	0.00575	0.00288	0.00479
55	0.00637	0.00544	0.00547	0.00546	0.00727	0.00454	0.00410	0.00775	0.01229	0.01464	0.06839	0.05143	0.76159	0.01354	0.00634	0.00181	0.00272	0.01130	0.00500	0.00454
56	0.01454	0.32981	0.30997	0.01185	0.01735	0.01532	0.01313	0.01799	0.01169	0.14820	0.01065	0.01151	0.00798	0.00542	0.00525	0.00152	0.05335	0.00383	0.00305	0.00761
57	0.00767	0.00575	0.00863	0.00863	0.00959	0.00671	0.00671	0.00959	0.00863	0.01246	0.01438	0.02109	0.01342	0.04026	0.79008	0.00863	0.01438	0.00575	0.00288	0.00479
58	0.01054	0.02652	0.74159	0.01488	0.02240	0.01203	0.01903	0.01649	0.01128	0.01682	0.01071	0.05432	0.00835	0.00573	0.00519	0.00173	0.00767	0.00458	0.00241	0.00774
59	0.01227	0.01067	0.01518	0.03932	0.34083	0.02453	0.01133	0.06311	0.14695	0.03313	0.05663	0.15614	0.03345	0.00822	0.00573	0.00177	0.00514	0.02415	0.00407	0.00739
60	0.01317	0.01360	0.02524	0.17687	0.10709	0.03373	0.42695	0.08672	0.02879	0.01810	0.01086	0.01416	0.00821	0.00498	0.00589	0.00175	0.00801	0.00564	0.00295	0.00730
61	0.00665	0.00476	0.00633	0.00740	0.00781	0.00444	0.00499	0.00776	0.01081	0.01455	0.11064	0.72437	0.03715	0.01618	0.00679	0.00213	0.00305	0.01466	0.00508	0.00444
62	0.01410	0.75854	0.08193	0.00962	0.01445	0.02062	0.00994	0.01614	0.01094	0.01294	0.00762	0.00880	0.00688	0.00463	0.00356	0.00119	0.00590	0.00295	0.00229	0.00696
63	0.01935	0.02653	0.08972	0.05465	0.03627	0.01098	0.01011	0.19528	0.04372	0.38604	0.01741	0.05879	0.01242	0.00687	0.00540	0.00168	0.00533	0.00559	0.00537	0.00850
64	0.00660	0.00473	0.00636	0.00754	0.00788	0.00449	0.00508	0.00759	0.01019	0.01364	0.02877	0.76553	0.03432	0.01808	0.04898	0.00253	0.00372	0.01475	0.00487	0.00438
65	0.01014	0.00954	0.01610	0.79845	0.03697	0.01193	0.01491	0.01371	0.01073	0.01371	0.00954	0.01431	0.00716	0.00537	0.00537	0.00179	0.00716	0.00477	0.00239	0.00596
66	0.03353	0.09848	0.02792	0.29491	0.06286	0.11016	0.03631	0.03681	0.01186	0.01494	0.03281	0.12052	0.03047	0.02842	0.00618	0.00181	0.02306	0.01979	0.00312	0.00604
67	0.00654	0.00467	0.00623	0.00747	0.00779	0.00436	0.00498	0.00747	0.01028	0.01370	0.02959	0.80785	0.03550	0.01682	0.00685	0.00218	0.00311	0.01526	0.00498	0.00436
68	0.01014	0.00954	0.01610	0.79845	0.03697	0.01193	0.01491	0.01371	0.01073	0.01371	0.00954	0.01431	0.00716	0.00537	0.00537	0.00179	0.00716	0.00477	0.00239	0.00596
69	0.01275	0.01221	0.02083	0.16206	0.65291	0.01261	0.01621	0.01601	0.01197	0.01689	0.01000	0.01346	0.00828	0.00488	0.00532	0.00163	0.00651	0.00478	0.00261	0.00807
70	0.01242	0.01199	0.01987	0.27335	0.53045	0.02718	0.01587	0.01570	0.01181	0.01625	0.00989	0.01354	0.00805	0.00498	0.00532	0.00165	0.00668	0.00475	0.00257	0.00766
71	0.02117	0.01130	0.03624	0.03041	0.01529	0.01070	0.00914	0.23680	0.03686	0.46326	0.01855	0.01873	0.01277	0.00696	0.00549	0.00170	0.00513	0.04480	0.00592	0.00878
72	0.00906	0.00686	0.00921	0.00806	0.01007	0.00635	0.06300	0.05473	0.01421	0.05342	0.33984	0.06965	0.28080	0.02955	0.00676	0.00185	0.00351	0.02244	0.00525	0.00541
73	0.02672	0.00855	0.01054	0.05582	0.02651	0.00852	0.00767	0.12927	0.05260	0.19978	0.06816	0.09599	0.18427	0.01004	0.00597	0.00184	0.00434	0.09136	0.00528	0.00676
74	0.07745	0.00977	0.01566	0.60324	0.12223	0.01170	0.01386	0.01393	0.01069	0.01493	0.01000	0.02824	0.00802	0.01945	0.01845	0.00193	0.00684	0.00488	0.00256	0.00616
75	0.03331	0.05780	0.27403	0.01718	0.10946	0.01241	0.18070	0.01863	0.03686	0.15032	0.02543	0.01407	0.00949	0.00548	0.00574	0.00170	0.03121	0.00495	0.00337	0.00786
76	0.03129	0.05614	0.02266	0.00931	0.01152	0.00943	0.00732	0.09351	0.18174	0.09395	0.02289	0.33002	0.02291	0.02391	0.00630	0.00198	0.00421	0.05937	0.00503	0.00651

[dist]
# distance from previous block
# <min> <max>
0	30

[block]
# block no. 1 follows, 45 sequences, length 134
# corresponding to MSA columns:
# 109-242
name=unknown_B
#
# <colnr> <probs for GDERKNQSTAVLIFYWHMCP>
#	G	D	E	R	K	N	Q	S	T	A	V	L	I	F	Y	W	H	M	C	P
0	0.11191	0.10379	0.03688	0.06052	0.24192	0.23086	0.01184	0.04733	0.06213	0.03016	0.01002	0.01175	0.00807	0.00529	0.00476	0.00152	0.00687	0.00406	0.00305	0.00726
1	0.01252	0.01197	0.02028	0.13005	0.58345	0.01218	0.04375	0.01593	0.02492	0.01713	0.02787	0.01491	0.02554	0.00519	0.00537	0.00161	0.00631	0.00506	0.00281	0.03315
2	0.01293	0.01259	0.02013	0.10110	0.63429	0.04684	0.01544	0.01596	0.01211	0.01678	0.01102	0.05609	0.00976	0.00552	0.00538	0.00163	0.00642	0.00529	0.00276	0.00794
3	0.00910	0.00650	0.00938	0.04275	0.08867	0.00658	0.00751	0.01070	0.05197	0.01442	0.07053	0.18170	0.04065	0.01419	0.01066	0.24137	0.00450	0.18018	0.00396	0.00469
4	0.01363	0.01263	0.02082	0.09139	0.67186	0.02945	0.01586	0.01677	0.01230	0.04862	0.01047	0.01349	0.00856	0.00492	0.00531	0.00161	0.00644	0.00478	0.00280	0.00828
5	0.01284	0.01237	0.02130	0.07271	0.67239	0.01243	0.04914	0.01605	0.01216	0.01721	0.01152	0.01513	0.02828	0.00519	0.00542	0.00163	0.00642	0.01690	0.00274	0.00815
6	0.02002	0.01484	0.01589	0.01227	0.01650	0.01647	0.01011	0.72015	0.06568	0.03321	0.01338	0.01328	0.00952	0.00649	0.00537	0.00162	0.00582	0.00490	0.00537	0.00909
7	0.00776	0.00600	0.00793	0.00866	0.07035	0.00555	0.00574	0.00992	0.01376	0.01891	0.49704	0.09744	0.17661	0.04197	0.00709	0.00187	0.00302	0.00995	0.00531	0.00513
8	0.01971	0.01453	0.01570	0.01215	0.01626	0.01611	0.01001	0.71912	0.02433	0.03267	0.01297	0.01333	0.00936	0.00828	0.04809	0.00199	0.00637	0.00488	0.00523	0.00889
9	0.01435	0.81458	0.02813	0.00918	0.01378	0.02124	0.00918	0.01607	0.01091	0.01263	0.00746	0.00861	0.00689	0.00459	0.00344	0.00115	0.00574	0.00287	0.00230	0.00689
10	0.00844	0.00716	0.04967	0.00763	0.00887	0.00655	0.00585	0.04967	0.01051	0.01442	0.11433	0.04955	0.08045	0.32161	0.23698	0.00501	0.00741	0.00755	0.00372	0.00462
11	0.02324	0.00988	0.01285	0.00991	0.01404	0.00908	0.00817	0.10702	0.04705	0.66844	0.02029	0.01775	0.01296	0.00665	0.00540	0.00166	0.00470	0.00536	0.00646	0.00911
12	0.79924	0.01032	0.00811	0.00715	0.01054	0.01176	0.00588	0.01592	0.00935	0.04045	0.00785	0.00902	0.00606	0.00498	0.00339	0.00163	0.00415	0.00297	0.00339	0.03782
13	0.00748	0.00545	0.00705	0.00678	0.00802	0.00501	0.00507	0.00985	0.01467	0.02055	0.67468	0.08898	0.08931	0.01156	0.00638	0.00174	0.00262	0.02401	0.00578	0.00499
14	0.01361	0.00934	0.01213	0.11075	0.03490	0.00973	0.02735	0.22052	0.01561	0.12335	0.04041	0.24583	0.07518	0.01006	0.00597	0.00185	0.00484	0.02695	0.00489	0.00676
15	0.01029	0.00970	0.01638	0.76117	0.07306	0.01197	0.01498	0.01385	0.01081	0.01390	0.00957	0.01426	0.00722	0.00534	0.00536	0.00178	0.00712	0.00477	0.00240	0.00609
16	0.00648	0.00544	0.00563	0.00558	0.00734	0.00459	0.00419	0.00797	0.01256	0.01527	0.13377	0.05039	0.69582	0.01331	0.00634	0.00180	0.00270	0.01115	0.00509	0.00459
17	0.00688	0.00515	0.00642	0.00701	0.00797	0.00469	0.00507	0.00837	0.01194	0.01569	0.18758	0.40011	0.22543	0.01465	0.00666	0.00201	0.00304	0.07158	0.00517	0.00459
18	0.03366	0.32076	0.40298	0.01244	0.01852	0.03280	0.01443	0.05698	0.01189	0.01626	0.00903	0.01054	0.00711	0.00588	0.02440	0.00166	0.00711	0.00361	0.00250	0.00744
19	0.00676	0.00564	0.00592	0.00591	0.00763	0.00493	0.00441	0.00877	0.04312	0.01544	0.12009	0.09617	0.62994	0.01329	0.00634	0.00182	0.00279	0.01120	0.00509	0.00473
20	0.00768	0.00571	0.00841	0.00841	0.00929	0.00659	0.00644	0.00944	0.00856	0.01230	0.01458	0.02220	0.01390	0.10146	0.72954	0.00836	0.01365	0.00591	0.00291	0.00467
21	0.01074	0.01165	0.07951	0.57737	0.13294	0.01235	0.02778	0.01436	0.01088	0.01450	0.00951	0.01380	0.00732	0.00547	0.00602	0.00179	0.05039	0.00473	0.00242	0.00648
22	0.00766	0.00582	0.00811	0.04154	0.05138	0.00573	0.00687	0.00950	0.02756	0.01466	0.02814	0.52252	0.05691	0.01494	0.00679	0.00218	0.00387	0.17619	0.00475	0.00488
23	0.02345	0.00900	0.01225	0.00944	0.01349	0.00778	0.00778	0.02555	0.01536	0.75245	0.05007	0.01911	0.01472	0.00681	0.00543	0.00166	0.00449	0.00556	0.00662	0.00898
24	0.01092	0.00901	0.01004	0.00929	0.01152	0.00992	0.00709	0.02082	0.46137	0.02144	0.26774	0.09060	0.02910	0.00926	0.00586	0.00181	0.00360	0.00800	0.00557	0.00704
25	0.01173	0.00992	0.01146	0.03038	0.07486	0.06273	0.00889	0.09177	0.16301	0.02020	0.18734	0.03479	0.02617	0.00996	0.00619	0.00192	0.00486	0.23241	0.00491	0.00650
26	0.01014	0.00954	0.01610	0.79845	0.03697	0.01193	0.01491	0.01371	0.01073	0.01371	0.00954	0.01431	0.00716	0.00537	0.00537	0.00179	0.00716	0.00477	0.00239	0.00596
27	0.00783	0.00558	0.00730	0.00726	0.00768	0.00611	0.00496	0.00870	0.00818	0.01137	0.01558	0.02842	0.01655	0.45318	0.36468	0.00666	0.02607	0.00683	0.00307	0.00399
28	0.01329	0.01275	0.02179	0.03295	0.77787	0.01275	0.01647	0.01647	0.01222	0.01754	0.01010	0.01329	0.00850	0.00478	0.00531	0.00159	0.00638	0.00478	0.00266	0.00850
29	0.78696	0.05374	0.00908	0.00723	0.01063	0.01245	0.00604	0.01601	0.00936	0.03932	0.00776	0.00891	0.00603	0.00500	0.00337	0.00163	0.00425	0.00296	0.00334	0.00594
30	0.01435	0.81458	0.02813	0.00918	0.01378	0.02124	0.00918	0.01607	0.01091	0.01263	0.00746	0.00861	0.00689	0.00459	0.00344	0.00115	0.00574	0.00287	0.00230	0.00689
31	0.00651	0.00509	0.00590	0.00644	0.00754	0.00449	0.00455	0.00775	0.01153	0.01458	0.08778	0.39281	0.39618	0.01489	0.00657	0.00197	0.00289	0.01301	0.00504	0.00449
32	0.04654	0.32266	0.26089	0.01242	0.01761	0.19295	0.02776	0.03513	0.01233	0.01514	0.00853	0.00993	0.00690	0.00502	0.00438	0.00142	0.00733	0.00346	0.00251	0.00708
33	0.00651	0.00477	0.00612	0.00720	0.00771	0.00438	0.00486	0.00750	0.01054	0.01381	0.03288	0.70734	0.13389	0.01639	0.00678	0.00213	0.00306	0.01474	0.00498	0.00438
34	0.00932	0.00466	0.00699	0.00699	0.00699	0.00466	0.00466	0.00699	0.00699	0.00932	0.00932	0.01632	0.00932	0.01865	0.02098	0.84382	0.00466	0.00466	0.00233	0.00233
35	0.00773	0.00522	0.00583	0.00583	0.00593	0.00517	0.00330	0.00780	0.00805	0.01063	0.01895	0.03603	0.06068	0.76792	0.02618	0.00502	0.00507	0.00800	0.00335	0.00332
36	0.01145	0.01230	0.05289	0.40543	0.16021	0.01258	0.23630	0.01535	0.01159	0.01553	0.01003	0.01407	0.00767	0.00501	0.00563	0.00176	0.00762	0.00520	0.00252	0.00686
37	0.00767	0.00573	0.00852	0.00852	0.00944	0.00665	0.00658	0.00952	0.00860	0.01238	0.01448	0.02163	0.01365	0.06981	0.76085	0.00850	0.01403	0.00583	0.00289	0.00473
38	0.00656	0.00476	0.00621	0.00736	0.00780	0.00441	0.00498	0.00756	0.01047	0.01381	0.03154	0.73438	0.09432	0.01653	0.00682	0.00216	0.00312	0.02787	0.00498	0.00438
39	0.01077	0.02777	0.78354	0.01530	0.02323	0.01247	0.01983	0.01700	0.01133	0.01700	0.00963	0.01133	0.00680	0.00510	0.00510	0.00170	0.00793	0.00397	0.00227	0.00793
40	0.00780	0.00521	0.00591	0.00591	0.00593	0.00523	0.00332	0.00784	0.00782	0.01045	0.01686	0.03485	0.01939	0.79609	0.04242	0.00527	0.00539	0.00777	0.00325	0.00328
41	0.01001	0.00500	0.00500	0.00500	0.00625	0.00500	0.00375	0.01251	0.01126	0.02001	0.01751	0.02001	0.01376	0.00625	0.00375	0.00125	0.00250	0.00500	0.84115	0.00500
42	0.01091	0.01033	0.01750	0.61056	0.21882	0.01213	0.01529	0.01439	0.01110	0.01465	0.00968	0.01406	0.00749	0.00522	0.00535	0.00174	0.00696	0.00477	0.00245	0.00659
43	0.01215	0.10215	0.30880	0.01574	0.02150	0.01259	0.26995	0.01655	0.01222	0.06330	0.04500	0.01675	0.06716	0.00582	0.00551	0.00169	0.00727	0.00554	0.00304	0.00729
44	0.01140	0.01089	0.01810	0.44902	0.29040	0.01270	0.01511	0.01458	0.01098	0.01495	0.00946	0.01368	0.00761	0.00560	0.00668	0.00178	0.09299	0.00477	0.00248	0.00683
45	0.13585	0.01130	0.02985	0.45882	0.20743	0.03891	0.01386	0.01500	0.01101	0.01620	0.00932	0.01303	0.00726	0.00517	0.00503	0.00171	0.00663	0.00444	0.00260	0.00659
46	0.01603	0.01889	0.01581	0.01396	0.01538	0.41565	0.01104	0.01731	0.01183	0.01303	0.00769	0.01068	0.00698	0.00740	0.01102	0.00185	0.39278	0.00406	0.00256	0.00605
47	0.84927	0.01038	0.00789	0.00706	0.01038	0.01204	0.00581	0.01578	0.00914	0.02408	0.00747	0.00872	0.00581	0.00498	0.00332	0.00166	0.00415	0.00291	0.00332	0.00581
48	0.01106	0.00973	0.01603	0.68769	0.04818	0.01203	0.01434	0.01438	0.01084	0.05516	0.01001	0.01433	0.00750	0.00570	0.00621	0.00182	0.06139	0.00480	0.00262	0.00618
49	0.00853	0.00611	0.00850	0.00971	0.01092	0.00608	0.00843	0.01092	0.01228	0.01595	0.02894	0.08903	0.04458	0.01488	0.00737	0.00245	0.00483	0.70065	0.00495	0.00491
50	0.01329	0.01275	0.02179	0.03295	0.77787	0.01275	0.01647	0.01647	0.01222	0.01754	0.01010	0.01329	0.00850	0.00478	0.00531	0.00159	0.00638	0.00478	0.00266	0.00850
51	0.01287	0.01383	0.07089	0.05873	0.47005	0.01293	0.17461	0.01765	0.08112	0.01772	0.01128	0.01407	0.00898	0.00500	0.00553	0.00168	0.00688	0.00518	0.00289	0.00809
52	0.01552	0.00734	0.00978	0.00816	0.01083	0.00657	0.00647	0.01809	0.03032	0.38172	0.40275	0.02935	0.03226	0.00885	0.00587	0.00168	0.00353	0.00759	0.00625	0.00706
53	0.00670	0.00478	0.00641	0.00765	0.00803	0.00449	0.00525	0.00774	0.01043	0.01388	0.02950	0.75277	0.03516	0.01667	0.00689	0.00220	0.00325	0.06880	0.00498	0.00440
54	0.08227	0.00886	0.01150	0.00902	0.01285	0.00788	0.00740	0.02366	0.01473	0.64966	0.05723	0.02040	0.05562	0.00710	0.00534	0.00167	0.00434	0.00574	0.00628	0.00846
55	0.01268	0.03446	0.04652	0.04233	0.11116	0.01361	0.62278	0.01700	0.01250	0.01703	0.01063	0.01413	0.00810	0.00459	0.00610	0.00177	0.00860	0.00599	0.00268	0.00736
56	0.01475	0.00701	0.00940	0.00806	0.01050	0.00624	0.00630	0.01691	0.01475	0.35562	0.36411	0.11157	0.03259	0.00968	0.00597	0.00173	0.00349	0.00840	0.00614	0.00678
57	0.00655	0.00536	0.00580	0.00595	0.00749	0.00460	0.00441	0.00800	0.01228	0.01515	0.12426	0.15111	0.58541	0.01378	0.00644	0.00186	0.00281	0.02907	0.00508	0.00457
58	0.01034	0.00974	0.01646	0.75006	0.08381	0.01198	0.01501	0.01389	0.01083	0.01396	0.00958	0.01425	0.00724	0.00533	0.00536	0.00178	0.00711	0.00477	0.00240	0.00612
59	0.00771	0.00522	0.00615	0.00623	0.00634	0.00530	0.00370	0.00796	0.00804	0.01082	0.01746	0.08224	0.01992	0.68529	0.10140	0.00535	0.00598	0.00807	0.00332	0.00347
60	0.01219	0.01249	0.01638	0.01408	0.01423	0.05817	0.01167	0.01338	0.00860	0.01293	0.00711	0.01163	0.00704	0.00919	0.01693	0.00230	0.75881	0.00463	0.00237	0.00589
61	0.01163	0.00984	0.01140	0.00819	0.01293	0.00767	0.00657	0.05379	0.01189	0.01837	0.00972	0.01123	0.00801	0.00411	0.00405	0.00084	0.00408	0.00327	0.00330	0.79911
62	0.01356	0.01342	0.02105	0.07299	0.68798	0.06366	0.01599	0.01665	0.01234	0.01704	0.00995	0.01310	0.00833	0.00486	0.00529	0.00159	0.00664	0.00470	0.00265	0.00822
63	0.00785	0.00586	0.00791	0.00816	0.04990	0.00546	0.00566	0.01036	0.01486	0.02097	0.69970	0.05513	0.06611	0.01083	0.00629	0.00170	0.00276	0.00960	0.00569	0.00522
64	0.01274	0.00971	0.01145	0.00827	0.01297	0.00759	0.00666	0.04326	0.01208	0.09201	0.01079	0.01189	0.00851	0.00433	0.00417	0.00091	0.00411	0.00346	0.00360	0.73151
65	0.73526	0.01097	0.02689	0.00769	0.01122	0.01206	0.00651	0.05694	0.01043	0.06955	0.00864	0.00958	0.00646	0.00516	0.00360	0.00166	0.00436	0.00318	0.00361	0.00624
66	0.00718	0.00517	0.00680	0.00704	0.00793	0.00479	0.00503	0.00908	0.01326	0.01844	0.48134	0.34258	0.04468	0.01328	0.00654	0.00188	0.00276	0.01190	0.00554	0.00479
67	0.00923	0.00472	0.00708	0.00708	0.00713	0.00477	0.00477	0.00713	0.00708	0.00949	0.00960	0.01658	0.00955	0.01982	0.06285	0.79836	0.00519	0.00472	0.00236	0.00247
68	0.00658	0.00547	0.00580	0.00599	0.00766	0.00469	0.00458	0.00803	0.01214	0.01461	0.05048	0.09334	0.66214	0.01389	0.00648	0.00190	0.00296	0.08374	0.00498	0.00456
69	0.00777	0.00590	0.00882	0.00876	0.00970	0.00695	0.00684	0.00967	0.00862	0.01247	0.01419	0.02085	0.01326	0.03948	0.77066	0.00847	0.03417	0.00572	0.00286	0.00482
70	0.06860	0.00920	0.01221	0.00942	0.01352	0.00811	0.00778	0.02560	0.01503	0.74072	0.02044	0.01776	0.01288	0.00655	0.00529	0.00166	0.00455	0.00526	0.00646	0.00896
71	0.02379	0.00960	0.01275	0.00977	0.01394	0.00858	0.00807	0.08404	0.01614	0.72260	0.02052	0.01785	0.01296	0.00663	0.00540	0.00166	0.00467	0.00535	0.00654	0.00913
72	0.02322	0.00981	0.01374	0.01045	0.01468	0.00877	0.04890	0.07382	0.01587	0.69090	0.02007	0.01771	0.01273	0.00652	0.00545	0.00167	0.00490	0.00541	0.00635	0.00903
73	0.00929	0.00467	0.00697	0.00697	0.00697	0.00467	0.00463	0.00701	0.00701	0.00935	0.00948	0.01670	0.00953	0.03460	0.02111	0.82695	0.00467	0.00473	0.00235	0.00235
74	0.01077	0.02777	0.78354	0.01530	0.02323	0.01247	0.01983	0.01700	0.01133	0.01700	0.00963	0.01133	0.00680	0.00510	0.00510	0.00170	0.00793	0.00397	0.00227	0.00793
75	0.00781	0.00520	0.00585	0.00585	0.00585	0.00520	0.00325	0.00781	0.00781	0.01041	0.01691	0.03513	0.01952	0.81135	0.02732	0.00520	0.00520	0.00781	0.00325	0.00325
76	0.04859	0.73933	0.02661	0.00935	0.01379	0.06233	0.00911	0.01635	0.01107	0.01312	0.00751	0.00867	0.00685	0.00466	0.00351	0.00118	0.00589	0.00290	0.00236	0.00681
77	0.01270	0.01447	0.06123	0.13019	0.05060	0.09911	0.18633	0.01591	0.03983	0.01482	0.00925	0.01288	0.00770	0.00677	0.01021	0.00195	0.31190	0.00497	0.00261	0.00655
78	0.01979	0.02509	0.01546	0.01456	0.04568	0.76011	0.01060	0.02125	0.01510	0.01331	0.00837	0.00982	0.00698	0.00550	0.00486	0.00139	0.00955	0.00351	0.00276	0.00631
79	0.00654	0.00469	0.00621	0.00742	0.00777	0.00436	0.00496	0.00748	0.01033	0.01372	0.03022	0.78862	0.05432	0.01674	0.00684	0.00217	0.00310	0.01516	0.00498	0.00436
80	0.02005	0.02558	0.01521	0.01383	0.01659	0.78980	0.01037	0.02143	0.01521	0.01314	0.00830	0.00968	0.00691	0.00553	0.00484	0.00138	0.00968	0.00346	0.00277	0.00622
81	0.01075	0.00619	0.00822	0.00733	0.00914	0.00564	0.00564	0.01318	0.01507	0.16648	0.61294	0.03548	0.04263	0.01084	0.02481	0.00185	0.00320	0.00879	0.00598	0.00584
82	0.02023	0.03064	0.04485	0.03697	0.01461	0.00931	0.00861	0.06358	0.08606	0.52931	0.08195	0.01928	0.01580	0.00689	0.00542	0.00167	0.00470	0.00564	0.00596	0.00852
83	0.02408	0.00914	0.01246	0.00955	0.01370	0.00789	0.00789	0.02616	0.01536	0.78158	0.02118	0.01827	0.01329	0.00664	0.00540	0.00166	0.00457	0.00540	0.00664	0.00914
84	0.02408	0.00914	0.01246	0.00955	0.01370	0.00789	0.00789	0.02616	0.01536	0.78158	0.02118	0.01827	0.01329	0.00664	0.00540	0.00166	0.00457	0.00540	0.00664	0.00914
85	0.01023	0.00967	0.01612	0.75280	0.03564	0.01219	0.01472	0.01367	0.01059	0.01367	0.00940	0.01416	0.00715	0.00560	0.00608	0.00182	0.05339	0.00477	0.00238	0.00596
86	0.02342	0.00916	0.01237	0.00953	0.01358	0.00801	0.00785	0.04426	0.01561	0.73643	0.04690	0.01888	0.01447	0.00679	0.00543	0.00166	0.00453	0.00553	0.00659	0.00900
87	0.00653	0.00473	0.00617	0.00732	0.00775	0.00437	0.00491	0.00749	0.01043	0.01376	0.03147	0.75032	0.09181	0.01657	0.00681	0.00215	0.00308	0.01496	0.00498	0.00437
88	0.00865	0.00618	0.00865	0.00989	0.01112	0.00618	0.00865	0.01112	0.01236	0.01606	0.02842	0.06055	0.03089	0.01483	0.00741	0.00247	0.00494	0.74174	0.00494	0.00494
89	0.01181	0.01285	0.02632	0.01956	0.02363	0.01276	0.55815	0.01549	0.01188	0.01629	0.01291	0.08384	0.01156	0.00675	0.00788	0.00195	0.10978	0.04692	0.00298	0.00670
90	0.01842	0.01734	0.10062	0.04458	0.01772	0.15539	0.01123	0.41417	0.04747	0.07338	0.01294	0.01443	0.00966	0.00642	0.00532	0.00163	0.00669	0.02991	0.00450	0.00817
91	0.84927	0.01038	0.00789	0.00706	0.01038	0.01204	0.00581	0.01578	0.00914	0.02408	0.00747	0.00872	0.00581	0.00498	0.00332	0.00166	0.00415	0.00291	0.00332	0.00581
92	0.00654	0.00467	0.00623	0.00747	0.00779	0.00436	0.00498	0.00747	0.01028	0.01370	0.02959	0.80785	0.03550	0.01682	0.00685	0.00218	0.00311	0.01526	0.00498	0.00436
93	0.01014	0.00954	0.01610	0.79845	0.03697	0.01193	0.01491	0.01371	0.01073	0.01371	0.00954	0.01431	0.00716	0.00537	0.00537	0.00179	0.00716	0.00477	0.00239	0.00596
94	0.01468	0.00873	0.01156	0.00958	0.01238	0.00852	0.04797	0.13475	0.04678	0.22667	0.29865	0.04072	0.02775	0.00878	0.00589	0.00172	0.00420	0.05271	0.03093	0.00704
95	0.01001	0.00500	0.00500	0.00500	0.00625	0.00500	0.00375	0.01251	0.01126	0.02001	0.01751	0.02001	0.01376	0.00625	0.00375	0.00125	0.00250	0.00500	0.84115	0.00500
96	0.01238	0.01030	0.01180	0.00859	0.01326	0.00853	0.00691	0.10981	0.03187	0.01972	0.01028	0.01158	0.00831	0.00438	0.00419	0.00093	0.00423	0.00346	0.00352	0.71597
97	0.01559	0.07298	0.08655	0.01436	0.09922	0.18862	0.02258	0.08502	0.25299	0.05232	0.01389	0.01442	0.01066	0.00654	0.00576	0.03583	0.00640	0.00473	0.00390	0.00763
98	0.02041	0.01504	0.01611	0.01235	0.01665	0.01665	0.01020	0.75997	0.02524	0.03383	0.01289	0.01289	0.00913	0.00644	0.00537	0.00161	0.00591	0.00483	0.00537	0.00913
99	0.01064	0.02691	0.75378	0.01497	0.02265	0.01218	0.01927	0.01674	0.01148	0.01717	0.03897	0.01244	0.00848	0.00533	0.00515	0.00170	0.00773	0.00419	0.00241	0.00782
100	0.01453	0.76482	0.05212	0.00939	0.01408	0.02055	0.00949	0.01641	0.01106	0.03595	0.00795	0.00899	0.00708	0.00467	0.00356	0.00118	0.00578	0.00298	0.00243	0.00699
101	0.00700	0.00500	0.00675	0.00800	0.00851	0.00475	0.00578	0.00826	0.01073	0.01421	0.02933	0.64599	0.03450	0.01639	0.00697	0.00224	0.00351	0.17261	0.00497	0.00449
102	0.00932	0.00466	0.00699	0.00699	0.00699	0.00466	0.00466	0.00699	0.00699	0.00932	0.00932	0.01632	0.00932	0.01865	0.02098	0.84382	0.00466	0.00466	0.00233	0.00233
103	0.00714	0.00547	0.00654	0.00627	0.00774	0.00487	0.00470	0.00924	0.01411	0.01894	0.51020	0.04435	0.31710	0.01194	0.00634	0.00173	0.00260	0.01030	0.00557	0.00487
104	0.01077	0.02777	0.78354	0.01530	0.02323	0.01247	0.01983	0.01700	0.01133	0.01700	0.00963	0.01133	0.00680	0.00510	0.00510	0.00170	0.00793	0.00397	0.00227	0.00793
105	0.00767	0.00573	0.00853	0.00853	0.00946	0.00666	0.00659	0.00952	0.00860	0.01239	0.01447	0.02157	0.01363	0.06678	0.76384	0.00851	0.01406	0.00582	0.00289	0.00474
106	0.00653	0.00470	0.00620	0.00740	0.00777	0.00437	0.00495	0.00748	0.01035	0.01373	0.03054	0.77887	0.06387	0.01669	0.00683	0.00217	0.00310	0.01511	0.00498	0.00437
107	0.01014	0.00954	0.01610	0.79845	0.03697	0.01193	0.01491	0.01371	0.01073	0.01371	0.00954	0.01431	0.00716	0.00537	0.00537	0.00179	0.00716	0.00477	0.00239	0.00596
108	0.00857	0.00612	0.00856	0.00979	0.01099	0.00611	0.00851	0.01098	0.01228	0.01597	0.02847	0.08910	0.03107	0.01490	0.00739	0.00246	0.00487	0.71398	0.00494	0.00492
109	0.01077	0.02777	0.78354	0.01530	0.02323	0.01247	0.01983	0.01700	0.01133	0.01700	0.00963	0.01133	0.00680	0.00510	0.00510	0.00170	0.00793	0.00397	0.00227	0.00793
110	0.00656	0.00468	0.00622	0.00744	0.00775	0.00438	0.00495	0.00748	0.01023	0.01364	0.02934	0.79276	0.03519	0.03233	0.00725	0.00224	0.00316	0.01511	0.00495	0.00434
111	0.01335	0.01153	0.01214	0.01092	0.01396	0.01335	0.00850	0.02852	0.76817	0.02245	0.02185	0.02003	0.01639	0.00728	0.00546	0.00182	0.00425	0.00607	0.00546	0.00850
112	0.00773	0.00567	0.00828	0.00831	0.00921	0.00651	0.00636	0.00953	0.00871	0.01263	0.01501	0.04120	0.01433	0.08364	0.69916	0.00801	0.01316	0.00608	0.03178	0.00470
113	0.00654	0.00467	0.00623	0.00747	0.00779	0.00436	0.00498	0.00747	0.01028	0.01370	0.02959	0.80785	0.03550	0.01682	0.00685	0.00218	0.00311	0.01526	0.00498	0.00436
114	0.01938	0.02450	0.01485	0.01355	0.01621	0.74717	0.01017	0.02079	0.01485	0.01310	0.00863	0.01030	0.00727	0.00742	0.04759	0.00178	0.00994	0.00358	0.00277	0.00615
115	0.01329	0.01275	0.02179	0.03295	0.77787	0.01275	0.01647	0.01647	0.01222	0.01754	0.01010	0.01329	0.00850	0.00478	0.00531	0.00159	0.00638	0.00478	0.00266	0.00850
116	0.00654	0.00467	0.00623	0.00747	0.00779	0.00436	0.00498	0.00747	0.01028	0.01370	0.02959	0.80785	0.03550	0.01682	0.00685	0.00218	0.00311	0.01526	0.00498	0.00436
117	0.01350	0.01282	0.02162	0.03233	0.75492	0.01287	0.01629	0.03888	0.01261	0.01803	0.01018	0.01327	0.00852	0.00483	0.00532	0.00159	0.00636	0.00478	0.00274	0.00852
118	0.02284	0.00924	0.01231	0.00959	0.01359	0.00826	0.00787	0.02597	0.07527	0.70326	0.03900	0.01892	0.01441	0.00680	0.00543	0.00167	0.00449	0.00555	0.00653	0.00899
119	0.01014	0.00954	0.01610	0.79845	0.03697	0.01193	0.01491	0.01371	0.01073	0.01371	0.00954	0.01431	0.00716	0.00537	0.00537	0.00179	0.00716	0.00477	0.00239	0.00596
120	0.01287	0.01233	0.02104	0.13377	0.68029	0.01265	0.01627	0.01611	0.01203	0.01703	0.01002	0.01342	0.00833	0.00486	0.00532	0.00162	0.00648	0.00478	0.00262	0.00817
121	0.00828	0.00664	0.03708	0.00727	0.00886	0.00570	0.00576	0.03301	0.01491	0.03210	0.64752	0.06918	0.06095	0.03079	0.00679	0.00180	0.00296	0.00949	0.00564	0.00527
122	0.02110	0.00848	0.01145	0.00901	0.01266	0.00737	0.00735	0.02321	0.01523	0.64565	0.13098	0.02257	0.04490	0.00751	0.00557	0.00167	0.00421	0.00622	0.00648	0.00839
123	0.00654	0.00467	0.00623	0.00747	0.00779	0.00436	0.00498	0.00747	0.01028	0.01370	0.02959	0.80785	0.03550	0.01682	0.00685	0.00218	0.00311	0.01526	0.00498	0.00436
124	0.84927	0.01038	0.00789	0.00706	0.01038	0.01204	0.00581	0.01578	0.00914	0.02408	0.00747	0.00872	0.00581	0.00498	0.00332	0.00166	0.00415	0.00291	0.00332	0.00581
125	0.01114	0.02768	0.75231	0.01524	0.02296	0.04406	0.01945	0.01718	0.01149	0.01684	0.00958	0.01127	0.00680	0.00512	0.00509	0.00169	0.00800	0.00395	0.00229	0.00786
126	0.06820	0.73073	0.02632	0.00921	0.01367	0.03742	0.00901	0.03004	0.01115	0.01377	0.00758	0.00872	0.00686	0.00467	0.00350	0.00119	0.00573	0.00292	0.00243	0.00685
127	0.01105	0.01591	0.27004	0.03324	0.12988	0.04948	0.01263	0.04565	0.06664	0.01892	0.21982	0.05140	0.03761	0.00751	0.00559	0.00169	0.00567	0.00641	0.00385	0.00699
128	0.58664	0.01103	0.01207	0.01308	0.15881	0.01235	0.03700	0.01613	0.01000	0.04479	0.00850	0.01027	0.00671	0.00522	0.00465	0.00169	0.04780	0.00357	0.00322	0.00649
129	0.01459	0.01198	0.01273	0.01106	0.01427	0.01363	0.00873	0.19043	0.56159	0.02457	0.02066	0.03612	0.02807	0.00753	0.00552	0.00179	0.00458	0.01831	0.00541	0.00843
130	0.00714	0.00511	0.00662	0.00763	0.00810	0.00488	0.00515	0.03807	0.01082	0.01444	0.02859	0.75622	0.03403	0.03626	0.00730	0.00223	0.00328	0.01465	0.00496	0.00453
131	0.03259	0.01028	0.07551	0.01059	0.01368	0.00898	0.10029	0.04505	0.13876	0.10134	0.33007	0.03989	0.05305	0.00849	0.00589	0.00173	0.00446	0.00755	0.00509	0.00671
132	0.01099	0.01047	0.01703	0.61851	0.17442	0.02514	0.01493	0.01481	0.03391	0.01468	0.00999	0.01421	0.00768	0.00532	0.00535	0.00175	0.00696	0.00479	0.00254	0.00652
133	0.04693	0.42197	0.08709	0.01121	0.04283	0.06497	0.01020	0.15725	0.01417	0.01831	0.05505	0.01184	0.00998	0.00544	0.00429	0.00136	0.00594	0.00386	0.00319	0.02412

[dist]
# distance from previous block
# <min> <max>
0	6

[block]
# block no. 2 follows, 45 sequences, length 22
# corresponding to MSA columns:
# 249-270
name=unknown_C
#
# <colnr> <probs for GDERKNQSTAVLIFYWHMCP>
#	G	D	E	R	K	N	Q	S	T	A	V	L	I	F	Y	W	H	M	C	P
0	0.01301	0.39291	0.21246	0.01288	0.08645	0.05421	0.01205	0.01597	0.01161	0.03304	0.03829	0.05558	0.02908	0.00594	0.00451	0.00144	0.00618	0.00453	0.00279	0.00706
1	0.01337	0.18489	0.40701	0.01284	0.03109	0.01344	0.01440	0.06903	0.01291	0.09842	0.05294	0.01516	0.01103	0.00595	0.00497	0.00160	0.00655	0.03348	0.00326	0.00766
2	0.07729	0.08468	0.15767	0.06535	0.37194	0.02696	0.08023	0.04296	0.01219	0.01779	0.00969	0.01227	0.00774	0.00492	0.00505	0.00161	0.00675	0.00444	0.00270	0.00779
3	0.01237	0.04654	0.06535	0.09937	0.04723	0.01382	0.52123	0.01690	0.03895	0.01657	0.01065	0.01406	0.00816	0.00506	0.00673	0.00181	0.05962	0.00576	0.00272	0.00712
4	0.00932	0.00466	0.00699	0.00699	0.00699	0.00466	0.00466	0.00699	0.00699	0.00932	0.00932	0.01632	0.00932	0.01865	0.02098	0.84382	0.00466	0.00466	0.00233	0.00233
5	0.01160	0.01105	0.01855	0.38117	0.35186	0.01217	0.04083	0.01552	0.04689	0.01591	0.01185	0.01535	0.03308	0.00544	0.00541	0.00171	0.00661	0.00510	0.00274	0.00717
6	0.01345	0.44952	0.31542	0.01190	0.01762	0.08093	0.01335	0.01687	0.01142	0.01434	0.00836	0.00974	0.00686	0.00486	0.00419	0.00138	0.00690	0.00334	0.00232	0.00723
7	0.01141	0.06987	0.68183	0.01520	0.02265	0.04375	0.04863	0.01713	0.01152	0.01662	0.00951	0.01125	0.00686	0.00507	0.00505	0.00166	0.00793	0.00398	0.00231	0.00778
8	0.02005	0.02558	0.01521	0.01383	0.01659	0.78980	0.01037	0.02143	0.01521	0.01314	0.00830	0.00968	0.00691	0.00553	0.00484	0.00138	0.00968	0.00346	0.00277	0.00622
9	0.01395	0.01507	0.05860	0.05181	0.62020	0.11345	0.01580	0.01706	0.01252	0.01683	0.00982	0.01275	0.00817	0.00491	0.00524	0.00158	0.00691	0.00457	0.00264	0.00811
10	0.07102	0.47863	0.29568	0.01121	0.01691	0.01748	0.01274	0.01638	0.01094	0.01498	0.00824	0.00959	0.00678	0.00480	0.00403	0.00138	0.00641	0.00326	0.00236	0.00719
11	0.00664	0.00474	0.00634	0.00759	0.00795	0.00445	0.00516	0.00765	0.01038	0.01382	0.02953	0.77193	0.03528	0.01672	0.00688	0.00219	0.00320	0.05017	0.00498	0.00439
12	0.00780	0.00523	0.00599	0.00599	0.00603	0.00528	0.00342	0.00789	0.00785	0.01051	0.01679	0.03446	0.01923	0.77475	0.06353	0.00537	0.00564	0.00771	0.00323	0.00333
13	0.00845	0.00607	0.00839	0.00957	0.01079	0.00602	0.00827	0.01080	0.01225	0.01588	0.02964	0.09508	0.06460	0.01487	0.00734	0.00243	0.00476	0.67493	0.00495	0.00490
14	0.01730	0.01238	0.01383	0.01054	0.01478	0.01250	0.00861	0.42294	0.04166	0.09720	0.04723	0.01431	0.01125	0.00598	0.00502	0.00139	0.00503	0.00467	0.00489	0.24851
15	0.00666	0.00480	0.00625	0.00735	0.00778	0.00448	0.00497	0.00763	0.01036	0.01368	0.03053	0.69609	0.08202	0.05426	0.00781	0.00231	0.00325	0.04052	0.00490	0.00434
16	0.05741	0.46224	0.04896	0.01139	0.03302	0.26037	0.00996	0.03597	0.01256	0.01414	0.00799	0.00926	0.00693	0.00497	0.00402	0.00129	0.00699	0.00319	0.00258	0.00676
17	0.08948	0.17840	0.49237	0.01298	0.01943	0.04520	0.01544	0.01738	0.01142	0.05816	0.00959	0.01087	0.00708	0.00509	0.00462	0.00157	0.00705	0.00371	0.00263	0.00753
18	0.11163	0.01796	0.29773	0.01947	0.23693	0.02829	0.08948	0.01679	0.03860	0.01826	0.04799	0.01361	0.00983	0.00542	0.00544	0.00169	0.02579	0.00468	0.00286	0.00757
19	0.14923	0.11552	0.10685	0.26337	0.10567	0.05532	0.04401	0.01581	0.02982	0.01675	0.04313	0.01324	0.00918	0.00538	0.00481	0.00163	0.00643	0.00438	0.00281	0.00665
20	0.20449	0.16297	0.35158	0.04977	0.06848	0.01377	0.01367	0.01633	0.02320	0.01775	0.01003	0.01161	0.02512	0.00521	0.00445	0.00159	0.00634	0.00383	0.00266	0.00713
21	0.08742	0.15999	0.11368	0.01418	0.08704	0.18873	0.04620	0.07621	0.05089	0.05708	0.02587	0.01210	0.00888	0.00566	0.00535	0.00155	0.04456	0.00415	0.00324	0.00723

[dist]
# distance from previous block
# <min> <max>
9	23

[block]
# block no. 3 follows, 45 sequences, length 81
# corresponding to MSA columns:
# 294-374
name=unknown_D
#
# <colnr> <probs for GDERKNQSTAVLIFYWHMCP>
#	G	D	E	R	K	N	Q	S	T	A	V	L	I	F	Y	W	H	M	C	P
0	0.03609	0.06491	0.02127	0.04693	0.63910	0.04571	0.01526	0.03642	0.01249	0.01756	0.00984	0.01272	0.00825	0.00486	0.00512	0.00156	0.00642	0.00456	0.00272	0.00819
1	0.00968	0.01248	0.19855	0.01197	0.03483	0.00847	0.10636	0.04460	0.01265	0.03417	0.15240	0.24993	0.08114	0.01015	0.00610	0.00185	0.00515	0.00917	0.00419	0.00615
2	0.01460	0.59925	0.09495	0.01064	0.01526	0.10658	0.02664	0.03133	0.01179	0.01369	0.00849	0.01055	0.00758	0.00505	0.00396	0.00128	0.00644	0.02251	0.00249	0.00691
3	0.00891	0.02697	0.00837	0.00868	0.03899	0.00588	0.00602	0.01065	0.02334	0.07929	0.16233	0.44458	0.04982	0.02890	0.04254	0.00234	0.00395	0.03822	0.00501	0.00520
4	0.00764	0.00517	0.00587	0.00597	0.00608	0.00510	0.00343	0.00777	0.00821	0.01087	0.01966	0.09933	0.05530	0.70975	0.02468	0.00480	0.00492	0.00858	0.00347	0.00340
5	0.05828	0.00904	0.01426	0.31312	0.06438	0.00994	0.06992	0.05512	0.01118	0.08117	0.01162	0.05084	0.00968	0.00911	0.00913	0.20306	0.00602	0.00530	0.00312	0.00571
