[name]
unknown

[dist]
# distance from previous block
# <min> <max>
0	28

[block]
# block no. 0 follows, 46 sequences, length 11
# corresponding to MSA columns:
# 28-38
name=unknown_A
#
# <colnr> <probs for GDERKNQSTAVLIFYWHMCP>
#	G	D	E	R	K	N	Q	S	T	A	V	L	I	F	Y	W	H	M	C	P
0	0.00912	0.00681	0.00892	0.00978	0.01122	0.00706	0.00833	0.01335	0.12577	0.01666	0.02707	0.08830	0.02850	0.01358	0.00699	0.00232	0.00468	0.60123	0.00495	0.00537
1	0.01060	0.02735	0.78682	0.01507	0.02288	0.01228	0.01953	0.01674	0.01116	0.01674	0.00949	0.01116	0.00670	0.00502	0.00502	0.00167	0.00781	0.00391	0.00223	0.00781
2	0.00987	0.00574	0.00729	0.00701	0.00802	0.00546	0.00488	0.01104	0.01098	0.12941	0.18733	0.15423	0.02769	0.33247	0.04482	0.00341	0.00447	0.03652	0.00459	0.00475
3	0.08209	0.02069	0.52569	0.01280	0.01872	0.01069	0.03564	0.01542	0.01164	0.03781	0.12567	0.05333	0.01462	0.00645	0.00518	0.00169	0.00642	0.00529	0.00311	0.00706
4	0.00738	0.00540	0.00692	0.00654	0.00783	0.00494	0.00491	0.00977	0.01472	0.02061	0.71659	0.04046	0.11210	0.01103	0.00624	0.00167	0.00251	0.00970	0.00574	0.00494
5	0.01132	0.01309	0.11893	0.52269	0.14003	0.04379	0.01518	0.04504	0.01162	0.01526	0.00957	0.01332	0.00726	0.00522	0.00522	0.00170	0.00709	0.00454	0.00251	0.00663
6	0.01364	0.00850	0.01095	0.07175	0.01346	0.00898	0.00779	0.03674	0.16735	0.22127	0.21224	0.10126	0.02417	0.00885	0.00662	0.00179	0.06510	0.00737	0.00528	0.00689
7	0.00748	0.00540	0.00707	0.00665	0.00790	0.00499	0.00499	0.00998	0.01496	0.02120	0.77844	0.03949	0.04988	0.01081	0.00624	0.00166	0.00249	0.00956	0.00582	0.00499
8	0.53889	0.01012	0.00958	0.00806	0.01158	0.01097	0.00662	0.04651	0.05924	0.23502	0.01219	0.01205	0.00854	0.00556	0.00404	0.00164	0.00427	0.00381	0.00438	0.00692
9	0.60429	0.04293	0.01006	0.02691	0.04197	0.01230	0.00693	0.05197	0.09041	0.02266	0.01011	0.04193	0.00831	0.00566	0.00386	0.00165	0.00436	0.00387	0.00357	0.00625
10	0.00906	0.00679	0.00847	0.00775	0.00969	0.00648	0.03542	0.01201	0.07827	0.07705	0.17689	0.06958	0.38008	0.01151	0.00662	0.00183	0.03498	0.05702	0.00505	0.00543

[dist]
# distance from previous block
# <min> <max>
0	1

[block]
# block no. 1 follows, 46 sequences, length 16
# corresponding to MSA columns:
# 40-55
name=unknown_B
#
# <colnr> <probs for GDERKNQSTAVLIFYWHMCP>
#	G	D	E	R	K	N	Q	S	T	A	V	L	I	F	Y	W	H	M	C	P
0	0.04277	0.22258	0.01830	0.01140	0.01533	0.15869	0.00960	0.37446	0.05919	0.02335	0.01081	0.01129	0.00831	0.00572	0.00465	0.00144	0.00631	0.00403	0.00399	0.00777
1	0.00985	0.00493	0.00493	0.00493	0.00616	0.00493	0.00370	0.01232	0.01109	0.01971	0.01725	0.01971	0.01355	0.00616	0.00370	0.00123	0.00246	0.00493	0.84356	0.00493
2	0.00768	0.00518	0.00602	0.00602	0.00611	0.00526	0.00352	0.00785	0.00776	0.01044	0.01642	0.03330	0.01866	0.74140	0.09895	0.00544	0.00597	0.00750	0.00317	0.00335
3	0.00972	0.00591	0.00772	0.00698	0.00865	0.00536	0.00534	0.01209	0.01486	0.12854	0.63887	0.03697	0.07767	0.01032	0.00611	0.00166	0.00278	0.00903	0.00588	0.00553
4	0.02083	0.01362	0.01513	0.01160	0.01580	0.01464	0.00958	0.61336	0.02288	0.18636	0.01435	0.01377	0.00982	0.00639	0.00529	0.00160	0.00555	0.00487	0.00554	0.00899
5	0.00651	0.00463	0.00611	0.00728	0.00757	0.00434	0.00482	0.00738	0.00999	0.01332	0.02847	0.76895	0.03412	0.05953	0.00783	0.00231	0.00318	0.01463	0.00482	0.00424
6	0.01096	0.00940	0.01096	0.00783	0.01253	0.00705	0.00626	0.01331	0.01096	0.01723	0.00940	0.01096	0.00783	0.00392	0.00392	0.00078	0.00392	0.00313	0.00313	0.84653
7	0.00720	0.00561	0.00752	0.07385	0.01045	0.00558	0.00593	0.00852	0.01053	0.01407	0.07108	0.54250	0.10370	0.03164	0.00729	0.00207	0.03523	0.01239	0.00453	0.04031
8	0.01392	0.01140	0.01580	0.01270	0.03044	0.01229	0.10699	0.17056	0.04776	0.07452	0.02632	0.03640	0.01070	0.04430	0.00919	0.00183	0.20214	0.00522	0.00376	0.16374
9	0.00657	0.00473	0.00612	0.00710	0.00753	0.00440	0.00475	0.00755	0.01036	0.01378	0.07385	0.66990	0.07884	0.06797	0.00800	0.00229	0.00314	0.01400	0.00485	0.00427
10	0.00641	0.00515	0.00572	0.00603	0.00735	0.00446	0.00435	0.00773	0.01176	0.01467	0.11002	0.26295	0.50675	0.01405	0.00639	0.00188	0.00277	0.01210	0.00499	0.00446
11	0.01179	0.01526	0.14370	0.06467	0.02359	0.01389	0.39415	0.01553	0.01094	0.01553	0.00939	0.01302	0.00746	0.00593	0.00908	0.00191	0.22955	0.00534	0.00249	0.00679
12	0.01600	0.01028	0.01170	0.01002	0.01326	0.01098	0.00793	0.04613	0.46647	0.24974	0.04900	0.02103	0.04864	0.00735	0.00542	0.00174	0.00420	0.00609	0.00572	0.00829
13	0.00651	0.00463	0.00611	0.00727	0.00756	0.00434	0.00481	0.00738	0.00998	0.01331	0.02842	0.76619	0.03406	0.06236	0.00791	0.00232	0.00319	0.01461	0.00481	0.00423
14	0.01186	0.03492	0.28125	0.01688	0.02221	0.01263	0.32567	0.07633	0.01257	0.01757	0.01205	0.09243	0.01027	0.00622	0.00623	0.00178	0.04296	0.00607	0.00294	0.00716
15	0.01766	0.01386	0.01739	0.13398	0.04585	0.01529	0.07664	0.55926	0.02117	0.02833	0.01192	0.01306	0.00859	0.00597	0.00537	0.00163	0.00629	0.00488	0.00452	0.00833

[dist]
# distance from previous block
# <min> <max>
7	16

[block]
# block no. 2 follows, 46 sequences, length 6
# corresponding to MSA columns:
# 72-77
name=unknown_C
#
# <colnr> <probs for GDERKNQSTAVLIFYWHMCP>
#	G	D	E	R	K	N	Q	S	T	A	V	L	I	F	Y	W	H	M	C	P
0	0.01709	0.00875	0.01109	0.00876	0.01232	0.00780	0.00705	0.05057	0.06844	0.39834	0.17143	0.02089	0.01956	0.00694	0.00524	0.00149	0.00401	0.00578	0.00561	0.16884
1	0.00664	0.00472	0.00621	0.00718	0.00757	0.00443	0.00480	0.00767	0.01049	0.01412	0.11074	0.67363	0.03555	0.06965	0.00805	0.00229	0.00314	0.01393	0.00489	0.00430
2	0.01120	0.10361	0.59145	0.01513	0.02193	0.01347	0.09314	0.01644	0.01108	0.01611	0.00925	0.01123	0.00685	0.00515	0.00568	0.00167	0.05271	0.00408	0.00228	0.00753
3	0.00644	0.00460	0.00613	0.00736	0.00767	0.00429	0.00491	0.00736	0.01012	0.01350	0.02914	0.81076	0.03497	0.01656	0.00675	0.00215	0.00307	0.01503	0.00491	0.00429
4	0.06759	0.00968	0.01594	0.62735	0.08639	0.01157	0.04460	0.01373	0.01063	0.01461	0.01016	0.04651	0.00824	0.00565	0.00524	0.00176	0.00670	0.00506	0.00255	0.00603
5	0.07097	0.01299	0.01365	0.01077	0.01456	0.04376	0.00876	0.48701	0.02012	0.10635	0.01395	0.06264	0.01080	0.00670	0.00509	0.00155	0.00530	0.00517	0.03166	0.06821

[dist]
# distance from previous block
# <min> <max>
1	6

[block]
# block no. 3 follows, 46 sequences, length 14
# corresponding to MSA columns:
# 88-101
name=unknown_D
#
# <colnr> <probs for GDERKNQSTAVLIFYWHMCP>
#	G	D	E	R	K	N	Q	S	T	A	V	L	I	F	Y	W	H	M	C	P
0	0.20278	0.24185	0.01689	0.04177	0.03325	0.20482	0.02403	0.03468	0.03027	0.05035	0.00947	0.03007	0.00793	0.00533	0.00416	0.00141	0.00616	0.00371	0.00306	0.04799
1	0.09161	0.13058	0.07126	0.13823	0.01918	0.10450	0.07121	0.05170	0.07020	0.08303	0.01064	0.01243	0.00821	0.00589	0.00638	0.00166	0.10891	0.00432	0.00321	0.00685
2	0.01061	0.00875	0.01213	0.21065	0.01793	0.00955	0.03585	0.04757	0.10990	0.03597	0.06884	0.16409	0.01729	0.02758	0.00681	0.00180	0.06168	0.00708	0.04034	0.10558
3	0.01002	0.00537	0.00757	0.00729	0.00762	0.00550	0.00501	0.06486	0.00826	0.01103	0.00945	0.01581	0.00917	0.01744	0.01948	0.78148	0.00469	0.00460	0.00252	0.00281
4	0.01219	0.01064	0.01179	0.08051	0.01373	0.07878	0.00818	0.14879	0.04920	0.01740	0.08324	0.02169	0.04187	0.19692	0.02977	0.00268	0.14641	0.00598	0.00370	0.03653
5	0.00724	0.00522	0.00685	0.00682	0.00784	0.00483	0.00497	0.00937	0.01384	0.01941	0.60413	0.21892	0.04641	0.01215	0.00635	0.00178	0.00263	0.01083	0.00561	0.00483
6	0.02322	0.00979	0.01276	0.00978	0.01389	0.00895	0.00808	0.12678	0.01646	0.68199	0.01974	0.01727	0.01253	0.00652	0.00531	0.00163	0.00468	0.00524	0.00637	0.00900
7	0.00918	0.00459	0.00689	0.00689	0.00689	0.00459	0.00459	0.00689	0.00689	0.00918	0.00918	0.01607	0.00918	0.01837	0.02066	0.84619	0.00459	0.00459	0.00230	0.00230
8	0.01928	0.04213	0.01557	0.01175	0.01571	0.07539	0.00966	0.63820	0.02283	0.03027	0.01243	0.01271	0.00901	0.00621	0.00509	0.00153	0.00590	0.00460	0.05327	0.00846
9	0.85155	0.01022	0.00777	0.00695	0.01022	0.01186	0.00573	0.01554	0.00900	0.02372	0.00736	0.00859	0.00573	0.00491	0.00327	0.00164	0.00409	0.00286	0.00327	0.00573
10	0.02206	0.01165	0.01391	0.01067	0.01482	0.01171	0.00881	0.36311	0.01958	0.44127	0.01712	0.01557	0.01121	0.00645	0.00530	0.00161	0.00510	0.00506	0.00597	0.00899
11	0.01996	0.01069	0.01279	0.01028	0.01407	0.01084	0.00834	0.15254	0.24163	0.42977	0.01966	0.01760	0.01329	0.00670	0.00533	0.00167	0.00463	0.00542	0.00598	0.00881
12	0.02010	0.01481	0.01587	0.01216	0.01639	0.01639	0.01005	0.76360	0.02486	0.03332	0.01269	0.01269	0.00899	0.00635	0.00529	0.00159	0.00582	0.00476	0.00529	0.00899
13	0.01662	0.01226	0.01512	0.17085	0.07225	0.01359	0.01089	0.36213	0.12764	0.10030	0.01435	0.01585	0.01059	0.00639	0.00536	0.00168	0.00570	0.02566	0.00464	0.00812

[dist]
# distance from previous block
# <min> <max>
1	4

[block]
# block no. 4 follows, 46 sequences, length 80
# corresponding to MSA columns:
# 106-185
name=unknown_E
#
# <colnr> <probs for GDERKNQSTAVLIFYWHMCP>
#	G	D	E	R	K	N	Q	S	T	A	V	L	I	F	Y	W	H	M	C	P
0	0.01775	0.01419	0.01560	0.09910	0.03605	0.06901	0.02212	0.49298	0.06782	0.04444	0.01252	0.01352	0.00923	0.01926	0.00589	0.00167	0.02576	0.00478	0.00457	0.02373
1	0.02077	0.02796	0.01389	0.01107	0.03706	0.01072	0.00884	0.15479	0.01568	0.50276	0.01700	0.01620	0.01143	0.02092	0.00712	0.00176	0.10296	0.00510	0.00553	0.00843
2	0.00625	0.00536	0.00536	0.00536	0.00714	0.00446	0.00402	0.00759	0.01205	0.01428	0.05355	0.05088	0.77909	0.01339	0.00625	0.00179	0.00268	0.01116	0.00491	0.00446
3	0.01088	0.02540	0.67445	0.01614	0.02359	0.01244	0.12995	0.01677	0.01136	0.01677	0.00967	0.01162	0.00689	0.00494	0.00520	0.00169	0.00798	0.00425	0.00230	0.00771
4	0.00719	0.00539	0.00666	0.00634	0.00772	0.00486	0.00475	0.00940	0.01426	0.01954	0.60442	0.04222	0.22494	0.01143	0.00624	0.00169	0.00254	0.00994	0.00560	0.00486
5	0.04678	0.04287	0.01371	0.01009	0.01415	0.01111	0.00839	0.26115	0.01779	0.47134	0.01721	0.01568	0.01131	0.00634	0.00513	0.00159	0.00490	0.00496	0.02681	0.00871
6	0.01182	0.01464	0.11923	0.14806	0.10485	0.01266	0.42618	0.01605	0.01182	0.01633	0.01013	0.01354	0.00771	0.00475	0.00592	0.00171	0.02204	0.00538	0.00258	0.04462
7	0.01233	0.01496	0.15136	0.01970	0.10127	0.01185	0.43614	0.01653	0.01251	0.06284	0.07311	0.03795	0.01224	0.00555	0.00589	0.00173	0.00752	0.00615	0.00314	0.00723
8	0.00728	0.00503	0.00623	0.00660	0.00684	0.00503	0.00417	0.00785	0.00876	0.01182	0.04325	0.27662	0.02441	0.45335	0.10553	0.00446	0.00541	0.00982	0.00378	0.00377
9	0.05187	0.00920	0.01221	0.00940	0.01346	0.00815	0.00776	0.04575	0.01519	0.73820	0.02017	0.01753	0.01272	0.00648	0.00525	0.00163	0.00452	0.00522	0.00640	0.00889
10	0.04377	0.22591	0.54843	0.01321	0.01985	0.01453	0.01618	0.01638	0.01091	0.01583	0.00881	0.01039	0.00669	0.00498	0.00481	0.00155	0.02444	0.00361	0.00228	0.00743
11	0.01072	0.00583	0.00592	0.00561	0.00711	0.00599	0.00429	0.07182	0.02675	0.02083	0.01697	0.01916	0.01324	0.00619	0.00385	0.00127	0.00276	0.00493	0.76144	0.00531
12	0.00633	0.00528	0.00552	0.00563	0.00723	0.00447	0.00416	0.00768	0.01200	0.01454	0.08700	0.12843	0.66642	0.01359	0.00630	0.00182	0.00271	0.01148	0.00495	0.00447
13	0.26659	0.01297	0.01307	0.01043	0.01412	0.01457	0.00856	0.49495	0.01915	0.02918	0.01144	0.03043	0.00876	0.02001	0.00534	0.00169	0.02195	0.00448	0.00458	0.00774
14	0.00651	0.00465	0.00621	0.00741	0.00775	0.00435	0.00500	0.00750	0.01027	0.01371	0.04422	0.77671	0.03515	0.01640	0.00675	0.00214	0.00310	0.03291	0.00492	0.00432
15	0.01161	0.01058	0.06004	0.00864	0.01306	0.00803	0.00735	0.08505	0.01258	0.03227	0.05658	0.05110	0.01176	0.00528	0.00441	0.00105	0.00423	0.00432	0.00359	0.60848
16	0.01523	0.55464	0.02296	0.01009	0.01397	0.23157	0.00908	0.01681	0.01198	0.01268	0.01017	0.01115	0.05021	0.00527	0.00393	0.00123	0.00655	0.00345	0.00254	0.00647
17	0.34850	0.01041	0.01271	0.17929	0.01733	0.01300	0.02593	0.01435	0.00929	0.03237	0.00824	0.01130	0.00678	0.00643	0.00831	0.00187	0.26022	0.00399	0.02384	0.00585
18	0.01519	0.01101	0.01209	0.01041	0.01362	0.01216	0.00822	0.11106	0.52098	0.14151	0.04238	0.02028	0.04245	0.00730	0.00541	0.00174	0.00432	0.00601	0.00555	0.00831
19	0.01084	0.00859	0.01126	0.15295	0.08421	0.00887	0.00852	0.05374	0.12771	0.06494	0.15141	0.02801	0.20357	0.00846	0.00561	0.00167	0.00433	0.00723	0.00448	0.05360
20	0.00956	0.00584	0.00765	0.00695	0.00848	0.00535	0.00524	0.01184	0.01455	0.11752	0.63696	0.03647	0.04339	0.05803	0.00735	0.00187	0.00290	0.00891	0.00576	0.00539
21	0.01194	0.01294	0.02647	0.12194	0.07018	0.01266	0.54741	0.03099	0.01236	0.01661	0.01317	0.01641	0.05666	0.00526	0.00622	0.00177	0.02110	0.00621	0.00282	0.00689
22	0.00733	0.00528	0.00693	0.00676	0.00786	0.00488	0.00498	0.00959	0.01424	0.02005	0.66651	0.15471	0.04765	0.01167	0.00631	0.00174	0.00258	0.01038	0.00568	0.00488
23	0.01200	0.01081	0.01701	0.51887	0.19599	0.01254	0.01431	0.10961	0.02674	0.01700	0.01016	0.01380	0.00775	0.00533	0.00528	0.00170	0.00667	0.00473	0.00284	0.00686
24	0.01616	0.00732	0.00985	0.00812	0.01089	0.00647	0.00647	0.01841	0.01505	0.42923	0.37367	0.02800	0.03022	0.00853	0.00574	0.00165	0.00356	0.00729	0.00621	0.00713
25	0.01255	0.00710	0.00960	0.10516	0.01320	0.00685	0.00705	0.03269	0.02666	0.23820	0.22433	0.17512	0.09959	0.01006	0.00591	0.00177	0.00386	0.00874	0.00532	0.00622
26	0.04267	0.01208	0.01433	0.11151	0.03545	0.01259	0.00963	0.38180	0.01831	0.14468	0.01275	0.01328	0.00907	0.00574	0.00499	0.00148	0.00539	0.00450	0.00461	0.15514
27	0.01862	0.06973	0.06467	0.01311	0.01643	0.51635	0.01071	0.14384	0.01583	0.03384	0.00919	0.01038	0.00731	0.00571	0.00536	0.00145	0.04379	0.00372	0.00316	0.00680
28	0.00707	0.00512	0.00667	0.00702	0.00789	0.00473	0.00500	0.00875	0.01236	0.01702	0.36459	0.39258	0.06131	0.03150	0.00692	0.00197	0.00291	0.03179	0.00524	0.01956
29	0.01508	0.02427	0.01165	0.00849	0.01283	0.00780	0.00688	0.01794	0.05131	0.25971	0.01395	0.02762	0.01037	0.00515	0.00447	0.00113	0.00413	0.00417	0.00434	0.50870
30	0.01277	0.01339	0.06460	0.08183	0.49212	0.05352	0.01462	0.03873	0.01222	0.01703	0.05815	0.01436	0.01059	0.00570	0.00649	0.00166	0.08689	0.00489	0.00283	0.00759
31	0.02372	0.00900	0.01227	0.00941	0.01350	0.00777	0.00777	0.02576	0.01513	0.78489	0.02086	0.01799	0.01309	0.00654	0.00532	0.00164	0.00450	0.00532	0.00654	0.00900
32	0.01444	0.18038	0.07940	0.02752	0.01538	0.01511	0.00983	0.14887	0.39569	0.03493	0.01583	0.01535	0.01197	0.00626	0.00492	0.00161	0.00513	0.00491	0.00442	0.00806
33	0.01091	0.00888	0.04744	0.00922	0.01115	0.00852	0.00728	0.16544	0.10666	0.03664	0.02258	0.37714	0.02385	0.07785	0.00786	0.00222	0.00433	0.06127	0.00481	0.00599
34	0.00775	0.00549	0.00702	0.00658	0.00796	0.00500	0.00496	0.01012	0.01466	0.03928	0.68395	0.04015	0.12527	0.01097	0.00621	0.00167	0.00256	0.00962	0.00574	0.00503
35	0.01361	0.01080	0.01149	0.02815	0.01344	0.04823	0.00817	0.11110	0.39559	0.06977	0.06556	0.04277	0.03577	0.00893	0.02798	0.00196	0.00483	0.05967	0.03473	0.00745
36	0.00658	0.00538	0.00582	0.00574	0.00739	0.00462	0.00433	0.00821	0.01274	0.01594	0.22418	0.04834	0.59376	0.01280	0.00626	0.00177	0.00267	0.02376	0.00512	0.00459
37	0.01060	0.02735	0.78682	0.01507	0.02288	0.01228	0.01953	0.01674	0.01116	0.01674	0.00949	0.01116	0.00670	0.00502	0.00502	0.00167	0.00781	0.00391	0.00223	0.00781
38	0.01096	0.00940	0.01096	0.00783	0.01253	0.00705	0.00626	0.01331	0.01096	0.01723	0.00940	0.01096	0.00783	0.00392	0.00392	0.00078	0.00392	0.00313	0.00313	0.84653
39	0.01439	0.11175	0.06429	0.01057	0.01331	0.09955	0.02171	0.09394	0.01271	0.13959	0.01483	0.08631	0.03114	0.06747	0.07196	0.00247	0.10839	0.00576	0.02336	0.00650
40	0.05091	0.01256	0.01331	0.01109	0.01462	0.01415	0.00889	0.31298	0.42125	0.05579	0.01748	0.01647	0.01282	0.00673	0.00525	0.00170	0.00483	0.00535	0.00530	0.00852
41	0.01044	0.02619	0.74582	0.01463	0.02209	0.01189	0.01877	0.01639	0.01136	0.01698	0.04992	0.01265	0.00897	0.00533	0.00509	0.00167	0.00753	0.00420	0.00242	0.00766
42	0.01413	0.81739	0.02770	0.00905	0.01357	0.02092	0.00905	0.01583	0.01074	0.01244	0.00735	0.00848	0.00678	0.00452	0.00339	0.00113	0.00565	0.00283	0.00226	0.00678
43	0.01413	0.81739	0.02770	0.00905	0.01357	0.02092	0.00905	0.01583	0.01074	0.01244	0.00735	0.00848	0.00678	0.00452	0.00339	0.00113	0.00565	0.00283	0.00226	0.00678
44	0.00918	0.00459	0.00689	0.00689	0.00689	0.00459	0.00459	0.00689	0.00689	0.00918	0.00918	0.01607	0.00918	0.01837	0.02066	0.84619	0.00459	0.00459	0.00230	0.00230
45	0.01060	0.02735	0.78682	0.01507	0.02288	0.01228	0.01953	0.01674	0.01116	0.01674	0.00949	0.01116	0.00670	0.00502	0.00502	0.00167	0.00781	0.00391	0.00223	0.00781
46	0.00699	0.00543	0.00638	0.00626	0.00775	0.00482	0.00477	0.00896	0.01347	0.01773	0.40290	0.04592	0.37871	0.01222	0.00631	0.00177	0.00273	0.05682	0.00535	0.00474
47	0.00662	0.00475	0.00631	0.00745	0.00789	0.00444	0.00513	0.00771	0.01049	0.01397	0.05835	0.71339	0.05215	0.01614	0.00675	0.00214	0.00316	0.06387	0.00494	0.00436
48	0.01060	0.02735	0.78682	0.01507	0.02288	0.01228	0.01953	0.01674	0.01116	0.01674	0.00949	0.01116	0.00670	0.00502	0.00502	0.00167	0.00781	0.00391	0.00223	0.00781
49	0.00817	0.00590	0.00737	0.00797	0.00878	0.00583	0.00556	0.10338	0.01199	0.01601	0.02705	0.70943	0.03167	0.01527	0.00656	0.00208	0.00342	0.01372	0.00496	0.00489
50	0.01851	0.02319	0.01509	0.11366	0.01889	0.69379	0.01078	0.02014	0.01442	0.01301	0.00833	0.01011	0.00684	0.00543	0.00483	0.00141	0.00922	0.00357	0.00268	0.00610
51	0.02219	0.01145	0.01379	0.01057	0.01472	0.01141	0.00873	0.33708	0.01923	0.46778	0.01741	0.01576	0.01136	0.00646	0.00530	0.00162	0.00505	0.00508	0.00601	0.00899
52	0.01136	0.17192	0.60828	0.01456	0.03855	0.01390	0.03870	0.01657	0.01114	0.01597	0.00914	0.01080	0.00679	0.00491	0.00476	0.00157	0.00741	0.00379	0.00226	0.00762
53	0.00939	0.00767	0.01104	0.01007	0.01101	0.00864	0.06150	0.03917	0.01039	0.03745	0.04915	0.32458	0.04078	0.10266	0.05812	0.00280	0.19703	0.00953	0.00391	0.00511
54	0.02160	0.00846	0.01152	0.00915	0.01278	0.00734	0.00742	0.02351	0.01452	0.69027	0.02187	0.11524	0.01577	0.00777	0.00549	0.00170	0.00432	0.00651	0.00634	0.00842
55	0.01065	0.02704	0.76899	0.01524	0.02299	0.01230	0.03705	0.01675	0.01119	0.01675	0.00952	0.01123	0.00673	0.00501	0.00505	0.00168	0.00784	0.00396	0.00224	0.00780
56	0.03722	0.10524	0.24962	0.01208	0.01742	0.01160	0.06403	0.06509	0.01369	0.35045	0.01440	0.01407	0.00968	0.00566	0.00503	0.00160	0.00601	0.00459	0.00434	0.00819
57	0.01736	0.00983	0.01317	0.01061	0.01372	0.01007	0.05044	0.06990	0.12929	0.37174	0.09502	0.02052	0.05014	0.00757	0.00699	0.00176	0.10264	0.00603	0.00540	0.00780
58	0.00635	0.00530	0.00551	0.00566	0.00726	0.00450	0.00419	0.00765	0.01179	0.01417	0.04995	0.11975	0.67749	0.02985	0.00674	0.00190	0.00282	0.02981	0.00487	0.00443
59	0.00643	0.00465	0.00608	0.00723	0.00763	0.00430	0.00485	0.00738	0.01024	0.01354	0.03068	0.76272	0.08201	0.01636	0.00672	0.00212	0.00304	0.01478	0.00491	0.00430
60	0.01600	0.01629	0.01821	0.02158	0.34814	0.22457	0.03949	0.13936	0.08976	0.01915	0.01107	0.01276	0.00880	0.00541	0.00517	0.00155	0.00697	0.00454	0.00335	0.00782
61	0.01221	0.01473	0.07515	0.07111	0.02790	0.01320	0.67065	0.01671	0.01228	0.01671	0.01054	0.01407	0.00788	0.00454	0.00611	0.00177	0.00873	0.00600	0.00263	0.00709
62	0.00774	0.00546	0.00707	0.00666	0.00797	0.00500	0.00499	0.01013	0.01472	0.03667	0.70946	0.05590	0.08633	0.01097	0.00623	0.00168	0.00256	0.00967	0.00577	0.00503
63	0.45165	0.00981	0.01144	0.34468	0.02152	0.01160	0.00964	0.01520	0.00998	0.05829	0.00892	0.01141	0.00666	0.00515	0.00423	0.00169	0.00537	0.00377	0.00305	0.00596
64	0.00649	0.00532	0.00572	0.00572	0.00731	0.00455	0.00425	0.00802	0.01248	0.01552	0.18659	0.09395	0.59955	0.01310	0.00628	0.00178	0.00267	0.01109	0.00508	0.00455
65	0.00716	0.00522	0.00674	0.00673	0.00780	0.00479	0.00491	0.00922	0.01366	0.01899	0.55984	0.21794	0.09265	0.01230	0.00635	0.00178	0.00264	0.01092	0.00555	0.00479
66	0.00986	0.00909	0.01334	0.01178	0.01237	0.01187	0.03809	0.01140	0.00841	0.01263	0.01030	0.01609	0.00989	0.04562	0.33113	0.00488	0.43016	0.00520	0.00256	0.00533
67	0.08592	0.02530	0.68756	0.01462	0.02193	0.01228	0.04733	0.01664	0.01102	0.01737	0.00934	0.01105	0.00666	0.00499	0.00491	0.00167	0.00752	0.00390	0.00234	0.00760
68	0.52241	0.01050	0.02356	0.05673	0.06366	0.01131	0.00775	0.01825	0.07184	0.15294	0.01114	0.01177	0.00810	0.00538	0.00407	0.00165	0.00455	0.00378	0.00389	0.00672
69	0.00918	0.00729	0.01143	0.01131	0.01311	0.00725	0.10094	0.01234	0.04134	0.01620	0.02562	0.05254	0.02713	0.01307	0.00710	0.00233	0.00534	0.62658	0.00462	0.00528
70	0.01215	0.01169	0.01899	0.36422	0.34479	0.03392	0.05931	0.04416	0.02941	0.01622	0.01007	0.01363	0.00793	0.00508	0.00531	0.00167	0.00679	0.00479	0.00267	0.00717
71	0.00769	0.00513	0.00577	0.00577	0.00577	0.00513	0.00320	0.00769	0.00769	0.01025	0.01666	0.03460	0.01922	0.81421	0.02691	0.00513	0.00513	0.00769	0.00320	0.00320
72	0.01096	0.00940	0.01096	0.00783	0.01253	0.00705	0.00626	0.01331	0.01096	0.01723	0.00940	0.01096	0.00783	0.00392	0.00392	0.00078	0.00392	0.00313	0.00313	0.84653
73	0.00657	0.00470	0.00625	0.00727	0.00770	0.00438	0.00492	0.00768	0.01072	0.01444	0.12105	0.71615	0.03679	0.01586	0.00668	0.00209	0.00300	0.01436	0.00502	0.00438
74	0.00920	0.00472	0.00714	0.02891	0.00771	0.00479	0.00487	0.00707	0.00699	0.00930	0.00919	0.01602	0.00912	0.01800	0.02024	0.82279	0.00466	0.00459	0.00230	0.00239
75	0.00652	0.00472	0.00616	0.00717	0.00765	0.00436	0.00486	0.00759	0.01065	0.01419	0.09327	0.69830	0.08325	0.01588	0.00667	0.00208	0.00299	0.01433	0.00498	0.00436
76	0.01275	0.11507	0.06610	0.03112	0.01497	0.03809	0.01156	0.01440	0.00930	0.05887	0.00807	0.01153	0.00727	0.00802	0.01345	0.00204	0.56423	0.00436	0.00257	0.00624
77	0.69531	0.07534	0.01023	0.02375	0.01156	0.01298	0.00655	0.08025	0.01054	0.02344	0.00786	0.00905	0.00612	0.00501	0.00350	0.00159	0.00442	0.00306	0.00335	0.00610
78	0.06444	0.01125	0.01753	0.21775	0.06664	0.01402	0.10032	0.01382	0.00960	0.01449	0.00827	0.01242	0.00712	0.00700	0.01103	0.00199	0.38976	0.00469	0.00246	0.02539
79	0.01390	0.01281	0.01202	0.04097	0.01429	0.14529	0.00851	0.06962	0.41578	0.04135	0.09538	0.02170	0.04811	0.00757	0.00544	0.00171	0.00511	0.02825	0.00484	0.00735

[dist]
# distance from previous block
# <min> <max>
0	1

[block]
# block no. 5 follows, 46 sequences, length 11
# corresponding to MSA columns:
# 187-197
name=unknown_F
#
# <colnr> <probs for GDERKNQSTAVLIFYWHMCP>
#	G	D	E	R	K	N	Q	S	T	A	V	L	I	F	Y	W	H	M	C	P
0	0.00751	0.00558	0.00657	0.00659	0.00799	0.00508	0.00483	0.00975	0.04722	0.04007	0.26425	0.22322	0.32621	0.01286	0.00629	0.00183	0.00284	0.01117	0.00525	0.00490
1	0.01135	0.01111	0.07111	0.06596	0.14941	0.01082	0.01039	0.03665	0.31607	0.01883	0.05365	0.13831	0.01857	0.00848	0.00569	0.00183	0.00485	0.05538	0.00437	0.00719
2	0.00743	0.00502	0.00584	0.00610	0.00616	0.00495	0.00356	0.00762	0.00819	0.01092	0.01925	0.19589	0.02249	0.64845	0.02272	0.00451	0.00470	0.00921	0.00356	0.00343
3	0.01105	0.00904	0.01444	0.04456	0.06512	0.00925	0.15647	0.04928	0.06597	0.06290	0.14276	0.20369	0.02231	0.00917	0.00666	0.00182	0.05682	0.00834	0.05414	0.00622
4	0.00989	0.00594	0.00784	0.00706	0.00873	0.00540	0.00540	0.01232	0.01499	0.13456	0.66599	0.03630	0.04442	0.01017	0.00610	0.00166	0.00279	0.00893	0.00593	0.00558
5	0.02906	0.00815	0.01004	0.00876	0.01094	0.00834	0.03132	0.12517	0.11599	0.05583	0.40444	0.04516	0.04716	0.03306	0.00654	0.00182	0.00375	0.04285	0.00540	0.00621
6	0.01907	0.01430	0.01528	0.01195	0.01600	0.01591	0.00980	0.65443	0.13571	0.03165	0.01400	0.01374	0.01005	0.00647	0.00530	0.00162	0.00557	0.00494	0.00530	0.00890
7	0.01278	0.01049	0.01134	0.01007	0.01286	0.01174	0.00792	0.12523	0.49487	0.02283	0.12094	0.02480	0.06284	0.00820	0.00561	0.00177	0.00413	0.03855	0.00538	0.00764
8	0.01216	0.03749	0.01039	0.00861	0.01044	0.04534	0.00642	0.21925	0.04905	0.01840	0.01765	0.06950	0.06040	0.29551	0.06087	0.00329	0.02294	0.00675	0.03988	0.00566
9	0.01096	0.00940	0.01096	0.00783	0.01253	0.00705	0.00626	0.01331	0.01096	0.01723	0.00940	0.01096	0.00783	0.00392	0.00392	0.00078	0.00392	0.00313	0.00313	0.84653
10	0.01365	0.04883	0.09505	0.03419	0.32078	0.03383	0.07298	0.16691	0.01442	0.01970	0.01302	0.06622	0.03524	0.00611	0.00530	0.00160	0.00621	0.00548	0.00335	0.03713

[dist]
# distance from previous block
# <min> <max>
0	1

[block]
# block no. 6 follows, 46 sequences, length 21
# corresponding to MSA columns:
# 199-219
name=unknown_G
#
# <colnr> <probs for GDERKNQSTAVLIFYWHMCP>
#	G	D	E	R	K	N	Q	S	T	A	V	L	I	F	Y	W	H	M	C	P
0	0.13201	0.01087	0.01261	0.01142	0.07895	0.02832	0.00839	0.17302	0.04161	0.19512	0.08338	0.02943	0.01356	0.00641	0.00536	0.00154	0.03380	0.00502	0.00464	0.12452
1	0.00722	0.00531	0.00677	0.00667	0.00787	0.00487	0.00496	0.00936	0.01388	0.01915	0.56596	0.14205	0.13958	0.01200	0.00634	0.00177	0.00267	0.03319	0.00556	0.00483
2	0.00748	0.00540	0.00707	0.00665	0.00790	0.00499	0.00499	0.00998	0.01496	0.02120	0.77844	0.03949	0.04988	0.01081	0.00624	0.00166	0.00249	0.00956	0.00582	0.00499
3	0.01225	0.01412	0.05095	0.08963	0.07327	0.01315	0.63198	0.01659	0.01225	0.01665	0.01050	0.01409	0.00792	0.00456	0.00606	0.00176	0.00856	0.00595	0.00263	0.00712
4	0.00644	0.00460	0.00613	0.00736	0.00767	0.00429	0.00491	0.00736	0.01012	0.01350	0.02914	0.81076	0.03497	0.01656	0.00675	0.00215	0.00307	0.01503	0.00491	0.00429
5	0.00816	0.00768	0.07487	0.00892	0.03794	0.00611	0.00734	0.01098	0.01398	0.01961	0.53641	0.04007	0.04082	0.01084	0.00630	0.00181	0.00356	0.15406	0.00521	0.00533
6	0.05027	0.02628	0.01219	0.04567	0.01417	0.00817	0.03087	0.01516	0.02645	0.09594	0.01072	0.01195	0.00839	0.00439	0.00419	0.00101	0.00433	0.00357	0.00346	0.62285
7	0.80482	0.01118	0.05106	0.00740	0.01093	0.01188	0.00649	0.01561	0.00912	0.02333	0.00748	0.00873	0.00578	0.00491	0.00337	0.00164	0.00430	0.00292	0.00321	0.00584
8	0.01530	0.01131	0.01234	0.01068	0.01394	0.01265	0.00843	0.09218	0.59606	0.13420	0.02065	0.01886	0.01507	0.00701	0.00536	0.00175	0.00437	0.00577	0.00554	0.00851
9	0.01072	0.02668	0.75232	0.01585	0.05707	0.01229	0.01938	0.01672	0.01120	0.01677	0.00951	0.01125	0.00677	0.00501	0.00503	0.00167	0.00774	0.00394	0.00225	0.00784
10	0.00732	0.00533	0.00688	0.00663	0.00783	0.00490	0.00492	0.00961	0.01437	0.02012	0.67076	0.10644	0.09216	0.01146	0.00628	0.00171	0.00255	0.01013	0.00569	0.00490
11	0.04109	0.00998	0.08101	0.00910	0.01288	0.00780	0.00803	0.03622	0.01418	0.50767	0.07961	0.02203	0.08104	0.03177	0.00599	0.00175	0.00446	0.00600	0.03157	0.00780
12	0.00748	0.00540	0.00707	0.00665	0.00790	0.00499	0.00499	0.00998	0.01496	0.02120	0.77844	0.03949	0.04988	0.01081	0.00624	0.00166	0.00249	0.00956	0.00582	0.00499
13	0.02224	0.00887	0.01207	0.03136	0.01387	0.00786	0.00784	0.02462	0.03541	0.70652	0.02094	0.05506	0.01403	0.00699	0.00538	0.00167	0.00449	0.00577	0.00632	0.00867
14	0.01165	0.00980	0.01133	0.00816	0.01282	0.00775	0.00655	0.06972	0.01201	0.01844	0.00964	0.01109	0.00792	0.00410	0.00402	0.00084	0.00406	0.00325	0.00329	0.78356
15	0.01308	0.01256	0.02146	0.03245	0.78123	0.01256	0.01622	0.01622	0.01204	0.01727	0.00994	0.01308	0.00837	0.00471	0.00523	0.00157	0.00628	0.00471	0.00262	0.00837
16	0.01231	0.01119	0.01664	0.36040	0.24676	0.02696	0.01352	0.09187	0.09323	0.01760	0.01254	0.01624	0.02379	0.00586	0.00535	0.00170	0.00629	0.02743	0.00318	0.00713
17	0.00998	0.00940	0.01586	0.80150	0.03641	0.01175	0.01468	0.01351	0.01057	0.01351	0.00940	0.01409	0.00705	0.00529	0.00529	0.00176	0.00705	0.00470	0.00235	0.00587
18	0.01249	0.04790	0.10537	0.10653	0.52614	0.01287	0.08021	0.01605	0.01178	0.01660	0.00979	0.01288	0.00796	0.00477	0.00522	0.00160	0.00672	0.00467	0.00254	0.00789
19	0.03470	0.01345	0.08833	0.16242	0.28448	0.09593	0.01289	0.01626	0.07444	0.01726	0.13280	0.01733	0.01497	0.00610	0.00529	0.00163	0.00608	0.00532	0.00330	0.00701
20	0.03265	0.03739	0.01336	0.03378	0.05444	0.25701	0.00886	0.17729	0.01530	0.03947	0.05515	0.06420	0.05764	0.04585	0.02900	0.00189	0.01877	0.00558	0.00383	0.04853

[dist]
# distance from previous block
# <min> <max>
1	20

[block]
# block no. 7 follows, 46 sequences, length 20
# corresponding to MSA columns:
# 240-259
name=unknown_H
#
# <colnr> <probs for GDERKNQSTAVLIFYWHMCP>
#	G	D	E	R	K	N	Q	S	T	A	V	L	I	F	Y	W	H	M	C	P
0	0.01367	0.03143	0.01351	0.01215	0.07003	0.07763	0.03213	0.14142	0.06127	0.07057	0.10061	0.07264	0.03385	0.00840	0.00786	0.04361	0.12196	0.00607	0.04019	0.04100
1	0.03336	0.03498	0.04303	0.03045	0.07153	0.11266	0.06331	0.07787	0.14539	0.03748	0.12596	0.04806	0.11152	0.02009	0.00585	0.00172	0.00534	0.02048	0.00427	0.00664
2	0.07685	0.01064	0.03886	0.08319	0.04861	0.01061	0.03252	0.11775	0.15635	0.17422	0.08388	0.04572	0.02914	0.00728	0.00537	0.00170	0.00489	0.03672	0.00479	0.03092
3	0.01276	0.04263	0.02092	0.10168	0.64533	0.01298	0.01558	0.01578	0.01166	0.01652	0.00965	0.01293	0.00812	0.00498	0.00577	0.00161	0.04595	0.00463	0.00256	0.00795
4	0.02013	0.00827	0.01112	0.00899	0.01250	0.00722	0.00742	0.02217	0.01456	0.61524	0.04903	0.02576	0.08348	0.00809	0.00563	0.00173	0.00431	0.08009	0.00621	0.00805
5	0.00698	0.00498	0.00699	0.00777	0.00826	0.00469	0.02585	0.00779	0.01000	0.01327	0.02711	0.64065	0.04973	0.03662	0.00848	0.07601	0.00350	0.05253	0.00457	0.00420
6	0.00644	0.00460	0.00613	0.00736	0.00767	0.00429	0.00491	0.00736	0.01012	0.01350	0.02914	0.81076	0.03497	0.01656	0.00675	0.00215	0.00307	0.01503	0.00491	0.00429
7	0.00998	0.00940	0.01586	0.80150	0.03641	0.01175	0.01468	0.01351	0.01057	0.01351	0.00940	0.01409	0.00705	0.00529	0.00529	0.00176	0.00705	0.00470	0.00235	0.00587
8	0.00709	0.00525	0.00661	0.00657	0.00773	0.00477	0.00481	0.00910	0.01358	0.01863	0.51967	0.18519	0.16685	0.01230	0.00633	0.00177	0.00263	0.01084	0.00550	0.00477
9	0.01248	0.01426	0.03119	0.02228	0.02763	0.01337	0.76203	0.01693	0.01248	0.01693	0.01070	0.01426	0.00802	0.00446	0.00624	0.00178	0.00891	0.00624	0.00267	0.00713
10	0.01482	0.43005	0.21319	0.01070	0.01592	0.04215	0.01137	0.01770	0.01169	0.13608	0.01014	0.01080	0.00781	0.00497	0.00417	0.00134	0.00606	0.00352	0.00299	0.04451
11	0.03227	0.04460	0.01214	0.00928	0.01286	0.01002	0.00743	0.13472	0.14574	0.16372	0.01672	0.12280	0.01404	0.00712	0.00500	0.00146	0.00433	0.00589	0.00470	0.24515
12	0.07276	0.43719	0.05974	0.01261	0.09633	0.09072	0.01033	0.04914	0.05881	0.01551	0.00890	0.01024	0.00756	0.00516	0.00469	0.00138	0.04566	0.00351	0.00274	0.00701
13	0.12771	0.07453	0.07901	0.27834	0.11319	0.02614	0.04445	0.07256	0.04060	0.01770	0.01029	0.03322	0.00827	0.00543	0.00484	0.00161	0.00617	0.00453	0.00296	0.04846
14	0.04183	0.01190	0.03441	0.26844	0.19575	0.03076	0.05243	0.17928	0.01417	0.01932	0.01220	0.09297	0.01056	0.00646	0.00538	0.00170	0.00628	0.00572	0.00337	0.00708
15	0.00952	0.00596	0.00785	0.02701	0.00919	0.00622	0.00575	0.01102	0.01050	0.09192	0.07743	0.27546	0.02311	0.11028	0.11844	0.00316	0.06032	0.00895	0.13292	0.00499
16	0.00943	0.00690	0.00780	0.04464	0.00964	0.02849	0.00542	0.04543	0.04787	0.05074	0.24189	0.05082	0.16538	0.20749	0.01099	0.00252	0.00392	0.00830	0.04730	0.00503
17	0.01140	0.01130	0.01749	0.03255	0.01616	0.01423	0.14225	0.01426	0.06428	0.01437	0.01068	0.01450	0.02986	0.00980	0.05441	0.00245	0.50243	0.00525	0.02625	0.00609
18	0.01418	0.03789	0.09601	0.09860	0.28242	0.08431	0.06204	0.12987	0.10694	0.01929	0.01149	0.01337	0.00891	0.00539	0.00521	0.00161	0.00663	0.00472	0.00329	0.00783
19	0.01273	0.00856	0.00979	0.02575	0.01119	0.03282	0.00673	0.13521	0.08934	0.12009	0.05650	0.13249	0.01925	0.17314	0.07034	0.00295	0.00539	0.03908	0.04258	0.00608

[dist]
# distance from previous block
# <min> <max>
0	1

[block]
# block no. 8 follows, 46 sequences, length 44
# corresponding to MSA columns:
# 261-304
name=unknown_I
#
# <colnr> <probs for GDERKNQSTAVLIFYWHMCP>
#	G	D	E	R	K	N	Q	S	T	A	V	L	I	F	Y	W	H	M	C	P
0	0.02764	0.07393	0.21931	0.03615	0.12896	0.18305	0.01337	0.01610	0.01152	0.01489	0.02459	0.01318	0.03697	0.00682	0.01993	0.00179	0.15804	0.00438	0.00261	0.00676
1	0.00924	0.00681	0.03840	0.00781	0.00947	0.00597	0.02541	0.02272	0.01288	0.08165	0.37732	0.12860	0.04871	0.07197	0.09018	0.00268	0.00457	0.00880	0.04152	0.00529
2	0.14460	0.05058	0.11409	0.03918	0.39080	0.10706	0.02868	0.01699	0.02961	0.01750	0.00943	0.01171	0.00764	0.00493	0.00479	0.00156	0.00651	0.00414	0.00273	0.00747
3	0.58477	0.11090	0.06741	0.04662	0.01327	0.07256	0.00790	0.01599	0.00990	0.02053	0.00767	0.00910	0.00607	0.00493	0.00362	0.00156	0.00511	0.00306	0.00299	0.00604
4	0.04833	0.00576	0.00689	0.00660	0.00797	0.00545	0.00488	0.01024	0.03288	0.03052	0.49255	0.09428	0.15484	0.06663	0.00752	0.00196	0.00290	0.00959	0.00531	0.00492
5	0.01163	0.11167	0.47971	0.01663	0.14780	0.05042	0.01630	0.01627	0.01172	0.01649	0.06480	0.01315	0.01011	0.00535	0.00495	0.00158	0.00701	0.00430	0.00258	0.00751
6	0.00739	0.00501	0.00635	0.00712	0.00786	0.00476	0.00517	0.00891	0.01107	0.01546	0.10269	0.44008	0.07075	0.04064	0.00697	0.00209	0.00323	0.12048	0.12947	0.00451
7	0.43839	0.04192	0.01120	0.13344	0.01524	0.03712	0.00794	0.07529	0.01111	0.07876	0.00982	0.01251	0.00785	0.06382	0.00618	0.00190	0.03399	0.00392	0.00344	0.00613
8	0.00870	0.00653	0.00789	0.00723	0.00888	0.00638	0.00551	0.06554	0.07308	0.02142	0.58922	0.03724	0.12100	0.01048	0.00610	0.00168	0.00288	0.00911	0.00565	0.00548
9	0.06873	0.06652	0.04734	0.00798	0.01047	0.00812	0.00668	0.02592	0.07160	0.12736	0.40146	0.04249	0.05882	0.02636	0.00602	0.00172	0.00362	0.00751	0.00517	0.00612
10	0.00738	0.00555	0.00706	0.00743	0.00858	0.00490	0.00523	0.00862	0.01041	0.01428	0.03955	0.57285	0.04912	0.04513	0.00705	0.00202	0.00336	0.04773	0.00455	0.14918
11	0.01465	0.01210	0.01280	0.01106	0.01432	0.01385	0.00873	0.18677	0.61056	0.02453	0.01961	0.01821	0.01460	0.00699	0.00536	0.00175	0.00454	0.00571	0.00536	0.00850
12	0.01736	0.01295	0.01398	0.01130	0.01486	0.02678	0.00917	0.48553	0.17237	0.05661	0.01493	0.01521	0.01106	0.00995	0.08680	0.00234	0.00631	0.00510	0.01910	0.00831
13	0.04605	0.00726	0.00894	0.00769	0.01021	0.00673	0.00605	0.01653	0.07200	0.27975	0.30994	0.03141	0.15712	0.00929	0.00574	0.00168	0.00340	0.00786	0.00578	0.00655
14	0.03594	0.00709	0.00916	0.00788	0.01045	0.00635	0.00631	0.01656	0.01429	0.34331	0.28704	0.03257	0.12896	0.00947	0.00585	0.00172	0.00358	0.06097	0.00587	0.00663
15	0.00742	0.00519	0.00651	0.00673	0.00708	0.00532	0.00441	0.00813	0.00861	0.01167	0.03487	0.16311	0.04082	0.45386	0.19654	0.00519	0.00671	0.02046	0.00353	0.00383
16	0.00652	0.00532	0.00578	0.00589	0.00744	0.00458	0.00440	0.00801	0.01225	0.01518	0.14593	0.12426	0.58162	0.01340	0.00634	0.00183	0.00277	0.03895	0.00503	0.00453
17	0.01226	0.01162	0.01533	0.01310	0.01356	0.03162	0.01085	0.07013	0.00973	0.01480	0.00815	0.01220	0.00757	0.00873	0.01518	0.00216	0.66908	0.00463	0.06331	0.00597
18	0.01121	0.00966	0.01166	0.00835	0.01305	0.00744	0.02831	0.02990	0.01131	0.01757	0.00951	0.01110	0.00786	0.00398	0.00401	0.00083	0.00410	0.00326	0.00317	0.80374
19	0.01104	0.19038	0.54158	0.01329	0.01971	0.01342	0.03353	0.01577	0.01109	0.01568	0.02253	0.06887	0.00946	0.00583	0.00485	0.00160	0.00696	0.00463	0.00250	0.00728
20	0.01315	0.01136	0.01195	0.01076	0.01375	0.01315	0.00837	0.02809	0.77168	0.02211	0.02152	0.01972	0.01614	0.00717	0.00538	0.00179	0.00418	0.00598	0.00538	0.00837
21	0.08685	0.00909	0.01193	0.00922	0.01325	0.00808	0.00761	0.02498	0.01466	0.72685	0.01983	0.01728	0.01252	0.00642	0.00516	0.00164	0.00447	0.00513	0.00629	0.00875
22	0.02984	0.01333	0.06526	0.10255	0.46497	0.03842	0.01435	0.07302	0.04559	0.08468	0.01140	0.01355	0.00882	0.00520	0.00519	0.00161	0.00624	0.00469	0.00324	0.00807
23	0.01290	0.01213	0.01514	0.16127	0.23938	0.10783	0.01146	0.09941	0.02977	0.01721	0.03343	0.01835	0.05452	0.06799	0.00753	0.00191	0.04760	0.01722	0.03827	0.00667
24	0.00906	0.00605	0.00751	0.00740	0.00839	0.00621	0.00525	0.04333	0.03469	0.05840	0.03779	0.21406	0.07519	0.23832	0.16988	0.00410	0.01622	0.00882	0.04458	0.00476
25	0.07076	0.01285	0.01418	0.06822	0.01642	0.01416	0.00949	0.55069	0.02076	0.04215	0.01374	0.06719	0.01114	0.02006	0.00563	0.00170	0.00551	0.02452	0.00485	0.02597
26	0.00765	0.00532	0.00633	0.00661	0.00700	0.00523	0.00419	0.03612	0.00971	0.01297	0.06167	0.31184	0.04903	0.43285	0.01719	0.00365	0.00421	0.01040	0.00408	0.00394
27	0.08495	0.27109	0.22911	0.01186	0.03587	0.11957	0.01181	0.08443	0.01277	0.04696	0.00951	0.01067	0.00743	0.00513	0.00432	0.00143	0.00649	0.00360	0.03586	0.00714
28	0.01682	0.07730	0.01533	0.01172	0.01506	0.23099	0.00952	0.28360	0.03244	0.02108	0.01152	0.01482	0.00966	0.00650	0.00585	0.00151	0.06420	0.05893	0.00384	0.10932
29	0.15393	0.00573	0.00661	0.00738	0.00819	0.00586	0.00514	0.00890	0.00983	0.01519	0.02465	0.63888	0.02899	0.03146	0.00678	0.00212	0.01873	0.01255	0.00454	0.00455
30	0.01259	0.01507	0.08287	0.02099	0.02621	0.01354	0.64550	0.04481	0.01264	0.01733	0.01050	0.01385	0.00791	0.00480	0.00665	0.00179	0.04709	0.00594	0.00272	0.00718
31	0.00748	0.00557	0.00701	0.00772	0.00844	0.00557	0.00537	0.01021	0.10203	0.01491	0.07944	0.57284	0.03209	0.06412	0.02827	0.00243	0.00363	0.03321	0.00487	0.00479
32	0.00772	0.00550	0.00705	0.00668	0.00805	0.00505	0.00506	0.01007	0.01444	0.03668	0.64570	0.04044	0.12957	0.01169	0.02220	0.00183	0.00286	0.02874	0.00565	0.00501
33	0.01327	0.00992	0.01089	0.00940	0.01200	0.02597	0.00733	0.19030	0.24096	0.07103	0.23519	0.05062	0.05222	0.03883	0.00647	0.00183	0.00415	0.00717	0.00539	0.00708
34	0.00664	0.00528	0.00595	0.00597	0.00743	0.00460	0.00441	0.00827	0.01270	0.01625	0.26670	0.13425	0.47690	0.01298	0.00630	0.00179	0.00267	0.01112	0.00518	0.00460
35	0.01261	0.01072	0.06512	0.00940	0.01225	0.01016	0.00790	0.28542	0.07480	0.02359	0.19664	0.09269	0.09915	0.03512	0.00636	0.00180	0.00436	0.00753	0.03767	0.00673
36	0.01249	0.01253	0.06838	0.02404	0.01476	0.06849	0.02751	0.08488	0.01262	0.01830	0.00965	0.01117	0.00777	0.00438	0.00427	0.00101	0.00499	0.00347	0.00321	0.60606
37	0.07462	0.00980	0.01583	0.47194	0.17719	0.01125	0.04211	0.01369	0.01050	0.01480	0.01020	0.01573	0.00858	0.09397	0.00753	0.00208	0.00653	0.00495	0.00258	0.00611
38	0.01237	0.00951	0.01251	0.04915	0.04367	0.00983	0.06525	0.25874	0.01608	0.04130	0.10275	0.24584	0.09028	0.01011	0.00596	0.00180	0.00468	0.00889	0.00479	0.00650
39	0.01561	0.01050	0.01244	0.00983	0.01333	0.01040	0.02405	0.31057	0.01770	0.14449	0.12989	0.08060	0.03731	0.00756	0.00536	0.00152	0.00456	0.00628	0.00510	0.15291
40	0.03485	0.01151	0.01637	0.03497	0.19618	0.02692	0.09870	0.14950	0.01383	0.02986	0.01262	0.10603	0.01133	0.00631	0.00538	0.00149	0.02035	0.00565	0.00356	0.21458
41	0.07692	0.03123	0.13118	0.07284	0.43238	0.06304	0.02674	0.01725	0.06663	0.01742	0.01033	0.01270	0.00827	0.00502	0.00502	0.00160	0.00647	0.00445	0.00279	0.00774
42	0.20554	0.10221	0.23736	0.09778	0.04468	0.05436	0.02581	0.04374	0.01114	0.01763	0.00955	0.01306	0.00786	0.00581	0.00555	0.00168	0.06724	0.03954	0.00278	0.00668
43	0.04568	0.01116	0.01174	0.02730	0.06947	0.08545	0.00819	0.20802	0.10389	0.02148	0.12914	0.14901	0.07452	0.00892	0.00558	0.00169	0.00479	0.00748	0.00467	0.02181

[dist]
# distance from previous block
# <min> <max>
1	36

[block]
# block no. 9 follows, 46 sequences, length 54
# corresponding to MSA columns:
# 341-394
name=unknown_J
#
# <colnr> <probs for GDERKNQSTAVLIFYWHMCP>
#	G	D	E	R	K	N	Q	S	T	A	V	L	I	F	Y	W	H	M	C	P
0	0.05748	0.31320	0.08229	0.03398	0.03510	0.07376	0.00987	0.08584	0.02510	0.07069	0.07328	0.01316	0.01119	0.00581	0.00516	0.00144	0.05316	0.00415	0.00332	0.04202
1	0.04734	0.01413	0.09899	0.02672	0.57352	0.04139	0.01503	0.01654	0.04081	0.01740	0.01164	0.01407	0.03463	0.00515	0.00513	0.00158	0.00623	0.00474	0.00280	0.02215
2	0.02918	0.05843	0.16573	0.05536	0.22674	0.03262	0.01293	0.01626	0.09227	0.01715	0.01797	0.05158	0.09468	0.00786	0.00636	0.00188	0.05064	0.05140	0.00355	0.00738
3	0.01269	0.13919	0.22822	0.13864	0.08392	0.02432	0.01281	0.05994	0.03546	0.08417	0.06383	0.06910	0.01274	0.00643	0.00508	0.00162	0.00605	0.00531	0.00337	0.00713
4	0.06886	0.04322	0.01173	0.00938	0.01227	0.13167	0.00739	0.09319	0.07147	0.06817	0.07920	0.01812	0.04589	0.05327	0.06273	0.00213	0.03456	0.00508	0.02145	0.16021
5	0.01034	0.00978	0.01598	0.64290	0.03209	0.01228	0.03277	0.01391	0.03331	0.01386	0.00961	0.01404	0.00744	0.00585	0.00684	0.00183	0.10953	0.00477	0.01690	0.00595
6	0.01230	0.01592	0.13911	0.10514	0.04619	0.08742	0.33780	0.01606	0.01164	0.01557	0.00979	0.01310	0.00767	0.00644	0.03447	0.00197	0.09039	0.00508	0.00256	0.04138
