[name]
unknown

[dist]
# distance from previous block
# <min> <max>
16	749

[block]
# block no. 0 follows, 47 sequences, length 8
# corresponding to MSA columns:
# 771-778
name=unknown_A
#
# <colnr> <probs for GDERKNQSTAVLIFYWHMCP>
#	G	D	E	R	K	N	Q	S	T	A	V	L	I	F	Y	W	H	M	C	P
0	0.00972	0.00713	0.00914	0.08483	0.01228	0.00645	0.00642	0.03536	0.01169	0.06398	0.12644	0.22006	0.08251	0.00971	0.00609	0.04133	0.00378	0.00794	0.00420	0.25092
1	0.02965	0.01110	0.01628	0.16532	0.09732	0.06935	0.14667	0.05583	0.02707	0.06569	0.03743	0.05708	0.01175	0.07172	0.00854	0.04563	0.05242	0.00572	0.00325	0.02219
2	0.01121	0.01190	0.04640	0.54381	0.13929	0.07053	0.07460	0.01463	0.01111	0.01418	0.00935	0.01331	0.00717	0.00506	0.00523	0.00168	0.00719	0.00463	0.00240	0.00632
3	0.07159	0.01079	0.01248	0.10325	0.01556	0.06124	0.03277	0.09312	0.18126	0.09350	0.01414	0.01642	0.01116	0.05844	0.07460	0.00243	0.06604	0.00503	0.04000	0.03619
4	0.00916	0.00601	0.00785	0.10394	0.01092	0.00627	0.00569	0.01073	0.03773	0.07443	0.01846	0.18988	0.01939	0.36036	0.06968	0.00367	0.00526	0.00819	0.04785	0.00454
5	0.01244	0.00685	0.00726	0.00642	0.00835	0.00705	0.00503	0.14663	0.01360	0.07528	0.01644	0.01807	0.01252	0.00613	0.00403	0.00130	0.00315	0.00485	0.63874	0.00584
6	0.07183	0.07264	0.01373	0.01066	0.01379	0.14690	0.00852	0.30953	0.13047	0.02284	0.01442	0.11024	0.01242	0.00722	0.00499	0.00158	0.00556	0.00561	0.02980	0.00723
7	0.06764	0.27111	0.04481	0.01052	0.01423	0.04690	0.06518	0.09448	0.10245	0.09270	0.07741	0.03040	0.02746	0.00625	0.00497	0.00150	0.02629	0.00489	0.00381	0.00700

[dist]
# distance from previous block
# <min> <max>
14	53

[block]
# block no. 1 follows, 47 sequences, length 46
# corresponding to MSA columns:
# 832-877
name=unknown_B
#
# <colnr> <probs for GDERKNQSTAVLIFYWHMCP>
#	G	D	E	R	K	N	Q	S	T	A	V	L	I	F	Y	W	H	M	C	P
0	0.12752	0.15990	0.07360	0.08950	0.04860	0.10901	0.00989	0.08564	0.11582	0.04564	0.01329	0.01464	0.04698	0.00592	0.00459	0.00152	0.00574	0.01765	0.00346	0.02108
1	0.08005	0.11575	0.08197	0.00835	0.01158	0.02675	0.00747	0.05272	0.03996	0.05831	0.16810	0.02450	0.16601	0.02184	0.00557	0.00156	0.01853	0.00626	0.00410	0.10061
2	0.04369	0.28305	0.06819	0.01168	0.05644	0.01333	0.09320	0.01523	0.01104	0.04885	0.02436	0.01126	0.00828	0.00470	0.00464	0.00123	0.03466	0.00372	0.00284	0.25959
3	0.01151	0.01598	0.20487	0.01750	0.02283	0.01194	0.43344	0.02835	0.02751	0.01724	0.06475	0.01486	0.01065	0.00510	0.00587	0.00165	0.02334	0.00553	0.00288	0.07421
4	0.00804	0.00637	0.00905	0.00882	0.00944	0.00766	0.00678	0.00950	0.00850	0.01232	0.01494	0.12372	0.01527	0.09568	0.47673	0.00607	0.14710	0.00676	0.02258	0.00465
5	0.01392	0.82012	0.02729	0.00891	0.01337	0.02061	0.00891	0.01559	0.01058	0.01225	0.00724	0.00835	0.00668	0.00446	0.00334	0.00111	0.00557	0.00278	0.00223	0.00668
6	0.00665	0.00530	0.00597	0.00580	0.00734	0.00461	0.00435	0.00844	0.01305	0.01687	0.35237	0.04551	0.48102	0.01214	0.00615	0.00171	0.00256	0.01034	0.00520	0.00461
7	0.02112	0.00837	0.01137	0.00889	0.01252	0.00727	0.00727	0.02320	0.01488	0.68062	0.12719	0.02069	0.01797	0.00703	0.00536	0.00162	0.00415	0.00582	0.00635	0.00831
8	0.00625	0.00528	0.00541	0.00537	0.00709	0.00444	0.00403	0.00766	0.01209	0.01460	0.10943	0.04925	0.72538	0.01299	0.00615	0.00175	0.00262	0.01087	0.00491	0.00444
9	0.00728	0.00532	0.00684	0.00646	0.00773	0.00488	0.00485	0.00966	0.01454	0.02040	0.73025	0.03969	0.10094	0.01083	0.00614	0.00165	0.00247	0.00953	0.00567	0.00488
10	0.85377	0.01007	0.00765	0.00685	0.01007	0.01168	0.00564	0.01531	0.00886	0.02336	0.00725	0.00846	0.00564	0.00483	0.00322	0.00161	0.00403	0.00282	0.00322	0.00564
11	0.85377	0.01007	0.00765	0.00685	0.01007	0.01168	0.00564	0.01531	0.00886	0.02336	0.00725	0.00846	0.00564	0.00483	0.00322	0.00161	0.00403	0.00282	0.00322	0.00564
12	0.85377	0.01007	0.00765	0.00685	0.01007	0.01168	0.00564	0.01531	0.00886	0.02336	0.00725	0.00846	0.00564	0.00483	0.00322	0.00161	0.00403	0.00282	0.00322	0.00564
13	0.00830	0.00593	0.00829	0.00949	0.01065	0.00592	0.00823	0.01063	0.01190	0.01548	0.02762	0.09206	0.03017	0.01447	0.00717	0.00239	0.00472	0.71702	0.00480	0.00477
14	0.00737	0.00532	0.00696	0.00655	0.00778	0.00491	0.00491	0.00983	0.01474	0.02088	0.78175	0.03890	0.04914	0.01065	0.00614	0.00164	0.00246	0.00942	0.00573	0.00491
15	0.85377	0.01007	0.00765	0.00685	0.01007	0.01168	0.00564	0.01531	0.00886	0.02336	0.00725	0.00846	0.00564	0.00483	0.00322	0.00161	0.00403	0.00282	0.00322	0.00564
16	0.00968	0.00591	0.00793	0.00845	0.00985	0.00557	0.00683	0.01150	0.01181	0.12301	0.02942	0.26668	0.10399	0.01370	0.00666	0.00214	0.00402	0.36263	0.00504	0.00516
17	0.05221	0.00890	0.01193	0.00918	0.01318	0.00779	0.00758	0.02503	0.01470	0.76154	0.02008	0.01740	0.01264	0.00639	0.00517	0.00161	0.00442	0.00515	0.00633	0.00875
18	0.00672	0.00479	0.00626	0.00693	0.00746	0.00448	0.00472	0.00798	0.01107	0.01509	0.23165	0.54038	0.03716	0.07989	0.00813	0.00222	0.00303	0.01276	0.00494	0.00433
19	0.13947	0.00908	0.01146	0.00896	0.01285	0.00834	0.00739	0.02402	0.03128	0.66360	0.01870	0.01647	0.01194	0.00623	0.00496	0.00161	0.00437	0.00491	0.00597	0.00840
20	0.01119	0.00553	0.00583	0.00547	0.00702	0.00549	0.00419	0.04034	0.01173	0.08291	0.01712	0.01903	0.01315	0.00610	0.00383	0.00126	0.00271	0.00488	0.74689	0.00533
21	0.15622	0.01173	0.01278	0.01006	0.01380	0.01247	0.00822	0.38734	0.03404	0.23787	0.01423	0.01449	0.01008	0.04607	0.00594	0.00176	0.00503	0.00470	0.00513	0.00804
22	0.00634	0.00453	0.00604	0.00725	0.00755	0.00423	0.00483	0.00725	0.00997	0.01329	0.02870	0.81358	0.03444	0.01632	0.00665	0.00211	0.00302	0.01480	0.00483	0.00423
23	0.02238	0.01044	0.01306	0.01001	0.01408	0.00999	0.00827	0.22959	0.01754	0.58016	0.01833	0.01629	0.01178	0.00639	0.00523	0.00160	0.00479	0.00509	0.00611	0.00886
24	0.01717	0.01465	0.01396	0.06691	0.01624	0.15109	0.00945	0.41162	0.12554	0.02518	0.01312	0.01365	0.00974	0.00612	0.00499	0.00153	0.00593	0.00463	0.08079	0.00770
25	0.01153	0.00869	0.01150	0.03781	0.09411	0.00911	0.00955	0.15195	0.05758	0.03471	0.02231	0.04074	0.03620	0.01097	0.00638	0.00207	0.00510	0.43883	0.00462	0.00621
26	0.01204	0.00944	0.01184	0.00852	0.01312	0.00730	0.04157	0.01443	0.01125	0.08912	0.01037	0.01160	0.00821	0.00412	0.00409	0.00090	0.00414	0.00343	0.00338	0.73113
27	0.00648	0.00466	0.00617	0.00732	0.00775	0.00436	0.00504	0.00750	0.01019	0.01348	0.02969	0.72834	0.06715	0.01605	0.00666	0.00212	0.00313	0.06480	0.00483	0.00428
28	0.01357	0.01149	0.01212	0.01072	0.01378	0.01324	0.00839	0.09471	0.70704	0.02279	0.02041	0.01880	0.01526	0.00699	0.00529	0.00175	0.00427	0.00578	0.00529	0.00830
29	0.01227	0.01174	0.02002	0.18810	0.63318	0.01221	0.01568	0.01544	0.01157	0.01626	0.00969	0.01309	0.00798	0.00475	0.00517	0.00158	0.00634	0.00464	0.00252	0.00775
30	0.01281	0.08651	0.03859	0.01618	0.06500	0.04659	0.18491	0.06737	0.01094	0.01526	0.00841	0.01181	0.00729	0.00688	0.01098	0.00191	0.39474	0.00471	0.00259	0.00653
31	0.00634	0.00453	0.00604	0.00725	0.00755	0.00423	0.00483	0.00725	0.00997	0.01329	0.02870	0.81358	0.03444	0.01632	0.00665	0.00211	0.00302	0.01480	0.00483	0.00423
32	0.01595	0.01567	0.01606	0.22971	0.12594	0.23455	0.01198	0.23748	0.02900	0.01953	0.01015	0.01217	0.00777	0.00551	0.00506	0.00155	0.00713	0.00431	0.00336	0.00714
33	0.00728	0.00532	0.00683	0.00645	0.00772	0.00487	0.00484	0.00965	0.01452	0.02036	0.72600	0.03976	0.10521	0.01084	0.00614	0.00165	0.00247	0.00954	0.00566	0.00487
34	0.05338	0.00906	0.01202	0.00925	0.01325	0.00803	0.00764	0.04486	0.01494	0.74017	0.01985	0.01725	0.01252	0.00638	0.00516	0.00161	0.00445	0.00513	0.00630	0.00875
35	0.00621	0.00528	0.00535	0.00533	0.00707	0.00442	0.00400	0.00757	0.01199	0.01435	0.08317	0.04965	0.75179	0.01308	0.00615	0.00175	0.00263	0.01093	0.00487	0.00442
36	0.00635	0.00528	0.00555	0.00548	0.00716	0.00448	0.00411	0.00786	0.01234	0.01519	0.17238	0.04828	0.66206	0.01277	0.00615	0.00174	0.00261	0.01073	0.00498	0.00448
37	0.01392	0.82012	0.02729	0.00891	0.01337	0.02061	0.00891	0.01559	0.01058	0.01225	0.00724	0.00835	0.00668	0.00446	0.00334	0.00111	0.00557	0.00278	0.00223	0.00668
38	0.07203	0.05098	0.01535	0.01155	0.01550	0.11587	0.00947	0.56339	0.02114	0.02817	0.01125	0.01160	0.00824	0.00588	0.00489	0.00149	0.00602	0.00426	0.00455	0.03836
39	0.01948	0.02389	0.01484	0.01329	0.01610	0.72537	0.01005	0.08846	0.01564	0.01457	0.00845	0.00967	0.00690	0.00545	0.00474	0.00136	0.00906	0.00348	0.00291	0.00629
40	0.01099	0.00954	0.01174	0.00991	0.08235	0.00743	0.00706	0.01337	0.01089	0.01697	0.00930	0.01099	0.00776	0.00393	0.00397	0.00084	0.00407	0.00323	0.00304	0.77261
41	0.02083	0.00854	0.01147	0.00896	0.01274	0.00731	0.00729	0.02278	0.01413	0.65468	0.02019	0.08233	0.01419	0.00702	0.00523	0.00158	0.00426	0.00583	0.00601	0.08463
42	0.00686	0.00499	0.00654	0.00763	0.00814	0.00482	0.00533	0.00858	0.04798	0.01392	0.02823	0.70589	0.03312	0.01568	0.00663	0.00212	0.00324	0.08097	0.00485	0.00448
43	0.25101	0.01075	0.02741	0.04466	0.16504	0.04500	0.00899	0.08206	0.02655	0.10187	0.06786	0.07954	0.04443	0.00696	0.00486	0.00165	0.00484	0.01590	0.00396	0.00667
44	0.04777	0.01446	0.05265	0.11708	0.05947	0.13313	0.01052	0.31798	0.01720	0.09205	0.01359	0.05747	0.03048	0.00653	0.00515	0.00160	0.00616	0.00514	0.00416	0.00744
45	0.16768	0.01210	0.01480	0.21819	0.18092	0.08782	0.02760	0.07141	0.04884	0.01818	0.01006	0.01295	0.00804	0.00523	0.00472	0.00155	0.00598	0.01778	0.00305	0.08308

[dist]
# distance from previous block
# <min> <max>
0	1

[block]
# block no. 2 follows, 47 sequences, length 84
# corresponding to MSA columns:
# 879-962
name=unknown_C
#
# <colnr> <probs for GDERKNQSTAVLIFYWHMCP>
#	G	D	E	R	K	N	Q	S	T	A	V	L	I	F	Y	W	H	M	C	P
0	0.04524	0.01036	0.01188	0.03037	0.06567	0.07257	0.00846	0.13219	0.01240	0.01754	0.04738	0.01864	0.06394	0.05300	0.12780	0.00288	0.17579	0.00541	0.09257	0.00591
1	0.00706	0.00597	0.00727	0.00798	0.05297	0.00576	0.00546	0.00837	0.01091	0.01376	0.03918	0.19783	0.47097	0.03713	0.04798	0.00229	0.05953	0.01057	0.00437	0.00466
2	0.01322	0.09931	0.10215	0.02471	0.50843	0.07806	0.01453	0.01674	0.03995	0.01628	0.00974	0.01210	0.00805	0.00478	0.00487	0.00148	0.00640	0.00426	0.00262	0.03231
3	0.01320	0.01250	0.01966	0.06438	0.62899	0.03499	0.01470	0.05956	0.01254	0.01764	0.00984	0.01267	0.00814	0.00473	0.00506	0.00150	0.00613	0.00450	0.00276	0.06655
4	0.11834	0.23158	0.32138	0.01312	0.07045	0.04008	0.01321	0.06723	0.02434	0.01722	0.00885	0.01031	0.00693	0.00505	0.00473	0.00150	0.03227	0.00359	0.00264	0.00718
5	0.10400	0.38708	0.06764	0.00989	0.01390	0.03311	0.00928	0.11449	0.01269	0.11556	0.01021	0.02779	0.00825	0.00561	0.00495	0.00143	0.05992	0.00381	0.00333	0.00706
6	0.00929	0.00742	0.00896	0.00736	0.01032	0.00608	0.01850	0.02476	0.01204	0.03642	0.15683	0.09730	0.17892	0.00843	0.00515	0.00133	0.00343	0.02112	0.00422	0.38212
7	0.01080	0.00926	0.01080	0.00771	0.01234	0.00694	0.00617	0.01311	0.01080	0.01697	0.00926	0.01080	0.00771	0.00386	0.00386	0.00077	0.00386	0.00309	0.00309	0.84882
8	0.01371	0.79380	0.02668	0.00889	0.01323	0.02015	0.00883	0.01539	0.01051	0.01225	0.00746	0.00874	0.00689	0.00557	0.02896	0.00135	0.00584	0.00287	0.00225	0.00662
9	0.01397	0.01106	0.01358	0.00999	0.01448	0.01002	0.06009	0.21915	0.02907	0.05705	0.01097	0.01197	0.00843	0.00472	0.00447	0.00111	0.00474	0.00389	0.00383	0.50741
10	0.00983	0.00926	0.01562	0.80447	0.03587	0.01157	0.01446	0.01331	0.01041	0.01331	0.00926	0.01388	0.00694	0.00521	0.00521	0.00174	0.00694	0.00463	0.00231	0.00579
11	0.00737	0.00532	0.00696	0.00655	0.00778	0.00491	0.00491	0.00983	0.01474	0.02088	0.78175	0.03890	0.04914	0.01065	0.00614	0.00164	0.00246	0.00942	0.00573	0.00491
12	0.01980	0.01459	0.01563	0.01198	0.01615	0.01615	0.00990	0.76713	0.02448	0.03282	0.01250	0.01250	0.00886	0.00625	0.00521	0.00156	0.00573	0.00469	0.00521	0.00886
13	0.01448	0.01099	0.01192	0.01047	0.01358	0.01237	0.00821	0.04832	0.65669	0.12002	0.02087	0.01902	0.01531	0.00696	0.00529	0.00174	0.00421	0.00577	0.00544	0.00834
14	0.00709	0.00531	0.00658	0.00626	0.00761	0.00480	0.00470	0.00929	0.01409	0.01933	0.61598	0.04145	0.21587	0.01122	0.00615	0.00167	0.00250	0.00978	0.00553	0.00480
15	0.01295	0.01119	0.01178	0.01060	0.01354	0.01295	0.00824	0.02767	0.77509	0.02178	0.02120	0.01943	0.01590	0.00707	0.00530	0.00177	0.00412	0.00589	0.00530	0.00824
16	0.01080	0.00926	0.01080	0.00771	0.01234	0.00694	0.00617	0.01311	0.01080	0.01697	0.00926	0.01080	0.00771	0.00386	0.00386	0.00077	0.00386	0.00309	0.00309	0.84882
17	0.04119	0.00895	0.01198	0.00925	0.01323	0.00787	0.00762	0.02522	0.03320	0.75288	0.02027	0.01756	0.01281	0.00643	0.00519	0.00162	0.00442	0.00520	0.00635	0.00878
18	0.01400	0.01137	0.01211	0.01065	0.01375	0.01298	0.00836	0.08970	0.67766	0.05735	0.02044	0.01877	0.01517	0.00697	0.00529	0.00174	0.00427	0.00576	0.00534	0.00832
19	0.00640	0.00525	0.00566	0.00574	0.00730	0.00450	0.00430	0.00787	0.01209	0.01493	0.14316	0.10875	0.60426	0.01315	0.00623	0.00179	0.00272	0.03648	0.00495	0.00446
20	0.01860	0.01378	0.01555	0.11319	0.01861	0.01538	0.01043	0.65465	0.02248	0.04678	0.01226	0.01279	0.00870	0.00612	0.00521	0.00159	0.00586	0.00469	0.00487	0.00846
21	0.00750	0.00520	0.00623	0.00637	0.00651	0.00530	0.00395	0.00786	0.00828	0.01115	0.03725	0.15904	0.02189	0.59895	0.04828	0.00446	0.02831	0.02645	0.00349	0.00354
22	0.00726	0.00492	0.00577	0.00608	0.00616	0.00484	0.00359	0.00749	0.00819	0.01092	0.01956	0.23386	0.02291	0.61178	0.02142	0.00430	0.00453	0.00943	0.00359	0.00343
23	0.01224	0.01258	0.05389	0.15922	0.58220	0.01227	0.06029	0.01560	0.01161	0.01635	0.00973	0.01304	0.00794	0.00473	0.00521	0.00159	0.00653	0.00469	0.00252	0.00774
24	0.04934	0.61996	0.16648	0.01002	0.01498	0.03774	0.01070	0.01587	0.01069	0.01352	0.00765	0.00887	0.00662	0.00458	0.00367	0.00124	0.00599	0.00300	0.00228	0.00681
25	0.00817	0.00567	0.00664	0.00641	0.00816	0.00498	0.00500	0.00997	0.01292	0.08112	0.24627	0.04524	0.43839	0.01205	0.00618	0.00178	0.00297	0.08792	0.00521	0.00495
26	0.83714	0.02611	0.00804	0.00689	0.01014	0.01186	0.00570	0.01531	0.00890	0.02314	0.00725	0.00846	0.00566	0.00483	0.00323	0.00160	0.00406	0.00282	0.00320	0.00566
27	0.02303	0.00879	0.01198	0.00921	0.01318	0.00760	0.00760	0.02506	0.01490	0.77222	0.03630	0.01816	0.01364	0.00653	0.00526	0.00161	0.00439	0.00532	0.00643	0.00878
28	0.00905	0.00452	0.00678	0.00678	0.00678	0.00452	0.00452	0.00678	0.00678	0.00905	0.00905	0.01583	0.00905	0.01809	0.02035	0.84848	0.00452	0.00452	0.00226	0.00226
29	0.01181	0.05968	0.32570	0.03609	0.29185	0.01282	0.15533	0.01624	0.01151	0.01644	0.00961	0.01214	0.00743	0.00472	0.00516	0.00161	0.00724	0.00451	0.00242	0.00768
30	0.00967	0.00823	0.01018	0.00946	0.01045	0.05457	0.00735	0.06298	0.00970	0.01339	0.01262	0.01945	0.01207	0.12677	0.46931	0.00606	0.14435	0.00547	0.00291	0.00501
31	0.00700	0.00529	0.00645	0.00620	0.00756	0.00475	0.00464	0.00909	0.01380	0.01874	0.55337	0.06075	0.26029	0.01152	0.00616	0.00168	0.00252	0.01000	0.00545	0.00475
32	0.01119	0.01884	0.34907	0.01855	0.06009	0.01215	0.36988	0.01601	0.01159	0.01642	0.01108	0.06025	0.00895	0.00535	0.00562	0.00172	0.00786	0.00562	0.00258	0.00720
33	0.01270	0.01475	0.11431	0.06589	0.04786	0.01263	0.54024	0.01693	0.01208	0.06999	0.01089	0.01383	0.00802	0.00479	0.00618	0.00174	0.03155	0.00564	0.00282	0.00715
34	0.01402	0.01388	0.02095	0.01623	0.01915	0.10533	0.29711	0.07013	0.01209	0.06951	0.00991	0.01290	0.00794	0.00721	0.02853	0.00202	0.27837	0.00510	0.00297	0.00666
35	0.01002	0.00918	0.01512	0.72613	0.03355	0.01132	0.01391	0.03507	0.01093	0.01403	0.01062	0.01696	0.00860	0.00588	0.00534	0.00178	0.00676	0.05642	0.00257	0.00581
36	0.01135	0.01124	0.01559	0.01326	0.01358	0.01532	0.01103	0.01257	0.00817	0.01284	0.00700	0.01135	0.00690	0.00875	0.01617	0.00217	0.75158	0.00446	0.00233	0.06432
37	0.02244	0.02639	0.01239	0.00935	0.01331	0.00830	0.00772	0.02533	0.06767	0.71822	0.02031	0.01764	0.01297	0.00645	0.00520	0.00161	0.00443	0.00523	0.00628	0.00877
38	0.00790	0.00591	0.00798	0.00759	0.00875	0.00619	0.00560	0.00934	0.00847	0.01220	0.01399	0.02276	0.01387	0.23629	0.49545	0.00654	0.01035	0.00578	0.00292	0.11213
39	0.00757	0.00505	0.00568	0.00568	0.00568	0.00505	0.00316	0.00757	0.00757	0.01010	0.01641	0.03408	0.01893	0.81698	0.02651	0.00505	0.00505	0.00757	0.00316	0.00316
40	0.10225	0.63310	0.03572	0.00988	0.03963	0.05789	0.00905	0.03713	0.01105	0.01425	0.00755	0.00873	0.00669	0.00461	0.00354	0.00121	0.00566	0.00295	0.00245	0.00667
41	0.01389	0.01174	0.02023	0.02680	0.57170	0.01148	0.08903	0.01695	0.01243	0.11571	0.04982	0.01492	0.01085	0.00515	0.00531	0.00158	0.00603	0.00511	0.00324	0.00804
42	0.00839	0.00599	0.00839	0.00959	0.01079	0.00599	0.00839	0.01079	0.01199	0.01558	0.02757	0.05874	0.02997	0.01439	0.00719	0.00240	0.00480	0.74945	0.00480	0.00480
43	0.01229	0.01405	0.03073	0.02195	0.02722	0.01317	0.76558	0.01668	0.01229	0.01668	0.01054	0.01405	0.00790	0.00439	0.00615	0.00176	0.00878	0.00615	0.00263	0.00702
44	0.00737	0.00532	0.00696	0.00655	0.00778	0.00491	0.00491	0.00983	0.01474	0.02088	0.78175	0.03890	0.04914	0.01065	0.00614	0.00164	0.00246	0.00942	0.00573	0.00491
45	0.00905	0.00452	0.00678	0.00678	0.00678	0.00452	0.00452	0.00678	0.00678	0.00905	0.00905	0.01583	0.00905	0.01809	0.02035	0.84848	0.00452	0.00452	0.00226	0.00226
46	0.01392	0.82012	0.02729	0.00891	0.01337	0.02061	0.00891	0.01559	0.01058	0.01225	0.00724	0.00835	0.00668	0.00446	0.00334	0.00111	0.00557	0.00278	0.00223	0.00668
47	0.00744	0.00558	0.00837	0.00837	0.00930	0.00651	0.00651	0.00930	0.00837	0.01209	0.01395	0.02046	0.01302	0.03906	0.79635	0.00837	0.01395	0.00558	0.00279	0.00465
48	0.01340	0.01259	0.06623	0.01102	0.01440	0.01318	0.00916	0.09387	0.65398	0.02242	0.01958	0.01822	0.01461	0.00684	0.00527	0.00174	0.00452	0.00564	0.00508	0.00826
49	0.85377	0.01007	0.00765	0.00685	0.01007	0.01168	0.00564	0.01531	0.00886	0.02336	0.00725	0.00846	0.00564	0.00483	0.00322	0.00161	0.00403	0.00282	0.00322	0.00564
50	0.00673	0.00480	0.00626	0.00728	0.00766	0.00456	0.00487	0.02562	0.01019	0.01360	0.02767	0.75326	0.03301	0.05816	0.00766	0.00226	0.00319	0.01418	0.00475	0.00429
51	0.83502	0.01017	0.00783	0.00696	0.01021	0.01178	0.00574	0.03221	0.00921	0.02358	0.00737	0.00855	0.00571	0.00487	0.00327	0.00161	0.00407	0.00286	0.00327	0.00571
52	0.00745	0.00554	0.00819	0.00819	0.00906	0.00641	0.00628	0.00918	0.00832	0.01195	0.01411	0.02138	0.01342	0.09147	0.74448	0.00815	0.01335	0.00571	0.00281	0.00455
53	0.01406	0.01094	0.01181	0.01046	0.01352	0.01239	0.00818	0.02743	0.69413	0.10339	0.02113	0.01925	0.01558	0.00700	0.00529	0.00175	0.00415	0.00582	0.00542	0.00831
54	0.01041	0.00984	0.01666	0.65916	0.17668	0.01172	0.01475	0.01381	0.01068	0.01400	0.00936	0.01370	0.00719	0.00510	0.00520	0.00170	0.00680	0.00463	0.00236	0.00625
55	0.00744	0.00558	0.00837	0.00837	0.00930	0.00651	0.00651	0.00930	0.00837	0.01209	0.01395	0.02046	0.01302	0.03906	0.79635	0.00837	0.01395	0.00558	0.00279	0.00465
56	0.01738	0.06012	0.01620	0.01339	0.01614	0.52234	0.05398	0.05910	0.08276	0.01479	0.00945	0.01088	0.00773	0.00584	0.00605	0.00150	0.08903	0.00391	0.00298	0.00644
57	0.02324	0.00906	0.01221	0.00936	0.01339	0.00794	0.00773	0.05063	0.01523	0.76239	0.02027	0.01755	0.01275	0.00644	0.00524	0.00161	0.00448	0.00522	0.00640	0.00886
58	0.01210	0.06696	0.01668	0.55821	0.09955	0.05572	0.01340	0.04352	0.01160	0.05942	0.00988	0.01333	0.00745	0.00522	0.00505	0.00164	0.00672	0.00447	0.00270	0.00638
59	0.01392	0.82012	0.02729	0.00891	0.01337	0.02061	0.00891	0.01559	0.01058	0.01225	0.00724	0.00835	0.00668	0.00446	0.00334	0.00111	0.00557	0.00278	0.00223	0.00668
60	0.00843	0.00558	0.00718	0.00664	0.00812	0.00507	0.00503	0.01075	0.01449	0.07650	0.65998	0.03836	0.11284	0.01057	0.00608	0.00165	0.00262	0.00925	0.00570	0.00516
61	0.33758	0.17262	0.03032	0.00984	0.01295	0.23278	0.00829	0.01681	0.01096	0.03100	0.00789	0.00936	0.00653	0.00533	0.00492	0.00149	0.07452	0.00321	0.01755	0.00605
62	0.01423	0.01292	0.06439	0.04728	0.46978	0.03679	0.08118	0.01759	0.02808	0.13482	0.01286	0.01473	0.03082	0.00524	0.00526	0.00159	0.00622	0.00498	0.00327	0.00795
63	0.01185	0.38357	0.37478	0.01186	0.01757	0.01557	0.02966	0.01559	0.01065	0.01427	0.00874	0.01052	0.00711	0.00708	0.05927	0.00188	0.00719	0.00354	0.00226	0.00701
64	0.00865	0.00663	0.00766	0.00726	0.00854	0.04238	0.00540	0.02851	0.02343	0.03495	0.31198	0.03195	0.11493	0.12785	0.19756	0.00371	0.00605	0.00779	0.01993	0.00484
65	0.00634	0.00453	0.00604	0.00725	0.00755	0.00423	0.00483	0.00725	0.00997	0.01329	0.02870	0.81358	0.03444	0.01632	0.00665	0.00211	0.00302	0.01480	0.00483	0.00423
66	0.85377	0.01007	0.00765	0.00685	0.01007	0.01168	0.00564	0.01531	0.00886	0.02336	0.00725	0.00846	0.00564	0.00483	0.00322	0.00161	0.00403	0.00282	0.00322	0.00564
67	0.00942	0.00495	0.00530	0.00530	0.00648	0.00507	0.00401	0.01177	0.01059	0.01848	0.01660	0.01955	0.01331	0.01028	0.10494	0.00213	0.00390	0.00495	0.73816	0.00483
68	0.00737	0.00532	0.00696	0.00655	0.00778	0.00491	0.00491	0.00983	0.01474	0.02088	0.78175	0.03890	0.04914	0.01065	0.00614	0.00164	0.00246	0.00942	0.00573	0.00491
69	0.00871	0.00562	0.00739	0.00678	0.00824	0.00514	0.00514	0.01113	0.01475	0.08535	0.71779	0.03712	0.04609	0.01029	0.00607	0.00164	0.00262	0.00907	0.00579	0.00525
70	0.01045	0.02694	0.79000	0.01484	0.02254	0.01209	0.01924	0.01649	0.01099	0.01649	0.00935	0.01099	0.00660	0.00495	0.00495	0.00165	0.00770	0.00385	0.00220	0.00770
71	0.01945	0.02482	0.01476	0.01342	0.01610	0.79608	0.01006	0.02079	0.01476	0.01275	0.00805	0.00939	0.00671	0.00537	0.00470	0.00134	0.00939	0.00335	0.00268	0.00604
72	0.01313	0.01289	0.02035	0.03016	0.71473	0.05782	0.01539	0.01609	0.01203	0.01672	0.01027	0.01417	0.00886	0.00500	0.00519	0.00156	0.00633	0.02863	0.00266	0.00801
73	0.00728	0.00528	0.00687	0.00656	0.00775	0.00486	0.00489	0.00962	0.01439	0.02028	0.72021	0.08430	0.06606	0.01104	0.00617	0.00167	0.00249	0.00977	0.00566	0.00486
74	0.00634	0.00453	0.00604	0.00725	0.00755	0.00423	0.00483	0.00725	0.00997	0.01329	0.02870	0.81358	0.03444	0.01632	0.00665	0.00211	0.00302	0.01480	0.00483	0.00423
75	0.01024	0.00928	0.01486	0.01224	0.01382	0.01067	0.17592	0.01236	0.01007	0.01514	0.01548	0.12394	0.05739	0.00861	0.00969	0.00188	0.29976	0.00673	0.18638	0.00553
76	0.09155	0.05522	0.01584	0.03150	0.11283	0.21027	0.01035	0.31668	0.03359	0.03531	0.01042	0.01145	0.00797	0.00569	0.00515	0.00152	0.02922	0.00412	0.00380	0.00752
77	0.02046	0.01352	0.01497	0.01148	0.01562	0.01457	0.00948	0.62927	0.02270	0.17320	0.01400	0.01347	0.00961	0.00629	0.00521	0.00157	0.00549	0.00479	0.00544	0.00886
78	0.00688	0.00538	0.00825	0.00857	0.00931	0.00503	0.07285	0.00809	0.01018	0.01360	0.02708	0.74210	0.03207	0.01525	0.00660	0.00208	0.00354	0.01403	0.00464	0.00448
79	0.00760	0.00514	0.00704	0.06272	0.00981	0.00496	0.00562	0.00874	0.01029	0.05839	0.02723	0.67864	0.04905	0.02982	0.00682	0.00211	0.00340	0.01331	0.00472	0.00459
80	0.01655	0.01220	0.01336	0.01090	0.01416	0.01334	0.00877	0.57362	0.03726	0.02807	0.01645	0.18143	0.01488	0.00858	0.00556	0.00170	0.00511	0.02516	0.00512	0.00777
81	0.02958	0.00709	0.00910	0.23357	0.01572	0.00781	0.00741	0.06223	0.01184	0.06341	0.01449	0.01705	0.01104	0.00583	0.00427	0.00142	0.00408	0.00476	0.48367	0.00563
82	0.00676	0.00506	0.00623	0.00666	0.00764	0.00461	0.00482	0.00823	0.01170	0.01540	0.21922	0.32700	0.23659	0.04953	0.00732	0.00205	0.00301	0.06876	0.00498	0.00444
83	0.01186	0.01597	0.16625	0.02099	0.08924	0.01278	0.53294	0.01628	0.01187	0.01650	0.01056	0.03074	0.00825	0.00489	0.00612	0.00174	0.02753	0.00575	0.00259	0.00716

[dist]
# distance from previous block
# <min> <max>
2	20

[block]
# block no. 3 follows, 47 sequences, length 23
# corresponding to MSA columns:
# 983-1005
name=unknown_D
#
# <colnr> <probs for GDERKNQSTAVLIFYWHMCP>
#	G	D	E	R	K	N	Q	S	T	A	V	L	I	F	Y	W	H	M	C	P
0	0.15429	0.63842	0.06834	0.00891	0.01335	0.01862	0.00896	0.01560	0.01032	0.01436	0.00736	0.00853	0.00650	0.00455	0.00341	0.00123	0.00543	0.00285	0.00239	0.00657
1	0.00907	0.00631	0.00724	0.00692	0.00793	0.00632	0.00472	0.10395	0.01121	0.03416	0.04934	0.17791	0.12829	0.37811	0.04279	0.00351	0.00463	0.00897	0.00412	0.00450
2	0.04087	0.01474	0.15851	0.04599	0.08992	0.01190	0.36941	0.01630	0.01197	0.06781	0.06255	0.01496	0.01065	0.00531	0.00609	0.00170	0.04196	0.00548	0.00301	0.02085
3	0.01285	0.06843	0.09664	0.02324	0.44249	0.04934	0.04506	0.03350	0.07464	0.01709	0.01141	0.01507	0.00962	0.00539	0.00510	0.00156	0.00622	0.04244	0.00294	0.03697
4	0.01186	0.00976	0.01164	0.05475	0.08678	0.01071	0.00849	0.07768	0.37124	0.03332	0.06285	0.02555	0.09418	0.06251	0.00695	0.00198	0.00447	0.05353	0.00469	0.00704
5	0.00636	0.00527	0.00549	0.00545	0.00706	0.00449	0.00404	0.00776	0.01202	0.01471	0.13832	0.04807	0.66092	0.04845	0.00705	0.00189	0.00272	0.01065	0.00487	0.00440
6	0.00806	0.00599	0.00831	0.00811	0.00895	0.00700	0.00627	0.00977	0.00882	0.01311	0.01583	0.03927	0.04719	0.07483	0.51649	0.00619	0.08984	0.00594	0.11536	0.00467
7	0.01221	0.01070	0.01172	0.00870	0.01299	0.04849	0.00697	0.09234	0.01232	0.01823	0.00943	0.01093	0.00775	0.00440	0.00459	0.00095	0.03757	0.00333	0.00325	0.68315
8	0.01927	0.01096	0.01285	0.01021	0.01381	0.01125	0.00826	0.31760	0.09535	0.33498	0.01772	0.06168	0.01307	0.04051	0.00619	0.00178	0.00486	0.00573	0.00561	0.00830
9	0.01050	0.01000	0.01684	0.59062	0.12331	0.01172	0.06464	0.01469	0.06122	0.01455	0.01105	0.01486	0.02306	0.00536	0.00529	0.00172	0.00670	0.00494	0.00261	0.00630
10	0.00647	0.00468	0.00613	0.00706	0.00756	0.00433	0.00480	0.00761	0.01070	0.01435	0.13038	0.67135	0.07451	0.01540	0.00655	0.00203	0.00293	0.01389	0.00495	0.00433
11	0.01441	0.01311	0.01421	0.01292	0.06639	0.12267	0.05892	0.15347	0.28245	0.03841	0.11032	0.01859	0.02882	0.00694	0.00577	0.00165	0.03328	0.00571	0.00452	0.00741
12	0.07507	0.01362	0.01465	0.01133	0.01540	0.01490	0.00935	0.62489	0.03802	0.11066	0.01317	0.01292	0.00921	0.00619	0.00508	0.00158	0.00545	0.00465	0.00521	0.00863
13	0.00786	0.00568	0.00770	0.00859	0.00972	0.00552	0.00717	0.01002	0.01215	0.01600	0.14109	0.14358	0.08194	0.01398	0.00691	0.00221	0.00410	0.50611	0.00494	0.00472
14	0.02707	0.07113	0.01477	0.01197	0.05352	0.03390	0.05851	0.15024	0.27778	0.13488	0.01832	0.07061	0.03983	0.00710	0.00525	0.00166	0.00498	0.00597	0.00476	0.00775
15	0.00766	0.00548	0.00664	0.00706	0.00766	0.00542	0.00478	0.03465	0.04170	0.01372	0.05514	0.38216	0.05719	0.28455	0.01322	0.00305	0.00392	0.05740	0.00434	0.00426
16	0.04598	0.01158	0.01521	0.03173	0.01591	0.08781	0.16283	0.03987	0.01160	0.01647	0.01159	0.10732	0.01072	0.00611	0.00567	0.00138	0.05864	0.00532	0.00317	0.35108
17	0.01502	0.01113	0.01335	0.03786	0.01499	0.01104	0.03924	0.26407	0.10939	0.09758	0.01406	0.05957	0.01112	0.00608	0.00492	0.00139	0.00482	0.00502	0.00444	0.27492
18	0.03414	0.01284	0.01543	0.05496	0.20971	0.07391	0.01078	0.24560	0.01543	0.02115	0.01166	0.01424	0.02585	0.00580	0.00554	0.00147	0.04637	0.02778	0.00359	0.16373
19	0.03785	0.01257	0.01327	0.01071	0.01400	0.03461	0.00859	0.48647	0.10066	0.04702	0.01571	0.03533	0.04365	0.07632	0.02133	0.00203	0.02183	0.00551	0.00483	0.00772
20	0.07181	0.01169	0.01436	0.07627	0.07522	0.01244	0.04021	0.34396	0.05586	0.05047	0.01384	0.06346	0.01152	0.00676	0.00518	0.00160	0.00535	0.04742	0.00433	0.08823
21	0.01480	0.01245	0.02882	0.01236	0.01616	0.02686	0.13413	0.36327	0.04388	0.02417	0.05764	0.06625	0.01345	0.00767	0.02646	0.00175	0.00589	0.03036	0.00436	0.10927
22	0.07096	0.03897	0.01259	0.01163	0.07837	0.04322	0.00849	0.10377	0.29344	0.11483	0.07757	0.03220	0.04134	0.00735	0.00524	0.00168	0.00461	0.04143	0.00483	0.00746

[dist]
# distance from previous block
# <min> <max>
0	38

[block]
# block no. 4 follows, 47 sequences, length 94
# corresponding to MSA columns:
# 1044-1137
name=unknown_E
#
# <colnr> <probs for GDERKNQSTAVLIFYWHMCP>
#	G	D	E	R	K	N	Q	S	T	A	V	L	I	F	Y	W	H	M	C	P
0	0.01386	0.05154	0.04110	0.04304	0.01474	0.02414	0.04856	0.12872	0.04963	0.14048	0.02978	0.09583	0.02755	0.00836	0.00737	0.00179	0.13456	0.08242	0.00420	0.05234
1	0.01208	0.03692	0.01542	0.23989	0.05956	0.09003	0.06918	0.07453	0.02601	0.01598	0.01139	0.07510	0.00999	0.00694	0.01886	0.00172	0.09154	0.00524	0.04548	0.09415
2	0.49110	0.07168	0.01287	0.03498	0.01377	0.01320	0.06017	0.17390	0.01285	0.05937	0.00927	0.01030	0.00693	0.00516	0.00401	0.00158	0.00495	0.00361	0.00365	0.00665
3	0.03037	0.14613	0.01789	0.16836	0.01955	0.16790	0.05579	0.17585	0.01407	0.01762	0.00930	0.01154	0.00744	0.00581	0.00631	0.00158	0.10971	0.00415	0.02395	0.00667
4	0.03654	0.00653	0.00817	0.06340	0.01070	0.00677	0.00615	0.11762	0.01175	0.01600	0.02273	0.50740	0.03906	0.04952	0.00813	0.06530	0.00391	0.01108	0.00439	0.00486
5	0.01964	0.00834	0.01110	0.00881	0.01223	0.00746	0.00716	0.03796	0.04195	0.58776	0.17644	0.02202	0.02034	0.00732	0.00542	0.00162	0.00404	0.00611	0.00623	0.00803
6	0.01246	0.01330	0.07512	0.08287	0.62359	0.01236	0.07206	0.01589	0.01173	0.01670	0.00978	0.01291	0.00802	0.00468	0.00522	0.00158	0.00654	0.00470	0.00254	0.00795
7	0.00649	0.00465	0.00618	0.00715	0.00759	0.00433	0.00485	0.00762	0.01066	0.01439	0.13745	0.70171	0.03657	0.01550	0.00657	0.00205	0.00294	0.01403	0.00496	0.00433
8	0.09180	0.24739	0.38604	0.01252	0.01822	0.01409	0.06837	0.01571	0.01084	0.01589	0.01000	0.01379	0.00837	0.00546	0.00458	0.00156	0.00661	0.05927	0.00253	0.00695
9	0.00634	0.00453	0.00604	0.00725	0.00755	0.00423	0.00483	0.00725	0.00997	0.01329	0.02870	0.81358	0.03444	0.01632	0.00665	0.00211	0.00302	0.01480	0.00483	0.00423
10	0.01811	0.09974	0.09866	0.01197	0.01638	0.08480	0.01069	0.50175	0.03955	0.05069	0.01171	0.01198	0.00851	0.00588	0.00495	0.00151	0.00616	0.00433	0.00440	0.00824
11	0.07788	0.58763	0.02307	0.00966	0.01366	0.17403	0.00887	0.01677	0.01136	0.02634	0.00763	0.00873	0.00672	0.00470	0.00363	0.00120	0.00620	0.00294	0.00246	0.00651
12	0.80962	0.03215	0.00830	0.00697	0.01024	0.01182	0.00578	0.01557	0.00906	0.04261	0.00759	0.00869	0.00585	0.00486	0.00328	0.00160	0.00408	0.00288	0.00328	0.00575
13	0.03913	0.03145	0.01771	0.15647	0.08633	0.25325	0.11323	0.13909	0.04798	0.01767	0.00996	0.01210	0.00777	0.00549	0.00558	0.00158	0.04080	0.00442	0.00312	0.00686
14	0.03389	0.01433	0.01404	0.02326	0.01509	0.11779	0.00930	0.45656	0.10168	0.02585	0.01373	0.07266	0.01114	0.00706	0.00574	0.00163	0.04285	0.00536	0.02033	0.00774
15	0.00655	0.00485	0.00614	0.00691	0.00765	0.00444	0.00487	0.00782	0.01106	0.01455	0.13100	0.52731	0.17893	0.01488	0.00652	0.00200	0.00297	0.05223	0.00495	0.00438
16	0.00795	0.00619	0.00930	0.12315	0.01289	0.00728	0.00745	0.00995	0.00888	0.01265	0.03751	0.02063	0.01348	0.07629	0.57208	0.00666	0.03061	0.00563	0.02666	0.00477
17	0.02180	0.00995	0.01258	0.00980	0.01374	0.00945	0.00805	0.13608	0.09194	0.59939	0.01941	0.01712	0.01259	0.00648	0.00524	0.00162	0.00459	0.00522	0.00615	0.00880
18	0.01245	0.01192	0.02034	0.14352	0.67639	0.01226	0.01576	0.01560	0.01165	0.01648	0.00972	0.01303	0.00806	0.00472	0.00516	0.00157	0.00630	0.00464	0.00254	0.00789
19	0.00634	0.00453	0.00604	0.00725	0.00755	0.00423	0.00483	0.00725	0.00997	0.01329	0.02870	0.81358	0.03444	0.01632	0.00665	0.00211	0.00302	0.01480	0.00483	0.00423
20	0.00737	0.00532	0.00696	0.00655	0.00778	0.00491	0.00491	0.00983	0.01474	0.02088	0.78175	0.03890	0.04914	0.01065	0.00614	0.00164	0.00246	0.00942	0.00573	0.00491
21	0.00731	0.00532	0.00688	0.00649	0.00774	0.00489	0.00487	0.00971	0.01460	0.02054	0.74495	0.03947	0.08615	0.01077	0.00614	0.00164	0.00247	0.00950	0.00569	0.00489
22	0.85377	0.01007	0.00765	0.00685	0.01007	0.01168	0.00564	0.01531	0.00886	0.02336	0.00725	0.00846	0.00564	0.00483	0.00322	0.00161	0.00403	0.00282	0.00322	0.00564
23	0.02322	0.00910	0.01223	0.00938	0.01341	0.00801	0.00775	0.05628	0.01530	0.75664	0.02021	0.01751	0.01272	0.00644	0.00524	0.00161	0.00449	0.00521	0.00639	0.00886
24	0.01392	0.82012	0.02729	0.00891	0.01337	0.02061	0.00891	0.01559	0.01058	0.01225	0.00724	0.00835	0.00668	0.00446	0.00334	0.00111	0.00557	0.00278	0.00223	0.00668
25	0.85377	0.01007	0.00765	0.00685	0.01007	0.01168	0.00564	0.01531	0.00886	0.02336	0.00725	0.00846	0.00564	0.00483	0.00322	0.00161	0.00403	0.00282	0.00322	0.00564
26	0.36072	0.01206	0.01177	0.00948	0.01320	0.03277	0.00780	0.31946	0.01629	0.15254	0.01157	0.01163	0.00815	0.00568	0.00439	0.00159	0.00492	0.00398	0.00454	0.00747
27	0.01235	0.01183	0.02017	0.16785	0.65281	0.01223	0.01571	0.01551	0.01160	0.01636	0.00970	0.01306	0.00802	0.00474	0.00516	0.00158	0.00632	0.00464	0.00253	0.00782
28	0.01980	0.01459	0.01563	0.01198	0.01615	0.01615	0.00990	0.76713	0.02448	0.03282	0.01250	0.01250	0.00886	0.00625	0.00521	0.00156	0.00573	0.00469	0.00521	0.00886
29	0.01296	0.01175	0.01585	0.40420	0.02573	0.10328	0.07339	0.07366	0.01225	0.06930	0.01052	0.01371	0.00799	0.00637	0.02130	0.00182	0.07952	0.00467	0.04543	0.00629
30	0.00737	0.00532	0.00696	0.00655	0.00778	0.00491	0.00491	0.00983	0.01474	0.02088	0.78175	0.03890	0.04914	0.01065	0.00614	0.00164	0.00246	0.00942	0.00573	0.00491
31	0.00991	0.00934	0.01576	0.78451	0.05520	0.01159	0.01450	0.01337	0.01045	0.01340	0.00927	0.01386	0.00698	0.00519	0.00521	0.00173	0.00692	0.00463	0.00232	0.00585
32	0.01191	0.08279	0.55773	0.01539	0.04075	0.01257	0.11783	0.01706	0.01143	0.07004	0.01014	0.01172	0.00726	0.00493	0.00501	0.00162	0.00742	0.00419	0.00257	0.00763
33	0.00754	0.00565	0.00715	0.00814	0.02829	0.00546	0.00570	0.00994	0.07661	0.02696	0.03117	0.50897	0.15100	0.01435	0.00645	0.00204	0.00335	0.09155	0.00484	0.00484
34	0.02292	0.00927	0.01230	0.00946	0.01348	0.00830	0.00781	0.07215	0.03160	0.72431	0.02005	0.01743	0.01270	0.00645	0.00524	0.00161	0.00451	0.00522	0.00634	0.00885
35	0.76660	0.00999	0.00848	0.08924	0.01274	0.01167	0.00655	0.01510	0.00902	0.02233	0.00746	0.00902	0.00577	0.00487	0.00343	0.00162	0.00433	0.00301	0.00313	0.00565
36	0.00673	0.00509	0.00562	0.00586	0.00675	0.00463	0.00394	0.00755	0.01008	0.01261	0.03560	0.17568	0.37505	0.28882	0.01323	0.00296	0.00358	0.02803	0.00426	0.00395
37	0.01258	0.01384	0.07944	0.07650	0.50994	0.03249	0.14550	0.01640	0.03156	0.01670	0.01011	0.01309	0.00814	0.00474	0.00531	0.00160	0.00682	0.00484	0.00262	0.00778
38	0.01315	0.01121	0.01181	0.01053	0.01351	0.01289	0.00822	0.06948	0.71049	0.02220	0.02159	0.01990	0.03716	0.00719	0.00532	0.00175	0.00417	0.00596	0.00528	0.00817
39	0.01285	0.01108	0.01252	0.12531	0.01690	0.01291	0.00922	0.06286	0.62683	0.02112	0.01903	0.01828	0.01425	0.00676	0.00528	0.00175	0.00461	0.00565	0.00486	0.00792
40	0.85377	0.01007	0.00765	0.00685	0.01007	0.01168	0.00564	0.01531	0.00886	0.02336	0.00725	0.00846	0.00564	0.00483	0.00322	0.00161	0.00403	0.00282	0.00322	0.00564
41	0.00907	0.00467	0.00706	0.03190	0.00770	0.00474	0.00484	0.00699	0.00690	0.00918	0.00905	0.01577	0.00898	0.01769	0.01988	0.82182	0.00460	0.00453	0.00226	0.00237
42	0.01690	0.08070	0.07096	0.01660	0.16682	0.45308	0.01169	0.07642	0.01423	0.01534	0.00889	0.01059	0.00730	0.00591	0.02150	0.00155	0.00817	0.00375	0.00279	0.00682
43	0.00744	0.00558	0.00837	0.00837	0.00930	0.00651	0.00651	0.00930	0.00837	0.01209	0.01395	0.02046	0.01302	0.03906	0.79635	0.00837	0.01395	0.00558	0.00279	0.00465
44	0.01750	0.01410	0.01510	0.03308	0.06956	0.07250	0.00986	0.51873	0.02025	0.02704	0.01151	0.01233	0.00857	0.00666	0.02736	0.00164	0.00605	0.00440	0.00441	0.11934
45	0.01229	0.01405	0.03073	0.02195	0.02722	0.01317	0.76558	0.01668	0.01229	0.01668	0.01054	0.01405	0.00790	0.00439	0.00615	0.00176	0.00878	0.00615	0.00263	0.00702
46	0.01868	0.03535	0.01547	0.01279	0.01582	0.39797	0.01011	0.31178	0.01780	0.02057	0.00965	0.01079	0.00756	0.00607	0.00610	0.00152	0.08726	0.00398	0.00362	0.00712
47	0.05015	0.00890	0.01194	0.00919	0.01319	0.00778	0.00759	0.02505	0.01471	0.76343	0.02012	0.01743	0.01266	0.00639	0.00517	0.00161	0.00442	0.00516	0.00634	0.00876
48	0.00664	0.00524	0.00599	0.00592	0.00736	0.00459	0.00440	0.00838	0.01285	0.01667	0.33534	0.10273	0.44051	0.01243	0.00619	0.00174	0.00260	0.01066	0.00519	0.00459
49	0.00615	0.00528	0.00528	0.00528	0.00703	0.00440	0.00396	0.00747	0.01187	0.01407	0.05276	0.05012	0.78238	0.01319	0.00615	0.00176	0.00264	0.01099	0.00484	0.00440
50	0.00971	0.00485	0.00485	0.00485	0.00607	0.00485	0.00364	0.01213	0.01092	0.01942	0.01699	0.01942	0.01335	0.00607	0.00364	0.00121	0.00243	0.00485	0.84589	0.00485
51	0.01295	0.01119	0.01178	0.01060	0.01354	0.01295	0.00824	0.02767	0.77509	0.02178	0.02120	0.01943	0.01590	0.00707	0.00530	0.00177	0.00412	0.00589	0.00530	0.00824
52	0.00737	0.00532	0.00696	0.00655	0.00778	0.00491	0.00491	0.00983	0.01474	0.02088	0.78175	0.03890	0.04914	0.01065	0.00614	0.00164	0.00246	0.00942	0.00573	0.00491
53	0.01051	0.02342	0.62533	0.12980	0.05751	0.01206	0.03769	0.01601	0.01098	0.01606	0.00938	0.01157	0.00675	0.00496	0.00502	0.00166	0.00755	0.00405	0.00224	0.00743
54	0.01081	0.01052	0.01465	0.01264	0.01282	0.01436	0.01046	0.01214	0.00895	0.01374	0.11874	0.01537	0.01294	0.00934	0.01551	0.00219	0.69120	0.00526	0.00278	0.00558
55	0.07787	0.04643	0.06645	0.01023	0.02972	0.03861	0.00854	0.10057	0.21888	0.17806	0.05620	0.01801	0.05228	0.00661	0.00496	0.00157	0.00469	0.00527	0.01958	0.05548
56	0.01133	0.00935	0.06285	0.00982	0.02449	0.00853	0.03838	0.08879	0.12733	0.08731	0.31376	0.05285	0.02782	0.01107	0.06481	0.00221	0.00485	0.04305	0.00497	0.00642
57	0.01165	0.04126	0.61222	0.01413	0.02061	0.06695	0.01701	0.01666	0.01114	0.04090	0.00938	0.01107	0.00686	0.00529	0.00578	0.00163	0.06724	0.00387	0.00241	0.03393
58	0.01829	0.02288	0.01493	0.01345	0.01575	0.68342	0.01025	0.01960	0.01378	0.01271	0.00787	0.00968	0.00673	0.00591	0.00649	0.00148	0.12464	0.00353	0.00262	0.00599
59	0.01237	0.12644	0.01617	0.09211	0.01564	0.01284	0.06800	0.08882	0.01129	0.06900	0.03614	0.01629	0.01089	0.09694	0.09715	0.00284	0.21277	0.00509	0.00315	0.00608
60	0.01073	0.00666	0.00683	0.00646	0.00817	0.00714	0.00494	0.03025	0.20734	0.02027	0.01798	0.01929	0.01392	0.00633	0.00410	0.00136	0.00292	0.00512	0.61437	0.00580
61	0.02336	0.00886	0.01209	0.00927	0.01329	0.00765	0.00765	0.02538	0.01491	0.78810	0.02055	0.01773	0.01289	0.00645	0.00524	0.00161	0.00443	0.00524	0.00645	0.00886
62	0.00894	0.00456	0.00671	0.00671	0.00671	0.00456	0.00443	0.00684	0.00684	0.00912	0.00956	0.01710	0.00974	0.07383	0.02078	0.78964	0.00456	0.00474	0.00232	0.00232
63	0.01229	0.01405	0.03073	0.02195	0.02722	0.01317	0.76558	0.01668	0.01229	0.01668	0.01054	0.01405	0.00790	0.00439	0.00615	0.00176	0.00878	0.00615	0.00263	0.00702
64	0.00983	0.00926	0.01562	0.80447	0.03587	0.01157	0.01446	0.01331	0.01041	0.01331	0.00926	0.01388	0.00694	0.00521	0.00521	0.00174	0.00694	0.00463	0.00231	0.00579
65	0.00757	0.00505	0.00568	0.00568	0.00568	0.00505	0.00316	0.00757	0.00757	0.01010	0.01641	0.03408	0.01893	0.81698	0.02651	0.00505	0.00505	0.00757	0.00316	0.00316
66	0.00634	0.00453	0.00604	0.00725	0.00755	0.00423	0.00483	0.00725	0.00997	0.01329	0.02870	0.81358	0.03444	0.01632	0.00665	0.00211	0.00302	0.01480	0.00483	0.00423
67	0.01110	0.00925	0.01083	0.00775	0.01236	0.00696	0.00621	0.01340	0.01090	0.03530	0.00952	0.01096	0.00784	0.00392	0.00389	0.00079	0.00387	0.00314	0.00317	0.82885
68	0.01886	0.01503	0.01396	0.01150	0.01505	0.18331	0.00917	0.30910	0.18569	0.16181	0.01489	0.01429	0.01066	0.00627	0.00512	0.00157	0.00594	0.00476	0.00490	0.00811
69	0.85377	0.01007	0.00765	0.00685	0.01007	0.01168	0.00564	0.01531	0.00886	0.02336	0.00725	0.00846	0.00564	0.00483	0.00322	0.00161	0.00403	0.00282	0.00322	0.00564
70	0.01080	0.00926	0.01080	0.00771	0.01234	0.00694	0.00617	0.01311	0.01080	0.01697	0.00926	0.01080	0.00771	0.00386	0.00386	0.00077	0.00386	0.00309	0.00309	0.84882
71	0.00627	0.00518	0.00539	0.00551	0.00700	0.00442	0.00399	0.00746	0.01137	0.01371	0.04765	0.13060	0.64918	0.06960	0.00763	0.00203	0.00285	0.01116	0.00472	0.00429
72	0.02336	0.00886	0.01209	0.00927	0.01329	0.00765	0.00765	0.02538	0.01491	0.78810	0.02055	0.01773	0.01289	0.00645	0.00524	0.00161	0.00443	0.00524	0.00645	0.00886
73	0.00634	0.00453	0.00604	0.00725	0.00755	0.00423	0.00483	0.00725	0.00997	0.01329	0.02870	0.81358	0.03444	0.01632	0.00665	0.00211	0.00302	0.01480	0.00483	0.00423
74	0.00634	0.00453	0.00604	0.00725	0.00755	0.00423	0.00483	0.00725	0.00997	0.01329	0.02870	0.81358	0.03444	0.01632	0.00665	0.00211	0.00302	0.01480	0.00483	0.00423
75	0.01080	0.00926	0.01080	0.00771	0.01234	0.00694	0.00617	0.01311	0.01080	0.01697	0.00926	0.01080	0.00771	0.00386	0.00386	0.00077	0.00386	0.00309	0.00309	0.84882
