[name]
unknown

[dist]
# distance from previous block
# <min> <max>
0	72

[block]
# block no. 0 follows, 45 sequences, length 7
# corresponding to MSA columns:
# 100-106
name=unknown_A
#
# <colnr> <probs for GDERKNQSTAVLIFYWHMCP>
#	G	D	E	R	K	N	Q	S	T	A	V	L	I	F	Y	W	H	M	C	P
0	0.40350	0.01070	0.07315	0.00991	0.06202	0.01013	0.00803	0.04847	0.01140	0.03935	0.04494	0.02309	0.10740	0.00795	0.00513	0.01919	0.00458	0.10118	0.00386	0.00603
1	0.01060	0.02810	0.10584	0.00928	0.01180	0.00834	0.00800	0.07711	0.11216	0.06538	0.18237	0.29116	0.04598	0.01102	0.00604	0.00186	0.00412	0.00961	0.00498	0.00625
2	0.01207	0.00992	0.01253	0.01115	0.10820	0.00789	0.00770	0.01454	0.01149	0.05723	0.01022	0.01177	0.00830	0.00421	0.00422	0.00094	0.00431	0.00350	0.00330	0.69652
3	0.01572	0.04109	0.11001	0.01304	0.04719	0.39460	0.01064	0.04894	0.09908	0.01602	0.01565	0.01626	0.09774	0.00652	0.00508	0.00151	0.00739	0.00481	0.00337	0.04533
4	0.01776	0.01363	0.01539	0.11471	0.01879	0.01516	0.01042	0.53864	0.10918	0.02903	0.01332	0.01381	0.00966	0.00627	0.00531	0.00162	0.00578	0.00488	0.00488	0.05177
5	0.01310	0.00946	0.01151	0.10036	0.01514	0.00860	0.00760	0.10750	0.01323	0.09029	0.01266	0.03640	0.01005	0.00536	0.00450	0.00119	0.00442	0.00436	0.11327	0.43100
6	0.01815	0.01344	0.01531	0.10326	0.01838	0.01450	0.01016	0.54583	0.02131	0.05953	0.01239	0.01304	0.00891	0.00600	0.00519	0.00153	0.00575	0.00463	0.00479	0.11791

[dist]
# distance from previous block
# <min> <max>
2	20

[block]
# block no. 1 follows, 45 sequences, length 18
# corresponding to MSA columns:
# 144-159,162,163
name=unknown_B
#
# <colnr> <probs for GDERKNQSTAVLIFYWHMCP>
#	G	D	E	R	K	N	Q	S	T	A	V	L	I	F	Y	W	H	M	C	P
0	0.01223	0.01408	0.09308	0.09623	0.29715	0.02928	0.24874	0.01592	0.01197	0.01662	0.01115	0.05565	0.00945	0.00551	0.00591	0.00170	0.02483	0.00565	0.00275	0.04209
1	0.01198	0.01146	0.03996	0.01497	0.12496	0.01023	0.14919	0.05726	0.09559	0.01883	0.05223	0.06918	0.01311	0.00597	0.00520	0.00143	0.00539	0.00560	0.00363	0.30387
2	0.03305	0.11400	0.42692	0.01584	0.02238	0.01342	0.21019	0.01706	0.01169	0.04011	0.01000	0.01198	0.00738	0.00489	0.00515	0.00163	0.00762	0.00444	0.00258	0.03966
3	0.02005	0.02558	0.01521	0.01383	0.01659	0.78980	0.01037	0.02143	0.01521	0.01314	0.00830	0.00968	0.00691	0.00553	0.00484	0.00138	0.00968	0.00346	0.00277	0.00622
4	0.01161	0.00982	0.01139	0.00818	0.01292	0.00764	0.00656	0.05199	0.01186	0.01833	0.00971	0.01122	0.00801	0.00410	0.00405	0.00084	0.00407	0.00327	0.00329	0.80113
5	0.00654	0.00467	0.00623	0.00747	0.00779	0.00436	0.00498	0.00747	0.01028	0.01370	0.02959	0.80785	0.03550	0.01682	0.00685	0.00218	0.00311	0.01526	0.00498	0.00436
6	0.00997	0.00617	0.00797	0.00830	0.00946	0.00593	0.00606	0.06752	0.01218	0.10828	0.02684	0.55602	0.02992	0.03548	0.00716	0.00218	0.00374	0.08632	0.00516	0.00533
7	0.00654	0.00467	0.00623	0.00747	0.00779	0.00436	0.00498	0.00747	0.01028	0.01370	0.02959	0.80785	0.03550	0.01682	0.00685	0.00218	0.00311	0.01526	0.00498	0.00436
8	0.00654	0.00467	0.00623	0.00747	0.00779	0.00436	0.00498	0.00747	0.01028	0.01370	0.02959	0.80785	0.03550	0.01682	0.00685	0.00218	0.00311	0.01526	0.00498	0.00436
9	0.77833	0.01185	0.07351	0.00776	0.01147	0.01208	0.00700	0.01588	0.00932	0.02348	0.00766	0.00894	0.00590	0.00499	0.00347	0.00166	0.00447	0.00300	0.00323	0.00599
10	0.01267	0.01448	0.03167	0.02262	0.02805	0.01357	0.75837	0.01719	0.01267	0.01719	0.01086	0.01448	0.00814	0.00452	0.00633	0.00181	0.00905	0.00633	0.00271	0.00724
11	0.00767	0.00575	0.00863	0.00863	0.00959	0.00671	0.00671	0.00959	0.00863	0.01246	0.01438	0.02109	0.01342	0.04026	0.79008	0.00863	0.01438	0.00575	0.00288	0.00479
12	0.02041	0.01504	0.01611	0.01235	0.01665	0.01665	0.01020	0.75997	0.02524	0.03383	0.01289	0.01289	0.00913	0.00644	0.00537	0.00161	0.00591	0.00483	0.00537	0.00913
13	0.01435	0.81458	0.02813	0.00918	0.01378	0.02124	0.00918	0.01607	0.01091	0.01263	0.00746	0.00861	0.00689	0.00459	0.00344	0.00115	0.00574	0.00287	0.00230	0.00689
14	0.01361	0.68604	0.10918	0.00982	0.01458	0.01951	0.01021	0.01583	0.01083	0.01310	0.00807	0.00957	0.00723	0.00655	0.04548	0.00161	0.00644	0.00314	0.00232	0.00689
15	0.01120	0.12396	0.69118	0.01455	0.02208	0.01354	0.01853	0.01689	0.01128	0.01647	0.00937	0.01100	0.00681	0.00504	0.00490	0.00163	0.00767	0.00383	0.00227	0.00781
16	0.04196	0.00871	0.10098	0.00822	0.01017	0.02553	0.00694	0.01037	0.01206	0.01699	0.25130	0.33702	0.07418	0.02951	0.00659	0.00192	0.00378	0.01056	0.00470	0.03850
17	0.01300	0.45827	0.31087	0.01155	0.01716	0.04794	0.01302	0.01634	0.01113	0.01421	0.00865	0.01063	0.00731	0.03378	0.00498	0.00151	0.00670	0.00348	0.00234	0.00712

[dist]
# distance from previous block
# <min> <max>
12	20

[block]
# block no. 2 follows, 45 sequences, length 7
# corresponding to MSA columns:
# 185-191
name=unknown_C
#
# <colnr> <probs for GDERKNQSTAVLIFYWHMCP>
#	G	D	E	R	K	N	Q	S	T	A	V	L	I	F	Y	W	H	M	C	P
0	0.04918	0.16427	0.14399	0.01150	0.01561	0.18133	0.01073	0.05400	0.01363	0.18927	0.05888	0.01382	0.01111	0.00613	0.00557	0.00155	0.05395	0.00438	0.00379	0.00732
1	0.10622	0.18068	0.25635	0.01432	0.07542	0.08059	0.09081	0.01703	0.01180	0.04548	0.03191	0.01192	0.00857	0.00512	0.00469	0.00152	0.00676	0.00408	0.00282	0.04391
2	0.01082	0.01369	0.15200	0.05161	0.11313	0.01073	0.26109	0.01508	0.04206	0.01734	0.10584	0.08693	0.05687	0.00709	0.00590	0.00175	0.00649	0.00700	0.00343	0.03115
3	0.10522	0.01105	0.11421	0.00972	0.01298	0.00919	0.04108	0.01732	0.16971	0.09854	0.28386	0.02579	0.06305	0.00815	0.00555	0.00172	0.00430	0.00691	0.00493	0.00673
4	0.07728	0.08045	0.12471	0.01827	0.23150	0.05958	0.06136	0.04520	0.01216	0.06535	0.01289	0.01477	0.05845	0.00621	0.00667	0.00169	0.10817	0.00485	0.00310	0.00733
5	0.13175	0.05399	0.23021	0.01218	0.01690	0.06006	0.07949	0.05621	0.03980	0.05989	0.07248	0.02937	0.01182	0.00600	0.00536	0.00160	0.03358	0.00477	0.00344	0.09110
6	0.01344	0.03019	0.04445	0.10194	0.01645	0.01105	0.04653	0.15169	0.04239	0.10498	0.08849	0.11393	0.01675	0.03824	0.00773	0.00188	0.09357	0.00665	0.00428	0.06536

[dist]
# distance from previous block
# <min> <max>
14	37

[block]
# block no. 3 follows, 45 sequences, length 7
# corresponding to MSA columns:
# 230-236
name=unknown_D
#
# <colnr> <probs for GDERKNQSTAVLIFYWHMCP>
#	G	D	E	R	K	N	Q	S	T	A	V	L	I	F	Y	W	H	M	C	P
0	0.06885	0.11024	0.08968	0.03274	0.06144	0.01297	0.25733	0.05008	0.05110	0.04940	0.06178	0.06256	0.01276	0.00627	0.00582	0.00170	0.03261	0.00587	0.00342	0.02337
1	0.12864	0.20464	0.08477	0.01132	0.01534	0.16569	0.06875	0.07526	0.01324	0.07550	0.01408	0.03660	0.07232	0.00626	0.00471	0.00152	0.00635	0.00476	0.00343	0.00681
2	0.05922	0.08667	0.01156	0.01015	0.07627	0.00946	0.00734	0.03953	0.12557	0.07872	0.14259	0.06003	0.17212	0.00921	0.00553	0.00171	0.00400	0.05135	0.04256	0.00640
3	0.09173	0.18261	0.19025	0.01538	0.09328	0.06245	0.15336	0.01604	0.01174	0.01641	0.01285	0.01693	0.04818	0.00603	0.00506	0.00164	0.00680	0.05945	0.00287	0.00694
4	0.04993	0.01484	0.08000	0.13485	0.14931	0.11876	0.17727	0.01722	0.04101	0.05081	0.01085	0.01402	0.00861	0.03601	0.00669	0.00180	0.04082	0.00492	0.00296	0.03932
5	0.12163	0.26745	0.17905	0.01097	0.01547	0.12765	0.01086	0.04881	0.03952	0.05144	0.03777	0.01207	0.00935	0.00694	0.03856	0.00178	0.00673	0.00388	0.00309	0.00697
6	0.03601	0.05196	0.01334	0.01052	0.03172	0.01199	0.00827	0.36076	0.01827	0.10810	0.09262	0.08683	0.04150	0.03810	0.03694	0.00203	0.00528	0.00644	0.00500	0.03431

[dist]
# distance from previous block
# <min> <max>
36	46

[block]
# block no. 4 follows, 45 sequences, length 44
# corresponding to MSA columns:
# 284-327
name=unknown_E
#
# <colnr> <probs for GDERKNQSTAVLIFYWHMCP>
#	G	D	E	R	K	N	Q	S	T	A	V	L	I	F	Y	W	H	M	C	P
0	0.02586	0.02836	0.01010	0.00837	0.01089	0.02412	0.03344	0.03195	0.10140	0.16636	0.24577	0.05169	0.22039	0.00982	0.00589	0.00172	0.00376	0.00836	0.00541	0.00635
1	0.04869	0.00855	0.00960	0.00959	0.05771	0.03977	0.00682	0.03655	0.09596	0.01820	0.19838	0.09692	0.22345	0.01015	0.00656	0.00174	0.05534	0.00841	0.00465	0.06298
2	0.50143	0.01364	0.06648	0.01062	0.05128	0.09865	0.02448	0.01856	0.10904	0.04632	0.01024	0.01115	0.00781	0.00539	0.00413	0.00165	0.00528	0.00370	0.00352	0.00663
3	0.04915	0.60386	0.06838	0.00972	0.01391	0.04676	0.00949	0.01603	0.03364	0.01376	0.00947	0.06098	0.00898	0.00570	0.00432	0.00134	0.03124	0.00391	0.00263	0.00673
4	0.01083	0.00841	0.08159	0.00822	0.01074	0.00643	0.00718	0.01362	0.02985	0.15625	0.32983	0.06384	0.16608	0.01057	0.00614	0.00180	0.00371	0.07347	0.00540	0.00601
5	0.17135	0.04291	0.06247	0.01036	0.01403	0.07681	0.00885	0.24833	0.14579	0.04101	0.01636	0.01638	0.07112	0.00666	0.00488	0.00163	0.00529	0.00499	0.04334	0.00744
6	0.18642	0.01255	0.03728	0.01043	0.01405	0.01321	0.00867	0.38766	0.06691	0.08230	0.01454	0.07486	0.01190	0.03586	0.00588	0.00183	0.00516	0.01793	0.00484	0.00773
7	0.54080	0.03228	0.06180	0.01012	0.01375	0.13148	0.05917	0.03909	0.01094	0.02116	0.00812	0.00965	0.00637	0.00522	0.00440	0.00164	0.03123	0.00341	0.00313	0.00624
8	0.00932	0.00466	0.00699	0.00699	0.00699	0.00466	0.00466	0.00699	0.00699	0.00932	0.00932	0.01632	0.00932	0.01865	0.02098	0.84382	0.00466	0.00466	0.00233	0.00233
9	0.01270	0.01230	0.02027	0.21558	0.58217	0.03143	0.01595	0.01593	0.01194	0.01652	0.00992	0.01344	0.00814	0.00494	0.00532	0.00164	0.00664	0.00475	0.00259	0.00784
10	0.00986	0.00689	0.00835	0.00829	0.01013	0.00670	0.00669	0.06039	0.06210	0.07158	0.11810	0.11101	0.23804	0.01261	0.00654	0.00202	0.00388	0.24598	0.00525	0.00559
11	0.00745	0.00548	0.00697	0.00660	0.00793	0.00500	0.00495	0.00984	0.01484	0.02068	0.68865	0.04148	0.13756	0.01129	0.00633	0.00170	0.00255	0.00990	0.00580	0.00500
12	0.00765	0.00552	0.00746	0.00862	0.00952	0.00534	0.00687	0.00942	0.01151	0.01501	0.03060	0.36178	0.08184	0.01555	0.00712	0.00231	0.00406	0.40019	0.00496	0.00468
13	0.01204	0.10380	0.01778	0.01353	0.01406	0.01699	0.01145	0.01328	0.00853	0.01289	0.00709	0.01138	0.00703	0.00884	0.01599	0.00221	0.71028	0.00449	0.00234	0.00599
14	0.04105	0.11678	0.64502	0.01413	0.02139	0.01331	0.01774	0.01714	0.01134	0.04120	0.00968	0.01115	0.00698	0.00509	0.00486	0.00163	0.00744	0.00385	0.00245	0.00778
15	0.01119	0.04185	0.63194	0.01649	0.02391	0.01285	0.15298	0.01702	0.01157	0.01694	0.00981	0.01184	0.00704	0.00499	0.00529	0.00171	0.00809	0.00437	0.00235	0.00779
16	0.01978	0.01473	0.01576	0.01223	0.01641	0.01636	0.01005	0.69563	0.09059	0.03283	0.01368	0.01352	0.00977	0.00652	0.00538	0.00163	0.00576	0.00494	0.00538	0.00907
17	0.09064	0.02157	0.01648	0.01556	0.08145	0.55435	0.06901	0.01974	0.01386	0.01477	0.00851	0.01039	0.00706	0.00555	0.00554	0.00151	0.05098	0.00381	0.00278	0.00644
18	0.01299	0.01359	0.02561	0.18637	0.02792	0.03787	0.48111	0.09178	0.01355	0.01793	0.01118	0.03419	0.00869	0.00524	0.00600	0.00178	0.00820	0.00598	0.00297	0.00705
19	0.00810	0.00561	0.00796	0.00796	0.00897	0.00640	0.00616	0.01012	0.00911	0.01385	0.01496	0.02089	0.01348	0.03399	0.64516	0.00727	0.01219	0.00561	0.15736	0.00483
20	0.00767	0.00575	0.00863	0.00863	0.00959	0.00671	0.00671	0.00959	0.00863	0.01246	0.01438	0.02109	0.01342	0.04026	0.79008	0.00863	0.01438	0.00575	0.00288	0.00479
21	0.00768	0.00572	0.00849	0.00849	0.00940	0.00663	0.00654	0.00950	0.00859	0.01236	0.01450	0.02179	0.01372	0.07877	0.75198	0.00846	0.01392	0.00585	0.00289	0.00472
22	0.00932	0.00466	0.00699	0.00699	0.00699	0.00466	0.00466	0.00699	0.00699	0.00932	0.00932	0.01632	0.00932	0.01865	0.02098	0.84382	0.00466	0.00466	0.00233	0.00233
23	0.01984	0.02517	0.01542	0.01444	0.04095	0.76495	0.01057	0.02128	0.01512	0.01328	0.00835	0.00980	0.00697	0.00551	0.00486	0.00139	0.00957	0.00350	0.00276	0.00630
24	0.01122	0.00946	0.01021	0.00932	0.01183	0.01045	0.00719	0.02192	0.51105	0.02117	0.17896	0.02847	0.12834	0.00890	0.00576	0.00179	0.00369	0.00753	0.00549	0.00725
25	0.01046	0.03977	0.29854	0.01079	0.01480	0.05940	0.01125	0.01450	0.03725	0.04582	0.28571	0.10652	0.02606	0.00858	0.00568	0.00171	0.00530	0.00727	0.00415	0.00645
26	0.01335	0.01153	0.01214	0.01092	0.01396	0.01335	0.00850	0.02852	0.76817	0.02245	0.02185	0.02003	0.01639	0.00728	0.00546	0.00182	0.00425	0.00607	0.00546	0.00850
27	0.84927	0.01038	0.00789	0.00706	0.01038	0.01204	0.00581	0.01578	0.00914	0.02408	0.00747	0.00872	0.00581	0.00498	0.00332	0.00166	0.00415	0.00291	0.00332	0.00581
28	0.01093	0.02662	0.71869	0.01593	0.02365	0.01256	0.08353	0.01702	0.01145	0.01702	0.00974	0.01160	0.00692	0.00505	0.00521	0.00171	0.00803	0.00417	0.00231	0.00787
29	0.01335	0.01153	0.01214	0.01092	0.01396	0.01335	0.00850	0.02852	0.76817	0.02245	0.02185	0.02003	0.01639	0.00728	0.00546	0.00182	0.00425	0.00607	0.00546	0.00850
30	0.02064	0.01465	0.01587	0.01217	0.01646	0.01608	0.01005	0.71248	0.02460	0.08222	0.01342	0.01324	0.00940	0.00646	0.00537	0.00161	0.00582	0.00487	0.00545	0.00913
31	0.00932	0.00466	0.00699	0.00699	0.00699	0.00466	0.00466	0.00699	0.00699	0.00932	0.00932	0.01632	0.00932	0.01865	0.02098	0.84382	0.00466	0.00466	0.00233	0.00233
32	0.03617	0.04152	0.70566	0.01466	0.02208	0.03126	0.01857	0.01686	0.01146	0.01716	0.03077	0.01196	0.00799	0.00526	0.00504	0.00168	0.00767	0.00406	0.00241	0.00773
33	0.00854	0.00613	0.00744	0.00701	0.00867	0.00564	0.00534	0.04744	0.01435	0.04657	0.42021	0.10473	0.22626	0.01173	0.00629	0.00177	0.00300	0.03942	0.00550	0.02395
34	0.01113	0.00954	0.01113	0.00795	0.01272	0.00716	0.00636	0.01352	0.01113	0.01749	0.00954	0.01113	0.00795	0.00398	0.00398	0.00080	0.00398	0.00318	0.00318	0.84417
35	0.01607	0.30735	0.05754	0.01326	0.04863	0.15777	0.11092	0.04485	0.04047	0.10863	0.03853	0.01280	0.00991	0.00543	0.00473	0.00145	0.00673	0.00432	0.00333	0.00727
36	0.14260	0.06257	0.03035	0.00718	0.00937	0.00784	0.00583	0.03408	0.01316	0.04260	0.36181	0.03233	0.15843	0.06140	0.00692	0.00189	0.00353	0.00788	0.00483	0.00543
37	0.00680	0.00483	0.00636	0.00740	0.00776	0.00458	0.00498	0.00777	0.01023	0.01368	0.05156	0.66376	0.03376	0.09542	0.02615	0.00262	0.00361	0.03965	0.00479	0.00430
38	0.05304	0.06159	0.03922	0.00939	0.01279	0.02611	0.00786	0.04327	0.09948	0.37771	0.12642	0.08437	0.01953	0.00787	0.00542	0.00169	0.00445	0.00651	0.00557	0.00770
39	0.01261	0.01315	0.04217	0.01750	0.02180	0.01267	0.44144	0.09202	0.03747	0.01885	0.06394	0.03447	0.03317	0.00616	0.00700	0.00177	0.07459	0.00634	0.00339	0.05948
40	0.15127	0.01271	0.11350	0.06222	0.03336	0.01122	0.03372	0.10640	0.11791	0.19180	0.03016	0.01886	0.04042	0.00683	0.00521	0.00174	0.00532	0.04519	0.00456	0.00760
41	0.03864	0.07420	0.01253	0.00974	0.01273	0.11791	0.00781	0.04902	0.18747	0.18704	0.14471	0.02361	0.07009	0.00789	0.00541	0.00166	0.00489	0.03241	0.00506	0.00719
42	0.05695	0.06714	0.18926	0.03854	0.04336	0.03575	0.08735	0.09119	0.03448	0.15791	0.04299	0.02730	0.01120	0.02090	0.00637	0.00175	0.05627	0.00506	0.01870	0.00751
43	0.04252	0.00981	0.02933	0.00929	0.01217	0.03374	0.01846	0.12679	0.08026	0.12094	0.04829	0.19430	0.07347	0.03498	0.00629	0.00180	0.00446	0.02635	0.00480	0.12195

[dist]
# distance from previous block
# <min> <max>
59	137

[block]
# block no. 5 follows, 45 sequences, length 27
# corresponding to MSA columns:
# 532-558
name=unknown_F
#
# <colnr> <probs for GDERKNQSTAVLIFYWHMCP>
#	G	D	E	R	K	N	Q	S	T	A	V	L	I	F	Y	W	H	M	C	P
0	0.07294	0.03484	0.44029	0.01545	0.08122	0.01223	0.07187	0.04622	0.01207	0.06390	0.01208	0.01357	0.03799	0.00559	0.00547	0.00168	0.03090	0.00452	0.00293	0.03424
1	0.05906	0.01137	0.01268	0.01058	0.02478	0.02736	0.00837	0.25185	0.14089	0.18266	0.03966	0.06961	0.01450	0.00733	0.00532	0.00164	0.00484	0.02840	0.00521	0.09390
2	0.25372	0.03998	0.13835	0.00990	0.01371	0.01094	0.00938	0.04266	0.07359	0.10841	0.06878	0.01953	0.01402	0.00704	0.00538	0.00173	0.03653	0.08513	0.00406	0.05715
3	0.01209	0.26883	0.01530	0.00872	0.01159	0.01231	0.00745	0.03009	0.12462	0.07796	0.07158	0.09467	0.16481	0.00904	0.00571	0.00166	0.03593	0.03691	0.00428	0.00643
4	0.01256	0.43119	0.03558	0.00825	0.01190	0.01415	0.00766	0.01487	0.04187	0.08325	0.04668	0.02355	0.23393	0.00772	0.00467	0.00144	0.00464	0.00593	0.00371	0.00643
5	0.01018	0.18566	0.01442	0.00965	0.01135	0.03559	0.05212	0.01149	0.01013	0.01329	0.01755	0.28236	0.03374	0.12447	0.01041	0.00231	0.12438	0.00844	0.01872	0.02375
6	0.01477	0.01100	0.01241	0.00952	0.01352	0.01049	0.00765	0.30047	0.01653	0.04999	0.01276	0.06047	0.01053	0.00635	0.00526	0.02802	0.00465	0.00474	0.03931	0.38156
7	0.01602	0.05960	0.01358	0.01053	0.01374	0.01274	0.00850	0.36603	0.12115	0.09037	0.01936	0.16458	0.03954	0.00888	0.00564	0.00175	0.00491	0.03012	0.00521	0.00775
8	0.05323	0.09380	0.06839	0.19161	0.02248	0.02951	0.18619	0.03135	0.01091	0.01530	0.00971	0.01350	0.00799	0.00969	0.09538	0.00257	0.14452	0.00487	0.00262	0.00640
9	0.00665	0.00476	0.00615	0.00722	0.00758	0.00445	0.00478	0.00752	0.01015	0.01344	0.02971	0.69809	0.07237	0.08925	0.00870	0.00244	0.00328	0.01438	0.00482	0.00427
10	0.00968	0.00603	0.00781	0.00752	0.00904	0.00557	0.00571	0.02823	0.01395	0.11335	0.39328	0.20370	0.09589	0.01208	0.00639	0.00186	0.00318	0.06565	0.00565	0.00546
11	0.01314	0.01270	0.03439	0.16659	0.40119	0.03906	0.06406	0.08827	0.04313	0.01820	0.01188	0.06137	0.01014	0.00589	0.00548	0.00168	0.00652	0.00551	0.00312	0.00768
12	0.01031	0.01017	0.01761	0.07752	0.01829	0.03400	0.25116	0.01292	0.01039	0.01423	0.01327	0.09576	0.01256	0.04483	0.24019	0.00404	0.11738	0.00667	0.00293	0.00577
13	0.36970	0.00894	0.00814	0.00720	0.00989	0.00986	0.00577	0.10009	0.05284	0.04833	0.01442	0.01550	0.03809	0.00607	0.00399	0.00153	0.00376	0.00439	0.28535	0.00612
14	0.04698	0.02590	0.69828	0.01493	0.02245	0.01230	0.04016	0.01732	0.01144	0.04757	0.01003	0.01159	0.00705	0.00514	0.00507	0.00170	0.00767	0.00405	0.00250	0.00787
15	0.04615	0.11999	0.05700	0.07474	0.04203	0.03721	0.00962	0.27701	0.01642	0.09625	0.01290	0.01447	0.00979	0.03484	0.00556	0.00164	0.00551	0.00459	0.12678	0.00746
16	0.00663	0.00474	0.00633	0.00758	0.00793	0.00444	0.00514	0.00763	0.01037	0.01380	0.02954	0.77609	0.03531	0.01673	0.00688	0.00219	0.00319	0.04613	0.00498	0.00438
17	0.00713	0.00513	0.00658	0.00754	0.00804	0.00489	0.00509	0.03734	0.01084	0.01440	0.02924	0.72083	0.05820	0.04775	0.00759	0.00227	0.00329	0.01442	0.00493	0.00451
18	0.01159	0.02160	0.44427	0.03651	0.05556	0.01290	0.30594	0.01698	0.01187	0.01702	0.01013	0.01270	0.00740	0.00487	0.00559	0.00174	0.00829	0.00494	0.00246	0.00764
19	0.01167	0.01165	0.01863	0.51083	0.20694	0.05900	0.07522	0.01510	0.01150	0.01485	0.00970	0.01381	0.00753	0.00517	0.00540	0.00172	0.00728	0.00482	0.00250	0.00667
20	0.00661	0.00472	0.00630	0.00755	0.00789	0.00442	0.00510	0.00759	0.01034	0.01378	0.02955	0.78461	0.03536	0.01676	0.00687	0.00219	0.00317	0.03785	0.00498	0.00438
21	0.01385	0.01491	0.07928	0.07558	0.48004	0.11567	0.02834	0.01700	0.01258	0.04315	0.01137	0.01597	0.00968	0.00566	0.00539	0.00165	0.00688	0.05231	0.00291	0.00776
22	0.01685	0.03789	0.01382	0.01088	0.01430	0.01238	0.02536	0.34895	0.11067	0.14244	0.01819	0.14453	0.01555	0.00838	0.00562	0.00173	0.00503	0.03233	0.00528	0.02983
23	0.00677	0.00484	0.00648	0.00763	0.00807	0.00455	0.00528	0.00793	0.01074	0.01437	0.07440	0.70107	0.03604	0.01630	0.00687	0.00217	0.00323	0.07377	0.00504	0.00445
24	0.01263	0.06862	0.20371	0.02472	0.41745	0.01320	0.10485	0.03125	0.01211	0.01720	0.01011	0.01292	0.00813	0.00608	0.03257	0.00186	0.00729	0.00468	0.00261	0.00799
25	0.38734	0.01014	0.01208	0.21979	0.10528	0.01160	0.00961	0.06142	0.01110	0.02019	0.04661	0.01299	0.00911	0.00627	0.00543	0.05230	0.00526	0.00418	0.00320	0.00612
26	0.01641	0.01281	0.04396	0.01104	0.01454	0.01324	0.00916	0.51605	0.02031	0.02759	0.01530	0.12344	0.01329	0.02762	0.05547	0.00218	0.00595	0.00632	0.03368	0.03164

[dist]
# distance from previous block
# <min> <max>
8	15

[block]
# block no. 6 follows, 45 sequences, length 44
# corresponding to MSA columns:
# 574-617
name=unknown_G
#
# <colnr> <probs for GDERKNQSTAVLIFYWHMCP>
#	G	D	E	R	K	N	Q	S	T	A	V	L	I	F	Y	W	H	M	C	P
0	0.01077	0.02777	0.78354	0.01530	0.02323	0.01247	0.01983	0.01700	0.01133	0.01700	0.00963	0.01133	0.00680	0.00510	0.00510	0.00170	0.00793	0.00397	0.00227	0.00793
1	0.00739	0.00580	0.00674	0.00672	0.00815	0.00539	0.00495	0.01018	0.07239	0.01753	0.30874	0.18244	0.31841	0.01273	0.00636	0.00183	0.00284	0.01104	0.00536	0.00501
2	0.04107	0.08892	0.63390	0.01548	0.04896	0.01321	0.05240	0.01687	0.01131	0.01693	0.00946	0.01124	0.00689	0.00502	0.00497	0.00166	0.00762	0.00398	0.00234	0.00776
3	0.00718	0.00586	0.00637	0.00629	0.00798	0.00531	0.00474	0.00972	0.06531	0.01634	0.18752	0.07400	0.52035	0.02754	0.00672	0.00189	0.00292	0.03389	0.00516	0.00489
4	0.01014	0.00954	0.01610	0.79845	0.03697	0.01193	0.01491	0.01371	0.01073	0.01371	0.00954	0.01431	0.00716	0.00537	0.00537	0.00179	0.00716	0.00477	0.00239	0.00596
5	0.00702	0.00547	0.00702	0.00763	0.00825	0.00547	0.00541	0.00815	0.01075	0.01426	0.07812	0.55693	0.16632	0.01524	0.00765	0.00210	0.07153	0.01331	0.00481	0.00456
6	0.01959	0.01290	0.01436	0.01122	0.01503	0.01383	0.00911	0.54989	0.02172	0.16087	0.01534	0.05141	0.01172	0.05918	0.00687	0.00188	0.00550	0.00560	0.00544	0.00853
7	0.01435	0.81458	0.02813	0.00918	0.01378	0.02124	0.00918	0.01607	0.01091	0.01263	0.00746	0.00861	0.00689	0.00459	0.00344	0.00115	0.00574	0.00287	0.00230	0.00689
8	0.00797	0.00532	0.00589	0.00595	0.00714	0.00498	0.00435	0.00965	0.01154	0.01636	0.13178	0.05612	0.25826	0.15222	0.00942	0.00230	0.00325	0.06489	0.23807	0.00454
9	0.01325	0.01342	0.01875	0.19758	0.38084	0.12225	0.04736	0.03028	0.01252	0.01615	0.01124	0.01687	0.00977	0.00594	0.00570	0.00170	0.02157	0.06472	0.00285	0.00723
10	0.02057	0.01178	0.01366	0.01060	0.01450	0.01212	0.00869	0.40425	0.02012	0.31442	0.04494	0.01671	0.01268	0.02201	0.00576	0.00168	0.00510	0.00529	0.04644	0.00867
11	0.00654	0.00467	0.00623	0.00747	0.00779	0.00436	0.00498	0.00747	0.01028	0.01370	0.02959	0.80785	0.03550	0.01682	0.00685	0.00218	0.00311	0.01526	0.00498	0.00436
12	0.01609	0.00984	0.01158	0.00974	0.01270	0.01002	0.00778	0.29635	0.01756	0.20431	0.05296	0.17206	0.08369	0.01041	0.02360	0.00195	0.00480	0.04169	0.00551	0.00738
13	0.01565	0.01106	0.01241	0.01002	0.01336	0.01154	0.00808	0.39965	0.01858	0.06130	0.03935	0.08434	0.01399	0.00937	0.05234	0.00196	0.00539	0.02359	0.08765	0.12039
14	0.00976	0.04393	0.04345	0.00953	0.01102	0.08563	0.00779	0.01170	0.00958	0.01311	0.01302	0.01887	0.01203	0.06453	0.50614	0.00623	0.07181	0.00529	0.05140	0.00518
15	0.70460	0.01062	0.00918	0.00872	0.04626	0.01209	0.00666	0.03422	0.05753	0.05563	0.00920	0.01014	0.00699	0.00522	0.00368	0.00167	0.00432	0.00334	0.00361	0.00632
16	0.01671	0.01236	0.01353	0.01105	0.01435	0.01350	0.00884	0.54088	0.05601	0.02869	0.05040	0.17521	0.01663	0.00878	0.00572	0.00174	0.00512	0.00721	0.00532	0.00796
17	0.01916	0.01398	0.01518	0.01166	0.01594	0.01503	0.00958	0.60470	0.06468	0.06448	0.01339	0.01333	0.00959	0.00623	0.00522	0.00154	0.00554	0.00475	0.00519	0.10085
18	0.00653	0.00472	0.00617	0.00734	0.00775	0.00437	0.00492	0.00749	0.01041	0.01376	0.03127	0.75639	0.08587	0.01660	0.00682	0.00216	0.00309	0.01499	0.00498	0.00437
19	0.00738	0.00543	0.00709	0.00783	0.00833	0.00541	0.00542	0.03444	0.01101	0.01487	0.08484	0.66116	0.03397	0.04087	0.00788	0.00223	0.03856	0.01376	0.00490	0.00461
20	0.01243	0.00988	0.01152	0.00832	0.01303	0.00781	0.00669	0.06256	0.01227	0.05948	0.01038	0.01163	0.00831	0.00428	0.00414	0.00089	0.00413	0.00341	0.00351	0.74533
21	0.00765	0.00514	0.00590	0.00605	0.00609	0.00510	0.00347	0.00777	0.00811	0.01081	0.01847	0.13023	0.02148	0.71356	0.02480	0.00483	0.00495	0.00872	0.00347	0.00339
22	0.00932	0.00466	0.00699	0.00699	0.00699	0.00466	0.00466	0.00699	0.00699	0.00932	0.00932	0.01632	0.00932	0.01865	0.02098	0.84382	0.00466	0.00466	0.00233	0.00233
23	0.00878	0.00743	0.05762	0.00841	0.00996	0.00634	0.00681	0.04466	0.04655	0.03067	0.20617	0.30278	0.06046	0.01334	0.00757	0.06514	0.00382	0.10341	0.00490	0.00518
24	0.01163	0.01158	0.01623	0.01394	0.01397	0.01617	0.01161	0.01283	0.00823	0.01291	0.00725	0.01200	0.00722	0.01024	0.03885	0.00252	0.77989	0.00473	0.00236	0.00584
25	0.01796	0.01241	0.01353	0.01090	0.01456	0.01354	0.00883	0.40994	0.20825	0.12149	0.01733	0.01668	0.02666	0.00680	0.00528	0.00164	0.00498	0.00535	0.07531	0.00854
26	0.01195	0.11053	0.60334	0.01546	0.05627	0.01326	0.04607	0.01731	0.01156	0.05180	0.01000	0.01157	0.00724	0.00508	0.00499	0.00164	0.00751	0.00404	0.00251	0.00788
27	0.03091	0.01072	0.03885	0.32704	0.12761	0.02867	0.01202	0.04084	0.11586	0.05962	0.12138	0.01944	0.01565	0.00664	0.00549	0.00174	0.00578	0.02113	0.00375	0.00685
28	0.01266	0.01348	0.02627	0.04073	0.24323	0.01372	0.41920	0.01629	0.01185	0.01660	0.01006	0.01373	0.00807	0.00533	0.00766	0.00183	0.12369	0.00561	0.00264	0.00738
29	0.00660	0.00485	0.00609	0.00703	0.00759	0.00445	0.00474	0.00758	0.01057	0.01381	0.04786	0.62303	0.15940	0.05977	0.00788	0.00227	0.00315	0.01408	0.00491	0.00434
30	0.01334	0.05043	0.05572	0.07114	0.58902	0.05089	0.05893	0.01661	0.01221	0.01685	0.00988	0.01294	0.00818	0.00484	0.00526	0.00159	0.00677	0.00468	0.00262	0.00808
31	0.03738	0.01114	0.03239	0.30191	0.08414	0.01144	0.28109	0.01438	0.01152	0.01578	0.02669	0.12236	0.01221	0.00666	0.00586	0.00183	0.00706	0.00678	0.00297	0.00641
32	0.00654	0.00480	0.00614	0.00716	0.00771	0.00440	0.00485	0.00757	0.01068	0.01401	0.05115	0.67855	0.14436	0.01620	0.00676	0.00211	0.00304	0.01455	0.00501	0.00440
33	0.03147	0.14482	0.65210	0.01419	0.02151	0.01377	0.01791	0.01683	0.01122	0.01652	0.00926	0.01086	0.00679	0.00502	0.00481	0.00162	0.00751	0.00378	0.00230	0.00773
34	0.08149	0.11164	0.04940	0.00993	0.01344	0.03673	0.00850	0.30673	0.01684	0.07500	0.03033	0.06708	0.06512	0.03631	0.02017	0.00184	0.00535	0.00573	0.05114	0.00723
35	0.05827	0.04887	0.08955	0.01050	0.01448	0.01067	0.03551	0.17152	0.03010	0.29284	0.09571	0.06041	0.04287	0.00744	0.00541	0.00167	0.00501	0.00612	0.00520	0.00784
36	0.00699	0.00567	0.00623	0.00616	0.00778	0.00505	0.00459	0.00923	0.04631	0.01661	0.23657	0.09867	0.50536	0.01286	0.00634	0.00181	0.00277	0.01095	0.00524	0.00483
37	0.01877	0.11501	0.01720	0.01413	0.06678	0.47769	0.01051	0.16882	0.01652	0.01769	0.02341	0.01100	0.00827	0.00566	0.00484	0.00142	0.00811	0.00387	0.00329	0.00702
38	0.04092	0.30801	0.13594	0.03158	0.18937	0.07942	0.07409	0.01711	0.03491	0.01550	0.00920	0.01115	0.00761	0.00497	0.00479	0.00147	0.02006	0.00396	0.00258	0.00736
39	0.02520	0.07407	0.33439	0.01236	0.04281	0.01027	0.04386	0.01332	0.01120	0.01588	0.06527	0.18476	0.07054	0.03915	0.00678	0.00192	0.03104	0.00743	0.00335	0.00639
40	0.00825	0.01100	0.18834	0.04917	0.01298	0.00721	0.00885	0.02329	0.01194	0.01590	0.09213	0.08989	0.31767	0.03659	0.04131	0.00222	0.00492	0.04282	0.03001	0.00551
41	0.09607	0.00926	0.01263	0.01072	0.01328	0.00985	0.08213	0.13008	0.02562	0.13199	0.01649	0.11274	0.01473	0.01635	0.20134	0.00353	0.04366	0.04347	0.01951	0.00652
42	0.01413	0.05144	0.08437	0.01765	0.07688	0.05164	0.28996	0.17635	0.01484	0.01987	0.01226	0.05290	0.01039	0.00644	0.00662	0.00178	0.06343	0.03825	0.00341	0.00740
43	0.01019	0.00885	0.00954	0.00899	0.01039	0.08354	0.02928	0.07382	0.06518	0.01527	0.02219	0.22612	0.09294	0.17760	0.12021	0.00350	0.02425	0.00886	0.00406	0.00521

[dist]
# distance from previous block
# <min> <max>
31	140

[block]
# block no. 7 follows, 45 sequences, length 23
# corresponding to MSA columns:
# 767-789
name=unknown_H
#
# <colnr> <probs for GDERKNQSTAVLIFYWHMCP>
#	G	D	E	R	K	N	Q	S	T	A	V	L	I	F	Y	W	H	M	C	P
0	0.23971	0.05473	0.09550	0.04857	0.07325	0.05058	0.00956	0.05906	0.04812	0.04001	0.15574	0.01916	0.01690	0.00695	0.00524	0.00169	0.02470	0.04007	0.00388	0.00656
1	0.04997	0.02525	0.05042	0.00844	0.01060	0.03656	0.00680	0.07942	0.01299	0.05657	0.20089	0.16426	0.05078	0.08595	0.08844	0.00273	0.00529	0.00815	0.00449	0.05198
2	0.03408	0.03355	0.11013	0.03226	0.01551	0.08794	0.05685	0.06769	0.05042	0.01732	0.08056	0.06216	0.04197	0.00835	0.02237	0.00189	0.18343	0.00579	0.02013	0.06758
3	0.03255	0.05395	0.04305	0.05058	0.01551	0.01279	0.00954	0.25749	0.01602	0.15078	0.04298	0.01552	0.02505	0.02888	0.00750	0.00173	0.12090	0.00493	0.00438	0.10587
4	0.12296	0.13553	0.08986	0.02847	0.01389	0.01208	0.00887	0.10308	0.10872	0.12371	0.13075	0.04788	0.03817	0.00721	0.00502	0.00163	0.00479	0.00573	0.00449	0.00716
5	0.08823	0.05264	0.50980	0.01371	0.02007	0.07272	0.03630	0.03555	0.03436	0.05373	0.01045	0.01178	0.00757	0.00528	0.00489	0.00164	0.00723	0.00403	0.02243	0.00758
6	0.01369	0.67018	0.16676	0.01031	0.01551	0.01963	0.01114	0.01624	0.01099	0.01343	0.00786	0.00911	0.00687	0.00469	0.00375	0.00125	0.00614	0.00307	0.00229	0.00708
7	0.00923	0.11097	0.14918	0.00873	0.01172	0.00880	0.00835	0.01289	0.05177	0.01925	0.46248	0.03065	0.07714	0.00909	0.00571	0.00164	0.00400	0.00773	0.00473	0.00595
8	0.01435	0.81458	0.02813	0.00918	0.01378	0.02124	0.00918	0.01607	0.01091	0.01263	0.00746	0.00861	0.00689	0.00459	0.00344	0.00115	0.00574	0.00287	0.00230	0.00689
9	0.00865	0.00618	0.00865	0.00989	0.01112	0.00618	0.00865	0.01112	0.01236	0.01606	0.02842	0.06055	0.03089	0.01483	0.00741	0.00247	0.00494	0.74174	0.00494	0.00494
10	0.01423	0.78690	0.05471	0.00940	0.01411	0.02093	0.00956	0.01611	0.01092	0.01278	0.00754	0.00871	0.00689	0.00461	0.00350	0.00117	0.00582	0.00291	0.00230	0.00693
11	0.00752	0.00548	0.00707	0.00668	0.00797	0.00503	0.00501	0.00999	0.01502	0.02111	0.73287	0.04077	0.09307	0.01113	0.00633	0.00170	0.00254	0.00980	0.00585	0.00503
12	0.01291	0.49821	0.33187	0.01164	0.01758	0.01771	0.01347	0.01645	0.01108	0.01439	0.00834	0.00971	0.00685	0.00480	0.00411	0.00137	0.00662	0.00331	0.00228	0.00731
13	0.00865	0.00618	0.00865	0.00989	0.01112	0.00618	0.00865	0.01112	0.01236	0.01606	0.02842	0.06055	0.03089	0.01483	0.00741	0.00247	0.00494	0.74174	0.00494	0.00494
14	0.01077	0.02777	0.78354	0.01530	0.02323	0.01247	0.01983	0.01700	0.01133	0.01700	0.00963	0.01133	0.00680	0.00510	0.00510	0.00170	0.00793	0.00397	0.00227	0.00793
15	0.00751	0.00546	0.00706	0.00671	0.00798	0.00502	0.00502	0.00993	0.01490	0.02096	0.71833	0.06417	0.08425	0.01128	0.00635	0.00171	0.00256	0.00995	0.00584	0.00502
16	0.01226	0.35656	0.46787	0.01274	0.01928	0.01613	0.01538	0.01661	0.01116	0.01517	0.00873	0.01020	0.00684	0.00489	0.00441	0.00147	0.00702	0.00351	0.00228	0.00750
17	0.01312	0.54394	0.28797	0.01129	0.01703	0.01822	0.01285	0.01639	0.01105	0.01413	0.00821	0.00955	0.00686	0.00477	0.00401	0.00134	0.00649	0.00325	0.00229	0.00725
18	0.05145	0.07791	0.24855	0.01188	0.01674	0.01197	0.03630	0.11264	0.08229	0.16478	0.07224	0.01854	0.01396	0.00672	0.00529	0.00170	0.00582	0.04918	0.00428	0.00777
19	0.06807	0.01484	0.10365	0.01033	0.01377	0.17338	0.00896	0.10082	0.10844	0.01954	0.12381	0.02203	0.12858	0.00759	0.00527	0.00158	0.00552	0.00598	0.00417	0.07365
20	0.01327	0.01030	0.01142	0.00890	0.01263	0.03075	0.00710	0.18235	0.03521	0.06024	0.14762	0.01967	0.06416	0.00662	0.00498	0.00129	0.00428	0.00540	0.00449	0.36933
21	0.01592	0.01464	0.16773	0.01115	0.01542	0.05022	0.01049	0.19725	0.07620	0.18196	0.11610	0.02034	0.04539	0.00726	0.00548	0.00166	0.00546	0.02461	0.00488	0.02783
22	0.13256	0.08075	0.15800	0.07187	0.01804	0.08918	0.03336	0.23705	0.01560	0.02211	0.03047	0.01295	0.02493	0.00576	0.00483	0.00156	0.00633	0.00433	0.00360	0.04671

[dist]
# distance from previous block
# <min> <max>
11	46

[block]
# block no. 8 follows, 45 sequences, length 17
# corresponding to MSA columns:
# 889-905
name=unknown_I
#
# <colnr> <probs for GDERKNQSTAVLIFYWHMCP>
#	G	D	E	R	K	N	Q	S	T	A	V	L	I	F	Y	W	H	M	C	P
0	0.01150	0.00935	0.01101	0.00800	0.01258	0.00708	0.00637	0.01382	0.01128	0.04927	0.01076	0.04046	0.00918	0.00455	0.00414	0.00088	0.00397	0.00371	0.00339	0.77869
1	0.01052	0.00893	0.01045	0.00780	0.01205	0.00679	0.00614	0.01273	0.01110	0.01702	0.01320	0.08519	0.04198	0.00554	0.00433	0.00096	0.00385	0.00461	0.00342	0.73338
2	0.01071	0.00910	0.01068	0.00791	0.01227	0.00690	0.00623	0.01296	0.01105	0.01715	0.01137	0.08383	0.01046	0.00515	0.00424	0.00092	0.00390	0.00428	0.00334	0.76754
3	0.01124	0.00964	0.01118	0.00810	0.01278	0.00747	0.00647	0.01428	0.04982	0.01775	0.01017	0.01159	0.00838	0.00414	0.00405	0.00085	0.00399	0.00333	0.00330	0.80145
4	0.12233	0.35550	0.24290	0.01150	0.01672	0.04274	0.04850	0.04035	0.01168	0.01669	0.04052	0.01119	0.00869	0.00515	0.00428	0.00145	0.00634	0.00373	0.00271	0.00704
5	0.01137	0.16081	0.65581	0.01427	0.02163	0.01395	0.01803	0.01684	0.01126	0.01626	0.00927	0.01087	0.00681	0.00501	0.00482	0.00161	0.00756	0.00378	0.00227	0.00776
6	0.01156	0.20294	0.61536	0.01394	0.02113	0.01442	0.01746	0.01679	0.01124	0.01603	0.00915	0.01073	0.00682	0.00499	0.00473	0.00158	0.00744	0.00372	0.00227	0.00770
7	0.00911	0.00469	0.00690	0.00696	0.00697	0.00467	0.00461	0.00706	0.00720	0.00960	0.01071	0.05649	0.01114	0.05863	0.02060	0.75972	0.00461	0.00535	0.00251	0.00248
8	0.00650	0.00543	0.00557	0.00554	0.00723	0.00460	0.00410	0.00787	0.01221	0.01476	0.09986	0.05009	0.69097	0.05258	0.00737	0.00197	0.00283	0.01105	0.00496	0.00450
9	0.01113	0.00954	0.01113	0.00795	0.01272	0.00716	0.00636	0.01352	0.01113	0.01749	0.00954	0.01113	0.00795	0.00398	0.00398	0.00080	0.00398	0.00318	0.00318	0.84417
10	0.01113	0.00954	0.01113	0.00795	0.01272	0.00716	0.00636	0.01352	0.01113	0.01749	0.00954	0.01113	0.00795	0.00398	0.00398	0.00080	0.00398	0.00318	0.00318	0.84417
11	0.01113	0.00954	0.01113	0.00795	0.01272	0.00716	0.00636	0.01352	0.01113	0.01749	0.00954	0.01113	0.00795	0.00398	0.00398	0.00080	0.00398	0.00318	0.00318	0.84417
12	0.01113	0.00954	0.01113	0.00795	0.01272	0.00716	0.00636	0.01352	0.01113	0.01749	0.00954	0.01113	0.00795	0.00398	0.00398	0.00080	0.00398	0.00318	0.00318	0.84417
13	0.01253	0.01037	0.01188	0.00861	0.01331	0.00859	0.00694	0.12609	0.01326	0.01996	0.01005	0.01140	0.00813	0.00435	0.00419	0.00092	0.00427	0.00343	0.00351	0.71823
14	0.01333	0.59060	0.24317	0.01093	0.01647	0.01874	0.01222	0.01634	0.01103	0.01387	0.00808	0.00939	0.00686	0.00474	0.00392	0.00131	0.00636	0.00318	0.00229	0.00719
15	0.01797	0.10726	0.05371	0.01221	0.01580	0.34780	0.01010	0.19267	0.07814	0.05157	0.03846	0.01349	0.02542	0.00616	0.00498	0.00149	0.00724	0.00441	0.00383	0.00729
16	0.01109	0.09803	0.71608	0.01475	0.02239	0.01325	0.01888	0.01692	0.01130	0.01661	0.00944	0.01109	0.00681	0.00505	0.00495	0.00165	0.00774	0.00387	0.00227	0.00784

[dist]
# distance from previous block
# <min> <max>
0	1

[block]
# block no. 9 follows, 45 sequences, length 6
# corresponding to MSA columns:
# 907-912
name=unknown_J
#
# <colnr> <probs for GDERKNQSTAVLIFYWHMCP>
#	G	D	E	R	K	N	Q	S	T	A	V	L	I	F	Y	W	H	M	C	P
0	0.01048	0.00674	0.00820	0.00745	0.00916	0.00648	0.00559	0.06671	0.03867	0.10570	0.36141	0.06113	0.11898	0.13446	0.00943	0.00228	0.00360	0.03259	0.00536	0.00557
1	0.01112	0.00927	0.01084	0.00807	0.01232	0.00736	0.00640	0.05277	0.01213	0.01845	0.06682	0.05711	0.01265	0.00532	0.00438	0.00098	0.00393	0.00441	0.00360	0.69209
2	0.01109	0.01157	0.09709	0.00877	0.01389	0.00775	0.00786	0.01390	0.01115	0.01744	0.00955	0.01115	0.00782	0.00410	0.00410	0.00090	0.00442	0.00327	0.00308	0.75110
3	0.01312	0.00914	0.01104	0.00820	0.01257	0.00710	0.00654	0.01535	0.01182	0.15267	0.01294	0.06569	0.01074	0.00531	0.00442	0.00104	0.00402	0.00438	0.00391	0.63998
4	0.01113	0.00954	0.01113	0.00795	0.01272	0.00716	0.00636	0.01352	0.01113	0.01749	0.00954	0.01113	0.00795	0.00398	0.00398	0.00080	0.00398	0.00318	0.00318	0.84417
5	0.01113	0.00954	0.01113	0.00795	0.01272	0.00716	0.00636	0.01352	0.01113	0.01749	0.00954	0.01113	0.00795	0.00398	0.00398	0.00080	0.00398	0.00318	0.00318	0.84417

[dist]
# distance from previous block
# <min> <max>
23	49

[block]
# block no. 10 follows, 45 sequences, length 12
# corresponding to MSA columns:
# 964-975
name=unknown_K
#
# <colnr> <probs for GDERKNQSTAVLIFYWHMCP>
#	G	D	E	R	K	N	Q	S	T	A	V	L	I	F	Y	W	H	M	C	P
0	0.23897	0.01141	0.01186	0.00949	0.01335	0.01195	0.00772	0.23162	0.10561	0.11825	0.03546	0.01378	0.01064	0.00588	0.00462	0.00151	0.00464	0.00439	0.00462	0.15420
1	0.00767	0.00575	0.00863	0.00863	0.00959	0.00671	0.00671	0.00959	0.00863	0.01246	0.01438	0.02109	0.01342	0.04026	0.79008	0.00863	0.01438	0.00575	0.00288	0.00479
2	0.03220	0.01017	0.01169	0.00928	0.01306	0.00963	0.00746	0.10137	0.13673	0.07304	0.01545	0.03850	0.03853	0.00637	0.00538	0.00135	0.04078	0.03341	0.00419	0.41141
3	0.21245	0.12970	0.12087	0.00881	0.01218	0.03532	0.00823	0.02861	0.01182	0.05389	0.12100	0.12015	0.10071	0.00833	0.00497	0.00167	0.00464	0.00664	0.00394	0.00608
4	0.01622	0.01195	0.01338	0.01018	0.01443	0.01180	0.00828	0.35828	0.05848	0.07689	0.04892	0.01427	0.01133	0.00580	0.00490	0.00133	0.00485	0.00455	0.00467	0.31948
5	0.13913	0.01507	0.01329	0.01113	0.01460	0.18598	0.00885	0.25179	0.14273	0.11229	0.04319	0.01444	0.01146	0.00637	0.00501	0.00161	0.00593	0.00471	0.00468	0.00774
6	0.00857	0.00616	0.00789	0.00786	0.00882	0.00646	0.00585	0.05607	0.01078	0.01463	0.08275	0.05550	0.05712	0.27387	0.24628	0.00501	0.00754	0.13033	0.00390	0.00460
7	0.05074	0.07313	0.43981	0.01656	0.04480	0.05578	0.19138	0.01738	0.01186	0.03521	0.00990	0.01191	0.00729	0.00498	0.00520	0.00167	0.00785	0.00444	0.00257	0.00756
8	0.00767	0.00575	0.00863	0.00863	0.00959	0.00671	0.00671	0.00959	0.00863	0.01246	0.01438	0.02109	0.01342	0.04026	0.79008	0.00863	0.01438	0.00575	0.00288	0.00479
9	0.00819	0.00639	0.00900	0.00883	0.00996	0.00745	0.00688	0.01111	0.06946	0.01338	0.01672	0.02222	0.05126	0.03531	0.66359	0.00754	0.03841	0.00602	0.00317	0.00511
10	0.47134	0.01110	0.00992	0.00838	0.01186	0.05523	0.00678	0.06664	0.04952	0.13678	0.03189	0.01319	0.02954	0.00578	0.00417	0.00159	0.00455	0.00402	0.00413	0.07361
11	0.01560	0.01357	0.01907	0.01467	0.01835	0.09637	0.22561	0.07567	0.06756	0.14098	0.01238	0.01397	0.00930	0.00608	0.00750	0.00169	0.14145	0.00507	0.00375	0.11136

[dist]
# distance from previous block
# <min> <max>
38	50

[block]
# block no. 11 follows, 45 sequences, length 7
# corresponding to MSA columns:
# 1033-1039
name=unknown_L
#
# <colnr> <probs for GDERKNQSTAVLIFYWHMCP>
#	G	D	E	R	K	N	Q	S	T	A	V	L	I	F	Y	W	H	M	C	P
0	0.05808	0.01187	0.18529	0.00919	0.01263	0.00821	0.00894	0.06214	0.03226	0.07886	0.27567	0.05481	0.16224	0.00923	0.00574	0.00172	0.00433	0.00774	0.00474	0.00631
1	0.09796	0.00987	0.01161	0.00937	0.01295	0.00976	0.00761	0.13448	0.10029	0.39627	0.07526	0.02093	0.07499	0.00738	0.00535	0.00169	0.00441	0.00593	0.00582	0.00809
2	0.00784	0.00566	0.00816	0.00816	0.00906	0.00647	0.00623	0.00965	0.00875	0.01283	0.01479	0.02211	0.01392	0.09805	0.67560	0.00784	0.01283	0.00586	0.06150	0.00469
3	0.08826	0.00752	0.00900	0.00883	0.01013	0.05965	0.00687	0.01097	0.00912	0.01361	0.01332	0.01915	0.01226	0.03459	0.66293	0.00748	0.01309	0.00533	0.00291	0.00499
4	0.22338	0.20908	0.11290	0.01001	0.01406	0.05068	0.00945	0.12093	0.06000	0.01986	0.01387	0.01454	0.08039	0.00625	0.00486	0.00157	0.03344	0.00439	0.00346	0.00688
5	0.00806	0.00578	0.00743	0.00760	0.00844	0.00587	0.00543	0.00982	0.03658	0.04061	0.14035	0.32450	0.09632	0.12553	0.11424	0.00332	0.04013	0.01067	0.00457	0.00476
6	0.01413	0.01379	0.02313	0.01757	0.04572	0.05640	0.38812	0.09436	0.01360	0.05533	0.01085	0.01339	0.00831	0.00522	0.00666	0.00163	0.07638	0.00525	0.00323	0.14692

[dist]
# distance from previous block
# <min> <max>
0	1

[block]
# block no. 12 follows, 45 sequences, length 7
# corresponding to MSA columns:
# 1041-1047
name=unknown_M
#
# <colnr> <probs for GDERKNQSTAVLIFYWHMCP>
#	G	D	E	R	K	N	Q	S	T	A	V	L	I	F	Y	W	H	M	C	P
0	0.51303	0.01093	0.05495	0.04695	0.01237	0.04262	0.00722	0.01525	0.01112	0.05427	0.16833	0.01614	0.01565	0.00635	0.00431	0.00166	0.00444	0.00461	0.00387	0.00595
1	0.04330	0.01046	0.01238	0.04899	0.01474	0.01088	0.00846	0.13894	0.23441	0.28410	0.05230	0.02057	0.03870	0.00728	0.00544	0.00172	0.00465	0.02878	0.00557	0.02834
2	0.08746	0.00764	0.00924	0.03034	0.01141	0.00766	0.00701	0.04555	0.07733	0.15449	0.16436	0.11598	0.09510	0.01063	0.00602	0.00191	0.00400	0.15241	0.00528	0.00619
3	0.01513	0.03537	0.01419	0.01062	0.01453	0.02767	0.07662	0.14533	0.06763	0.16046	0.06529	0.07278	0.01449	0.00661	0.00516	0.00144	0.00493	0.00566	0.00458	0.25152
4	0.01490	0.01051	0.01376	0.01183	0.06475	0.01008	0.05509	0.13940	0.07941	0.16218	0.03345	0.07837	0.04068	0.00692	0.00561	0.00151	0.02875	0.00585	0.00456	0.23242
5	0.04666	0.03960	0.01096	0.00886	0.01132	0.00885	0.03359	0.10122	0.10081	0.06606	0.27241	0.12078	0.02760	0.05259	0.00684	0.00185	0.00400	0.00785	0.00500	0.07315
