[name]
unknown

[dist]
# distance from previous block
# <min> <max>
0	184

[block]
# block no. 0 follows, 46 sequences, length 18
# corresponding to MSA columns:
# 186-203
name=unknown_A
#
# <colnr> <probs for GDERKNQSTAVLIFYWHMCP>
#	G	D	E	R	K	N	Q	S	T	A	V	L	I	F	Y	W	H	M	C	P
0	0.03316	0.01160	0.05257	0.05259	0.01513	0.04553	0.00895	0.15712	0.08737	0.24331	0.03912	0.03574	0.03057	0.00706	0.00528	0.00161	0.00507	0.05623	0.00490	0.10709
1	0.03919	0.01346	0.09178	0.01175	0.05511	0.08672	0.00957	0.18139	0.08763	0.12518	0.05980	0.09407	0.02627	0.00744	0.00531	0.00162	0.00535	0.02125	0.00452	0.07260
2	0.04086	0.01086	0.01202	0.00942	0.01328	0.01074	0.00761	0.26122	0.10525	0.10802	0.01740	0.01720	0.08069	0.00635	0.00488	0.00139	0.00448	0.00503	0.03128	0.25201
3	0.09618	0.01035	0.01113	0.02579	0.04207	0.05618	0.00771	0.08681	0.14833	0.12279	0.05164	0.07904	0.07231	0.00777	0.00520	0.00161	0.00455	0.04198	0.00461	0.12393
4	0.08733	0.01030	0.01179	0.02454	0.03665	0.01041	0.00783	0.19773	0.10609	0.11607	0.08633	0.05463	0.01535	0.00685	0.00502	0.00151	0.00444	0.02020	0.02268	0.17425
5	0.00815	0.00552	0.00719	0.00675	0.00806	0.00508	0.00503	0.01046	0.01450	0.05470	0.67589	0.06813	0.06340	0.03547	0.00685	0.00179	0.00269	0.00956	0.00572	0.00507
6	0.01262	0.01389	0.02381	0.01805	0.02125	0.07085	0.40656	0.01557	0.01101	0.01513	0.00910	0.01281	0.00753	0.00625	0.01007	0.00191	0.29702	0.00533	0.00256	0.03867
7	0.01332	0.01044	0.01300	0.00972	0.01403	0.00922	0.05641	0.14570	0.04326	0.06993	0.01237	0.05666	0.01022	0.00537	0.00461	0.00116	0.00458	0.00453	0.00389	0.51157
8	0.64429	0.03571	0.00994	0.03630	0.01224	0.03411	0.00682	0.09354	0.01123	0.06268	0.00870	0.00971	0.00655	0.00516	0.00370	0.00161	0.00459	0.00326	0.00357	0.00628
9	0.00998	0.00940	0.01586	0.80150	0.03641	0.01175	0.01468	0.01351	0.01057	0.01351	0.00940	0.01409	0.00705	0.00529	0.00529	0.00176	0.00705	0.00470	0.00235	0.00587
10	0.00674	0.00536	0.00595	0.00581	0.00731	0.00468	0.00429	0.00839	0.01277	0.01635	0.29264	0.04615	0.49285	0.05848	0.00743	0.00194	0.00276	0.01043	0.00511	0.00457
11	0.01016	0.00972	0.01665	0.73553	0.03521	0.01198	0.05265	0.01366	0.01059	0.01366	0.00938	0.01402	0.00709	0.00538	0.00574	0.00178	0.03374	0.00477	0.00236	0.00593
12	0.00848	0.00697	0.00771	0.00730	0.00882	0.04586	0.00547	0.01196	0.09078	0.01967	0.53991	0.07286	0.13250	0.01075	0.00610	0.00170	0.00307	0.00933	0.00546	0.00529
13	0.00648	0.00467	0.00614	0.00724	0.00765	0.00433	0.00487	0.00749	0.01042	0.01387	0.06347	0.74243	0.06904	0.01616	0.00670	0.00211	0.00302	0.01461	0.00495	0.00433
14	0.01348	0.01305	0.02006	0.06291	0.54482	0.04919	0.03115	0.06340	0.01241	0.01731	0.00963	0.01277	0.00808	0.00547	0.00685	0.00167	0.11252	0.00468	0.00274	0.00782
15	0.03113	0.03439	0.23959	0.01412	0.07003	0.01049	0.13550	0.02981	0.01172	0.05596	0.01123	0.05273	0.00917	0.00524	0.00492	0.00141	0.00609	0.00471	0.00305	0.26870
16	0.70931	0.00997	0.00827	0.02414	0.01093	0.01130	0.00603	0.03898	0.01002	0.04596	0.02666	0.01177	0.04266	0.00551	0.00365	0.00163	0.00412	0.00357	0.00354	0.02198
17	0.12180	0.04258	0.07796	0.01238	0.05085	0.01370	0.04835	0.35191	0.07715	0.04955	0.01363	0.04162	0.02684	0.00630	0.00501	0.00160	0.00552	0.00500	0.00435	0.04389

[dist]
# distance from previous block
# <min> <max>
1	11

[block]
# block no. 1 follows, 46 sequences, length 31
# corresponding to MSA columns:
# 215-245
name=unknown_B
#
# <colnr> <probs for GDERKNQSTAVLIFYWHMCP>
#	G	D	E	R	K	N	Q	S	T	A	V	L	I	F	Y	W	H	M	C	P
0	0.13199	0.02624	0.06816	0.03430	0.08189	0.06938	0.03978	0.05921	0.12296	0.03941	0.01376	0.08733	0.01210	0.00682	0.00542	0.00161	0.03509	0.03282	0.00370	0.12804
1	0.08848	0.01101	0.01150	0.02658	0.02602	0.08127	0.00783	0.13471	0.08868	0.07914	0.18016	0.03511	0.03397	0.00749	0.00585	0.00159	0.04807	0.01891	0.00454	0.10912
2	0.85155	0.01022	0.00777	0.00695	0.01022	0.01186	0.00573	0.01554	0.00900	0.02372	0.00736	0.00859	0.00573	0.00491	0.00327	0.00164	0.00409	0.00286	0.00327	0.00573
3	0.01096	0.00940	0.01096	0.00783	0.01253	0.00705	0.00626	0.01331	0.01096	0.01723	0.00940	0.01096	0.00783	0.00392	0.00392	0.00078	0.00392	0.00313	0.00313	0.84653
4	0.00744	0.00540	0.00701	0.00661	0.00787	0.00497	0.00496	0.00990	0.01487	0.02098	0.75562	0.03985	0.07284	0.01089	0.00624	0.00167	0.00250	0.00961	0.00579	0.00497
5	0.00741	0.00540	0.00696	0.00657	0.00785	0.00496	0.00493	0.00983	0.01479	0.02078	0.73445	0.04018	0.09414	0.01096	0.00624	0.00167	0.00251	0.00966	0.00576	0.00496
6	0.00755	0.00566	0.00850	0.00850	0.00944	0.00661	0.00661	0.00944	0.00850	0.01227	0.01416	0.02077	0.01322	0.03965	0.79326	0.00850	0.01416	0.00566	0.00283	0.00472
7	0.00918	0.00459	0.00689	0.00689	0.00689	0.00459	0.00459	0.00689	0.00689	0.00918	0.00918	0.01607	0.00918	0.01837	0.02066	0.84619	0.00459	0.00459	0.00230	0.00230
8	0.00852	0.00608	0.00852	0.00974	0.01095	0.00608	0.00852	0.01095	0.01217	0.01582	0.02799	0.05963	0.03042	0.01460	0.00730	0.00243	0.00487	0.74565	0.00487	0.00487
9	0.00865	0.00594	0.00674	0.00657	0.00700	0.00604	0.00406	0.07684	0.00959	0.01280	0.01799	0.13778	0.02042	0.63215	0.02220	0.00440	0.00491	0.00841	0.00363	0.00388
10	0.00998	0.00940	0.01586	0.80150	0.03641	0.01175	0.01468	0.01351	0.01057	0.01351	0.00940	0.01409	0.00705	0.00529	0.00529	0.00176	0.00705	0.00470	0.00235	0.00587
11	0.01413	0.81739	0.02770	0.00905	0.01357	0.02092	0.00905	0.01583	0.01074	0.01244	0.00735	0.00848	0.00678	0.00452	0.00339	0.00113	0.00565	0.00283	0.00226	0.00678
12	0.01243	0.01411	0.03038	0.02183	0.02688	0.01352	0.72127	0.01671	0.01224	0.01671	0.01049	0.01411	0.00796	0.00472	0.00684	0.00181	0.05213	0.00615	0.00265	0.00706
13	0.00998	0.00940	0.01586	0.80150	0.03641	0.01175	0.01468	0.01351	0.01057	0.01351	0.00940	0.01409	0.00705	0.00529	0.00529	0.00176	0.00705	0.00470	0.00235	0.00587
14	0.00927	0.00625	0.00743	0.00739	0.00869	0.00613	0.00539	0.10549	0.01302	0.03847	0.12270	0.38863	0.10661	0.01256	0.00627	0.01834	0.00329	0.01079	0.11810	0.00517
15	0.01320	0.01139	0.01586	0.45965	0.13879	0.08217	0.01315	0.04436	0.03268	0.09843	0.03229	0.01475	0.00937	0.00559	0.00526	0.00168	0.00664	0.00482	0.00316	0.00676
16	0.01413	0.81739	0.02770	0.00905	0.01357	0.02092	0.00905	0.01583	0.01074	0.01244	0.00735	0.00848	0.00678	0.00452	0.00339	0.00113	0.00565	0.00283	0.00226	0.00678
17	0.01975	0.02520	0.01498	0.01362	0.01634	0.79299	0.01021	0.02111	0.01498	0.01294	0.00817	0.00953	0.00681	0.00545	0.00477	0.00136	0.00953	0.00340	0.00272	0.00613
18	0.00918	0.00459	0.00689	0.00689	0.00689	0.00459	0.00459	0.00689	0.00689	0.00918	0.00918	0.01607	0.00918	0.01837	0.02066	0.84619	0.00459	0.00459	0.00230	0.00230
19	0.02372	0.00900	0.01227	0.00941	0.01350	0.00777	0.00777	0.02576	0.01513	0.78489	0.02086	0.01799	0.01309	0.00654	0.00532	0.00164	0.00450	0.00532	0.00654	0.00900
20	0.00644	0.00460	0.00613	0.00736	0.00767	0.00429	0.00491	0.00736	0.01012	0.01350	0.02914	0.81076	0.03497	0.01656	0.00675	0.00215	0.00307	0.01503	0.00491	0.00429
21	0.00637	0.00516	0.00566	0.00596	0.00732	0.00445	0.00431	0.00766	0.01171	0.01447	0.08827	0.25091	0.54117	0.01408	0.00638	0.00187	0.00277	0.01209	0.00496	0.00445
22	0.01119	0.01101	0.01547	0.01337	0.01346	0.01529	0.01110	0.01241	0.00813	0.01268	0.00762	0.01243	0.00753	0.01211	0.09030	0.00289	0.73023	0.00472	0.00236	0.00568
23	0.02329	0.00909	0.01226	0.00946	0.01351	0.00799	0.00779	0.02586	0.04575	0.75402	0.02088	0.01806	0.01321	0.00657	0.00532	0.00164	0.00449	0.00534	0.00650	0.00897
24	0.01116	0.00620	0.00810	0.00723	0.00915	0.00556	0.00556	0.01336	0.01448	0.20080	0.49579	0.07916	0.10163	0.01034	0.00605	0.00169	0.00302	0.00900	0.00586	0.00585
25	0.06774	0.38257	0.15024	0.01107	0.01512	0.01691	0.01107	0.05337	0.01115	0.06211	0.00872	0.01034	0.00723	0.00579	0.00665	0.00154	0.16509	0.00362	0.00274	0.00693
26	0.00998	0.01322	0.15929	0.01558	0.01964	0.00995	0.35772	0.01350	0.01148	0.01571	0.01803	0.26657	0.04749	0.00874	0.00618	0.00188	0.00662	0.00879	0.00339	0.00625
27	0.09310	0.00910	0.01189	0.00920	0.01322	0.00811	0.00760	0.02491	0.01462	0.72110	0.01973	0.01721	0.01247	0.00641	0.00514	0.00164	0.00446	0.00511	0.00627	0.00872
28	0.01952	0.01902	0.01442	0.08468	0.01735	0.48744	0.01005	0.02125	0.01432	0.21065	0.01148	0.01220	0.00844	0.00587	0.00549	0.00151	0.04175	0.00406	0.00365	0.00683
29	0.01364	0.01193	0.06031	0.25700	0.37130	0.01159	0.04263	0.01694	0.01205	0.13436	0.01147	0.01408	0.00860	0.00517	0.00529	0.00165	0.00642	0.00481	0.00312	0.00765
30	0.01871	0.01078	0.01337	0.06702	0.05706	0.02716	0.00911	0.18717	0.10657	0.35300	0.01766	0.06127	0.01288	0.00720	0.00573	0.02104	0.00506	0.00569	0.00535	0.00819

[dist]
# distance from previous block
# <min> <max>
0	2

[block]
# block no. 2 follows, 46 sequences, length 12
# corresponding to MSA columns:
# 248-259
name=unknown_C
#
# <colnr> <probs for GDERKNQSTAVLIFYWHMCP>
#	G	D	E	R	K	N	Q	S	T	A	V	L	I	F	Y	W	H	M	C	P
0	0.05378	0.14071	0.01653	0.01273	0.05372	0.39022	0.00972	0.06779	0.01443	0.15781	0.01071	0.01133	0.00814	0.00560	0.00495	0.00144	0.02599	0.00383	0.00353	0.00703
1	0.01539	0.00793	0.01009	0.00839	0.01114	0.00744	0.00667	0.07708	0.05458	0.33477	0.34646	0.02789	0.05208	0.00860	0.00574	0.00166	0.00367	0.00731	0.00602	0.00710
2	0.01096	0.00940	0.01096	0.00783	0.01253	0.00705	0.00626	0.01331	0.01096	0.01723	0.00940	0.01096	0.00783	0.00392	0.00392	0.00078	0.00392	0.00313	0.00313	0.84653
3	0.00718	0.00525	0.00676	0.00681	0.00789	0.00483	0.00502	0.00921	0.01351	0.01864	0.51604	0.21434	0.11195	0.01248	0.00639	0.00181	0.00273	0.03890	0.00550	0.00478
4	0.02245	0.00922	0.01222	0.00945	0.01337	0.00825	0.00777	0.08060	0.01586	0.68112	0.06680	0.01891	0.01504	0.00679	0.00537	0.00163	0.00447	0.00554	0.00640	0.00875
5	0.00716	0.00539	0.00662	0.00631	0.00770	0.00485	0.00474	0.00935	0.01421	0.01940	0.58981	0.04245	0.23964	0.01148	0.00624	0.00169	0.00254	0.00998	0.00558	0.00485
6	0.01940	0.00804	0.01088	0.00867	0.01201	0.00703	0.00703	0.02156	0.01509	0.58170	0.22242	0.02371	0.02288	0.00768	0.00556	0.00164	0.00397	0.00645	0.00635	0.00793
7	0.00769	0.00513	0.00577	0.00577	0.00577	0.00513	0.00320	0.00769	0.00769	0.01025	0.01666	0.03460	0.01922	0.81421	0.02691	0.00513	0.00513	0.00769	0.00320	0.00320
8	0.01931	0.02115	0.01399	0.01244	0.01530	0.59092	0.00946	0.06058	0.04223	0.09602	0.01080	0.01161	0.00835	0.00572	0.00481	0.00141	0.00816	0.00387	0.05729	0.00658
9	0.00644	0.00460	0.00613	0.00736	0.00767	0.00429	0.00491	0.00736	0.01012	0.01350	0.02914	0.81076	0.03497	0.01656	0.00675	0.00215	0.00307	0.01503	0.00491	0.00429
10	0.00846	0.00577	0.00653	0.00626	0.00665	0.00584	0.00381	0.05639	0.00947	0.01275	0.08726	0.03365	0.02142	0.68766	0.02360	0.00458	0.00492	0.00767	0.00358	0.00374
11	0.01290	0.42365	0.10950	0.01037	0.01457	0.04017	0.01013	0.01514	0.01056	0.01392	0.00795	0.00977	0.00700	0.00521	0.00584	0.00131	0.12679	0.00330	0.00245	0.16946

[dist]
# distance from previous block
# <min> <max>
0	3

[block]
# block no. 3 follows, 46 sequences, length 22
# corresponding to MSA columns:
# 263-284
name=unknown_D
#
# <colnr> <probs for GDERKNQSTAVLIFYWHMCP>
#	G	D	E	R	K	N	Q	S	T	A	V	L	I	F	Y	W	H	M	C	P
0	0.01214	0.01144	0.02002	0.16084	0.02232	0.01204	0.31217	0.12598	0.01274	0.01715	0.01172	0.01792	0.01017	0.16803	0.01077	0.00245	0.05678	0.00592	0.00309	0.00630
1	0.00744	0.00502	0.00584	0.00609	0.00615	0.00496	0.00355	0.00762	0.00818	0.01090	0.01917	0.19068	0.02239	0.65380	0.02285	0.00453	0.00471	0.00916	0.00355	0.00342
2	0.00696	0.00527	0.00733	0.00928	0.06954	0.00496	0.00577	0.00808	0.01036	0.01383	0.02865	0.71422	0.06488	0.01548	0.00660	0.00209	0.00331	0.01404	0.00472	0.00463
3	0.68220	0.02937	0.06639	0.00821	0.01189	0.03875	0.00728	0.07135	0.01057	0.02332	0.00794	0.00911	0.00610	0.00503	0.00360	0.00162	0.00471	0.00310	0.00330	0.00616
4	0.02372	0.00900	0.01227	0.00941	0.01350	0.00777	0.00777	0.02576	0.01513	0.78489	0.02086	0.01799	0.01309	0.00654	0.00532	0.00164	0.00450	0.00532	0.00654	0.00900
5	0.01257	0.01250	0.01895	0.18596	0.44106	0.06044	0.01469	0.01532	0.01119	0.01540	0.00917	0.01280	0.00774	0.00571	0.00744	0.00173	0.15295	0.00461	0.00251	0.00725
6	0.02095	0.00986	0.01309	0.10389	0.01651	0.00954	0.00887	0.14452	0.01602	0.54578	0.01842	0.04178	0.01239	0.00668	0.00535	0.00166	0.00497	0.00546	0.00579	0.00848
7	0.00998	0.00940	0.01586	0.80150	0.03641	0.01175	0.01468	0.01351	0.01057	0.01351	0.00940	0.01409	0.00705	0.00529	0.00529	0.00176	0.00705	0.00470	0.00235	0.00587
8	0.01219	0.01341	0.02645	0.01962	0.02328	0.01426	0.52466	0.01560	0.01109	0.01560	0.00951	0.01341	0.00768	0.00597	0.00975	0.00195	0.26057	0.00573	0.00256	0.00670
9	0.00663	0.00473	0.00617	0.00717	0.00751	0.00449	0.00476	0.00749	0.00982	0.01308	0.02764	0.66827	0.05023	0.11054	0.04246	0.00276	0.00377	0.01368	0.00462	0.00419
10	0.77366	0.00989	0.00788	0.00708	0.01023	0.01130	0.00577	0.01556	0.00931	0.05548	0.00904	0.04960	0.00752	0.00557	0.00353	0.00166	0.00406	0.00358	0.00349	0.00579
11	0.00769	0.00513	0.00577	0.00577	0.00577	0.00513	0.00320	0.00769	0.00769	0.01025	0.01666	0.03460	0.01922	0.81421	0.02691	0.00513	0.00513	0.00769	0.00320	0.00320
12	0.00813	0.00581	0.00807	0.00929	0.01034	0.00575	0.00784	0.01028	0.01178	0.01538	0.02821	0.20083	0.03128	0.01497	0.00720	0.00238	0.00453	0.60830	0.00488	0.00476
13	0.00643	0.00464	0.00609	0.00725	0.00764	0.00430	0.00486	0.00737	0.01022	0.01354	0.03043	0.77043	0.07446	0.01639	0.00672	0.00213	0.00305	0.01482	0.00491	0.00430
14	0.01072	0.01018	0.01705	0.59802	0.19180	0.01215	0.01484	0.01404	0.01075	0.01426	0.00938	0.01375	0.00732	0.00538	0.00591	0.00175	0.04922	0.00470	0.00240	0.00639
15	0.77420	0.01065	0.00852	0.00744	0.01080	0.01228	0.00613	0.08513	0.01047	0.02461	0.00786	0.00897	0.00603	0.00504	0.00346	0.00163	0.00425	0.00304	0.00346	0.00603
16	0.00644	0.00460	0.00613	0.00736	0.00767	0.00429	0.00491	0.00736	0.01012	0.01350	0.02914	0.81076	0.03497	0.01656	0.00675	0.00215	0.00307	0.01503	0.00491	0.00429
17	0.01100	0.03874	0.06403	0.53609	0.10833	0.01247	0.10941	0.03012	0.01130	0.01489	0.00962	0.01362	0.00732	0.00510	0.00532	0.00172	0.00718	0.00479	0.00247	0.00649
18	0.01131	0.02761	0.02127	0.17650	0.11175	0.04460	0.32028	0.01463	0.01193	0.01586	0.06871	0.10595	0.01391	0.00664	0.00612	0.00177	0.02489	0.00677	0.00307	0.00646
19	0.00651	0.00468	0.00618	0.00725	0.00767	0.00435	0.00489	0.00756	0.01053	0.01408	0.08496	0.73358	0.05604	0.01605	0.00670	0.00210	0.00301	0.01452	0.00497	0.00435
20	0.01345	0.01259	0.09028	0.05876	0.01889	0.01220	0.21227	0.04827	0.01178	0.13186	0.01248	0.05441	0.01009	0.00698	0.00876	0.00187	0.22265	0.00565	0.05993	0.00683
21	0.09984	0.02465	0.02700	0.16182	0.05776	0.02395	0.05225	0.10875	0.01292	0.16610	0.01334	0.08761	0.01101	0.00715	0.00697	0.00179	0.12067	0.00561	0.00388	0.00694

[dist]
# distance from previous block
# <min> <max>
1	5

[block]
# block no. 4 follows, 46 sequences, length 13
# corresponding to MSA columns:
# 290-302
name=unknown_E
#
# <colnr> <probs for GDERKNQSTAVLIFYWHMCP>
#	G	D	E	R	K	N	Q	S	T	A	V	L	I	F	Y	W	H	M	C	P
0	0.00895	0.00685	0.00901	0.12848	0.01314	0.00736	0.00706	0.08339	0.04518	0.01607	0.04426	0.46577	0.02552	0.05545	0.00752	0.00213	0.02243	0.01090	0.03535	0.00519
1	0.20423	0.03374	0.02021	0.08515	0.02089	0.05567	0.33375	0.02974	0.01150	0.01797	0.00980	0.03002	0.00788	0.00509	0.00542	0.00163	0.03102	0.00490	0.00291	0.08846
2	0.00651	0.00522	0.00565	0.00581	0.00715	0.00454	0.00415	0.00774	0.01153	0.01427	0.09955	0.17040	0.53170	0.09184	0.00834	0.00216	0.00297	0.01132	0.00481	0.00435
3	0.01138	0.00919	0.01084	0.00789	0.01239	0.00697	0.00628	0.01366	0.01112	0.05257	0.01068	0.04203	0.00912	0.00452	0.00409	0.00087	0.00391	0.00369	0.00336	0.77544
4	0.00769	0.00513	0.00577	0.00577	0.00577	0.00513	0.00320	0.00769	0.00769	0.01025	0.01666	0.03460	0.01922	0.81421	0.02691	0.00513	0.00513	0.00769	0.00320	0.00320
5	0.00763	0.00510	0.00578	0.00584	0.00585	0.00509	0.00328	0.00767	0.00780	0.01040	0.01724	0.07068	0.01995	0.77713	0.02597	0.00499	0.00503	0.00803	0.00328	0.00325
6	0.00650	0.00463	0.00612	0.00729	0.00758	0.00433	0.00483	0.00738	0.01001	0.01334	0.02856	0.77468	0.03423	0.05364	0.00768	0.00229	0.00316	0.01469	0.00483	0.00424
7	0.00723	0.00496	0.00599	0.00640	0.00660	0.00482	0.00394	0.00774	0.00908	0.01220	0.07584	0.31260	0.02705	0.47116	0.01821	0.00381	0.00420	0.01045	0.00400	0.00372
8	0.01094	0.01263	0.08137	0.21618	0.02605	0.01167	0.37315	0.01542	0.05430	0.01592	0.01416	0.09326	0.03735	0.00635	0.00591	0.00181	0.00730	0.00668	0.00300	0.00657
9	0.73473	0.01030	0.00878	0.00773	0.01072	0.01211	0.00638	0.01570	0.00917	0.05470	0.00789	0.00927	0.00615	0.00540	0.00473	0.00170	0.08221	0.00314	0.00332	0.00587
10	0.14062	0.15771	0.32448	0.04933	0.05058	0.05451	0.01341	0.08973	0.02877	0.03157	0.00951	0.01089	0.00719	0.00514	0.00452	0.00155	0.00653	0.00376	0.00288	0.00731
11	0.01837	0.00891	0.01150	0.00870	0.01282	0.00735	0.00709	0.02054	0.01370	0.47603	0.06359	0.01692	0.01356	0.00591	0.00489	0.00135	0.00418	0.00483	0.00534	0.29442
12	0.01195	0.04466	0.29327	0.01194	0.05987	0.00971	0.01171	0.01637	0.05828	0.11779	0.13954	0.02008	0.07236	0.00674	0.00519	0.00155	0.00530	0.00559	0.00389	0.10420

[dist]
# distance from previous block
# <min> <max>
0	2

[block]
# block no. 5 follows, 46 sequences, length 35
# corresponding to MSA columns:
# 305-339
name=unknown_F
#
# <colnr> <probs for GDERKNQSTAVLIFYWHMCP>
#	G	D	E	R	K	N	Q	S	T	A	V	L	I	F	Y	W	H	M	C	P
0	0.01392	0.01524	0.13139	0.01172	0.01545	0.09809	0.01034	0.05375	0.49866	0.04274	0.01803	0.01813	0.01372	0.00682	0.00531	0.00173	0.00542	0.02693	0.00462	0.00798
1	0.00648	0.00523	0.00577	0.00592	0.00735	0.00452	0.00433	0.00793	0.01218	0.01525	0.16542	0.18288	0.53118	0.01353	0.00633	0.00183	0.00272	0.01158	0.00505	0.00452
2	0.01153	0.00975	0.01126	0.00814	0.01277	0.00770	0.00652	0.05663	0.02693	0.01825	0.00983	0.01124	0.00806	0.00412	0.00402	0.00085	0.00403	0.00328	0.00330	0.78179
3	0.07088	0.05480	0.07551	0.06064	0.17847	0.16325	0.03177	0.03317	0.02357	0.20952	0.03015	0.01373	0.00986	0.00563	0.00514	0.00157	0.01654	0.00451	0.00376	0.00752
4	0.00738	0.00500	0.00586	0.00616	0.00623	0.00492	0.00362	0.00761	0.00828	0.01104	0.01970	0.22397	0.02306	0.61959	0.02199	0.00440	0.00462	0.00948	0.00362	0.00347
5	0.00715	0.00526	0.00673	0.00714	0.00803	0.00496	0.00509	0.00930	0.04260	0.01696	0.32543	0.41707	0.08349	0.01370	0.00647	0.00193	0.00290	0.02575	0.00528	0.00475
6	0.04625	0.01208	0.07512	0.38064	0.18109	0.02175	0.01378	0.07450	0.03717	0.03912	0.03279	0.01422	0.00911	0.00562	0.00563	0.00171	0.03478	0.00475	0.00299	0.00692
7	0.01139	0.02003	0.45068	0.19083	0.08432	0.01222	0.04691	0.01620	0.01118	0.05130	0.00994	0.01242	0.00727	0.00532	0.00579	0.00172	0.04828	0.00434	0.00251	0.00735
8	0.00907	0.00504	0.00553	0.00579	0.00682	0.00500	0.00420	0.02486	0.01103	0.01812	0.02035	0.23563	0.01931	0.00964	0.01953	0.00163	0.00291	0.00770	0.58302	0.00483
9	0.57912	0.01304	0.02739	0.01021	0.06585	0.12483	0.00769	0.04617	0.01106	0.06097	0.00861	0.00974	0.00659	0.00511	0.00385	0.00159	0.00520	0.00329	0.00337	0.00631
10	0.02372	0.00900	0.01227	0.00941	0.01350	0.00777	0.00777	0.02576	0.01513	0.78489	0.02086	0.01799	0.01309	0.00654	0.00532	0.00164	0.00450	0.00532	0.00654	0.00900
11	0.01970	0.01461	0.01564	0.01208	0.01624	0.01621	0.00995	0.72194	0.06716	0.03268	0.01319	0.01309	0.00940	0.00639	0.00529	0.00160	0.00572	0.00483	0.00529	0.00896
12	0.01261	0.00680	0.00905	0.00852	0.01018	0.00661	0.00641	0.01432	0.03074	0.26309	0.04204	0.41909	0.05984	0.01223	0.00706	0.00196	0.06758	0.01054	0.00526	0.00606
13	0.00650	0.00465	0.00619	0.00732	0.00768	0.00433	0.00491	0.00751	0.01040	0.01393	0.07158	0.76707	0.03581	0.01624	0.00672	0.00212	0.00303	0.01472	0.00496	0.00433
14	0.00744	0.00540	0.00701	0.00660	0.00787	0.00497	0.00495	0.00989	0.01486	0.02095	0.75270	0.03989	0.07578	0.01090	0.00624	0.00167	0.00250	0.00962	0.00579	0.00497
15	0.01510	0.01003	0.01149	0.01018	0.01318	0.01083	0.00807	0.02518	0.48694	0.21129	0.02222	0.05899	0.01739	0.00805	0.00558	0.00182	0.00427	0.06572	0.00561	0.00806
16	0.01413	0.81739	0.02770	0.00905	0.01357	0.02092	0.00905	0.01583	0.01074	0.01244	0.00735	0.00848	0.00678	0.00452	0.00339	0.00113	0.00565	0.00283	0.00226	0.00678
17	0.00773	0.00521	0.00608	0.00615	0.00628	0.00527	0.00371	0.00798	0.00799	0.01069	0.01716	0.03522	0.01951	0.72304	0.07063	0.00517	0.00564	0.04988	0.00328	0.00339
18	0.01950	0.01451	0.01553	0.01204	0.01617	0.01612	0.00990	0.70045	0.08899	0.03236	0.01345	0.01330	0.00960	0.00642	0.00530	0.00160	0.00568	0.00486	0.00530	0.00894
19	0.01150	0.00971	0.01125	0.00808	0.01275	0.00759	0.00649	0.05722	0.01178	0.01817	0.00959	0.01106	0.00790	0.00406	0.00400	0.00083	0.00403	0.00323	0.00326	0.79752
20	0.00644	0.00460	0.00613	0.00736	0.00767	0.00429	0.00491	0.00736	0.01012	0.01350	0.02914	0.81076	0.03497	0.01656	0.00675	0.00215	0.00307	0.01503	0.00491	0.00429
21	0.01006	0.00951	0.01587	0.76111	0.03526	0.01197	0.01452	0.01347	0.01044	0.01347	0.00927	0.01396	0.00704	0.00549	0.00590	0.00179	0.04795	0.00469	0.00235	0.00587
22	0.01066	0.06823	0.34148	0.01200	0.01761	0.01058	0.07806	0.02834	0.02298	0.01663	0.01605	0.01711	0.11896	0.00593	0.00494	0.00144	0.00597	0.00495	0.00299	0.21509
23	0.09551	0.00591	0.00667	0.00639	0.00795	0.00560	0.00484	0.00984	0.01317	0.01896	0.44503	0.03983	0.24361	0.04241	0.00677	0.00185	0.00289	0.03275	0.00517	0.00485
24	0.01034	0.00993	0.01728	0.70138	0.07849	0.01191	0.06850	0.01391	0.01079	0.01397	0.00952	0.01405	0.00719	0.00519	0.00535	0.00175	0.00714	0.00481	0.00239	0.00611
25	0.04989	0.01540	0.15012	0.09720	0.21739	0.04400	0.06857	0.15785	0.04946	0.08183	0.01161	0.01324	0.00861	0.00541	0.00520	0.00164	0.00653	0.00467	0.00350	0.00790
26	0.01306	0.00609	0.00779	0.00700	0.00853	0.00579	0.00520	0.03363	0.01081	0.20232	0.01640	0.01941	0.04242	0.03475	0.01130	0.31943	0.00394	0.00522	0.24195	0.00497
27	0.01122	0.01034	0.01717	0.10673	0.51452	0.01051	0.01327	0.01392	0.01161	0.01627	0.05270	0.14971	0.01511	0.02643	0.00606	0.00178	0.00560	0.00677	0.00315	0.00713
28	0.01415	0.34310	0.30140	0.01206	0.03115	0.06100	0.01290	0.01812	0.04674	0.09848	0.01035	0.01116	0.00790	0.00510	0.00440	0.00144	0.00649	0.00370	0.00289	0.00746
29	0.10262	0.07430	0.33608	0.01392	0.08724	0.04313	0.01355	0.01868	0.01197	0.20080	0.01173	0.01247	0.00830	0.00549	0.00529	0.00163	0.03753	0.00414	0.00343	0.00771
30	0.00674	0.00536	0.00605	0.00596	0.00749	0.00468	0.00447	0.00850	0.01305	0.01678	0.31360	0.06905	0.48178	0.01257	0.00628	0.00176	0.00266	0.02334	0.00524	0.00465
31	0.00965	0.00532	0.00590	0.00571	0.00703	0.00520	0.00429	0.02572	0.01237	0.03941	0.20851	0.05841	0.02348	0.00778	0.00453	0.00140	0.00261	0.00653	0.56105	0.00509
32	0.10028	0.05831	0.25627	0.04949	0.25228	0.03373	0.01462	0.06931	0.01207	0.01809	0.00983	0.01287	0.00795	0.00554	0.00569	0.00166	0.05751	0.02425	0.00277	0.00747
33	0.01193	0.03271	0.09905	0.48787	0.07046	0.05767	0.01378	0.07080	0.01217	0.03175	0.01024	0.01361	0.00770	0.00537	0.00509	0.00166	0.00679	0.00452	0.05033	0.00650
34	0.00759	0.00564	0.00713	0.00716	0.00828	0.00542	0.00521	0.01057	0.07390	0.01875	0.47143	0.27170	0.06247	0.01233	0.00632	0.00182	0.00281	0.01097	0.00548	0.00503

[dist]
# distance from previous block
# <min> <max>
0	4

[block]
# block no. 6 follows, 46 sequences, length 49
# corresponding to MSA columns:
# 344-392
name=unknown_G
#
# <colnr> <probs for GDERKNQSTAVLIFYWHMCP>
#	G	D	E	R	K	N	Q	S	T	A	V	L	I	F	Y	W	H	M	C	P
0	0.01464	0.33881	0.18307	0.01115	0.03089	0.01458	0.02592	0.04952	0.04103	0.14681	0.02949	0.04139	0.01039	0.00571	0.00452	0.00144	0.00572	0.00439	0.00345	0.03707
1	0.09416	0.12455	0.05019	0.01114	0.02994	0.01480	0.00938	0.40631	0.06078	0.05930	0.01307	0.05276	0.01048	0.03310	0.00562	0.00169	0.00542	0.00498	0.00447	0.00786
2	0.00767	0.00562	0.00726	0.00712	0.00836	0.00532	0.00541	0.01046	0.04276	0.01988	0.59649	0.10979	0.06358	0.01160	0.00635	0.00178	0.00283	0.07710	0.00561	0.00503
3	0.01829	0.01052	0.01282	0.03689	0.03541	0.01067	0.00857	0.10078	0.26880	0.35933	0.01886	0.01734	0.01304	0.00648	0.00525	0.00163	0.00463	0.00531	0.00557	0.05982
4	0.00711	0.00538	0.00649	0.00622	0.00759	0.00483	0.00462	0.00916	0.01380	0.01867	0.52717	0.04282	0.27372	0.04076	0.00699	0.00183	0.00265	0.00999	0.00544	0.00476
5	0.01186	0.02948	0.01575	0.01320	0.01355	0.01528	0.01100	0.01312	0.00848	0.04556	0.00804	0.01241	0.00763	0.01114	0.07036	0.00269	0.69735	0.00469	0.00253	0.00587
6	0.01099	0.02467	0.63240	0.01654	0.02385	0.01250	0.17126	0.01678	0.01143	0.01678	0.00973	0.01179	0.00697	0.00491	0.00527	0.00170	0.00804	0.00438	0.00232	0.00767
7	0.00748	0.00540	0.00707	0.00665	0.00790	0.00499	0.00499	0.00998	0.01496	0.02120	0.77844	0.03949	0.04988	0.01081	0.00624	0.00166	0.00249	0.00956	0.00582	0.00499
8	0.01413	0.81739	0.02770	0.00905	0.01357	0.02092	0.00905	0.01583	0.01074	0.01244	0.00735	0.00848	0.00678	0.00452	0.00339	0.00113	0.00565	0.00283	0.00226	0.00678
9	0.02323	0.00889	0.01211	0.00932	0.01333	0.00769	0.00769	0.02529	0.01513	0.76183	0.04373	0.01864	0.01420	0.00667	0.00534	0.00164	0.00444	0.00544	0.00652	0.00888
10	0.01157	0.01157	0.01619	0.01388	0.01388	0.01619	0.01157	0.01272	0.00810	0.01272	0.00694	0.01157	0.00694	0.00925	0.01735	0.00231	0.80453	0.00463	0.00231	0.00578
11	0.01975	0.02520	0.01498	0.01362	0.01634	0.79299	0.01021	0.02111	0.01498	0.01294	0.00817	0.00953	0.00681	0.00545	0.00477	0.00136	0.00953	0.00340	0.00272	0.00613
12	0.00714	0.00539	0.00660	0.00630	0.00769	0.00484	0.00472	0.00932	0.01417	0.01931	0.58022	0.04260	0.24929	0.01151	0.00624	0.00170	0.00254	0.01000	0.00557	0.00484
13	0.00742	0.00540	0.00698	0.00658	0.00786	0.00496	0.00494	0.00985	0.01482	0.02085	0.74144	0.04007	0.08710	0.01094	0.00624	0.00167	0.00250	0.00964	0.00577	0.00496
14	0.01096	0.00940	0.01096	0.00783	0.01253	0.00705	0.00626	0.01331	0.01096	0.01723	0.00940	0.01096	0.00783	0.00392	0.00392	0.00078	0.00392	0.00313	0.00313	0.84653
15	0.00777	0.00557	0.00713	0.00719	0.00838	0.00524	0.00539	0.01025	0.04100	0.03415	0.43527	0.21873	0.10332	0.01247	0.00640	0.00186	0.00296	0.07652	0.00545	0.00498
16	0.00918	0.00459	0.00689	0.00689	0.00689	0.00459	0.00459	0.00689	0.00689	0.00918	0.00918	0.01607	0.00918	0.01837	0.02066	0.84619	0.00459	0.00459	0.00230	0.00230
17	0.01203	0.00767	0.04354	0.04164	0.01137	0.00655	0.00681	0.01492	0.04101	0.21845	0.41316	0.04808	0.09428	0.00941	0.00588	0.00169	0.00353	0.00812	0.00559	0.00626
18	0.02372	0.00900	0.01227	0.00941	0.01350	0.00777	0.00777	0.02576	0.01513	0.78489	0.02086	0.01799	0.01309	0.00654	0.00532	0.00164	0.00450	0.00532	0.00654	0.00900
19	0.01988	0.01470	0.01574	0.01212	0.01631	0.01629	0.01000	0.74039	0.04843	0.03296	0.01297	0.01291	0.00922	0.00637	0.00529	0.00159	0.00577	0.00480	0.00529	0.00897
20	0.19117	0.28215	0.13335	0.01076	0.01525	0.09370	0.04119	0.06175	0.01197	0.05721	0.00898	0.01014	0.00710	0.00505	0.00435	0.00143	0.02061	0.00348	0.00297	0.03737
21	0.01304	0.01253	0.02131	0.03194	0.76022	0.01266	0.01610	0.01613	0.01193	0.01715	0.00986	0.01304	0.00833	0.00483	0.00557	0.00159	0.02813	0.00471	0.00261	0.00830
22	0.00651	0.00465	0.00622	0.00744	0.00778	0.00436	0.00503	0.00749	0.01019	0.01358	0.02910	0.78426	0.03480	0.01649	0.00677	0.00216	0.00313	0.04081	0.00491	0.00431
23	0.01060	0.02735	0.78682	0.01507	0.02288	0.01228	0.01953	0.01674	0.01116	0.01674	0.00949	0.01116	0.00670	0.00502	0.00502	0.00167	0.00781	0.00391	0.00223	0.00781
24	0.00755	0.00566	0.00850	0.00850	0.00944	0.00661	0.00661	0.00944	0.00850	0.01227	0.01416	0.02077	0.01322	0.03965	0.79326	0.00850	0.01416	0.00566	0.00283	0.00472
25	0.19013	0.01365	0.01408	0.01099	0.01502	0.01514	0.00908	0.58291	0.02125	0.05972	0.01191	0.01205	0.00848	0.00606	0.00488	0.00160	0.00541	0.00439	0.00492	0.00832
26	0.02372	0.00900	0.01227	0.00941	0.01350	0.00777	0.00777	0.02576	0.01513	0.78489	0.02086	0.01799	0.01309	0.00654	0.00532	0.00164	0.00450	0.00532	0.00654	0.00900
27	0.01144	0.01088	0.01848	0.44110	0.38546	0.01213	0.01540	0.01478	0.01126	0.01527	0.00965	0.01362	0.00767	0.00502	0.00526	0.00167	0.00669	0.00470	0.00247	0.00704
28	0.01315	0.01136	0.01195	0.01076	0.01375	0.01315	0.00837	0.02809	0.77168	0.02211	0.02152	0.01972	0.01614	0.00717	0.00538	0.00179	0.00418	0.00598	0.00538	0.00837
29	0.00651	0.00520	0.00555	0.00575	0.00701	0.00454	0.00403	0.00757	0.01105	0.01352	0.04378	0.17239	0.53830	0.13962	0.00957	0.00237	0.00313	0.01124	0.00464	0.00424
30	0.00998	0.00940	0.01586	0.80150	0.03641	0.01175	0.01468	0.01351	0.01057	0.01351	0.00940	0.01409	0.00705	0.00529	0.00529	0.00176	0.00705	0.00470	0.00235	0.00587
31	0.45566	0.01132	0.01051	0.02733	0.03788	0.04517	0.00740	0.14913	0.05664	0.04178	0.01132	0.06998	0.00950	0.00618	0.00426	0.00163	0.00470	0.00448	0.00388	0.04126
32	0.01308	0.01256	0.02146	0.03245	0.78123	0.01256	0.01622	0.01622	0.01204	0.01727	0.00994	0.01308	0.00837	0.00471	0.00523	0.00157	0.00628	0.00471	0.00262	0.00837
33	0.00647	0.00538	0.00566	0.00563	0.00733	0.00457	0.00425	0.00798	0.01244	0.01524	0.14995	0.04956	0.66416	0.01307	0.00627	0.00178	0.00270	0.02798	0.00503	0.00454
34	0.01823	0.02122	0.01631	0.01400	0.01682	0.53087	0.06355	0.11939	0.03227	0.01613	0.00912	0.01074	0.00741	0.00596	0.00634	0.00154	0.09645	0.00398	0.00308	0.00659
35	0.01304	0.01290	0.02017	0.15007	0.61625	0.06332	0.01559	0.01612	0.01200	0.01641	0.00974	0.01301	0.00807	0.00485	0.00521	0.00159	0.00661	0.00462	0.00258	0.00784
36	0.00863	0.00683	0.01081	0.07856	0.08428	0.00669	0.06779	0.01058	0.01150	0.04091	0.14151	0.44160	0.02946	0.01225	0.00632	0.00194	0.00417	0.02636	0.00449	0.00531
37	0.00669	0.00480	0.00640	0.00756	0.00802	0.00451	0.00529	0.00781	0.01049	0.01393	0.04499	0.69629	0.05049	0.01616	0.00679	0.00216	0.00324	0.09508	0.00492	0.00437
38	0.01246	0.13641	0.01378	0.00839	0.01278	0.00989	0.00699	0.06407	0.02835	0.05040	0.03584	0.02631	0.01002	0.00481	0.00414	0.00100	0.00428	0.00377	0.00345	0.56286
39	0.03133	0.14603	0.60116	0.01390	0.02079	0.01348	0.03370	0.01667	0.02662	0.01635	0.00983	0.01211	0.00748	0.00521	0.00482	0.00161	0.00727	0.02171	0.00240	0.00753
40	0.00756	0.00562	0.00828	0.00828	0.00915	0.00649	0.00633	0.00930	0.00843	0.01211	0.01436	0.02188	0.01370	0.10186	0.73171	0.00823	0.01343	0.00583	0.00286	0.00460
41	0.00644	0.00460	0.00613	0.00736	0.00767	0.00429	0.00491	0.00736	0.01012	0.01350	0.02914	0.81076	0.03497	0.01656	0.00675	0.00215	0.00307	0.01503	0.00491	0.00429
42	0.00797	0.00696	0.00701	0.00669	0.00836	0.05767	0.00503	0.01039	0.04615	0.01748	0.35817	0.04192	0.38389	0.01149	0.00611	0.00171	0.00312	0.00974	0.00517	0.00497
43	0.01207	0.35463	0.47235	0.01257	0.01902	0.01586	0.01519	0.01636	0.01099	0.01496	0.00860	0.01005	0.00673	0.00482	0.00435	0.00145	0.00692	0.00346	0.00224	0.00739
44	0.00753	0.00515	0.00625	0.00638	0.00657	0.00527	0.00394	0.00793	0.00809	0.01093	0.01763	0.11765	0.01998	0.60191	0.14803	0.00534	0.00635	0.00817	0.00333	0.00357
45	0.01096	0.00940	0.01096	0.00783	0.01253	0.00705	0.00626	0.01331	0.01096	0.01723	0.00940	0.01096	0.00783	0.00392	0.00392	0.00078	0.00392	0.00313	0.00313	0.84653
46	0.03407	0.07628	0.21557	0.01397	0.08358	0.05685	0.05521	0.03982	0.15848	0.11649	0.04650	0.01658	0.01226	0.00638	0.00544	0.01613	0.00604	0.02897	0.00383	0.00758
47	0.00714	0.00533	0.00655	0.00723	0.00807	0.00504	0.00503	0.03554	0.03192	0.01498	0.07065	0.58336	0.16938	0.01507	0.00654	0.00203	0.00310	0.01343	0.00498	0.00464
48	0.11546	0.01558	0.23555	0.02837	0.05470	0.01087	0.15350	0.04014	0.01163	0.03136	0.03088	0.01332	0.00898	0.03424	0.00564	0.00161	0.00624	0.00444	0.00297	0.19452

[dist]
# distance from previous block
# <min> <max>
1	4

[block]
# block no. 7 follows, 46 sequences, length 7
# corresponding to MSA columns:
# 397-403
name=unknown_H
#
# <colnr> <probs for GDERKNQSTAVLIFYWHMCP>
#	G	D	E	R	K	N	Q	S	T	A	V	L	I	F	Y	W	H	M	C	P
0	0.08099	0.03472	0.01448	0.01394	0.12082	0.17207	0.05082	0.11492	0.09807	0.05743	0.07712	0.04803	0.03741	0.00736	0.00596	0.04368	0.00589	0.00551	0.00395	0.00684
1	0.01064	0.01082	0.07885	0.17690	0.17121	0.01019	0.01126	0.04769	0.12452	0.01770	0.09803	0.04599	0.11544	0.00794	0.00565	0.00176	0.00521	0.04965	0.00387	0.00667
2	0.01190	0.01325	0.09759	0.09504	0.30148	0.05573	0.03993	0.01505	0.01173	0.01641	0.01196	0.01592	0.03340	0.00543	0.00504	0.00145	0.00602	0.04321	0.00288	0.21659
3	0.00918	0.00459	0.00689	0.00689	0.00689	0.00459	0.00459	0.00689	0.00689	0.00918	0.00918	0.01607	0.00918	0.01837	0.02066	0.84619	0.00459	0.00459	0.00230	0.00230
4	0.10402	0.15300	0.04168	0.01055	0.06552	0.01192	0.00834	0.08289	0.11512	0.10224	0.11295	0.01667	0.01498	0.00617	0.00464	0.00146	0.00455	0.00487	0.04601	0.09242
5	0.27554	0.04144	0.01145	0.05069	0.01350	0.03171	0.00775	0.15739	0.05829	0.14351	0.01569	0.08826	0.03258	0.00735	0.00484	0.00171	0.00475	0.04223	0.00446	0.00687
6	0.06633	0.09056	0.17376	0.01104	0.01545	0.03965	0.01062	0.17039	0.11852	0.08787	0.03437	0.01749	0.02993	0.00656	0.00502	0.00160	0.00556	0.05132	0.00412	0.05985

[dist]
# distance from previous block
# <min> <max>
2	4

[block]
# block no. 8 follows, 46 sequences, length 15
# corresponding to MSA columns:
# 408-422
name=unknown_I
#
# <colnr> <probs for GDERKNQSTAVLIFYWHMCP>
#	G	D	E	R	K	N	Q	S	T	A	V	L	I	F	Y	W	H	M	C	P
0	0.03181	0.15272	0.10446	0.01108	0.05716	0.01209	0.00935	0.13315	0.07507	0.07533	0.03924	0.05860	0.01317	0.08525	0.02470	0.00200	0.00544	0.01704	0.00383	0.08850
1	0.00677	0.00553	0.00600	0.00590	0.00754	0.00485	0.00441	0.00879	0.03541	0.01621	0.23154	0.06893	0.55422	0.01265	0.00623	0.00177	0.00269	0.01072	0.00515	0.00470
2	0.01376	0.75946	0.05234	0.00923	0.01372	0.02007	0.00930	0.01561	0.01067	0.01258	0.00769	0.00905	0.00703	0.00590	0.03412	0.00143	0.00606	0.00297	0.00228	0.00674
3	0.00918	0.00459	0.00689	0.00689	0.00689	0.00459	0.00459	0.00689	0.00689	0.00918	0.00918	0.01607	0.00918	0.01837	0.02066	0.84619	0.00459	0.00459	0.00230	0.00230
4	0.03340	0.63984	0.08519	0.00929	0.01395	0.01831	0.00943	0.01549	0.01089	0.01374	0.03294	0.00992	0.00825	0.00473	0.00366	0.00117	0.00553	0.00316	0.00247	0.07863
5	0.14992	0.03551	0.11818	0.04047	0.08173	0.07328	0.04144	0.12873	0.06640	0.13308	0.02548	0.01359	0.00967	0.00692	0.03164	0.00186	0.02626	0.00452	0.00388	0.00746
6	0.00645	0.00471	0.00607	0.00710	0.00761	0.00434	0.00481	0.00747	0.01050	0.01382	0.05500	0.69826	0.12239	0.01601	0.00667	0.00209	0.00300	0.01441	0.00494	0.00434
7	0.00637	0.00532	0.00545	0.00548	0.00710	0.00451	0.00403	0.00766	0.01184	0.01425	0.07282	0.07328	0.69190	0.05752	0.00740	0.00198	0.00282	0.01104	0.00484	0.00440
8	0.01783	0.23626	0.06013	0.01019	0.01420	0.06021	0.00911	0.05874	0.10028	0.31002	0.04116	0.01497	0.01186	0.00611	0.00507	0.00151	0.02534	0.00461	0.00455	0.00785
9	0.01355	0.41159	0.15813	0.10413	0.04936	0.05377	0.04636	0.04443	0.03220	0.02877	0.00908	0.01073	0.00737	0.00492	0.00433	0.00140	0.00650	0.00370	0.00260	0.00707
10	0.00819	0.00633	0.00752	0.03923	0.00936	0.03244	0.00546	0.01047	0.01427	0.03822	0.57215	0.03892	0.17606	0.01075	0.00613	0.00168	0.00301	0.00933	0.00543	0.00507
11	0.00829	0.00630	0.00694	0.00722	0.00816	0.04835	0.00512	0.02917	0.01215	0.01675	0.22801	0.39125	0.04961	0.04247	0.00681	0.00194	0.00333	0.01100	0.11237	0.00475
12	0.01168	0.01041	0.01627	0.63054	0.08836	0.01248	0.01412	0.12236	0.01275	0.01665	0.00991	0.01382	0.00743	0.00540	0.00528	0.00172	0.00681	0.00471	0.00279	0.00651
13	0.01273	0.05672	0.27756	0.04251	0.33521	0.05265	0.06110	0.03396	0.01206	0.02952	0.01003	0.01277	0.00797	0.02600	0.00568	0.00169	0.00704	0.00446	0.00262	0.00774
14	0.59970	0.00952	0.00860	0.00739	0.01066	0.01037	0.00605	0.01731	0.01071	0.18630	0.05305	0.01268	0.00999	0.00562	0.00389	0.00162	0.00403	0.00383	0.03231	0.00636

[dist]
# distance from previous block
# <min> <max>
0	1

[block]
# block no. 9 follows, 46 sequences, length 21
# corresponding to MSA columns:
# 424-444
name=unknown_J
#
# <colnr> <probs for GDERKNQSTAVLIFYWHMCP>
#	G	D	E	R	K	N	Q	S	T	A	V	L	I	F	Y	W	H	M	C	P
0	0.13236	0.11079	0.08979	0.00956	0.01385	0.01064	0.00877	0.05242	0.01369	0.44893	0.03116	0.01512	0.01127	0.00599	0.00476	0.00157	0.00489	0.00459	0.02185	0.00800
1	0.03569	0.08829	0.59374	0.01389	0.02067	0.07620	0.01682	0.01756	0.01163	0.06434	0.00986	0.01117	0.00709	0.00511	0.00484	0.00160	0.00747	0.00384	0.00257	0.00761
2	0.00820	0.00556	0.00730	0.00677	0.00815	0.00511	0.00511	0.01068	0.01497	0.05506	0.74486	0.03854	0.04825	0.01062	0.00619	0.00166	0.00258	0.00937	0.00585	0.00517
3	0.01096	0.00940	0.01096	0.00783	0.01253	0.00705	0.00626	0.01331	0.01096	0.01723	0.00940	0.01096	0.00783	0.00392	0.00392	0.00078	0.00392	0.00313	0.00313	0.84653
4	0.01051	0.02642	0.75296	0.01484	0.02236	0.01201	0.01905	0.01649	0.01121	0.01670	0.01029	0.01327	0.00773	0.00544	0.00512	0.00171	0.00768	0.03617	0.00235	0.00768
5	0.00669	0.00523	0.00607	0.00616	0.00749	0.00461	0.00450	0.00834	0.01266	0.01642	0.28882	0.18849	0.39940	0.01313	0.00634	0.00181	0.00269	0.01135	0.00521	0.00461
6	0.08429	0.28839	0.28763	0.01252	0.04773	0.03043	0.01285	0.03346	0.07646	0.01641	0.00953	0.01088	0.00759	0.00532	0.00514	0.00153	0.05623	0.00372	0.00270	0.00723
7	0.00921	0.00460	0.00682	0.00682	0.00686	0.00460	0.00456	0.00708	0.00704	0.00956	0.00947	0.01620	0.00934	0.01793	0.02005	0.81597	0.00452	0.00460	0.03238	0.00239
8	0.00963	0.00495	0.00495	0.00495	0.00622	0.00490	0.00372	0.01202	0.01115	0.01937	0.01952	0.02166	0.06144	0.00661	0.00386	0.00127	0.00248	0.00532	0.79109	0.00490
9	0.01032	0.02190	0.56851	0.01537	0.09517	0.01102	0.01669	0.01549	0.01183	0.01739	0.11984	0.01736	0.01398	0.00621	0.00531	0.00169	0.00678	0.03492	0.00289	0.00735
10	0.01206	0.00972	0.01132	0.00817	0.01281	0.00766	0.00656	0.06067	0.01200	0.05022	0.01008	0.01136	0.00812	0.00418	0.00406	0.00087	0.00406	0.00332	0.00341	0.75934
11	0.85155	0.01022	0.00777	0.00695	0.01022	0.01186	0.00573	0.01554	0.00900	0.02372	0.00736	0.00859	0.00573	0.00491	0.00327	0.00164	0.00409	0.00286	0.00327	0.00573
12	0.01060	0.02735	0.78682	0.01507	0.02288	0.01228	0.01953	0.01674	0.01116	0.01674	0.00949	0.01116	0.00670	0.00502	0.00502	0.00167	0.00781	0.00391	0.00223	0.00781
13	0.03754	0.30201	0.06136	0.01263	0.08027	0.09578	0.05684	0.04800	0.03369	0.11612	0.03045	0.01484	0.06145	0.00591	0.00487	0.00146	0.02170	0.00456	0.00342	0.00711
14	0.02270	0.00933	0.01229	0.00947	0.01348	0.00835	0.00781	0.08649	0.01582	0.69076	0.02151	0.01890	0.04407	0.00681	0.00535	0.00164	0.00453	0.00551	0.00637	0.00881
15	0.10747	0.00912	0.01181	0.00916	0.01316	0.00818	0.00756	0.02473	0.01451	0.70789	0.01949	0.01704	0.01234	0.00638	0.00511	0.00164	0.00446	0.00507	0.00621	0.00867
16	0.00765	0.00559	0.00768	0.04498	0.01043	0.00554	0.00693	0.00944	0.01126	0.01478	0.05847	0.33162	0.06170	0.04805	0.00774	0.00235	0.00413	0.35230	0.00474	0.00462
17	0.01117	0.13085	0.65698	0.01495	0.05121	0.01343	0.01802	0.01660	0.01114	0.01620	0.00922	0.01088	0.00677	0.00494	0.00482	0.00160	0.00747	0.00380	0.00225	0.00770
18	0.01008	0.00665	0.00860	0.04016	0.01059	0.00650	0.00638	0.01376	0.09044	0.10781	0.47503	0.03659	0.06794	0.01023	0.00612	0.00176	0.00334	0.08665	0.00558	0.00579
19	0.00644	0.00460	0.00613	0.00736	0.00767	0.00429	0.00491	0.00736	0.01012	0.01350	0.02914	0.81076	0.03497	0.01656	0.00675	0.00215	0.00307	0.01503	0.00491	0.00429
20	0.00985	0.00666	0.00940	0.01086	0.06406	0.00655	0.00833	0.01240	0.03250	0.07932	0.04121	0.17401	0.02821	0.01330	0.00683	0.00223	0.00458	0.47936	0.00489	0.00545

[dist]
# distance from previous block
# <min> <max>
0	4

[block]
# block no. 10 follows, 46 sequences, length 11
# corresponding to MSA columns:
# 449-459
name=unknown_K
#
# <colnr> <probs for GDERKNQSTAVLIFYWHMCP>
#	G	D	E	R	K	N	Q	S	T	A	V	L	I	F	Y	W	H	M	C	P
0	0.85155	0.01022	0.00777	0.00695	0.01022	0.01186	0.00573	0.01554	0.00900	0.02372	0.00736	0.00859	0.00573	0.00491	0.00327	0.00164	0.00409	0.00286	0.00327	0.00573
1	0.00769	0.00513	0.00577	0.00577	0.00577	0.00513	0.00320	0.00769	0.00769	0.01025	0.01666	0.03460	0.01922	0.81421	0.02691	0.00513	0.00513	0.00769	0.00320	0.00320
2	0.00655	0.00469	0.00623	0.00728	0.00769	0.00437	0.00492	0.00764	0.01064	0.01432	0.10941	0.72814	0.03656	0.01595	0.00669	0.00210	0.00301	0.01444	0.00501	0.00437
3	0.01463	0.01327	0.01305	0.01199	0.04159	0.09703	0.00903	0.10908	0.58021	0.02221	0.01869	0.01761	0.01406	0.00681	0.00530	0.00172	0.00501	0.00552	0.00499	0.00820
4	0.01301	0.01169	0.01677	0.06084	0.42599	0.03516	0.01248	0.07575	0.11989	0.03644	0.04339	0.01901	0.09351	0.00642	0.00539	0.00163	0.00553	0.00573	0.00365	0.00771
