[name]
unknown

[dist]
# distance from previous block
# <min> <max>
0	25

[block]
# block no. 0 follows, 44 sequences, length 31
# corresponding to MSA columns:
# 25-55
name=unknown_A
#
# <colnr> <probs for GDERKNQSTAVLIFYWHMCP>
#	G	D	E	R	K	N	Q	S	T	A	V	L	I	F	Y	W	H	M	C	P
0	0.11052	0.01071	0.02876	0.00933	0.01239	0.02260	0.00762	0.23175	0.10007	0.06880	0.14089	0.04277	0.16109	0.00889	0.00562	0.00175	0.00441	0.01984	0.00518	0.00704
1	0.04225	0.01632	0.12576	0.01237	0.01708	0.03228	0.01118	0.46478	0.10063	0.06863	0.01363	0.01366	0.00974	0.00628	0.00530	0.00164	0.00600	0.00479	0.00487	0.04283
2	0.01344	0.13425	0.45822	0.01525	0.04295	0.01452	0.08071	0.12427	0.01374	0.03814	0.01037	0.01186	0.00759	0.00528	0.00511	0.00164	0.00741	0.00427	0.00292	0.00807
3	0.00977	0.00897	0.01490	0.68134	0.03326	0.01100	0.01368	0.01301	0.01083	0.01393	0.01264	0.12887	0.01143	0.00713	0.00567	0.00187	0.00667	0.00639	0.00280	0.00582
4	0.04654	0.00738	0.01008	0.12181	0.01414	0.00719	0.02185	0.01459	0.01346	0.20631	0.24407	0.09999	0.13063	0.02966	0.00651	0.00188	0.00411	0.00839	0.00521	0.00619
5	0.01309	0.06923	0.62714	0.01435	0.02166	0.01249	0.01778	0.01856	0.01208	0.12710	0.01136	0.01238	0.00786	0.00538	0.00513	0.00169	0.00744	0.00418	0.00295	0.00817
6	0.00679	0.00489	0.00644	0.00743	0.00793	0.00454	0.00505	0.00799	0.01121	0.01509	0.13800	0.67374	0.05840	0.01613	0.00687	0.00213	0.00307	0.01457	0.00520	0.00454
7	0.02116	0.00855	0.01160	0.00914	0.01278	0.00745	0.00745	0.02336	0.01557	0.62921	0.16923	0.02292	0.02097	0.00761	0.00567	0.00169	0.00423	0.00634	0.00660	0.00846
8	0.01247	0.01472	0.13030	0.22882	0.43693	0.03484	0.03145	0.01624	0.01198	0.01658	0.01000	0.01340	0.00798	0.00508	0.00539	0.00168	0.00706	0.00473	0.00257	0.00779
9	0.00998	0.00634	0.00845	0.00847	0.00937	0.00648	0.00613	0.01115	0.01105	0.12456	0.06362	0.48304	0.04633	0.07513	0.00957	0.00236	0.09596	0.01184	0.00491	0.00526
10	0.01016	0.00508	0.00508	0.00508	0.00635	0.00508	0.00381	0.01270	0.01143	0.02033	0.01778	0.02033	0.01397	0.00635	0.00381	0.00127	0.00254	0.00508	0.83867	0.00508
11	0.09191	0.01370	0.01593	0.03719	0.12613	0.01494	0.01075	0.46233	0.07164	0.08151	0.01331	0.01369	0.00962	0.00621	0.00527	0.00166	0.00574	0.00485	0.00488	0.00875
12	0.09335	0.01337	0.01542	0.01445	0.12504	0.01444	0.01030	0.46959	0.03508	0.08153	0.01429	0.03396	0.02500	0.00660	0.00529	0.00166	0.00558	0.00519	0.02130	0.00857
13	0.01146	0.01088	0.01846	0.51775	0.30599	0.01242	0.01572	0.01495	0.01145	0.01534	0.00990	0.01416	0.00777	0.00523	0.00543	0.00174	0.00698	0.00485	0.00252	0.00700
14	0.01631	0.28662	0.19295	0.01282	0.01743	0.35802	0.01231	0.01895	0.01311	0.01406	0.00845	0.00985	0.00699	0.00520	0.00451	0.00140	0.00810	0.00343	0.00254	0.00694
15	0.00947	0.00473	0.00710	0.00710	0.00710	0.00473	0.00473	0.00710	0.00710	0.00947	0.00947	0.01657	0.00947	0.01894	0.02131	0.84138	0.00473	0.00473	0.00237	0.00237
16	0.02072	0.01527	0.01636	0.01254	0.01691	0.01691	0.01036	0.75622	0.02563	0.03436	0.01309	0.01309	0.00927	0.00654	0.00545	0.00164	0.00600	0.00491	0.00545	0.00927
17	0.01349	0.01295	0.02213	0.03346	0.77440	0.01295	0.01673	0.01673	0.01241	0.01781	0.01025	0.01349	0.00864	0.00486	0.00540	0.00162	0.00648	0.00486	0.00270	0.00864
18	0.02446	0.00928	0.01265	0.00970	0.01392	0.00801	0.00801	0.02657	0.01560	0.77817	0.02151	0.01856	0.01350	0.00675	0.00548	0.00169	0.00464	0.00548	0.00675	0.00928
19	0.00644	0.00552	0.00552	0.00552	0.00736	0.00460	0.00414	0.00782	0.01243	0.01473	0.05523	0.05247	0.77218	0.01381	0.00644	0.00184	0.00276	0.01151	0.00506	0.00460
20	0.01030	0.00969	0.01635	0.79530	0.03755	0.01211	0.01514	0.01393	0.01090	0.01393	0.00969	0.01453	0.00727	0.00545	0.00545	0.00182	0.00727	0.00484	0.00242	0.00606
21	0.00697	0.00546	0.00631	0.00627	0.00773	0.00480	0.00464	0.00878	0.01342	0.01748	0.33752	0.12607	0.40892	0.01309	0.00649	0.00183	0.00273	0.01127	0.00544	0.00480
22	0.00661	0.00486	0.00621	0.00729	0.00783	0.00445	0.00493	0.00762	0.01073	0.01403	0.03369	0.69600	0.14255	0.01661	0.00688	0.00216	0.00310	0.01492	0.00506	0.00445
23	0.01547	0.69647	0.02680	0.00979	0.01441	0.02090	0.00948	0.12336	0.01318	0.01594	0.00838	0.00937	0.00733	0.00494	0.00378	0.00123	0.00585	0.00320	0.00278	0.00733
24	0.02087	0.01460	0.01589	0.01223	0.01654	0.01597	0.01009	0.66614	0.04582	0.10464	0.01415	0.01382	0.00988	0.00659	0.00546	0.00165	0.00582	0.00500	0.00558	0.00925
25	0.00682	0.00505	0.00653	0.00749	0.00798	0.00481	0.00511	0.00785	0.01069	0.01414	0.05329	0.66550	0.11363	0.03315	0.00762	0.00223	0.02417	0.01447	0.00498	0.00448
26	0.00739	0.00559	0.00706	0.00743	0.00861	0.00491	0.00519	0.00872	0.01114	0.01519	0.09009	0.56377	0.09545	0.01443	0.00645	0.00194	0.00321	0.01292	0.00487	0.12563
27	0.02081	0.01374	0.12465	0.01134	0.01607	0.01134	0.01040	0.23986	0.03156	0.41718	0.03523	0.01649	0.01226	0.00658	0.00545	0.00168	0.00548	0.00522	0.00568	0.00899
28	0.03314	0.01263	0.02242	0.19052	0.15352	0.01342	0.28767	0.03039	0.12098	0.01774	0.01195	0.01495	0.00922	0.00555	0.00646	0.00182	0.05152	0.00558	0.00312	0.00739
29	0.01858	0.01486	0.03563	0.01299	0.01726	0.01595	0.05691	0.54850	0.16974	0.03060	0.01467	0.01458	0.01060	0.00656	0.00553	0.00169	0.00592	0.00523	0.00522	0.00899
30	0.02989	0.02633	0.01021	0.00842	0.01117	0.12088	0.00657	0.11055	0.03477	0.04140	0.01408	0.01611	0.01118	0.02543	0.02440	0.00157	0.00488	0.00454	0.33789	0.15972

[dist]
# distance from previous block
# <min> <max>
0	2

[block]
# block no. 1 follows, 44 sequences, length 84
# corresponding to MSA columns:
# 58-141
name=unknown_B
#
# <colnr> <probs for GDERKNQSTAVLIFYWHMCP>
#	G	D	E	R	K	N	Q	S	T	A	V	L	I	F	Y	W	H	M	C	P
0	0.03679	0.01214	0.02822	0.01076	0.01433	0.01266	0.00882	0.37093	0.13197	0.12984	0.10491	0.05690	0.04136	0.00790	0.00563	0.00172	0.00493	0.00640	0.00556	0.00822
1	0.00743	0.00641	0.00717	0.00682	0.00843	0.00625	0.00525	0.00940	0.03647	0.01579	0.14671	0.04553	0.56841	0.01279	0.00763	0.00188	0.08739	0.01039	0.00492	0.00495
2	0.01131	0.01203	0.02405	0.01822	0.02176	0.01206	0.47713	0.01458	0.01167	0.01603	0.01483	0.19511	0.01447	0.00816	0.00819	0.00200	0.12041	0.00827	0.00323	0.00649
3	0.01373	0.72588	0.02620	0.00914	0.01335	0.01975	0.00887	0.01540	0.01101	0.01294	0.00997	0.09339	0.01009	0.00598	0.00387	0.00128	0.00555	0.00425	0.00262	0.00672
4	0.00652	0.00521	0.00584	0.00635	0.00758	0.00453	0.00451	0.00773	0.01163	0.01440	0.04520	0.35201	0.47911	0.01511	0.00665	0.00199	0.00292	0.01310	0.00506	0.00453
5	0.01016	0.00508	0.00508	0.00508	0.00635	0.00508	0.00381	0.01270	0.01143	0.02033	0.01778	0.02033	0.01397	0.00635	0.00381	0.00127	0.00254	0.00508	0.83867	0.00508
6	0.02037	0.02598	0.01545	0.01404	0.01685	0.78652	0.01053	0.02177	0.01545	0.01334	0.00843	0.00983	0.00702	0.00562	0.00492	0.00140	0.00983	0.00351	0.00281	0.00632
7	0.01030	0.00969	0.01635	0.79530	0.03755	0.01211	0.01514	0.01393	0.01090	0.01393	0.00969	0.01453	0.00727	0.00545	0.00545	0.00182	0.00727	0.00484	0.00242	0.00606
8	0.02446	0.00928	0.01265	0.00970	0.01392	0.00801	0.00801	0.02657	0.01560	0.77817	0.02151	0.01856	0.01350	0.00675	0.00548	0.00169	0.00464	0.00548	0.00675	0.00928
9	0.00809	0.00524	0.00614	0.00614	0.00616	0.00526	0.00354	0.00788	0.00786	0.01050	0.01630	0.03330	0.01857	0.70570	0.04562	0.09427	0.00545	0.00754	0.00319	0.00324
10	0.01016	0.00508	0.00508	0.00508	0.00635	0.00508	0.00381	0.01270	0.01143	0.02033	0.01778	0.02033	0.01397	0.00635	0.00381	0.00127	0.00254	0.00508	0.83867	0.00508
11	0.00779	0.00584	0.00876	0.00876	0.00974	0.00681	0.00681	0.00974	0.00876	0.01266	0.01460	0.02142	0.01363	0.04089	0.78680	0.00876	0.01460	0.00584	0.00292	0.00487
12	0.04041	0.01644	0.01580	0.01248	0.01651	0.12431	0.01012	0.61917	0.02343	0.03066	0.01239	0.01302	0.00910	0.02382	0.00581	0.00168	0.00648	0.00473	0.00499	0.00865
13	0.01291	0.01409	0.02894	0.04237	0.19457	0.01368	0.54289	0.01704	0.01254	0.01728	0.01067	0.01432	0.00828	0.00488	0.00665	0.00181	0.04083	0.00598	0.00272	0.00755
14	0.00664	0.00474	0.00633	0.00759	0.00791	0.00443	0.00506	0.00759	0.01044	0.01392	0.03005	0.80485	0.03606	0.01708	0.00696	0.00221	0.00316	0.01550	0.00506	0.00443
15	0.01093	0.02820	0.78016	0.01554	0.02360	0.01266	0.02014	0.01727	0.01151	0.01727	0.00978	0.01151	0.00691	0.00518	0.00518	0.00173	0.00806	0.00403	0.00230	0.00806
16	0.00664	0.00474	0.00633	0.00759	0.00791	0.00443	0.00506	0.00759	0.01044	0.01392	0.03005	0.80485	0.03606	0.01708	0.00696	0.00221	0.00316	0.01550	0.00506	0.00443
17	0.01193	0.01193	0.01670	0.01431	0.01431	0.01670	0.01193	0.01312	0.00835	0.01312	0.00716	0.01193	0.00716	0.00954	0.01789	0.00239	0.79843	0.00477	0.00239	0.00596
18	0.01349	0.01295	0.02213	0.03346	0.77440	0.01295	0.01673	0.01673	0.01241	0.01781	0.01025	0.01349	0.00864	0.00486	0.00540	0.00162	0.00648	0.00486	0.00270	0.00864
19	0.01193	0.01193	0.01670	0.01431	0.01431	0.01670	0.01193	0.01312	0.00835	0.01312	0.00716	0.01193	0.00716	0.00954	0.01789	0.00239	0.79843	0.00477	0.00239	0.00596
20	0.00772	0.00557	0.00729	0.00686	0.00814	0.00514	0.00514	0.01029	0.01543	0.02186	0.77152	0.04072	0.05144	0.01115	0.00643	0.00171	0.00257	0.00986	0.00600	0.00514
21	0.00669	0.00553	0.00587	0.00578	0.00752	0.00471	0.00434	0.00830	0.01301	0.01612	0.19461	0.05018	0.63193	0.01329	0.00644	0.00182	0.00272	0.01119	0.00525	0.00471
22	0.01337	0.01283	0.02191	0.06273	0.74609	0.01292	0.01667	0.01662	0.01236	0.01766	0.01023	0.01353	0.00858	0.00488	0.00540	0.00163	0.00651	0.00486	0.00269	0.00854
23	0.01472	0.79213	0.02824	0.00945	0.01406	0.04061	0.00936	0.01646	0.01119	0.01284	0.00760	0.00877	0.00700	0.00469	0.00353	0.00117	0.00593	0.00293	0.00234	0.00698
24	0.01168	0.00553	0.00589	0.00557	0.00716	0.00539	0.00426	0.01418	0.01188	0.10090	0.01818	0.02014	0.01392	0.00639	0.00399	0.00131	0.00276	0.00512	0.75021	0.00553
25	0.01471	0.79319	0.02826	0.00944	0.01406	0.03958	0.00936	0.01645	0.01118	0.01284	0.00760	0.00877	0.00700	0.00469	0.00353	0.00117	0.00592	0.00293	0.00234	0.00698
26	0.01194	0.01136	0.01932	0.40427	0.41575	0.01254	0.01596	0.01537	0.01168	0.01592	0.00998	0.01400	0.00797	0.00515	0.00542	0.00172	0.00686	0.00485	0.00256	0.00738
27	0.02446	0.00928	0.01265	0.00970	0.01392	0.00801	0.00801	0.02657	0.01560	0.77817	0.02151	0.01856	0.01350	0.00675	0.00548	0.00169	0.00464	0.00548	0.00675	0.00928
28	0.00661	0.00488	0.00619	0.00723	0.00781	0.00446	0.00490	0.00763	0.01078	0.01406	0.03444	0.67349	0.16458	0.01651	0.00687	0.00215	0.00309	0.01480	0.00506	0.00446
29	0.02900	0.01421	0.09507	0.03326	0.06138	0.01214	0.47261	0.01747	0.01275	0.09816	0.01369	0.06465	0.01116	0.00604	0.00616	0.00184	0.00783	0.03185	0.00336	0.00738
30	0.00662	0.00483	0.00624	0.00737	0.00785	0.00445	0.00496	0.00762	0.01065	0.01400	0.03273	0.72485	0.11433	0.01673	0.00690	0.00217	0.00312	0.01507	0.00506	0.00445
31	0.01525	0.57684	0.11002	0.01091	0.01560	0.16405	0.01076	0.01745	0.01195	0.01342	0.00798	0.00926	0.00699	0.00490	0.00395	0.00127	0.00683	0.00315	0.00242	0.00699
32	0.01182	0.00999	0.01158	0.00832	0.01314	0.00779	0.00667	0.05400	0.01208	0.01866	0.00987	0.01140	0.00814	0.00417	0.00411	0.00085	0.00414	0.00332	0.00335	0.79658
33	0.01724	0.01151	0.01355	0.01296	0.09972	0.02924	0.00924	0.18575	0.22348	0.19621	0.01792	0.01833	0.01322	0.02423	0.00582	0.00176	0.00499	0.01762	0.08888	0.00834
34	0.00985	0.00616	0.00785	0.00817	0.00939	0.00592	0.00582	0.01258	0.09159	0.11974	0.06018	0.56130	0.05130	0.01430	0.00657	0.00207	0.00345	0.01279	0.00538	0.00557
35	0.00662	0.00484	0.00623	0.00734	0.00784	0.00445	0.00495	0.00762	0.01068	0.01402	0.03313	0.71268	0.12623	0.01668	0.00690	0.00217	0.00311	0.01501	0.00506	0.00445
36	0.01275	0.01444	0.03099	0.04292	0.02803	0.01389	0.69856	0.01716	0.01259	0.01716	0.01080	0.01456	0.00819	0.00486	0.00697	0.00186	0.04796	0.00631	0.00273	0.00725
37	0.02404	0.00929	0.01261	0.00965	0.01389	0.00799	0.00796	0.02616	0.01547	0.75384	0.02113	0.01832	0.01332	0.00666	0.00544	0.00166	0.00462	0.00541	0.00664	0.03591
38	0.00795	0.00603	0.00888	0.00879	0.00966	0.00708	0.00678	0.00975	0.00869	0.01254	0.01449	0.02197	0.01378	0.08828	0.71047	0.00831	0.04288	0.00593	0.00293	0.00481
39	0.00672	0.00543	0.00597	0.00606	0.00759	0.00468	0.00446	0.00827	0.01274	0.01600	0.19056	0.15245	0.53251	0.01374	0.00651	0.00187	0.00278	0.01173	0.00524	0.00468
40	0.00685	0.00491	0.00654	0.00756	0.00795	0.00474	0.00511	0.00785	0.01012	0.01356	0.02794	0.65460	0.04530	0.07500	0.09132	0.00312	0.00452	0.01387	0.00471	0.00440
41	0.01349	0.01295	0.02213	0.03346	0.77440	0.01295	0.01673	0.01673	0.01241	0.01781	0.01025	0.01349	0.00864	0.00486	0.00540	0.00162	0.00648	0.00486	0.00270	0.00864
42	0.84691	0.01054	0.00801	0.00717	0.01054	0.01223	0.00590	0.01603	0.00928	0.02446	0.00759	0.00886	0.00590	0.00506	0.00337	0.00169	0.00422	0.00295	0.00337	0.00590
43	0.01276	0.01261	0.01808	0.29407	0.13233	0.08655	0.09197	0.04928	0.01199	0.01602	0.01001	0.01379	0.00807	0.00617	0.00774	0.00181	0.15663	0.00489	0.05858	0.00665
44	0.02446	0.00928	0.01265	0.00970	0.01392	0.00801	0.00801	0.02657	0.01560	0.77817	0.02151	0.01856	0.01350	0.00675	0.00548	0.00169	0.00464	0.00548	0.00675	0.00928
45	0.00703	0.00495	0.00642	0.00730	0.00759	0.00481	0.00478	0.00783	0.00973	0.01304	0.02588	0.56643	0.03058	0.20331	0.07068	0.00342	0.00452	0.01301	0.00449	0.00420
46	0.01758	0.01185	0.01316	0.01069	0.01402	0.01270	0.00855	0.46819	0.03622	0.10824	0.01737	0.14276	0.01483	0.02977	0.00618	0.00181	0.00509	0.00680	0.06618	0.00801
47	0.02319	0.00991	0.01290	0.00995	0.01405	0.00907	0.00819	0.12300	0.01693	0.64440	0.05481	0.01885	0.01467	0.00692	0.00552	0.00168	0.00473	0.00561	0.00654	0.00909
48	0.00664	0.00474	0.00633	0.00759	0.00791	0.00443	0.00506	0.00759	0.01044	0.01392	0.03005	0.80485	0.03606	0.01708	0.00696	0.00221	0.00316	0.01550	0.00506	0.00443
49	0.70862	0.05862	0.01074	0.01009	0.09197	0.01286	0.00726	0.01612	0.00972	0.02306	0.00787	0.00934	0.00626	0.00502	0.00360	0.00165	0.00455	0.00315	0.00324	0.00626
50	0.01157	0.01099	0.01865	0.49168	0.33121	0.01245	0.01577	0.01505	0.01150	0.01548	0.00992	0.01412	0.00781	0.00521	0.00543	0.00174	0.00695	0.00485	0.00253	0.00708
51	0.01330	0.01367	0.04501	0.09283	0.57329	0.04947	0.01591	0.01637	0.01197	0.01677	0.00978	0.01318	0.00823	0.00545	0.00670	0.00171	0.09095	0.00476	0.00264	0.00801
52	0.03445	0.08474	0.46530	0.01450	0.02079	0.03133	0.10642	0.02925	0.01249	0.04707	0.09117	0.01497	0.01208	0.00579	0.00529	0.00168	0.00721	0.00488	0.00302	0.00754
53	0.01321	0.42400	0.36527	0.01233	0.01843	0.05268	0.01424	0.01700	0.01147	0.01484	0.00861	0.01004	0.00696	0.00494	0.00432	0.00143	0.00701	0.00344	0.00234	0.00744
54	0.02446	0.00928	0.01265	0.00970	0.01392	0.00801	0.00801	0.02657	0.01560	0.77817	0.02151	0.01856	0.01350	0.00675	0.00548	0.00169	0.00464	0.00548	0.00675	0.00928
55	0.00782	0.00543	0.00676	0.00733	0.00816	0.00519	0.00514	0.04300	0.01210	0.01677	0.14055	0.53117	0.07309	0.01439	0.00645	0.00199	0.00312	0.01285	0.09385	0.00484
56	0.01035	0.00746	0.01105	0.01012	0.01168	0.00744	0.08584	0.06337	0.01242	0.08466	0.07354	0.46090	0.02804	0.03364	0.00781	0.00215	0.04969	0.02937	0.00486	0.00563
57	0.00990	0.00622	0.00801	0.00727	0.00900	0.00574	0.00555	0.01275	0.03924	0.11484	0.61324	0.03802	0.08763	0.01064	0.00629	0.00172	0.00289	0.00930	0.00602	0.00573
58	0.00901	0.00474	0.00698	0.00718	0.00723	0.00469	0.00479	0.00718	0.00764	0.01019	0.01279	0.14358	0.01375	0.01864	0.01900	0.70618	0.00448	0.00647	0.00280	0.00270
59	0.01148	0.04464	0.60598	0.01780	0.08696	0.01304	0.10990	0.01722	0.01174	0.01723	0.00992	0.01200	0.00722	0.00507	0.00531	0.00172	0.00801	0.00437	0.00239	0.00799
60	0.01271	0.01518	0.09064	0.05795	0.18377	0.01350	0.49504	0.01706	0.01250	0.01729	0.01064	0.01413	0.00817	0.00482	0.00627	0.00179	0.02243	0.00581	0.00269	0.00760
61	0.84691	0.01054	0.00801	0.00717	0.01054	0.01223	0.00590	0.01603	0.00928	0.02446	0.00759	0.00886	0.00590	0.00506	0.00337	0.00169	0.00422	0.00295	0.00337	0.00590
62	0.00859	0.00700	0.01022	0.00976	0.01052	0.00869	0.00771	0.01034	0.00866	0.01269	0.01323	0.01995	0.01254	0.05464	0.61854	0.00744	0.16592	0.00569	0.00283	0.00504
63	0.08960	0.05632	0.50125	0.01678	0.11025	0.03601	0.05353	0.01760	0.03768	0.01790	0.00999	0.01180	0.00743	0.00517	0.00503	0.00169	0.00740	0.00416	0.00260	0.00781
64	0.01263	0.01178	0.01394	0.01253	0.03963	0.07963	0.02390	0.12632	0.01283	0.01733	0.04526	0.05408	0.11410	0.01149	0.06320	0.00245	0.32534	0.00636	0.02095	0.00625
65	0.02409	0.00991	0.01274	0.00988	0.01402	0.03512	0.00811	0.02645	0.03122	0.73590	0.02107	0.01829	0.01334	0.00672	0.00546	0.00168	0.00481	0.00543	0.00659	0.00916
66	0.00777	0.00560	0.00785	0.00794	0.00897	0.00518	0.03337	0.00955	0.01267	0.03608	0.31502	0.42900	0.05828	0.01395	0.00670	0.00199	0.00322	0.02653	0.00538	0.00495
67	0.10034	0.01109	0.01602	0.25514	0.02195	0.04508	0.10217	0.01441	0.01043	0.01586	0.00989	0.01387	0.00813	0.00778	0.03573	0.00213	0.22882	0.00482	0.09030	0.00604
68	0.01262	0.16236	0.06713	0.01846	0.04163	0.03351	0.46138	0.01628	0.01226	0.01612	0.01226	0.09729	0.01090	0.00600	0.00582	0.00173	0.00782	0.00651	0.00290	0.00702
69	0.01756	0.01348	0.01447	0.01150	0.01549	0.01470	0.00932	0.46581	0.21969	0.02918	0.01526	0.01500	0.01122	0.00650	0.00529	0.00160	0.00526	0.00507	0.02611	0.09751
70	0.01907	0.01175	0.09402	0.01099	0.03005	0.00977	0.00952	0.04603	0.16718	0.44326	0.02176	0.02105	0.04913	0.00730	0.00558	0.00176	0.00494	0.03244	0.00577	0.00863
71	0.01419	0.72838	0.10848	0.00999	0.01501	0.02062	0.01048	0.01642	0.01112	0.01330	0.00781	0.00904	0.00699	0.00472	0.00368	0.00123	0.00607	0.00303	0.00233	0.00711
72	0.00677	0.00487	0.00642	0.00743	0.00792	0.00452	0.00504	0.00793	0.01112	0.01492	0.12175	0.68516	0.06346	0.01624	0.00688	0.00214	0.00308	0.01467	0.00518	0.00452
73	0.01326	0.01261	0.02098	0.03076	0.69343	0.01235	0.01564	0.01641	0.01230	0.01781	0.01019	0.01326	0.00858	0.00477	0.00525	0.00153	0.00622	0.00468	0.00276	0.09722
74	0.01217	0.01384	0.04730	0.02067	0.02556	0.01267	0.64147	0.01625	0.01226	0.01665	0.01204	0.03282	0.01003	0.09033	0.00868	0.00221	0.00863	0.00672	0.00285	0.00688
75	0.00686	0.00489	0.00648	0.00751	0.00795	0.00459	0.00510	0.00799	0.01093	0.01470	0.10836	0.67444	0.03695	0.04680	0.00772	0.00229	0.00323	0.03365	0.00509	0.00448
76	0.00683	0.00488	0.00650	0.00755	0.00801	0.00456	0.00515	0.00802	0.01114	0.01501	0.12732	0.68912	0.03798	0.01626	0.00690	0.00215	0.00312	0.02978	0.00518	0.00453
77	0.01098	0.02598	0.67377	0.01598	0.02355	0.01250	0.09768	0.01696	0.01169	0.01720	0.01149	0.01327	0.03358	0.00542	0.00536	0.00174	0.00799	0.00454	0.00245	0.00786
78	0.00664	0.00474	0.00633	0.00759	0.00791	0.00443	0.00506	0.00759	0.01044	0.01392	0.03005	0.80485	0.03606	0.01708	0.00696	0.00221	0.00316	0.01550	0.00506	0.00443
79	0.01119	0.04938	0.66332	0.01554	0.03562	0.01336	0.01889	0.01679	0.01118	0.01670	0.00945	0.01151	0.00697	0.00562	0.00649	0.00178	0.09200	0.00409	0.00232	0.00781
80	0.01233	0.09155	0.61780	0.01489	0.02221	0.01388	0.03660	0.09576	0.01301	0.01872	0.00998	0.01153	0.00720	0.00527	0.00510	0.00167	0.00768	0.00409	0.00265	0.00808
81	0.00664	0.00474	0.00633	0.00759	0.00791	0.00443	0.00506	0.00759	0.01044	0.01392	0.03005	0.80485	0.03606	0.01708	0.00696	0.00221	0.00316	0.01550	0.00506	0.00443
82	0.00878	0.00549	0.00718	0.00757	0.00864	0.00501	0.00541	0.01025	0.01217	0.09684	0.17390	0.49104	0.09836	0.01451	0.00667	0.00204	0.00322	0.03238	0.00542	0.00511
83	0.01487	0.01208	0.04119	0.04279	0.18261	0.03461	0.01102	0.13793	0.17730	0.10625	0.06396	0.04181	0.01660	0.00772	0.00576	0.00180	0.00543	0.08364	0.00470	0.00793

[dist]
# distance from previous block
# <min> <max>
50	210

[block]
# block no. 2 follows, 44 sequences, length 11
# corresponding to MSA columns:
# 368-378
name=unknown_C
#
# <colnr> <probs for GDERKNQSTAVLIFYWHMCP>
#	G	D	E	R	K	N	Q	S	T	A	V	L	I	F	Y	W	H	M	C	P
0	0.08097	0.06867	0.23512	0.01241	0.01728	0.01392	0.03392	0.09823	0.31982	0.04185	0.01521	0.01516	0.01126	0.00621	0.00515	0.00173	0.00581	0.00494	0.00417	0.00818
1	0.04689	0.01230	0.09080	0.01124	0.05672	0.03325	0.00917	0.13290	0.13674	0.11862	0.09220	0.02415	0.15249	0.00799	0.00554	0.00168	0.00483	0.00654	0.00486	0.05108
2	0.01410	0.01157	0.01692	0.10638	0.36444	0.03053	0.01254	0.05741	0.05294	0.10265	0.01526	0.03986	0.05349	0.00616	0.00538	0.00160	0.00574	0.00549	0.00368	0.09385
3	0.01001	0.00911	0.01270	0.24422	0.13748	0.05272	0.01054	0.01251	0.01201	0.01566	0.09132	0.18614	0.06685	0.00976	0.00605	0.00188	0.00540	0.08328	0.00382	0.02855
4	0.05459	0.19953	0.11965	0.01258	0.01677	0.34064	0.01126	0.13283	0.03357	0.01771	0.00943	0.01053	0.00753	0.00551	0.00466	0.00145	0.00772	0.00370	0.00313	0.00719
5	0.01307	0.01419	0.05562	0.07497	0.28890	0.07986	0.16774	0.03609	0.01230	0.01659	0.01147	0.07691	0.01028	0.00656	0.00732	0.00181	0.11024	0.00588	0.00291	0.00730
6	0.01362	0.01172	0.01822	0.02541	0.52314	0.01180	0.01355	0.01840	0.12520	0.07674	0.01754	0.01892	0.08885	0.00630	0.00553	0.00168	0.00563	0.00579	0.00368	0.00827
7	0.00796	0.00541	0.00681	0.00705	0.00784	0.00533	0.00493	0.00920	0.01043	0.03323	0.09550	0.23013	0.10677	0.22600	0.14610	0.00400	0.00564	0.03157	0.05163	0.00447
8	0.09655	0.00742	0.00776	0.00727	0.00875	0.00793	0.00519	0.07757	0.10593	0.01858	0.05130	0.08771	0.01847	0.27491	0.01248	0.00285	0.00420	0.00698	0.19280	0.00533
9	0.11633	0.00686	0.00805	0.00719	0.00932	0.00648	0.00556	0.01353	0.01405	0.15776	0.41390	0.03431	0.14491	0.03041	0.00642	0.00182	0.00325	0.00839	0.00560	0.00586
10	0.01869	0.01271	0.01336	0.01114	0.01477	0.07464	0.00888	0.15026	0.34786	0.25777	0.01934	0.01772	0.01365	0.00691	0.00546	0.00173	0.00514	0.00553	0.00568	0.00875

[dist]
# distance from previous block
# <min> <max>
0	5

[block]
# block no. 3 follows, 44 sequences, length 92
# corresponding to MSA columns:
# 384-475
name=unknown_D
#
# <colnr> <probs for GDERKNQSTAVLIFYWHMCP>
#	G	D	E	R	K	N	Q	S	T	A	V	L	I	F	Y	W	H	M	C	P
0	0.05737	0.01285	0.01366	0.09801	0.01734	0.04808	0.00970	0.19973	0.41795	0.04043	0.01728	0.01689	0.01282	0.00677	0.00538	0.00176	0.00529	0.00543	0.00498	0.00827
1	0.01311	0.01298	0.01883	0.04457	0.50722	0.08082	0.01414	0.01610	0.03426	0.01658	0.01231	0.10070	0.01158	0.00683	0.00677	0.00175	0.08485	0.00594	0.00302	0.00764
2	0.02036	0.01509	0.01616	0.01247	0.01677	0.01674	0.01027	0.71962	0.06281	0.03378	0.01355	0.01345	0.00964	0.00659	0.00546	0.00165	0.00591	0.00497	0.00546	0.00924
3	0.00658	0.00553	0.00572	0.00567	0.00745	0.00466	0.00425	0.00810	0.01276	0.01552	0.13439	0.05117	0.69253	0.01351	0.00644	0.00183	0.00274	0.01132	0.00517	0.00466
4	0.01956	0.01688	0.01557	0.01262	0.01648	0.17070	0.01013	0.49852	0.13580	0.02839	0.01354	0.01354	0.00994	0.00649	0.00536	0.00162	0.00651	0.00482	0.00494	0.00858
5	0.00735	0.00532	0.00695	0.00704	0.00805	0.00491	0.00509	0.00940	0.01383	0.01924	0.52550	0.27409	0.06675	0.01303	0.00659	0.00187	0.00276	0.01162	0.00569	0.00491
6	0.01458	0.81168	0.02857	0.00933	0.01399	0.02157	0.00933	0.01632	0.01108	0.01283	0.00758	0.00875	0.00700	0.00466	0.00350	0.00117	0.00583	0.00292	0.00233	0.00700
7	0.00788	0.00538	0.00626	0.00647	0.00672	0.00531	0.00405	0.00828	0.00880	0.01160	0.02110	0.08212	0.05986	0.63676	0.02329	0.00463	0.00501	0.08918	0.00368	0.00362
8	0.01065	0.01005	0.01699	0.71110	0.11898	0.01221	0.01532	0.01424	0.01107	0.01436	0.00975	0.01442	0.00742	0.00539	0.00544	0.00180	0.00718	0.00485	0.00245	0.00634
9	0.00664	0.00474	0.00633	0.00759	0.00791	0.00443	0.00506	0.00759	0.01044	0.01392	0.03005	0.80485	0.03606	0.01708	0.00696	0.00221	0.00316	0.01550	0.00506	0.00443
10	0.02072	0.01527	0.01636	0.01254	0.01691	0.01691	0.01036	0.75622	0.02563	0.03436	0.01309	0.01309	0.00927	0.00654	0.00545	0.00164	0.00600	0.00491	0.00545	0.00927
11	0.01065	0.01005	0.01699	0.71110	0.11898	0.01221	0.01532	0.01424	0.01107	0.01436	0.00975	0.01442	0.00742	0.00539	0.00544	0.00180	0.00718	0.00485	0.00245	0.00634
12	0.84691	0.01054	0.00801	0.00717	0.01054	0.01223	0.00590	0.01603	0.00928	0.02446	0.00759	0.00886	0.00590	0.00506	0.00337	0.00169	0.00422	0.00295	0.00337	0.00590
13	0.00644	0.00552	0.00552	0.00552	0.00736	0.00460	0.00414	0.00782	0.01243	0.01473	0.05523	0.05247	0.77218	0.01381	0.00644	0.00184	0.00276	0.01151	0.00506	0.00460
14	0.04240	0.01006	0.01480	0.01118	0.01553	0.00898	0.09053	0.04430	0.01541	0.65704	0.01980	0.01776	0.01263	0.00646	0.00554	0.00170	0.00517	0.00551	0.00619	0.00899
15	0.01247	0.01682	0.15701	0.04456	0.02794	0.01355	0.60969	0.01733	0.01258	0.01733	0.01078	0.01417	0.00801	0.00472	0.00619	0.00182	0.00894	0.00598	0.00267	0.00743
16	0.00772	0.00557	0.00729	0.00686	0.00814	0.00514	0.00514	0.01029	0.01543	0.02186	0.77152	0.04072	0.05144	0.01115	0.00643	0.00171	0.00257	0.00986	0.00600	0.00514
17	0.02037	0.02598	0.01545	0.01404	0.01685	0.78652	0.01053	0.02177	0.01545	0.01334	0.00843	0.00983	0.00702	0.00562	0.00492	0.00140	0.00983	0.00351	0.00281	0.00632
18	0.01108	0.04351	0.64022	0.10247	0.06269	0.01282	0.01917	0.01685	0.01148	0.01682	0.00975	0.01188	0.00704	0.00518	0.00518	0.00172	0.00784	0.00413	0.00234	0.00784
19	0.84691	0.01054	0.00801	0.00717	0.01054	0.01223	0.00590	0.01603	0.00928	0.02446	0.00759	0.00886	0.00590	0.00506	0.00337	0.00169	0.00422	0.00295	0.00337	0.00590
20	0.01546	0.01721	0.01894	0.15271	0.35926	0.29543	0.03002	0.01812	0.01328	0.01553	0.00951	0.01235	0.00781	0.00523	0.00525	0.00158	0.00789	0.00440	0.00269	0.00733
21	0.00779	0.00584	0.00876	0.00876	0.00974	0.00681	0.00681	0.00974	0.00876	0.01266	0.01460	0.02142	0.01363	0.04089	0.78680	0.00876	0.01460	0.00584	0.00292	0.00487
22	0.11757	0.15616	0.09953	0.01026	0.01447	0.02589	0.00954	0.05035	0.08164	0.27793	0.03098	0.01850	0.01286	0.00678	0.00502	0.00167	0.00529	0.06311	0.00467	0.00779
23	0.01438	0.01748	0.14288	0.03453	0.09546	0.14868	0.19798	0.08159	0.01342	0.03844	0.01064	0.01344	0.00840	0.00854	0.06928	0.00231	0.08731	0.00497	0.00300	0.00727
24	0.02446	0.00928	0.01265	0.00970	0.01392	0.00801	0.00801	0.02657	0.01560	0.77817	0.02151	0.01856	0.01350	0.00675	0.00548	0.00169	0.00464	0.00548	0.00675	0.00928
25	0.00676	0.00551	0.00598	0.00591	0.00757	0.00473	0.00441	0.00843	0.01312	0.01647	0.23131	0.06914	0.57519	0.01324	0.00645	0.00182	0.00273	0.01120	0.00529	0.00473
26	0.02068	0.01645	0.01626	0.01271	0.01690	0.10196	0.01038	0.67505	0.02451	0.03204	0.01257	0.01273	0.00902	0.00644	0.00539	0.00161	0.00642	0.00475	0.00516	0.00895
27	0.00644	0.00552	0.00552	0.00552	0.00736	0.00460	0.00414	0.00782	0.01243	0.01473	0.05523	0.05247	0.77218	0.01381	0.00644	0.00184	0.00276	0.01151	0.00506	0.00460
28	0.00793	0.00529	0.00595	0.00595	0.00595	0.00529	0.00330	0.00793	0.00793	0.01057	0.01718	0.03568	0.01982	0.80840	0.02775	0.00529	0.00529	0.00793	0.00330	0.00330
29	0.01522	0.72485	0.02712	0.00985	0.01431	0.10611	0.00946	0.01693	0.01156	0.01288	0.00767	0.00887	0.00700	0.00477	0.00365	0.00119	0.00627	0.00298	0.00238	0.00692
30	0.01371	0.01422	0.02790	0.06249	0.15561	0.01390	0.50857	0.09880	0.01410	0.01921	0.01106	0.01431	0.00839	0.00490	0.00610	0.00178	0.00828	0.00591	0.00303	0.00772
31	0.00663	0.00553	0.00579	0.00572	0.00748	0.00468	0.00429	0.00819	0.01288	0.01579	0.16226	0.05071	0.66449	0.01341	0.00644	0.00182	0.00273	0.01126	0.00520	0.00468
32	0.00664	0.00474	0.00633	0.00759	0.00791	0.00443	0.00506	0.00759	0.01044	0.01392	0.03005	0.80485	0.03606	0.01708	0.00696	0.00221	0.00316	0.01550	0.00506	0.00443
33	0.01260	0.01380	0.08559	0.26860	0.32080	0.05168	0.03222	0.01776	0.11021	0.01695	0.01152	0.01439	0.00901	0.00544	0.00541	0.00172	0.00682	0.00492	0.00296	0.00762
34	0.01125	0.05004	0.68807	0.01645	0.05222	0.01300	0.05990	0.01723	0.01161	0.01717	0.00980	0.01168	0.00705	0.00512	0.00521	0.00171	0.00799	0.00416	0.00234	0.00801
35	0.01532	0.40372	0.11476	0.01147	0.01586	0.19747	0.01082	0.01975	0.13373	0.01510	0.01040	0.01121	0.00855	0.00539	0.00436	0.00140	0.00679	0.00371	0.00296	0.00723
36	0.01152	0.00982	0.01142	0.00818	0.01301	0.00749	0.00655	0.03093	0.01164	0.01815	0.00977	0.01135	0.00810	0.00410	0.00407	0.00083	0.00408	0.00327	0.00328	0.82244
37	0.01503	0.03189	0.03481	0.01545	0.15477	0.07991	0.01060	0.04423	0.42961	0.08017	0.01799	0.01822	0.01373	0.00674	0.00544	0.00175	0.00541	0.02116	0.00471	0.00837
38	0.00922	0.00688	0.00960	0.00918	0.01053	0.00793	0.00721	0.09223	0.01063	0.01505	0.01444	0.02050	0.01315	0.03709	0.70045	0.00797	0.01365	0.00574	0.00320	0.00535
39	0.01184	0.00916	0.01068	0.00783	0.01224	0.00706	0.00625	0.01426	0.01154	0.05631	0.01118	0.01267	0.00900	0.00443	0.00409	0.00090	0.00390	0.00355	0.09574	0.70738
40	0.10332	0.02625	0.69482	0.01461	0.02215	0.01261	0.01857	0.01713	0.01126	0.01806	0.00954	0.01122	0.00680	0.00517	0.00498	0.00172	0.00763	0.00391	0.00242	0.00782
41	0.02446	0.00928	0.01265	0.00970	0.01392	0.00801	0.00801	0.02657	0.01560	0.77817	0.02151	0.01856	0.01350	0.00675	0.00548	0.00169	0.00464	0.00548	0.00675	0.00928
42	0.00664	0.00474	0.00633	0.00759	0.00791	0.00443	0.00506	0.00759	0.01044	0.01392	0.03005	0.80485	0.03606	0.01708	0.00696	0.00221	0.00316	0.01550	0.00506	0.00443
43	0.00649	0.00544	0.00565	0.00578	0.00744	0.00460	0.00427	0.00785	0.01227	0.01480	0.06857	0.13535	0.67460	0.01411	0.00650	0.00188	0.00280	0.01191	0.00508	0.00460
44	0.84691	0.01054	0.00801	0.00717	0.01054	0.01223	0.00590	0.01603	0.00928	0.02446	0.00759	0.00886	0.00590	0.00506	0.00337	0.00169	0.00422	0.00295	0.00337	0.00590
45	0.01030	0.00969	0.01635	0.79530	0.03755	0.01211	0.01514	0.01393	0.01090	0.01393	0.00969	0.01453	0.00727	0.00545	0.00545	0.00182	0.00727	0.00484	0.00242	0.00606
46	0.84691	0.01054	0.00801	0.00717	0.01054	0.01223	0.00590	0.01603	0.00928	0.02446	0.00759	0.00886	0.00590	0.00506	0.00337	0.00169	0.00422	0.00295	0.00337	0.00590
47	0.01356	0.01171	0.01233	0.01109	0.01418	0.01356	0.00863	0.02897	0.76455	0.02281	0.02219	0.02034	0.01664	0.00740	0.00555	0.00185	0.00431	0.00616	0.00555	0.00863
48	0.02446	0.00928	0.01265	0.00970	0.01392	0.00801	0.00801	0.02657	0.01560	0.77817	0.02151	0.01856	0.01350	0.00675	0.00548	0.00169	0.00464	0.00548	0.00675	0.00928
49	0.00789	0.00603	0.00894	0.02566	0.01025	0.00704	0.00695	0.00972	0.00892	0.01277	0.01564	0.09013	0.01536	0.05326	0.65758	0.00773	0.04148	0.00668	0.00309	0.00486
50	0.02446	0.00928	0.01265	0.00970	0.01392	0.00801	0.00801	0.02657	0.01560	0.77817	0.02151	0.01856	0.01350	0.00675	0.00548	0.00169	0.00464	0.00548	0.00675	0.00928
51	0.00793	0.00529	0.00595	0.00595	0.00595	0.00529	0.00330	0.00793	0.00793	0.01057	0.01718	0.03568	0.01982	0.80840	0.02775	0.00529	0.00529	0.00793	0.00330	0.00330
52	0.01251	0.01353	0.02816	0.02303	0.13227	0.01284	0.56763	0.01668	0.01277	0.01739	0.01289	0.01971	0.01088	0.00579	0.00641	0.00188	0.00835	0.08703	0.00300	0.00728
53	0.01030	0.00969	0.01635	0.79530	0.03755	0.01211	0.01514	0.01393	0.01090	0.01393	0.00969	0.01453	0.00727	0.00545	0.00545	0.00182	0.00727	0.00484	0.00242	0.00606
54	0.01135	0.04320	0.65925	0.01759	0.10650	0.01292	0.03992	0.01719	0.01164	0.01723	0.00982	0.01176	0.00714	0.00512	0.00520	0.00171	0.00787	0.00416	0.00236	0.00808
55	0.00664	0.00474	0.00633	0.00759	0.00791	0.00443	0.00506	0.00759	0.01044	0.01392	0.03005	0.80485	0.03606	0.01708	0.00696	0.00221	0.00316	0.01550	0.00506	0.00443
56	0.01291	0.31571	0.27298	0.01353	0.01874	0.03481	0.09546	0.03296	0.01157	0.01539	0.00946	0.01226	0.00790	0.00654	0.02667	0.00179	0.08101	0.02057	0.00253	0.00722
57	0.02205	0.01201	0.01484	0.01329	0.09891	0.04251	0.00973	0.22676	0.01801	0.45781	0.01741	0.01613	0.01153	0.00644	0.00544	0.00165	0.00543	0.00518	0.00578	0.00909
58	0.02446	0.00928	0.01265	0.00970	0.01392	0.00801	0.00801	0.02657	0.01560	0.77817	0.02151	0.01856	0.01350	0.00675	0.00548	0.00169	0.00464	0.00548	0.00675	0.00928
59	0.00644	0.00552	0.00552	0.00552	0.00736	0.00460	0.00414	0.00782	0.01243	0.01473	0.05523	0.05247	0.77218	0.01381	0.00644	0.00184	0.00276	0.01151	0.00506	0.00460
60	0.03539	0.08710	0.01438	0.01017	0.01406	0.01187	0.00845	0.18319	0.12205	0.36507	0.05997	0.01778	0.01438	0.00680	0.00527	0.00164	0.00483	0.00540	0.02361	0.00858
61	0.01458	0.81168	0.02857	0.00933	0.01399	0.02157	0.00933	0.01632	0.01108	0.01283	0.00758	0.00875	0.00700	0.00466	0.00350	0.00117	0.00583	0.00292	0.00233	0.00700
62	0.00793	0.00529	0.00595	0.00595	0.00595	0.00529	0.00330	0.00793	0.00793	0.01057	0.01718	0.03568	0.01982	0.80840	0.02775	0.00529	0.00529	0.00793	0.00330	0.00330
63	0.01482	0.01234	0.01304	0.01135	0.01466	0.01415	0.00893	0.15683	0.63464	0.02484	0.02059	0.01907	0.01535	0.00725	0.00553	0.00181	0.00461	0.00594	0.00553	0.00874
64	0.01319	0.01358	0.05959	0.03022	0.65682	0.03390	0.01613	0.01648	0.01246	0.01754	0.01160	0.01695	0.01024	0.00567	0.00554	0.00169	0.00654	0.06072	0.00286	0.00827
65	0.02446	0.00928	0.01265	0.00970	0.01392	0.00801	0.00801	0.02657	0.01560	0.77817	0.02151	0.01856	0.01350	0.00675	0.00548	0.00169	0.00464	0.00548	0.00675	0.00928
66	0.00655	0.00553	0.00568	0.00576	0.00754	0.00467	0.00436	0.00796	0.01238	0.01477	0.05347	0.07281	0.72198	0.01395	0.00650	0.00188	0.00287	0.04167	0.00506	0.00462
67	0.01228	0.01836	0.24906	0.04308	0.08690	0.01335	0.46094	0.01725	0.01238	0.01734	0.01057	0.01367	0.00787	0.00481	0.00596	0.00179	0.00859	0.00556	0.00261	0.00762
68	0.01682	0.01229	0.01340	0.01073	0.01405	0.01343	0.00862	0.51046	0.05402	0.02909	0.11607	0.01945	0.01643	0.07096	0.02561	0.00209	0.00544	0.00590	0.04723	0.00791
69	0.01948	0.11235	0.01714	0.01422	0.04363	0.67431	0.01062	0.02099	0.01486	0.01345	0.00840	0.00984	0.00708	0.00549	0.00478	0.00139	0.00927	0.00349	0.00275	0.00648
70	0.01178	0.00997	0.01156	0.00830	0.01312	0.00775	0.00666	0.05109	0.01203	0.01860	0.00986	0.01139	0.00814	0.00416	0.00411	0.00085	0.00414	0.00331	0.00334	0.79984
71	0.01869	0.01301	0.01530	0.01386	0.09910	0.01388	0.01008	0.49352	0.02102	0.12089	0.01554	0.09043	0.01257	0.02867	0.00619	0.00179	0.00559	0.00607	0.00521	0.00858
72	0.02326	0.00955	0.01262	0.00985	0.01395	0.00863	0.00808	0.02683	0.09837	0.69469	0.02158	0.01875	0.01384	0.00682	0.00549	0.00170	0.00460	0.00556	0.00661	0.00921
73	0.63829	0.01053	0.00883	0.00782	0.01109	0.01207	0.00636	0.04690	0.10821	0.04141	0.01062	0.01141	0.00808	0.00554	0.00381	0.00168	0.00421	0.00363	0.05309	0.00642
74	0.01093	0.02820	0.78016	0.01554	0.02360	0.01266	0.02014	0.01727	0.01151	0.01727	0.00978	0.01151	0.00691	0.00518	0.00518	0.00173	0.00806	0.00403	0.00230	0.00806
75	0.02446	0.00928	0.01265	0.00970	0.01392	0.00801	0.00801	0.02657	0.01560	0.77817	0.02151	0.01856	0.01350	0.00675	0.00548	0.00169	0.00464	0.00548	0.00675	0.00928
76	0.00947	0.00473	0.00710	0.00710	0.00710	0.00473	0.00473	0.00710	0.00710	0.00947	0.00947	0.01657	0.00947	0.01894	0.02131	0.84138	0.00473	0.00473	0.00237	0.00237
77	0.01349	0.01295	0.02213	0.03346	0.77440	0.01295	0.01673	0.01673	0.01241	0.01781	0.01025	0.01349	0.00864	0.00486	0.00540	0.00162	0.00648	0.00486	0.00270	0.00864
78	0.01030	0.00969	0.01635	0.79530	0.03755	0.01211	0.01514	0.01393	0.01090	0.01393	0.00969	0.01453	0.00727	0.00545	0.00545	0.00182	0.00727	0.00484	0.00242	0.00606
79	0.01030	0.00969	0.01635	0.79530	0.03755	0.01211	0.01514	0.01393	0.01090	0.01393	0.00969	0.01453	0.00727	0.00545	0.00545	0.00182	0.00727	0.00484	0.00242	0.00606
80	0.84691	0.01054	0.00801	0.00717	0.01054	0.01223	0.00590	0.01603	0.00928	0.02446	0.00759	0.00886	0.00590	0.00506	0.00337	0.00169	0.00422	0.00295	0.00337	0.00590
81	0.01287	0.01471	0.03217	0.02298	0.02849	0.01379	0.75460	0.01746	0.01287	0.01746	0.01103	0.01471	0.00827	0.00460	0.00643	0.00184	0.00919	0.00643	0.00276	0.00735
82	0.02446	0.00928	0.01265	0.00970	0.01392	0.00801	0.00801	0.02657	0.01560	0.77817	0.02151	0.01856	0.01350	0.00675	0.00548	0.00169	0.00464	0.00548	0.00675	0.00928
83	0.01036	0.00981	0.01674	0.77652	0.03733	0.01215	0.03313	0.01402	0.01095	0.01402	0.00972	0.01454	0.00729	0.00543	0.00547	0.00182	0.00731	0.00488	0.00243	0.00609
84	0.02446	0.00928	0.01265	0.00970	0.01392	0.00801	0.00801	0.02657	0.01560	0.77817	0.02151	0.01856	0.01350	0.00675	0.00548	0.00169	0.00464	0.00548	0.00675	0.00928
85	0.02446	0.00928	0.01265	0.00970	0.01392	0.00801	0.00801	0.02657	0.01560	0.77817	0.02151	0.01856	0.01350	0.00675	0.00548	0.00169	0.00464	0.00548	0.00675	0.00928
86	0.00823	0.00595	0.00746	0.00813	0.00895	0.00585	0.00569	0.09040	0.01220	0.01624	0.02874	0.68603	0.05030	0.01580	0.00679	0.00215	0.00350	0.02748	0.00510	0.00498
87	0.84691	0.01054	0.00801	0.00717	0.01054	0.01223	0.00590	0.01603	0.00928	0.02446	0.00759	0.00886	0.00590	0.00506	0.00337	0.00169	0.00422	0.00295	0.00337	0.00590
88	0.01143	0.04384	0.72551	0.01569	0.04140	0.01273	0.01951	0.01748	0.01163	0.03738	0.01006	0.01169	0.00712	0.00520	0.00516	0.00171	0.00788	0.00406	0.00243	0.00808
89	0.01339	0.00974	0.01065	0.00897	0.01115	0.01042	0.00671	0.33760	0.01627	0.02163	0.01943	0.02675	0.09796	0.32240	0.06009	0.00350	0.00587	0.00687	0.00442	0.00617
90	0.01450	0.02820	0.04963	0.01001	0.04845	0.00799	0.00794	0.03424	0.05584	0.27382	0.28362	0.02986	0.07883	0.00898	0.00592	0.00174	0.00411	0.04353	0.00567	0.00713
91	0.04697	0.02487	0.61392	0.01673	0.05874	0.01269	0.10031	0.01739	0.01169	0.03263	0.01008	0.01198	0.00723	0.00513	0.00526	0.00173	0.00788	0.00432	0.00250	0.00794

[dist]
# distance from previous block
# <min> <max>
0	1

[block]
# block no. 4 follows, 44 sequences, length 14
# corresponding to MSA columns:
# 477-490
name=unknown_E
#
# <colnr> <probs for GDERKNQSTAVLIFYWHMCP>
#	G	D	E	R	K	N	Q	S	T	A	V	L	I	F	Y	W	H	M	C	P
0	0.02446	0.00928	0.01265	0.00970	0.01392	0.00801	0.00801	0.02657	0.01560	0.77817	0.02151	0.01856	0.01350	0.00675	0.00548	0.00169	0.00464	0.00548	0.00675	0.00928
1	0.00670	0.00544	0.00594	0.00601	0.00757	0.00468	0.00443	0.00824	0.01273	0.01592	0.18175	0.13982	0.55432	0.01372	0.00650	0.00186	0.00277	0.01168	0.00523	0.00468
2	0.01364	0.08143	0.49553	0.01441	0.02100	0.01280	0.06678	0.01917	0.04915	0.13812	0.01212	0.01309	0.00854	0.00556	0.00550	0.00171	0.02570	0.00446	0.00320	0.00810
3	0.01458	0.81168	0.02857	0.00933	0.01399	0.02157	0.00933	0.01632	0.01108	0.01283	0.00758	0.00875	0.00700	0.00466	0.00350	0.00117	0.00583	0.00292	0.00233	0.00700
4	0.00664	0.00474	0.00633	0.00759	0.00791	0.00443	0.00506	0.00759	0.01044	0.01392	0.03005	0.80485	0.03606	0.01708	0.00696	0.00221	0.00316	0.01550	0.00506	0.00443
5	0.01517	0.01251	0.01323	0.01142	0.01479	0.01431	0.00902	0.19206	0.59884	0.02540	0.02015	0.01871	0.01499	0.00721	0.00553	0.00180	0.00469	0.00588	0.00553	0.00877
6	0.01323	0.01292	0.02091	0.15918	0.62281	0.04271	0.01623	0.01646	0.01228	0.01699	0.01009	0.01352	0.00835	0.00499	0.00539	0.00164	0.00674	0.00480	0.00266	0.00812
7	0.02428	0.00957	0.01283	0.00984	0.01406	0.00845	0.00813	0.06253	0.01610	0.74152	0.02109	0.01829	0.01329	0.00674	0.00548	0.00168	0.00471	0.00545	0.00668	0.00928
8	0.00685	0.00490	0.00653	0.00759	0.00806	0.00458	0.00521	0.00805	0.01111	0.01495	0.11819	0.68671	0.03772	0.01630	0.00692	0.00217	0.00316	0.04131	0.00517	0.00453
9	0.01083	0.02423	0.61041	0.01552	0.02256	0.01201	0.10592	0.01656	0.01208	0.01777	0.08955	0.01494	0.01172	0.00573	0.00546	0.00174	0.00762	0.00492	0.00274	0.00767
10	0.00768	0.00523	0.00623	0.00646	0.00659	0.00524	0.00389	0.00800	0.00845	0.01134	0.01937	0.17705	0.02237	0.60499	0.08015	0.00497	0.00558	0.00918	0.00360	0.00363
11	0.01116	0.07698	0.73336	0.01515	0.02300	0.01322	0.01947	0.01721	0.01148	0.01699	0.00965	0.01134	0.00691	0.00515	0.00507	0.00169	0.00792	0.00396	0.00230	0.00799
12	0.01178	0.01015	0.01248	0.03312	0.01445	0.00812	0.03487	0.04952	0.01204	0.01843	0.00990	0.01162	0.00811	0.00422	0.00424	0.00092	0.00442	0.00348	0.00329	0.74482
13	0.01811	0.17700	0.01799	0.01364	0.05163	0.48495	0.01036	0.04388	0.10385	0.01522	0.01013	0.01114	0.00831	0.00564	0.00475	0.00143	0.00812	0.00382	0.00312	0.00693

[dist]
# distance from previous block
# <min> <max>
0	1

[block]
# block no. 5 follows, 44 sequences, length 12
# corresponding to MSA columns:
# 492-499,535-538
name=unknown_F
#
# <colnr> <probs for GDERKNQSTAVLIFYWHMCP>
#	G	D	E	R	K	N	Q	S	T	A	V	L	I	F	Y	W	H	M	C	P
0	0.01835	0.01056	0.01268	0.00960	0.01394	0.00962	0.00783	0.16772	0.03993	0.31780	0.01564	0.01507	0.01089	0.00578	0.00493	0.00136	0.00463	0.00460	0.03183	0.29727
1	0.01458	0.81168	0.02857	0.00933	0.01399	0.02157	0.00933	0.01632	0.01108	0.01283	0.00758	0.00875	0.00700	0.00466	0.00350	0.00117	0.00583	0.00292	0.00233	0.00700
2	0.00663	0.00546	0.00583	0.00589	0.00752	0.00466	0.00436	0.00812	0.01263	0.01558	0.14585	0.12073	0.61037	0.01377	0.00649	0.00186	0.00277	0.01166	0.00518	0.00466
3	0.00664	0.00474	0.00633	0.00759	0.00791	0.00443	0.00506	0.00759	0.01044	0.01392	0.03005	0.80485	0.03606	0.01708	0.00696	0.00221	0.00316	0.01550	0.00506	0.00443
