[name]
unknown

[dist]
# distance from previous block
# <min> <max>
0	23

[block]
# block no. 0 follows, 45 sequences, length 18
# corresponding to MSA columns:
# 27-44
name=unknown_A
#
# <colnr> <probs for GDERKNQSTAVLIFYWHMCP>
#	G	D	E	R	K	N	Q	S	T	A	V	L	I	F	Y	W	H	M	C	P
0	0.01688	0.05173	0.07128	0.10829	0.01837	0.04536	0.01070	0.34935	0.01799	0.10266	0.01290	0.01486	0.00969	0.00624	0.00539	0.00158	0.02104	0.03125	0.02131	0.08313
1	0.07203	0.01145	0.09810	0.41734	0.05623	0.01096	0.01278	0.01647	0.04387	0.13106	0.03713	0.01671	0.04129	0.00607	0.00527	0.00174	0.00616	0.00512	0.00344	0.00677
2	0.05081	0.06773	0.01035	0.00783	0.01073	0.00754	0.00613	0.01346	0.02714	0.12160	0.05392	0.23384	0.09957	0.00931	0.00526	0.00152	0.00377	0.00793	0.00444	0.25710
3	0.01363	0.01218	0.07229	0.01124	0.01608	0.00977	0.11133	0.12131	0.01388	0.08598	0.03897	0.01352	0.01007	0.00497	0.00479	0.00123	0.00524	0.00434	0.00376	0.44542
4	0.02723	0.40247	0.24343	0.01164	0.01662	0.04038	0.03347	0.04273	0.01154	0.01510	0.01004	0.06955	0.00911	0.00596	0.00497	0.00149	0.04023	0.00438	0.00265	0.00701
5	0.01363	0.65557	0.18079	0.01042	0.01569	0.01947	0.01134	0.01626	0.01099	0.01351	0.00790	0.00916	0.00687	0.00469	0.00378	0.00126	0.00618	0.00309	0.00229	0.00710
6	0.01448	0.01152	0.01249	0.01084	0.01393	0.01306	0.00855	0.13841	0.54824	0.05971	0.07505	0.02014	0.01743	0.00744	0.00577	0.00178	0.02130	0.00608	0.00547	0.00832
7	0.00742	0.00535	0.00701	0.00688	0.00798	0.00494	0.00505	0.00967	0.01435	0.02018	0.64696	0.17201	0.04805	0.01198	0.00642	0.00177	0.00263	0.01066	0.00575	0.00494
8	0.00806	0.00596	0.00799	0.00729	0.00794	0.00586	0.05998	0.00876	0.00901	0.01207	0.07378	0.03420	0.06445	0.60750	0.06162	0.00467	0.00562	0.00794	0.00349	0.00383
9	0.00779	0.00558	0.00776	0.00776	0.00847	0.00625	0.00568	0.00922	0.00850	0.01219	0.01517	0.02479	0.01506	0.24441	0.55848	0.00745	0.01151	0.00627	0.03329	0.00439
10	0.02066	0.01202	0.01437	0.06844	0.01676	0.01256	0.00950	0.36108	0.07005	0.33261	0.01658	0.01564	0.01115	0.00650	0.00539	0.00166	0.00535	0.00514	0.00567	0.00886
11	0.00657	0.00542	0.00577	0.00574	0.00740	0.00462	0.00428	0.00812	0.01268	0.01570	0.17941	0.07682	0.62239	0.01325	0.00636	0.00180	0.00270	0.01119	0.00515	0.00462
12	0.00783	0.00572	0.00782	0.00775	0.00833	0.00643	0.00557	0.00902	0.00831	0.01171	0.01511	0.02602	0.01550	0.32496	0.48578	0.00718	0.03321	0.00648	0.00300	0.00425
13	0.01254	0.01038	0.01189	0.00862	0.01332	0.00860	0.00694	0.12694	0.01327	0.01997	0.01005	0.01140	0.00813	0.00435	0.00419	0.00092	0.00427	0.00343	0.00351	0.71728
14	0.05303	0.56001	0.02224	0.00919	0.01291	0.06448	0.00844	0.04556	0.01169	0.01444	0.02975	0.12413	0.01211	0.00665	0.00416	0.00137	0.00546	0.00493	0.00297	0.00648
15	0.07622	0.04197	0.01157	0.00907	0.01205	0.03177	0.00707	0.23069	0.02559	0.06229	0.01631	0.13688	0.03449	0.12116	0.00823	0.00205	0.00482	0.00649	0.00433	0.15694
16	0.01487	0.01030	0.01172	0.00956	0.01278	0.01043	0.00761	0.30431	0.05533	0.10667	0.13121	0.10569	0.07672	0.00852	0.00558	0.00161	0.00440	0.00708	0.00525	0.11033
17	0.01044	0.00854	0.06525	0.00924	0.04093	0.00687	0.00710	0.04302	0.03271	0.08490	0.02286	0.33911	0.06897	0.03539	0.00635	0.00183	0.00400	0.00934	0.06696	0.13620

[dist]
# distance from previous block
# <min> <max>
2	22

[block]
# block no. 1 follows, 45 sequences, length 11
# corresponding to MSA columns:
# 67-77
name=unknown_B
#
# <colnr> <probs for GDERKNQSTAVLIFYWHMCP>
#	G	D	E	R	K	N	Q	S	T	A	V	L	I	F	Y	W	H	M	C	P
0	0.05808	0.03111	0.09009	0.01087	0.01496	0.04855	0.00955	0.27232	0.08922	0.18345	0.01795	0.04602	0.06430	0.00708	0.00527	0.00164	0.00537	0.00557	0.00494	0.03367
1	0.01482	0.07056	0.03185	0.01249	0.01607	0.01220	0.15455	0.20776	0.07846	0.11071	0.11265	0.09098	0.01768	0.02142	0.00629	0.00178	0.02089	0.00676	0.00466	0.00740
2	0.00677	0.00477	0.00616	0.00718	0.00744	0.00451	0.00467	0.00753	0.00983	0.01311	0.02730	0.66856	0.03262	0.16003	0.01054	0.00273	0.00349	0.01392	0.00467	0.00416
3	0.01159	0.01310	0.06377	0.13665	0.02535	0.01235	0.42888	0.01542	0.01154	0.01600	0.01050	0.01434	0.00826	0.00785	0.06978	0.00230	0.06402	0.00554	0.00267	0.08010
4	0.01698	0.05721	0.11521	0.06662	0.01809	0.01499	0.01122	0.48577	0.03895	0.02711	0.01212	0.01341	0.00905	0.03398	0.00592	0.00169	0.00607	0.00465	0.00440	0.05655
5	0.00652	0.00474	0.00616	0.00729	0.00774	0.00438	0.00490	0.00750	0.01046	0.01378	0.03188	0.73778	0.10409	0.01652	0.00680	0.00215	0.00308	0.01490	0.00498	0.00438
6	0.01141	0.01145	0.01824	0.13348	0.05893	0.01447	0.11769	0.01351	0.00955	0.01393	0.00942	0.05848	0.00893	0.00829	0.01292	0.00214	0.48289	0.00555	0.00257	0.00613
7	0.00900	0.12736	0.01064	0.00828	0.00979	0.00854	0.00624	0.01271	0.14438	0.01577	0.09020	0.48194	0.02917	0.01279	0.00605	0.00192	0.00366	0.01130	0.00475	0.00553
8	0.01374	0.07160	0.16982	0.07474	0.02369	0.01371	0.33482	0.07710	0.02874	0.07932	0.01131	0.01360	0.00833	0.00534	0.00626	0.00174	0.05023	0.00524	0.00314	0.00751
9	0.00692	0.00527	0.00566	0.00582	0.00728	0.00461	0.00427	0.00845	0.01208	0.01564	0.10932	0.16368	0.50780	0.01299	0.00611	0.00179	0.00274	0.01105	0.10392	0.00461
10	0.00760	0.00574	0.00731	0.00783	0.00841	0.00585	0.00548	0.03819	0.01086	0.01453	0.05450	0.56643	0.09228	0.07934	0.00917	0.00237	0.06187	0.01295	0.00470	0.00461

[dist]
# distance from previous block
# <min> <max>
0	1

[block]
# block no. 2 follows, 45 sequences, length 22
# corresponding to MSA columns:
# 79-100
name=unknown_C
#
# <colnr> <probs for GDERKNQSTAVLIFYWHMCP>
#	G	D	E	R	K	N	Q	S	T	A	V	L	I	F	Y	W	H	M	C	P
0	0.01644	0.08214	0.04597	0.05637	0.03542	0.11477	0.12968	0.23871	0.06842	0.06721	0.01221	0.01348	0.00916	0.00592	0.00578	0.00162	0.04299	0.00482	0.04122	0.00766
1	0.01120	0.00924	0.01096	0.00980	0.01110	0.03077	0.00755	0.06659	0.13022	0.04049	0.13118	0.07508	0.05846	0.15175	0.02814	0.00266	0.20752	0.00725	0.00420	0.00585
2	0.00890	0.00553	0.00698	0.00719	0.00846	0.00495	0.00517	0.01029	0.01202	0.11397	0.13238	0.43580	0.19997	0.01401	0.00648	0.00197	0.00314	0.01238	0.00532	0.00511
3	0.04304	0.01270	0.01500	0.01168	0.01567	0.01352	0.04257	0.44551	0.06339	0.20051	0.01514	0.01504	0.01065	0.00874	0.05949	0.00213	0.00618	0.00511	0.00532	0.00862
4	0.01143	0.00994	0.01237	0.03105	0.01424	0.00796	0.04232	0.02956	0.03185	0.01784	0.01000	0.01165	0.00819	0.00418	0.00420	0.00092	0.00435	0.00349	0.00324	0.74121
5	0.00905	0.00590	0.00748	0.00739	0.00811	0.00608	0.00507	0.03155	0.00965	0.06556	0.01989	0.19761	0.03665	0.36607	0.17877	0.00478	0.02331	0.00875	0.00386	0.00447
6	0.01101	0.00818	0.00926	0.00887	0.01087	0.00873	0.00665	0.01861	0.35155	0.07140	0.07160	0.26296	0.08053	0.01078	0.00592	0.00189	0.00363	0.00938	0.04155	0.00663
7	0.07506	0.03560	0.04996	0.10973	0.01883	0.01421	0.04341	0.39165	0.06842	0.10639	0.01345	0.02665	0.00979	0.00626	0.00524	0.00166	0.00587	0.00498	0.00465	0.00819
8	0.10420	0.19738	0.07059	0.01126	0.01555	0.09629	0.03172	0.22917	0.04306	0.07981	0.01102	0.01164	0.00834	0.00558	0.00477	0.00148	0.01703	0.00402	0.00383	0.05326
9	0.00836	0.00677	0.00996	0.00956	0.01035	0.00837	0.00757	0.01015	0.00856	0.01254	0.01313	0.01949	0.01233	0.03499	0.65830	0.00756	0.14866	0.00557	0.00279	0.00498
10	0.00644	0.00528	0.00568	0.00591	0.00739	0.00452	0.00431	0.00777	0.01197	0.01465	0.08164	0.20472	0.59287	0.01413	0.00645	0.00188	0.00279	0.01205	0.00503	0.00452
11	0.00894	0.00484	0.00692	0.00692	0.00700	0.00491	0.00458	0.00733	0.00726	0.00975	0.01100	0.01989	0.01138	0.15553	0.08080	0.63697	0.00550	0.00528	0.00253	0.00268
12	0.01251	0.01401	0.02908	0.02117	0.02567	0.01406	0.63100	0.01647	0.01191	0.01647	0.01021	0.01401	0.00796	0.00536	0.00826	0.00190	0.14424	0.00606	0.00265	0.00701
13	0.01147	0.01137	0.01638	0.14790	0.01800	0.01567	0.01228	0.01305	0.00865	0.01305	0.00747	0.01218	0.00707	0.00871	0.01553	0.00225	0.66601	0.00471	0.00236	0.00589
14	0.01270	0.15672	0.38112	0.01566	0.02175	0.01418	0.19945	0.01722	0.01166	0.06198	0.01012	0.01209	0.00755	0.00520	0.00582	0.00167	0.05045	0.00449	0.00265	0.00754
15	0.04933	0.00999	0.01235	0.00907	0.01367	0.00822	0.05169	0.01545	0.06354	0.05303	0.01091	0.01216	0.00869	0.00440	0.00426	0.00100	0.00433	0.00366	0.00347	0.66076
16	0.00773	0.00522	0.00583	0.00583	0.00593	0.00517	0.00330	0.00780	0.00805	0.01063	0.01893	0.03602	0.06032	0.76831	0.02619	0.00502	0.00507	0.00800	0.00335	0.00332
17	0.01737	0.06210	0.01431	0.01123	0.01453	0.14681	0.00900	0.18044	0.22740	0.14949	0.01739	0.03826	0.03973	0.00711	0.00579	0.00167	0.03923	0.00544	0.00483	0.00788
18	0.00653	0.00470	0.00619	0.00739	0.00776	0.00437	0.00494	0.00748	0.01036	0.01374	0.03066	0.77512	0.06754	0.01668	0.00683	0.00216	0.00310	0.01509	0.00498	0.00437
19	0.01680	0.01429	0.04995	0.06678	0.01798	0.03734	0.05522	0.44316	0.14141	0.02690	0.01449	0.04768	0.01126	0.02452	0.00596	0.00177	0.00598	0.00554	0.00474	0.00823
20	0.00787	0.00621	0.00742	0.00707	0.00889	0.00542	0.00519	0.01006	0.03946	0.01675	0.20520	0.27898	0.19828	0.01193	0.00602	0.00171	0.00310	0.01045	0.00487	0.16512
21	0.01624	0.01149	0.01260	0.00993	0.01368	0.02868	0.00798	0.30084	0.08996	0.11458	0.04218	0.03203	0.01258	0.02337	0.00546	0.00151	0.00479	0.00507	0.06257	0.20448

[dist]
# distance from previous block
# <min> <max>
2	30

[block]
# block no. 3 follows, 45 sequences, length 84
# corresponding to MSA columns:
# 137-220
name=unknown_D
#
# <colnr> <probs for GDERKNQSTAVLIFYWHMCP>
#	G	D	E	R	K	N	Q	S	T	A	V	L	I	F	Y	W	H	M	C	P
0	0.09235	0.01129	0.01274	0.03302	0.01417	0.06100	0.03348	0.05794	0.10427	0.08659	0.01252	0.03152	0.01027	0.04370	0.00729	0.00165	0.10173	0.00463	0.00378	0.27605
1	0.00738	0.00561	0.00690	0.00702	0.00832	0.00496	0.00505	0.00891	0.01175	0.01588	0.19099	0.35048	0.17014	0.05173	0.00734	0.00201	0.00319	0.04047	0.00490	0.09698
2	0.01157	0.00917	0.01088	0.00797	0.01238	0.00701	0.00632	0.01368	0.01112	0.05435	0.01054	0.02922	0.00888	0.00511	0.00495	0.04245	0.00402	0.00363	0.00335	0.74340
3	0.01176	0.01152	0.01597	0.01375	0.01388	0.01591	0.01140	0.03410	0.00880	0.01355	0.00822	0.04741	0.00838	0.00964	0.01678	0.00232	0.74297	0.00517	0.00255	0.00590
4	0.00662	0.00472	0.00626	0.00741	0.00775	0.00441	0.00495	0.00760	0.01044	0.01398	0.06267	0.75591	0.03582	0.03462	0.00729	0.00223	0.00314	0.01484	0.00498	0.00437
5	0.01319	0.01151	0.01548	0.01345	0.03203	0.01500	0.01084	0.11415	0.01097	0.05363	0.00939	0.01377	0.00854	0.04764	0.05010	0.00261	0.56336	0.00494	0.00304	0.00636
6	0.84927	0.01038	0.00789	0.00706	0.01038	0.01204	0.00581	0.01578	0.00914	0.02408	0.00747	0.00872	0.00581	0.00498	0.00332	0.00166	0.00415	0.00291	0.00332	0.00581
7	0.01426	0.01139	0.01743	0.11123	0.33965	0.01257	0.01303	0.05321	0.03207	0.12065	0.01173	0.01426	0.00920	0.00625	0.00774	0.00177	0.16639	0.00489	0.04466	0.00762
8	0.00801	0.00614	0.00746	0.00800	0.00898	0.00623	0.00562	0.01191	0.16150	0.01608	0.09384	0.54473	0.05411	0.03196	0.00697	0.00212	0.00332	0.01267	0.00512	0.00523
9	0.01075	0.01008	0.01698	0.63171	0.18154	0.01194	0.01498	0.01423	0.01104	0.01460	0.00982	0.01423	0.00756	0.00527	0.00532	0.00174	0.00691	0.00478	0.02010	0.00644
10	0.00773	0.00550	0.00734	0.00733	0.00787	0.00598	0.00512	0.00882	0.00854	0.01194	0.04782	0.02809	0.01769	0.37895	0.42052	0.00682	0.00983	0.00683	0.00317	0.00413
11	0.80621	0.03364	0.00858	0.00718	0.01056	0.01221	0.00596	0.01603	0.00933	0.04108	0.00779	0.00894	0.00602	0.00501	0.00337	0.00165	0.00421	0.00296	0.00337	0.00592
12	0.01423	0.77864	0.02761	0.00940	0.01379	0.02103	0.00930	0.01593	0.01079	0.01264	0.00744	0.00875	0.00690	0.00481	0.00408	0.00120	0.04136	0.00295	0.00230	0.00684
13	0.02022	0.02365	0.01525	0.01350	0.01651	0.66099	0.01027	0.12156	0.01657	0.03967	0.00932	0.01038	0.00741	0.00569	0.00493	0.00142	0.00901	0.00370	0.00324	0.00671
14	0.00666	0.00481	0.00627	0.00725	0.00774	0.00446	0.00490	0.00776	0.01081	0.01444	0.10386	0.67327	0.07725	0.03424	0.00724	0.00218	0.00308	0.01433	0.00503	0.00441
15	0.01262	0.20697	0.46751	0.01289	0.01935	0.05122	0.01516	0.01704	0.01157	0.04686	0.00953	0.01089	0.00720	0.00496	0.00461	0.00147	0.00700	0.00367	0.00256	0.08694
16	0.01435	0.81458	0.02813	0.00918	0.01378	0.02124	0.00918	0.01607	0.01091	0.01263	0.00746	0.00861	0.00689	0.00459	0.00344	0.00115	0.00574	0.00287	0.00230	0.00689
17	0.01077	0.02777	0.78354	0.01530	0.02323	0.01247	0.01983	0.01700	0.01133	0.01700	0.00963	0.01133	0.00680	0.00510	0.00510	0.00170	0.00793	0.00397	0.00227	0.00793
18	0.00932	0.00466	0.00699	0.00699	0.00699	0.00466	0.00466	0.00699	0.00699	0.00932	0.00932	0.01632	0.00932	0.01865	0.02098	0.84382	0.00466	0.00466	0.00233	0.00233
19	0.00754	0.00509	0.00593	0.00620	0.00627	0.00502	0.00362	0.00774	0.00833	0.01111	0.01961	0.19973	0.02292	0.64210	0.02296	0.00456	0.00476	0.00939	0.00362	0.00349
20	0.02977	0.00754	0.00926	0.00801	0.01054	0.00713	0.00629	0.01740	0.11716	0.25789	0.31909	0.03160	0.13731	0.00938	0.00586	0.00172	0.00346	0.00797	0.00589	0.00674
21	0.00869	0.00595	0.00767	0.00709	0.00858	0.00559	0.00537	0.01179	0.05041	0.05946	0.70223	0.03807	0.04718	0.01059	0.00624	0.00169	0.00271	0.00932	0.00592	0.00543
22	0.01061	0.00722	0.00835	0.00757	0.00863	0.00761	0.00518	0.14722	0.01137	0.03884	0.01594	0.02847	0.01652	0.52627	0.13332	0.00493	0.00665	0.00689	0.00369	0.00474
23	0.00660	0.00470	0.00621	0.00740	0.00770	0.00440	0.00490	0.00749	0.01016	0.01355	0.02899	0.77171	0.03476	0.05397	0.00781	0.00232	0.00321	0.01491	0.00490	0.00431
24	0.00654	0.00467	0.00623	0.00747	0.00779	0.00436	0.00498	0.00747	0.01028	0.01370	0.02959	0.80785	0.03550	0.01682	0.00685	0.00218	0.00311	0.01526	0.00498	0.00436
25	0.00802	0.00560	0.00684	0.00741	0.04426	0.00561	0.00420	0.00842	0.00850	0.01150	0.05391	0.05754	0.02071	0.67339	0.05872	0.00491	0.00548	0.00789	0.00339	0.00370
26	0.01260	0.01557	0.25291	0.12396	0.02114	0.01160	0.10981	0.01629	0.01163	0.12811	0.04979	0.06742	0.01206	0.00704	0.00753	0.00186	0.13455	0.00574	0.00335	0.00704
27	0.00868	0.00619	0.00681	0.00659	0.00851	0.00557	0.00495	0.01121	0.07417	0.08889	0.06260	0.14796	0.52262	0.01278	0.00625	0.00185	0.00307	0.01082	0.00521	0.00529
28	0.01899	0.01433	0.01531	0.01206	0.01611	0.01598	0.00986	0.61273	0.17479	0.03154	0.01469	0.01432	0.01059	0.00661	0.00539	0.00165	0.00557	0.00508	0.00539	0.00900
29	0.01232	0.01064	0.01544	0.32073	0.16461	0.04420	0.02880	0.04985	0.05540	0.06786	0.07008	0.05278	0.04762	0.00689	0.00589	0.00175	0.02883	0.00599	0.00354	0.00677
30	0.01614	0.01114	0.03252	0.15742	0.14580	0.03345	0.04123	0.04737	0.02979	0.27089	0.02939	0.03499	0.01145	0.00704	0.01832	0.00185	0.08031	0.00538	0.01789	0.00762
31	0.00764	0.00524	0.00587	0.00585	0.00611	0.00512	0.00343	0.00790	0.00863	0.01137	0.05642	0.03716	0.10334	0.68704	0.02406	0.00467	0.00481	0.00828	0.00357	0.00348
32	0.01163	0.01018	0.01165	0.04724	0.01415	0.03035	0.00702	0.03682	0.01167	0.01768	0.00961	0.01130	0.00792	0.00417	0.00411	0.00089	0.00436	0.00332	0.00320	0.75276
33	0.09198	0.23294	0.03157	0.01109	0.01503	0.10169	0.00960	0.29359	0.04010	0.07024	0.01089	0.01148	0.00833	0.00586	0.00518	0.00151	0.04323	0.00403	0.00395	0.00771
34	0.00765	0.00621	0.00699	0.00739	0.00835	0.04581	0.00524	0.00937	0.02338	0.01635	0.26493	0.42600	0.12453	0.01388	0.00650	0.00194	0.00325	0.01231	0.00516	0.00476
35	0.01980	0.01364	0.01506	0.01171	0.01574	0.01486	0.00963	0.60415	0.04610	0.11944	0.02855	0.01461	0.01081	0.00809	0.04052	0.00194	0.00602	0.00507	0.00542	0.00884
36	0.00931	0.00602	0.00670	0.00623	0.00836	0.00510	0.00478	0.01084	0.01287	0.13962	0.09025	0.06296	0.59260	0.01239	0.00620	0.00179	0.00302	0.01036	0.00531	0.00531
37	0.01065	0.01009	0.01655	0.64548	0.03322	0.01236	0.05318	0.01528	0.08350	0.01470	0.01068	0.01475	0.00809	0.00569	0.00600	0.00182	0.04401	0.00497	0.00270	0.00627
38	0.01115	0.00623	0.00827	0.00741	0.00925	0.00564	0.00568	0.01347	0.01491	0.18778	0.56134	0.08505	0.04147	0.01040	0.00616	0.00171	0.00302	0.00912	0.00601	0.00591
39	0.01009	0.00623	0.00911	0.08391	0.01098	0.00694	0.00654	0.04498	0.00839	0.01132	0.00948	0.01573	0.00904	0.01666	0.04051	0.63129	0.06822	0.00471	0.00250	0.00336
40	0.01435	0.81458	0.02813	0.00918	0.01378	0.02124	0.00918	0.01607	0.01091	0.01263	0.00746	0.00861	0.00689	0.00459	0.00344	0.00115	0.00574	0.00287	0.00230	0.00689
41	0.01891	0.01579	0.01517	0.01227	0.01609	0.12390	0.00988	0.50724	0.17582	0.02861	0.01408	0.01390	0.01030	0.00649	0.00531	0.00162	0.00609	0.00489	0.00503	0.00859
42	0.01435	0.81458	0.02813	0.00918	0.01378	0.02124	0.00918	0.01607	0.01091	0.01263	0.00746	0.00861	0.00689	0.00459	0.00344	0.00115	0.00574	0.00287	0.00230	0.00689
43	0.84927	0.01038	0.00789	0.00706	0.01038	0.01204	0.00581	0.01578	0.00914	0.02408	0.00747	0.00872	0.00581	0.00498	0.00332	0.00166	0.00415	0.00291	0.00332	0.00581
44	0.01127	0.13742	0.67826	0.01445	0.02191	0.01369	0.01835	0.01687	0.01127	0.01639	0.00933	0.01095	0.00681	0.00503	0.00487	0.00162	0.00763	0.00381	0.00227	0.00779
45	0.00781	0.00520	0.00585	0.00585	0.00585	0.00520	0.00325	0.00781	0.00781	0.01041	0.01691	0.03513	0.01952	0.81135	0.02732	0.00520	0.00520	0.00781	0.00325	0.00325
46	0.00653	0.00471	0.00619	0.00737	0.00776	0.00437	0.00494	0.00749	0.01037	0.01374	0.03080	0.77089	0.07168	0.01666	0.00683	0.00216	0.00309	0.01507	0.00498	0.00437
47	0.00654	0.00467	0.00623	0.00747	0.00779	0.00436	0.00498	0.00747	0.01028	0.01370	0.02959	0.80785	0.03550	0.01682	0.00685	0.00218	0.00311	0.01526	0.00498	0.00436
48	0.00634	0.00544	0.00544	0.00544	0.00725	0.00453	0.00408	0.00770	0.01224	0.01450	0.05438	0.05166	0.77569	0.01359	0.00634	0.00181	0.00272	0.01133	0.00498	0.00453
49	0.01077	0.02777	0.78354	0.01530	0.02323	0.01247	0.01983	0.01700	0.01133	0.01700	0.00963	0.01133	0.00680	0.00510	0.00510	0.00170	0.00793	0.00397	0.00227	0.00793
50	0.02209	0.01032	0.01295	0.01015	0.01417	0.00991	0.00831	0.13376	0.11922	0.56900	0.02006	0.01772	0.01310	0.00670	0.00540	0.00168	0.00472	0.00541	0.00630	0.00905
51	0.02408	0.00914	0.01246	0.00955	0.01370	0.00789	0.00789	0.02616	0.01536	0.78158	0.02118	0.01827	0.01329	0.00664	0.00540	0.00166	0.00457	0.00540	0.00664	0.00914
52	0.00776	0.00537	0.00668	0.00666	0.00697	0.00562	0.00428	0.00838	0.00827	0.01133	0.03962	0.03133	0.01876	0.56940	0.24155	0.00606	0.00771	0.00729	0.00323	0.00374
53	0.01493	0.01075	0.01457	0.01209	0.01378	0.01303	0.02836	0.10468	0.01238	0.17847	0.04954	0.01555	0.01140	0.00965	0.04668	0.00230	0.40494	0.00521	0.04482	0.00685
54	0.00651	0.00479	0.00610	0.00715	0.00770	0.00439	0.00484	0.00751	0.01058	0.01383	0.03348	0.68899	0.15185	0.01631	0.00677	0.00212	0.00305	0.01464	0.00498	0.00439
55	0.01113	0.00954	0.01113	0.00795	0.01272	0.00716	0.00636	0.01352	0.01113	0.01749	0.00954	0.01113	0.00795	0.00398	0.00398	0.00080	0.00398	0.00318	0.00318	0.84417
56	0.01067	0.01008	0.01706	0.66979	0.16149	0.01207	0.01517	0.01418	0.01098	0.01436	0.00963	0.01414	0.00738	0.00527	0.00536	0.00176	0.00702	0.00477	0.00243	0.00639
57	0.01001	0.00487	0.00725	0.00711	0.00731	0.00481	0.00481	0.00789	0.00738	0.04544	0.00988	0.01641	0.00951	0.01809	0.02025	0.80444	0.00466	0.00470	0.00253	0.00265
58	0.00667	0.00495	0.00623	0.00697	0.00772	0.00451	0.00482	0.00795	0.01144	0.01512	0.15472	0.54006	0.17868	0.01526	0.00667	0.00203	0.00295	0.01362	0.00513	0.00451
59	0.01719	0.14227	0.06125	0.01678	0.15838	0.46513	0.01189	0.01923	0.01360	0.01409	0.00855	0.01034	0.00720	0.00533	0.00507	0.00143	0.02912	0.00368	0.00264	0.00683
60	0.01135	0.00967	0.01125	0.00805	0.01281	0.00738	0.00645	0.03087	0.01146	0.01787	0.00962	0.01117	0.00798	0.00403	0.00401	0.00081	0.00402	0.00322	0.00323	0.82476
61	0.01280	0.39310	0.37649	0.01272	0.01883	0.04061	0.04597	0.01671	0.01131	0.01486	0.00863	0.01015	0.00690	0.00485	0.00437	0.00144	0.00701	0.00354	0.00231	0.00737
62	0.01715	0.01807	0.01397	0.01236	0.01544	0.35047	0.00953	0.11788	0.34778	0.01985	0.01484	0.01464	0.01136	0.00642	0.00518	0.00160	0.00681	0.00478	0.00428	0.00759
63	0.02043	0.01295	0.01457	0.01128	0.01536	0.01373	0.00928	0.51854	0.03871	0.22010	0.03811	0.01619	0.03161	0.00683	0.00543	0.00164	0.00535	0.00531	0.00570	0.00888
64	0.01165	0.02900	0.07907	0.03350	0.01513	0.01040	0.07862	0.04220	0.09239	0.06078	0.05057	0.15918	0.01626	0.00836	0.00723	0.00173	0.11848	0.01849	0.00390	0.16305
65	0.01970	0.02499	0.01526	0.01384	0.01649	0.75687	0.01043	0.02107	0.01491	0.01313	0.00824	0.00977	0.00692	0.00570	0.00538	0.00142	0.04340	0.00351	0.00275	0.00621
66	0.01014	0.00954	0.01610	0.79845	0.03697	0.01193	0.01491	0.01371	0.01073	0.01371	0.00954	0.01431	0.00716	0.00537	0.00537	0.00179	0.00716	0.00477	0.00239	0.00596
67	0.00816	0.00574	0.00736	0.00695	0.00831	0.00533	0.00521	0.02807	0.01492	0.03937	0.64742	0.09986	0.08022	0.01134	0.00633	0.00173	0.00272	0.01000	0.00580	0.00518
68	0.00784	0.00519	0.00588	0.00588	0.00588	0.00519	0.00329	0.00779	0.00779	0.01038	0.01672	0.03466	0.01926	0.79164	0.02716	0.02605	0.00519	0.00773	0.00323	0.00323
69	0.00644	0.00532	0.00565	0.00583	0.00737	0.00453	0.00427	0.00778	0.01206	0.01471	0.08504	0.17435	0.62013	0.01399	0.00643	0.00187	0.00277	0.01189	0.00503	0.00453
70	0.01028	0.00920	0.01471	0.65596	0.03185	0.01123	0.01312	0.04632	0.01099	0.01417	0.01069	0.01707	0.00892	0.11453	0.00834	0.00224	0.00684	0.00518	0.00264	0.00574
71	0.26429	0.01290	0.05302	0.25259	0.02231	0.07849	0.10216	0.05216	0.01160	0.03578	0.00976	0.03028	0.00772	0.00567	0.00537	0.00174	0.04025	0.00451	0.00303	0.00638
72	0.82922	0.01049	0.00809	0.00719	0.01053	0.01215	0.00592	0.03378	0.00952	0.02432	0.00761	0.00882	0.00589	0.00502	0.00337	0.00166	0.00419	0.00295	0.00337	0.00589
73	0.03865	0.18205	0.20478	0.01363	0.08439	0.08427	0.03493	0.06057	0.01181	0.01576	0.01121	0.03657	0.02595	0.05535	0.02721	0.04351	0.05519	0.00470	0.00281	0.00666
74	0.00667	0.00485	0.00626	0.00716	0.00772	0.00448	0.00487	0.00781	0.01097	0.01460	0.11784	0.62983	0.10578	0.03516	0.00724	0.00216	0.00306	0.01407	0.00505	0.00443
75	0.01157	0.01116	0.01552	0.03064	0.01397	0.01543	0.01118	0.01290	0.00852	0.01350	0.00794	0.01246	0.00758	0.00906	0.01624	0.00225	0.72030	0.00472	0.06926	0.00580
76	0.00642	0.00537	0.00560	0.00570	0.00734	0.00454	0.00421	0.00780	0.01219	0.01477	0.08722	0.12375	0.66913	0.01378	0.00639	0.00184	0.00275	0.01163	0.00503	0.00454
77	0.00701	0.00529	0.00648	0.00656	0.00776	0.00476	0.00478	0.00886	0.01326	0.01782	0.40777	0.21908	0.24492	0.01303	0.00645	0.00183	0.00272	0.01142	0.00544	0.00476
78	0.05205	0.00958	0.01122	0.04689	0.01380	0.00763	0.00676	0.01364	0.01101	0.01763	0.00944	0.01117	0.00781	0.00409	0.00401	0.00089	0.00414	0.00325	0.00315	0.76185
79	0.01189	0.01159	0.01634	0.22597	0.24491	0.07907	0.04937	0.01471	0.01175	0.01581	0.01240	0.07256	0.02855	0.00598	0.00520	0.00153	0.00616	0.00538	0.02154	0.15929
80	0.05630	0.09558	0.06758	0.09344	0.03416	0.01424	0.01042	0.31722	0.06262	0.02360	0.03476	0.02732	0.02380	0.00691	0.01664	0.00170	0.04059	0.00491	0.02312	0.04508
81	0.01057	0.00915	0.03090	0.22376	0.07874	0.00938	0.00993	0.05839	0.06791	0.03514	0.06412	0.20990	0.03586	0.00904	0.00600	0.00178	0.02276	0.02603	0.00395	0.08670
82	0.08928	0.00678	0.00715	0.00723	0.00820	0.02899	0.00492	0.05966	0.01073	0.01515	0.03959	0.31890	0.07941	0.28460	0.01327	0.00306	0.00426	0.01008	0.00422	0.00453
83	0.01281	0.01081	0.05014	0.02460	0.01435	0.00837	0.02414	0.04398	0.04751	0.09076	0.01138	0.01244	0.00883	0.00457	0.00437	0.00104	0.00449	0.00373	0.00363	0.61806

[dist]
# distance from previous block
# <min> <max>
0	11

[block]
# block no. 4 follows, 45 sequences, length 10
# corresponding to MSA columns:
# 232-241
name=unknown_E
#
# <colnr> <probs for GDERKNQSTAVLIFYWHMCP>
#	G	D	E	R	K	N	Q	S	T	A	V	L	I	F	Y	W	H	M	C	P
0	0.01517	0.13769	0.01522	0.01111	0.01396	0.26352	0.02404	0.06625	0.20855	0.01683	0.01463	0.01677	0.03565	0.08718	0.00737	0.00190	0.02172	0.00495	0.03078	0.00672
1	0.01187	0.00888	0.01065	0.00799	0.01215	0.00689	0.00633	0.01413	0.01179	0.09428	0.06740	0.06763	0.01343	0.00561	0.00448	0.00104	0.00387	0.00469	0.00385	0.64304
2	0.15987	0.01399	0.05543	0.01360	0.10970	0.04930	0.01013	0.29486	0.12679	0.04256	0.01398	0.01437	0.03457	0.00616	0.00498	0.00163	0.00551	0.00474	0.00436	0.03348
3	0.00662	0.00489	0.00619	0.00705	0.00772	0.00446	0.00484	0.00779	0.01113	0.01467	0.11278	0.59819	0.16270	0.01565	0.00671	0.00207	0.00299	0.01400	0.00508	0.00446
4	0.09542	0.07693	0.13836	0.05195	0.01402	0.02490	0.00921	0.01505	0.07436	0.08089	0.08258	0.11945	0.08222	0.05326	0.01908	0.00206	0.04313	0.00691	0.00397	0.00626
5	0.01442	0.20580	0.38089	0.01242	0.01824	0.06762	0.01393	0.01868	0.03151	0.14307	0.03718	0.01293	0.00963	0.00552	0.00480	0.00155	0.00671	0.00416	0.00324	0.00769
6	0.02153	0.01186	0.01486	0.01302	0.09164	0.01189	0.00968	0.31905	0.01900	0.40539	0.01674	0.01561	0.01114	0.00638	0.00538	0.00163	0.00529	0.00511	0.00573	0.00907
7	0.00668	0.00484	0.00631	0.00722	0.00778	0.00447	0.00493	0.00787	0.01112	0.01488	0.13836	0.64300	0.09118	0.01575	0.00674	0.00208	0.00300	0.01418	0.00512	0.00447
8	0.09812	0.03636	0.04014	0.23137	0.07704	0.07818	0.01066	0.06989	0.01307	0.12300	0.05244	0.01469	0.01069	0.00571	0.00491	0.00155	0.00583	0.00459	0.03072	0.09104
9	0.01107	0.00612	0.00777	0.00749	0.00866	0.00581	0.00519	0.03040	0.01099	0.17400	0.05049	0.29973	0.02446	0.28795	0.04229	0.00331	0.00460	0.00982	0.00470	0.00514

[dist]
# distance from previous block
# <min> <max>
4	11

[block]
# block no. 5 follows, 45 sequences, length 78
# corresponding to MSA columns:
# 253-330
name=unknown_F
#
# <colnr> <probs for GDERKNQSTAVLIFYWHMCP>
#	G	D	E	R	K	N	Q	S	T	A	V	L	I	F	Y	W	H	M	C	P
0	0.05551	0.03772	0.06122	0.01209	0.04875	0.08848	0.07848	0.14046	0.03957	0.02016	0.16974	0.05235	0.11240	0.00825	0.00627	0.00171	0.04922	0.00682	0.00423	0.00656
1	0.01349	0.22044	0.25644	0.01375	0.04450	0.01414	0.10942	0.07706	0.01301	0.07740	0.05137	0.03518	0.02573	0.00597	0.00523	0.00159	0.01959	0.00496	0.00326	0.00745
2	0.01670	0.01239	0.01334	0.01108	0.01459	0.01382	0.00887	0.31344	0.38488	0.08096	0.01807	0.01711	0.01319	0.00686	0.00533	0.00170	0.00483	0.00548	0.04874	0.00861
3	0.03253	0.00944	0.01559	0.57265	0.11498	0.01111	0.02739	0.01356	0.01128	0.01519	0.07952	0.04979	0.01241	0.00626	0.00547	0.00177	0.00644	0.00564	0.00287	0.00612
4	0.02279	0.00885	0.01204	0.00933	0.01326	0.00767	0.00767	0.02490	0.01535	0.72200	0.08027	0.01998	0.01622	0.00698	0.00547	0.00166	0.00441	0.00574	0.00659	0.00882
5	0.03199	0.07308	0.01512	0.01053	0.01494	0.01354	0.00875	0.41588	0.03117	0.06732	0.01197	0.01237	0.00889	0.00556	0.00477	0.00134	0.00519	0.00421	0.00452	0.25886
6	0.01345	0.43752	0.26947	0.01218	0.01767	0.08217	0.05137	0.01676	0.01158	0.01450	0.02426	0.01053	0.00783	0.00496	0.00430	0.00139	0.00688	0.00359	0.00242	0.00715
7	0.12978	0.07538	0.04133	0.01223	0.07992	0.05278	0.00947	0.21112	0.02810	0.21408	0.01319	0.01336	0.00945	0.00656	0.02326	0.00170	0.00567	0.00439	0.00450	0.06372
8	0.00746	0.00550	0.00698	0.00666	0.00800	0.00502	0.00503	0.00983	0.01472	0.02043	0.65777	0.04221	0.14758	0.01143	0.00636	0.00173	0.00262	0.02991	0.00576	0.00499
9	0.01238	0.01478	0.06949	0.02165	0.02702	0.01317	0.68533	0.01690	0.01259	0.01713	0.01161	0.01646	0.00913	0.00503	0.00632	0.00184	0.00880	0.04039	0.00280	0.00717
10	0.02953	0.04933	0.07998	0.12262	0.04790	0.03720	0.02782	0.13735	0.06097	0.16759	0.03353	0.13989	0.02728	0.00786	0.00550	0.00174	0.00551	0.00664	0.00444	0.00730
11	0.01918	0.00952	0.01379	0.01070	0.01440	0.00884	0.09256	0.05452	0.05001	0.48280	0.08438	0.02060	0.04071	0.00705	0.00577	0.00168	0.02027	0.00604	0.04905	0.00812
12	0.00664	0.00518	0.00603	0.00639	0.00758	0.00457	0.00458	0.00807	0.01210	0.01553	0.17931	0.31193	0.38448	0.01423	0.00652	0.00192	0.00282	0.01239	0.00516	0.00457
13	0.05963	0.01427	0.11293	0.10921	0.29093	0.05255	0.12150	0.03095	0.01238	0.05643	0.01209	0.03352	0.01016	0.00594	0.00548	0.00173	0.00682	0.05298	0.00309	0.00742
14	0.01581	0.01714	0.01672	0.23303	0.16023	0.32918	0.01273	0.07129	0.01384	0.02924	0.00947	0.01209	0.00755	0.00562	0.00571	0.00160	0.04483	0.00425	0.00288	0.00681
15	0.01069	0.01007	0.01719	0.63656	0.14632	0.01192	0.04045	0.01421	0.01104	0.01457	0.00988	0.01432	0.00757	0.00527	0.00535	0.00175	0.00698	0.00483	0.02467	0.00636
16	0.00652	0.00536	0.00576	0.00599	0.00753	0.00460	0.00446	0.00790	0.01203	0.01466	0.07103	0.16620	0.60728	0.01406	0.00647	0.00190	0.00288	0.04582	0.00501	0.00454
17	0.04037	0.01475	0.11423	0.10152	0.13670	0.05251	0.01231	0.24521	0.01663	0.17819	0.01327	0.01462	0.00957	0.00601	0.00529	0.00166	0.00623	0.01845	0.00429	0.00821
18	0.38547	0.25864	0.15937	0.02408	0.01510	0.01499	0.04458	0.01612	0.01028	0.01878	0.00807	0.00954	0.00646	0.00487	0.00387	0.00152	0.00562	0.00329	0.00277	0.00660
19	0.00762	0.00561	0.00810	0.00825	0.00905	0.00632	0.00622	0.00925	0.00879	0.01244	0.01642	0.09053	0.01657	0.12757	0.60936	0.00748	0.01205	0.03064	0.00316	0.00458
20	0.01095	0.00933	0.01093	0.00789	0.01248	0.00705	0.00629	0.01334	0.01134	0.01770	0.04914	0.01263	0.01016	0.00434	0.00410	0.00084	0.00390	0.00352	0.00332	0.80076
21	0.07809	0.10636	0.55087	0.01450	0.04661	0.06949	0.01671	0.01705	0.01138	0.01678	0.00912	0.01080	0.00680	0.00513	0.00498	0.00162	0.02002	0.00377	0.00240	0.00752
22	0.01154	0.01099	0.01885	0.49655	0.25328	0.01242	0.06655	0.03715	0.01174	0.01568	0.00990	0.01398	0.00768	0.00517	0.00542	0.00173	0.00702	0.00488	0.00258	0.00689
23	0.02267	0.00908	0.01216	0.00942	0.01337	0.00800	0.00774	0.05282	0.01566	0.69570	0.06064	0.01998	0.03306	0.00702	0.00547	0.00166	0.00447	0.00574	0.00652	0.00882
24	0.04503	0.05320	0.10408	0.23473	0.09120	0.03148	0.01162	0.05072	0.02402	0.06805	0.01422	0.08089	0.03262	0.00879	0.02201	0.07699	0.00615	0.03457	0.00331	0.00633
25	0.01153	0.01313	0.17510	0.26086	0.17749	0.01058	0.01385	0.01511	0.01171	0.08085	0.06403	0.07342	0.01319	0.00831	0.04606	0.00210	0.00671	0.00580	0.00323	0.00692
26	0.01989	0.02497	0.01526	0.01379	0.01654	0.75014	0.01040	0.04340	0.01536	0.01375	0.00841	0.00982	0.00698	0.00564	0.00513	0.00141	0.02643	0.00352	0.00283	0.00630
27	0.00892	0.00657	0.00860	0.00920	0.01056	0.00665	0.00761	0.03185	0.07706	0.01778	0.16141	0.13958	0.03317	0.01351	0.00693	0.00222	0.00426	0.44364	0.00518	0.00531
28	0.01168	0.01168	0.01661	0.01416	0.01430	0.01617	0.02789	0.01294	0.00833	0.01300	0.00729	0.01200	0.00721	0.00995	0.03382	0.00247	0.76751	0.00476	0.00237	0.00588
29	0.01243	0.01151	0.01648	0.36790	0.16358	0.03771	0.03446	0.06430	0.18611	0.01789	0.02639	0.01567	0.01044	0.00585	0.00541	0.00174	0.00632	0.00517	0.00341	0.00723
30	0.01217	0.00650	0.00864	0.00753	0.00960	0.00585	0.00585	0.01457	0.01524	0.23229	0.56599	0.03404	0.04029	0.00977	0.00607	0.00168	0.00310	0.00851	0.00611	0.00619
31	0.01031	0.00985	0.01633	0.73274	0.03538	0.02471	0.04011	0.01385	0.01102	0.01408	0.03463	0.01508	0.00861	0.00552	0.00542	0.00178	0.00711	0.00496	0.00252	0.00598
32	0.00798	0.00540	0.00677	0.00643	0.00770	0.00504	0.00482	0.01049	0.01446	0.02113	0.63150	0.03691	0.05903	0.01022	0.00589	0.00162	0.00253	0.00894	0.14808	0.00504
33	0.01013	0.00951	0.01474	0.61050	0.05974	0.02678	0.01318	0.01390	0.04821	0.01434	0.01477	0.05814	0.07084	0.00669	0.00551	0.00180	0.00647	0.00587	0.00290	0.00599
34	0.00793	0.00556	0.00726	0.00679	0.00813	0.00512	0.00511	0.01043	0.01514	0.03758	0.74553	0.03985	0.06338	0.01093	0.00631	0.00169	0.00258	0.00965	0.00591	0.00514
35	0.01113	0.00954	0.01113	0.00795	0.01272	0.00716	0.00636	0.01352	0.01113	0.01749	0.00954	0.01113	0.00795	0.00398	0.00398	0.00080	0.00398	0.00318	0.00318	0.84417
36	0.00975	0.00582	0.00757	0.00727	0.00877	0.00525	0.00539	0.01164	0.01354	0.13727	0.37642	0.25788	0.10810	0.01222	0.00634	0.00184	0.00303	0.01078	0.00567	0.00545
37	0.01726	0.01300	0.01454	0.01159	0.04016	0.01332	0.00913	0.48927	0.02022	0.04427	0.01250	0.03450	0.00960	0.00599	0.00502	0.00140	0.00527	0.00467	0.00468	0.24360
38	0.00790	0.00556	0.00724	0.00677	0.00812	0.00511	0.00510	0.01039	0.01512	0.03703	0.73954	0.03997	0.06992	0.01096	0.00631	0.00169	0.00258	0.00966	0.00590	0.00513
39	0.02408	0.00914	0.01246	0.00955	0.01370	0.00789	0.00789	0.02616	0.01536	0.78158	0.02118	0.01827	0.01329	0.00664	0.00540	0.00166	0.00457	0.00540	0.00664	0.00914
40	0.01286	0.01324	0.02557	0.07409	0.21312	0.01325	0.41420	0.05464	0.01271	0.01749	0.01078	0.01487	0.00862	0.00551	0.00693	0.01930	0.05270	0.01993	0.00283	0.00734
41	0.00750	0.00548	0.00705	0.00666	0.00796	0.00503	0.00499	0.00995	0.01498	0.02101	0.72162	0.04095	0.10439	0.01117	0.00633	0.00170	0.00255	0.00983	0.00584	0.00503
42	0.00657	0.00470	0.00621	0.00740	0.00772	0.00439	0.00492	0.00749	0.01024	0.01363	0.02965	0.77429	0.04727	0.03846	0.00740	0.00226	0.00316	0.01499	0.00494	0.00433
43	0.01266	0.01191	0.01992	0.25367	0.53341	0.01267	0.01577	0.04502	0.01231	0.01707	0.01005	0.01357	0.00814	0.00502	0.00533	0.00165	0.00658	0.00478	0.00269	0.00779
44	0.01185	0.01475	0.13563	0.01433	0.01597	0.05523	0.04214	0.01399	0.00926	0.01371	0.00803	0.01215	0.00736	0.00988	0.05332	0.00249	0.56665	0.00464	0.00240	0.00621
45	0.01139	0.02610	0.71876	0.01473	0.02226	0.01200	0.01875	0.01729	0.01167	0.05828	0.03321	0.01257	0.00846	0.00536	0.00515	0.00170	0.00759	0.00422	0.00261	0.00791
46	0.03096	0.00960	0.01107	0.00798	0.01269	0.00738	0.00639	0.01384	0.02462	0.01774	0.00971	0.01123	0.00805	0.00406	0.00399	0.00083	0.00398	0.00323	0.00322	0.80943
47	0.01092	0.00730	0.01013	0.04156	0.01142	0.00739	0.10726	0.07289	0.01246	0.01984	0.03895	0.04325	0.01439	0.04770	0.00568	0.00162	0.00402	0.00575	0.53187	0.00557
48	0.00665	0.00475	0.00635	0.00760	0.00796	0.00445	0.00517	0.00766	0.01038	0.01382	0.02953	0.76954	0.03527	0.01672	0.00688	0.00219	0.00321	0.05250	0.00498	0.00439
49	0.00648	0.00544	0.00563	0.00558	0.00734	0.00459	0.00419	0.00797	0.01256	0.01528	0.13428	0.05038	0.69530	0.01330	0.00634	0.00180	0.00270	0.01115	0.00509	0.00459
50	0.02112	0.01389	0.01540	0.01181	0.01607	0.01494	0.00975	0.61726	0.02332	0.17925	0.01450	0.01393	0.00994	0.00648	0.00538	0.00162	0.00565	0.00494	0.00562	0.00913
51	0.00701	0.00531	0.00736	0.09982	0.01113	0.00529	0.00606	0.00829	0.01049	0.01386	0.04782	0.63894	0.06656	0.03636	0.00719	0.00218	0.00361	0.01350	0.00466	0.00454
52	0.04348	0.00916	0.01235	0.00949	0.01362	0.00799	0.00784	0.02592	0.01522	0.76378	0.02086	0.01805	0.01311	0.00660	0.00535	0.00166	0.00456	0.00534	0.00657	0.00906
53	0.00760	0.00549	0.00718	0.00675	0.00802	0.00506	0.00506	0.01013	0.01519	0.02153	0.77503	0.04010	0.05065	0.01097	0.00633	0.00169	0.00253	0.00971	0.00591	0.00506
54	0.03983	0.06750	0.71810	0.01470	0.02231	0.01290	0.01880	0.01691	0.01124	0.01702	0.00945	0.01110	0.00677	0.00507	0.00495	0.00167	0.00769	0.00387	0.00230	0.00781
55	0.70862	0.01044	0.00884	0.00761	0.01108	0.01174	0.00627	0.05165	0.01065	0.11828	0.00942	0.01010	0.00689	0.00526	0.00367	0.00166	0.00429	0.00330	0.00383	0.00638
56	0.00781	0.00520	0.00585	0.00585	0.00585	0.00520	0.00325	0.00781	0.00781	0.01041	0.01691	0.03513	0.01952	0.81135	0.02732	0.00520	0.00520	0.00781	0.00325	0.00325
57	0.00767	0.00575	0.00863	0.00863	0.00959	0.00671	0.00671	0.00959	0.00863	0.01246	0.01438	0.02109	0.01342	0.04026	0.79008	0.00863	0.01438	0.00575	0.00288	0.00479
58	0.01436	0.70608	0.02630	0.04993	0.01510	0.05618	0.00951	0.01668	0.03992	0.01308	0.00816	0.00939	0.00726	0.00478	0.00368	0.00122	0.00594	0.00312	0.00244	0.00687
59	0.01014	0.00954	0.01610	0.79845	0.03697	0.01193	0.01491	0.01371	0.01073	0.01371	0.00954	0.01431	0.00716	0.00537	0.00537	0.00179	0.00716	0.00477	0.00239	0.00596
60	0.01435	0.81458	0.02813	0.00918	0.01378	0.02124	0.00918	0.01607	0.01091	0.01263	0.00746	0.00861	0.00689	0.00459	0.00344	0.00115	0.00574	0.00287	0.00230	0.00689
61	0.00701	0.00576	0.00649	0.00646	0.00805	0.00525	0.00502	0.00868	0.01261	0.01582	0.17503	0.04906	0.54323	0.01311	0.00688	0.00188	0.03332	0.08660	0.00504	0.00472
62	0.01435	0.81458	0.02813	0.00918	0.01378	0.02124	0.00918	0.01607	0.01091	0.01263	0.00746	0.00861	0.00689	0.00459	0.00344	0.00115	0.00574	0.00287	0.00230	0.00689
63	0.03331	0.01251	0.01366	0.01120	0.01490	0.01378	0.00902	0.31315	0.34988	0.14233	0.01798	0.01677	0.01289	0.00682	0.00538	0.00171	0.00494	0.00543	0.00557	0.00879
64	0.00865	0.00618	0.00865	0.00989	0.01112	0.00618	0.00865	0.01112	0.01236	0.01606	0.02842	0.06055	0.03089	0.01483	0.00741	0.00247	0.00494	0.74174	0.00494	0.00494
65	0.01370	0.01262	0.02143	0.03206	0.74879	0.01257	0.01615	0.01684	0.01234	0.04661	0.01052	0.01348	0.00868	0.00485	0.00532	0.00160	0.00631	0.00481	0.00281	0.00853
66	0.01146	0.00835	0.01151	0.01023	0.01107	0.01021	0.00805	0.01272	0.00922	0.11665	0.01307	0.02009	0.01227	0.18310	0.23641	0.00462	0.30651	0.00573	0.00327	0.00547
67	0.02408	0.00914	0.01246	0.00955	0.01370	0.00789	0.00789	0.02616	0.01536	0.78158	0.02118	0.01827	0.01329	0.00664	0.00540	0.00166	0.00457	0.00540	0.00664	0.00914
68	0.10952	0.01028	0.01252	0.00978	0.01381	0.00993	0.00805	0.13653	0.05480	0.54977	0.01852	0.01654	0.01203	0.00647	0.00518	0.00166	0.00471	0.00509	0.00604	0.00875
69	0.01262	0.01202	0.03225	0.30703	0.44284	0.01273	0.01551	0.06941	0.01261	0.01733	0.01009	0.01359	0.00803	0.00512	0.00533	0.00167	0.00665	0.00477	0.00275	0.00762
70	0.00850	0.00609	0.00847	0.00968	0.01088	0.00606	0.00838	0.01087	0.01225	0.01591	0.02895	0.09870	0.04461	0.01491	0.00737	0.00244	0.00481	0.69128	0.00495	0.00491
71	0.01208	0.10374	0.64310	0.01435	0.02164	0.01339	0.01788	0.05565	0.01215	0.04377	0.00999	0.01139	0.00715	0.00517	0.00496	0.00164	0.00750	0.00395	0.00258	0.00793
72	0.01185	0.01129	0.01920	0.38121	0.44080	0.01238	0.01576	0.01522	0.01155	0.01580	0.00984	0.01375	0.00789	0.00505	0.00534	0.00168	0.00673	0.00478	0.00253	0.00735
73	0.00780	0.00522	0.00595	0.00595	0.00598	0.00525	0.00337	0.00786	0.00783	0.01048	0.01683	0.03467	0.01932	0.78610	0.05230	0.00532	0.00550	0.00774	0.00324	0.00330
74	0.00660	0.00472	0.00628	0.00743	0.00780	0.00440	0.00499	0.00763	0.01056	0.01416	0.07302	0.76312	0.03639	0.01648	0.00682	0.00215	0.00308	0.01494	0.00504	0.00440
75	0.12371	0.01305	0.08970	0.13912	0.12376	0.01204	0.01122	0.17688	0.03422	0.02143	0.01054	0.01240	0.00808	0.00521	0.00474	0.00148	0.00563	0.00416	0.01704	0.18558
76	0.23599	0.02797	0.04873	0.10975	0.21544	0.12779	0.01127	0.04978	0.03714	0.01921	0.06052	0.01348	0.01038	0.00560	0.00475	0.00162	0.00608	0.00439	0.00322	0.00689
77	0.54730	0.01195	0.05929	0.03848	0.03491	0.02547	0.04622	0.03238	0.01052	0.05396	0.00885	0.01026	0.00674	0.00498	0.00394	0.00158	0.00495	0.00345	0.00333	0.09143

[dist]
# distance from previous block
# <min> <max>
0	8

[block]
# block no. 6 follows, 45 sequences, length 29
# corresponding to MSA columns:
# 339-367
name=unknown_G
#
# <colnr> <probs for GDERKNQSTAVLIFYWHMCP>
#	G	D	E	R	K	N	Q	S	T	A	V	L	I	F	Y	W	H	M	C	P
0	0.01122	0.10059	0.67669	0.01557	0.05826	0.01330	0.01868	0.01689	0.01134	0.01662	0.00945	0.01117	0.00689	0.00504	0.00496	0.00164	0.00765	0.00390	0.00229	0.00786
1	0.00739	0.00535	0.00716	0.00831	0.00912	0.00512	0.00642	0.00899	0.01129	0.01474	0.03105	0.44089	0.09161	0.01575	0.00704	0.00227	0.00384	0.31407	0.00497	0.00461
2	0.00760	0.00549	0.00718	0.00675	0.00802	0.00506	0.00506	0.01013	0.01519	0.02153	0.77503	0.04010	0.05065	0.01097	0.00633	0.00169	0.00253	0.00971	0.00591	0.00506
3	0.01061	0.06499	0.08769	0.22274	0.01990	0.01042	0.08291	0.01521	0.09895	0.01693	0.04210	0.09906	0.01419	0.00701	0.00516	0.00166	0.00540	0.00619	0.18265	0.00623
4	0.00872	0.00639	0.00786	0.00734	0.00893	0.00623	0.00555	0.01287	0.11874	0.04145	0.58252	0.05816	0.09305	0.01068	0.00620	0.00173	0.00285	0.00935	0.00578	0.00559
5	0.01696	0.01142	0.01258	0.01031	0.01350	0.04016	0.00823	0.36891	0.03547	0.15834	0.12471	0.12232	0.03587	0.00861	0.00571	0.00171	0.00487	0.00710	0.00551	0.00771
6	0.00748	0.00542	0.00706	0.00678	0.00798	0.00500	0.00503	0.00986	0.01473	0.02073	0.69821	0.10044	0.06809	0.01150	0.00637	0.00173	0.00258	0.01018	0.00581	0.00500
7	0.01147	0.01119	0.04739	0.36150	0.25484	0.01185	0.01381	0.01656	0.11865	0.01660	0.01302	0.01594	0.02878	0.00571	0.00529	0.00170	0.00618	0.00511	0.04733	0.00708
8	0.00849	0.00606	0.00847	0.00970	0.01087	0.00604	0.00837	0.01084	0.01220	0.01588	0.02851	0.11762	0.03124	0.01498	0.00737	0.00245	0.00480	0.68626	0.00495	0.00490
9	0.01943	0.01455	0.01556	0.01215	0.01628	0.01619	0.00997	0.65906	0.12773	0.03226	0.01412	0.01387	0.01013	0.00656	0.00538	0.00164	0.00568	0.00500	0.00538	0.00904
10	0.01046	0.00987	0.01668	0.72007	0.11283	0.01201	0.01507	0.01400	0.01089	0.01411	0.00960	0.01421	0.00729	0.00531	0.00536	0.00177	0.00708	0.00477	0.00241	0.00622
