[name]
unknown

[dist]
# distance from previous block
# <min> <max>
2	40

[block]
# block no. 0 follows, 43 sequences, length 14
# corresponding to MSA columns:
# 41-54
name=unknown_A
#
# <colnr> <probs for GDERKNQSTAVLIFYWHMCP>
#	G	D	E	R	K	N	Q	S	T	A	V	L	I	F	Y	W	H	M	C	P
0	0.08049	0.01447	0.03904	0.01174	0.01610	0.01516	0.00984	0.49832	0.11801	0.03021	0.01359	0.01368	0.00992	0.00632	0.00523	0.00160	0.00558	0.00479	0.00504	0.10089
1	0.01456	0.01174	0.01333	0.01001	0.01438	0.01113	0.00814	0.26063	0.01621	0.02331	0.01233	0.01346	0.03285	0.00560	0.00548	0.00123	0.05084	0.00421	0.00405	0.48652
2	0.01113	0.01065	0.01810	0.58911	0.12975	0.01246	0.05843	0.01469	0.01132	0.01501	0.00991	0.01441	0.00765	0.00549	0.00596	0.00180	0.03400	0.00495	0.00255	0.04265
3	0.09559	0.02728	0.02779	0.01082	0.01466	0.11247	0.00887	0.15198	0.12421	0.24002	0.03651	0.01707	0.01276	0.00670	0.00524	0.00164	0.00556	0.02591	0.00511	0.06982
4	0.01129	0.01127	0.01845	0.63898	0.03526	0.04770	0.10059	0.01490	0.01142	0.01451	0.00985	0.01447	0.00749	0.00560	0.00609	0.00185	0.03641	0.00505	0.00252	0.00631
5	0.00676	0.00546	0.00601	0.00622	0.00770	0.00471	0.00453	0.00823	0.01261	0.01575	0.14450	0.20392	0.52554	0.01435	0.00665	0.00193	0.00286	0.01229	0.00527	0.00471
6	0.01536	0.63862	0.04880	0.01057	0.01492	0.12458	0.01010	0.01719	0.01173	0.01325	0.00786	0.00928	0.00712	0.00514	0.00455	0.00130	0.04703	0.00317	0.00244	0.00699
7	0.01312	0.01481	0.03197	0.02409	0.08085	0.01395	0.69937	0.01769	0.01304	0.01777	0.01115	0.01485	0.00843	0.00469	0.00646	0.00185	0.00914	0.00642	0.00280	0.00756
8	0.00794	0.00539	0.00601	0.00601	0.00615	0.00532	0.00342	0.00805	0.00840	0.01106	0.02035	0.03752	0.07627	0.74601	0.02657	0.00511	0.00518	0.00833	0.00349	0.00345
9	0.00801	0.00554	0.00689	0.00689	0.00718	0.00583	0.00442	0.00860	0.00831	0.01137	0.01667	0.03194	0.01827	0.57842	0.25258	0.00642	0.00818	0.00742	0.00324	0.00383
10	0.01837	0.00984	0.01220	0.00949	0.01344	0.00893	0.00769	0.11167	0.05154	0.36776	0.12748	0.01990	0.01775	0.00690	0.00538	0.00152	0.00442	0.00567	0.00572	0.19432
11	0.02145	0.01336	0.01511	0.01175	0.01601	0.01418	0.00965	0.46755	0.09568	0.25132	0.01673	0.01566	0.01142	0.00679	0.00556	0.00170	0.00552	0.00528	0.00594	0.00936
12	0.01313	0.01257	0.02143	0.16909	0.64024	0.01301	0.01671	0.01649	0.01234	0.01739	0.01032	0.01390	0.00852	0.00504	0.00549	0.00168	0.00672	0.00493	0.00269	0.00831
13	0.01371	0.01316	0.02248	0.03399	0.77081	0.01316	0.01700	0.01700	0.01261	0.01809	0.01042	0.01371	0.00877	0.00493	0.00548	0.00164	0.00658	0.00493	0.00274	0.00877

[dist]
# distance from previous block
# <min> <max>
12	29

[block]
# block no. 1 follows, 43 sequences, length 15
# corresponding to MSA columns:
# 87-101
name=unknown_B
#
# <colnr> <probs for GDERKNQSTAVLIFYWHMCP>
#	G	D	E	R	K	N	Q	S	T	A	V	L	I	F	Y	W	H	M	C	P
0	0.07364	0.05355	0.01343	0.01063	0.04034	0.01042	0.00831	0.06140	0.12289	0.43424	0.01900	0.01905	0.01347	0.05068	0.00657	0.00190	0.00487	0.01922	0.00568	0.03071
1	0.01353	0.01298	0.02216	0.07571	0.73049	0.01311	0.01691	0.01684	0.01253	0.01788	0.01039	0.01377	0.00870	0.00497	0.00549	0.00166	0.00662	0.00493	0.00273	0.00863
2	0.73927	0.01018	0.00807	0.00720	0.01048	0.01162	0.00590	0.01641	0.00987	0.05424	0.00917	0.01040	0.00702	0.00532	0.00355	0.00168	0.00415	0.00329	0.07612	0.00606
3	0.01780	0.01440	0.01475	0.01216	0.01594	0.05082	0.00975	0.39711	0.35255	0.02870	0.01719	0.01642	0.01265	0.00699	0.00556	0.00175	0.00551	0.00549	0.00546	0.00899
4	0.00675	0.00482	0.00643	0.00771	0.00803	0.00450	0.00514	0.00771	0.01060	0.01414	0.03053	0.80175	0.03663	0.01735	0.00707	0.00225	0.00321	0.01574	0.00514	0.00450
5	0.01485	0.44932	0.22362	0.01152	0.01690	0.06575	0.01228	0.04569	0.01263	0.06255	0.03254	0.01147	0.00895	0.00534	0.00439	0.00142	0.00661	0.00375	0.00290	0.00752
6	0.34599	0.01567	0.01197	0.01038	0.01355	0.22810	0.00811	0.17269	0.03443	0.02254	0.01037	0.01286	0.00856	0.07541	0.00653	0.00195	0.00636	0.00410	0.00376	0.00668
7	0.00890	0.07622	0.01067	0.00879	0.00987	0.00866	0.00685	0.01049	0.00900	0.01275	0.01418	0.02234	0.01384	0.16334	0.51292	0.00697	0.06912	0.00593	0.02421	0.00495
8	0.00731	0.00565	0.00826	0.00858	0.00935	0.00528	0.05935	0.00849	0.01068	0.01415	0.02948	0.63353	0.07624	0.08489	0.00884	0.00247	0.00382	0.01416	0.00481	0.00463
9	0.02620	0.00774	0.02924	0.07961	0.06225	0.02171	0.00746	0.01211	0.01452	0.04770	0.50748	0.04974	0.09248	0.01014	0.00622	0.00176	0.00372	0.00887	0.00528	0.00576
10	0.01526	0.14014	0.05157	0.11748	0.06493	0.04261	0.01067	0.04963	0.23560	0.12918	0.03134	0.01611	0.01223	0.00623	0.00516	0.00163	0.00562	0.00503	0.00430	0.05529
11	0.02088	0.01474	0.01608	0.01240	0.01670	0.01616	0.01023	0.67400	0.02471	0.08815	0.01397	0.01399	0.00988	0.00786	0.03215	0.00191	0.00629	0.00506	0.00555	0.00927
12	0.01237	0.01214	0.02096	0.07354	0.06707	0.01185	0.29085	0.04939	0.03175	0.01787	0.01211	0.06918	0.01045	0.00610	0.00675	0.00165	0.07545	0.00591	0.00323	0.22141
13	0.15045	0.40358	0.11143	0.01132	0.04399	0.04823	0.01056	0.09979	0.01287	0.01828	0.00891	0.01025	0.00738	0.00577	0.01799	0.00155	0.00625	0.00349	0.00296	0.02494
14	0.11012	0.25343	0.04095	0.02723	0.01510	0.14311	0.00932	0.04975	0.07792	0.17489	0.02798	0.01326	0.01024	0.00586	0.00462	0.00151	0.00605	0.00420	0.00400	0.02048

[dist]
# distance from previous block
# <min> <max>
0	20

[block]
# block no. 2 follows, 43 sequences, length 17
# corresponding to MSA columns:
# 122-124,128-141
name=unknown_C
#
# <colnr> <probs for GDERKNQSTAVLIFYWHMCP>
#	G	D	E	R	K	N	Q	S	T	A	V	L	I	F	Y	W	H	M	C	P
0	0.19837	0.01067	0.01259	0.01124	0.05998	0.01088	0.03574	0.08680	0.09418	0.10534	0.02434	0.07414	0.01247	0.02890	0.00608	0.00171	0.03630	0.00541	0.00428	0.18057
1	0.01059	0.00653	0.00809	0.00732	0.00915	0.00604	0.00551	0.01335	0.05268	0.13684	0.42435	0.03829	0.15962	0.08700	0.00841	0.00211	0.00333	0.00922	0.00577	0.00579
2	0.01355	0.01360	0.02009	0.21314	0.40344	0.08600	0.06050	0.01803	0.08429	0.01717	0.01131	0.01435	0.00904	0.00538	0.00553	0.00171	0.00706	0.00503	0.00297	0.00783
3	0.02982	0.00977	0.01618	0.67278	0.08093	0.01189	0.01466	0.01403	0.01103	0.01454	0.01041	0.01610	0.00827	0.00632	0.00617	0.03422	0.00709	0.02706	0.00258	0.00613
4	0.01731	0.06780	0.01683	0.01636	0.14577	0.37735	0.01113	0.12665	0.01542	0.01735	0.01044	0.01277	0.00873	0.01088	0.11872	0.00258	0.00928	0.00432	0.00322	0.00709
5	0.00673	0.00489	0.00635	0.00751	0.00798	0.00452	0.00505	0.00773	0.01079	0.01422	0.03295	0.73085	0.10596	0.01704	0.00702	0.00221	0.00317	0.01536	0.00514	0.00452
6	0.06454	0.08757	0.03560	0.08451	0.01634	0.01237	0.02944	0.12206	0.18515	0.14287	0.04230	0.07689	0.06127	0.00780	0.00547	0.00176	0.00510	0.00643	0.00485	0.00767
7	0.01360	0.00972	0.01426	0.01256	0.04343	0.00988	0.11390	0.15130	0.01444	0.12902	0.02056	0.31902	0.02065	0.04251	0.00796	0.00212	0.05393	0.00955	0.00480	0.00677
8	0.01496	0.11579	0.44280	0.03380	0.02077	0.05087	0.01578	0.10487	0.01405	0.11855	0.01157	0.01249	0.00821	0.00560	0.00513	0.00166	0.00728	0.00425	0.00334	0.00823
9	0.00924	0.00701	0.00793	0.00768	0.00971	0.00677	0.00603	0.01353	0.14430	0.05438	0.16120	0.04527	0.37941	0.01228	0.00649	0.00194	0.00347	0.11214	0.00546	0.00577
10	0.17687	0.20319	0.05334	0.03316	0.04499	0.15074	0.00961	0.10172	0.05147	0.01858	0.00983	0.01166	0.00808	0.00735	0.01816	0.08095	0.00647	0.00389	0.00322	0.00673
11	0.04169	0.01105	0.01355	0.01428	0.15806	0.04221	0.00933	0.17283	0.02909	0.08639	0.12431	0.13554	0.01969	0.00823	0.00564	0.00165	0.00496	0.00705	0.00468	0.10977
12	0.06072	0.11386	0.01735	0.04467	0.08774	0.05107	0.04794	0.26452	0.01690	0.06944	0.04171	0.01570	0.03388	0.00890	0.06376	0.00213	0.00668	0.00505	0.00417	0.04381
13	0.07191	0.01025	0.01128	0.00951	0.01246	0.01064	0.00746	0.27485	0.06329	0.04738	0.12544	0.14399	0.06666	0.03347	0.00639	0.00183	0.00447	0.00768	0.00515	0.08590
14	0.05861	0.18006	0.07969	0.03630	0.17565	0.01391	0.04931	0.10074	0.03465	0.09953	0.07186	0.01637	0.03194	0.00616	0.00511	0.00160	0.00582	0.00512	0.01980	0.00779
15	0.07816	0.20716	0.01688	0.01095	0.02704	0.13347	0.00896	0.05520	0.11286	0.06160	0.04941	0.01515	0.03741	0.00651	0.00585	0.00154	0.07361	0.00462	0.00375	0.08987
16	0.06423	0.04104	0.35256	0.01367	0.01957	0.01250	0.08106	0.11444	0.03601	0.09270	0.06416	0.01494	0.01151	0.00594	0.00532	0.00168	0.00667	0.00490	0.00370	0.05338

[dist]
# distance from previous block
# <min> <max>
1	69

[block]
# block no. 3 follows, 43 sequences, length 15
# corresponding to MSA columns:
# 234-248
name=unknown_D
#
# <colnr> <probs for GDERKNQSTAVLIFYWHMCP>
#	G	D	E	R	K	N	Q	S	T	A	V	L	I	F	Y	W	H	M	C	P
0	0.05567	0.11579	0.10078	0.01033	0.03212	0.01059	0.00906	0.01838	0.07695	0.20909	0.11996	0.09443	0.01891	0.00782	0.00555	0.00166	0.01973	0.00640	0.02709	0.05970
1	0.04539	0.01006	0.03170	0.00959	0.01240	0.01003	0.03733	0.14515	0.16154	0.06615	0.11747	0.03883	0.08406	0.11082	0.00850	0.00218	0.00461	0.00700	0.06356	0.03364
2	0.06733	0.01169	0.08997	0.01099	0.04004	0.00968	0.00936	0.06871	0.08087	0.36398	0.08765	0.02095	0.03396	0.00725	0.00551	0.00171	0.00491	0.02737	0.00551	0.05256
3	0.16692	0.03668	0.06385	0.06756	0.04529	0.06925	0.12644	0.06674	0.05024	0.05574	0.02677	0.01358	0.00934	0.00685	0.02384	0.00191	0.10300	0.00474	0.00343	0.05781
4	0.23034	0.09804	0.08361	0.01036	0.01410	0.03276	0.06079	0.08699	0.03086	0.06917	0.10416	0.01805	0.04793	0.00927	0.06260	0.00220	0.00601	0.00528	0.02067	0.00680
5	0.23535	0.04057	0.08497	0.02414	0.13251	0.08193	0.01000	0.01763	0.06129	0.07769	0.06454	0.03333	0.04290	0.00643	0.00487	0.00163	0.00546	0.00502	0.00380	0.06593
6	0.15826	0.18955	0.19317	0.02404	0.05214	0.07974	0.03001	0.06872	0.01318	0.09499	0.04045	0.01270	0.00962	0.00564	0.00470	0.00158	0.00640	0.00417	0.00343	0.00750
7	0.01779	0.16971	0.04593	0.03833	0.09002	0.43164	0.06250	0.05271	0.01459	0.01529	0.00906	0.01082	0.00748	0.00540	0.00493	0.00147	0.00855	0.00391	0.00284	0.00703
8	0.07068	0.00983	0.01104	0.00958	0.01214	0.01027	0.00738	0.26515	0.03274	0.04482	0.06685	0.26520	0.02122	0.05146	0.00723	0.00200	0.01943	0.00862	0.00498	0.07938
9	0.04537	0.09202	0.63189	0.01543	0.02296	0.01368	0.06926	0.01742	0.01166	0.01747	0.00975	0.01157	0.00708	0.00517	0.00513	0.00171	0.00792	0.00412	0.00242	0.00796
10	0.00730	0.00543	0.00733	0.00838	0.00878	0.00547	0.00595	0.00843	0.01068	0.01432	0.02895	0.68002	0.03432	0.01667	0.00782	0.00229	0.05321	0.08503	0.00497	0.00466
11	0.01397	0.01456	0.04134	0.12577	0.50130	0.09661	0.03748	0.01808	0.06427	0.01742	0.01099	0.01390	0.00892	0.00527	0.00547	0.00167	0.00703	0.00490	0.00291	0.00813
12	0.01250	0.09348	0.09200	0.21719	0.13062	0.01415	0.32699	0.01660	0.01220	0.01639	0.01029	0.01384	0.00795	0.00498	0.00573	0.00175	0.00803	0.00534	0.00262	0.00734
13	0.00904	0.00620	0.00688	0.00656	0.00701	0.00629	0.00398	0.06835	0.00972	0.01289	0.01889	0.03517	0.05359	0.70436	0.02536	0.00491	0.00531	0.00797	0.00361	0.00391
14	0.02095	0.01004	0.01302	0.01107	0.04806	0.00947	0.00852	0.05854	0.13444	0.51783	0.06763	0.01985	0.01606	0.00706	0.00559	0.00171	0.00466	0.00584	0.00626	0.03340

[dist]
# distance from previous block
# <min> <max>
13	28

[block]
# block no. 4 follows, 43 sequences, length 8
# corresponding to MSA columns:
# 280-287
name=unknown_E
#
# <colnr> <probs for GDERKNQSTAVLIFYWHMCP>
#	G	D	E	R	K	N	Q	S	T	A	V	L	I	F	Y	W	H	M	C	P
0	0.07908	0.12653	0.01787	0.01792	0.24701	0.17677	0.01135	0.07950	0.03576	0.01830	0.01337	0.01583	0.05177	0.00626	0.00528	0.00159	0.02396	0.02367	0.04084	0.00733
1	0.13725	0.06986	0.12971	0.03161	0.10500	0.12786	0.05475	0.04023	0.04652	0.10437	0.04390	0.01543	0.03977	0.00622	0.00540	0.00167	0.02447	0.00488	0.00367	0.00741
2	0.03126	0.05730	0.01863	0.03192	0.01741	0.05641	0.17437	0.13317	0.01386	0.04066	0.04868	0.10147	0.01364	0.00811	0.00872	0.00191	0.19322	0.00651	0.03592	0.00684
3	0.01350	0.01311	0.02286	0.07098	0.68540	0.01317	0.06536	0.01690	0.01256	0.01787	0.01044	0.01384	0.00868	0.00495	0.00556	0.00167	0.00680	0.00504	0.00273	0.00856
4	0.01133	0.01032	0.01654	0.61287	0.09578	0.01217	0.01452	0.05618	0.01213	0.01596	0.01078	0.01609	0.00853	0.00581	0.00553	0.00179	0.00698	0.03057	0.00280	0.05332
5	0.01650	0.05503	0.01734	0.07937	0.04716	0.11915	0.06432	0.20266	0.01560	0.08339	0.01203	0.03221	0.00958	0.00698	0.00787	0.00178	0.16277	0.00508	0.05376	0.00741
6	0.29661	0.07752	0.06338	0.00996	0.01395	0.01275	0.00888	0.17282	0.01475	0.17190	0.01379	0.01679	0.01075	0.00752	0.02414	0.00191	0.00547	0.06506	0.00452	0.00753
7	0.04871	0.01455	0.01539	0.07721	0.01795	0.05191	0.01031	0.53608	0.07364	0.03003	0.03658	0.01561	0.03302	0.00687	0.00550	0.00169	0.00600	0.00527	0.00509	0.00857

[dist]
# distance from previous block
# <min> <max>
7	13

[block]
# block no. 5 follows, 43 sequences, length 6
# corresponding to MSA columns:
# 301-306
name=unknown_F
#
# <colnr> <probs for GDERKNQSTAVLIFYWHMCP>
#	G	D	E	R	K	N	Q	S	T	A	V	L	I	F	Y	W	H	M	C	P
0	0.01200	0.01123	0.01867	0.14383	0.52063	0.01150	0.01454	0.01504	0.01242	0.01729	0.05792	0.07106	0.05646	0.00675	0.00572	0.00173	0.00603	0.00634	0.00319	0.00765
1	0.01185	0.01122	0.01933	0.31396	0.21574	0.01201	0.13607	0.05359	0.01292	0.01728	0.04007	0.02036	0.05957	0.00656	0.00590	0.00182	0.00686	0.04467	0.00319	0.00702
2	0.01167	0.01119	0.01873	0.16625	0.15467	0.01292	0.13858	0.01435	0.01067	0.01533	0.01070	0.01604	0.00937	0.06524	0.04299	0.00249	0.23299	0.00546	0.05387	0.00651
3	0.01143	0.00819	0.00950	0.04220	0.01108	0.05499	0.05898	0.05271	0.01233	0.01919	0.01680	0.07528	0.01444	0.04994	0.00640	0.00172	0.03627	0.00604	0.50693	0.00557
4	0.06002	0.07518	0.03328	0.00915	0.01198	0.06228	0.00758	0.10073	0.09986	0.05633	0.12436	0.05539	0.21086	0.00985	0.00581	0.00179	0.00459	0.05958	0.00489	0.00651
5	0.01711	0.19044	0.01677	0.01067	0.01422	0.08583	0.00893	0.19401	0.08156	0.14483	0.08991	0.04205	0.03878	0.00737	0.00566	0.00162	0.03213	0.00564	0.00473	0.00774

[dist]
# distance from previous block
# <min> <max>
4	95

[block]
# block no. 6 follows, 43 sequences, length 25
# corresponding to MSA columns:
# 404-428
name=unknown_G
#
# <colnr> <probs for GDERKNQSTAVLIFYWHMCP>
#	G	D	E	R	K	N	Q	S	T	A	V	L	I	F	Y	W	H	M	C	P
0	0.04596	0.05522	0.16505	0.01490	0.09349	0.03807	0.05058	0.27576	0.04497	0.02351	0.01211	0.01435	0.00948	0.05064	0.00675	0.00185	0.02207	0.00483	0.03118	0.03923
1	0.03788	0.01482	0.14835	0.13887	0.06923	0.07737	0.07523	0.04687	0.10596	0.04463	0.07381	0.04957	0.05955	0.02629	0.00621	0.00186	0.00640	0.00622	0.00378	0.00709
2	0.25961	0.07467	0.16413	0.03401	0.13684	0.01231	0.01131	0.05604	0.01185	0.02005	0.03286	0.09058	0.01155	0.00731	0.02139	0.00184	0.00579	0.00522	0.00334	0.03930
3	0.13545	0.05620	0.06084	0.01083	0.08846	0.00929	0.00809	0.02740	0.01309	0.04580	0.29145	0.02738	0.09315	0.02886	0.03582	0.00207	0.02854	0.00708	0.02406	0.00615
4	0.01283	0.01463	0.15142	0.03459	0.05093	0.06710	0.01113	0.08201	0.18145	0.03360	0.04857	0.04127	0.07521	0.02714	0.00691	0.00192	0.04414	0.07293	0.00425	0.03797
5	0.14358	0.11418	0.11083	0.01167	0.06925	0.01241	0.00985	0.11270	0.03965	0.03521	0.11469	0.01937	0.06175	0.00701	0.00532	0.00161	0.02320	0.02144	0.00399	0.08228
6	0.23999	0.01086	0.04074	0.02839	0.03619	0.03177	0.00808	0.11082	0.02532	0.09584	0.10932	0.06659	0.03405	0.00770	0.00580	0.00175	0.05255	0.00591	0.08164	0.00671
7	0.13743	0.10941	0.01791	0.01575	0.12914	0.29811	0.05619	0.07958	0.01408	0.01811	0.00949	0.01135	0.00776	0.00559	0.00526	0.00155	0.03678	0.00403	0.03541	0.00704
8	0.01388	0.15140	0.16508	0.03961	0.05757	0.08557	0.01166	0.09897	0.07684	0.03815	0.07105	0.06226	0.02989	0.00708	0.00571	0.00164	0.03555	0.00554	0.00372	0.03883
9	0.01672	0.01324	0.04375	0.01273	0.06442	0.04174	0.00979	0.33352	0.08554	0.09038	0.01641	0.12138	0.01391	0.00844	0.02096	0.00182	0.00567	0.00638	0.00493	0.08827
10	0.08432	0.07337	0.01083	0.03388	0.01161	0.04616	0.00667	0.05787	0.03937	0.07181	0.14343	0.09071	0.14005	0.04148	0.00633	0.00179	0.00427	0.00743	0.05057	0.07806
11	0.08098	0.06313	0.36975	0.01335	0.05439	0.03272	0.01389	0.01775	0.05583	0.08668	0.10970	0.03753	0.01520	0.00675	0.00532	0.00173	0.00628	0.01780	0.00366	0.00754
12	0.18795	0.00791	0.00862	0.00803	0.00990	0.00823	0.00598	0.07102	0.01201	0.08208	0.06332	0.24077	0.07462	0.13114	0.00952	0.00243	0.03402	0.00879	0.00458	0.02908
13	0.03774	0.05784	0.04503	0.10368	0.04871	0.01196	0.26256	0.05035	0.01211	0.01689	0.04132	0.03347	0.01233	0.14139	0.00998	0.00234	0.03729	0.00609	0.00316	0.06575
14	0.09481	0.00948	0.01167	0.01060	0.04933	0.00944	0.03205	0.08365	0.10544	0.17950	0.12199	0.02753	0.10370	0.03864	0.00657	0.00191	0.00453	0.05846	0.00521	0.04549
15	0.20295	0.01243	0.01291	0.01036	0.01416	0.01355	0.00848	0.37847	0.06537	0.12068	0.03817	0.01548	0.02521	0.00666	0.00504	0.00168	0.00506	0.00498	0.05018	0.00817
16	0.00751	0.00531	0.00689	0.00787	0.00835	0.00510	0.00535	0.03534	0.01101	0.01467	0.02852	0.67684	0.03377	0.07027	0.00877	0.01998	0.00357	0.04134	0.00498	0.00458
17	0.01130	0.01105	0.01978	0.45895	0.17297	0.01223	0.14184	0.01498	0.01197	0.01593	0.04816	0.01681	0.02824	0.00576	0.00577	0.00181	0.00723	0.00561	0.00281	0.00679
18	0.01355	0.01227	0.02017	0.21028	0.51427	0.01282	0.01570	0.05228	0.01296	0.04007	0.01074	0.01401	0.00860	0.00519	0.00546	0.00167	0.00661	0.00490	0.00295	0.03552
19	0.01102	0.00584	0.00591	0.00566	0.00715	0.00594	0.00430	0.06106	0.01255	0.02158	0.01776	0.02017	0.01388	0.00647	0.00398	0.00131	0.00281	0.00515	0.78202	0.00544
20	0.01924	0.06378	0.03758	0.01373	0.04467	0.25193	0.01084	0.35895	0.10268	0.02471	0.01235	0.01282	0.00933	0.00625	0.00526	0.00159	0.00716	0.00455	0.00436	0.00824
21	0.03445	0.01654	0.04304	0.01822	0.21034	0.27114	0.06607	0.01797	0.03872	0.04497	0.01220	0.01730	0.01082	0.11543	0.04067	0.00243	0.00793	0.02173	0.00319	0.00685
22	0.01492	0.01150	0.03014	0.03771	0.01460	0.03794	0.00869	0.06036	0.41643	0.14214	0.09295	0.02336	0.06884	0.00798	0.00573	0.00181	0.00463	0.00661	0.00555	0.00811
23	0.01287	0.01039	0.01219	0.04268	0.01441	0.00952	0.00772	0.11424	0.07768	0.04217	0.01453	0.06342	0.03705	0.00623	0.00526	0.00127	0.03047	0.00502	0.00401	0.48888
24	0.05443	0.09361	0.05234	0.01649	0.21239	0.12680	0.01094	0.03491	0.06799	0.05282	0.08134	0.01957	0.07039	0.00789	0.02887	0.00183	0.00623	0.01944	0.00375	0.03797

[dist]
# distance from previous block
# <min> <max>
4	34

[block]
# block no. 7 follows, 43 sequences, length 6
# corresponding to MSA columns:
# 464-469
name=unknown_H
#
# <colnr> <probs for GDERKNQSTAVLIFYWHMCP>
#	G	D	E	R	K	N	Q	S	T	A	V	L	I	F	Y	W	H	M	C	P
0	0.01058	0.00752	0.00862	0.00805	0.00910	0.00844	0.00586	0.05484	0.10699	0.01721	0.01789	0.09082	0.01717	0.25695	0.01385	0.00288	0.10371	0.00706	0.24711	0.00536
1	0.03270	0.01263	0.06665	0.03657	0.05672	0.08723	0.03110	0.16824	0.01381	0.01908	0.01216	0.01604	0.01022	0.04065	0.11235	0.11021	0.06135	0.00500	0.10096	0.00633
2	0.01407	0.01035	0.01172	0.01058	0.01337	0.01131	0.00840	0.11641	0.38123	0.09270	0.07543	0.09275	0.02181	0.00948	0.00607	0.00195	0.00451	0.10439	0.00566	0.00781
3	0.01395	0.00985	0.01155	0.00879	0.01302	0.00835	0.00702	0.10973	0.01402	0.12907	0.01702	0.06680	0.07139	0.00646	0.00488	0.00123	0.00429	0.00530	0.00435	0.49293
4	0.28583	0.06706	0.05405	0.00900	0.01293	0.03773	0.00781	0.06428	0.01310	0.13551	0.11005	0.01558	0.01397	0.00613	0.00457	0.00152	0.00474	0.00456	0.00425	0.14734
5	0.12316	0.01058	0.03711	0.00961	0.01269	0.01051	0.00797	0.22181	0.05235	0.05742	0.04938	0.10521	0.11322	0.01112	0.04793	0.00219	0.00522	0.06478	0.00484	0.05289

[dist]
# distance from previous block
# <min> <max>
4	55

[block]
# block no. 8 follows, 43 sequences, length 35
# corresponding to MSA columns:
# 525-559
name=unknown_I
#
# <colnr> <probs for GDERKNQSTAVLIFYWHMCP>
#	G	D	E	R	K	N	Q	S	T	A	V	L	I	F	Y	W	H	M	C	P
0	0.01383	0.01128	0.01524	0.28435	0.06197	0.01319	0.01176	0.25472	0.01554	0.02108	0.01241	0.04201	0.01027	0.03487	0.07110	0.00251	0.07830	0.00549	0.03302	0.00707
1	0.48962	0.01089	0.01133	0.16267	0.01713	0.01268	0.00871	0.06671	0.04472	0.07732	0.01017	0.01180	0.00761	0.00576	0.00493	0.00178	0.04192	0.00393	0.00368	0.00663
2	0.04951	0.01679	0.01592	0.01308	0.03520	0.14716	0.01033	0.55868	0.02287	0.03001	0.01238	0.01284	0.00905	0.00639	0.00531	0.00161	0.00659	0.00468	0.03297	0.00863
3	0.02031	0.01495	0.01609	0.01248	0.01670	0.01651	0.01025	0.71345	0.02523	0.03382	0.01420	0.05448	0.01084	0.00721	0.00562	0.00169	0.00594	0.00555	0.00552	0.00916
4	0.00915	0.00717	0.00904	0.01017	0.06834	0.00701	0.00714	0.07147	0.04061	0.01752	0.06332	0.26048	0.23413	0.01358	0.00672	0.00208	0.00400	0.15746	0.00504	0.00559
5	0.00889	0.00642	0.00706	0.00679	0.00752	0.00655	0.00432	0.03424	0.08928	0.01367	0.04411	0.03605	0.11014	0.57730	0.02185	0.00436	0.00490	0.00826	0.00396	0.00434
6	0.02105	0.01551	0.01662	0.01274	0.01717	0.01717	0.01053	0.75235	0.02604	0.03490	0.01330	0.01330	0.00942	0.00665	0.00554	0.00166	0.00609	0.00499	0.00554	0.00942
7	0.01148	0.00984	0.01148	0.00820	0.01312	0.00738	0.00656	0.01395	0.01148	0.01805	0.00984	0.01148	0.00820	0.00410	0.00410	0.00082	0.00410	0.00328	0.00328	0.83922
8	0.84448	0.01071	0.00814	0.00728	0.01071	0.01242	0.00600	0.01628	0.00943	0.02485	0.00771	0.00900	0.00600	0.00514	0.00343	0.00171	0.00428	0.00300	0.00343	0.00600
9	0.01194	0.20461	0.60801	0.01436	0.02177	0.01490	0.01798	0.01732	0.01159	0.01652	0.00943	0.01106	0.00704	0.00514	0.00488	0.00163	0.00767	0.00384	0.00235	0.00794
10	0.01855	0.07410	0.25077	0.01198	0.01740	0.01171	0.01226	0.06828	0.08751	0.36590	0.01667	0.01574	0.01120	0.00626	0.00533	0.00170	0.00593	0.00495	0.00493	0.00881
11	0.00805	0.00537	0.00604	0.00604	0.00604	0.00537	0.00336	0.00805	0.00805	0.01074	0.01745	0.03624	0.02013	0.80536	0.02819	0.00537	0.00537	0.00805	0.00336	0.00336
12	0.00962	0.00481	0.00722	0.00722	0.00722	0.00481	0.00481	0.00722	0.00722	0.00962	0.00962	0.01684	0.00962	0.01924	0.02165	0.83886	0.00481	0.00481	0.00241	0.00241
13	0.01881	0.13145	0.03304	0.04498	0.04511	0.53308	0.01107	0.06333	0.04161	0.01533	0.00936	0.01076	0.00767	0.00565	0.00490	0.00145	0.00874	0.00378	0.00301	0.00688
14	0.01409	0.06693	0.58147	0.01424	0.02145	0.01239	0.01737	0.01940	0.01251	0.17071	0.01223	0.01299	0.00838	0.00556	0.00523	0.00171	0.00736	0.00433	0.00326	0.00838
15	0.02485	0.00943	0.01285	0.00985	0.01414	0.00814	0.00814	0.02699	0.01585	0.77465	0.02185	0.01885	0.01371	0.00685	0.00557	0.00171	0.00471	0.00557	0.00685	0.00943
16	0.00676	0.00563	0.00583	0.00587	0.00761	0.00480	0.00441	0.00819	0.01251	0.01506	0.07517	0.05254	0.67916	0.05089	0.00760	0.00206	0.00302	0.04315	0.00509	0.00465
17	0.01201	0.01756	0.22759	0.02033	0.06651	0.01276	0.44368	0.01678	0.01267	0.01767	0.04016	0.04628	0.02716	0.00578	0.00616	0.00184	0.00825	0.00639	0.00294	0.00747
18	0.00843	0.00568	0.00714	0.00708	0.00816	0.00528	0.00508	0.01013	0.01295	0.05278	0.36311	0.16123	0.11032	0.16723	0.01085	0.00258	0.00349	0.04828	0.00530	0.00488
19	0.02392	0.00922	0.01255	0.00970	0.01382	0.00798	0.00798	0.02608	0.01584	0.73342	0.06273	0.02008	0.01582	0.00710	0.00562	0.00172	0.00460	0.00581	0.00681	0.00920
20	0.01481	0.80869	0.02902	0.00948	0.01421	0.02191	0.00948	0.01658	0.01125	0.01303	0.00770	0.00888	0.00711	0.00474	0.00355	0.00118	0.00592	0.00296	0.00237	0.00711
21	0.69340	0.04538	0.00926	0.00760	0.01086	0.01228	0.00625	0.04409	0.01050	0.02404	0.04456	0.05208	0.00994	0.00611	0.00385	0.00172	0.00429	0.00407	0.00368	0.00606
22	0.00698	0.00510	0.00640	0.00728	0.00790	0.00472	0.00498	0.00805	0.01099	0.01439	0.06565	0.54677	0.15172	0.09215	0.00901	0.00248	0.00340	0.04254	0.00501	0.00447
23	0.01247	0.00913	0.04913	0.00850	0.01062	0.00855	0.00669	0.16826	0.04065	0.07114	0.03473	0.13801	0.03721	0.22063	0.01152	0.00269	0.00466	0.00771	0.15166	0.00605
24	0.01789	0.00918	0.03127	0.02602	0.01331	0.00787	0.00773	0.04210	0.02820	0.42762	0.12588	0.02423	0.08931	0.00920	0.03646	0.00194	0.00477	0.00651	0.00583	0.08468
25	0.05655	0.01112	0.02742	0.05385	0.04386	0.01017	0.13492	0.04932	0.01248	0.04414	0.03533	0.03849	0.01149	0.00601	0.00588	0.00145	0.05158	0.03685	0.00353	0.36559
26	0.01785	0.03760	0.01385	0.01231	0.06822	0.10924	0.00917	0.15708	0.07415	0.23469	0.05487	0.04093	0.05490	0.02779	0.00627	0.00183	0.00560	0.06064	0.00519	0.00784
27	0.10520	0.31365	0.13287	0.01218	0.06844	0.07419	0.01083	0.04195	0.03111	0.05116	0.01239	0.04930	0.03692	0.00608	0.00454	0.00150	0.00605	0.00451	0.00320	0.03391
28	0.05230	0.03644	0.04133	0.03878	0.27349	0.24115	0.01229	0.01948	0.06469	0.07344	0.01307	0.01464	0.03468	0.00599	0.00550	0.00162	0.02607	0.00474	0.03277	0.00754
29	0.16376	0.10158	0.04829	0.00876	0.01130	0.03856	0.00718	0.09591	0.01272	0.04302	0.07474	0.20269	0.04301	0.11508	0.00836	0.00226	0.00481	0.00783	0.00423	0.00594
30	0.06915	0.01034	0.02955	0.06433	0.01469	0.00978	0.02649	0.15150	0.04164	0.06940	0.01798	0.08784	0.07406	0.02586	0.00567	0.00160	0.00473	0.00609	0.06258	0.22673
31	0.07692	0.01267	0.07063	0.08656	0.01653	0.03963	0.00959	0.21765	0.05783	0.13297	0.08924	0.02016	0.05739	0.04722	0.00659	0.00187	0.00545	0.00582	0.00477	0.04050
32	0.04131	0.01295	0.06806	0.14872	0.13936	0.03131	0.20064	0.04754	0.01322	0.06942	0.08085	0.01702	0.01279	0.00608	0.00618	0.00176	0.03802	0.00571	0.05181	0.00724
33	0.01387	0.03966	0.05165	0.04580	0.06419	0.02214	0.03818	0.08821	0.03521	0.15559	0.16211	0.08754	0.07416	0.00836	0.00573	0.00167	0.00485	0.00719	0.00485	0.08903
34	0.04622	0.05428	0.08935	0.01131	0.01499	0.00991	0.08695	0.01897	0.03066	0.28998	0.06803	0.04652	0.02848	0.02797	0.02912	0.00208	0.04028	0.04887	0.04861	0.00742

[dist]
# distance from previous block
# <min> <max>
8	74

[block]
# block no. 9 follows, 43 sequences, length 31
# corresponding to MSA columns:
# 682-712
name=unknown_J
#
# <colnr> <probs for GDERKNQSTAVLIFYWHMCP>
#	G	D	E	R	K	N	Q	S	T	A	V	L	I	F	Y	W	H	M	C	P
0	0.22289	0.01080	0.03477	0.06920	0.09071	0.01110	0.00916	0.06108	0.14133	0.10266	0.07634	0.07438	0.01600	0.00745	0.00522	0.00178	0.00483	0.02522	0.00450	0.03057
1	0.05409	0.01301	0.03659	0.15166	0.19338	0.12530	0.03265	0.03132	0.03215	0.01733	0.07539	0.05684	0.05699	0.00795	0.02859	0.00187	0.00652	0.00593	0.00344	0.06898
2	0.03136	0.30031	0.07636	0.04787	0.03814	0.07583	0.01000	0.15471	0.01453	0.01846	0.04957	0.03487	0.06376	0.05454	0.00623	0.00174	0.00603	0.00516	0.00353	0.00701
3	0.03636	0.08234	0.03707	0.01253	0.01538	0.01128	0.17944	0.10192	0.01288	0.01768	0.03821	0.18752	0.03016	0.11334	0.00968	0.00235	0.05495	0.03085	0.00386	0.02219
4	0.01355	0.19708	0.09861	0.01371	0.05604	0.10645	0.05143	0.03812	0.02614	0.01600	0.06329	0.02748	0.02302	0.00702	0.00808	0.00171	0.19393	0.00491	0.01736	0.03606
5	0.06370	0.03563	0.01753	0.09939	0.39799	0.05328	0.03389	0.01504	0.01239	0.01724	0.04447	0.06640	0.10572	0.00714	0.00557	0.00172	0.00595	0.00640	0.00332	0.00723
6	0.01382	0.09014	0.43382	0.01451	0.03551	0.13616	0.03772	0.03917	0.01321	0.05831	0.04745	0.01428	0.03018	0.00591	0.00524	0.00165	0.00763	0.00459	0.00304	0.00767
7	0.01352	0.03066	0.01157	0.02876	0.07214	0.06545	0.00795	0.07092	0.01540	0.15866	0.28657	0.05782	0.09939	0.00960	0.00606	0.00176	0.00449	0.04729	0.00533	0.00667
8	0.02048	0.01510	0.01628	0.01258	0.01686	0.01673	0.01037	0.71997	0.02529	0.03394	0.01336	0.01367	0.00961	0.00817	0.03946	0.00198	0.00648	0.00503	0.00543	0.00922
9	0.01216	0.01038	0.01286	0.03674	0.01487	0.00857	0.03961	0.07530	0.01272	0.01918	0.01084	0.03671	0.00918	0.00480	0.00447	0.00102	0.00458	0.00401	0.00348	0.67853
10	0.00711	0.00508	0.00684	0.00812	0.00860	0.00481	0.00577	0.00833	0.01096	0.01454	0.03033	0.67945	0.03584	0.01701	0.00717	0.00230	0.00353	0.13449	0.00513	0.00460
11	0.01161	0.00996	0.01154	0.00837	0.01319	0.00773	0.00668	0.01479	0.05219	0.01832	0.01053	0.01198	0.00868	0.00429	0.00418	0.00088	0.00412	0.00344	0.00341	0.79411
12	0.00779	0.00566	0.00734	0.00692	0.00825	0.00521	0.00519	0.01036	0.01557	0.02196	0.74317	0.04178	0.07714	0.01142	0.00653	0.00175	0.00262	0.01007	0.00606	0.00521
13	0.01324	0.01269	0.02164	0.14191	0.66651	0.01304	0.01677	0.01659	0.01239	0.01753	0.01034	0.01386	0.00857	0.00502	0.00549	0.00167	0.00669	0.00493	0.00270	0.00840
14	0.01300	0.01370	0.01771	0.08502	0.01780	0.10339	0.05560	0.01466	0.00980	0.01369	0.00788	0.01228	0.00733	0.00857	0.01486	0.00223	0.58899	0.00481	0.00250	0.00619
15	0.00752	0.00515	0.00620	0.00672	0.00685	0.00501	0.00408	0.00791	0.00909	0.01212	0.02277	0.34770	0.02685	0.48475	0.01960	0.00410	0.00449	0.01118	0.00408	0.00382
16	0.01491	0.65236	0.11285	0.01051	0.01558	0.04021	0.01082	0.06097	0.01230	0.01487	0.00831	0.00950	0.00724	0.00494	0.00390	0.00128	0.00629	0.00323	0.00257	0.00735
17	0.00791	0.00531	0.00608	0.00623	0.00627	0.00527	0.00356	0.00802	0.00834	0.01112	0.01894	0.12318	0.02201	0.71586	0.02579	0.00501	0.00512	0.00893	0.00356	0.00349
18	0.01460	0.01000	0.01121	0.00964	0.01215	0.01055	0.00738	0.30679	0.06193	0.08307	0.02151	0.19676	0.05931	0.12898	0.00927	0.00236	0.00483	0.00835	0.03437	0.00696
19	0.01207	0.00974	0.01242	0.02395	0.01237	0.03362	0.05719	0.10510	0.01190	0.03025	0.01476	0.02190	0.03433	0.22252	0.04106	0.00305	0.20407	0.00610	0.13790	0.00570
20	0.01207	0.16730	0.49323	0.01582	0.02276	0.01455	0.14493	0.01725	0.01188	0.01673	0.01022	0.01298	0.00788	0.00531	0.00523	0.00169	0.00790	0.02199	0.00249	0.00779
21	0.10611	0.49452	0.19688	0.01087	0.01623	0.01851	0.01167	0.06091	0.01204	0.01668	0.00855	0.00980	0.00710	0.00502	0.00405	0.00140	0.00627	0.00335	0.00267	0.00737
22	0.01565	0.06957	0.09124	0.07835	0.35897	0.15538	0.01464	0.10065	0.01447	0.03462	0.01038	0.01266	0.00828	0.00537	0.00526	0.00160	0.00728	0.00449	0.00308	0.00807
23	0.01624	0.01781	0.01347	0.01261	0.05118	0.39540	0.00920	0.07518	0.01493	0.03861	0.01969	0.02065	0.16906	0.02582	0.00653	0.00166	0.04624	0.00567	0.00368	0.05636
24	0.01088	0.00936	0.01258	0.02912	0.03374	0.05043	0.09831	0.04912	0.04868	0.03869	0.02212	0.25638	0.06913	0.09772	0.03223	0.00252	0.03326	0.04573	0.00423	0.05578
25	0.03033	0.34514	0.04514	0.03751	0.06451	0.18534	0.04896	0.01709	0.01313	0.02790	0.12233	0.01506	0.01413	0.00603	0.00475	0.00144	0.00661	0.00461	0.00318	0.00682
26	0.18237	0.03169	0.19801	0.06125	0.17121	0.03744	0.01314	0.12227	0.01382	0.03467	0.04646	0.01339	0.00986	0.00567	0.00497	0.00166	0.00626	0.00446	0.00342	0.03797
27	0.20480	0.07309	0.03692	0.03679	0.05344	0.20250	0.03044	0.08665	0.06240	0.02033	0.07460	0.01511	0.02436	0.00627	0.00481	0.00160	0.00621	0.00467	0.04820	0.00680
28	0.01320	0.03622	0.01375	0.01226	0.06120	0.05279	0.06713	0.10916	0.17359	0.06529	0.09321	0.11871	0.11796	0.00942	0.00602	0.00183	0.00501	0.03117	0.00494	0.00711
29	0.01240	0.08331	0.06887	0.06783	0.09374	0.03418	0.06428	0.09783	0.03343	0.01857	0.03253	0.07132	0.07983	0.02970	0.00603	0.00170	0.00564	0.02903	0.03182	0.13796
30	0.09267	0.01312	0.08367	0.03798	0.10274	0.04792	0.09923	0.04943	0.04253	0.01873	0.07891	0.04190	0.02799	0.02849	0.00771	0.00186	0.11351	0.00573	0.03611	0.06978

[dist]
# distance from previous block
# <min> <max>
69	127

[block]
# block no. 10 follows, 43 sequences, length 10
# corresponding to MSA columns:
# 877-886
name=unknown_K
#
# <colnr> <probs for GDERKNQSTAVLIFYWHMCP>
#	G	D	E	R	K	N	Q	S	T	A	V	L	I	F	Y	W	H	M	C	P
0	0.03916	0.01492	0.19024	0.03504	0.05827	0.05702	0.13263	0.03432	0.03702	0.04623	0.13518	0.09918	0.01948	0.02923	0.02014	0.00204	0.00649	0.03270	0.00388	0.00683
1	0.05484	0.05984	0.07467	0.04523	0.01543	0.04776	0.00967	0.20221	0.04955	0.14241	0.01464	0.04081	0.01149	0.03695	0.04955	0.00220	0.04468	0.00526	0.06804	0.02476
2	0.03591	0.11253	0.11074	0.07341	0.13804	0.07485	0.02859	0.13822	0.02872	0.02001	0.10563	0.04628	0.01528	0.00778	0.02554	0.00185	0.00648	0.01907	0.00373	0.00735
3	0.04195	0.07391	0.44166	0.01667	0.06904	0.01330	0.13426	0.04804	0.01278	0.03949	0.04934	0.01385	0.00993	0.00552	0.00539	0.00172	0.00751	0.00481	0.00293	0.00789
4	0.01774	0.06781	0.22077	0.01228	0.01714	0.13637	0.01198	0.07132	0.07773	0.24553	0.03411	0.01569	0.01157	0.02825	0.00592	0.00176	0.00661	0.00488	0.00440	0.00813
5	0.08635	0.01405	0.01372	0.02525	0.03074	0.15156	0.00957	0.18206	0.07670	0.02064	0.01287	0.03593	0.01113	0.04154	0.02281	0.00210	0.16703	0.02898	0.06007	0.00689
6	0.01555	0.01150	0.01258	0.01104	0.01436	0.01287	0.00867	0.02904	0.64167	0.14335	0.02243	0.02037	0.01639	0.00741	0.00562	0.00185	0.00444	0.00615	0.00583	0.00887
7	0.01094	0.00913	0.01061	0.00786	0.01199	0.00706	0.00605	0.01300	0.01094	0.01688	0.01106	0.01544	0.01011	0.13224	0.00795	0.00155	0.00430	0.00404	0.00329	0.70554
8	0.01739	0.01248	0.01355	0.01095	0.01459	0.01344	0.00885	0.44863	0.11763	0.08547	0.02282	0.05895	0.13343	0.00847	0.00579	0.00176	0.00510	0.00678	0.00557	0.00834
9	0.02023	0.01511	0.01616	0.01258	0.01686	0.01679	0.01033	0.67087	0.10885	0.03358	0.01434	0.01413	0.01026	0.00675	0.00555	0.00169	0.00590	0.00513	0.00555	0.00935

[dist]
# distance from previous block
# <min> <max>
0	1

[block]
# block no. 11 follows, 43 sequences, length 54
# corresponding to MSA columns:
# 891-944
name=unknown_L
#
# <colnr> <probs for GDERKNQSTAVLIFYWHMCP>
#	G	D	E	R	K	N	Q	S	T	A	V	L	I	F	Y	W	H	M	C	P
0	0.03032	0.00869	0.02473	0.01032	0.04467	0.00871	0.00795	0.07613	0.07257	0.08790	0.27490	0.06633	0.08509	0.01061	0.00715	0.00193	0.05932	0.11097	0.00530	0.00642
1	0.01360	0.01064	0.01302	0.09887	0.01649	0.01029	0.00870	0.17070	0.01453	0.05594	0.01319	0.08059	0.01151	0.00660	0.00570	0.00140	0.04617	0.02145	0.00399	0.39661
2	0.01005	0.00930	0.01080	0.01112	0.05866	0.08931	0.03526	0.02618	0.01155	0.01494	0.02357	0.39682	0.08043	0.05914	0.00866	0.00217	0.07368	0.01063	0.00420	0.06352
3	0.01470	0.04990	0.06593	0.05335	0.44847	0.18032	0.01478	0.01791	0.02857	0.01656	0.01033	0.01317	0.00862	0.00707	0.04532	0.00197	0.00780	0.00458	0.00279	0.00786
4	0.04307	0.61761	0.02471	0.00969	0.01387	0.10684	0.00909	0.01646	0.01171	0.01361	0.01105	0.01219	0.05513	0.00656	0.02740	0.00151	0.00640	0.00367	0.00265	0.00677
5	0.07094	0.02807	0.01467	0.14475	0.03529	0.04083	0.03658	0.10637	0.01232	0.01809	0.01204	0.01529	0.03584	0.00846	0.02607	0.03826	0.22276	0.00497	0.09420	0.03420
6	0.00965	0.00696	0.00842	0.00861	0.00972	0.00705	0.00610	0.15482	0.01350	0.01804	0.02635	0.60099	0.03028	0.06157	0.00801	0.00232	0.00391	0.01317	0.00511	0.00540
7	0.01449	0.42091	0.04021	0.03017	0.12305	0.06502	0.05833	0.07509	0.01292	0.01602	0.01093	0.04074	0.02286	0.00725	0.03877	0.00176	0.00682	0.00449	0.00291	0.00728
8	0.00676	0.00496	0.00634	0.00739	0.00796	0.00455	0.00501	0.00784	0.01106	0.01453	0.05886	0.66944	0.14165	0.01667	0.00698	0.00218	0.00313	0.01497	0.00517	0.00455
9	0.01868	0.03665	0.01618	0.03969	0.03134	0.14100	0.01060	0.35752	0.06643	0.08442	0.01352	0.01425	0.02464	0.00700	0.00711	0.00174	0.11159	0.00494	0.00455	0.00816
10	0.03948	0.06605	0.01584	0.01263	0.02946	0.18386	0.01001	0.29078	0.11060	0.02331	0.01346	0.01429	0.02848	0.00687	0.00660	0.00168	0.09374	0.00481	0.04028	0.00776
11	0.00962	0.00481	0.00722	0.00722	0.00722	0.00481	0.00481	0.00722	0.00722	0.00962	0.00962	0.01684	0.00962	0.01924	0.02165	0.83886	0.00481	0.00481	0.00241	0.00241
12	0.00673	0.00487	0.00638	0.00758	0.00800	0.00451	0.00508	0.00773	0.01073	0.01419	0.03213	0.75472	0.08262	0.01714	0.00704	0.00223	0.00319	0.01549	0.00514	0.00451
13	0.01184	0.00983	0.01152	0.00825	0.01315	0.00740	0.00660	0.01429	0.01160	0.03804	0.01016	0.01168	0.00835	0.00417	0.00414	0.00084	0.00412	0.00334	0.00338	0.81730
14	0.01589	0.01228	0.01411	0.01150	0.04799	0.01206	0.00886	0.33395	0.03147	0.04433	0.01282	0.04968	0.01036	0.00610	0.00526	0.00136	0.02045	0.00482	0.00444	0.35227
15	0.01210	0.02638	0.67513	0.01659	0.06504	0.01262	0.03371	0.01807	0.01202	0.06232	0.01069	0.01229	0.00754	0.00533	0.00532	0.00175	0.00791	0.00427	0.00264	0.00828
16	0.00792	0.00567	0.00651	0.00656	0.00814	0.00493	0.00482	0.00943	0.01277	0.06350	0.14603	0.22713	0.44863	0.01399	0.00661	0.00193	0.00300	0.01204	0.00538	0.00501
17	0.01108	0.00600	0.00615	0.00583	0.00737	0.00612	0.00445	0.07134	0.01290	0.02183	0.04493	0.02082	0.01520	0.00664	0.00410	0.00134	0.00286	0.00532	0.74022	0.00550
18	0.04985	0.01643	0.04091	0.03098	0.03420	0.19990	0.01040	0.29115	0.01867	0.16555	0.01472	0.01629	0.02525	0.00687	0.00568	0.00168	0.02190	0.03677	0.00473	0.00809
19	0.00770	0.00616	0.00699	0.00698	0.00867	0.00571	0.00536	0.01065	0.07326	0.01756	0.22777	0.08703	0.41590	0.01313	0.00661	0.00193	0.00314	0.08487	0.00542	0.00518
20	0.00791	0.00593	0.00890	0.00890	0.00989	0.00692	0.00692	0.00989	0.00890	0.01286	0.01483	0.02176	0.01385	0.04154	0.78341	0.00890	0.01483	0.00593	0.00297	0.00494
21	0.01273	0.01093	0.01515	0.28604	0.16061	0.06471	0.01264	0.04271	0.04580	0.06431	0.01634	0.05220	0.01497	0.00823	0.00602	0.00194	0.00642	0.16771	0.00375	0.00680
22	0.01310	0.01333	0.05427	0.14776	0.62774	0.01302	0.01690	0.01659	0.01234	0.01747	0.01031	0.01378	0.00849	0.00504	0.00548	0.00168	0.00677	0.00490	0.00268	0.00835
23	0.01332	0.01277	0.02178	0.12400	0.68382	0.01306	0.01681	0.01666	0.01243	0.01763	0.01035	0.01383	0.00861	0.00501	0.00549	0.00167	0.00667	0.00493	0.00271	0.00846
24	0.84448	0.01071	0.00814	0.00728	0.01071	0.01242	0.00600	0.01628	0.00943	0.02485	0.00771	0.00900	0.00600	0.00514	0.00343	0.00171	0.00428	0.00300	0.00343	0.00600
25	0.00666	0.00559	0.00581	0.00594	0.00769	0.00474	0.00447	0.00809	0.01250	0.01498	0.05332	0.10073	0.69022	0.01429	0.00663	0.00192	0.00293	0.04364	0.00514	0.00468
26	0.01876	0.01446	0.03359	0.01349	0.06372	0.01531	0.01050	0.54696	0.08173	0.04792	0.01454	0.04260	0.01115	0.02161	0.00596	0.00174	0.00582	0.00546	0.00519	0.03950
27	0.01361	0.01587	0.12652	0.12936	0.44533	0.05851	0.06306	0.04933	0.01308	0.01794	0.01034	0.01341	0.00825	0.00516	0.00550	0.00169	0.00726	0.00484	0.00278	0.00815
28	0.00675	0.00482	0.00643	0.00771	0.00803	0.00450	0.00514	0.00771	0.01060	0.01414	0.03053	0.80175	0.03663	0.01735	0.00707	0.00225	0.00321	0.01574	0.00514	0.00450
29	0.00809	0.00620	0.00925	0.00915	0.01009	0.00736	0.00715	0.01004	0.00888	0.01288	0.01451	0.02134	0.01356	0.04016	0.75026	0.00862	0.04864	0.00589	0.00294	0.00499
30	0.01366	0.01242	0.01355	0.04390	0.01570	0.08732	0.03453	0.10988	0.01382	0.01958	0.01021	0.01183	0.00822	0.00467	0.00453	0.00107	0.00528	0.00372	0.00348	0.58264
31	0.00962	0.00481	0.00722	0.00722	0.00722	0.00481	0.00481	0.00722	0.00722	0.00962	0.00962	0.01684	0.00962	0.01924	0.02165	0.83886	0.00481	0.00481	0.00241	0.00241
32	0.01307	0.01494	0.03268	0.02334	0.02894	0.01401	0.75070	0.01774	0.01307	0.01774	0.01120	0.01494	0.00840	0.00467	0.00654	0.00187	0.00934	0.00654	0.00280	0.00747
33	0.00903	0.00592	0.00778	0.00717	0.00868	0.00543	0.00543	0.01161	0.01569	0.07473	0.71581	0.03980	0.04957	0.01101	0.00646	0.00174	0.00276	0.00971	0.00615	0.00552
34	0.01284	0.39333	0.42713	0.01284	0.01941	0.01709	0.01533	0.01709	0.01149	0.01543	0.00889	0.01038	0.00706	0.00502	0.00446	0.00149	0.00713	0.00356	0.00235	0.00768
35	0.01032	0.00516	0.00516	0.00516	0.00645	0.00516	0.00387	0.01290	0.01161	0.02065	0.01807	0.02065	0.01420	0.00645	0.00387	0.00129	0.00258	0.00516	0.83611	0.00516
36	0.00675	0.00482	0.00643	0.00771	0.00803	0.00450	0.00514	0.00771	0.01060	0.01414	0.03053	0.80175	0.03663	0.01735	0.00707	0.00225	0.00321	0.01574	0.00514	0.00450
37	0.01160	0.01221	0.02463	0.10701	0.08750	0.01198	0.44745	0.01525	0.01223	0.01658	0.01461	0.16593	0.01372	0.00734	0.00670	0.00193	0.02534	0.00795	0.00320	0.00683
38	0.00783	0.00569	0.00739	0.00705	0.00838	0.00525	0.00534	0.01039	0.01542	0.02165	0.70444	0.04281	0.08282	0.01161	0.00658	0.00178	0.00273	0.04163	0.00601	0.00520
39	0.01428	0.64763	0.16439	0.01074	0.01606	0.03923	0.01150	0.01689	0.01144	0.01386	0.00813	0.00942	0.00709	0.00486	0.00390	0.00129	0.00643	0.00318	0.00238	0.00729
40	0.84448	0.01071	0.00814	0.00728	0.01071	0.01242	0.00600	0.01628	0.00943	0.02485	0.00771	0.00900	0.00600	0.00514	0.00343	0.00171	0.00428	0.00300	0.00343	0.00600
41	0.00784	0.00566	0.00740	0.00697	0.00827	0.00523	0.00523	0.01045	0.01568	0.02221	0.76789	0.04137	0.05226	0.01132	0.00653	0.00174	0.00261	0.01002	0.00610	0.00523
42	0.00701	0.00520	0.00737	0.00821	0.00876	0.00486	0.03060	0.00818	0.01092	0.01463	0.06364	0.74006	0.03638	0.01664	0.00703	0.00221	0.00339	0.01517	0.00510	0.00463
43	0.01276	0.11732	0.20323	0.01919	0.02485	0.01496	0.43253	0.01721	0.01218	0.01677	0.01017	0.01321	0.00783	0.00520	0.00675	0.00180	0.06855	0.00539	0.00261	0.00748
