[name]
unknown

[dist]
# distance from previous block
# <min> <max>
0	0

[block]
# block no. 0 follows, 46 sequences, length 159
# corresponding to MSA columns:
# 225-238,254-274,277-283,285-305,328-337,350,351,391-474
name=unknown_A
#
# <colnr> <probs for GDERKNQSTAVLIFYWHMCP>
#	G	D	E	R	K	N	Q	S	T	A	V	L	I	F	Y	W	H	M	C	P
0	0.00852	0.00608	0.00852	0.00974	0.01095	0.00608	0.00852	0.01095	0.01217	0.01582	0.02799	0.05963	0.03042	0.01460	0.00730	0.00243	0.00487	0.74565	0.00487	0.00487
1	0.02010	0.01481	0.01587	0.01216	0.01639	0.01639	0.01005	0.76360	0.02486	0.03332	0.01269	0.01269	0.00899	0.00635	0.00529	0.00159	0.00582	0.00476	0.00529	0.00899
2	0.01776	0.01347	0.01442	0.01161	0.01540	0.01506	0.00941	0.49011	0.28471	0.04709	0.01596	0.01527	0.01158	0.00664	0.00532	0.00166	0.00522	0.00520	0.00535	0.00877
3	0.00716	0.00539	0.00662	0.00631	0.00770	0.00485	0.00473	0.00935	0.01420	0.01939	0.58857	0.04247	0.24089	0.01148	0.00624	0.00169	0.00254	0.00998	0.00558	0.00485
4	0.00755	0.00566	0.00850	0.00850	0.00944	0.00661	0.00661	0.00944	0.00850	0.01227	0.01416	0.02077	0.01322	0.03965	0.79326	0.00850	0.01416	0.00566	0.00283	0.00472
5	0.00744	0.00540	0.00700	0.00660	0.00787	0.00497	0.00495	0.00989	0.01486	0.02095	0.75198	0.03991	0.07650	0.01090	0.00624	0.00167	0.00250	0.00962	0.00579	0.00497
6	0.00745	0.00535	0.00686	0.00765	0.00829	0.00517	0.00527	0.05997	0.01142	0.01531	0.07069	0.71145	0.03401	0.01553	0.00662	0.00208	0.00323	0.01400	0.00499	0.00466
7	0.01060	0.02735	0.78682	0.01507	0.02288	0.01228	0.01953	0.01674	0.01116	0.01674	0.00949	0.01116	0.00670	0.00502	0.00502	0.00167	0.00781	0.00391	0.00223	0.00781
8	0.01096	0.00940	0.01096	0.00783	0.01253	0.00705	0.00626	0.01331	0.01096	0.01723	0.00940	0.01096	0.00783	0.00392	0.00392	0.00078	0.00392	0.00313	0.00313	0.84653
9	0.01115	0.00916	0.01078	0.00786	0.01233	0.00694	0.00625	0.01342	0.01105	0.04075	0.01067	0.04841	0.00926	0.00458	0.00409	0.00087	0.00389	0.00375	0.00332	0.78146
10	0.01315	0.01136	0.01195	0.01076	0.01375	0.01315	0.00837	0.02809	0.77168	0.02211	0.02152	0.01972	0.01614	0.00717	0.00538	0.00179	0.00418	0.00598	0.00538	0.00837
11	0.01283	0.01230	0.02100	0.09587	0.71981	0.01249	0.01610	0.01600	0.01192	0.01696	0.00990	0.01317	0.00826	0.00476	0.00524	0.00159	0.00634	0.00471	0.00259	0.00817
12	0.85155	0.01022	0.00777	0.00695	0.01022	0.01186	0.00573	0.01554	0.00900	0.02372	0.00736	0.00859	0.00573	0.00491	0.00327	0.00164	0.00409	0.00286	0.00327	0.00573
13	0.01308	0.01256	0.02146	0.03245	0.78123	0.01256	0.01622	0.01622	0.01204	0.01727	0.00994	0.01308	0.00837	0.00471	0.00523	0.00157	0.00628	0.00471	0.00262	0.00837
14	0.00746	0.00539	0.00705	0.00667	0.00789	0.00497	0.00499	0.00992	0.01485	0.02102	0.76114	0.05730	0.04954	0.01094	0.00625	0.00167	0.00251	0.00969	0.00580	0.00497
15	0.00746	0.00560	0.00684	0.00650	0.00792	0.00512	0.00488	0.02774	0.01435	0.01958	0.56133	0.06706	0.22305	0.01151	0.00623	0.00171	0.00264	0.01001	0.00556	0.00494
16	0.00690	0.00504	0.00651	0.00699	0.00783	0.00464	0.00499	0.00853	0.01226	0.01664	0.32217	0.41331	0.10982	0.01396	0.00652	0.00194	0.00287	0.03922	0.00526	0.00460
17	0.01678	0.02022	0.03423	0.01647	0.06437	0.44718	0.17195	0.04875	0.04547	0.01530	0.00949	0.01148	0.00764	0.00555	0.00603	0.00156	0.06360	0.00434	0.00288	0.00669
18	0.01315	0.01136	0.01195	0.01076	0.01375	0.01315	0.00837	0.02809	0.77168	0.02211	0.02152	0.01972	0.01614	0.00717	0.00538	0.00179	0.00418	0.00598	0.00538	0.00837
19	0.01443	0.01253	0.01264	0.01110	0.01424	0.05339	0.00869	0.12767	0.63159	0.02317	0.01964	0.01825	0.01469	0.00697	0.00534	0.00174	0.00468	0.00568	0.00523	0.00834
20	0.01234	0.00840	0.01181	0.07533	0.01381	0.00981	0.00891	0.04878	0.01105	0.15369	0.01528	0.04752	0.01362	0.01776	0.23387	0.00386	0.19828	0.08711	0.02274	0.00605
21	0.85155	0.01022	0.00777	0.00695	0.01022	0.01186	0.00573	0.01554	0.00900	0.02372	0.00736	0.00859	0.00573	0.00491	0.00327	0.00164	0.00409	0.00286	0.00327	0.00573
22	0.01157	0.00938	0.01102	0.00790	0.01257	0.00708	0.00634	0.01390	0.01116	0.05355	0.00994	0.01129	0.00808	0.00404	0.00398	0.00082	0.00394	0.00324	0.00329	0.80690
23	0.00641	0.00488	0.00590	0.00667	0.00750	0.00437	0.00461	0.00751	0.01090	0.01397	0.05810	0.53531	0.28415	0.01534	0.00657	0.00201	0.00292	0.01358	0.00493	0.00437
24	0.01413	0.81739	0.02770	0.00905	0.01357	0.02092	0.00905	0.01583	0.01074	0.01244	0.00735	0.00848	0.00678	0.00452	0.00339	0.00113	0.00565	0.00283	0.00226	0.00678
25	0.00641	0.00535	0.00553	0.00549	0.00717	0.00454	0.00408	0.00782	0.01219	0.01481	0.12201	0.04924	0.68388	0.03961	0.00693	0.00188	0.00274	0.01089	0.00494	0.00447
26	0.01060	0.02735	0.78682	0.01507	0.02288	0.01228	0.01953	0.01674	0.01116	0.01674	0.00949	0.01116	0.00670	0.00502	0.00502	0.00167	0.00781	0.00391	0.00223	0.00781
27	0.00644	0.00460	0.00613	0.00736	0.00767	0.00429	0.00491	0.00736	0.01012	0.01350	0.02914	0.81076	0.03497	0.01656	0.00675	0.00215	0.00307	0.01503	0.00491	0.00429
28	0.00918	0.00459	0.00689	0.00689	0.00689	0.00459	0.00459	0.00689	0.00689	0.00918	0.00918	0.01607	0.00918	0.01837	0.02066	0.84619	0.00459	0.00459	0.00230	0.00230
29	0.01207	0.00936	0.01108	0.00797	0.01261	0.00711	0.00639	0.01439	0.01132	0.08364	0.01039	0.01157	0.00828	0.00414	0.00404	0.00086	0.00397	0.00332	0.00343	0.77407
30	0.01287	0.01234	0.02108	0.08501	0.73033	0.01251	0.01612	0.01604	0.01194	0.01701	0.00991	0.01315	0.00828	0.00475	0.00524	0.00158	0.00633	0.00471	0.00260	0.00820
31	0.01060	0.02735	0.78682	0.01507	0.02288	0.01228	0.01953	0.01674	0.01116	0.01674	0.00949	0.01116	0.00670	0.00502	0.00502	0.00167	0.00781	0.00391	0.00223	0.00781
32	0.02372	0.00900	0.01227	0.00941	0.01350	0.00777	0.00777	0.02576	0.01513	0.78489	0.02086	0.01799	0.01309	0.00654	0.00532	0.00164	0.00450	0.00532	0.00654	0.00900
33	0.01096	0.00940	0.01096	0.00783	0.01253	0.00705	0.00626	0.01331	0.01096	0.01723	0.00940	0.01096	0.00783	0.00392	0.00392	0.00078	0.00392	0.00313	0.00313	0.84653
34	0.01306	0.01264	0.02191	0.03198	0.74615	0.01260	0.05094	0.01626	0.01206	0.01726	0.00998	0.01314	0.00836	0.00470	0.00528	0.00158	0.00640	0.00478	0.00262	0.00832
35	0.02337	0.00956	0.01262	0.00967	0.01378	0.00861	0.00799	0.09727	0.01607	0.71205	0.02007	0.01748	0.01269	0.00652	0.00531	0.00163	0.00463	0.00526	0.00642	0.00900
36	0.00959	0.00640	0.00809	0.00736	0.00906	0.00616	0.00562	0.01344	0.10020	0.09027	0.62479	0.03532	0.04276	0.01001	0.00606	0.00167	0.00287	0.00877	0.00584	0.00573
37	0.00998	0.00940	0.01586	0.80150	0.03641	0.01175	0.01468	0.01351	0.01057	0.01351	0.00940	0.01409	0.00705	0.00529	0.00529	0.00176	0.00705	0.00470	0.00235	0.00587
38	0.01975	0.02520	0.01498	0.01362	0.01634	0.79299	0.01021	0.02111	0.01498	0.01294	0.00817	0.00953	0.00681	0.00545	0.00477	0.00136	0.00953	0.00340	0.00272	0.00613
39	0.00769	0.00513	0.00577	0.00577	0.00577	0.00513	0.00320	0.00769	0.00769	0.01025	0.01666	0.03460	0.01922	0.81421	0.02691	0.00513	0.00513	0.00769	0.00320	0.00320
40	0.00742	0.00540	0.00698	0.00659	0.00786	0.00496	0.00494	0.00986	0.01482	0.02087	0.74370	0.04004	0.08484	0.01093	0.00624	0.00167	0.00250	0.00964	0.00578	0.00496
41	0.01248	0.01426	0.03119	0.02228	0.02763	0.01337	0.76203	0.01693	0.01248	0.01693	0.01070	0.01426	0.00802	0.00446	0.00624	0.00178	0.00891	0.00624	0.00267	0.00713
42	0.00644	0.00460	0.00613	0.00736	0.00767	0.00429	0.00491	0.00736	0.01012	0.01350	0.02914	0.81076	0.03497	0.01656	0.00675	0.00215	0.00307	0.01503	0.00491	0.00429
43	0.01023	0.00529	0.00533	0.00519	0.00653	0.00535	0.00393	0.03974	0.01159	0.02021	0.01708	0.01945	0.01338	0.00617	0.00375	0.00124	0.00259	0.00492	0.81296	0.00508
44	0.00660	0.00472	0.00630	0.00743	0.00783	0.00442	0.00508	0.00768	0.01051	0.01406	0.07385	0.72972	0.03564	0.01613	0.00674	0.00213	0.00312	0.04871	0.00496	0.00436
45	0.01091	0.09517	0.72165	0.01455	0.02208	0.01302	0.01863	0.01666	0.01113	0.01637	0.00930	0.01093	0.00670	0.00498	0.00488	0.00163	0.00763	0.00381	0.00223	0.00772
46	0.79575	0.01123	0.00825	0.00740	0.01063	0.06426	0.00603	0.01591	0.00940	0.02300	0.00742	0.00865	0.00580	0.00494	0.00337	0.00162	0.00445	0.00290	0.00323	0.00575
47	0.00755	0.00566	0.00850	0.00850	0.00944	0.00661	0.00661	0.00944	0.00850	0.01227	0.01416	0.02077	0.01322	0.03965	0.79326	0.00850	0.01416	0.00566	0.00283	0.00472
48	0.00757	0.00558	0.00807	0.00807	0.00887	0.00638	0.00608	0.00917	0.00837	0.01196	0.01455	0.02292	0.01415	0.16035	0.67384	0.00797	0.01275	0.00598	0.00289	0.00448
49	0.01461	0.70342	0.05404	0.00976	0.01421	0.10357	0.00955	0.01643	0.01121	0.01265	0.00752	0.00869	0.00678	0.00464	0.00360	0.00118	0.00615	0.00293	0.00231	0.00675
50	0.19438	0.10311	0.01488	0.06511	0.01607	0.46170	0.00947	0.03586	0.01307	0.01567	0.00808	0.00964	0.00665	0.00532	0.00459	0.00145	0.02260	0.00337	0.00282	0.00615
51	0.01335	0.01178	0.01205	0.01085	0.01383	0.03723	0.00842	0.02788	0.74832	0.02183	0.02110	0.01941	0.01585	0.00712	0.00536	0.00178	0.00435	0.00590	0.00530	0.00830
52	0.00684	0.00581	0.00599	0.00609	0.00764	0.02187	0.00448	0.00853	0.02962	0.01493	0.11280	0.16580	0.56438	0.01333	0.00627	0.00182	0.00291	0.01132	0.00495	0.00461
53	0.00769	0.00513	0.00577	0.00577	0.00577	0.00513	0.00320	0.00769	0.00769	0.01025	0.01666	0.03460	0.01922	0.81421	0.02691	0.00513	0.00513	0.00769	0.00320	0.00320
54	0.01157	0.01157	0.01619	0.01388	0.01388	0.01619	0.01157	0.01272	0.00810	0.01272	0.00694	0.01157	0.00694	0.00925	0.01735	0.00231	0.80453	0.00463	0.00231	0.00578
55	0.00998	0.00940	0.01586	0.80150	0.03641	0.01175	0.01468	0.01351	0.01057	0.01351	0.00940	0.01409	0.00705	0.00529	0.00529	0.00176	0.00705	0.00470	0.00235	0.00587
56	0.00681	0.00535	0.00615	0.00601	0.00750	0.00469	0.00448	0.00865	0.01329	0.01735	0.37749	0.07222	0.42647	0.01234	0.00626	0.00174	0.00261	0.01058	0.00532	0.00469
57	0.00628	0.00534	0.00541	0.00542	0.00717	0.00447	0.00406	0.00763	0.01207	0.01440	0.06744	0.06699	0.74859	0.01341	0.00626	0.00179	0.00268	0.01121	0.00493	0.00447
58	0.01278	0.01211	0.01995	0.02892	0.67095	0.01177	0.01480	0.01581	0.01188	0.01726	0.00987	0.01278	0.00830	0.00460	0.00504	0.00146	0.00594	0.00448	0.00269	0.12862
59	0.27279	0.12582	0.01522	0.01040	0.01428	0.04126	0.03169	0.33244	0.06800	0.02551	0.01070	0.01127	0.00807	0.00562	0.00442	0.00155	0.00537	0.00399	0.00409	0.00749
60	0.00769	0.00513	0.00577	0.00577	0.00577	0.00513	0.00320	0.00769	0.00769	0.01025	0.01666	0.03460	0.01922	0.81421	0.02691	0.00513	0.00513	0.00769	0.00320	0.00320
61	0.00675	0.00486	0.00647	0.00764	0.00815	0.00458	0.00542	0.00792	0.01052	0.01389	0.03000	0.66300	0.06588	0.01613	0.00681	0.00218	0.00333	0.12719	0.00490	0.00439
62	0.00810	0.00558	0.00703	0.00656	0.00805	0.00504	0.00496	0.01037	0.01445	0.05971	0.60787	0.04043	0.17987	0.01105	0.00619	0.00168	0.00263	0.00963	0.00569	0.00510
63	0.01248	0.01426	0.03119	0.02228	0.02763	0.01337	0.76203	0.01693	0.01248	0.01693	0.01070	0.01426	0.00802	0.00446	0.00624	0.00178	0.00891	0.00624	0.00267	0.00713
64	0.75624	0.01003	0.00795	0.00711	0.01029	0.01155	0.00581	0.01625	0.04898	0.03771	0.00878	0.00982	0.00674	0.00511	0.00344	0.00163	0.00403	0.00316	0.03948	0.00589
65	0.85155	0.01022	0.00777	0.00695	0.01022	0.01186	0.00573	0.01554	0.00900	0.02372	0.00736	0.00859	0.00573	0.00491	0.00327	0.00164	0.00409	0.00286	0.00327	0.00573
66	0.01413	0.81739	0.02770	0.00905	0.01357	0.02092	0.00905	0.01583	0.01074	0.01244	0.00735	0.00848	0.00678	0.00452	0.00339	0.00113	0.00565	0.00283	0.00226	0.00678
67	0.01096	0.00940	0.01096	0.00783	0.01253	0.00705	0.00626	0.01331	0.01096	0.01723	0.00940	0.01096	0.00783	0.00392	0.00392	0.00078	0.00392	0.00313	0.00313	0.84653
68	0.01354	0.01127	0.01197	0.01071	0.01374	0.01295	0.00835	0.02801	0.74407	0.04996	0.02149	0.01966	0.01603	0.00715	0.00538	0.00179	0.00420	0.00595	0.00542	0.00839
69	0.79729	0.01027	0.00814	0.00717	0.01050	0.01178	0.00591	0.03272	0.00962	0.05672	0.00806	0.00908	0.00612	0.00501	0.00340	0.00163	0.00415	0.00301	0.00346	0.00594
70	0.01639	0.01297	0.01378	0.01141	0.01498	0.01467	0.00915	0.37172	0.42276	0.02735	0.01739	0.01644	0.01280	0.00679	0.00534	0.00170	0.00495	0.00541	0.00534	0.00866
71	0.85155	0.01022	0.00777	0.00695	0.01022	0.01186	0.00573	0.01554	0.00900	0.02372	0.00736	0.00859	0.00573	0.00491	0.00327	0.00164	0.00409	0.00286	0.00327	0.00573
72	0.01304	0.01209	0.04734	0.01243	0.06856	0.01295	0.00938	0.04096	0.65187	0.02173	0.03692	0.01917	0.01578	0.00697	0.00537	0.00176	0.00449	0.00585	0.00505	0.00828
73	0.83361	0.01021	0.00794	0.02389	0.01078	0.01186	0.00592	0.01550	0.00903	0.02350	0.00740	0.00871	0.00575	0.00492	0.00331	0.00164	0.00415	0.00290	0.00325	0.00573
74	0.85155	0.01022	0.00777	0.00695	0.01022	0.01186	0.00573	0.01554	0.00900	0.02372	0.00736	0.00859	0.00573	0.00491	0.00327	0.00164	0.00409	0.00286	0.00327	0.00573
75	0.02724	0.12692	0.64630	0.01442	0.02164	0.01341	0.04654	0.01661	0.01112	0.01634	0.00922	0.01089	0.00674	0.00494	0.00483	0.00161	0.00751	0.00384	0.00227	0.00762
76	0.01962	0.01457	0.01560	0.01207	0.01621	0.01617	0.00993	0.71369	0.07554	0.03256	0.01329	0.01317	0.00948	0.00640	0.00529	0.00160	0.00571	0.00484	0.00529	0.00895
77	0.00625	0.00536	0.00536	0.00536	0.00714	0.00446	0.00402	0.00759	0.01205	0.01428	0.05355	0.05088	0.77909	0.01339	0.00625	0.00179	0.00268	0.01116	0.00491	0.00446
78	0.00755	0.00566	0.00850	0.00850	0.00944	0.00661	0.00661	0.00944	0.00850	0.01227	0.01416	0.02077	0.01322	0.03965	0.79326	0.00850	0.01416	0.00566	0.00283	0.00472
79	0.85155	0.01022	0.00777	0.00695	0.01022	0.01186	0.00573	0.01554	0.00900	0.02372	0.00736	0.00859	0.00573	0.00491	0.00327	0.00164	0.00409	0.00286	0.00327	0.00573
80	0.42774	0.09785	0.07372	0.00889	0.01293	0.01239	0.00806	0.09195	0.01230	0.19330	0.01108	0.01129	0.00789	0.00538	0.00408	0.00158	0.00482	0.00368	0.00401	0.00706
81	0.01150	0.00810	0.00993	0.00884	0.03885	0.02011	0.00659	0.01511	0.08719	0.11996	0.34704	0.02626	0.02811	0.00786	0.00539	0.00145	0.00360	0.02274	0.00498	0.22638
82	0.00769	0.00513	0.00577	0.00577	0.00577	0.00513	0.00320	0.00769	0.00769	0.01025	0.01666	0.03460	0.01922	0.81421	0.02691	0.00513	0.00513	0.00769	0.00320	0.00320
83	0.03967	0.01038	0.01267	0.00962	0.01385	0.00960	0.00790	0.18452	0.01623	0.43844	0.01630	0.01511	0.01089	0.00590	0.00496	0.00144	0.00465	0.00467	0.00546	0.18772
84	0.01413	0.81739	0.02770	0.00905	0.01357	0.02092	0.00905	0.01583	0.01074	0.01244	0.00735	0.00848	0.00678	0.00452	0.00339	0.00113	0.00565	0.00283	0.00226	0.00678
85	0.01060	0.02735	0.78682	0.01507	0.02288	0.01228	0.01953	0.01674	0.01116	0.01674	0.00949	0.01116	0.00670	0.00502	0.00502	0.00167	0.00781	0.00391	0.00223	0.00781
86	0.00757	0.00516	0.00580	0.00580	0.00597	0.00511	0.00336	0.00773	0.00806	0.01063	0.01959	0.03556	0.08088	0.72884	0.04523	0.00494	0.00516	0.00792	0.00333	0.00335
87	0.01157	0.01157	0.01619	0.01388	0.01388	0.01619	0.01157	0.01272	0.00810	0.01272	0.00694	0.01157	0.00694	0.00925	0.01735	0.00231	0.80453	0.00463	0.00231	0.00578
88	0.01965	0.01459	0.01562	0.01207	0.01623	0.01619	0.00994	0.71670	0.07249	0.03260	0.01326	0.01314	0.00945	0.00640	0.00529	0.00160	0.00571	0.00484	0.00529	0.00895
89	0.00998	0.00940	0.01586	0.80150	0.03641	0.01175	0.01468	0.01351	0.01057	0.01351	0.00940	0.01409	0.00705	0.00529	0.00529	0.00176	0.00705	0.00470	0.00235	0.00587
90	0.00643	0.00463	0.00610	0.00728	0.00765	0.00430	0.00487	0.00737	0.01020	0.01353	0.03018	0.77817	0.06687	0.01643	0.00673	0.00213	0.00305	0.01486	0.00491	0.00430
91	0.01038	0.00980	0.01658	0.70248	0.13231	0.01185	0.01488	0.01386	0.01076	0.01399	0.00947	0.01396	0.00722	0.00521	0.00528	0.00174	0.00695	0.00470	0.00238	0.00619
92	0.00769	0.00513	0.00577	0.00577	0.00577	0.00513	0.00320	0.00769	0.00769	0.01025	0.01666	0.03460	0.01922	0.81421	0.02691	0.00513	0.00513	0.00769	0.00320	0.00320
93	0.01688	0.01931	0.01689	0.05588	0.25327	0.43684	0.01217	0.05254	0.05742	0.01573	0.00974	0.01156	0.00793	0.00535	0.00499	0.00148	0.00794	0.00407	0.00294	0.00706
94	0.01157	0.01157	0.01619	0.01388	0.01388	0.01619	0.01157	0.01272	0.00810	0.01272	0.00694	0.01157	0.00694	0.00925	0.01735	0.00231	0.80453	0.00463	0.00231	0.00578
95	0.00998	0.00940	0.01586	0.80150	0.03641	0.01175	0.01468	0.01351	0.01057	0.01351	0.00940	0.01409	0.00705	0.00529	0.00529	0.00176	0.00705	0.00470	0.00235	0.00587
96	0.85155	0.01022	0.00777	0.00695	0.01022	0.01186	0.00573	0.01554	0.00900	0.02372	0.00736	0.00859	0.00573	0.00491	0.00327	0.00164	0.00409	0.00286	0.00327	0.00573
97	0.00649	0.00482	0.00597	0.00681	0.00747	0.00440	0.00463	0.00752	0.01061	0.01379	0.06018	0.57532	0.20364	0.05277	0.00755	0.00219	0.00305	0.01362	0.00486	0.00431
98	0.00742	0.00535	0.00701	0.00669	0.00788	0.00495	0.00498	0.00982	0.01467	0.02073	0.73242	0.08686	0.04897	0.01116	0.00627	0.00169	0.00253	0.00990	0.00576	0.00495
99	0.02372	0.00900	0.01227	0.00941	0.01350	0.00777	0.00777	0.02576	0.01513	0.78489	0.02086	0.01799	0.01309	0.00654	0.00532	0.00164	0.00450	0.00532	0.00654	0.00900
100	0.00962	0.00513	0.00557	0.00579	0.00702	0.00513	0.00456	0.01207	0.01128	0.01901	0.01917	0.02686	0.01657	0.00767	0.00434	0.00145	0.00289	0.13761	0.69332	0.00492
101	0.02372	0.00900	0.01227	0.00941	0.01350	0.00777	0.00777	0.02576	0.01513	0.78489	0.02086	0.01799	0.01309	0.00654	0.00532	0.00164	0.00450	0.00532	0.00654	0.00900
102	0.10277	0.02326	0.01430	0.01289	0.01573	0.68185	0.00976	0.05228	0.01481	0.01489	0.00828	0.00957	0.00679	0.00543	0.00464	0.00140	0.00883	0.00341	0.00289	0.00621
103	0.02196	0.01119	0.08725	0.01016	0.01459	0.00888	0.00906	0.07140	0.03422	0.64442	0.01926	0.01704	0.01229	0.00640	0.00529	0.00164	0.00489	0.00516	0.00602	0.00887
104	0.72584	0.01148	0.00895	0.00782	0.01115	0.05467	0.00639	0.08834	0.01086	0.02406	0.00792	0.00904	0.00610	0.00508	0.00355	0.00162	0.00455	0.00308	0.00344	0.00606
105	0.01714	0.01357	0.01485	0.07338	0.03506	0.03161	0.01007	0.46066	0.23802	0.02775	0.01481	0.01476	0.01083	0.00644	0.00530	0.00165	0.00553	0.00507	0.00497	0.00849
106	0.01172	0.00958	0.01118	0.00804	0.01270	0.00741	0.00645	0.04111	0.01161	0.04319	0.00990	0.01126	0.00805	0.00409	0.00401	0.00084	0.00400	0.00326	0.00332	0.78827
107	0.01571	0.01847	0.01558	0.01375	0.01513	0.40974	0.01088	0.01697	0.01158	0.01283	0.00756	0.01054	0.00687	0.00733	0.01097	0.00183	0.40176	0.00401	0.00252	0.00596
108	0.01924	0.01438	0.01539	0.01199	0.01607	0.01600	0.00984	0.67328	0.11657	0.03194	0.01378	0.01356	0.00987	0.00645	0.00530	0.00161	0.00562	0.00491	0.00530	0.00891
109	0.01975	0.02520	0.01498	0.01362	0.01634	0.79299	0.01021	0.02111	0.01498	0.01294	0.00817	0.00953	0.00681	0.00545	0.00477	0.00136	0.00953	0.00340	0.00272	0.00613
110	0.71249	0.01112	0.00871	0.00765	0.01097	0.06446	0.00623	0.01694	0.01002	0.09894	0.00876	0.00959	0.00653	0.00511	0.00358	0.00162	0.00450	0.00314	0.00356	0.00608
111	0.02010	0.01481	0.01587	0.01216	0.01639	0.01639	0.01005	0.76360	0.02486	0.03332	0.01269	0.01269	0.00899	0.00635	0.00529	0.00159	0.00582	0.00476	0.00529	0.00899
112	0.01248	0.01426	0.03119	0.02228	0.02763	0.01337	0.76203	0.01693	0.01248	0.01693	0.01070	0.01426	0.00802	0.00446	0.00624	0.00178	0.00891	0.00624	0.00267	0.00713
113	0.00769	0.00513	0.00577	0.00577	0.00577	0.00513	0.00320	0.00769	0.00769	0.01025	0.01666	0.03460	0.01922	0.81421	0.02691	0.00513	0.00513	0.00769	0.00320	0.00320
114	0.00769	0.00513	0.00577	0.00577	0.00577	0.00513	0.00320	0.00769	0.00769	0.01025	0.01666	0.03460	0.01922	0.81421	0.02691	0.00513	0.00513	0.00769	0.00320	0.00320
115	0.00704	0.00554	0.00631	0.00666	0.00811	0.00500	0.00524	0.00857	0.01166	0.01434	0.04259	0.05183	0.48911	0.09135	0.00855	0.00230	0.00355	0.22305	0.00473	0.00446
116	0.01491	0.01269	0.01292	0.01118	0.01442	0.04780	0.00881	0.18400	0.58011	0.02409	0.01906	0.01779	0.01421	0.00692	0.00533	0.00173	0.00476	0.00561	0.00524	0.00840
117	0.00648	0.00462	0.00612	0.00731	0.00760	0.00432	0.00485	0.00737	0.01004	0.01338	0.02870	0.78374	0.03442	0.04433	0.00745	0.00225	0.00314	0.01477	0.00485	0.00426
118	0.01415	0.77314	0.05253	0.00932	0.01394	0.02053	0.00941	0.03276	0.01107	0.01305	0.00754	0.00866	0.00683	0.00458	0.00349	0.00116	0.00573	0.00291	0.00233	0.00687
119	0.01088	0.01016	0.01691	0.63284	0.17554	0.01204	0.01483	0.03718	0.01129	0.01483	0.00960	0.01386	0.00736	0.00521	0.00528	0.00172	0.00687	0.00470	0.00249	0.00644
120	0.01071	0.00576	0.00585	0.00553	0.00702	0.00589	0.00423	0.07538	0.01224	0.02085	0.01686	0.01912	0.01317	0.00617	0.00383	0.00126	0.00275	0.00491	0.77319	0.00527
121	0.01385	0.75437	0.08826	0.00953	0.01431	0.02023	0.00988	0.01590	0.01078	0.01278	0.00752	0.00869	0.00678	0.00456	0.00352	0.00117	0.00583	0.00291	0.00226	0.00687
122	0.00915	0.02301	0.00725	0.00682	0.00693	0.00501	0.00455	0.00717	0.00705	0.00936	0.00989	0.01775	0.01013	0.09747	0.02089	0.74316	0.00467	0.00486	0.00239	0.00249
123	0.00643	0.00464	0.00610	0.00727	0.00764	0.00430	0.00487	0.00737	0.01021	0.01353	0.03027	0.77539	0.06960	0.01641	0.00672	0.00213	0.00305	0.01485	0.00491	0.00430
124	0.01470	0.71049	0.04225	0.00969	0.01408	0.10869	0.00940	0.01645	0.01123	0.01259	0.00749	0.00866	0.00679	0.00464	0.00358	0.00117	0.00614	0.00292	0.00231	0.00673
125	0.05148	0.01203	0.01892	0.23826	0.49448	0.04089	0.01497	0.01554	0.01150	0.01627	0.00953	0.01298	0.00779	0.00503	0.00548	0.00164	0.02866	0.00457	0.00257	0.00742
126	0.01308	0.01256	0.02146	0.03245	0.78123	0.01256	0.01622	0.01622	0.01204	0.01727	0.00994	0.01308	0.00837	0.00471	0.00523	0.00157	0.00628	0.00471	0.00262	0.00837
127	0.01591	0.01854	0.01557	0.01371	0.01518	0.40918	0.01085	0.03462	0.01197	0.01332	0.00770	0.01056	0.00692	0.00726	0.01070	0.00181	0.38355	0.00401	0.00259	0.00603
128	0.01315	0.01136	0.01195	0.01076	0.01375	0.01315	0.00837	0.02809	0.77168	0.02211	0.02152	0.01972	0.01614	0.00717	0.00538	0.00179	0.00418	0.00598	0.00538	0.00837
129	0.00625	0.00536	0.00536	0.00536	0.00714	0.00446	0.00402	0.00759	0.01205	0.01428	0.05355	0.05088	0.77909	0.01339	0.00625	0.00179	0.00268	0.01116	0.00491	0.00446
130	0.00768	0.00514	0.00584	0.00584	0.00587	0.00517	0.00330	0.00774	0.00771	0.01031	0.01659	0.03421	0.01905	0.79271	0.04818	0.00522	0.00538	0.00763	0.00319	0.00325
131	0.85155	0.01022	0.00777	0.00695	0.01022	0.01186	0.00573	0.01554	0.00900	0.02372	0.00736	0.00859	0.00573	0.00491	0.00327	0.00164	0.00409	0.00286	0.00327	0.00573
132	0.01308	0.01256	0.02146	0.03245	0.78123	0.01256	0.01622	0.01622	0.01204	0.01727	0.00994	0.01308	0.00837	0.00471	0.00523	0.00157	0.00628	0.00471	0.00262	0.00837
133	0.00742	0.00540	0.00697	0.00658	0.00786	0.00496	0.00494	0.00985	0.01481	0.02083	0.73931	0.04010	0.08925	0.01095	0.00624	0.00167	0.00250	0.00965	0.00577	0.00496
134	0.01350	0.01153	0.01215	0.01083	0.01388	0.01331	0.00845	0.06524	0.73396	0.02268	0.02107	0.01937	0.01578	0.00713	0.00537	0.00178	0.00427	0.00592	0.00537	0.00840
135	0.85155	0.01022	0.00777	0.00695	0.01022	0.01186	0.00573	0.01554	0.00900	0.02372	0.00736	0.00859	0.00573	0.00491	0.00327	0.00164	0.00409	0.00286	0.00327	0.00573
136	0.01402	0.79127	0.05280	0.00924	0.01388	0.02063	0.00939	0.01586	0.01076	0.01258	0.00742	0.00857	0.00678	0.00454	0.00345	0.00115	0.00572	0.00286	0.00226	0.00682
137	0.01873	0.01413	0.01510	0.01189	0.01587	0.01576	0.00972	0.61899	0.17170	0.03111	0.01443	0.01407	0.01040	0.00651	0.00531	0.00163	0.00550	0.00500	0.00531	0.00887
138	0.00651	0.00538	0.00575	0.00588	0.00752	0.00462	0.00448	0.00799	0.01214	0.01476	0.09087	0.08473	0.64372	0.01349	0.00636	0.00185	0.00286	0.07162	0.00496	0.00452
139	0.00760	0.00549	0.00762	0.00762	0.00826	0.00613	0.00552	0.00888	0.00824	0.01162	0.01496	0.02520	0.01514	0.28805	0.54749	0.00742	0.01126	0.00631	0.00295	0.00423
140	0.01975	0.02520	0.01498	0.01362	0.01634	0.79299	0.01021	0.02111	0.01498	0.01294	0.00817	0.00953	0.00681	0.00545	0.00477	0.00136	0.00953	0.00340	0.00272	0.00613
141	0.00650	0.00464	0.00615	0.00730	0.00762	0.00434	0.00486	0.00744	0.01018	0.01361	0.04835	0.76908	0.03492	0.03855	0.00729	0.00222	0.00311	0.01468	0.00488	0.00428
142	0.00717	0.00537	0.00669	0.00739	0.00825	0.00507	0.00519	0.02314	0.04335	0.01484	0.06394	0.58513	0.13247	0.01497	0.00654	0.00203	0.00317	0.03889	0.00494	0.02147
143	0.02974	0.01091	0.01577	0.37523	0.13363	0.03096	0.02856	0.06317	0.12187	0.11831	0.01288	0.01498	0.00945	0.00568	0.00526	0.00170	0.00616	0.00494	0.00359	0.00722
144	0.00646	0.00478	0.00596	0.00687	0.00747	0.00437	0.00464	0.00742	0.01040	0.01350	0.03353	0.61654	0.18685	0.05530	0.00764	0.00222	0.00309	0.01387	0.00482	0.00427
145	0.64337	0.01073	0.03726	0.00784	0.01146	0.01121	0.00672	0.03581	0.01063	0.16821	0.01013	0.01057	0.00724	0.00526	0.00377	0.00164	0.00435	0.00341	0.00390	0.00650
146	0.01181	0.29843	0.52635	0.01300	0.01969	0.01524	0.01593	0.01643	0.01102	0.01527	0.00875	0.01024	0.00673	0.00485	0.00446	0.00149	0.00707	0.00354	0.00224	0.00746
147	0.02254	0.00549	0.00672	0.00641	0.00775	0.00506	0.00476	0.00993	0.01371	0.03561	0.53398	0.06607	0.16485	0.04668	0.00698	0.00183	0.00273	0.00951	0.04449	0.00489
148	0.01138	0.20203	0.61898	0.01374	0.02082	0.01419	0.01721	0.01654	0.01107	0.01579	0.00901	0.01057	0.00672	0.00491	0.00466	0.00155	0.00734	0.00367	0.00224	0.00759
149	0.01291	0.01114	0.01178	0.01051	0.01356	0.01269	0.00818	0.02699	0.72108	0.02173	0.02159	0.01994	0.03101	0.00714	0.00533	0.00175	0.00414	0.00595	0.00527	0.04730
150	0.18246	0.60635	0.02296	0.00885	0.01307	0.03697	0.00845	0.04443	0.01103	0.01551	0.00757	0.00869	0.00666	0.00469	0.00347	0.00125	0.00544	0.00292	0.00259	0.00664
151	0.01326	0.01402	0.08477	0.02892	0.62682	0.02994	0.04743	0.01701	0.03558	0.03603	0.01052	0.01322	0.00854	0.00486	0.00525	0.00159	0.00648	0.00473	0.00277	0.00824
152	0.01558	0.54754	0.06452	0.01059	0.01486	0.19487	0.00993	0.06231	0.01258	0.01404	0.00797	0.00912	0.00692	0.00487	0.00390	0.00124	0.00666	0.00313	0.00255	0.00682
153	0.01413	0.81739	0.02770	0.00905	0.01357	0.02092	0.00905	0.01583	0.01074	0.01244	0.00735	0.00848	0.00678	0.00452	0.00339	0.00113	0.00565	0.00283	0.00226	0.00678
154	0.01001	0.00938	0.01595	0.76728	0.03554	0.01161	0.02935	0.01342	0.01052	0.01347	0.00942	0.01414	0.00712	0.00558	0.00567	0.02162	0.00703	0.00473	0.00235	0.00581
155	0.01096	0.00940	0.01096	0.00783	0.01253	0.00705	0.00626	0.01331	0.01096	0.01723	0.00940	0.01096	0.00783	0.00392	0.00392	0.00078	0.00392	0.00313	0.00313	0.84653
156	0.00710	0.00521	0.00670	0.00722	0.00801	0.00495	0.00507	0.00922	0.04727	0.01653	0.28336	0.49150	0.05980	0.01409	0.00650	0.00196	0.00291	0.01265	0.00524	0.00472
157	0.01293	0.63247	0.02390	0.00933	0.01296	0.01837	0.00886	0.01462	0.01020	0.01243	0.00836	0.01059	0.00778	0.01026	0.12539	0.00235	0.06706	0.00340	0.00235	0.00639
158	0.01144	0.01034	0.03569	0.00864	0.01343	0.00784	0.02659	0.05056	0.01169	0.01800	0.00960	0.01114	0.00786	0.00408	0.00408	0.00088	0.00426	0.00332	0.00320	0.75736

[dist]
# distance from previous block
# <min> <max>
0	1

[block]
# block no. 1 follows, 46 sequences, length 21
# corresponding to MSA columns:
# 476-496
name=unknown_B
#
# <colnr> <probs for GDERKNQSTAVLIFYWHMCP>
#	G	D	E	R	K	N	Q	S	T	A	V	L	I	F	Y	W	H	M	C	P
0	0.01119	0.01016	0.01382	0.01006	0.01445	0.00857	0.09703	0.01370	0.01090	0.01681	0.00935	0.01141	0.00778	0.00443	0.00532	0.00103	0.07148	0.00363	0.00301	0.67589
1	0.01310	0.01212	0.01982	0.12398	0.60003	0.01253	0.01514	0.07820	0.01303	0.01829	0.03604	0.01407	0.00966	0.00512	0.00528	0.00160	0.00621	0.00488	0.00292	0.00801
2	0.00637	0.00530	0.00556	0.00561	0.00724	0.00449	0.00416	0.00777	0.01215	0.01480	0.11241	0.10546	0.66370	0.01340	0.00628	0.00180	0.00269	0.01131	0.00499	0.00449
3	0.00801	0.00682	0.00803	0.00963	0.07134	0.05003	0.00616	0.00982	0.04496	0.01427	0.02947	0.55842	0.13473	0.01410	0.00638	0.00199	0.00369	0.01258	0.00462	0.00494
4	0.02010	0.01481	0.01587	0.01216	0.01639	0.01639	0.01005	0.76360	0.02486	0.03332	0.01269	0.01269	0.00899	0.00635	0.00529	0.00159	0.00582	0.00476	0.00529	0.00899
5	0.00781	0.00586	0.00730	0.00693	0.00832	0.00560	0.00519	0.01119	0.07782	0.02040	0.62555	0.07329	0.10271	0.01096	0.00619	0.00170	0.00268	0.00963	0.00567	0.00520
6	0.01060	0.02735	0.78682	0.01507	0.02288	0.01228	0.01953	0.01674	0.01116	0.01674	0.00949	0.01116	0.00670	0.00502	0.00502	0.00167	0.00781	0.00391	0.00223	0.00781
7	0.00748	0.00540	0.00707	0.00665	0.00790	0.00499	0.00499	0.00998	0.01496	0.02120	0.77844	0.03949	0.04988	0.01081	0.00624	0.00166	0.00249	0.00956	0.00582	0.00499
8	0.00650	0.00476	0.00612	0.00706	0.00762	0.00437	0.00481	0.00761	0.01076	0.01423	0.09474	0.65525	0.12532	0.01570	0.00664	0.00206	0.00297	0.01411	0.00498	0.00437
9	0.00918	0.00459	0.00689	0.00689	0.00689	0.00459	0.00459	0.00689	0.00689	0.00918	0.00918	0.01607	0.00918	0.01837	0.02066	0.84619	0.00459	0.00459	0.00230	0.00230
10	0.01943	0.07178	0.01577	0.01329	0.01618	0.71586	0.01014	0.05074	0.01513	0.01373	0.00831	0.00960	0.00690	0.00543	0.00471	0.00136	0.00915	0.00343	0.00280	0.00628
11	0.01096	0.00940	0.01096	0.00783	0.01253	0.00705	0.00626	0.01331	0.01096	0.01723	0.00940	0.01096	0.00783	0.00392	0.00392	0.00078	0.00392	0.00313	0.00313	0.84653
12	0.00769	0.00513	0.00577	0.00577	0.00577	0.00513	0.00320	0.00769	0.00769	0.01025	0.01666	0.03460	0.01922	0.81421	0.02691	0.00513	0.00513	0.00769	0.00320	0.00320
13	0.01263	0.48074	0.35118	0.01161	0.01754	0.01724	0.01351	0.01622	0.01092	0.01427	0.00826	0.00962	0.00675	0.00474	0.00409	0.00136	0.00657	0.00329	0.00225	0.00722
14	0.01413	0.81739	0.02770	0.00905	0.01357	0.02092	0.00905	0.01583	0.01074	0.01244	0.00735	0.00848	0.00678	0.00452	0.00339	0.00113	0.00565	0.00283	0.00226	0.00678
15	0.00644	0.00536	0.00564	0.00566	0.00734	0.00456	0.00426	0.00792	0.01230	0.01502	0.12729	0.07243	0.66178	0.01325	0.00629	0.00180	0.00273	0.03043	0.00500	0.00452
16	0.00742	0.00538	0.00688	0.00651	0.00770	0.00497	0.00481	0.00968	0.01429	0.02003	0.68288	0.03981	0.09030	0.06712	0.00768	0.00191	0.00269	0.00952	0.00558	0.00483
17	0.01077	0.00923	0.01073	0.00773	0.01231	0.00694	0.00617	0.01308	0.01101	0.01711	0.01120	0.01259	0.03933	0.00430	0.00401	0.00082	0.00386	0.00346	0.00320	0.81214
18	0.01014	0.00956	0.01615	0.76148	0.07518	0.01179	0.01476	0.01365	0.01065	0.01370	0.00942	0.01404	0.00712	0.00526	0.00528	0.00175	0.00701	0.00470	0.00236	0.00600
19	0.03195	0.01185	0.05190	0.03984	0.14165	0.04212	0.17279	0.01893	0.05657	0.23546	0.10850	0.01890	0.03237	0.00632	0.00556	0.00167	0.00586	0.00590	0.00434	0.00753
20	0.01113	0.00794	0.01049	0.02690	0.09444	0.00761	0.00751	0.07589	0.04981	0.09119	0.06360	0.34661	0.02317	0.01059	0.00581	0.00175	0.00406	0.03149	0.00462	0.12539

[dist]
# distance from previous block
# <min> <max>
12	17

[block]
# block no. 2 follows, 46 sequences, length 26
# corresponding to MSA columns:
# 514-539
name=unknown_C
#
# <colnr> <probs for GDERKNQSTAVLIFYWHMCP>
#	G	D	E	R	K	N	Q	S	T	A	V	L	I	F	Y	W	H	M	C	P
0	0.01320	0.01117	0.04644	0.01501	0.14803	0.01000	0.11421	0.05919	0.09357	0.10981	0.05700	0.07446	0.02526	0.00642	0.00528	0.00151	0.00522	0.00587	0.00401	0.19434
1	0.04857	0.01224	0.03655	0.02605	0.56074	0.01154	0.03912	0.01624	0.01189	0.05235	0.01027	0.01281	0.00835	0.00469	0.00499	0.00147	0.00589	0.00447	0.00289	0.12889
2	0.01186	0.01136	0.01949	0.10590	0.48581	0.01169	0.08540	0.01515	0.02579	0.01692	0.07678	0.05182	0.01305	0.00604	0.00599	0.00168	0.03906	0.00576	0.00301	0.00742
3	0.01308	0.01256	0.02146	0.03245	0.78123	0.01256	0.01622	0.01622	0.01204	0.01727	0.00994	0.01308	0.00837	0.00471	0.00523	0.00157	0.00628	0.00471	0.00262	0.00837
4	0.08336	0.00971	0.01318	0.01006	0.01410	0.00879	0.07197	0.05557	0.02992	0.44097	0.06295	0.01693	0.01337	0.00608	0.00507	0.00152	0.00468	0.00511	0.00529	0.14137
5	0.00969	0.00765	0.01034	0.01172	0.14289	0.00757	0.00745	0.02791	0.11010	0.03758	0.46594	0.03224	0.08909	0.00930	0.00592	0.00167	0.00349	0.00819	0.00515	0.00613
6	0.01296	0.01243	0.02123	0.06313	0.75151	0.01253	0.01616	0.01612	0.01198	0.01712	0.00992	0.01312	0.00832	0.00473	0.00524	0.00158	0.00631	0.00471	0.00261	0.00827
7	0.01292	0.01389	0.05496	0.09460	0.49234	0.05133	0.16947	0.01640	0.01211	0.01664	0.00994	0.01316	0.00804	0.00476	0.00541	0.00162	0.00711	0.00493	0.00259	0.00777
8	0.00644	0.00460	0.00613	0.00736	0.00767	0.00429	0.00491	0.00736	0.01012	0.01350	0.02914	0.81076	0.03497	0.01656	0.00675	0.00215	0.00307	0.01503	0.00491	0.00429
9	0.01976	0.02471	0.01502	0.01355	0.01635	0.75694	0.01021	0.05558	0.01544	0.01388	0.00838	0.00968	0.00691	0.00549	0.00479	0.00137	0.00936	0.00347	0.00284	0.00626
10	0.00672	0.00482	0.00640	0.00729	0.00782	0.00450	0.00504	0.00802	0.01120	0.01518	0.18596	0.62557	0.03794	0.01530	0.00666	0.00205	0.00300	0.03698	0.00510	0.00446
11	0.00644	0.00460	0.00613	0.00736	0.00767	0.00429	0.00491	0.00736	0.01012	0.01350	0.02914	0.81076	0.03497	0.01656	0.00675	0.00215	0.00307	0.01503	0.00491	0.00429
12	0.02010	0.01481	0.01587	0.01216	0.01639	0.01639	0.01005	0.76360	0.02486	0.03332	0.01269	0.01269	0.00899	0.00635	0.00529	0.00159	0.00582	0.00476	0.00529	0.00899
13	0.00769	0.00513	0.00577	0.00577	0.00577	0.00513	0.00320	0.00769	0.00769	0.01025	0.01666	0.03460	0.01922	0.81421	0.02691	0.00513	0.00513	0.00769	0.00320	0.00320
14	0.85155	0.01022	0.00777	0.00695	0.01022	0.01186	0.00573	0.01554	0.00900	0.02372	0.00736	0.00859	0.00573	0.00491	0.00327	0.00164	0.00409	0.00286	0.00327	0.00573
15	0.01168	0.16053	0.62984	0.01384	0.02096	0.01358	0.01732	0.01692	0.01124	0.04413	0.00954	0.01096	0.00695	0.00499	0.00476	0.00158	0.00733	0.00378	0.00240	0.00768
16	0.01060	0.02735	0.78682	0.01507	0.02288	0.01228	0.01953	0.01674	0.01116	0.01674	0.00949	0.01116	0.00670	0.00502	0.00502	0.00167	0.00781	0.00391	0.00223	0.00781
17	0.01855	0.00809	0.01076	0.00868	0.01191	0.00724	0.00700	0.02136	0.05258	0.52842	0.23780	0.02423	0.02377	0.00780	0.00558	0.00165	0.00391	0.00656	0.00628	0.00782
18	0.01029	0.02507	0.70117	0.01459	0.02169	0.01162	0.03669	0.01594	0.01110	0.01647	0.01120	0.07977	0.00915	0.00600	0.00520	0.00172	0.00743	0.00492	0.00247	0.00749
19	0.01147	0.02470	0.65138	0.01624	0.05806	0.01218	0.08248	0.01714	0.01149	0.05165	0.01013	0.01183	0.00718	0.00503	0.00515	0.00168	0.00769	0.00421	0.00248	0.00783
20	0.01123	0.16750	0.65215	0.01400	0.02123	0.01381	0.01767	0.01658	0.01109	0.01598	0.00911	0.01069	0.00671	0.00493	0.00473	0.00158	0.00743	0.00371	0.00224	0.00763
21	0.01091	0.09506	0.72176	0.01455	0.02208	0.01302	0.01863	0.01666	0.01113	0.01637	0.00930	0.01093	0.00670	0.00498	0.00488	0.00163	0.00763	0.00381	0.00223	0.00772
22	0.01375	0.01590	0.08603	0.03936	0.46273	0.15337	0.08036	0.01692	0.01251	0.01628	0.01048	0.01457	0.00892	0.00532	0.00532	0.00160	0.00718	0.03907	0.00271	0.00760
23	0.01099	0.02492	0.66661	0.01466	0.02172	0.03352	0.04941	0.01660	0.01165	0.03203	0.06059	0.01325	0.00974	0.00542	0.00515	0.00167	0.00749	0.00439	0.00259	0.00757
24	0.01221	0.00649	0.00848	0.00825	0.00990	0.00606	0.00605	0.04114	0.03883	0.23944	0.02585	0.52265	0.02697	0.01294	0.00623	0.00196	0.00362	0.01150	0.00541	0.00598
25	0.03708	0.01041	0.05860	0.01053	0.04054	0.00895	0.00869	0.08601	0.05006	0.49792	0.09563	0.02017	0.01638	0.00702	0.00540	0.00166	0.00466	0.02621	0.00580	0.00829

[dist]
# distance from previous block
# <min> <max>
1	2

[block]
# block no. 3 follows, 46 sequences, length 22
# corresponding to MSA columns:
# 542-563
name=unknown_D
#
# <colnr> <probs for GDERKNQSTAVLIFYWHMCP>
#	G	D	E	R	K	N	Q	S	T	A	V	L	I	F	Y	W	H	M	C	P
0	0.03116	0.00599	0.00785	0.00820	0.05758	0.00562	0.00564	0.01031	0.01434	0.02038	0.64039	0.03799	0.11365	0.01049	0.00609	0.00167	0.00280	0.00921	0.00546	0.00518
1	0.01395	0.01460	0.07008	0.04645	0.54376	0.06525	0.05907	0.08982	0.01342	0.01841	0.01010	0.01278	0.00817	0.00494	0.00525	0.00158	0.00672	0.00467	0.00286	0.00811
2	0.01370	0.19794	0.07495	0.01623	0.13249	0.01393	0.18299	0.04921	0.10980	0.07712	0.05281	0.03201	0.01196	0.00573	0.00514	0.00158	0.00615	0.00526	0.00351	0.00749
3	0.01263	0.01210	0.02064	0.14413	0.67307	0.01244	0.01600	0.01583	0.01182	0.01672	0.00986	0.01323	0.00818	0.00479	0.00524	0.00160	0.00639	0.00471	0.00258	0.00801
4	0.00625	0.00536	0.00536	0.00536	0.00714	0.00446	0.00402	0.00759	0.01205	0.01428	0.05355	0.05088	0.77909	0.01339	0.00625	0.00179	0.00268	0.01116	0.00491	0.00446
5	0.01179	0.01116	0.01888	0.27533	0.50189	0.01188	0.01511	0.01502	0.01173	0.01629	0.05224	0.01486	0.01025	0.00523	0.00531	0.00164	0.00631	0.00497	0.00271	0.00739
6	0.02010	0.01481	0.01587	0.01216	0.01639	0.01639	0.01005	0.76360	0.02486	0.03332	0.01269	0.01269	0.00899	0.00635	0.00529	0.00159	0.00582	0.00476	0.00529	0.00899
7	0.01578	0.01186	0.01259	0.01004	0.01351	0.01268	0.00817	0.52807	0.02087	0.02739	0.02542	0.02459	0.24891	0.00854	0.00559	0.00165	0.00484	0.00675	0.00517	0.00758
8	0.01157	0.01157	0.01619	0.01388	0.01388	0.01619	0.01157	0.01272	0.00810	0.01272	0.00694	0.01157	0.00694	0.00925	0.01735	0.00231	0.80453	0.00463	0.00231	0.00578
9	0.01413	0.81739	0.02770	0.00905	0.01357	0.02092	0.00905	0.01583	0.01074	0.01244	0.00735	0.00848	0.00678	0.00452	0.00339	0.00113	0.00565	0.00283	0.00226	0.00678
10	0.00768	0.00677	0.05554	0.00717	0.00883	0.00544	0.00589	0.01040	0.01473	0.02092	0.73064	0.03773	0.04720	0.01045	0.00616	0.00166	0.00282	0.00921	0.00560	0.00516
11	0.00644	0.00460	0.00613	0.00736	0.00767	0.00429	0.00491	0.00736	0.01012	0.01350	0.02914	0.81076	0.03497	0.01656	0.00675	0.00215	0.00307	0.01503	0.00491	0.00429
12	0.01557	0.54987	0.02449	0.01110	0.01523	0.20756	0.05774	0.03933	0.01230	0.01347	0.00792	0.00923	0.00694	0.00480	0.00396	0.00124	0.00681	0.00324	0.00249	0.00671
13	0.01413	0.81739	0.02770	0.00905	0.01357	0.02092	0.00905	0.01583	0.01074	0.01244	0.00735	0.00848	0.00678	0.00452	0.00339	0.00113	0.00565	0.00283	0.00226	0.00678
14	0.01137	0.00964	0.01118	0.00802	0.01270	0.00746	0.00643	0.04670	0.01158	0.01794	0.00954	0.01104	0.00788	0.00402	0.00398	0.00082	0.00400	0.00320	0.00323	0.80926
15	0.00998	0.00920	0.01538	0.76709	0.03510	0.01145	0.01421	0.01346	0.01059	0.01378	0.00974	0.01434	0.00733	0.00532	0.00522	0.00174	0.00685	0.00471	0.03869	0.00583
16	0.00683	0.00476	0.00602	0.00686	0.00708	0.00455	0.00438	0.00746	0.00936	0.01248	0.02525	0.56895	0.03006	0.26507	0.01303	0.00307	0.00371	0.01274	0.00438	0.00395
17	0.00672	0.00490	0.00643	0.00739	0.00797	0.00447	0.00499	0.00773	0.01017	0.01373	0.02791	0.76104	0.03328	0.01578	0.00657	0.00206	0.00312	0.01429	0.00480	0.05666
18	0.01288	0.01235	0.02109	0.08303	0.73225	0.01251	0.01612	0.01605	0.01194	0.01702	0.00991	0.01315	0.00829	0.00475	0.00524	0.00158	0.00633	0.00471	0.00260	0.00821
19	0.14868	0.10306	0.33827	0.01240	0.03257	0.01229	0.05123	0.04922	0.01222	0.12381	0.05929	0.01345	0.01036	0.00555	0.00476	0.00160	0.00613	0.00435	0.00338	0.00738
20	0.15404	0.10010	0.45248	0.01324	0.03391	0.03851	0.03441	0.01696	0.01105	0.06006	0.00947	0.01092	0.00698	0.00517	0.00500	0.00162	0.03231	0.00379	0.00269	0.00730
21	0.02922	0.01081	0.01277	0.01308	0.13587	0.08738	0.03077	0.06097	0.03548	0.06413	0.07518	0.11231	0.06704	0.00771	0.00547	0.00152	0.01778	0.02990	0.00398	0.19864

[dist]
# distance from previous block
# <min> <max>
12	18

[block]
# block no. 4 follows, 46 sequences, length 14
# corresponding to MSA columns:
# 582-595
name=unknown_E
#
# <colnr> <probs for GDERKNQSTAVLIFYWHMCP>
#	G	D	E	R	K	N	Q	S	T	A	V	L	I	F	Y	W	H	M	C	P
0	0.01938	0.01309	0.01451	0.01145	0.01538	0.01418	0.00942	0.52578	0.11013	0.15305	0.01570	0.01638	0.01141	0.00683	0.00539	0.00165	0.00537	0.03668	0.00548	0.00874
1	0.00731	0.00540	0.00683	0.00647	0.00779	0.00491	0.00485	0.00964	0.01456	0.02023	0.67727	0.04108	0.15166	0.01117	0.00624	0.00168	0.00252	0.00978	0.00569	0.00491
2	0.00998	0.00940	0.01586	0.80150	0.03641	0.01175	0.01468	0.01351	0.01057	0.01351	0.00940	0.01409	0.00705	0.00529	0.00529	0.00176	0.00705	0.00470	0.00235	0.00587
3	0.07571	0.09931	0.50864	0.01526	0.02193	0.01328	0.16061	0.01660	0.01121	0.01690	0.00935	0.01130	0.00689	0.00486	0.00497	0.00164	0.00753	0.00417	0.00240	0.00742
4	0.02260	0.00925	0.01224	0.00955	0.01352	0.00834	0.00783	0.02601	0.09497	0.70440	0.02093	0.01818	0.01341	0.00661	0.00532	0.00165	0.00447	0.00539	0.00642	0.00893
5	0.00644	0.00460	0.00613	0.00736	0.00767	0.00429	0.00491	0.00736	0.01012	0.01350	0.02914	0.81076	0.03497	0.01656	0.00675	0.00215	0.00307	0.01503	0.00491	0.00429
6	0.16690	0.01303	0.01290	0.05132	0.01509	0.09757	0.02307	0.29163	0.07814	0.08764	0.04297	0.01651	0.06751	0.00666	0.00500	0.00162	0.00544	0.00509	0.00455	0.00737
7	0.07834	0.01451	0.01519	0.01290	0.06217	0.06273	0.00992	0.54318	0.06231	0.06726	0.01276	0.01288	0.00918	0.00614	0.00512	0.00159	0.00580	0.00463	0.00489	0.00851
8	0.01369	0.01306	0.02051	0.06999	0.65792	0.04408	0.01547	0.06922	0.01299	0.01804	0.01004	0.01297	0.00829	0.00489	0.00522	0.00157	0.00642	0.00466	0.00280	0.00820
