[name]
unknown

[dist]
# distance from previous block
# <min> <max>
8	73

[block]
# block no. 0 follows, 24 sequences, length 16
# corresponding to MSA columns:
# 210-216,221-229
name=unknown_A
#
# <colnr> <probs for GDERKNQSTAVLIFYWHMCP>
#	G	D	E	R	K	N	Q	S	T	A	V	L	I	F	Y	W	H	M	C	P
0	0.01978	0.01902	0.05942	0.12784	0.49205	0.01830	0.05708	0.02477	0.01803	0.06423	0.01583	0.02023	0.01259	0.00734	0.00794	0.00242	0.00972	0.00719	0.00421	0.01200
1	0.01698	0.01776	0.07518	0.13671	0.20632	0.05323	0.04976	0.02062	0.01604	0.02189	0.01610	0.02413	0.01414	0.01555	0.07296	0.09827	0.04854	0.03688	0.00398	0.05498
2	0.01898	0.02386	0.19119	0.09552	0.21636	0.01820	0.07875	0.10040	0.01971	0.02808	0.01515	0.01867	0.01168	0.00736	0.00763	0.00228	0.00985	0.00663	0.00436	0.12534
3	0.01751	0.01398	0.02398	0.12864	0.07951	0.01365	0.15966	0.02165	0.01728	0.09913	0.02339	0.15415	0.02135	0.01407	0.05062	0.00314	0.00932	0.01051	0.05227	0.08621
4	0.19115	0.01826	0.09742	0.10710	0.02309	0.06209	0.01344	0.09983	0.01781	0.02767	0.01867	0.08731	0.01730	0.10304	0.01238	0.03487	0.00829	0.00819	0.04337	0.00871
5	0.02136	0.01803	0.02446	0.09195	0.14315	0.01787	0.05924	0.21929	0.02343	0.03290	0.01594	0.01866	0.01234	0.00751	0.00733	0.00202	0.00841	0.00646	0.00542	0.26423
6	0.01435	0.01309	0.02158	0.58655	0.04747	0.01592	0.01959	0.01938	0.01696	0.02219	0.12333	0.02751	0.02131	0.00931	0.00817	0.00262	0.00943	0.00827	0.00439	0.00859
7	0.02651	0.06029	0.02435	0.13599	0.07419	0.30953	0.01673	0.16865	0.02413	0.06371	0.01530	0.01753	0.01171	0.00839	0.00746	0.00225	0.01137	0.00615	0.00514	0.01063
8	0.01966	0.01399	0.01677	0.01214	0.01904	0.01075	0.00978	0.02311	0.01750	0.13551	0.01699	0.01822	0.01307	0.00654	0.00623	0.00139	0.00602	0.00525	0.00556	0.64248
9	0.01026	0.00715	0.00902	0.01027	0.01058	0.00684	0.00654	0.01120	0.01401	0.01867	0.03767	0.50206	0.04484	0.24930	0.01987	0.00466	0.00560	0.01899	0.00654	0.00591
10	0.01782	0.02067	0.08319	0.18715	0.14912	0.01918	0.35605	0.02404	0.01782	0.02430	0.01529	0.02072	0.01165	0.00709	0.00865	0.00260	0.01196	0.00821	0.00384	0.01065
11	0.11572	0.34844	0.11847	0.01579	0.02188	0.05838	0.01551	0.02497	0.01623	0.08084	0.01325	0.01528	0.01084	0.00828	0.00866	0.00223	0.10557	0.00522	0.00420	0.01023
12	0.01018	0.00724	0.00946	0.01058	0.01132	0.00679	0.00715	0.01197	0.01648	0.02239	0.18192	0.50789	0.05530	0.08679	0.01272	0.00347	0.00469	0.01969	0.00743	0.00652
13	0.02769	0.03399	0.08249	0.02248	0.07628	0.46542	0.01724	0.13308	0.02409	0.02554	0.01378	0.01573	0.01093	0.00825	0.00737	0.00217	0.01275	0.00567	0.00465	0.01040
14	0.08984	0.02072	0.01784	0.06945	0.02198	0.20569	0.01275	0.05724	0.17570	0.02710	0.10050	0.05539	0.02442	0.04938	0.01018	0.00277	0.03499	0.00850	0.00600	0.00955
15	0.12163	0.01200	0.01366	0.12255	0.02070	0.01259	0.01038	0.03638	0.10009	0.02655	0.10206	0.04385	0.23397	0.04678	0.00953	0.00275	0.00607	0.01083	0.00633	0.06131

[dist]
# distance from previous block
# <min> <max>
1	25

[block]
# block no. 1 follows, 24 sequences, length 6
# corresponding to MSA columns:
# 263-268
name=unknown_B
#
# <colnr> <probs for GDERKNQSTAVLIFYWHMCP>
#	G	D	E	R	K	N	Q	S	T	A	V	L	I	F	Y	W	H	M	C	P
0	0.06634	0.01337	0.01655	0.01439	0.01833	0.01365	0.06298	0.11779	0.11044	0.05784	0.06879	0.10010	0.20440	0.01518	0.00886	0.00276	0.00653	0.08504	0.00727	0.00940
1	0.02801	0.02079	0.02227	0.01741	0.02317	0.02303	0.01416	0.55255	0.08596	0.04622	0.02053	0.02217	0.01542	0.05878	0.01018	0.00277	0.00845	0.00759	0.00773	0.01281
2	0.08619	0.01319	0.01269	0.01147	0.01504	0.04385	0.00890	0.12258	0.07498	0.02876	0.07674	0.08858	0.35548	0.01590	0.00854	0.00260	0.00570	0.01300	0.00719	0.00864
3	0.02058	0.12408	0.41085	0.02058	0.02975	0.13343	0.02327	0.10061	0.02009	0.02634	0.01408	0.01610	0.01050	0.00779	0.00721	0.00231	0.01139	0.00568	0.00403	0.01131
4	0.03198	0.01556	0.01930	0.01495	0.02079	0.01503	0.01229	0.21146	0.02688	0.44264	0.08096	0.02740	0.02247	0.01026	0.00808	0.00244	0.00707	0.00827	0.00918	0.01299
5	0.01912	0.01700	0.01689	0.01318	0.01859	0.09367	0.01013	0.10745	0.01926	0.02669	0.01639	0.02250	0.01467	0.12675	0.01210	0.00254	0.00759	0.00624	0.00509	0.44415

[dist]
# distance from previous block
# <min> <max>
16	34

[block]
# block no. 2 follows, 24 sequences, length 12
# corresponding to MSA columns:
# 315-326
name=unknown_C
#
# <colnr> <probs for GDERKNQSTAVLIFYWHMCP>
#	G	D	E	R	K	N	Q	S	T	A	V	L	I	F	Y	W	H	M	C	P
0	0.02031	0.01464	0.01965	0.10469	0.10904	0.01389	0.01368	0.06294	0.06592	0.13549	0.09379	0.02523	0.02127	0.00870	0.00742	0.00206	0.00704	0.00741	0.00620	0.26064
1	0.01932	0.01881	0.06212	0.12358	0.31137	0.03759	0.01980	0.10277	0.05160	0.02779	0.01874	0.07709	0.01629	0.00954	0.00861	0.00250	0.03506	0.00831	0.03795	0.01116
2	0.01952	0.01477	0.01721	0.01739	0.09242	0.04158	0.01190	0.17188	0.05089	0.07173	0.07354	0.17556	0.08221	0.01360	0.00829	0.00248	0.00667	0.01160	0.06024	0.05652
3	0.02008	0.01548	0.02081	0.01680	0.02095	0.01615	0.09200	0.22806	0.02397	0.06482	0.09962	0.14012	0.05208	0.05647	0.01185	0.00293	0.05657	0.01127	0.00686	0.04309
4	0.02521	0.01859	0.02537	0.02529	0.17726	0.01925	0.06997	0.24635	0.09665	0.13811	0.02466	0.02503	0.05209	0.00947	0.00814	0.00246	0.00844	0.00819	0.00693	0.01254
5	0.08417	0.01949	0.02510	0.17517	0.29522	0.10400	0.01957	0.05961	0.05071	0.02628	0.01677	0.02328	0.01409	0.00861	0.00773	0.00248	0.00969	0.04273	0.00457	0.01074
6	0.11552	0.01644	0.01594	0.01446	0.01872	0.04618	0.01125	0.03498	0.45872	0.03125	0.03543	0.03334	0.11176	0.01152	0.00781	0.00263	0.00628	0.00929	0.00740	0.01108
7	0.01861	0.01520	0.01733	0.01312	0.01941	0.01333	0.01046	0.13327	0.05791	0.03021	0.01822	0.06883	0.01577	0.00820	0.00668	0.00163	0.00632	0.00669	0.00567	0.53312
8	0.02296	0.02558	0.02763	0.10466	0.36218	0.27423	0.02067	0.02671	0.01951	0.02285	0.01382	0.01775	0.01146	0.00758	0.00759	0.00227	0.01140	0.00632	0.00395	0.01089
9	0.02534	0.01949	0.02119	0.01633	0.02262	0.02042	0.01331	0.40994	0.11128	0.04172	0.01948	0.01973	0.01442	0.00875	0.00743	0.00211	0.00769	0.00675	0.00713	0.20487
10	0.02641	0.01152	0.01559	0.01287	0.01738	0.01019	0.01045	0.02973	0.02229	0.43079	0.22802	0.04148	0.03853	0.01267	0.00862	0.00255	0.00586	0.05456	0.00930	0.01119
11	0.01646	0.01451	0.01796	0.06133	0.02156	0.01282	0.01130	0.01987	0.01585	0.02459	0.01362	0.01689	0.01149	0.00704	0.00859	0.00157	0.09578	0.00515	0.00446	0.61915

[dist]
# distance from previous block
# <min> <max>
25	52

[block]
# block no. 3 follows, 24 sequences, length 7
# corresponding to MSA columns:
# 391-397
name=unknown_D
#
# <colnr> <probs for GDERKNQSTAVLIFYWHMCP>
#	G	D	E	R	K	N	Q	S	T	A	V	L	I	F	Y	W	H	M	C	P
0	0.03008	0.02427	0.02362	0.01853	0.02458	0.11238	0.01511	0.56437	0.03533	0.04594	0.01814	0.01841	0.01305	0.00934	0.00783	0.00234	0.00946	0.00687	0.00742	0.01292
1	0.35601	0.01640	0.01895	0.15484	0.10192	0.01840	0.01439	0.12052	0.01898	0.08929	0.01510	0.01750	0.01117	0.00799	0.00659	0.00247	0.00786	0.00593	0.00541	0.01028
2	0.10422	0.01762	0.02424	0.14186	0.29024	0.05480	0.01840	0.07614	0.01939	0.10357	0.01830	0.06408	0.01512	0.00896	0.00767	0.00246	0.00885	0.00775	0.00522	0.01112
3	0.01951	0.01862	0.02852	0.12557	0.35147	0.04328	0.07172	0.05741	0.07428	0.02674	0.01643	0.02026	0.01313	0.00751	0.00777	0.00231	0.00939	0.00709	0.00454	0.09447
4	0.02043	0.01730	0.01811	0.01459	0.01958	0.09680	0.01153	0.08543	0.01923	0.08263	0.01893	0.09938	0.01704	0.00996	0.00912	0.00201	0.08363	0.00761	0.00557	0.36113
5	0.09896	0.04412	0.01966	0.01920	0.12354	0.01617	0.01301	0.11323	0.11079	0.12811	0.02737	0.10602	0.06171	0.01118	0.00770	0.00243	0.00690	0.00932	0.00673	0.07385
6	0.07269	0.01839	0.02038	0.09631	0.02508	0.02064	0.01393	0.38626	0.09794	0.04010	0.02020	0.02303	0.01550	0.06167	0.01001	0.00281	0.00816	0.00748	0.04786	0.01156

[dist]
# distance from previous block
# <min> <max>
34	103

[block]
# block no. 4 follows, 24 sequences, length 6
# corresponding to MSA columns:
# 522-527
name=unknown_E
#
# <colnr> <probs for GDERKNQSTAVLIFYWHMCP>
#	G	D	E	R	K	N	Q	S	T	A	V	L	I	F	Y	W	H	M	C	P
0	0.02086	0.01910	0.01928	0.01779	0.06025	0.11132	0.01319	0.13655	0.17693	0.02992	0.02738	0.02802	0.09390	0.01089	0.00974	0.00243	0.08625	0.00822	0.04957	0.07841
1	0.46240	0.01532	0.03957	0.06427	0.01900	0.01697	0.01120	0.02099	0.01427	0.02984	0.01978	0.02218	0.08373	0.00984	0.00871	0.00261	0.10400	0.00647	0.04035	0.00847
2	0.02363	0.01752	0.01947	0.01716	0.05580	0.01918	0.01283	0.36621	0.11688	0.03934	0.02327	0.06195	0.01915	0.07388	0.01069	0.00288	0.00754	0.00863	0.09250	0.01147
3	0.23301	0.10034	0.01881	0.01367	0.01848	0.14896	0.01112	0.04464	0.01868	0.13476	0.06481	0.02083	0.01714	0.01141	0.04384	0.00276	0.00875	0.00624	0.03025	0.05152
4	0.09712	0.00925	0.01035	0.01044	0.01262	0.00883	0.00747	0.01488	0.04083	0.02387	0.09950	0.32713	0.14907	0.07171	0.01116	0.00311	0.00500	0.01579	0.00681	0.07508
5	0.14587	0.25762	0.20426	0.01535	0.02233	0.05560	0.01615	0.02384	0.04496	0.02495	0.05853	0.02208	0.06137	0.00886	0.00653	0.00223	0.00856	0.00646	0.00449	0.00997

[dist]
# distance from previous block
# <min> <max>
1	22

[block]
# block no. 5 follows, 24 sequences, length 29
# corresponding to MSA columns:
# 550-578
name=unknown_F
#
# <colnr> <probs for GDERKNQSTAVLIFYWHMCP>
#	G	D	E	R	K	N	Q	S	T	A	V	L	I	F	Y	W	H	M	C	P
0	0.01819	0.07702	0.15968	0.02009	0.06823	0.07427	0.07545	0.10227	0.03745	0.02740	0.09292	0.16201	0.02686	0.01218	0.00829	0.00254	0.00885	0.01060	0.00563	0.01007
1	0.04683	0.02595	0.14397	0.02679	0.18563	0.12583	0.04601	0.19271	0.02340	0.03114	0.01739	0.06583	0.01458	0.00920	0.00783	0.00242	0.01015	0.00763	0.00520	0.01150
2	0.06230	0.02449	0.10897	0.01836	0.02414	0.13033	0.04226	0.23048	0.14368	0.03388	0.02154	0.08555	0.01785	0.01048	0.00789	0.00250	0.00926	0.00838	0.00633	0.01133
3	0.02733	0.02851	0.02218	0.02004	0.05647	0.36054	0.01485	0.17003	0.09088	0.04902	0.01673	0.01779	0.01294	0.00855	0.00738	0.00214	0.01105	0.00612	0.00558	0.07185
4	0.07860	0.02074	0.02012	0.01653	0.02200	0.10438	0.01323	0.24980	0.19731	0.12157	0.02253	0.02175	0.01633	0.00938	0.00756	0.00237	0.00818	0.00716	0.00735	0.05314
5	0.02661	0.02259	0.02283	0.02043	0.07552	0.10612	0.01521	0.36701	0.18990	0.03999	0.02119	0.02115	0.01570	0.00947	0.00786	0.00241	0.00886	0.00734	0.00716	0.01264
6	0.14561	0.02049	0.02038	0.01740	0.04943	0.08071	0.01342	0.29606	0.10787	0.07331	0.01887	0.01919	0.01391	0.00878	0.00720	0.00229	0.00816	0.00655	0.00675	0.08361
7	0.02616	0.02227	0.02109	0.01742	0.02247	0.13558	0.01393	0.37028	0.11967	0.03847	0.02020	0.02130	0.01531	0.01462	0.07824	0.00342	0.01047	0.00720	0.03013	0.01177
8	0.02173	0.05246	0.07748	0.06874	0.08602	0.11716	0.08109	0.08875	0.19165	0.06169	0.02377	0.02466	0.05067	0.00934	0.00792	0.00246	0.00943	0.00788	0.00584	0.01127
9	0.02333	0.09226	0.02198	0.01808	0.07273	0.09088	0.01346	0.17057	0.17993	0.09263	0.03026	0.02939	0.10890	0.01073	0.00779	0.00240	0.00790	0.00851	0.00686	0.01142
10	0.01923	0.01758	0.02723	0.21721	0.36159	0.01910	0.02130	0.07561	0.10983	0.02735	0.01749	0.02140	0.01375	0.00802	0.00791	0.00248	0.00923	0.00734	0.00473	0.01163
11	0.01972	0.01703	0.01793	0.01614	0.02062	0.01972	0.01255	0.04214	0.65752	0.03317	0.03228	0.02959	0.02421	0.01076	0.00807	0.00269	0.00628	0.00897	0.00807	0.01255
12	0.01644	0.01409	0.01644	0.01175	0.01879	0.01057	0.00940	0.01997	0.01644	0.02584	0.01409	0.01644	0.01175	0.00587	0.00587	0.00117	0.00587	0.00470	0.00470	0.76979
13	0.01644	0.01409	0.01644	0.01175	0.01879	0.01057	0.00940	0.01997	0.01644	0.02584	0.01409	0.01644	0.01175	0.00587	0.00587	0.00117	0.00587	0.00470	0.00470	0.76979
14	0.01017	0.00801	0.00917	0.00900	0.01123	0.00701	0.00670	0.01287	0.01977	0.02573	0.32556	0.10109	0.38807	0.01869	0.00940	0.00263	0.00393	0.01602	0.00794	0.00701
15	0.01717	0.02391	0.18072	0.02793	0.03552	0.01848	0.39738	0.02368	0.01774	0.02465	0.01856	0.05431	0.01587	0.00923	0.01001	0.00278	0.04955	0.05788	0.00424	0.01036
16	0.03337	0.01457	0.01818	0.01416	0.02002	0.04797	0.01157	0.03643	0.02243	0.58636	0.05987	0.02744	0.02145	0.00988	0.00792	0.00238	0.00698	0.00800	0.00926	0.04177
17	0.03014	0.02221	0.02380	0.01825	0.02459	0.02459	0.01507	0.64541	0.03728	0.04998	0.01904	0.01904	0.01349	0.00952	0.00793	0.00238	0.00873	0.00714	0.00793	0.01349
18	0.01084	0.00805	0.00983	0.00941	0.01127	0.00733	0.00689	0.01382	0.02037	0.02784	0.47231	0.06229	0.20217	0.08817	0.01248	0.00306	0.00420	0.01459	0.00803	0.00704
19	0.03014	0.02221	0.02380	0.01825	0.02459	0.02459	0.01507	0.64541	0.03728	0.04998	0.01904	0.01904	0.01349	0.00952	0.00793	0.00238	0.00873	0.00714	0.00793	0.01349
20	0.01644	0.01409	0.01644	0.01175	0.01879	0.01057	0.00940	0.01997	0.01644	0.02584	0.01409	0.01644	0.01175	0.00587	0.00587	0.00117	0.00587	0.00470	0.00470	0.76979
21	0.01802	0.07203	0.58637	0.02136	0.03231	0.01841	0.02686	0.02632	0.01727	0.08641	0.01568	0.01751	0.01096	0.00771	0.00746	0.00247	0.01109	0.00598	0.00396	0.01181
22	0.00960	0.00785	0.00847	0.00872	0.01095	0.00673	0.00639	0.01166	0.01800	0.02220	0.12967	0.18207	0.50913	0.02052	0.00950	0.00275	0.00409	0.01748	0.00749	0.00673
23	0.01783	0.01935	0.03864	0.02834	0.03469	0.01909	0.45722	0.02321	0.01734	0.02424	0.01645	0.05612	0.01385	0.00862	0.01155	0.00268	0.11551	0.00924	0.00417	0.08188
24	0.02009	0.01069	0.01223	0.04576	0.01537	0.01088	0.00861	0.10384	0.02012	0.13700	0.02522	0.02807	0.01909	0.03291	0.00753	0.00225	0.00534	0.00757	0.47825	0.00917
25	0.64880	0.01592	0.01470	0.01258	0.01766	0.01814	0.05259	0.02535	0.07879	0.03464	0.01353	0.01515	0.01040	0.00766	0.00553	0.00249	0.00665	0.00511	0.00516	0.00913
26	0.02494	0.01735	0.01932	0.01532	0.02067	0.01804	0.01239	0.38574	0.02958	0.10508	0.05898	0.08604	0.07635	0.01175	0.00812	0.00238	0.00726	0.00948	0.00776	0.08345
27	0.05770	0.06855	0.02275	0.01681	0.02247	0.02283	0.01383	0.46525	0.09561	0.04315	0.02147	0.07535	0.01726	0.01060	0.00780	0.00243	0.00802	0.00824	0.00746	0.01240
28	0.01601	0.01281	0.01388	0.01370	0.01622	0.06875	0.01074	0.05163	0.10722	0.05493	0.17844	0.18851	0.04498	0.01739	0.00943	0.00292	0.00646	0.16978	0.00760	0.00861

[dist]
# distance from previous block
# <min> <max>
2	15

[block]
# block no. 6 follows, 24 sequences, length 31
# corresponding to MSA columns:
# 594-602,604,605,627-629,631-647
name=unknown_G
#
# <colnr> <probs for GDERKNQSTAVLIFYWHMCP>
#	G	D	E	R	K	N	Q	S	T	A	V	L	I	F	Y	W	H	M	C	P
0	0.02446	0.01680	0.01875	0.01574	0.02098	0.01812	0.01253	0.12158	0.39996	0.17732	0.02932	0.02690	0.02109	0.01013	0.00791	0.00252	0.00669	0.00828	0.00826	0.05269
1	0.01888	0.01678	0.02254	0.05660	0.02504	0.01658	0.09738	0.09093	0.16021	0.02919	0.01866	0.02061	0.01457	0.00805	0.00839	0.00206	0.05034	0.00680	0.00555	0.33086
2	0.02556	0.01368	0.01710	0.01323	0.01916	0.01188	0.01068	0.03099	0.09155	0.33850	0.07428	0.02622	0.02173	0.00909	0.00739	0.00206	0.00617	0.00748	0.00783	0.26543
3	0.01426	0.00748	0.00765	0.00765	0.00954	0.00744	0.00575	0.01780	0.01658	0.02855	0.02955	0.03294	0.06630	0.01199	0.03284	0.00234	0.00441	0.00810	0.68152	0.00733
4	0.01137	0.00832	0.01186	0.01186	0.01296	0.00943	0.00880	0.01359	0.01248	0.01775	0.02205	0.03565	0.02178	0.20309	0.54895	0.01165	0.01830	0.00915	0.00437	0.00659
5	0.40774	0.01442	0.01502	0.01226	0.01778	0.01473	0.01012	0.03095	0.01808	0.35535	0.02113	0.01991	0.01409	0.00858	0.00644	0.00245	0.00644	0.00613	0.00735	0.01103
6	0.03467	0.01370	0.01838	0.01423	0.02026	0.01212	0.01171	0.03885	0.05922	0.64028	0.03134	0.02714	0.01989	0.00987	0.00798	0.00247	0.00672	0.00803	0.00971	0.01344
7	0.77733	0.01534	0.01166	0.01043	0.01534	0.01779	0.00859	0.02331	0.01350	0.03558	0.01104	0.01288	0.00859	0.00736	0.00491	0.00245	0.00613	0.00429	0.00491	0.00859
8	0.01637	0.01591	0.02241	0.01950	0.01973	0.02195	0.01614	0.01828	0.01224	0.01897	0.01217	0.01960	0.01194	0.02130	0.13411	0.00498	0.59518	0.00719	0.00360	0.00841
9	0.01085	0.00782	0.01027	0.01023	0.01177	0.00724	0.00745	0.01404	0.02073	0.02907	0.52011	0.21458	0.06953	0.01825	0.00953	0.00267	0.00394	0.01628	0.00841	0.00724
10	0.01004	0.00748	0.00936	0.01012	0.01144	0.00679	0.00712	0.01222	0.01784	0.02376	0.22812	0.39806	0.18579	0.02142	0.00975	0.00290	0.00424	0.01902	0.00775	0.00679
11	0.03081	0.02114	0.02314	0.01774	0.02406	0.02300	0.01465	0.57084	0.03549	0.12708	0.02054	0.02002	0.01424	0.00956	0.00794	0.00239	0.00848	0.00724	0.00816	0.01349
12	0.72325	0.01525	0.01252	0.05951	0.01812	0.01778	0.00954	0.02309	0.01366	0.03449	0.01126	0.01347	0.00873	0.00740	0.00512	0.00247	0.00645	0.00449	0.00481	0.00860
13	0.01081	0.00809	0.01002	0.00954	0.01159	0.00731	0.00715	0.01416	0.02146	0.02947	0.53562	0.06307	0.20832	0.01708	0.00936	0.00254	0.00380	0.01488	0.00842	0.00731
14	0.02232	0.01726	0.01895	0.01609	0.02069	0.01945	0.01282	0.19369	0.36015	0.07553	0.06733	0.02981	0.05085	0.01126	0.00909	0.00262	0.04309	0.00898	0.00791	0.01210
15	0.02120	0.72609	0.04155	0.01357	0.02035	0.03138	0.01357	0.02374	0.01611	0.01866	0.01102	0.01272	0.01018	0.00678	0.00509	0.00170	0.00848	0.00424	0.00339	0.01018
16	0.01854	0.01773	0.03022	0.20203	0.52702	0.01855	0.02379	0.02338	0.01754	0.02458	0.01472	0.01998	0.01209	0.00727	0.00787	0.00242	0.00969	0.00706	0.00383	0.01168
17	0.01498	0.01409	0.02378	0.70226	0.05462	0.01762	0.02202	0.02026	0.01586	0.02026	0.01409	0.02114	0.01057	0.00793	0.00793	0.00264	0.01057	0.00705	0.00352	0.00881
18	0.01963	0.01884	0.03219	0.04867	0.67185	0.01884	0.02434	0.02434	0.01806	0.02591	0.01492	0.01963	0.01256	0.00707	0.00785	0.00236	0.00942	0.00707	0.00393	0.01256
19	0.01478	0.00739	0.00739	0.00739	0.00924	0.00739	0.00554	0.01848	0.01663	0.02956	0.02587	0.02956	0.02033	0.00924	0.00554	0.00185	0.00370	0.00739	0.76534	0.00739
20	0.01639	0.01554	0.02634	0.50372	0.24211	0.01799	0.02273	0.02150	0.01652	0.02198	0.01434	0.02068	0.01118	0.00767	0.00790	0.00256	0.01022	0.00705	0.00365	0.00995
21	0.01960	0.01400	0.01677	0.01214	0.01903	0.01075	0.00977	0.02305	0.01747	0.13326	0.01693	0.01818	0.01305	0.00652	0.00622	0.00139	0.00602	0.00524	0.00554	0.64510
22	0.01585	0.01498	0.02536	0.57974	0.17032	0.01785	0.02246	0.02102	0.01627	0.02132	0.01425	0.02086	0.01094	0.00777	0.00791	0.00259	0.01036	0.00705	0.00360	0.00951
23	0.77733	0.01534	0.01166	0.01043	0.01534	0.01779	0.00859	0.02331	0.01350	0.03558	0.01104	0.01288	0.00859	0.00736	0.00491	0.00245	0.00613	0.00429	0.00491	0.00859
24	0.00984	0.00799	0.00872	0.00866	0.01103	0.00688	0.00645	0.01225	0.01901	0.02392	0.22325	0.10391	0.49167	0.01937	0.00940	0.00266	0.00398	0.01643	0.00770	0.00688
25	0.00966	0.00690	0.00920	0.01104	0.01150	0.00644	0.00736	0.01104	0.01518	0.02024	0.04371	0.71614	0.05245	0.02484	0.01012	0.00322	0.00460	0.02254	0.00736	0.00644
26	0.02203	0.01774	0.01811	0.01590	0.02056	0.05708	0.01245	0.07649	0.48685	0.09826	0.03260	0.03012	0.05431	0.01090	0.00806	0.00261	0.00682	0.00892	0.00797	0.01222
27	0.01220	0.00841	0.01042	0.00973	0.01206	0.00753	0.00736	0.01547	0.02136	0.06742	0.48249	0.06161	0.22066	0.01680	0.00928	0.00254	0.00399	0.01457	0.00845	0.00764
28	0.56530	0.01780	0.09074	0.05425	0.02002	0.01702	0.01193	0.02369	0.01494	0.06575	0.04605	0.01691	0.01281	0.00799	0.00578	0.00247	0.00697	0.00534	0.00508	0.00916
29	0.04198	0.06355	0.31574	0.05777	0.11279	0.05889	0.02181	0.02724	0.10041	0.05970	0.01867	0.05452	0.01486	0.00890	0.00759	0.00248	0.00986	0.00726	0.00468	0.01129
30	0.17948	0.02367	0.05262	0.01777	0.05867	0.26016	0.01339	0.05701	0.01944	0.07542	0.02005	0.14915	0.01893	0.01127	0.00742	0.00244	0.00948	0.00873	0.00546	0.00942

[dist]
# distance from previous block
# <min> <max>
10	92

[block]
# block no. 7 follows, 24 sequences, length 28
# corresponding to MSA columns:
# 748-775
name=unknown_H
#
# <colnr> <probs for GDERKNQSTAVLIFYWHMCP>
#	G	D	E	R	K	N	Q	S	T	A	V	L	I	F	Y	W	H	M	C	P
0	0.06013	0.04857	0.07930	0.04673	0.07032	0.08031	0.01389	0.12399	0.02029	0.02838	0.04900	0.02888	0.08897	0.03819	0.03294	0.00292	0.05164	0.00811	0.11791	0.00951
1	0.02285	0.08891	0.02270	0.08927	0.04922	0.04504	0.01410	0.30701	0.06565	0.03468	0.02398	0.02652	0.07469	0.05783	0.00986	0.00268	0.00835	0.00796	0.00633	0.04236
2	0.02022	0.06524	0.02482	0.43663	0.04267	0.08869	0.01925	0.15927	0.02127	0.02661	0.01479	0.01942	0.01115	0.00823	0.00766	0.00246	0.01041	0.00668	0.00454	0.00997
3	0.04373	0.10615	0.01583	0.01076	0.01460	0.01173	0.00874	0.01886	0.01980	0.09503	0.30608	0.04602	0.15831	0.01345	0.00807	0.00226	0.00508	0.01126	0.00727	0.09698
4	0.02714	0.02053	0.02309	0.09359	0.02737	0.02246	0.01530	0.51556	0.03289	0.04434	0.01801	0.01902	0.01299	0.00899	0.00773	0.00229	0.00866	0.00689	0.00713	0.08601
5	0.01309	0.00983	0.01267	0.01372	0.04258	0.00953	0.00991	0.07210	0.01924	0.02585	0.12754	0.32789	0.09242	0.01974	0.00965	0.00297	0.00563	0.13917	0.00733	0.03915
6	0.01262	0.00944	0.01132	0.01137	0.01351	0.00911	0.00866	0.08315	0.02030	0.02676	0.18183	0.25854	0.20181	0.01975	0.00965	0.00290	0.00510	0.09886	0.00771	0.00762
7	0.01651	0.01414	0.01697	0.01297	0.01860	0.01232	0.01034	0.04611	0.01675	0.02562	0.01663	0.08113	0.01542	0.00867	0.00859	0.00167	0.08373	0.00670	0.00495	0.58218
8	0.01387	0.07468	0.01347	0.01155	0.01342	0.01047	0.00850	0.06408	0.01745	0.04781	0.03631	0.49457	0.04070	0.01968	0.00890	0.00283	0.00526	0.01742	0.09132	0.00771
9	0.01791	0.01673	0.01711	0.01271	0.01943	0.08598	0.01005	0.02127	0.01711	0.02513	0.01389	0.01621	0.01158	0.00613	0.00601	0.00127	0.00681	0.00474	0.00463	0.68531
10	0.02672	0.01582	0.07787	0.01451	0.02012	0.01319	0.01269	0.03432	0.14854	0.38187	0.10869	0.03067	0.02654	0.01056	0.00802	0.00249	0.00661	0.00874	0.03987	0.01215
11	0.01609	0.13139	0.53516	0.02037	0.03044	0.01915	0.02526	0.02371	0.01652	0.02381	0.01634	0.07672	0.01373	0.00893	0.00742	0.00246	0.01066	0.00708	0.00370	0.01105
12	0.03558	0.01350	0.01840	0.01411	0.02024	0.01166	0.01166	0.03865	0.02270	0.67734	0.03128	0.02699	0.01963	0.00981	0.00797	0.00245	0.00675	0.00797	0.00981	0.01350
13	0.02780	0.02141	0.04658	0.01744	0.02351	0.02258	0.01473	0.55698	0.03473	0.04707	0.05929	0.02189	0.01744	0.00985	0.00790	0.00237	0.00832	0.00755	0.03978	0.01279
14	0.01500	0.00941	0.01297	0.01363	0.01595	0.00908	0.01160	0.01861	0.01958	0.09793	0.16475	0.07653	0.04853	0.01943	0.01031	0.00329	0.00653	0.43098	0.00786	0.00803
15	0.01948	0.02001	0.02649	0.09353	0.08647	0.09668	0.06686	0.05562	0.01609	0.02204	0.01231	0.01801	0.01090	0.01121	0.01813	0.00300	0.40281	0.00696	0.00387	0.00952
16	0.01377	0.00689	0.01033	0.01033	0.01033	0.00689	0.00689	0.01033	0.01033	0.01377	0.01377	0.02410	0.01377	0.02755	0.03099	0.76928	0.00689	0.00689	0.00344	0.00344
17	0.01008	0.00747	0.01002	0.01157	0.01201	0.00741	0.00790	0.01148	0.01502	0.02018	0.04190	0.67816	0.05016	0.02425	0.01099	0.00323	0.04277	0.02170	0.00715	0.00656
18	0.01247	0.00972	0.01408	0.01380	0.01553	0.00945	0.06668	0.07365	0.01764	0.02359	0.03877	0.58477	0.04496	0.02169	0.00984	0.00309	0.00581	0.01984	0.00711	0.00751
19	0.02872	0.02167	0.02385	0.01853	0.02417	0.02456	0.01533	0.57584	0.03449	0.04654	0.01808	0.01885	0.01314	0.01000	0.00994	0.00250	0.08626	0.00712	0.00744	0.01295
20	0.01644	0.01409	0.01644	0.01175	0.01879	0.01057	0.00940	0.01997	0.01644	0.02584	0.01409	0.01644	0.01175	0.00587	0.00587	0.00117	0.00587	0.00470	0.00470	0.76979
21	0.01630	0.01064	0.01392	0.05268	0.07565	0.01116	0.03620	0.05806	0.01782	0.02910	0.02278	0.02691	0.01801	0.01086	0.03208	0.00245	0.02447	0.00744	0.52499	0.00849
22	0.05270	0.14848	0.15905	0.12092	0.02894	0.15536	0.01853	0.06611	0.01827	0.02358	0.01330	0.01669	0.01072	0.00862	0.00941	0.00239	0.10340	0.00582	0.02776	0.00996
23	0.01602	0.03474	0.52370	0.02525	0.12554	0.01747	0.02656	0.02406	0.01746	0.02585	0.07454	0.02108	0.01638	0.00826	0.00775	0.00249	0.01065	0.00682	0.00393	0.01145
24	0.15184	0.08863	0.26644	0.02274	0.11321	0.18167	0.02039	0.02617	0.01769	0.02512	0.01303	0.01554	0.01018	0.00753	0.00683	0.00230	0.01080	0.00544	0.00388	0.01055
25	0.02067	0.24884	0.15052	0.02128	0.12732	0.12874	0.01741	0.04405	0.01830	0.02370	0.01483	0.01745	0.01210	0.00763	0.00647	0.00205	0.00949	0.00568	0.11307	0.01039
26	0.01912	0.23897	0.31482	0.01825	0.02617	0.08764	0.02021	0.02460	0.01731	0.04515	0.04935	0.01860	0.01438	0.01034	0.03634	0.00269	0.03554	0.00599	0.00399	0.01054
27	0.20584	0.14203	0.07906	0.01668	0.02168	0.04791	0.09512	0.02168	0.01597	0.02530	0.05298	0.02412	0.07734	0.01160	0.03286	0.00285	0.10591	0.00734	0.00457	0.00915

[dist]
# distance from previous block
# <min> <max>
14	55

[block]
# block no. 8 follows, 24 sequences, length 8
# corresponding to MSA columns:
# 834-841
name=unknown_I
#
# <colnr> <probs for GDERKNQSTAVLIFYWHMCP>
#	G	D	E	R	K	N	Q	S	T	A	V	L	I	F	Y	W	H	M	C	P
0	0.13605	0.09031	0.02005	0.01596	0.06187	0.01776	0.01196	0.13939	0.10630	0.08707	0.02167	0.09135	0.01869	0.04052	0.00854	0.00252	0.00702	0.00815	0.00630	0.10850
1	0.02216	0.29461	0.02799	0.01569	0.02041	0.12385	0.01335	0.15902	0.02128	0.02596	0.01860	0.13665	0.01826	0.01121	0.00834	0.00228	0.05679	0.00837	0.00519	0.01000
2	0.01341	0.00970	0.01365	0.05994	0.07241	0.00922	0.01036	0.01607	0.01778	0.05886	0.18953	0.28136	0.06898	0.01774	0.01008	0.03557	0.00560	0.04134	0.00692	0.06147
3	0.05655	0.01102	0.01284	0.05383	0.01539	0.01274	0.00935	0.06237	0.01654	0.02738	0.02110	0.02776	0.01784	0.08810	0.01318	0.00289	0.12638	0.00756	0.40924	0.00791
4	0.02691	0.07313	0.02365	0.04933	0.02481	0.33578	0.01519	0.22257	0.02538	0.02896	0.01487	0.01718	0.01186	0.01193	0.05045	0.00288	0.04339	0.00607	0.00521	0.01044
5	0.07248	0.01964	0.01961	0.19408	0.08778	0.18444	0.01491	0.02352	0.05834	0.02249	0.02041	0.02602	0.05870	0.08755	0.01103	0.00289	0.00964	0.00745	0.00460	0.07442
6	0.22210	0.10555	0.02070	0.01450	0.01992	0.04704	0.01208	0.24020	0.09059	0.07547	0.01829	0.01877	0.01363	0.00870	0.00662	0.00230	0.00752	0.00622	0.05868	0.01112
7	0.02271	0.05418	0.06831	0.02686	0.21543	0.14608	0.01779	0.17423	0.04914	0.02963	0.01861	0.07880	0.01625	0.01150	0.03299	0.00276	0.01018	0.00797	0.00534	0.01126

[dist]
# distance from previous block
# <min> <max>
3	63

[block]
# block no. 9 follows, 24 sequences, length 8
# corresponding to MSA columns:
# 914-921
name=unknown_J
#
# <colnr> <probs for GDERKNQSTAVLIFYWHMCP>
#	G	D	E	R	K	N	Q	S	T	A	V	L	I	F	Y	W	H	M	C	P
0	0.02136	0.02124	0.11511	0.01608	0.02178	0.05958	0.01449	0.28219	0.04939	0.03667	0.16603	0.03181	0.07544	0.01130	0.00816	0.00239	0.00786	0.00909	0.00702	0.04301
1	0.01544	0.01167	0.01459	0.07785	0.01919	0.01192	0.01086	0.13762	0.02013	0.02723	0.06536	0.28275	0.03529	0.07539	0.01162	0.00318	0.00661	0.08185	0.00670	0.08476
2	0.01407	0.00982	0.01296	0.07686	0.01767	0.00976	0.00980	0.01756	0.05139	0.07707	0.06795	0.38311	0.05562	0.01779	0.00951	0.00278	0.03003	0.01565	0.04276	0.07782
3	0.02460	0.02093	0.08095	0.01667	0.02264	0.02030	0.01460	0.45392	0.03175	0.04266	0.09066	0.02930	0.09292	0.01120	0.00820	0.00244	0.00797	0.00882	0.00753	0.01196
4	0.02006	0.01628	0.01919	0.01690	0.07409	0.01549	0.01226	0.18876	0.08249	0.03247	0.01992	0.08286	0.01719	0.00915	0.00718	0.00193	0.00685	0.00759	0.00606	0.36330
5	0.11702	0.09191	0.07802	0.12903	0.04373	0.08930	0.01557	0.13590	0.10184	0.02991	0.01978	0.02155	0.04073	0.00893	0.00711	0.00237	0.00878	0.00680	0.04127	0.01045
6	0.24922	0.07665	0.07153	0.06276	0.02376	0.01847	0.08369	0.12191	0.01890	0.03045	0.02090	0.02349	0.07352	0.01407	0.07556	0.00348	0.00961	0.00722	0.00512	0.00967
7	0.10247	0.01014	0.01174	0.03062	0.01486	0.01040	0.00894	0.03503	0.07196	0.02477	0.06477	0.32445	0.05949	0.08461	0.01189	0.00336	0.00577	0.07579	0.00674	0.04222

[dist]
# distance from previous block
# <min> <max>
9	69

[block]
# block no. 10 follows, 24 sequences, length 6
# corresponding to MSA columns:
# 1000-1005
name=unknown_K
#
# <colnr> <probs for GDERKNQSTAVLIFYWHMCP>
#	G	D	E	R	K	N	Q	S	T	A	V	L	I	F	Y	W	H	M	C	P
0	0.05903	0.01114	0.01276	0.05171	0.04785	0.01197	0.00922	0.08082	0.07904	0.02886	0.02278	0.02853	0.01882	0.08373	0.01173	0.06032	0.00590	0.00770	0.35979	0.00832
1	0.06827	0.02081	0.10417	0.10223	0.20429	0.07772	0.01854	0.02458	0.01764	0.09428	0.01914	0.02192	0.04775	0.00876	0.00889	0.00239	0.06326	0.00695	0.00474	0.08368
2	0.11513	0.15230	0.01894	0.03722	0.01758	0.05133	0.01040	0.02327	0.01806	0.15732	0.09672	0.14723	0.02766	0.01208	0.00728	0.00237	0.00655	0.00983	0.07941	0.00932
3	0.05117	0.07772	0.01450	0.04508	0.01552	0.01113	0.00884	0.01828	0.01815	0.08681	0.21442	0.13201	0.07964	0.06702	0.01041	0.00279	0.00547	0.01180	0.07976	0.04947
4	0.01807	0.04593	0.05610	0.02207	0.17752	0.03642	0.01470	0.06977	0.08257	0.02763	0.02382	0.06556	0.04913	0.01006	0.00746	0.00221	0.00736	0.04025	0.08693	0.15644
5	0.02167	0.01461	0.01703	0.01393	0.01857	0.01444	0.01102	0.24220	0.02544	0.11757	0.13341	0.15036	0.03123	0.01279	0.00821	0.00235	0.00641	0.01078	0.00765	0.14030

[dist]
# distance from previous block
# <min> <max>
0	7

[block]
# block no. 11 follows, 24 sequences, length 13
# corresponding to MSA columns:
# 1015-1027
name=unknown_L
#
# <colnr> <probs for GDERKNQSTAVLIFYWHMCP>
#	G	D	E	R	K	N	Q	S	T	A	V	L	I	F	Y	W	H	M	C	P
0	0.04981	0.01966	0.14291	0.22025	0.03156	0.01716	0.01746	0.17473	0.02069	0.02941	0.01693	0.02197	0.01321	0.04250	0.01072	0.06082	0.00902	0.00696	0.08447	0.00976
1	0.01360	0.01107	0.01353	0.01292	0.01424	0.04976	0.00991	0.01612	0.01432	0.02065	0.06931	0.03252	0.02324	0.11130	0.35774	0.00824	0.10533	0.00873	0.10024	0.00724
2	0.10150	0.14949	0.05288	0.01601	0.02115	0.21706	0.01342	0.13116	0.02129	0.02707	0.01741	0.10654	0.01622	0.01004	0.00699	0.00219	0.00944	0.00750	0.00515	0.06747
3	0.01405	0.01092	0.01483	0.01676	0.09950	0.01127	0.01084	0.07971	0.01816	0.02476	0.11020	0.24696	0.08988	0.04986	0.09089	0.04780	0.03539	0.01388	0.00630	0.00805
4	0.12214	0.16362	0.07253	0.01298	0.01807	0.04173	0.01177	0.02368	0.01847	0.15583	0.13639	0.03185	0.09346	0.01380	0.04849	0.00294	0.00778	0.00848	0.00630	0.00969
5	0.15568	0.10642	0.10677	0.22043	0.03154	0.01773	0.05428	0.02241	0.01607	0.07470	0.01769	0.09062	0.01531	0.00995	0.00787	0.02182	0.00881	0.00786	0.00465	0.00941
6	0.10715	0.05413	0.31342	0.12103	0.11483	0.01734	0.02182	0.02233	0.01618	0.02492	0.01738	0.10234	0.01545	0.00959	0.00754	0.00256	0.00959	0.00797	0.00413	0.01033
7	0.02369	0.11018	0.02276	0.01856	0.06041	0.26071	0.01379	0.12736	0.08838	0.02686	0.01961	0.09571	0.01754	0.01024	0.00738	0.00223	0.00971	0.00788	0.03912	0.03790
8	0.02798	0.10743	0.02535	0.01746	0.02366	0.02492	0.01463	0.50732	0.09881	0.04442	0.01943	0.01936	0.01419	0.00931	0.00760	0.00233	0.00844	0.00697	0.00739	0.01299
9	0.01786	0.01494	0.01721	0.01242	0.01939	0.01202	0.00998	0.08481	0.01860	0.02834	0.01461	0.01671	0.01193	0.00625	0.00609	0.00130	0.00617	0.00495	0.00503	0.69138
10	0.01355	0.00928	0.01073	0.01047	0.01198	0.00929	0.00727	0.08996	0.01810	0.02523	0.11964	0.22928	0.06831	0.22554	0.01808	0.00414	0.00576	0.01412	0.10217	0.00709
11	0.03008	0.02411	0.02364	0.01851	0.02458	0.10559	0.01510	0.57063	0.03548	0.04625	0.01821	0.01846	0.01309	0.00936	0.00784	0.00234	0.00941	0.00689	0.00746	0.01296
12	0.09798	0.06622	0.01596	0.01261	0.01654	0.01373	0.01020	0.02625	0.15180	0.15650	0.12375	0.06149	0.10568	0.01383	0.00905	0.03287	0.00596	0.06235	0.00747	0.00975

[dist]
# distance from previous block
# <min> <max>
16	75

[block]
# block no. 12 follows, 24 sequences, length 11
# corresponding to MSA columns:
# 1115-1125
name=unknown_M
#
# <colnr> <probs for GDERKNQSTAVLIFYWHMCP>
#	G	D	E	R	K	N	Q	S	T	A	V	L	I	F	Y	W	H	M	C	P
0	0.13668	0.15121	0.07580	0.05292	0.16276	0.08670	0.01616	0.02369	0.03756	0.02435	0.01459	0.01826	0.01227	0.01415	0.09581	0.00354	0.01070	0.00594	0.00415	0.05275
1	0.06738	0.14243	0.02771	0.09360	0.05839	0.07495	0.05858	0.07079	0.01693	0.02342	0.01342	0.03888	0.01203	0.01033	0.01369	0.00269	0.25417	0.00685	0.00413	0.00962
2	0.02312	0.11135	0.09024	0.01865	0.02379	0.20012	0.09298	0.02644	0.01834	0.12480	0.01765	0.02282	0.01465	0.10015	0.03937	0.00340	0.05034	0.00711	0.00489	0.00977
3	0.01594	0.01253	0.01616	0.01402	0.01668	0.01332	0.05885	0.10681	0.09837	0.02784	0.12883	0.12118	0.06157	0.15882	0.01623	0.00369	0.05085	0.01186	0.05787	0.00856
4	0.15672	0.13499	0.09412	0.12299	0.02846	0.11019	0.05850	0.06470	0.01836	0.08015	0.01450	0.01711	0.01108	0.00814	0.00791	0.00238	0.04893	0.00596	0.00464	0.01015
5	0.10108	0.09442	0.02119	0.01494	0.02035	0.02060	0.01235	0.32736	0.07647	0.03834	0.02020	0.06622	0.01649	0.00983	0.00713	0.00226	0.00735	0.00755	0.06554	0.07032
6	0.12494	0.12019	0.37541	0.01920	0.02809	0.01909	0.06069	0.02516	0.01657	0.07652	0.01521	0.01758	0.01128	0.01042	0.04487	0.00297	0.01076	0.00597	0.00417	0.01090
7	0.01097	0.00804	0.01010	0.01130	0.01245	0.00766	0.00797	0.04694	0.01696	0.02227	0.04665	0.56026	0.12449	0.02322	0.00996	0.00313	0.00493	0.05837	0.00739	0.00692
8	0.02064	0.35659	0.11917	0.01857	0.07464	0.12746	0.01614	0.04808	0.01806	0.02165	0.01618	0.09826	0.01553	0.00939	0.00667	0.00212	0.00944	0.00712	0.00419	0.01011
9	0.02692	0.01904	0.02083	0.01653	0.02177	0.02071	0.01329	0.49785	0.03221	0.07906	0.02264	0.09099	0.01891	0.06858	0.01077	0.00290	0.00812	0.00906	0.00773	0.01209
10	0.01208	0.00890	0.01104	0.01123	0.01308	0.00853	0.00842	0.06226	0.02008	0.02698	0.25595	0.28381	0.14058	0.01978	0.00968	0.00289	0.00486	0.08453	0.00786	0.00747

[dist]
# distance from previous block
# <min> <max>
0	6

[block]
# block no. 13 follows, 24 sequences, length 15
# corresponding to MSA columns:
# 1132-1137,1149-1157
name=unknown_N
#
# <colnr> <probs for GDERKNQSTAVLIFYWHMCP>
#	G	D	E	R	K	N	Q	S	T	A	V	L	I	F	Y	W	H	M	C	P
0	0.02341	0.07025	0.02005	0.09028	0.02350	0.01705	0.01300	0.05963	0.26526	0.21503	0.09254	0.02919	0.02502	0.01037	0.00792	0.00251	0.00690	0.00858	0.00776	0.01175
1	0.11536	0.15585	0.24565	0.05712	0.02849	0.09404	0.07860	0.02508	0.03706	0.02456	0.01557	0.02110	0.01290	0.00843	0.00715	0.00241	0.01034	0.04595	0.00411	0.01024
2	0.01902	0.06809	0.01720	0.01413	0.03763	0.03665	0.01060	0.11334	0.07574	0.08340	0.11912	0.09760	0.02980	0.08934	0.02978	0.00326	0.03605	0.01013	0.09975	0.00938
3	0.01077	0.00796	0.00965	0.01067	0.01159	0.00774	0.00714	0.01359	0.06484	0.02045	0.04313	0.46878	0.11091	0.15559	0.01563	0.00397	0.00526	0.01878	0.00693	0.00663
4	0.09657	0.01672	0.02771	0.10673	0.03000	0.01840	0.21410	0.06482	0.01743	0.05683	0.01835	0.09655	0.01636	0.01244	0.03499	0.00317	0.14510	0.00928	0.00486	0.00959
5	0.02173	0.01771	0.02125	0.07500	0.12767	0.06366	0.01591	0.18778	0.08937	0.06288	0.02473	0.03709	0.02186	0.01185	0.00851	0.00266	0.00856	0.15258	0.00650	0.04270
6	0.02465	0.01840	0.12402	0.01644	0.02254	0.01470	0.04070	0.03361	0.17637	0.30227	0.06165	0.02782	0.02189	0.01377	0.06119	0.00333	0.00867	0.00832	0.00762	0.01204
7	0.11690	0.01949	0.02235	0.06044	0.10957	0.02155	0.01534	0.38428	0.07261	0.04133	0.01844	0.01966	0.01363	0.00892	0.00747	0.00240	0.00823	0.00692	0.03830	0.01218
8	0.00994	0.00702	0.00912	0.01069	0.01108	0.00662	0.00699	0.01111	0.01465	0.01953	0.04095	0.61850	0.04898	0.12722	0.01457	0.00388	0.00505	0.02092	0.00699	0.00620
9	0.02819	0.02004	0.02189	0.01722	0.02291	0.02188	0.01403	0.54203	0.03405	0.08145	0.02243	0.09615	0.01811	0.01122	0.00818	0.00248	0.00816	0.00888	0.00797	0.01271
10	0.01665	0.01387	0.01616	0.01212	0.01839	0.01109	0.00957	0.06246	0.01775	0.02690	0.01769	0.09358	0.01634	0.00821	0.00648	0.00148	0.00593	0.00683	0.00522	0.63327
11	0.01938	0.07288	0.12640	0.24009	0.15241	0.15299	0.02089	0.02484	0.03965	0.02235	0.01559	0.02167	0.01283	0.00842	0.00765	0.00243	0.01084	0.03451	0.00400	0.01017
12	0.07608	0.01962	0.01936	0.04975	0.02249	0.08964	0.01320	0.30646	0.11153	0.03644	0.02686	0.02739	0.09377	0.01404	0.05493	0.00316	0.00919	0.00822	0.00680	0.01108
13	0.02096	0.01939	0.02972	0.05785	0.06388	0.04474	0.20632	0.18237	0.02173	0.02984	0.01633	0.02076	0.01294	0.01265	0.05892	0.00336	0.13834	0.00780	0.04152	0.01059
14	0.01753	0.01376	0.06123	0.01499	0.04525	0.01144	0.01229	0.02335	0.08738	0.12569	0.13016	0.06589	0.07467	0.01382	0.00865	0.00259	0.00645	0.14798	0.00716	0.12972

[dist]
# distance from previous block
# <min> <max>
7	28

[block]
# block no. 14 follows, 24 sequences, length 6
# corresponding to MSA columns:
# 1200-1205
name=unknown_O
#
# <colnr> <probs for GDERKNQSTAVLIFYWHMCP>
#	G	D	E	R	K	N	Q	S	T	A	V	L	I	F	Y	W	H	M	C	P
0	0.01645	0.01264	0.01499	0.01395	0.01654	0.01345	0.01050	0.17214	0.06702	0.02883	0.03252	0.39960	0.03518	0.01805	0.01031	0.00286	0.05627	0.01550	0.00711	0.05608
1	0.02493	0.02193	0.02464	0.02229	0.08685	0.09296	0.01674	0.31875	0.02575	0.03448	0.01515	0.01806	0.01206	0.01054	0.01368	0.00269	0.23453	0.00686	0.00570	0.01140
2	0.01267	0.00872	0.00965	0.00927	0.00990	0.00879	0.00560	0.05540	0.01377	0.01819	0.02843	0.05132	0.07239	0.62313	0.03596	0.00697	0.00750	0.01159	0.00520	0.00554
3	0.02057	0.02055	0.03500	0.10664	0.28747	0.07477	0.24683	0.02574	0.01870	0.06234	0.01597	0.02040	0.01238	0.00727	0.00835	0.00248	0.01122	0.00778	0.00427	0.01127
4	0.01301	0.00904	0.01058	0.01036	0.01119	0.00932	0.00670	0.07384	0.01480	0.01989	0.02738	0.16394	0.03072	0.47225	0.08734	0.00681	0.00840	0.01278	0.00551	0.00614
5	0.07794	0.31799	0.02841	0.01505	0.02080	0.08712	0.01310	0.08356	0.17367	0.08240	0.01869	0.01871	0.01454	0.00841	0.00648	0.00215	0.00820	0.00603	0.00563	0.01111

[dist]
# distance from previous block
# <min> <max>
10	39

[block]
# block no. 15 follows, 24 sequences, length 15
# corresponding to MSA columns:
# 1253-1267
name=unknown_P
#
# <colnr> <probs for GDERKNQSTAVLIFYWHMCP>
#	G	D	E	R	K	N	Q	S	T	A	V	L	I	F	Y	W	H	M	C	P
0	0.11322	0.39782	0.13270	0.01640	0.02353	0.02529	0.06859	0.04332	0.04799	0.02433	0.03281	0.01648	0.01283	0.00752	0.00616	0.00209	0.00886	0.00554	0.00415	0.01039
1	0.08645	0.09188	0.02462	0.08999	0.17119	0.24587	0.01663	0.02711	0.07448	0.02339	0.01521	0.01843	0.01255	0.01157	0.05564	0.00299	0.01138	0.00616	0.00436	0.01010
2	0.01288	0.01002	0.04352	0.01134	0.01384	0.00832	0.00927	0.01659	0.02103	0.06803	0.46604	0.11451	0.07982	0.01682	0.00941	0.00268	0.00475	0.07500	0.00824	0.00792
3	0.02820	0.02147	0.02474	0.01873	0.02525	0.02309	0.05734	0.55011	0.03425	0.04625	0.01841	0.01898	0.01324	0.00902	0.00785	0.00230	0.00880	0.00708	0.00739	0.07750
4	0.01833	0.01942	0.05188	0.30342	0.04205	0.06441	0.22595	0.07549	0.01897	0.02455	0.01638	0.05399	0.01328	0.00863	0.00891	0.00263	0.02921	0.00840	0.00428	0.00983
5	0.02587	0.02027	0.02277	0.02051	0.08564	0.02251	0.01517	0.39661	0.22977	0.04239	0.02279	0.02240	0.01676	0.00967	0.00797	0.00247	0.00803	0.00770	0.00759	0.01310
6	0.01779	0.04978	0.16660	0.02632	0.03237	0.02155	0.28819	0.02318	0.01604	0.02299	0.01362	0.01879	0.01102	0.00925	0.01438	0.00287	0.24370	0.00766	0.00367	0.01021
7	0.01287	0.00967	0.01233	0.01280	0.01484	0.00981	0.01021	0.01909	0.11695	0.02729	0.24510	0.16320	0.05290	0.01878	0.00987	0.00306	0.00558	0.23972	0.00789	0.00804
8	0.12371	0.01427	0.02205	0.60358	0.04901	0.01764	0.02011	0.02070	0.01552	0.02245	0.01366	0.01996	0.01029	0.00785	0.00750	0.00262	0.00994	0.00665	0.00372	0.00878
9	0.01013	0.00806	0.00908	0.00883	0.01118	0.00702	0.00662	0.01285	0.01987	0.02567	0.32088	0.06932	0.42543	0.01850	0.00936	0.00260	0.00390	0.01575	0.00792	0.00702
10	0.02568	0.02810	0.22947	0.01961	0.02764	0.02266	0.01953	0.45105	0.03085	0.04219	0.01753	0.01832	0.01241	0.00890	0.00781	0.00242	0.00966	0.00674	0.00650	0.01293
11	0.01557	0.01176	0.02097	0.08633	0.11426	0.01187	0.11942	0.01586	0.01340	0.01811	0.01436	0.02272	0.01300	0.01918	0.02178	0.45526	0.00871	0.00735	0.00362	0.00650
12	0.01503	0.01357	0.02071	0.48655	0.04266	0.01638	0.01831	0.02268	0.12529	0.02246	0.02142	0.12171	0.01887	0.01082	0.00826	0.00273	0.00899	0.00958	0.00485	0.00911
13	0.02177	0.23061	0.29456	0.01907	0.02733	0.13749	0.02046	0.11432	0.02047	0.02587	0.01368	0.01552	0.01060	0.00771	0.00684	0.00218	0.01082	0.00546	0.00414	0.01111
14	0.46994	0.01996	0.07980	0.01405	0.02006	0.01998	0.01261	0.21840	0.02126	0.03908	0.01385	0.01518	0.01026	0.00805	0.00611	0.00244	0.00748	0.00534	0.00571	0.01042

[dist]
# distance from previous block
# <min> <max>
0	3

[block]
# block no. 16 follows, 24 sequences, length 11
# corresponding to MSA columns:
# 1274-1284
name=unknown_Q
#
# <colnr> <probs for GDERKNQSTAVLIFYWHMCP>
#	G	D	E	R	K	N	Q	S	T	A	V	L	I	F	Y	W	H	M	C	P
0	0.01636	0.01638	0.02814	0.38011	0.04230	0.02002	0.13429	0.02086	0.01529	0.02086	0.01337	0.02008	0.01079	0.00945	0.01349	0.00289	0.21518	0.00744	0.00360	0.00911
