[name]
unknown

[dist]
# distance from previous block
# <min> <max>
8	109

[block]
# block no. 0 follows, 40 sequences, length 18
# corresponding to MSA columns:
# 142-159
name=unknown_A
#
# <colnr> <probs for GDERKNQSTAVLIFYWHMCP>
#	G	D	E	R	K	N	Q	S	T	A	V	L	I	F	Y	W	H	M	C	P
0	0.01029	0.05819	0.01041	0.03795	0.01177	0.00820	0.00653	0.03700	0.07012	0.03740	0.09150	0.11936	0.28180	0.03999	0.00694	0.00188	0.00401	0.00920	0.00487	0.15260
1	0.03743	0.06222	0.01493	0.01200	0.04128	0.01369	0.00925	0.34581	0.04308	0.02585	0.03598	0.15913	0.01664	0.03781	0.02383	0.00210	0.03588	0.00731	0.00493	0.07085
2	0.02001	0.02151	0.01603	0.01437	0.04405	0.43847	0.01067	0.20775	0.04457	0.02060	0.01153	0.01376	0.00946	0.05646	0.00694	0.00182	0.00850	0.00457	0.00388	0.04506
3	0.01312	0.01091	0.01243	0.00951	0.01407	0.00953	0.00754	0.09273	0.11103	0.02126	0.01386	0.06315	0.01186	0.00595	0.00488	0.00120	0.00451	0.00488	0.00415	0.58344
4	0.00725	0.00513	0.00670	0.00788	0.00818	0.00483	0.00517	0.00814	0.01081	0.01441	0.03039	0.70063	0.03637	0.11228	0.01011	0.00276	0.00365	0.01555	0.00517	0.00458
5	0.01176	0.00928	0.01170	0.01056	0.01246	0.02490	0.00833	0.08446	0.08772	0.03914	0.01529	0.02034	0.01342	0.05569	0.42736	0.00608	0.08793	0.00588	0.00376	0.06394
6	0.01974	0.02097	0.04632	0.01457	0.01812	0.34534	0.03807	0.27545	0.01906	0.02244	0.01112	0.01278	0.00874	0.00849	0.04443	0.00209	0.07582	0.00465	0.00394	0.00786
7	0.00759	0.00527	0.00660	0.00745	0.00767	0.00506	0.00471	0.00823	0.01015	0.01353	0.02700	0.51470	0.03209	0.30404	0.01558	0.00357	0.00421	0.01356	0.00471	0.00428
8	0.00709	0.00506	0.00675	0.00810	0.00843	0.00472	0.00540	0.00810	0.01113	0.01484	0.03205	0.79184	0.03846	0.01822	0.00742	0.00236	0.00337	0.01653	0.00540	0.00472
9	0.01249	0.01061	0.01248	0.03343	0.01482	0.00840	0.00738	0.04846	0.01276	0.01964	0.01050	0.01226	0.00865	0.00448	0.00443	0.00094	0.00451	0.00358	0.00353	0.76665
10	0.01271	0.05276	0.17284	0.11777	0.06214	0.03998	0.14957	0.05162	0.01301	0.01788	0.01314	0.10772	0.01184	0.00720	0.00671	0.00183	0.05695	0.00635	0.00324	0.09474
11	0.01772	0.01368	0.01413	0.01196	0.01573	0.06107	0.00947	0.15815	0.43921	0.12340	0.02024	0.01887	0.01479	0.00734	0.00577	0.00182	0.00533	0.00591	0.00577	0.04967
12	0.01173	0.01207	0.02380	0.05986	0.04981	0.01203	0.40045	0.01525	0.01252	0.01706	0.01661	0.16615	0.01617	0.01048	0.04546	0.00248	0.06395	0.05378	0.00352	0.00683
13	0.02172	0.02772	0.01648	0.01498	0.01798	0.77228	0.01124	0.02322	0.01648	0.01423	0.00899	0.01049	0.00749	0.00599	0.00524	0.00150	0.01049	0.00375	0.00300	0.00674
14	0.01206	0.01034	0.01206	0.00861	0.01378	0.00775	0.00689	0.01464	0.01206	0.01895	0.01034	0.01206	0.00861	0.00431	0.00431	0.00086	0.00431	0.00345	0.00345	0.83118
15	0.05586	0.01867	0.01786	0.03925	0.04701	0.30991	0.09669	0.13874	0.01579	0.01900	0.01096	0.01440	0.00923	0.05496	0.04605	0.00237	0.08764	0.00497	0.00346	0.00716
16	0.01702	0.01999	0.01734	0.05669	0.12512	0.42739	0.06931	0.01936	0.01540	0.01657	0.11065	0.01815	0.04824	0.00696	0.00576	0.00166	0.00841	0.00556	0.00351	0.00692
17	0.01046	0.00709	0.00796	0.00744	0.00971	0.00647	0.00568	0.01374	0.09232	0.11918	0.12356	0.09870	0.44994	0.01292	0.00667	0.00196	0.00340	0.01091	0.00581	0.00610

[dist]
# distance from previous block
# <min> <max>
0	1

[block]
# block no. 1 follows, 40 sequences, length 11
# corresponding to MSA columns:
# 161-171
name=unknown_B
#
# <colnr> <probs for GDERKNQSTAVLIFYWHMCP>
#	G	D	E	R	K	N	Q	S	T	A	V	L	I	F	Y	W	H	M	C	P
0	0.00834	0.00602	0.00793	0.00765	0.00902	0.00561	0.00587	0.01108	0.01615	0.02273	0.68391	0.04565	0.05273	0.01231	0.00698	0.00191	0.00300	0.08132	0.00630	0.00547
1	0.01834	0.36133	0.06056	0.01263	0.01693	0.31610	0.01112	0.08577	0.03823	0.01656	0.00958	0.01074	0.00801	0.00568	0.00467	0.00144	0.00798	0.00372	0.00310	0.00751
2	0.00818	0.00634	0.00825	0.00884	0.00949	0.00661	0.00640	0.01000	0.03709	0.01583	0.08538	0.49943	0.08602	0.04642	0.00936	0.00245	0.08154	0.06215	0.00513	0.00511
3	0.00724	0.00591	0.00640	0.00628	0.00808	0.00507	0.00471	0.00906	0.01413	0.01778	0.24892	0.05255	0.56569	0.01395	0.00687	0.00193	0.00289	0.01179	0.00567	0.00507
4	0.01426	0.00838	0.00910	0.00800	0.01035	0.00880	0.00629	0.14492	0.07993	0.08443	0.01864	0.02022	0.01421	0.00888	0.04507	0.00193	0.00439	0.00557	0.49972	0.00690
5	0.05887	0.01446	0.01552	0.01239	0.01650	0.01595	0.01007	0.52903	0.11859	0.06526	0.01665	0.07123	0.01301	0.00785	0.00584	0.00182	0.00579	0.00615	0.00576	0.00926
6	0.01737	0.01421	0.01621	0.06766	0.04648	0.07575	0.01126	0.26886	0.06353	0.08308	0.03224	0.03247	0.04159	0.00824	0.00903	0.00197	0.19154	0.00584	0.00458	0.00808
7	0.00716	0.00518	0.00663	0.00776	0.00823	0.00480	0.00517	0.00815	0.01116	0.01469	0.03379	0.66682	0.10896	0.07109	0.00889	0.00255	0.00349	0.01555	0.00527	0.00466
8	0.01582	0.01563	0.01977	0.07783	0.41263	0.14683	0.01474	0.02079	0.12424	0.04588	0.01279	0.01502	0.01022	0.00604	0.00620	0.00177	0.03664	0.00516	0.00348	0.00851
9	0.01656	0.04516	0.04836	0.03601	0.09935	0.06286	0.23604	0.04790	0.05143	0.15779	0.01437	0.04492	0.01118	0.00680	0.00754	0.00192	0.09356	0.00611	0.00400	0.00815
10	0.04595	0.08444	0.04891	0.10743	0.11345	0.12206	0.09830	0.06538	0.02661	0.07920	0.06504	0.01603	0.01230	0.00711	0.02058	0.00189	0.04841	0.00532	0.00369	0.02791

[dist]
# distance from previous block
# <min> <max>
4	18

[block]
# block no. 2 follows, 40 sequences, length 21
# corresponding to MSA columns:
# 190-210
name=unknown_C
#
# <colnr> <probs for GDERKNQSTAVLIFYWHMCP>
#	G	D	E	R	K	N	Q	S	T	A	V	L	I	F	Y	W	H	M	C	P
0	0.01358	0.26669	0.17698	0.03929	0.01912	0.07815	0.11197	0.01679	0.01261	0.03461	0.01520	0.10712	0.05211	0.00747	0.00573	0.00173	0.02423	0.00620	0.00321	0.00723
1	0.01013	0.06978	0.17621	0.01020	0.01381	0.03895	0.02790	0.02540	0.01320	0.01755	0.11209	0.17473	0.20391	0.01088	0.00617	0.00185	0.00508	0.00925	0.02197	0.05093
2	0.01639	0.05167	0.06290	0.04114	0.27642	0.08831	0.07710	0.07731	0.05441	0.09114	0.01251	0.01446	0.00968	0.00598	0.00639	0.00174	0.05054	0.00509	0.00367	0.05315
3	0.31747	0.04940	0.02891	0.07303	0.01543	0.01374	0.00926	0.09160	0.02681	0.03384	0.02569	0.01300	0.00895	0.00775	0.00854	0.06703	0.14522	0.00434	0.00356	0.05642
4	0.00717	0.00523	0.00677	0.00792	0.00850	0.00483	0.00542	0.00832	0.01157	0.01523	0.05295	0.66950	0.11680	0.01761	0.00737	0.00232	0.00338	0.03891	0.00542	0.00478
5	0.00728	0.00561	0.00684	0.03537	0.00925	0.00517	0.00532	0.00853	0.01185	0.01512	0.05832	0.43481	0.28881	0.06922	0.00866	0.00242	0.00352	0.01392	0.00519	0.00479
6	0.01470	0.01153	0.01348	0.04630	0.01580	0.01047	0.00836	0.17459	0.01549	0.04974	0.01181	0.01326	0.00925	0.00531	0.00514	0.00120	0.02508	0.00412	0.03167	0.53271
7	0.01056	0.00951	0.01371	0.01226	0.01282	0.01233	0.02728	0.01213	0.00916	0.01365	0.01195	0.01928	0.01173	0.09789	0.32368	0.00557	0.38207	0.00591	0.00288	0.00566
8	0.00728	0.00516	0.00675	0.00788	0.00823	0.00485	0.00521	0.00827	0.01110	0.01487	0.06384	0.67998	0.03743	0.09791	0.00968	0.00267	0.00358	0.01543	0.00525	0.00463
9	0.59433	0.01232	0.01098	0.04039	0.01401	0.01415	0.00783	0.16860	0.04851	0.02776	0.01015	0.01121	0.00765	0.00586	0.00426	0.00180	0.00503	0.00383	0.00413	0.00719
10	0.01565	0.06923	0.01614	0.01216	0.01551	0.09409	0.04766	0.11868	0.11249	0.06564	0.01520	0.01659	0.03789	0.00886	0.04484	0.00206	0.11926	0.00523	0.04361	0.13918
11	0.01479	0.20464	0.06765	0.04290	0.01879	0.04734	0.11150	0.09681	0.05450	0.01848	0.01082	0.01326	0.00889	0.00668	0.00829	0.00179	0.18388	0.00479	0.03632	0.04787
12	0.01208	0.08544	0.66616	0.01658	0.02474	0.01428	0.06531	0.01836	0.01233	0.01808	0.01035	0.01227	0.00746	0.00545	0.00548	0.00181	0.00850	0.00437	0.00249	0.00846
13	0.00706	0.00568	0.00630	0.00661	0.00809	0.00492	0.00478	0.00853	0.01300	0.01621	0.11824	0.24882	0.50066	0.01538	0.00702	0.00206	0.00304	0.01323	0.00549	0.00492
14	0.02050	0.01549	0.01655	0.01305	0.01742	0.01728	0.01066	0.59091	0.17901	0.03406	0.01600	0.01559	0.01154	0.00717	0.00584	0.00179	0.00602	0.00552	0.00584	0.00975
15	0.01417	0.01073	0.01705	0.58491	0.06364	0.01252	0.01471	0.05644	0.01336	0.13770	0.01260	0.01607	0.00900	0.00608	0.00582	0.00190	0.00719	0.00528	0.00352	0.00731
16	0.00792	0.00593	0.00734	0.00699	0.00850	0.00536	0.00524	0.01038	0.01573	0.02159	0.59737	0.04629	0.21486	0.01254	0.00686	0.00186	0.00279	0.01092	0.00617	0.00536
17	0.00727	0.00520	0.00691	0.00797	0.00848	0.00485	0.00541	0.00856	0.01200	0.01622	0.14960	0.67037	0.04112	0.01719	0.00733	0.00228	0.00327	0.01556	0.00556	0.00485
18	0.00709	0.00506	0.00675	0.00810	0.00843	0.00472	0.00540	0.00810	0.01113	0.01484	0.03205	0.79184	0.03846	0.01822	0.00742	0.00236	0.00337	0.01653	0.00540	0.00472
19	0.01107	0.01046	0.01746	0.74134	0.03875	0.01318	0.01597	0.01481	0.01148	0.01481	0.01019	0.01536	0.00775	0.00604	0.00651	0.00197	0.04863	0.00516	0.00258	0.00645
20	0.01386	0.00707	0.00785	0.00701	0.00894	0.00699	0.00528	0.07435	0.01357	0.14167	0.01911	0.02328	0.01538	0.12917	0.00846	0.00212	0.00383	0.00595	0.49991	0.00622

[dist]
# distance from previous block
# <min> <max>
0	1

[block]
# block no. 3 follows, 40 sequences, length 19
# corresponding to MSA columns:
# 212-230
name=unknown_D
#
# <colnr> <probs for GDERKNQSTAVLIFYWHMCP>
#	G	D	E	R	K	N	Q	S	T	A	V	L	I	F	Y	W	H	M	C	P
0	0.01350	0.01503	0.03064	0.02245	0.02703	0.01540	0.57685	0.01760	0.01265	0.01760	0.01085	0.01503	0.00856	0.00608	0.00958	0.00209	0.18224	0.00647	0.00285	0.00751
1	0.02149	0.01570	0.01680	0.01295	0.01742	0.01735	0.01067	0.70046	0.02652	0.03584	0.01423	0.01438	0.01016	0.00697	0.00572	0.00172	0.00620	0.00525	0.05052	0.00965
2	0.01334	0.37423	0.06266	0.01229	0.03602	0.05726	0.03706	0.01534	0.01160	0.01459	0.01344	0.17475	0.01409	0.00866	0.00728	0.00177	0.12910	0.00654	0.00316	0.00680
3	0.02736	0.01130	0.01322	0.01012	0.01433	0.01060	0.00816	0.17179	0.01531	0.08824	0.01291	0.02629	0.01042	0.02753	0.03853	0.00176	0.05452	0.00462	0.01623	0.43673
4	0.01211	0.02797	0.01093	0.01051	0.05161	0.00889	0.00732	0.15232	0.02755	0.05812	0.09453	0.31437	0.04606	0.10040	0.02249	0.00253	0.00472	0.01053	0.01614	0.02090
5	0.01697	0.01256	0.01463	0.07944	0.01781	0.01255	0.00955	0.26390	0.10321	0.09544	0.01430	0.01486	0.01058	0.00604	0.00529	0.00147	0.00542	0.00480	0.00481	0.30636
6	0.02242	0.01232	0.01458	0.01155	0.01584	0.01260	0.00942	0.23689	0.17770	0.39156	0.02047	0.01850	0.01380	0.00728	0.00585	0.00182	0.00530	0.00583	0.00652	0.00975
7	0.00717	0.00515	0.00667	0.00786	0.00825	0.00480	0.00521	0.00814	0.01105	0.01463	0.03242	0.69916	0.07398	0.07477	0.00901	0.00258	0.00352	0.01572	0.00526	0.00465
8	0.01488	0.01185	0.01491	0.20473	0.02100	0.02774	0.01122	0.13663	0.16773	0.08264	0.05056	0.01998	0.05373	0.00801	0.00793	0.00197	0.12578	0.00612	0.02488	0.00771
9	0.00831	0.00557	0.00639	0.00653	0.00657	0.00554	0.00373	0.00842	0.00875	0.01166	0.01982	0.12021	0.02303	0.71090	0.02718	0.00528	0.00539	0.00934	0.00373	0.00365
10	0.00809	0.00548	0.00645	0.00681	0.00690	0.00539	0.00402	0.00836	0.00917	0.01223	0.02199	0.23924	0.02576	0.58814	0.02368	0.00476	0.00503	0.01061	0.00402	0.00384
11	0.01730	0.01920	0.01525	0.09217	0.07139	0.39842	0.01097	0.10797	0.01622	0.01760	0.01636	0.10927	0.06715	0.00816	0.00579	0.00173	0.00803	0.00635	0.00376	0.00690
12	0.01303	0.00606	0.00859	0.00798	0.00886	0.00579	0.00556	0.01171	0.00944	0.15680	0.01350	0.02031	0.01214	0.10219	0.02019	0.57957	0.00509	0.00558	0.00354	0.00407
13	0.01038	0.00655	0.00836	0.00795	0.00943	0.00620	0.00581	0.01320	0.05555	0.10326	0.41185	0.18461	0.04139	0.09779	0.00928	0.00235	0.00353	0.01072	0.00595	0.00583
14	0.01352	0.01325	0.02311	0.08860	0.40287	0.01275	0.16682	0.01714	0.01298	0.01857	0.01095	0.01430	0.00890	0.00500	0.00571	0.00162	0.00708	0.00520	0.00298	0.16864
15	0.01741	0.01693	0.01479	0.01280	0.03678	0.24477	0.00967	0.20700	0.06315	0.02151	0.01252	0.01520	0.01039	0.06478	0.04828	0.00221	0.02508	0.00480	0.00403	0.16788
16	0.03689	0.43602	0.02322	0.09442	0.01738	0.01799	0.01029	0.01614	0.01141	0.01522	0.00871	0.01097	0.00771	0.00562	0.00605	0.00143	0.10669	0.00366	0.00272	0.16746
17	0.00868	0.00618	0.00834	0.00894	0.00950	0.00638	0.00635	0.00988	0.01146	0.05142	0.06947	0.62772	0.03486	0.01646	0.00859	0.00232	0.08860	0.01443	0.00523	0.00519
18	0.33423	0.04697	0.02656	0.01187	0.01543	0.05883	0.14937	0.01693	0.04490	0.03367	0.01429	0.14109	0.01329	0.00760	0.00518	0.00185	0.00579	0.00643	0.03570	0.03001

[dist]
# distance from previous block
# <min> <max>
0	2

[block]
# block no. 4 follows, 40 sequences, length 33
# corresponding to MSA columns:
# 233-265
name=unknown_E
#
# <colnr> <probs for GDERKNQSTAVLIFYWHMCP>
#	G	D	E	R	K	N	Q	S	T	A	V	L	I	F	Y	W	H	M	C	P
0	0.01130	0.00957	0.01138	0.00870	0.01298	0.00754	0.00681	0.01360	0.01183	0.01818	0.01366	0.13411	0.01326	0.00664	0.00518	0.00114	0.02428	0.00554	0.00373	0.68058
1	0.01990	0.04511	0.01632	0.01311	0.01695	0.20030	0.01054	0.34672	0.15275	0.05568	0.01552	0.01726	0.01204	0.00731	0.00574	0.00176	0.00695	0.04231	0.00506	0.00868
2	0.01416	0.01027	0.01182	0.00954	0.01330	0.00970	0.00756	0.10021	0.15880	0.10561	0.15026	0.02385	0.07535	0.00775	0.00561	0.00154	0.00429	0.00644	0.00528	0.27866
3	0.06063	0.04415	0.02119	0.13374	0.02276	0.03487	0.20039	0.04144	0.03763	0.01768	0.01026	0.01382	0.00841	0.00674	0.00955	0.00195	0.23255	0.00522	0.00305	0.09397
4	0.02001	0.02397	0.01681	0.01492	0.01746	0.57063	0.01151	0.07471	0.01583	0.01585	0.00910	0.01118	0.00770	0.00687	0.00796	0.00172	0.15965	0.00412	0.00312	0.00690
5	0.00816	0.00595	0.00851	0.00875	0.00957	0.00662	0.00651	0.00986	0.00963	0.01370	0.01880	0.15907	0.01938	0.11156	0.54955	0.00759	0.01219	0.00823	0.02140	0.00495
6	0.01446	0.00648	0.00734	0.00659	0.00869	0.00616	0.00513	0.01706	0.01325	0.19783	0.01991	0.02123	0.01478	0.00688	0.00449	0.00146	0.00324	0.00552	0.63300	0.00648
7	0.00754	0.00565	0.00693	0.00743	0.00822	0.00537	0.00511	0.00873	0.01161	0.01526	0.10898	0.37342	0.20139	0.14271	0.04582	0.00306	0.02009	0.01293	0.00504	0.00471
8	0.00820	0.00579	0.00712	0.00756	0.00882	0.00521	0.00551	0.00980	0.01305	0.05007	0.15667	0.35960	0.26331	0.01548	0.00713	0.00215	0.00334	0.06039	0.00564	0.00518
9	0.01263	0.00688	0.00869	0.00790	0.01013	0.00606	0.00603	0.01463	0.01482	0.22475	0.25321	0.15801	0.22853	0.01234	0.00667	0.00194	0.00351	0.01064	0.00620	0.00643
10	0.04170	0.01324	0.01744	0.01499	0.01523	0.04629	0.01244	0.01445	0.00923	0.01442	0.00770	0.01252	0.00758	0.00985	0.01802	0.00248	0.72846	0.00497	0.00260	0.00637
11	0.01003	0.00802	0.00837	0.00753	0.01000	0.00765	0.00585	0.15010	0.02904	0.02038	0.09337	0.04647	0.55584	0.01293	0.00665	0.00191	0.00363	0.01071	0.00555	0.00598
12	0.00714	0.00510	0.00679	0.00806	0.00845	0.00476	0.00540	0.00823	0.01137	0.01522	0.06438	0.75842	0.03919	0.01794	0.00740	0.00234	0.00335	0.01626	0.00544	0.00476
13	0.02089	0.00992	0.01259	0.01025	0.01402	0.00945	0.00826	0.02643	0.18278	0.48936	0.12845	0.02362	0.02097	0.00803	0.00601	0.00184	0.00455	0.00668	0.00679	0.00911
14	0.01235	0.00745	0.00937	0.00860	0.00967	0.00786	0.00616	0.13287	0.05566	0.01626	0.01259	0.01863	0.01143	0.05730	0.01799	0.54257	0.00513	0.00538	0.05833	0.00441
15	0.02097	0.01599	0.01664	0.01306	0.01743	0.04319	0.01068	0.61980	0.10479	0.03416	0.01497	0.01488	0.01079	0.00704	0.00576	0.00175	0.00625	0.00533	0.02691	0.00959
16	0.02952	0.01228	0.01964	0.42696	0.28742	0.03913	0.03465	0.01693	0.01260	0.04991	0.01105	0.01502	0.00855	0.00563	0.00576	0.00184	0.00742	0.00516	0.00294	0.00761
17	0.01430	0.01562	0.04855	0.04953	0.21084	0.17763	0.07288	0.04028	0.01360	0.01718	0.06350	0.07969	0.01495	0.07004	0.00913	0.00216	0.08308	0.00650	0.00344	0.00711
18	0.00902	0.00613	0.00700	0.00685	0.00712	0.00625	0.00409	0.04110	0.00941	0.01260	0.01833	0.05465	0.02073	0.70361	0.06544	0.00557	0.00612	0.00840	0.00365	0.00392
19	0.01781	0.01355	0.01573	0.01384	0.09078	0.01389	0.01012	0.42084	0.02093	0.04570	0.04284	0.01698	0.03554	0.03251	0.00634	0.00169	0.00570	0.00539	0.00498	0.18483
20	0.01168	0.01248	0.03878	0.05234	0.02255	0.01240	0.38917	0.01497	0.01212	0.01665	0.01606	0.19806	0.01595	0.03597	0.00947	0.00226	0.12015	0.00880	0.00345	0.00670
21	0.05588	0.01028	0.01337	0.01038	0.01474	0.00933	0.00854	0.06518	0.03977	0.65689	0.03885	0.01970	0.01489	0.00725	0.00579	0.00180	0.00495	0.00584	0.00693	0.00964
22	0.00882	0.00643	0.00907	0.05014	0.01251	0.00647	0.00862	0.01110	0.01267	0.01656	0.03007	0.26395	0.03351	0.01613	0.00775	0.00255	0.00493	0.48824	0.00522	0.00524
23	0.03412	0.10608	0.05441	0.02399	0.35441	0.04131	0.10321	0.05643	0.05209	0.01959	0.03012	0.01497	0.01057	0.00580	0.00597	0.00172	0.03169	0.00523	0.03996	0.00834
24	0.01068	0.00653	0.00789	0.00777	0.00903	0.00623	0.00541	0.01248	0.05031	0.11922	0.02934	0.22984	0.13740	0.28672	0.02770	0.00347	0.00466	0.03501	0.00499	0.00533
25	0.00712	0.00511	0.00671	0.00797	0.00835	0.00476	0.00531	0.00812	0.01112	0.01476	0.03248	0.74489	0.06082	0.04234	0.00810	0.00245	0.00343	0.01614	0.00534	0.00469
26	0.03607	0.01180	0.01324	0.05145	0.01542	0.01291	0.00901	0.35547	0.08227	0.07369	0.01704	0.06348	0.01351	0.00972	0.04576	0.01499	0.00579	0.00610	0.15419	0.00809
27	0.01262	0.06058	0.55979	0.01624	0.02315	0.01482	0.04731	0.05587	0.01264	0.01856	0.01018	0.01243	0.00760	0.00621	0.00741	0.00191	0.11724	0.00451	0.00267	0.00827
28	0.00752	0.00540	0.00705	0.00820	0.00867	0.00516	0.00559	0.00900	0.03062	0.01521	0.04885	0.66622	0.03694	0.06816	0.00884	0.00257	0.00364	0.05225	0.00531	0.00482
29	0.00814	0.00634	0.00722	0.00704	0.00873	0.00576	0.00524	0.04728	0.01475	0.01916	0.28023	0.14821	0.39308	0.01387	0.00689	0.00196	0.00312	0.01190	0.00575	0.00533
30	0.01269	0.11600	0.27617	0.17424	0.06462	0.04838	0.11936	0.01706	0.01234	0.01662	0.01131	0.05429	0.00942	0.00628	0.00617	0.00184	0.03750	0.00539	0.00276	0.00757
31	0.00935	0.00720	0.00919	0.01040	0.04912	0.00734	0.00707	0.04472	0.11281	0.01741	0.02888	0.51115	0.04912	0.03136	0.02724	0.00250	0.00434	0.05971	0.00526	0.00583
32	0.01362	0.03255	0.04285	0.01321	0.06456	0.06199	0.02067	0.04461	0.04599	0.09409	0.21650	0.02317	0.02256	0.01234	0.08317	0.00268	0.18729	0.00669	0.00446	0.00698

[dist]
# distance from previous block
# <min> <max>
3	11

[block]
# block no. 5 follows, 40 sequences, length 6
# corresponding to MSA columns:
# 277-282
name=unknown_F
#
# <colnr> <probs for GDERKNQSTAVLIFYWHMCP>
#	G	D	E	R	K	N	Q	S	T	A	V	L	I	F	Y	W	H	M	C	P
0	0.09662	0.60557	0.02628	0.01039	0.01503	0.09135	0.00978	0.05948	0.01295	0.01626	0.00851	0.00971	0.00749	0.00523	0.00398	0.00135	0.00646	0.00329	0.00283	0.00742
1	0.01159	0.00684	0.00859	0.00774	0.00995	0.00600	0.00592	0.01376	0.01501	0.17016	0.33858	0.11731	0.20410	0.01189	0.00660	0.00186	0.00337	0.01027	0.00609	0.04436
2	0.00824	0.00566	0.00693	0.00712	0.00735	0.00579	0.00444	0.00874	0.00899	0.01217	0.01978	0.14195	0.02243	0.55405	0.15656	0.00582	0.00706	0.00921	0.00372	0.00399
3	0.06856	0.09608	0.23420	0.07130	0.05508	0.01429	0.14585	0.09666	0.01395	0.02034	0.01068	0.01290	0.00813	0.00534	0.00535	0.00165	0.00732	0.00465	0.00316	0.12450
4	0.04818	0.04140	0.01468	0.01194	0.01539	0.20209	0.00946	0.23505	0.13350	0.07508	0.10081	0.01817	0.01607	0.00733	0.00558	0.00170	0.00636	0.00559	0.04353	0.00807
5	0.00709	0.00506	0.00675	0.00810	0.00843	0.00472	0.00540	0.00810	0.01113	0.01484	0.03205	0.79184	0.03846	0.01822	0.00742	0.00236	0.00337	0.01653	0.00540	0.00472

[dist]
# distance from previous block
# <min> <max>
3	6

[block]
# block no. 6 follows, 40 sequences, length 94
# corresponding to MSA columns:
# 289-382
name=unknown_G
#
# <colnr> <probs for GDERKNQSTAVLIFYWHMCP>
#	G	D	E	R	K	N	Q	S	T	A	V	L	I	F	Y	W	H	M	C	P
0	0.18994	0.07940	0.25255	0.01497	0.08810	0.05977	0.02715	0.10561	0.01413	0.07385	0.01121	0.01268	0.00839	0.00697	0.03007	0.00199	0.00723	0.00435	0.00354	0.00809
1	0.05757	0.31827	0.13977	0.05947	0.01781	0.01558	0.05668	0.01689	0.01239	0.06088	0.06138	0.05168	0.01289	0.00658	0.00537	0.00162	0.03107	0.00513	0.03574	0.03324
2	0.01139	0.00650	0.00660	0.00640	0.00805	0.00680	0.00485	0.01620	0.12490	0.02209	0.01969	0.02168	0.01534	0.00695	0.00435	0.00145	0.00300	0.00560	0.70215	0.00600
3	0.02242	0.02426	0.01609	0.01417	0.01750	0.60707	0.01081	0.06996	0.01720	0.13029	0.01144	0.01213	0.00870	0.00624	0.00537	0.00156	0.00938	0.00416	0.00382	0.00743
4	0.04273	0.00616	0.00818	0.00761	0.00855	0.00584	0.00523	0.00912	0.00844	0.01220	0.01089	0.01855	0.01084	0.09532	0.01985	0.58808	0.00497	0.00507	0.00281	0.12956
5	0.03056	0.39920	0.07161	0.01244	0.01614	0.09064	0.01154	0.07623	0.01278	0.01622	0.00869	0.01087	0.00768	0.00660	0.00806	0.00169	0.20494	0.00392	0.00284	0.00736
6	0.01268	0.01071	0.01239	0.00891	0.01405	0.00839	0.00715	0.05973	0.01301	0.02005	0.01056	0.01218	0.00869	0.00447	0.00440	0.00092	0.00444	0.00356	0.00359	0.78012
7	0.03973	0.00857	0.01022	0.00890	0.01135	0.00853	0.00694	0.12594	0.06110	0.12275	0.41142	0.06958	0.07028	0.01050	0.00643	0.00185	0.00380	0.00898	0.00620	0.00693
8	0.00784	0.00580	0.00732	0.00721	0.00852	0.00528	0.00531	0.01013	0.01515	0.02084	0.53737	0.15989	0.16120	0.01330	0.00695	0.00193	0.00287	0.01171	0.00609	0.00528
9	0.00900	0.00638	0.00735	0.00683	0.00766	0.00604	0.00421	0.00949	0.00905	0.01255	0.01698	0.03339	0.01893	0.64044	0.05944	0.00508	0.00588	0.00759	0.00349	0.13023
10	0.24787	0.47829	0.07069	0.00994	0.01474	0.01927	0.00973	0.06231	0.01227	0.01892	0.00860	0.00984	0.00728	0.00525	0.00394	0.00147	0.00590	0.00333	0.00301	0.00736
11	0.00860	0.00625	0.00841	0.00960	0.01080	0.00607	0.00796	0.01078	0.01289	0.01666	0.03424	0.22077	0.11635	0.01638	0.00777	0.00253	0.00466	0.48876	0.00537	0.00517
12	0.00707	0.00511	0.00670	0.00797	0.00840	0.00473	0.00534	0.00811	0.01126	0.01490	0.03365	0.74806	0.08120	0.01801	0.00739	0.00234	0.00335	0.01628	0.00540	0.00473
13	0.00764	0.00589	0.00697	0.00676	0.00834	0.00523	0.00505	0.00980	0.01498	0.01993	0.44723	0.07239	0.34231	0.01325	0.00688	0.00190	0.00285	0.01143	0.00596	0.00523
14	0.01440	0.01373	0.02295	0.03421	0.71309	0.01386	0.01731	0.01866	0.05897	0.01933	0.01173	0.01485	0.00974	0.00535	0.00577	0.00174	0.00677	0.00527	0.00307	0.00921
15	0.13785	0.00974	0.01203	0.00966	0.01355	0.00915	0.00787	0.02465	0.06118	0.51702	0.11602	0.02151	0.01871	0.00759	0.00566	0.00181	0.00458	0.00612	0.00650	0.00877
16	0.00841	0.00641	0.00947	0.00931	0.01021	0.00711	0.02916	0.01009	0.00961	0.01354	0.01820	0.14232	0.01885	0.15043	0.50273	0.00733	0.03019	0.00813	0.00351	0.00498
17	0.00787	0.00573	0.00744	0.00791	0.00881	0.00544	0.00559	0.01023	0.04243	0.01887	0.34346	0.43942	0.04471	0.01509	0.00712	0.00212	0.00315	0.01355	0.00585	0.00523
18	0.01341	0.01285	0.02165	0.22767	0.52676	0.01383	0.01709	0.01683	0.01255	0.01761	0.01058	0.01458	0.00874	0.00566	0.00660	0.00183	0.05550	0.00517	0.00278	0.00832
19	0.03027	0.03039	0.05987	0.05500	0.08781	0.00940	0.03283	0.01378	0.01271	0.07367	0.11731	0.24398	0.02643	0.01176	0.00777	0.00213	0.07438	0.09946	0.00463	0.00642
20	0.57405	0.03821	0.01112	0.00911	0.01284	0.09893	0.00744	0.03721	0.01216	0.13741	0.01061	0.01125	0.00780	0.00577	0.00419	0.00175	0.00535	0.00368	0.00410	0.00702
21	0.00967	0.00789	0.01207	0.23278	0.08001	0.00855	0.01075	0.01221	0.01206	0.01585	0.02282	0.20932	0.02448	0.06119	0.00841	0.00250	0.00574	0.25374	0.00425	0.00573
22	0.00776	0.00599	0.00711	0.00717	0.00860	0.00548	0.00524	0.01023	0.04300	0.01890	0.33028	0.20795	0.29290	0.01408	0.00695	0.00200	0.00302	0.01226	0.00582	0.00527
23	0.02901	0.06258	0.17450	0.28734	0.18069	0.01425	0.03307	0.04537	0.01272	0.04064	0.01070	0.01402	0.00824	0.00591	0.00645	0.00186	0.05707	0.00489	0.00291	0.00780
24	0.03292	0.29665	0.36101	0.01581	0.06662	0.01708	0.07406	0.01787	0.01212	0.01685	0.00960	0.01159	0.00761	0.00541	0.00541	0.00166	0.03296	0.00414	0.00256	0.00805
25	0.50732	0.01134	0.01095	0.00904	0.01302	0.01216	0.00746	0.09254	0.01370	0.25294	0.01323	0.01306	0.00914	0.00611	0.00451	0.00179	0.00483	0.00418	0.00492	0.00776
26	0.00793	0.00549	0.00671	0.00718	0.00742	0.00543	0.00449	0.00848	0.00956	0.01278	0.02373	0.29961	0.04198	0.44984	0.07962	0.00471	0.00557	0.01117	0.00418	0.00410
27	0.01241	0.08597	0.09326	0.37887	0.07568	0.01358	0.01427	0.07168	0.02694	0.01771	0.05928	0.01837	0.01229	0.00721	0.00672	0.02837	0.03230	0.03483	0.00325	0.00703
28	0.01923	0.02803	0.01336	0.01073	0.01444	0.01134	0.00863	0.08691	0.27232	0.33535	0.11431	0.02271	0.02012	0.00796	0.00595	0.00185	0.00470	0.00658	0.00643	0.00905
29	0.01116	0.00627	0.00749	0.00711	0.00789	0.00604	0.00453	0.01170	0.01008	0.12700	0.02011	0.08012	0.02118	0.58941	0.02344	0.00467	0.00530	0.02209	0.02973	0.00466
30	0.01166	0.01149	0.06109	0.35318	0.14271	0.01195	0.01399	0.05986	0.02806	0.01728	0.01479	0.11334	0.01366	0.01029	0.05415	0.00245	0.03064	0.03905	0.00340	0.00695
31	0.01326	0.01502	0.09826	0.31007	0.37237	0.05723	0.01721	0.01710	0.01273	0.01712	0.01055	0.01436	0.00838	0.00550	0.00572	0.00180	0.00760	0.00500	0.00273	0.00798
32	0.01595	0.01022	0.01154	0.01042	0.01326	0.05609	0.00847	0.06509	0.13594	0.21873	0.11325	0.03544	0.06831	0.01040	0.00650	0.00202	0.00499	0.18195	0.02386	0.00755
33	0.01027	0.00663	0.00813	0.00769	0.00954	0.00607	0.00578	0.01307	0.05234	0.11301	0.33912	0.15795	0.22249	0.01279	0.00677	0.00195	0.00326	0.01110	0.00607	0.00597
34	0.01587	0.07621	0.20669	0.07615	0.25335	0.06054	0.01560	0.01965	0.01350	0.14789	0.02761	0.01481	0.01019	0.00599	0.00597	0.00176	0.03120	0.00494	0.00355	0.00853
35	0.01446	0.00861	0.01099	0.02528	0.01245	0.00873	0.00771	0.09503	0.03109	0.20334	0.15920	0.17347	0.06156	0.05381	0.00872	0.00223	0.05912	0.05153	0.00572	0.00693
36	0.75250	0.01212	0.05344	0.00808	0.01188	0.01275	0.00711	0.01702	0.01014	0.02545	0.00870	0.01014	0.00673	0.00546	0.00373	0.00178	0.00467	0.00331	0.03860	0.00640
37	0.01052	0.00620	0.00756	0.00740	0.00818	0.00603	0.00491	0.01125	0.01024	0.10298	0.02174	0.10740	0.03729	0.50969	0.05523	0.00467	0.00566	0.05873	0.01965	0.00467
38	0.01117	0.00789	0.01049	0.06953	0.01342	0.00726	0.02032	0.02771	0.01386	0.08973	0.23829	0.12424	0.07328	0.01220	0.05982	0.00222	0.00487	0.00842	0.02167	0.18362
39	0.01168	0.00990	0.01164	0.00849	0.01328	0.00753	0.00675	0.01428	0.01249	0.01938	0.08391	0.01515	0.01318	0.00505	0.00456	0.00096	0.00415	0.00414	0.00374	0.74974
40	0.01880	0.27655	0.02158	0.01297	0.04028	0.06577	0.01081	0.35669	0.07868	0.02549	0.01222	0.01281	0.00949	0.00635	0.00544	0.00160	0.02683	0.00454	0.00437	0.00872
41	0.01287	0.00762	0.00956	0.00843	0.01078	0.00722	0.00654	0.01707	0.10562	0.18779	0.44926	0.03649	0.09587	0.01058	0.00652	0.00185	0.00348	0.00913	0.00644	0.00688
42	0.01111	0.00956	0.03842	0.00834	0.01070	0.07567	0.00666	0.02952	0.03288	0.08608	0.24978	0.06017	0.31298	0.03351	0.00717	0.00197	0.00417	0.00980	0.00549	0.00601
43	0.02079	0.01277	0.05860	0.01160	0.01595	0.01202	0.00985	0.11653	0.26634	0.37833	0.02134	0.01927	0.01456	0.00731	0.00585	0.00185	0.00523	0.00593	0.00631	0.00958
44	0.01063	0.00649	0.00697	0.00662	0.00796	0.00652	0.00477	0.07208	0.01300	0.01994	0.08632	0.03047	0.07501	0.20476	0.01111	0.00257	0.00382	0.02158	0.40408	0.00529
45	0.02172	0.02772	0.01648	0.01498	0.01798	0.77228	0.01124	0.02322	0.01648	0.01423	0.00899	0.01049	0.00749	0.00599	0.00524	0.00150	0.01049	0.00375	0.00300	0.00674
46	0.01366	0.00785	0.00920	0.02583	0.01045	0.00844	0.00641	0.08288	0.01340	0.11115	0.01753	0.02129	0.01408	0.08316	0.02457	0.00215	0.08115	0.00572	0.45475	0.00631
47	0.00715	0.00514	0.00678	0.00798	0.00843	0.00477	0.00537	0.00828	0.01152	0.01538	0.07599	0.72380	0.06240	0.01773	0.00737	0.00232	0.00332	0.01604	0.00546	0.00477
48	0.00728	0.00526	0.00694	0.00820	0.00873	0.00492	0.00570	0.00848	0.01147	0.01513	0.03361	0.67943	0.08267	0.01780	0.00744	0.00237	0.00353	0.08085	0.00539	0.00479
49	0.02155	0.03927	0.01639	0.01391	0.01719	0.49413	0.01079	0.09676	0.04228	0.13146	0.01204	0.01275	0.00915	0.00655	0.00615	0.00164	0.05201	0.00438	0.00399	0.00762
50	0.58536	0.01177	0.01084	0.00948	0.03040	0.01304	0.00754	0.11455	0.01332	0.14013	0.01121	0.01174	0.00808	0.00588	0.00429	0.00179	0.00488	0.00389	0.00443	0.00739
51	0.00709	0.00506	0.00675	0.00810	0.00843	0.00472	0.00540	0.00810	0.01113	0.01484	0.03205	0.79184	0.03846	0.01822	0.00742	0.00236	0.00337	0.01653	0.00540	0.00472
52	0.01570	0.01001	0.01173	0.01018	0.01293	0.01020	0.00790	0.27439	0.01838	0.14741	0.07865	0.28610	0.06816	0.01169	0.00651	0.00198	0.00465	0.01001	0.00592	0.00750
53	0.01333	0.01273	0.02169	0.26771	0.53563	0.01354	0.01732	0.01692	0.01274	0.01771	0.01075	0.01474	0.00876	0.00538	0.00577	0.00179	0.00717	0.00518	0.00279	0.00836
54	0.01510	0.00820	0.01044	0.00964	0.01188	0.00789	0.00737	0.11415	0.01507	0.24304	0.02616	0.36113	0.02618	0.04627	0.00772	0.00227	0.00452	0.07007	0.00591	0.00698
55	0.16849	0.12979	0.05691	0.04380	0.04127	0.41868	0.01110	0.03710	0.01437	0.01724	0.00901	0.01063	0.00738	0.00571	0.00480	0.00157	0.00839	0.00371	0.00305	0.00700
56	0.01060	0.00935	0.05829	0.23615	0.01959	0.00943	0.01016	0.06432	0.01202	0.01709	0.01573	0.09553	0.01434	0.04781	0.20453	0.02306	0.00837	0.00668	0.13099	0.00597
57	0.02246	0.03289	0.00919	0.00813	0.00989	0.00808	0.00605	0.10899	0.04556	0.01879	0.10533	0.14315	0.22061	0.18123	0.01157	0.00278	0.00436	0.05024	0.00505	0.00563
58	0.08336	0.43158	0.08728	0.01403	0.10094	0.06718	0.02867	0.01915	0.04385	0.06090	0.01030	0.01154	0.00844	0.00540	0.00449	0.00149	0.00657	0.00389	0.00309	0.00784
59	0.06420	0.10062	0.20309	0.08423	0.13071	0.02972	0.21860	0.01737	0.01259	0.01793	0.01178	0.06131	0.00994	0.00605	0.00576	0.00183	0.00783	0.00576	0.00293	0.00775
60	0.01027	0.00537	0.00562	0.00583	0.00703	0.00531	0.00427	0.01272	0.01203	0.02063	0.02097	0.13951	0.01851	0.00853	0.00458	0.00151	0.00281	0.00712	0.70207	0.00531
61	0.01010	0.00505	0.00758	0.00758	0.00758	0.00505	0.00505	0.00758	0.00758	0.01010	0.01010	0.01768	0.01010	0.02020	0.02273	0.83081	0.00505	0.00505	0.00253	0.00253
62	0.04073	0.13550	0.32740	0.03176	0.02169	0.01378	0.13410	0.01904	0.01289	0.13160	0.01314	0.04396	0.01010	0.00732	0.03033	0.00203	0.00776	0.00530	0.00344	0.00812
63	0.01062	0.00641	0.00826	0.00771	0.00949	0.00577	0.00581	0.01287	0.01529	0.13433	0.44791	0.15181	0.13622	0.01247	0.00679	0.00192	0.00320	0.01091	0.00625	0.00597
64	0.00888	0.00708	0.01097	0.17335	0.01656	0.00842	0.00904	0.01127	0.00980	0.01372	0.01455	0.02178	0.01331	0.05987	0.58566	0.00765	0.01359	0.00608	0.00302	0.00541
65	0.11899	0.08239	0.26138	0.06401	0.03376	0.04292	0.03128	0.03510	0.07405	0.16235	0.03108	0.01493	0.01071	0.00617	0.00531	0.00178	0.00669	0.00482	0.00400	0.00825
66	0.01305	0.02107	0.46556	0.01342	0.01958	0.01076	0.01561	0.01803	0.01365	0.13657	0.14777	0.06543	0.01886	0.00769	0.00593	0.00186	0.00666	0.00639	0.00409	0.00801
67	0.00937	0.00669	0.00937	0.01071	0.01205	0.00669	0.00937	0.01205	0.01339	0.01740	0.03079	0.06560	0.03347	0.01606	0.00803	0.00268	0.00535	0.72021	0.00535	0.00535
68	0.23422	0.01332	0.12120	0.15996	0.06336	0.02801	0.01126	0.04095	0.01262	0.10078	0.03570	0.01531	0.01055	0.00649	0.00544	0.02346	0.00585	0.00474	0.09965	0.00712
69	0.01212	0.01186	0.01797	0.63139	0.11884	0.06027	0.01586	0.01611	0.03015	0.01552	0.01065	0.01522	0.00814	0.00580	0.00577	0.00189	0.00775	0.00512	0.00272	0.00685
70	0.01223	0.00733	0.00866	0.00773	0.01014	0.00659	0.00596	0.05668	0.01524	0.17922	0.18673	0.08816	0.35127	0.02872	0.00710	0.00199	0.00362	0.01030	0.00597	0.00635
71	0.69560	0.01329	0.09347	0.05468	0.01451	0.01309	0.00858	0.01711	0.01026	0.02457	0.00849	0.01012	0.00650	0.00544	0.00395	0.00181	0.00515	0.00340	0.00341	0.00656
72	0.00753	0.00589	0.00682	0.00664	0.00827	0.00518	0.00496	0.00961	0.01474	0.01935	0.39436	0.07037	0.39855	0.01346	0.00688	0.00191	0.00286	0.01154	0.00588	0.00518
73	0.01299	0.01210	0.01646	0.16118	0.01955	0.03497	0.01226	0.05304	0.01135	0.03185	0.05576	0.01592	0.01122	0.02809	0.01411	0.00231	0.45930	0.00545	0.00314	0.03896
74	0.05778	0.01071	0.01253	0.05670	0.01548	0.00920	0.00780	0.08129	0.01342	0.04459	0.01181	0.04321	0.00991	0.00534	0.00467	0.00115	0.00470	0.00429	0.00382	0.60158
75	0.02097	0.12215	0.01819	0.01437	0.01760	0.68056	0.01108	0.02251	0.01591	0.01416	0.00888	0.01035	0.00749	0.00587	0.00506	0.00147	0.00996	0.00367	0.00293	0.00683
76	0.01919	0.01182	0.01357	0.01122	0.01491	0.01244	0.00897	0.22623	0.23085	0.24528	0.03532	0.08346	0.01690	0.00833	0.00595	0.00187	0.00501	0.00685	0.03279	0.00903
77	0.00980	0.00772	0.01085	0.05840	0.01243	0.00948	0.00822	0.01173	0.00973	0.01468	0.01427	0.02135	0.01325	0.09370	0.38715	0.00594	0.17787	0.00599	0.12201	0.00541
78	0.01446	0.01249	0.01315	0.01183	0.01512	0.01446	0.00920	0.03090	0.74885	0.02433	0.02367	0.02170	0.01775	0.00789	0.00592	0.00197	0.00460	0.00657	0.00592	0.00920
79	0.00846	0.00564	0.00634	0.00634	0.00634	0.00564	0.00352	0.00846	0.00846	0.01128	0.01832	0.03805	0.02114	0.79563	0.02960	0.00564	0.00564	0.00846	0.00352	0.00352
80	0.02172	0.02772	0.01648	0.01498	0.01798	0.77228	0.01124	0.02322	0.01648	0.01423	0.00899	0.01049	0.00749	0.00599	0.00524	0.00150	0.01049	0.00375	0.00300	0.00674
81	0.00687	0.00589	0.00589	0.00589	0.00785	0.00491	0.00442	0.00835	0.01325	0.01571	0.05891	0.05596	0.75700	0.01473	0.00687	0.00196	0.00295	0.01227	0.00540	0.00491
82	0.00740	0.00528	0.00706	0.00837	0.00883	0.00499	0.00584	0.00860	0.01134	0.01507	0.03154	0.68218	0.03739	0.03829	0.00808	0.00249	0.00368	0.10346	0.00534	0.00477
83	0.01236	0.01049	0.01123	0.01024	0.01304	0.01164	0.00791	0.02443	0.52529	0.02287	0.14110	0.03022	0.13549	0.00954	0.00621	0.00195	0.00407	0.00804	0.00591	0.00798
84	0.01660	0.01609	0.01602	0.01398	0.01553	0.22992	0.01120	0.01852	0.03428	0.10661	0.01167	0.04660	0.01026	0.00996	0.03671	0.00235	0.38797	0.00537	0.00349	0.00688
85	0.01397	0.00739	0.00966	0.00831	0.01075	0.00669	0.00650	0.03301	0.01660	0.25057	0.47805	0.03614	0.07747	0.01048	0.00652	0.00182	0.00352	0.00905	0.00658	0.00691
86	0.00777	0.00551	0.00694	0.00783	0.00827	0.00528	0.00515	0.02851	0.01112	0.01477	0.02969	0.59790	0.05711	0.17138	0.01174	0.00298	0.00389	0.01449	0.00504	0.00464
87	0.01084	0.00542	0.00542	0.00542	0.00678	0.00542	0.00407	0.01355	0.01220	0.02168	0.01897	0.02168	0.01491	0.00678	0.00407	0.00136	0.00271	0.00542	0.82791	0.00542
88	0.01378	0.01438	0.03867	0.30435	0.37616	0.08833	0.04708	0.01733	0.01297	0.01699	0.01055	0.01442	0.00845	0.00549	0.00577	0.00179	0.00773	0.00508	0.00278	0.00789
89	0.24372	0.37419	0.05824	0.00964	0.01402	0.04488	0.00908	0.04089	0.01240	0.06541	0.02629	0.01183	0.00912	0.00562	0.00413	0.00151	0.00566	0.00374	0.05239	0.00724
90	0.35653	0.06636	0.24335	0.03159	0.01729	0.01407	0.01205	0.11672	0.01326	0.02356	0.01090	0.05089	0.00887	0.00629	0.00476	0.00180	0.00615	0.00452	0.00355	0.00749
91	0.03461	0.57298	0.06377	0.01123	0.01603	0.13782	0.01072	0.06566	0.01353	0.01578	0.00873	0.00996	0.00760	0.00530	0.00419	0.00136	0.00697	0.00341	0.00281	0.00754
92	0.01405	0.03233	0.01094	0.00961	0.04041	0.00783	0.00707	0.01722	0.06175	0.22507	0.33400	0.05054	0.04999	0.07315	0.02251	0.00225	0.00426	0.00835	0.00593	0.02274
93	0.11736	0.26891	0.16382	0.04448	0.01806	0.14159	0.02675	0.05011	0.01359	0.04116	0.05609	0.01314	0.01061	0.00592	0.00481	0.00159	0.00706	0.00425	0.00325	0.00744

[dist]
# distance from previous block
# <min> <max>
0	2

[block]
# block no. 7 follows, 40 sequences, length 10
# corresponding to MSA columns:
# 385-394
name=unknown_H
#
# <colnr> <probs for GDERKNQSTAVLIFYWHMCP>
#	G	D	E	R	K	N	Q	S	T	A	V	L	I	F	Y	W	H	M	C	P
0	0.01314	0.01398	0.07827	0.20923	0.47836	0.01330	0.03990	0.01696	0.01281	0.01789	0.01164	0.01675	0.00976	0.00582	0.00589	0.00183	0.00726	0.03603	0.00289	0.00830
1	0.01416	0.00727	0.00958	0.00825	0.01071	0.00648	0.00645	0.01666	0.01632	0.27211	0.46609	0.03625	0.08473	0.01048	0.00652	0.00183	0.00350	0.00905	0.00661	0.00694
2	0.01755	0.06803	0.04143	0.09100	0.07893	0.41212	0.10982	0.02062	0.04073	0.01567	0.01044	0.01289	0.00849	0.00738	0.03862	0.00197	0.00956	0.00460	0.00300	0.00717
3	0.24965	0.20145	0.31449	0.01334	0.05887	0.01544	0.01386	0.01807	0.01167	0.04217	0.00963	0.01113	0.00740	0.00539	0.00458	0.00168	0.00667	0.00379	0.00296	0.00775
4	0.00846	0.00564	0.00634	0.00634	0.00634	0.00564	0.00352	0.00846	0.00846	0.01128	0.01832	0.03805	0.02114	0.79563	0.02960	0.00564	0.00564	0.00846	0.00352	0.00352
5	0.00726	0.00519	0.00695	0.00830	0.00872	0.00488	0.00571	0.00840	0.01131	0.01504	0.03195	0.73545	0.03807	0.01805	0.00747	0.00239	0.00353	0.07117	0.00539	0.00477
6	0.01214	0.07357	0.66790	0.01574	0.02371	0.01393	0.01985	0.04431	0.01295	0.01898	0.03753	0.01330	0.00919	0.00578	0.00548	0.00180	0.00816	0.00449	0.00272	0.00846
7	0.01314	0.01907	0.27732	0.09751	0.44179	0.01363	0.01894	0.01777	0.01276	0.01842	0.01071	0.01377	0.00845	0.00536	0.00568	0.00179	0.00756	0.00488	0.00271	0.00875
8	0.00895	0.00644	0.00886	0.01014	0.01138	0.00635	0.00862	0.01135	0.01308	0.01698	0.03221	0.16269	0.06625	0.01629	0.00790	0.00260	0.00498	0.59430	0.00536	0.00525
9	0.07231	0.02870	0.70986	0.01592	0.02415	0.01347	0.02037	0.01832	0.01210	0.01898	0.01026	0.01207	0.00729	0.00552	0.00538	0.00184	0.00829	0.00421	0.00254	0.00843

[dist]
# distance from previous block
# <min> <max>
0	1

[block]
# block no. 8 follows, 40 sequences, length 173
# corresponding to MSA columns:
# 396-568
name=unknown_I
#
# <colnr> <probs for GDERKNQSTAVLIFYWHMCP>
#	G	D	E	R	K	N	Q	S	T	A	V	L	I	F	Y	W	H	M	C	P
0	0.01166	0.02633	0.63456	0.01542	0.02286	0.01267	0.01914	0.04656	0.01313	0.01926	0.05126	0.03816	0.01220	0.00683	0.00579	0.00190	0.00788	0.04317	0.00303	0.00821
1	0.01257	0.02745	0.60040	0.01813	0.04437	0.05415	0.12488	0.01869	0.01274	0.01824	0.01056	0.01273	0.00763	0.00545	0.00571	0.00184	0.00883	0.00466	0.00257	0.00840
2	0.83671	0.01125	0.00855	0.00765	0.01125	0.01305	0.00630	0.01709	0.00990	0.02609	0.00810	0.00945	0.00630	0.00540	0.00360	0.00180	0.00450	0.00315	0.00360	0.00630
3	0.00846	0.00564	0.00634	0.00634	0.00634	0.00564	0.00352	0.00846	0.00846	0.01128	0.01832	0.03805	0.02114	0.79563	0.02960	0.00564	0.00564	0.00846	0.00352	0.00352
4	0.01310	0.26354	0.33898	0.01408	0.02021	0.05529	0.08762	0.01732	0.01273	0.01672	0.04018	0.01615	0.06791	0.00626	0.00524	0.00166	0.00743	0.00501	0.00291	0.00767
5	0.01206	0.01034	0.01206	0.00861	0.01378	0.00775	0.00689	0.01464	0.01206	0.01895	0.01034	0.01206	0.00861	0.00431	0.00431	0.00086	0.00431	0.00345	0.00345	0.83118
6	0.01555	0.79913	0.03047	0.00995	0.01493	0.02301	0.00995	0.01741	0.01182	0.01368	0.00808	0.00933	0.00746	0.00498	0.00373	0.00124	0.00622	0.00311	0.00249	0.00746
7	0.03375	0.00589	0.00685	0.00696	0.00839	0.00533	0.00509	0.00951	0.01382	0.01858	0.30224	0.21771	0.31661	0.01421	0.00689	0.00200	0.00302	0.01232	0.00570	0.00512
8	0.00818	0.00594	0.00770	0.00726	0.00865	0.00546	0.00544	0.01087	0.01633	0.02301	0.72811	0.04394	0.08324	0.01200	0.00686	0.00183	0.00275	0.01059	0.00636	0.00546
9	0.01446	0.01249	0.01315	0.01183	0.01512	0.01446	0.00920	0.03090	0.74885	0.02433	0.02367	0.02170	0.01775	0.00789	0.00592	0.00197	0.00460	0.00657	0.00592	0.00920
10	0.00831	0.00623	0.00935	0.00935	0.01038	0.00727	0.00727	0.01038	0.00935	0.01350	0.01558	0.02285	0.01454	0.04361	0.77259	0.00935	0.01558	0.00623	0.00312	0.00519
11	0.02172	0.02772	0.01648	0.01498	0.01798	0.77228	0.01124	0.02322	0.01648	0.01423	0.00899	0.01049	0.00749	0.00599	0.00524	0.00150	0.01049	0.00375	0.00300	0.00674
12	0.01427	0.01227	0.01300	0.01179	0.01500	0.01417	0.00921	0.03018	0.72060	0.02406	0.02394	0.02338	0.01836	0.00820	0.00600	0.00200	0.00463	0.03399	0.00590	0.00906
13	0.00709	0.00506	0.00675	0.00810	0.00843	0.00472	0.00540	0.00810	0.01113	0.01484	0.03205	0.79184	0.03846	0.01822	0.00742	0.00236	0.00337	0.01653	0.00540	0.00472
14	0.00733	0.00582	0.00661	0.00675	0.00831	0.00509	0.00502	0.00910	0.01373	0.01750	0.22324	0.16013	0.45294	0.01460	0.00700	0.00202	0.00306	0.04107	0.00564	0.00504
15	0.04810	0.19017	0.03785	0.01212	0.01627	0.13977	0.01034	0.28228	0.05700	0.06640	0.03455	0.01423	0.01101	0.00838	0.04490	0.00201	0.00720	0.00474	0.00442	0.00827
16	0.24834	0.01414	0.01428	0.01131	0.01551	0.01570	0.00932	0.47775	0.02138	0.06241	0.01292	0.01329	0.00930	0.00654	0.00512	0.00175	0.00565	0.00469	0.04192	0.00869
17	0.00832	0.00618	0.00911	0.00911	0.01007	0.00714	0.00698	0.01023	0.00928	0.01333	0.01579	0.02403	0.01505	0.10223	0.71468	0.00906	0.01480	0.00640	0.00315	0.00506
18	0.01094	0.00581	0.00591	0.00582	0.00728	0.00590	0.00438	0.01437	0.05087	0.02187	0.04455	0.02243	0.01643	0.00701	0.00426	0.00140	0.00281	0.00566	0.75670	0.00562
