[name]
unknown

[dist]
# distance from previous block
# <min> <max>
0	138

[block]
# block no. 0 follows, 42 sequences, length 80
# corresponding to MSA columns:
# 138-180,183-219
name=unknown_A
#
# <colnr> <probs for GDERKNQSTAVLIFYWHMCP>
#	G	D	E	R	K	N	Q	S	T	A	V	L	I	F	Y	W	H	M	C	P
0	0.00926	0.00632	0.00878	0.00968	0.01082	0.00635	0.00813	0.01138	0.03305	0.01619	0.07116	0.05319	0.02943	0.01575	0.01003	0.14249	0.00496	0.54338	0.00480	0.00483
1	0.00971	0.00497	0.00712	0.00721	0.00739	0.00495	0.00490	0.00807	0.00809	0.01133	0.01205	0.05053	0.01195	0.01799	0.01911	0.69265	0.00459	0.02346	0.09101	0.00290
2	0.01309	0.03554	0.16409	0.20135	0.38302	0.01358	0.03432	0.05598	0.01299	0.01814	0.01047	0.01367	0.00824	0.00530	0.00552	0.00173	0.00721	0.00484	0.00279	0.00815
3	0.05619	0.16903	0.36294	0.01377	0.01995	0.03535	0.07829	0.01903	0.01273	0.13817	0.03578	0.01358	0.00979	0.00566	0.00512	0.00167	0.00709	0.00452	0.00335	0.00799
4	0.00753	0.00566	0.00658	0.00661	0.00811	0.00497	0.00486	0.00926	0.01345	0.03563	0.26218	0.18789	0.39927	0.01388	0.00672	0.00193	0.00292	0.01198	0.00556	0.00500
5	0.20041	0.03827	0.04987	0.37047	0.11377	0.06298	0.04220	0.01634	0.01156	0.03076	0.00970	0.01299	0.00746	0.00543	0.00506	0.00177	0.00689	0.00445	0.00287	0.00678
6	0.14128	0.37886	0.06042	0.09065	0.03411	0.05814	0.03337	0.03517	0.01221	0.08240	0.00977	0.01120	0.00780	0.00536	0.00457	0.00151	0.01904	0.00378	0.00310	0.00726
7	0.01063	0.01000	0.01688	0.78870	0.03876	0.01250	0.01563	0.01438	0.01125	0.01438	0.01000	0.01500	0.00750	0.00563	0.00563	0.00188	0.00750	0.00500	0.00250	0.00625
8	0.01134	0.02875	0.75411	0.01624	0.02449	0.01310	0.03939	0.01783	0.01192	0.01783	0.01013	0.01197	0.00716	0.00533	0.00538	0.00179	0.00835	0.00422	0.00239	0.00830
9	0.06469	0.00925	0.01162	0.14023	0.01641	0.00988	0.00866	0.10393	0.09786	0.15397	0.07002	0.14043	0.01991	0.08301	0.00806	0.00225	0.00505	0.04291	0.00497	0.00689
10	0.84197	0.01088	0.00827	0.00740	0.01088	0.01262	0.00609	0.01654	0.00958	0.02525	0.00784	0.00914	0.00609	0.00522	0.00348	0.00174	0.00435	0.00305	0.00348	0.00609
11	0.03242	0.05758	0.14612	0.13867	0.32006	0.03225	0.02994	0.01786	0.01274	0.10417	0.03109	0.01508	0.01014	0.02113	0.00589	0.00178	0.00679	0.00498	0.00325	0.00805
12	0.00772	0.00605	0.00709	0.00755	0.00879	0.00577	0.00542	0.01066	0.09371	0.01640	0.10184	0.39643	0.26607	0.01489	0.00682	0.00208	0.00325	0.02891	0.00536	0.00518
13	0.03608	0.01057	0.01583	0.56568	0.03154	0.03212	0.01373	0.03255	0.01162	0.03883	0.01104	0.04788	0.00900	0.00650	0.00666	0.00187	0.07521	0.00532	0.00291	0.04507
14	0.01666	0.01081	0.01282	0.00956	0.01425	0.00940	0.00775	0.12375	0.04619	0.21452	0.01418	0.01425	0.01032	0.00540	0.00483	0.00123	0.00463	0.00431	0.00470	0.47043
15	0.07008	0.03929	0.01535	0.21305	0.04068	0.32397	0.01130	0.06224	0.01417	0.04049	0.01349	0.01553	0.06579	0.00714	0.01858	0.00179	0.03230	0.00483	0.00328	0.00662
16	0.01505	0.01180	0.01460	0.19275	0.02021	0.01345	0.01073	0.35767	0.03521	0.02443	0.01627	0.18167	0.01504	0.00903	0.00675	0.00191	0.05389	0.00741	0.00462	0.00750
17	0.00810	0.00545	0.00625	0.00628	0.00639	0.00540	0.00362	0.00833	0.00882	0.01184	0.06706	0.07533	0.02343	0.71136	0.02613	0.00506	0.00516	0.00871	0.00368	0.00359
18	0.01794	0.01321	0.10394	0.01162	0.01596	0.01130	0.04619	0.18758	0.09671	0.27214	0.07705	0.02190	0.08333	0.00769	0.00583	0.00178	0.00539	0.00637	0.00557	0.00850
19	0.01998	0.01961	0.01521	0.03309	0.01709	0.38740	0.01030	0.15759	0.15769	0.10587	0.01384	0.01397	0.01032	0.00645	0.00538	0.00162	0.00767	0.00467	0.00439	0.00787
20	0.03486	0.01144	0.01597	0.40605	0.02722	0.06208	0.04161	0.06140	0.01300	0.12830	0.01323	0.07077	0.01068	0.00706	0.00675	0.00189	0.07137	0.00581	0.00361	0.00689
21	0.01025	0.00633	0.00750	0.00689	0.00889	0.00554	0.00521	0.01204	0.01391	0.14388	0.24730	0.06143	0.37400	0.06207	0.00788	0.00207	0.00330	0.01022	0.00568	0.00563
22	0.01339	0.01240	0.02030	0.30556	0.39857	0.01346	0.03935	0.08276	0.02590	0.01855	0.01087	0.01444	0.00859	0.00543	0.00563	0.00176	0.00699	0.00509	0.00299	0.00796
23	0.02103	0.01443	0.01657	0.01409	0.07615	0.01550	0.01073	0.56761	0.02362	0.14061	0.03301	0.01507	0.01122	0.00677	0.00565	0.00170	0.00594	0.00527	0.00561	0.00941
24	0.02831	0.09830	0.01709	0.32549	0.02469	0.14380	0.01217	0.07622	0.02668	0.07822	0.01118	0.01404	0.00867	0.00830	0.05344	0.00218	0.05637	0.00466	0.00328	0.00691
25	0.01063	0.01000	0.01688	0.78870	0.03876	0.01250	0.01563	0.01438	0.01125	0.01438	0.01000	0.01500	0.00750	0.00563	0.00563	0.00188	0.00750	0.00500	0.00250	0.00625
26	0.01103	0.00695	0.00825	0.00759	0.00966	0.00646	0.00574	0.01427	0.08937	0.14739	0.22902	0.10426	0.27090	0.05421	0.00761	0.00206	0.00347	0.00996	0.00573	0.00606
27	0.01976	0.01210	0.01512	0.06460	0.01712	0.01284	0.03354	0.32545	0.01905	0.26215	0.01663	0.05257	0.01219	0.00738	0.00649	0.00178	0.05684	0.00581	0.04998	0.00859
28	0.01971	0.01641	0.01849	0.01436	0.01871	0.10921	0.11296	0.45833	0.09051	0.06319	0.01390	0.01429	0.01005	0.00645	0.00571	0.00171	0.00691	0.00526	0.00498	0.00886
29	0.00683	0.00500	0.00643	0.00757	0.00809	0.00459	0.00510	0.00787	0.01103	0.01447	0.03428	0.70502	0.12865	0.01721	0.00712	0.00224	0.00321	0.01548	0.00522	0.00459
30	0.03430	0.03161	0.11782	0.01794	0.02288	0.05204	0.35727	0.03771	0.05336	0.12607	0.01279	0.01484	0.00937	0.00588	0.00714	0.00187	0.08000	0.00568	0.00357	0.00786
31	0.00685	0.00494	0.00649	0.00772	0.00813	0.00458	0.00517	0.00785	0.01088	0.01441	0.03241	0.75858	0.07629	0.01745	0.00715	0.00226	0.00324	0.01578	0.00522	0.00458
32	0.02163	0.01538	0.01665	0.01277	0.01726	0.01689	0.01055	0.70426	0.02583	0.08045	0.01404	0.01386	0.00984	0.00677	0.00563	0.00169	0.00611	0.00510	0.00571	0.00957
33	0.06169	0.02506	0.01535	0.01394	0.01689	0.69129	0.01051	0.02266	0.06394	0.01498	0.00958	0.01081	0.00784	0.00589	0.00504	0.00149	0.00949	0.00377	0.00311	0.00666
34	0.01093	0.01049	0.01637	0.26521	0.02264	0.02651	0.07303	0.01347	0.01010	0.01407	0.01052	0.01584	0.00919	0.01609	0.20383	0.00386	0.26384	0.00535	0.00265	0.00603
35	0.01393	0.01337	0.02284	0.03454	0.76712	0.01337	0.01727	0.01727	0.01281	0.01839	0.01059	0.01393	0.00891	0.00501	0.00557	0.00167	0.00669	0.00501	0.00279	0.00891
36	0.01270	0.32008	0.49444	0.01364	0.02064	0.01652	0.01661	0.01746	0.01171	0.01611	0.00925	0.01081	0.00716	0.00515	0.00470	0.00157	0.00746	0.00373	0.00239	0.00791
37	0.00705	0.00562	0.00584	0.00587	0.00724	0.00493	0.00408	0.00810	0.01157	0.01407	0.04613	0.07055	0.55203	0.21802	0.01235	0.00283	0.00354	0.01104	0.00476	0.00440
38	0.01038	0.00642	0.00826	0.00756	0.00935	0.00590	0.00575	0.01319	0.03723	0.12529	0.55036	0.08187	0.09379	0.01129	0.00651	0.00181	0.00305	0.00988	0.00617	0.00593
39	0.01991	0.01503	0.01606	0.01265	0.01689	0.01676	0.01034	0.60467	0.17255	0.03308	0.01539	0.01501	0.01109	0.00693	0.00565	0.00173	0.00584	0.00533	0.00565	0.00944
40	0.01420	0.06206	0.01325	0.00885	0.01373	0.00900	0.00726	0.04802	0.01291	0.12343	0.01171	0.01262	0.00909	0.00471	0.00440	0.00102	0.00446	0.00371	0.00388	0.63168
41	0.01203	0.01190	0.01670	0.01440	0.01447	0.01657	0.01197	0.01332	0.00865	0.01351	0.00789	0.01295	0.00782	0.01196	0.06811	0.00289	0.74128	0.00500	0.00250	0.00608
42	0.01350	0.06565	0.01849	0.34785	0.17166	0.14968	0.01409	0.01629	0.01209	0.01488	0.00995	0.03192	0.00841	0.00625	0.00687	0.00179	0.09623	0.00488	0.00268	0.00683
43	0.76343	0.01107	0.00892	0.00780	0.01137	0.01267	0.00642	0.05371	0.01072	0.05995	0.00878	0.00982	0.00663	0.00538	0.00369	0.00174	0.00447	0.00327	0.00375	0.00643
44	0.16189	0.01201	0.01362	0.01062	0.01488	0.01228	0.00877	0.28289	0.01870	0.38247	0.01667	0.01545	0.01105	0.00660	0.00528	0.00172	0.00522	0.00501	0.00590	0.00899
45	0.00738	0.00573	0.00671	0.00647	0.00805	0.00506	0.00485	0.00949	0.01455	0.01929	0.44963	0.04743	0.36966	0.01273	0.00664	0.00183	0.00274	0.01093	0.00576	0.00506
46	0.02102	0.02682	0.01595	0.01450	0.01740	0.77963	0.01087	0.02247	0.01595	0.01377	0.00870	0.01015	0.00725	0.00580	0.00507	0.00145	0.01015	0.00362	0.00290	0.00652
47	0.02146	0.01634	0.01674	0.01298	0.01738	0.06693	0.01065	0.68452	0.02554	0.05090	0.01340	0.01342	0.00952	0.00670	0.00559	0.00167	0.00642	0.00499	0.00548	0.00937
48	0.00692	0.00494	0.00654	0.00776	0.00810	0.00462	0.00517	0.00791	0.01081	0.01445	0.04759	0.75656	0.03705	0.04267	0.00786	0.00238	0.00332	0.01561	0.00519	0.00455
49	0.01314	0.01490	0.03233	0.06480	0.02991	0.01414	0.70742	0.01783	0.01317	0.01783	0.01131	0.01517	0.00848	0.00479	0.00659	0.00190	0.00938	0.00655	0.00283	0.00752
50	0.00771	0.00574	0.00717	0.00681	0.00825	0.00520	0.00511	0.01013	0.01533	0.02115	0.62768	0.04438	0.19046	0.01204	0.00664	0.00180	0.00269	0.01051	0.00601	0.00520
51	0.01505	0.80561	0.02949	0.00963	0.01444	0.02227	0.00963	0.01685	0.01143	0.01324	0.00782	0.00903	0.00722	0.00481	0.00361	0.00120	0.00602	0.00301	0.00241	0.00722
52	0.00817	0.00591	0.00777	0.05893	0.01064	0.00591	0.00617	0.05382	0.01182	0.01599	0.02794	0.66050	0.03245	0.01563	0.00682	0.00217	0.00369	0.01407	0.04657	0.00502
53	0.01339	0.01156	0.01214	0.01097	0.01405	0.01323	0.00852	0.02809	0.69512	0.02285	0.02574	0.02375	0.07930	0.00818	0.00580	0.00191	0.00432	0.00682	0.00568	0.00856
54	0.01140	0.05325	0.74995	0.01584	0.02405	0.01336	0.02045	0.01779	0.01187	0.01768	0.01003	0.01179	0.00713	0.00533	0.00529	0.00176	0.00825	0.00412	0.00238	0.00828
55	0.63209	0.01232	0.02565	0.03225	0.03717	0.05378	0.00767	0.05427	0.01142	0.07638	0.00936	0.01049	0.00703	0.00546	0.00400	0.00173	0.00503	0.00350	0.00373	0.00667
56	0.01063	0.01000	0.01688	0.78870	0.03876	0.01250	0.01563	0.01438	0.01125	0.01438	0.01000	0.01500	0.00750	0.00563	0.00563	0.00188	0.00750	0.00500	0.00250	0.00625
57	0.00804	0.00603	0.00904	0.00904	0.01005	0.00703	0.00703	0.01005	0.00904	0.01306	0.01507	0.02211	0.01407	0.04221	0.77992	0.00904	0.01507	0.00603	0.00301	0.00502
58	0.00686	0.00490	0.00653	0.00784	0.00816	0.00457	0.00522	0.00784	0.01077	0.01437	0.03102	0.79855	0.03722	0.01763	0.00718	0.00229	0.00326	0.01600	0.00522	0.00457
59	0.00685	0.00491	0.00651	0.00779	0.00815	0.00457	0.00520	0.00784	0.01082	0.01438	0.03154	0.78355	0.05188	0.01756	0.00717	0.00228	0.00326	0.01592	0.00522	0.00457
60	0.02206	0.01470	0.01623	0.01244	0.01692	0.01587	0.01028	0.62444	0.02468	0.16189	0.01500	0.01448	0.01032	0.00679	0.00563	0.00170	0.00595	0.00517	0.00586	0.00957
61	0.69564	0.01107	0.00939	0.00807	0.01171	0.01247	0.00665	0.06718	0.01144	0.10895	0.00982	0.01055	0.00720	0.00552	0.00387	0.00174	0.00453	0.00347	0.00402	0.00672
62	0.06018	0.01030	0.01327	0.01022	0.01455	0.00945	0.00844	0.10475	0.01694	0.65937	0.02064	0.01811	0.01312	0.00687	0.00556	0.00174	0.00492	0.00548	0.00667	0.00943
63	0.02185	0.01502	0.01643	0.01260	0.01708	0.01636	0.01041	0.66222	0.02522	0.12334	0.01455	0.01419	0.01009	0.00678	0.00563	0.00170	0.00602	0.00514	0.00579	0.00957
64	0.01505	0.80561	0.02949	0.00963	0.01444	0.02227	0.00963	0.01685	0.01143	0.01324	0.00782	0.00903	0.00722	0.00481	0.00361	0.00120	0.00602	0.00301	0.00241	0.00722
65	0.45727	0.01044	0.01060	0.00872	0.01259	0.01088	0.00718	0.03631	0.02755	0.34655	0.01444	0.01378	0.00976	0.00605	0.00451	0.00174	0.00458	0.00428	0.00507	0.00772
66	0.02139	0.01576	0.01689	0.01295	0.01745	0.01745	0.01070	0.74835	0.02646	0.03547	0.01351	0.01351	0.00957	0.00676	0.00563	0.00169	0.00619	0.00507	0.00563	0.00957
67	0.01646	0.00763	0.01015	0.00848	0.01132	0.00673	0.00672	0.01876	0.01571	0.39410	0.33635	0.05072	0.07357	0.00956	0.00617	0.00178	0.00374	0.00818	0.00650	0.00738
68	0.11911	0.01022	0.01281	0.00994	0.01421	0.00950	0.00821	0.08335	0.01618	0.62669	0.01986	0.01755	0.01268	0.00675	0.00541	0.00174	0.00485	0.00531	0.00646	0.00918
69	0.00836	0.00605	0.00743	0.00703	0.00851	0.00571	0.00529	0.01160	0.05507	0.02174	0.59227	0.04044	0.12030	0.01118	0.00637	0.00175	0.00277	0.00975	0.07295	0.00544
70	0.00818	0.00591	0.00799	0.00795	0.00852	0.00657	0.00563	0.00934	0.00868	0.01218	0.01603	0.02801	0.01659	0.35554	0.45597	0.00744	0.02502	0.00690	0.00317	0.00438
71	0.01505	0.80561	0.02949	0.00963	0.01444	0.02227	0.00963	0.01685	0.01143	0.01324	0.00782	0.00903	0.00722	0.00481	0.00361	0.00120	0.00602	0.00301	0.00241	0.00722
72	0.00882	0.00694	0.00811	0.00765	0.00943	0.00685	0.00578	0.01373	0.15795	0.02098	0.45263	0.05861	0.19798	0.01149	0.00648	0.00184	0.00306	0.00994	0.00587	0.00587
73	0.01260	0.01375	0.02925	0.02214	0.06213	0.01294	0.61446	0.01663	0.01278	0.01736	0.01297	0.08273	0.01108	0.00653	0.00732	0.03924	0.00861	0.00729	0.00303	0.00716
74	0.01265	0.03194	0.01796	0.38708	0.03855	0.12364	0.08310	0.01559	0.01163	0.01467	0.01002	0.01431	0.00813	0.00819	0.04914	0.00226	0.13136	0.00496	0.02844	0.00637
75	0.04751	0.01012	0.01303	0.06064	0.01580	0.00932	0.00856	0.04826	0.07398	0.49411	0.01877	0.01733	0.01248	0.00642	0.00535	0.00162	0.00487	0.00520	0.00584	0.14078
76	0.01542	0.01204	0.01335	0.01154	0.01496	0.01349	0.02505	0.08848	0.58971	0.09312	0.02281	0.02105	0.03803	0.00763	0.00576	0.00187	0.00469	0.00636	0.00575	0.00887
77	0.03776	0.41752	0.16565	0.03598	0.03348	0.04273	0.01185	0.08902	0.03374	0.01697	0.00988	0.01212	0.00839	0.04528	0.00581	0.00167	0.01784	0.00394	0.00292	0.00745
78	0.00968	0.00689	0.00956	0.00920	0.01051	0.00773	0.00720	0.05952	0.01113	0.04066	0.06510	0.04214	0.01782	0.06218	0.53271	0.00690	0.03176	0.04271	0.02113	0.00546
79	0.01267	0.17080	0.56682	0.01438	0.02156	0.03901	0.01760	0.01793	0.01217	0.04199	0.02948	0.01232	0.00856	0.00548	0.00506	0.00166	0.00769	0.00413	0.00265	0.00802

[dist]
# distance from previous block
# <min> <max>
0	4

[block]
# block no. 1 follows, 42 sequences, length 14
# corresponding to MSA columns:
# 224-237
name=unknown_B
#
# <colnr> <probs for GDERKNQSTAVLIFYWHMCP>
#	G	D	E	R	K	N	Q	S	T	A	V	L	I	F	Y	W	H	M	C	P
0	0.57500	0.01272	0.01035	0.00890	0.01246	0.07800	0.00723	0.13194	0.01316	0.05456	0.01151	0.01228	0.04028	0.00598	0.00418	0.00172	0.00509	0.00390	0.00398	0.00675
1	0.00967	0.00660	0.00925	0.08910	0.04513	0.00664	0.00712	0.01121	0.01158	0.08673	0.08341	0.43098	0.05306	0.08856	0.00912	0.00242	0.02743	0.01175	0.00483	0.00541
2	0.00845	0.00672	0.00712	0.00666	0.00861	0.00618	0.00500	0.08424	0.01428	0.01793	0.14329	0.04706	0.53618	0.07341	0.00823	0.00213	0.00337	0.01067	0.00526	0.00522
3	0.05117	0.01027	0.01347	0.03522	0.01503	0.01013	0.00888	0.08511	0.01566	0.55354	0.01892	0.01757	0.01243	0.00712	0.00683	0.00180	0.08551	0.00541	0.03709	0.00884
4	0.01307	0.01247	0.02089	0.05711	0.66468	0.01246	0.01588	0.01623	0.01276	0.01792	0.01532	0.01808	0.08628	0.00598	0.00568	0.00170	0.00632	0.00572	0.00303	0.00840
5	0.01231	0.01231	0.01724	0.01477	0.01477	0.01724	0.01231	0.01354	0.00862	0.01354	0.00739	0.01231	0.00739	0.00985	0.01847	0.00246	0.79192	0.00492	0.00246	0.00616
6	0.01308	0.09479	0.07754	0.24549	0.37201	0.01415	0.03250	0.03598	0.02971	0.01723	0.01048	0.01376	0.00840	0.00529	0.00540	0.00170	0.00697	0.00481	0.00278	0.00792
7	0.01655	0.01087	0.01221	0.01033	0.03595	0.03686	0.00800	0.20961	0.01633	0.14713	0.01521	0.01619	0.01130	0.00645	0.00569	0.00150	0.05329	0.00490	0.24923	0.13243
8	0.00680	0.00538	0.00613	0.00664	0.00787	0.00471	0.00471	0.00811	0.01216	0.01525	0.08336	0.35479	0.43326	0.01548	0.00687	0.00205	0.00301	0.01346	0.00528	0.00471
9	0.00842	0.00548	0.00644	0.00658	0.00679	0.00537	0.00392	0.00873	0.00908	0.03318	0.04064	0.17245	0.02416	0.61822	0.02357	0.00468	0.00497	0.00956	0.00391	0.00384
10	0.01063	0.00781	0.01035	0.01112	0.08763	0.00782	0.00752	0.04840	0.08630	0.06206	0.35021	0.17616	0.05079	0.01129	0.00670	0.00191	0.01880	0.03266	0.00551	0.00632
11	0.00802	0.00598	0.00749	0.00715	0.00858	0.00559	0.00535	0.01103	0.04781	0.02134	0.61261	0.08224	0.13172	0.01197	0.00663	0.00182	0.00279	0.01051	0.00601	0.00537
12	0.01562	0.73053	0.02818	0.01010	0.01473	0.09528	0.00975	0.01739	0.01187	0.01329	0.00791	0.00914	0.00722	0.00491	0.00375	0.00123	0.00642	0.00307	0.00245	0.00715
13	0.01334	0.01277	0.02178	0.16851	0.63773	0.01322	0.01698	0.01676	0.01254	0.01767	0.01048	0.01412	0.00866	0.00512	0.00558	0.00171	0.00683	0.00501	0.00274	0.00844

[dist]
# distance from previous block
# <min> <max>
0	1

[block]
# block no. 2 follows, 42 sequences, length 41
# corresponding to MSA columns:
# 239-279
name=unknown_C
#
# <colnr> <probs for GDERKNQSTAVLIFYWHMCP>
#	G	D	E	R	K	N	Q	S	T	A	V	L	I	F	Y	W	H	M	C	P
0	0.01238	0.01255	0.01731	0.01466	0.01519	0.04688	0.05230	0.01392	0.00974	0.01450	0.06656	0.01470	0.01100	0.00953	0.01635	0.00234	0.65572	0.00538	0.00279	0.00618
1	0.01215	0.08430	0.43600	0.03263	0.02266	0.03041	0.14180	0.01721	0.01214	0.01750	0.01039	0.01256	0.00779	0.00512	0.00524	0.00162	0.00766	0.00444	0.03259	0.10577
2	0.04385	0.01511	0.01929	0.06122	0.04760	0.17605	0.18791	0.01692	0.04233	0.01558	0.01093	0.02968	0.00965	0.05254	0.04635	0.00247	0.20749	0.00550	0.00296	0.00656
3	0.72614	0.01105	0.00924	0.02533	0.01209	0.01261	0.00670	0.05764	0.01096	0.07296	0.00911	0.01015	0.00682	0.00543	0.00379	0.00174	0.00455	0.00337	0.00380	0.00651
4	0.01231	0.01231	0.01724	0.01477	0.01477	0.01724	0.01231	0.01354	0.00862	0.01354	0.00739	0.01231	0.00739	0.00985	0.01847	0.00246	0.79192	0.00492	0.00246	0.00616
5	0.01313	0.01253	0.02108	0.08605	0.65608	0.01264	0.01614	0.01635	0.01270	0.01785	0.01416	0.01714	0.06765	0.00578	0.00566	0.00170	0.00645	0.00555	0.00296	0.00840
6	0.00808	0.00587	0.00824	0.00824	0.00896	0.00660	0.00603	0.00953	0.00881	0.01247	0.01581	0.02619	0.01584	0.25290	0.57165	0.00805	0.01241	0.00663	0.00312	0.00458
7	0.02374	0.01051	0.01348	0.01043	0.01467	0.00981	0.00858	0.14058	0.04118	0.60800	0.04411	0.01904	0.01457	0.00710	0.00569	0.00174	0.00493	0.00573	0.00669	0.00942
8	0.00734	0.00573	0.00665	0.00642	0.00802	0.00504	0.00481	0.00940	0.01444	0.01904	0.42530	0.04785	0.39415	0.01282	0.00664	0.00183	0.00275	0.01099	0.00573	0.00504
9	0.02082	0.01548	0.01656	0.01283	0.01723	0.01718	0.01056	0.69243	0.08332	0.03454	0.01424	0.01409	0.01016	0.00682	0.00564	0.00171	0.00606	0.00517	0.00564	0.00952
10	0.01871	0.01321	0.01499	0.01308	0.06283	0.01433	0.01000	0.43211	0.13495	0.09939	0.01674	0.01819	0.01257	0.00721	0.00561	0.00174	0.00550	0.03997	0.07000	0.00888
11	0.02163	0.00878	0.01190	0.00940	0.01312	0.00765	0.00765	0.02390	0.01607	0.61419	0.17766	0.02395	0.02214	0.00792	0.00586	0.00175	0.00434	0.00661	0.00680	0.00868
12	0.00986	0.00833	0.01054	0.00896	0.01153	0.03562	0.09293	0.03840	0.03066	0.05914	0.13735	0.04220	0.46948	0.01164	0.00648	0.00185	0.00414	0.01002	0.00511	0.00576
13	0.00978	0.00489	0.00733	0.00733	0.00733	0.00489	0.00489	0.00733	0.00733	0.00978	0.00978	0.01711	0.00978	0.01955	0.02199	0.83627	0.00489	0.00489	0.00244	0.00244
14	0.00804	0.00603	0.00904	0.00904	0.01005	0.00703	0.00703	0.01005	0.00904	0.01306	0.01507	0.02211	0.01407	0.04221	0.77992	0.00904	0.01507	0.00603	0.00301	0.00502
15	0.01167	0.01000	0.01167	0.00834	0.01334	0.00750	0.00667	0.01417	0.01167	0.01834	0.01000	0.01167	0.00834	0.00417	0.00417	0.00083	0.00417	0.00333	0.00333	0.83663
16	0.00748	0.00573	0.00685	0.00657	0.00811	0.00510	0.00493	0.00968	0.01478	0.01984	0.50240	0.04652	0.31655	0.01252	0.00664	0.00182	0.00273	0.01081	0.00584	0.00510
17	0.01505	0.80561	0.02949	0.00963	0.01444	0.02227	0.00963	0.01685	0.01143	0.01324	0.00782	0.00903	0.00722	0.00481	0.00361	0.00120	0.00602	0.00301	0.00241	0.00722
18	0.01400	0.01209	0.01273	0.01145	0.01463	0.01400	0.00891	0.02990	0.75695	0.02354	0.02291	0.02100	0.01718	0.00764	0.00573	0.00191	0.00445	0.00636	0.00573	0.00891
19	0.84197	0.01088	0.00827	0.00740	0.01088	0.01262	0.00609	0.01654	0.00958	0.02525	0.00784	0.00914	0.00609	0.00522	0.00348	0.00174	0.00435	0.00305	0.00348	0.00609
20	0.00686	0.00490	0.00653	0.00784	0.00816	0.00457	0.00522	0.00784	0.01077	0.01437	0.03102	0.79855	0.03722	0.01763	0.00718	0.00229	0.00326	0.01600	0.00522	0.00457
21	0.00818	0.00546	0.00614	0.00614	0.00614	0.00546	0.00341	0.00818	0.00818	0.01091	0.01773	0.03683	0.02046	0.80222	0.02864	0.00546	0.00546	0.00818	0.00341	0.00341
22	0.00775	0.00580	0.00723	0.00703	0.00849	0.00528	0.00538	0.01012	0.01498	0.02042	0.54314	0.04654	0.21391	0.01246	0.00673	0.00187	0.00290	0.06890	0.00589	0.00517
23	0.01400	0.01209	0.01273	0.01145	0.01463	0.01400	0.00891	0.02990	0.75695	0.02354	0.02291	0.02100	0.01718	0.00764	0.00573	0.00191	0.00445	0.00636	0.00573	0.00891
24	0.69756	0.01065	0.00912	0.00786	0.01150	0.01185	0.00648	0.01847	0.01073	0.15711	0.01038	0.01091	0.00748	0.00553	0.00387	0.00174	0.00443	0.00351	0.00410	0.00671
25	0.02139	0.01576	0.01689	0.01295	0.01745	0.01745	0.01070	0.74835	0.02646	0.03547	0.01351	0.01351	0.00957	0.00676	0.00563	0.00169	0.00619	0.00507	0.00563	0.00957
26	0.00804	0.00571	0.00761	0.00768	0.00820	0.00619	0.00532	0.00910	0.00876	0.01218	0.01714	0.07159	0.01820	0.37964	0.40231	0.00707	0.01013	0.00754	0.00331	0.00428
27	0.01505	0.80561	0.02949	0.00963	0.01444	0.02227	0.00963	0.01685	0.01143	0.01324	0.00782	0.00903	0.00722	0.00481	0.00361	0.00120	0.00602	0.00301	0.00241	0.00722
28	0.01288	0.01317	0.01931	0.01722	0.07508	0.04062	0.09614	0.01514	0.03316	0.01475	0.00862	0.01297	0.00794	0.00869	0.01530	0.00229	0.59232	0.00513	0.00265	0.00663
29	0.00956	0.02735	0.01195	0.01191	0.06967	0.00976	0.00862	0.01137	0.00936	0.01364	0.01363	0.03936	0.01314	0.07808	0.46542	0.00640	0.16950	0.00602	0.01976	0.00550
30	0.00731	0.00569	0.00663	0.00647	0.00802	0.00502	0.00483	0.00931	0.01426	0.01878	0.40294	0.08189	0.38255	0.01306	0.00667	0.00185	0.00277	0.01123	0.00570	0.00502
31	0.01679	0.01880	0.02006	0.02646	0.46474	0.32242	0.01469	0.01937	0.01408	0.01653	0.00982	0.01240	0.00824	0.00533	0.00537	0.00158	0.00808	0.00445	0.00283	0.00795
32	0.00788	0.00569	0.00745	0.00714	0.00839	0.00525	0.00530	0.01040	0.01553	0.02193	0.70709	0.10092	0.05186	0.01198	0.00668	0.00181	0.00270	0.01063	0.00612	0.00525
33	0.00978	0.00489	0.00733	0.00733	0.00733	0.00489	0.00489	0.00733	0.00733	0.00978	0.00978	0.01711	0.00978	0.01955	0.02199	0.83627	0.00489	0.00489	0.00244	0.00244
34	0.01505	0.80561	0.02949	0.00963	0.01444	0.02227	0.00963	0.01685	0.01143	0.01324	0.00782	0.00903	0.00722	0.00481	0.00361	0.00120	0.00602	0.00301	0.00241	0.00722
35	0.01400	0.01209	0.01273	0.01145	0.01463	0.01400	0.00891	0.02990	0.75695	0.02354	0.02291	0.02100	0.01718	0.00764	0.00573	0.00191	0.00445	0.00636	0.00573	0.00891
36	0.02102	0.02682	0.01595	0.01450	0.01740	0.77963	0.01087	0.02247	0.01595	0.01377	0.00870	0.01015	0.00725	0.00580	0.00507	0.00145	0.01015	0.00362	0.00290	0.00652
37	0.01605	0.01341	0.01369	0.01177	0.01522	0.04548	0.00929	0.21083	0.52013	0.02609	0.01982	0.01867	0.01477	0.00731	0.00562	0.00182	0.00507	0.00589	0.03022	0.00887
38	0.01519	0.01136	0.01284	0.01123	0.01418	0.01284	0.00885	0.07060	0.48453	0.12209	0.06233	0.05213	0.01831	0.00828	0.00681	0.00192	0.06575	0.00668	0.00564	0.00845
39	0.01323	0.01496	0.03235	0.04687	0.05632	0.01415	0.69859	0.01789	0.01321	0.01793	0.01132	0.01513	0.00852	0.00478	0.00657	0.00189	0.00933	0.00653	0.00283	0.00760
40	0.03395	0.00655	0.00849	0.00759	0.00950	0.00602	0.00584	0.01366	0.01578	0.15092	0.61611	0.03721	0.04509	0.01055	0.00638	0.00176	0.00307	0.00921	0.00625	0.00606

[dist]
# distance from previous block
# <min> <max>
0	1

[block]
# block no. 3 follows, 42 sequences, length 109
# corresponding to MSA columns:
# 281-389
name=unknown_D
#
# <colnr> <probs for GDERKNQSTAVLIFYWHMCP>
#	G	D	E	R	K	N	Q	S	T	A	V	L	I	F	Y	W	H	M	C	P
0	0.00884	0.00970	0.13437	0.00858	0.01115	0.00664	0.00790	0.01208	0.01516	0.03733	0.60001	0.03696	0.06841	0.01048	0.00640	0.00178	0.00364	0.00914	0.00555	0.00588
1	0.00829	0.00598	0.00805	0.00870	0.00990	0.00574	0.00705	0.01063	0.01366	0.01839	0.28211	0.15835	0.06958	0.01440	0.00726	0.00224	0.00396	0.35506	0.00554	0.00512
2	0.01726	0.30064	0.06806	0.01412	0.01844	0.34321	0.11369	0.03501	0.01396	0.01488	0.00895	0.01063	0.00746	0.00530	0.00480	0.00145	0.00840	0.00389	0.00274	0.00709
3	0.00818	0.00548	0.00623	0.00623	0.00627	0.00551	0.00353	0.00825	0.00821	0.01098	0.01764	0.03634	0.02025	0.77686	0.05371	0.00558	0.00578	0.00811	0.00340	0.00346
4	0.01385	0.07552	0.07011	0.03147	0.66271	0.01404	0.01690	0.01727	0.01265	0.01795	0.01034	0.01342	0.00867	0.00502	0.00541	0.00164	0.00674	0.00481	0.00273	0.00875
5	0.00899	0.00642	0.00897	0.01027	0.01153	0.00641	0.00892	0.01152	0.01287	0.01675	0.02984	0.09100	0.03257	0.01562	0.00775	0.00258	0.00511	0.70254	0.00518	0.00516
6	0.01167	0.01000	0.01167	0.00834	0.01334	0.00750	0.00667	0.01417	0.01167	0.01834	0.01000	0.01167	0.00834	0.00417	0.00417	0.00083	0.00417	0.00333	0.00333	0.83663
7	0.79020	0.01202	0.05594	0.00794	0.01172	0.01265	0.00701	0.01662	0.00972	0.02479	0.00798	0.00931	0.00616	0.00523	0.00360	0.00174	0.00460	0.00312	0.00341	0.00623
8	0.01393	0.01337	0.02284	0.03454	0.76712	0.01337	0.01727	0.01727	0.01281	0.01839	0.01059	0.01393	0.00891	0.00501	0.00557	0.00167	0.00669	0.00501	0.00279	0.00891
9	0.00794	0.00575	0.00748	0.00705	0.00839	0.00530	0.00529	0.01057	0.01586	0.02241	0.74914	0.04229	0.06821	0.01156	0.00664	0.00177	0.00266	0.01021	0.00617	0.00530
10	0.00880	0.00711	0.01036	0.00993	0.01071	0.00877	0.00781	0.01059	0.00893	0.01306	0.01383	0.02102	0.01317	0.06942	0.61294	0.00773	0.15181	0.00593	0.00293	0.00515
11	0.13247	0.01197	0.01574	0.34210	0.10342	0.02883	0.01254	0.14832	0.06593	0.06789	0.01201	0.01437	0.00888	0.00593	0.00531	0.00179	0.00641	0.00484	0.00374	0.00750
12	0.01445	0.01057	0.01167	0.01024	0.01331	0.01147	0.00803	0.06658	0.45392	0.12199	0.10896	0.02624	0.10064	0.00864	0.00591	0.00186	0.00422	0.00721	0.00588	0.00818
13	0.02465	0.01054	0.01365	0.01047	0.01485	0.00970	0.00865	0.13945	0.01772	0.65672	0.02085	0.01828	0.01325	0.00693	0.00565	0.00173	0.00501	0.00557	0.00676	0.00958
14	0.00907	0.00648	0.00907	0.01036	0.01166	0.00648	0.00907	0.01166	0.01296	0.01684	0.02980	0.06348	0.03239	0.01555	0.00777	0.00259	0.00518	0.72924	0.00518	0.00518
15	0.02139	0.01576	0.01689	0.01295	0.01745	0.01745	0.01070	0.74835	0.02646	0.03547	0.01351	0.01351	0.00957	0.00676	0.00563	0.00169	0.00619	0.00507	0.00563	0.00957
16	0.01745	0.01398	0.01617	0.01226	0.01687	0.04191	0.06613	0.37866	0.06348	0.04752	0.01289	0.01355	0.00960	0.00583	0.00525	0.00145	0.00583	0.00470	0.00466	0.26180
17	0.00723	0.00549	0.00670	0.00715	0.00831	0.00496	0.00523	0.00890	0.01289	0.01688	0.22340	0.31429	0.27465	0.01485	0.00692	0.00206	0.00312	0.06665	0.00547	0.00486
18	0.02476	0.01036	0.01355	0.01038	0.01476	0.00944	0.00858	0.11884	0.01742	0.67774	0.02110	0.01844	0.01338	0.00694	0.00566	0.00173	0.00497	0.00558	0.00680	0.00958
19	0.01470	0.01150	0.01315	0.03122	0.05074	0.01288	0.00949	0.05107	0.54847	0.08800	0.02225	0.02388	0.01737	0.00808	0.00589	0.00194	0.00479	0.07045	0.00556	0.00859
20	0.01918	0.01429	0.01537	0.01233	0.01640	0.01591	0.01001	0.48298	0.26194	0.06560	0.01695	0.01619	0.01223	0.00705	0.00566	0.00176	0.00557	0.00551	0.00572	0.00936
21	0.01234	0.01238	0.01761	0.01499	0.01512	0.01717	0.02962	0.01365	0.00873	0.01365	0.00748	0.01238	0.00741	0.00973	0.01819	0.00245	0.77348	0.00497	0.00247	0.00619
22	0.00961	0.00710	0.00947	0.01048	0.01199	0.00731	0.00905	0.01367	0.09483	0.01758	0.02904	0.05880	0.03071	0.01468	0.00755	0.00252	0.00510	0.64969	0.00524	0.00559
23	0.00686	0.00490	0.00653	0.00784	0.00816	0.00457	0.00522	0.00784	0.01077	0.01437	0.03102	0.79855	0.03722	0.01763	0.00718	0.00229	0.00326	0.01600	0.00522	0.00457
24	0.00676	0.00571	0.00586	0.00582	0.00767	0.00480	0.00437	0.00830	0.01310	0.01584	0.11822	0.05311	0.70322	0.01401	0.00665	0.00189	0.00283	0.01173	0.00531	0.00480
25	0.04642	0.00961	0.01294	0.00994	0.01428	0.00838	0.00821	0.02714	0.01594	0.75168	0.02183	0.01889	0.01373	0.00692	0.00560	0.00174	0.00478	0.00559	0.00688	0.00949
26	0.02087	0.00960	0.01230	0.00993	0.01368	0.00904	0.00803	0.02582	0.16275	0.52985	0.11472	0.02237	0.01945	0.00766	0.00579	0.00178	0.00446	0.00636	0.00662	0.00891
27	0.80085	0.01072	0.00837	0.00745	0.01090	0.01233	0.00613	0.01665	0.00990	0.04287	0.02790	0.01024	0.00751	0.00543	0.00362	0.00174	0.00432	0.00330	0.00364	0.00616
28	0.01688	0.01352	0.01435	0.01204	0.01573	0.01535	0.00961	0.31039	0.47176	0.02820	0.01924	0.01807	0.01421	0.00729	0.00569	0.00182	0.00513	0.00586	0.00569	0.00917
29	0.01484	0.02394	0.55618	0.01452	0.02169	0.01234	0.01737	0.06227	0.02779	0.17625	0.01307	0.01367	0.00888	0.00581	0.00544	0.00177	0.00738	0.00457	0.00359	0.00866
30	0.01505	0.80561	0.02949	0.00963	0.01444	0.02227	0.00963	0.01685	0.01143	0.01324	0.00782	0.00903	0.00722	0.00481	0.00361	0.00120	0.00602	0.00301	0.00241	0.00722
31	0.00818	0.00608	0.00774	0.00710	0.00874	0.00545	0.00536	0.01075	0.01542	0.02182	0.66506	0.04039	0.09077	0.01110	0.00645	0.00171	0.00278	0.00975	0.00592	0.06947
32	0.01279	0.01419	0.03033	0.07036	0.02862	0.01353	0.64416	0.01731	0.01313	0.01771	0.01272	0.01890	0.01032	0.00563	0.00667	0.00195	0.00903	0.06233	0.00301	0.00732
33	0.00788	0.00575	0.00741	0.00699	0.00836	0.00528	0.00525	0.01046	0.01574	0.02211	0.72008	0.04279	0.09746	0.01168	0.00664	0.00178	0.00267	0.01028	0.00613	0.00528
34	0.01063	0.01000	0.01688	0.78870	0.03876	0.01250	0.01563	0.01438	0.01125	0.01438	0.01000	0.01500	0.00750	0.00563	0.00563	0.00188	0.00750	0.00500	0.00250	0.00625
35	0.00686	0.00490	0.00653	0.00784	0.00816	0.00457	0.00522	0.00784	0.01077	0.01437	0.03102	0.79855	0.03722	0.01763	0.00718	0.00229	0.00326	0.01600	0.00522	0.00457
36	0.01049	0.00525	0.00525	0.00525	0.00656	0.00525	0.00393	0.01311	0.01180	0.02098	0.01836	0.02098	0.01442	0.00656	0.00393	0.00131	0.00262	0.00525	0.83346	0.00525
37	0.01505	0.80561	0.02949	0.00963	0.01444	0.02227	0.00963	0.01685	0.01143	0.01324	0.00782	0.00903	0.00722	0.00481	0.00361	0.00120	0.00602	0.00301	0.00241	0.00722
38	0.00672	0.00567	0.00583	0.00594	0.00773	0.00478	0.00445	0.00815	0.01270	0.01519	0.05474	0.10077	0.70211	0.01449	0.00671	0.00194	0.00293	0.02915	0.00522	0.00475
39	0.02462	0.01058	0.01368	0.01049	0.01487	0.00976	0.00866	0.14429	0.01779	0.65178	0.02079	0.01824	0.01322	0.00693	0.00565	0.00173	0.00502	0.00556	0.00675	0.00958
40	0.02082	0.01548	0.01657	0.01283	0.01723	0.01719	0.01056	0.69288	0.08286	0.03455	0.01424	0.01409	0.01016	0.00682	0.00564	0.00171	0.00606	0.00517	0.00564	0.00952
41	0.84197	0.01088	0.00827	0.00740	0.01088	0.01262	0.00609	0.01654	0.00958	0.02525	0.00784	0.00914	0.00609	0.00522	0.00348	0.00174	0.00435	0.00305	0.00348	0.00609
42	0.02525	0.00958	0.01306	0.01001	0.01437	0.00827	0.00827	0.02743	0.01611	0.77102	0.02220	0.01915	0.01393	0.00697	0.00566	0.00174	0.00479	0.00566	0.00697	0.00958
43	0.00847	0.00543	0.00600	0.00600	0.00623	0.00541	0.00350	0.00887	0.00880	0.01242	0.01879	0.03505	0.03808	0.67166	0.02465	0.00479	0.00500	0.00787	0.11928	0.00370
44	0.01947	0.01189	0.01365	0.01122	0.01508	0.01260	0.00902	0.16747	0.34977	0.29462	0.02084	0.01889	0.01454	0.00722	0.00568	0.00181	0.00491	0.00586	0.00615	0.00928
45	0.01234	0.01238	0.01763	0.01500	0.01514	0.01716	0.03052	0.01365	0.00873	0.01365	0.00749	0.01238	0.00742	0.00972	0.01818	0.00245	0.77252	0.00497	0.00247	0.00619
46	0.01400	0.01209	0.01273	0.01145	0.01463	0.01400	0.00891	0.02990	0.75695	0.02354	0.02291	0.02100	0.01718	0.00764	0.00573	0.00191	0.00445	0.00636	0.00573	0.00891
47	0.00686	0.00490	0.00653	0.00784	0.00816	0.00457	0.00522	0.00784	0.01077	0.01437	0.03102	0.79855	0.03722	0.01763	0.00718	0.00229	0.00326	0.01600	0.00522	0.00457
48	0.01993	0.01478	0.01593	0.01241	0.01659	0.01631	0.01018	0.64988	0.06785	0.03378	0.07201	0.01615	0.01337	0.00717	0.00571	0.00171	0.00582	0.00554	0.00568	0.00920
49	0.84197	0.01088	0.00827	0.00740	0.01088	0.01262	0.00609	0.01654	0.00958	0.02525	0.00784	0.00914	0.00609	0.00522	0.00348	0.00174	0.00435	0.00305	0.00348	0.00609
50	0.01231	0.01231	0.01724	0.01477	0.01477	0.01724	0.01231	0.01354	0.00862	0.01354	0.00739	0.01231	0.00739	0.00985	0.01847	0.00246	0.79192	0.00492	0.00246	0.00616
51	0.01076	0.01018	0.01691	0.72820	0.03688	0.01287	0.01537	0.01431	0.01105	0.01431	0.00980	0.01479	0.00749	0.00596	0.00663	0.00192	0.06882	0.00500	0.00250	0.00624
52	0.01505	0.80561	0.02949	0.00963	0.01444	0.02227	0.00963	0.01685	0.01143	0.01324	0.00782	0.00903	0.00722	0.00481	0.00361	0.00120	0.00602	0.00301	0.00241	0.00722
53	0.77891	0.01078	0.00864	0.00760	0.01115	0.01229	0.00626	0.01738	0.01008	0.08283	0.00895	0.00992	0.00670	0.00536	0.00365	0.00174	0.00439	0.00325	0.00375	0.00636
54	0.00761	0.00574	0.00703	0.00671	0.00819	0.00516	0.00503	0.00993	0.01509	0.02057	0.57269	0.04532	0.24581	0.01225	0.00664	0.00181	0.00271	0.01064	0.00593	0.00516
55	0.00892	0.00620	0.00866	0.00982	0.01093	0.00616	0.00831	0.01092	0.01229	0.01600	0.02862	0.11597	0.04414	0.01604	0.00896	0.07626	0.00497	0.59703	0.00494	0.00488
56	0.02004	0.01309	0.01465	0.01176	0.01581	0.01411	0.00954	0.34651	0.25133	0.21353	0.01858	0.01724	0.01302	0.00708	0.00567	0.00177	0.00530	0.00562	0.00599	0.00937
57	0.00795	0.00554	0.00730	0.00740	0.00845	0.00512	0.00534	0.01003	0.01417	0.03567	0.49778	0.30015	0.04684	0.01350	0.00680	0.00195	0.00291	0.01207	0.00588	0.00515
58	0.01175	0.02599	0.61040	0.01809	0.05008	0.01330	0.15570	0.01784	0.01217	0.01788	0.01035	0.01256	0.00745	0.00522	0.00559	0.00180	0.00848	0.00465	0.00248	0.00820
59	0.00978	0.00489	0.00733	0.00733	0.00733	0.00489	0.00489	0.00733	0.00733	0.00978	0.00978	0.01711	0.00978	0.01955	0.02199	0.83627	0.00489	0.00489	0.00244	0.00244
60	0.02139	0.01576	0.01689	0.01295	0.01745	0.01745	0.01070	0.74835	0.02646	0.03547	0.01351	0.01351	0.00957	0.00676	0.00563	0.00169	0.00619	0.00507	0.00563	0.00957
61	0.01816	0.01202	0.01270	0.01080	0.01431	0.07257	0.00855	0.05074	0.35801	0.28272	0.02385	0.02180	0.07273	0.00774	0.00572	0.00181	0.00496	0.00628	0.00589	0.00865
62	0.02040	0.01502	0.01606	0.01248	0.01675	0.01664	0.01026	0.66777	0.07127	0.03402	0.01433	0.01434	0.01028	0.00680	0.00555	0.00168	0.00591	0.00516	0.04595	0.00932
63	0.02051	0.01613	0.01589	0.01252	0.01660	0.09757	0.01019	0.61438	0.02421	0.03204	0.01337	0.01373	0.00970	0.00664	0.00544	0.00163	0.00634	0.00493	0.06926	0.00891
64	0.01129	0.02911	0.77306	0.01604	0.02436	0.01307	0.02079	0.01782	0.01188	0.01782	0.01010	0.01188	0.00713	0.00535	0.00535	0.00178	0.00832	0.00416	0.00238	0.00832
65	0.00971	0.00492	0.00734	0.00734	0.00736	0.00494	0.00490	0.00740	0.00738	0.00986	0.01004	0.01760	0.01008	0.03562	0.03759	0.80282	0.00511	0.00498	0.00247	0.00252
66	0.00812	0.00623	0.00749	0.00709	0.00870	0.00585	0.00534	0.01150	0.07241	0.02089	0.53868	0.04330	0.21966	0.01186	0.00657	0.00181	0.00284	0.01029	0.00593	0.00545
67	0.00692	0.00495	0.00659	0.00779	0.00818	0.00461	0.00523	0.00800	0.01107	0.01484	0.07338	0.75484	0.03814	0.01728	0.00715	0.00226	0.00323	0.01566	0.00528	0.00461
68	0.00808	0.00601	0.00802	0.00833	0.00964	0.00595	0.00669	0.01032	0.01280	0.01722	0.23309	0.06674	0.15270	0.02037	0.18368	0.00372	0.00632	0.23025	0.00497	0.00509
69	0.01557	0.01287	0.01361	0.01177	0.01523	0.01473	0.00929	0.18281	0.60148	0.02608	0.02091	0.01940	0.01556	0.00745	0.00571	0.00186	0.00482	0.00609	0.00571	0.00905
70	0.84197	0.01088	0.00827	0.00740	0.01088	0.01262	0.00609	0.01654	0.00958	0.02525	0.00784	0.00914	0.00609	0.00522	0.00348	0.00174	0.00435	0.00305	0.00348	0.00609
71	0.77861	0.01126	0.00894	0.00783	0.01139	0.01300	0.00645	0.07305	0.01088	0.02604	0.00827	0.00948	0.00636	0.00534	0.00365	0.00174	0.00450	0.00320	0.00365	0.00636
72	0.01050	0.00549	0.00585	0.04626	0.00824	0.00563	0.00455	0.01318	0.01177	0.02064	0.01792	0.02067	0.01406	0.00651	0.00402	0.00134	0.00288	0.00523	0.78996	0.00530
73	0.01505	0.80561	0.02949	0.00963	0.01444	0.02227	0.00963	0.01685	0.01143	0.01324	0.00782	0.00903	0.00722	0.00481	0.00361	0.00120	0.00602	0.00301	0.00241	0.00722
74	0.79456	0.01117	0.00877	0.00772	0.01126	0.01290	0.00636	0.05883	0.01055	0.02584	0.00816	0.00939	0.00630	0.00531	0.00361	0.00174	0.00446	0.00316	0.00361	0.00630
75	0.02525	0.00958	0.01306	0.01001	0.01437	0.00827	0.00827	0.02743	0.01611	0.77102	0.02220	0.01915	0.01393	0.00697	0.00566	0.00174	0.00479	0.00566	0.00697	0.00958
76	0.00665	0.00570	0.00570	0.00570	0.00760	0.00475	0.00428	0.00808	0.01283	0.01520	0.05701	0.05416	0.76483	0.01425	0.00665	0.00190	0.00285	0.01188	0.00523	0.00475
77	0.01063	0.01000	0.01688	0.78870	0.03876	0.01250	0.01563	0.01438	0.01125	0.01438	0.01000	0.01500	0.00750	0.00563	0.00563	0.00188	0.00750	0.00500	0.00250	0.00625
78	0.00818	0.00546	0.00614	0.00614	0.00614	0.00546	0.00341	0.00818	0.00818	0.01091	0.01773	0.03683	0.02046	0.80222	0.02864	0.00546	0.00546	0.00818	0.00341	0.00341
79	0.00978	0.00489	0.00733	0.00733	0.00733	0.00489	0.00489	0.00733	0.00733	0.00978	0.00978	0.01711	0.00978	0.01955	0.02199	0.83627	0.00489	0.00489	0.00244	0.00244
80	0.01505	0.80561	0.02949	0.00963	0.01444	0.02227	0.00963	0.01685	0.01143	0.01324	0.00782	0.00903	0.00722	0.00481	0.00361	0.00120	0.00602	0.00301	0.00241	0.00722
81	0.00665	0.00570	0.00570	0.00570	0.00760	0.00475	0.00428	0.00808	0.01283	0.01520	0.05701	0.05416	0.76483	0.01425	0.00665	0.00190	0.00285	0.01188	0.00523	0.00475
82	0.01063	0.01000	0.01688	0.78870	0.03876	0.01250	0.01563	0.01438	0.01125	0.01438	0.01000	0.01500	0.00750	0.00563	0.00563	0.00188	0.00750	0.00500	0.00250	0.00625
83	0.01063	0.01000	0.01688	0.78870	0.03876	0.01250	0.01563	0.01438	0.01125	0.01438	0.01000	0.01500	0.00750	0.00563	0.00563	0.00188	0.00750	0.00500	0.00250	0.00625
84	0.02446	0.00960	0.01298	0.00992	0.01431	0.00823	0.00818	0.02666	0.01585	0.72753	0.02150	0.01872	0.01361	0.00680	0.00557	0.00169	0.00475	0.00552	0.00676	0.05736
85	0.84197	0.01088	0.00827	0.00740	0.01088	0.01262	0.00609	0.01654	0.00958	0.02525	0.00784	0.00914	0.00609	0.00522	0.00348	0.00174	0.00435	0.00305	0.00348	0.00609
86	0.01133	0.00606	0.00614	0.00584	0.00740	0.00619	0.00446	0.06988	0.01293	0.02210	0.01798	0.02040	0.01405	0.00657	0.00406	0.00134	0.00290	0.00523	0.76954	0.00558
87	0.00850	0.00600	0.00706	0.00687	0.00689	0.00640	0.00418	0.00864	0.00824	0.01116	0.01687	0.03460	0.01931	0.72395	0.04475	0.00531	0.06640	0.00788	0.00333	0.00366
88	0.01096	0.01015	0.01736	0.40216	0.08559	0.01127	0.11926	0.05115	0.01234	0.01629	0.01521	0.19309	0.01463	0.00824	0.00612	0.00195	0.00670	0.00775	0.00335	0.00644
89	0.00825	0.00584	0.00750	0.00704	0.00848	0.00533	0.00529	0.01080	0.01569	0.03896	0.69082	0.04249	0.10907	0.01162	0.00662	0.00178	0.00272	0.01021	0.00614	0.00536
90	0.00686	0.00490	0.00653	0.00784	0.00816	0.00457	0.00522	0.00784	0.01077	0.01437	0.03102	0.79855	0.03722	0.01763	0.00718	0.00229	0.00326	0.01600	0.00522	0.00457
91	0.01533	0.76877	0.02885	0.00986	0.01458	0.05809	0.00969	0.01712	0.01165	0.01327	0.00787	0.00908	0.00722	0.00486	0.00368	0.00122	0.00621	0.00304	0.00243	0.00719
92	0.01313	0.01488	0.03226	0.06792	0.02995	0.01413	0.70444	0.01782	0.01317	0.01782	0.01131	0.01517	0.00848	0.00479	0.00658	0.00190	0.00937	0.00655	0.00283	0.00751
93	0.01841	0.01449	0.01523	0.01227	0.01570	0.06292	0.00990	0.52671	0.02212	0.02939	0.05759	0.07667	0.01421	0.02880	0.00737	0.00188	0.06666	0.00619	0.00516	0.00832
94	0.01283	0.01374	0.02347	0.20569	0.04172	0.07287	0.33179	0.01634	0.01227	0.01631	0.03677	0.01533	0.00971	0.00618	0.00816	0.00193	0.13932	0.00578	0.02295	0.00683
95	0.01923	0.01479	0.01552	0.01241	0.01646	0.03166	0.01007	0.53202	0.21228	0.03162	0.01593	0.01554	0.01159	0.00696	0.00560	0.00173	0.00574	0.00537	0.02627	0.00923
96	0.01291	0.01459	0.03167	0.02280	0.02818	0.01367	0.70384	0.01744	0.01314	0.01782	0.01252	0.06044	0.01020	0.00549	0.00667	0.00192	0.00913	0.00718	0.00298	0.00742
97	0.00738	0.00540	0.00694	0.00781	0.00856	0.00496	0.00542	0.00854	0.01095	0.01460	0.03042	0.59789	0.07938	0.07008	0.00849	0.00242	0.00359	0.06955	0.00499	0.05263
98	0.79020	0.01202	0.05594	0.00794	0.01172	0.01265	0.00701	0.01662	0.00972	0.02479	0.00798	0.00931	0.00616	0.00523	0.00360	0.00174	0.00460	0.00312	0.00341	0.00623
99	0.01071	0.00991	0.01644	0.67100	0.05431	0.01200	0.02778	0.02811	0.01184	0.01534	0.05148	0.01748	0.02366	0.02017	0.00612	0.00193	0.00711	0.00549	0.00284	0.00628
100	0.01063	0.01000	0.01688	0.78870	0.03876	0.01250	0.01563	0.01438	0.01125	0.01438	0.01000	0.01500	0.00750	0.00563	0.00563	0.00188	0.00750	0.00500	0.00250	0.00625
101	0.01256	0.01078	0.01305	0.00958	0.01418	0.00923	0.02537	0.07448	0.01269	0.01937	0.01012	0.01196	0.00837	0.00483	0.00545	0.00106	0.06529	0.00368	0.00344	0.68452
102	0.01271	0.01135	0.01217	0.00902	0.01379	0.05625	0.00717	0.04257	0.04244	0.01890	0.01057	0.01202	0.00867	0.00450	0.00434	0.00095	0.00463	0.00354	0.00349	0.72092
103	0.00720	0.00543	0.00644	0.00676	0.00781	0.00490	0.00473	0.00861	0.01238	0.01619	0.21098	0.28783	0.28099	0.10255	0.00927	0.00239	0.00323	0.01238	0.00525	0.00468
