[name]
unknown

[dist]
# distance from previous block
# <min> <max>
12	246

[block]
# block no. 0 follows, 45 sequences, length 30
# corresponding to MSA columns:
# 324-353
name=unknown_A
#
# <colnr> <probs for GDERKNQSTAVLIFYWHMCP>
#	G	D	E	R	K	N	Q	S	T	A	V	L	I	F	Y	W	H	M	C	P
0	0.10027	0.12608	0.30384	0.01405	0.11031	0.03857	0.01308	0.03308	0.05742	0.01798	0.02807	0.01390	0.03554	0.00560	0.00469	0.00155	0.00611	0.00434	0.04837	0.03715
1	0.04153	0.12491	0.19113	0.05672	0.23698	0.04906	0.01336	0.03143	0.01167	0.01654	0.00958	0.01203	0.00783	0.00661	0.03883	0.01764	0.00673	0.00403	0.00267	0.12070
2	0.00715	0.00525	0.00675	0.00738	0.00825	0.00483	0.00529	0.00857	0.01139	0.01528	0.14839	0.47097	0.10441	0.04807	0.00752	0.00217	0.00331	0.09194	0.00498	0.03808
3	0.01211	0.01523	0.25193	0.05938	0.08509	0.01074	0.03142	0.12899	0.03095	0.05119	0.15548	0.06305	0.01881	0.02380	0.00610	0.00181	0.00581	0.03697	0.00400	0.00715
4	0.00767	0.00573	0.00850	0.00850	0.00941	0.00664	0.00655	0.00950	0.00859	0.01237	0.01449	0.02173	0.01370	0.07558	0.75514	0.00847	0.01396	0.00585	0.00289	0.00472
5	0.01267	0.01448	0.03167	0.02262	0.02805	0.01357	0.75837	0.01719	0.01267	0.01719	0.01086	0.01448	0.00814	0.00452	0.00633	0.00181	0.00905	0.00633	0.00271	0.00724
6	0.01014	0.00954	0.01610	0.79845	0.03697	0.01193	0.01491	0.01371	0.01073	0.01371	0.00954	0.01431	0.00716	0.00537	0.00537	0.00179	0.00716	0.00477	0.00239	0.00596
7	0.00753	0.00610	0.02423	0.00771	0.03068	0.00532	0.00570	0.00977	0.01379	0.01893	0.49117	0.13869	0.16576	0.01200	0.00639	0.00180	0.00297	0.04100	0.00542	0.00504
8	0.01041	0.00539	0.00543	0.00529	0.00665	0.00545	0.00400	0.04128	0.01180	0.02054	0.01733	0.01974	0.01358	0.00626	0.00381	0.00126	0.00263	0.00500	0.80898	0.00516
9	0.00685	0.00526	0.00628	0.00645	0.00767	0.00468	0.00467	0.00853	0.01280	0.01685	0.31022	0.24398	0.31943	0.01348	0.00647	0.00186	0.00275	0.01176	0.00532	0.00468
10	0.11031	0.03028	0.01399	0.10113	0.01678	0.09453	0.00959	0.18813	0.08558	0.08157	0.01225	0.03604	0.00966	0.00656	0.00650	0.00166	0.10505	0.00472	0.00398	0.08169
11	0.03416	0.01040	0.01157	0.01034	0.01330	0.01146	0.00814	0.04521	0.50878	0.14501	0.02210	0.07764	0.01766	0.00823	0.00561	0.00185	0.00430	0.05065	0.00554	0.00805
12	0.02699	0.28524	0.41214	0.01274	0.03329	0.01500	0.01451	0.03722	0.01164	0.03415	0.00924	0.01062	0.00714	0.00492	0.00446	0.00145	0.00670	0.00360	0.00256	0.06639
13	0.01435	0.81458	0.02813	0.00918	0.01378	0.02124	0.00918	0.01607	0.01091	0.01263	0.00746	0.00861	0.00689	0.00459	0.00344	0.00115	0.00574	0.00287	0.00230	0.00689
14	0.84927	0.01038	0.00789	0.00706	0.01038	0.01204	0.00581	0.01578	0.00914	0.02408	0.00747	0.00872	0.00581	0.00498	0.00332	0.00166	0.00415	0.00291	0.00332	0.00581
15	0.84927	0.01038	0.00789	0.00706	0.01038	0.01204	0.00581	0.01578	0.00914	0.02408	0.00747	0.00872	0.00581	0.00498	0.00332	0.00166	0.00415	0.00291	0.00332	0.00581
16	0.00779	0.00573	0.00733	0.00688	0.00824	0.00538	0.00518	0.01080	0.04522	0.02138	0.72572	0.03960	0.06859	0.01090	0.00630	0.00170	0.00261	0.00961	0.00587	0.00519
17	0.00687	0.00539	0.00622	0.00616	0.00761	0.00473	0.00456	0.00867	0.01325	0.01728	0.34456	0.11870	0.41116	0.01284	0.00639	0.00180	0.00268	0.01104	0.00536	0.00473
18	0.02137	0.01349	0.01515	0.01162	0.01587	0.01435	0.00960	0.56740	0.02265	0.23006	0.01506	0.01430	0.01022	0.00650	0.00538	0.00162	0.00556	0.00498	0.00570	0.00913
19	0.00669	0.00489	0.00634	0.00744	0.00800	0.00453	0.00519	0.00781	0.01068	0.01400	0.03240	0.65618	0.12191	0.01627	0.00684	0.00216	0.00322	0.07603	0.00498	0.00443
20	0.01435	0.81458	0.02813	0.00918	0.01378	0.02124	0.00918	0.01607	0.01091	0.01263	0.00746	0.00861	0.00689	0.00459	0.00344	0.00115	0.00574	0.00287	0.00230	0.00689
21	0.00924	0.00469	0.00693	0.00693	0.00693	0.00469	0.00459	0.00704	0.00704	0.00938	0.00973	0.01731	0.00986	0.06057	0.02131	0.79947	0.00469	0.00483	0.00238	0.00238
22	0.01113	0.00954	0.01113	0.00795	0.01272	0.00716	0.00636	0.01352	0.01113	0.01749	0.00954	0.01113	0.00795	0.00398	0.00398	0.00080	0.00398	0.00318	0.00318	0.84417
23	0.01862	0.18447	0.05813	0.00965	0.01374	0.01143	0.00864	0.06522	0.04476	0.40870	0.08590	0.01842	0.03553	0.00671	0.00507	0.00156	0.00484	0.00531	0.00523	0.00806
24	0.01771	0.06360	0.07003	0.01433	0.05433	0.52768	0.01119	0.06273	0.01442	0.01477	0.00891	0.01076	0.00742	0.00730	0.04160	0.00181	0.05823	0.00379	0.00283	0.00657
25	0.00658	0.00470	0.00626	0.00745	0.00779	0.00439	0.00499	0.00757	0.01045	0.01398	0.05619	0.78045	0.03604	0.01661	0.00683	0.00216	0.00309	0.01506	0.00502	0.00439
26	0.01391	0.62704	0.13751	0.01032	0.01518	0.06243	0.01073	0.01628	0.01113	0.01329	0.00807	0.00950	0.00710	0.00596	0.03102	0.00150	0.00658	0.00316	0.00234	0.00693
27	0.00666	0.00485	0.00621	0.00725	0.00777	0.00449	0.00495	0.00767	0.01050	0.01376	0.03210	0.64852	0.12744	0.05054	0.00769	0.00228	0.00323	0.04480	0.00491	0.00436
28	0.05070	0.16554	0.26407	0.14488	0.06544	0.02858	0.01384	0.06666	0.04010	0.03093	0.01085	0.01412	0.00872	0.00649	0.02242	0.00179	0.01983	0.03493	0.00291	0.00721
29	0.02865	0.04366	0.42851	0.05581	0.24983	0.01265	0.01723	0.01699	0.04413	0.01724	0.01066	0.01355	0.00834	0.00534	0.00517	0.00168	0.00705	0.02300	0.00262	0.00789

[dist]
# distance from previous block
# <min> <max>
0	1

[block]
# block no. 1 follows, 45 sequences, length 56
# corresponding to MSA columns:
# 355-410
name=unknown_B
#
# <colnr> <probs for GDERKNQSTAVLIFYWHMCP>
#	G	D	E	R	K	N	Q	S	T	A	V	L	I	F	Y	W	H	M	C	P
0	0.01159	0.02732	0.70320	0.01532	0.02276	0.07866	0.03371	0.01738	0.01169	0.01667	0.00954	0.01125	0.00684	0.00513	0.00510	0.00168	0.00810	0.00397	0.00232	0.00777
1	0.01139	0.05911	0.01814	0.13615	0.08351	0.01403	0.09420	0.01358	0.00969	0.01388	0.00911	0.01376	0.00820	0.02541	0.09133	0.00273	0.36694	0.00492	0.00250	0.02141
2	0.72823	0.01277	0.07435	0.00817	0.01185	0.05867	0.00728	0.01622	0.00969	0.02283	0.00771	0.00900	0.00596	0.00503	0.00356	0.00165	0.00481	0.00303	0.00320	0.00602
3	0.00683	0.00484	0.00637	0.00748	0.00782	0.00458	0.00507	0.00778	0.01016	0.01352	0.02814	0.67016	0.03345	0.10191	0.00909	0.00253	0.00347	0.06773	0.00479	0.00428
4	0.01490	0.66198	0.09088	0.00995	0.01471	0.05611	0.01007	0.01701	0.01141	0.05909	0.00851	0.00947	0.00727	0.00480	0.00377	0.00124	0.00604	0.00314	0.00258	0.00708
5	0.01648	0.01464	0.01380	0.01178	0.01516	0.12696	0.00929	0.25120	0.43176	0.02458	0.01714	0.01634	0.01279	0.00677	0.00534	0.00169	0.00554	0.00531	0.00504	0.00836
6	0.01271	0.01059	0.01132	0.01021	0.01304	0.01198	0.00792	0.02565	0.63971	0.04115	0.08789	0.02359	0.06471	0.00796	0.00559	0.00180	0.00402	0.00668	0.00550	0.00798
7	0.00710	0.00518	0.00665	0.00703	0.00794	0.00479	0.00505	0.00879	0.01256	0.01705	0.34018	0.34889	0.12133	0.03655	0.00719	0.00204	0.00298	0.04873	0.00531	0.00467
8	0.00689	0.00499	0.00648	0.00709	0.00779	0.00461	0.00492	0.00835	0.01193	0.01621	0.27137	0.50109	0.08389	0.02942	0.00703	0.00206	0.00294	0.01310	0.00525	0.00458
9	0.00659	0.00511	0.00590	0.00639	0.00745	0.00453	0.00447	0.00778	0.01139	0.01443	0.09167	0.36019	0.38108	0.05814	0.00769	0.00214	0.00300	0.01264	0.00495	0.00443
10	0.00727	0.00547	0.00672	0.00641	0.00782	0.00493	0.00481	0.00949	0.01442	0.01969	0.58622	0.04313	0.24061	0.01166	0.00633	0.00172	0.00258	0.01013	0.00567	0.00493
11	0.01158	0.00953	0.01118	0.00801	0.01276	0.00718	0.00641	0.01395	0.01128	0.04400	0.00994	0.01138	0.00814	0.00407	0.00402	0.00083	0.00400	0.00326	0.00330	0.81520
12	0.84927	0.01038	0.00789	0.00706	0.01038	0.01204	0.00581	0.01578	0.00914	0.02408	0.00747	0.00872	0.00581	0.00498	0.00332	0.00166	0.00415	0.00291	0.00332	0.00581
13	0.01429	0.01193	0.01263	0.01105	0.01424	0.01367	0.00868	0.13898	0.63900	0.02416	0.03706	0.01939	0.01604	0.00724	0.00547	0.00179	0.00446	0.00596	0.00546	0.00852
14	0.01526	0.01037	0.01201	0.00976	0.01348	0.01028	0.00778	0.04828	0.31790	0.19696	0.03904	0.01727	0.01382	0.00632	0.00530	0.00149	0.02056	0.00513	0.00504	0.24395
15	0.01090	0.04022	0.65007	0.05280	0.02384	0.01255	0.08584	0.01666	0.01140	0.01672	0.01008	0.02689	0.00749	0.00527	0.00523	0.00171	0.00786	0.00441	0.00237	0.00769
16	0.84927	0.01038	0.00789	0.00706	0.01038	0.01204	0.00581	0.01578	0.00914	0.02408	0.00747	0.00872	0.00581	0.00498	0.00332	0.00166	0.00415	0.00291	0.00332	0.00581
17	0.02041	0.01504	0.01611	0.01235	0.01665	0.01665	0.01020	0.75997	0.02524	0.03383	0.01289	0.01289	0.00913	0.00644	0.00537	0.00161	0.00591	0.00483	0.00537	0.00913
18	0.00919	0.01000	0.12099	0.01049	0.01269	0.04169	0.00986	0.01198	0.01212	0.01579	0.02558	0.12598	0.04570	0.01317	0.00688	0.00227	0.00535	0.51044	0.00446	0.00536
19	0.01334	0.54398	0.24850	0.01099	0.01643	0.03775	0.01220	0.01639	0.01115	0.01411	0.00837	0.00972	0.00703	0.00481	0.00397	0.00132	0.00640	0.00326	0.02315	0.00713
20	0.05216	0.04218	0.25278	0.16743	0.16462	0.03931	0.02820	0.03172	0.03414	0.05249	0.01046	0.01290	0.00797	0.00582	0.00579	0.04056	0.00672	0.00437	0.00284	0.03755
21	0.24844	0.08340	0.01500	0.03329	0.09186	0.34796	0.00973	0.08116	0.01361	0.01834	0.00860	0.01008	0.00696	0.00530	0.00441	0.00149	0.00711	0.00354	0.00308	0.00663
22	0.00699	0.00546	0.00633	0.00612	0.00765	0.00481	0.00459	0.00895	0.01376	0.01812	0.42602	0.04570	0.40179	0.01224	0.00634	0.00175	0.00262	0.01049	0.00546	0.00481
23	0.01089	0.01046	0.04018	0.46625	0.20805	0.01132	0.03508	0.01434	0.01128	0.01547	0.01129	0.01666	0.00918	0.00572	0.00533	0.00173	0.00655	0.03973	0.07397	0.00653
24	0.03201	0.03059	0.04032	0.01250	0.07880	0.01041	0.05380	0.20348	0.01602	0.15319	0.10628	0.13762	0.03193	0.00886	0.00582	0.00178	0.00501	0.05937	0.00494	0.00726
25	0.00811	0.00544	0.00610	0.00601	0.00611	0.00548	0.00342	0.02593	0.00823	0.01097	0.01682	0.03459	0.01927	0.79196	0.02679	0.00512	0.00522	0.00773	0.00330	0.00339
26	0.00809	0.00600	0.00760	0.00711	0.00852	0.00577	0.00536	0.01170	0.07929	0.02160	0.71092	0.03839	0.04773	0.01066	0.00626	0.00170	0.00268	0.00940	0.00587	0.00536
27	0.01075	0.00853	0.01062	0.07642	0.02773	0.05446	0.05654	0.07091	0.03167	0.03108	0.20034	0.11165	0.05248	0.02579	0.03200	0.00195	0.00471	0.00759	0.17908	0.00573
28	0.01179	0.29445	0.43751	0.01298	0.04017	0.01484	0.01484	0.01608	0.01154	0.01591	0.07406	0.01291	0.01061	0.00542	0.00464	0.00151	0.00668	0.00410	0.00260	0.00735
29	0.02127	0.00944	0.01199	0.00938	0.01311	0.00881	0.00768	0.13738	0.01645	0.55072	0.05500	0.01865	0.01445	0.00678	0.00527	0.00161	0.00446	0.00547	0.09356	0.00851
30	0.00713	0.00681	0.07263	0.00821	0.00932	0.00523	0.00647	0.00877	0.01098	0.01491	0.10240	0.61847	0.03430	0.01512	0.00668	0.00211	0.00358	0.05726	0.00484	0.00477
31	0.04924	0.01140	0.03142	0.34343	0.20304	0.02530	0.10311	0.02598	0.01127	0.01566	0.01037	0.01551	0.00864	0.03659	0.00723	0.01476	0.05452	0.02327	0.00267	0.00660
32	0.01161	0.01170	0.01517	0.47458	0.02731	0.11714	0.01281	0.01432	0.01078	0.01366	0.00952	0.01385	0.00773	0.00823	0.05443	0.00222	0.14990	0.00465	0.03450	0.00588
33	0.84927	0.01038	0.00789	0.00706	0.01038	0.01204	0.00581	0.01578	0.00914	0.02408	0.00747	0.00872	0.00581	0.00498	0.00332	0.00166	0.00415	0.00291	0.00332	0.00581
34	0.00850	0.00532	0.00662	0.00669	0.00759	0.00559	0.00491	0.01032	0.01006	0.01564	0.06616	0.07134	0.01856	0.14576	0.26804	0.00442	0.00694	0.02125	0.31166	0.00462
35	0.00781	0.00520	0.00585	0.00585	0.00585	0.00520	0.00325	0.00781	0.00781	0.01041	0.01691	0.03513	0.01952	0.81135	0.02732	0.00520	0.00520	0.00781	0.00325	0.00325
36	0.01113	0.00954	0.01113	0.00795	0.01272	0.00716	0.00636	0.01352	0.01113	0.01749	0.00954	0.01113	0.00795	0.00398	0.00398	0.00080	0.00398	0.00318	0.00318	0.84417
37	0.00705	0.00543	0.00644	0.00626	0.00770	0.00482	0.00467	0.00905	0.01381	0.01840	0.45650	0.07832	0.33760	0.01227	0.00636	0.00176	0.00263	0.01059	0.00550	0.00482
38	0.00760	0.00549	0.00718	0.00675	0.00802	0.00506	0.00506	0.01013	0.01519	0.02153	0.77503	0.04010	0.05065	0.01097	0.00633	0.00169	0.00253	0.00971	0.00591	0.00506
39	0.00819	0.00587	0.00809	0.00922	0.01031	0.00578	0.00775	0.01038	0.01215	0.01591	0.06790	0.18625	0.04828	0.01494	0.00724	0.00237	0.00446	0.56507	0.00500	0.00484
40	0.02005	0.02558	0.01521	0.01383	0.01659	0.78980	0.01037	0.02143	0.01521	0.01314	0.00830	0.00968	0.00691	0.00553	0.00484	0.00138	0.00968	0.00346	0.00277	0.00622
41	0.01113	0.00954	0.01113	0.00795	0.01272	0.00716	0.00636	0.01352	0.01113	0.01749	0.00954	0.01113	0.00795	0.00398	0.00398	0.00080	0.00398	0.00318	0.00318	0.84417
42	0.01014	0.00954	0.01610	0.79845	0.03697	0.01193	0.01491	0.01371	0.01073	0.01371	0.00954	0.01431	0.00716	0.00537	0.00537	0.00179	0.00716	0.00477	0.00239	0.00596
43	0.84927	0.01038	0.00789	0.00706	0.01038	0.01204	0.00581	0.01578	0.00914	0.02408	0.00747	0.00872	0.00581	0.00498	0.00332	0.00166	0.00415	0.00291	0.00332	0.00581
44	0.01001	0.00500	0.00500	0.00500	0.00625	0.00500	0.00375	0.01251	0.01126	0.02001	0.01751	0.02001	0.01376	0.00625	0.00375	0.00125	0.00250	0.00500	0.84115	0.00500
45	0.22257	0.00964	0.01148	0.00905	0.01301	0.00919	0.00747	0.04912	0.01421	0.57332	0.01759	0.01579	0.01134	0.00624	0.00490	0.00166	0.00451	0.00478	0.00580	0.00834
46	0.68379	0.01170	0.00941	0.02769	0.01208	0.05899	0.00677	0.08791	0.01120	0.03802	0.00835	0.00949	0.00637	0.00520	0.00370	0.00164	0.00473	0.00322	0.00352	0.00622
47	0.02021	0.01494	0.01600	0.01231	0.01657	0.01655	0.01015	0.73941	0.04612	0.03351	0.01314	0.01309	0.00933	0.00647	0.00537	0.00162	0.00586	0.00487	0.00537	0.00911
48	0.01148	0.00953	0.01117	0.00799	0.01275	0.00718	0.00640	0.01386	0.01125	0.03824	0.00986	0.01132	0.00810	0.00405	0.00401	0.00082	0.00399	0.00324	0.00327	0.82149
49	0.00664	0.00479	0.00629	0.00731	0.00778	0.00444	0.00495	0.00775	0.01086	0.01453	0.10550	0.69505	0.07209	0.01608	0.00678	0.00211	0.00304	0.01452	0.00508	0.00444
50	0.01302	0.01124	0.01182	0.01066	0.01364	0.01293	0.00829	0.02754	0.73236	0.02208	0.02339	0.02153	0.05236	0.00758	0.00550	0.00182	0.00418	0.00632	0.00544	0.00831
51	0.01415	0.01193	0.01259	0.01109	0.01426	0.01373	0.00869	0.11159	0.68380	0.02375	0.02083	0.01922	0.01556	0.00719	0.00545	0.00180	0.00444	0.00593	0.00545	0.00857
52	0.01700	0.00950	0.01183	0.00876	0.01325	0.00772	0.00712	0.03797	0.01333	0.35031	0.01469	0.01428	0.01030	0.00520	0.00463	0.00119	0.00428	0.00419	0.00474	0.45970
53	0.01014	0.00954	0.01610	0.79845	0.03697	0.01193	0.01491	0.01371	0.01073	0.01371	0.00954	0.01431	0.00716	0.00537	0.00537	0.00179	0.00716	0.00477	0.00239	0.00596
54	0.00712	0.00557	0.00843	0.00868	0.00951	0.00519	0.06910	0.00847	0.01082	0.01449	0.07316	0.67872	0.04936	0.01535	0.00677	0.00211	0.00358	0.01409	0.00485	0.00465
55	0.00779	0.00523	0.00597	0.00593	0.00604	0.00519	0.00341	0.00800	0.00844	0.01135	0.08144	0.03555	0.02217	0.74322	0.02553	0.00490	0.00498	0.00797	0.00348	0.00341

[dist]
# distance from previous block
# <min> <max>
0	26

[block]
# block no. 2 follows, 45 sequences, length 65
# corresponding to MSA columns:
# 437-501
name=unknown_C
#
# <colnr> <probs for GDERKNQSTAVLIFYWHMCP>
#	G	D	E	R	K	N	Q	S	T	A	V	L	I	F	Y	W	H	M	C	P
0	0.01555	0.01202	0.01293	0.01109	0.01446	0.01356	0.00878	0.16927	0.56593	0.08424	0.02007	0.01851	0.01474	0.00707	0.00544	0.00177	0.00459	0.00578	0.00554	0.00867
1	0.08521	0.00923	0.01212	0.00937	0.01346	0.00820	0.00774	0.02539	0.01490	0.72547	0.02016	0.01756	0.01273	0.00652	0.00524	0.00166	0.00454	0.00521	0.00640	0.00889
2	0.09248	0.00987	0.01232	0.00966	0.01366	0.00932	0.00793	0.07986	0.07467	0.60276	0.01946	0.01720	0.01259	0.00654	0.00523	0.00167	0.00461	0.00520	0.00618	0.00880
3	0.01435	0.81458	0.02813	0.00918	0.01378	0.02124	0.00918	0.01607	0.01091	0.01263	0.00746	0.00861	0.00689	0.00459	0.00344	0.00115	0.00574	0.00287	0.00230	0.00689
4	0.02041	0.01504	0.01611	0.01235	0.01665	0.01665	0.01020	0.75997	0.02524	0.03383	0.01289	0.01289	0.00913	0.00644	0.00537	0.00161	0.00591	0.00483	0.00537	0.00913
5	0.01435	0.81458	0.02813	0.00918	0.01378	0.02124	0.00918	0.01607	0.01091	0.01263	0.00746	0.00861	0.00689	0.00459	0.00344	0.00115	0.00574	0.00287	0.00230	0.00689
6	0.01435	0.81458	0.02813	0.00918	0.01378	0.02124	0.00918	0.01607	0.01091	0.01263	0.00746	0.00861	0.00689	0.00459	0.00344	0.00115	0.00574	0.00287	0.00230	0.00689
7	0.00671	0.00545	0.00594	0.00582	0.00747	0.00469	0.00436	0.00840	0.01309	0.01653	0.26245	0.04832	0.56635	0.01284	0.00634	0.00178	0.00267	0.01086	0.00525	0.00469
8	0.02960	0.01040	0.01214	0.12967	0.01609	0.01141	0.00863	0.33282	0.01735	0.08127	0.01434	0.01581	0.01060	0.00712	0.02583	0.00172	0.00516	0.00491	0.25793	0.00723
9	0.01284	0.01047	0.01133	0.01038	0.01306	0.01185	0.00797	0.04034	0.61050	0.04826	0.02282	0.14002	0.01904	0.00870	0.00567	0.00187	0.00412	0.00742	0.00543	0.00790
10	0.01984	0.00847	0.01127	0.00909	0.01249	0.00759	0.00732	0.03626	0.04543	0.56787	0.12966	0.08335	0.02043	0.00808	0.00565	0.00171	0.00417	0.00681	0.00634	0.00815
11	0.00842	0.00569	0.00696	0.00668	0.00824	0.00508	0.00502	0.01035	0.01362	0.07791	0.38600	0.11335	0.27706	0.02503	0.00668	0.00185	0.00291	0.02850	0.00552	0.00512
12	0.03057	0.01417	0.08260	0.18666	0.02849	0.01315	0.49028	0.01672	0.03748	0.01669	0.01072	0.01422	0.00804	0.00493	0.00613	0.00180	0.02191	0.00571	0.00271	0.00701
13	0.00815	0.00588	0.00721	0.00699	0.00712	0.00644	0.00451	0.00852	0.00796	0.01092	0.01566	0.03105	0.01753	0.63185	0.13107	0.00541	0.07967	0.00724	0.00312	0.00370
14	0.00670	0.00537	0.00599	0.00600	0.00751	0.00466	0.00444	0.00834	0.01284	0.01632	0.24641	0.12425	0.50588	0.01321	0.00639	0.00182	0.00271	0.01128	0.00523	0.00466
15	0.01820	0.01911	0.01462	0.01389	0.07186	0.44155	0.01000	0.09833	0.10394	0.07765	0.06830	0.01442	0.01211	0.00627	0.00516	0.00152	0.00748	0.00462	0.00388	0.00710
16	0.03675	0.01348	0.04469	0.17940	0.39506	0.06368	0.06986	0.06681	0.01287	0.01763	0.01045	0.01432	0.00857	0.00539	0.00556	0.00168	0.01960	0.02377	0.00286	0.00757
17	0.01700	0.01133	0.03462	0.07816	0.19283	0.01091	0.06635	0.09373	0.07141	0.28820	0.01715	0.04707	0.03321	0.00653	0.00552	0.00170	0.00560	0.00578	0.00467	0.00821
18	0.01014	0.00954	0.01610	0.79845	0.03697	0.01193	0.01491	0.01371	0.01073	0.01371	0.00954	0.01431	0.00716	0.00537	0.00537	0.00179	0.00716	0.00477	0.00239	0.00596
19	0.01146	0.00974	0.01131	0.00811	0.01286	0.00749	0.00650	0.03997	0.01163	0.01807	0.00966	0.01119	0.00799	0.00406	0.00402	0.00082	0.00404	0.00324	0.00326	0.81457
20	0.10136	0.00541	0.00724	0.02538	0.00804	0.00565	0.00500	0.00830	0.00746	0.01141	0.00940	0.01556	0.00904	0.01642	0.01810	0.70330	0.00459	0.00448	0.03097	0.00289
21	0.01637	0.01300	0.02788	0.01132	0.01484	0.04652	0.00912	0.19769	0.46898	0.10547	0.01889	0.01758	0.01379	0.00690	0.00540	0.00173	0.00497	0.00556	0.00539	0.00860
22	0.01381	0.01155	0.01224	0.01092	0.01402	0.01328	0.00852	0.04579	0.73044	0.04302	0.02162	0.01981	0.01613	0.00725	0.00546	0.00181	0.00430	0.00602	0.00549	0.00853
23	0.00661	0.00487	0.00620	0.00713	0.00777	0.00446	0.00490	0.00774	0.01095	0.01437	0.08128	0.62184	0.15819	0.01588	0.00674	0.00209	0.00304	0.02644	0.00504	0.00444
24	0.00906	0.00668	0.00890	0.00980	0.01121	0.00685	0.00839	0.01284	0.09190	0.01697	0.06470	0.06803	0.03042	0.01388	0.00715	0.00236	0.00472	0.61580	0.00505	0.00531
25	0.44106	0.01051	0.01023	0.00845	0.01199	0.01133	0.00694	0.14988	0.01365	0.20834	0.01248	0.01260	0.00879	0.00574	0.00422	0.00162	0.00444	0.00400	0.06659	0.00714
26	0.00747	0.00548	0.00699	0.00661	0.00794	0.00501	0.00496	0.00987	0.01488	0.02079	0.69919	0.04131	0.12695	0.01125	0.00633	0.00170	0.00255	0.00988	0.00581	0.00501
27	0.81787	0.01033	0.00806	0.00715	0.01051	0.01188	0.00589	0.01617	0.00937	0.05291	0.00800	0.00908	0.00610	0.00505	0.00340	0.00166	0.00417	0.00300	0.00345	0.00594
28	0.00947	0.00527	0.00829	0.06702	0.00977	0.00543	0.02410	0.00775	0.00742	0.00985	0.00938	0.01612	0.00913	0.01730	0.01944	0.75951	0.00496	0.00471	0.00234	0.00273
29	0.84927	0.01038	0.00789	0.00706	0.01038	0.01204	0.00581	0.01578	0.00914	0.02408	0.00747	0.00872	0.00581	0.00498	0.00332	0.00166	0.00415	0.00291	0.00332	0.00581
30	0.00795	0.00585	0.00857	0.00849	0.00927	0.00680	0.00647	0.00938	0.00843	0.01208	0.01393	0.02149	0.01336	0.09806	0.64495	0.07000	0.04176	0.00579	0.00285	0.00453
31	0.84927	0.01038	0.00789	0.00706	0.01038	0.01204	0.00581	0.01578	0.00914	0.02408	0.00747	0.00872	0.00581	0.00498	0.00332	0.00166	0.00415	0.00291	0.00332	0.00581
32	0.02381	0.00957	0.01273	0.00976	0.01392	0.00854	0.00806	0.08055	0.01610	0.72616	0.02056	0.01787	0.01298	0.00663	0.00540	0.00166	0.00467	0.00536	0.00655	0.00913
33	0.02005	0.02558	0.01521	0.01383	0.01659	0.78980	0.01037	0.02143	0.01521	0.01314	0.00830	0.00968	0.00691	0.00553	0.00484	0.00138	0.00968	0.00346	0.00277	0.00622
34	0.00865	0.00618	0.00865	0.00989	0.01112	0.00618	0.00865	0.01112	0.01236	0.01606	0.02842	0.06055	0.03089	0.01483	0.00741	0.00247	0.00494	0.74174	0.00494	0.00494
35	0.00654	0.00467	0.00623	0.00747	0.00779	0.00436	0.00498	0.00747	0.01028	0.01370	0.02959	0.80785	0.03550	0.01682	0.00685	0.00218	0.00311	0.01526	0.00498	0.00436
36	0.01419	0.01134	0.01216	0.01082	0.01394	0.01292	0.00845	0.02834	0.70907	0.08205	0.02180	0.01989	0.01614	0.00723	0.00546	0.00181	0.00427	0.00602	0.00555	0.00855
37	0.01329	0.01275	0.02179	0.03295	0.77787	0.01275	0.01647	0.01647	0.01222	0.01754	0.01010	0.01329	0.00850	0.00478	0.00531	0.00159	0.00638	0.00478	0.00266	0.00850
38	0.00767	0.00575	0.00863	0.00863	0.00959	0.00671	0.00671	0.00959	0.00863	0.01246	0.01438	0.02109	0.01342	0.04026	0.79008	0.00863	0.01438	0.00575	0.00288	0.00479
39	0.00654	0.00467	0.00623	0.00747	0.00779	0.00436	0.00498	0.00747	0.01028	0.01370	0.02959	0.80785	0.03550	0.01682	0.00685	0.00218	0.00311	0.01526	0.00498	0.00436
40	0.17101	0.00973	0.01156	0.00917	0.01290	0.00945	0.00752	0.11436	0.01546	0.47536	0.09304	0.01806	0.01515	0.00675	0.00511	0.00166	0.00446	0.00531	0.00581	0.00813
41	0.01077	0.02777	0.78354	0.01530	0.02323	0.01247	0.01983	0.01700	0.01133	0.01700	0.00963	0.01133	0.00680	0.00510	0.00510	0.00170	0.00793	0.00397	0.00227	0.00793
42	0.01225	0.01074	0.12757	0.00922	0.01235	0.00819	0.00842	0.11765	0.01580	0.13544	0.39574	0.04825	0.05793	0.00904	0.00588	0.00169	0.00415	0.00771	0.00533	0.00664
43	0.69099	0.01056	0.02588	0.00766	0.01123	0.01135	0.00648	0.01756	0.01024	0.15213	0.00984	0.01039	0.00710	0.00527	0.00371	0.00166	0.00431	0.00335	0.00386	0.00642
44	0.07376	0.05861	0.63476	0.01432	0.02137	0.07381	0.01761	0.01722	0.01146	0.01704	0.00928	0.01090	0.00674	0.00510	0.00488	0.00165	0.00770	0.00380	0.00239	0.00760
45	0.01523	0.01335	0.07336	0.22914	0.17045	0.03151	0.01308	0.21641	0.05359	0.09314	0.01269	0.01516	0.00952	0.00597	0.00538	0.00169	0.00634	0.02228	0.00386	0.00786
46	0.01456	0.01156	0.01239	0.01091	0.01410	0.01314	0.00855	0.07107	0.66898	0.07939	0.02127	0.01948	0.01573	0.00719	0.00545	0.00180	0.00437	0.00595	0.00554	0.00858
47	0.01200	0.00941	0.01113	0.00804	0.01267	0.00716	0.00644	0.01437	0.01155	0.07423	0.03018	0.01241	0.00945	0.00435	0.00414	0.00088	0.00398	0.00351	0.00351	0.76059
48	0.00658	0.00476	0.00619	0.00727	0.00771	0.00441	0.00488	0.00757	0.01050	0.01390	0.05203	0.71226	0.09042	0.03494	0.00728	0.00221	0.00312	0.01464	0.00497	0.00437
49	0.01289	0.01101	0.01180	0.01082	0.01368	0.01265	0.00851	0.02682	0.69427	0.02183	0.02249	0.02399	0.01780	0.00802	0.00565	0.00188	0.00432	0.07799	0.00541	0.00815
50	0.02408	0.00914	0.01246	0.00955	0.01370	0.00789	0.00789	0.02616	0.01536	0.78158	0.02118	0.01827	0.01329	0.00664	0.00540	0.00166	0.00457	0.00540	0.00664	0.00914
51	0.02270	0.00918	0.01225	0.00955	0.01352	0.00819	0.00783	0.02576	0.07116	0.69821	0.04811	0.01918	0.01485	0.00685	0.00544	0.00167	0.00447	0.00560	0.00653	0.00894
52	0.01083	0.00827	0.00945	0.00859	0.01081	0.00873	0.00661	0.01868	0.33831	0.06070	0.35922	0.03121	0.08775	0.00936	0.00591	0.00175	0.00339	0.00804	0.00569	0.00671
53	0.01105	0.00531	0.00556	0.00534	0.00681	0.00522	0.00406	0.01352	0.01156	0.07643	0.01778	0.01988	0.01372	0.00628	0.00387	0.00128	0.00265	0.00503	0.77933	0.00531
54	0.00646	0.00538	0.00560	0.00567	0.00730	0.00456	0.00418	0.00782	0.01215	0.01474	0.09178	0.10665	0.66288	0.03228	0.00687	0.00191	0.00280	0.01145	0.00500	0.00452
55	0.01567	0.63424	0.02526	0.01013	0.01442	0.13887	0.00944	0.07200	0.01263	0.01428	0.00799	0.00909	0.00706	0.00487	0.00380	0.00122	0.00636	0.00311	0.00260	0.00695
56	0.01972	0.02406	0.01512	0.01357	0.01646	0.69149	0.01026	0.07655	0.05571	0.01516	0.00935	0.01046	0.00758	0.00569	0.00491	0.00142	0.00911	0.00370	0.00310	0.00656
57	0.01079	0.00918	0.01077	0.00792	0.01236	0.00695	0.00626	0.01307	0.01107	0.01721	0.01103	0.07019	0.00999	0.00493	0.00419	0.00090	0.00391	0.00408	0.00331	0.78192
58	0.00781	0.00520	0.00585	0.00585	0.00585	0.00520	0.00325	0.00781	0.00781	0.01041	0.01691	0.03513	0.01952	0.81135	0.02732	0.00520	0.00520	0.00781	0.00325	0.00325
59	0.01483	0.75182	0.02719	0.00943	0.01400	0.02088	0.00926	0.07447	0.01203	0.01429	0.00789	0.00895	0.00706	0.00474	0.00360	0.00118	0.00575	0.00302	0.00254	0.00706
60	0.00654	0.00467	0.00623	0.00747	0.00779	0.00436	0.00498	0.00747	0.01028	0.01370	0.02959	0.80785	0.03550	0.01682	0.00685	0.00218	0.00311	0.01526	0.00498	0.00436
61	0.01224	0.18625	0.42348	0.01383	0.01967	0.01429	0.07184	0.01689	0.03093	0.04734	0.03697	0.01257	0.00901	0.00566	0.00602	0.00165	0.07690	0.00430	0.00270	0.00745
62	0.01142	0.02516	0.64964	0.01709	0.08260	0.01246	0.07399	0.01719	0.01160	0.03531	0.01004	0.01188	0.00719	0.00507	0.00522	0.00170	0.00781	0.00424	0.00243	0.00796
63	0.01912	0.07224	0.01280	0.00915	0.01275	0.00932	0.00757	0.09678	0.03304	0.46624	0.12300	0.02251	0.07628	0.00759	0.00544	0.00163	0.00437	0.00619	0.00592	0.00804
64	0.01338	0.01121	0.01188	0.01053	0.01354	0.01270	0.00826	0.11003	0.59131	0.02300	0.04230	0.02292	0.07627	0.00791	0.00558	0.00180	0.00429	0.01956	0.00542	0.00811

[dist]
# distance from previous block
# <min> <max>
5	7

[block]
# block no. 3 follows, 45 sequences, length 82
# corresponding to MSA columns:
# 511-575,601-617
name=unknown_D
#
# <colnr> <probs for GDERKNQSTAVLIFYWHMCP>
#	G	D	E	R	K	N	Q	S	T	A	V	L	I	F	Y	W	H	M	C	P
0	0.01327	0.03431	0.01540	0.06563	0.01546	0.11860	0.03288	0.07579	0.01114	0.01526	0.00906	0.01275	0.00797	0.00838	0.01232	0.05434	0.41020	0.00457	0.07671	0.00597
1	0.05882	0.02710	0.00873	0.02878	0.01039	0.00804	0.00617	0.07254	0.10309	0.01816	0.11092	0.06850	0.36186	0.02695	0.00664	0.00189	0.02249	0.04848	0.00483	0.00562
2	0.02072	0.05082	0.01477	0.01076	0.01481	0.01072	0.05260	0.16948	0.05225	0.46975	0.06256	0.01786	0.01418	0.00666	0.00541	0.00164	0.00502	0.00550	0.00584	0.00864
3	0.00750	0.00535	0.00674	0.01922	0.00842	0.00511	0.00510	0.00921	0.04403	0.03286	0.09164	0.52293	0.11426	0.09089	0.00859	0.00235	0.00337	0.01287	0.00492	0.00465
4	0.04437	0.70699	0.02636	0.01026	0.04154	0.06922	0.00940	0.01642	0.01116	0.01325	0.00761	0.00885	0.00691	0.00467	0.00360	0.00120	0.00596	0.00298	0.00238	0.00687
5	0.01235	0.03992	0.06816	0.16263	0.04647	0.03455	0.50357	0.01651	0.01214	0.01620	0.01027	0.01387	0.00780	0.00486	0.00620	0.00178	0.02743	0.00566	0.00261	0.00700
6	0.01362	0.03182	0.02120	0.05507	0.51811	0.03988	0.10824	0.01672	0.01250	0.06445	0.01335	0.01581	0.05393	0.00543	0.00545	0.00163	0.00652	0.00531	0.00304	0.00794
7	0.00688	0.00505	0.00671	0.00777	0.00815	0.00493	0.00538	0.00790	0.01030	0.01374	0.02890	0.69772	0.04981	0.03767	0.00781	0.00228	0.03222	0.05750	0.00484	0.00442
8	0.01453	0.01084	0.01228	0.02822	0.03486	0.01206	0.00864	0.02651	0.57919	0.13198	0.04861	0.02103	0.01707	0.00737	0.00552	0.00180	0.00437	0.02129	0.00550	0.00834
9	0.21145	0.08243	0.01543	0.11484	0.10937	0.04329	0.01911	0.15461	0.04294	0.07514	0.01081	0.01232	0.00824	0.00567	0.00525	0.00162	0.04385	0.00421	0.01455	0.02487
10	0.84927	0.01038	0.00789	0.00706	0.01038	0.01204	0.00581	0.01578	0.00914	0.02408	0.00747	0.00872	0.00581	0.00498	0.00332	0.00166	0.00415	0.00291	0.00332	0.00581
11	0.00660	0.00470	0.00621	0.00740	0.00769	0.00440	0.00490	0.00749	0.01016	0.01354	0.02898	0.77073	0.03473	0.05498	0.00783	0.00233	0.00321	0.01490	0.00490	0.00431
12	0.00763	0.00613	0.00784	0.00864	0.07822	0.00556	0.00573	0.00977	0.01377	0.01843	0.42525	0.04213	0.32823	0.01142	0.00624	0.00173	0.00296	0.00989	0.00525	0.00517
13	0.03104	0.51798	0.12261	0.01213	0.04387	0.07156	0.05751	0.06058	0.01223	0.01516	0.00842	0.00982	0.00713	0.00484	0.00411	0.00133	0.00650	0.00345	0.00257	0.00717
14	0.00634	0.00544	0.00544	0.00544	0.00725	0.00453	0.00408	0.00770	0.01224	0.01450	0.05438	0.05166	0.77569	0.01359	0.00634	0.00181	0.00272	0.01133	0.00498	0.00453
15	0.00654	0.00467	0.00623	0.00747	0.00779	0.00436	0.00498	0.00747	0.01028	0.01370	0.02959	0.80785	0.03550	0.01682	0.00685	0.00218	0.00311	0.01526	0.00498	0.00436
16	0.01116	0.06192	0.06588	0.38533	0.06983	0.01253	0.21132	0.02580	0.01156	0.01527	0.01134	0.07288	0.00959	0.00592	0.00560	0.00177	0.00725	0.00580	0.00271	0.00654
17	0.02121	0.01258	0.01385	0.01089	0.01484	0.06037	0.00888	0.32877	0.06102	0.35504	0.01685	0.01567	0.01136	0.00651	0.00530	0.00162	0.00535	0.00507	0.03607	0.00877
18	0.02006	0.02539	0.01523	0.01380	0.01660	0.77533	0.01037	0.03526	0.01540	0.01352	0.00838	0.00974	0.00696	0.00555	0.00485	0.00139	0.00961	0.00348	0.00281	0.00628
19	0.01305	0.01246	0.02123	0.05661	0.73210	0.01254	0.01620	0.01623	0.01218	0.01737	0.01061	0.01469	0.00911	0.00509	0.00538	0.00163	0.00636	0.02613	0.00271	0.00832
20	0.01132	0.02470	0.65646	0.01564	0.06888	0.01185	0.01823	0.01696	0.01179	0.05083	0.05538	0.01346	0.00978	0.00549	0.00520	0.00169	0.00737	0.00442	0.00270	0.00785
21	0.00656	0.00472	0.00618	0.00734	0.00772	0.00439	0.00490	0.00749	0.01032	0.01367	0.03050	0.75473	0.07071	0.03393	0.00727	0.00223	0.00314	0.01491	0.00495	0.00434
22	0.00781	0.00520	0.00585	0.00585	0.00585	0.00520	0.00325	0.00781	0.00781	0.01041	0.01691	0.03513	0.01952	0.81135	0.02732	0.00520	0.00520	0.00781	0.00325	0.00325
23	0.01185	0.01301	0.02759	0.05174	0.03926	0.01236	0.61464	0.01595	0.01252	0.01703	0.05697	0.05638	0.01214	0.00642	0.02504	0.00198	0.00837	0.00688	0.00301	0.00688
24	0.84927	0.01038	0.00789	0.00706	0.01038	0.01204	0.00581	0.01578	0.00914	0.02408	0.00747	0.00872	0.00581	0.00498	0.00332	0.00166	0.00415	0.00291	0.00332	0.00581
25	0.01185	0.06118	0.01921	0.35605	0.33567	0.01331	0.01487	0.01491	0.01109	0.01513	0.00938	0.01327	0.00768	0.00549	0.00649	0.00173	0.08852	0.00465	0.00249	0.00705
26	0.16878	0.08666	0.02799	0.08145	0.06055	0.01183	0.00926	0.02117	0.12100	0.29770	0.01491	0.01479	0.01052	0.00612	0.00542	0.00168	0.04324	0.00465	0.00456	0.00773
27	0.01359	0.01333	0.02149	0.03209	0.74358	0.04775	0.01620	0.01670	0.01236	0.01734	0.01002	0.01312	0.00843	0.00482	0.00529	0.00158	0.00653	0.00472	0.00266	0.00840
28	0.52638	0.14249	0.01274	0.07413	0.01381	0.02949	0.00757	0.04829	0.01085	0.07980	0.00895	0.01010	0.00684	0.00515	0.00379	0.00158	0.00488	0.00334	0.00341	0.00641
29	0.00781	0.00520	0.00585	0.00585	0.00585	0.00520	0.00325	0.00781	0.00781	0.01041	0.01691	0.03513	0.01952	0.81135	0.02732	0.00520	0.00520	0.00781	0.00325	0.00325
30	0.01509	0.68472	0.02604	0.00995	0.01418	0.12868	0.00941	0.01675	0.01144	0.01271	0.00757	0.00884	0.00690	0.00484	0.00398	0.00121	0.02556	0.00300	0.00236	0.00677
31	0.00743	0.00543	0.00698	0.00669	0.00794	0.00498	0.00498	0.00977	0.01466	0.02048	0.67154	0.08640	0.10958	0.01154	0.00636	0.00173	0.00258	0.01017	0.00578	0.00498
32	0.12751	0.04102	0.36135	0.01411	0.02007	0.01279	0.12758	0.10802	0.01338	0.10814	0.01120	0.01237	0.00790	0.00532	0.00507	0.00168	0.00690	0.00442	0.00336	0.00780
33	0.08811	0.01409	0.04618	0.07037	0.47990	0.08817	0.03660	0.01777	0.07485	0.01785	0.01064	0.01311	0.00861	0.00512	0.00513	0.00162	0.00650	0.00461	0.00293	0.00784
34	0.05321	0.00955	0.01252	0.00964	0.01377	0.00858	0.00796	0.07146	0.01576	0.70810	0.02017	0.01760	0.01276	0.00657	0.00532	0.00166	0.00464	0.00527	0.00645	0.00902
35	0.00654	0.00467	0.00623	0.00747	0.00779	0.00436	0.00498	0.00747	0.01028	0.01370	0.02959	0.80785	0.03550	0.01682	0.00685	0.00218	0.00311	0.01526	0.00498	0.00436
36	0.01774	0.01235	0.03227	0.01121	0.01480	0.01271	0.02906	0.44528	0.03760	0.13968	0.01673	0.10640	0.01390	0.04309	0.00655	0.00187	0.00537	0.02413	0.02120	0.00806
37	0.02337	0.01028	0.01316	0.01009	0.01427	0.00958	0.00834	0.16795	0.01727	0.63710	0.01958	0.01723	0.01248	0.00661	0.00539	0.00165	0.00483	0.00529	0.00640	0.00913
38	0.01409	0.02790	0.03732	0.04384	0.28325	0.06033	0.01205	0.07541	0.34614	0.02038	0.01529	0.01590	0.01181	0.00607	0.00532	0.00168	0.00566	0.00522	0.00407	0.00828
39	0.01865	0.01355	0.01446	0.01134	0.01517	0.01497	0.00928	0.61987	0.07022	0.03138	0.01403	0.01423	0.01017	0.00647	0.00517	0.00158	0.00537	0.00493	0.11057	0.00857
40	0.00719	0.00524	0.00677	0.00688	0.00790	0.00482	0.00497	0.00916	0.01351	0.01869	0.50125	0.27349	0.09426	0.01292	0.00649	0.00185	0.00272	0.01150	0.00557	0.00482
41	0.01078	0.00975	0.01578	0.70433	0.03414	0.01205	0.01418	0.05990	0.01145	0.01479	0.00969	0.01424	0.00735	0.00600	0.00619	0.03232	0.02370	0.00477	0.00257	0.00603
42	0.01354	0.57779	0.23984	0.01091	0.01643	0.01851	0.01215	0.01653	0.01111	0.02909	0.00834	0.00957	0.00699	0.00478	0.00395	0.00131	0.00633	0.00323	0.00237	0.00723
43	0.00781	0.00520	0.00585	0.00585	0.00585	0.00520	0.00325	0.00781	0.00781	0.01041	0.01691	0.03513	0.01952	0.81135	0.02732	0.00520	0.00520	0.00781	0.00325	0.00325
44	0.01248	0.40399	0.42233	0.01238	0.01871	0.01666	0.01474	0.01656	0.01113	0.01491	0.00860	0.01003	0.00684	0.00486	0.00431	0.00144	0.00688	0.00344	0.00228	0.00743
45	0.16747	0.01345	0.10080	0.03971	0.38095	0.01227	0.01315	0.03573	0.08654	0.06468	0.02806	0.01379	0.00978	0.00540	0.00497	0.00165	0.00575	0.00462	0.00338	0.00786
46	0.09228	0.01006	0.03041	0.00967	0.01378	0.00902	0.00813	0.05482	0.05961	0.62491	0.01946	0.01719	0.01252	0.00650	0.00522	0.00167	0.00465	0.00517	0.00614	0.00879
47	0.00646	0.00537	0.00565	0.00573	0.00736	0.00456	0.00424	0.00787	0.01227	0.01496	0.10716	0.12332	0.64918	0.01370	0.00639	0.00184	0.00274	0.01158	0.00506	0.00456
48	0.02041	0.01504	0.01611	0.01235	0.01665	0.01665	0.01020	0.75997	0.02524	0.03383	0.01289	0.01289	0.00913	0.00644	0.00537	0.00161	0.00591	0.00483	0.00537	0.00913
49	0.00906	0.00678	0.00966	0.10549	0.01430	0.00709	0.00934	0.02925	0.01247	0.01617	0.02638	0.05359	0.04530	0.01345	0.00709	0.00235	0.00518	0.61727	0.00464	0.00516
50	0.00735	0.00548	0.00683	0.00649	0.00787	0.00496	0.00487	0.00964	0.01460	0.02012	0.63046	0.04242	0.19611	0.01150	0.00633	0.00171	0.00257	0.01003	0.00572	0.00496
51	0.01949	0.01393	0.01514	0.01181	0.01594	0.01523	0.00968	0.58064	0.12524	0.09244	0.01469	0.01425	0.01042	0.00651	0.00535	0.00162	0.00552	0.00500	0.00543	0.03168
52	0.00916	0.00802	0.01073	0.01012	0.01087	0.04057	0.00800	0.01079	0.00883	0.01261	0.01288	0.04707	0.01247	0.04577	0.51884	0.00644	0.21315	0.00578	0.00282	0.00508
53	0.84927	0.01038	0.00789	0.00706	0.01038	0.01204	0.00581	0.01578	0.00914	0.02408	0.00747	0.00872	0.00581	0.00498	0.00332	0.00166	0.00415	0.00291	0.00332	0.00581
54	0.00799	0.00530	0.00634	0.00634	0.00665	0.00549	0.00401	0.00863	0.00831	0.01176	0.01645	0.03080	0.01771	0.57593	0.18046	0.00552	0.00681	0.00711	0.08466	0.00374
55	0.02795	0.30135	0.26387	0.01209	0.01709	0.13715	0.01266	0.04628	0.01238	0.04558	0.02727	0.01125	0.00833	0.00595	0.01696	0.00158	0.03856	0.00377	0.00276	0.00716
56	0.01876	0.03205	0.02822	0.01177	0.03361	0.04440	0.00944	0.28549	0.23814	0.21460	0.01713	0.01606	0.01208	0.00659	0.00533	0.00167	0.00528	0.00522	0.00542	0.00874
57	0.00680	0.00539	0.00613	0.00635	0.00769	0.00480	0.00460	0.00860	0.03035	0.01580	0.18193	0.24561	0.42923	0.01379	0.00645	0.00189	0.00282	0.01192	0.00517	0.00468
58	0.01130	0.11319	0.64808	0.01545	0.05825	0.01353	0.01833	0.01679	0.01126	0.01646	0.00936	0.01114	0.00690	0.00512	0.00519	0.00165	0.02401	0.00390	0.00229	0.00780
59	0.01351	0.50036	0.25264	0.01257	0.06419	0.02948	0.01281	0.01668	0.01128	0.03096	0.00859	0.00994	0.00710	0.00481	0.00412	0.00136	0.00647	0.00338	0.00241	0.00734
60	0.00781	0.00520	0.00585	0.00585	0.00585	0.00520	0.00325	0.00781	0.00781	0.01041	0.01691	0.03513	0.01952	0.81135	0.02732	0.00520	0.00520	0.00781	0.00325	0.00325
61	0.00767	0.00575	0.00863	0.00863	0.00959	0.00671	0.00671	0.00959	0.00863	0.01246	0.01438	0.02109	0.01342	0.04026	0.79008	0.00863	0.01438	0.00575	0.00288	0.00479
62	0.01907	0.01335	0.06213	0.03638	0.01621	0.01309	0.00993	0.43639	0.03813	0.20741	0.05196	0.04386	0.01301	0.00698	0.00546	0.00166	0.00546	0.00554	0.00540	0.00858
63	0.01404	0.06469	0.13771	0.05982	0.36823	0.01322	0.04069	0.09489	0.05779	0.06401	0.01234	0.01416	0.02345	0.00544	0.00524	0.00162	0.00636	0.00483	0.00329	0.00817
64	0.01756	0.01267	0.01255	0.01021	0.01349	0.10003	0.00820	0.36659	0.01914	0.12772	0.06414	0.01841	0.05895	0.00705	0.00517	0.00155	0.00521	0.00547	0.13826	0.00761
65	0.02074	0.01498	0.01572	0.01215	0.01636	0.05295	0.00999	0.65409	0.02381	0.10457	0.01346	0.01325	0.00942	0.00642	0.00535	0.00160	0.00596	0.00482	0.00537	0.00899
66	0.01399	0.01157	0.01236	0.01085	0.01393	0.01317	0.00854	0.14266	0.58478	0.02406	0.07077	0.02108	0.01782	0.00755	0.00555	0.00179	0.00441	0.02136	0.00547	0.00829
67	0.01119	0.00996	0.01727	0.68276	0.03480	0.01183	0.08070	0.01476	0.01118	0.05938	0.01035	0.01456	0.00761	0.00537	0.00545	0.00178	0.00717	0.00495	0.00267	0.00626
68	0.09047	0.22965	0.10237	0.05807	0.03296	0.08506	0.05764	0.07055	0.01256	0.06432	0.01254	0.12194	0.01147	0.00677	0.00483	0.00157	0.00605	0.00545	0.00336	0.02238
69	0.01075	0.00782	0.00939	0.00865	0.01049	0.00808	0.00664	0.17099	0.06253	0.03406	0.29563	0.20671	0.04333	0.01297	0.05252	0.00224	0.00433	0.04152	0.00533	0.00602
70	0.00799	0.00560	0.00691	0.00659	0.00808	0.00502	0.00494	0.01009	0.01412	0.05570	0.50231	0.08988	0.23919	0.01182	0.00632	0.00175	0.00272	0.01027	0.00564	0.00508
71	0.48327	0.06025	0.07492	0.02565	0.03165	0.05868	0.00852	0.09530	0.01214	0.09217	0.00963	0.01052	0.00715	0.00531	0.00406	0.00161	0.00522	0.00354	0.00363	0.00679
72	0.04874	0.07392	0.09086	0.13144	0.16545	0.22036	0.01276	0.10070	0.01367	0.01714	0.00953	0.01193	0.00767	0.00669	0.03238	0.00182	0.04076	0.00417	0.00291	0.00708
73	0.00743	0.00538	0.00702	0.00683	0.00797	0.00496	0.00504	0.00973	0.01448	0.02035	0.66211	0.14324	0.06167	0.01180	0.00640	0.00176	0.00261	0.01048	0.00577	0.00496
74	0.01322	0.01312	0.02255	0.06800	0.63289	0.03163	0.10624	0.01655	0.01228	0.01721	0.01012	0.01339	0.00836	0.00480	0.00543	0.00162	0.00682	0.00494	0.00265	0.00817
75	0.00659	0.00545	0.00578	0.00570	0.00740	0.00464	0.00427	0.00818	0.01282	0.01588	0.19588	0.04939	0.63332	0.01308	0.00634	0.00179	0.00268	0.01101	0.00517	0.00464
76	0.01113	0.00954	0.01113	0.00795	0.01272	0.00716	0.00636	0.01352	0.01113	0.01749	0.00954	0.01113	0.00795	0.00398	0.00398	0.00080	0.00398	0.00318	0.00318	0.84417
77	0.00746	0.00526	0.00688	0.00701	0.00801	0.00485	0.00505	0.00939	0.01338	0.03096	0.47907	0.30867	0.06779	0.01303	0.00650	0.00186	0.00278	0.01163	0.00557	0.00487
78	0.00653	0.00470	0.00620	0.00740	0.00777	0.00437	0.00495	0.00748	0.01035	0.01373	0.03047	0.78095	0.06183	0.01670	0.00683	0.00217	0.00310	0.01512	0.00498	0.00437
79	0.00807	0.00521	0.00591	0.00591	0.00611	0.00526	0.00351	0.00848	0.00827	0.01169	0.01685	0.03251	0.01848	0.67088	0.06681	0.00491	0.00539	0.00735	0.10487	0.00355
80	0.00652	0.00543	0.00569	0.00565	0.00736	0.00460	0.00423	0.00803	0.01260	0.01543	0.15099	0.06370	0.66473	0.01330	0.00635	0.00180	0.00270	0.01118	0.00511	0.00460
81	0.01267	0.01448	0.03167	0.02262	0.02805	0.01357	0.75837	0.01719	0.01267	0.01719	0.01086	0.01448	0.00814	0.00452	0.00633	0.00181	0.00905	0.00633	0.00271	0.00724

[dist]
# distance from previous block
# <min> <max>
3	19

[block]
# block no. 4 follows, 45 sequences, length 28
# corresponding to MSA columns:
# 638-665
name=unknown_E
#
# <colnr> <probs for GDERKNQSTAVLIFYWHMCP>
#	G	D	E	R	K	N	Q	S	T	A	V	L	I	F	Y	W	H	M	C	P
0	0.01558	0.01077	0.01260	0.01140	0.05145	0.01145	0.00863	0.23981	0.21294	0.13780	0.08977	0.07894	0.03884	0.00841	0.00573	0.00177	0.00465	0.04614	0.00544	0.00787
1	0.13609	0.00689	0.00784	0.00717	0.00914	0.00678	0.00551	0.01321	0.05631	0.09613	0.42244	0.05808	0.11996	0.02396	0.00612	0.00178	0.00316	0.00838	0.00539	0.00566
2	0.01255	0.01202	0.01178	0.00894	0.01335	0.12519	0.00704	0.01522	0.03774	0.01701	0.00978	0.01122	0.00808	0.00432	0.00416	0.00092	0.00484	0.00332	0.00320	0.68933
3	0.01041	0.00762	0.01162	0.00996	0.01225	0.00688	0.11890	0.01267	0.03256	0.10294	0.06773	0.35495	0.04848	0.05434	0.00724	0.00199	0.00439	0.01002	0.00456	0.12053
