[name]
unknown

[dist]
# distance from previous block
# <min> <max>
19	60

[block]
# block no. 0 follows, 41 sequences, length 7
# corresponding to MSA columns:
# 124-127,131-133
name=unknown_A
#
# <colnr> <probs for GDERKNQSTAVLIFYWHMCP>
#	G	D	E	R	K	N	Q	S	T	A	V	L	I	F	Y	W	H	M	C	P
0	0.01125	0.01002	0.01336	0.06531	0.01547	0.00967	0.04699	0.01402	0.03650	0.01707	0.03355	0.05215	0.04440	0.04509	0.02821	0.00185	0.12560	0.00548	0.00349	0.42052
1	0.00942	0.00623	0.00828	0.00810	0.00921	0.00575	0.03103	0.01050	0.01101	0.07632	0.04878	0.37985	0.06339	0.24827	0.01346	0.00311	0.00434	0.01166	0.00476	0.04654
2	0.04306	0.03510	0.01747	0.09366	0.14329	0.02847	0.07358	0.11803	0.13598	0.05864	0.01376	0.01528	0.01053	0.00597	0.00566	0.00164	0.02314	0.00509	0.03767	0.13396
3	0.01332	0.01277	0.01327	0.18147	0.03756	0.14207	0.00964	0.06524	0.08393	0.01725	0.01529	0.04096	0.04429	0.12569	0.00894	0.00217	0.00637	0.00574	0.00365	0.17038
4	0.01538	0.01198	0.01331	0.03693	0.01506	0.05197	0.00882	0.21911	0.07479	0.07507	0.01577	0.10063	0.01373	0.02891	0.06495	0.00229	0.04551	0.00617	0.00458	0.19502
5	0.03483	0.01232	0.01752	0.35724	0.17903	0.04070	0.01399	0.10027	0.04400	0.05856	0.01169	0.01473	0.00890	0.00596	0.00604	0.00179	0.03533	0.00500	0.00342	0.04870
6	0.01450	0.03290	0.01433	0.05170	0.06629	0.28860	0.02477	0.03423	0.01390	0.01625	0.09042	0.11006	0.03982	0.03573	0.02377	0.00198	0.05584	0.00663	0.00370	0.07460

[dist]
# distance from previous block
# <min> <max>
22	40

[block]
# block no. 1 follows, 41 sequences, length 29
# corresponding to MSA columns:
# 189-217
name=unknown_B
#
# <colnr> <probs for GDERKNQSTAVLIFYWHMCP>
#	G	D	E	R	K	N	Q	S	T	A	V	L	I	F	Y	W	H	M	C	P
0	0.00718	0.00541	0.00673	0.00750	0.00841	0.00484	0.00517	0.00841	0.01165	0.01531	0.06777	0.57461	0.18826	0.01635	0.00703	0.00216	0.00324	0.01458	0.00527	0.04011
1	0.01186	0.01017	0.01186	0.00847	0.01356	0.00762	0.00678	0.01440	0.01186	0.01864	0.01017	0.01186	0.00847	0.00424	0.00424	0.00085	0.00424	0.00339	0.00339	0.83395
2	0.03912	0.00658	0.00742	0.00676	0.00890	0.00621	0.00530	0.01578	0.01320	0.18107	0.05409	0.02713	0.10925	0.00821	0.00495	0.00158	0.00332	0.03201	0.46287	0.00624
3	0.01124	0.00649	0.00853	0.00777	0.00963	0.00587	0.00591	0.01363	0.01559	0.16198	0.52095	0.11009	0.07661	0.01154	0.00661	0.00185	0.00317	0.01012	0.00631	0.00612
4	0.01080	0.01017	0.01716	0.78523	0.03940	0.01271	0.01589	0.01461	0.01144	0.01461	0.01017	0.01525	0.00762	0.00572	0.00572	0.00191	0.00762	0.00508	0.00254	0.00635
5	0.01545	0.01161	0.01236	0.01070	0.01391	0.01297	0.00844	0.16749	0.43751	0.05897	0.02145	0.02057	0.03326	0.00754	0.00552	0.00179	0.00455	0.00612	0.14130	0.00850
6	0.00819	0.00605	0.00882	0.00882	0.00971	0.00695	0.00669	0.00997	0.00908	0.01300	0.01566	0.02436	0.01512	0.13827	0.68206	0.00873	0.01409	0.00640	0.00311	0.00490
7	0.01159	0.05240	0.74751	0.01611	0.02446	0.01356	0.02080	0.01809	0.01206	0.01798	0.01020	0.01199	0.00725	0.00542	0.00538	0.00179	0.00838	0.00419	0.00242	0.00842
8	0.12320	0.02334	0.01489	0.01337	0.01652	0.59291	0.01017	0.02278	0.04661	0.07068	0.01034	0.01132	0.00814	0.00599	0.00503	0.00155	0.00894	0.00388	0.00344	0.00691
9	0.04888	0.57937	0.06081	0.05690	0.01670	0.07555	0.01054	0.01812	0.01220	0.06273	0.00920	0.01043	0.00775	0.00520	0.00411	0.00137	0.00648	0.00346	0.00283	0.00739
10	0.00854	0.00618	0.00777	0.00851	0.00934	0.00605	0.00595	0.08419	0.01271	0.01690	0.03034	0.67790	0.05353	0.01664	0.00714	0.00226	0.00366	0.03185	0.00535	0.00519
11	0.12266	0.01083	0.01314	0.01028	0.01451	0.01045	0.00846	0.13589	0.03649	0.52800	0.03749	0.01798	0.01358	0.00696	0.00551	0.00177	0.00497	0.00547	0.00639	0.00918
12	0.01139	0.01066	0.01820	0.67069	0.03685	0.01279	0.07711	0.03899	0.01214	0.01585	0.01067	0.01540	0.00800	0.00571	0.00575	0.00188	0.00760	0.00523	0.02853	0.00655
13	0.00715	0.00510	0.00676	0.00795	0.00834	0.00479	0.00537	0.00824	0.01115	0.01491	0.06355	0.70404	0.03766	0.05064	0.00822	0.00245	0.00345	0.04030	0.00527	0.00465
14	0.03350	0.06955	0.11458	0.01230	0.01679	0.01532	0.01106	0.26676	0.29678	0.04947	0.01818	0.01760	0.03835	0.00712	0.00557	0.00179	0.00570	0.00560	0.00508	0.00890
15	0.00728	0.00521	0.00694	0.00793	0.00850	0.00487	0.00550	0.00867	0.01204	0.01629	0.16901	0.62053	0.04066	0.01665	0.00722	0.00224	0.00329	0.04685	0.00549	0.00482
16	0.01103	0.00772	0.00928	0.00827	0.01033	0.00763	0.00635	0.08980	0.08435	0.06816	0.49789	0.03718	0.09788	0.03001	0.00704	0.00190	0.00346	0.00926	0.00609	0.00635
17	0.83938	0.01106	0.00841	0.00752	0.01106	0.01283	0.00619	0.01681	0.00973	0.02566	0.00796	0.00929	0.00619	0.00531	0.00354	0.00177	0.00442	0.00310	0.00354	0.00619
18	0.10276	0.03312	0.03982	0.01069	0.01489	0.03238	0.00902	0.14097	0.11128	0.37720	0.02031	0.01872	0.04883	0.00717	0.00550	0.00177	0.00522	0.00561	0.00586	0.00886
19	0.01092	0.00648	0.00849	0.00762	0.00950	0.00587	0.00584	0.01348	0.01608	0.14482	0.60772	0.03946	0.07907	0.01106	0.00658	0.00180	0.00306	0.00967	0.00638	0.00608
20	0.14588	0.34515	0.02069	0.13731	0.01857	0.03709	0.01021	0.09717	0.01366	0.11043	0.01076	0.01198	0.00830	0.00560	0.00450	0.00155	0.00608	0.00397	0.00357	0.00753
21	0.00871	0.00651	0.00848	0.13461	0.01227	0.00702	0.00605	0.00961	0.00953	0.01267	0.05171	0.09129	0.04114	0.52669	0.02166	0.00434	0.03138	0.00847	0.00360	0.00425
22	0.01332	0.24510	0.31945	0.06978	0.02377	0.01633	0.17372	0.04349	0.01274	0.01723	0.01001	0.01226	0.00770	0.00522	0.00525	0.00167	0.00791	0.00453	0.00265	0.00787
23	0.01350	0.01543	0.03375	0.02411	0.02989	0.01446	0.74253	0.01832	0.01350	0.01832	0.01157	0.01543	0.00868	0.00482	0.00675	0.00193	0.00964	0.00675	0.00289	0.00771
24	0.02554	0.00994	0.01340	0.01027	0.01470	0.00871	0.00849	0.05118	0.01671	0.74347	0.02228	0.01928	0.01401	0.00707	0.00575	0.00177	0.00491	0.00573	0.00704	0.00973
25	0.00735	0.00533	0.00693	0.00756	0.00835	0.00492	0.00528	0.00896	0.01290	0.01755	0.28640	0.48725	0.08889	0.01554	0.00707	0.00212	0.00308	0.01394	0.00565	0.00492
26	0.01535	0.01114	0.01231	0.01084	0.01408	0.01225	0.00849	0.02765	0.54837	0.14556	0.07696	0.02398	0.05099	0.00821	0.00591	0.00190	0.00438	0.00686	0.00604	0.00873
27	0.02566	0.00973	0.01327	0.01018	0.01460	0.00841	0.00841	0.02788	0.01637	0.76726	0.02257	0.01947	0.01416	0.00708	0.00575	0.00177	0.00487	0.00575	0.00708	0.00973
28	0.02548	0.01003	0.01346	0.01032	0.01475	0.00885	0.00852	0.06199	0.01687	0.73244	0.02215	0.01920	0.01395	0.00707	0.00575	0.00177	0.00494	0.00572	0.00701	0.00973

[dist]
# distance from previous block
# <min> <max>
0	1

[block]
# block no. 2 follows, 41 sequences, length 28
# corresponding to MSA columns:
# 219-246
name=unknown_C
#
# <colnr> <probs for GDERKNQSTAVLIFYWHMCP>
#	G	D	E	R	K	N	Q	S	T	A	V	L	I	F	Y	W	H	M	C	P
0	0.02566	0.00973	0.01327	0.01018	0.01460	0.00841	0.00841	0.02788	0.01637	0.76726	0.02257	0.01947	0.01416	0.00708	0.00575	0.00177	0.00487	0.00575	0.00708	0.00973
1	0.02447	0.00970	0.01306	0.01009	0.01433	0.00853	0.00830	0.05010	0.01670	0.69825	0.06714	0.02070	0.01644	0.00735	0.00581	0.00177	0.00478	0.00601	0.00699	0.00947
2	0.01529	0.80242	0.02997	0.00979	0.01468	0.02263	0.00979	0.01713	0.01162	0.01346	0.00795	0.00918	0.00734	0.00489	0.00367	0.00122	0.00612	0.00306	0.00245	0.00734
3	0.83938	0.01106	0.00841	0.00752	0.01106	0.01283	0.00619	0.01681	0.00973	0.02566	0.00796	0.00929	0.00619	0.00531	0.00354	0.00177	0.00442	0.00310	0.00354	0.00619
4	0.83938	0.01106	0.00841	0.00752	0.01106	0.01283	0.00619	0.01681	0.00973	0.02566	0.00796	0.00929	0.00619	0.00531	0.00354	0.00177	0.00442	0.00310	0.00354	0.00619
5	0.03123	0.02172	0.38677	0.07980	0.05078	0.07425	0.09862	0.01992	0.01327	0.15108	0.01245	0.01391	0.00873	0.00570	0.00561	0.00179	0.00789	0.00482	0.00339	0.00826
6	0.02242	0.00991	0.01313	0.04705	0.01546	0.00925	0.00868	0.04662	0.09084	0.58192	0.07500	0.02097	0.01693	0.00741	0.00583	0.00179	0.00485	0.00611	0.00664	0.00919
7	0.02566	0.00973	0.01327	0.01018	0.01460	0.00841	0.00841	0.02788	0.01637	0.76726	0.02257	0.01947	0.01416	0.00708	0.00575	0.00177	0.00487	0.00575	0.00708	0.00973
8	0.05859	0.23830	0.24201	0.01342	0.04918	0.06439	0.01323	0.07256	0.07998	0.09906	0.01217	0.01284	0.00914	0.00578	0.00493	0.00162	0.00675	0.00428	0.00358	0.00822
9	0.01479	0.17994	0.48578	0.01390	0.02092	0.01427	0.01658	0.01968	0.01276	0.15223	0.01202	0.01283	0.00851	0.00562	0.00514	0.00169	0.00734	0.00427	0.00326	0.00846
10	0.01231	0.01221	0.01712	0.01474	0.01479	0.01703	0.01226	0.01360	0.00878	0.01374	0.00788	0.01299	0.00783	0.01158	0.05479	0.00282	0.75175	0.00506	0.00253	0.00620
11	0.00706	0.00546	0.00647	0.00708	0.00822	0.00487	0.00507	0.00846	0.01236	0.01574	0.10144	0.38788	0.34787	0.01586	0.00705	0.00213	0.00317	0.04361	0.00539	0.00481
12	0.05764	0.27158	0.04631	0.09757	0.01738	0.03475	0.01006	0.08941	0.01445	0.20534	0.04367	0.06215	0.01294	0.00685	0.00506	0.00163	0.00580	0.00531	0.00432	0.00778
13	0.02201	0.01459	0.10012	0.01224	0.01702	0.01303	0.01098	0.31319	0.01982	0.36217	0.01709	0.01608	0.01136	0.00692	0.00619	0.00178	0.03481	0.00531	0.00584	0.00946
14	0.69282	0.01299	0.02939	0.00855	0.01212	0.08306	0.00713	0.03593	0.01105	0.02456	0.03385	0.01071	0.00805	0.00562	0.00390	0.00174	0.00506	0.00348	0.00361	0.00636
15	0.01269	0.00864	0.01139	0.01129	0.05778	0.00851	0.02578	0.11206	0.03305	0.10916	0.16817	0.09256	0.11879	0.01167	0.00674	0.00205	0.00462	0.19277	0.00555	0.00670
16	0.04516	0.19488	0.10024	0.01132	0.01653	0.04465	0.05440	0.07718	0.01364	0.08063	0.01094	0.01211	0.00854	0.00511	0.00465	0.00131	0.00593	0.00395	0.00352	0.30531
17	0.02109	0.01093	0.01279	0.01041	0.01415	0.05598	0.00837	0.04895	0.13997	0.47727	0.11683	0.02204	0.01930	0.00771	0.00585	0.00178	0.00491	0.00632	0.00647	0.00887
18	0.00922	0.00658	0.00922	0.01053	0.01185	0.00658	0.00922	0.01185	0.01317	0.01712	0.03029	0.06452	0.03292	0.01580	0.00790	0.00263	0.00527	0.72480	0.00527	0.00527
19	0.00805	0.00584	0.00758	0.00715	0.00852	0.00538	0.00536	0.01071	0.01608	0.02268	0.73627	0.04315	0.07814	0.01179	0.00675	0.00180	0.00271	0.01040	0.00626	0.00538
20	0.00855	0.00603	0.00759	0.00724	0.00882	0.00547	0.00554	0.01098	0.01538	0.04859	0.54647	0.04571	0.19192	0.01234	0.00679	0.00188	0.00298	0.05623	0.00606	0.00544
21	0.01147	0.02959	0.76934	0.01630	0.02476	0.01328	0.02113	0.01811	0.01208	0.01811	0.01026	0.01208	0.00725	0.00543	0.00543	0.00181	0.00845	0.00423	0.00242	0.00845
22	0.01666	0.01174	0.01301	0.01133	0.01482	0.01299	0.00892	0.02986	0.59626	0.18206	0.02313	0.02094	0.01676	0.00762	0.00581	0.00190	0.00460	0.00631	0.00609	0.00920
23	0.00785	0.00559	0.00701	0.00707	0.00790	0.00525	0.00487	0.00948	0.01303	0.01797	0.39422	0.20297	0.07395	0.20295	0.01226	0.00282	0.00353	0.01120	0.00536	0.00475
24	0.00803	0.00549	0.00662	0.00689	0.00706	0.00553	0.00421	0.00844	0.00894	0.01202	0.02046	0.18798	0.02355	0.56465	0.10141	0.00527	0.00610	0.00969	0.00379	0.00387
25	0.01186	0.01017	0.01186	0.00847	0.01356	0.00762	0.00678	0.01440	0.01186	0.01864	0.01017	0.01186	0.00847	0.00424	0.00424	0.00085	0.00424	0.00339	0.00339	0.83395
26	0.64330	0.03429	0.04168	0.00846	0.01232	0.01273	0.00733	0.05082	0.01148	0.09816	0.02887	0.01145	0.00843	0.00571	0.00402	0.00175	0.00473	0.00368	0.00398	0.00681
27	0.12800	0.01189	0.01383	0.05757	0.01632	0.02694	0.03566	0.17041	0.01531	0.11161	0.01313	0.01422	0.02424	0.00653	0.02111	0.00161	0.02033	0.00450	0.00428	0.30252

[dist]
# distance from previous block
# <min> <max>
0	4

[block]
# block no. 3 follows, 41 sequences, length 34
# corresponding to MSA columns:
# 251-284
name=unknown_D
#
# <colnr> <probs for GDERKNQSTAVLIFYWHMCP>
#	G	D	E	R	K	N	Q	S	T	A	V	L	I	F	Y	W	H	M	C	P
0	0.07552	0.01209	0.01676	0.14403	0.13444	0.02778	0.01271	0.02827	0.06103	0.05628	0.01110	0.01523	0.00940	0.00849	0.02515	0.00224	0.32859	0.02057	0.00323	0.00709
1	0.17199	0.01313	0.01410	0.01115	0.01534	0.01410	0.00916	0.37497	0.06986	0.20978	0.01555	0.01497	0.01077	0.00669	0.00530	0.00175	0.00542	0.00501	0.02203	0.00895
2	0.01693	0.01168	0.01301	0.01129	0.01481	0.01285	0.00890	0.02980	0.57873	0.19975	0.02311	0.02090	0.01668	0.00760	0.00580	0.00190	0.00461	0.00630	0.00612	0.00921
3	0.01086	0.00738	0.00895	0.00803	0.01009	0.00705	0.00625	0.09967	0.01680	0.07883	0.46064	0.04059	0.17003	0.01143	0.00660	0.00184	0.00343	0.03931	0.00607	0.00614
4	0.02174	0.01602	0.01717	0.01316	0.01774	0.01774	0.01087	0.74423	0.02689	0.03605	0.01373	0.01373	0.00973	0.00687	0.00572	0.00172	0.00629	0.00515	0.00572	0.00973
5	0.01423	0.01229	0.01293	0.01164	0.01487	0.01423	0.00905	0.03039	0.75297	0.02393	0.02328	0.02134	0.01746	0.00776	0.00582	0.00194	0.00453	0.00647	0.00582	0.00905
6	0.01080	0.01017	0.01716	0.78523	0.03940	0.01271	0.01589	0.01461	0.01144	0.01461	0.01017	0.01525	0.00762	0.00572	0.00572	0.00191	0.00762	0.00508	0.00254	0.00635
7	0.00719	0.00515	0.00683	0.00781	0.00834	0.00479	0.00533	0.00852	0.01197	0.01623	0.17368	0.64845	0.04098	0.01671	0.00719	0.00222	0.00320	0.01511	0.00550	0.00479
8	0.00795	0.00560	0.00613	0.00613	0.00659	0.00538	0.00367	0.00829	0.00943	0.01212	0.02747	0.04160	0.19588	0.61342	0.02383	0.00469	0.00492	0.00921	0.00390	0.00379
9	0.00697	0.00498	0.00664	0.00796	0.00830	0.00465	0.00531	0.00796	0.01095	0.01460	0.03153	0.79525	0.03783	0.01792	0.00730	0.00232	0.00332	0.01626	0.00531	0.00465
10	0.01248	0.01155	0.01716	0.01228	0.01752	0.00948	0.18090	0.03215	0.01260	0.01896	0.01058	0.01275	0.00855	0.00444	0.00486	0.00112	0.00556	0.00422	0.00333	0.61952
11	0.02415	0.01050	0.01355	0.01057	0.01488	0.00976	0.00867	0.08533	0.09462	0.63076	0.02194	0.01921	0.01415	0.00713	0.00576	0.00178	0.00495	0.00578	0.00684	0.00966
12	0.01280	0.01357	0.07483	0.39784	0.23342	0.04472	0.03614	0.05465	0.01306	0.01730	0.01130	0.01638	0.00912	0.00597	0.00577	0.00184	0.00746	0.03346	0.00291	0.00744
13	0.01308	0.01764	0.23129	0.04662	0.50155	0.01313	0.01810	0.01736	0.01273	0.01835	0.01158	0.01612	0.00971	0.00574	0.00571	0.00178	0.00720	0.04084	0.00283	0.00864
14	0.00810	0.00585	0.00765	0.00720	0.00855	0.00540	0.00540	0.01079	0.01619	0.02294	0.76028	0.04273	0.05397	0.01169	0.00675	0.00180	0.00270	0.01034	0.00630	0.00540
15	0.01341	0.01294	0.03635	0.06069	0.60548	0.01278	0.01622	0.01733	0.04370	0.01867	0.02735	0.01959	0.01235	0.00634	0.00589	0.00181	0.00655	0.07080	0.00322	0.00852
16	0.05525	0.08072	0.67949	0.01540	0.02336	0.01389	0.01958	0.01798	0.01192	0.01820	0.00999	0.01173	0.00720	0.00539	0.00522	0.00177	0.00808	0.00409	0.00248	0.00826
17	0.01362	0.01305	0.02225	0.15420	0.64837	0.01345	0.01729	0.01709	0.01277	0.01804	0.01067	0.01433	0.00883	0.00520	0.00567	0.00173	0.00693	0.00509	0.00279	0.00863
18	0.02523	0.01001	0.01339	0.01031	0.01471	0.00887	0.00850	0.05127	0.03670	0.72328	0.02230	0.01933	0.01410	0.00709	0.00575	0.00177	0.00490	0.00575	0.00700	0.00972
19	0.06513	0.01296	0.01863	0.10219	0.19696	0.02667	0.09273	0.17982	0.03227	0.10411	0.03977	0.01738	0.01191	0.02268	0.00669	0.00190	0.03253	0.02327	0.00421	0.00820
20	0.01414	0.01338	0.02248	0.09945	0.67390	0.01366	0.01717	0.04318	0.01338	0.01895	0.01081	0.01424	0.00896	0.00521	0.00567	0.00172	0.00685	0.00510	0.00291	0.00885
21	0.00693	0.00514	0.00647	0.00754	0.00819	0.00468	0.00512	0.00801	0.01136	0.01477	0.03668	0.65086	0.17889	0.01725	0.00720	0.00225	0.00324	0.01544	0.00531	0.00468
22	0.01239	0.01292	0.07017	0.42908	0.31326	0.01321	0.01675	0.03388	0.01246	0.01693	0.01049	0.01458	0.00820	0.00549	0.00568	0.00182	0.00733	0.00503	0.00272	0.00761
23	0.01519	0.04229	0.01961	0.28059	0.28131	0.08707	0.01484	0.15411	0.01536	0.01996	0.01084	0.01390	0.00848	0.00571	0.00557	0.00173	0.00729	0.00489	0.00328	0.00798
24	0.01807	0.10602	0.01930	0.03244	0.01829	0.01611	0.09798	0.38394	0.10759	0.06428	0.01578	0.01629	0.03504	0.00801	0.03310	0.00199	0.00664	0.00554	0.00489	0.00872
25	0.00734	0.00525	0.00650	0.00729	0.00773	0.00497	0.00475	0.00814	0.01043	0.01372	0.03041	0.49105	0.11236	0.22825	0.03180	0.00331	0.00416	0.01342	0.00476	0.00436
26	0.23219	0.01230	0.01273	0.01096	0.03258	0.01338	0.00857	0.19432	0.22488	0.09330	0.01683	0.01646	0.03575	0.00675	0.00511	0.00174	0.00493	0.00514	0.00505	0.06701
27	0.01404	0.08585	0.22555	0.09364	0.13694	0.01285	0.05465	0.03631	0.04368	0.10656	0.02881	0.01530	0.01051	0.00825	0.05741	0.00220	0.00745	0.00500	0.00348	0.05151
28	0.01482	0.60580	0.18030	0.01137	0.01689	0.05840	0.01217	0.01761	0.01194	0.01444	0.00847	0.00982	0.00732	0.00505	0.00410	0.00136	0.00680	0.00333	0.00247	0.00753
29	0.00785	0.00580	0.00698	0.00743	0.00846	0.00542	0.00548	0.00927	0.01192	0.01537	0.10530	0.16254	0.24338	0.20347	0.01247	0.00300	0.00411	0.17220	0.00495	0.00463
30	0.00896	0.00646	0.00767	0.00783	0.00852	0.00657	0.00523	0.06583	0.03177	0.01516	0.02540	0.36077	0.06388	0.32401	0.01595	0.00352	0.02161	0.01155	0.00457	0.00474
31	0.01964	0.05521	0.03509	0.01271	0.01699	0.05086	0.02262	0.55475	0.05189	0.03072	0.01370	0.01520	0.01045	0.06005	0.00716	0.00194	0.00642	0.00522	0.00511	0.02429
32	0.34028	0.05686	0.11487	0.01206	0.05281	0.03995	0.01043	0.17488	0.05590	0.07540	0.01151	0.01224	0.00850	0.00590	0.00470	0.00173	0.00581	0.00417	0.00411	0.00787
33	0.05830	0.09897	0.01559	0.01202	0.01552	0.19525	0.00957	0.07821	0.38091	0.05177	0.01677	0.01622	0.01275	0.00680	0.00531	0.00172	0.00620	0.00516	0.00472	0.00823

[dist]
# distance from previous block
# <min> <max>
0	4

[block]
# block no. 4 follows, 41 sequences, length 42
# corresponding to MSA columns:
# 289-330
name=unknown_E
#
# <colnr> <probs for GDERKNQSTAVLIFYWHMCP>
#	G	D	E	R	K	N	Q	S	T	A	V	L	I	F	Y	W	H	M	C	P
0	0.04886	0.19457	0.01650	0.01071	0.01423	0.03503	0.00894	0.11129	0.25304	0.09358	0.03606	0.08260	0.01648	0.00813	0.00545	0.00178	0.00519	0.04467	0.00492	0.00798
1	0.09047	0.01511	0.01612	0.01245	0.01693	0.01659	0.01028	0.62643	0.02462	0.09329	0.01395	0.01382	0.00978	0.00675	0.00554	0.00173	0.00602	0.00503	0.00565	0.00943
2	0.01342	0.01787	0.20284	0.17313	0.24234	0.07726	0.04815	0.01936	0.11467	0.01806	0.01212	0.01459	0.00933	0.00572	0.00564	0.00179	0.00747	0.00502	0.00310	0.00811
3	0.02107	0.04279	0.01670	0.01406	0.01753	0.51838	0.01090	0.22502	0.04479	0.02051	0.01069	0.01163	0.00838	0.00621	0.00530	0.00155	0.00888	0.00418	0.00381	0.00760
4	0.00726	0.00584	0.00653	0.00676	0.00841	0.00511	0.00519	0.00897	0.01324	0.01647	0.13338	0.11680	0.52289	0.01462	0.00695	0.00204	0.00322	0.10597	0.00542	0.00494
5	0.00697	0.00498	0.00664	0.00796	0.00830	0.00465	0.00531	0.00796	0.01095	0.01460	0.03153	0.79525	0.03783	0.01792	0.00730	0.00232	0.00332	0.01626	0.00531	0.00465
6	0.02509	0.00998	0.01334	0.01030	0.01468	0.00885	0.00849	0.04297	0.04817	0.72009	0.02241	0.01943	0.01421	0.00710	0.00575	0.00178	0.00488	0.00577	0.00700	0.00970
7	0.00935	0.00688	0.00988	0.07535	0.01416	0.00710	0.00978	0.01208	0.01302	0.01691	0.02860	0.06040	0.03080	0.01496	0.00772	0.00257	0.00546	0.66458	0.00504	0.00536
8	0.01687	0.01170	0.01301	0.01130	0.01481	0.01288	0.00890	0.02981	0.58258	0.19587	0.02312	0.02091	0.01670	0.00760	0.00580	0.00190	0.00461	0.00630	0.00611	0.00921
9	0.00818	0.00549	0.00628	0.00641	0.00645	0.00545	0.00365	0.00828	0.00858	0.01145	0.01939	0.11427	0.02252	0.71979	0.02690	0.00522	0.00532	0.00912	0.00365	0.00359
10	0.01158	0.01096	0.01856	0.61172	0.20685	0.01291	0.01627	0.01529	0.01180	0.01556	0.01030	0.01500	0.00796	0.00557	0.00571	0.00186	0.00743	0.00509	0.00261	0.00698
11	0.01350	0.01543	0.03375	0.02411	0.02989	0.01446	0.74253	0.01832	0.01350	0.01832	0.01157	0.01543	0.00868	0.00482	0.00675	0.00193	0.00964	0.00675	0.00289	0.00771
12	0.00810	0.00585	0.00765	0.00720	0.00855	0.00540	0.00540	0.01079	0.01619	0.02294	0.76028	0.04273	0.05397	0.01169	0.00675	0.00180	0.00270	0.01034	0.00630	0.00540
13	0.00842	0.00621	0.00792	0.00752	0.00893	0.00591	0.00562	0.01187	0.06237	0.02254	0.67382	0.08266	0.05078	0.01179	0.00672	0.00184	0.00285	0.01042	0.00621	0.00559
14	0.00761	0.00550	0.00732	0.00841	0.00917	0.00520	0.00624	0.00919	0.01207	0.01598	0.09373	0.50416	0.08227	0.01666	0.00737	0.00233	0.00373	0.19280	0.00538	0.00488
15	0.01283	0.06062	0.15690	0.12163	0.02847	0.01468	0.43541	0.01744	0.01258	0.01724	0.01070	0.01430	0.00814	0.00538	0.00699	0.00190	0.05875	0.00578	0.00271	0.00755
16	0.01273	0.01448	0.06199	0.16155	0.08815	0.02733	0.40073	0.01677	0.01249	0.01698	0.01156	0.04715	0.00952	0.00612	0.00760	0.00197	0.08633	0.00636	0.00286	0.00732
17	0.00715	0.00525	0.00672	0.00781	0.00846	0.00486	0.00545	0.00833	0.01140	0.01487	0.03515	0.60507	0.14706	0.03416	0.00774	0.00236	0.00347	0.07474	0.00527	0.00470
18	0.01197	0.00734	0.00943	0.00876	0.00979	0.00774	0.00630	0.13840	0.05253	0.01575	0.01324	0.08214	0.01273	0.01716	0.03058	0.55705	0.00522	0.00605	0.00349	0.00435
19	0.02115	0.06765	0.01732	0.01392	0.01753	0.47445	0.01092	0.26853	0.01959	0.02149	0.01046	0.01142	0.00817	0.00617	0.00527	0.00154	0.00870	0.00415	0.00386	0.00773
20	0.00832	0.00556	0.00654	0.00658	0.00668	0.00564	0.00388	0.00844	0.00844	0.01134	0.01793	0.05796	0.02039	0.68625	0.09142	0.03304	0.00629	0.00826	0.00345	0.00361
21	0.01213	0.09280	0.35395	0.21460	0.09001	0.01417	0.10934	0.01711	0.01213	0.01687	0.01023	0.01322	0.00768	0.00535	0.00553	0.00179	0.00804	0.00473	0.00255	0.00777
22	0.00711	0.00508	0.00678	0.00801	0.00843	0.00475	0.00544	0.00825	0.01132	0.01516	0.07306	0.72825	0.03859	0.01749	0.00729	0.00230	0.00335	0.03926	0.00536	0.00471
23	0.01139	0.01297	0.18533	0.01031	0.01382	0.03891	0.02421	0.03214	0.01518	0.09058	0.40208	0.04821	0.07227	0.00961	0.00627	0.00181	0.00479	0.00826	0.00518	0.00666
24	0.00736	0.00548	0.00687	0.00732	0.00836	0.00499	0.00524	0.00907	0.01320	0.01763	0.28073	0.36932	0.19418	0.01506	0.00702	0.00207	0.00308	0.03242	0.00564	0.00495
25	0.00829	0.00560	0.00655	0.00660	0.00672	0.00568	0.00392	0.00854	0.00854	0.01146	0.01832	0.05259	0.02084	0.70426	0.09077	0.00573	0.00631	0.02209	0.00351	0.00366
26	0.05611	0.02785	0.03273	0.19797	0.02180	0.01300	0.06763	0.23218	0.04121	0.10984	0.01902	0.02006	0.10157	0.00813	0.02411	0.00199	0.00640	0.00608	0.00454	0.00778
27	0.01186	0.01017	0.01186	0.00847	0.01356	0.00762	0.00678	0.01440	0.01186	0.01864	0.01017	0.01186	0.00847	0.00424	0.00424	0.00085	0.00424	0.00339	0.00339	0.83395
28	0.83938	0.01106	0.00841	0.00752	0.01106	0.01283	0.00619	0.01681	0.00973	0.02566	0.00796	0.00929	0.00619	0.00531	0.00354	0.00177	0.00442	0.00310	0.00354	0.00619
29	0.01743	0.01374	0.07248	0.01179	0.01583	0.01345	0.01008	0.24857	0.28297	0.13906	0.09545	0.02019	0.01755	0.00761	0.00585	0.00182	0.00524	0.00618	0.00576	0.00894
30	0.04805	0.02398	0.55003	0.01575	0.03924	0.01241	0.07620	0.01741	0.02778	0.01919	0.10300	0.01624	0.01332	0.00619	0.00563	0.00182	0.00754	0.00520	0.00306	0.00794
31	0.01058	0.00992	0.01653	0.74202	0.03764	0.01227	0.01525	0.01426	0.01153	0.01466	0.01282	0.01746	0.04939	0.00620	0.00578	0.00191	0.00736	0.00547	0.00270	0.00627
32	0.01812	0.22141	0.08173	0.01521	0.07529	0.43443	0.01212	0.02024	0.01417	0.01455	0.00883	0.01056	0.00749	0.00571	0.00538	0.00150	0.03965	0.00373	0.00275	0.00713
33	0.00893	0.00631	0.00855	0.00964	0.01067	0.00629	0.00799	0.01101	0.01219	0.01592	0.02820	0.10027	0.03106	0.15366	0.01160	0.00313	0.00521	0.55951	0.00495	0.00492
34	0.10064	0.14507	0.27973	0.01662	0.06526	0.01452	0.18311	0.01884	0.01259	0.09534	0.01125	0.01298	0.00830	0.00534	0.00530	0.00173	0.00747	0.00471	0.00315	0.00804
35	0.01524	0.72930	0.07726	0.01031	0.01542	0.02188	0.01055	0.03874	0.01210	0.01443	0.00827	0.00950	0.00740	0.00499	0.00384	0.00128	0.00627	0.00320	0.00254	0.00748
36	0.00748	0.00536	0.00732	0.05217	0.00992	0.00528	0.00580	0.00843	0.01053	0.01404	0.02762	0.62391	0.03259	0.08650	0.03570	0.03968	0.00424	0.01409	0.00479	0.00456
37	0.13409	0.02036	0.35619	0.01404	0.02007	0.01352	0.06062	0.13329	0.07646	0.07239	0.01313	0.01514	0.00973	0.00625	0.00542	0.00183	0.00693	0.02839	0.00382	0.00831
38	0.01773	0.06248	0.01850	0.04641	0.22159	0.35757	0.01264	0.05768	0.11687	0.01773	0.01159	0.01316	0.00934	0.00592	0.00535	0.00161	0.00803	0.00454	0.00341	0.00781
39	0.01331	0.01095	0.01292	0.00940	0.01438	0.00903	0.02170	0.09428	0.03124	0.03608	0.01115	0.01252	0.00894	0.00468	0.00452	0.00101	0.00458	0.00377	0.00377	0.69179
40	0.01112	0.01230	0.08170	0.64734	0.03725	0.01293	0.08655	0.01527	0.01169	0.01527	0.01031	0.01500	0.00769	0.00561	0.00579	0.00190	0.00789	0.00517	0.00256	0.00666
41	0.01254	0.02318	0.46877	0.02364	0.30604	0.01343	0.03597	0.01791	0.01247	0.01834	0.01048	0.01294	0.00797	0.00529	0.00555	0.00177	0.00785	0.00461	0.00258	0.00867

[dist]
# distance from previous block
# <min> <max>
0	1

[block]
# block no. 5 follows, 41 sequences, length 38
# corresponding to MSA columns:
# 332-369
name=unknown_F
#
# <colnr> <probs for GDERKNQSTAVLIFYWHMCP>
#	G	D	E	R	K	N	Q	S	T	A	V	L	I	F	Y	W	H	M	C	P
0	0.04606	0.00633	0.00790	0.00729	0.00899	0.00588	0.00555	0.01199	0.01565	0.07230	0.61874	0.04071	0.10830	0.01133	0.00654	0.00181	0.00294	0.00986	0.00614	0.00568
1	0.01406	0.01121	0.01362	0.01017	0.01482	0.00988	0.04577	0.15122	0.03835	0.05424	0.01500	0.03435	0.05129	0.00589	0.00497	0.00124	0.00484	0.00488	0.00419	0.51000
2	0.03731	0.00987	0.03006	0.00982	0.01357	0.00878	0.00810	0.02260	0.12314	0.38704	0.07928	0.05804	0.04567	0.00828	0.00581	0.00176	0.00453	0.03942	0.00600	0.10089
3	0.06051	0.16939	0.01741	0.01117	0.01503	0.01633	0.00936	0.42040	0.03834	0.02696	0.01366	0.04457	0.01137	0.06086	0.04055	0.00222	0.00627	0.00534	0.02210	0.00815
4	0.00842	0.00550	0.00622	0.00629	0.00645	0.00547	0.00367	0.00877	0.00896	0.01243	0.03460	0.08450	0.02207	0.66587	0.02514	0.00491	0.00510	0.00862	0.07328	0.00374
5	0.01639	0.01182	0.01305	0.01101	0.01430	0.01293	0.00867	0.22018	0.33977	0.10671	0.10523	0.02265	0.01944	0.06243	0.00750	0.00209	0.00490	0.00661	0.00582	0.00850
6	0.00715	0.00533	0.00658	0.00727	0.00812	0.00484	0.00503	0.00848	0.01216	0.01597	0.15133	0.47349	0.21072	0.04594	0.00792	0.00227	0.00321	0.01404	0.00539	0.00476
7	0.05016	0.01492	0.01580	0.06627	0.03884	0.05540	0.01067	0.46884	0.13140	0.02980	0.01637	0.01652	0.04480	0.00711	0.00567	0.00176	0.00612	0.00550	0.00519	0.00886
8	0.02174	0.01602	0.01717	0.01316	0.01774	0.01774	0.01087	0.74423	0.02689	0.03605	0.01373	0.01373	0.00973	0.00687	0.00572	0.00172	0.00629	0.00515	0.00572	0.00973
9	0.02155	0.01593	0.01706	0.01312	0.01767	0.01765	0.01083	0.72607	0.04536	0.03574	0.01398	0.01393	0.00992	0.00689	0.00572	0.00172	0.00625	0.00518	0.00572	0.00971
10	0.01557	0.63970	0.08480	0.01074	0.01562	0.10525	0.01068	0.01776	0.01217	0.01404	0.00846	0.00979	0.00749	0.00508	0.00398	0.00130	0.00669	0.00327	0.02030	0.00730
11	0.14306	0.05343	0.54181	0.01438	0.03996	0.01293	0.01697	0.01718	0.01191	0.01923	0.04034	0.01446	0.03891	0.00598	0.00518	0.00178	0.00724	0.00457	0.00287	0.00781
12	0.02750	0.01175	0.03802	0.38401	0.20482	0.01278	0.06186	0.05308	0.01248	0.01711	0.01146	0.03647	0.00944	0.00885	0.06525	0.00243	0.02707	0.00552	0.00293	0.00717
13	0.00937	0.00618	0.00781	0.00757	0.00898	0.00572	0.00554	0.03096	0.01449	0.07525	0.39673	0.22386	0.11751	0.05395	0.00794	0.00213	0.00328	0.01137	0.00585	0.00550
14	0.00699	0.00552	0.00627	0.00676	0.00804	0.00485	0.00484	0.00833	0.01231	0.01537	0.07346	0.31648	0.43888	0.03510	0.00754	0.00217	0.00317	0.03383	0.00530	0.00476
15	0.02124	0.01497	0.01637	0.01250	0.01710	0.01605	0.01030	0.61884	0.02468	0.09885	0.01420	0.01408	0.01001	0.00666	0.00560	0.00165	0.00599	0.00505	0.00564	0.08021
16	0.03913	0.00989	0.03964	0.01033	0.04066	0.02660	0.00807	0.11877	0.04938	0.10418	0.40693	0.03223	0.03465	0.00972	0.00628	0.00182	0.00426	0.04473	0.00578	0.00694
17	0.00691	0.00520	0.00641	0.00737	0.00814	0.00470	0.00505	0.00803	0.01152	0.01483	0.03871	0.59388	0.23456	0.01699	0.00715	0.00222	0.00320	0.01512	0.00531	0.00470
18	0.05857	0.01014	0.01329	0.01024	0.01463	0.00911	0.00846	0.06768	0.01669	0.69598	0.02148	0.01873	0.01359	0.00700	0.00566	0.00177	0.00493	0.00561	0.00686	0.00959
19	0.01147	0.02959	0.76934	0.01630	0.02476	0.01328	0.02113	0.01811	0.01208	0.01811	0.01026	0.01208	0.00725	0.00543	0.00543	0.00181	0.00845	0.00423	0.00242	0.00845
20	0.01555	0.00768	0.01015	0.00858	0.01127	0.00696	0.00677	0.01853	0.04296	0.32929	0.42998	0.03238	0.03626	0.00965	0.00630	0.00179	0.00366	0.00831	0.00660	0.00731
21	0.00804	0.00590	0.00681	0.00661	0.00824	0.00519	0.00489	0.00987	0.01394	0.04640	0.30407	0.09059	0.40228	0.05214	0.00785	0.00208	0.00306	0.01127	0.00564	0.00514
22	0.01082	0.00616	0.00642	0.00620	0.00753	0.00635	0.00451	0.04120	0.05041	0.02013	0.01852	0.02374	0.01563	0.13909	0.02726	0.00227	0.00369	0.00590	0.59879	0.00538
23	0.01198	0.00893	0.00998	0.00961	0.03098	0.03258	0.00726	0.15322	0.02919	0.05301	0.05923	0.12628	0.22352	0.04314	0.04148	0.00242	0.00498	0.09783	0.04811	0.00628
24	0.01658	0.01051	0.01201	0.04061	0.01381	0.01125	0.00812	0.31650	0.01826	0.11212	0.01683	0.04266	0.01315	0.03122	0.07338	0.00240	0.00582	0.00579	0.24135	0.00761
25	0.02195	0.00950	0.01251	0.00985	0.01369	0.00860	0.00803	0.08375	0.01721	0.56306	0.16435	0.02349	0.02148	0.00795	0.00594	0.00177	0.00457	0.00659	0.00682	0.00890
26	0.00701	0.00514	0.00658	0.00762	0.00823	0.00472	0.00518	0.00816	0.01155	0.01521	0.07779	0.64817	0.13950	0.01708	0.00719	0.00224	0.00322	0.01533	0.00537	0.00472
27	0.01291	0.04340	0.38776	0.01910	0.02586	0.01406	0.31863	0.01829	0.01264	0.04169	0.01101	0.01364	0.00807	0.00542	0.00653	0.00187	0.04295	0.00532	0.00277	0.00806
28	0.03996	0.14813	0.01795	0.01224	0.01622	0.18995	0.01010	0.37684	0.03396	0.02577	0.01204	0.01276	0.00920	0.00628	0.00508	0.00156	0.00685	0.00446	0.06245	0.00822
29	0.01581	0.01199	0.01252	0.01102	0.01425	0.05490	0.00861	0.02729	0.50689	0.14757	0.07567	0.02326	0.04850	0.00809	0.00587	0.00188	0.00471	0.00669	0.00588	0.00861
30	0.04391	0.02189	0.42188	0.11666	0.15282	0.01355	0.07906	0.05074	0.01287	0.01889	0.01052	0.01308	0.00780	0.00542	0.00556	0.00181	0.00791	0.00469	0.00274	0.00820
31	0.04455	0.04494	0.01922	0.27098	0.28678	0.06841	0.01461	0.12660	0.01466	0.01966	0.01116	0.01507	0.00900	0.00589	0.00555	0.00176	0.00709	0.02297	0.00325	0.00784
32	0.01542	0.12034	0.07778	0.01624	0.04549	0.20739	0.10804	0.03482	0.01245	0.01541	0.00890	0.01197	0.00769	0.00704	0.01004	0.00190	0.28470	0.00460	0.00274	0.00703
33	0.00862	0.00639	0.00862	0.00816	0.00866	0.00675	0.03853	0.00938	0.00894	0.01223	0.01766	0.08524	0.01953	0.51991	0.17748	0.00576	0.04231	0.00821	0.00344	0.00420
34	0.00742	0.00532	0.00693	0.02727	0.00897	0.00508	0.00549	0.00860	0.01113	0.01490	0.05705	0.58347	0.07276	0.09234	0.00926	0.00257	0.00367	0.04553	0.02758	0.00466
35	0.22433	0.26090	0.09827	0.07677	0.03303	0.10659	0.04900	0.01741	0.01169	0.01757	0.00890	0.01101	0.00735	0.00634	0.02379	0.00179	0.03165	0.00380	0.00284	0.00696
36	0.19314	0.18770	0.12774	0.03475	0.09465	0.18067	0.01188	0.04202	0.01312	0.05263	0.00969	0.01117	0.00766	0.00548	0.00464	0.00159	0.00706	0.00383	0.00314	0.00744
37	0.01533	0.01110	0.01245	0.01070	0.01364	0.01215	0.00835	0.22081	0.26568	0.08668	0.05339	0.06473	0.03577	0.08102	0.07901	0.00286	0.00594	0.00702	0.00542	0.00794

[dist]
# distance from previous block
# <min> <max>
3	11

[block]
# block no. 6 follows, 41 sequences, length 6
# corresponding to MSA columns:
# 382-387
name=unknown_G
#
# <colnr> <probs for GDERKNQSTAVLIFYWHMCP>
#	G	D	E	R	K	N	Q	S	T	A	V	L	I	F	Y	W	H	M	C	P
0	0.00794	0.00539	0.00635	0.00672	0.00681	0.00530	0.00398	0.00822	0.00905	0.01207	0.02177	0.24785	0.02553	0.58211	0.02306	0.00465	0.00493	0.01052	0.00398	0.00379
1	0.01340	0.05323	0.02352	0.16158	0.05382	0.03875	0.28674	0.04934	0.05036	0.01748	0.01122	0.01513	0.00905	0.02864	0.00849	0.00199	0.12210	0.00564	0.00306	0.04648
2	0.06934	0.01372	0.02036	0.02875	0.56422	0.04488	0.01528	0.05256	0.06499	0.02007	0.01232	0.01626	0.01041	0.00586	0.00561	0.00175	0.00654	0.03511	0.00333	0.00864
3	0.01382	0.01176	0.01641	0.13455	0.01962	0.01294	0.06406	0.10091	0.03514	0.05412	0.01094	0.01386	0.00882	0.00709	0.00942	0.02644	0.21763	0.00480	0.00347	0.23422
4	0.01355	0.01529	0.09636	0.12949	0.40138	0.06358	0.06550	0.01786	0.04849	0.01816	0.04109	0.01534	0.01072	0.00561	0.00569	0.00173	0.00715	0.00525	0.00306	0.03469
5	0.03582	0.01029	0.01528	0.27154	0.11152	0.01123	0.05337	0.11706	0.01419	0.04062	0.03600	0.12376	0.05024	0.00809	0.00586	0.00186	0.00594	0.00716	0.07328	0.00691

[dist]
# distance from previous block
# <min> <max>
0	1

[block]
# block no. 7 follows, 41 sequences, length 10
# corresponding to MSA columns:
# 391-400
name=unknown_H
#
# <colnr> <probs for GDERKNQSTAVLIFYWHMCP>
#	G	D	E	R	K	N	Q	S	T	A	V	L	I	F	Y	W	H	M	C	P
0	0.01614	0.09815	0.04230	0.01051	0.01402	0.05159	0.05938	0.08651	0.03222	0.20425	0.12632	0.02234	0.05613	0.00853	0.02680	0.00186	0.00544	0.00626	0.12377	0.00746
1	0.02044	0.01481	0.01610	0.01253	0.01661	0.01633	0.01022	0.66318	0.02475	0.03318	0.01332	0.01413	0.00975	0.00830	0.00755	0.09322	0.00615	0.00513	0.00537	0.00893
2	0.01380	0.01356	0.03151	0.09166	0.34999	0.09594	0.03282	0.07716	0.01445	0.01913	0.08273	0.05819	0.03053	0.00849	0.03368	0.00204	0.00695	0.02610	0.00363	0.00767
3	0.10620	0.68296	0.02703	0.00974	0.01441	0.05305	0.00944	0.01733	0.01161	0.01482	0.00799	0.00924	0.00722	0.00498	0.00372	0.00129	0.00611	0.00309	0.00259	0.00718
4	0.01975	0.01450	0.01587	0.04808	0.01750	0.01605	0.01034	0.62530	0.02431	0.03281	0.01459	0.04350	0.01123	0.02999	0.00637	0.00184	0.00604	0.00565	0.04731	0.00898
5	0.02170	0.01493	0.01635	0.01266	0.01712	0.01627	0.01042	0.59878	0.07859	0.13037	0.01558	0.01504	0.01087	0.00696	0.00573	0.00174	0.00598	0.00532	0.00591	0.00968
6	0.00886	0.00604	0.00775	0.00721	0.00877	0.00549	0.00545	0.01141	0.01588	0.06027	0.65202	0.04277	0.12292	0.01174	0.00670	0.00181	0.00283	0.01028	0.00624	0.00556
7	0.01230	0.00892	0.00968	0.00846	0.01084	0.00926	0.00655	0.19493	0.09313	0.02369	0.17612	0.03187	0.17797	0.06130	0.00739	0.00199	0.00400	0.00802	0.14698	0.00660
8	0.00706	0.00558	0.00630	0.00668	0.00801	0.00490	0.00481	0.00846	0.01252	0.01569	0.10491	0.26518	0.44777	0.04577	0.00781	0.00219	0.00317	0.03310	0.00532	0.00478
9	0.01115	0.03360	0.06110	0.01197	0.01381	0.01176	0.04363	0.06929	0.01105	0.01614	0.01263	0.01776	0.01128	0.02434	0.37058	0.00541	0.21540	0.00554	0.04738	0.00617

[dist]
# distance from previous block
# <min> <max>
7	9

[block]
# block no. 8 follows, 41 sequences, length 15
# corresponding to MSA columns:
# 410-424
name=unknown_I
#
# <colnr> <probs for GDERKNQSTAVLIFYWHMCP>
#	G	D	E	R	K	N	Q	S	T	A	V	L	I	F	Y	W	H	M	C	P
0	0.02001	0.06141	0.10301	0.01448	0.01836	0.55612	0.01212	0.11565	0.01691	0.01731	0.00960	0.01091	0.00766	0.00592	0.00519	0.00153	0.00939	0.00391	0.00322	0.00727
1	0.02328	0.07360	0.01467	0.01028	0.01469	0.01025	0.00858	0.05298	0.06634	0.59521	0.02055	0.01821	0.01342	0.00681	0.00552	0.00169	0.00497	0.00546	0.00640	0.04708
2	0.01460	0.03195	0.03624	0.15617	0.44801	0.11700	0.01569	0.04432	0.01366	0.01781	0.01129	0.01585	0.00958	0.00584	0.00566	0.00174	0.00735	0.03619	0.00299	0.00808
3	0.01403	0.03708	0.01526	0.17884	0.06508	0.08823	0.02389	0.18486	0.03697	0.02045	0.04369	0.05484	0.14612	0.00852	0.00673	0.00184	0.05549	0.00685	0.00416	0.00708
4	0.00831	0.00638	0.00958	0.10304	0.01322	0.00641	0.05569	0.00999	0.01110	0.01524	0.02546	0.52349	0.02887	0.06880	0.00828	0.00238	0.00436	0.01270	0.08168	0.00504
5	0.00726	0.00517	0.00679	0.00771	0.00820	0.00484	0.00520	0.00849	0.01169	0.01583	0.15945	0.60951	0.03950	0.07111	0.00872	0.00245	0.00336	0.01466	0.00536	0.00470
6	0.01321	0.11310	0.46015	0.01814	0.08763	0.07557	0.11792	0.01836	0.01263	0.01734	0.01011	0.01225	0.00762	0.00530	0.00541	0.00172	0.00836	0.00447	0.00256	0.00813
7	0.01582	0.09226	0.01868	0.05268	0.23637	0.17299	0.01242	0.11105	0.07460	0.01887	0.01193	0.01443	0.00985	0.01048	0.10039	0.00258	0.02853	0.00485	0.00344	0.00780
8	0.00817	0.00567	0.00672	0.00672	0.00704	0.00577	0.00417	0.00864	0.00883	0.01180	0.02059	0.03617	0.07595	0.60809	0.15711	0.00590	0.00704	0.00822	0.00354	0.00385
9	0.01884	0.07793	0.01992	0.04961	0.05791	0.43212	0.10139	0.11094	0.01622	0.01750	0.00983	0.01178	0.00792	0.00593	0.00590	0.00161	0.03975	0.00438	0.00321	0.00730
10	0.01471	0.01057	0.01189	0.01042	0.01292	0.01130	0.00794	0.33557	0.06949	0.04764	0.02149	0.29795	0.02160	0.08841	0.00859	0.00233	0.00498	0.00957	0.00540	0.00724
11	0.01338	0.01250	0.11090	0.09245	0.01717	0.04485	0.01089	0.09225	0.06887	0.09959	0.13459	0.03318	0.04744	0.00983	0.00640	0.00201	0.00570	0.18597	0.00494	0.00708
12	0.01428	0.01665	0.10379	0.12938	0.46435	0.10737	0.04691	0.01791	0.01312	0.01749	0.01042	0.01365	0.00845	0.00530	0.00563	0.00172	0.00764	0.00489	0.00276	0.00828
13	0.14725	0.08671	0.20115	0.07484	0.04629	0.03382	0.01272	0.12489	0.07916	0.12111	0.01294	0.01369	0.00935	0.00602	0.00512	0.00174	0.00640	0.00456	0.00403	0.00821
14	0.11270	0.07598	0.01782	0.01682	0.16426	0.20062	0.01146	0.24881	0.03498	0.02357	0.01098	0.01226	0.00858	0.00590	0.00513	0.00160	0.00704	0.00437	0.00391	0.03321

[dist]
# distance from previous block
# <min> <max>
8	10

[block]
# block no. 9 follows, 41 sequences, length 19
# corresponding to MSA columns:
# 435-453
name=unknown_J
#
# <colnr> <probs for GDERKNQSTAVLIFYWHMCP>
#	G	D	E	R	K	N	Q	S	T	A	V	L	I	F	Y	W	H	M	C	P
0	0.07883	0.01295	0.01447	0.11220	0.10765	0.11876	0.01066	0.12128	0.03473	0.04079	0.05133	0.04661	0.01339	0.04806	0.10654	0.00293	0.06228	0.00577	0.00380	0.00695
1	0.01055	0.00540	0.00815	0.04631	0.00930	0.00548	0.00564	0.00855	0.00797	0.03750	0.01040	0.01736	0.00997	0.01870	0.02093	0.76212	0.00510	0.00500	0.00265	0.00294
2	0.00938	0.00497	0.00730	0.00755	0.00761	0.00491	0.00503	0.00755	0.00811	0.01081	0.01398	0.16299	0.01516	0.01951	0.01954	0.67798	0.00466	0.00708	0.00301	0.00289
3	0.01303	0.02544	0.01360	0.02677	0.10427	0.07574	0.00959	0.01983	0.24848	0.01928	0.01853	0.07880	0.01671	0.00819	0.00572	0.00172	0.00532	0.10322	0.00442	0.20133
4	0.01695	0.01168	0.01386	0.01090	0.01480	0.01156	0.02235	0.28968	0.01786	0.13134	0.01591	0.09352	0.01343	0.02281	0.00677	0.02026	0.02971	0.02085	0.00497	0.23079
5	0.01806	0.01321	0.01441	0.01120	0.01549	0.03386	0.00907	0.37638	0.05848	0.09716	0.04786	0.04359	0.01314	0.00685	0.00544	0.00153	0.00539	0.00542	0.00520	0.21825
6	0.04174	0.03276	0.03255	0.06914	0.09180	0.02695	0.01031	0.01967	0.06837	0.24703	0.03461	0.04514	0.02858	0.00903	0.02764	0.00210	0.10613	0.04743	0.05133	0.00768
7	0.01042	0.00929	0.01300	0.01210	0.04298	0.04728	0.07131	0.02828	0.01073	0.01490	0.01521	0.07638	0.02401	0.06958	0.38638	0.00566	0.08701	0.00663	0.00328	0.06557
8	0.05889	0.01585	0.13767	0.01328	0.05825	0.01398	0.01135	0.37340	0.03697	0.02689	0.03626	0.01684	0.01180	0.09436	0.00808	0.00210	0.00619	0.00531	0.00451	0.06804
9	0.01433	0.01431	0.06110	0.20138	0.42451	0.03641	0.01611	0.10037	0.04037	0.01975	0.01132	0.01438	0.00896	0.00558	0.00566	0.00176	0.00704	0.00506	0.00318	0.00841
10	0.00764	0.00600	0.00923	0.00954	0.01040	0.00561	0.07409	0.00904	0.01125	0.01502	0.02963	0.70272	0.03498	0.01664	0.00727	0.00229	0.00396	0.03466	0.00508	0.00495
11	0.01315	0.13478	0.47237	0.01542	0.07440	0.01366	0.01673	0.01843	0.03006	0.07794	0.06979	0.01501	0.01183	0.00601	0.00534	0.00172	0.00717	0.00477	0.00321	0.00822
12	0.01402	0.03719	0.06116	0.02887	0.52302	0.03732	0.08438	0.01871	0.08016	0.01869	0.01238	0.03624	0.01039	0.00570	0.00574	0.00174	0.00694	0.00554	0.00315	0.00866
13	0.00932	0.00702	0.00712	0.00679	0.00892	0.02962	0.00515	0.01121	0.03350	0.08552	0.04964	0.04887	0.59504	0.04867	0.00763	0.00208	0.00354	0.02964	0.00533	0.00541
14	0.70268	0.07000	0.08085	0.00850	0.01260	0.01358	0.00785	0.01696	0.01009	0.02408	0.00818	0.00954	0.00638	0.00529	0.00373	0.00173	0.00492	0.00320	0.00336	0.00649
15	0.72057	0.08503	0.01087	0.00802	0.01174	0.01400	0.00677	0.05425	0.01079	0.02506	0.00826	0.00951	0.00648	0.00535	0.00366	0.00172	0.00468	0.00320	0.00355	0.00648
16	0.01505	0.01214	0.01391	0.02501	0.01540	0.01163	0.00861	0.25318	0.03230	0.02402	0.01193	0.02975	0.00964	0.00580	0.00563	0.00130	0.04702	0.00443	0.00418	0.46907
17	0.22279	0.14820	0.43827	0.01299	0.01948	0.03452	0.01526	0.01775	0.01152	0.01918	0.00927	0.01086	0.00700	0.00533	0.00466	0.00170	0.00710	0.00374	0.00272	0.00765
18	0.00817	0.00548	0.00628	0.00642	0.00646	0.00545	0.00366	0.00828	0.00860	0.01147	0.01947	0.11894	0.02263	0.71497	0.02677	0.00520	0.00531	0.00917	0.00366	0.00359

[dist]
# distance from previous block
# <min> <max>
0	3

[block]
# block no. 10 follows, 41 sequences, length 29
# corresponding to MSA columns:
# 457-485
name=unknown_K
#
# <colnr> <probs for GDERKNQSTAVLIFYWHMCP>
#	G	D	E	R	K	N	Q	S	T	A	V	L	I	F	Y	W	H	M	C	P
