[name]
unknown

[dist]
# distance from previous block
# <min> <max>
33	117

[block]
# block no. 0 follows, 47 sequences, length 20
# corresponding to MSA columns:
# 207-226
name=unknown_A
#
# <colnr> <probs for GDERKNQSTAVLIFYWHMCP>
#	G	D	E	R	K	N	Q	S	T	A	V	L	I	F	Y	W	H	M	C	P
0	0.10518	0.11125	0.05719	0.02968	0.08496	0.08445	0.07619	0.11432	0.06103	0.01843	0.01372	0.03300	0.06444	0.00635	0.00573	0.00158	0.06849	0.00494	0.03714	0.02192
1	0.01025	0.02727	0.03920	0.03013	0.06914	0.00879	0.08674	0.06863	0.04405	0.04291	0.07271	0.21588	0.12386	0.03250	0.00705	0.00190	0.04680	0.03835	0.00416	0.02968
2	0.05898	0.08725	0.04110	0.05770	0.16637	0.05265	0.03988	0.07634	0.01196	0.01642	0.03194	0.19670	0.03665	0.01152	0.08922	0.00238	0.00626	0.00702	0.00345	0.00621
3	0.03866	0.40830	0.03824	0.01180	0.08072	0.08887	0.00964	0.14664	0.01348	0.01721	0.00872	0.00989	0.00728	0.00482	0.00404	0.00124	0.00582	0.00339	0.00294	0.09830
4	0.08500	0.15202	0.21799	0.01155	0.04444	0.07347	0.03654	0.01604	0.03580	0.05152	0.05534	0.01408	0.04095	0.00547	0.00452	0.00140	0.00576	0.00426	0.00310	0.14076
5	0.17201	0.13155	0.12707	0.01069	0.05287	0.07248	0.00932	0.04505	0.01144	0.06465	0.05064	0.02871	0.01087	0.03192	0.06477	0.00209	0.02543	0.00436	0.03195	0.05211
6	0.00950	0.00741	0.00917	0.00941	0.05146	0.03950	0.02472	0.07215	0.01274	0.03549	0.21167	0.30256	0.05088	0.06763	0.00771	0.00204	0.02201	0.02534	0.03336	0.00525
7	0.04892	0.05461	0.09781	0.01082	0.05290	0.07973	0.00896	0.10547	0.02766	0.15302	0.12118	0.09650	0.07462	0.00822	0.00537	0.00165	0.00500	0.03635	0.00448	0.00673
8	0.03036	0.05798	0.19447	0.31535	0.08359	0.01212	0.10267	0.01481	0.02938	0.01513	0.01056	0.05478	0.00870	0.00567	0.00549	0.00169	0.02907	0.00503	0.00258	0.02055
9	0.08060	0.60787	0.04766	0.00951	0.03484	0.03902	0.00882	0.01528	0.01049	0.01359	0.00789	0.00981	0.00721	0.03836	0.00446	0.00133	0.00552	0.00310	0.00241	0.05222
10	0.02818	0.00572	0.00717	0.00691	0.00826	0.00542	0.00514	0.01089	0.04882	0.05190	0.53189	0.16501	0.08240	0.01124	0.00608	0.00173	0.00276	0.00990	0.00549	0.00511
11	0.13864	0.16428	0.24012	0.04946	0.19956	0.04705	0.02998	0.01650	0.03939	0.01678	0.00916	0.01101	0.00725	0.00486	0.00448	0.00152	0.00633	0.00383	0.00260	0.00719
12	0.01442	0.01043	0.03049	0.04574	0.10941	0.01072	0.00925	0.08547	0.27155	0.17604	0.06081	0.08706	0.03104	0.00760	0.00571	0.00172	0.02356	0.00643	0.00490	0.00765
13	0.00640	0.00525	0.00563	0.00560	0.00720	0.00449	0.00418	0.00791	0.01234	0.01534	0.19112	0.07947	0.61137	0.01283	0.00617	0.00175	0.00262	0.01085	0.00501	0.00449
14	0.00969	0.00929	0.10894	0.00882	0.01124	0.00726	0.00793	0.09490	0.01423	0.04573	0.32313	0.11156	0.07882	0.01064	0.00608	0.00181	0.00403	0.13524	0.00494	0.00572
15	0.08280	0.29214	0.06420	0.03849	0.06327	0.08069	0.00962	0.05346	0.04678	0.14727	0.05350	0.01310	0.01062	0.00558	0.00458	0.00144	0.01769	0.00412	0.00356	0.00710
16	0.00911	0.00605	0.00685	0.00654	0.00833	0.00547	0.00494	0.04962	0.01252	0.09920	0.07520	0.14894	0.42790	0.04438	0.00681	0.00191	0.00320	0.03545	0.04248	0.00510
17	0.00842	0.00545	0.00721	0.05048	0.00960	0.00521	0.00560	0.00966	0.01066	0.08494	0.05373	0.45036	0.09978	0.10880	0.00876	0.00237	0.00368	0.06592	0.00468	0.00470
18	0.03260	0.01303	0.10028	0.28558	0.15430	0.05097	0.05709	0.07330	0.01205	0.03825	0.01055	0.03477	0.00845	0.00578	0.00603	0.00169	0.06707	0.00483	0.03665	0.00673
19	0.17966	0.10383	0.27187	0.03719	0.02948	0.02389	0.05997	0.05779	0.03790	0.09715	0.02858	0.03092	0.00924	0.00554	0.00464	0.00159	0.00600	0.00435	0.00329	0.00712

[dist]
# distance from previous block
# <min> <max>
3	23

[block]
# block no. 1 follows, 47 sequences, length 13
# corresponding to MSA columns:
# 250-262
name=unknown_B
#
# <colnr> <probs for GDERKNQSTAVLIFYWHMCP>
#	G	D	E	R	K	N	Q	S	T	A	V	L	I	F	Y	W	H	M	C	P
0	0.03760	0.08818	0.43273	0.11258	0.02170	0.01220	0.06960	0.01606	0.01119	0.06827	0.03398	0.03267	0.00914	0.00556	0.00528	0.00165	0.02720	0.00455	0.00274	0.00711
1	0.01348	0.00743	0.00993	0.00980	0.06291	0.00698	0.00709	0.03019	0.05732	0.27324	0.17479	0.13950	0.07748	0.02534	0.00627	0.00184	0.00389	0.08056	0.00539	0.00654
2	0.03726	0.01101	0.01729	0.25913	0.35238	0.01215	0.01361	0.03567	0.05660	0.07638	0.01091	0.01370	0.00850	0.00548	0.00604	0.00168	0.06719	0.00470	0.00302	0.00730
3	0.05700	0.04138	0.03418	0.16238	0.08246	0.21225	0.08351	0.04785	0.02764	0.03792	0.01091	0.04109	0.01862	0.00687	0.02984	0.00178	0.05124	0.00472	0.00297	0.04536
4	0.01298	0.01161	0.01822	0.09573	0.48308	0.05250	0.04895	0.01575	0.01195	0.07598	0.01286	0.09475	0.01156	0.00627	0.00539	0.00165	0.00606	0.02415	0.00314	0.00741
5	0.00643	0.00464	0.00611	0.00726	0.00768	0.00432	0.00496	0.00743	0.01017	0.01344	0.02993	0.73745	0.07392	0.01606	0.00665	0.00211	0.00308	0.04927	0.00483	0.00427
6	0.03879	0.15604	0.58402	0.01382	0.02057	0.04176	0.04376	0.01647	0.01104	0.01589	0.00893	0.01053	0.00663	0.00486	0.00466	0.00155	0.00733	0.00371	0.00227	0.00738
7	0.06441	0.01416	0.09768	0.11038	0.06252	0.06199	0.28730	0.03398	0.01136	0.01601	0.01039	0.05871	0.00885	0.00612	0.00730	0.00179	0.13230	0.00549	0.00273	0.00654
8	0.01041	0.00553	0.00560	0.00535	0.00677	0.00564	0.00407	0.06454	0.01186	0.02035	0.01668	0.01894	0.01304	0.00608	0.00375	0.00124	0.00266	0.00484	0.78754	0.00513
9	0.59722	0.08086	0.01036	0.02497	0.01145	0.03812	0.00654	0.07708	0.02836	0.02216	0.00864	0.01012	0.00686	0.02069	0.00400	0.00161	0.00450	0.00327	0.03719	0.00599
10	0.00991	0.00594	0.00745	0.00671	0.00857	0.00527	0.00516	0.01200	0.01404	0.15583	0.46126	0.03797	0.22864	0.01054	0.00598	0.00166	0.00285	0.00907	0.00563	0.00549
11	0.01575	0.01319	0.09505	0.12985	0.18892	0.05967	0.02935	0.08159	0.06845	0.21989	0.03704	0.01515	0.01085	0.00576	0.00520	0.00161	0.00595	0.00491	0.00403	0.00778
12	0.01490	0.00779	0.01000	0.00819	0.01116	0.00691	0.00648	0.04180	0.03805	0.33165	0.24883	0.08234	0.02460	0.00807	0.00540	0.00153	0.00367	0.00688	0.00552	0.13622

[dist]
# distance from previous block
# <min> <max>
1	3

[block]
# block no. 2 follows, 47 sequences, length 27
# corresponding to MSA columns:
# 266-292
name=unknown_C
#
# <colnr> <probs for GDERKNQSTAVLIFYWHMCP>
#	G	D	E	R	K	N	Q	S	T	A	V	L	I	F	Y	W	H	M	C	P
0	0.02725	0.01585	0.15297	0.05327	0.01858	0.07859	0.10678	0.20366	0.03540	0.02018	0.01027	0.01195	0.00783	0.00539	0.00579	0.00149	0.06368	0.00429	0.00333	0.17344
1	0.03450	0.07441	0.46084	0.01247	0.01860	0.05271	0.01431	0.03538	0.04625	0.04682	0.01012	0.01132	0.00749	0.00493	0.00463	0.00145	0.00656	0.00376	0.00278	0.15068
2	0.00651	0.00465	0.00621	0.00729	0.00770	0.00435	0.00498	0.00760	0.01043	0.01399	0.08914	0.72212	0.03545	0.01579	0.00663	0.00209	0.00304	0.04284	0.00490	0.00431
3	0.00737	0.00532	0.00696	0.00655	0.00778	0.00491	0.00491	0.00983	0.01474	0.02088	0.78175	0.03890	0.04914	0.01065	0.00614	0.00164	0.00246	0.00942	0.00573	0.00491
4	0.02458	0.00709	0.00874	0.00783	0.00979	0.00706	0.01850	0.02953	0.15461	0.08504	0.47980	0.04662	0.08071	0.00959	0.00585	0.00168	0.00315	0.00834	0.00554	0.00594
5	0.01465	0.03051	0.39619	0.05893	0.01896	0.03133	0.01373	0.04367	0.01280	0.24888	0.04428	0.03942	0.01117	0.00605	0.00513	0.00164	0.00626	0.00488	0.00382	0.00769
6	0.01033	0.00602	0.00766	0.00685	0.00874	0.00536	0.00528	0.01248	0.01422	0.17283	0.48821	0.03685	0.18420	0.01030	0.00596	0.00166	0.00289	0.00889	0.00570	0.00560
7	0.00634	0.00455	0.00602	0.00719	0.00754	0.00424	0.00481	0.00726	0.01003	0.01332	0.02945	0.78999	0.05756	0.01622	0.00663	0.00210	0.00301	0.01469	0.00483	0.00424
8	0.02010	0.04695	0.01556	0.01144	0.01559	0.01502	0.00951	0.62173	0.02243	0.14844	0.01353	0.01314	0.00939	0.00621	0.00514	0.00155	0.00552	0.00469	0.00528	0.00877
9	0.03261	0.00949	0.01615	0.56933	0.09896	0.01107	0.07485	0.01345	0.01058	0.01434	0.01046	0.04730	0.00854	0.00583	0.00553	0.01858	0.00656	0.00514	0.03529	0.00593
10	0.00909	0.00616	0.00751	0.00729	0.00876	0.00592	0.00536	0.03032	0.08636	0.08197	0.27135	0.26428	0.14252	0.04028	0.00683	0.00192	0.00315	0.01036	0.00525	0.00533
11	0.00993	0.00944	0.01621	0.77404	0.03553	0.01163	0.04367	0.01344	0.01049	0.01344	0.00931	0.01389	0.00698	0.00517	0.00524	0.00174	0.00701	0.00469	0.00233	0.00583
12	0.01894	0.02396	0.01483	0.01343	0.01594	0.74594	0.01015	0.02026	0.01432	0.01273	0.00797	0.00952	0.00672	0.00561	0.00549	0.00140	0.06068	0.00343	0.00266	0.00602
13	0.01587	0.52394	0.02287	0.01027	0.01434	0.12285	0.00933	0.17820	0.01408	0.01676	0.00847	0.00945	0.00716	0.00506	0.00421	0.00126	0.02259	0.00331	0.00293	0.00705
14	0.00916	0.00458	0.00646	0.00646	0.00666	0.00458	0.00437	0.00769	0.00749	0.01081	0.01040	0.01644	0.00978	0.01605	0.01751	0.70434	0.00417	0.00458	0.14578	0.00270
15	0.04694	0.02005	0.47960	0.01266	0.01887	0.01089	0.01465	0.05609	0.01280	0.25826	0.01291	0.01307	0.00863	0.00547	0.00499	0.00163	0.00644	0.00428	0.00371	0.00804
16	0.01787	0.00832	0.01076	0.00871	0.01192	0.00763	0.00701	0.05403	0.06815	0.47854	0.19172	0.04265	0.03604	0.00774	0.00547	0.00162	0.00394	0.00650	0.00601	0.02537
17	0.02336	0.00886	0.01209	0.00927	0.01329	0.00765	0.00765	0.02538	0.01491	0.78810	0.02055	0.01773	0.01289	0.00645	0.00524	0.00161	0.00443	0.00524	0.00645	0.00886
18	0.00838	0.00648	0.00823	0.00774	0.00785	0.00758	0.00535	0.00886	0.00776	0.01087	0.01404	0.02749	0.01559	0.54605	0.12029	0.00486	0.17910	0.00668	0.00292	0.00389
19	0.01512	0.01033	0.01154	0.01008	0.01317	0.01132	0.00796	0.02626	0.55928	0.19654	0.02105	0.01990	0.01543	0.00705	0.00527	0.00173	0.00415	0.02192	0.03372	0.00820
20	0.01059	0.00596	0.00705	0.00650	0.00733	0.00581	0.00415	0.01150	0.03767	0.14903	0.01732	0.03062	0.01774	0.64231	0.02192	0.00431	0.00490	0.00709	0.00382	0.00436
21	0.00757	0.00505	0.00568	0.00568	0.00568	0.00505	0.00316	0.00757	0.00757	0.01010	0.01641	0.03408	0.01893	0.81698	0.02651	0.00505	0.00505	0.00757	0.00316	0.00316
22	0.00715	0.00564	0.00796	0.16113	0.01308	0.00578	0.00670	0.00879	0.01078	0.01416	0.09873	0.47800	0.11588	0.01322	0.00628	0.00196	0.00373	0.03195	0.00443	0.00463
23	0.00905	0.00452	0.00678	0.00678	0.00678	0.00452	0.00452	0.00678	0.00678	0.00905	0.00905	0.01583	0.00905	0.01809	0.02035	0.84848	0.00452	0.00452	0.00226	0.00226
24	0.02336	0.00886	0.01209	0.00927	0.01329	0.00765	0.00765	0.02538	0.01491	0.78810	0.02055	0.01773	0.01289	0.00645	0.00524	0.00161	0.00443	0.00524	0.00645	0.00886
25	0.54613	0.01074	0.00993	0.00828	0.01179	0.01191	0.00681	0.15424	0.03666	0.14415	0.01072	0.01098	0.00768	0.00541	0.00396	0.00161	0.00440	0.00363	0.00415	0.00681
26	0.01507	0.01239	0.04838	0.09927	0.48256	0.04378	0.01390	0.01800	0.01247	0.18530	0.01201	0.01382	0.00901	0.00513	0.00515	0.00157	0.00607	0.00469	0.00339	0.00803

[dist]
# distance from previous block
# <min> <max>
2	8

[block]
# block no. 3 follows, 47 sequences, length 32
# corresponding to MSA columns:
# 301-332
name=unknown_D
#
# <colnr> <probs for GDERKNQSTAVLIFYWHMCP>
#	G	D	E	R	K	N	Q	S	T	A	V	L	I	F	Y	W	H	M	C	P
0	0.01883	0.00885	0.01168	0.03229	0.03069	0.00824	0.00771	0.06673	0.06375	0.50452	0.14973	0.02077	0.01866	0.00706	0.00536	0.00161	0.00425	0.00588	0.00589	0.02753
1	0.01113	0.01066	0.01448	0.05933	0.01462	0.01314	0.01010	0.01274	0.00892	0.01383	0.00766	0.01137	0.00709	0.00740	0.01264	0.00182	0.53254	0.00415	0.00251	0.24385
2	0.22968	0.01325	0.01344	0.01053	0.01448	0.01469	0.00869	0.55020	0.02005	0.02986	0.01106	0.01142	0.00800	0.00581	0.00466	0.00155	0.00523	0.00416	0.00463	0.03860
3	0.00934	0.00665	0.00951	0.20808	0.01543	0.00690	0.00760	0.01203	0.03144	0.08552	0.35596	0.15291	0.05846	0.00980	0.00589	0.00174	0.00390	0.00866	0.00475	0.00544
4	0.01002	0.00950	0.01566	0.71276	0.03329	0.01208	0.01411	0.01322	0.01013	0.01322	0.00898	0.01360	0.00693	0.00566	0.00658	0.00180	0.09977	0.00462	0.00231	0.00577
5	0.01460	0.01990	0.46270	0.01399	0.02028	0.01087	0.10429	0.01922	0.01234	0.25177	0.01290	0.01341	0.00867	0.00534	0.00518	0.00165	0.00683	0.00454	0.00355	0.00797
6	0.00872	0.00604	0.00816	0.00792	0.00912	0.00683	0.00617	0.06086	0.00996	0.01494	0.01445	0.01972	0.01280	0.03032	0.58610	0.00649	0.01111	0.00538	0.16994	0.00497
7	0.01179	0.01206	0.01589	0.01366	0.01379	0.05440	0.01133	0.01294	0.00831	0.01254	0.00690	0.01129	0.00683	0.00893	0.01648	0.00223	0.76812	0.00450	0.00230	0.00571
8	0.01916	0.01360	0.01472	0.01144	0.01540	0.01494	0.00940	0.63642	0.07821	0.08151	0.01383	0.01361	0.00980	0.00632	0.00516	0.00157	0.00541	0.00482	0.03601	0.00867
9	0.00839	0.00599	0.00839	0.00959	0.01079	0.00599	0.00839	0.01079	0.01199	0.01558	0.02757	0.05874	0.02997	0.01439	0.00719	0.00240	0.00480	0.74945	0.00480	0.00480
10	0.00620	0.00509	0.00547	0.00577	0.00716	0.00435	0.00418	0.00742	0.01139	0.01387	0.04669	0.24256	0.59386	0.01398	0.00628	0.00185	0.00273	0.01195	0.00484	0.00435
11	0.04396	0.01240	0.01414	0.01086	0.01496	0.01297	0.00897	0.47965	0.02061	0.30428	0.01525	0.01427	0.01022	0.00628	0.00516	0.00158	0.00522	0.00483	0.00560	0.00877
12	0.00620	0.00528	0.00534	0.00533	0.00706	0.00442	0.00400	0.00757	0.01199	0.01434	0.08209	0.04967	0.75288	0.01309	0.00615	0.00175	0.00263	0.01093	0.00487	0.00442
13	0.00642	0.00459	0.00613	0.00734	0.00767	0.00429	0.00496	0.00738	0.01004	0.01338	0.02866	0.78601	0.03428	0.01624	0.00667	0.00213	0.00309	0.04164	0.00483	0.00425
14	0.57336	0.00966	0.00915	0.00766	0.01116	0.01032	0.00632	0.01871	0.01090	0.28160	0.01174	0.01159	0.00809	0.00538	0.00390	0.00161	0.00416	0.00364	0.00431	0.00673
15	0.01275	0.01223	0.02089	0.06708	0.75047	0.01234	0.01591	0.01586	0.01179	0.01684	0.00977	0.01293	0.00819	0.00467	0.00516	0.00156	0.00622	0.00464	0.00257	0.00814
16	0.00966	0.00747	0.01043	0.02842	0.01187	0.00862	0.00893	0.01164	0.01091	0.04274	0.03963	0.04266	0.02295	0.04973	0.01044	0.00243	0.20711	0.46511	0.00411	0.00512
17	0.00992	0.00935	0.01578	0.78210	0.05754	0.01159	0.01451	0.01338	0.01045	0.01341	0.00927	0.01386	0.00698	0.00519	0.00521	0.00173	0.00692	0.00463	0.00232	0.00586
18	0.01153	0.01101	0.01859	0.35943	0.43679	0.01217	0.01516	0.01471	0.01109	0.01527	0.00945	0.01325	0.00764	0.00505	0.00564	0.00166	0.03736	0.00463	0.00245	0.00710
19	0.00757	0.00505	0.00568	0.00568	0.00568	0.00505	0.00316	0.00757	0.00757	0.01010	0.01641	0.03408	0.01893	0.81698	0.02651	0.00505	0.00505	0.00757	0.00316	0.00316
20	0.03631	0.79852	0.02677	0.00886	0.01328	0.02037	0.00882	0.01559	0.01054	0.01255	0.00724	0.00836	0.00666	0.00447	0.00334	0.00113	0.00553	0.00279	0.00225	0.00666
21	0.01352	0.18751	0.01517	0.01018	0.01350	0.01444	0.00837	0.02496	0.58253	0.04575	0.01813	0.01696	0.01379	0.00648	0.00487	0.00162	0.00445	0.00519	0.00467	0.00792
22	0.02336	0.00886	0.01209	0.00927	0.01329	0.00765	0.00765	0.02538	0.01491	0.78810	0.02055	0.01773	0.01289	0.00645	0.00524	0.00161	0.00443	0.00524	0.00645	0.00886
23	0.00924	0.00572	0.00901	0.20785	0.01411	0.00630	0.00703	0.00843	0.00770	0.01012	0.00910	0.01534	0.00852	0.01484	0.01653	0.63505	0.00513	0.00455	0.00227	0.00315
24	0.09034	0.01048	0.01232	0.00980	0.01357	0.01060	0.00800	0.18045	0.14086	0.42613	0.03139	0.01651	0.01257	0.00645	0.00509	0.00163	0.00458	0.00510	0.00571	0.00842
25	0.00634	0.00453	0.00604	0.00725	0.00755	0.00423	0.00483	0.00725	0.00997	0.01329	0.02870	0.81358	0.03444	0.01632	0.00665	0.00211	0.00302	0.01480	0.00483	0.00423
26	0.00635	0.00509	0.00568	0.00593	0.00726	0.00442	0.00430	0.00771	0.01175	0.01472	0.13766	0.24116	0.50236	0.01366	0.00628	0.00183	0.00271	0.01176	0.00495	0.00442
27	0.01357	0.61367	0.12091	0.01024	0.01468	0.04126	0.01046	0.03266	0.01085	0.01329	0.00761	0.00906	0.00673	0.00497	0.00475	0.00129	0.07181	0.00312	0.00231	0.00676
28	0.01060	0.02591	0.73260	0.01573	0.04926	0.01215	0.04924	0.01648	0.01108	0.01652	0.00941	0.01118	0.00671	0.00491	0.00500	0.00165	0.00769	0.00397	0.00223	0.00769
29	0.00839	0.00599	0.00839	0.00959	0.01079	0.00599	0.00839	0.01079	0.01199	0.01558	0.02757	0.05874	0.02997	0.01439	0.00719	0.00240	0.00480	0.74945	0.00480	0.00480
30	0.01011	0.00954	0.01612	0.73379	0.10436	0.01164	0.01460	0.01355	0.01055	0.01364	0.00931	0.01379	0.00706	0.00515	0.00520	0.00172	0.00687	0.00463	0.00234	0.00601
31	0.38474	0.00995	0.01240	0.32428	0.09676	0.01157	0.01028	0.01528	0.02779	0.04971	0.00915	0.01167	0.00694	0.00508	0.00433	0.00166	0.00541	0.00388	0.00298	0.00615

[dist]
# distance from previous block
# <min> <max>
1	12

[block]
# block no. 4 follows, 47 sequences, length 85
# corresponding to MSA columns:
# 345-429
name=unknown_E
#
# <colnr> <probs for GDERKNQSTAVLIFYWHMCP>
#	G	D	E	R	K	N	Q	S	T	A	V	L	I	F	Y	W	H	M	C	P
0	0.09298	0.01356	0.01423	0.01107	0.01497	0.01503	0.00912	0.65217	0.02223	0.03112	0.01233	0.01259	0.00886	0.00611	0.00493	0.00154	0.00537	0.00453	0.05892	0.00831
1	0.05024	0.00545	0.00663	0.00746	0.00827	0.00537	0.00529	0.00934	0.06185	0.01457	0.02873	0.58487	0.09109	0.02844	0.00673	0.00211	0.00329	0.07092	0.00475	0.00461
2	0.01021	0.00596	0.00790	0.00716	0.00886	0.00542	0.00553	0.01255	0.01456	0.15616	0.60159	0.05372	0.04167	0.01017	0.00603	0.00167	0.00291	0.03652	0.00580	0.00559
3	0.01599	0.01516	0.01324	0.01146	0.01458	0.20667	0.00896	0.20374	0.37882	0.02208	0.03168	0.01616	0.02484	0.00662	0.00516	0.00161	0.00575	0.00513	0.00463	0.00772
4	0.01182	0.00994	0.01175	0.04931	0.02545	0.00841	0.00720	0.09698	0.02931	0.01865	0.00989	0.01137	0.00799	0.00427	0.00413	0.00094	0.00426	0.00343	0.00332	0.68157
5	0.01369	0.01232	0.02400	0.10651	0.06977	0.01238	0.43882	0.01718	0.01200	0.13624	0.01152	0.01425	0.00848	0.00532	0.00701	0.00177	0.09291	0.00558	0.00315	0.00710
6	0.01520	0.01068	0.01184	0.01031	0.01349	0.01181	0.00812	0.02718	0.61097	0.18723	0.02106	0.01906	0.01525	0.00693	0.00529	0.00173	0.00419	0.00575	0.00555	0.00838
7	0.00655	0.00476	0.00618	0.00695	0.00756	0.00439	0.00479	0.00782	0.01114	0.01499	0.19308	0.58927	0.09352	0.01486	0.00650	0.00199	0.00287	0.01336	0.00503	0.00439
8	0.00693	0.00501	0.00655	0.00761	0.00812	0.00482	0.00529	0.02231	0.03147	0.01406	0.02811	0.72063	0.03312	0.01573	0.00662	0.00212	0.00323	0.06894	0.00485	0.00447
9	0.00620	0.00510	0.00546	0.00575	0.00716	0.00436	0.00417	0.00742	0.01141	0.01388	0.04692	0.23527	0.60100	0.01395	0.00627	0.00184	0.00273	0.01192	0.00484	0.00436
10	0.00759	0.00542	0.00747	0.00868	0.00952	0.00530	0.00700	0.00940	0.01120	0.01469	0.02802	0.35417	0.03172	0.01514	0.00698	0.00229	0.00410	0.46193	0.00481	0.00457
11	0.00625	0.00528	0.00541	0.00538	0.00709	0.00444	0.00403	0.00766	0.01209	0.01460	0.10982	0.04924	0.72499	0.01299	0.00615	0.00175	0.00262	0.01087	0.00491	0.00444
12	0.00983	0.00926	0.01562	0.80447	0.03587	0.01157	0.01446	0.01331	0.01041	0.01331	0.00926	0.01388	0.00694	0.00521	0.00521	0.00174	0.00694	0.00463	0.00231	0.00579
13	0.01089	0.01034	0.01753	0.53693	0.29514	0.01185	0.01499	0.01423	0.01091	0.01459	0.00944	0.01354	0.00739	0.00501	0.00519	0.00167	0.00668	0.00463	0.00241	0.00664
14	0.00783	0.00615	0.00912	0.00889	0.00973	0.00744	0.00699	0.00962	0.00833	0.01213	0.01325	0.01956	0.01241	0.03610	0.71940	0.00777	0.09231	0.00548	0.00274	0.00475
15	0.01246	0.00654	0.00702	0.00624	0.00814	0.00662	0.00488	0.11148	0.01310	0.10243	0.01678	0.01834	0.01272	0.00613	0.00401	0.00130	0.00307	0.00487	0.64808	0.00580
16	0.02251	0.00886	0.01185	0.00916	0.01305	0.00783	0.00754	0.04368	0.02646	0.72304	0.02019	0.01769	0.01285	0.00643	0.00517	0.00159	0.00437	0.00522	0.04383	0.00867
17	0.01300	0.00675	0.00880	0.00756	0.00985	0.00613	0.00592	0.01570	0.04311	0.28372	0.45119	0.03154	0.07665	0.00921	0.00580	0.00164	0.00321	0.00794	0.00591	0.00636
18	0.01104	0.01091	0.01588	0.19389	0.01873	0.01495	0.01209	0.01271	0.00853	0.01271	0.00739	0.01196	0.00686	0.00822	0.01438	0.00215	0.62502	0.00457	0.00229	0.00572
19	0.01399	0.74793	0.06390	0.00939	0.01393	0.05292	0.00946	0.01586	0.01078	0.01248	0.00738	0.00853	0.00668	0.00452	0.00348	0.00115	0.00583	0.00286	0.00225	0.00671
20	0.00737	0.00532	0.00696	0.00655	0.00778	0.00491	0.00491	0.00983	0.01474	0.02088	0.78175	0.03890	0.04914	0.01065	0.00614	0.00164	0.00246	0.00942	0.00573	0.00491
21	0.49211	0.00947	0.00938	0.00783	0.01127	0.00996	0.00643	0.01916	0.03060	0.30763	0.04155	0.01332	0.01022	0.00571	0.00413	0.00162	0.00412	0.00404	0.00457	0.00688
22	0.14057	0.01194	0.01662	0.23333	0.35035	0.05865	0.01303	0.06014	0.01203	0.04173	0.00966	0.01241	0.00759	0.00502	0.00485	0.00160	0.00617	0.00431	0.00289	0.00711
23	0.02301	0.00903	0.01214	0.00935	0.01335	0.00795	0.00771	0.03897	0.03602	0.75322	0.02042	0.01768	0.01290	0.00646	0.00524	0.00161	0.00445	0.00524	0.00639	0.00885
24	0.00641	0.00529	0.00562	0.00554	0.00719	0.00450	0.00415	0.00796	0.01246	0.01548	0.20373	0.04779	0.63053	0.01266	0.00615	0.00173	0.00260	0.01066	0.00502	0.00450
25	0.10819	0.01768	0.01351	0.01156	0.01474	0.39266	0.00904	0.12734	0.03336	0.18433	0.01158	0.01183	0.00846	0.00581	0.00507	0.00149	0.02835	0.00399	0.00396	0.00705
26	0.01642	0.01042	0.01190	0.01012	0.01342	0.01117	0.00803	0.05538	0.48237	0.26822	0.03999	0.01911	0.01550	0.00693	0.00530	0.00171	0.00424	0.00572	0.00567	0.00838
27	0.00757	0.00505	0.00568	0.00568	0.00568	0.00505	0.00316	0.00757	0.00757	0.01010	0.01641	0.03408	0.01893	0.81698	0.02651	0.00505	0.00505	0.00757	0.00316	0.00316
28	0.00874	0.00752	0.01137	0.16135	0.01530	0.00949	0.00907	0.01075	0.00868	0.01242	0.01154	0.01727	0.01054	0.02622	0.47947	0.00581	0.18162	0.00518	0.00259	0.00509
29	0.04620	0.00932	0.01211	0.00941	0.01336	0.00850	0.00774	0.06164	0.06032	0.68378	0.01981	0.01731	0.01267	0.00643	0.00518	0.00162	0.00447	0.00518	0.00623	0.00873
30	0.00751	0.00573	0.00777	0.00797	0.00835	0.00641	0.00570	0.00852	0.00875	0.01216	0.01924	0.32175	0.02169	0.19674	0.24112	0.00459	0.09874	0.00938	0.00358	0.00429
31	0.01213	0.01138	0.01835	0.10490	0.54204	0.01112	0.01371	0.01509	0.01148	0.01663	0.00962	0.01254	0.00800	0.00453	0.00488	0.00140	0.00576	0.00430	0.00266	0.18947
32	0.01231	0.01128	0.01691	0.49319	0.13347	0.03829	0.04687	0.13099	0.03477	0.01720	0.01019	0.01355	0.00771	0.00531	0.00523	0.00167	0.00673	0.00470	0.00291	0.00673
33	0.00750	0.00504	0.00583	0.00590	0.00596	0.00507	0.00341	0.00764	0.00775	0.01037	0.01700	0.07808	0.01955	0.73483	0.06130	0.00504	0.00535	0.00789	0.00323	0.00329
34	0.32838	0.01384	0.01455	0.01810	0.31499	0.16225	0.01067	0.02930	0.01159	0.03936	0.00884	0.01069	0.00711	0.00493	0.00435	0.00153	0.00594	0.00373	0.00299	0.00688
35	0.00718	0.00491	0.00577	0.00610	0.00625	0.00480	0.00365	0.00748	0.00839	0.01112	0.02108	0.25054	0.04974	0.56730	0.02030	0.00412	0.00440	0.00969	0.00368	0.00350
36	0.02907	0.23430	0.23459	0.09237	0.01863	0.04224	0.04902	0.03458	0.03268	0.09200	0.02432	0.01238	0.00866	0.00537	0.00505	0.00151	0.03758	0.00409	0.03452	0.00702
37	0.00959	0.00701	0.00847	0.00741	0.00994	0.00609	0.00587	0.01234	0.04977	0.07076	0.24054	0.04394	0.16520	0.00930	0.00554	0.00152	0.00339	0.09860	0.00473	0.23999
38	0.71349	0.01065	0.02550	0.04501	0.01226	0.01190	0.02349	0.03508	0.04859	0.02276	0.00831	0.00956	0.00638	0.00499	0.00357	0.00163	0.00440	0.00320	0.00330	0.00594
39	0.00775	0.00550	0.00668	0.00678	0.00825	0.00495	0.00526	0.00953	0.01254	0.05550	0.22856	0.13953	0.33743	0.01278	0.00634	0.00187	0.00310	0.13770	0.00514	0.00480
40	0.01390	0.21843	0.36319	0.01186	0.01740	0.05046	0.01321	0.03614	0.03315	0.13687	0.03782	0.01270	0.00950	0.00589	0.01668	0.00160	0.00651	0.00408	0.00319	0.00745
41	0.01164	0.21861	0.53943	0.01375	0.02043	0.01433	0.06118	0.03543	0.01132	0.01589	0.00899	0.01057	0.00675	0.00483	0.00464	0.00152	0.00719	0.00375	0.00231	0.00744
42	0.00757	0.00505	0.00568	0.00568	0.00568	0.00505	0.00316	0.00757	0.00757	0.01010	0.01641	0.03408	0.01893	0.81698	0.02651	0.00505	0.00505	0.00757	0.00316	0.00316
43	0.01190	0.01290	0.02433	0.01837	0.02135	0.01437	0.43903	0.01489	0.01042	0.01489	0.00893	0.01290	0.00744	0.00644	0.01088	0.00198	0.35459	0.00546	0.00248	0.00645
44	0.41691	0.16857	0.01425	0.03121	0.04201	0.04273	0.00803	0.18660	0.01312	0.02247	0.00862	0.00971	0.00675	0.00511	0.00388	0.00150	0.00507	0.00337	0.00341	0.00669
45	0.00644	0.00459	0.00609	0.00726	0.00758	0.00431	0.00487	0.00736	0.00994	0.01325	0.02825	0.76641	0.03379	0.04370	0.00734	0.00222	0.00314	0.03447	0.00478	0.00421
46	0.00634	0.00453	0.00604	0.00725	0.00755	0.00423	0.00483	0.00725	0.00997	0.01329	0.02870	0.81358	0.03444	0.01632	0.00665	0.00211	0.00302	0.01480	0.00483	0.00423
47	0.09100	0.01372	0.01448	0.01126	0.01524	0.01518	0.00928	0.64140	0.04726	0.05182	0.01266	0.01268	0.00902	0.00616	0.00501	0.00157	0.00542	0.00459	0.02378	0.00847
48	0.02336	0.00886	0.01209	0.00927	0.01329	0.00765	0.00765	0.02538	0.01491	0.78810	0.02055	0.01773	0.01289	0.00645	0.00524	0.00161	0.00443	0.00524	0.00645	0.00886
49	0.00634	0.00453	0.00604	0.00725	0.00755	0.00423	0.00483	0.00725	0.00997	0.01329	0.02870	0.81358	0.03444	0.01632	0.00665	0.00211	0.00302	0.01480	0.00483	0.00423
50	0.01080	0.00553	0.00582	0.00555	0.00706	0.00554	0.00423	0.01395	0.05798	0.07287	0.03367	0.01971	0.01423	0.00625	0.00391	0.00128	0.00267	0.00504	0.71856	0.00534
51	0.00983	0.00926	0.01562	0.80447	0.03587	0.01157	0.01446	0.01331	0.01041	0.01331	0.00926	0.01388	0.00694	0.00521	0.00521	0.00174	0.00694	0.00463	0.00231	0.00579
52	0.00744	0.00558	0.00837	0.00837	0.00930	0.00651	0.00651	0.00930	0.00837	0.01209	0.01395	0.02046	0.01302	0.03906	0.79635	0.00837	0.01395	0.00558	0.00279	0.00465
53	0.01289	0.01237	0.02114	0.03196	0.78450	0.01237	0.01598	0.01598	0.01186	0.01701	0.00980	0.01289	0.00825	0.00464	0.00516	0.00155	0.00619	0.00464	0.00258	0.00825
54	0.01947	0.02430	0.01480	0.01334	0.01610	0.75624	0.01005	0.05892	0.01525	0.01377	0.00828	0.00955	0.00682	0.00541	0.00472	0.00135	0.00920	0.00342	0.00281	0.00618
55	0.00741	0.00535	0.00702	0.00667	0.00790	0.00496	0.00505	0.00987	0.01463	0.02068	0.75228	0.03968	0.04839	0.01079	0.00618	0.00167	0.00255	0.03834	0.00570	0.00491
56	0.01307	0.01483	0.12450	0.03997	0.21428	0.01251	0.36471	0.05677	0.01272	0.05693	0.01075	0.01338	0.00810	0.00473	0.00556	0.00165	0.00743	0.00523	0.00290	0.02999
57	0.01343	0.70785	0.13525	0.00975	0.01466	0.01940	0.01037	0.01572	0.01064	0.01285	0.00754	0.00873	0.00667	0.00453	0.00357	0.00119	0.00587	0.00294	0.00222	0.00683
58	0.02336	0.00886	0.01209	0.00927	0.01329	0.00765	0.00765	0.02538	0.01491	0.78810	0.02055	0.01773	0.01289	0.00645	0.00524	0.00161	0.00443	0.00524	0.00645	0.00886
59	0.02916	0.02656	0.77264	0.01467	0.02226	0.01209	0.01894	0.01647	0.01095	0.01664	0.00930	0.01094	0.00658	0.00495	0.00491	0.00165	0.00761	0.00383	0.00222	0.00765
60	0.01178	0.01186	0.01644	0.01388	0.01441	0.04170	0.05329	0.03217	0.00888	0.01327	0.00750	0.01184	0.00718	0.00978	0.04511	0.00243	0.68560	0.00465	0.00241	0.00582
61	0.00644	0.00460	0.00615	0.00736	0.00770	0.00431	0.00500	0.00742	0.01006	0.01340	0.02865	0.77863	0.03424	0.01623	0.00667	0.00213	0.00310	0.04882	0.00483	0.00426
62	0.00657	0.00478	0.00625	0.00734	0.00789	0.00446	0.00518	0.00770	0.01040	0.01365	0.03096	0.64667	0.10827	0.01577	0.00666	0.00211	0.00320	0.10300	0.00483	0.00431
63	0.00728	0.00503	0.00612	0.00655	0.00683	0.00496	0.00424	0.00785	0.00877	0.01164	0.02169	0.23944	0.04760	0.47801	0.04923	0.00407	0.00477	0.07845	0.00378	0.00369
64	0.01327	0.00835	0.00872	0.00744	0.00971	0.00893	0.00590	0.27403	0.03067	0.02411	0.01552	0.01702	0.01184	0.00615	0.00422	0.00135	0.00360	0.00482	0.53806	0.00631
65	0.01908	0.02206	0.01474	0.01326	0.03128	0.61155	0.00995	0.15825	0.01638	0.01675	0.00919	0.01035	0.00734	0.00554	0.00477	0.00138	0.00843	0.00367	0.02947	0.00657
66	0.01284	0.03359	0.21693	0.08584	0.40718	0.01210	0.04502	0.01690	0.02789	0.07648	0.01069	0.01294	0.00820	0.00494	0.00511	0.00160	0.00654	0.00453	0.00281	0.00788
67	0.03687	0.22006	0.03299	0.04401	0.20612	0.23191	0.01143	0.09431	0.02574	0.01623	0.00896	0.01069	0.00743	0.00515	0.00484	0.00142	0.02817	0.00378	0.00283	0.00707
68	0.00951	0.01189	0.19592	0.02516	0.03022	0.00846	0.00939	0.01511	0.15730	0.03136	0.36741	0.02779	0.07228	0.00845	0.00564	0.00167	0.00424	0.00724	0.00463	0.00633
69	0.00754	0.00518	0.00633	0.00633	0.00655	0.00540	0.00396	0.00799	0.00777	0.01058	0.01582	0.03079	0.01751	0.62937	0.21217	0.00585	0.00720	0.00709	0.00307	0.00352
70	0.01084	0.00944	0.01163	0.02204	0.01331	0.00726	0.03476	0.01325	0.01085	0.01690	0.00930	0.01097	0.00771	0.00390	0.00397	0.00082	0.00409	0.00323	0.00306	0.80270
71	0.00717	0.00488	0.00580	0.00620	0.00630	0.00478	0.00371	0.00747	0.00836	0.01115	0.02045	0.29045	0.02403	0.55365	0.01997	0.00408	0.00438	0.00995	0.00371	0.00351
72	0.01469	0.17585	0.28656	0.01300	0.01763	0.31623	0.01305	0.01806	0.03170	0.01417	0.00862	0.01011	0.00691	0.00528	0.00517	0.00146	0.04871	0.00354	0.00247	0.00678
73	0.01358	0.01058	0.01140	0.01013	0.01311	0.01188	0.00791	0.02618	0.65055	0.09864	0.02311	0.02118	0.06362	0.00739	0.00535	0.00175	0.00406	0.00614	0.00539	0.00806
74	0.01277	0.01225	0.02092	0.06215	0.75524	0.01234	0.01592	0.01588	0.01180	0.01687	0.00977	0.01293	0.00820	0.00466	0.00516	0.00155	0.00622	0.00464	0.00257	0.00815
75	0.04876	0.01443	0.01535	0.01180	0.01594	0.01599	0.00975	0.74102	0.02394	0.03249	0.01232	0.01236	0.00874	0.00620	0.00514	0.00156	0.00567	0.00462	0.00514	0.00874
76	0.00741	0.00498	0.00573	0.00589	0.00593	0.00494	0.00338	0.00753	0.00789	0.01052	0.01803	0.13690	0.02098	0.71137	0.02389	0.00466	0.00478	0.00853	0.00338	0.00330
77	0.01945	0.02482	0.01476	0.01342	0.01610	0.79608	0.01006	0.02079	0.01476	0.01275	0.00805	0.00939	0.00671	0.00537	0.00470	0.00134	0.00939	0.00335	0.00268	0.00604
78	0.00619	0.00528	0.00533	0.00532	0.00706	0.00441	0.00399	0.00755	0.01196	0.01429	0.07672	0.04975	0.75828	0.01311	0.00615	0.00175	0.00263	0.01094	0.00487	0.00441
79	0.00672	0.00530	0.00606	0.00587	0.00738	0.00464	0.00440	0.00858	0.01321	0.01726	0.39406	0.04487	0.43909	0.01200	0.00615	0.00170	0.00255	0.01025	0.00526	0.00464
80	0.00634	0.00453	0.00604	0.00725	0.00755	0.00423	0.00483	0.00725	0.00997	0.01329	0.02870	0.81358	0.03444	0.01632	0.00665	0.00211	0.00302	0.01480	0.00483	0.00423
81	0.01945	0.02482	0.01476	0.01342	0.01610	0.79608	0.01006	0.02079	0.01476	0.01275	0.00805	0.00939	0.00671	0.00537	0.00470	0.00134	0.00939	0.00335	0.00268	0.00604
82	0.85377	0.01007	0.00765	0.00685	0.01007	0.01168	0.00564	0.01531	0.00886	0.02336	0.00725	0.00846	0.00564	0.00483	0.00322	0.00161	0.00403	0.00282	0.00322	0.00564
83	0.00896	0.00458	0.00687	0.00687	0.00691	0.00462	0.00462	0.00691	0.00687	0.00920	0.00930	0.01607	0.00925	0.01916	0.05999	0.80557	0.00500	0.00458	0.00229	0.00238
84	0.02876	0.00527	0.00532	0.00516	0.00655	0.00531	0.00392	0.02777	0.01126	0.04024	0.01678	0.01899	0.01308	0.00605	0.00371	0.00124	0.00258	0.00482	0.78815	0.00506

[dist]
# distance from previous block
# <min> <max>
0	1

[block]
# block no. 5 follows, 47 sequences, length 86
# corresponding to MSA columns:
# 431-516
name=unknown_F
#
# <colnr> <probs for GDERKNQSTAVLIFYWHMCP>
#	G	D	E	R	K	N	Q	S	T	A	V	L	I	F	Y	W	H	M	C	P
0	0.00978	0.00607	0.00736	0.00691	0.00877	0.00544	0.00537	0.02634	0.01313	0.14200	0.22423	0.09134	0.32441	0.02833	0.00653	0.00185	0.00322	0.07829	0.00529	0.00534
1	0.00680	0.00533	0.00635	0.02047	0.00827	0.00481	0.00506	0.00848	0.01220	0.01564	0.20689	0.16948	0.39137	0.01313	0.00635	0.00187	0.00301	0.10496	0.00499	0.00456
2	0.31653	0.10730	0.00990	0.04997	0.01059	0.00966	0.00602	0.01303	0.01135	0.02012	0.26092	0.02012	0.02103	0.00687	0.00435	0.00151	0.00365	0.00533	0.11632	0.00543
3	0.01753	0.11375	0.01602	0.02918	0.01534	0.11623	0.00938	0.48000	0.01950	0.02512	0.01150	0.01286	0.00890	0.03172	0.05110	0.00197	0.00660	0.00442	0.02124	0.00766
4	0.00943	0.00736	0.00919	0.00807	0.01046	0.00658	0.02347	0.04360	0.06154	0.03330	0.14572	0.28373	0.04196	0.00985	0.00549	0.00155	0.00356	0.02004	0.00446	0.27064
5	0.07266	0.01065	0.01514	0.59513	0.04773	0.04031	0.01309	0.11429	0.01237	0.01670	0.00951	0.01312	0.00712	0.00531	0.00504	0.00169	0.00664	0.00446	0.00279	0.00625
6	0.01140	0.04489	0.61391	0.01532	0.02211	0.06875	0.09746	0.01669	0.01131	0.01603	0.00926	0.01115	0.00675	0.00502	0.00534	0.00164	0.02921	0.00405	0.00228	0.00743
7	0.21588	0.00939	0.01116	0.00883	0.01264	0.00900	0.00727	0.04727	0.03288	0.56664	0.01721	0.01545	0.01115	0.00608	0.00477	0.00161	0.00437	0.00467	0.00563	0.00810
8	0.01225	0.04886	0.30307	0.02383	0.42461	0.04113	0.04001	0.01635	0.01161	0.01648	0.00949	0.01193	0.00752	0.00476	0.00502	0.00157	0.00691	0.00428	0.00243	0.00787
9	0.00983	0.00926	0.01562	0.80447	0.03587	0.01157	0.01446	0.01331	0.01041	0.01331	0.00926	0.01388	0.00694	0.00521	0.00521	0.00174	0.00694	0.00463	0.00231	0.00579
10	0.00718	0.00543	0.00604	0.00590	0.00697	0.00507	0.00405	0.00880	0.03994	0.01447	0.20064	0.04079	0.32039	0.29669	0.01332	0.00290	0.00351	0.00924	0.00446	0.00422
11	0.00905	0.00452	0.00678	0.00678	0.00678	0.00452	0.00452	0.00678	0.00678	0.00905	0.00905	0.01583	0.00905	0.01809	0.02035	0.84848	0.00452	0.00452	0.00226	0.00226
12	0.01178	0.01128	0.04503	0.39360	0.10857	0.07819	0.01242	0.04191	0.05571	0.03992	0.01211	0.02943	0.01020	0.00707	0.00633	0.05724	0.00642	0.06361	0.00301	0.00617
13	0.01189	0.07094	0.44726	0.01225	0.01757	0.05195	0.01383	0.05836	0.01197	0.07255	0.02504	0.11689	0.01208	0.04721	0.00618	0.00182	0.00648	0.00560	0.00315	0.00698
14	0.00831	0.00594	0.00822	0.00935	0.01053	0.00592	0.00811	0.01060	0.01184	0.01537	0.02789	0.05772	0.04968	0.03998	0.00778	0.00247	0.00475	0.70607	0.00474	0.00473
15	0.12831	0.05378	0.15792	0.01345	0.10957	0.04618	0.02294	0.19230	0.05804	0.03875	0.01275	0.01380	0.03666	0.00582	0.00498	0.00157	0.02391	0.00447	0.06751	0.00730
16	0.01354	0.04601	0.12928	0.09296	0.23992	0.21534	0.02748	0.01679	0.03614	0.03206	0.02645	0.02748	0.06241	0.00591	0.00508	0.00155	0.00688	0.00488	0.00293	0.00691
17	0.01045	0.00983	0.01580	0.46512	0.23369	0.02790	0.01341	0.01352	0.01119	0.01486	0.06840	0.06933	0.01230	0.00621	0.00535	0.00169	0.00619	0.00565	0.00282	0.00629
18	0.76003	0.01005	0.00867	0.07789	0.03000	0.01169	0.00666	0.01515	0.00907	0.02233	0.00749	0.00904	0.00581	0.00486	0.00344	0.00162	0.00434	0.00302	0.00313	0.00571
19	0.00655	0.00527	0.00584	0.00574	0.00729	0.00456	0.00429	0.00823	0.01274	0.01624	0.28681	0.06686	0.52637	0.01245	0.00616	0.00173	0.00259	0.01059	0.00512	0.00456
20	0.01240	0.05379	0.10994	0.05742	0.13704	0.01102	0.07956	0.03434	0.03170	0.07297	0.02985	0.01371	0.00953	0.02380	0.00633	0.00152	0.07493	0.00446	0.01952	0.21617
21	0.01062	0.01012	0.01614	0.31840	0.13400	0.01232	0.04120	0.01319	0.00987	0.01383	0.00959	0.01477	0.00833	0.00920	0.07252	0.00239	0.24204	0.02669	0.00249	0.03227
22	0.01392	0.82012	0.02729	0.00891	0.01337	0.02061	0.00891	0.01559	0.01058	0.01225	0.00724	0.00835	0.00668	0.00446	0.00334	0.00111	0.00557	0.00278	0.00223	0.00668
23	0.01046	0.00610	0.00799	0.00712	0.00892	0.00558	0.00548	0.01306	0.03010	0.16444	0.61043	0.03475	0.05515	0.00983	0.00596	0.00164	0.00286	0.00859	0.00584	0.00571
24	0.00747	0.00536	0.00661	0.00636	0.00756	0.00496	0.00467	0.00932	0.01286	0.03091	0.46637	0.04010	0.18935	0.12791	0.03367	0.00238	0.00333	0.03113	0.00508	0.00461
25	0.01980	0.01459	0.01563	0.01198	0.01615	0.01615	0.00990	0.76713	0.02448	0.03282	0.01250	0.01250	0.00886	0.00625	0.00521	0.00156	0.00573	0.00469	0.00521	0.00886
26	0.00745	0.00554	0.00816	0.00816	0.00901	0.00639	0.00624	0.00916	0.00831	0.01193	0.01414	0.02154	0.01349	0.10058	0.73547	0.00811	0.01325	0.00574	0.00282	0.00453
27	0.28867	0.01122	0.01101	0.00898	0.01240	0.04127	0.00733	0.26033	0.01556	0.17280	0.01274	0.01293	0.00906	0.00577	0.00436	0.00154	0.00466	0.00416	0.10798	0.00722
28	0.03383	0.01248	0.01292	0.01029	0.01371	0.03348	0.00838	0.53590	0.05305	0.02871	0.01364	0.01415	0.01002	0.00620	0.00482	0.00149	0.00500	0.00470	0.18942	0.00782
29	0.00752	0.00574	0.00702	0.00758	0.00898	0.00538	0.00617	0.02799	0.01207	0.01522	0.04928	0.13810	0.33769	0.01385	0.00664	0.00207	0.00370	0.33547	0.00484	0.00467
30	0.00670	0.00545	0.00603	0.00632	0.00795	0.00478	0.00503	0.00828	0.01190	0.01444	0.04664	0.05221	0.59954	0.01348	0.00641	0.00191	0.00316	0.19045	0.00483	0.00449
31	0.01950	0.01444	0.01546	0.01192	0.01604	0.01601	0.00983	0.73551	0.05658	0.03235	0.01287	0.01280	0.00916	0.00629	0.00521	0.00157	0.00566	0.00474	0.00521	0.00883
32	0.00971	0.00485	0.00485	0.00485	0.00607	0.00485	0.00364	0.01213	0.01092	0.01942	0.01699	0.01942	0.01335	0.00607	0.00364	0.00121	0.00243	0.00485	0.84589	0.00485
33	0.00773	0.00584	0.00842	0.00862	0.02865	0.00668	0.00626	0.00924	0.00829	0.01184	0.01409	0.02263	0.01385	0.18911	0.60051	0.00735	0.03766	0.00591	0.00284	0.00448
34	0.01980	0.01459	0.01563	0.01198	0.01615	0.01615	0.00990	0.76713	0.02448	0.03282	0.01250	0.01250	0.00886	0.00625	0.00521	0.00156	0.00573	0.00469	0.00521	0.00886
35	0.01240	0.01187	0.02025	0.15617	0.66413	0.01224	0.01574	0.01555	0.01163	0.01642	0.00971	0.01305	0.00804	0.00473	0.00516	0.00158	0.00631	0.00464	0.00254	0.00785
36	0.09390	0.00969	0.01160	0.00930	0.01279	0.00956	0.00755	0.16438	0.06322	0.41985	0.09708	0.04716	0.01620	0.00710	0.00520	0.00163	0.00437	0.00574	0.00572	0.00796
37	0.45679	0.01160	0.01097	0.07759	0.01420	0.03721	0.00785	0.22769	0.02543	0.02442	0.00948	0.01073	0.00715	0.00546	0.00437	0.00160	0.02354	0.00368	0.03365	0.00659
38	0.01657	0.01870	0.04837	0.15783	0.05006	0.38845	0.01142	0.15299	0.05043	0.01719	0.00976	0.01150	0.00762	0.00564	0.00532	0.00152	0.03267	0.00405	0.00315	0.00675
39	0.00662	0.00483	0.00627	0.00735	0.00780	0.00461	0.00496	0.00813	0.04273	0.01368	0.02898	0.76069	0.05220	0.01584	0.00658	0.00209	0.00306	0.01433	0.00485	0.00441
40	0.01518	0.10035	0.01595	0.01397	0.09071	0.33789	0.01018	0.05583	0.05684	0.01456	0.00968	0.01204	0.00830	0.01007	0.10440	0.00238	0.12836	0.00409	0.00286	0.00637
41	0.01261	0.18957	0.09585	0.06889	0.28959	0.01356	0.01242	0.07887	0.05609	0.01767	0.09191	0.01557	0.01280	0.00573	0.00489	0.00151	0.00568	0.01628	0.00319	0.00734
42	0.00798	0.00546	0.00716	0.00665	0.00799	0.00502	0.00502	0.01042	0.01475	0.04999	0.75287	0.03810	0.04776	0.01049	0.00611	0.00164	0.00253	0.00926	0.00576	0.00506
43	0.00682	0.00497	0.00646	0.00747	0.00803	0.00474	0.00525	0.00838	0.03480	0.01401	0.05254	0.63530	0.06550	0.03189	0.00703	0.00216	0.00325	0.09212	0.00484	0.00442
44	0.01227	0.01184	0.02035	0.17905	0.57076	0.01229	0.06002	0.01589	0.03628	0.01644	0.01010	0.01336	0.00822	0.00481	0.00523	0.00160	0.00642	0.00477	0.00262	0.00770
45	0.00642	0.00467	0.00608	0.00717	0.00765	0.00433	0.00492	0.00744	0.01024	0.01347	0.03093	0.70616	0.10524	0.01593	0.00663	0.00209	0.00307	0.04845	0.00483	0.00427
46	0.00756	0.00510	0.00593	0.00593	0.00602	0.00519	0.00347	0.00774	0.00765	0.01029	0.01618	0.03279	0.01837	0.74328	0.09944	0.00536	0.00589	0.00738	0.00312	0.00330
47	0.01607	0.32047	0.10838	0.03738	0.01646	0.34336	0.01082	0.06438	0.01323	0.01425	0.00821	0.00953	0.00683	0.00503	0.00427	0.00132	0.00747	0.00332	0.00260	0.00663
48	0.02578	0.03568	0.20553	0.22540	0.05059	0.01249	0.30340	0.01539	0.01124	0.01561	0.01008	0.03038	0.00784	0.00511	0.00569	0.00172	0.02365	0.00517	0.00249	0.00678
49	0.00826	0.00592	0.00823	0.00940	0.01058	0.00589	0.00815	0.01057	0.01190	0.01546	0.02813	0.09085	0.04527	0.01444	0.00715	0.00237	0.00468	0.70321	0.00480	0.00476
50	0.01283	0.01265	0.01977	0.07237	0.66373	0.05909	0.01503	0.01576	0.01195	0.01643	0.01150	0.01433	0.04119	0.00508	0.00517	0.00155	0.00627	0.00483	0.00267	0.00782
51	0.01276	0.10507	0.27417	0.07925	0.15308	0.02715	0.01347	0.05028	0.01206	0.10268	0.01294	0.11066	0.01116	0.00649	0.00508	0.00162	0.00614	0.00546	0.00322	0.00725
52	0.01190	0.00995	0.06835	0.09130	0.01434	0.06278	0.00880	0.08429	0.01308	0.11224	0.05538	0.21763	0.02150	0.01035	0.00591	0.00188	0.00497	0.16465	0.03474	0.00596
53	0.47806	0.07079	0.05386	0.06552	0.10327	0.06861	0.00881	0.04040	0.01056	0.02019	0.00834	0.01002	0.00659	0.00494	0.00387	0.00154	0.00518	0.00337	0.02984	0.00625
54	0.00655	0.00529	0.00582	0.00569	0.00728	0.00456	0.00427	0.00824	0.01280	0.01628	0.28973	0.04647	0.54403	0.01236	0.00615	0.00172	0.00258	0.01048	0.00513	0.00456
55	0.02851	0.06685	0.27316	0.01209	0.04024	0.04427	0.02886	0.01965	0.09074	0.24283	0.07311	0.01656	0.02776	0.00616	0.00508	0.00160	0.00574	0.00500	0.00414	0.00765
56	0.01195	0.00907	0.01076	0.00785	0.01228	0.00695	0.00631	0.01424	0.01122	0.09204	0.01087	0.01260	0.00877	0.00436	0.00405	0.00089	0.00390	0.01831	0.01984	0.73371
57	0.01392	0.82012	0.02729	0.00891	0.01337	0.02061	0.00891	0.01559	0.01058	0.01225	0.00724	0.00835	0.00668	0.00446	0.00334	0.00111	0.00557	0.00278	0.00223	0.00668
58	0.00944	0.00866	0.01400	0.57132	0.05230	0.01022	0.02742	0.01294	0.03576	0.01462	0.09511	0.04484	0.06874	0.00674	0.00544	0.00173	0.00595	0.00599	0.00305	0.00572
