[name]
unknown

[dist]
# distance from previous block
# <min> <max>
10	113

[block]
# block no. 0 follows, 43 sequences, length 101
# corresponding to MSA columns:
# 299-317,322-403
name=unknown_A
#
# <colnr> <probs for GDERKNQSTAVLIFYWHMCP>
#	G	D	E	R	K	N	Q	S	T	A	V	L	I	F	Y	W	H	M	C	P
0	0.11871	0.01225	0.06688	0.01364	0.09237	0.01162	0.07458	0.09067	0.16232	0.05921	0.07113	0.06769	0.04420	0.00738	0.00575	0.00175	0.02332	0.00626	0.00438	0.06589
1	0.07012	0.09145	0.12337	0.07924	0.09630	0.06717	0.02955	0.05700	0.06911	0.10625	0.06373	0.01585	0.01234	0.02543	0.00567	0.00169	0.00607	0.00491	0.00380	0.07096
2	0.03858	0.13644	0.03100	0.02965	0.02911	0.08936	0.00882	0.11687	0.09819	0.14811	0.02974	0.05648	0.03545	0.02256	0.00552	0.00163	0.00544	0.00547	0.03999	0.07159
3	0.05229	0.03191	0.06506	0.05780	0.03193	0.09320	0.02581	0.16714	0.13043	0.18646	0.02793	0.01544	0.01134	0.00673	0.00642	0.00176	0.07047	0.00508	0.00466	0.00815
4	0.03272	0.04638	0.01330	0.01082	0.03230	0.01112	0.00855	0.13543	0.15749	0.20959	0.01872	0.06394	0.01534	0.02631	0.00632	0.00181	0.02105	0.07254	0.00518	0.11110
5	0.01424	0.00966	0.03402	0.02473	0.01311	0.00867	0.00767	0.12977	0.04552	0.17323	0.03974	0.23806	0.01928	0.02596	0.00616	0.00175	0.00447	0.00799	0.00501	0.19097
6	0.01400	0.01187	0.01258	0.01102	0.01434	0.01335	0.00863	0.08726	0.62736	0.02354	0.02193	0.02042	0.03827	0.00741	0.00555	0.00179	0.00446	0.00612	0.00545	0.06465
7	0.00695	0.00506	0.00673	0.00787	0.00817	0.00490	0.00530	0.00789	0.01046	0.01401	0.02944	0.75532	0.03526	0.04052	0.00803	0.00235	0.02705	0.01519	0.00501	0.00451
8	0.01088	0.01002	0.01646	0.71569	0.05610	0.01230	0.01492	0.04472	0.01172	0.01512	0.01062	0.03830	0.00838	0.00592	0.00558	0.00184	0.00718	0.00525	0.00268	0.00631
9	0.01272	0.12981	0.47094	0.05778	0.06731	0.05686	0.07791	0.01768	0.01208	0.03312	0.00995	0.01193	0.00742	0.00520	0.00516	0.00167	0.00786	0.00424	0.00254	0.00784
10	0.00682	0.00534	0.00618	0.00656	0.00780	0.00470	0.00469	0.00827	0.01241	0.01584	0.16149	0.31058	0.40012	0.01474	0.00672	0.00198	0.00292	0.01282	0.00530	0.00470
11	0.01032	0.00516	0.00516	0.00516	0.00645	0.00516	0.00387	0.01290	0.01161	0.02065	0.01807	0.02065	0.01420	0.00645	0.00387	0.00129	0.00258	0.00516	0.83611	0.00516
12	0.12096	0.02958	0.06412	0.03520	0.02113	0.05049	0.33479	0.05282	0.01303	0.08411	0.01242	0.01620	0.00974	0.00733	0.03843	0.00211	0.03750	0.03563	0.02723	0.00717
13	0.54152	0.07260	0.01145	0.00868	0.01234	0.06295	0.00717	0.07011	0.05202	0.05881	0.00974	0.01058	0.00747	0.00541	0.00394	0.00161	0.00492	0.00349	0.00373	0.05145
14	0.01150	0.01069	0.01605	0.22836	0.12660	0.01341	0.01247	0.03037	0.01022	0.01462	0.01004	0.01584	0.00915	0.07862	0.05066	0.00269	0.32720	0.00522	0.02005	0.00624
15	0.00781	0.00564	0.00738	0.00698	0.00827	0.00521	0.00522	0.01039	0.01556	0.02202	0.75084	0.05896	0.05190	0.01146	0.00654	0.00175	0.00263	0.01015	0.00607	0.00521
16	0.01155	0.01006	0.01236	0.00883	0.01378	0.00766	0.03745	0.01410	0.01155	0.01803	0.00990	0.01163	0.00821	0.00413	0.00420	0.00086	0.00432	0.00342	0.00326	0.80470
17	0.03647	0.26111	0.47452	0.01368	0.02045	0.01581	0.03383	0.05410	0.01225	0.01727	0.00940	0.01093	0.00717	0.00516	0.00474	0.00158	0.00732	0.00383	0.00255	0.00784
18	0.01224	0.01228	0.01676	0.01430	0.01477	0.03794	0.03153	0.01403	0.03040	0.01382	0.00822	0.01276	0.00787	0.01058	0.04862	0.00260	0.67838	0.00491	0.00258	0.02541
19	0.00770	0.00572	0.00682	0.00650	0.00809	0.00507	0.00489	0.00983	0.01448	0.03580	0.47247	0.04556	0.33232	0.01229	0.00652	0.00179	0.00273	0.01057	0.00574	0.00510
20	0.00672	0.00493	0.00632	0.00743	0.00796	0.00452	0.00502	0.00774	0.01088	0.01425	0.03397	0.70101	0.13514	0.01690	0.00700	0.00220	0.00316	0.01520	0.00514	0.00452
21	0.03120	0.05164	0.02108	0.25248	0.05889	0.01348	0.23140	0.03113	0.01161	0.01621	0.01116	0.05224	0.00947	0.00653	0.00775	0.00189	0.13675	0.00578	0.04266	0.00663
22	0.01076	0.01015	0.01715	0.72232	0.10554	0.01238	0.01553	0.01441	0.01122	0.01451	0.00990	0.01467	0.00751	0.00548	0.00553	0.00183	0.00731	0.00492	0.00249	0.00639
23	0.03712	0.00805	0.01058	0.00940	0.01226	0.00745	0.00774	0.01955	0.04872	0.38688	0.09378	0.07283	0.05428	0.01026	0.00626	0.00197	0.00444	0.19503	0.00603	0.00736
24	0.01121	0.04931	0.75687	0.01562	0.02371	0.01310	0.02017	0.01751	0.01168	0.01742	0.00988	0.01162	0.00702	0.00525	0.00522	0.00174	0.00813	0.00406	0.00234	0.00816
25	0.01120	0.04821	0.75791	0.01563	0.02373	0.01309	0.02019	0.01752	0.01168	0.01743	0.00988	0.01162	0.00702	0.00525	0.00522	0.00174	0.00813	0.00406	0.00234	0.00816
26	0.00879	0.00603	0.00724	0.00689	0.00860	0.00542	0.00518	0.01112	0.03386	0.07883	0.36541	0.11286	0.30431	0.01239	0.00649	0.00184	0.00295	0.01069	0.00571	0.00539
27	0.84448	0.01071	0.00814	0.00728	0.01071	0.01242	0.00600	0.01628	0.00943	0.02485	0.00771	0.00900	0.00600	0.00514	0.00343	0.00171	0.00428	0.00300	0.00343	0.00600
28	0.00790	0.00568	0.00779	0.00785	0.00847	0.00626	0.00560	0.00915	0.00869	0.01219	0.01653	0.06590	0.01716	0.30411	0.48363	0.00735	0.01098	0.00716	0.00321	0.00437
29	0.00871	0.00665	0.00853	0.06699	0.01113	0.00659	0.00630	0.04215	0.05169	0.02114	0.54393	0.07542	0.10742	0.01103	0.00640	0.00179	0.00325	0.00966	0.00564	0.00556
30	0.00954	0.00730	0.03154	0.04583	0.01119	0.00674	0.00696	0.04298	0.03163	0.05325	0.24852	0.11836	0.11015	0.10716	0.00919	0.00239	0.00417	0.14253	0.00510	0.00544
31	0.01184	0.00983	0.01152	0.00825	0.01315	0.00740	0.00660	0.01429	0.01160	0.03800	0.01016	0.01168	0.00835	0.00417	0.00414	0.00084	0.00412	0.00334	0.00338	0.81734
32	0.01378	0.01190	0.01252	0.01127	0.01440	0.01378	0.00877	0.02943	0.76081	0.02317	0.02254	0.02066	0.01691	0.00751	0.00564	0.00188	0.00438	0.00626	0.00564	0.00877
33	0.01390	0.41904	0.19061	0.01240	0.03321	0.06418	0.04906	0.01685	0.01175	0.03215	0.00984	0.04339	0.00863	0.00560	0.00485	0.00144	0.02919	0.00413	0.00269	0.04708
34	0.00763	0.00565	0.00712	0.00675	0.00815	0.00514	0.00506	0.01006	0.01519	0.02106	0.65532	0.04326	0.16555	0.01175	0.00653	0.00176	0.00264	0.01028	0.00595	0.00514
35	0.01307	0.01494	0.03268	0.02334	0.02894	0.01401	0.75070	0.01774	0.01307	0.01774	0.01120	0.01494	0.00840	0.00467	0.00654	0.00187	0.00934	0.00654	0.00280	0.00747
36	0.01114	0.01315	0.13520	0.40501	0.02878	0.03139	0.09926	0.01489	0.01164	0.03760	0.01330	0.09430	0.01174	0.00719	0.00614	0.00191	0.02526	0.04259	0.00302	0.00651
37	0.01224	0.02013	0.32421	0.04266	0.04912	0.01348	0.42117	0.01754	0.01246	0.01757	0.01065	0.01362	0.00784	0.00493	0.00598	0.00182	0.00875	0.00548	0.00261	0.00775
38	0.06543	0.01107	0.01359	0.01047	0.01475	0.01070	0.00865	0.21451	0.01817	0.54483	0.01892	0.01691	0.01221	0.00671	0.00545	0.00170	0.00505	0.00529	0.00634	0.00925
39	0.00675	0.00482	0.00643	0.00771	0.00803	0.00450	0.00514	0.00771	0.01060	0.01414	0.03053	0.80175	0.03663	0.01735	0.00707	0.00225	0.00321	0.01574	0.00514	0.00450
40	0.01148	0.00984	0.01148	0.00820	0.01312	0.00738	0.00656	0.01395	0.01148	0.01805	0.00984	0.01148	0.00820	0.00410	0.00410	0.00082	0.00410	0.00328	0.00328	0.83922
41	0.00951	0.00691	0.00834	0.02881	0.01012	0.00689	0.00597	0.01372	0.13797	0.05914	0.31835	0.11247	0.15325	0.07497	0.02677	0.00230	0.00375	0.00960	0.00542	0.00575
42	0.00766	0.00505	0.00675	0.00782	0.00834	0.00468	0.00529	0.00868	0.01087	0.05230	0.03009	0.76246	0.03548	0.01682	0.00699	0.00222	0.00329	0.01523	0.00523	0.00475
43	0.00750	0.00516	0.00631	0.00685	0.00703	0.00506	0.00424	0.00798	0.00916	0.01225	0.02286	0.35835	0.02685	0.44440	0.04779	0.00419	0.00482	0.01122	0.00409	0.00390
44	0.01919	0.03882	0.05419	0.01234	0.01670	0.01611	0.01053	0.55746	0.12596	0.04943	0.01457	0.01442	0.01049	0.00664	0.00544	0.00167	0.00584	0.00508	0.02605	0.00909
45	0.79817	0.01096	0.00909	0.00790	0.01142	0.01260	0.02807	0.03582	0.00997	0.02491	0.00796	0.00929	0.00616	0.00517	0.00357	0.00172	0.00448	0.00316	0.00346	0.00613
46	0.01155	0.01157	0.01925	0.54255	0.03315	0.05222	0.15980	0.01519	0.01165	0.01509	0.01033	0.01473	0.00787	0.00554	0.00601	0.00182	0.03108	0.00518	0.03904	0.00638
47	0.01481	0.80869	0.02902	0.00948	0.01421	0.02191	0.00948	0.01658	0.01125	0.01303	0.00770	0.00888	0.00711	0.00474	0.00355	0.00118	0.00592	0.00296	0.00237	0.00711
48	0.01032	0.00516	0.00516	0.00516	0.00645	0.00516	0.00387	0.01290	0.01161	0.02065	0.01807	0.02065	0.01420	0.00645	0.00387	0.00129	0.00258	0.00516	0.83611	0.00516
49	0.00685	0.00562	0.00604	0.00593	0.00767	0.00481	0.00445	0.00854	0.01335	0.01668	0.22509	0.05047	0.59851	0.01338	0.00654	0.00184	0.00276	0.01129	0.00537	0.00481
50	0.00674	0.00484	0.00641	0.00766	0.00802	0.00450	0.00512	0.00772	0.01066	0.01416	0.03118	0.78244	0.05551	0.01727	0.00706	0.00224	0.00320	0.01564	0.00514	0.00450
51	0.01212	0.01212	0.01696	0.01454	0.01454	0.01696	0.01212	0.01333	0.00848	0.01333	0.00727	0.01212	0.00727	0.00969	0.01818	0.00242	0.79523	0.00485	0.00242	0.00606
52	0.04371	0.00960	0.01284	0.00987	0.01413	0.00846	0.00815	0.04455	0.01595	0.73914	0.02131	0.01849	0.01343	0.00681	0.00552	0.00171	0.00474	0.00550	0.00674	0.00935
53	0.01307	0.01494	0.03268	0.02334	0.02894	0.01401	0.75070	0.01774	0.01307	0.01774	0.01120	0.01494	0.00840	0.00467	0.00654	0.00187	0.00934	0.00654	0.00280	0.00747
54	0.01378	0.01190	0.01252	0.01127	0.01440	0.01378	0.00877	0.02943	0.76081	0.02317	0.02254	0.02066	0.01691	0.00751	0.00564	0.00188	0.00438	0.00626	0.00564	0.00877
55	0.84448	0.01071	0.00814	0.00728	0.01071	0.01242	0.00600	0.01628	0.00943	0.02485	0.00771	0.00900	0.00600	0.00514	0.00343	0.00171	0.00428	0.00300	0.00343	0.00600
56	0.02105	0.01551	0.01662	0.01274	0.01717	0.01717	0.01053	0.75235	0.02604	0.03490	0.01330	0.01330	0.00942	0.00665	0.00554	0.00166	0.00609	0.00499	0.00554	0.00942
57	0.84448	0.01071	0.00814	0.00728	0.01071	0.01242	0.00600	0.01628	0.00943	0.02485	0.00771	0.00900	0.00600	0.00514	0.00343	0.00171	0.00428	0.00300	0.00343	0.00600
58	0.01371	0.01316	0.02248	0.03399	0.77081	0.01316	0.01700	0.01700	0.01261	0.01809	0.01042	0.01371	0.00877	0.00493	0.00548	0.00164	0.00658	0.00493	0.00274	0.00877
59	0.01378	0.01190	0.01252	0.01127	0.01440	0.01378	0.00877	0.02943	0.76081	0.02317	0.02254	0.02066	0.01691	0.00751	0.00564	0.00188	0.00438	0.00626	0.00564	0.00877
60	0.00675	0.00482	0.00643	0.00771	0.00803	0.00450	0.00514	0.00771	0.01060	0.01414	0.03053	0.80175	0.03663	0.01735	0.00707	0.00225	0.00321	0.01574	0.00514	0.00450
61	0.02059	0.01038	0.01273	0.01040	0.01424	0.01031	0.00838	0.02793	0.30256	0.48543	0.02212	0.01955	0.01494	0.00711	0.00559	0.00178	0.00459	0.00584	0.00639	0.00917
62	0.00791	0.00593	0.00890	0.00890	0.00989	0.00692	0.00692	0.00989	0.00890	0.01286	0.01483	0.02176	0.01385	0.04154	0.78341	0.00890	0.01483	0.00593	0.00297	0.00494
63	0.00691	0.00494	0.00661	0.00790	0.00829	0.00464	0.00542	0.00799	0.01076	0.01432	0.03044	0.74663	0.03628	0.01720	0.00711	0.00227	0.00335	0.06926	0.00514	0.00454
64	0.00675	0.00482	0.00643	0.00771	0.00803	0.00450	0.00514	0.00771	0.01060	0.01414	0.03053	0.80175	0.03663	0.01735	0.00707	0.00225	0.00321	0.01574	0.00514	0.00450
65	0.01040	0.00806	0.01140	0.03074	0.01282	0.00781	0.08073	0.11442	0.01338	0.03708	0.04460	0.47809	0.02649	0.01262	0.00644	0.00196	0.00444	0.01147	0.00479	0.08227
66	0.00686	0.00562	0.00605	0.00594	0.00768	0.00481	0.00446	0.00856	0.01337	0.01674	0.23086	0.05037	0.59271	0.01336	0.00654	0.00184	0.00276	0.01128	0.00538	0.00481
67	0.00786	0.00550	0.00681	0.00701	0.00722	0.00570	0.00446	0.00838	0.00871	0.01181	0.01949	0.19023	0.02227	0.51153	0.13571	0.00518	0.02534	0.00924	0.00364	0.00389
68	0.02131	0.01510	0.01636	0.01254	0.01697	0.01656	0.01036	0.70267	0.02534	0.08557	0.01388	0.01368	0.00971	0.00666	0.00554	0.00167	0.00600	0.00503	0.00563	0.00942
69	0.01227	0.00736	0.01050	0.01062	0.08012	0.00673	0.02811	0.01453	0.01429	0.19769	0.32573	0.16087	0.08701	0.01070	0.00630	0.00182	0.00378	0.00948	0.00565	0.00645
70	0.00697	0.00559	0.00623	0.00623	0.00783	0.00485	0.00466	0.00870	0.01332	0.01692	0.24763	0.10046	0.50643	0.01354	0.00660	0.00188	0.00284	0.02908	0.00540	0.00482
71	0.01789	0.24755	0.01998	0.01377	0.05530	0.41593	0.02952	0.07413	0.01476	0.01537	0.00975	0.04316	0.00864	0.00592	0.00477	0.00143	0.00806	0.00415	0.00300	0.00691
72	0.01341	0.00904	0.01042	0.00865	0.01153	0.00873	0.00658	0.07560	0.15527	0.12532	0.09293	0.02303	0.01796	0.17257	0.00995	0.00227	0.00443	0.00607	0.04650	0.19973
73	0.07764	0.01363	0.02545	0.12410	0.09378	0.03094	0.43620	0.03076	0.01287	0.06764	0.01128	0.01441	0.00843	0.00515	0.00618	0.00182	0.02350	0.00571	0.00311	0.00741
74	0.01115	0.01046	0.01754	0.64089	0.12343	0.01244	0.03621	0.03622	0.01179	0.01535	0.01102	0.01541	0.02352	0.00565	0.00558	0.00182	0.00721	0.00511	0.00265	0.00657
75	0.02121	0.01526	0.01646	0.01262	0.01705	0.01680	0.01043	0.72219	0.02562	0.06566	0.01365	0.01353	0.00960	0.00666	0.00554	0.00166	0.00604	0.00501	0.00559	0.00942
76	0.02243	0.01128	0.01377	0.01072	0.01487	0.01111	0.00880	0.23980	0.07231	0.48076	0.04178	0.01802	0.01384	0.00698	0.00559	0.00171	0.00503	0.00558	0.00636	0.00925
77	0.00781	0.00564	0.00737	0.00699	0.00827	0.00520	0.00522	0.01037	0.01553	0.02197	0.74600	0.06395	0.05179	0.01150	0.00655	0.00176	0.00263	0.01019	0.00607	0.00520
78	0.01307	0.01494	0.03268	0.02334	0.02894	0.01401	0.75070	0.01774	0.01307	0.01774	0.01120	0.01494	0.00840	0.00467	0.00654	0.00187	0.00934	0.00654	0.00280	0.00747
79	0.02485	0.00943	0.01285	0.00985	0.01414	0.00814	0.00814	0.02699	0.01585	0.77465	0.02185	0.01885	0.01371	0.00685	0.00557	0.00171	0.00471	0.00557	0.00685	0.00943
80	0.00687	0.00500	0.00648	0.00742	0.00801	0.00461	0.00507	0.00810	0.01146	0.01529	0.13097	0.63191	0.10587	0.01624	0.00695	0.00215	0.00310	0.01461	0.00527	0.00461
81	0.00693	0.00563	0.00615	0.00602	0.00772	0.00484	0.00451	0.00870	0.01354	0.01713	0.26950	0.04972	0.55381	0.01322	0.00654	0.00183	0.00275	0.01119	0.00543	0.00484
82	0.00768	0.00563	0.00720	0.00686	0.00819	0.00515	0.00512	0.01013	0.01524	0.02129	0.67889	0.06301	0.12142	0.01175	0.00655	0.00177	0.00265	0.01033	0.00598	0.00515
83	0.00784	0.00566	0.00740	0.00697	0.00827	0.00523	0.00523	0.01045	0.01568	0.02221	0.76789	0.04137	0.05226	0.01132	0.00653	0.00174	0.00261	0.01002	0.00610	0.00523
84	0.01148	0.00984	0.01148	0.00820	0.01312	0.00738	0.00656	0.01395	0.01148	0.01805	0.00984	0.01148	0.00820	0.00410	0.00410	0.00082	0.00410	0.00328	0.00328	0.83922
85	0.01416	0.01209	0.01274	0.01135	0.01455	0.01396	0.00886	0.06771	0.72190	0.02379	0.02205	0.02027	0.01651	0.00747	0.00563	0.00187	0.00447	0.00619	0.00563	0.00880
86	0.01046	0.00984	0.01661	0.79205	0.03814	0.01230	0.01538	0.01415	0.01107	0.01415	0.00984	0.01477	0.00738	0.00554	0.00554	0.00185	0.00738	0.00492	0.00246	0.00615
87	0.01111	0.02865	0.77667	0.01579	0.02397	0.01286	0.02046	0.01754	0.01169	0.01754	0.00994	0.01169	0.00702	0.00526	0.00526	0.00175	0.00818	0.00409	0.00234	0.00818
88	0.00675	0.00482	0.00643	0.00771	0.00803	0.00450	0.00514	0.00771	0.01060	0.01414	0.03053	0.80175	0.03663	0.01735	0.00707	0.00225	0.00321	0.01574	0.00514	0.00450
89	0.84448	0.01071	0.00814	0.00728	0.01071	0.01242	0.00600	0.01628	0.00943	0.02485	0.00771	0.00900	0.00600	0.00514	0.00343	0.00171	0.00428	0.00300	0.00343	0.00600
90	0.00835	0.00619	0.00813	0.00910	0.01051	0.00597	0.00779	0.01063	0.01272	0.01619	0.03576	0.06027	0.20905	0.01499	0.00738	0.00239	0.00455	0.55993	0.00511	0.00500
91	0.01307	0.01494	0.03268	0.02334	0.02894	0.01401	0.75070	0.01774	0.01307	0.01774	0.01120	0.01494	0.00840	0.00467	0.00654	0.00187	0.00934	0.00654	0.00280	0.00747
92	0.00780	0.00566	0.00735	0.00693	0.00825	0.00521	0.00520	0.01038	0.01559	0.02200	0.74765	0.04171	0.07263	0.01140	0.00653	0.00175	0.00262	0.01006	0.00607	0.00521
93	0.01586	0.01143	0.01259	0.01100	0.01435	0.01271	0.00865	0.02897	0.62059	0.16461	0.02241	0.02032	0.01630	0.00739	0.00562	0.00185	0.00445	0.00613	0.00586	0.00889
94	0.01359	0.01316	0.02283	0.05386	0.71387	0.01318	0.05377	0.01696	0.01259	0.01797	0.01044	0.01380	0.00872	0.00494	0.00554	0.00166	0.00674	0.00501	0.00274	0.00864
95	0.00781	0.00566	0.00736	0.00693	0.00825	0.00521	0.00520	0.01039	0.01560	0.02203	0.75014	0.04167	0.07012	0.01139	0.00653	0.00175	0.00262	0.01006	0.00607	0.00521
96	0.02485	0.00943	0.01285	0.00985	0.01414	0.00814	0.00814	0.02699	0.01585	0.77465	0.02185	0.01885	0.01371	0.00685	0.00557	0.00171	0.00471	0.00557	0.00685	0.00943
97	0.01046	0.00984	0.01661	0.79205	0.03814	0.01230	0.01538	0.01415	0.01107	0.01415	0.00984	0.01477	0.00738	0.00554	0.00554	0.00185	0.00738	0.00492	0.00246	0.00615
98	0.02812	0.00697	0.00933	0.01090	0.06451	0.00697	0.00817	0.01223	0.06315	0.01718	0.08057	0.17263	0.09063	0.01376	0.00700	0.00226	0.00447	0.39064	0.00501	0.00551
99	0.00675	0.00482	0.00643	0.00771	0.00803	0.00450	0.00514	0.00771	0.01060	0.01414	0.03053	0.80175	0.03663	0.01735	0.00707	0.00225	0.00321	0.01574	0.00514	0.00450
100	0.06598	0.00949	0.01262	0.00972	0.01397	0.00836	0.00803	0.02645	0.01553	0.73702	0.02114	0.01836	0.01332	0.00677	0.00546	0.00171	0.00469	0.00544	0.00668	0.00925

[dist]
# distance from previous block
# <min> <max>
2	17

[block]
# block no. 1 follows, 43 sequences, length 62
# corresponding to MSA columns:
# 431-492
name=unknown_B
#
# <colnr> <probs for GDERKNQSTAVLIFYWHMCP>
#	G	D	E	R	K	N	Q	S	T	A	V	L	I	F	Y	W	H	M	C	P
0	0.10869	0.04047	0.01424	0.01099	0.01495	0.05149	0.00897	0.31639	0.14385	0.15666	0.01527	0.01482	0.01092	0.00645	0.00514	0.00164	0.00539	0.00488	0.02607	0.04272
1	0.00934	0.00540	0.00626	0.00618	0.00743	0.00547	0.00467	0.01180	0.01199	0.01952	0.16990	0.02563	0.03570	0.01359	0.13800	0.00270	0.00469	0.00640	0.51020	0.00513
2	0.01423	0.01201	0.01263	0.01129	0.01436	0.03161	0.00893	0.11699	0.56236	0.02379	0.04556	0.02381	0.01818	0.00817	0.00581	0.00190	0.00474	0.06975	0.00553	0.00836
3	0.00772	0.00566	0.00724	0.00684	0.00820	0.00518	0.00513	0.01022	0.01540	0.02155	0.70350	0.04245	0.11706	0.01157	0.00653	0.00175	0.00263	0.01017	0.00601	0.00518
4	0.00892	0.00637	0.00892	0.01020	0.01147	0.00637	0.00892	0.01147	0.01275	0.01657	0.02932	0.06247	0.03187	0.01530	0.00765	0.00255	0.00510	0.73354	0.00510	0.00510
5	0.02248	0.01009	0.01289	0.01022	0.01427	0.00953	0.00833	0.04690	0.16845	0.60120	0.02176	0.01907	0.01425	0.00698	0.00558	0.00175	0.00468	0.00570	0.00657	0.00929
6	0.00675	0.00482	0.00643	0.00771	0.00803	0.00450	0.00514	0.00771	0.01060	0.01414	0.03053	0.80175	0.03663	0.01735	0.00707	0.00225	0.00321	0.01574	0.00514	0.00450
7	0.00675	0.00482	0.00643	0.00771	0.00803	0.00450	0.00514	0.00771	0.01060	0.01414	0.03053	0.80175	0.03663	0.01735	0.00707	0.00225	0.00321	0.01574	0.00514	0.00450
8	0.01448	0.74049	0.09439	0.01003	0.01507	0.02112	0.01044	0.01667	0.01129	0.01342	0.00790	0.00913	0.00710	0.00478	0.00370	0.00123	0.00612	0.00306	0.00237	0.00720
9	0.84448	0.01071	0.00814	0.00728	0.01071	0.01242	0.00600	0.01628	0.00943	0.02485	0.00771	0.00900	0.00600	0.00514	0.00343	0.00171	0.00428	0.00300	0.00343	0.00600
10	0.84448	0.01071	0.00814	0.00728	0.01071	0.01242	0.00600	0.01628	0.00943	0.02485	0.00771	0.00900	0.00600	0.00514	0.00343	0.00171	0.00428	0.00300	0.00343	0.00600
11	0.01066	0.00842	0.01016	0.01044	0.01241	0.00911	0.00865	0.01815	0.29868	0.01899	0.02728	0.07003	0.04024	0.01236	0.00684	0.00227	0.00472	0.41880	0.00531	0.00647
12	0.00938	0.00777	0.00825	0.00878	0.00973	0.07383	0.00616	0.08276	0.01258	0.01614	0.02690	0.65439	0.03135	0.01527	0.00674	0.00212	0.00409	0.01361	0.00498	0.00515
13	0.01380	0.01240	0.01798	0.35716	0.24410	0.03791	0.01441	0.15347	0.04423	0.01955	0.01148	0.01515	0.00899	0.00584	0.00555	0.00175	0.00683	0.01847	0.00330	0.00761
14	0.01046	0.00984	0.01661	0.79205	0.03814	0.01230	0.01538	0.01415	0.01107	0.01415	0.00984	0.01477	0.00738	0.00554	0.00554	0.00185	0.00738	0.00492	0.00246	0.00615
15	0.01251	0.01328	0.02345	0.01817	0.02049	0.01574	0.31695	0.01515	0.01038	0.01515	0.00889	0.01328	0.00774	0.00762	0.01337	0.00219	0.47087	0.00554	0.00258	0.00664
16	0.01377	0.01338	0.02211	0.05914	0.72711	0.03246	0.01678	0.01703	0.01264	0.01785	0.01035	0.01365	0.00868	0.00497	0.00547	0.00165	0.00669	0.00490	0.00273	0.00862
17	0.01938	0.01429	0.01607	0.01427	0.09100	0.03226	0.01059	0.49020	0.11645	0.09547	0.01586	0.01565	0.02896	0.00676	0.00556	0.00169	0.00581	0.00532	0.00532	0.00909
18	0.00962	0.00481	0.00722	0.00722	0.00722	0.00481	0.00481	0.00722	0.00722	0.00962	0.00962	0.01684	0.00962	0.01924	0.02165	0.83886	0.00481	0.00481	0.00241	0.00241
19	0.00691	0.00492	0.00650	0.00756	0.00796	0.00461	0.00506	0.00798	0.01095	0.01473	0.09864	0.69416	0.03730	0.05457	0.00803	0.00235	0.00326	0.01484	0.00514	0.00451
20	0.01339	0.01283	0.02190	0.10911	0.69822	0.01307	0.01684	0.01671	0.01246	0.01770	0.01036	0.01381	0.00863	0.00499	0.00549	0.00166	0.00666	0.00493	0.00271	0.00851
21	0.02407	0.00937	0.01268	0.00980	0.01397	0.00818	0.00807	0.02654	0.03330	0.73414	0.04458	0.01958	0.01496	0.00701	0.00560	0.00172	0.00464	0.00572	0.00680	0.00928
22	0.01272	0.08020	0.64975	0.01477	0.02233	0.01301	0.01849	0.01841	0.01207	0.09225	0.01097	0.01221	0.00769	0.00538	0.00518	0.00171	0.00769	0.00416	0.00279	0.00823
23	0.01148	0.00984	0.01148	0.00820	0.01312	0.00738	0.00656	0.01395	0.01148	0.01805	0.00984	0.01148	0.00820	0.00410	0.00410	0.00082	0.00410	0.00328	0.00328	0.83922
24	0.01148	0.00984	0.01148	0.00820	0.01312	0.00738	0.00656	0.01395	0.01148	0.01805	0.00984	0.01148	0.00820	0.00410	0.00410	0.00082	0.00410	0.00328	0.00328	0.83922
25	0.01709	0.03474	0.07819	0.01471	0.04487	0.02567	0.17819	0.02415	0.23476	0.26105	0.01769	0.01733	0.01246	0.00628	0.00572	0.00178	0.00613	0.00575	0.00488	0.00855
26	0.00662	0.00553	0.00577	0.00588	0.00757	0.00468	0.00435	0.00803	0.01256	0.01520	0.08488	0.12694	0.66453	0.01424	0.00660	0.00190	0.00284	0.01202	0.00518	0.00468
27	0.00756	0.00558	0.00707	0.00685	0.00814	0.00509	0.00508	0.00986	0.01480	0.02049	0.60439	0.11190	0.14814	0.01224	0.00658	0.00181	0.00269	0.01076	0.00588	0.00509
28	0.00767	0.00565	0.00717	0.00679	0.00817	0.00515	0.00509	0.01013	0.01528	0.02127	0.67570	0.04292	0.14504	0.01167	0.00653	0.00176	0.00264	0.01023	0.00597	0.00515
29	0.17773	0.00967	0.01197	0.00937	0.01350	0.00894	0.00774	0.02499	0.01465	0.63480	0.01921	0.01701	0.01227	0.00654	0.00517	0.00171	0.00463	0.00509	0.00622	0.00879
30	0.01378	0.01190	0.01252	0.01127	0.01440	0.01378	0.00877	0.02943	0.76081	0.02317	0.02254	0.02066	0.01691	0.00751	0.00564	0.00188	0.00438	0.00626	0.00564	0.00877
31	0.00725	0.00554	0.00670	0.00700	0.00829	0.00500	0.00525	0.00905	0.01312	0.01714	0.26089	0.21315	0.31104	0.01408	0.00678	0.00199	0.00310	0.09435	0.00542	0.00485
32	0.38080	0.03061	0.07749	0.06268	0.01430	0.01075	0.00827	0.01794	0.01128	0.20293	0.01252	0.01481	0.00956	0.08484	0.00673	0.00204	0.00508	0.00436	0.00406	0.03895
33	0.01920	0.01446	0.01599	0.08059	0.01853	0.01618	0.01065	0.60197	0.09726	0.03165	0.01400	0.01430	0.01007	0.00663	0.00552	0.00169	0.00597	0.00511	0.02123	0.00899
34	0.00684	0.00497	0.00645	0.00745	0.00801	0.00459	0.00507	0.00800	0.01128	0.01501	0.10583	0.66096	0.10218	0.01646	0.00697	0.00217	0.00312	0.01482	0.00524	0.00459
35	0.01242	0.00651	0.00697	0.00636	0.00821	0.00654	0.00493	0.08148	0.01327	0.08756	0.01891	0.02072	0.03389	0.00746	0.02094	0.00154	0.00336	0.00537	0.64765	0.00591
36	0.01246	0.01357	0.02756	0.17866	0.04520	0.01395	0.50889	0.01654	0.01218	0.01656	0.01050	0.01458	0.00809	0.00537	0.00752	0.00192	0.09067	0.00600	0.00269	0.00708
37	0.00884	0.00631	0.00882	0.01010	0.01134	0.00630	0.00877	0.01132	0.01266	0.01648	0.02937	0.09204	0.03206	0.01538	0.00763	0.00254	0.00502	0.70483	0.00510	0.00508
38	0.00682	0.00513	0.00632	0.00706	0.00791	0.00463	0.00490	0.00809	0.01173	0.01528	0.12196	0.51348	0.23506	0.01577	0.00687	0.00209	0.00303	0.01400	0.00525	0.00463
39	0.01143	0.05234	0.73700	0.01556	0.02352	0.03025	0.01991	0.01761	0.01177	0.01731	0.00984	0.01157	0.00702	0.00526	0.00520	0.00173	0.00816	0.00405	0.00235	0.00811
40	0.01312	0.01231	0.01953	0.17068	0.49352	0.01312	0.01516	0.01879	0.15188	0.01831	0.01257	0.01520	0.01003	0.00553	0.00552	0.00173	0.00632	0.00518	0.00323	0.00828
41	0.09526	0.01321	0.01930	0.13746	0.10341	0.06710	0.14150	0.01552	0.01072	0.01591	0.00883	0.01274	0.00751	0.00693	0.01044	0.00201	0.31796	0.00489	0.00266	0.00664
42	0.01218	0.02959	0.00964	0.00856	0.01075	0.15127	0.00651	0.01450	0.05136	0.10481	0.13439	0.09765	0.28592	0.03639	0.00678	0.00189	0.00465	0.02236	0.00495	0.00585
43	0.00730	0.00513	0.00618	0.00679	0.00711	0.00489	0.00428	0.00788	0.00967	0.01273	0.02712	0.39980	0.09543	0.36134	0.01625	0.00358	0.00412	0.01202	0.00436	0.00402
44	0.01427	0.05342	0.02051	0.16184	0.46149	0.01407	0.01504	0.12448	0.04579	0.01981	0.01111	0.01388	0.00888	0.00539	0.00541	0.00167	0.00652	0.00490	0.00320	0.00832
45	0.00736	0.00546	0.00694	0.00798	0.00858	0.00531	0.00544	0.00962	0.07624	0.01494	0.03037	0.71756	0.05045	0.01642	0.00693	0.00221	0.00331	0.01483	0.00518	0.00488
46	0.09633	0.25345	0.27081	0.01352	0.01899	0.15925	0.08208	0.01801	0.01222	0.01622	0.00892	0.01059	0.00709	0.00512	0.00465	0.00153	0.00758	0.00378	0.00259	0.00726
47	0.02118	0.01276	0.01461	0.01148	0.01564	0.01342	0.00939	0.37578	0.14461	0.29440	0.01786	0.01648	0.01218	0.00687	0.00557	0.00172	0.00532	0.00540	0.00602	0.00931
48	0.00822	0.00580	0.00766	0.00814	0.00934	0.00555	0.00652	0.01054	0.01353	0.01860	0.31307	0.14205	0.07313	0.01344	0.00687	0.00210	0.00366	0.29147	0.05522	0.00506
49	0.01356	0.01361	0.01975	0.40357	0.12880	0.10529	0.12771	0.08918	0.01362	0.01721	0.01032	0.01394	0.00790	0.00545	0.00562	0.00175	0.00776	0.00502	0.00290	0.00706
50	0.00884	0.00682	0.00821	0.00766	0.00935	0.00678	0.00580	0.01378	0.15441	0.02179	0.57022	0.03849	0.10468	0.01083	0.00637	0.00178	0.00296	0.00945	0.00593	0.00584
51	0.00671	0.00497	0.00627	0.00732	0.00793	0.00453	0.00497	0.00776	0.01098	0.01429	0.03530	0.66215	0.17315	0.01673	0.00697	0.00218	0.00314	0.01499	0.00514	0.00453
52	0.00777	0.00566	0.00731	0.00690	0.00823	0.00520	0.00517	0.01033	0.01552	0.02184	0.73202	0.04197	0.08836	0.01146	0.00653	0.00175	0.00262	0.01010	0.00605	0.00520
53	0.00699	0.00561	0.00624	0.00612	0.00776	0.00486	0.00457	0.00880	0.01362	0.01741	0.29808	0.06494	0.50915	0.01317	0.00655	0.00183	0.00275	0.01120	0.00547	0.00486
54	0.01481	0.80869	0.02902	0.00948	0.01421	0.02191	0.00948	0.01658	0.01125	0.01303	0.00770	0.00888	0.00711	0.00474	0.00355	0.00118	0.00592	0.00296	0.00237	0.00711
55	0.01111	0.02865	0.77667	0.01579	0.02397	0.01286	0.02046	0.01754	0.01169	0.01754	0.00994	0.01169	0.00702	0.00526	0.00526	0.00175	0.00818	0.00409	0.00234	0.00818
56	0.00823	0.00575	0.00753	0.00703	0.00841	0.00529	0.00529	0.01084	0.01568	0.03966	0.75059	0.04085	0.05136	0.01122	0.00651	0.00174	0.00266	0.00991	0.00611	0.00532
57	0.01481	0.80869	0.02902	0.00948	0.01421	0.02191	0.00948	0.01658	0.01125	0.01303	0.00770	0.00888	0.00711	0.00474	0.00355	0.00118	0.00592	0.00296	0.00237	0.00711
58	0.01020	0.00636	0.00724	0.00685	0.00760	0.00643	0.00433	0.01206	0.08349	0.07923	0.01837	0.03244	0.01897	0.61855	0.02282	0.00451	0.00508	0.00752	0.04343	0.00451
59	0.00968	0.00626	0.00827	0.00889	0.01040	0.00591	0.00732	0.01170	0.01266	0.09097	0.03370	0.18670	0.16581	0.01459	0.00714	0.00229	0.00431	0.40278	0.00529	0.00534
60	0.00811	0.00549	0.00643	0.00650	0.00674	0.00544	0.00403	0.00859	0.00922	0.01239	0.09285	0.03904	0.02434	0.65760	0.02425	0.00476	0.00507	0.07168	0.00378	0.00369
61	0.19963	0.01786	0.01365	0.01248	0.03051	0.36154	0.00954	0.07222	0.01338	0.01761	0.00929	0.01164	0.00784	0.01005	0.09166	0.00245	0.10510	0.00399	0.00314	0.00639

[dist]
# distance from previous block
# <min> <max>
5	6

[block]
# block no. 2 follows, 43 sequences, length 10
# corresponding to MSA columns:
# 499-508
name=unknown_C
#
# <colnr> <probs for GDERKNQSTAVLIFYWHMCP>
#	G	D	E	R	K	N	Q	S	T	A	V	L	I	F	Y	W	H	M	C	P
0	0.01855	0.01357	0.01528	0.01213	0.01569	0.01507	0.00990	0.53307	0.02154	0.06985	0.01463	0.08914	0.01198	0.00792	0.00701	0.00177	0.09154	0.00597	0.00515	0.04024
1	0.00702	0.00507	0.00665	0.00743	0.00807	0.00469	0.00512	0.00843	0.01200	0.01627	0.22284	0.57303	0.07150	0.01565	0.00691	0.00210	0.00304	0.01409	0.00539	0.00469
2	0.01206	0.01114	0.01774	0.50703	0.16979	0.01334	0.01495	0.07131	0.01223	0.01639	0.00994	0.01417	0.00778	0.00596	0.00690	0.00186	0.09287	0.00492	0.00275	0.00688
3	0.01432	0.01407	0.02140	0.07672	0.64191	0.07242	0.01618	0.04403	0.01325	0.01812	0.01035	0.01347	0.00859	0.00509	0.00545	0.00164	0.00687	0.00483	0.00284	0.00846
4	0.00671	0.00495	0.00629	0.00737	0.00794	0.00453	0.00499	0.00775	0.01094	0.01427	0.03474	0.67851	0.15715	0.01680	0.00698	0.00219	0.00315	0.01508	0.00514	0.00453
5	0.00675	0.00482	0.00643	0.00771	0.00803	0.00450	0.00514	0.00771	0.01060	0.01414	0.03053	0.80175	0.03663	0.01735	0.00707	0.00225	0.00321	0.01574	0.00514	0.00450
6	0.01541	0.01350	0.01310	0.01153	0.01477	0.09203	0.00900	0.10665	0.55959	0.04697	0.02107	0.01967	0.03696	0.00741	0.00558	0.00180	0.00510	0.00599	0.00537	0.00850
7	0.01705	0.01504	0.09823	0.01424	0.08627	0.01433	0.01147	0.43462	0.07955	0.04416	0.01702	0.03952	0.04915	0.00753	0.00572	0.00176	0.00591	0.04494	0.00492	0.00857
8	0.00819	0.00625	0.00907	0.00892	0.00973	0.00736	0.00683	0.00989	0.00878	0.01264	0.01467	0.02283	0.01417	0.12785	0.64874	0.00809	0.06206	0.00611	0.00298	0.00483
9	0.01991	0.01495	0.01598	0.01251	0.01674	0.01664	0.01025	0.63911	0.14114	0.03307	0.01474	0.01445	0.01059	0.00678	0.00556	0.00170	0.00583	0.00519	0.00556	0.00932

[dist]
# distance from previous block
# <min> <max>
0	1

[block]
# block no. 3 follows, 43 sequences, length 53
# corresponding to MSA columns:
# 510-562
name=unknown_D
#
# <colnr> <probs for GDERKNQSTAVLIFYWHMCP>
#	G	D	E	R	K	N	Q	S	T	A	V	L	I	F	Y	W	H	M	C	P
0	0.01399	0.00790	0.00900	0.00765	0.01033	0.00746	0.00601	0.10433	0.02819	0.19109	0.04174	0.04127	0.18751	0.03197	0.00594	0.00169	0.00376	0.00701	0.23577	0.05741
1	0.01749	0.13035	0.09461	0.01640	0.10686	0.32350	0.05739	0.13605	0.01563	0.01806	0.00968	0.01132	0.00776	0.00562	0.00539	0.00154	0.02759	0.00413	0.00314	0.00750
2	0.01765	0.01833	0.01742	0.05502	0.13252	0.30559	0.05661	0.18740	0.09619	0.02045	0.01286	0.01409	0.02873	0.00614	0.00542	0.00162	0.00764	0.00484	0.00378	0.00771
3	0.01046	0.00984	0.01661	0.79205	0.03814	0.01230	0.01538	0.01415	0.01107	0.01415	0.00984	0.01477	0.00738	0.00554	0.00554	0.00185	0.00738	0.00492	0.00246	0.00615
4	0.01307	0.01494	0.03268	0.02334	0.02894	0.01401	0.75070	0.01774	0.01307	0.01774	0.01120	0.01494	0.00840	0.00467	0.00654	0.00187	0.00934	0.00654	0.00280	0.00747
5	0.01378	0.01190	0.01252	0.01127	0.01440	0.01378	0.00877	0.02943	0.76081	0.02317	0.02254	0.02066	0.01691	0.00751	0.00564	0.00188	0.00438	0.00626	0.00564	0.00877
6	0.00717	0.00564	0.00648	0.00627	0.00787	0.00494	0.00470	0.00916	0.01411	0.01848	0.40204	0.04750	0.42044	0.01271	0.00654	0.00181	0.00271	0.01088	0.00561	0.00494
7	0.00788	0.00529	0.00609	0.00627	0.00631	0.00525	0.00360	0.00801	0.00840	0.01120	0.01924	0.14086	0.02239	0.69767	0.02530	0.00494	0.00507	0.00910	0.00360	0.00351
8	0.02447	0.00967	0.01296	0.00998	0.01424	0.00855	0.00823	0.04924	0.03393	0.73410	0.02160	0.01872	0.01365	0.00686	0.00557	0.00172	0.00475	0.00557	0.00679	0.00941
9	0.02105	0.01551	0.01662	0.01274	0.01717	0.01717	0.01053	0.75235	0.02604	0.03490	0.01330	0.01330	0.00942	0.00665	0.00554	0.00166	0.00609	0.00499	0.00554	0.00942
10	0.02485	0.00943	0.01285	0.00985	0.01414	0.00814	0.00814	0.02699	0.01585	0.77465	0.02185	0.01885	0.01371	0.00685	0.00557	0.00171	0.00471	0.00557	0.00685	0.00943
11	0.02003	0.01500	0.01604	0.01253	0.01678	0.01670	0.01028	0.65030	0.12976	0.03325	0.01460	0.01434	0.01048	0.00677	0.00555	0.00169	0.00585	0.00517	0.00555	0.00933
12	0.00666	0.00561	0.00576	0.00573	0.00755	0.00472	0.00430	0.00816	0.01289	0.01558	0.11725	0.05227	0.70703	0.01379	0.00654	0.00186	0.00279	0.01154	0.00522	0.00472
13	0.01133	0.00968	0.01132	0.00819	0.01296	0.00729	0.00652	0.01375	0.01146	0.01792	0.01050	0.03666	0.00911	0.00452	0.00420	0.00087	0.00407	0.00368	0.00334	0.81263
14	0.01304	0.01485	0.03217	0.02305	0.02847	0.01410	0.72655	0.01760	0.01292	0.01760	0.01108	0.01485	0.00837	0.00483	0.00692	0.00189	0.03504	0.00648	0.00279	0.00742
15	0.01212	0.01212	0.01696	0.01454	0.01454	0.01696	0.01212	0.01333	0.00848	0.01333	0.00727	0.01212	0.00727	0.00969	0.01818	0.00242	0.79523	0.00485	0.00242	0.00606
16	0.01536	0.01744	0.01724	0.33073	0.15594	0.33971	0.01367	0.01802	0.01330	0.01458	0.00940	0.01255	0.00752	0.00551	0.00530	0.00163	0.00835	0.00435	0.00268	0.00672
17	0.01073	0.01025	0.01633	0.57684	0.03138	0.01318	0.01421	0.01374	0.01050	0.01398	0.01077	0.01541	0.03283	0.00683	0.00864	0.00199	0.19863	0.00513	0.00254	0.00608
18	0.00805	0.00537	0.00604	0.00604	0.00604	0.00537	0.00336	0.00805	0.00805	0.01074	0.01745	0.03624	0.02013	0.80536	0.02819	0.00537	0.00537	0.00805	0.00336	0.00336
19	0.00699	0.00514	0.00656	0.00724	0.00802	0.00470	0.00504	0.00842	0.01214	0.01625	0.21721	0.51171	0.13938	0.01540	0.00686	0.00207	0.00301	0.01377	0.00538	0.00470
20	0.01205	0.03826	0.01592	0.01320	0.01432	0.06097	0.05041	0.04769	0.01020	0.01445	0.00993	0.01472	0.00922	0.01758	0.22507	0.00403	0.42809	0.00510	0.00276	0.00604
21	0.01474	0.72746	0.06331	0.01070	0.04005	0.03900	0.01027	0.01677	0.01142	0.01342	0.00791	0.00920	0.00716	0.00479	0.00373	0.00123	0.00615	0.00309	0.00239	0.00720
22	0.01106	0.00556	0.00570	0.00550	0.00697	0.00556	0.00418	0.03170	0.01211	0.04566	0.01807	0.02041	0.01406	0.00647	0.00397	0.00131	0.00274	0.00517	0.78840	0.00541
23	0.00746	0.00575	0.00651	0.00639	0.00810	0.00502	0.00489	0.00931	0.01363	0.03263	0.27115	0.04952	0.48927	0.01313	0.00659	0.00187	0.00293	0.05541	0.00547	0.00497
24	0.01307	0.01494	0.03268	0.02334	0.02894	0.01401	0.75070	0.01774	0.01307	0.01774	0.01120	0.01494	0.00840	0.00467	0.00654	0.00187	0.00934	0.00654	0.00280	0.00747
25	0.01387	0.01596	0.02861	0.02112	0.02567	0.10748	0.56656	0.01771	0.01280	0.01667	0.01038	0.01398	0.00810	0.00544	0.00784	0.00189	0.11004	0.00596	0.00276	0.00716
26	0.01371	0.01316	0.02248	0.03399	0.77081	0.01316	0.01700	0.01700	0.01261	0.01809	0.01042	0.01371	0.00877	0.00493	0.00548	0.00164	0.00658	0.00493	0.00274	0.00877
27	0.00962	0.00481	0.00722	0.00722	0.00722	0.00481	0.00481	0.00722	0.00722	0.00962	0.00962	0.01684	0.00962	0.01924	0.02165	0.83886	0.00481	0.00481	0.00241	0.00241
28	0.01341	0.01152	0.01221	0.01101	0.01403	0.01325	0.00855	0.02827	0.71535	0.02311	0.06801	0.02193	0.01906	0.00775	0.00569	0.00187	0.00428	0.00649	0.00566	0.00855
29	0.01357	0.01302	0.02224	0.06539	0.74047	0.01312	0.01693	0.01688	0.01255	0.01793	0.01039	0.01375	0.00872	0.00496	0.00549	0.00165	0.00661	0.00493	0.00273	0.00866
30	0.07556	0.01535	0.06147	0.17301	0.03934	0.14358	0.01140	0.20281	0.03133	0.12578	0.01228	0.01345	0.00888	0.00592	0.00520	0.00163	0.00669	0.00454	0.00409	0.05771
31	0.01512	0.68393	0.02725	0.01130	0.05984	0.05973	0.00999	0.03010	0.03386	0.01404	0.00844	0.00965	0.00754	0.00491	0.00384	0.00125	0.00613	0.00324	0.00257	0.00726
32	0.00932	0.00617	0.00790	0.00726	0.00890	0.00571	0.00552	0.01226	0.04044	0.08183	0.64071	0.03960	0.09100	0.01100	0.00643	0.00175	0.00285	0.00964	0.00608	0.00565
33	0.00816	0.00579	0.00738	0.00704	0.00851	0.00529	0.00538	0.01058	0.01506	0.04027	0.59985	0.04381	0.15436	0.01184	0.00658	0.00181	0.00285	0.05428	0.00592	0.00525
34	0.01212	0.01212	0.01696	0.01454	0.01454	0.01696	0.01212	0.01333	0.00848	0.01333	0.00727	0.01212	0.00727	0.00969	0.01818	0.00242	0.79523	0.00485	0.00242	0.00606
35	0.00732	0.00564	0.00669	0.00643	0.00796	0.00501	0.00482	0.00945	0.01446	0.01931	0.48354	0.04614	0.33842	0.01240	0.00654	0.00179	0.00269	0.01068	0.00572	0.00501
36	0.01186	0.01175	0.01648	0.01420	0.01426	0.01636	0.01180	0.01312	0.00851	0.01330	0.00772	0.01270	0.00766	0.01161	0.06412	0.00281	0.74838	0.00491	0.00246	0.00599
37	0.00848	0.00577	0.00747	0.00705	0.00842	0.00529	0.00525	0.01085	0.01507	0.05436	0.64190	0.08219	0.08227	0.03243	0.00709	0.00187	0.00282	0.01016	0.00596	0.00530
38	0.01909	0.02208	0.01601	0.10819	0.01955	0.53856	0.01131	0.12949	0.01633	0.01680	0.00936	0.01116	0.00751	0.00602	0.00578	0.00156	0.04720	0.00400	0.00319	0.00682
39	0.01461	0.01035	0.01239	0.03390	0.01450	0.00865	0.00750	0.09043	0.01365	0.14395	0.01216	0.01298	0.00920	0.00486	0.00453	0.00108	0.00451	0.00388	0.00407	0.59279
40	0.00803	0.00861	0.10014	0.00776	0.01012	0.00624	0.00688	0.01113	0.03621	0.01955	0.44548	0.04067	0.25582	0.01127	0.00636	0.00178	0.00340	0.00968	0.00535	0.00553
41	0.01207	0.06706	0.30090	0.03140	0.06942	0.03962	0.17265	0.01733	0.06228	0.01760	0.05796	0.01902	0.01292	0.00658	0.00608	0.00182	0.02793	0.06673	0.00317	0.00745
42	0.01175	0.01024	0.01282	0.01132	0.10483	0.00808	0.00783	0.01431	0.01162	0.01805	0.00991	0.01175	0.00827	0.00420	0.00427	0.00092	0.00440	0.00348	0.00322	0.73870
43	0.00877	0.00627	0.00875	0.01003	0.01123	0.00624	0.00866	0.01121	0.01260	0.01640	0.02941	0.11418	0.03221	0.01544	0.00761	0.00253	0.00497	0.68333	0.00510	0.00506
44	0.01148	0.00984	0.01148	0.00820	0.01312	0.00738	0.00656	0.01395	0.01148	0.01805	0.00984	0.01148	0.00820	0.00410	0.00410	0.00082	0.00410	0.00328	0.00328	0.83922
45	0.01969	0.01407	0.01536	0.01202	0.01608	0.01530	0.00981	0.62767	0.02372	0.07062	0.01522	0.08564	0.01210	0.00757	0.00564	0.00170	0.00571	0.00596	0.00551	0.03062
46	0.01201	0.01017	0.01117	0.16612	0.01590	0.10745	0.00871	0.02772	0.01161	0.01703	0.01315	0.01665	0.01069	0.00885	0.05428	0.00208	0.13557	0.00490	0.36021	0.00573
47	0.00681	0.00485	0.00641	0.00763	0.00794	0.00454	0.00506	0.00773	0.01048	0.01398	0.02992	0.76610	0.03586	0.05405	0.00805	0.00239	0.00331	0.01539	0.00506	0.00445
48	0.01138	0.00999	0.01373	0.01270	0.04802	0.03007	0.04876	0.05700	0.01110	0.01638	0.03355	0.12229	0.01443	0.01346	0.10576	0.00288	0.31824	0.00671	0.11758	0.00598
49	0.01212	0.01212	0.01696	0.01454	0.01454	0.01696	0.01212	0.01333	0.00848	0.01333	0.00727	0.01212	0.00727	0.00969	0.01818	0.00242	0.79523	0.00485	0.00242	0.00606
50	0.01140	0.01105	0.01709	0.59555	0.15299	0.04813	0.01495	0.01508	0.02593	0.01495	0.01153	0.01567	0.03106	0.00575	0.00554	0.00180	0.00718	0.00509	0.00267	0.00659
51	0.00812	0.00570	0.00712	0.00705	0.00732	0.00610	0.00457	0.00870	0.00830	0.01139	0.01646	0.03162	0.01806	0.57395	0.23607	0.00627	0.02872	0.00739	0.00322	0.00386
52	0.00835	0.00576	0.00748	0.00721	0.00857	0.00529	0.00543	0.01073	0.01493	0.04886	0.60085	0.10961	0.08971	0.01202	0.00659	0.00183	0.00287	0.04269	0.00594	0.00528

[dist]
# distance from previous block
# <min> <max>
0	2

[block]
# block no. 4 follows, 43 sequences, length 51
# corresponding to MSA columns:
# 565-594,596-616
name=unknown_E
#
# <colnr> <probs for GDERKNQSTAVLIFYWHMCP>
#	G	D	E	R	K	N	Q	S	T	A	V	L	I	F	Y	W	H	M	C	P
0	0.00781	0.00649	0.00710	0.02160	0.00918	0.00608	0.00532	0.01125	0.10392	0.01734	0.18244	0.04670	0.50576	0.01262	0.00645	0.00187	0.00312	0.03432	0.00533	0.00532
1	0.01098	0.00587	0.00601	0.00575	0.00724	0.00600	0.00438	0.06182	0.01251	0.02141	0.01768	0.02019	0.01387	0.00729	0.02224	0.00149	0.00310	0.00517	0.76158	0.00544
2	0.27910	0.03001	0.11613	0.01343	0.09733	0.08856	0.01072	0.10821	0.07120	0.02178	0.01086	0.03048	0.00874	0.00599	0.00528	0.00168	0.04177	0.00431	0.00355	0.05086
3	0.01360	0.01353	0.02026	0.19563	0.51952	0.07892	0.01580	0.01728	0.04033	0.01704	0.01058	0.01388	0.00863	0.00523	0.00546	0.00168	0.00696	0.00486	0.00280	0.00800
4	0.01472	0.05430	0.12900	0.05721	0.28034	0.19525	0.01395	0.03651	0.06775	0.01727	0.01145	0.01420	0.00934	0.00640	0.02090	0.00176	0.00743	0.01797	0.03658	0.00765
5	0.01288	0.14045	0.35272	0.12961	0.04204	0.07299	0.10506	0.01736	0.01215	0.03389	0.01032	0.01322	0.00796	0.00542	0.00524	0.00168	0.00782	0.01907	0.00263	0.00748
6	0.01189	0.01130	0.01919	0.45848	0.36055	0.01268	0.01609	0.01540	0.01175	0.01589	0.01010	0.01430	0.00799	0.00527	0.00551	0.00176	0.00703	0.00493	0.00258	0.00731
7	0.00989	0.00922	0.01107	0.02634	0.01156	0.07043	0.00816	0.01100	0.01010	0.01361	0.01925	0.39188	0.02214	0.05524	0.02752	0.00253	0.28089	0.01016	0.00382	0.00518
8	0.01394	0.01422	0.06120	0.06408	0.02329	0.01380	0.35931	0.12507	0.01406	0.03740	0.01110	0.01403	0.00849	0.00577	0.00756	0.00180	0.11573	0.00551	0.02009	0.08356
9	0.01249	0.00880	0.01018	0.00921	0.01170	0.00922	0.00718	0.02042	0.33042	0.11973	0.24844	0.04503	0.09173	0.00964	0.00609	0.00185	0.00378	0.04101	0.00586	0.00721
10	0.00674	0.00486	0.00638	0.00760	0.00800	0.00451	0.00509	0.00772	0.01071	0.01418	0.03186	0.76259	0.07493	0.01718	0.00704	0.00223	0.00319	0.01553	0.00514	0.00451
