[name]
unknown

[dist]
# distance from previous block
# <min> <max>
0	117

[block]
# block no. 0 follows, 46 sequences, length 24
# corresponding to MSA columns:
# 117-140
name=unknown_A
#
# <colnr> <probs for GDERKNQSTAVLIFYWHMCP>
#	G	D	E	R	K	N	Q	S	T	A	V	L	I	F	Y	W	H	M	C	P
0	0.00756	0.00545	0.00717	0.00688	0.00812	0.00507	0.00525	0.01005	0.01476	0.02081	0.72365	0.04096	0.04846	0.01108	0.00631	0.00172	0.00267	0.06330	0.00575	0.00498
1	0.01647	0.01178	0.01279	0.01069	0.01406	0.02832	0.00853	0.22952	0.37364	0.14669	0.07436	0.01875	0.01597	0.00708	0.00539	0.00169	0.00467	0.00575	0.00552	0.00835
2	0.04930	0.00697	0.00815	0.00738	0.00925	0.00693	0.00568	0.06751	0.08534	0.04317	0.51192	0.03489	0.12297	0.01003	0.00592	0.00168	0.00305	0.00862	0.00554	0.00569
3	0.01829	0.02256	0.01600	0.05257	0.13304	0.63906	0.01133	0.02002	0.01433	0.01362	0.00850	0.01028	0.00706	0.00533	0.00486	0.00141	0.00893	0.00366	0.00269	0.00646
4	0.00652	0.00478	0.00613	0.00704	0.00763	0.00439	0.00481	0.00766	0.01086	0.01438	0.10876	0.63793	0.12852	0.01558	0.00663	0.00205	0.00296	0.01399	0.00500	0.00439
5	0.78967	0.01016	0.00836	0.06537	0.01215	0.01185	0.00638	0.01539	0.00911	0.02297	0.00751	0.00899	0.00582	0.00494	0.00342	0.00165	0.00431	0.00300	0.00320	0.00574
6	0.00969	0.00672	0.00858	0.00878	0.01027	0.00676	0.00707	0.04804	0.08099	0.05689	0.15777	0.16047	0.04466	0.04662	0.00747	0.00222	0.00412	0.32232	0.00512	0.00544
7	0.00946	0.00543	0.00727	0.00762	0.00867	0.00496	0.00540	0.01076	0.01155	0.14331	0.11975	0.58363	0.03314	0.01418	0.00645	0.00200	0.00324	0.01273	0.00529	0.00516
8	0.01157	0.01157	0.01619	0.01388	0.01388	0.01619	0.01157	0.01272	0.00810	0.01272	0.00694	0.01157	0.00694	0.00925	0.01735	0.00231	0.80453	0.00463	0.00231	0.00578
9	0.00769	0.00587	0.00876	0.00868	0.00959	0.00694	0.00678	0.00955	0.00848	0.01229	0.01391	0.02045	0.01300	0.03860	0.76658	0.00828	0.04134	0.00563	0.00281	0.00476
10	0.00750	0.00525	0.00681	0.00669	0.00776	0.00485	0.00493	0.00912	0.01312	0.01809	0.51306	0.10523	0.12517	0.01265	0.00811	0.10705	0.00290	0.03200	0.00517	0.00453
11	0.00642	0.00469	0.00604	0.00711	0.00760	0.00431	0.00480	0.00739	0.01036	0.01359	0.03216	0.71682	0.12695	0.01617	0.00669	0.00210	0.00302	0.01455	0.00491	0.00431
12	0.01413	0.81739	0.02770	0.00905	0.01357	0.02092	0.00905	0.01583	0.01074	0.01244	0.00735	0.00848	0.00678	0.00452	0.00339	0.00113	0.00565	0.00283	0.00226	0.00678
13	0.01157	0.01157	0.01619	0.01388	0.01388	0.01619	0.01157	0.01272	0.00810	0.01272	0.00694	0.01157	0.00694	0.00925	0.01735	0.00231	0.80453	0.00463	0.00231	0.00578
14	0.00694	0.00530	0.00638	0.00629	0.00761	0.00473	0.00465	0.00887	0.01343	0.01798	0.44747	0.12848	0.29802	0.01233	0.00630	0.00176	0.00262	0.01071	0.00541	0.00473
15	0.00755	0.00566	0.00850	0.00850	0.00944	0.00661	0.00661	0.00944	0.00850	0.01227	0.01416	0.02077	0.01322	0.03965	0.79326	0.00850	0.01416	0.00566	0.00283	0.00472
16	0.81228	0.01017	0.00798	0.00707	0.01038	0.01167	0.00582	0.01602	0.00929	0.05983	0.00800	0.00903	0.00607	0.00498	0.00337	0.00164	0.00411	0.00298	0.00343	0.00588
17	0.02179	0.00943	0.01221	0.00965	0.01354	0.00875	0.00788	0.02619	0.15287	0.64602	0.02098	0.01831	0.01364	0.00666	0.00533	0.00166	0.00444	0.00544	0.00633	0.00888
18	0.00727	0.00502	0.00588	0.00618	0.00654	0.00483	0.00385	0.00786	0.00928	0.01241	0.07005	0.24147	0.09619	0.45734	0.01775	0.00371	0.00412	0.01000	0.02649	0.00377
19	0.00789	0.00565	0.00775	0.00867	0.00970	0.00551	0.00711	0.01002	0.01225	0.01632	0.16583	0.21440	0.03495	0.01432	0.00699	0.00223	0.00405	0.45655	0.00505	0.00477
20	0.01116	0.01098	0.01542	0.01334	0.01344	0.01523	0.01107	0.01239	0.00814	0.01268	0.00766	0.01249	0.00757	0.01229	0.09490	0.00293	0.72554	0.00473	0.00237	0.00568
21	0.00998	0.00940	0.01586	0.80150	0.03641	0.01175	0.01468	0.01351	0.01057	0.01351	0.00940	0.01409	0.00705	0.00529	0.00529	0.00176	0.00705	0.00470	0.00235	0.00587
22	0.01246	0.01023	0.01111	0.01027	0.01289	0.01160	0.00796	0.02474	0.62153	0.04401	0.02271	0.11339	0.01896	0.00862	0.00563	0.00186	0.00410	0.04485	0.00533	0.00774
23	0.01218	0.01164	0.01982	0.25689	0.56386	0.01232	0.01577	0.01543	0.01161	0.01617	0.00978	0.01338	0.00799	0.00488	0.00525	0.00163	0.00650	0.00471	0.00254	0.00764

[dist]
# distance from previous block
# <min> <max>
0	1

[block]
# block no. 1 follows, 46 sequences, length 27
# corresponding to MSA columns:
# 142-168
name=unknown_B
#
# <colnr> <probs for GDERKNQSTAVLIFYWHMCP>
#	G	D	E	R	K	N	Q	S	T	A	V	L	I	F	Y	W	H	M	C	P
0	0.00655	0.00504	0.00603	0.00676	0.00775	0.00452	0.00487	0.00777	0.01109	0.01402	0.03896	0.43459	0.33717	0.01510	0.00659	0.00203	0.00307	0.07878	0.00490	0.00441
1	0.11217	0.01291	0.01375	0.01097	0.01483	0.01420	0.00896	0.44459	0.17029	0.12088	0.01484	0.01427	0.01054	0.00637	0.00508	0.00164	0.00514	0.00486	0.00523	0.00850
2	0.01187	0.01032	0.01203	0.00946	0.01351	0.00964	0.03252	0.01920	0.30769	0.01912	0.01417	0.01449	0.01108	0.00520	0.00456	0.00121	0.00419	0.00435	0.00399	0.49140
3	0.01120	0.01017	0.01419	0.01014	0.01494	0.00806	0.12699	0.01389	0.01120	0.01718	0.00960	0.01149	0.00786	0.00400	0.00429	0.00094	0.00471	0.00363	0.00306	0.71244
4	0.00769	0.00513	0.00577	0.00577	0.00577	0.00513	0.00320	0.00769	0.00769	0.01025	0.01666	0.03460	0.01922	0.81421	0.02691	0.00513	0.00513	0.00769	0.00320	0.00320
5	0.00769	0.00513	0.00577	0.00577	0.00577	0.00513	0.00320	0.00769	0.00769	0.01025	0.01666	0.03460	0.01922	0.81421	0.02691	0.00513	0.00513	0.00769	0.00320	0.00320
6	0.02010	0.01481	0.01587	0.01216	0.01639	0.01639	0.01005	0.76360	0.02486	0.03332	0.01269	0.01269	0.00899	0.00635	0.00529	0.00159	0.00582	0.00476	0.00529	0.00899
7	0.14574	0.01100	0.01554	0.47568	0.16651	0.04916	0.01319	0.03488	0.01118	0.01633	0.00920	0.01278	0.00712	0.00516	0.00493	0.00168	0.00652	0.00435	0.00264	0.00640
8	0.85155	0.01022	0.00777	0.00695	0.01022	0.01186	0.00573	0.01554	0.00900	0.02372	0.00736	0.00859	0.00573	0.00491	0.00327	0.00164	0.00409	0.00286	0.00327	0.00573
9	0.00918	0.00459	0.00689	0.00689	0.00689	0.00459	0.00459	0.00689	0.00689	0.00918	0.00918	0.01607	0.00918	0.01837	0.02066	0.84619	0.00459	0.00459	0.00230	0.00230
10	0.85155	0.01022	0.00777	0.00695	0.01022	0.01186	0.00573	0.01554	0.00900	0.02372	0.00736	0.00859	0.00573	0.00491	0.00327	0.00164	0.00409	0.00286	0.00327	0.00573
11	0.80353	0.01015	0.00803	0.00709	0.01041	0.01162	0.00584	0.01613	0.00935	0.06787	0.00814	0.00913	0.00615	0.00500	0.00339	0.00164	0.00411	0.00300	0.00346	0.00592
12	0.01573	0.01236	0.01481	0.04816	0.03895	0.05299	0.06606	0.15407	0.28604	0.12722	0.01586	0.01577	0.01164	0.00626	0.00565	0.00163	0.03225	0.00516	0.00465	0.08474
13	0.01397	0.01450	0.02029	0.08127	0.58083	0.14265	0.03714	0.01688	0.01244	0.01628	0.00963	0.01260	0.00801	0.00486	0.00519	0.00155	0.00695	0.00454	0.00262	0.00779
14	0.00660	0.00471	0.00631	0.00754	0.00792	0.00443	0.00518	0.00763	0.01028	0.01367	0.02905	0.75401	0.03462	0.01641	0.00679	0.00217	0.00320	0.07023	0.00490	0.00434
15	0.01119	0.28808	0.38319	0.01144	0.01689	0.01378	0.01324	0.01514	0.01175	0.01615	0.15578	0.01568	0.01498	0.00596	0.00471	0.00149	0.00607	0.00463	0.00293	0.00693
16	0.00666	0.00476	0.00638	0.00761	0.00801	0.00448	0.00529	0.00774	0.01034	0.01374	0.02902	0.73185	0.03449	0.01636	0.00681	0.00218	0.00326	0.09179	0.00490	0.00435
17	0.00651	0.00463	0.00611	0.00727	0.00756	0.00434	0.00481	0.00738	0.00998	0.01331	0.02841	0.76574	0.03405	0.06283	0.00792	0.00232	0.00319	0.01460	0.00481	0.00423
18	0.01060	0.02735	0.78682	0.01507	0.02288	0.01228	0.01953	0.01674	0.01116	0.01674	0.00949	0.01116	0.00670	0.00502	0.00502	0.00167	0.00781	0.00391	0.00223	0.00781
19	0.01205	0.01135	0.01905	0.41926	0.14953	0.01267	0.13991	0.08425	0.06713	0.01711	0.01087	0.01424	0.00825	0.00529	0.00544	0.00172	0.00692	0.00506	0.00293	0.00695
20	0.00795	0.00578	0.00775	0.00875	0.00991	0.00563	0.00733	0.01002	0.01188	0.01535	0.04793	0.14539	0.12553	0.03196	0.00751	0.00236	0.00433	0.53506	0.00486	0.00472
21	0.00862	0.00661	0.00733	0.00689	0.00880	0.00630	0.00524	0.04555	0.10681	0.04379	0.21782	0.08557	0.40757	0.01164	0.00609	0.00176	0.00305	0.00988	0.00526	0.00542
22	0.01361	0.01389	0.02001	0.17822	0.44521	0.11948	0.07150	0.04464	0.01267	0.01652	0.00976	0.01287	0.00790	0.00497	0.00526	0.00160	0.00706	0.00465	0.00268	0.00751
23	0.01233	0.01398	0.03031	0.06711	0.02813	0.01328	0.71904	0.01674	0.01237	0.01674	0.01062	0.01425	0.00797	0.00450	0.00618	0.00178	0.00881	0.00615	0.00266	0.00706
24	0.00647	0.00464	0.00610	0.00726	0.00759	0.00432	0.00483	0.00738	0.01010	0.01342	0.02940	0.76655	0.05418	0.04123	0.00736	0.00223	0.00312	0.01470	0.00485	0.00426
25	0.00746	0.00511	0.00576	0.00585	0.00604	0.00500	0.00341	0.00765	0.00828	0.01087	0.02103	0.09475	0.09097	0.67958	0.02347	0.00459	0.00474	0.00856	0.00349	0.00340
26	0.01197	0.00987	0.01265	0.00919	0.01377	0.00793	0.06358	0.04965	0.01190	0.05267	0.01070	0.03314	0.00887	0.00453	0.00430	0.00097	0.00439	0.00386	0.00340	0.68266

[dist]
# distance from previous block
# <min> <max>
6	13

[block]
# block no. 2 follows, 46 sequences, length 92
# corresponding to MSA columns:
# 183-274
name=unknown_C
#
# <colnr> <probs for GDERKNQSTAVLIFYWHMCP>
#	G	D	E	R	K	N	Q	S	T	A	V	L	I	F	Y	W	H	M	C	P
0	0.01377	0.01205	0.01330	0.04178	0.07435	0.07439	0.02259	0.12262	0.23781	0.03683	0.02788	0.01620	0.03869	0.00600	0.00495	0.00143	0.00503	0.00492	0.01832	0.22709
1	0.01155	0.00661	0.00887	0.00848	0.01025	0.00608	0.01985	0.04420	0.01242	0.19362	0.05960	0.42873	0.04015	0.01257	0.00625	0.00194	0.00379	0.07891	0.00522	0.04091
2	0.00693	0.00538	0.00630	0.00607	0.00756	0.00475	0.00455	0.00890	0.01365	0.01809	0.45267	0.04461	0.37760	0.01197	0.00624	0.00172	0.00258	0.01028	0.00541	0.00475
3	0.01245	0.04833	0.07545	0.15650	0.06985	0.06186	0.44259	0.01638	0.01200	0.01579	0.00995	0.01335	0.00763	0.00485	0.00604	0.00172	0.03043	0.00537	0.00256	0.00691
4	0.01096	0.00940	0.01096	0.00783	0.01253	0.00705	0.00626	0.01331	0.01096	0.01723	0.00940	0.01096	0.00783	0.00392	0.00392	0.00078	0.00392	0.00313	0.00313	0.84653
5	0.00780	0.00637	0.00760	0.02546	0.03750	0.01936	0.00573	0.01042	0.04682	0.01775	0.35874	0.06178	0.30583	0.01152	0.00620	0.00177	0.00316	0.05595	0.00514	0.00509
6	0.00918	0.00459	0.00689	0.00689	0.00689	0.00459	0.00459	0.00689	0.00689	0.00918	0.00918	0.01607	0.00918	0.01837	0.02066	0.84619	0.00459	0.00459	0.00230	0.00230
7	0.01215	0.01170	0.01866	0.36491	0.41164	0.04045	0.01519	0.03367	0.01182	0.01588	0.00971	0.01338	0.00776	0.00503	0.00524	0.00165	0.00672	0.00466	0.00257	0.00722
8	0.01313	0.01145	0.01254	0.01111	0.01417	0.01316	0.03151	0.02775	0.74837	0.02196	0.02118	0.01956	0.01589	0.00709	0.00541	0.00179	0.00433	0.00598	0.00530	0.00833
9	0.00735	0.00538	0.00690	0.00657	0.00783	0.00493	0.00491	0.00971	0.01459	0.02042	0.69900	0.06405	0.10620	0.01119	0.00625	0.00169	0.00253	0.00985	0.00572	0.00493
10	0.00918	0.00459	0.00689	0.00689	0.00689	0.00459	0.00459	0.00689	0.00689	0.00918	0.00918	0.01607	0.00918	0.01837	0.02066	0.84619	0.00459	0.00459	0.00230	0.00230
11	0.01060	0.02735	0.78682	0.01507	0.02288	0.01228	0.01953	0.01674	0.01116	0.01674	0.00949	0.01116	0.00670	0.00502	0.00502	0.00167	0.00781	0.00391	0.00223	0.00781
12	0.01553	0.01298	0.01327	0.01130	0.01466	0.04657	0.00895	0.25091	0.51367	0.02513	0.01829	0.01717	0.01358	0.00685	0.00533	0.00171	0.00490	0.00550	0.00524	0.00846
13	0.01296	0.01340	0.03826	0.15860	0.47420	0.05972	0.11845	0.03058	0.01226	0.01663	0.00989	0.01315	0.00798	0.00486	0.00535	0.00162	0.00699	0.00482	0.00263	0.00765
14	0.01669	0.01506	0.01416	0.01299	0.06268	0.17511	0.00963	0.20939	0.34978	0.05458	0.01580	0.01537	0.01181	0.00643	0.00522	0.00163	0.00584	0.00503	0.00468	0.00809
15	0.02309	0.01000	0.01289	0.00988	0.01400	0.00926	0.00816	0.15341	0.01681	0.65487	0.01944	0.01708	0.01238	0.00651	0.00531	0.00163	0.00473	0.00522	0.00633	0.00900
16	0.01161	0.00824	0.01025	0.06217	0.12687	0.00880	0.00763	0.07520	0.13966	0.02049	0.04775	0.01862	0.01394	0.00626	0.00454	0.00146	0.00389	0.00524	0.42096	0.00641
17	0.00644	0.00460	0.00613	0.00736	0.00767	0.00429	0.00491	0.00736	0.01012	0.01350	0.02914	0.81076	0.03497	0.01656	0.00675	0.00215	0.00307	0.01503	0.00491	0.00429
18	0.01051	0.01028	0.01844	0.64695	0.07124	0.01203	0.12719	0.01415	0.01093	0.01421	0.00962	0.01407	0.00726	0.00513	0.00543	0.00176	0.00729	0.00493	0.00241	0.00618
19	0.01060	0.02735	0.78682	0.01507	0.02288	0.01228	0.01953	0.01674	0.01116	0.01674	0.00949	0.01116	0.00670	0.00502	0.00502	0.00167	0.00781	0.00391	0.00223	0.00781
20	0.85155	0.01022	0.00777	0.00695	0.01022	0.01186	0.00573	0.01554	0.00900	0.02372	0.00736	0.00859	0.00573	0.00491	0.00327	0.00164	0.00409	0.00286	0.00327	0.00573
21	0.00730	0.00551	0.00667	0.00636	0.00774	0.00504	0.00473	0.00965	0.03083	0.01892	0.53766	0.04181	0.23867	0.04730	0.00714	0.00185	0.00270	0.00981	0.00545	0.00485
22	0.00769	0.00513	0.00577	0.00577	0.00577	0.00513	0.00320	0.00769	0.00769	0.01025	0.01666	0.03460	0.01922	0.81421	0.02691	0.00513	0.00513	0.00769	0.00320	0.00320
23	0.01106	0.01046	0.01761	0.47725	0.10523	0.01176	0.11324	0.03800	0.05897	0.01600	0.04620	0.01537	0.00996	0.00547	0.00540	0.00170	0.00666	0.00515	0.00289	0.04163
24	0.01315	0.01136	0.01195	0.01076	0.01375	0.01315	0.00837	0.02809	0.77168	0.02211	0.02152	0.01972	0.01614	0.00717	0.00538	0.00179	0.00418	0.00598	0.00538	0.00837
25	0.01123	0.00964	0.01108	0.00819	0.01268	0.00780	0.00652	0.01513	0.10433	0.01783	0.01088	0.01204	0.00885	0.00431	0.00409	0.00091	0.00395	0.00348	0.00341	0.74365
26	0.00980	0.00493	0.00495	0.00495	0.00615	0.00493	0.00368	0.01220	0.01100	0.01947	0.01723	0.02008	0.01369	0.02642	0.00428	0.00133	0.00253	0.00500	0.82249	0.00488
27	0.01410	0.60113	0.15067	0.01013	0.01506	0.03264	0.01065	0.03721	0.01146	0.04410	0.00861	0.00968	0.00723	0.00479	0.00382	0.00126	0.00597	0.00321	0.02124	0.00705
28	0.02708	0.18648	0.50271	0.01292	0.01929	0.01369	0.01544	0.01623	0.01096	0.03020	0.00910	0.01069	0.00692	0.00504	0.00512	0.00152	0.04266	0.00366	0.00242	0.07786
29	0.01117	0.01401	0.12244	0.10982	0.02524	0.01179	0.46653	0.01529	0.01186	0.01614	0.01309	0.08695	0.01151	0.00632	0.00608	0.00184	0.00779	0.05253	0.00291	0.00668
30	0.00653	0.00467	0.00622	0.00730	0.00769	0.00436	0.00491	0.00759	0.01055	0.01418	0.09525	0.74271	0.03628	0.01605	0.00670	0.00210	0.00302	0.01455	0.00499	0.00436
31	0.00823	0.00652	0.00855	0.07896	0.05907	0.00650	0.00685	0.01101	0.07868	0.03203	0.03186	0.34698	0.22955	0.01278	0.00627	0.00196	0.00377	0.06058	0.00462	0.00524
32	0.09943	0.10956	0.06528	0.04893	0.01735	0.16432	0.07773	0.19623	0.03271	0.12238	0.01143	0.01216	0.00838	0.00556	0.00484	0.00154	0.00659	0.00427	0.00385	0.00746
33	0.02213	0.00860	0.01164	0.00905	0.01284	0.00748	0.00743	0.02422	0.01495	0.70542	0.06783	0.01940	0.01539	0.00679	0.00531	0.00162	0.00429	0.00556	0.04147	0.00858
34	0.00644	0.00460	0.00613	0.00736	0.00767	0.00429	0.00491	0.00736	0.01012	0.01350	0.02914	0.81076	0.03497	0.01656	0.00675	0.00215	0.00307	0.01503	0.00491	0.00429
35	0.01096	0.00940	0.01096	0.00783	0.01253	0.00705	0.00626	0.01331	0.01096	0.01723	0.00940	0.01096	0.00783	0.00392	0.00392	0.00078	0.00392	0.00313	0.00313	0.84653
36	0.01042	0.00884	0.01026	0.00757	0.01177	0.00674	0.00595	0.01256	0.01086	0.01664	0.01292	0.03245	0.05694	0.04243	0.00519	0.00108	0.00388	0.00411	0.00329	0.73612
37	0.01060	0.02735	0.78682	0.01507	0.02288	0.01228	0.01953	0.01674	0.01116	0.01674	0.00949	0.01116	0.00670	0.00502	0.00502	0.00167	0.00781	0.00391	0.00223	0.00781
38	0.01947	0.01421	0.01520	0.01172	0.01577	0.01569	0.00966	0.71778	0.02402	0.03249	0.01297	0.01312	0.00927	0.00633	0.00519	0.00156	0.00561	0.00477	0.05641	0.00874
39	0.01121	0.01122	0.01742	0.15067	0.01907	0.01469	0.09342	0.01317	0.00902	0.01330	0.00810	0.01271	0.00736	0.00942	0.04900	0.00244	0.54466	0.00486	0.00238	0.00590
40	0.01448	0.03599	0.01239	0.01091	0.01361	0.28960	0.00845	0.04650	0.30289	0.01747	0.02130	0.02232	0.12916	0.00778	0.00534	0.00165	0.00599	0.04314	0.00425	0.00678
41	0.02372	0.00900	0.01227	0.00941	0.01350	0.00777	0.00777	0.02576	0.01513	0.78489	0.02086	0.01799	0.01309	0.00654	0.00532	0.00164	0.00450	0.00532	0.00654	0.00900
42	0.00998	0.00940	0.01586	0.80150	0.03641	0.01175	0.01468	0.01351	0.01057	0.01351	0.00940	0.01409	0.00705	0.00529	0.00529	0.00176	0.00705	0.00470	0.00235	0.00587
43	0.00741	0.00540	0.00697	0.00658	0.00785	0.00496	0.00493	0.00984	0.01479	0.02079	0.73600	0.04016	0.09258	0.01096	0.00624	0.00167	0.00250	0.00965	0.00577	0.00496
44	0.02165	0.00906	0.01281	0.12857	0.01694	0.00837	0.00881	0.02392	0.01445	0.66885	0.01913	0.01741	0.01218	0.00635	0.00531	0.00165	0.00488	0.00522	0.00591	0.00853
45	0.00761	0.00496	0.00596	0.00621	0.00627	0.00490	0.00370	0.00753	0.00808	0.01078	0.01830	0.18639	0.02123	0.56772	0.02222	0.09794	0.00466	0.00880	0.00344	0.00332
46	0.00644	0.00460	0.00613	0.00736	0.00767	0.00429	0.00491	0.00736	0.01012	0.01350	0.02914	0.81076	0.03497	0.01656	0.00675	0.00215	0.00307	0.01503	0.00491	0.00429
47	0.01430	0.00954	0.01113	0.00975	0.01250	0.01008	0.00782	0.13696	0.26309	0.15600	0.15703	0.02777	0.02261	0.02670	0.00626	0.00187	0.00431	0.10939	0.00553	0.00736
48	0.01117	0.00954	0.01121	0.02753	0.01322	0.00740	0.00657	0.03264	0.01131	0.01755	0.00948	0.01108	0.00784	0.00401	0.00398	0.00083	0.00404	0.00321	0.00317	0.80420
49	0.01276	0.01223	0.02088	0.11242	0.70378	0.01248	0.01606	0.01594	0.01188	0.01688	0.00989	0.01319	0.00824	0.00477	0.00524	0.00159	0.00636	0.00471	0.00259	0.00811
50	0.01604	0.06045	0.01396	0.01086	0.01366	0.14939	0.00862	0.34634	0.03180	0.02206	0.01320	0.03060	0.02474	0.10795	0.04078	0.00229	0.05612	0.00514	0.03909	0.00692
51	0.00872	0.00611	0.00768	0.00715	0.00869	0.00585	0.00544	0.01219	0.08159	0.05610	0.60934	0.03772	0.07632	0.02526	0.00653	0.00176	0.00286	0.02958	0.00570	0.00541
52	0.01303	0.01047	0.01203	0.02362	0.01376	0.00913	0.00724	0.15255	0.04563	0.03928	0.01080	0.01188	0.00851	0.00459	0.00429	0.00101	0.00435	0.00363	0.00369	0.62049
53	0.01145	0.00933	0.01105	0.04482	0.01348	0.00759	0.00675	0.03104	0.04187	0.04951	0.01318	0.01427	0.05635	0.00486	0.00427	0.00098	0.00406	0.00395	0.00349	0.66771
54	0.01211	0.01573	0.14535	0.01756	0.02130	0.04459	0.33521	0.01551	0.01079	0.01526	0.00905	0.01257	0.00738	0.00627	0.00987	0.00192	0.28983	0.00513	0.00249	0.02208
55	0.01265	0.01337	0.06800	0.13929	0.59342	0.03423	0.01596	0.01594	0.01179	0.01650	0.00973	0.01298	0.00801	0.00491	0.00544	0.00161	0.02112	0.00462	0.00255	0.00788
56	0.00945	0.00694	0.00915	0.00994	0.01144	0.00716	0.00858	0.04737	0.07718	0.01717	0.02673	0.05407	0.02822	0.01359	0.00705	0.00234	0.00485	0.64850	0.00493	0.00536
57	0.02275	0.01054	0.01323	0.01014	0.01427	0.01007	0.00838	0.22229	0.01772	0.58471	0.01868	0.01658	0.01200	0.00649	0.00531	0.00162	0.00485	0.00517	0.00621	0.00900
58	0.00972	0.00494	0.00498	0.00498	0.00613	0.00494	0.00366	0.01203	0.01088	0.01912	0.01721	0.02064	0.01390	0.05642	0.00514	0.00147	0.00263	0.00510	0.79128	0.00482
59	0.00748	0.00540	0.00707	0.00665	0.00790	0.00499	0.00499	0.00998	0.01496	0.02120	0.77844	0.03949	0.04988	0.01081	0.00624	0.00166	0.00249	0.00956	0.00582	0.00499
60	0.00743	0.00540	0.00699	0.00660	0.00787	0.00497	0.00495	0.00988	0.01484	0.02091	0.74791	0.03997	0.08059	0.01092	0.00624	0.00167	0.00250	0.00963	0.00578	0.00497
61	0.01157	0.01157	0.01619	0.01388	0.01388	0.01619	0.01157	0.01272	0.00810	0.01272	0.00694	0.01157	0.00694	0.00925	0.01735	0.00231	0.80453	0.00463	0.00231	0.00578
62	0.00644	0.00460	0.00613	0.00736	0.00767	0.00429	0.00491	0.00736	0.01012	0.01350	0.02914	0.81076	0.03497	0.01656	0.00675	0.00215	0.00307	0.01503	0.00491	0.00429
63	0.02372	0.00900	0.01227	0.00941	0.01350	0.00777	0.00777	0.02576	0.01513	0.78489	0.02086	0.01799	0.01309	0.00654	0.00532	0.00164	0.00450	0.00532	0.00654	0.00900
64	0.85155	0.01022	0.00777	0.00695	0.01022	0.01186	0.00573	0.01554	0.00900	0.02372	0.00736	0.00859	0.00573	0.00491	0.00327	0.00164	0.00409	0.00286	0.00327	0.00573
65	0.01315	0.01136	0.01195	0.01076	0.01375	0.01315	0.00837	0.02809	0.77168	0.02211	0.02152	0.01972	0.01614	0.00717	0.00538	0.00179	0.00418	0.00598	0.00538	0.00837
66	0.85155	0.01022	0.00777	0.00695	0.01022	0.01186	0.00573	0.01554	0.00900	0.02372	0.00736	0.00859	0.00573	0.00491	0.00327	0.00164	0.00409	0.00286	0.00327	0.00573
67	0.01413	0.81739	0.02770	0.00905	0.01357	0.02092	0.00905	0.01583	0.01074	0.01244	0.00735	0.00848	0.00678	0.00452	0.00339	0.00113	0.00565	0.00283	0.00226	0.00678
68	0.01157	0.01157	0.01619	0.01388	0.01388	0.01619	0.01157	0.01272	0.00810	0.01272	0.00694	0.01157	0.00694	0.00925	0.01735	0.00231	0.80453	0.00463	0.00231	0.00578
69	0.14102	0.01205	0.01231	0.01054	0.01388	0.01377	0.00839	0.21069	0.46962	0.02517	0.01717	0.01628	0.01278	0.00662	0.00504	0.00172	0.00458	0.00520	0.00504	0.00813
70	0.00767	0.00519	0.00607	0.00607	0.00617	0.00529	0.00358	0.00788	0.00778	0.01048	0.01638	0.03306	0.01855	0.72819	0.11201	0.00550	0.00613	0.00746	0.00316	0.00337
71	0.01136	0.19640	0.62438	0.01378	0.02089	0.01413	0.01729	0.01655	0.01107	0.01582	0.00903	0.01059	0.00672	0.00492	0.00467	0.00156	0.00735	0.00368	0.00224	0.00759
72	0.00998	0.00940	0.01586	0.80150	0.03641	0.01175	0.01468	0.01351	0.01057	0.01351	0.00940	0.01409	0.00705	0.00529	0.00529	0.00176	0.00705	0.00470	0.00235	0.00587
73	0.00998	0.00940	0.01586	0.80150	0.03641	0.01175	0.01468	0.01351	0.01057	0.01351	0.00940	0.01409	0.00705	0.00529	0.00529	0.00176	0.00705	0.00470	0.00235	0.00587
74	0.00644	0.00460	0.00613	0.00736	0.00767	0.00429	0.00491	0.00736	0.01012	0.01350	0.02914	0.81076	0.03497	0.01656	0.00675	0.00215	0.00307	0.01503	0.00491	0.00429
75	0.00998	0.00940	0.01586	0.80150	0.03641	0.01175	0.01468	0.01351	0.01057	0.01351	0.00940	0.01409	0.00705	0.00529	0.00529	0.00176	0.00705	0.00470	0.00235	0.00587
76	0.00643	0.00464	0.00610	0.00727	0.00764	0.00430	0.00487	0.00737	0.01021	0.01353	0.03027	0.77546	0.06953	0.01641	0.00672	0.00213	0.00305	0.01485	0.00491	0.00430
77	0.85155	0.01022	0.00777	0.00695	0.01022	0.01186	0.00573	0.01554	0.00900	0.02372	0.00736	0.00859	0.00573	0.00491	0.00327	0.00164	0.00409	0.00286	0.00327	0.00573
78	0.81904	0.01022	0.00794	0.00707	0.01036	0.01180	0.00582	0.01598	0.02305	0.03951	0.00790	0.00899	0.00607	0.00498	0.00335	0.00164	0.00410	0.00297	0.00338	0.00584
79	0.01096	0.00940	0.01096	0.00783	0.01253	0.00705	0.00626	0.01331	0.01096	0.01723	0.00940	0.01096	0.00783	0.00392	0.00392	0.00078	0.00392	0.00313	0.00313	0.84653
80	0.00644	0.00460	0.00613	0.00736	0.00767	0.00429	0.00491	0.00736	0.01012	0.01350	0.02914	0.81076	0.03497	0.01656	0.00675	0.00215	0.00307	0.01503	0.00491	0.00429
81	0.00668	0.00478	0.00636	0.00735	0.00783	0.00447	0.00506	0.00789	0.01092	0.01472	0.13950	0.66771	0.03699	0.01564	0.00669	0.00209	0.00305	0.04282	0.00504	0.00442
82	0.01293	0.01348	0.06907	0.03137	0.73406	0.01254	0.01643	0.01626	0.01198	0.01724	0.00992	0.01296	0.00827	0.00473	0.00522	0.00158	0.00638	0.00466	0.00259	0.00834
83	0.01205	0.13774	0.43645	0.01675	0.06944	0.04663	0.17520	0.01680	0.01160	0.01603	0.00941	0.01148	0.00710	0.00483	0.00505	0.00160	0.00771	0.00427	0.00237	0.00748
84	0.01975	0.02520	0.01498	0.01362	0.01634	0.79299	0.01021	0.02111	0.01498	0.01294	0.00817	0.00953	0.00681	0.00545	0.00477	0.00136	0.00953	0.00340	0.00272	0.00613
85	0.00625	0.00536	0.00536	0.00536	0.00714	0.00446	0.00402	0.00759	0.01205	0.01428	0.05355	0.05088	0.77909	0.01339	0.00625	0.00179	0.00268	0.01116	0.00491	0.00446
86	0.02363	0.00914	0.01236	0.00947	0.01357	0.00798	0.00783	0.04394	0.01537	0.76638	0.02066	0.01786	0.01299	0.00654	0.00532	0.00163	0.00453	0.00530	0.00651	0.00900
87	0.01315	0.01136	0.01195	0.01076	0.01375	0.01315	0.00837	0.02809	0.77168	0.02211	0.02152	0.01972	0.01614	0.00717	0.00538	0.00179	0.00418	0.00598	0.00538	0.00837
88	0.00821	0.00586	0.00816	0.00938	0.01046	0.00582	0.00798	0.01041	0.01186	0.01547	0.02816	0.17263	0.03111	0.01490	0.00722	0.00239	0.00460	0.63573	0.00487	0.00478
89	0.00748	0.00540	0.00707	0.00665	0.00790	0.00499	0.00499	0.00998	0.01496	0.02120	0.77844	0.03949	0.04988	0.01081	0.00624	0.00166	0.00249	0.00956	0.00582	0.00499
90	0.00644	0.00460	0.00613	0.00736	0.00767	0.00429	0.00491	0.00736	0.01012	0.01350	0.02914	0.81076	0.03497	0.01656	0.00675	0.00215	0.00307	0.01503	0.00491	0.00429
91	0.01060	0.02735	0.78682	0.01507	0.02288	0.01228	0.01953	0.01674	0.01116	0.01674	0.00949	0.01116	0.00670	0.00502	0.00502	0.00167	0.00781	0.00391	0.00223	0.00781

[dist]
# distance from previous block
# <min> <max>
0	6

[block]
# block no. 3 follows, 46 sequences, length 43
# corresponding to MSA columns:
# 281-323
name=unknown_D
#
# <colnr> <probs for GDERKNQSTAVLIFYWHMCP>
#	G	D	E	R	K	N	Q	S	T	A	V	L	I	F	Y	W	H	M	C	P
0	0.02010	0.01481	0.01587	0.01216	0.01639	0.01639	0.01005	0.76360	0.02486	0.03332	0.01269	0.01269	0.00899	0.00635	0.00529	0.00159	0.00582	0.00476	0.00529	0.00899
1	0.01096	0.00940	0.01096	0.00783	0.01253	0.00705	0.00626	0.01331	0.01096	0.01723	0.00940	0.01096	0.00783	0.00392	0.00392	0.00078	0.00392	0.00313	0.00313	0.84653
2	0.00766	0.00524	0.00634	0.00634	0.00653	0.00544	0.00391	0.00805	0.00786	0.01067	0.01614	0.03171	0.01797	0.65237	0.18704	0.00583	0.00701	0.00727	0.00313	0.00352
3	0.00755	0.00566	0.00850	0.00850	0.00944	0.00661	0.00661	0.00944	0.00850	0.01227	0.01416	0.02077	0.01322	0.03965	0.79326	0.00850	0.01416	0.00566	0.00283	0.00472
4	0.85155	0.01022	0.00777	0.00695	0.01022	0.01186	0.00573	0.01554	0.00900	0.02372	0.00736	0.00859	0.00573	0.00491	0.00327	0.00164	0.00409	0.00286	0.00327	0.00573
5	0.01310	0.01488	0.04232	0.07413	0.17264	0.09559	0.42263	0.01673	0.01221	0.01607	0.00992	0.01328	0.00780	0.00499	0.00652	0.00173	0.06036	0.00538	0.00261	0.00711
6	0.00998	0.00940	0.01586	0.80150	0.03641	0.01175	0.01468	0.01351	0.01057	0.01351	0.00940	0.01409	0.00705	0.00529	0.00529	0.00176	0.00705	0.00470	0.00235	0.00587
7	0.00998	0.00940	0.01586	0.80150	0.03641	0.01175	0.01468	0.01351	0.01057	0.01351	0.00940	0.01409	0.00705	0.00529	0.00529	0.00176	0.00705	0.00470	0.00235	0.00587
8	0.01096	0.00940	0.01096	0.00783	0.01253	0.00705	0.00626	0.01331	0.01096	0.01723	0.00940	0.01096	0.00783	0.00392	0.00392	0.00078	0.00392	0.00313	0.00313	0.84653
9	0.02768	0.00798	0.01004	0.07239	0.04582	0.00827	0.00752	0.13552	0.02908	0.01870	0.14627	0.11503	0.04376	0.13472	0.00922	0.00234	0.00458	0.13374	0.00445	0.04291
10	0.00682	0.00487	0.00656	0.00779	0.00826	0.00462	0.00556	0.00801	0.01049	0.01392	0.02893	0.67508	0.03414	0.01621	0.00685	0.00220	0.00339	0.14700	0.00490	0.00440
11	0.01248	0.01426	0.03119	0.02228	0.02763	0.01337	0.76203	0.01693	0.01248	0.01693	0.01070	0.01426	0.00802	0.00446	0.00624	0.00178	0.00891	0.00624	0.00267	0.00713
12	0.01043	0.00975	0.01572	0.57606	0.02998	0.01230	0.03116	0.02896	0.01041	0.01396	0.00944	0.01402	0.00750	0.00739	0.03895	0.00211	0.14850	0.00477	0.02270	0.00588
13	0.85155	0.01022	0.00777	0.00695	0.01022	0.01186	0.00573	0.01554	0.00900	0.02372	0.00736	0.00859	0.00573	0.00491	0.00327	0.00164	0.00409	0.00286	0.00327	0.00573
14	0.02281	0.01046	0.01318	0.01010	0.01423	0.00995	0.00834	0.21189	0.01758	0.59530	0.01880	0.01666	0.01205	0.00649	0.00531	0.00162	0.00483	0.00518	0.00623	0.00900
15	0.01246	0.01192	0.02032	0.18831	0.63028	0.01240	0.01591	0.01567	0.01174	0.01651	0.00983	0.01329	0.00811	0.00483	0.00524	0.00161	0.00644	0.00471	0.00256	0.00787
16	0.00644	0.00460	0.00613	0.00736	0.00767	0.00429	0.00491	0.00736	0.01012	0.01350	0.02914	0.81076	0.03497	0.01656	0.00675	0.00215	0.00307	0.01503	0.00491	0.00429
17	0.00751	0.00626	0.01015	0.03028	0.01137	0.00606	0.11110	0.00900	0.01041	0.01396	0.02547	0.65799	0.02975	0.01439	0.00691	0.00209	0.02482	0.01326	0.00446	0.00477
18	0.00985	0.00493	0.00493	0.00493	0.00616	0.00493	0.00370	0.01232	0.01109	0.01971	0.01725	0.01971	0.01355	0.00616	0.00370	0.00123	0.00246	0.00493	0.84356	0.00493
19	0.00748	0.00540	0.00707	0.00665	0.00790	0.00499	0.00499	0.00998	0.01496	0.02120	0.77844	0.03949	0.04988	0.01081	0.00624	0.00166	0.00249	0.00956	0.00582	0.00499
20	0.02010	0.01481	0.01587	0.01216	0.01639	0.01639	0.01005	0.76360	0.02486	0.03332	0.01269	0.01269	0.00899	0.00635	0.00529	0.00159	0.00582	0.00476	0.00529	0.00899
21	0.01413	0.81739	0.02770	0.00905	0.01357	0.02092	0.00905	0.01583	0.01074	0.01244	0.00735	0.00848	0.00678	0.00452	0.00339	0.00113	0.00565	0.00283	0.00226	0.00678
22	0.00644	0.00460	0.00613	0.00736	0.00767	0.00429	0.00491	0.00736	0.01012	0.01350	0.02914	0.81076	0.03497	0.01656	0.00675	0.00215	0.00307	0.01503	0.00491	0.00429
23	0.00644	0.00460	0.00613	0.00736	0.00767	0.00429	0.00491	0.00736	0.01012	0.01350	0.02914	0.81076	0.03497	0.01656	0.00675	0.00215	0.00307	0.01503	0.00491	0.00429
24	0.00648	0.00463	0.00617	0.00734	0.00768	0.00432	0.00491	0.00746	0.01030	0.01377	0.05608	0.78302	0.03550	0.01636	0.00673	0.00213	0.00305	0.01483	0.00494	0.00432
25	0.00644	0.00460	0.00613	0.00736	0.00767	0.00429	0.00491	0.00736	0.01012	0.01350	0.02914	0.81076	0.03497	0.01656	0.00675	0.00215	0.00307	0.01503	0.00491	0.00429
26	0.85155	0.01022	0.00777	0.00695	0.01022	0.01186	0.00573	0.01554	0.00900	0.02372	0.00736	0.00859	0.00573	0.00491	0.00327	0.00164	0.00409	0.00286	0.00327	0.00573
27	0.01079	0.01009	0.01684	0.64600	0.16672	0.01201	0.01483	0.03340	0.01120	0.01468	0.00958	0.01388	0.00733	0.00521	0.00528	0.00172	0.00688	0.00470	0.00247	0.00639
28	0.02069	0.00871	0.01156	0.00912	0.01273	0.00781	0.00743	0.04269	0.04893	0.61536	0.13585	0.02120	0.01871	0.00721	0.00546	0.00165	0.00421	0.00598	0.00635	0.00836
29	0.01315	0.01136	0.01195	0.01076	0.01375	0.01315	0.00837	0.02809	0.77168	0.02211	0.02152	0.01972	0.01614	0.00717	0.00538	0.00179	0.00418	0.00598	0.00538	0.00837
30	0.00625	0.00536	0.00536	0.00536	0.00714	0.00446	0.00402	0.00759	0.01205	0.01428	0.05355	0.05088	0.77909	0.01339	0.00625	0.00179	0.00268	0.01116	0.00491	0.00446
31	0.01143	0.21141	0.60996	0.01366	0.02071	0.01429	0.01709	0.01653	0.01106	0.01574	0.00899	0.01054	0.00672	0.00491	0.00464	0.00155	0.00731	0.00365	0.00224	0.00757
32	0.01060	0.02735	0.78682	0.01507	0.02288	0.01228	0.01953	0.01674	0.01116	0.01674	0.00949	0.01116	0.00670	0.00502	0.00502	0.00167	0.00781	0.00391	0.00223	0.00781
33	0.02252	0.01025	0.01296	0.01001	0.01408	0.00972	0.00825	0.17142	0.05190	0.60150	0.01928	0.01703	0.01242	0.00653	0.00531	0.00163	0.00474	0.00524	0.00624	0.00897
34	0.01006	0.00954	0.01630	0.77879	0.03615	0.01179	0.03647	0.01361	0.01063	0.01361	0.00943	0.01410	0.00708	0.00526	0.00531	0.00176	0.00710	0.00474	0.00236	0.00591
35	0.01957	0.01401	0.01510	0.01169	0.01574	0.01541	0.00962	0.67269	0.05070	0.06569	0.01356	0.01348	0.00962	0.00638	0.00523	0.00158	0.00556	0.00484	0.04074	0.00880
36	0.00644	0.00460	0.00613	0.00736	0.00767	0.00429	0.00491	0.00736	0.01012	0.01350	0.02914	0.81076	0.03497	0.01656	0.00675	0.00215	0.00307	0.01503	0.00491	0.00429
37	0.00642	0.00468	0.00605	0.00714	0.00761	0.00431	0.00481	0.00739	0.01033	0.01358	0.03178	0.72865	0.11538	0.01622	0.00669	0.00211	0.00303	0.01461	0.00491	0.00431
38	0.01003	0.00931	0.01325	0.01182	0.01218	0.01253	0.00967	0.01147	0.00825	0.01255	0.00970	0.01508	0.00934	0.02087	0.31388	0.00468	0.50247	0.00502	0.00251	0.00538
39	0.00918	0.00459	0.00689	0.00689	0.00689	0.00459	0.00459	0.00689	0.00689	0.00918	0.00918	0.01607	0.00918	0.01837	0.02066	0.84619	0.00459	0.00459	0.00230	0.00230
40	0.00721	0.00480	0.00641	0.00745	0.00793	0.00445	0.00503	0.00818	0.01034	0.04772	0.02877	0.77558	0.03399	0.01612	0.00668	0.00212	0.00313	0.01460	0.00498	0.00450
41	0.03429	0.49567	0.20934	0.01228	0.01768	0.01757	0.11666	0.01620	0.01104	0.01438	0.00833	0.00993	0.00691	0.00464	0.00418	0.00136	0.00659	0.00356	0.00234	0.00705
42	0.01445	0.01127	0.03199	0.01110	0.05939	0.04884	0.00839	0.19888	0.20003	0.07829	0.07853	0.01914	0.03487	0.00836	0.03382	0.02015	0.00503	0.00561	0.12455	0.00731

[dist]
# distance from previous block
# <min> <max>
0	1

[block]
# block no. 4 follows, 46 sequences, length 62
# corresponding to MSA columns:
# 325-386
name=unknown_E
#
# <colnr> <probs for GDERKNQSTAVLIFYWHMCP>
#	G	D	E	R	K	N	Q	S	T	A	V	L	I	F	Y	W	H	M	C	P
0	0.03726	0.01380	0.21877	0.01114	0.03019	0.00902	0.01084	0.02212	0.01368	0.51094	0.03447	0.01680	0.01213	0.02741	0.00578	0.00174	0.00538	0.00503	0.00514	0.00835
1	0.83124	0.01020	0.00797	0.02613	0.01086	0.01186	0.00594	0.01549	0.00903	0.02347	0.00741	0.00872	0.00576	0.00492	0.00332	0.00164	0.00416	0.00291	0.00325	0.00573
2	0.00765	0.00528	0.00657	0.00657	0.00685	0.00556	0.00421	0.00821	0.00793	0.01085	0.01592	0.03050	0.01744	0.58468	0.25400	0.00612	0.00780	0.00709	0.00309	0.00365
3	0.75761	0.01063	0.00896	0.00853	0.04838	0.01218	0.00651	0.06315	0.01015	0.02401	0.00783	0.00907	0.00606	0.00499	0.00350	0.00163	0.00431	0.00307	0.00337	0.00606
4	0.01308	0.01256	0.02146	0.03245	0.78123	0.01256	0.01622	0.01622	0.01204	0.01727	0.00994	0.01308	0.00837	0.00471	0.00523	0.00157	0.00628	0.00471	0.00262	0.00837
5	0.00886	0.00660	0.00863	0.00944	0.01079	0.00679	0.00789	0.01284	0.11696	0.01667	0.06399	0.14425	0.02996	0.01363	0.00692	0.00227	0.00444	0.51881	0.00499	0.00529
6	0.85155	0.01022	0.00777	0.00695	0.01022	0.01186	0.00573	0.01554	0.00900	0.02372	0.00736	0.00859	0.00573	0.00491	0.00327	0.00164	0.00409	0.00286	0.00327	0.00573
7	0.00702	0.00539	0.00643	0.00617	0.00761	0.00479	0.00462	0.00908	0.01387	0.01861	0.50743	0.04375	0.32251	0.01177	0.00624	0.00171	0.00256	0.01016	0.00548	0.00479
8	0.00985	0.00493	0.00493	0.00493	0.00616	0.00493	0.00370	0.01232	0.01109	0.01971	0.01725	0.01971	0.01355	0.00616	0.00370	0.00123	0.00246	0.00493	0.84356	0.00493
9	0.85155	0.01022	0.00777	0.00695	0.01022	0.01186	0.00573	0.01554	0.00900	0.02372	0.00736	0.00859	0.00573	0.00491	0.00327	0.00164	0.00409	0.00286	0.00327	0.00573
10	0.00644	0.00460	0.00613	0.00736	0.00767	0.00429	0.00491	0.00736	0.01012	0.01350	0.02914	0.81076	0.03497	0.01656	0.00675	0.00215	0.00307	0.01503	0.00491	0.00429
11	0.02010	0.01481	0.01587	0.01216	0.01639	0.01639	0.01005	0.76360	0.02486	0.03332	0.01269	0.01269	0.00899	0.00635	0.00529	0.00159	0.00582	0.00476	0.00529	0.00899
12	0.00852	0.00608	0.00852	0.00974	0.01095	0.00608	0.00852	0.01095	0.01217	0.01582	0.02799	0.05963	0.03042	0.01460	0.00730	0.00243	0.00487	0.74565	0.00487	0.00487
13	0.85155	0.01022	0.00777	0.00695	0.01022	0.01186	0.00573	0.01554	0.00900	0.02372	0.00736	0.00859	0.00573	0.00491	0.00327	0.00164	0.00409	0.00286	0.00327	0.00573
14	0.85155	0.01022	0.00777	0.00695	0.01022	0.01186	0.00573	0.01554	0.00900	0.02372	0.00736	0.00859	0.00573	0.00491	0.00327	0.00164	0.00409	0.00286	0.00327	0.00573
15	0.00748	0.00540	0.00707	0.00665	0.00790	0.00499	0.00499	0.00998	0.01496	0.02120	0.77844	0.03949	0.04988	0.01081	0.00624	0.00166	0.00249	0.00956	0.00582	0.00499
16	0.01157	0.01157	0.01619	0.01388	0.01388	0.01619	0.01157	0.01272	0.00810	0.01272	0.00694	0.01157	0.00694	0.00925	0.01735	0.00231	0.80453	0.00463	0.00231	0.00578
17	0.02372	0.00900	0.01227	0.00941	0.01350	0.00777	0.00777	0.02576	0.01513	0.78489	0.02086	0.01799	0.01309	0.00654	0.00532	0.00164	0.00450	0.00532	0.00654	0.00900
18	0.02337	0.00955	0.01261	0.00967	0.01377	0.00859	0.00799	0.09595	0.01606	0.71340	0.02008	0.01749	0.01270	0.00652	0.00531	0.00163	0.00462	0.00526	0.00642	0.00900
19	0.00852	0.00608	0.00852	0.00974	0.01095	0.00608	0.00852	0.01095	0.01217	0.01582	0.02799	0.05963	0.03042	0.01460	0.00730	0.00243	0.00487	0.74565	0.00487	0.00487
20	0.00748	0.00540	0.00707	0.00665	0.00790	0.00499	0.00499	0.00998	0.01496	0.02120	0.77844	0.03949	0.04988	0.01081	0.00624	0.00166	0.00249	0.00956	0.00582	0.00499
21	0.85155	0.01022	0.00777	0.00695	0.01022	0.01186	0.00573	0.01554	0.00900	0.02372	0.00736	0.00859	0.00573	0.00491	0.00327	0.00164	0.00409	0.00286	0.00327	0.00573
22	0.02031	0.01447	0.01566	0.01200	0.01623	0.01589	0.00992	0.72061	0.02429	0.07711	0.01317	0.01300	0.00923	0.00636	0.00529	0.00159	0.00574	0.00479	0.00536	0.00899
23	0.00644	0.00460	0.00613	0.00736	0.00767	0.00429	0.00491	0.00736	0.01012	0.01350	0.02914	0.81076	0.03497	0.01656	0.00675	0.00215	0.00307	0.01503	0.00491	0.00429
24	0.01150	0.01150	0.01638	0.01396	0.01411	0.01591	0.02946	0.01275	0.00821	0.01281	0.00719	0.01183	0.00710	0.00981	0.03421	0.00244	0.76800	0.00469	0.00233	0.00579
25	0.01091	0.00940	0.01120	0.04670	0.01370	0.00728	0.00668	0.01332	0.01094	0.01704	0.00940	0.01112	0.00779	0.00398	0.00398	0.00083	0.00407	0.00321	0.00309	0.80536
26	0.01362	0.01157	0.01252	0.05293	0.01520	0.01337	0.00886	0.09500	0.66249	0.02269	0.02006	0.01878	0.01500	0.00700	0.00537	0.00177	0.00449	0.00580	0.00521	0.00829
27	0.01096	0.00940	0.01096	0.00783	0.01253	0.00705	0.00626	0.01331	0.01096	0.01723	0.00940	0.01096	0.00783	0.00392	0.00392	0.00078	0.00392	0.00313	0.00313	0.84653
28	0.00679	0.00530	0.00616	0.00611	0.00751	0.00467	0.00452	0.00857	0.01307	0.01710	0.35523	0.12698	0.39379	0.01264	0.00630	0.00177	0.00264	0.01090	0.00529	0.00467
29	0.02372	0.00900	0.01227	0.00941	0.01350	0.00777	0.00777	0.02576	0.01513	0.78489	0.02086	0.01799	0.01309	0.00654	0.00532	0.00164	0.00450	0.00532	0.00654	0.00900
30	0.01213	0.01043	0.01100	0.00997	0.01275	0.01182	0.00773	0.02500	0.65373	0.02118	0.05573	0.02411	0.10531	0.00803	0.00551	0.00179	0.00394	0.00672	0.00534	0.00778
31	0.00652	0.00463	0.00611	0.00726	0.00755	0.00435	0.00480	0.00738	0.00997	0.01329	0.02836	0.76263	0.03399	0.06602	0.00800	0.00233	0.00319	0.01457	0.00480	0.00423
32	0.01096	0.00940	0.01096	0.00783	0.01253	0.00705	0.00626	0.01331	0.01096	0.01723	0.00940	0.01096	0.00783	0.00392	0.00392	0.00078	0.00392	0.00313	0.00313	0.84653
33	0.00759	0.00508	0.00580	0.00589	0.00592	0.00506	0.00334	0.00766	0.00788	0.01051	0.01766	0.09680	0.02048	0.75028	0.02529	0.00489	0.00496	0.00828	0.00334	0.00329
34	0.00644	0.00460	0.00613	0.00736	0.00767	0.00429	0.00491	0.00736	0.01012	0.01350	0.02914	0.81076	0.03497	0.01656	0.00675	0.00215	0.00307	0.01503	0.00491	0.00429
35	0.02075	0.01304	0.01469	0.01134	0.01547	0.01387	0.00934	0.52519	0.05876	0.23893	0.01536	0.01449	0.01046	0.00644	0.00530	0.00161	0.00538	0.00497	0.00564	0.00896
36	0.01096	0.00940	0.01096	0.00783	0.01253	0.00705	0.00626	0.01331	0.01096	0.01723	0.00940	0.01096	0.00783	0.00392	0.00392	0.00078	0.00392	0.00313	0.00313	0.84653
37	0.01157	0.01157	0.01619	0.01388	0.01388	0.01619	0.01157	0.01272	0.00810	0.01272	0.00694	0.01157	0.00694	0.00925	0.01735	0.00231	0.80453	0.00463	0.00231	0.00578
38	0.02010	0.01481	0.01587	0.01216	0.01639	0.01639	0.01005	0.76360	0.02486	0.03332	0.01269	0.01269	0.00899	0.00635	0.00529	0.00159	0.00582	0.00476	0.00529	0.00899
39	0.02372	0.00900	0.01227	0.00941	0.01350	0.00777	0.00777	0.02576	0.01513	0.78489	0.02086	0.01799	0.01309	0.00654	0.00532	0.00164	0.00450	0.00532	0.00654	0.00900
40	0.01048	0.00617	0.00810	0.00723	0.00902	0.00567	0.00556	0.01318	0.03231	0.15615	0.62727	0.03524	0.04261	0.00997	0.00605	0.00166	0.00289	0.00873	0.00594	0.00577
41	0.00813	0.00555	0.00727	0.00676	0.00812	0.00510	0.00510	0.01060	0.01497	0.05161	0.74828	0.03863	0.04842	0.01064	0.00620	0.00166	0.00257	0.00939	0.00585	0.00515
42	0.02191	0.00905	0.01208	0.00918	0.01336	0.00767	0.00756	0.02400	0.01454	0.67616	0.01923	0.01700	0.01234	0.00617	0.00512	0.00152	0.00442	0.00501	0.00606	0.12763
43	0.00769	0.00513	0.00577	0.00577	0.00577	0.00513	0.00320	0.00769	0.00769	0.01025	0.01666	0.03460	0.01922	0.81421	0.02691	0.00513	0.00513	0.00769	0.00320	0.00320
44	0.00985	0.00493	0.00493	0.00493	0.00616	0.00493	0.00370	0.01232	0.01109	0.01971	0.01725	0.01971	0.01355	0.00616	0.00370	0.00123	0.00246	0.00493	0.84356	0.00493
45	0.01092	0.09859	0.71836	0.01452	0.02204	0.01306	0.01859	0.01666	0.01112	0.01635	0.00929	0.01092	0.00670	0.00498	0.00488	0.00163	0.00762	0.00381	0.00223	0.00772
46	0.85155	0.01022	0.00777	0.00695	0.01022	0.01186	0.00573	0.01554	0.00900	0.02372	0.00736	0.00859	0.00573	0.00491	0.00327	0.00164	0.00409	0.00286	0.00327	0.00573
47	0.00656	0.00529	0.00584	0.00586	0.00737	0.00457	0.00433	0.00813	0.01256	0.01585	0.22361	0.12225	0.53308	0.01308	0.00629	0.00179	0.00267	0.01115	0.00513	0.00457
48	0.00672	0.00481	0.00648	0.00750	0.00790	0.00467	0.00515	0.00776	0.00989	0.01327	0.02671	0.64850	0.03146	0.06301	0.09672	0.00304	0.00451	0.04303	0.00458	0.00431
49	0.01292	0.01262	0.02236	0.09702	0.57480	0.01273	0.13451	0.03754	0.01235	0.01735	0.01009	0.01335	0.00822	0.00477	0.00540	0.00162	0.00675	0.00495	0.00268	0.00798
50	0.01009	0.00939	0.01336	0.01190	0.01225	0.01266	0.00974	0.01151	0.00824	0.01256	0.00960	0.01495	0.00925	0.02044	0.30299	0.00459	0.51357	0.00501	0.00250	0.00539
