[name]
unknown

[dist]
# distance from previous block
# <min> <max>
0	577

[block]
# block no. 0 follows, 44 sequences, length 27
# corresponding to MSA columns:
# 738-764
name=unknown_A
#
# <colnr> <probs for GDERKNQSTAVLIFYWHMCP>
#	G	D	E	R	K	N	Q	S	T	A	V	L	I	F	Y	W	H	M	C	P
0	0.08393	0.10219	0.03974	0.00976	0.01288	0.08732	0.00822	0.12571	0.03044	0.07475	0.03908	0.02160	0.05904	0.05827	0.10616	0.00272	0.00668	0.06116	0.00401	0.06634
1	0.08492	0.10352	0.13622	0.07541	0.05806	0.13475	0.05478	0.05343	0.03022	0.05487	0.09850	0.01666	0.04034	0.00630	0.00510	0.00159	0.00641	0.00505	0.00352	0.03033
2	0.08910	0.15809	0.01745	0.01199	0.03164	0.08149	0.06286	0.18826	0.11535	0.06354	0.01351	0.01474	0.02693	0.03181	0.02339	0.00187	0.03373	0.00479	0.00402	0.02546
3	0.03780	0.11060	0.05728	0.05460	0.01604	0.01290	0.00974	0.23019	0.02820	0.23716	0.05799	0.01733	0.02696	0.00682	0.00566	0.00164	0.03217	0.02059	0.00489	0.03145
4	0.06267	0.03031	0.07115	0.06735	0.07574	0.10025	0.07088	0.06868	0.03016	0.13773	0.03220	0.06533	0.03823	0.07913	0.00780	0.00206	0.02590	0.02355	0.00399	0.00691
5	0.03421	0.42968	0.05294	0.05544	0.01697	0.12880	0.06276	0.07025	0.01278	0.01543	0.02396	0.01141	0.00842	0.02312	0.00531	0.00150	0.03351	0.00386	0.00278	0.00690
6	0.00780	0.00708	0.00673	0.00685	0.00854	0.06454	0.00519	0.00929	0.01259	0.01498	0.07588	0.12449	0.54257	0.01351	0.00648	0.00190	0.00354	0.07833	0.00492	0.00478
7	0.01163	0.15933	0.62192	0.01481	0.02219	0.01421	0.04964	0.01712	0.01150	0.01653	0.00947	0.01118	0.00698	0.00507	0.00495	0.00164	0.00773	0.00394	0.00233	0.00785
8	0.01847	0.03239	0.01444	0.02840	0.01556	0.10879	0.00932	0.36249	0.11202	0.13055	0.03598	0.04557	0.04667	0.00732	0.00548	0.00167	0.00576	0.00573	0.00516	0.00822
9	0.02255	0.00945	0.01250	0.00961	0.01376	0.00829	0.00790	0.05136	0.03085	0.65299	0.04505	0.01857	0.01424	0.00669	0.00540	0.00162	0.00457	0.00545	0.00638	0.07277
10	0.01671	0.00769	0.01020	0.00843	0.01133	0.00685	0.00672	0.01930	0.03339	0.42333	0.33158	0.02885	0.05424	0.00881	0.00591	0.00171	0.00372	0.00750	0.00636	0.00741
11	0.01290	0.01386	0.02716	0.07182	0.02614	0.02959	0.55900	0.04028	0.02633	0.01786	0.01115	0.01440	0.00846	0.00476	0.00598	0.00170	0.00821	0.00585	0.02060	0.09393
12	0.01556	0.18543	0.18202	0.01300	0.01708	0.26357	0.02922	0.01850	0.02895	0.05887	0.02847	0.02762	0.00927	0.00620	0.00626	0.00159	0.09419	0.00427	0.00296	0.00697
13	0.02214	0.00937	0.03306	0.00953	0.01351	0.00781	0.00801	0.02442	0.01547	0.66924	0.10853	0.02094	0.01773	0.00722	0.00558	0.00169	0.00449	0.00595	0.00654	0.00876
14	0.00751	0.00542	0.00711	0.00700	0.00810	0.00501	0.00513	0.00978	0.01450	0.02037	0.63252	0.18397	0.04856	0.01226	0.00653	0.00181	0.00268	0.01092	0.00583	0.00501
15	0.00678	0.00482	0.00638	0.00758	0.00791	0.00453	0.00508	0.00772	0.01037	0.01382	0.02934	0.74156	0.03506	0.05838	0.00806	0.00238	0.00333	0.03752	0.00497	0.00439
16	0.01091	0.01058	0.01654	0.39568	0.02582	0.01377	0.03768	0.01339	0.00984	0.01370	0.00962	0.05130	0.00863	0.00774	0.01091	0.00208	0.34789	0.00538	0.00254	0.00598
17	0.01177	0.02703	0.73271	0.01518	0.02300	0.01237	0.01939	0.01784	0.01176	0.06431	0.01051	0.01195	0.00731	0.00528	0.00520	0.00172	0.00785	0.00412	0.00258	0.00813
18	0.01287	0.01471	0.03217	0.02298	0.02849	0.01379	0.75460	0.01746	0.01287	0.01746	0.01103	0.01471	0.00827	0.00460	0.00643	0.00184	0.00919	0.00643	0.00276	0.00735
19	0.01138	0.12485	0.68744	0.01477	0.02241	0.01376	0.01881	0.01715	0.01146	0.01672	0.00951	0.01117	0.00692	0.00512	0.00497	0.00166	0.00778	0.00389	0.00231	0.00793
20	0.00833	0.00667	0.00671	0.00646	0.00840	0.03363	0.00487	0.01034	0.03911	0.05832	0.11544	0.07328	0.58338	0.01276	0.00632	0.00182	0.00317	0.01068	0.00518	0.00511
21	0.01883	0.01515	0.20289	0.01166	0.01663	0.01117	0.01138	0.18061	0.05209	0.35040	0.06023	0.01700	0.01330	0.00660	0.00546	0.00170	0.00564	0.00528	0.00527	0.00870
22	0.01457	0.01062	0.01187	0.01064	0.01366	0.01174	0.00843	0.02630	0.55428	0.13702	0.04880	0.02463	0.01875	0.00814	0.00575	0.00188	0.00437	0.07458	0.00570	0.00827
23	0.01282	0.01455	0.03130	0.02249	0.02770	0.01395	0.71302	0.01722	0.01261	0.01722	0.01081	0.01455	0.00821	0.00487	0.00708	0.00187	0.05337	0.00634	0.00274	0.00728
24	0.01367	0.05998	0.05086	0.11555	0.26729	0.12460	0.22921	0.01705	0.01269	0.01621	0.01138	0.01431	0.03168	0.00524	0.00555	0.00166	0.00775	0.00519	0.00274	0.00738
25	0.00714	0.00555	0.00649	0.00625	0.00779	0.00490	0.00469	0.00917	0.01407	0.01863	0.44747	0.04604	0.37751	0.01235	0.00644	0.00177	0.00266	0.01060	0.00558	0.00490
26	0.00646	0.00547	0.00558	0.00567	0.00740	0.00459	0.00421	0.00781	0.01229	0.01467	0.05349	0.10435	0.72142	0.01403	0.00648	0.00187	0.00279	0.01178	0.00506	0.00459

[dist]
# distance from previous block
# <min> <max>
0	1

[block]
# block no. 1 follows, 44 sequences, length 8
# corresponding to MSA columns:
# 766-773
name=unknown_B
#
# <colnr> <probs for GDERKNQSTAVLIFYWHMCP>
#	G	D	E	R	K	N	Q	S	T	A	V	L	I	F	Y	W	H	M	C	P
0	0.01239	0.01366	0.02567	0.13288	0.02643	0.05936	0.48737	0.01611	0.01220	0.01609	0.01186	0.07571	0.01013	0.00613	0.00712	0.00188	0.06878	0.00661	0.00286	0.00677
1	0.14967	0.04165	0.01575	0.01242	0.01578	0.19820	0.06734	0.17762	0.01555	0.12939	0.02881	0.01292	0.00939	0.00635	0.00643	0.00168	0.09518	0.00450	0.00404	0.00735
2	0.01240	0.01374	0.02875	0.14762	0.02918	0.01368	0.59383	0.01665	0.01230	0.01665	0.01060	0.01452	0.00805	0.00501	0.00691	0.00186	0.05241	0.00608	0.00268	0.00707
3	0.01150	0.01033	0.01635	0.70498	0.03517	0.01267	0.01459	0.09958	0.01260	0.01629	0.01008	0.01437	0.00750	0.00558	0.00545	0.00180	0.00712	0.00485	0.00277	0.00643
4	0.01141	0.06592	0.42118	0.01662	0.02277	0.01296	0.22886	0.01636	0.01168	0.01664	0.01143	0.04439	0.00938	0.00686	0.02682	0.00198	0.03607	0.02861	0.00265	0.00740
5	0.04749	0.01104	0.03478	0.10239	0.07584	0.05329	0.00977	0.04640	0.01456	0.46252	0.03972	0.01783	0.02864	0.00681	0.00573	0.01897	0.00541	0.00535	0.00528	0.00818
6	0.14459	0.06244	0.07970	0.31268	0.11998	0.08530	0.01293	0.04078	0.01203	0.04429	0.01025	0.01384	0.00811	0.00560	0.00498	0.00169	0.00671	0.02433	0.00295	0.00680
7	0.20673	0.05949	0.03958	0.00931	0.01319	0.01103	0.00790	0.04455	0.15251	0.24272	0.06100	0.01623	0.01330	0.00627	0.00479	0.00159	0.00453	0.00483	0.00487	0.09558

[dist]
# distance from previous block
# <min> <max>
3	7

[block]
# block no. 2 follows, 44 sequences, length 8
# corresponding to MSA columns:
# 781-788
name=unknown_C
#
# <colnr> <probs for GDERKNQSTAVLIFYWHMCP>
#	G	D	E	R	K	N	Q	S	T	A	V	L	I	F	Y	W	H	M	C	P
0	0.01504	0.37748	0.02008	0.01042	0.01374	0.11859	0.00913	0.07029	0.01268	0.07130	0.04156	0.01334	0.01045	0.01101	0.11950	0.00250	0.06873	0.00419	0.00319	0.00677
1	0.20565	0.10088	0.11411	0.03217	0.04835	0.26073	0.05403	0.09212	0.01373	0.01886	0.00905	0.01058	0.00712	0.00534	0.00463	0.00155	0.00730	0.00379	0.00307	0.00696
2	0.01368	0.06010	0.12752	0.11409	0.14626	0.01298	0.01241	0.09653	0.18805	0.06563	0.03372	0.04128	0.01254	0.02684	0.00622	0.00182	0.02305	0.00551	0.00395	0.00782
3	0.01458	0.81168	0.02857	0.00933	0.01399	0.02157	0.00933	0.01632	0.01108	0.01283	0.00758	0.00875	0.00700	0.00466	0.00350	0.00117	0.00583	0.00292	0.00233	0.00700
4	0.00684	0.00549	0.00604	0.00622	0.00771	0.00480	0.00463	0.00831	0.01232	0.01530	0.12499	0.12625	0.52955	0.05589	0.00770	0.00209	0.00308	0.06313	0.00507	0.00460
5	0.00718	0.00510	0.00631	0.00706	0.00749	0.00485	0.00470	0.00799	0.01000	0.01313	0.02836	0.43804	0.10122	0.26336	0.01343	0.00316	0.00392	0.06603	0.00451	0.00414
6	0.01873	0.01332	0.01603	0.09841	0.01883	0.01451	0.04394	0.49588	0.04860	0.11536	0.01472	0.05127	0.01101	0.00688	0.00557	0.00171	0.00593	0.00558	0.00513	0.00858
7	0.17898	0.05540	0.24754	0.01388	0.07889	0.06620	0.03664	0.07314	0.01238	0.04972	0.01147	0.07024	0.00971	0.00742	0.02863	0.00193	0.04247	0.00493	0.00325	0.00717

[dist]
# distance from previous block
# <min> <max>
0	1

[block]
# block no. 3 follows, 44 sequences, length 28
# corresponding to MSA columns:
# 790-817
name=unknown_D
#
# <colnr> <probs for GDERKNQSTAVLIFYWHMCP>
#	G	D	E	R	K	N	Q	S	T	A	V	L	I	F	Y	W	H	M	C	P
0	0.01048	0.01001	0.01712	0.72927	0.03625	0.01236	0.05055	0.01407	0.01090	0.01407	0.00966	0.01445	0.00731	0.00556	0.00596	0.00184	0.03665	0.00492	0.00244	0.00612
1	0.01202	0.01010	0.01437	0.22897	0.01974	0.01257	0.01108	0.03986	0.02794	0.06010	0.01116	0.03331	0.00947	0.00957	0.05668	0.00235	0.31593	0.00512	0.06287	0.05680
2	0.01461	0.76398	0.02783	0.00962	0.01407	0.03901	0.00945	0.01633	0.01108	0.01285	0.00758	0.00889	0.00700	0.00487	0.00406	0.00122	0.03527	0.00300	0.00235	0.00694
3	0.01199	0.01110	0.04653	0.00933	0.01431	0.00843	0.03869	0.06424	0.01235	0.01885	0.00998	0.01158	0.00811	0.00428	0.00428	0.00095	0.00456	0.00351	0.00332	0.71359
4	0.10060	0.02208	0.01449	0.01296	0.01572	0.58196	0.00990	0.07036	0.01515	0.01623	0.04220	0.01143	0.00903	0.00608	0.00557	0.00151	0.05124	0.00390	0.00316	0.00641
5	0.02338	0.04499	0.01350	0.00987	0.01407	0.00925	0.00820	0.05879	0.04898	0.67785	0.02055	0.01796	0.01316	0.00668	0.00540	0.00167	0.00474	0.00537	0.00644	0.00915
6	0.00662	0.00485	0.00622	0.00732	0.00783	0.00445	0.00494	0.00762	0.01070	0.01403	0.03340	0.70454	0.13419	0.01664	0.00689	0.00216	0.00311	0.01497	0.00506	0.00445
7	0.01349	0.01295	0.02213	0.03346	0.77440	0.01295	0.01673	0.01673	0.01241	0.01781	0.01025	0.01349	0.00864	0.00486	0.00540	0.00162	0.00648	0.00486	0.00270	0.00864
8	0.05110	0.02735	0.74305	0.01514	0.02297	0.01264	0.01946	0.01721	0.01140	0.01761	0.00968	0.01138	0.00686	0.00517	0.00509	0.00172	0.00787	0.00398	0.00235	0.00795
9	0.01166	0.01141	0.01627	0.01529	0.08082	0.01525	0.01170	0.01317	0.00939	0.01438	0.08110	0.01484	0.01156	0.00928	0.01568	0.00225	0.65180	0.00527	0.00276	0.00612
10	0.00664	0.00474	0.00633	0.00759	0.00791	0.00443	0.00506	0.00759	0.01044	0.01392	0.03005	0.80485	0.03606	0.01708	0.00696	0.00221	0.00316	0.01550	0.00506	0.00443
11	0.00672	0.00480	0.00642	0.00768	0.00803	0.00450	0.00520	0.00773	0.01052	0.01400	0.03000	0.77761	0.03589	0.01701	0.00698	0.00222	0.00323	0.04196	0.00506	0.00445
12	0.01351	0.01345	0.02245	0.08251	0.62020	0.04540	0.08880	0.01683	0.01248	0.01733	0.01022	0.01353	0.00844	0.00490	0.00548	0.00164	0.00694	0.00495	0.00269	0.00824
13	0.00856	0.00609	0.00822	0.00923	0.01032	0.00606	0.00776	0.01064	0.01185	0.01538	0.02821	0.05722	0.06087	0.13465	0.01053	0.00290	0.00496	0.59703	0.00476	0.00474
14	0.01491	0.01141	0.01237	0.01092	0.01414	0.01287	0.00855	0.02867	0.67171	0.11644	0.02210	0.02012	0.01625	0.00732	0.00554	0.00183	0.00435	0.00608	0.00570	0.00871
15	0.01797	0.01101	0.01269	0.01054	0.01410	0.01157	0.00848	0.15740	0.31383	0.27789	0.04287	0.02116	0.04294	0.00755	0.00561	0.00177	0.00464	0.02345	0.00592	0.00863
16	0.01258	0.22962	0.38733	0.01432	0.05095	0.04898	0.04319	0.03422	0.01186	0.01612	0.02536	0.03538	0.00892	0.00580	0.00562	0.00162	0.05372	0.00437	0.00261	0.00744
17	0.01193	0.01193	0.01670	0.01431	0.01431	0.01670	0.01193	0.01312	0.00835	0.01312	0.00716	0.01193	0.00716	0.00954	0.01789	0.00239	0.79843	0.00477	0.00239	0.00596
18	0.01030	0.00969	0.01635	0.79530	0.03755	0.01211	0.01514	0.01393	0.01090	0.01393	0.00969	0.01453	0.00727	0.00545	0.00545	0.00182	0.00727	0.00484	0.00242	0.00606
19	0.01982	0.00879	0.01145	0.00928	0.01277	0.00799	0.00752	0.04734	0.06301	0.53597	0.09738	0.05838	0.06178	0.00827	0.00575	0.00175	0.00430	0.02387	0.00634	0.00825
20	0.01134	0.07141	0.59774	0.01662	0.06314	0.01306	0.09127	0.01690	0.01163	0.01695	0.01043	0.03634	0.00804	0.00544	0.00527	0.00171	0.00780	0.00460	0.00246	0.00784
21	0.01025	0.00687	0.00918	0.00984	0.01142	0.00690	0.00833	0.01378	0.08104	0.07632	0.04527	0.11229	0.02948	0.01378	0.00712	0.00234	0.00472	0.54018	0.00523	0.00564
22	0.02409	0.00987	0.01302	0.00998	0.01421	0.00889	0.00825	0.09893	0.01660	0.70440	0.02067	0.01801	0.01308	0.00673	0.00548	0.00168	0.00477	0.00543	0.00662	0.00928
23	0.01587	0.01282	0.01247	0.01066	0.01348	0.12890	0.00832	0.30518	0.04997	0.07318	0.15091	0.15475	0.02162	0.00909	0.00581	0.00173	0.00532	0.00749	0.00517	0.00723
24	0.01349	0.01295	0.02213	0.03346	0.77440	0.01295	0.01673	0.01673	0.01241	0.01781	0.01025	0.01349	0.00864	0.00486	0.00540	0.00162	0.00648	0.00486	0.00270	0.00864
25	0.01035	0.00976	0.01636	0.76910	0.03677	0.01227	0.01503	0.01390	0.01082	0.01390	0.00960	0.01445	0.00726	0.00559	0.00587	0.00184	0.03381	0.00484	0.00242	0.00605
26	0.81281	0.01051	0.00835	0.03930	0.01164	0.01223	0.00628	0.01594	0.00934	0.02403	0.00768	0.00909	0.00596	0.00508	0.00346	0.00169	0.00434	0.00303	0.00334	0.00591
27	0.06779	0.03765	0.01990	0.09556	0.53949	0.03650	0.01475	0.04533	0.05746	0.01854	0.01071	0.01342	0.00874	0.00516	0.00521	0.00163	0.00633	0.00471	0.00298	0.00813

[dist]
# distance from previous block
# <min> <max>
5	48

[block]
# block no. 4 follows, 44 sequences, length 25
# corresponding to MSA columns:
# 866-890
name=unknown_E
#
# <colnr> <probs for GDERKNQSTAVLIFYWHMCP>
#	G	D	E	R	K	N	Q	S	T	A	V	L	I	F	Y	W	H	M	C	P
0	0.73458	0.05378	0.04530	0.00761	0.01120	0.01250	0.00668	0.01599	0.00955	0.02336	0.00804	0.00937	0.00629	0.00509	0.00348	0.00165	0.00443	0.00307	0.03199	0.00604
1	0.01954	0.04806	0.01593	0.01393	0.01657	0.70417	0.01061	0.02094	0.01477	0.01331	0.00830	0.00996	0.00703	0.00589	0.00588	0.00147	0.07096	0.00359	0.00276	0.00631
2	0.00820	0.00623	0.00757	0.00743	0.00887	0.00604	0.00559	0.02655	0.08041	0.01905	0.38085	0.14909	0.16926	0.03087	0.02250	0.00209	0.00337	0.05528	0.00547	0.00529
3	0.01166	0.18366	0.63103	0.01431	0.02169	0.01443	0.01800	0.01708	0.01142	0.01638	0.00935	0.01096	0.00692	0.00508	0.00485	0.00162	0.00762	0.00381	0.00231	0.00785
4	0.00663	0.00553	0.00579	0.00572	0.00748	0.00468	0.00429	0.00819	0.01288	0.01580	0.16244	0.05071	0.66431	0.01341	0.00644	0.00182	0.00273	0.01126	0.00520	0.00468
5	0.84691	0.01054	0.00801	0.00717	0.01054	0.01223	0.00590	0.01603	0.00928	0.02446	0.00759	0.00886	0.00590	0.00506	0.00337	0.00169	0.00422	0.00295	0.00337	0.00590
6	0.02037	0.02598	0.01545	0.01404	0.01685	0.78652	0.01053	0.02177	0.01545	0.01334	0.00843	0.00983	0.00702	0.00562	0.00492	0.00140	0.00983	0.00351	0.00281	0.00632
7	0.84691	0.01054	0.00801	0.00717	0.01054	0.01223	0.00590	0.01603	0.00928	0.02446	0.00759	0.00886	0.00590	0.00506	0.00337	0.00169	0.00422	0.00295	0.00337	0.00590
8	0.00779	0.00584	0.00876	0.00876	0.00974	0.00681	0.00681	0.00974	0.00876	0.01266	0.01460	0.02142	0.01363	0.04089	0.78680	0.00876	0.01460	0.00584	0.00292	0.00487
9	0.84691	0.01054	0.00801	0.00717	0.01054	0.01223	0.00590	0.01603	0.00928	0.02446	0.00759	0.00886	0.00590	0.00506	0.00337	0.00169	0.00422	0.00295	0.00337	0.00590
10	0.00753	0.00557	0.00702	0.00666	0.00803	0.00506	0.00499	0.00992	0.01498	0.02079	0.66431	0.04248	0.15932	0.01154	0.00643	0.00173	0.00260	0.01011	0.00586	0.00506
11	0.01130	0.00969	0.01130	0.00807	0.01292	0.00727	0.00646	0.01373	0.01130	0.01776	0.00969	0.01130	0.00807	0.00404	0.00404	0.00081	0.00404	0.00323	0.00323	0.84173
12	0.84691	0.01054	0.00801	0.00717	0.01054	0.01223	0.00590	0.01603	0.00928	0.02446	0.00759	0.00886	0.00590	0.00506	0.00337	0.00169	0.00422	0.00295	0.00337	0.00590
13	0.84691	0.01054	0.00801	0.00717	0.01054	0.01223	0.00590	0.01603	0.00928	0.02446	0.00759	0.00886	0.00590	0.00506	0.00337	0.00169	0.00422	0.00295	0.00337	0.00590
14	0.64504	0.00995	0.00840	0.00745	0.01051	0.01125	0.00605	0.06121	0.01140	0.02461	0.14474	0.01483	0.01427	0.00624	0.00405	0.00169	0.00403	0.00431	0.00397	0.00598
15	0.02428	0.00957	0.01283	0.00984	0.01406	0.00845	0.00813	0.06213	0.01609	0.74192	0.02110	0.01829	0.01329	0.00674	0.00548	0.00168	0.00471	0.00545	0.00668	0.00928
16	0.04232	0.00603	0.00873	0.00870	0.00977	0.00704	0.00678	0.00999	0.00878	0.01314	0.01431	0.02090	0.01331	0.03941	0.75455	0.00847	0.01418	0.00572	0.00294	0.00491
17	0.01313	0.00883	0.01180	0.01031	0.01248	0.02885	0.03354	0.12004	0.01263	0.14616	0.01499	0.01884	0.01237	0.02678	0.46496	0.00586	0.04254	0.00557	0.00390	0.00641
18	0.36057	0.06049	0.01221	0.00955	0.01299	0.13398	0.00776	0.09649	0.03061	0.15334	0.02698	0.01266	0.00937	0.00750	0.04251	0.00196	0.00593	0.00404	0.00411	0.00697
19	0.14787	0.01051	0.01255	0.01026	0.01340	0.01128	0.00839	0.11622	0.06918	0.33570	0.05742	0.03531	0.01366	0.00741	0.00710	0.00181	0.12339	0.00543	0.00523	0.00787
20	0.01680	0.01360	0.01462	0.04897	0.01657	0.07726	0.03130	0.33104	0.14924	0.06080	0.02985	0.03484	0.01225	0.00672	0.00537	0.00160	0.00570	0.02128	0.00479	0.11738
21	0.05015	0.01317	0.10329	0.13113	0.15567	0.04827	0.01182	0.11454	0.03289	0.01940	0.06700	0.07021	0.01452	0.02424	0.00592	0.00176	0.00590	0.04296	0.00366	0.08351
22	0.07184	0.00948	0.01036	0.00874	0.01185	0.02572	0.00677	0.09117	0.07097	0.01902	0.01815	0.17853	0.05903	0.02591	0.00592	0.00157	0.02215	0.02302	0.00415	0.33566
23	0.01747	0.10232	0.07587	0.01277	0.03736	0.22700	0.01062	0.22894	0.09837	0.04360	0.01181	0.01240	0.00902	0.00580	0.00496	0.00148	0.00680	0.00424	0.00392	0.08524
24	0.09677	0.04165	0.03542	0.00928	0.01214	0.04749	0.00765	0.07260	0.13924	0.08199	0.15002	0.07721	0.07775	0.00902	0.00560	0.00175	0.00446	0.07197	0.00489	0.05308

[dist]
# distance from previous block
# <min> <max>
2	81

[block]
# block no. 5 follows, 44 sequences, length 27
# corresponding to MSA columns:
# 975-1001
name=unknown_F
#
# <colnr> <probs for GDERKNQSTAVLIFYWHMCP>
#	G	D	E	R	K	N	Q	S	T	A	V	L	I	F	Y	W	H	M	C	P
0	0.16548	0.01129	0.07647	0.01095	0.06680	0.00995	0.00874	0.06369	0.07982	0.20441	0.11175	0.01793	0.01563	0.00651	0.00497	0.00160	0.00461	0.00521	0.04801	0.08617
1	0.13860	0.03225	0.04210	0.09539	0.05805	0.01391	0.04591	0.15108	0.06385	0.24895	0.01781	0.01938	0.01332	0.00829	0.00662	0.00232	0.00670	0.00595	0.00582	0.02369
2	0.05732	0.10860	0.01984	0.05436	0.40171	0.12204	0.01328	0.05742	0.03946	0.05998	0.01072	0.01273	0.00860	0.00526	0.00502	0.00156	0.00659	0.00443	0.00316	0.00795
3	0.04861	0.26191	0.39921	0.01356	0.04354	0.07037	0.01488	0.01691	0.01143	0.01573	0.00901	0.01080	0.00715	0.00617	0.02708	0.00175	0.02836	0.00371	0.00243	0.00739
4	0.00670	0.00482	0.00635	0.00748	0.00790	0.00447	0.00504	0.00775	0.01078	0.01438	0.07198	0.73793	0.06093	0.01664	0.00691	0.00217	0.00312	0.01506	0.00511	0.00447
5	0.01519	0.01236	0.01391	0.01068	0.01559	0.00974	0.00815	0.04754	0.01410	0.02160	0.01334	0.01624	0.01145	0.00655	0.00566	0.00153	0.00535	0.00450	0.00451	0.76202
6	0.01522	0.19767	0.57870	0.01621	0.02344	0.01634	0.01859	0.01929	0.01359	0.01947	0.01282	0.01576	0.01031	0.00741	0.00631	0.00224	0.00859	0.00495	0.00355	0.00953
7	0.00778	0.00568	0.00804	0.00809	0.00882	0.00639	0.00596	0.00925	0.00863	0.01223	0.01572	0.05183	0.01580	0.21278	0.58890	0.00775	0.01211	0.00665	0.00308	0.00450
8	0.00664	0.00474	0.00633	0.00759	0.00791	0.00443	0.00506	0.00759	0.01044	0.01392	0.03005	0.80485	0.03606	0.01708	0.00696	0.00221	0.00316	0.01550	0.00506	0.00443
9	0.01319	0.01363	0.06386	0.07104	0.69547	0.01289	0.01684	0.01662	0.01229	0.01758	0.01020	0.01344	0.00847	0.00491	0.00539	0.00164	0.00660	0.00481	0.00266	0.00847
10	0.01243	0.01439	0.06612	0.04108	0.12994	0.01314	0.53594	0.01660	0.01243	0.01710	0.01177	0.05798	0.00973	0.00551	0.00656	0.00184	0.03076	0.00651	0.00284	0.00733
11	0.01231	0.01174	0.01998	0.31641	0.50073	0.01264	0.01614	0.01569	0.01185	0.01637	0.01004	0.01388	0.00813	0.00508	0.00542	0.00169	0.00677	0.00485	0.00260	0.00768
12	0.00664	0.00474	0.00633	0.00759	0.00791	0.00443	0.00506	0.00759	0.01044	0.01392	0.03005	0.80485	0.03606	0.01708	0.00696	0.00221	0.00316	0.01550	0.00506	0.00443
13	0.01193	0.01148	0.01986	0.39820	0.38364	0.01259	0.05304	0.01542	0.01171	0.01593	0.01002	0.01405	0.00796	0.00513	0.00547	0.00172	0.00699	0.00493	0.00257	0.00733
14	0.02342	0.01039	0.04505	0.00999	0.01427	0.02653	0.00852	0.02570	0.01542	0.71101	0.03749	0.01855	0.01391	0.00675	0.00548	0.00168	0.00486	0.00547	0.00645	0.00906
15	0.01030	0.00969	0.01635	0.79530	0.03755	0.01211	0.01514	0.01393	0.01090	0.01393	0.00969	0.01453	0.00727	0.00545	0.00545	0.00182	0.00727	0.00484	0.00242	0.00606
16	0.84691	0.01054	0.00801	0.00717	0.01054	0.01223	0.00590	0.01603	0.00928	0.02446	0.00759	0.00886	0.00590	0.00506	0.00337	0.00169	0.00422	0.00295	0.00337	0.00590
17	0.00649	0.00552	0.00558	0.00557	0.00739	0.00462	0.00418	0.00791	0.01253	0.01497	0.07912	0.05208	0.74815	0.01372	0.00644	0.00184	0.00276	0.01145	0.00509	0.00462
18	0.00664	0.00474	0.00633	0.00759	0.00791	0.00443	0.00506	0.00759	0.01044	0.01392	0.03005	0.80485	0.03606	0.01708	0.00696	0.00221	0.00316	0.01550	0.00506	0.00443
19	0.06345	0.05696	0.02072	0.08813	0.59418	0.03015	0.01522	0.01643	0.01210	0.01750	0.01032	0.01414	0.00880	0.00517	0.00522	0.00163	0.00640	0.02269	0.00276	0.00804
20	0.01470	0.66993	0.08325	0.00998	0.01472	0.06257	0.01005	0.01677	0.01150	0.03334	0.00924	0.01027	0.02459	0.00502	0.00382	0.00125	0.00612	0.00329	0.00253	0.00704
21	0.19074	0.32829	0.20575	0.01219	0.06028	0.07508	0.01175	0.01718	0.02600	0.01691	0.00863	0.01003	0.00703	0.00501	0.00414	0.00147	0.00634	0.00342	0.00267	0.00710
22	0.01666	0.01263	0.01512	0.04027	0.09180	0.03392	0.03424	0.22917	0.24695	0.11926	0.01656	0.03674	0.01246	0.00665	0.00544	0.00167	0.00540	0.00554	0.00495	0.06459
23	0.10499	0.01407	0.10343	0.03313	0.05379	0.09771	0.01011	0.05140	0.12945	0.24608	0.03323	0.01644	0.02474	0.00647	0.00535	0.00168	0.01912	0.00503	0.03593	0.00784
24	0.03252	0.03113	0.01572	0.01784	0.24854	0.22205	0.01104	0.03643	0.05505	0.13196	0.04147	0.01914	0.08030	0.00682	0.00540	0.00162	0.00642	0.02514	0.00395	0.00745
25	0.16154	0.09952	0.15668	0.01234	0.07089	0.08428	0.01073	0.08255	0.01343	0.09206	0.07832	0.03096	0.05053	0.00667	0.00527	0.00164	0.02662	0.00506	0.00379	0.00713
26	0.06271	0.19310	0.03521	0.03009	0.03188	0.19136	0.00924	0.10937	0.07202	0.05595	0.01429	0.04030	0.04822	0.00654	0.00494	0.00152	0.01760	0.00482	0.06386	0.00698

[dist]
# distance from previous block
# <min> <max>
4	20

[block]
# block no. 6 follows, 44 sequences, length 44
# corresponding to MSA columns:
# 1022-1065
name=unknown_G
#
# <colnr> <probs for GDERKNQSTAVLIFYWHMCP>
#	G	D	E	R	K	N	Q	S	T	A	V	L	I	F	Y	W	H	M	C	P
0	0.01319	0.08008	0.01498	0.03523	0.06913	0.08844	0.06176	0.09743	0.13102	0.03671	0.06546	0.11592	0.07397	0.00831	0.00559	0.00168	0.00541	0.02722	0.00428	0.06418
1	0.01341	0.02747	0.03340	0.03126	0.15587	0.01146	0.01015	0.09455	0.25738	0.07101	0.08125	0.04589	0.05343	0.00827	0.00580	0.00182	0.00493	0.08013	0.00482	0.00769
2	0.06045	0.05232	0.11721	0.01225	0.01657	0.16931	0.03334	0.21279	0.07138	0.13155	0.01482	0.01490	0.04316	0.00633	0.00518	0.00161	0.00655	0.00481	0.00431	0.02117
3	0.05338	0.06812	0.01241	0.02545	0.01301	0.08466	0.00762	0.07738	0.06098	0.16626	0.12415	0.02127	0.07726	0.00987	0.06527	0.00208	0.00560	0.00581	0.00464	0.11480
4	0.17338	0.03315	0.06254	0.05059	0.03723	0.04824	0.11548	0.11358	0.01398	0.16357	0.03112	0.09474	0.01251	0.00698	0.00548	0.00175	0.01830	0.00588	0.00422	0.00728
5	0.01299	0.01591	0.15501	0.04392	0.29552	0.09426	0.01375	0.01891	0.16162	0.01825	0.06295	0.01815	0.03345	0.00642	0.00549	0.00170	0.00633	0.02406	0.00353	0.00778
6	0.00664	0.00474	0.00633	0.00759	0.00791	0.00443	0.00506	0.00759	0.01044	0.01392	0.03005	0.80485	0.03606	0.01708	0.00696	0.00221	0.00316	0.01550	0.00506	0.00443
7	0.01148	0.00944	0.01111	0.00810	0.01271	0.00716	0.00644	0.01382	0.01139	0.04043	0.01101	0.04903	0.00956	0.00474	0.00422	0.00090	0.00401	0.00388	0.00342	0.77715
8	0.01179	0.03088	0.01134	0.00858	0.01222	0.00827	0.00680	0.07644	0.02575	0.05002	0.09778	0.11675	0.01689	0.00705	0.00525	0.00127	0.02605	0.00586	0.00410	0.47691
9	0.77903	0.01098	0.03146	0.00798	0.02873	0.01206	0.00653	0.01599	0.00948	0.02397	0.00800	0.00936	0.00622	0.00510	0.00349	0.00167	0.00434	0.00309	0.02651	0.00601
10	0.00947	0.00473	0.00710	0.00710	0.00710	0.00473	0.00473	0.00710	0.00710	0.00947	0.00947	0.01657	0.00947	0.01894	0.02131	0.84138	0.00473	0.00473	0.00237	0.00237
11	0.00891	0.00629	0.00797	0.00768	0.02905	0.00583	0.00561	0.03860	0.01523	0.05595	0.56579	0.03995	0.17021	0.01106	0.00632	0.00173	0.00293	0.00962	0.00577	0.00549
12	0.01158	0.10339	0.66098	0.01450	0.02191	0.01317	0.01828	0.01723	0.01171	0.03905	0.03316	0.01234	0.00847	0.00536	0.00506	0.00167	0.00757	0.00414	0.00255	0.00790
13	0.07766	0.00967	0.01232	0.00964	0.01364	0.00895	0.00792	0.06820	0.05038	0.61773	0.05159	0.01860	0.01448	0.00684	0.00538	0.00169	0.00459	0.00550	0.00636	0.00885
14	0.01243	0.01163	0.01958	0.16915	0.56394	0.01205	0.01536	0.01567	0.01224	0.01729	0.04206	0.01654	0.01102	0.00559	0.00548	0.00168	0.00631	0.02893	0.02522	0.00781
15	0.01501	0.77610	0.02786	0.00934	0.01399	0.02097	0.00927	0.01678	0.01128	0.04677	0.00820	0.00918	0.00728	0.00476	0.00359	0.00119	0.00578	0.00303	0.00253	0.00710
16	0.01140	0.00969	0.01129	0.00817	0.01288	0.00742	0.00651	0.03119	0.01162	0.01805	0.01034	0.03337	0.00888	0.00446	0.00415	0.00087	0.00406	0.00361	0.00333	0.79873
17	0.07203	0.04582	0.12397	0.01085	0.01523	0.01148	0.00993	0.07019	0.21379	0.32430	0.03438	0.01712	0.01318	0.00658	0.00526	0.00171	0.00511	0.00524	0.00529	0.00853
18	0.01833	0.01457	0.01498	0.01213	0.01600	0.05011	0.00979	0.48198	0.27054	0.02959	0.01590	0.01535	0.01162	0.00679	0.00546	0.00170	0.00561	0.00526	0.00537	0.00893
19	0.84691	0.01054	0.00801	0.00717	0.01054	0.01223	0.00590	0.01603	0.00928	0.02446	0.00759	0.00886	0.00590	0.00506	0.00337	0.00169	0.00422	0.00295	0.00337	0.00590
20	0.03600	0.00997	0.01217	0.00978	0.01335	0.00980	0.00793	0.15669	0.09621	0.40513	0.10989	0.02164	0.04840	0.00850	0.02728	0.00190	0.00480	0.00617	0.00605	0.00834
21	0.01323	0.01010	0.01127	0.00954	0.01243	0.01046	0.00744	0.25090	0.14210	0.02371	0.12110	0.14563	0.03779	0.02583	0.00608	0.00173	0.00431	0.00747	0.03663	0.12226
22	0.00779	0.00582	0.00864	0.00864	0.00957	0.00675	0.00666	0.00965	0.00872	0.01256	0.01472	0.02205	0.01391	0.07511	0.75295	0.00861	0.01419	0.00593	0.00294	0.00480
23	0.00782	0.00570	0.00803	0.00803	0.00875	0.00642	0.00591	0.00927	0.00855	0.01212	0.01527	0.02511	0.01523	0.23965	0.59023	0.00786	0.01219	0.00638	0.00302	0.00446
24	0.00780	0.00580	0.00856	0.00856	0.00947	0.00671	0.00657	0.00961	0.00870	0.01251	0.01478	0.02241	0.01406	0.09452	0.73376	0.00852	0.01395	0.00599	0.00295	0.00476
25	0.02000	0.02501	0.01553	0.01401	0.01674	0.72732	0.01059	0.04530	0.01547	0.01402	0.00852	0.01003	0.00710	0.00582	0.00551	0.00146	0.04468	0.00361	0.00288	0.00640
26	0.07195	0.03579	0.35286	0.01936	0.09576	0.01326	0.29841	0.01718	0.01194	0.01782	0.01010	0.01267	0.00752	0.00491	0.00552	0.00174	0.00802	0.00492	0.00259	0.00767
27	0.03356	0.01492	0.01572	0.01477	0.10777	0.11241	0.01066	0.35707	0.10537	0.02501	0.02651	0.01557	0.04418	0.00698	0.00662	0.00171	0.08342	0.00519	0.00445	0.00808
28	0.01400	0.01193	0.01254	0.01136	0.02650	0.02881	0.00870	0.11178	0.59417	0.02323	0.02203	0.05515	0.03968	0.00785	0.00561	0.00183	0.00456	0.00652	0.00540	0.00835
29	0.82427	0.01052	0.00824	0.02850	0.01127	0.01223	0.00615	0.01597	0.00932	0.02418	0.00765	0.00901	0.00594	0.00507	0.00343	0.00169	0.00430	0.00300	0.00335	0.00591
30	0.01209	0.01319	0.11498	0.04475	0.38421	0.01135	0.03030	0.01696	0.09994	0.03223	0.09089	0.02127	0.05583	0.00683	0.00567	0.00174	0.00582	0.04062	0.00361	0.00773
31	0.01917	0.01411	0.01506	0.01181	0.01580	0.01563	0.00967	0.62465	0.09826	0.03209	0.01437	0.01439	0.01038	0.00661	0.00533	0.00163	0.00556	0.00505	0.07156	0.00887
32	0.01287	0.01471	0.03217	0.02298	0.02849	0.01379	0.75460	0.01746	0.01287	0.01746	0.01103	0.01471	0.00827	0.00460	0.00643	0.00184	0.00919	0.00643	0.00276	0.00735
33	0.00947	0.00473	0.00710	0.00710	0.00710	0.00473	0.00473	0.00710	0.00710	0.00947	0.00947	0.01657	0.00947	0.01894	0.02131	0.84138	0.00473	0.00473	0.00237	0.00237
34	0.02907	0.11922	0.66125	0.01461	0.02207	0.02888	0.01839	0.01722	0.01149	0.01682	0.00945	0.01110	0.00690	0.00513	0.00494	0.00165	0.00775	0.00387	0.00234	0.00785
35	0.01096	0.01017	0.01588	0.46192	0.17912	0.02828	0.01352	0.03043	0.01159	0.01531	0.01368	0.05173	0.05300	0.00763	0.03124	0.00201	0.02535	0.00571	0.02604	0.00643
36	0.01130	0.00969	0.01130	0.00807	0.01292	0.00727	0.00646	0.01373	0.01130	0.01776	0.00969	0.01130	0.00807	0.00404	0.00404	0.00081	0.00404	0.00323	0.00323	0.84173
37	0.12580	0.00903	0.01095	0.00943	0.01204	0.00938	0.05770	0.08628	0.13869	0.07517	0.21484	0.06918	0.07824	0.03031	0.00629	0.00188	0.00421	0.03126	0.02281	0.00653
38	0.07242	0.09461	0.47293	0.01398	0.03639	0.01301	0.03975	0.03765	0.01207	0.06375	0.04131	0.01288	0.00924	0.00558	0.00538	0.00166	0.03111	0.00430	0.00294	0.02904
39	0.01637	0.01182	0.01302	0.01210	0.06425	0.07183	0.00891	0.15110	0.21824	0.17713	0.04020	0.07978	0.03122	0.00934	0.04026	0.00205	0.00555	0.01871	0.00517	0.02294
40	0.05831	0.01101	0.01226	0.00982	0.01339	0.03378	0.00792	0.25858	0.01725	0.15507	0.12357	0.04523	0.01709	0.00849	0.03485	0.00180	0.00514	0.01942	0.00504	0.16195
41	0.01528	0.01249	0.01214	0.04523	0.01426	0.15399	0.00838	0.16951	0.06002	0.10741	0.04791	0.15535	0.01701	0.02358	0.04007	0.00205	0.00601	0.02423	0.02140	0.06369
42	0.01387	0.01113	0.01257	0.02680	0.01389	0.06961	0.04976	0.12429	0.18023	0.08965	0.05479	0.09906	0.11140	0.00881	0.00640	0.00178	0.04958	0.00727	0.04756	0.02157
43	0.03857	0.01040	0.05738	0.04781	0.03239	0.00957	0.04177	0.08480	0.12108	0.12460	0.12529	0.06698	0.05349	0.02491	0.00626	0.00185	0.00484	0.07975	0.00487	0.06339

[dist]
# distance from previous block
# <min> <max>
1	9

[block]
# block no. 7 follows, 44 sequences, length 15
# corresponding to MSA columns:
# 1075-1089
name=unknown_H
#
# <colnr> <probs for GDERKNQSTAVLIFYWHMCP>
#	G	D	E	R	K	N	Q	S	T	A	V	L	I	F	Y	W	H	M	C	P
0	0.01476	0.01026	0.01217	0.02879	0.01353	0.01058	0.00806	0.23449	0.03692	0.11519	0.05631	0.10838	0.03763	0.00904	0.02971	0.00184	0.06473	0.00642	0.04755	0.15363
1	0.01305	0.01002	0.01137	0.00954	0.01261	0.00998	0.00748	0.26287	0.06269	0.02295	0.07523	0.20188	0.04180	0.00924	0.00563	0.00162	0.00439	0.02750	0.00486	0.20528
2	0.05631	0.01147	0.02999	0.04591	0.03666	0.01098	0.03092	0.20987	0.03711	0.02211	0.03659	0.07465	0.01200	0.00641	0.00540	0.00141	0.03261	0.00519	0.00401	0.33039
3	0.00848	0.00661	0.00872	0.00852	0.00990	0.00630	0.03114	0.05681	0.01199	0.01635	0.08034	0.51982	0.07273	0.01374	0.00681	0.00196	0.02875	0.01223	0.00480	0.09398
4	0.01067	0.00909	0.01174	0.01074	0.08532	0.00759	0.02469	0.01330	0.03243	0.01729	0.05990	0.09274	0.01500	0.05784	0.00630	0.00146	0.00433	0.02160	0.00362	0.51436
5	0.05662	0.04541	0.49233	0.01376	0.03645	0.01166	0.02993	0.01781	0.01189	0.10867	0.01103	0.01221	0.00786	0.00518	0.00495	0.00158	0.00683	0.00407	0.00303	0.11873
6	0.06224	0.45714	0.10072	0.01048	0.01464	0.14613	0.01004	0.01647	0.01145	0.01396	0.00887	0.01118	0.00791	0.03359	0.07297	0.00209	0.00738	0.00355	0.00255	0.00663
7	0.00947	0.00473	0.00710	0.00710	0.00710	0.00473	0.00473	0.00710	0.00710	0.00947	0.00947	0.01657	0.00947	0.01894	0.02131	0.84138	0.00473	0.00473	0.00237	0.00237
8	0.00997	0.01491	0.24903	0.01339	0.01791	0.00975	0.19266	0.01444	0.03857	0.01837	0.22240	0.02650	0.13248	0.00799	0.00602	0.00177	0.00595	0.00736	0.00393	0.00661
9	0.01070	0.02657	0.72442	0.01491	0.02248	0.01212	0.01906	0.01676	0.01179	0.01760	0.06471	0.01362	0.01012	0.00561	0.00527	0.00173	0.00766	0.00445	0.00257	0.00785
10	0.01898	0.00927	0.01169	0.00961	0.01299	0.00890	0.00769	0.06548	0.14845	0.45390	0.11369	0.07798	0.02009	0.00814	0.00571	0.00175	0.00430	0.00683	0.00625	0.00831
11	0.00767	0.00571	0.00685	0.00718	0.00804	0.00556	0.00492	0.01005	0.07820	0.01549	0.15612	0.35439	0.12766	0.17378	0.01085	0.00267	0.00354	0.01168	0.00491	0.00472
12	0.01458	0.81168	0.02857	0.00933	0.01399	0.02157	0.00933	0.01632	0.01108	0.01283	0.00758	0.00875	0.00700	0.00466	0.00350	0.00117	0.00583	0.00292	0.00233	0.00700
13	0.01233	0.07835	0.54506	0.01534	0.06735	0.01268	0.03162	0.04065	0.01252	0.06539	0.05933	0.01387	0.01039	0.00564	0.00521	0.00168	0.00720	0.00454	0.00295	0.00793
14	0.04470	0.01190	0.01302	0.01096	0.01443	0.01308	0.00873	0.22830	0.37633	0.14405	0.01950	0.06033	0.01481	0.00751	0.00552	0.00178	0.00477	0.00611	0.00561	0.00859

[dist]
# distance from previous block
# <min> <max>
0	5

[block]
# block no. 8 follows, 44 sequences, length 27
# corresponding to MSA columns:
# 1095-1121
name=unknown_I
#
# <colnr> <probs for GDERKNQSTAVLIFYWHMCP>
#	G	D	E	R	K	N	Q	S	T	A	V	L	I	F	Y	W	H	M	C	P
0	0.01509	0.01262	0.01311	0.01138	0.01466	0.03188	0.00895	0.18645	0.56574	0.02486	0.02011	0.04010	0.01535	0.00744	0.00555	0.00180	0.00478	0.00609	0.00545	0.00860
1	0.81682	0.03951	0.00876	0.00725	0.01067	0.01257	0.00603	0.01604	0.00934	0.02404	0.00759	0.00885	0.00594	0.00505	0.00338	0.00167	0.00428	0.00295	0.00334	0.00594
2	0.01215	0.01294	0.02446	0.07194	0.05043	0.01420	0.39751	0.01541	0.01124	0.01586	0.03334	0.01468	0.00929	0.00717	0.02479	0.00213	0.26717	0.00582	0.00271	0.00674
3	0.01405	0.01307	0.02089	0.06942	0.65424	0.04067	0.01581	0.01757	0.03555	0.05007	0.01101	0.01384	0.00896	0.00507	0.00539	0.00163	0.00649	0.00487	0.00295	0.00845
4	0.00779	0.00582	0.00867	0.00867	0.00961	0.00676	0.00670	0.00967	0.00873	0.01258	0.01469	0.02190	0.01384	0.06701	0.76097	0.00864	0.01429	0.00591	0.00293	0.00481
5	0.00780	0.00581	0.00859	0.00859	0.00951	0.00672	0.00660	0.00963	0.00871	0.01253	0.01476	0.02228	0.01401	0.08751	0.74069	0.00855	0.01404	0.00597	0.00294	0.00477
6	0.00779	0.00582	0.00867	0.00867	0.00962	0.00677	0.00671	0.00968	0.00874	0.01259	0.01468	0.02186	0.01382	0.06473	0.76322	0.00865	0.01431	0.00591	0.00293	0.00482
7	0.02037	0.02598	0.01545	0.01404	0.01685	0.78652	0.01053	0.02177	0.01545	0.01334	0.00843	0.00983	0.00702	0.00562	0.00492	0.00140	0.00983	0.00351	0.00281	0.00632
8	0.01320	0.01120	0.01330	0.08816	0.08405	0.01258	0.00986	0.10696	0.43152	0.02178	0.02176	0.02363	0.07025	0.00790	0.00572	0.00185	0.00492	0.05856	0.00491	0.00790
9	0.01297	0.01246	0.02088	0.15118	0.54581	0.02931	0.06547	0.01623	0.01232	0.02943	0.01228	0.01541	0.04104	0.00536	0.00551	0.00167	0.00667	0.00523	0.00283	0.00793
10	0.01356	0.01171	0.01233	0.01109	0.01418	0.01356	0.00863	0.02897	0.76455	0.02281	0.02219	0.02034	0.01664	0.00740	0.00555	0.00185	0.00431	0.00616	0.00555	0.00863
11	0.01468	0.01670	0.01736	0.01459	0.01669	0.30507	0.13663	0.01657	0.01196	0.01407	0.01010	0.03788	0.00921	0.03794	0.05265	0.00234	0.24607	0.00509	0.02829	0.00610
12	0.01211	0.00857	0.07108	0.00837	0.01104	0.00679	0.00719	0.01534	0.04880	0.20016	0.40678	0.03389	0.10965	0.00982	0.00609	0.00175	0.00367	0.02671	0.00574	0.00646
13	0.01812	0.01398	0.01490	0.01202	0.01592	0.01569	0.00973	0.49235	0.29373	0.03017	0.01639	0.01572	0.01195	0.00685	0.00549	0.00171	0.00539	0.00536	0.00549	0.00904
14	0.01303	0.01450	0.03089	0.05761	0.02849	0.01382	0.69469	0.04350	0.01323	0.01790	0.01104	0.01464	0.00826	0.00470	0.00635	0.00183	0.00899	0.00631	0.00284	0.00736
15	0.00947	0.00473	0.00710	0.00710	0.00710	0.00473	0.00473	0.00710	0.00710	0.00947	0.00947	0.01657	0.00947	0.01894	0.02131	0.84138	0.00473	0.00473	0.00237	0.00237
16	0.01118	0.06013	0.67833	0.01609	0.05787	0.01292	0.03658	0.01705	0.01165	0.01721	0.02630	0.01220	0.00799	0.00526	0.00517	0.00170	0.00780	0.00420	0.00241	0.00796
17	0.01097	0.00995	0.01448	0.23914	0.04181	0.01095	0.03734	0.01340	0.01048	0.01534	0.01046	0.05000	0.00923	0.00676	0.00822	0.01911	0.18650	0.00489	0.03777	0.26320
18	0.01130	0.00969	0.01130	0.00807	0.01292	0.00727	0.00646	0.01373	0.01130	0.01776	0.00969	0.01130	0.00807	0.00404	0.00404	0.00081	0.00404	0.00323	0.00323	0.84173
19	0.09303	0.12154	0.01605	0.01201	0.04170	0.10719	0.02793	0.20033	0.15650	0.06304	0.01562	0.01659	0.04885	0.00678	0.00546	0.00165	0.03042	0.02332	0.00432	0.00767
20	0.05398	0.01120	0.01318	0.01204	0.07475	0.01165	0.00878	0.31424	0.05555	0.12326	0.06962	0.12616	0.01685	0.02818	0.00612	0.00178	0.00493	0.00675	0.00511	0.05587
21	0.01335	0.00955	0.01175	0.01043	0.04484	0.00941	0.02337	0.20513	0.03959	0.08632	0.17484	0.12385	0.05457	0.02918	0.00634	0.00175	0.00440	0.02587	0.00507	0.12039
22	0.01485	0.01645	0.09575	0.03251	0.08992	0.14300	0.25491	0.05085	0.03149	0.07527	0.01184	0.04057	0.00945	0.00596	0.00658	0.00172	0.06716	0.00544	0.00327	0.04302
23	0.06730	0.01339	0.06960	0.03578	0.08933	0.02999	0.22976	0.06672	0.02807	0.10195	0.01286	0.01493	0.02660	0.02058	0.00617	0.00167	0.03073	0.00515	0.00356	0.14586
24	0.04075	0.04359	0.00954	0.00763	0.00988	0.00736	0.00597	0.05405	0.03053	0.07527	0.48158	0.03224	0.06756	0.02619	0.00627	0.00168	0.00335	0.00805	0.00540	0.08311
25	0.03491	0.04662	0.02653	0.00934	0.01306	0.02906	0.00775	0.13320	0.03392	0.30210	0.10506	0.02232	0.10338	0.00754	0.00538	0.00157	0.00456	0.00609	0.00539	0.10222
26	0.01457	0.01101	0.01221	0.01065	0.03210	0.05789	0.02371	0.24674	0.04848	0.09177	0.09235	0.15111	0.09364	0.00930	0.00581	0.00172	0.00485	0.01944	0.00507	0.06759

[dist]
# distance from previous block
# <min> <max>
0	52

[block]
# block no. 9 follows, 44 sequences, length 37
# corresponding to MSA columns:
# 1178-1214
name=unknown_J
#
# <colnr> <probs for GDERKNQSTAVLIFYWHMCP>
#	G	D	E	R	K	N	Q	S	T	A	V	L	I	F	Y	W	H	M	C	P
0	0.23115	0.01224	0.06964	0.03621	0.03633	0.01144	0.16045	0.08812	0.04123	0.11413	0.08020	0.03372	0.04891	0.00660	0.00526	0.00174	0.00565	0.00572	0.00416	0.00711
1	0.08405	0.04481	0.02602	0.03558	0.08676	0.20053	0.00966	0.10906	0.13851	0.05146	0.06043	0.01848	0.08246	0.00706	0.00547	0.00165	0.02127	0.00544	0.00413	0.00718
2	0.11301	0.01162	0.08606	0.10136	0.01624	0.03873	0.03921	0.10132	0.04727	0.11811	0.04222	0.03444	0.01162	0.00910	0.00858	0.17872	0.00559	0.00514	0.02532	0.00633
3	0.10731	0.22664	0.12203	0.01153	0.05302	0.08389	0.01015	0.01787	0.09681	0.06359	0.07888	0.03359	0.01341	0.00824	0.04940	0.00196	0.00626	0.00482	0.00356	0.00702
4	0.10126	0.33068	0.07577	0.00994	0.01332	0.07041	0.00919	0.03225	0.01148	0.01550	0.03440	0.07622	0.09339	0.00753	0.00607	0.00160	0.09613	0.00538	0.00316	0.00634
5	0.01313	0.04746	0.07826	0.05393	0.04304	0.09740	0.27315	0.01601	0.01198	0.03732	0.01042	0.01345	0.00829	0.00644	0.00717	0.09754	0.00719	0.00484	0.01846	0.15452
6	0.04757	0.03957	0.03651	0.01128	0.01507	0.08449	0.03624	0.27384	0.03183	0.10819	0.01566	0.07116	0.04571	0.00712	0.00572	0.00159	0.03532	0.00558	0.00452	0.12305
7	0.01865	0.03326	0.01588	0.01205	0.01613	0.04692	0.03699	0.52055	0.04890	0.06239	0.01382	0.03999	0.01064	0.02930	0.00600	0.00169	0.00589	0.00524	0.00499	0.07071
8	0.03148	0.03829	0.06895	0.01660	0.10566	0.09505	0.15271	0.04496	0.10150	0.03569	0.01435	0.01955	0.02771	0.00822	0.02990	0.00207	0.11778	0.07895	0.00348	0.00711
9	0.00867	0.00635	0.00885	0.03204	0.01061	0.00625	0.04010	0.02484	0.02695	0.03423	0.02477	0.36576	0.03992	0.15516	0.03927	0.00295	0.00481	0.13950	0.00450	0.02447
10	0.01249	0.05262	0.07742	0.06925	0.23010	0.01182	0.16633	0.01645	0.04336	0.03108	0.01204	0.01522	0.02236	0.00523	0.00528	0.00152	0.00641	0.02370	0.00306	0.19426
11	0.01156	0.01098	0.01864	0.49403	0.32894	0.01244	0.01577	0.01504	0.01150	0.01546	0.00991	0.01412	0.00781	0.00522	0.00543	0.00174	0.00695	0.00485	0.00253	0.00708
12	0.01016	0.00508	0.00508	0.00508	0.00635	0.00508	0.00381	0.01270	0.01143	0.02033	0.01778	0.02033	0.01397	0.00635	0.00381	0.00127	0.00254	0.00508	0.83867	0.00508
13	0.01063	0.00765	0.00931	0.00926	0.01097	0.00785	0.00733	0.13120	0.06594	0.04034	0.04970	0.24955	0.08494	0.03424	0.02585	0.00236	0.00460	0.23733	0.00512	0.00583
14	0.69480	0.01255	0.09425	0.02365	0.01271	0.01241	0.00788	0.01645	0.03222	0.02316	0.00830	0.00967	0.00639	0.00525	0.00399	0.00171	0.02184	0.00324	0.00328	0.00623
15	0.01016	0.00508	0.00508	0.00508	0.00635	0.00508	0.00381	0.01270	0.01143	0.02033	0.01778	0.02033	0.01397	0.00635	0.00381	0.00127	0.00254	0.00508	0.83867	0.00508
16	0.81597	0.01070	0.00891	0.00776	0.01121	0.01229	0.03368	0.01608	0.00941	0.02420	0.00772	0.00907	0.00599	0.00504	0.00349	0.00169	0.00440	0.00308	0.00335	0.00596
17	0.84691	0.01054	0.00801	0.00717	0.01054	0.01223	0.00590	0.01603	0.00928	0.02446	0.00759	0.00886	0.00590	0.00506	0.00337	0.00169	0.00422	0.00295	0.00337	0.00590
18	0.00947	0.00473	0.00710	0.00710	0.00710	0.00473	0.00473	0.00710	0.00710	0.00947	0.00947	0.01657	0.00947	0.01894	0.02131	0.84138	0.00473	0.00473	0.00237	0.00237
19	0.84691	0.01054	0.00801	0.00717	0.01054	0.01223	0.00590	0.01603	0.00928	0.02446	0.00759	0.00886	0.00590	0.00506	0.00337	0.00169	0.00422	0.00295	0.00337	0.00590
20	0.00819	0.00604	0.00837	0.07616	0.03284	0.00588	0.00644	0.01044	0.01363	0.03439	0.45412	0.21411	0.06597	0.01194	0.00645	0.00186	0.00334	0.02927	0.00534	0.00522
