[name]
unknown

[dist]
# distance from previous block
# <min> <max>
18	62

[block]
# block no. 0 follows, 45 sequences, length 15
# corresponding to MSA columns:
# 71-85
name=unknown_A
#
# <colnr> <probs for GDERKNQSTAVLIFYWHMCP>
#	G	D	E	R	K	N	Q	S	T	A	V	L	I	F	Y	W	H	M	C	P
0	0.01260	0.12119	0.04460	0.01132	0.05678	0.15348	0.00878	0.04175	0.05479	0.04145	0.08839	0.05642	0.02771	0.03795	0.18487	0.00330	0.00792	0.03693	0.00362	0.00616
1	0.07021	0.03947	0.04774	0.00931	0.01225	0.00993	0.00778	0.18278	0.03907	0.12190	0.14419	0.08944	0.04180	0.02827	0.10341	0.00260	0.00573	0.00674	0.00477	0.03263
2	0.12144	0.08520	0.05004	0.01232	0.01627	0.12333	0.12615	0.10749	0.05067	0.16575	0.04170	0.03202	0.02130	0.00628	0.00512	0.00163	0.00622	0.01555	0.00417	0.00735
3	0.03514	0.08537	0.03280	0.00833	0.01020	0.00879	0.00671	0.10808	0.01225	0.02759	0.03749	0.09965	0.09120	0.23753	0.04491	0.00310	0.00526	0.13623	0.00411	0.00528
4	0.08507	0.09858	0.45539	0.01402	0.04302	0.01379	0.03155	0.13340	0.01349	0.04888	0.01023	0.01148	0.00742	0.00529	0.00488	0.00163	0.00693	0.00404	0.00303	0.00789
5	0.32288	0.01488	0.01200	0.01029	0.01348	0.21615	0.02376	0.18334	0.01473	0.02230	0.03361	0.01327	0.03790	0.00727	0.03332	0.00183	0.00634	0.00422	0.02185	0.00657
6	0.09641	0.06535	0.48877	0.04350	0.01964	0.01166	0.03632	0.01521	0.01093	0.01684	0.01244	0.13575	0.01125	0.00689	0.00514	0.00175	0.00667	0.00566	0.00282	0.00700
7	0.02444	0.01009	0.01367	0.40998	0.06612	0.04112	0.01144	0.07150	0.08487	0.01687	0.04781	0.02191	0.14382	0.00725	0.00553	0.00175	0.00584	0.00615	0.00354	0.00631
8	0.01013	0.00856	0.12682	0.00661	0.00891	0.00617	0.00627	0.01321	0.01127	0.01954	0.01628	0.01865	0.01267	0.00607	0.00396	0.00132	0.00335	0.00484	0.70989	0.00546
9	0.84927	0.01038	0.00789	0.00706	0.01038	0.01204	0.00581	0.01578	0.00914	0.02408	0.00747	0.00872	0.00581	0.00498	0.00332	0.00166	0.00415	0.00291	0.00332	0.00581
10	0.00658	0.00537	0.00554	0.00559	0.00705	0.00463	0.00399	0.00771	0.01146	0.01383	0.04747	0.08088	0.62623	0.13856	0.00965	0.00236	0.00312	0.01094	0.00471	0.00432
11	0.00990	0.00495	0.00531	0.00531	0.00637	0.00495	0.00389	0.01164	0.01059	0.01834	0.01623	0.01943	0.01306	0.00819	0.00645	0.13309	0.00284	0.00495	0.70990	0.00459
12	0.03621	0.00832	0.01060	0.09966	0.01486	0.00911	0.00921	0.06566	0.16735	0.01846	0.02329	0.07122	0.02317	0.01142	0.00650	0.00217	0.00502	0.40697	0.00474	0.00607
13	0.06961	0.61040	0.02292	0.00864	0.01253	0.01767	0.00824	0.01494	0.01139	0.01479	0.12777	0.01390	0.01385	0.00664	0.02640	0.00148	0.00538	0.00403	0.00295	0.00647
14	0.01046	0.00667	0.00831	0.00763	0.00945	0.00639	0.00594	0.01271	0.03558	0.14903	0.26109	0.09865	0.26092	0.01143	0.00700	0.00184	0.05721	0.03859	0.00539	0.00570

[dist]
# distance from previous block
# <min> <max>
0	7

[block]
# block no. 1 follows, 45 sequences, length 11
# corresponding to MSA columns:
# 93-103
name=unknown_B
#
# <colnr> <probs for GDERKNQSTAVLIFYWHMCP>
#	G	D	E	R	K	N	Q	S	T	A	V	L	I	F	Y	W	H	M	C	P
0	0.00729	0.00548	0.00675	0.00643	0.00783	0.00493	0.00482	0.00954	0.01447	0.01981	0.59951	0.04291	0.22724	0.01161	0.00633	0.00172	0.00258	0.01010	0.00568	0.00493
1	0.00754	0.00543	0.00627	0.00639	0.00780	0.00476	0.00463	0.00895	0.01218	0.05499	0.14818	0.24829	0.41491	0.03608	0.00702	0.00198	0.00296	0.01173	0.00515	0.00477
2	0.01343	0.44968	0.10670	0.01026	0.01462	0.03888	0.00996	0.01919	0.21191	0.01583	0.01398	0.01421	0.04930	0.00586	0.00435	0.00143	0.00554	0.00430	0.00328	0.00729
3	0.01099	0.01007	0.01505	0.58966	0.03087	0.01230	0.01321	0.01764	0.21154	0.01603	0.01280	0.01583	0.00960	0.00587	0.00539	0.00180	0.00638	0.00511	0.00320	0.00663
4	0.84927	0.01038	0.00789	0.00706	0.01038	0.01204	0.00581	0.01578	0.00914	0.02408	0.00747	0.00872	0.00581	0.00498	0.00332	0.00166	0.00415	0.00291	0.00332	0.00581
5	0.00728	0.00524	0.00689	0.00697	0.00795	0.00485	0.00504	0.00933	0.01371	0.01917	0.55041	0.27144	0.04609	0.01273	0.00649	0.00184	0.00271	0.01138	0.00563	0.00485
6	0.00774	0.00601	0.00748	0.00747	0.00906	0.00511	0.00529	0.00909	0.01063	0.01476	0.02587	0.54796	0.07584	0.01321	0.00606	0.00179	0.00332	0.01180	0.00451	0.22702
7	0.01596	0.60261	0.02494	0.01002	0.01454	0.02002	0.00945	0.21329	0.01471	0.01825	0.00890	0.00974	0.00748	0.00508	0.00395	0.00127	0.00578	0.00339	0.00311	0.00748
8	0.03849	0.00866	0.01265	0.01016	0.01266	0.04463	0.20419	0.01428	0.01175	0.01907	0.01499	0.01769	0.01169	0.00572	0.00447	0.00142	0.00463	0.00521	0.55195	0.00568
9	0.00904	0.00512	0.00512	0.00512	0.00652	0.00488	0.00384	0.01123	0.01152	0.01855	0.02729	0.02840	0.21576	0.00820	0.00444	0.00140	0.00256	0.00668	0.61947	0.00488
10	0.01621	0.06489	0.07307	0.01717	0.03993	0.01274	0.37715	0.07095	0.01395	0.22061	0.01333	0.01471	0.00939	0.00538	0.00599	0.00171	0.02551	0.00553	0.00388	0.00789

[dist]
# distance from previous block
# <min> <max>
0	9

[block]
# block no. 2 follows, 45 sequences, length 9
# corresponding to MSA columns:
# 147-155
name=unknown_C
#
# <colnr> <probs for GDERKNQSTAVLIFYWHMCP>
#	G	D	E	R	K	N	Q	S	T	A	V	L	I	F	Y	W	H	M	C	P
0	0.01021	0.00965	0.01342	0.01214	0.01223	0.01287	0.00975	0.01131	0.00883	0.01315	0.01371	0.24707	0.01546	0.01159	0.01443	0.00230	0.56552	0.00782	0.00313	0.00543
1	0.01271	0.00956	0.07141	0.00924	0.01114	0.00882	0.00751	0.23037	0.01273	0.01718	0.01040	0.01491	0.00907	0.01396	0.01510	0.52794	0.00529	0.00466	0.00322	0.00479
2	0.00895	0.00722	0.00941	0.00871	0.00886	0.00876	0.00629	0.00959	0.00805	0.01146	0.01361	0.02608	0.01490	0.45685	0.14063	0.00488	0.24199	0.00657	0.00293	0.00426
3	0.00929	0.00515	0.00565	0.00552	0.00678	0.00502	0.00414	0.01180	0.01242	0.02046	0.24143	0.02595	0.02466	0.00765	0.00451	0.00138	0.00251	0.00639	0.59426	0.00502
4	0.00779	0.00527	0.00620	0.00620	0.00632	0.00539	0.00368	0.00803	0.00791	0.01066	0.01660	0.03339	0.01876	0.71592	0.12172	0.00563	0.00634	0.00755	0.00321	0.00344
5	0.03447	0.09126	0.09964	0.01418	0.01865	0.01297	0.23110	0.05836	0.19158	0.10934	0.07090	0.01702	0.01358	0.00608	0.00549	0.00170	0.00619	0.00567	0.00413	0.00770
6	0.01001	0.00500	0.00500	0.00500	0.00625	0.00500	0.00375	0.01251	0.01126	0.02001	0.01751	0.02001	0.01376	0.00625	0.00375	0.00125	0.00250	0.00500	0.84115	0.00500
7	0.00703	0.00566	0.00639	0.00675	0.00839	0.00502	0.00543	0.00871	0.01227	0.01496	0.04671	0.05429	0.55553	0.01396	0.00666	0.00201	0.00338	0.22724	0.00497	0.00465
8	0.01366	0.49105	0.10611	0.01037	0.01487	0.01795	0.01015	0.01986	0.23480	0.01601	0.01195	0.01228	0.00969	0.00544	0.00422	0.00141	0.00554	0.00394	0.00323	0.00748

[dist]
# distance from previous block
# <min> <max>
0	9

[block]
# block no. 3 follows, 45 sequences, length 12
# corresponding to MSA columns:
# 165-169,176-182
name=unknown_D
#
# <colnr> <probs for GDERKNQSTAVLIFYWHMCP>
#	G	D	E	R	K	N	Q	S	T	A	V	L	I	F	Y	W	H	M	C	P
0	0.01113	0.00954	0.01113	0.00795	0.01272	0.00716	0.00636	0.01352	0.01113	0.01749	0.00954	0.01113	0.00795	0.00398	0.00398	0.00080	0.00398	0.00318	0.00318	0.84417
1	0.00653	0.00471	0.00619	0.00737	0.00776	0.00437	0.00494	0.00749	0.01038	0.01374	0.03087	0.76863	0.07389	0.01665	0.00683	0.00216	0.00309	0.01506	0.00498	0.00437
2	0.01310	0.00591	0.00664	0.00600	0.00789	0.00564	0.00466	0.01551	0.01216	0.18723	0.01832	0.01963	0.01366	0.00634	0.00411	0.00134	0.00296	0.00509	0.65792	0.00591
3	0.01179	0.01184	0.02247	0.02313	0.31353	0.01139	0.30615	0.01536	0.01305	0.01828	0.17835	0.01964	0.01762	0.00604	0.00594	0.00170	0.00659	0.00648	0.00339	0.00725
4	0.03227	0.01514	0.01377	0.05578	0.02995	0.20294	0.00942	0.34985	0.03244	0.02324	0.01564	0.11057	0.04687	0.00770	0.00538	0.00164	0.00627	0.00604	0.02783	0.00725
5	0.01100	0.02616	0.69241	0.01619	0.02382	0.01260	0.10935	0.01702	0.01150	0.01702	0.00978	0.01171	0.00696	0.00503	0.00525	0.00171	0.00807	0.00425	0.00232	0.00785
6	0.00753	0.00509	0.00594	0.00621	0.00628	0.00502	0.00363	0.00773	0.00835	0.01113	0.01970	0.20479	0.02303	0.63690	0.02283	0.00454	0.00475	0.00944	0.00363	0.00350
7	0.01180	0.01266	0.02561	0.28706	0.05334	0.01307	0.46005	0.01586	0.01186	0.01589	0.01027	0.01430	0.00779	0.00497	0.00631	0.00181	0.03225	0.00571	0.00259	0.00680
8	0.00823	0.00688	0.00826	0.00820	0.00910	0.03130	0.02164	0.03293	0.01097	0.01425	0.04440	0.38058	0.19103	0.11055	0.01023	0.00242	0.08855	0.01136	0.00441	0.00471
9	0.00788	0.00678	0.00691	0.00664	0.00872	0.00647	0.00505	0.01228	0.17821	0.01625	0.04724	0.04471	0.60897	0.01221	0.00615	0.00181	0.00305	0.01017	0.00509	0.00540
10	0.01421	0.01192	0.01357	0.01175	0.01431	0.01425	0.00940	0.11367	0.48626	0.04695	0.01749	0.01728	0.01335	0.00762	0.00812	0.00191	0.17952	0.00560	0.00481	0.00802
11	0.01005	0.00590	0.00633	0.00598	0.00720	0.00597	0.00431	0.07026	0.01208	0.01918	0.10883	0.02520	0.01913	0.18361	0.00937	0.00220	0.00337	0.00618	0.48989	0.00495

[dist]
# distance from previous block
# <min> <max>
24	34

[block]
# block no. 4 follows, 45 sequences, length 8
# corresponding to MSA columns:
# 220-227
name=unknown_E
#
# <colnr> <probs for GDERKNQSTAVLIFYWHMCP>
#	G	D	E	R	K	N	Q	S	T	A	V	L	I	F	Y	W	H	M	C	P
0	0.05867	0.01121	0.01214	0.01037	0.01368	0.03665	0.00826	0.09542	0.38705	0.21452	0.05781	0.02008	0.01618	0.00725	0.00540	0.00175	0.00459	0.02514	0.00557	0.00824
1	0.00692	0.00501	0.00654	0.00711	0.00785	0.00463	0.00497	0.00846	0.01218	0.01662	0.30472	0.48824	0.07778	0.01451	0.00664	0.00198	0.00288	0.01302	0.00532	0.00463
2	0.01874	0.01437	0.01616	0.01260	0.01673	0.01590	0.04710	0.59065	0.15907	0.03094	0.01441	0.01426	0.01039	0.00650	0.00543	0.00166	0.00576	0.00513	0.00525	0.00892
3	0.01225	0.00867	0.00947	0.00815	0.00966	0.00924	0.00571	0.27331	0.01396	0.01868	0.01549	0.02728	0.01585	0.52723	0.01957	0.00394	0.00545	0.00676	0.00400	0.00533
4	0.01124	0.00989	0.01257	0.00898	0.01380	0.00761	0.05908	0.01377	0.01124	0.01747	0.00963	0.01137	0.00796	0.00401	0.00414	0.00087	0.00433	0.00340	0.00315	0.78549
5	0.01873	0.01404	0.01521	0.01155	0.01594	0.01493	0.00951	0.62487	0.02269	0.03087	0.01228	0.01257	0.00892	0.00600	0.00512	0.00146	0.00556	0.00453	0.00497	0.16026
6	0.00912	0.00781	0.01109	0.01026	0.01078	0.00998	0.00812	0.01057	0.00840	0.01240	0.01206	0.01929	0.01182	0.11161	0.43605	0.00605	0.29125	0.00560	0.00273	0.00501
7	0.00889	0.15209	0.01194	0.00851	0.01005	0.00922	0.00689	0.01062	0.00898	0.01233	0.01332	0.01992	0.01271	0.09387	0.58829	0.00701	0.01210	0.00539	0.00280	0.00505

[dist]
# distance from previous block
# <min> <max>
0	6

[block]
# block no. 5 follows, 45 sequences, length 16
# corresponding to MSA columns:
# 234-249
name=unknown_F
#
# <colnr> <probs for GDERKNQSTAVLIFYWHMCP>
#	G	D	E	R	K	N	Q	S	T	A	V	L	I	F	Y	W	H	M	C	P
0	0.00634	0.00544	0.00544	0.00544	0.00725	0.00453	0.00408	0.00770	0.01224	0.01450	0.05438	0.05166	0.77569	0.01359	0.00634	0.00181	0.00272	0.01133	0.00498	0.00453
1	0.01498	0.73001	0.02681	0.00959	0.01408	0.05630	0.00930	0.06125	0.01197	0.01393	0.00783	0.00892	0.00703	0.00475	0.00362	0.00119	0.00593	0.00302	0.00250	0.00699
2	0.01293	0.02475	0.65855	0.01437	0.02169	0.01172	0.01790	0.01848	0.01199	0.14094	0.01150	0.01246	0.00785	0.00535	0.00515	0.00169	0.00739	0.00420	0.00298	0.00813
3	0.01689	0.20882	0.14258	0.01285	0.01683	0.46409	0.01153	0.01915	0.01341	0.01363	0.00848	0.01001	0.00706	0.00618	0.02565	0.00157	0.00861	0.00346	0.00258	0.00662
4	0.02019	0.00843	0.01128	0.00922	0.01256	0.00750	0.00737	0.05252	0.01469	0.58700	0.02263	0.18633	0.01785	0.00880	0.00571	0.00177	0.00431	0.00748	0.00624	0.00812
5	0.01033	0.00752	0.00908	0.00795	0.00986	0.00753	0.00616	0.16994	0.01734	0.02415	0.61260	0.03430	0.04180	0.01001	0.00613	0.00167	0.00325	0.00867	0.00579	0.00593
6	0.01314	0.00784	0.01027	0.01035	0.09184	0.00727	0.00713	0.03934	0.04802	0.23172	0.24203	0.03234	0.21761	0.00947	0.00590	0.00171	0.00374	0.00808	0.00550	0.00671
7	0.00986	0.00493	0.00543	0.00543	0.00641	0.00493	0.00395	0.01133	0.01035	0.01773	0.01577	0.01922	0.01281	0.00890	0.00742	0.18083	0.00296	0.00493	0.66237	0.00443
8	0.00699	0.00499	0.00674	0.00799	0.00850	0.00475	0.00576	0.00825	0.01072	0.01421	0.02934	0.64858	0.03452	0.01639	0.00697	0.00224	0.00350	0.17009	0.00497	0.00448
9	0.01308	0.53446	0.29707	0.01136	0.01714	0.01812	0.01298	0.01640	0.01106	0.01419	0.00824	0.00958	0.00686	0.00477	0.00403	0.00134	0.00652	0.00326	0.00229	0.00726
10	0.51545	0.09209	0.01111	0.00866	0.01168	0.05874	0.02491	0.01519	0.01045	0.02039	0.01207	0.01995	0.01139	0.00706	0.00437	0.00177	0.00493	0.16048	0.00352	0.00580
11	0.16257	0.45224	0.02095	0.01011	0.01397	0.23501	0.00893	0.01752	0.01180	0.01478	0.00770	0.00893	0.00671	0.00492	0.00381	0.00130	0.00657	0.00304	0.00261	0.00651
12	0.31972	0.16945	0.01378	0.04852	0.01337	0.01241	0.00763	0.05472	0.01207	0.21723	0.01314	0.07455	0.01053	0.00636	0.00437	0.00160	0.00473	0.00471	0.00416	0.00695
13	0.01071	0.00666	0.00858	0.01096	0.17071	0.00666	0.00646	0.01335	0.01146	0.01948	0.01593	0.01858	0.01264	0.00594	0.00409	0.00132	0.00333	0.00496	0.66244	0.00575
14	0.01411	0.01241	0.01890	0.02573	0.52999	0.01271	0.01394	0.17405	0.01490	0.02068	0.01358	0.05606	0.03395	0.00632	0.00550	0.00166	0.00596	0.02787	0.00349	0.00820
15	0.00757	0.01011	0.17173	0.00806	0.01088	0.00631	0.00775	0.01016	0.01241	0.01638	0.18998	0.13355	0.37183	0.01164	0.00614	0.00181	0.00384	0.00991	0.00460	0.00535

[dist]
# distance from previous block
# <min> <max>
4	17

[block]
# block no. 6 follows, 45 sequences, length 22
# corresponding to MSA columns:
# 269-290
name=unknown_G
#
# <colnr> <probs for GDERKNQSTAVLIFYWHMCP>
#	G	D	E	R	K	N	Q	S	T	A	V	L	I	F	Y	W	H	M	C	P
0	0.01905	0.00809	0.01046	0.00838	0.01187	0.00694	0.00681	0.02092	0.01448	0.56370	0.03061	0.02775	0.22984	0.00862	0.00567	0.00170	0.00404	0.00708	0.00617	0.00783
1	0.00981	0.00491	0.00557	0.00557	0.00646	0.00491	0.00401	0.01094	0.01005	0.01698	0.01519	0.01896	0.01250	0.00977	0.00865	0.24057	0.00312	0.00491	0.60289	0.00424
2	0.01405	0.58683	0.02633	0.01593	0.23081	0.01883	0.01126	0.01619	0.01128	0.01402	0.00821	0.00994	0.00735	0.00465	0.00398	0.00127	0.00592	0.00341	0.00240	0.00735
3	0.01718	0.01317	0.01577	0.23541	0.02211	0.01496	0.01135	0.52565	0.02070	0.02770	0.01208	0.01351	0.00871	0.00613	0.00532	0.00165	0.00616	0.00482	0.02952	0.00811
4	0.01096	0.00686	0.00703	0.00668	0.00844	0.00737	0.00510	0.01706	0.22625	0.02071	0.01874	0.02002	0.01450	0.00655	0.00424	0.00141	0.00300	0.00531	0.60378	0.00600
5	0.01213	0.58454	0.02191	0.00870	0.01208	0.01645	0.00799	0.01363	0.01073	0.01293	0.01375	0.23562	0.01502	0.00806	0.00441	0.00144	0.00499	0.00639	0.00306	0.00617
6	0.00763	0.00649	0.00777	0.04249	0.06154	0.00612	0.00604	0.01025	0.07011	0.01522	0.04210	0.16315	0.48896	0.01270	0.00628	0.00188	0.00342	0.03793	0.00475	0.00516
7	0.00932	0.00466	0.00699	0.00699	0.00699	0.00466	0.00466	0.00699	0.00699	0.00932	0.00932	0.01632	0.00932	0.01865	0.02098	0.84382	0.00466	0.00466	0.00233	0.00233
8	0.00729	0.00566	0.00772	0.00772	0.00892	0.00609	0.00596	0.00905	0.00965	0.01304	0.02574	0.02977	0.22993	0.03269	0.56747	0.00669	0.01107	0.00734	0.00347	0.00472
9	0.01157	0.01112	0.01493	0.01235	0.01370	0.01380	0.01021	0.01309	0.00905	0.01422	0.00775	0.01157	0.00730	0.00786	0.01374	0.00191	0.57499	0.00427	0.00258	0.24398
10	0.02084	0.01065	0.01792	0.01326	0.01778	0.00950	0.22105	0.02361	0.01460	0.56447	0.01825	0.01719	0.01183	0.00604	0.00566	0.00170	0.00584	0.00566	0.00553	0.00860
11	0.04396	0.00573	0.00645	0.00667	0.00748	0.00561	0.00444	0.02523	0.03404	0.01408	0.05512	0.27828	0.16247	0.31005	0.01411	0.00317	0.00394	0.01052	0.00433	0.00430
12	0.00902	0.00491	0.00535	0.00571	0.00669	0.00482	0.00410	0.01108	0.01098	0.01822	0.02094	0.24379	0.01993	0.00925	0.00463	0.00151	0.00268	0.00792	0.60365	0.00482
13	0.00760	0.00549	0.00718	0.00675	0.00802	0.00506	0.00506	0.01013	0.01519	0.02153	0.77503	0.04010	0.05065	0.01097	0.00633	0.00169	0.00253	0.00971	0.00591	0.00506
14	0.57549	0.04207	0.00803	0.00669	0.00963	0.01029	0.00546	0.01350	0.01009	0.02089	0.02080	0.02091	0.22453	0.00741	0.00419	0.00168	0.00381	0.00530	0.00375	0.00549
15	0.00745	0.00505	0.00596	0.00631	0.00640	0.00496	0.00374	0.00771	0.00851	0.01134	0.02051	0.25461	0.02406	0.58567	0.02151	0.00435	0.00461	0.00992	0.00374	0.00357
16	0.01348	0.40582	0.01912	0.00937	0.01261	0.15581	0.00817	0.03356	0.01334	0.01595	0.24089	0.01847	0.02024	0.00675	0.00462	0.00137	0.00549	0.00510	0.00355	0.00627
17	0.01209	0.01019	0.01137	0.00928	0.01297	0.00985	0.00728	0.05584	0.31226	0.02022	0.04467	0.05815	0.01444	0.00636	0.00488	0.00135	0.00408	0.00530	0.00439	0.39506
18	0.01082	0.05546	0.47747	0.01208	0.01736	0.01087	0.01395	0.04668	0.01101	0.03381	0.01202	0.01820	0.01067	0.23418	0.01136	0.00267	0.00689	0.00508	0.00279	0.00664
19	0.39026	0.08243	0.02202	0.00855	0.01168	0.05490	0.00718	0.09194	0.04322	0.03505	0.04801	0.01858	0.07152	0.00775	0.02381	0.00184	0.00494	0.05415	0.01595	0.00624
20	0.01511	0.01096	0.01212	0.01056	0.01373	0.01214	0.00834	0.07394	0.54800	0.14282	0.05985	0.02112	0.01747	0.00747	0.00553	0.00179	0.00433	0.02067	0.00566	0.00839
21	0.02828	0.01117	0.01309	0.01117	0.01416	0.01207	0.03254	0.40363	0.04474	0.02558	0.01788	0.04454	0.01628	0.00952	0.00658	0.03827	0.00538	0.21443	0.04347	0.00722

[dist]
# distance from previous block
# <min> <max>
0	18

[block]
# block no. 7 follows, 45 sequences, length 11
# corresponding to MSA columns:
# 309-319
name=unknown_H
#
# <colnr> <probs for GDERKNQSTAVLIFYWHMCP>
#	G	D	E	R	K	N	Q	S	T	A	V	L	I	F	Y	W	H	M	C	P
0	0.05257	0.25661	0.02152	0.01366	0.04370	0.17185	0.12231	0.18216	0.05334	0.01926	0.01016	0.01139	0.00807	0.00534	0.00474	0.00147	0.00694	0.00417	0.00335	0.00739
1	0.01564	0.01219	0.01317	0.01094	0.01427	0.01358	0.00874	0.35304	0.32260	0.02740	0.13102	0.01985	0.01829	0.00746	0.00555	0.00171	0.00473	0.00606	0.00549	0.00826
2	0.01099	0.00622	0.00836	0.00780	0.00844	0.00646	0.00549	0.12015	0.00973	0.01301	0.00986	0.01580	0.00929	0.01681	0.01863	0.71726	0.00485	0.00469	0.00279	0.00335
3	0.00677	0.00489	0.00641	0.00722	0.00782	0.00453	0.00496	0.00809	0.01149	0.01553	0.20159	0.59899	0.07110	0.01534	0.00671	0.00205	0.00296	0.01382	0.00520	0.00453
4	0.01001	0.00500	0.00500	0.00500	0.00625	0.00500	0.00375	0.01251	0.01126	0.02001	0.01751	0.02001	0.01376	0.00625	0.00375	0.00125	0.00250	0.00500	0.84115	0.00500
5	0.01061	0.00897	0.01075	0.00805	0.01225	0.00709	0.00641	0.01293	0.01075	0.01674	0.01027	0.01263	0.00877	0.00943	0.12211	0.00197	0.00554	0.00357	0.00313	0.71803
6	0.01014	0.00954	0.01610	0.79845	0.03697	0.01193	0.01491	0.01371	0.01073	0.01371	0.00954	0.01431	0.00716	0.00537	0.00537	0.00179	0.00716	0.00477	0.00239	0.00596
7	0.01001	0.00500	0.00500	0.00500	0.00625	0.00500	0.00375	0.01251	0.01126	0.02001	0.01751	0.02001	0.01376	0.00625	0.00375	0.00125	0.00250	0.00500	0.84115	0.00500
8	0.03148	0.00660	0.00845	0.00878	0.05026	0.00636	0.00614	0.04355	0.03416	0.05476	0.39793	0.19339	0.09612	0.01148	0.00622	0.00181	0.00326	0.02833	0.00538	0.00554
9	0.01691	0.10378	0.04715	0.00979	0.01353	0.03185	0.00839	0.17174	0.05406	0.25215	0.11607	0.01997	0.04949	0.02833	0.00581	0.00165	0.00488	0.00567	0.00508	0.05370
10	0.17498	0.12028	0.03129	0.01282	0.07913	0.19648	0.04429	0.07359	0.05651	0.06135	0.03191	0.01442	0.05276	0.00609	0.00497	0.00156	0.02261	0.00452	0.00355	0.00689

[dist]
# distance from previous block
# <min> <max>
11	36

[block]
# block no. 8 follows, 45 sequences, length 7
# corresponding to MSA columns:
# 358-364
name=unknown_I
#
# <colnr> <probs for GDERKNQSTAVLIFYWHMCP>
#	G	D	E	R	K	N	Q	S	T	A	V	L	I	F	Y	W	H	M	C	P
0	0.06411	0.12312	0.01490	0.03798	0.01414	0.12242	0.02573	0.13450	0.05050	0.01828	0.01345	0.01787	0.03558	0.05872	0.00791	0.00187	0.10824	0.04848	0.06472	0.03749
1	0.12443	0.08657	0.18558	0.10023	0.01878	0.13539	0.05084	0.10033	0.01347	0.01858	0.05421	0.01549	0.06195	0.00616	0.00496	0.00161	0.00661	0.00478	0.00326	0.00678
2	0.01335	0.00957	0.01185	0.01011	0.01220	0.01086	0.03221	0.14793	0.13661	0.06928	0.04363	0.01769	0.01311	0.01067	0.06910	0.06469	0.13452	0.00538	0.18068	0.00657
3	0.01239	0.00970	0.01084	0.00967	0.01188	0.05173	0.00744	0.11732	0.09796	0.07119	0.05431	0.25457	0.02053	0.03102	0.00736	0.00187	0.07409	0.03094	0.00460	0.12058
4	0.05488	0.03534	0.00923	0.00779	0.01001	0.00765	0.00605	0.03701	0.11097	0.10340	0.31377	0.10085	0.13540	0.01001	0.00580	0.00171	0.00340	0.00854	0.00536	0.03283
5	0.01319	0.28385	0.34623	0.01189	0.01731	0.07813	0.01321	0.01675	0.01167	0.06043	0.03866	0.01332	0.00969	0.05714	0.00603	0.00171	0.00677	0.00411	0.00278	0.00711
6	0.04853	0.19638	0.01744	0.01078	0.01474	0.01356	0.05314	0.08886	0.14942	0.26844	0.01527	0.01477	0.01096	0.00610	0.00539	0.00157	0.03821	0.00474	0.00466	0.03702

[dist]
# distance from previous block
# <min> <max>
0	2

[block]
# block no. 9 follows, 45 sequences, length 8
# corresponding to MSA columns:
# 367-374
name=unknown_J
#
# <colnr> <probs for GDERKNQSTAVLIFYWHMCP>
#	G	D	E	R	K	N	Q	S	T	A	V	L	I	F	Y	W	H	M	C	P
0	0.01853	0.06452	0.01515	0.01105	0.01504	0.01433	0.00912	0.47262	0.08565	0.11657	0.01475	0.03822	0.01099	0.00659	0.00517	0.00156	0.00529	0.00511	0.03358	0.05614
1	0.61339	0.01070	0.03196	0.10482	0.01437	0.01163	0.00760	0.03539	0.01008	0.02214	0.00887	0.01172	0.00719	0.00538	0.00388	0.00165	0.00470	0.03135	0.00328	0.05990
2	0.01322	0.01631	0.15163	0.08808	0.40356	0.10999	0.01527	0.01748	0.06097	0.01682	0.01139	0.01531	0.00949	0.00563	0.00533	0.00166	0.00692	0.04034	0.00287	0.00773
3	0.00753	0.00538	0.00704	0.00715	0.00812	0.00507	0.00528	0.00954	0.01332	0.01850	0.48864	0.18546	0.04296	0.08259	0.00838	0.00217	0.00314	0.08957	0.00540	0.00476
4	0.01948	0.01435	0.01547	0.01195	0.01602	0.01581	0.00983	0.70588	0.02451	0.03294	0.06786	0.01485	0.01212	0.00677	0.00544	0.00162	0.00566	0.00518	0.00541	0.00884
5	0.00744	0.00541	0.00700	0.00675	0.00796	0.00498	0.00501	0.00977	0.01461	0.02048	0.67243	0.10707	0.08774	0.01162	0.00638	0.00174	0.00259	0.01027	0.00578	0.00498
6	0.01882	0.01353	0.01471	0.01157	0.01545	0.01488	0.00947	0.58391	0.09577	0.06911	0.03693	0.01513	0.01155	0.00772	0.02990	0.00184	0.00574	0.00516	0.03012	0.00869
7	0.00785	0.00583	0.00719	0.00679	0.00823	0.00541	0.00510	0.04019	0.01486	0.02044	0.58358	0.07700	0.17439	0.01152	0.00632	0.00173	0.00273	0.01005	0.00568	0.00510

[dist]
# distance from previous block
# <min> <max>
0	1

[block]
# block no. 10 follows, 45 sequences, length 18
# corresponding to MSA columns:
# 378-395
name=unknown_K
#
# <colnr> <probs for GDERKNQSTAVLIFYWHMCP>
#	G	D	E	R	K	N	Q	S	T	A	V	L	I	F	Y	W	H	M	C	P
0	0.01435	0.81458	0.02813	0.00918	0.01378	0.02124	0.00918	0.01607	0.01091	0.01263	0.00746	0.00861	0.00689	0.00459	0.00344	0.00115	0.00574	0.00287	0.00230	0.00689
1	0.01666	0.14336	0.15704	0.01113	0.01571	0.01302	0.01063	0.08796	0.20619	0.24161	0.01614	0.01547	0.01149	0.00688	0.02153	0.00177	0.00562	0.00486	0.00465	0.00830
2	0.79007	0.01000	0.00769	0.00691	0.01009	0.01155	0.00567	0.01555	0.00928	0.02380	0.00818	0.00952	0.00637	0.00507	0.00335	0.00163	0.00404	0.00305	0.06242	0.00576
3	0.01106	0.09155	0.72230	0.01480	0.02247	0.01318	0.01897	0.01692	0.01130	0.01665	0.00946	0.01111	0.00681	0.00506	0.00497	0.00166	0.00776	0.00388	0.00227	0.00785
4	0.01382	0.01176	0.01240	0.01102	0.01414	0.01357	0.00861	0.07687	0.71907	0.02321	0.02126	0.01956	0.01591	0.00723	0.00546	0.00181	0.00436	0.00599	0.00546	0.00854
5	0.02321	0.00933	0.01243	0.00966	0.01372	0.00833	0.00794	0.02635	0.07639	0.72004	0.02123	0.01841	0.01354	0.00670	0.00540	0.00167	0.00454	0.00545	0.00655	0.00908
6	0.00706	0.00519	0.00661	0.00683	0.00783	0.00475	0.00490	0.00887	0.01308	0.01784	0.41730	0.31059	0.14254	0.01337	0.00652	0.00188	0.00276	0.01187	0.00546	0.00475
7	0.00760	0.00549	0.00718	0.00675	0.00802	0.00506	0.00506	0.01013	0.01519	0.02153	0.77503	0.04010	0.05065	0.01097	0.00633	0.00169	0.00253	0.00971	0.00591	0.00506
8	0.00746	0.00548	0.00698	0.00661	0.00793	0.00501	0.00495	0.00986	0.01486	0.02074	0.69468	0.04139	0.13149	0.01127	0.00633	0.00170	0.00255	0.00989	0.00581	0.00501
9	0.02041	0.01504	0.01611	0.01235	0.01665	0.01665	0.01020	0.75997	0.02524	0.03383	0.01289	0.01289	0.00913	0.00644	0.00537	0.00161	0.00591	0.00483	0.00537	0.00913
10	0.00925	0.00695	0.00899	0.03945	0.01185	0.00707	0.00811	0.06081	0.04512	0.01723	0.04582	0.07490	0.14016	0.01339	0.00692	0.00224	0.00462	0.48688	0.00492	0.00533
11	0.00738	0.00544	0.00678	0.00650	0.00774	0.00497	0.00478	0.00950	0.01407	0.01940	0.58555	0.06177	0.16520	0.06800	0.00783	0.00197	0.00277	0.00998	0.00555	0.00483
12	0.30907	0.16957	0.14607	0.01267	0.10077	0.04344	0.02622	0.03222	0.01130	0.06946	0.00931	0.01059	0.00720	0.00503	0.00419	0.00153	0.00572	0.00359	0.00309	0.02895
13	0.31689	0.01237	0.08507	0.15664	0.07081	0.07381	0.00987	0.01522	0.01159	0.03622	0.14795	0.01631	0.01474	0.00622	0.00473	0.00167	0.00539	0.00482	0.00350	0.00620
14	0.01571	0.14489	0.12743	0.01649	0.13835	0.23357	0.05503	0.09181	0.02813	0.03125	0.01010	0.01242	0.00824	0.00566	0.00553	0.00155	0.04408	0.01942	0.00301	0.00733
15	0.08146	0.01461	0.09387	0.03161	0.11400	0.03723	0.23828	0.15086	0.01411	0.02015	0.01250	0.03500	0.03799	0.00600	0.00625	0.00172	0.05756	0.00545	0.00333	0.03802
16	0.01191	0.01249	0.10832	0.08212	0.01788	0.06293	0.16171	0.04066	0.07748	0.04513	0.03703	0.10122	0.01342	0.00992	0.02275	0.15650	0.00642	0.00632	0.01975	0.00602
17	0.08321	0.06095	0.03026	0.01136	0.03691	0.13506	0.00891	0.13363	0.20876	0.02044	0.05822	0.03495	0.05122	0.02382	0.00627	0.00174	0.04839	0.01686	0.00423	0.02482

[dist]
# distance from previous block
# <min> <max>
121	268

[block]
# block no. 11 follows, 45 sequences, length 6
# corresponding to MSA columns:
# 789-793,797
name=unknown_L
#
# <colnr> <probs for GDERKNQSTAVLIFYWHMCP>
#	G	D	E	R	K	N	Q	S	T	A	V	L	I	F	Y	W	H	M	C	P
0	0.01201	0.01412	0.11866	0.24925	0.33004	0.07425	0.01491	0.01543	0.01197	0.01602	0.04745	0.04998	0.01100	0.00589	0.00538	0.00168	0.00674	0.00527	0.00280	0.00715
1	0.08855	0.03272	0.08666	0.01118	0.07528	0.00950	0.00877	0.08676	0.04508	0.13818	0.11788	0.15932	0.08109	0.00911	0.00586	0.00177	0.02322	0.00763	0.00468	0.00677
2	0.07040	0.09449	0.33028	0.01426	0.08367	0.03341	0.04513	0.01731	0.05985	0.07230	0.02982	0.01610	0.03394	0.00770	0.04430	0.00201	0.00689	0.02754	0.00321	0.00736
3	0.22038	0.06633	0.26613	0.06089	0.07273	0.01221	0.03428	0.06263	0.01222	0.02001	0.11152	0.01487	0.01275	0.00589	0.00480	0.00165	0.00588	0.00463	0.00326	0.00693
4	0.01358	0.04206	0.12155	0.15472	0.19225	0.04942	0.03061	0.15948	0.03316	0.01933	0.01152	0.05473	0.00956	0.00607	0.00564	0.00164	0.03134	0.00508	0.00329	0.05498
5	0.02887	0.04631	0.09033	0.01277	0.07987	0.05729	0.04339	0.15733	0.08013	0.05189	0.05388	0.07617	0.06831	0.08160	0.00779	0.00204	0.02209	0.02889	0.00415	0.00691

[dist]
# distance from previous block
# <min> <max>
14	96

[block]
# block no. 12 follows, 45 sequences, length 11
# corresponding to MSA columns:
# 898-908
name=unknown_M
#
# <colnr> <probs for GDERKNQSTAVLIFYWHMCP>
#	G	D	E	R	K	N	Q	S	T	A	V	L	I	F	Y	W	H	M	C	P
0	0.02530	0.00990	0.03888	0.02135	0.01231	0.02346	0.00757	0.05866	0.26943	0.07755	0.08040	0.12916	0.05808	0.03368	0.00648	0.00184	0.02428	0.00735	0.05769	0.05663
1	0.01467	0.03090	0.11784	0.01052	0.01476	0.01131	0.00951	0.20282	0.13675	0.10485	0.10567	0.01819	0.03438	0.00665	0.00519	0.00152	0.00494	0.00537	0.00469	0.15947
2	0.01448	0.65077	0.05284	0.00983	0.01431	0.04380	0.00956	0.04042	0.09303	0.01451	0.00928	0.01010	0.00798	0.00499	0.00382	0.00126	0.00579	0.00333	0.00274	0.00715
3	0.00651	0.00532	0.00575	0.00591	0.00742	0.00456	0.00433	0.00793	0.01224	0.01513	0.12799	0.17183	0.57878	0.01383	0.00642	0.00186	0.00276	0.01179	0.00508	0.00456
4	0.00811	0.00585	0.00802	0.03785	0.01054	0.00582	0.00721	0.01011	0.01186	0.01574	0.12865	0.18404	0.03237	0.09480	0.00910	0.00256	0.00440	0.41343	0.00482	0.00472
5	0.03984	0.12846	0.01758	0.04430	0.01655	0.06937	0.01036	0.45210	0.01918	0.02548	0.01073	0.01186	0.00821	0.00644	0.00668	0.00164	0.11472	0.00439	0.00417	0.00795
6	0.00637	0.00533	0.00555	0.00572	0.00732	0.00451	0.00420	0.00767	0.01197	0.01439	0.05100	0.15486	0.67468	0.01403	0.00641	0.00186	0.00277	0.01187	0.00498	0.00451
7	0.00827	0.09260	0.00935	0.00695	0.00860	0.00678	0.00546	0.01066	0.01459	0.02024	0.65840	0.03725	0.08014	0.01041	0.00602	0.00164	0.00289	0.00905	0.00548	0.00524
8	0.03773	0.01301	0.07822	0.32410	0.21068	0.01261	0.21456	0.01562	0.01160	0.01613	0.00997	0.01372	0.00768	0.00497	0.00553	0.00174	0.00744	0.00508	0.00256	0.00706
9	0.46397	0.12222	0.09945	0.05929	0.01462	0.01338	0.00887	0.04756	0.05192	0.06175	0.00958	0.01065	0.00726	0.00524	0.00398	0.00161	0.00509	0.00352	0.00338	0.00667
10	0.01376	0.05033	0.06017	0.05577	0.11973	0.09608	0.01040	0.06346	0.29664	0.03830	0.01766	0.01815	0.06310	0.02218	0.00565	0.00170	0.00557	0.00542	0.00412	0.05179

[dist]
# distance from previous block
# <min> <max>
4	21

[block]
# block no. 13 follows, 45 sequences, length 15
# corresponding to MSA columns:
# 931-945
name=unknown_N
#
# <colnr> <probs for GDERKNQSTAVLIFYWHMCP>
#	G	D	E	R	K	N	Q	S	T	A	V	L	I	F	Y	W	H	M	C	P
0	0.19212	0.16070	0.26811	0.01215	0.03331	0.14994	0.01224	0.05471	0.01233	0.01808	0.03529	0.01113	0.00830	0.00533	0.00444	0.00153	0.00672	0.00372	0.00288	0.00697
1	0.01794	0.18723	0.05706	0.01248	0.01618	0.32382	0.01058	0.22240	0.03186	0.01908	0.00966	0.01073	0.00771	0.00579	0.00534	0.00147	0.04616	0.00385	0.00339	0.00728
2	0.05794	0.05015	0.01379	0.01357	0.15050	0.00961	0.00929	0.05088	0.03362	0.34819	0.04512	0.07990	0.01654	0.00794	0.00555	0.00175	0.00485	0.08792	0.00512	0.00777
3	0.18036	0.00978	0.01147	0.00999	0.05123	0.00946	0.00758	0.05257	0.08086	0.31508	0.04065	0.03185	0.01254	0.00620	0.00479	0.00154	0.00437	0.00490	0.02682	0.13798
4	0.75198	0.01047	0.00885	0.07205	0.01277	0.01219	0.00671	0.04126	0.00982	0.02357	0.00783	0.00932	0.00604	0.00506	0.00356	0.00167	0.00446	0.00313	0.00332	0.00594
5	0.00696	0.00506	0.00664	0.00737	0.00808	0.00463	0.00507	0.00825	0.01118	0.01527	0.15904	0.63284	0.03675	0.01514	0.00661	0.00202	0.00306	0.01367	0.00505	0.04731
6	0.01014	0.00954	0.01610	0.79845	0.03697	0.01193	0.01491	0.01371	0.01073	0.01371	0.00954	0.01431	0.00716	0.00537	0.00537	0.00179	0.00716	0.00477	0.00239	0.00596
7	0.00840	0.00637	0.00790	0.00762	0.00915	0.00626	0.00592	0.01250	0.11353	0.02043	0.52659	0.04098	0.09501	0.01118	0.00636	0.00182	0.00309	0.10577	0.00566	0.00546
8	0.01287	0.01233	0.02104	0.13352	0.68053	0.01265	0.01627	0.01611	0.01203	0.01703	0.01002	0.01342	0.00833	0.00486	0.00532	0.00162	0.00648	0.00478	0.00262	0.00817
9	0.01257	0.01178	0.01987	0.05517	0.65270	0.01186	0.01539	0.01568	0.01219	0.01722	0.01249	0.01953	0.01140	0.00612	0.00559	0.00172	0.00621	0.10160	0.00295	0.00795
10	0.00651	0.00544	0.00567	0.00561	0.00735	0.00460	0.00421	0.00802	0.01262	0.01542	0.14905	0.05014	0.68044	0.01325	0.00634	0.00180	0.00269	0.01112	0.00511	0.00460
11	0.00881	0.00651	0.00924	0.01113	0.07179	0.00649	0.00844	0.01096	0.01169	0.01538	0.02564	0.09337	0.02798	0.10924	0.00959	0.00271	0.00499	0.55647	0.00456	0.00500
12	0.01056	0.01000	0.01669	0.67073	0.10883	0.01231	0.01485	0.01394	0.01071	0.01404	0.00943	0.01404	0.00728	0.00558	0.00617	0.00181	0.05965	0.00477	0.00241	0.00621
13	0.01120	0.01026	0.01612	0.52792	0.14765	0.01206	0.01382	0.03767	0.10178	0.01628	0.04461	0.01592	0.01042	0.00578	0.00541	0.00175	0.00645	0.00514	0.00304	0.00671
14	0.04438	0.18378	0.10718	0.00987	0.01427	0.03733	0.00920	0.03271	0.07481	0.20467	0.07696	0.01542	0.01307	0.00588	0.00470	0.00141	0.00510	0.00456	0.00418	0.15052

[dist]
# distance from previous block
# <min> <max>
0	2

[block]
# block no. 14 follows, 45 sequences, length 13
# corresponding to MSA columns:
# 950-962
name=unknown_O
#
# <colnr> <probs for GDERKNQSTAVLIFYWHMCP>
#	G	D	E	R	K	N	Q	S	T	A	V	L	I	F	Y	W	H	M	C	P
0	0.13990	0.45024	0.10373	0.01196	0.08110	0.05241	0.01051	0.04109	0.03763	0.01630	0.00864	0.00991	0.00726	0.00492	0.00396	0.00137	0.00592	0.00336	0.00271	0.00708
1	0.12299	0.05006	0.07710	0.06256	0.42034	0.05026	0.04140	0.01697	0.01194	0.06581	0.01059	0.02788	0.00861	0.00523	0.00501	0.00161	0.00630	0.00462	0.00299	0.00771
2	0.01149	0.14294	0.50805	0.09241	0.05832	0.01382	0.06799	0.01653	0.01134	0.01606	0.00940	0.01152	0.00702	0.00500	0.00497	0.00163	0.00753	0.00408	0.00233	0.00756
3	0.02046	0.01408	0.01597	0.01327	0.06424	0.01520	0.01028	0.61275	0.02307	0.13505	0.01385	0.01365	0.00966	0.00637	0.00537	0.00162	0.00575	0.00491	0.00537	0.00909
4	0.01833	0.01374	0.06279	0.01166	0.01569	0.01375	0.01001	0.47699	0.07771	0.12872	0.01588	0.04726	0.01225	0.00810	0.02527	0.00188	0.00579	0.04042	0.00525	0.00851
5	0.01157	0.02889	0.02507	0.00963	0.01224	0.02514	0.08032	0.05587	0.04839	0.11961	0.22191	0.06620	0.17849	0.01012	0.00612	0.00180	0.00435	0.08300	0.00510	0.00617
6	0.00787	0.00531	0.00689	0.00728	0.00828	0.00487	0.00526	0.00947	0.01234	0.05655	0.25968	0.41995	0.11125	0.01408	0.00659	0.00198	0.00307	0.04906	0.00535	0.00487
7	0.00762	0.00546	0.00706	0.00667	0.00782	0.00508	0.00490	0.00992	0.01453	0.02052	0.70650	0.03965	0.04783	0.08333	0.00823	0.00201	0.00277	0.00954	0.00567	0.00490
8	0.01211	0.01836	0.25151	0.02048	0.02664	0.01325	0.54243	0.01714	0.01228	0.01714	0.01050	0.01356	0.00775	0.00469	0.00597	0.00178	0.00872	0.00564	0.00258	0.00744
9	0.01410	0.09548	0.12798	0.04688	0.42840	0.14581	0.01497	0.01754	0.02945	0.01623	0.00972	0.01212	0.00797	0.00501	0.00503	0.00154	0.00707	0.00428	0.00264	0.00780
10	0.00651	0.00478	0.00612	0.00720	0.00771	0.00438	0.00486	0.00751	0.01054	0.01381	0.03298	0.70445	0.13671	0.01638	0.00678	0.00213	0.00306	0.01472	0.00498	0.00438
11	0.12170	0.01060	0.01772	0.52813	0.07948	0.01224	0.12565	0.01469	0.01091	0.01585	0.00950	0.01353	0.00721	0.00515	0.00524	0.00176	0.00699	0.00476	0.00258	0.00630
12	0.01337	0.01397	0.04075	0.05064	0.54251	0.05270	0.15442	0.01708	0.03016	0.01724	0.01040	0.01347	0.00846	0.00486	0.00548	0.00164	0.00705	0.00502	0.00272	0.00807

[dist]
# distance from previous block
# <min> <max>
0	2

[block]
# block no. 15 follows, 45 sequences, length 10
# corresponding to MSA columns:
# 965-974
name=unknown_P
#
# <colnr> <probs for GDERKNQSTAVLIFYWHMCP>
#	G	D	E	R	K	N	Q	S	T	A	V	L	I	F	Y	W	H	M	C	P
0	0.01122	0.02473	0.61525	0.01735	0.05439	0.01268	0.15499	0.01701	0.01161	0.01706	0.00988	0.01199	0.00711	0.00498	0.00533	0.00172	0.00808	0.00443	0.00236	0.00783
1	0.00677	0.00557	0.00603	0.00625	0.00796	0.00483	0.00492	0.00833	0.01226	0.01479	0.04962	0.05329	0.63925	0.01382	0.00654	0.00193	0.00313	0.14513	0.00498	0.00461
2	0.01171	0.01063	0.01701	0.59386	0.15378	0.01255	0.01467	0.09173	0.01248	0.01642	0.00998	0.01400	0.00758	0.00538	0.00536	0.00174	0.00690	0.00478	0.00274	0.00670
3	0.01289	0.08315	0.43417	0.01213	0.01784	0.01092	0.01398	0.01730	0.01277	0.15757	0.15709	0.01785	0.01633	0.00646	0.00526	0.00165	0.00611	0.00523	0.00376	0.00752
4	0.01783	0.00999	0.09105	0.00932	0.01301	0.00753	0.00830	0.02047	0.01489	0.47741	0.24284	0.02400	0.02366	0.00776	0.00564	0.00167	0.00432	0.00652	0.00597	0.00781
5	0.01022	0.00916	0.07571	0.00851	0.01091	0.00782	0.00728	0.14808	0.01670	0.02339	0.56947	0.03263	0.03926	0.00964	0.00605	0.00168	0.00362	0.00832	0.00550	0.00606
6	0.18478	0.01123	0.01483	0.38639	0.02523	0.07848	0.08468	0.03548	0.01134	0.01672	0.01131	0.09522	0.00996	0.00644	0.00515	0.00177	0.00648	0.00552	0.00300	0.00600
7	0.01422	0.21396	0.09430	0.01282	0.07034	0.23808	0.01051	0.05184	0.01266	0.01488	0.03785	0.01347	0.01006	0.01263	0.16704	0.00289	0.00882	0.00423	0.00285	0.00653
8	0.16703	0.01333	0.01657	0.05333	0.38845	0.09544	0.01237	0.01893	0.14811	0.01900	0.01152	0.01332	0.00921	0.00537	0.00493	0.00163	0.00597	0.00453	0.00328	0.00766
9	0.11065	0.01185	0.01299	0.01038	0.01425	0.01254	0.00845	0.29675	0.16278	0.21243	0.01596	0.01519	0.01122	0.00635	0.00505	0.00161	0.00487	0.00491	0.02506	0.05672

[dist]
# distance from previous block
# <min> <max>
6	7

[block]
# block no. 16 follows, 45 sequences, length 20
# corresponding to MSA columns:
# 982-1001
name=unknown_Q
#
# <colnr> <probs for GDERKNQSTAVLIFYWHMCP>
#	G	D	E	R	K	N	Q	S	T	A	V	L	I	F	Y	W	H	M	C	P
0	0.08649	0.06821	0.03817	0.01241	0.03068	0.40324	0.00980	0.11022	0.03455	0.12456	0.01184	0.01232	0.02298	0.00587	0.00484	0.00149	0.00743	0.00407	0.00373	0.00711
1	0.01203	0.03498	0.01489	0.01167	0.01433	0.00920	0.16932	0.05841	0.01316	0.12253	0.14161	0.21560	0.05644	0.00974	0.00693	0.00184	0.06245	0.00875	0.00456	0.03156
2	0.00940	0.00654	0.00744	0.00703	0.00777	0.00670	0.00458	0.11327	0.01114	0.01498	0.07967	0.12357	0.02249	0.53965	0.02012	0.00406	0.00484	0.00842	0.00397	0.00435
3	0.01422	0.72751	0.06436	0.00978	0.01432	0.03909	0.00983	0.01613	0.01093	0.01287	0.00757	0.00889	0.00689	0.00482	0.00408	0.00123	0.03529	0.00301	0.00231	0.00689
4	0.11054	0.12569	0.14063	0.01020	0.03399	0.01125	0.00947	0.05440	0.01195	0.07051	0.01001	0.01116	0.00780	0.00469	0.00421	0.00122	0.00509	0.00351	0.00326	0.37041
5	0.01274	0.01354	0.06802	0.17561	0.54697	0.03794	0.03522	0.01617	0.01200	0.01663	0.00992	0.01327	0.00808	0.00493	0.00532	0.00164	0.00680	0.00473	0.00259	0.00788
6	0.00672	0.00475	0.00618	0.00725	0.00752	0.00448	0.00474	0.00752	0.00993	0.01324	0.02781	0.69965	0.03326	0.12807	0.00972	0.00260	0.00341	0.01422	0.00474	0.00420
7	0.00672	0.00475	0.00618	0.00725	0.00752	0.00448	0.00474	0.00752	0.00993	0.01324	0.02781	0.69965	0.03326	0.12807	0.00972	0.00260	0.00341	0.01422	0.00474	0.00420
8	0.01778	0.06024	0.05573	0.01082	0.01472	0.01249	0.00920	0.17725	0.27233	0.25550	0.01852	0.04341	0.01349	0.00696	0.00533	0.00169	0.00494	0.00561	0.00542	0.00856
9	0.02408	0.00914	0.01246	0.00955	0.01370	0.00789	0.00789	0.02616	0.01536	0.78158	0.02118	0.01827	0.01329	0.00664	0.00540	0.00166	0.00457	0.00540	0.00664	0.00914
10	0.00781	0.00520	0.00585	0.00585	0.00585	0.00520	0.00325	0.00781	0.00781	0.01041	0.01691	0.03513	0.01952	0.81135	0.02732	0.00520	0.00520	0.00781	0.00325	0.00325
11	0.01058	0.00999	0.01690	0.69126	0.14071	0.01204	0.01513	0.01410	0.01094	0.01425	0.00962	0.01417	0.00734	0.00528	0.00536	0.00176	0.00705	0.00477	0.00242	0.00632
12	0.02216	0.01123	0.04112	0.01024	0.01433	0.05735	0.00860	0.04385	0.09221	0.60987	0.01982	0.01753	0.01287	0.00658	0.00536	0.00166	0.00501	0.00528	0.00609	0.00884
13	0.02189	0.00865	0.01175	0.00918	0.01295	0.00751	0.00751	0.02403	0.01534	0.68044	0.12150	0.02118	0.01826	0.00722	0.00552	0.00166	0.00430	0.00597	0.00655	0.00859
14	0.00739	0.00576	0.00682	0.00694	0.00845	0.00528	0.00542	0.00974	0.03745	0.01712	0.26308	0.08087	0.36175	0.01298	0.00654	0.00192	0.00315	0.14920	0.00527	0.00489
15	0.15044	0.00884	0.01010	0.00861	0.01149	0.00901	0.00685	0.05238	0.14933	0.24238	0.26403	0.02390	0.02460	0.00789	0.00538	0.00170	0.00384	0.00649	0.00560	0.00716
16	0.45459	0.01062	0.01285	0.18801	0.19072	0.01202	0.01023	0.01535	0.01033	0.02024	0.02581	0.01170	0.00773	0.00516	0.00430	0.00167	0.00529	0.00390	0.00302	0.00644
17	0.03662	0.01341	0.01393	0.01062	0.01498	0.11955	0.04670	0.19879	0.01529	0.03659	0.01044	0.01162	0.00816	0.00491	0.00457	0.00117	0.00553	0.00383	0.00371	0.43958
18	0.01414	0.01410	0.03982	0.08927	0.25055	0.15829	0.05535	0.03177	0.08941	0.06351	0.08517	0.01861	0.02452	0.00647	0.00550	0.00166	0.00647	0.03448	0.00365	0.00728
19	0.01353	0.14985	0.12288	0.01099	0.01506	0.05221	0.01003	0.07740	0.34066	0.02001	0.05273	0.01622	0.01351	0.00631	0.00495	0.00157	0.00528	0.00498	0.01710	0.06473

[dist]
# distance from previous block
# <min> <max>
8	12

[block]
# block no. 17 follows, 45 sequences, length 8
# corresponding to MSA columns:
# 1015-1022
name=unknown_R
#
# <colnr> <probs for GDERKNQSTAVLIFYWHMCP>
#	G	D	E	R	K	N	Q	S	T	A	V	L	I	F	Y	W	H	M	C	P
0	0.00938	0.00675	0.00898	0.01024	0.09180	0.00641	0.00673	0.05141	0.01296	0.06496	0.16259	0.31770	0.16665	0.01259	0.00636	0.00191	0.00363	0.04839	0.00502	0.00555
1	0.08558	0.01140	0.01809	0.21774	0.45531	0.01218	0.01428	0.04470	0.01199	0.01760	0.01090	0.05651	0.00943	0.00567	0.00524	0.00168	0.00618	0.00519	0.00288	0.00744
2	0.01654	0.01055	0.05805	0.09543	0.01633	0.01001	0.00968	0.06355	0.11863	0.32336	0.07386	0.02287	0.01657	0.00782	0.00642	0.00182	0.05488	0.08075	0.00519	0.00770
3	0.01191	0.01135	0.01931	0.36698	0.45457	0.01239	0.01579	0.01527	0.01157	0.01587	0.00985	0.01373	0.00791	0.00504	0.00534	0.00168	0.00672	0.00478	0.00254	0.00739
4	0.01365	0.01397	0.01977	0.17567	0.52895	0.12300	0.01531	0.01665	0.01236	0.01619	0.00974	0.01297	0.00802	0.00500	0.00526	0.00160	0.00699	0.00459	0.00262	0.00770
