[name]
unknown

[dist]
# distance from previous block
# <min> <max>
0	35

[block]
# block no. 0 follows, 46 sequences, length 35
# corresponding to MSA columns:
# 35-60,69-77
name=unknown_A
#
# <colnr> <probs for GDERKNQSTAVLIFYWHMCP>
#	G	D	E	R	K	N	Q	S	T	A	V	L	I	F	Y	W	H	M	C	P
0	0.00852	0.00608	0.00852	0.00974	0.01095	0.00608	0.00852	0.01095	0.01217	0.01582	0.02799	0.05963	0.03042	0.01460	0.00730	0.00243	0.00487	0.74565	0.00487	0.00487
1	0.01060	0.02735	0.78682	0.01507	0.02288	0.01228	0.01953	0.01674	0.01116	0.01674	0.00949	0.01116	0.00670	0.00502	0.00502	0.00167	0.00781	0.00391	0.00223	0.00781
2	0.00755	0.00489	0.00581	0.00629	0.00669	0.00473	0.00405	0.00839	0.00951	0.01351	0.04269	0.34302	0.03985	0.30828	0.01384	0.01599	0.00372	0.01023	0.14695	0.00399
3	0.03299	0.01229	0.01373	0.03464	0.04403	0.02885	0.00932	0.40714	0.11965	0.08772	0.07436	0.01912	0.01468	0.00719	0.00542	0.00167	0.00521	0.05177	0.02221	0.00802
4	0.00702	0.00513	0.00670	0.00759	0.00839	0.00481	0.00564	0.00852	0.01138	0.01501	0.11736	0.45737	0.12526	0.01507	0.00676	0.00211	0.00337	0.18299	0.00500	0.00453
5	0.01985	0.01469	0.01573	0.01211	0.01630	0.01628	0.00999	0.73798	0.05088	0.03293	0.01300	0.01294	0.00924	0.00637	0.00529	0.00159	0.00576	0.00480	0.00529	0.00897
6	0.80144	0.05853	0.00896	0.00708	0.01042	0.01240	0.00592	0.01556	0.00910	0.02304	0.00736	0.00858	0.00579	0.00488	0.00328	0.00161	0.00418	0.00286	0.00321	0.00579
7	0.12221	0.02250	0.01417	0.01268	0.01559	0.63291	0.00965	0.08150	0.01506	0.01594	0.00844	0.00968	0.00686	0.00546	0.00463	0.00141	0.00856	0.00345	0.00300	0.00631
8	0.03717	0.01069	0.01531	0.01155	0.01576	0.01006	0.11367	0.15292	0.01626	0.49711	0.03634	0.01676	0.01233	0.00624	0.00540	0.00163	0.00528	0.00536	0.00563	0.02454
9	0.00647	0.00475	0.00607	0.00704	0.00761	0.00435	0.00479	0.00753	0.01064	0.01400	0.07084	0.66493	0.13994	0.01582	0.00665	0.00207	0.00298	0.01421	0.00495	0.00435
10	0.01237	0.01183	0.02016	0.21057	0.60872	0.01237	0.01587	0.01560	0.01170	0.01640	0.00982	0.01332	0.00807	0.00484	0.00525	0.00161	0.00646	0.00471	0.00255	0.00779
11	0.01410	0.01168	0.01238	0.01088	0.01402	0.01339	0.00853	0.10637	0.67681	0.03877	0.02056	0.01894	0.01531	0.00707	0.00537	0.00177	0.00436	0.00583	0.00539	0.00845
12	0.00736	0.00499	0.00586	0.00619	0.00627	0.00491	0.00365	0.00760	0.00833	0.01110	0.01994	0.23899	0.02337	0.60416	0.02160	0.00434	0.00458	0.00962	0.00365	0.00349
13	0.11744	0.01257	0.01255	0.01033	0.01376	0.13478	0.00831	0.09842	0.09193	0.36564	0.03516	0.01545	0.01179	0.00645	0.00555	0.00163	0.04046	0.00481	0.00510	0.00785
14	0.00998	0.00940	0.01586	0.80150	0.03641	0.01175	0.01468	0.01351	0.01057	0.01351	0.00940	0.01409	0.00705	0.00529	0.00529	0.00176	0.00705	0.00470	0.00235	0.00587
15	0.01746	0.01096	0.01200	0.00955	0.01284	0.01166	0.00778	0.42946	0.01926	0.13440	0.01523	0.01559	0.01096	0.00632	0.00480	0.00148	0.00460	0.00489	0.26299	0.00774
16	0.00674	0.00535	0.00605	0.00593	0.00745	0.00466	0.00443	0.00851	0.01312	0.01695	0.33526	0.07381	0.46801	0.01250	0.00626	0.00175	0.00262	0.01067	0.00526	0.00466
17	0.01311	0.01163	0.01127	0.01017	0.01300	0.08144	0.00787	0.02437	0.56517	0.04762	0.02500	0.02333	0.12724	0.00791	0.00545	0.00175	0.00445	0.00648	0.00511	0.00762
18	0.00967	0.00494	0.00500	0.00500	0.00613	0.00494	0.00365	0.01193	0.01080	0.01891	0.01720	0.02097	0.01403	0.07440	0.00566	0.00156	0.00269	0.00516	0.77259	0.00478
19	0.00660	0.00472	0.00632	0.00754	0.00792	0.00443	0.00519	0.00764	0.01028	0.01368	0.02905	0.75270	0.03461	0.01641	0.00679	0.00217	0.00321	0.07151	0.00490	0.00434
20	0.02218	0.00963	0.01255	0.00975	0.01366	0.00894	0.00803	0.13132	0.01612	0.62784	0.01926	0.01740	0.01250	0.00859	0.05476	0.00206	0.00530	0.00526	0.00613	0.00873
21	0.01031	0.00973	0.01644	0.72152	0.11387	0.01183	0.01484	0.01379	0.01072	0.01390	0.00945	0.01399	0.00719	0.00523	0.00528	0.00174	0.00697	0.00470	0.00238	0.00613
22	0.00682	0.00538	0.00615	0.00596	0.00749	0.00471	0.00447	0.00869	0.01340	0.01749	0.38954	0.04560	0.44111	0.01219	0.00624	0.00173	0.00259	0.01042	0.00533	0.00471
23	0.78164	0.01012	0.00815	0.00716	0.01050	0.01151	0.00590	0.01640	0.00951	0.08800	0.00850	0.00938	0.00635	0.00505	0.00344	0.00164	0.00412	0.00307	0.00355	0.00600
24	0.01939	0.02051	0.01503	0.01291	0.01607	0.47545	0.01002	0.24270	0.06048	0.04193	0.01061	0.01135	0.00817	0.00594	0.00529	0.00148	0.02772	0.00404	0.00374	0.00718
25	0.01091	0.09700	0.71989	0.01454	0.02206	0.01304	0.01861	0.01666	0.01112	0.01636	0.00930	0.01092	0.00670	0.00498	0.00488	0.00163	0.00762	0.00381	0.00223	0.00772
26	0.00653	0.00467	0.00621	0.00730	0.00769	0.00435	0.00491	0.00759	0.01054	0.01416	0.09353	0.74448	0.03625	0.01607	0.00670	0.00211	0.00302	0.01456	0.00499	0.00435
27	0.01240	0.00658	0.00862	0.00769	0.00974	0.00600	0.00590	0.01493	0.04062	0.25037	0.39674	0.14068	0.05745	0.01028	0.00600	0.00173	0.00324	0.00897	0.00587	0.00620
28	0.00656	0.00515	0.00580	0.00613	0.00732	0.00454	0.00437	0.00780	0.01144	0.01436	0.10307	0.25492	0.44508	0.07436	0.00796	0.00214	0.00300	0.02678	0.00485	0.00437
29	0.01239	0.07688	0.07723	0.02061	0.04821	0.01377	0.60213	0.01658	0.01218	0.01656	0.02444	0.01398	0.00860	0.00474	0.00619	0.00173	0.02819	0.00580	0.00266	0.00711
30	0.06302	0.00887	0.01165	0.00910	0.01289	0.00793	0.00747	0.04232	0.01506	0.65751	0.09032	0.01939	0.01604	0.00685	0.00530	0.00164	0.00433	0.00558	0.00628	0.00846
31	0.01691	0.01324	0.01611	0.01268	0.01604	0.01488	0.06788	0.52288	0.01997	0.02707	0.01290	0.06315	0.01049	0.00889	0.04656	0.00208	0.11023	0.00555	0.00455	0.00792
32	0.01335	0.01095	0.01263	0.00939	0.01386	0.00989	0.02289	0.19446	0.07313	0.02146	0.01115	0.01212	0.00875	0.00476	0.00441	0.00107	0.00449	0.00381	0.00381	0.56361
33	0.01784	0.10504	0.07577	0.01153	0.01572	0.01498	0.01018	0.39122	0.12913	0.12510	0.01398	0.01377	0.01006	0.00629	0.00551	0.00160	0.03432	0.00472	0.00478	0.00844
34	0.01240	0.01315	0.02633	0.02530	0.30571	0.01261	0.44775	0.01619	0.01220	0.01689	0.01134	0.05389	0.00951	0.00516	0.00589	0.00172	0.00764	0.00611	0.00277	0.00745

[dist]
# distance from previous block
# <min> <max>
0	33

[block]
# block no. 1 follows, 46 sequences, length 13
# corresponding to MSA columns:
# 111-123
name=unknown_B
#
# <colnr> <probs for GDERKNQSTAVLIFYWHMCP>
#	G	D	E	R	K	N	Q	S	T	A	V	L	I	F	Y	W	H	M	C	P
0	0.00669	0.00484	0.00633	0.00709	0.00770	0.00448	0.00488	0.00803	0.01143	0.01547	0.21833	0.58081	0.07437	0.01497	0.00660	0.00201	0.00290	0.01347	0.00514	0.00448
1	0.04063	0.01300	0.13483	0.20941	0.02065	0.01156	0.01150	0.14699	0.11988	0.14505	0.02879	0.05312	0.02803	0.00668	0.00531	0.00171	0.00569	0.00551	0.00421	0.00745
2	0.01039	0.00999	0.00824	0.00836	0.00923	0.20254	0.00571	0.01122	0.01062	0.01260	0.01920	0.30010	0.02165	0.27809	0.01283	0.00291	0.00539	0.02708	0.03941	0.00443
3	0.22201	0.01065	0.01346	0.07591	0.01442	0.01408	0.00996	0.01336	0.00862	0.01572	0.00779	0.01159	0.00706	0.00889	0.04145	0.00230	0.48738	0.00424	0.02539	0.00571
4	0.01578	0.01213	0.01304	0.01105	0.01445	0.01366	0.00878	0.22867	0.51494	0.07851	0.01906	0.01768	0.01397	0.00690	0.00535	0.00173	0.00465	0.00560	0.00544	0.00858
5	0.00637	0.00487	0.00585	0.00664	0.00748	0.00435	0.00459	0.00744	0.01082	0.01378	0.03794	0.53692	0.30313	0.01542	0.00657	0.00202	0.00293	0.01363	0.00491	0.00435
6	0.01641	0.02003	0.01276	0.01205	0.01417	0.59508	0.00888	0.01766	0.01376	0.01308	0.01343	0.21058	0.01387	0.00824	0.00526	0.00156	0.00791	0.00632	0.00327	0.00567
7	0.01826	0.01271	0.01418	0.01073	0.01506	0.01296	0.00881	0.48202	0.02014	0.12434	0.01290	0.01293	0.00922	0.00576	0.00495	0.00139	0.00517	0.00442	0.00491	0.21915
8	0.01723	0.01197	0.01336	0.01056	0.01403	0.01283	0.00859	0.51435	0.02158	0.09155	0.20550	0.01985	0.01958	0.00748	0.00553	0.00161	0.00488	0.00601	0.00552	0.00799
9	0.01016	0.00900	0.01390	0.53757	0.02801	0.00998	0.01175	0.01292	0.01037	0.01409	0.00938	0.01347	0.00742	0.00601	0.00620	0.07036	0.00606	0.00430	0.00254	0.21652
10	0.01728	0.01221	0.01298	0.01030	0.01373	0.01340	0.00840	0.54948	0.04741	0.02951	0.01414	0.01470	0.01038	0.00633	0.00489	0.00150	0.00492	0.00484	0.21563	0.00795
11	0.02372	0.00900	0.01227	0.00941	0.01350	0.00777	0.00777	0.02576	0.01513	0.78489	0.02086	0.01799	0.01309	0.00654	0.00532	0.00164	0.00450	0.00532	0.00654	0.00900
12	0.01163	0.00643	0.00909	0.00837	0.00999	0.00671	0.00646	0.01331	0.01006	0.20588	0.01616	0.02184	0.01395	0.13061	0.49733	0.00634	0.01058	0.00584	0.00381	0.00560

[dist]
# distance from previous block
# <min> <max>
0	45

[block]
# block no. 2 follows, 46 sequences, length 16
# corresponding to MSA columns:
# 169-184
name=unknown_C
#
# <colnr> <probs for GDERKNQSTAVLIFYWHMCP>
#	G	D	E	R	K	N	Q	S	T	A	V	L	I	F	Y	W	H	M	C	P
0	0.05289	0.01204	0.06659	0.01538	0.01956	0.01060	0.35194	0.01770	0.01245	0.21859	0.01557	0.12552	0.01288	0.00692	0.00626	0.00180	0.03532	0.00687	0.00399	0.00715
1	0.01635	0.01169	0.01281	0.01034	0.01363	0.01270	0.00835	0.46031	0.09975	0.05710	0.13708	0.03811	0.01743	0.00739	0.00536	0.00161	0.00473	0.00594	0.07146	0.00785
2	0.00741	0.00579	0.00665	0.00649	0.00812	0.00524	0.00503	0.03601	0.01354	0.01753	0.30202	0.04642	0.42169	0.01236	0.00632	0.00180	0.00295	0.08456	0.00524	0.00485
3	0.01384	0.01088	0.01156	0.00989	0.01298	0.01192	0.00783	0.22657	0.37080	0.04690	0.02628	0.02475	0.18613	0.00833	0.00555	0.00173	0.00431	0.00679	0.00528	0.00768
4	0.00740	0.00503	0.00599	0.00626	0.00638	0.00501	0.00376	0.00770	0.00828	0.01109	0.01936	0.20981	0.02249	0.59464	0.06072	0.00462	0.00511	0.00925	0.00357	0.00353
5	0.01290	0.01231	0.08870	0.02215	0.40939	0.01091	0.04674	0.01641	0.03423	0.09759	0.13441	0.01859	0.01586	0.00630	0.00594	0.00166	0.03677	0.01789	0.00361	0.00763
6	0.04382	0.01251	0.01280	0.12763	0.01704	0.13479	0.00867	0.09673	0.04201	0.07210	0.01086	0.01251	0.00847	0.01784	0.00490	0.00131	0.00556	0.00391	0.00351	0.36304
7	0.15081	0.31595	0.08583	0.01104	0.01481	0.06128	0.03654	0.08962	0.01188	0.03630	0.00850	0.01014	0.00705	0.00567	0.00616	0.00154	0.13360	0.00362	0.00288	0.00679
8	0.00789	0.00553	0.00617	0.00607	0.00655	0.00546	0.00374	0.03715	0.00917	0.01197	0.02286	0.06770	0.14079	0.60614	0.03784	0.00440	0.00486	0.00839	0.00362	0.00371
9	0.00845	0.00659	0.00983	0.00841	0.00926	0.00644	0.12449	0.00917	0.00845	0.01132	0.01570	0.03135	0.01743	0.68478	0.02360	0.00459	0.00573	0.00746	0.00312	0.00383
10	0.01567	0.68818	0.02524	0.00910	0.01356	0.01882	0.00884	0.01742	0.01144	0.13590	0.00951	0.01000	0.00779	0.00485	0.00370	0.00121	0.00547	0.00322	0.00295	0.00714
11	0.01409	0.00937	0.04084	0.00942	0.01215	0.03764	0.03466	0.03246	0.06959	0.25624	0.28683	0.03699	0.06791	0.00867	0.00636	0.00171	0.04526	0.01765	0.00538	0.00679
12	0.00737	0.00551	0.00749	0.00749	0.00839	0.00599	0.00556	0.00882	0.00891	0.01222	0.02092	0.02814	0.13674	0.17891	0.52553	0.00680	0.01065	0.00692	0.00323	0.00440
13	0.02705	0.01162	0.01352	0.04737	0.03302	0.04298	0.00961	0.06726	0.32830	0.06245	0.01695	0.01757	0.05341	0.00777	0.00878	0.00189	0.23348	0.00552	0.00420	0.00725
14	0.00747	0.00596	0.00797	0.13371	0.01237	0.00597	0.00639	0.00975	0.03096	0.01638	0.27444	0.24888	0.19602	0.01197	0.00621	0.00184	0.00346	0.01054	0.00481	0.00491
15	0.01593	0.07316	0.01404	0.01026	0.01355	0.01303	0.02273	0.40394	0.03722	0.05017	0.01435	0.07101	0.01174	0.01973	0.00572	0.00159	0.03316	0.00542	0.13877	0.04449

[dist]
# distance from previous block
# <min> <max>
0	11

[block]
# block no. 3 follows, 46 sequences, length 47
# corresponding to MSA columns:
# 196-242
name=unknown_D
#
# <colnr> <probs for GDERKNQSTAVLIFYWHMCP>
#	G	D	E	R	K	N	Q	S	T	A	V	L	I	F	Y	W	H	M	C	P
0	0.01571	0.03562	0.01482	0.01144	0.01533	0.09620	0.08398	0.08000	0.24261	0.15034	0.01520	0.01504	0.01120	0.00577	0.00501	0.00147	0.00541	0.00482	0.00445	0.18557
1	0.01289	0.01304	0.05165	0.01562	0.02039	0.01171	0.36238	0.13621	0.01389	0.01942	0.01214	0.04054	0.02592	0.00531	0.00560	0.00151	0.01761	0.00548	0.00332	0.22536
2	0.00998	0.00587	0.00750	0.00704	0.00856	0.00532	0.00521	0.01177	0.01314	0.14799	0.36378	0.15789	0.11965	0.09213	0.00825	0.00211	0.00324	0.01984	0.00542	0.00532
3	0.09714	0.01301	0.02545	0.07550	0.03894	0.01306	0.52170	0.01659	0.01174	0.05200	0.01040	0.01360	0.00787	0.00506	0.00673	0.00180	0.07408	0.00558	0.00286	0.00690
4	0.01101	0.00536	0.00576	0.00547	0.00685	0.00524	0.00405	0.01316	0.01112	0.09562	0.01754	0.02118	0.01413	0.09563	0.00643	0.00170	0.00296	0.00527	0.66637	0.00515
5	0.01907	0.01381	0.01477	0.01144	0.01536	0.01524	0.00941	0.68804	0.02347	0.03195	0.01315	0.01340	0.00945	0.00633	0.00513	0.00155	0.00548	0.00478	0.08960	0.00858
6	0.00810	0.08705	0.00909	0.00697	0.00852	0.00657	0.00546	0.01041	0.01417	0.01964	0.62769	0.07185	0.06456	0.01060	0.00600	0.00165	0.00290	0.02827	0.00537	0.00512
7	0.00818	0.00504	0.00675	0.00757	0.00825	0.00464	0.00520	0.00921	0.01063	0.09108	0.02830	0.73102	0.03276	0.01555	0.00660	0.00210	0.00321	0.01405	0.00507	0.00477
8	0.00665	0.00475	0.00637	0.00760	0.00800	0.00447	0.00527	0.00772	0.01033	0.01373	0.02902	0.73521	0.03451	0.01637	0.00680	0.00218	0.00325	0.08851	0.00490	0.00435
9	0.01302	0.01273	0.02244	0.03143	0.70543	0.01264	0.09124	0.01630	0.01208	0.01724	0.01002	0.01320	0.00834	0.00468	0.00533	0.00159	0.00655	0.00486	0.00262	0.00825
10	0.02081	0.01088	0.01370	0.08996	0.01668	0.01099	0.00918	0.24656	0.04910	0.44948	0.01728	0.01608	0.01137	0.00638	0.00531	0.00164	0.00514	0.00511	0.00570	0.00865
11	0.00704	0.00524	0.00655	0.00653	0.00771	0.00475	0.00478	0.00901	0.01347	0.01838	0.49393	0.18888	0.18941	0.01241	0.00634	0.00178	0.00264	0.01092	0.00547	0.00475
12	0.01070	0.00528	0.00586	0.00577	0.00714	0.00511	0.00430	0.01287	0.01134	0.09567	0.01953	0.14737	0.01696	0.00788	0.00435	0.00142	0.00277	0.00660	0.62385	0.00523
13	0.01936	0.01285	0.01601	0.01231	0.01646	0.01351	0.08490	0.40988	0.11572	0.21920	0.01566	0.01507	0.01083	0.00631	0.00540	0.00164	0.00559	0.00520	0.00535	0.00873
14	0.00728	0.00540	0.00679	0.00644	0.00777	0.00490	0.00483	0.00958	0.01449	0.02006	0.65939	0.04136	0.16964	0.01123	0.00624	0.00168	0.00252	0.00982	0.00567	0.00490
15	0.00673	0.00472	0.00605	0.00699	0.00722	0.00449	0.00451	0.00744	0.00955	0.01273	0.02621	0.62884	0.03127	0.20352	0.01147	0.00285	0.00355	0.01331	0.00451	0.00404
16	0.00998	0.00940	0.01586	0.80150	0.03641	0.01175	0.01468	0.01351	0.01057	0.01351	0.00940	0.01409	0.00705	0.00529	0.00529	0.00176	0.00705	0.00470	0.00235	0.00587
17	0.01315	0.01136	0.01195	0.01076	0.01375	0.01315	0.00837	0.02809	0.77168	0.02211	0.02152	0.01972	0.01614	0.00717	0.00538	0.00179	0.00418	0.00598	0.00538	0.00837
18	0.01128	0.00959	0.01114	0.00798	0.01266	0.00738	0.00640	0.03973	0.01145	0.01779	0.00951	0.01102	0.00787	0.00400	0.00396	0.00081	0.00398	0.00319	0.00321	0.81703
19	0.00906	0.00724	0.00843	0.00757	0.00977	0.00685	0.00583	0.01235	0.10213	0.04141	0.13471	0.11875	0.27695	0.01043	0.00639	0.00166	0.04972	0.02278	0.00466	0.16331
20	0.16643	0.01047	0.01253	0.00996	0.01369	0.01066	0.02944	0.11383	0.10454	0.38900	0.01632	0.01529	0.01108	0.00626	0.00541	0.00165	0.03621	0.00482	0.00528	0.03711
21	0.02046	0.01504	0.01460	0.01167	0.01552	0.15218	0.00943	0.40805	0.06844	0.20887	0.01441	0.01385	0.01004	0.00629	0.00521	0.00157	0.00606	0.00473	0.00514	0.00844
22	0.00674	0.00551	0.00600	0.00619	0.00772	0.00490	0.00461	0.00869	0.04352	0.01492	0.08674	0.17834	0.54686	0.01358	0.00634	0.00187	0.00290	0.04495	0.00498	0.00464
23	0.01437	0.72710	0.06144	0.00957	0.01418	0.04243	0.00960	0.04552	0.01144	0.01347	0.00768	0.00880	0.00687	0.00464	0.00358	0.00118	0.00587	0.00297	0.00239	0.00690
24	0.01186	0.01177	0.01615	0.32118	0.02323	0.07087	0.03393	0.04960	0.01050	0.01414	0.00859	0.01282	0.00729	0.00809	0.03469	0.00217	0.34995	0.00465	0.00253	0.00600
25	0.00665	0.00477	0.00629	0.00743	0.00786	0.00448	0.00512	0.00768	0.01029	0.01362	0.02962	0.69296	0.06389	0.04198	0.00742	0.00225	0.00327	0.07528	0.00485	0.00431
26	0.01731	0.01238	0.01341	0.02391	0.04886	0.07478	0.00905	0.21836	0.21182	0.18485	0.03095	0.01634	0.01247	0.00663	0.00569	0.00164	0.03843	0.00518	0.05991	0.00805
27	0.00932	0.00586	0.00745	0.00690	0.00858	0.00527	0.00530	0.01151	0.01424	0.11545	0.50427	0.05454	0.17837	0.01102	0.00618	0.00172	0.00289	0.04007	0.00569	0.00538
28	0.01300	0.01142	0.01620	0.11284	0.07342	0.04469	0.13822	0.18304	0.01462	0.04386	0.03186	0.09052	0.12396	0.00799	0.00666	0.00177	0.06844	0.00689	0.00390	0.00672
29	0.00653	0.00467	0.00624	0.00746	0.00781	0.00437	0.00506	0.00752	0.01021	0.01360	0.02909	0.77816	0.03477	0.01648	0.00677	0.00216	0.00315	0.04674	0.00491	0.00432
30	0.01224	0.00944	0.01113	0.00812	0.01262	0.00740	0.00650	0.04375	0.01183	0.08020	0.01100	0.03374	0.00905	0.00457	0.00416	0.00092	0.00401	0.00370	0.00354	0.72205
31	0.04554	0.42195	0.06602	0.01101	0.01506	0.22979	0.01002	0.09881	0.01334	0.01550	0.00827	0.00945	0.00699	0.00512	0.00437	0.00132	0.02452	0.00330	0.00275	0.00685
32	0.01194	0.01041	0.01406	0.01117	0.04923	0.00928	0.08339	0.06914	0.01204	0.03056	0.01140	0.02355	0.03206	0.00513	0.00556	0.00117	0.07107	0.00420	0.00329	0.54134
33	0.01425	0.76530	0.02743	0.00964	0.01414	0.04440	0.03508	0.01603	0.01093	0.01261	0.00749	0.00871	0.00683	0.00455	0.00353	0.00116	0.00589	0.00296	0.00229	0.00678
34	0.02330	0.00966	0.01268	0.00972	0.01383	0.00876	0.00803	0.11022	0.01624	0.69887	0.01992	0.01739	0.01262	0.00652	0.00531	0.00163	0.00465	0.00525	0.00640	0.00900
35	0.01790	0.01504	0.04632	0.01132	0.01545	0.12687	0.00943	0.38311	0.04080	0.09755	0.01262	0.02637	0.00941	0.00594	0.00498	0.00143	0.00588	0.00450	0.00451	0.16059
36	0.01308	0.01256	0.02146	0.03245	0.78123	0.01256	0.01622	0.01622	0.01204	0.01727	0.00994	0.01308	0.00837	0.00471	0.00523	0.00157	0.00628	0.00471	0.00262	0.00837
37	0.00698	0.00504	0.00660	0.00699	0.00782	0.00467	0.00498	0.00871	0.01259	0.01733	0.39703	0.39754	0.06509	0.01361	0.00649	0.00190	0.00280	0.02383	0.00535	0.00465
38	0.01240	0.01419	0.05487	0.05987	0.15967	0.01311	0.57137	0.01664	0.01227	0.01683	0.01046	0.01394	0.00799	0.00456	0.00598	0.00174	0.00833	0.00582	0.00263	0.00731
39	0.00920	0.00506	0.00694	0.00687	0.00710	0.00509	0.00458	0.03391	0.00810	0.01098	0.02677	0.06006	0.01288	0.13154	0.01947	0.60850	0.00452	0.00569	0.02985	0.00290
40	0.01396	0.01083	0.01133	0.01002	0.01293	0.04671	0.00785	0.05310	0.48590	0.11472	0.07151	0.02352	0.08467	0.00790	0.00551	0.00175	0.00430	0.02037	0.00537	0.00774
41	0.00642	0.00469	0.00604	0.00712	0.00760	0.00431	0.00480	0.00739	0.01036	0.01359	0.03211	0.71828	0.12552	0.01618	0.00669	0.00210	0.00302	0.01456	0.00491	0.00431
42	0.01289	0.13459	0.29910	0.01478	0.03065	0.10706	0.10196	0.01638	0.01109	0.02755	0.00879	0.01118	0.00706	0.00591	0.00770	0.00171	0.18802	0.00416	0.00244	0.00695
43	0.00985	0.00493	0.00493	0.00493	0.00616	0.00493	0.00370	0.01232	0.01109	0.01971	0.01725	0.01971	0.01355	0.00616	0.00370	0.00123	0.00246	0.00493	0.84356	0.00493
44	0.00969	0.00800	0.01078	0.01002	0.01101	0.04221	0.03714	0.01125	0.00977	0.04830	0.04241	0.16437	0.01774	0.07318	0.27903	0.00447	0.17388	0.03813	0.00347	0.00513
45	0.01963	0.02114	0.01533	0.01311	0.01629	0.49712	0.01020	0.28221	0.01826	0.02011	0.00973	0.01070	0.00758	0.00587	0.00532	0.00147	0.03128	0.00392	0.00361	0.00713
46	0.83111	0.01019	0.00788	0.00701	0.01030	0.01176	0.00578	0.01579	0.00915	0.04251	0.00769	0.00882	0.00591	0.00495	0.00332	0.00164	0.00410	0.00292	0.00335	0.00581

[dist]
# distance from previous block
# <min> <max>
0	17

[block]
# block no. 4 follows, 46 sequences, length 40
# corresponding to MSA columns:
# 260-299
name=unknown_E
#
# <colnr> <probs for GDERKNQSTAVLIFYWHMCP>
#	G	D	E	R	K	N	Q	S	T	A	V	L	I	F	Y	W	H	M	C	P
0	0.00889	0.00612	0.00838	0.04518	0.01117	0.00599	0.00751	0.01119	0.01267	0.05746	0.17268	0.08848	0.09897	0.01301	0.00678	0.00214	0.00421	0.42903	0.00503	0.00509
1	0.01140	0.01084	0.01841	0.45094	0.37593	0.01212	0.01538	0.01475	0.01124	0.01522	0.00965	0.01363	0.00765	0.00502	0.00526	0.00167	0.00670	0.00470	0.00247	0.00701
2	0.01308	0.01256	0.02146	0.03245	0.78123	0.01256	0.01622	0.01622	0.01204	0.01727	0.00994	0.01308	0.00837	0.00471	0.00523	0.00157	0.00628	0.00471	0.00262	0.00837
3	0.01612	0.01098	0.01226	0.01045	0.01378	0.01195	0.00832	0.12117	0.46746	0.19469	0.02132	0.02017	0.03745	0.00726	0.00542	0.00174	0.00443	0.02100	0.00560	0.00840
4	0.00774	0.00594	0.00885	0.00874	0.00965	0.00705	0.00684	0.00959	0.00848	0.01229	0.01383	0.02034	0.01293	0.03825	0.75743	0.00821	0.05066	0.00562	0.00281	0.00477
5	0.03022	0.00513	0.00744	0.04364	0.00846	0.00531	0.00514	0.01961	0.00742	0.01016	0.00939	0.01621	0.00925	0.03737	0.01943	0.75140	0.00473	0.00463	0.00239	0.00268
6	0.00625	0.00536	0.00536	0.00536	0.00714	0.00446	0.00402	0.00759	0.01205	0.01428	0.05355	0.05088	0.77909	0.01339	0.00625	0.00179	0.00268	0.01116	0.00491	0.00446
7	0.01501	0.01267	0.01258	0.01084	0.01396	0.07985	0.00853	0.19578	0.43619	0.04493	0.07190	0.01953	0.04000	0.00726	0.00539	0.00169	0.00487	0.00587	0.00518	0.00798
8	0.00985	0.00493	0.00493	0.00493	0.00616	0.00493	0.00370	0.01232	0.01109	0.01971	0.01725	0.01971	0.01355	0.00616	0.00370	0.00123	0.00246	0.00493	0.84356	0.00493
9	0.01957	0.05827	0.01572	0.01313	0.01623	0.60847	0.01013	0.16460	0.01670	0.01686	0.00901	0.01010	0.00723	0.00558	0.00481	0.00140	0.00864	0.00364	0.00320	0.00671
10	0.01225	0.00750	0.00875	0.00772	0.00982	0.05250	0.00600	0.01447	0.01471	0.21377	0.46560	0.03361	0.09674	0.00970	0.00594	0.00166	0.00349	0.02400	0.00572	0.00603
11	0.01140	0.06895	0.67306	0.01492	0.02217	0.05917	0.04527	0.01696	0.01141	0.01629	0.00934	0.01103	0.00676	0.00500	0.00496	0.00163	0.00784	0.00390	0.00228	0.00763
12	0.01249	0.05867	0.01256	0.00861	0.01310	0.00934	0.00701	0.08916	0.07679	0.03404	0.01085	0.01186	0.00869	0.00452	0.00417	0.00099	0.00424	0.00356	0.00355	0.62580
13	0.02771	0.52568	0.25916	0.01107	0.01637	0.01790	0.01231	0.01597	0.01072	0.01397	0.00799	0.00944	0.00675	0.00489	0.00451	0.00136	0.04167	0.00324	0.00227	0.00704
14	0.00681	0.00545	0.00614	0.00619	0.00778	0.00478	0.00479	0.00856	0.01276	0.01611	0.22239	0.04922	0.51667	0.01292	0.00637	0.00183	0.00290	0.09858	0.00512	0.00464
15	0.01248	0.01426	0.03119	0.02228	0.02763	0.01337	0.76203	0.01693	0.01248	0.01693	0.01070	0.01426	0.00802	0.00446	0.00624	0.00178	0.00891	0.00624	0.00267	0.00713
16	0.01373	0.06241	0.01782	0.01396	0.01596	0.12937	0.10290	0.06863	0.10577	0.01587	0.01022	0.02692	0.00883	0.00749	0.01079	0.00192	0.37289	0.00490	0.00305	0.00658
17	0.00657	0.00470	0.00625	0.00728	0.00770	0.00438	0.00492	0.00767	0.01070	0.01442	0.11871	0.71856	0.03675	0.01587	0.00669	0.00209	0.00300	0.01438	0.00502	0.00438
18	0.01929	0.01240	0.01400	0.01096	0.01475	0.01316	0.00896	0.51694	0.02132	0.19074	0.06144	0.06285	0.01386	0.00726	0.00544	0.00163	0.00517	0.00578	0.00556	0.00847
19	0.00657	0.00470	0.00625	0.00728	0.00770	0.00438	0.00492	0.00767	0.01070	0.01442	0.11871	0.71856	0.03675	0.01587	0.00669	0.00209	0.00300	0.01438	0.00502	0.00438
20	0.01353	0.67694	0.11497	0.00967	0.01459	0.01908	0.01010	0.01578	0.01080	0.01323	0.00772	0.00894	0.00684	0.00454	0.00361	0.00117	0.00580	0.00297	0.00231	0.05739
21	0.01027	0.00969	0.01638	0.72996	0.10570	0.01182	0.01483	0.01376	0.01071	0.01386	0.00945	0.01400	0.00717	0.00523	0.00528	0.00174	0.00698	0.00470	0.00237	0.00611
22	0.12514	0.03057	0.10507	0.27030	0.02277	0.12546	0.03908	0.09615	0.08549	0.01810	0.01047	0.01269	0.00795	0.00574	0.00523	0.01898	0.00669	0.00432	0.00312	0.00668
23	0.05151	0.01194	0.01741	0.39199	0.24155	0.05410	0.03282	0.10453	0.01290	0.01746	0.00982	0.01315	0.00760	0.00522	0.00517	0.00166	0.00673	0.00459	0.00285	0.00699
24	0.00736	0.00500	0.00594	0.00627	0.00638	0.00495	0.00375	0.00765	0.00835	0.01116	0.01987	0.23848	0.02319	0.58139	0.04424	0.00444	0.00485	0.00956	0.00364	0.00354
25	0.01206	0.01006	0.01154	0.00840	0.01300	0.00827	0.00675	0.09870	0.03323	0.01918	0.01010	0.01140	0.00819	0.00428	0.00411	0.00090	0.00414	0.00339	0.00344	0.72885
26	0.01989	0.01471	0.01575	0.01212	0.01632	0.01630	0.01000	0.74199	0.04680	0.03299	0.01295	0.01290	0.00920	0.00637	0.00529	0.00159	0.00577	0.00480	0.00529	0.00897
27	0.01591	0.01634	0.03464	0.16546	0.01971	0.25276	0.01119	0.21155	0.06022	0.01893	0.01047	0.01253	0.00822	0.00743	0.03507	0.00190	0.10293	0.00440	0.00342	0.00691
28	0.00698	0.00484	0.00605	0.00679	0.00700	0.00466	0.00433	0.00758	0.00921	0.01228	0.02421	0.48745	0.02867	0.32997	0.01468	0.00332	0.00392	0.02993	0.00424	0.00388
29	0.01031	0.00616	0.00802	0.00719	0.00897	0.00566	0.00552	0.01304	0.03523	0.14840	0.61450	0.03565	0.06026	0.01006	0.00606	0.00166	0.00288	0.00879	0.00591	0.00573
30	0.00758	0.00548	0.00672	0.00646	0.00790	0.00491	0.00486	0.00966	0.01385	0.04129	0.49665	0.07675	0.25856	0.01177	0.00626	0.00174	0.00268	0.02644	0.00552	0.00492
31	0.01062	0.01011	0.01676	0.60298	0.15014	0.01232	0.01461	0.01385	0.01055	0.01401	0.00924	0.01368	0.00724	0.00559	0.00648	0.00179	0.08668	0.00469	0.00239	0.00625
32	0.01096	0.00940	0.01096	0.00783	0.01253	0.00705	0.00626	0.01331	0.01096	0.01723	0.00940	0.01096	0.00783	0.00392	0.00392	0.00078	0.00392	0.00313	0.00313	0.84653
33	0.00998	0.00940	0.01586	0.80150	0.03641	0.01175	0.01468	0.01351	0.01057	0.01351	0.00940	0.01409	0.00705	0.00529	0.00529	0.00176	0.00705	0.00470	0.00235	0.00587
34	0.01445	0.68329	0.07916	0.00992	0.01449	0.09753	0.00989	0.01642	0.01119	0.01279	0.00758	0.00877	0.00678	0.00465	0.00364	0.00119	0.00619	0.00296	0.00231	0.00679
35	0.00653	0.00464	0.00611	0.00724	0.00753	0.00435	0.00478	0.00739	0.00994	0.01326	0.02822	0.75380	0.03381	0.07510	0.00823	0.00237	0.00322	0.01449	0.00478	0.00421
36	0.01984	0.01861	0.01444	0.01232	0.01554	0.40852	0.00961	0.16751	0.07392	0.16567	0.01246	0.01260	0.00915	0.00608	0.00539	0.00152	0.03101	0.00427	0.00415	0.00740
37	0.01034	0.00981	0.01672	0.70895	0.11072	0.01186	0.02984	0.01385	0.01076	0.01395	0.00948	0.01400	0.00720	0.00521	0.00530	0.00174	0.00701	0.00473	0.00238	0.00615
38	0.00644	0.00460	0.00613	0.00736	0.00767	0.00429	0.00491	0.00736	0.01012	0.01350	0.02914	0.81076	0.03497	0.01656	0.00675	0.00215	0.00307	0.01503	0.00491	0.00429
39	0.00650	0.00462	0.00612	0.00729	0.00758	0.00433	0.00483	0.00738	0.01001	0.01335	0.02858	0.77638	0.03427	0.05189	0.00764	0.00228	0.00316	0.01470	0.00483	0.00425

[dist]
# distance from previous block
# <min> <max>
0	1

[block]
# block no. 5 follows, 46 sequences, length 20
# corresponding to MSA columns:
# 301-320
name=unknown_F
#
# <colnr> <probs for GDERKNQSTAVLIFYWHMCP>
#	G	D	E	R	K	N	Q	S	T	A	V	L	I	F	Y	W	H	M	C	P
0	0.16157	0.04088	0.01351	0.01008	0.01411	0.01239	0.00838	0.31881	0.01783	0.32782	0.01482	0.01394	0.00998	0.00612	0.00489	0.00160	0.00500	0.00459	0.00533	0.00836
1	0.01926	0.02439	0.01505	0.01363	0.01620	0.74689	0.01029	0.02061	0.01457	0.01293	0.00810	0.00965	0.00682	0.00567	0.00551	0.00142	0.05671	0.00348	0.00270	0.00611
2	0.00769	0.00513	0.00577	0.00577	0.00577	0.00513	0.00320	0.00769	0.00769	0.01025	0.01666	0.03460	0.01922	0.81421	0.02691	0.00513	0.00513	0.00769	0.00320	0.00320
3	0.01248	0.01426	0.03119	0.02228	0.02763	0.01337	0.76203	0.01693	0.01248	0.01693	0.01070	0.01426	0.00802	0.00446	0.00624	0.00178	0.00891	0.00624	0.00267	0.00713
4	0.01938	0.01410	0.01520	0.01186	0.01592	0.01558	0.00973	0.63565	0.11968	0.06664	0.01420	0.01383	0.01009	0.00646	0.00530	0.00162	0.00555	0.00494	0.00536	0.00891
5	0.01820	0.01386	0.01480	0.01178	0.01567	0.01551	0.00959	0.56252	0.22903	0.03025	0.01510	0.01461	0.01094	0.00657	0.00531	0.00164	0.00537	0.00509	0.00531	0.00882
6	0.00644	0.00460	0.00613	0.00736	0.00767	0.00429	0.00491	0.00736	0.01012	0.01350	0.02914	0.81076	0.03497	0.01656	0.00675	0.00215	0.00307	0.01503	0.00491	0.00429
7	0.01272	0.01399	0.02886	0.02091	0.02562	0.01381	0.64613	0.04973	0.01255	0.01720	0.01037	0.01389	0.00795	0.00507	0.00742	0.00183	0.09614	0.00600	0.00275	0.00707
8	0.01060	0.02735	0.78682	0.01507	0.02288	0.01228	0.01953	0.01674	0.01116	0.01674	0.00949	0.01116	0.00670	0.00502	0.00502	0.00167	0.00781	0.00391	0.00223	0.00781
9	0.00628	0.00524	0.00547	0.00565	0.00722	0.00444	0.00415	0.00755	0.01176	0.01416	0.04992	0.16411	0.66820	0.01386	0.00632	0.00184	0.00274	0.01173	0.00491	0.00444
10	0.01315	0.01136	0.01195	0.01076	0.01375	0.01315	0.00837	0.02809	0.77168	0.02211	0.02152	0.01972	0.01614	0.00717	0.00538	0.00179	0.00418	0.00598	0.00538	0.00837
11	0.00663	0.00529	0.00593	0.00594	0.00741	0.00460	0.00439	0.00826	0.01269	0.01621	0.26122	0.12651	0.49033	0.01297	0.00630	0.00179	0.00266	0.01110	0.00517	0.00460
12	0.00632	0.00534	0.00538	0.00538	0.00707	0.00450	0.00397	0.00759	0.01182	0.01407	0.05162	0.05002	0.73926	0.05537	0.00733	0.00196	0.00281	0.01098	0.00482	0.00440
13	0.02357	0.00924	0.01242	0.00952	0.01362	0.00813	0.00786	0.05633	0.01553	0.75376	0.02052	0.01777	0.01292	0.00654	0.00532	0.00163	0.00455	0.00529	0.00649	0.00900
14	0.01315	0.01136	0.01195	0.01076	0.01375	0.01315	0.00837	0.02809	0.77168	0.02211	0.02152	0.01972	0.01614	0.00717	0.00538	0.00179	0.00418	0.00598	0.00538	0.00837
15	0.01297	0.28232	0.41879	0.01316	0.01918	0.11471	0.03844	0.01701	0.01155	0.01487	0.00867	0.01018	0.00678	0.00490	0.00450	0.00146	0.00737	0.00357	0.00232	0.00724
16	0.01135	0.01000	0.01338	0.04266	0.01514	0.00846	0.08945	0.04868	0.04196	0.01778	0.01124	0.05507	0.00967	0.00496	0.00450	0.00108	0.00464	0.00437	0.00333	0.60228
17	0.04587	0.01101	0.01167	0.01006	0.01317	0.04529	0.00797	0.11622	0.35988	0.16888	0.05511	0.03829	0.06137	0.00769	0.00541	0.00173	0.00451	0.02267	0.00537	0.00782
18	0.01879	0.01216	0.01356	0.01059	0.01439	0.01285	0.00866	0.48206	0.03789	0.16867	0.01518	0.03899	0.01109	0.00659	0.00513	0.00155	0.00505	0.00515	0.08449	0.04718
19	0.10074	0.02625	0.00835	0.02525	0.00979	0.00748	0.00586	0.04970	0.09024	0.03440	0.09054	0.36470	0.04002	0.09966	0.00817	0.00226	0.00381	0.02291	0.00461	0.00527

[dist]
# distance from previous block
# <min> <max>
4	8

[block]
# block no. 6 follows, 46 sequences, length 17
# corresponding to MSA columns:
# 331-347
name=unknown_G
#
# <colnr> <probs for GDERKNQSTAVLIFYWHMCP>
#	G	D	E	R	K	N	Q	S	T	A	V	L	I	F	Y	W	H	M	C	P
0	0.04261	0.19725	0.47906	0.01247	0.01854	0.01358	0.01481	0.01656	0.05496	0.01675	0.07636	0.01343	0.01097	0.00553	0.00473	0.00156	0.00653	0.00424	0.00277	0.00730
1	0.00852	0.00684	0.00750	0.00693	0.00909	0.00629	0.00542	0.07665	0.04162	0.01726	0.11350	0.04219	0.45385	0.02999	0.00650	0.00181	0.00337	0.07967	0.00485	0.07815
2	0.65149	0.01430	0.19310	0.00888	0.01323	0.01196	0.00901	0.01583	0.00951	0.02206	0.00787	0.00920	0.00596	0.00493	0.00369	0.00164	0.00498	0.00311	0.00302	0.00622
3	0.68098	0.00998	0.00880	0.03108	0.01158	0.01114	0.00635	0.01728	0.01012	0.15717	0.00979	0.01040	0.00706	0.00521	0.00369	0.00164	0.00425	0.00335	0.00382	0.00630
4	0.01308	0.01256	0.02146	0.03245	0.78123	0.01256	0.01622	0.01622	0.01204	0.01727	0.00994	0.01308	0.00837	0.00471	0.00523	0.00157	0.00628	0.00471	0.00262	0.00837
5	0.02347	0.00940	0.01252	0.00960	0.01369	0.00836	0.00793	0.07649	0.01580	0.73322	0.02030	0.01763	0.01280	0.00653	0.00531	0.00163	0.00459	0.00528	0.00646	0.00900
6	0.00733	0.00537	0.00688	0.00656	0.00782	0.00491	0.00490	0.00966	0.01452	0.02028	0.68460	0.07073	0.11416	0.01126	0.00626	0.00169	0.00253	0.00992	0.00570	0.00491
7	0.01069	0.02672	0.75070	0.01541	0.02311	0.01233	0.05502	0.01675	0.01122	0.01675	0.00954	0.01131	0.00676	0.00500	0.00508	0.00168	0.00787	0.00402	0.00225	0.00778
8	0.00661	0.00467	0.00608	0.00715	0.00741	0.00441	0.00468	0.00740	0.00980	0.01306	0.02747	0.70676	0.03286	0.12344	0.00945	0.00255	0.00334	0.01405	0.00468	0.00415
9	0.01003	0.00942	0.01600	0.64148	0.09994	0.01123	0.03706	0.01333	0.01072	0.01395	0.01116	0.08179	0.00957	0.00617	0.00543	0.00178	0.00670	0.00563	0.00260	0.00600
10	0.02010	0.01481	0.01587	0.01216	0.01639	0.01639	0.01005	0.76360	0.02486	0.03332	0.01269	0.01269	0.00899	0.00635	0.00529	0.00159	0.00582	0.00476	0.00529	0.00899
11	0.00756	0.00563	0.00834	0.00834	0.00923	0.00652	0.00641	0.00934	0.00845	0.01216	0.01430	0.02156	0.01356	0.08410	0.74928	0.00830	0.01364	0.00578	0.00285	0.00463
12	0.00732	0.00641	0.00623	0.00620	0.00774	0.04757	0.00456	0.00869	0.01208	0.01464	0.12661	0.07524	0.53884	0.08232	0.00801	0.00207	0.00333	0.03287	0.00474	0.00451
13	0.01413	0.81739	0.02770	0.00905	0.01357	0.02092	0.00905	0.01583	0.01074	0.01244	0.00735	0.00848	0.00678	0.00452	0.00339	0.00113	0.00565	0.00283	0.00226	0.00678
14	0.01125	0.00990	0.01242	0.00906	0.01366	0.00800	0.05755	0.01484	0.07708	0.01763	0.01054	0.01195	0.00856	0.00423	0.00420	0.00094	0.00428	0.00359	0.00330	0.71703
15	0.01507	0.01053	0.01177	0.01020	0.01331	0.01153	0.00803	0.05995	0.52212	0.17326	0.08667	0.02077	0.01813	0.00733	0.00544	0.00174	0.00417	0.00610	0.00564	0.00823
16	0.01301	0.01266	0.02077	0.10029	0.69216	0.03578	0.01591	0.01613	0.01199	0.01681	0.00984	0.01307	0.00821	0.00478	0.00522	0.00158	0.00645	0.00467	0.00260	0.00808

[dist]
# distance from previous block
# <min> <max>
1	5

[block]
# block no. 7 follows, 46 sequences, length 14
# corresponding to MSA columns:
# 353-366
name=unknown_H
#
# <colnr> <probs for GDERKNQSTAVLIFYWHMCP>
#	G	D	E	R	K	N	Q	S	T	A	V	L	I	F	Y	W	H	M	C	P
0	0.11792	0.01608	0.01256	0.06079	0.01513	0.32241	0.00886	0.13179	0.08501	0.01883	0.01140	0.01297	0.00903	0.00838	0.06555	0.00203	0.00734	0.00418	0.08326	0.00648
1	0.04853	0.73776	0.07134	0.00931	0.01398	0.02004	0.00952	0.01587	0.01069	0.01316	0.00748	0.00864	0.00674	0.00457	0.00348	0.00118	0.00572	0.00289	0.00230	0.00680
2	0.04737	0.06006	0.01489	0.01110	0.01501	0.01456	0.00914	0.42481	0.18955	0.13550	0.01533	0.01463	0.01093	0.00640	0.00513	0.00161	0.00520	0.00493	0.00524	0.00861
3	0.01492	0.01001	0.01244	0.14629	0.01695	0.01081	0.00902	0.22438	0.12240	0.16024	0.01860	0.19701	0.01633	0.00865	0.00564	0.00178	0.00493	0.00736	0.00494	0.00730
4	0.00644	0.00460	0.00613	0.00736	0.00767	0.00429	0.00491	0.00736	0.01012	0.01350	0.02914	0.81076	0.03497	0.01656	0.00675	0.00215	0.00307	0.01503	0.00491	0.00429
5	0.01157	0.01157	0.01619	0.01388	0.01388	0.01619	0.01157	0.01272	0.00810	0.01272	0.00694	0.01157	0.00694	0.00925	0.01735	0.00231	0.80453	0.00463	0.00231	0.00578
6	0.01315	0.01136	0.01195	0.01076	0.01375	0.01315	0.00837	0.02809	0.77168	0.02211	0.02152	0.01972	0.01614	0.00717	0.00538	0.00179	0.00418	0.00598	0.00538	0.00837
7	0.01251	0.01417	0.03069	0.02281	0.06667	0.01333	0.72340	0.01690	0.01245	0.01695	0.01066	0.01420	0.00804	0.00447	0.00619	0.00177	0.00878	0.00616	0.00267	0.00719
8	0.00644	0.00460	0.00613	0.00736	0.00767	0.00429	0.00491	0.00736	0.01012	0.01350	0.02914	0.81076	0.03497	0.01656	0.00675	0.00215	0.00307	0.01503	0.00491	0.00429
9	0.00918	0.00459	0.00689	0.00689	0.00689	0.00459	0.00459	0.00689	0.00689	0.00918	0.00918	0.01607	0.00918	0.01837	0.02066	0.84619	0.00459	0.00459	0.00230	0.00230
10	0.00632	0.00536	0.00545	0.00543	0.00718	0.00449	0.00407	0.00772	0.01221	0.01467	0.09454	0.05023	0.73786	0.01324	0.00625	0.00178	0.00267	0.01107	0.00496	0.00449
11	0.01449	0.76742	0.02690	0.00933	0.01374	0.06961	0.00912	0.01616	0.01101	0.01247	0.00740	0.00855	0.00679	0.00458	0.00348	0.00115	0.00590	0.00286	0.00229	0.00674
12	0.01096	0.00940	0.01096	0.00783	0.01253	0.00705	0.00626	0.01331	0.01096	0.01723	0.00940	0.01096	0.00783	0.00392	0.00392	0.00078	0.00392	0.00313	0.00313	0.84653
13	0.01702	0.01051	0.01270	0.01134	0.05577	0.01088	0.00866	0.23101	0.14637	0.23929	0.07898	0.04145	0.01709	0.00773	0.00555	0.00172	0.00470	0.06648	0.02477	0.00799

[dist]
# distance from previous block
# <min> <max>
0	1

[block]
# block no. 8 follows, 46 sequences, length 22
# corresponding to MSA columns:
# 368-389
name=unknown_I
#
# <colnr> <probs for GDERKNQSTAVLIFYWHMCP>
#	G	D	E	R	K	N	Q	S	T	A	V	L	I	F	Y	W	H	M	C	P
0	0.01060	0.02735	0.78682	0.01507	0.02288	0.01228	0.01953	0.01674	0.01116	0.01674	0.00949	0.01116	0.00670	0.00502	0.00502	0.00167	0.00781	0.00391	0.00223	0.00781
1	0.00762	0.00507	0.00578	0.00591	0.00597	0.00503	0.00339	0.00778	0.00803	0.01084	0.01795	0.11349	0.02067	0.71058	0.02421	0.00471	0.00484	0.00836	0.02640	0.00336
2	0.00807	0.00598	0.00794	0.00856	0.04861	0.00574	0.00584	0.04706	0.01345	0.01864	0.41329	0.30154	0.03957	0.02775	0.00673	0.00190	0.00315	0.02584	0.00524	0.00509
3	0.01248	0.01641	0.18613	0.01956	0.02510	0.01272	0.53244	0.01700	0.01217	0.05510	0.01130	0.03288	0.00862	0.00509	0.00624	0.00178	0.02903	0.00588	0.00282	0.00726
4	0.00756	0.00565	0.00840	0.00840	0.00931	0.00656	0.00649	0.00938	0.00847	0.01220	0.01425	0.02126	0.01343	0.06711	0.76609	0.00838	0.01384	0.00574	0.00285	0.00467
5	0.01397	0.02787	0.02718	0.01103	0.01398	0.14591	0.03569	0.09004	0.35911	0.03482	0.16250	0.02052	0.01965	0.00730	0.00542	0.00166	0.00520	0.00601	0.00481	0.00732
6	0.01157	0.01157	0.01619	0.01388	0.01388	0.01619	0.01157	0.01272	0.00810	0.01272	0.00694	0.01157	0.00694	0.00925	0.01735	0.00231	0.80453	0.00463	0.00231	0.00578
7	0.01569	0.01095	0.01194	0.01078	0.05111	0.05952	0.00802	0.15665	0.19946	0.19192	0.06079	0.02306	0.11810	0.04977	0.00659	0.00185	0.00475	0.00635	0.00516	0.00751
8	0.79919	0.01022	0.00804	0.00715	0.01044	0.01177	0.00587	0.01625	0.03275	0.04800	0.00823	0.00923	0.00628	0.00503	0.00340	0.00164	0.00411	0.00304	0.00344	0.00591
9	0.01513	0.57170	0.04921	0.01018	0.01445	0.17537	0.00951	0.03494	0.01196	0.01343	0.00782	0.00901	0.00689	0.00474	0.00380	0.00119	0.00642	0.00304	0.00247	0.04873
10	0.01189	0.00953	0.01117	0.00804	0.01269	0.00735	0.00645	0.03522	0.01157	0.05773	0.01009	0.01138	0.00814	0.00412	0.00403	0.00085	0.00400	0.00329	0.00337	0.77910
11	0.00793	0.00553	0.00706	0.00660	0.00801	0.00503	0.00498	0.01027	0.01463	0.04805	0.66690	0.04003	0.13315	0.01095	0.00620	0.00168	0.00259	0.00959	0.00574	0.00507
12	0.01413	0.81739	0.02770	0.00905	0.01357	0.02092	0.00905	0.01583	0.01074	0.01244	0.00735	0.00848	0.00678	0.00452	0.00339	0.00113	0.00565	0.00283	0.00226	0.00678
13	0.00734	0.00540	0.00687	0.00650	0.00781	0.00493	0.00487	0.00970	0.01462	0.02039	0.69326	0.04083	0.13557	0.01111	0.00624	0.00168	0.00252	0.00975	0.00571	0.00493
14	0.01315	0.01136	0.01195	0.01076	0.01375	0.01315	0.00837	0.02809	0.77168	0.02211	0.02152	0.01972	0.01614	0.00717	0.00538	0.00179	0.00418	0.00598	0.00538	0.00837
15	0.00769	0.00513	0.00577	0.00577	0.00577	0.00513	0.00320	0.00769	0.00769	0.01025	0.01666	0.03460	0.01922	0.81421	0.02691	0.00513	0.00513	0.00769	0.00320	0.00320
16	0.53753	0.01155	0.01058	0.00873	0.01235	0.01297	0.00720	0.24682	0.01431	0.07978	0.00995	0.01051	0.00725	0.00546	0.00404	0.00162	0.00465	0.00362	0.00412	0.00696
17	0.01276	0.00928	0.01109	0.03697	0.01306	0.00833	0.00796	0.01357	0.01669	0.02351	0.51955	0.14399	0.04583	0.01463	0.00841	0.00272	0.00483	0.09232	0.00695	0.00755
18	0.01255	0.01200	0.02020	0.03033	0.72078	0.01193	0.01527	0.01555	0.01204	0.01704	0.01335	0.01604	0.06856	0.00539	0.00531	0.00159	0.00600	0.00521	0.00280	0.00807
19	0.01038	0.02561	0.72583	0.01434	0.02154	0.01172	0.01826	0.01603	0.01089	0.01624	0.01005	0.01299	0.00767	0.06821	0.00673	0.00194	0.00760	0.00420	0.00231	0.00745
20	0.01380	0.00998	0.01138	0.01155	0.01292	0.00927	0.00796	0.12586	0.01553	0.02124	0.03007	0.63424	0.03361	0.01742	0.00851	0.00293	0.00529	0.01425	0.00651	0.00770
21	0.01265	0.01202	0.02045	0.03058	0.72096	0.01210	0.01547	0.01569	0.01176	0.01688	0.01027	0.01368	0.00875	0.00744	0.06677	0.00211	0.00690	0.00478	0.00263	0.00809

[dist]
# distance from previous block
# <min> <max>
0	13

[block]
# block no. 9 follows, 46 sequences, length 22
# corresponding to MSA columns:
# 403-424
name=unknown_J
#
# <colnr> <probs for GDERKNQSTAVLIFYWHMCP>
#	G	D	E	R	K	N	Q	S	T	A	V	L	I	F	Y	W	H	M	C	P
0	0.02372	0.00900	0.01227	0.00941	0.01350	0.00777	0.00777	0.02576	0.01513	0.78489	0.02086	0.01799	0.01309	0.00654	0.00532	0.00164	0.00450	0.00532	0.00654	0.00900
1	0.00769	0.00513	0.00577	0.00577	0.00577	0.00513	0.00320	0.00769	0.00769	0.01025	0.01666	0.03460	0.01922	0.81421	0.02691	0.00513	0.00513	0.00769	0.00320	0.00320
2	0.00661	0.00472	0.00632	0.00755	0.00793	0.00444	0.00519	0.00765	0.01028	0.01368	0.02905	0.75119	0.03460	0.01641	0.00679	0.00217	0.00321	0.07298	0.00490	0.00434
3	0.01872	0.01178	0.01340	0.01072	0.01440	0.01248	0.00870	0.36312	0.16101	0.23456	0.05797	0.03982	0.01438	0.00709	0.00541	0.00166	0.00490	0.00569	0.00566	0.00853
4	0.00764	0.00513	0.00592	0.00596	0.00602	0.00517	0.00344	0.00777	0.00781	0.01047	0.01696	0.06088	0.01946	0.74700	0.06526	0.00519	0.00551	0.00784	0.00324	0.00332
5	0.00985	0.00493	0.00493	0.00493	0.00616	0.00493	0.00370	0.01232	0.01109	0.01971	0.01725	0.01971	0.01355	0.00616	0.00370	0.00123	0.00246	0.00493	0.84356	0.00493
