[name]
unknown

[dist]
# distance from previous block
# <min> <max>
13	56

[block]
# block no. 0 follows, 40 sequences, length 84
# corresponding to MSA columns:
# 132-215
name=unknown_A
#
# <colnr> <probs for GDERKNQSTAVLIFYWHMCP>
#	G	D	E	R	K	N	Q	S	T	A	V	L	I	F	Y	W	H	M	C	P
0	0.03302	0.13717	0.10635	0.01607	0.11901	0.11074	0.05705	0.05105	0.01407	0.14586	0.01325	0.05362	0.01073	0.00660	0.00612	0.00169	0.04922	0.00523	0.00382	0.05932
1	0.01590	0.11731	0.23558	0.05314	0.03683	0.04380	0.07699	0.12655	0.04964	0.09406	0.01250	0.01377	0.00922	0.00597	0.00583	0.00171	0.02949	0.00478	0.00374	0.06320
2	0.03261	0.13255	0.26016	0.01431	0.01956	0.06195	0.10373	0.04749	0.04379	0.07488	0.04695	0.08201	0.01344	0.00722	0.00611	0.00181	0.03398	0.00600	0.00365	0.00779
3	0.03580	0.01256	0.05580	0.07770	0.01818	0.03992	0.06023	0.06190	0.06086	0.19680	0.01552	0.05398	0.01205	0.00804	0.03264	0.00192	0.04396	0.00558	0.00450	0.20205
4	0.00916	0.00700	0.02756	0.00807	0.00993	0.00582	0.00613	0.01125	0.01361	0.05397	0.29264	0.31362	0.08424	0.01301	0.00665	0.00190	0.00345	0.01152	0.00551	0.11496
5	0.00777	0.00581	0.00722	0.00712	0.00847	0.00525	0.00524	0.01000	0.01501	0.02047	0.50249	0.15196	0.20499	0.01340	0.00694	0.00193	0.00288	0.01175	0.00604	0.00525
6	0.02044	0.01546	0.01652	0.01304	0.01740	0.01726	0.01065	0.58585	0.18416	0.03397	0.01607	0.01564	0.01160	0.00718	0.00584	0.00179	0.00601	0.00553	0.00584	0.00974
7	0.01098	0.01034	0.01744	0.78165	0.04005	0.01292	0.01615	0.01486	0.01163	0.01486	0.01034	0.01550	0.00775	0.00581	0.00581	0.00194	0.00775	0.00517	0.00258	0.00646
8	0.00687	0.00589	0.00589	0.00589	0.00785	0.00491	0.00442	0.00835	0.01325	0.01571	0.05891	0.05596	0.75700	0.01473	0.00687	0.00196	0.00295	0.01227	0.00540	0.00491
9	0.05712	0.00995	0.01331	0.01024	0.01471	0.00872	0.00846	0.02791	0.01639	0.73516	0.02237	0.01940	0.01408	0.00713	0.00576	0.00180	0.00493	0.00574	0.00706	0.00976
10	0.00846	0.00564	0.00634	0.00634	0.00634	0.00564	0.00352	0.00846	0.00846	0.01128	0.01832	0.03805	0.02114	0.79563	0.02960	0.00564	0.00564	0.00846	0.00352	0.00352
11	0.83671	0.01125	0.00855	0.00765	0.01125	0.01305	0.00630	0.01709	0.00990	0.02609	0.00810	0.00945	0.00630	0.00540	0.00360	0.00180	0.00450	0.00315	0.00360	0.00630
12	0.02211	0.01629	0.01745	0.01338	0.01803	0.01803	0.01105	0.73997	0.02734	0.03665	0.01396	0.01396	0.00989	0.00698	0.00582	0.00175	0.00640	0.00524	0.00582	0.00989
13	0.01084	0.00542	0.00542	0.00542	0.00678	0.00542	0.00407	0.01355	0.01220	0.02168	0.01897	0.02168	0.01491	0.00678	0.00407	0.00136	0.00271	0.00542	0.82791	0.00542
14	0.02538	0.01104	0.01420	0.01089	0.01541	0.01024	0.00899	0.15523	0.01855	0.63380	0.02134	0.01875	0.01359	0.00716	0.00584	0.00179	0.00521	0.00574	0.00695	0.00990
15	0.02102	0.06560	0.01724	0.01474	0.01771	0.70197	0.01124	0.02253	0.01592	0.01419	0.00888	0.01053	0.00750	0.00612	0.00577	0.00153	0.04403	0.00377	0.00295	0.00676
16	0.01373	0.01569	0.03431	0.02451	0.03039	0.01471	0.73824	0.01863	0.01373	0.01863	0.01176	0.01569	0.00882	0.00490	0.00686	0.00196	0.00980	0.00686	0.00294	0.00784
17	0.02097	0.07019	0.01795	0.01305	0.01756	0.03742	0.01082	0.60950	0.08937	0.03341	0.01428	0.01423	0.01035	0.00690	0.00567	0.00172	0.00633	0.00517	0.00552	0.00958
18	0.02438	0.03276	0.03283	0.01057	0.01506	0.00960	0.00895	0.07667	0.01714	0.64079	0.05355	0.01994	0.01547	0.00728	0.00582	0.00178	0.00508	0.00589	0.00682	0.00960
19	0.01206	0.01034	0.01206	0.00861	0.01378	0.00775	0.00689	0.01464	0.01206	0.01895	0.01034	0.01206	0.00861	0.00431	0.00431	0.00086	0.00431	0.00345	0.00345	0.83118
20	0.01373	0.01569	0.03431	0.02451	0.03039	0.01471	0.73824	0.01863	0.01373	0.01863	0.01176	0.01569	0.00882	0.00490	0.00686	0.00196	0.00980	0.00686	0.00294	0.00784
21	0.01196	0.01020	0.01196	0.00869	0.01372	0.00771	0.00698	0.01455	0.01211	0.01889	0.01107	0.01398	0.00951	0.00473	0.00444	0.00093	0.00434	0.02923	0.00351	0.80148
22	0.00699	0.00590	0.00606	0.00602	0.00793	0.00496	0.00451	0.00858	0.01354	0.01639	0.12160	0.05484	0.69388	0.01447	0.00687	0.00195	0.00293	0.01212	0.00549	0.00496
23	0.01010	0.00505	0.00758	0.00758	0.00758	0.00505	0.00505	0.00758	0.00758	0.01010	0.01010	0.01768	0.01010	0.02020	0.02273	0.83081	0.00505	0.00505	0.00253	0.00253
24	0.01671	0.47083	0.10860	0.01319	0.05259	0.18699	0.01195	0.05032	0.01364	0.01559	0.00894	0.01036	0.00765	0.00536	0.00445	0.00141	0.00747	0.00357	0.00276	0.00762
25	0.04614	0.01024	0.01356	0.01043	0.01491	0.00912	0.00861	0.06272	0.01700	0.70958	0.02213	0.01925	0.01397	0.00714	0.00579	0.00180	0.00501	0.00575	0.00704	0.00981
26	0.00726	0.00591	0.00643	0.00630	0.00809	0.00507	0.00472	0.00910	0.01417	0.01789	0.25828	0.05238	0.55627	0.01392	0.00687	0.00193	0.00289	0.01177	0.00569	0.00507
27	0.01163	0.01101	0.00940	0.00895	0.01091	0.17713	0.00666	0.01378	0.03205	0.05065	0.23288	0.13853	0.25028	0.01197	0.00651	0.00187	0.00476	0.01004	0.00523	0.00577
28	0.11298	0.25204	0.09361	0.03569	0.23772	0.11394	0.01326	0.03135	0.01303	0.03317	0.00974	0.01171	0.00803	0.00537	0.00481	0.00158	0.00701	0.00407	0.00296	0.00793
29	0.00837	0.00565	0.00658	0.00665	0.00675	0.00571	0.00389	0.00858	0.00867	0.01163	0.01887	0.07798	0.02161	0.69935	0.08172	0.00573	0.00623	0.00874	0.00360	0.00371
30	0.01559	0.60371	0.02772	0.04926	0.08466	0.07773	0.01116	0.01765	0.01218	0.01428	0.00850	0.01029	0.00765	0.00530	0.00468	0.00139	0.03469	0.00352	0.00257	0.00748
31	0.01206	0.01034	0.01206	0.00861	0.01378	0.00775	0.00689	0.01464	0.01206	0.01895	0.01034	0.01206	0.00861	0.00431	0.00431	0.00086	0.00431	0.00345	0.00345	0.83118
32	0.01405	0.01689	0.06479	0.02341	0.02911	0.05596	0.64906	0.01875	0.01369	0.01826	0.01145	0.01518	0.00866	0.00512	0.00703	0.00195	0.02942	0.00654	0.00291	0.00778
33	0.00779	0.00572	0.00730	0.00734	0.00853	0.00523	0.00534	0.00996	0.01478	0.02035	0.49719	0.22862	0.13270	0.01377	0.00700	0.00198	0.00292	0.01220	0.00604	0.00523
34	0.00846	0.00564	0.00634	0.00634	0.00634	0.00564	0.00352	0.00846	0.00846	0.01128	0.01832	0.03805	0.02114	0.79563	0.02960	0.00564	0.00564	0.00846	0.00352	0.00352
35	0.00699	0.00590	0.00606	0.00602	0.00793	0.00496	0.00451	0.00858	0.01354	0.01638	0.12004	0.05487	0.69545	0.01448	0.00687	0.00195	0.00293	0.01212	0.00549	0.00496
36	0.00997	0.00510	0.00748	0.00748	0.00748	0.00510	0.00493	0.00764	0.00764	0.01019	0.01074	0.01926	0.01096	0.08059	0.02326	0.76654	0.00510	0.00532	0.00260	0.00260
37	0.00731	0.00522	0.00701	0.00836	0.00880	0.00492	0.00580	0.00849	0.01136	0.01510	0.03192	0.71902	0.03796	0.01800	0.00748	0.00239	0.00357	0.08709	0.00539	0.00479
38	0.83671	0.01125	0.00855	0.00765	0.01125	0.01305	0.00630	0.01709	0.00990	0.02609	0.00810	0.00945	0.00630	0.00540	0.00360	0.00180	0.00450	0.00315	0.00360	0.00630
39	0.01555	0.79913	0.03047	0.00995	0.01493	0.02301	0.00995	0.01741	0.01182	0.01368	0.00808	0.00933	0.00746	0.00498	0.00373	0.00124	0.00622	0.00311	0.00249	0.00746
40	0.02172	0.02772	0.01648	0.01498	0.01798	0.77228	0.01124	0.02322	0.01648	0.01423	0.00899	0.01049	0.00749	0.00599	0.00524	0.00150	0.01049	0.00375	0.00300	0.00674
41	0.00711	0.00590	0.00622	0.00614	0.00800	0.00501	0.00461	0.00881	0.01382	0.01705	0.18220	0.05375	0.63286	0.01423	0.00687	0.00194	0.00291	0.01196	0.00558	0.00501
42	0.00831	0.00623	0.00935	0.00935	0.01038	0.00727	0.00727	0.01038	0.00935	0.01350	0.01558	0.02285	0.01454	0.04361	0.77259	0.00935	0.01558	0.00623	0.00312	0.00519
43	0.75726	0.01111	0.00903	0.00791	0.01160	0.01260	0.00652	0.01820	0.01056	0.09835	0.00955	0.01046	0.00709	0.00557	0.00382	0.00180	0.00454	0.00341	0.00395	0.00665
44	0.01555	0.79913	0.03047	0.00995	0.01493	0.02301	0.00995	0.01741	0.01182	0.01368	0.00808	0.00933	0.00746	0.00498	0.00373	0.00124	0.00622	0.00311	0.00249	0.00746
45	0.01361	0.01540	0.01073	0.00999	0.01238	0.33186	0.00748	0.03050	0.01493	0.01571	0.06295	0.03476	0.37556	0.03077	0.00674	0.00185	0.00629	0.00833	0.00438	0.00578
46	0.01278	0.01217	0.02069	0.38803	0.41961	0.01339	0.01705	0.01644	0.01248	0.01704	0.01065	0.01492	0.00852	0.00548	0.00578	0.00183	0.00731	0.00518	0.00274	0.00791
47	0.01124	0.01077	0.01865	0.64168	0.06849	0.01290	0.07311	0.01501	0.01178	0.01532	0.01124	0.04512	0.00907	0.00629	0.00627	0.00196	0.02602	0.00574	0.00273	0.00662
48	0.01206	0.01034	0.01206	0.00861	0.01378	0.00775	0.00689	0.01464	0.01206	0.01895	0.01034	0.01206	0.00861	0.00431	0.00431	0.00086	0.00431	0.00345	0.00345	0.83118
49	0.01102	0.00943	0.00867	0.00834	0.00924	0.11068	0.00550	0.04825	0.04319	0.01406	0.01953	0.10818	0.04090	0.49678	0.03857	0.00437	0.00622	0.00844	0.00390	0.00473
50	0.01292	0.01236	0.02087	0.29297	0.42488	0.01326	0.04547	0.01701	0.04115	0.01763	0.01291	0.01655	0.03482	0.00582	0.00587	0.00183	0.00709	0.00554	0.00298	0.00805
51	0.00820	0.00575	0.00738	0.00778	0.00885	0.00531	0.00566	0.01000	0.01346	0.03781	0.28392	0.33893	0.12867	0.04197	0.00794	0.00225	0.00339	0.07185	0.00572	0.00516
52	0.00820	0.00559	0.00646	0.00659	0.00687	0.00545	0.00396	0.00852	0.00957	0.01267	0.06316	0.12572	0.08494	0.57930	0.02377	0.02664	0.00498	0.00972	0.00402	0.00386
53	0.83671	0.01125	0.00855	0.00765	0.01125	0.01305	0.00630	0.01709	0.00990	0.02609	0.00810	0.00945	0.00630	0.00540	0.00360	0.00180	0.00450	0.00315	0.00360	0.00630
54	0.01359	0.01322	0.02201	0.24391	0.52063	0.03119	0.03696	0.01716	0.01288	0.01772	0.01075	0.01465	0.00875	0.00537	0.00579	0.00179	0.00731	0.00519	0.00280	0.00835
55	0.01184	0.02894	0.71080	0.01759	0.05346	0.01356	0.04713	0.01840	0.01237	0.01845	0.01050	0.01248	0.00749	0.00549	0.00558	0.00184	0.00857	0.00442	0.00249	0.00859
56	0.01141	0.01032	0.01733	0.75991	0.03934	0.01280	0.01594	0.01524	0.01177	0.03596	0.01069	0.01562	0.00794	0.00585	0.00581	0.00193	0.00767	0.00519	0.00271	0.00656
57	0.01474	0.01307	0.01328	0.01195	0.01523	0.04347	0.00928	0.03061	0.72081	0.02394	0.02311	0.02127	0.01736	0.00782	0.00589	0.00195	0.00483	0.00647	0.00581	0.00911
58	0.00868	0.00637	0.00721	0.00687	0.00859	0.00579	0.00506	0.01113	0.04935	0.05055	0.26722	0.04674	0.38466	0.10493	0.00945	0.00235	0.00337	0.01072	0.00559	0.00535
59	0.83671	0.01125	0.00855	0.00765	0.01125	0.01305	0.00630	0.01709	0.00990	0.02609	0.00810	0.00945	0.00630	0.00540	0.00360	0.00180	0.00450	0.00315	0.00360	0.00630
60	0.01206	0.01034	0.01206	0.00861	0.01378	0.00775	0.00689	0.01464	0.01206	0.01895	0.01034	0.01206	0.00861	0.00431	0.00431	0.00086	0.00431	0.00345	0.00345	0.83118
61	0.01001	0.00508	0.00751	0.00751	0.00751	0.00508	0.00497	0.00762	0.00762	0.01016	0.01055	0.01879	0.01070	0.06240	0.02310	0.78590	0.00508	0.00524	0.00258	0.00258
62	0.01373	0.01323	0.02282	0.17502	0.59948	0.01368	0.04239	0.01731	0.01296	0.01821	0.01085	0.01465	0.00892	0.00529	0.00581	0.00177	0.00717	0.00524	0.00283	0.00865
63	0.02172	0.02772	0.01648	0.01498	0.01798	0.77228	0.01124	0.02322	0.01648	0.01423	0.00899	0.01049	0.00749	0.00599	0.00524	0.00150	0.01049	0.00375	0.00300	0.00674
64	0.01194	0.00779	0.00945	0.00838	0.01065	0.00753	0.00648	0.06065	0.09281	0.12145	0.44295	0.03787	0.13689	0.01092	0.00656	0.00185	0.00349	0.00939	0.00629	0.00666
65	0.01205	0.01169	0.05933	0.02886	0.01555	0.00841	0.02600	0.01498	0.01210	0.01881	0.01038	0.01225	0.00852	0.00443	0.00448	0.00098	0.00479	0.00363	0.00335	0.73942
66	0.01098	0.01034	0.01744	0.78165	0.04005	0.01292	0.01615	0.01486	0.01163	0.01486	0.01034	0.01550	0.00775	0.00581	0.00581	0.00194	0.00775	0.00517	0.00258	0.00646
67	0.00846	0.00564	0.00634	0.00634	0.00634	0.00564	0.00352	0.00846	0.00846	0.01128	0.01832	0.03805	0.02114	0.79563	0.02960	0.00564	0.00564	0.00846	0.00352	0.00352
68	0.00880	0.00637	0.00824	0.00791	0.00918	0.00641	0.00588	0.04183	0.01339	0.01849	0.32960	0.05377	0.11273	0.09095	0.21136	0.04928	0.00670	0.00901	0.00491	0.00518
69	0.01306	0.01045	0.01227	0.00882	0.01394	0.00804	0.00708	0.03265	0.01267	0.05988	0.01111	0.01252	0.00896	0.00453	0.00443	0.00093	0.00439	0.00362	0.00371	0.76694
70	0.02032	0.01365	0.01494	0.01180	0.01579	0.03529	0.00961	0.45360	0.04394	0.16065	0.12309	0.01954	0.01745	0.00772	0.00592	0.00176	0.00560	0.00611	0.02419	0.00905
71	0.01993	0.01572	0.03749	0.01302	0.01751	0.01688	0.01085	0.55095	0.17857	0.03307	0.01581	0.01549	0.01144	0.00706	0.00579	0.00177	0.00603	0.00544	0.00568	0.03149
72	0.01208	0.02324	0.48883	0.03818	0.06976	0.01293	0.05133	0.04204	0.01276	0.01876	0.02875	0.04743	0.01022	0.00638	0.00635	0.00182	0.04847	0.00518	0.00293	0.07256
73	0.01385	0.09986	0.28418	0.03404	0.04209	0.01491	0.22076	0.08150	0.03106	0.03589	0.01200	0.03109	0.00936	0.00700	0.02732	0.00205	0.03627	0.00547	0.00318	0.00813
74	0.01186	0.02882	0.70419	0.01762	0.05076	0.01357	0.05637	0.01841	0.01238	0.01845	0.01052	0.01252	0.00750	0.00548	0.00560	0.00184	0.00860	0.00445	0.00249	0.00858
75	0.00879	0.00628	0.00870	0.01004	0.01112	0.00619	0.00835	0.01104	0.01281	0.01675	0.03111	0.25164	0.03475	0.01662	0.00788	0.00260	0.00485	0.53994	0.00537	0.00519
76	0.01311	0.01448	0.10770	0.21431	0.23274	0.03429	0.13900	0.01701	0.01301	0.04996	0.03171	0.06309	0.01224	0.00666	0.00611	0.00189	0.00747	0.02427	0.00326	0.00772
77	0.03261	0.02934	0.06448	0.16733	0.01995	0.01199	0.02786	0.22119	0.01659	0.09237	0.03475	0.17973	0.03521	0.03180	0.00680	0.00204	0.00590	0.00791	0.00473	0.00745
78	0.01259	0.01183	0.01980	0.47478	0.31505	0.01340	0.01666	0.03587	0.01268	0.01704	0.01067	0.01504	0.00837	0.00560	0.00579	0.00185	0.00739	0.00517	0.00279	0.00761
79	0.00832	0.00619	0.00915	0.00915	0.01013	0.00716	0.00703	0.01026	0.00929	0.01336	0.01575	0.02382	0.01496	0.09171	0.72507	0.00911	0.01494	0.00637	0.00314	0.00509
80	0.01569	0.06116	0.19564	0.05119	0.11033	0.09728	0.09837	0.03580	0.05443	0.11011	0.01292	0.03143	0.01001	0.00655	0.00702	0.00186	0.08319	0.00530	0.00356	0.00814
81	0.01164	0.01033	0.01649	0.05349	0.36470	0.01032	0.03236	0.03898	0.01320	0.01802	0.02191	0.20634	0.07513	0.01031	0.00653	0.00202	0.00570	0.09124	0.00404	0.00726
82	0.09858	0.00970	0.01245	0.00988	0.01397	0.00877	0.00807	0.02569	0.03130	0.61779	0.02312	0.06193	0.03632	0.00786	0.00576	0.00184	0.00476	0.00638	0.00669	0.00913
83	0.01423	0.01365	0.02331	0.07138	0.72495	0.01377	0.01777	0.01770	0.01316	0.01880	0.01091	0.01445	0.00914	0.00521	0.00576	0.00174	0.00695	0.00518	0.00286	0.00908

[dist]
# distance from previous block
# <min> <max>
0	1

[block]
# block no. 1 follows, 40 sequences, length 10
# corresponding to MSA columns:
# 217-226
name=unknown_B
#
# <colnr> <probs for GDERKNQSTAVLIFYWHMCP>
#	G	D	E	R	K	N	Q	S	T	A	V	L	I	F	Y	W	H	M	C	P
0	0.06143	0.01653	0.01554	0.01362	0.05298	0.19175	0.01034	0.23096	0.11912	0.20516	0.01587	0.01542	0.01129	0.00676	0.00559	0.00173	0.00669	0.00511	0.00525	0.00885
1	0.03541	0.01862	0.01642	0.01521	0.06901	0.36022	0.07264	0.06366	0.01568	0.01798	0.11643	0.01987	0.07633	0.00776	0.00687	0.00174	0.06957	0.00594	0.00381	0.00684
2	0.01260	0.01091	0.01340	0.00974	0.01465	0.00896	0.03428	0.04671	0.01264	0.01947	0.01042	0.01231	0.00863	0.00474	0.00519	0.00102	0.04301	0.00373	0.00349	0.72412
3	0.69999	0.01230	0.05688	0.00849	0.01250	0.01261	0.00749	0.01835	0.01075	0.10255	0.00979	0.01071	0.00721	0.00559	0.00396	0.00180	0.00480	0.00350	0.00390	0.00682
4	0.00831	0.00623	0.00935	0.00935	0.01038	0.00727	0.00727	0.01038	0.00935	0.01350	0.01558	0.02285	0.01454	0.04361	0.77259	0.00935	0.01558	0.00623	0.00312	0.00519
5	0.01896	0.01319	0.01522	0.01315	0.06250	0.01403	0.00998	0.44937	0.04060	0.11225	0.11826	0.04496	0.04457	0.00822	0.00605	0.00179	0.00551	0.00666	0.00584	0.00889
6	0.01279	0.01155	0.01799	0.51801	0.12726	0.04494	0.04280	0.03574	0.01277	0.05273	0.01246	0.06286	0.01023	0.00656	0.00592	0.00191	0.00740	0.00591	0.00314	0.00703
7	0.00714	0.00515	0.00677	0.00795	0.00842	0.00478	0.00536	0.00828	0.01155	0.01540	0.07714	0.71316	0.07201	0.01768	0.00736	0.00231	0.00332	0.01597	0.00546	0.00478
8	0.01161	0.01112	0.01876	0.53501	0.07827	0.01310	0.08456	0.01579	0.04322	0.01593	0.01166	0.04212	0.00944	0.00644	0.00676	0.00195	0.05631	0.00573	0.00290	0.02932
9	0.01452	0.01802	0.21497	0.13863	0.12990	0.04350	0.20188	0.01896	0.01320	0.10085	0.01206	0.01473	0.00886	0.00575	0.00651	0.00188	0.03902	0.00540	0.00321	0.00814

[dist]
# distance from previous block
# <min> <max>
2	5

[block]
# block no. 2 follows, 40 sequences, length 62
# corresponding to MSA columns:
# 234-295
name=unknown_C
#
# <colnr> <probs for GDERKNQSTAVLIFYWHMCP>
#	G	D	E	R	K	N	Q	S	T	A	V	L	I	F	Y	W	H	M	C	P
0	0.01373	0.01454	0.04608	0.10995	0.40620	0.01403	0.27285	0.01782	0.01322	0.01841	0.01115	0.01491	0.00887	0.00516	0.00615	0.00184	0.00807	0.00575	0.00286	0.00842
1	0.00798	0.00593	0.00743	0.00705	0.00853	0.00538	0.00529	0.01049	0.01587	0.02192	0.62825	0.04574	0.18378	0.01241	0.00686	0.00185	0.00278	0.01084	0.00622	0.00538
2	0.00703	0.00590	0.00611	0.00606	0.00795	0.00498	0.00454	0.00865	0.01363	0.01659	0.13975	0.05451	0.67561	0.01440	0.00687	0.00195	0.00292	0.01207	0.00552	0.00498
3	0.83671	0.01125	0.00855	0.00765	0.01125	0.01305	0.00630	0.01709	0.00990	0.02609	0.00810	0.00945	0.00630	0.00540	0.00360	0.00180	0.00450	0.00315	0.00360	0.00630
4	0.01428	0.01230	0.01299	0.01170	0.01493	0.01419	0.00909	0.03030	0.72689	0.02430	0.04564	0.02235	0.01886	0.00801	0.00595	0.00197	0.00455	0.00669	0.00593	0.00909
5	0.01010	0.00505	0.00758	0.00758	0.00758	0.00505	0.00505	0.00758	0.00758	0.01010	0.01010	0.01768	0.01010	0.02020	0.02273	0.83081	0.00505	0.00505	0.00253	0.00253
6	0.01555	0.79913	0.03047	0.00995	0.01493	0.02301	0.00995	0.01741	0.01182	0.01368	0.00808	0.00933	0.00746	0.00498	0.00373	0.00124	0.00622	0.00311	0.00249	0.00746
7	0.01555	0.79913	0.03047	0.00995	0.01493	0.02301	0.00995	0.01741	0.01182	0.01368	0.00808	0.00933	0.00746	0.00498	0.00373	0.00124	0.00622	0.00311	0.00249	0.00746
8	0.01272	0.01272	0.01781	0.01527	0.01527	0.01781	0.01272	0.01399	0.00891	0.01399	0.00763	0.01272	0.00763	0.01018	0.01908	0.00254	0.78499	0.00509	0.00254	0.00636
9	0.01555	0.79913	0.03047	0.00995	0.01493	0.02301	0.00995	0.01741	0.01182	0.01368	0.00808	0.00933	0.00746	0.00498	0.00373	0.00124	0.00622	0.00311	0.00249	0.00746
10	0.00831	0.00623	0.00935	0.00935	0.01038	0.00727	0.00727	0.01038	0.00935	0.01350	0.01558	0.02285	0.01454	0.04361	0.77259	0.00935	0.01558	0.00623	0.00312	0.00519
11	0.83671	0.01125	0.00855	0.00765	0.01125	0.01305	0.00630	0.01709	0.00990	0.02609	0.00810	0.00945	0.00630	0.00540	0.00360	0.00180	0.00450	0.00315	0.00360	0.00630
12	0.00712	0.00509	0.00678	0.00807	0.00844	0.00475	0.00540	0.00820	0.01132	0.01514	0.05718	0.76587	0.03903	0.01800	0.00740	0.00234	0.00335	0.01632	0.00543	0.00475
13	0.02172	0.02772	0.01648	0.01498	0.01798	0.77228	0.01124	0.02322	0.01648	0.01423	0.00899	0.01049	0.00749	0.00599	0.00524	0.00150	0.01049	0.00375	0.00300	0.00674
14	0.01555	0.79913	0.03047	0.00995	0.01493	0.02301	0.00995	0.01741	0.01182	0.01368	0.00808	0.00933	0.00746	0.00498	0.00373	0.00124	0.00622	0.00311	0.00249	0.00746
15	0.02609	0.00990	0.01350	0.01035	0.01484	0.00855	0.00855	0.02834	0.01664	0.76338	0.02294	0.01979	0.01439	0.00720	0.00585	0.00180	0.00495	0.00585	0.00720	0.00990
16	0.83671	0.01125	0.00855	0.00765	0.01125	0.01305	0.00630	0.01709	0.00990	0.02609	0.00810	0.00945	0.00630	0.00540	0.00360	0.00180	0.00450	0.00315	0.00360	0.00630
17	0.01439	0.01382	0.02360	0.03569	0.75936	0.01382	0.01785	0.01785	0.01324	0.01900	0.01094	0.01439	0.00921	0.00518	0.00576	0.00173	0.00691	0.00518	0.00288	0.00921
18	0.01166	0.03008	0.76550	0.01657	0.02517	0.01351	0.02149	0.01842	0.01228	0.01842	0.01044	0.01228	0.00737	0.00552	0.00552	0.00184	0.00859	0.00430	0.00246	0.00859
19	0.00840	0.00567	0.00660	0.00665	0.00675	0.00574	0.00390	0.00860	0.00862	0.01158	0.01855	0.06190	0.02117	0.70766	0.09019	0.00583	0.00638	0.00854	0.00355	0.00370
20	0.05294	0.12652	0.09307	0.01393	0.03365	0.04802	0.06384	0.31192	0.06915	0.06519	0.01298	0.01369	0.00964	0.00633	0.00576	0.00170	0.02695	0.00487	0.00446	0.03538
21	0.44094	0.03023	0.06476	0.19835	0.01996	0.03503	0.01025	0.01813	0.01150	0.10758	0.01055	0.01235	0.00773	0.00573	0.00459	0.00182	0.00585	0.00405	0.00365	0.00695
22	0.01439	0.01382	0.02360	0.03569	0.75936	0.01382	0.01785	0.01785	0.01324	0.01900	0.01094	0.01439	0.00921	0.00518	0.00576	0.00173	0.00691	0.00518	0.00288	0.00921
23	0.01111	0.09947	0.02988	0.04753	0.01256	0.05577	0.00747	0.05230	0.03445	0.03801	0.31694	0.03580	0.21566	0.01051	0.00622	0.00178	0.00436	0.00878	0.00518	0.00621
24	0.01323	0.01176	0.04916	0.01032	0.01332	0.03903	0.00832	0.06629	0.35465	0.05658	0.04473	0.04742	0.16243	0.08641	0.00843	0.00229	0.00485	0.00786	0.00535	0.00757
25	0.02121	0.02348	0.01645	0.01430	0.01775	0.51381	0.01102	0.20891	0.08089	0.02087	0.01151	0.01233	0.00897	0.00641	0.00545	0.00160	0.00894	0.00437	0.00397	0.00776
26	0.01373	0.01569	0.03431	0.02451	0.03039	0.01471	0.73824	0.01863	0.01373	0.01863	0.01176	0.01569	0.00882	0.00490	0.00686	0.00196	0.00980	0.00686	0.00294	0.00784
27	0.01217	0.01224	0.04239	0.49565	0.25803	0.01330	0.05138	0.01605	0.01224	0.01640	0.01059	0.01508	0.00824	0.00557	0.00584	0.00187	0.00762	0.00523	0.00269	0.00743
28	0.00709	0.00506	0.00675	0.00810	0.00843	0.00472	0.00540	0.00810	0.01113	0.01484	0.03205	0.79184	0.03846	0.01822	0.00742	0.00236	0.00337	0.01653	0.00540	0.00472
29	0.00781	0.00558	0.00758	0.00893	0.00959	0.00535	0.00666	0.00936	0.01185	0.01566	0.03165	0.56046	0.03687	0.01753	0.00762	0.00246	0.00400	0.24072	0.00538	0.00492
30	0.00709	0.00506	0.00675	0.00810	0.00843	0.00472	0.00540	0.00810	0.01113	0.01484	0.03205	0.79184	0.03846	0.01822	0.00742	0.00236	0.00337	0.01653	0.00540	0.00472
31	0.01558	0.73199	0.06704	0.01047	0.01555	0.05006	0.01058	0.01768	0.01201	0.01394	0.00824	0.00952	0.00746	0.00504	0.00388	0.00128	0.00650	0.00319	0.00250	0.00749
32	0.00913	0.00675	0.00685	0.00678	0.00693	0.04432	0.00391	0.00920	0.00886	0.01142	0.01785	0.03666	0.02045	0.75579	0.02837	0.00543	0.00588	0.00822	0.00350	0.00369
33	0.00709	0.00506	0.00675	0.00810	0.00843	0.00472	0.00540	0.00810	0.01113	0.01484	0.03205	0.79184	0.03846	0.01822	0.00742	0.00236	0.00337	0.01653	0.00540	0.00472
34	0.01572	0.74060	0.05171	0.01038	0.01537	0.05734	0.01035	0.01771	0.01205	0.01385	0.00820	0.00947	0.00746	0.00504	0.00385	0.00127	0.00649	0.00317	0.00251	0.00746
35	0.01166	0.03008	0.76550	0.01657	0.02517	0.01351	0.02149	0.01842	0.01228	0.01842	0.01044	0.01228	0.00737	0.00552	0.00552	0.00184	0.00859	0.00430	0.00246	0.00859
36	0.01526	0.03761	0.01301	0.00904	0.01405	0.00846	0.00736	0.01775	0.01306	0.18238	0.01303	0.01366	0.00984	0.00497	0.00463	0.00108	0.00451	0.00396	0.00424	0.62210
37	0.01127	0.03239	0.17347	0.05539	0.05445	0.01153	0.23838	0.01503	0.01226	0.01708	0.01671	0.23042	0.01665	0.00898	0.00694	0.00199	0.03857	0.00855	0.00350	0.04645
38	0.01584	0.71204	0.04570	0.01042	0.01525	0.04206	0.01029	0.01780	0.01199	0.03581	0.00858	0.00985	0.00767	0.00525	0.00439	0.00132	0.03229	0.00330	0.00264	0.00750
39	0.02211	0.01629	0.01745	0.01338	0.01803	0.01803	0.01105	0.73997	0.02734	0.03665	0.01396	0.01396	0.00989	0.00698	0.00582	0.00175	0.00640	0.00524	0.00582	0.00989
40	0.01292	0.01119	0.01419	0.01137	0.06155	0.00912	0.04284	0.06091	0.01318	0.02006	0.01067	0.01250	0.00874	0.00456	0.00462	0.00102	0.00487	0.00383	0.00354	0.68834
41	0.01095	0.01014	0.01708	0.75322	0.03886	0.01263	0.01574	0.01459	0.01148	0.01468	0.01033	0.01558	0.00784	0.00634	0.00644	0.03239	0.00765	0.00516	0.00258	0.00632
42	0.01094	0.01007	0.01694	0.74260	0.03841	0.01252	0.01559	0.01449	0.01142	0.01462	0.01032	0.01561	0.00787	0.00654	0.00667	0.04376	0.00762	0.00516	0.00258	0.00626
43	0.01455	0.01397	0.02321	0.03172	0.60220	0.02989	0.07840	0.05405	0.01402	0.01961	0.01225	0.03409	0.01064	0.00592	0.00596	0.00179	0.00707	0.02867	0.00317	0.00885
44	0.01373	0.01569	0.03431	0.02451	0.03039	0.01471	0.73824	0.01863	0.01373	0.01863	0.01176	0.01569	0.00882	0.00490	0.00686	0.00196	0.00980	0.00686	0.00294	0.00784
45	0.02258	0.03334	0.10042	0.01177	0.01657	0.00997	0.04500	0.02545	0.01564	0.57601	0.04456	0.01904	0.01429	0.00708	0.00623	0.00182	0.02894	0.00578	0.00616	0.00933
46	0.83671	0.01125	0.00855	0.00765	0.01125	0.01305	0.00630	0.01709	0.00990	0.02609	0.00810	0.00945	0.00630	0.00540	0.00360	0.00180	0.00450	0.00315	0.00360	0.00630
47	0.00819	0.00594	0.00771	0.00727	0.00866	0.00547	0.00545	0.01089	0.01636	0.02307	0.73375	0.04384	0.07756	0.01198	0.00686	0.00183	0.00275	0.01057	0.00637	0.00547
48	0.00831	0.00623	0.00935	0.00935	0.01038	0.00727	0.00727	0.01038	0.00935	0.01350	0.01558	0.02285	0.01454	0.04361	0.77259	0.00935	0.01558	0.00623	0.00312	0.00519
49	0.02131	0.01056	0.01305	0.01065	0.01461	0.01034	0.00858	0.02825	0.25942	0.48119	0.04118	0.02193	0.03617	0.00774	0.00592	0.00186	0.00473	0.00637	0.00671	0.00943
50	0.02230	0.01598	0.01726	0.01323	0.01788	0.01758	0.01093	0.70591	0.02683	0.07143	0.01439	0.01424	0.01011	0.00699	0.00582	0.00175	0.00633	0.00526	0.00588	0.00989
51	0.00831	0.00623	0.00935	0.00935	0.01038	0.00727	0.00727	0.01038	0.00935	0.01350	0.01558	0.02285	0.01454	0.04361	0.77259	0.00935	0.01558	0.00623	0.00312	0.00519
52	0.01283	0.01038	0.01167	0.01104	0.01363	0.01150	0.00880	0.08252	0.40395	0.02264	0.05319	0.09765	0.04561	0.01096	0.00660	0.00215	0.00471	0.17673	0.00573	0.00771
53	0.00835	0.00576	0.00713	0.00719	0.00747	0.00601	0.00457	0.00893	0.00881	0.01201	0.01827	0.06972	0.02027	0.56718	0.21805	0.00643	0.00807	0.00827	0.00351	0.00401
54	0.83671	0.01125	0.00855	0.00765	0.01125	0.01305	0.00630	0.01709	0.00990	0.02609	0.00810	0.00945	0.00630	0.00540	0.00360	0.00180	0.00450	0.00315	0.00360	0.00630
55	0.01206	0.01034	0.01206	0.00861	0.01378	0.00775	0.00689	0.01464	0.01206	0.01895	0.01034	0.01206	0.00861	0.00431	0.00431	0.00086	0.00431	0.00345	0.00345	0.83118
56	0.01110	0.01300	0.14903	0.01354	0.09480	0.00952	0.03494	0.03299	0.07177	0.01991	0.16205	0.10173	0.05891	0.00897	0.00606	0.00176	0.00521	0.04497	0.00440	0.15534
57	0.65581	0.04893	0.01084	0.00896	0.01252	0.12755	0.00728	0.01840	0.03060	0.02371	0.00864	0.00992	0.00683	0.00553	0.00391	0.00173	0.00548	0.00333	0.00352	0.00649
58	0.01304	0.01244	0.02116	0.33160	0.47402	0.01346	0.01717	0.01666	0.01260	0.01736	0.01070	0.01483	0.00863	0.00543	0.00578	0.00181	0.00724	0.00518	0.00276	0.00812
59	0.01334	0.06794	0.02703	0.23474	0.12802	0.03292	0.35338	0.01737	0.01287	0.01705	0.01082	0.01482	0.00842	0.00538	0.00653	0.00188	0.03137	0.00578	0.00279	0.00754
60	0.00765	0.00592	0.00696	0.00670	0.00833	0.00524	0.00503	0.00984	0.01508	0.02004	0.45564	0.04884	0.35757	0.01311	0.00686	0.00189	0.00283	0.01127	0.00597	0.00524
61	0.01439	0.01382	0.02360	0.03569	0.75936	0.01382	0.01785	0.01785	0.01324	0.01900	0.01094	0.01439	0.00921	0.00518	0.00576	0.00173	0.00691	0.00518	0.00288	0.00921

[dist]
# distance from previous block
# <min> <max>
0	8

[block]
# block no. 3 follows, 40 sequences, length 105
# corresponding to MSA columns:
# 304-358,360-383,385-410
name=unknown_D
#
# <colnr> <probs for GDERKNQSTAVLIFYWHMCP>
#	G	D	E	R	K	N	Q	S	T	A	V	L	I	F	Y	W	H	M	C	P
0	0.00801	0.00594	0.00747	0.00708	0.00855	0.00539	0.00531	0.01054	0.01594	0.02207	0.64215	0.04549	0.16978	0.01235	0.00686	0.00185	0.00278	0.01080	0.00624	0.00539
1	0.00698	0.00586	0.00606	0.00608	0.00794	0.00495	0.00453	0.00853	0.01342	0.01625	0.11036	0.08223	0.67763	0.01464	0.00689	0.00197	0.00295	0.01230	0.00548	0.00495
2	0.00730	0.00522	0.00696	0.00812	0.00861	0.00488	0.00557	0.00856	0.01178	0.01584	0.10787	0.68377	0.03998	0.01747	0.00739	0.00232	0.00339	0.04465	0.00550	0.00483
3	0.00709	0.00506	0.00675	0.00810	0.00843	0.00472	0.00540	0.00810	0.01113	0.01484	0.03205	0.79184	0.03846	0.01822	0.00742	0.00236	0.00337	0.01653	0.00540	0.00472
4	0.01555	0.79913	0.03047	0.00995	0.01493	0.02301	0.00995	0.01741	0.01182	0.01368	0.00808	0.00933	0.00746	0.00498	0.00373	0.00124	0.00622	0.00311	0.00249	0.00746
5	0.01446	0.01249	0.01315	0.01183	0.01512	0.01446	0.00920	0.03090	0.74885	0.02433	0.02367	0.02170	0.01775	0.00789	0.00592	0.00197	0.00460	0.00657	0.00592	0.00920
6	0.01098	0.01034	0.01744	0.78165	0.04005	0.01292	0.01615	0.01486	0.01163	0.01486	0.01034	0.01550	0.00775	0.00581	0.00581	0.00194	0.00775	0.00517	0.00258	0.00646
7	0.00831	0.00623	0.00935	0.00935	0.01038	0.00727	0.00727	0.01038	0.00935	0.01350	0.01558	0.02285	0.01454	0.04361	0.77259	0.00935	0.01558	0.00623	0.00312	0.00519
8	0.01272	0.01272	0.01781	0.01527	0.01527	0.01781	0.01272	0.01399	0.00891	0.01399	0.00763	0.01272	0.00763	0.01018	0.01908	0.00254	0.78499	0.00509	0.00254	0.00636
9	0.01098	0.01034	0.01744	0.78165	0.04005	0.01292	0.01615	0.01486	0.01163	0.01486	0.01034	0.01550	0.00775	0.00581	0.00581	0.00194	0.00775	0.00517	0.00258	0.00646
10	0.01555	0.79913	0.03047	0.00995	0.01493	0.02301	0.00995	0.01741	0.01182	0.01368	0.00808	0.00933	0.00746	0.00498	0.00373	0.00124	0.00622	0.00311	0.00249	0.00746
11	0.01212	0.01039	0.01209	0.00870	0.01382	0.00793	0.00695	0.01507	0.03133	0.01909	0.01068	0.01231	0.00885	0.00440	0.00435	0.00089	0.00431	0.00353	0.00351	0.80968
12	0.00715	0.00524	0.00671	0.00774	0.00838	0.00481	0.00527	0.00836	0.01184	0.01563	0.09276	0.63327	0.13699	0.01725	0.00730	0.00227	0.00327	0.01548	0.00548	0.00481
13	0.09165	0.01012	0.01261	0.23546	0.01983	0.01145	0.00958	0.19264	0.01453	0.02046	0.01556	0.11264	0.01507	0.20032	0.01160	0.00283	0.00607	0.00715	0.00405	0.00637
14	0.02211	0.01629	0.01745	0.01338	0.01803	0.01803	0.01105	0.73997	0.02734	0.03665	0.01396	0.01396	0.00989	0.00698	0.00582	0.00175	0.00640	0.00524	0.00582	0.00989
15	0.01555	0.79913	0.03047	0.00995	0.01493	0.02301	0.00995	0.01741	0.01182	0.01368	0.00808	0.00933	0.00746	0.00498	0.00373	0.00124	0.00622	0.00311	0.00249	0.00746
16	0.83671	0.01125	0.00855	0.00765	0.01125	0.01305	0.00630	0.01709	0.00990	0.02609	0.00810	0.00945	0.00630	0.00540	0.00360	0.00180	0.00450	0.00315	0.00360	0.00630
17	0.01834	0.01464	0.04285	0.01259	0.01674	0.01564	0.01042	0.33756	0.36695	0.07185	0.01893	0.01789	0.01377	0.00737	0.00586	0.00186	0.00555	0.00587	0.00582	0.00952
18	0.00742	0.00601	0.00665	0.00677	0.00856	0.00524	0.00527	0.00924	0.01374	0.01705	0.15588	0.05550	0.55429	0.01450	0.00703	0.00204	0.00325	0.11096	0.00554	0.00506
19	0.00709	0.00506	0.00675	0.00810	0.00843	0.00472	0.00540	0.00810	0.01113	0.01484	0.03205	0.79184	0.03846	0.01822	0.00742	0.00236	0.00337	0.01653	0.00540	0.00472
20	0.83671	0.01125	0.00855	0.00765	0.01125	0.01305	0.00630	0.01709	0.00990	0.02609	0.00810	0.00945	0.00630	0.00540	0.00360	0.00180	0.00450	0.00315	0.00360	0.00630
21	0.01689	0.28294	0.16493	0.01284	0.01790	0.11208	0.01248	0.16015	0.09932	0.03602	0.01186	0.01263	0.00924	0.00607	0.00525	0.00161	0.02152	0.00432	0.00368	0.00829
22	0.01899	0.01386	0.03508	0.01336	0.06197	0.01396	0.01037	0.34683	0.13013	0.13599	0.01646	0.03763	0.01225	0.00695	0.00566	0.00168	0.00563	0.00557	0.00543	0.12219
23	0.01373	0.01569	0.03431	0.02451	0.03039	0.01471	0.73824	0.01863	0.01373	0.01863	0.01176	0.01569	0.00882	0.00490	0.00686	0.00196	0.00980	0.00686	0.00294	0.00784
24	0.01010	0.00505	0.00758	0.00758	0.00758	0.00505	0.00505	0.00758	0.00758	0.01010	0.01010	0.01768	0.01010	0.02020	0.02273	0.83081	0.00505	0.00505	0.00253	0.00253
25	0.04616	0.04386	0.07923	0.09396	0.08558	0.01326	0.11135	0.06694	0.20783	0.07984	0.01745	0.07655	0.01436	0.00755	0.00599	0.00192	0.00630	0.02927	0.00443	0.00815
26	0.01000	0.00509	0.00750	0.00750	0.00750	0.00509	0.00496	0.00763	0.00763	0.01017	0.01061	0.01893	0.01078	0.06780	0.02315	0.78016	0.00509	0.00526	0.00259	0.00259
27	0.00716	0.00509	0.00673	0.00800	0.00832	0.00477	0.00530	0.00812	0.01099	0.01465	0.03132	0.75170	0.03754	0.05961	0.00860	0.00254	0.00349	0.01610	0.00530	0.00466
28	0.04699	0.02856	0.70047	0.01704	0.05696	0.01350	0.02068	0.01833	0.01222	0.01877	0.01036	0.01225	0.00740	0.00550	0.00545	0.00183	0.00835	0.00429	0.00252	0.00852
29	0.01409	0.01403	0.05673	0.19266	0.46208	0.02887	0.03125	0.03333	0.01310	0.04025	0.01101	0.01454	0.00885	0.00571	0.00648	0.00182	0.04866	0.00516	0.00297	0.00840
30	0.01175	0.02948	0.73481	0.01691	0.02539	0.01356	0.05157	0.01843	0.01234	0.01843	0.01049	0.01242	0.00743	0.00550	0.00558	0.00185	0.00865	0.00440	0.00248	0.00856
31	0.00716	0.00517	0.00680	0.00807	0.00854	0.00481	0.00549	0.00826	0.01133	0.01499	0.03346	0.72509	0.07723	0.01795	0.00742	0.00235	0.00342	0.04232	0.00540	0.00476
32	0.01495	0.01560	0.01841	0.13342	0.17249	0.18256	0.05183	0.04759	0.05846	0.01706	0.01164	0.01583	0.00987	0.00950	0.06152	0.00243	0.14256	0.02374	0.00319	0.00733
33	0.66403	0.04352	0.05678	0.03741	0.01380	0.05398	0.00809	0.03222	0.01089	0.02431	0.00849	0.00999	0.00660	0.00547	0.00394	0.00177	0.00529	0.00337	0.00346	0.00659
34	0.01309	0.01107	0.01317	0.00976	0.01461	0.00939	0.02985	0.08263	0.07552	0.02118	0.03941	0.01431	0.01121	0.00515	0.00475	0.00111	0.00463	0.00424	0.00396	0.63096
35	0.05549	0.10333	0.07598	0.10667	0.06699	0.01278	0.08492	0.04752	0.02792	0.13703	0.01252	0.01407	0.00936	0.00558	0.00546	0.00156	0.02155	0.00467	0.00380	0.20279
36	0.02045	0.01450	0.01581	0.01260	0.01686	0.01596	0.01025	0.46203	0.22592	0.11654	0.01768	0.01677	0.01258	0.00726	0.00585	0.00181	0.00574	0.00568	0.00600	0.00970
37	0.01754	0.01882	0.30714	0.01504	0.02122	0.01196	0.12423	0.02328	0.08371	0.29283	0.01648	0.01645	0.01115	0.00627	0.00588	0.00186	0.00706	0.00547	0.00460	0.00902
38	0.00716	0.00583	0.00631	0.00641	0.00809	0.00502	0.00475	0.00876	0.01339	0.01661	0.14968	0.12558	0.56160	0.03009	0.00740	0.00207	0.00306	0.02773	0.00550	0.00495
39	0.01482	0.01344	0.01360	0.01221	0.01530	0.06116	0.00952	0.02953	0.66450	0.02316	0.02191	0.02053	0.01658	0.00789	0.00658	0.00197	0.04652	0.00632	0.00556	0.00890
40	0.00691	0.00587	0.00596	0.00597	0.00789	0.00492	0.00447	0.00840	0.01329	0.01587	0.07512	0.07173	0.72440	0.01474	0.00688	0.00197	0.00295	0.01232	0.00542	0.00492
41	0.00691	0.00589	0.00594	0.00593	0.00788	0.00493	0.00445	0.00842	0.01334	0.01592	0.07821	0.05562	0.73757	0.01465	0.00687	0.00196	0.00294	0.01222	0.00543	0.00493
42	0.59983	0.01042	0.00935	0.00810	0.01161	0.01141	0.00661	0.01845	0.01183	0.15850	0.09292	0.01504	0.01309	0.00643	0.00436	0.00180	0.00439	0.00444	0.00455	0.00686
43	0.02211	0.01629	0.01745	0.01338	0.01803	0.01803	0.01105	0.73997	0.02734	0.03665	0.01396	0.01396	0.00989	0.00698	0.00582	0.00175	0.00640	0.00524	0.00582	0.00989
44	0.02211	0.01629	0.01745	0.01338	0.01803	0.01803	0.01105	0.73997	0.02734	0.03665	0.01396	0.01396	0.00989	0.00698	0.00582	0.00175	0.00640	0.00524	0.00582	0.00989
45	0.00716	0.00590	0.00629	0.00619	0.00803	0.00503	0.00465	0.00890	0.01394	0.01732	0.20694	0.05331	0.60796	0.01412	0.00687	0.00194	0.00290	0.01190	0.00561	0.00503
46	0.01373	0.01569	0.03431	0.02451	0.03039	0.01471	0.73824	0.01863	0.01373	0.01863	0.01176	0.01569	0.00882	0.00490	0.00686	0.00196	0.00980	0.00686	0.00294	0.00784
47	0.00823	0.00594	0.00777	0.00732	0.00869	0.00549	0.00549	0.01097	0.01646	0.02332	0.75629	0.04344	0.05487	0.01189	0.00686	0.00183	0.00274	0.01052	0.00640	0.00549
48	0.00725	0.00580	0.00648	0.00653	0.00814	0.00504	0.00482	0.00900	0.01383	0.01758	0.23701	0.14241	0.48680	0.01441	0.00694	0.00198	0.00295	0.01234	0.00566	0.00504
49	0.07211	0.01598	0.01691	0.01303	0.01762	0.01773	0.01076	0.69559	0.02627	0.03600	0.01360	0.01368	0.00967	0.00688	0.00568	0.00175	0.00628	0.00511	0.00568	0.00967
50	0.02172	0.02772	0.01648	0.01498	0.01798	0.77228	0.01124	0.02322	0.01648	0.01423	0.00899	0.01049	0.00749	0.00599	0.00524	0.00150	0.01049	0.00375	0.00300	0.00674
51	0.00785	0.00593	0.00777	0.00850	0.00879	0.00617	0.00583	0.00875	0.01055	0.01424	0.02809	0.58428	0.04779	0.13520	0.01194	0.00287	0.08184	0.01407	0.00483	0.00471
52	0.02211	0.01629	0.01745	0.01338	0.01803	0.01803	0.01105	0.73997	0.02734	0.03665	0.01396	0.01396	0.00989	0.00698	0.00582	0.00175	0.00640	0.00524	0.00582	0.00989
53	0.04413	0.01032	0.01363	0.01047	0.01496	0.00923	0.00865	0.07177	0.01715	0.70215	0.02206	0.01920	0.01394	0.00714	0.00580	0.00180	0.00503	0.00575	0.00703	0.00981
54	0.01403	0.01177	0.01232	0.01121	0.01421	0.03385	0.00876	0.02735	0.58582	0.04262	0.06999	0.02578	0.03669	0.00862	0.00603	0.00196	0.00460	0.04481	0.03107	0.00851
55	0.01378	0.01165	0.01239	0.01114	0.01421	0.01320	0.00865	0.06530	0.59616	0.02409	0.07074	0.04509	0.07043	0.00882	0.00607	0.00196	0.00444	0.00739	0.00589	0.00860
56	0.57742	0.01247	0.04028	0.07729	0.01634	0.01353	0.06639	0.04750	0.01126	0.03958	0.00920	0.01114	0.00705	0.00574	0.00502	0.00186	0.04373	0.00390	0.00353	0.00675
57	0.01206	0.01034	0.01206	0.00861	0.01378	0.00775	0.00689	0.01464	0.01206	0.01895	0.01034	0.01206	0.00861	0.00431	0.00431	0.00086	0.00431	0.00345	0.00345	0.83118
58	0.00749	0.00533	0.00683	0.00788	0.00831	0.00504	0.00532	0.00847	0.01094	0.01445	0.03086	0.56673	0.07072	0.15519	0.01136	0.00294	0.00390	0.06858	0.00506	0.00457
59	0.00841	0.00564	0.00633	0.00633	0.00639	0.00562	0.00355	0.00845	0.00859	0.01140	0.01947	0.03856	0.04190	0.77360	0.02896	0.00553	0.00556	0.00856	0.00358	0.00356
60	0.01254	0.00908	0.01219	0.01092	0.01267	0.01062	0.00876	0.13255	0.01280	0.07378	0.01475	0.01973	0.01279	0.03013	0.48253	0.00657	0.12146	0.00588	0.00379	0.00648
61	0.00922	0.00672	0.00886	0.00929	0.01074	0.00653	0.00752	0.03211	0.03002	0.01954	0.25111	0.16946	0.03899	0.01432	0.00735	0.00227	0.00422	0.33420	0.00565	0.03185
62	0.01166	0.03008	0.76550	0.01657	0.02517	0.01351	0.02149	0.01842	0.01228	0.01842	0.01044	0.01228	0.00737	0.00552	0.00552	0.00184	0.00859	0.00430	0.00246	0.00859
63	0.05648	0.01514	0.01638	0.01264	0.01716	0.01652	0.01043	0.61646	0.02512	0.11471	0.01480	0.01457	0.01034	0.00693	0.00569	0.00174	0.00608	0.00522	0.02394	0.00964
64	0.01010	0.00505	0.00758	0.00758	0.00758	0.00505	0.00505	0.00758	0.00758	0.01010	0.01010	0.01768	0.01010	0.02020	0.02273	0.83081	0.00505	0.00505	0.00253	0.00253
65	0.64557	0.01132	0.00996	0.00847	0.01229	0.01257	0.00698	0.06342	0.01214	0.15510	0.01104	0.01153	0.00793	0.00581	0.00413	0.00180	0.00469	0.00375	0.00436	0.00714
66	0.01112	0.01044	0.01706	0.64399	0.03544	0.01321	0.01536	0.01460	0.01138	0.01488	0.01108	0.01782	0.00911	0.00691	0.00760	0.00205	0.10560	0.04323	0.00273	0.00639
67	0.00846	0.00564	0.00634	0.00634	0.00634	0.00564	0.00352	0.00846	0.00846	0.01128	0.01832	0.03805	0.02114	0.79563	0.02960	0.00564	0.00564	0.00846	0.00352	0.00352
68	0.01206	0.01034	0.01206	0.00861	0.01378	0.00775	0.00689	0.01464	0.01206	0.01895	0.01034	0.01206	0.00861	0.00431	0.00431	0.00086	0.00431	0.00345	0.00345	0.83118
69	0.01471	0.01395	0.02163	0.17288	0.53110	0.04584	0.01668	0.07811	0.01426	0.01950	0.01100	0.01440	0.00892	0.00549	0.00575	0.00176	0.00717	0.00512	0.00307	0.00865
70	0.01178	0.05367	0.74296	0.01637	0.02485	0.01380	0.02113	0.01839	0.01226	0.01827	0.01036	0.01219	0.00737	0.00551	0.00547	0.00182	0.00852	0.00426	0.00246	0.00856
71	0.01122	0.01068	0.01846	0.69127	0.06168	0.01290	0.06035	0.01511	0.01185	0.01529	0.01098	0.01679	0.00853	0.00601	0.00593	0.00195	0.00779	0.02392	0.00269	0.00660
72	0.01483	0.25960	0.26016	0.01866	0.18292	0.04945	0.03716	0.07964	0.01385	0.01848	0.01011	0.01201	0.00807	0.00541	0.00508	0.00161	0.00743	0.00426	0.00288	0.00839
73	0.01096	0.01030	0.01718	0.72971	0.03820	0.01292	0.01573	0.01465	0.01150	0.01482	0.01078	0.03523	0.00853	0.00631	0.00641	0.00197	0.04026	0.00546	0.00265	0.00641
74	0.00712	0.00510	0.00672	0.00799	0.00836	0.00475	0.00532	0.00811	0.01111	0.01477	0.03233	0.75288	0.05565	0.03964	0.00802	0.00244	0.00343	0.01620	0.00535	0.00469
75	0.00843	0.00573	0.00680	0.00680	0.00696	0.00589	0.00410	0.00875	0.00859	0.01162	0.01790	0.03573	0.02013	0.68052	0.14333	0.00621	0.00716	0.00812	0.00346	0.00378
76	0.01466	0.06264	0.05468	0.13245	0.44570	0.03732	0.09181	0.01824	0.01322	0.05753	0.01133	0.01445	0.00901	0.00537	0.00574	0.00175	0.00736	0.00518	0.00304	0.00852
77	0.00729	0.00521	0.00695	0.00809	0.00857	0.00487	0.00553	0.00855	0.01181	0.01589	0.11503	0.68377	0.04019	0.01743	0.00738	0.00231	0.00336	0.03742	0.00551	0.00483
78	0.00690	0.00580	0.00598	0.00612	0.00792	0.00489	0.00452	0.00832	0.01303	0.01562	0.05609	0.13336	0.68142	0.01509	0.00693	0.00201	0.00299	0.01272	0.00540	0.00489
79	0.02023	0.13415	0.05613	0.05338	0.04826	0.05284	0.01065	0.12914	0.01655	0.33080	0.04376	0.03429	0.01326	0.00700	0.00582	0.00173	0.02260	0.00548	0.00521	0.00872
80	0.01646	0.53873	0.04562	0.05845	0.01741	0.04880	0.01096	0.14506	0.01464	0.01797	0.00934	0.01075	0.00791	0.00560	0.00482	0.00144	0.03141	0.00373	0.00310	0.00780
81	0.02090	0.01569	0.01677	0.01314	0.01757	0.01747	0.01076	0.62793	0.14134	0.03470	0.01550	0.01518	0.01113	0.00712	0.00583	0.00178	0.00612	0.00545	0.00583	0.00978
82	0.01543	0.01637	0.04308	0.03202	0.62662	0.12879	0.01695	0.01868	0.01371	0.01826	0.01063	0.01374	0.00890	0.00531	0.00567	0.00170	0.00750	0.00494	0.00288	0.00882
