[name]
unknown

[dist]
# distance from previous block
# <min> <max>
0	23

[block]
# block no. 0 follows, 44 sequences, length 50
# corresponding to MSA columns:
# 23-72
name=unknown_A
#
# <colnr> <probs for GDERKNQSTAVLIFYWHMCP>
#	G	D	E	R	K	N	Q	S	T	A	V	L	I	F	Y	W	H	M	C	P
0	0.00789	0.00617	0.00737	0.00809	0.00899	0.02139	0.00566	0.01060	0.09529	0.01530	0.04877	0.61408	0.06050	0.01508	0.00666	0.00210	0.00346	0.02990	0.00504	0.02766
1	0.01321	0.01206	0.01775	0.29848	0.27142	0.02689	0.02593	0.09287	0.14981	0.01892	0.01249	0.01502	0.00963	0.00571	0.00546	0.00173	0.00642	0.00510	0.00340	0.00772
2	0.01558	0.01260	0.01342	0.01133	0.01483	0.01417	0.00901	0.25615	0.48671	0.02623	0.03878	0.01829	0.01496	0.00711	0.00549	0.00174	0.00479	0.00577	0.00545	0.03761
3	0.01436	0.76563	0.07274	0.00969	0.01456	0.02105	0.00996	0.01638	0.01110	0.01309	0.00771	0.00891	0.00699	0.00469	0.00360	0.00120	0.00596	0.00298	0.00233	0.00706
4	0.02050	0.04448	0.01681	0.01243	0.01680	0.01708	0.01032	0.72908	0.02510	0.03357	0.01289	0.01293	0.00919	0.00648	0.00538	0.00162	0.00599	0.00484	0.00534	0.00919
5	0.01190	0.00976	0.01130	0.00835	0.01286	0.00783	0.00666	0.05385	0.03670	0.03674	0.01266	0.03727	0.03427	0.00506	0.00436	0.00098	0.00410	0.00411	0.00362	0.69760
6	0.00745	0.00569	0.00692	0.00737	0.00845	0.00541	0.00528	0.01006	0.07443	0.01652	0.18833	0.41246	0.18529	0.01434	0.00664	0.00201	0.00310	0.02998	0.00530	0.00497
7	0.01776	0.01204	0.01298	0.01035	0.01378	0.01305	0.00841	0.50628	0.02102	0.06745	0.01528	0.04262	0.01160	0.00687	0.00509	0.00157	0.00496	0.00535	0.21548	0.00805
8	0.01039	0.00954	0.01592	0.72728	0.05983	0.01176	0.01457	0.01395	0.01098	0.01441	0.01015	0.01482	0.00768	0.00548	0.00536	0.00178	0.00698	0.00486	0.04816	0.00609
9	0.01114	0.01031	0.01705	0.65370	0.10292	0.01235	0.03082	0.05384	0.01186	0.01545	0.01030	0.02803	0.00802	0.00564	0.00549	0.00180	0.00710	0.00507	0.00266	0.00646
10	0.00644	0.00552	0.00552	0.00552	0.00736	0.00460	0.00414	0.00782	0.01243	0.01473	0.05523	0.05247	0.77218	0.01381	0.00644	0.00184	0.00276	0.01151	0.00506	0.00460
11	0.00859	0.00577	0.00757	0.00701	0.00844	0.00529	0.00529	0.01113	0.01544	0.06114	0.73257	0.03957	0.04947	0.01092	0.00638	0.00171	0.00268	0.00963	0.00604	0.00536
12	0.01001	0.00846	0.01226	0.30312	0.02061	0.00995	0.01014	0.08465	0.01187	0.01585	0.01812	0.33961	0.01931	0.01082	0.00751	0.00203	0.09693	0.00923	0.00380	0.00569
13	0.02213	0.01301	0.01496	0.01147	0.01578	0.01355	0.00948	0.48123	0.02185	0.31468	0.01626	0.01515	0.01086	0.00662	0.00546	0.00166	0.00549	0.00512	0.00594	0.00927
14	0.00793	0.00529	0.00595	0.00595	0.00595	0.00529	0.00330	0.00793	0.00793	0.01057	0.01718	0.03568	0.01982	0.80840	0.02775	0.00529	0.00529	0.00793	0.00330	0.00330
15	0.00669	0.00478	0.00630	0.00749	0.00782	0.00447	0.00497	0.00761	0.01037	0.01380	0.02999	0.75966	0.04897	0.04924	0.00780	0.00233	0.00324	0.01512	0.00499	0.00439
16	0.01410	0.58005	0.04321	0.06248	0.01713	0.03317	0.07430	0.03191	0.01140	0.01389	0.00816	0.01006	0.00718	0.00516	0.00511	0.00139	0.06835	0.00357	0.00245	0.00694
17	0.00793	0.00529	0.00595	0.00595	0.00595	0.00529	0.00330	0.00793	0.00793	0.01057	0.01718	0.03568	0.01982	0.80840	0.02775	0.00529	0.00529	0.00793	0.00330	0.00330
18	0.00662	0.00481	0.00625	0.00741	0.00786	0.00444	0.00498	0.00761	0.01061	0.01399	0.03229	0.73793	0.10153	0.01679	0.00691	0.00218	0.00313	0.01514	0.00506	0.00444
19	0.04002	0.23930	0.02091	0.01475	0.08224	0.32656	0.07012	0.11376	0.01491	0.01692	0.00914	0.01063	0.00751	0.00531	0.00471	0.00143	0.00774	0.00386	0.00302	0.00716
20	0.02009	0.01457	0.01578	0.01225	0.01643	0.01610	0.01008	0.66794	0.06426	0.06036	0.01393	0.01393	0.00995	0.00764	0.02916	0.00187	0.00612	0.00502	0.00543	0.00910
21	0.00764	0.00557	0.00719	0.00678	0.00810	0.00511	0.00509	0.01015	0.01526	0.02146	0.73112	0.04139	0.09209	0.01130	0.00643	0.00172	0.00258	0.00995	0.00595	0.00511
22	0.01105	0.02741	0.73611	0.01598	0.02388	0.01273	0.06339	0.01728	0.01159	0.01728	0.00986	0.01170	0.00699	0.00515	0.00525	0.00173	0.00812	0.00417	0.00233	0.00802
23	0.01032	0.00781	0.00955	0.00792	0.01105	0.00630	0.00607	0.01240	0.01195	0.05805	0.12466	0.20709	0.02182	0.00858	0.00524	0.00136	0.00367	0.02458	0.00430	0.45728
24	0.13604	0.01113	0.05555	0.00999	0.01424	0.00991	0.00862	0.07844	0.06866	0.52274	0.01836	0.01655	0.01199	0.00646	0.00518	0.00170	0.00485	0.00506	0.00585	0.00870
25	0.01374	0.01108	0.03599	0.02616	0.01473	0.00905	0.02388	0.11573	0.01366	0.08674	0.01122	0.01233	0.00867	0.00469	0.00447	0.00107	0.00466	0.00378	0.00379	0.59457
26	0.75524	0.03891	0.02419	0.00771	0.01128	0.01283	0.00655	0.05781	0.01031	0.02448	0.00794	0.00914	0.00615	0.00513	0.00353	0.00167	0.00445	0.00308	0.00343	0.00617
27	0.01070	0.00702	0.00965	0.00831	0.01038	0.00655	0.04579	0.03893	0.03200	0.12119	0.54900	0.03567	0.08256	0.01012	0.00625	0.00172	0.00337	0.00894	0.00584	0.00600
28	0.01501	0.75267	0.02758	0.00968	0.01421	0.07903	0.00942	0.01673	0.01141	0.01287	0.00764	0.00883	0.00700	0.00474	0.00360	0.00118	0.00613	0.00296	0.00237	0.00695
29	0.04530	0.06836	0.09903	0.01009	0.01355	0.01074	0.00893	0.11040	0.06989	0.10021	0.06449	0.14411	0.01682	0.02987	0.01801	0.00186	0.04971	0.00663	0.00432	0.12769
30	0.01093	0.02820	0.78016	0.01554	0.02360	0.01266	0.02014	0.01727	0.01151	0.01727	0.00978	0.01151	0.00691	0.00518	0.00518	0.00173	0.00806	0.00403	0.00230	0.00806
31	0.58720	0.01048	0.00969	0.00813	0.01178	0.01140	0.00670	0.06040	0.01184	0.22043	0.01151	0.01161	0.00806	0.00558	0.00404	0.00168	0.00443	0.00372	0.00437	0.00697
32	0.00667	0.00491	0.00625	0.00723	0.00784	0.00450	0.00492	0.00778	0.01103	0.01449	0.07582	0.64361	0.15251	0.01623	0.00685	0.00213	0.00307	0.01455	0.00511	0.00450
33	0.01167	0.16143	0.60774	0.01491	0.02224	0.01425	0.06135	0.01712	0.01152	0.01652	0.00948	0.01122	0.00700	0.00506	0.00497	0.00164	0.00774	0.00398	0.00233	0.00783
34	0.00767	0.00557	0.00722	0.00681	0.00811	0.00512	0.00511	0.01019	0.01532	0.02159	0.74399	0.04117	0.07914	0.01125	0.00643	0.00172	0.00258	0.00992	0.00597	0.00512
35	0.02170	0.00867	0.01177	0.00923	0.01296	0.00754	0.00754	0.02388	0.01558	0.65337	0.14527	0.02221	0.01976	0.00747	0.00564	0.00169	0.00430	0.00620	0.00662	0.00860
36	0.01227	0.01091	0.01835	0.46323	0.31684	0.01221	0.01537	0.01567	0.01173	0.05626	0.01054	0.01435	0.00812	0.00529	0.00543	0.00173	0.00683	0.00488	0.00276	0.00721
37	0.01215	0.21766	0.47170	0.01526	0.02206	0.01503	0.13980	0.01707	0.01163	0.01621	0.00945	0.01137	0.00716	0.00496	0.00498	0.00161	0.00770	0.00416	0.00239	0.00768
38	0.01016	0.00508	0.00508	0.00508	0.00635	0.00508	0.00381	0.01270	0.01143	0.02033	0.01778	0.02033	0.01397	0.00635	0.00381	0.00127	0.00254	0.00508	0.83867	0.00508
39	0.00664	0.00477	0.00630	0.00752	0.00789	0.00443	0.00503	0.00760	0.01051	0.01395	0.03095	0.77784	0.06248	0.01696	0.00694	0.00220	0.00315	0.01536	0.00506	0.00443
40	0.06230	0.01775	0.28169	0.02806	0.06294	0.03041	0.04604	0.10836	0.17064	0.06151	0.04020	0.04087	0.01217	0.00645	0.00537	0.00175	0.00626	0.00533	0.00393	0.00797
41	0.01258	0.06960	0.59080	0.01495	0.02201	0.01389	0.03822	0.11990	0.01340	0.01929	0.01008	0.01167	0.00728	0.00544	0.00550	0.00170	0.02864	0.00417	0.00276	0.00809
42	0.01490	0.00727	0.00949	0.00804	0.01063	0.00650	0.00632	0.01735	0.03115	0.34560	0.33592	0.04648	0.10023	0.02709	0.00648	0.00181	0.00359	0.00812	0.00615	0.00689
43	0.00793	0.00529	0.00595	0.00595	0.00595	0.00529	0.00330	0.00793	0.00793	0.01057	0.01718	0.03568	0.01982	0.80840	0.02775	0.00529	0.00529	0.00793	0.00330	0.00330
44	0.05907	0.01373	0.01975	0.09478	0.53028	0.06859	0.01486	0.09964	0.01381	0.01936	0.01025	0.01303	0.00833	0.00516	0.00527	0.00163	0.00661	0.00466	0.00303	0.00817
45	0.00688	0.00539	0.00629	0.00655	0.00787	0.00472	0.00471	0.00834	0.01219	0.01572	0.16363	0.31350	0.36924	0.01420	0.00654	0.00192	0.00291	0.01237	0.00516	0.03187
46	0.03069	0.23766	0.03972	0.01243	0.01579	0.45949	0.01026	0.01998	0.05772	0.01402	0.00911	0.01048	0.00769	0.00625	0.02005	0.00155	0.03404	0.00360	0.00282	0.00664
47	0.01697	0.01461	0.01631	0.01280	0.01669	0.09878	0.08764	0.39192	0.04803	0.02542	0.01401	0.06092	0.02706	0.00684	0.00584	0.00160	0.03201	0.00552	0.00447	0.11257
48	0.01671	0.10279	0.01647	0.01131	0.01531	0.01418	0.04866	0.39433	0.04994	0.05336	0.03394	0.04075	0.01188	0.05164	0.00644	0.00173	0.00555	0.00527	0.00460	0.11510
49	0.01827	0.01274	0.01463	0.05337	0.01643	0.01385	0.00968	0.43814	0.06832	0.13225	0.01619	0.04596	0.03592	0.00726	0.00619	0.00170	0.05015	0.00560	0.00517	0.04819

[dist]
# distance from previous block
# <min> <max>
1	7

[block]
# block no. 1 follows, 44 sequences, length 21
# corresponding to MSA columns:
# 80-100
name=unknown_B
#
# <colnr> <probs for GDERKNQSTAVLIFYWHMCP>
#	G	D	E	R	K	N	Q	S	T	A	V	L	I	F	Y	W	H	M	C	P
0	0.06656	0.06171	0.02628	0.17048	0.06862	0.04165	0.12140	0.08084	0.01303	0.08159	0.04612	0.06689	0.01264	0.02742	0.01848	0.01977	0.02233	0.00585	0.04163	0.00670
1	0.03241	0.00857	0.01008	0.02598	0.01182	0.00839	0.03177	0.12849	0.07412	0.03864	0.09333	0.08420	0.27538	0.03013	0.00645	0.00182	0.00409	0.03754	0.00487	0.09192
2	0.01385	0.04391	0.06429	0.08213	0.27070	0.04961	0.17986	0.09425	0.03301	0.01879	0.01086	0.01357	0.00856	0.00529	0.00583	0.00165	0.03196	0.00501	0.02575	0.04110
3	0.01283	0.01023	0.01163	0.00873	0.01296	0.00891	0.00695	0.16219	0.01403	0.02079	0.01184	0.04460	0.01014	0.03490	0.00530	0.00122	0.00437	0.00432	0.04276	0.57130
4	0.29175	0.28275	0.06588	0.00872	0.01246	0.06868	0.00806	0.01523	0.01130	0.01795	0.07068	0.01651	0.09862	0.00644	0.00423	0.00151	0.00512	0.00456	0.00330	0.00624
5	0.01420	0.01041	0.01165	0.01009	0.01262	0.01112	0.00779	0.40629	0.01860	0.02486	0.03573	0.31678	0.04451	0.04019	0.00689	0.00200	0.00473	0.00935	0.00522	0.00699
6	0.00669	0.00478	0.00637	0.00756	0.00792	0.00446	0.00506	0.00771	0.01067	0.01428	0.06382	0.77004	0.03676	0.01681	0.00693	0.00219	0.00314	0.01524	0.00510	0.00446
7	0.00773	0.00578	0.00707	0.00690	0.00825	0.00533	0.00510	0.03657	0.01430	0.01942	0.46207	0.17193	0.20416	0.01256	0.00649	0.00182	0.00284	0.01099	0.00562	0.00506
8	0.01497	0.42169	0.20033	0.01278	0.04917	0.15809	0.01242	0.04620	0.01259	0.01500	0.00857	0.00996	0.00714	0.00504	0.00430	0.00138	0.00711	0.00344	0.00255	0.00728
9	0.00680	0.00529	0.00629	0.00693	0.00805	0.00478	0.00506	0.00813	0.01147	0.01446	0.04072	0.36044	0.36918	0.01642	0.03991	0.00235	0.00364	0.08053	0.00497	0.00458
10	0.00793	0.00529	0.00595	0.00595	0.00595	0.00529	0.00330	0.00793	0.00793	0.01057	0.01718	0.03568	0.01982	0.80840	0.02775	0.00529	0.00529	0.00793	0.00330	0.00330
11	0.04814	0.01431	0.01552	0.08834	0.08899	0.08933	0.01084	0.32168	0.16786	0.06260	0.01396	0.01449	0.01032	0.00638	0.00559	0.00169	0.02210	0.00497	0.00460	0.00830
12	0.01974	0.01428	0.01570	0.04345	0.01719	0.01575	0.01020	0.64021	0.05148	0.06716	0.01426	0.04043	0.01057	0.00690	0.00551	0.00167	0.00583	0.00534	0.00538	0.00896
13	0.03334	0.00833	0.03235	0.04488	0.03902	0.00757	0.07865	0.04675	0.01197	0.07704	0.02185	0.41757	0.02348	0.01179	0.00643	0.01460	0.00460	0.03404	0.00447	0.08128
14	0.04655	0.19329	0.37476	0.01361	0.03758	0.04315	0.03990	0.05206	0.03333	0.05216	0.03969	0.01268	0.00939	0.00558	0.00515	0.00160	0.02467	0.00424	0.00298	0.00764
15	0.08702	0.08292	0.07401	0.01204	0.07638	0.03082	0.00965	0.14267	0.01556	0.28170	0.08069	0.03433	0.03485	0.00687	0.00522	0.00164	0.00522	0.00549	0.00494	0.00799
16	0.06896	0.03540	0.04316	0.04508	0.03638	0.22986	0.00949	0.17064	0.08772	0.04391	0.03716	0.04909	0.07523	0.03688	0.00611	0.00177	0.00640	0.00566	0.00411	0.00699
17	0.03630	0.06770	0.28752	0.05380	0.11269	0.06590	0.11730	0.04648	0.03605	0.05750	0.01069	0.01271	0.00807	0.00556	0.00608	0.00172	0.05871	0.00459	0.00295	0.00769
18	0.02750	0.05398	0.06409	0.09960	0.03403	0.06988	0.17187	0.06443	0.03167	0.09992	0.01168	0.03025	0.00916	0.00608	0.00695	0.00169	0.10825	0.00506	0.00341	0.10051
19	0.01377	0.10292	0.05054	0.04932	0.05447	0.03331	0.12199	0.20057	0.02938	0.02010	0.03359	0.05873	0.05179	0.04034	0.03772	0.00210	0.05154	0.00598	0.00375	0.03810
20	0.03205	0.04753	0.14135	0.07745	0.16133	0.07591	0.07658	0.10819	0.04559	0.01888	0.01190	0.06364	0.01006	0.00613	0.00557	0.00163	0.02443	0.00522	0.00328	0.08329

[dist]
# distance from previous block
# <min> <max>
11	41

[block]
# block no. 2 follows, 44 sequences, length 8
# corresponding to MSA columns:
# 146-153
name=unknown_C
#
# <colnr> <probs for GDERKNQSTAVLIFYWHMCP>
#	G	D	E	R	K	N	Q	S	T	A	V	L	I	F	Y	W	H	M	C	P
0	0.06488	0.10547	0.01466	0.01070	0.01403	0.04784	0.00883	0.21219	0.21514	0.08478	0.05833	0.01872	0.01455	0.00724	0.00569	0.00170	0.03523	0.04210	0.03010	0.00781
1	0.12159	0.04236	0.20779	0.13869	0.12771	0.04532	0.03788	0.05614	0.13517	0.01923	0.01166	0.01339	0.00884	0.00558	0.00507	0.00171	0.00653	0.00455	0.00324	0.00757
2	0.06649	0.14092	0.24692	0.01624	0.12568	0.01369	0.09914	0.01707	0.03465	0.04961	0.03114	0.01294	0.00915	0.00546	0.00571	0.00161	0.05306	0.00446	0.00294	0.06311
3	0.05107	0.03339	0.04729	0.06489	0.01627	0.01179	0.05184	0.12384	0.16594	0.07778	0.01520	0.07542	0.01245	0.00692	0.00592	0.00164	0.05166	0.00563	0.03132	0.14972
4	0.01109	0.03885	0.06628	0.01139	0.01357	0.06332	0.06417	0.03526	0.01120	0.01532	0.06995	0.08876	0.06257	0.10027	0.03777	0.00246	0.21172	0.00667	0.00339	0.08599
5	0.07251	0.17715	0.03491	0.04408	0.01347	0.01208	0.00800	0.08800	0.10049	0.08510	0.06054	0.08725	0.01540	0.06309	0.00646	0.00181	0.00481	0.00584	0.04036	0.07865
6	0.01176	0.00887	0.01160	0.01061	0.02702	0.00930	0.04989	0.06423	0.16751	0.07971	0.07094	0.20796	0.04302	0.06492	0.00843	0.00217	0.05896	0.05719	0.00483	0.04107
7	0.50137	0.10267	0.08575	0.04628	0.01352	0.01303	0.00819	0.06618	0.01078	0.02140	0.00912	0.01202	0.00764	0.07579	0.00595	0.00195	0.00513	0.00371	0.00324	0.00625

[dist]
# distance from previous block
# <min> <max>
0	1

[block]
# block no. 3 follows, 44 sequences, length 23
# corresponding to MSA columns:
# 155-177
name=unknown_D
#
# <colnr> <probs for GDERKNQSTAVLIFYWHMCP>
#	G	D	E	R	K	N	Q	S	T	A	V	L	I	F	Y	W	H	M	C	P
0	0.01090	0.03109	0.10230	0.00985	0.01283	0.00978	0.00881	0.02572	0.12817	0.05045	0.15538	0.02743	0.14740	0.00898	0.00729	0.00175	0.10930	0.03851	0.00440	0.10968
1	0.03578	0.01545	0.10947	0.03928	0.01730	0.01467	0.01095	0.52451	0.02106	0.04330	0.01315	0.03371	0.01002	0.03545	0.00614	0.00177	0.00601	0.00509	0.02051	0.03638
2	0.11617	0.11133	0.04680	0.16744	0.39621	0.01379	0.04095	0.01612	0.01156	0.01727	0.00950	0.01250	0.00777	0.00497	0.00495	0.00162	0.00642	0.00441	0.00267	0.00755
3	0.01413	0.71488	0.12143	0.01010	0.01518	0.02047	0.01066	0.01644	0.01113	0.01337	0.00785	0.00909	0.00699	0.00473	0.00371	0.00124	0.00611	0.00305	0.00233	0.00713
4	0.01134	0.02400	0.63156	0.01415	0.02099	0.01132	0.01744	0.01671	0.01166	0.06938	0.01310	0.11001	0.01096	0.00676	0.00542	0.00178	0.00722	0.00555	0.00295	0.00769
5	0.00669	0.00480	0.00637	0.00760	0.00798	0.00448	0.00513	0.00769	0.01054	0.01399	0.03064	0.76856	0.05399	0.01695	0.00696	0.00221	0.00320	0.03273	0.00506	0.00445
6	0.00782	0.00522	0.00594	0.00610	0.00624	0.00515	0.00356	0.00809	0.00851	0.01151	0.01983	0.13051	0.04212	0.65485	0.02358	0.00464	0.00484	0.00884	0.03908	0.00355
7	0.56729	0.01203	0.00959	0.00843	0.01170	0.10698	0.00677	0.01808	0.03353	0.11625	0.05625	0.01245	0.01007	0.00578	0.00408	0.00166	0.00487	0.00385	0.00395	0.00641
8	0.01241	0.01338	0.02663	0.12303	0.13915	0.02483	0.47762	0.01636	0.01230	0.01666	0.01128	0.03965	0.00915	0.00608	0.02336	0.00197	0.03002	0.00618	0.00277	0.00718
9	0.00783	0.00528	0.00613	0.00627	0.00640	0.00524	0.00373	0.00811	0.00860	0.01150	0.04679	0.10646	0.02288	0.67881	0.02435	0.00478	0.00498	0.03471	0.00362	0.00353
10	0.00937	0.00795	0.00773	0.00758	0.00826	0.10206	0.00507	0.01015	0.00957	0.01213	0.04443	0.05454	0.04220	0.46205	0.17690	0.00512	0.00746	0.00734	0.01594	0.00416
11	0.15866	0.08903	0.10842	0.01034	0.01473	0.03848	0.00950	0.09113	0.03347	0.34083	0.01547	0.04275	0.01106	0.00640	0.00493	0.00165	0.00535	0.00489	0.00486	0.00805
12	0.14314	0.00982	0.01220	0.00951	0.01361	0.00916	0.00785	0.06900	0.01529	0.62440	0.01899	0.01682	0.01214	0.00649	0.00518	0.00168	0.00466	0.00508	0.00618	0.00879
13	0.00663	0.00477	0.00630	0.00751	0.00789	0.00443	0.00503	0.00760	0.01051	0.01395	0.03101	0.77624	0.06405	0.01696	0.00694	0.00220	0.00315	0.01535	0.00506	0.00443
14	0.01222	0.30579	0.51386	0.01334	0.02019	0.01582	0.01631	0.01693	0.01136	0.01569	0.00900	0.01053	0.00694	0.00500	0.00458	0.00153	0.00727	0.00363	0.00231	0.00768
15	0.01379	0.01642	0.12553	0.07493	0.50161	0.10846	0.01602	0.01773	0.04182	0.01714	0.01039	0.01310	0.00842	0.00513	0.00532	0.00163	0.00707	0.00463	0.00275	0.00811
16	0.01250	0.00885	0.03317	0.00793	0.01051	0.06288	0.00637	0.02520	0.02478	0.20183	0.13946	0.06408	0.34810	0.02179	0.00634	0.00181	0.00399	0.00891	0.00534	0.00615
17	0.11662	0.01445	0.01546	0.09957	0.01719	0.18351	0.03299	0.01542	0.01049	0.01481	0.00857	0.03536	0.00789	0.00776	0.01122	0.00200	0.39328	0.00465	0.00270	0.00604
18	0.00787	0.00550	0.00706	0.00706	0.00744	0.00589	0.00469	0.00864	0.00826	0.01139	0.01616	0.03005	0.01738	0.50564	0.32717	0.00666	0.00896	0.00710	0.00315	0.00392
19	0.00781	0.00526	0.00595	0.00602	0.00610	0.00522	0.00343	0.00791	0.00821	0.01088	0.01908	0.07836	0.04436	0.74006	0.02594	0.00501	0.00509	0.00846	0.00345	0.00341
20	0.07835	0.01442	0.11076	0.25534	0.19935	0.07456	0.01396	0.06759	0.04170	0.04510	0.01145	0.01519	0.00907	0.00583	0.00529	0.00173	0.00677	0.03307	0.00316	0.00731
21	0.11934	0.01308	0.01308	0.07217	0.01619	0.09293	0.00912	0.14090	0.29683	0.11420	0.01596	0.01565	0.01169	0.00643	0.00512	0.00169	0.00540	0.00499	0.00479	0.04043
22	0.01388	0.01103	0.01181	0.01076	0.01342	0.04435	0.00851	0.17047	0.32174	0.04930	0.02199	0.14636	0.01992	0.00982	0.00603	0.00194	0.00483	0.12108	0.00530	0.00747

[dist]
# distance from previous block
# <min> <max>
1	2

[block]
# block no. 4 follows, 44 sequences, length 6
# corresponding to MSA columns:
# 180-185
name=unknown_E
#
# <colnr> <probs for GDERKNQSTAVLIFYWHMCP>
#	G	D	E	R	K	N	Q	S	T	A	V	L	I	F	Y	W	H	M	C	P
0	0.71638	0.01239	0.07473	0.00827	0.01211	0.01260	0.00744	0.06894	0.01064	0.02455	0.00817	0.00939	0.00623	0.00518	0.00368	0.00169	0.00467	0.00318	0.00343	0.00633
1	0.03377	0.14777	0.03531	0.02795	0.04712	0.12494	0.00888	0.05757	0.10483	0.14416	0.09413	0.02030	0.09157	0.00719	0.00516	0.00157	0.00543	0.00566	0.00440	0.03227
2	0.01378	0.41885	0.25388	0.01109	0.01678	0.01616	0.01218	0.01703	0.01156	0.06985	0.00951	0.01060	0.00757	0.00490	0.00422	0.00133	0.00621	0.00348	0.00275	0.10829
3	0.01396	0.67860	0.15623	0.01038	0.01562	0.02006	0.01117	0.01648	0.01115	0.01358	0.00795	0.00921	0.00698	0.00475	0.00378	0.00126	0.00621	0.00310	0.00233	0.00718
4	0.01270	0.01236	0.03509	0.01228	0.01604	0.06626	0.12824	0.04419	0.01211	0.03811	0.01223	0.03787	0.03072	0.00627	0.00709	0.00146	0.13357	0.02371	0.00330	0.36642
5	0.07858	0.16739	0.10715	0.04104	0.01471	0.09050	0.00943	0.03435	0.01322	0.17232	0.10969	0.08503	0.03978	0.00751	0.00512	0.00162	0.00547	0.00597	0.00421	0.00693

[dist]
# distance from previous block
# <min> <max>
0	2

[block]
# block no. 5 follows, 44 sequences, length 18
# corresponding to MSA columns:
# 188-205
name=unknown_F
#
# <colnr> <probs for GDERKNQSTAVLIFYWHMCP>
#	G	D	E	R	K	N	Q	S	T	A	V	L	I	F	Y	W	H	M	C	P
0	0.00668	0.00487	0.00630	0.00735	0.00787	0.00449	0.00498	0.00777	0.01091	0.01444	0.07441	0.68926	0.10773	0.01643	0.00688	0.00215	0.00309	0.01480	0.00511	0.00449
1	0.01622	0.29002	0.17578	0.01342	0.08644	0.01560	0.01210	0.12174	0.05320	0.14772	0.01217	0.01262	0.00905	0.00554	0.00473	0.00151	0.00609	0.00420	0.00371	0.00815
2	0.01279	0.01235	0.02079	0.15816	0.53936	0.01320	0.04083	0.01622	0.02821	0.01683	0.01016	0.01371	0.00843	0.00543	0.00660	0.00174	0.07965	0.00493	0.00269	0.00791
3	0.02270	0.00918	0.01229	0.00958	0.01353	0.00814	0.00785	0.04133	0.03842	0.67811	0.08178	0.02028	0.01656	0.00712	0.00556	0.00169	0.00449	0.00584	0.00662	0.00893
4	0.01391	0.01130	0.01242	0.01158	0.04060	0.01276	0.00884	0.12985	0.51056	0.02351	0.02077	0.02285	0.01648	0.00782	0.00559	0.00183	0.00457	0.07330	0.06332	0.00814
5	0.01335	0.05377	0.02050	0.31463	0.04731	0.02595	0.20060	0.14960	0.01414	0.01891	0.01091	0.01416	0.00828	0.00556	0.00588	0.00173	0.03170	0.00515	0.05083	0.00703
6	0.00786	0.00544	0.00680	0.00718	0.00802	0.00517	0.00498	0.00934	0.02631	0.04168	0.13240	0.36690	0.12916	0.15577	0.05128	0.00296	0.00411	0.02516	0.00484	0.00464
7	0.00781	0.00524	0.00598	0.00610	0.00613	0.00521	0.00347	0.00790	0.00816	0.01088	0.01836	0.10658	0.02132	0.73546	0.02583	0.00500	0.00509	0.00863	0.00347	0.00341
8	0.01327	0.19592	0.16390	0.01395	0.01715	0.09659	0.06005	0.01579	0.01058	0.01413	0.00812	0.01110	0.00713	0.00691	0.01020	0.00185	0.34002	0.00419	0.00243	0.00671
9	0.01347	0.40048	0.30647	0.01208	0.01776	0.06314	0.01337	0.01814	0.07962	0.01541	0.00977	0.01089	0.00784	0.00516	0.00439	0.00145	0.00676	0.00366	0.00264	0.00750
10	0.05822	0.00933	0.01228	0.00955	0.01362	0.00834	0.00786	0.02591	0.04401	0.70093	0.02087	0.01826	0.01331	0.00669	0.00536	0.00168	0.00456	0.00539	0.02481	0.00902
11	0.00750	0.00555	0.00737	0.07960	0.01051	0.00544	0.00581	0.00904	0.01162	0.01568	0.18643	0.35306	0.14218	0.03670	0.02917	0.03472	0.00377	0.01140	0.03976	0.00468
12	0.02803	0.01585	0.08326	0.01768	0.21957	0.18786	0.01191	0.10984	0.03786	0.06832	0.01469	0.12470	0.01341	0.00757	0.00555	0.00171	0.00658	0.03437	0.00381	0.00741
13	0.02834	0.03946	0.58711	0.01614	0.09098	0.01245	0.01779	0.04336	0.01238	0.04181	0.05191	0.01346	0.00977	0.00556	0.00522	0.00170	0.00731	0.00446	0.00281	0.00797
14	0.00811	0.00590	0.00791	0.00878	0.00999	0.00570	0.00729	0.01031	0.01269	0.01666	0.14093	0.15099	0.11388	0.01461	0.00718	0.00228	0.00419	0.46252	0.00517	0.00492
15	0.06810	0.01890	0.36649	0.15627	0.08706	0.01220	0.12293	0.01608	0.01179	0.01755	0.06281	0.01453	0.01034	0.00552	0.00539	0.00175	0.00731	0.00492	0.00275	0.00730
16	0.03876	0.01420	0.01861	0.18609	0.32016	0.11370	0.03860	0.15051	0.01487	0.01967	0.02687	0.01366	0.00909	0.00552	0.00536	0.00165	0.00693	0.00480	0.00325	0.00771
17	0.01992	0.01394	0.01519	0.01183	0.01586	0.01521	0.00969	0.63856	0.02363	0.08775	0.01475	0.05485	0.01113	0.00710	0.00548	0.00166	0.00564	0.00551	0.03344	0.00888

[dist]
# distance from previous block
# <min> <max>
0	7

[block]
# block no. 6 follows, 44 sequences, length 18
# corresponding to MSA columns:
# 213-230
name=unknown_G
#
# <colnr> <probs for GDERKNQSTAVLIFYWHMCP>
#	G	D	E	R	K	N	Q	S	T	A	V	L	I	F	Y	W	H	M	C	P
0	0.66348	0.01175	0.04383	0.03762	0.05995	0.01242	0.06896	0.01617	0.00991	0.02281	0.00820	0.00993	0.00635	0.00503	0.00390	0.00170	0.00503	0.00346	0.00320	0.00629
1	0.08272	0.00821	0.03400	0.14627	0.01419	0.00847	0.00744	0.06834	0.03253	0.04260	0.01492	0.01752	0.01156	0.00820	0.05194	0.00193	0.00479	0.00490	0.43354	0.00593
2	0.01346	0.01528	0.13118	0.02220	0.23859	0.03158	0.27149	0.01781	0.04140	0.07045	0.01183	0.01460	0.00913	0.00739	0.05362	0.00218	0.03155	0.00541	0.00306	0.00779
3	0.01223	0.01236	0.10281	0.07624	0.07797	0.02945	0.05712	0.03875	0.18756	0.06764	0.06240	0.02651	0.11900	0.00835	0.00620	0.00185	0.02648	0.07559	0.00435	0.00713
4	0.01051	0.00759	0.05478	0.00804	0.00965	0.00651	0.00630	0.01238	0.03581	0.12384	0.03749	0.10854	0.07695	0.31702	0.09026	0.00389	0.00576	0.07520	0.00429	0.00519
5	0.04049	0.31511	0.01963	0.01121	0.01495	0.26241	0.00949	0.16014	0.04093	0.01820	0.00997	0.01096	0.00812	0.00553	0.00441	0.00138	0.00686	0.00372	0.04937	0.00714
6	0.01075	0.00805	0.01255	0.13211	0.04227	0.00815	0.08576	0.02755	0.01196	0.09301	0.06155	0.33041	0.03845	0.01072	0.00659	0.00191	0.03502	0.00965	0.03282	0.04074
7	0.07729	0.02968	0.03532	0.01735	0.25975	0.12425	0.01066	0.03499	0.03929	0.04423	0.13427	0.08401	0.05047	0.00782	0.00553	0.00169	0.00560	0.02695	0.00393	0.00691
8	0.01731	0.15869	0.01718	0.01252	0.04460	0.25308	0.00978	0.21024	0.05713	0.04015	0.05817	0.01480	0.02727	0.02315	0.00589	0.00160	0.03252	0.00470	0.00390	0.00732
9	0.00664	0.00474	0.00633	0.00759	0.00791	0.00443	0.00506	0.00759	0.01044	0.01392	0.03005	0.80485	0.03606	0.01708	0.00696	0.00221	0.00316	0.01550	0.00506	0.00443
10	0.02446	0.00928	0.01265	0.00970	0.01392	0.00801	0.00801	0.02657	0.01560	0.77817	0.02151	0.01856	0.01350	0.00675	0.00548	0.00169	0.00464	0.00548	0.00675	0.00928
11	0.01130	0.10631	0.70522	0.01492	0.02264	0.01355	0.01906	0.01717	0.01147	0.01682	0.00956	0.01123	0.00692	0.00513	0.00501	0.00167	0.00784	0.00392	0.00231	0.00795
12	0.01439	0.01020	0.01120	0.00967	0.01256	0.01094	0.00751	0.13190	0.34476	0.12657	0.04081	0.02574	0.12645	0.09276	0.00802	0.00215	0.00445	0.00693	0.00540	0.00759
13	0.00737	0.00505	0.00611	0.00666	0.00680	0.00491	0.00407	0.00778	0.00902	0.01203	0.02280	0.37141	0.02691	0.46300	0.01867	0.00394	0.00436	0.01123	0.00407	0.00379
14	0.01349	0.01295	0.02213	0.03346	0.77440	0.01295	0.01673	0.01673	0.01241	0.01781	0.01025	0.01349	0.00864	0.00486	0.00540	0.00162	0.00648	0.00486	0.00270	0.00864
15	0.01766	0.01255	0.01353	0.01083	0.01441	0.01366	0.00878	0.50544	0.08312	0.06130	0.01796	0.04798	0.05804	0.00745	0.00539	0.00165	0.00510	0.00587	0.10101	0.00827
16	0.01201	0.01263	0.02532	0.07922	0.19802	0.01225	0.43298	0.01574	0.01230	0.01682	0.01325	0.11816	0.01193	0.00636	0.00619	0.00184	0.00764	0.00715	0.00302	0.00717
17	0.84691	0.01054	0.00801	0.00717	0.01054	0.01223	0.00590	0.01603	0.00928	0.02446	0.00759	0.00886	0.00590	0.00506	0.00337	0.00169	0.00422	0.00295	0.00337	0.00590

[dist]
# distance from previous block
# <min> <max>
0	10

[block]
# block no. 7 follows, 44 sequences, length 24
# corresponding to MSA columns:
# 241-264
name=unknown_H
#
# <colnr> <probs for GDERKNQSTAVLIFYWHMCP>
#	G	D	E	R	K	N	Q	S	T	A	V	L	I	F	Y	W	H	M	C	P
0	0.02037	0.02598	0.01545	0.01404	0.01685	0.78652	0.01053	0.02177	0.01545	0.01334	0.00843	0.00983	0.00702	0.00562	0.00492	0.00140	0.00983	0.00351	0.00281	0.00632
1	0.02871	0.09403	0.11162	0.17624	0.26482	0.04297	0.06784	0.01532	0.01190	0.01599	0.01457	0.04007	0.08054	0.00622	0.00535	0.00167	0.00660	0.00553	0.00287	0.00714
2	0.01883	0.00964	0.01137	0.00930	0.01242	0.03497	0.00728	0.08239	0.10114	0.41763	0.03634	0.02156	0.01526	0.14536	0.00926	0.00229	0.00485	0.00595	0.04639	0.00777
3	0.00847	0.00609	0.00839	0.00959	0.01078	0.00602	0.00821	0.01078	0.01235	0.01601	0.03026	0.13104	0.06800	0.01519	0.00742	0.00245	0.00473	0.63424	0.00503	0.00494
4	0.01303	0.01458	0.02663	0.19378	0.06319	0.08613	0.48723	0.01705	0.01265	0.01631	0.01045	0.01415	0.00795	0.00489	0.00603	0.00178	0.00870	0.00574	0.00269	0.00703
5	0.01827	0.01264	0.01406	0.01136	0.01493	0.01366	0.00924	0.51671	0.04503	0.10002	0.01693	0.08666	0.01423	0.03958	0.00661	0.00190	0.00547	0.05897	0.00543	0.00829
6	0.01395	0.01443	0.01991	0.02654	0.50880	0.14096	0.06134	0.01708	0.03244	0.01681	0.01218	0.08764	0.01114	0.00618	0.00553	0.00166	0.00684	0.00577	0.00302	0.00777
7	0.00954	0.00939	0.03987	0.03589	0.06194	0.00859	0.22651	0.02451	0.02701	0.01587	0.02161	0.43430	0.02360	0.01157	0.00657	0.00203	0.00551	0.02572	0.00410	0.00588
8	0.00851	0.00688	0.01006	0.00965	0.01042	0.00848	0.00760	0.01027	0.00867	0.01268	0.01339	0.02016	0.01268	0.05610	0.63354	0.00757	0.14979	0.00571	0.00284	0.00501
9	0.01492	0.08659	0.01360	0.01049	0.02574	0.05839	0.00823	0.25489	0.04245	0.07295	0.01775	0.21730	0.01698	0.00904	0.00551	0.00168	0.00505	0.02856	0.02776	0.08212
10	0.02815	0.32362	0.16102	0.01645	0.18049	0.05595	0.03444	0.01835	0.08274	0.03571	0.01044	0.01185	0.00843	0.00516	0.00461	0.00148	0.00648	0.00404	0.00288	0.00771
11	0.02446	0.00928	0.01265	0.00970	0.01392	0.00801	0.00801	0.02657	0.01560	0.77817	0.02151	0.01856	0.01350	0.00675	0.00548	0.00169	0.00464	0.00548	0.00675	0.00928
12	0.00676	0.00554	0.00596	0.00585	0.00756	0.00474	0.00439	0.00843	0.01316	0.01648	0.23086	0.04959	0.59546	0.01315	0.00644	0.00181	0.00271	0.01110	0.00529	0.00474
13	0.01115	0.05310	0.68292	0.01521	0.02240	0.01334	0.01900	0.01684	0.01120	0.01673	0.00946	0.01146	0.00693	0.00557	0.00632	0.00177	0.08239	0.00406	0.00231	0.00782
14	0.00704	0.00538	0.00797	0.00857	0.00922	0.00502	0.05284	0.00822	0.01059	0.01414	0.02884	0.75448	0.03429	0.01628	0.00693	0.00219	0.00355	0.01492	0.00491	0.00461
15	0.00779	0.00584	0.00876	0.00876	0.00974	0.00681	0.00681	0.00974	0.00876	0.01266	0.01460	0.02142	0.01363	0.04089	0.78680	0.00876	0.01460	0.00584	0.00292	0.00487
16	0.01605	0.04863	0.01433	0.01168	0.01511	0.09666	0.00928	0.20261	0.47483	0.02415	0.01791	0.01698	0.01343	0.00688	0.00537	0.00172	0.00537	0.00544	0.00510	0.00847
17	0.05225	0.00574	0.00602	0.00591	0.00706	0.00578	0.00417	0.02705	0.01075	0.01700	0.03815	0.04419	0.11639	0.22660	0.04861	0.00285	0.00407	0.00694	0.36581	0.00465
18	0.02446	0.00928	0.01265	0.00970	0.01392	0.00801	0.00801	0.02657	0.01560	0.77817	0.02151	0.01856	0.01350	0.00675	0.00548	0.00169	0.00464	0.00548	0.00675	0.00928
19	0.00680	0.00569	0.00595	0.00593	0.00773	0.00490	0.00450	0.00862	0.02862	0.01560	0.11784	0.05108	0.66333	0.01348	0.00646	0.00186	0.00286	0.03884	0.00516	0.00475
20	0.02312	0.01000	0.01293	0.01007	0.01419	0.00927	0.00827	0.08733	0.08695	0.64534	0.02087	0.01827	0.01344	0.00679	0.00549	0.00170	0.00472	0.00550	0.00653	0.00922
21	0.00670	0.00483	0.00635	0.00744	0.00790	0.00448	0.00502	0.00777	0.01085	0.01445	0.07771	0.72025	0.07298	0.01655	0.00690	0.00216	0.00311	0.01495	0.00512	0.00448
22	0.01364	0.00962	0.01013	0.02989	0.04109	0.04625	0.00706	0.20612	0.04681	0.02298	0.01547	0.01771	0.01211	0.02859	0.00555	0.00157	0.02790	0.00506	0.44593	0.00651
23	0.04517	0.18327	0.37668	0.20240	0.04409	0.01437	0.03022	0.01621	0.01123	0.01586	0.00926	0.01168	0.00704	0.00511	0.00486	0.00163	0.00724	0.00402	0.00240	0.00727

[dist]
# distance from previous block
# <min> <max>
0	1

[block]
# block no. 8 follows, 44 sequences, length 57
# corresponding to MSA columns:
# 266,268-323
name=unknown_I
#
# <colnr> <probs for GDERKNQSTAVLIFYWHMCP>
#	G	D	E	R	K	N	Q	S	T	A	V	L	I	F	Y	W	H	M	C	P
0	0.02015	0.02557	0.01566	0.01466	0.04072	0.76215	0.01073	0.02161	0.01535	0.01348	0.00848	0.00995	0.00707	0.00559	0.00493	0.00141	0.00973	0.00355	0.00281	0.00639
1	0.02446	0.00928	0.01265	0.00970	0.01392	0.00801	0.00801	0.02657	0.01560	0.77817	0.02151	0.01856	0.01350	0.00675	0.00548	0.00169	0.00464	0.00548	0.00675	0.00928
2	0.00742	0.00556	0.00687	0.00654	0.00796	0.00502	0.00491	0.00971	0.01472	0.02018	0.60271	0.04349	0.22130	0.01177	0.00643	0.00174	0.00262	0.01025	0.00578	0.00502
3	0.00781	0.00574	0.00827	0.00827	0.00908	0.00655	0.00621	0.00942	0.00862	0.01229	0.01505	0.02389	0.01470	0.17394	0.65521	0.00816	0.01299	0.00620	0.00299	0.00460
4	0.00827	0.00649	0.00943	0.00915	0.00993	0.00781	0.00710	0.00997	0.00864	0.01253	0.01397	0.02157	0.01343	0.10406	0.63264	0.00773	0.10363	0.00590	0.00289	0.00486
5	0.01186	0.00672	0.00689	0.00628	0.00804	0.00698	0.00486	0.13192	0.01371	0.02258	0.01703	0.01916	0.01322	0.00638	0.00407	0.00133	0.00310	0.00505	0.70507	0.00575
6	0.02037	0.02598	0.01545	0.01404	0.01685	0.78652	0.01053	0.02177	0.01545	0.01334	0.00843	0.00983	0.00702	0.00562	0.00492	0.00140	0.00983	0.00351	0.00281	0.00632
7	0.01030	0.00969	0.01635	0.79530	0.03755	0.01211	0.01514	0.01393	0.01090	0.01393	0.00969	0.01453	0.00727	0.00545	0.00545	0.00182	0.00727	0.00484	0.00242	0.00606
8	0.02446	0.00928	0.01265	0.00970	0.01392	0.00801	0.00801	0.02657	0.01560	0.77817	0.02151	0.01856	0.01350	0.00675	0.00548	0.00169	0.00464	0.00548	0.00675	0.00928
9	0.02446	0.00928	0.01265	0.00970	0.01392	0.00801	0.00801	0.02657	0.01560	0.77817	0.02151	0.01856	0.01350	0.00675	0.00548	0.00169	0.00464	0.00548	0.00675	0.00928
10	0.06119	0.00933	0.01244	0.00959	0.01377	0.00820	0.00792	0.02610	0.01532	0.74452	0.02089	0.01812	0.01316	0.00667	0.00539	0.00169	0.00462	0.00537	0.00660	0.00913
11	0.00758	0.00561	0.00818	0.00841	0.00922	0.00630	0.00632	0.00925	0.00904	0.01280	0.01762	0.16910	0.01812	0.07158	0.60567	0.00737	0.01203	0.00775	0.00334	0.00471
12	0.01356	0.01171	0.01233	0.01109	0.01418	0.01356	0.00863	0.02897	0.76455	0.02281	0.02219	0.02034	0.01664	0.00740	0.00555	0.00185	0.00431	0.00616	0.00555	0.00863
13	0.01280	0.01304	0.02605	0.01926	0.02373	0.03619	0.55744	0.01652	0.01271	0.06524	0.01482	0.14773	0.01324	0.00687	0.00641	0.00188	0.00791	0.00781	0.00340	0.00695
14	0.00784	0.00694	0.00685	0.00698	0.00861	0.05485	0.00526	0.00971	0.03250	0.01540	0.09921	0.15806	0.48181	0.01349	0.00648	0.00191	0.00348	0.07074	0.00500	0.00487
15	0.10536	0.03566	0.04037	0.03172	0.04108	0.26641	0.09682	0.01708	0.01162	0.01520	0.00830	0.01125	0.00714	0.00673	0.00940	0.00184	0.28063	0.00429	0.00268	0.00641
16	0.01249	0.01326	0.06477	0.11783	0.29291	0.06115	0.12270	0.03320	0.01267	0.01694	0.01382	0.02288	0.01268	0.00714	0.00626	0.00186	0.02736	0.14973	0.00317	0.00718
17	0.00915	0.00736	0.00880	0.00864	0.00970	0.06460	0.00661	0.01100	0.00955	0.01360	0.01453	0.02106	0.01340	0.08123	0.55679	0.00683	0.03284	0.00567	0.11370	0.00493
18	0.01648	0.08325	0.15898	0.01270	0.03222	0.18145	0.01145	0.16046	0.11862	0.08844	0.01562	0.01638	0.05257	0.00661	0.00524	0.00163	0.00666	0.01940	0.00407	0.00777
19	0.01309	0.12936	0.58576	0.01399	0.02113	0.01326	0.01721	0.01829	0.01196	0.11096	0.01095	0.01202	0.00773	0.00531	0.00499	0.00165	0.00734	0.00406	0.00286	0.00807
20	0.02446	0.00928	0.01265	0.00970	0.01392	0.00801	0.00801	0.02657	0.01560	0.77817	0.02151	0.01856	0.01350	0.00675	0.00548	0.00169	0.00464	0.00548	0.00675	0.00928
21	0.00695	0.00570	0.00614	0.00600	0.00774	0.00497	0.00451	0.00899	0.03320	0.01670	0.23088	0.04872	0.57443	0.01298	0.00642	0.00181	0.00276	0.01096	0.00531	0.00484
22	0.01340	0.03654	0.19262	0.18789	0.12521	0.02785	0.13140	0.01785	0.04357	0.11433	0.02744	0.03527	0.01032	0.00582	0.00554	0.00174	0.00700	0.00535	0.00331	0.00755
23	0.01458	0.81168	0.02857	0.00933	0.01399	0.02157	0.00933	0.01632	0.01108	0.01283	0.00758	0.00875	0.00700	0.00466	0.00350	0.00117	0.00583	0.00292	0.00233	0.00700
24	0.01016	0.00508	0.00508	0.00508	0.00635	0.00508	0.00381	0.01270	0.01143	0.02033	0.01778	0.02033	0.01397	0.00635	0.00381	0.00127	0.00254	0.00508	0.83867	0.00508
25	0.00822	0.00682	0.01005	0.01090	0.05809	0.00733	0.03585	0.00960	0.01041	0.01433	0.03974	0.53727	0.02807	0.01572	0.04721	0.00251	0.12292	0.02553	0.00434	0.00508
26	0.01392	0.01256	0.02041	0.09604	0.62017	0.03243	0.01553	0.01706	0.01266	0.06597	0.03354	0.01462	0.01006	0.00524	0.00543	0.00164	0.00640	0.00501	0.00303	0.00829
27	0.02106	0.01473	0.01603	0.01229	0.01664	0.01610	0.01015	0.69035	0.02473	0.10150	0.01385	0.01358	0.00965	0.00656	0.00546	0.00164	0.00588	0.00496	0.00557	0.00927
28	0.00737	0.00612	0.00645	0.00642	0.00827	0.00552	0.00491	0.02591	0.05758	0.01588	0.06649	0.08357	0.61305	0.01343	0.00646	0.00189	0.00308	0.05749	0.00512	0.00498
29	0.01300	0.03994	0.57290	0.01677	0.10308	0.01232	0.03302	0.01835	0.01213	0.11152	0.01127	0.01261	0.00794	0.00532	0.00523	0.00170	0.00744	0.00432	0.00291	0.00823
30	0.00649	0.00547	0.00562	0.00569	0.00742	0.00461	0.00423	0.00787	0.01238	0.01486	0.07205	0.10014	0.70670	0.01395	0.00648	0.00186	0.00278	0.01172	0.00509	0.00461
31	0.01549	0.68720	0.02649	0.01008	0.01445	0.14277	0.00952	0.01719	0.01177	0.01291	0.00771	0.00892	0.00700	0.00482	0.00372	0.00120	0.00646	0.00301	0.00241	0.00689
32	0.01184	0.00994	0.01194	0.00857	0.01340	0.00768	0.02378	0.03334	0.01180	0.03310	0.01004	0.01157	0.00822	0.00417	0.00416	0.00087	0.00422	0.00339	0.00335	0.78463
33	0.01902	0.04371	0.01519	0.01333	0.01609	0.63247	0.01011	0.06721	0.03791	0.01497	0.01047	0.06105	0.00930	0.00650	0.00527	0.00149	0.02179	0.00445	0.00318	0.00647
34	0.00779	0.00584	0.00876	0.00876	0.00974	0.00681	0.00681	0.00974	0.00876	0.01266	0.01460	0.02142	0.01363	0.04089	0.78680	0.00876	0.01460	0.00584	0.00292	0.00487
35	0.05265	0.01483	0.01588	0.01221	0.01653	0.01634	0.01009	0.69627	0.02457	0.06608	0.01324	0.01316	0.00932	0.00650	0.00538	0.00164	0.00587	0.00486	0.00543	0.00914
36	0.01349	0.01295	0.02213	0.03346	0.77440	0.01295	0.01673	0.01673	0.01241	0.01781	0.01025	0.01349	0.00864	0.00486	0.00540	0.00162	0.00648	0.00486	0.00270	0.00864
37	0.02446	0.00928	0.01265	0.00970	0.01392	0.00801	0.00801	0.02657	0.01560	0.77817	0.02151	0.01856	0.01350	0.00675	0.00548	0.00169	0.00464	0.00548	0.00675	0.00928
38	0.00779	0.00584	0.00876	0.00876	0.00974	0.00681	0.00681	0.00974	0.00876	0.01266	0.01460	0.02142	0.01363	0.04089	0.78680	0.00876	0.01460	0.00584	0.00292	0.00487
39	0.02072	0.01527	0.01636	0.01254	0.01691	0.01691	0.01036	0.75622	0.02563	0.03436	0.01309	0.01309	0.00927	0.00654	0.00545	0.00164	0.00600	0.00491	0.00545	0.00927
40	0.01030	0.00969	0.01635	0.79530	0.03755	0.01211	0.01514	0.01393	0.01090	0.01393	0.00969	0.01453	0.00727	0.00545	0.00545	0.00182	0.00727	0.00484	0.00242	0.00606
41	0.00687	0.00505	0.00677	0.00788	0.00818	0.00496	0.00536	0.00783	0.01035	0.01388	0.02906	0.77062	0.03481	0.01675	0.00743	0.00222	0.03749	0.01504	0.00495	0.00449
42	0.84691	0.01054	0.00801	0.00717	0.01054	0.01223	0.00590	0.01603	0.00928	0.02446	0.00759	0.00886	0.00590	0.00506	0.00337	0.00169	0.00422	0.00295	0.00337	0.00590
43	0.01032	0.00749	0.00875	0.00854	0.00982	0.00777	0.00607	0.17470	0.04701	0.01822	0.02351	0.44954	0.02620	0.16308	0.01047	0.00265	0.00424	0.01131	0.00484	0.00548
44	0.02029	0.00836	0.01132	0.00899	0.01248	0.00730	0.00730	0.02252	0.01556	0.58990	0.20821	0.02407	0.02294	0.00784	0.00572	0.00169	0.00412	0.00657	0.00656	0.00825
45	0.00772	0.00574	0.00844	0.00853	0.00941	0.00657	0.00651	0.00949	0.00883	0.01263	0.01582	0.07685	0.01552	0.07984	0.69220	0.00812	0.01331	0.00663	0.00309	0.00475
46	0.00783	0.00569	0.00801	0.00801	0.00873	0.00641	0.00588	0.00925	0.00854	0.01210	0.01529	0.02522	0.01528	0.24545	0.58450	0.00784	0.01212	0.00640	0.00302	0.00445
47	0.02365	0.06578	0.01385	0.00980	0.01401	0.03221	0.00818	0.02571	0.01528	0.70192	0.02015	0.01761	0.01285	0.00657	0.00533	0.00164	0.00488	0.00524	0.00632	0.00903
48	0.01134	0.01202	0.02487	0.04236	0.04007	0.01140	0.51941	0.01506	0.01244	0.01682	0.03797	0.15244	0.01571	0.00760	0.00654	0.00194	0.00759	0.05441	0.00338	0.00663
49	0.84691	0.01054	0.00801	0.00717	0.01054	0.01223	0.00590	0.01603	0.00928	0.02446	0.00759	0.00886	0.00590	0.00506	0.00337	0.00169	0.00422	0.00295	0.00337	0.00590
50	0.01729	0.01999	0.01791	0.07073	0.28782	0.43888	0.01303	0.04134	0.01438	0.01560	0.00930	0.01153	0.00768	0.00536	0.00514	0.00151	0.00836	0.00412	0.00282	0.00722
51	0.00772	0.00575	0.00848	0.00856	0.00945	0.00659	0.00655	0.00952	0.00883	0.01264	0.01570	0.07201	0.01533	0.07342	0.70340	0.00819	0.01346	0.00655	0.00307	0.00477
52	0.03254	0.01181	0.01725	0.30432	0.05730	0.04558	0.08940	0.09936	0.01341	0.13514	0.01272	0.01521	0.02668	0.00638	0.00710	0.00182	0.10811	0.00517	0.00357	0.00712
53	0.01389	0.66434	0.16991	0.01050	0.01580	0.01990	0.01136	0.01650	0.01116	0.01366	0.00799	0.00927	0.00698	0.00476	0.00381	0.00127	0.00625	0.00312	0.00233	0.00720
54	0.02429	0.00955	0.01282	0.00983	0.01405	0.00841	0.00812	0.05915	0.01605	0.74496	0.02113	0.01831	0.01331	0.00674	0.00548	0.00168	0.00470	0.00546	0.00669	0.00928
55	0.00651	0.00527	0.00578	0.00619	0.00754	0.00455	0.00444	0.00775	0.01179	0.01447	0.04715	0.29387	0.53599	0.01486	0.00661	0.00196	0.00289	0.01279	0.00506	0.00455
56	0.01286	0.29710	0.25593	0.01169	0.01639	0.09769	0.01227	0.03173	0.01176	0.01504	0.04252	0.01344	0.01005	0.02826	0.10120	0.00245	0.02590	0.00418	0.00269	0.00685

[dist]
# distance from previous block
# <min> <max>
0	1

[block]
# block no. 9 follows, 44 sequences, length 32
# corresponding to MSA columns:
# 325-356
name=unknown_J
#
# <colnr> <probs for GDERKNQSTAVLIFYWHMCP>
#	G	D	E	R	K	N	Q	S	T	A	V	L	I	F	Y	W	H	M	C	P
0	0.80423	0.01029	0.00789	0.00709	0.01038	0.01184	0.00581	0.01561	0.00944	0.02397	0.01001	0.01107	0.04482	0.00550	0.00353	0.00169	0.00414	0.00339	0.00346	0.00584
1	0.00789	0.00544	0.00673	0.00673	0.00700	0.00571	0.00428	0.00843	0.00816	0.01115	0.01646	0.03171	0.01810	0.59506	0.23874	0.00625	0.00788	0.00735	0.00320	0.00374
2	0.01107	0.00910	0.01357	0.07567	0.24243	0.00956	0.01054	0.02961	0.07845	0.04830	0.01990	0.28670	0.02057	0.01047	0.00676	0.00197	0.04523	0.06935	0.00413	0.00662
3	0.01281	0.01220	0.02076	0.16652	0.62467	0.01263	0.01624	0.01609	0.01215	0.01709	0.01065	0.01496	0.00900	0.00523	0.00546	0.00168	0.00658	0.02447	0.00271	0.00809
4	0.02386	0.00915	0.01246	0.00960	0.01371	0.00791	0.00791	0.02599	0.01560	0.75113	0.04833	0.01935	0.01485	0.00690	0.00552	0.00169	0.00457	0.00564	0.00672	0.00913
