[name]
unknown

[dist]
# distance from previous block
# <min> <max>
7	67

[block]
# block no. 0 follows, 45 sequences, length 31
# corresponding to MSA columns:
# 90-120
name=unknown_A
#
# <colnr> <probs for GDERKNQSTAVLIFYWHMCP>
#	G	D	E	R	K	N	Q	S	T	A	V	L	I	F	Y	W	H	M	C	P
0	0.03396	0.06157	0.01359	0.02507	0.07831	0.05659	0.02808	0.05512	0.05090	0.16931	0.01508	0.01628	0.03888	0.03134	0.02689	0.00167	0.00523	0.00474	0.06580	0.22159
1	0.06391	0.02177	0.01331	0.03226	0.02381	0.05895	0.07897	0.13170	0.05856	0.09054	0.15538	0.04411	0.07050	0.00790	0.01672	0.00168	0.00511	0.00631	0.00454	0.11398
2	0.01545	0.07291	0.01356	0.01024	0.01382	0.13096	0.00821	0.12775	0.20719	0.09521	0.01850	0.01805	0.08821	0.00670	0.00503	0.00148	0.00526	0.00522	0.00447	0.15179
3	0.04996	0.04039	0.13046	0.01040	0.01504	0.02104	0.05235	0.04301	0.07336	0.11124	0.01572	0.03444	0.06574	0.00595	0.00483	0.00137	0.00507	0.00490	0.00384	0.31087
4	0.01407	0.03904	0.01389	0.01300	0.11354	0.08154	0.02595	0.13099	0.05414	0.08266	0.11002	0.09163	0.01715	0.01825	0.00588	0.00159	0.02379	0.00615	0.01641	0.14030
5	0.00743	0.00520	0.00678	0.00755	0.00836	0.00472	0.00524	0.00859	0.01073	0.03748	0.04542	0.66615	0.06092	0.01542	0.00662	0.00207	0.00324	0.03803	0.00494	0.05507
6	0.01842	0.01382	0.01464	0.01170	0.01562	0.03407	0.00949	0.47610	0.22590	0.07472	0.01561	0.01502	0.01126	0.00659	0.00534	0.00164	0.00541	0.00512	0.00534	0.03419
7	0.01254	0.01041	0.02358	0.06103	0.02508	0.00972	0.03105	0.09611	0.08354	0.05635	0.01487	0.03352	0.05614	0.02807	0.00617	0.00144	0.05098	0.00494	0.00382	0.39063
8	0.01420	0.07343	0.39824	0.01364	0.01948	0.01230	0.07487	0.05666	0.05496	0.15813	0.01250	0.01347	0.00888	0.00617	0.00612	0.03879	0.02232	0.00455	0.00345	0.00783
9	0.01140	0.14760	0.63306	0.01470	0.02201	0.01386	0.05241	0.01687	0.01133	0.01634	0.00936	0.01106	0.00688	0.00500	0.00490	0.00162	0.00765	0.00391	0.00229	0.00774
10	0.01563	0.05960	0.01319	0.01045	0.01377	0.02965	0.00838	0.09828	0.43824	0.15606	0.02093	0.01959	0.04941	0.00831	0.03227	0.00195	0.00496	0.00581	0.00530	0.00821
11	0.01120	0.01175	0.05434	0.01792	0.16570	0.02295	0.22899	0.01541	0.08660	0.01681	0.02816	0.20582	0.01617	0.00809	0.00634	0.00180	0.03336	0.00781	0.00357	0.05721
12	0.00759	0.00570	0.00679	0.00706	0.00829	0.00534	0.00508	0.01014	0.07292	0.03124	0.18661	0.35444	0.25140	0.01374	0.00646	0.00193	0.00300	0.01206	0.00524	0.00498
13	0.01543	0.00782	0.01004	0.00867	0.01122	0.00731	0.00674	0.09909	0.01505	0.33035	0.17583	0.22680	0.04196	0.01027	0.00598	0.00180	0.00389	0.00888	0.00589	0.00698
14	0.01264	0.38271	0.42169	0.01250	0.01878	0.03768	0.01477	0.01670	0.01125	0.01492	0.00862	0.01006	0.00684	0.00488	0.00435	0.00144	0.00699	0.00346	0.00229	0.00742
15	0.01523	0.01356	0.02020	0.02688	0.54416	0.07085	0.04751	0.06550	0.03650	0.09008	0.01157	0.01372	0.00910	0.00518	0.00534	0.00160	0.00648	0.00485	0.00330	0.00837
16	0.00813	0.00525	0.00636	0.00669	0.00725	0.00496	0.00431	0.00877	0.00971	0.05855	0.02608	0.34650	0.10265	0.36214	0.01563	0.00343	0.00407	0.01102	0.00433	0.00418
17	0.01126	0.01090	0.01566	0.02988	0.01433	0.01472	0.03380	0.02651	0.00879	0.01338	0.00848	0.01338	0.00813	0.01399	0.13891	0.00330	0.62134	0.00492	0.00250	0.00581
18	0.01946	0.01221	0.01350	0.01077	0.01440	0.04507	0.00868	0.37285	0.05277	0.25866	0.04516	0.06432	0.01412	0.03492	0.00624	0.00179	0.00527	0.00591	0.00558	0.00834
19	0.01023	0.00571	0.00745	0.00766	0.00897	0.00513	0.00549	0.01146	0.01160	0.17648	0.03092	0.54564	0.12373	0.01426	0.00648	0.00202	0.00337	0.01268	0.00533	0.00539
20	0.00638	0.00530	0.00558	0.00581	0.00735	0.00450	0.00425	0.00766	0.01187	0.01435	0.04980	0.19124	0.63907	0.01419	0.00644	0.00188	0.00279	0.01205	0.00498	0.00450
21	0.01184	0.04637	0.01881	0.14006	0.51430	0.01170	0.01412	0.01471	0.01178	0.01638	0.03462	0.11610	0.01293	0.00659	0.00547	0.00168	0.00593	0.00619	0.00299	0.00743
22	0.01410	0.60483	0.14117	0.01043	0.01539	0.04051	0.01083	0.04043	0.05252	0.01450	0.00876	0.00981	0.00746	0.00490	0.00390	0.00129	0.00611	0.00329	0.00257	0.00719
23	0.01156	0.01147	0.01608	0.01384	0.01388	0.01599	0.01151	0.01276	0.00824	0.01290	0.00739	0.01218	0.00734	0.01082	0.05340	0.00264	0.76506	0.00475	0.00237	0.00582
24	0.01077	0.01007	0.01478	0.11043	0.01626	0.01320	0.03423	0.03701	0.00935	0.01372	0.00962	0.01468	0.00886	0.01687	0.22119	0.00391	0.44165	0.00504	0.00261	0.00575
25	0.01033	0.00956	0.01583	0.75320	0.03554	0.01184	0.01448	0.03351	0.01126	0.01449	0.03310	0.01506	0.00854	0.00557	0.00540	0.00178	0.00698	0.00492	0.00257	0.00602
26	0.01598	0.04334	0.01908	0.10158	0.39825	0.10416	0.03400	0.05123	0.01351	0.14958	0.01179	0.01367	0.00897	0.00531	0.00524	0.00159	0.00656	0.00471	0.00344	0.00802
27	0.01887	0.02361	0.01539	0.01387	0.01624	0.67956	0.01057	0.02022	0.01422	0.01311	0.00812	0.00997	0.00693	0.00608	0.00666	0.00152	0.12256	0.00363	0.00271	0.00617
28	0.01130	0.00969	0.01121	0.00818	0.01281	0.00762	0.00652	0.01465	0.06830	0.01787	0.01047	0.01180	0.00859	0.00423	0.00409	0.00087	0.00400	0.00340	0.00335	0.78106
29	0.01803	0.01817	0.04774	0.01214	0.01529	0.35968	0.00970	0.10027	0.12858	0.12249	0.01315	0.01446	0.01023	0.05463	0.00689	0.00178	0.03681	0.00459	0.00398	0.02139
30	0.01294	0.00985	0.01105	0.00869	0.01241	0.03650	0.00681	0.07399	0.06071	0.09619	0.01454	0.06053	0.02914	0.05409	0.04057	0.00174	0.00487	0.00499	0.00397	0.45642

[dist]
# distance from previous block
# <min> <max>
3	15

[block]
# block no. 1 follows, 45 sequences, length 11
# corresponding to MSA columns:
# 136-146
name=unknown_B
#
# <colnr> <probs for GDERKNQSTAVLIFYWHMCP>
#	G	D	E	R	K	N	Q	S	T	A	V	L	I	F	Y	W	H	M	C	P
0	0.01219	0.00989	0.01159	0.00879	0.01290	0.00857	0.00702	0.07982	0.04907	0.04268	0.01201	0.06476	0.01041	0.00555	0.00506	0.00111	0.04230	0.00441	0.00367	0.60821
1	0.07244	0.06465	0.06686	0.01133	0.01544	0.01432	0.00987	0.34420	0.12659	0.12922	0.01398	0.01388	0.01008	0.00634	0.00565	0.00163	0.04406	0.00471	0.00479	0.03997
2	0.00654	0.00467	0.00623	0.00747	0.00779	0.00436	0.00498	0.00747	0.01028	0.01370	0.02959	0.80785	0.03550	0.01682	0.00685	0.00218	0.00311	0.01526	0.00498	0.00436
3	0.02008	0.01537	0.01549	0.01220	0.01625	0.08790	0.00994	0.58765	0.07987	0.08008	0.01368	0.01348	0.00974	0.00644	0.00533	0.00161	0.00605	0.00484	0.00522	0.00881
4	0.01224	0.01071	0.06198	0.01113	0.03664	0.02637	0.05773	0.16517	0.03617	0.05558	0.01896	0.22181	0.04455	0.13027	0.00964	0.00233	0.04256	0.00818	0.00425	0.04375
5	0.03449	0.43753	0.07229	0.01032	0.01481	0.01750	0.00978	0.14032	0.11334	0.08516	0.01159	0.01184	0.00904	0.00547	0.00430	0.00141	0.00558	0.00391	0.00362	0.00771
6	0.00743	0.00514	0.00619	0.00646	0.00675	0.00507	0.00404	0.00799	0.00910	0.01220	0.07024	0.21870	0.05406	0.48956	0.07032	0.00435	0.00504	0.00970	0.00388	0.00378
7	0.02002	0.01418	0.01540	0.01197	0.01612	0.01556	0.00983	0.62354	0.09832	0.09754	0.01450	0.01406	0.01021	0.00654	0.00538	0.00164	0.00563	0.00500	0.00549	0.00907
8	0.13834	0.04330	0.01859	0.11551	0.11245	0.05795	0.19053	0.05551	0.06162	0.03966	0.01227	0.07650	0.01047	0.00630	0.00579	0.00175	0.03757	0.00566	0.00334	0.00690
9	0.00791	0.00570	0.00650	0.00660	0.00799	0.00518	0.00473	0.00979	0.04725	0.05639	0.08898	0.25218	0.37915	0.08668	0.00831	0.00221	0.00321	0.01140	0.00500	0.00484
10	0.01272	0.03340	0.03908	0.00939	0.01183	0.01022	0.00742	0.29072	0.01539	0.02081	0.01728	0.20586	0.01755	0.17823	0.05274	0.00282	0.00551	0.00778	0.00437	0.05688

[dist]
# distance from previous block
# <min> <max>
0	6

[block]
# block no. 2 follows, 45 sequences, length 38
# corresponding to MSA columns:
# 153-190
name=unknown_C
#
# <colnr> <probs for GDERKNQSTAVLIFYWHMCP>
#	G	D	E	R	K	N	Q	S	T	A	V	L	I	F	Y	W	H	M	C	P
0	0.02896	0.07236	0.01614	0.10679	0.01751	0.01444	0.03947	0.26813	0.07500	0.05300	0.03176	0.04325	0.01112	0.00721	0.00765	0.00178	0.16094	0.00531	0.03181	0.00735
1	0.01476	0.01152	0.01329	0.03971	0.01512	0.01120	0.01925	0.29161	0.06112	0.04021	0.01260	0.04011	0.01013	0.02082	0.00524	0.00136	0.00491	0.00462	0.00423	0.37821
2	0.00814	0.00665	0.00770	0.00681	0.00925	0.00544	0.00513	0.00995	0.01202	0.01647	0.15168	0.16384	0.28443	0.01058	0.00566	0.00152	0.00316	0.00908	0.00455	0.27794
3	0.01969	0.01431	0.01547	0.01194	0.01617	0.01563	0.00982	0.64761	0.07165	0.06460	0.01367	0.01350	0.00972	0.00639	0.00531	0.00159	0.00566	0.00486	0.00533	0.04708
4	0.01241	0.01028	0.01165	0.00863	0.01306	0.02574	0.00690	0.08384	0.01258	0.03957	0.01077	0.03788	0.00908	0.00483	0.00449	0.00098	0.01767	0.00383	0.00352	0.68230
5	0.01824	0.06051	0.01593	0.06981	0.01681	0.03692	0.03349	0.29344	0.01709	0.21511	0.01355	0.01462	0.00987	0.03381	0.00746	0.00180	0.10146	0.00490	0.00463	0.03056
6	0.00723	0.00561	0.00739	0.00740	0.00859	0.00517	0.03046	0.00926	0.03143	0.01680	0.28061	0.34701	0.19589	0.01355	0.00652	0.00192	0.00307	0.01206	0.00522	0.00483
7	0.01153	0.00719	0.00890	0.00768	0.01014	0.00647	0.00595	0.01477	0.07530	0.16600	0.34769	0.06870	0.11473	0.00946	0.00578	0.00161	0.00331	0.00814	0.00549	0.12115
8	0.02674	0.00935	0.01373	0.29900	0.03586	0.03577	0.06209	0.04381	0.01166	0.08310	0.01596	0.15931	0.03115	0.03511	0.04486	0.00227	0.04583	0.00705	0.03132	0.00601
9	0.03885	0.01042	0.01554	0.24263	0.02088	0.01289	0.05759	0.04870	0.01082	0.07331	0.01079	0.03559	0.00903	0.00856	0.03770	0.00220	0.30616	0.00516	0.04690	0.00625
10	0.00719	0.00525	0.00676	0.00686	0.00789	0.00482	0.00496	0.00917	0.01354	0.01871	0.50253	0.26296	0.10362	0.01287	0.00648	0.00184	0.00272	0.01144	0.00557	0.00482
11	0.00655	0.00526	0.00580	0.00605	0.00740	0.00456	0.00435	0.00789	0.01193	0.01486	0.11618	0.22406	0.51231	0.03932	0.00712	0.00199	0.00287	0.01197	0.00502	0.00450
12	0.07380	0.10846	0.43267	0.18831	0.02453	0.01334	0.05501	0.01609	0.01106	0.01633	0.00928	0.01166	0.00688	0.00506	0.00491	0.00166	0.00729	0.00407	0.00240	0.00719
13	0.01203	0.01147	0.01951	0.33901	0.48165	0.01242	0.01585	0.01537	0.01163	0.01601	0.00987	0.01370	0.00796	0.00502	0.00534	0.00167	0.00669	0.00478	0.00255	0.00749
14	0.00974	0.00557	0.00604	0.00611	0.00728	0.00560	0.00445	0.05891	0.01179	0.01900	0.02015	0.21320	0.01900	0.03827	0.00548	0.00165	0.00297	0.00761	0.55215	0.00505
15	0.40016	0.00959	0.00956	0.04186	0.01217	0.01052	0.00687	0.13013	0.01264	0.10124	0.01476	0.18024	0.01365	0.00794	0.00470	0.00176	0.00433	0.00621	0.02533	0.00635
16	0.17164	0.02691	0.01277	0.00979	0.01374	0.01149	0.00810	0.25154	0.01708	0.36383	0.01726	0.01610	0.04297	0.00654	0.00501	0.00164	0.00485	0.00497	0.00549	0.00829
17	0.00755	0.00558	0.00721	0.00713	0.00838	0.00501	0.00516	0.00949	0.01303	0.01831	0.43194	0.31566	0.04109	0.01243	0.00630	0.00178	0.00288	0.01110	0.00531	0.08467
18	0.01014	0.00954	0.01610	0.79845	0.03697	0.01193	0.01491	0.01371	0.01073	0.01371	0.00954	0.01431	0.00716	0.00537	0.00537	0.00179	0.00716	0.00477	0.00239	0.00596
19	0.01126	0.01107	0.01618	0.20681	0.01962	0.01512	0.01241	0.01304	0.00885	0.01310	0.00782	0.01258	0.00721	0.00909	0.03168	0.00235	0.58883	0.00474	0.00237	0.00587
20	0.84927	0.01038	0.00789	0.00706	0.01038	0.01204	0.00581	0.01578	0.00914	0.02408	0.00747	0.00872	0.00581	0.00498	0.00332	0.00166	0.00415	0.00291	0.00332	0.00581
21	0.00790	0.00618	0.00649	0.00620	0.00801	0.02627	0.00469	0.00959	0.01323	0.05335	0.23602	0.04594	0.53220	0.01237	0.00625	0.00176	0.00295	0.01041	0.00524	0.00494
22	0.01113	0.00954	0.01113	0.00795	0.01272	0.00716	0.00636	0.01352	0.01113	0.01749	0.00954	0.01113	0.00795	0.00398	0.00398	0.00080	0.00398	0.00318	0.00318	0.84417
23	0.00754	0.00509	0.00617	0.00655	0.00674	0.00499	0.00408	0.00793	0.00896	0.01198	0.05235	0.24726	0.02533	0.49960	0.01978	0.03256	0.00449	0.04106	0.00388	0.00367
24	0.01051	0.00854	0.01030	0.03478	0.01208	0.00818	0.00687	0.08750	0.05363	0.01814	0.08576	0.20962	0.04533	0.03176	0.00675	0.00164	0.05377	0.00757	0.00419	0.30311
25	0.01220	0.01707	0.19010	0.02041	0.02634	0.01305	0.56807	0.01699	0.01232	0.01717	0.01054	0.01366	0.00785	0.00462	0.00597	0.00174	0.00859	0.00569	0.00264	0.04497
26	0.02046	0.00979	0.01222	0.00972	0.01347	0.00935	0.00791	0.10909	0.12170	0.51408	0.05477	0.02069	0.05705	0.00728	0.00550	0.00169	0.00449	0.00594	0.00621	0.00861
27	0.00757	0.00510	0.00688	0.02739	0.00882	0.00480	0.00538	0.00883	0.01116	0.04966	0.12596	0.65177	0.03575	0.01530	0.00668	0.00208	0.00321	0.01382	0.00511	0.00471
28	0.02280	0.01056	0.01326	0.01024	0.01437	0.01009	0.00843	0.19080	0.05004	0.58119	0.01935	0.01714	0.01249	0.00663	0.00539	0.00166	0.00485	0.00530	0.00631	0.00911
29	0.00774	0.00518	0.00587	0.00593	0.00595	0.00516	0.00334	0.00779	0.00793	0.01057	0.01753	0.07249	0.02029	0.77294	0.02633	0.00506	0.00510	0.00817	0.00334	0.00331
30	0.00781	0.00520	0.00585	0.00585	0.00585	0.00520	0.00325	0.00781	0.00781	0.01041	0.01691	0.03513	0.01952	0.81135	0.02732	0.00520	0.00520	0.00781	0.00325	0.00325
31	0.01843	0.02292	0.01541	0.07288	0.01786	0.65002	0.01086	0.01996	0.01414	0.01316	0.00826	0.01025	0.00695	0.00593	0.00622	0.00151	0.09271	0.00369	0.00269	0.00617
32	0.00979	0.00619	0.00904	0.00854	0.00857	0.00721	0.00622	0.00832	0.00730	0.01017	0.00898	0.01548	0.00895	0.01728	0.04127	0.64267	0.17382	0.00470	0.00235	0.00315
33	0.01732	0.00747	0.01012	0.00835	0.01112	0.00662	0.00659	0.01883	0.01397	0.45884	0.19516	0.02455	0.05604	0.00970	0.00792	0.12404	0.00403	0.00656	0.00577	0.00700
34	0.01252	0.00928	0.02728	0.00929	0.01169	0.03232	0.00724	0.01941	0.30140	0.13955	0.10648	0.21034	0.07026	0.01013	0.00590	0.00185	0.00400	0.00874	0.00540	0.00692
35	0.07504	0.01217	0.01336	0.01091	0.03735	0.05147	0.00856	0.25149	0.05735	0.23781	0.02583	0.01442	0.01073	0.00595	0.00497	0.00147	0.00512	0.00462	0.00497	0.16641
36	0.03138	0.01193	0.04850	0.23652	0.03487	0.01240	0.08171	0.25020	0.03397	0.06126	0.01402	0.10308	0.01180	0.00827	0.03424	0.00201	0.00650	0.00614	0.00398	0.00721
37	0.01251	0.20495	0.09932	0.04364	0.01490	0.01224	0.03185	0.11181	0.03147	0.04987	0.03888	0.17177	0.04033	0.00791	0.00510	0.00155	0.00515	0.00660	0.00381	0.10635

[dist]
# distance from previous block
# <min> <max>
1	11

[block]
# block no. 3 follows, 45 sequences, length 35
# corresponding to MSA columns:
# 202-236
name=unknown_D
#
# <colnr> <probs for GDERKNQSTAVLIFYWHMCP>
#	G	D	E	R	K	N	Q	S	T	A	V	L	I	F	Y	W	H	M	C	P
0	0.01472	0.01221	0.01344	0.01146	0.02609	0.08408	0.04995	0.32838	0.01717	0.02275	0.01641	0.21105	0.01583	0.03617	0.00674	0.00183	0.03128	0.00739	0.04012	0.05295
1	0.01342	0.01055	0.01158	0.00905	0.01307	0.03380	0.00718	0.08525	0.15250	0.07413	0.01380	0.03476	0.01095	0.00549	0.00457	0.00120	0.00433	0.00443	0.04255	0.46738
2	0.01372	0.21081	0.35807	0.01342	0.04535	0.01436	0.02698	0.05860	0.01227	0.09508	0.01035	0.01162	0.00777	0.00541	0.00550	0.00156	0.05605	0.00398	0.00296	0.04614
3	0.01143	0.00812	0.00996	0.00813	0.01136	0.00676	0.00628	0.01376	0.03091	0.11063	0.08259	0.19710	0.01883	0.00804	0.00532	0.00135	0.01934	0.00689	0.00430	0.43893
4	0.00766	0.00558	0.00786	0.00791	0.00861	0.00626	0.00580	0.00908	0.00848	0.01200	0.01554	0.05235	0.01569	0.22798	0.57587	0.00756	0.01174	0.00659	0.00304	0.00440
5	0.01921	0.03420	0.01434	0.01238	0.01526	0.48899	0.00957	0.02166	0.06508	0.16546	0.01353	0.01433	0.03535	0.00647	0.00575	0.00155	0.05110	0.01511	0.00379	0.00687
6	0.01346	0.05742	0.56834	0.01396	0.02084	0.01269	0.01676	0.08535	0.03398	0.11025	0.01156	0.01243	0.00806	0.00545	0.00510	0.00167	0.00715	0.00423	0.00316	0.00816
7	0.00850	0.00607	0.00848	0.00972	0.01089	0.00605	0.00839	0.01087	0.01221	0.01590	0.02850	0.11264	0.03121	0.01497	0.00738	0.00245	0.00482	0.69110	0.00495	0.00490
8	0.00652	0.00545	0.00571	0.00579	0.00750	0.00463	0.00438	0.00798	0.01232	0.01489	0.08675	0.07641	0.68002	0.01364	0.00641	0.00185	0.00283	0.04733	0.00503	0.00457
9	0.01451	0.79301	0.02778	0.00931	0.01385	0.04225	0.00922	0.01622	0.01102	0.01264	0.00749	0.00864	0.00689	0.00462	0.00348	0.00115	0.00585	0.00289	0.00231	0.00687
10	0.00660	0.00470	0.00621	0.00739	0.00769	0.00440	0.00489	0.00749	0.01015	0.01353	0.02894	0.76841	0.03469	0.05736	0.00790	0.00233	0.00322	0.01488	0.00489	0.00430
11	0.01907	0.00852	0.01094	0.00896	0.01210	0.00786	0.00711	0.09499	0.01485	0.48897	0.02110	0.13836	0.01662	0.05287	0.00671	0.00190	0.00436	0.00694	0.07001	0.00777
12	0.72432	0.01019	0.00858	0.00744	0.01088	0.01141	0.00613	0.01735	0.01008	0.13878	0.00955	0.01017	0.00695	0.00523	0.00364	0.00166	0.00422	0.00328	0.00382	0.00632
13	0.01329	0.01275	0.02179	0.03295	0.77787	0.01275	0.01647	0.01647	0.01222	0.01754	0.01010	0.01329	0.00850	0.00478	0.00531	0.00159	0.00638	0.00478	0.00266	0.00850
14	0.00851	0.00655	0.00896	0.04848	0.01050	0.00705	0.00663	0.01054	0.01289	0.03537	0.44744	0.19385	0.03783	0.01157	0.00808	0.00190	0.12392	0.00976	0.00501	0.00518
15	0.01083	0.01056	0.01747	0.51598	0.05385	0.01324	0.06695	0.01384	0.01027	0.01388	0.00901	0.01363	0.00724	0.00633	0.00861	0.00193	0.21300	0.00486	0.00241	0.00611
16	0.01254	0.01264	0.02150	0.06041	0.02043	0.03921	0.29591	0.01515	0.01069	0.04735	0.01043	0.05377	0.00918	0.00745	0.01115	0.00204	0.35499	0.00585	0.00282	0.00647
17	0.00781	0.00520	0.00585	0.00585	0.00585	0.00520	0.00325	0.00781	0.00781	0.01041	0.01691	0.03513	0.01952	0.81135	0.02732	0.00520	0.00520	0.00781	0.00325	0.00325
18	0.04364	0.59553	0.03668	0.00947	0.01396	0.07349	0.00900	0.03613	0.01157	0.01431	0.00796	0.00916	0.00704	0.00465	0.00368	0.00116	0.00579	0.00302	0.00256	0.11116
19	0.00673	0.00494	0.00626	0.00700	0.00769	0.00453	0.00481	0.00797	0.01134	0.01507	0.16018	0.54233	0.14873	0.03694	0.00724	0.00212	0.00301	0.01352	0.00509	0.00448
20	0.05085	0.00918	0.01231	0.00947	0.01360	0.00802	0.00782	0.02582	0.01516	0.75701	0.02073	0.01796	0.01305	0.00659	0.00533	0.00166	0.00455	0.00532	0.00654	0.00903
21	0.00945	0.00540	0.00837	0.12683	0.01153	0.00576	0.00621	0.00801	0.00756	0.00999	0.00936	0.01601	0.00900	0.01664	0.01862	0.71632	0.00504	0.00468	0.00234	0.00288
22	0.04816	0.01317	0.05947	0.03184	0.01608	0.03733	0.06567	0.07547	0.01043	0.01567	0.00833	0.01223	0.00747	0.00932	0.04258	0.00238	0.53067	0.00472	0.00269	0.00632
23	0.00707	0.00530	0.00748	0.00789	0.00857	0.00496	0.03941	0.00832	0.01090	0.01468	0.13136	0.58218	0.05074	0.08410	0.00852	0.00235	0.00348	0.01335	0.00486	0.00450
24	0.00644	0.00520	0.00574	0.00612	0.00744	0.00449	0.00439	0.00770	0.01169	0.01444	0.06609	0.29165	0.52076	0.01455	0.00651	0.00193	0.00284	0.01253	0.00501	0.00449
25	0.01466	0.71627	0.05942	0.00983	0.01441	0.08381	0.00974	0.01655	0.01128	0.01286	0.00762	0.00881	0.00689	0.00469	0.00363	0.00119	0.00616	0.00297	0.00233	0.00688
26	0.01107	0.04630	0.16773	0.04737	0.04063	0.00962	0.02330	0.12708	0.01303	0.04295	0.01911	0.32459	0.01997	0.05496	0.00710	0.00207	0.00524	0.02749	0.00410	0.00630
27	0.00865	0.00618	0.00865	0.00989	0.01112	0.00618	0.00865	0.01112	0.01236	0.01606	0.02842	0.06055	0.03089	0.01483	0.00741	0.00247	0.00494	0.74174	0.00494	0.00494
28	0.01229	0.01173	0.01998	0.27621	0.54242	0.01249	0.01598	0.01560	0.01175	0.01632	0.00992	0.01361	0.00807	0.00497	0.00533	0.00166	0.00662	0.00478	0.00257	0.00770
29	0.03414	0.05460	0.12130	0.01232	0.03716	0.02752	0.04999	0.18567	0.09344	0.19276	0.01677	0.08135	0.01353	0.00740	0.00548	0.00173	0.00564	0.04656	0.00471	0.00792
30	0.01061	0.01111	0.05837	0.52590	0.13301	0.04430	0.01406	0.01388	0.01111	0.01439	0.01188	0.10533	0.01058	0.00660	0.00549	0.00179	0.00673	0.00588	0.00273	0.00625
31	0.19437	0.01882	0.04924	0.01297	0.05770	0.36372	0.00997	0.13779	0.01520	0.07823	0.01001	0.01093	0.00761	0.00559	0.00469	0.00153	0.00726	0.00381	0.00357	0.00703
32	0.00705	0.00541	0.00645	0.00631	0.00771	0.00481	0.00468	0.00902	0.01372	0.01830	0.44798	0.09966	0.32470	0.01239	0.00637	0.00177	0.00265	0.01072	0.00549	0.00481
33	0.01185	0.04397	0.36016	0.01450	0.09286	0.01143	0.03359	0.05690	0.01208	0.01792	0.00973	0.01155	0.00750	0.00485	0.00504	0.00140	0.02430	0.00389	0.00278	0.27370
34	0.00660	0.00546	0.00580	0.00575	0.00746	0.00466	0.00434	0.00818	0.01273	0.01570	0.17334	0.04994	0.63918	0.01319	0.00637	0.00181	0.00274	0.02701	0.00514	0.00463

[dist]
# distance from previous block
# <min> <max>
0	1

[block]
# block no. 4 follows, 45 sequences, length 32
# corresponding to MSA columns:
# 238-269
name=unknown_E
#
# <colnr> <probs for GDERKNQSTAVLIFYWHMCP>
#	G	D	E	R	K	N	Q	S	T	A	V	L	I	F	Y	W	H	M	C	P
0	0.01119	0.00892	0.00960	0.00942	0.04604	0.06009	0.00679	0.13554	0.03323	0.05426	0.15829	0.17389	0.23662	0.01114	0.00608	0.00179	0.00409	0.02203	0.00504	0.00597
1	0.03875	0.06731	0.36261	0.04320	0.04108	0.01367	0.20142	0.09177	0.01298	0.03688	0.01028	0.01236	0.00756	0.00523	0.00569	0.00170	0.03233	0.00465	0.00285	0.00766
2	0.01218	0.00965	0.01056	0.00970	0.01224	0.01066	0.00744	0.02289	0.51990	0.06409	0.08041	0.11954	0.07931	0.00916	0.00576	0.00184	0.00389	0.00782	0.00547	0.00747
3	0.00752	0.00525	0.00577	0.00577	0.00613	0.00507	0.00341	0.00779	0.00867	0.01121	0.02421	0.03835	0.16678	0.65599	0.02324	0.00454	0.00472	0.00849	0.00359	0.00350
4	0.01650	0.01153	0.01318	0.05673	0.01527	0.01253	0.00893	0.39676	0.09810	0.10140	0.01720	0.09942	0.01470	0.06969	0.00731	0.00202	0.00529	0.04059	0.00511	0.00775
5	0.01313	0.00841	0.00967	0.04654	0.01205	0.02221	0.00680	0.11431	0.04708	0.19123	0.09145	0.03436	0.33915	0.01008	0.00592	0.00175	0.00402	0.02998	0.00533	0.00651
6	0.00659	0.00478	0.00624	0.00738	0.00784	0.00443	0.00502	0.00760	0.01050	0.01384	0.03158	0.72348	0.09584	0.01649	0.00683	0.00216	0.00314	0.03689	0.00498	0.00439
7	0.00658	0.00545	0.00576	0.00568	0.00739	0.00463	0.00426	0.00815	0.01278	0.01581	0.18820	0.04951	0.64106	0.01311	0.00634	0.00179	0.00268	0.01103	0.00516	0.00463
8	0.01023	0.00963	0.01626	0.77672	0.05800	0.01195	0.01495	0.01379	0.01078	0.01382	0.00956	0.01428	0.00719	0.00535	0.00537	0.00178	0.00713	0.00477	0.00239	0.00604
9	0.01014	0.00954	0.01610	0.79845	0.03697	0.01193	0.01491	0.01371	0.01073	0.01371	0.00954	0.01431	0.00716	0.00537	0.00537	0.00179	0.00716	0.00477	0.00239	0.00596
10	0.00767	0.00575	0.00863	0.00863	0.00959	0.00671	0.00671	0.00959	0.00863	0.01246	0.01438	0.02109	0.01342	0.04026	0.79008	0.00863	0.01438	0.00575	0.00288	0.00479
11	0.00848	0.00569	0.00740	0.00685	0.00831	0.00520	0.00518	0.01094	0.01507	0.06465	0.69989	0.03936	0.08077	0.01084	0.00628	0.00169	0.00266	0.00953	0.00591	0.00527
12	0.01026	0.00967	0.01633	0.76750	0.06692	0.01196	0.01497	0.01383	0.01079	0.01387	0.00956	0.01427	0.00721	0.00534	0.00536	0.00178	0.00712	0.00477	0.00240	0.00607
13	0.02408	0.00914	0.01246	0.00955	0.01370	0.00789	0.00789	0.02616	0.01536	0.78158	0.02118	0.01827	0.01329	0.00664	0.00540	0.00166	0.00457	0.00540	0.00664	0.00914
14	0.74739	0.01249	0.10213	0.00806	0.01194	0.01209	0.00752	0.01593	0.00940	0.02322	0.00774	0.00904	0.00593	0.00500	0.00354	0.00167	0.00461	0.00304	0.00319	0.00607
15	0.00737	0.00537	0.00737	0.05316	0.01015	0.00531	0.00634	0.00877	0.01064	0.01406	0.02723	0.51913	0.03157	0.07349	0.00840	0.00245	0.00396	0.19603	0.00470	0.00452
16	0.03468	0.00994	0.01221	0.00931	0.01344	0.00894	0.00759	0.13572	0.01560	0.38737	0.06800	0.01677	0.01358	0.00614	0.00502	0.00142	0.00447	0.00494	0.00537	0.23949
17	0.02064	0.01387	0.08286	0.01144	0.01595	0.02623	0.01005	0.36374	0.03760	0.32312	0.01591	0.01493	0.01066	0.00636	0.00533	0.00163	0.00556	0.00495	0.00551	0.02367
18	0.01126	0.13619	0.67944	0.01446	0.02193	0.01368	0.01837	0.01687	0.01127	0.01640	0.00933	0.01096	0.00681	0.00503	0.00487	0.00162	0.00763	0.00382	0.00227	0.00779
19	0.02408	0.00914	0.01246	0.00955	0.01370	0.00789	0.00789	0.02616	0.01536	0.78158	0.02118	0.01827	0.01329	0.00664	0.00540	0.00166	0.00457	0.00540	0.00664	0.00914
20	0.01202	0.00741	0.00907	0.00787	0.01013	0.00710	0.00615	0.09026	0.05256	0.16001	0.43330	0.03382	0.12872	0.00987	0.00602	0.00170	0.00335	0.00845	0.00585	0.00632
21	0.01234	0.14325	0.07604	0.05050	0.05287	0.06020	0.01195	0.01420	0.00969	0.01349	0.00861	0.04550	0.00829	0.00798	0.01202	0.00198	0.45759	0.00474	0.00249	0.00628
22	0.01775	0.00830	0.01056	0.00898	0.01196	0.00784	0.00707	0.02174	0.13512	0.44525	0.02261	0.17247	0.01815	0.00869	0.00555	0.00175	0.00406	0.00739	0.07701	0.00775
23	0.00781	0.00520	0.00585	0.00585	0.00585	0.00520	0.00325	0.00781	0.00781	0.01041	0.01691	0.03513	0.01952	0.81135	0.02732	0.00520	0.00520	0.00781	0.00325	0.00325
24	0.01744	0.01969	0.01540	0.19977	0.02115	0.48695	0.01140	0.05371	0.01422	0.05166	0.00936	0.01146	0.00739	0.00581	0.00575	0.00156	0.05391	0.00400	0.00296	0.00642
25	0.01063	0.00991	0.01656	0.74379	0.03589	0.01216	0.03678	0.04385	0.01137	0.01463	0.00971	0.01426	0.00726	0.00539	0.00540	0.00178	0.00716	0.00482	0.00252	0.00613
26	0.00865	0.00618	0.00865	0.00989	0.01112	0.00618	0.00865	0.01112	0.01236	0.01606	0.02842	0.06055	0.03089	0.01483	0.00741	0.00247	0.00494	0.74174	0.00494	0.00494
27	0.03186	0.11915	0.54093	0.01325	0.02001	0.01284	0.01603	0.01624	0.01112	0.01661	0.00924	0.01092	0.00696	0.00498	0.00501	0.00152	0.02719	0.00371	0.00243	0.12999
28	0.01326	0.48925	0.30767	0.01165	0.01740	0.05071	0.01318	0.01665	0.01125	0.01427	0.00830	0.00967	0.00686	0.00482	0.00412	0.00136	0.00672	0.00330	0.00231	0.00725
29	0.00767	0.00575	0.00863	0.00863	0.00959	0.00671	0.00671	0.00959	0.00863	0.01246	0.01438	0.02109	0.01342	0.04026	0.79008	0.00863	0.01438	0.00575	0.00288	0.00479
30	0.68584	0.12538	0.01116	0.00773	0.01120	0.05545	0.00654	0.01613	0.00972	0.02187	0.00752	0.00876	0.00603	0.00496	0.00342	0.00157	0.00468	0.00293	0.00315	0.00599
31	0.04552	0.00620	0.00678	0.00622	0.00806	0.00606	0.00478	0.03940	0.01232	0.11197	0.06421	0.06509	0.01655	0.00708	0.00433	0.00140	0.00301	0.00578	0.55469	0.03055

[dist]
# distance from previous block
# <min> <max>
0	1

[block]
# block no. 5 follows, 45 sequences, length 77
# corresponding to MSA columns:
# 271-347
name=unknown_F
#
# <colnr> <probs for GDERKNQSTAVLIFYWHMCP>
#	G	D	E	R	K	N	Q	S	T	A	V	L	I	F	Y	W	H	M	C	P
0	0.01319	0.03579	0.11427	0.04266	0.23804	0.01078	0.01183	0.02944	0.06744	0.12310	0.14840	0.01932	0.02996	0.00673	0.00598	0.00164	0.04343	0.00570	0.00401	0.04829
1	0.01175	0.00952	0.01119	0.00803	0.01277	0.00719	0.00643	0.01412	0.01133	0.05409	0.01010	0.01147	0.00821	0.00410	0.00404	0.00084	0.00400	0.00329	0.00335	0.80417
2	0.01408	0.72639	0.07448	0.00965	0.01438	0.02031	0.00982	0.01674	0.04781	0.01338	0.00830	0.00934	0.00735	0.00476	0.00365	0.00122	0.00580	0.00309	0.00245	0.00703
3	0.01253	0.01135	0.01712	0.16507	0.32941	0.01120	0.02578	0.06607	0.02746	0.01802	0.01026	0.01295	0.00828	0.00481	0.00494	0.00140	0.00577	0.00435	0.00301	0.26021
4	0.01248	0.00911	0.00981	0.00902	0.03769	0.08686	0.02825	0.03895	0.01395	0.17381	0.13087	0.03502	0.36060	0.02177	0.00623	0.00176	0.00425	0.00845	0.00506	0.00607
5	0.02059	0.00995	0.01242	0.00990	0.01366	0.00962	0.00805	0.10806	0.14713	0.50968	0.07581	0.01957	0.01611	0.00705	0.00547	0.00169	0.00451	0.00577	0.00624	0.00872
6	0.00761	0.00512	0.00591	0.00611	0.00616	0.00507	0.00353	0.00775	0.00820	0.01093	0.01891	0.15702	0.02204	0.68602	0.02409	0.00473	0.00487	0.00898	0.00353	0.00343
7	0.02039	0.01333	0.01484	0.01157	0.01568	0.01433	0.00949	0.51286	0.10985	0.19723	0.01576	0.01491	0.01089	0.00659	0.00539	0.00165	0.00542	0.00510	0.00566	0.00906
8	0.01085	0.00817	0.00878	0.00781	0.01001	0.02951	0.00602	0.15630	0.03576	0.05674	0.21413	0.08284	0.30885	0.03175	0.00662	0.00183	0.00371	0.00917	0.00527	0.00588
9	0.00717	0.00520	0.00676	0.00694	0.00790	0.00479	0.00499	0.00909	0.01334	0.01846	0.48058	0.30778	0.08068	0.01313	0.00651	0.00187	0.00274	0.01172	0.00554	0.00479
10	0.00647	0.00516	0.00581	0.00625	0.00748	0.00449	0.00446	0.00772	0.01164	0.01451	0.07675	0.33095	0.47007	0.01467	0.00653	0.00194	0.00286	0.01271	0.00502	0.00449
11	0.26327	0.01245	0.01286	0.01023	0.01416	0.01357	0.00842	0.37558	0.05437	0.16450	0.01322	0.01298	0.00925	0.00609	0.00478	0.00164	0.00507	0.00443	0.00500	0.00813
12	0.01386	0.00826	0.00940	0.00811	0.01081	0.03310	0.00647	0.09184	0.01482	0.24738	0.10680	0.03476	0.31134	0.01103	0.02699	0.00194	0.00425	0.04685	0.00548	0.00653
13	0.00657	0.00468	0.00622	0.00744	0.00774	0.00438	0.00494	0.00748	0.01022	0.01362	0.02928	0.78937	0.03512	0.03582	0.00734	0.00225	0.00316	0.01508	0.00494	0.00433
14	0.01527	0.00980	0.01040	0.00856	0.01132	0.01052	0.00688	0.36160	0.01790	0.04865	0.01546	0.01664	0.01159	0.00635	0.00455	0.00143	0.00415	0.00494	0.42694	0.00705
15	0.01235	0.01180	0.02010	0.26048	0.55765	0.01251	0.01601	0.01565	0.01178	0.01640	0.00993	0.01359	0.00810	0.00496	0.00533	0.00165	0.00661	0.00478	0.00258	0.00775
16	0.01525	0.01461	0.02296	0.03191	0.67582	0.05152	0.06136	0.01788	0.01346	0.01886	0.01179	0.01554	0.01004	0.00597	0.00609	0.00192	0.00725	0.00537	0.00327	0.00915
17	0.01029	0.00969	0.01637	0.76176	0.07248	0.01197	0.01498	0.01385	0.01080	0.01390	0.00957	0.01426	0.00722	0.00534	0.00536	0.00178	0.00712	0.00477	0.00240	0.00608
18	0.00973	0.00878	0.01475	0.48158	0.08390	0.01008	0.05709	0.01270	0.01089	0.01451	0.01447	0.18934	0.01388	0.00784	0.00567	0.00184	0.00609	0.00719	0.04384	0.00583
19	0.04616	0.00919	0.01227	0.00941	0.01356	0.00797	0.00776	0.02527	0.01499	0.72413	0.02024	0.01767	0.01283	0.00647	0.00527	0.00162	0.00453	0.00522	0.00639	0.04907
20	0.01774	0.04995	0.06758	0.01135	0.01531	0.04125	0.03990	0.28204	0.06847	0.21318	0.06622	0.06349	0.02453	0.00726	0.00546	0.00166	0.00544	0.00593	0.00514	0.00811
21	0.01123	0.10299	0.66524	0.01515	0.02261	0.01338	0.06331	0.01692	0.01137	0.01659	0.00950	0.01126	0.00689	0.00502	0.00501	0.00165	0.00779	0.00400	0.00230	0.00779
22	0.02408	0.00914	0.01246	0.00955	0.01370	0.00789	0.00789	0.02616	0.01536	0.78158	0.02118	0.01827	0.01329	0.00664	0.00540	0.00166	0.00457	0.00540	0.00664	0.00914
23	0.01262	0.01484	0.05185	0.02243	0.02792	0.01354	0.73856	0.01719	0.01263	0.01719	0.01083	0.01440	0.00811	0.00454	0.00630	0.00181	0.00902	0.00627	0.00270	0.00726
24	0.01947	0.01308	0.03589	0.01135	0.01534	0.01344	0.00946	0.47549	0.06456	0.19717	0.01645	0.07599	0.01245	0.00730	0.00549	0.00168	0.00535	0.00581	0.00554	0.00869
25	0.00751	0.00510	0.00603	0.00638	0.00649	0.00502	0.00384	0.00782	0.00856	0.01140	0.02044	0.23056	0.02387	0.58838	0.02159	0.00436	0.00467	0.03066	0.00374	0.00358
26	0.00781	0.00520	0.00585	0.00585	0.00585	0.00520	0.00325	0.00781	0.00781	0.01041	0.01691	0.03513	0.01952	0.81135	0.02732	0.00520	0.00520	0.00781	0.00325	0.00325
27	0.01475	0.71260	0.05516	0.00978	0.01439	0.05973	0.00968	0.04670	0.01173	0.01368	0.00781	0.00894	0.00698	0.00473	0.00366	0.00120	0.00603	0.00302	0.00244	0.00699
28	0.06487	0.01538	0.05287	0.01297	0.04891	0.05089	0.01053	0.54873	0.06710	0.05513	0.01292	0.01306	0.00928	0.00624	0.00522	0.00162	0.00596	0.00471	0.00492	0.00869
29	0.00708	0.00487	0.00632	0.00718	0.00763	0.00470	0.00486	0.00821	0.01025	0.01422	0.06261	0.57719	0.03136	0.08846	0.06738	0.00284	0.00407	0.01276	0.07365	0.00438
30	0.01340	0.01257	0.02088	0.10739	0.65874	0.01291	0.01594	0.06100	0.01286	0.01814	0.01021	0.01336	0.00841	0.00494	0.00532	0.00161	0.00643	0.00478	0.00279	0.00829
31	0.03718	0.36156	0.05779	0.01053	0.01382	0.01688	0.00972	0.11094	0.03416	0.01678	0.01148	0.01310	0.04530	0.00654	0.00712	0.00157	0.18101	0.00421	0.05350	0.00679
32	0.01172	0.01090	0.01827	0.22055	0.42926	0.01144	0.03894	0.03022	0.01260	0.01753	0.13070	0.01780	0.01481	0.00593	0.00552	0.00167	0.00605	0.00561	0.00316	0.00729
33	0.00780	0.00522	0.00591	0.00591	0.00594	0.00524	0.00333	0.00784	0.00782	0.01045	0.01686	0.03482	0.01938	0.79469	0.04380	0.00528	0.00540	0.00776	0.00324	0.00329
34	0.01167	0.04830	0.43442	0.01247	0.01880	0.01152	0.01419	0.05252	0.07415	0.01824	0.01069	0.01197	0.00803	0.00500	0.00476	0.00143	0.00632	0.00392	0.00294	0.24866
35	0.01232	0.00910	0.01088	0.00809	0.01239	0.00711	0.00644	0.01481	0.02297	0.10830	0.05934	0.04198	0.01233	0.00523	0.00441	0.00102	0.00393	0.00432	0.00386	0.65117
36	0.01435	0.81458	0.02813	0.00918	0.01378	0.02124	0.00918	0.01607	0.01091	0.01263	0.00746	0.00861	0.00689	0.00459	0.00344	0.00115	0.00574	0.00287	0.00230	0.00689
37	0.00755	0.00545	0.00714	0.00678	0.00801	0.00504	0.00506	0.01002	0.01499	0.02121	0.74465	0.07139	0.05003	0.01121	0.00635	0.00171	0.00256	0.00993	0.00587	0.00504
38	0.00722	0.00544	0.00667	0.00643	0.00780	0.00490	0.00480	0.00938	0.01422	0.01935	0.55399	0.07184	0.24449	0.01189	0.00635	0.00174	0.00260	0.01035	0.00563	0.00490
39	0.00767	0.00579	0.00716	0.00732	0.00846	0.00559	0.00529	0.01077	0.08915	0.01804	0.35328	0.32434	0.11077	0.01302	0.00644	0.00190	0.00294	0.01156	0.00543	0.00510
40	0.00767	0.00575	0.00863	0.00863	0.00959	0.00671	0.00671	0.00959	0.00863	0.01246	0.01438	0.02109	0.01342	0.04026	0.79008	0.00863	0.01438	0.00575	0.00288	0.00479
41	0.01401	0.01186	0.01251	0.01106	0.01421	0.01366	0.00866	0.09704	0.69858	0.02352	0.02101	0.01936	0.01571	0.00720	0.00545	0.00180	0.00440	0.00595	0.00545	0.00856
42	0.01991	0.01665	0.01501	0.01225	0.01599	0.21205	0.00979	0.40524	0.10781	0.11068	0.01368	0.01350	0.00987	0.00633	0.00525	0.00158	0.00653	0.00469	0.00486	0.00832
43	0.00663	0.00474	0.00631	0.00741	0.00781	0.00442	0.00499	0.00769	0.01068	0.01435	0.09104	0.74455	0.03675	0.01634	0.00681	0.00214	0.00307	0.01480	0.00506	0.00442
44	0.00740	0.00549	0.00692	0.00667	0.00801	0.00500	0.00504	0.00970	0.01447	0.01994	0.60558	0.05981	0.17287	0.01171	0.00639	0.00175	0.00268	0.03994	0.00569	0.00495
45	0.01257	0.01326	0.01540	0.11626	0.01707	0.14907	0.01142	0.01417	0.00980	0.01301	0.00832	0.01266	0.00768	0.01129	0.09111	0.00274	0.48126	0.00460	0.00248	0.00584
46	0.57757	0.00997	0.00939	0.00788	0.01147	0.01067	0.00650	0.01920	0.01119	0.27349	0.01199	0.01186	0.00827	0.00553	0.00401	0.00166	0.00429	0.00373	0.00442	0.00691
47	0.00932	0.00466	0.00699	0.00699	0.00699	0.00466	0.00466	0.00699	0.00699	0.00932	0.00932	0.01632	0.00932	0.01865	0.02098	0.84382	0.00466	0.00466	0.00233	0.00233
48	0.01001	0.00500	0.00500	0.00500	0.00625	0.00500	0.00375	0.01251	0.01126	0.02001	0.01751	0.02001	0.01376	0.00625	0.00375	0.00125	0.00250	0.00500	0.84115	0.00500
49	0.01029	0.00969	0.01637	0.76176	0.07248	0.01197	0.01498	0.01385	0.01080	0.01390	0.00957	0.01426	0.00722	0.00534	0.00536	0.00178	0.00712	0.00477	0.00240	0.00608
50	0.02243	0.00913	0.01218	0.00945	0.01336	0.00811	0.00776	0.06381	0.01587	0.67436	0.08759	0.01992	0.01638	0.00702	0.00548	0.00166	0.00446	0.00575	0.00651	0.00877
51	0.70888	0.01047	0.00856	0.04128	0.01167	0.03897	0.00644	0.01534	0.00937	0.02222	0.00821	0.01010	0.00659	0.00817	0.07384	0.00228	0.00539	0.00326	0.00322	0.00574
52	0.01640	0.09922	0.07368	0.08202	0.09483	0.38619	0.03334	0.06316	0.01398	0.01554	0.00935	0.01132	0.00758	0.00548	0.00517	0.00148	0.02859	0.00395	0.04196	0.00676
53	0.00644	0.00524	0.00571	0.00608	0.00747	0.00451	0.00441	0.00770	0.01169	0.01430	0.04699	0.26396	0.55547	0.01452	0.00650	0.00193	0.00287	0.02474	0.00498	0.00449
54	0.01702	0.16955	0.13246	0.01165	0.01646	0.03756	0.01094	0.34084	0.06244	0.07717	0.01212	0.01243	0.00893	0.00576	0.00486	0.00149	0.00597	0.00429	0.00419	0.06389
55	0.01128	0.03958	0.63524	0.01830	0.15621	0.01268	0.01904	0.01689	0.01148	0.01701	0.00968	0.01163	0.00710	0.00503	0.00511	0.00167	0.00762	0.00409	0.00234	0.00801
56	0.02408	0.00914	0.01246	0.00955	0.01370	0.00789	0.00789	0.02616	0.01536	0.78158	0.02118	0.01827	0.01329	0.00664	0.00540	0.00166	0.00457	0.00540	0.00664	0.00914
57	0.01077	0.02777	0.78354	0.01530	0.02323	0.01247	0.01983	0.01700	0.01133	0.01700	0.00963	0.01133	0.00680	0.00510	0.00510	0.00170	0.00793	0.00397	0.00227	0.00793
58	0.01056	0.01144	0.07127	0.63559	0.05970	0.01217	0.09484	0.01441	0.01103	0.01444	0.00971	0.01409	0.00728	0.00524	0.00545	0.00178	0.00739	0.00488	0.00242	0.00632
59	0.00849	0.00570	0.00736	0.00682	0.00830	0.00519	0.00516	0.01091	0.01497	0.06677	0.67300	0.03969	0.10535	0.01092	0.00628	0.00170	0.00267	0.00958	0.00588	0.00527
60	0.00781	0.00520	0.00585	0.00585	0.00585	0.00520	0.00325	0.00781	0.00781	0.01041	0.01691	0.03513	0.01952	0.81135	0.02732	0.00520	0.00520	0.00781	0.00325	0.00325
61	0.16570	0.01107	0.01376	0.14808	0.14626	0.05273	0.01036	0.07651	0.02748	0.18769	0.05930	0.01756	0.01258	0.00641	0.00513	0.00170	0.00551	0.04072	0.00419	0.00727
62	0.01213	0.14912	0.61949	0.01400	0.02119	0.01356	0.01746	0.01741	0.01151	0.06239	0.00999	0.01133	0.00720	0.00511	0.00486	0.00161	0.00739	0.00388	0.00253	0.00784
63	0.00865	0.00618	0.00865	0.00989	0.01112	0.00618	0.00865	0.01112	0.01236	0.01606	0.02842	0.06055	0.03089	0.01483	0.00741	0.00247	0.00494	0.74174	0.00494	0.00494
64	0.01260	0.01238	0.02215	0.12654	0.54086	0.01252	0.13293	0.01603	0.01221	0.01714	0.03571	0.01450	0.00969	0.00502	0.00552	0.00166	0.00677	0.00519	0.00274	0.00787
65	0.02499	0.09829	0.14076	0.01294	0.03000	0.01133	0.12849	0.07447	0.04376	0.12005	0.06479	0.06086	0.01697	0.00803	0.00575	0.00181	0.00593	0.13954	0.00416	0.00708
66	0.02190	0.01196	0.01282	0.01027	0.01402	0.12741	0.00828	0.09821	0.01617	0.53619	0.04053	0.03168	0.03157	0.00692	0.00538	0.00163	0.00535	0.00548	0.00584	0.00838
67	0.76624	0.01146	0.04817	0.00823	0.01189	0.01214	0.04317	0.01591	0.00942	0.02339	0.00775	0.00913	0.00598	0.00497	0.00356	0.00167	0.00458	0.00313	0.00324	0.00599
68	0.00666	0.00543	0.00570	0.00564	0.00729	0.00465	0.00419	0.00816	0.01248	0.01548	0.15909	0.04868	0.62319	0.04558	0.00715	0.00192	0.00279	0.01083	0.02053	0.00457
69	0.01207	0.01480	0.14779	0.01916	0.17699	0.04259	0.22095	0.03115	0.05634	0.01776	0.05083	0.02174	0.01386	0.00673	0.00587	0.00178	0.00690	0.11412	0.00334	0.03521
70	0.01113	0.00954	0.01113	0.00795	0.01272	0.00716	0.00636	0.01352	0.01113	0.01749	0.00954	0.01113	0.00795	0.00398	0.00398	0.00080	0.00398	0.00318	0.00318	0.84417
71	0.02006	0.02521	0.01524	0.01378	0.01660	0.76256	0.01037	0.04746	0.01557	0.01387	0.00846	0.00979	0.00699	0.00556	0.00486	0.00139	0.00955	0.00351	0.00286	0.00633
72	0.00760	0.00549	0.00718	0.00675	0.00802	0.00506	0.00506	0.01013	0.01519	0.02153	0.77503	0.04010	0.05065	0.01097	0.00633	0.00169	0.00253	0.00971	0.00591	0.00506
73	0.00767	0.00575	0.00863	0.00863	0.00959	0.00671	0.00671	0.00959	0.00863	0.01246	0.01438	0.02109	0.01342	0.04026	0.79008	0.00863	0.01438	0.00575	0.00288	0.00479
74	0.01377	0.01174	0.01237	0.01101	0.01412	0.01355	0.00860	0.07200	0.72401	0.02313	0.02132	0.01960	0.01595	0.00723	0.00546	0.00181	0.00435	0.00600	0.00546	0.00853
75	0.00767	0.00575	0.00863	0.00863	0.00959	0.00671	0.00671	0.00959	0.00863	0.01246	0.01438	0.02109	0.01342	0.04026	0.79008	0.00863	0.01438	0.00575	0.00288	0.00479
76	0.01645	0.01305	0.01423	0.05904	0.01660	0.01480	0.00968	0.36933	0.37547	0.02724	0.01692	0.01635	0.01244	0.00678	0.00541	0.00172	0.00520	0.00541	0.00523	0.00864

[dist]
# distance from previous block
# <min> <max>
0	5

[block]
# block no. 6 follows, 45 sequences, length 79
# corresponding to MSA columns:
# 353-431
name=unknown_G
#
# <colnr> <probs for GDERKNQSTAVLIFYWHMCP>
#	G	D	E	R	K	N	Q	S	T	A	V	L	I	F	Y	W	H	M	C	P
0	0.01031	0.00664	0.00731	0.00662	0.00899	0.00586	0.00514	0.03209	0.04570	0.15762	0.04571	0.04307	0.58117	0.01184	0.00610	0.00178	0.00321	0.00983	0.00532	0.00568
1	0.00760	0.00549	0.00718	0.00675	0.00802	0.00506	0.00506	0.01013	0.01519	0.02153	0.77503	0.04010	0.05065	0.01097	0.00633	0.00169	0.00253	0.00971	0.00591	0.00506
2	0.00635	0.00542	0.00546	0.00548	0.00726	0.00453	0.00410	0.00770	0.01219	0.01448	0.05384	0.06813	0.75956	0.01366	0.00636	0.00182	0.00273	0.01141	0.00498	0.00453
3	0.01494	0.73252	0.02679	0.00967	0.01407	0.10118	0.00931	0.01663	0.01135	0.01268	0.00755	0.00872	0.00689	0.00469	0.00359	0.00117	0.00615	0.00293	0.00235	0.00682
4	0.04293	0.00957	0.01260	0.00968	0.01383	0.00858	0.00800	0.07579	0.01589	0.71324	0.02030	0.01768	0.01283	0.00659	0.00535	0.00166	0.00465	0.00530	0.00648	0.00906
5	0.00708	0.00506	0.00685	0.00809	0.00864	0.00482	0.00592	0.00840	0.01081	0.01431	0.02929	0.61716	0.03433	0.01631	0.00700	0.00225	0.00358	0.20064	0.00497	0.00451
6	0.01074	0.00616	0.00670	0.00631	0.00783	0.00647	0.00487	0.08981	0.01232	0.02032	0.01656	0.01943	0.01323	0.01136	0.12164	0.00239	0.00463	0.00510	0.62872	0.00540
7	0.01040	0.01005	0.01772	0.71776	0.03604	0.01210	0.09224	0.01408	0.01093	0.01408	0.00968	0.01433	0.00726	0.00528	0.00547	0.00179	0.00735	0.00493	0.00242	0.00610
8	0.05227	0.00843	0.00997	0.00823	0.01113	0.00833	0.00663	0.10320	0.03847	0.33611	0.01816	0.02976	0.01297	0.00665	0.00502	0.00154	0.02236	0.00524	0.30821	0.00733
9	0.84927	0.01038	0.00789	0.00706	0.01038	0.01204	0.00581	0.01578	0.00914	0.02408	0.00747	0.00872	0.00581	0.00498	0.00332	0.00166	0.00415	0.00291	0.00332	0.00581
