[name]
unknown

[dist]
# distance from previous block
# <min> <max>
4	34

[block]
# block no. 0 follows, 46 sequences, length 46
# corresponding to MSA columns:
# 36-81
name=unknown_A
#
# <colnr> <probs for GDERKNQSTAVLIFYWHMCP>
#	G	D	E	R	K	N	Q	S	T	A	V	L	I	F	Y	W	H	M	C	P
0	0.01375	0.01405	0.05487	0.01308	0.05807	0.15040	0.07970	0.12585	0.11626	0.02989	0.15180	0.01970	0.05258	0.00719	0.00622	0.00164	0.05715	0.00587	0.00411	0.03781
1	0.03163	0.01601	0.03560	0.06799	0.10375	0.23488	0.08537	0.14164	0.01449	0.03927	0.02998	0.01357	0.02226	0.00722	0.03319	0.00186	0.09151	0.00469	0.00330	0.02181
2	0.15395	0.01179	0.03333	0.18383	0.24161	0.06637	0.01174	0.07139	0.01249	0.01849	0.06062	0.04682	0.01244	0.00644	0.00512	0.00169	0.00586	0.04604	0.00329	0.00671
3	0.16303	0.16474	0.28013	0.01295	0.07051	0.04547	0.02901	0.01731	0.01144	0.10668	0.02923	0.01186	0.00852	0.00531	0.00477	0.00156	0.02323	0.00393	0.00307	0.00723
4	0.10861	0.01004	0.05986	0.02827	0.01246	0.00945	0.00771	0.13229	0.10806	0.11326	0.14880	0.08397	0.10298	0.02777	0.00598	0.00181	0.00427	0.02287	0.00491	0.00665
5	0.04382	0.04870	0.66431	0.01497	0.04264	0.06273	0.01801	0.01694	0.01134	0.01666	0.00927	0.01093	0.00672	0.00502	0.00490	0.00163	0.00768	0.00383	0.00232	0.00761
6	0.00856	0.00563	0.00725	0.00686	0.00813	0.00523	0.00512	0.01064	0.01372	0.06724	0.55521	0.03916	0.06691	0.11916	0.00903	0.00218	0.00313	0.05644	0.00542	0.00497
7	0.02350	0.00936	0.01249	0.00958	0.01367	0.00830	0.00791	0.07125	0.01573	0.73856	0.02035	0.01767	0.01283	0.00653	0.00531	0.00163	0.00458	0.00528	0.00647	0.00900
8	0.01096	0.00940	0.01096	0.00783	0.01253	0.00705	0.00626	0.01331	0.01096	0.01723	0.00940	0.01096	0.00783	0.00392	0.00392	0.00078	0.00392	0.00313	0.00313	0.84653
9	0.02372	0.00900	0.01227	0.00941	0.01350	0.00777	0.00777	0.02576	0.01513	0.78489	0.02086	0.01799	0.01309	0.00654	0.00532	0.00164	0.00450	0.00532	0.00654	0.00900
10	0.00644	0.00460	0.00613	0.00736	0.00767	0.00429	0.00491	0.00736	0.01012	0.01350	0.02914	0.81076	0.03497	0.01656	0.00675	0.00215	0.00307	0.01503	0.00491	0.00429
11	0.00648	0.00536	0.00567	0.00559	0.00728	0.00456	0.00420	0.00803	0.01259	0.01556	0.18734	0.04878	0.64451	0.01291	0.00625	0.00176	0.00264	0.01086	0.00508	0.00456
12	0.02171	0.01109	0.01345	0.01036	0.01439	0.01097	0.00854	0.30793	0.01885	0.46768	0.04668	0.01678	0.01292	0.00663	0.00534	0.00162	0.00493	0.00527	0.00603	0.00884
13	0.00951	0.00587	0.00755	0.00689	0.00856	0.00529	0.00525	0.01178	0.01456	0.12320	0.57923	0.05296	0.12758	0.01064	0.00612	0.00168	0.00280	0.00928	0.00580	0.00546
14	0.01157	0.01157	0.01619	0.01388	0.01388	0.01619	0.01157	0.01272	0.00810	0.01272	0.00694	0.01157	0.00694	0.00925	0.01735	0.00231	0.80453	0.00463	0.00231	0.00578
15	0.01096	0.00940	0.01096	0.00783	0.01253	0.00705	0.00626	0.01331	0.01096	0.01723	0.00940	0.01096	0.00783	0.00392	0.00392	0.00078	0.00392	0.00313	0.00313	0.84653
16	0.01332	0.05791	0.01352	0.04211	0.06320	0.09218	0.03009	0.08865	0.20255	0.06592	0.01750	0.17126	0.01612	0.04903	0.02194	0.00205	0.03455	0.00704	0.00426	0.00680
17	0.21465	0.06418	0.18834	0.03199	0.02033	0.01347	0.27941	0.01599	0.01076	0.01776	0.00901	0.01159	0.00697	0.00520	0.00620	0.00174	0.08850	0.00451	0.00265	0.00675
18	0.01486	0.05701	0.07359	0.04795	0.22594	0.21668	0.08661	0.01752	0.01242	0.06465	0.01015	0.01250	0.00813	0.00612	0.02045	0.00171	0.07843	0.00442	0.03376	0.00707
19	0.01840	0.01379	0.01516	0.01187	0.01543	0.01553	0.00972	0.64097	0.02211	0.02981	0.01246	0.01400	0.00948	0.05268	0.02477	0.00200	0.07371	0.00493	0.00487	0.00830
20	0.00769	0.00547	0.00673	0.00645	0.00789	0.00490	0.00482	0.00974	0.01384	0.04796	0.49904	0.09584	0.24653	0.01175	0.00624	0.00173	0.00266	0.01022	0.00553	0.00495
21	0.01991	0.00841	0.01123	0.00889	0.01234	0.00747	0.00723	0.05025	0.01546	0.58384	0.19164	0.02265	0.02124	0.00750	0.00552	0.00164	0.00410	0.00625	0.00633	0.00809
22	0.00744	0.00537	0.00703	0.00668	0.00789	0.00496	0.00499	0.00988	0.01478	0.02090	0.74952	0.06926	0.04931	0.01103	0.00625	0.00168	0.00252	0.00977	0.00578	0.00496
23	0.02270	0.01028	0.01302	0.01002	0.01411	0.00972	0.00827	0.18187	0.03508	0.60790	0.01915	0.01691	0.01229	0.00652	0.00531	0.00163	0.00477	0.00521	0.00625	0.00898
24	0.00707	0.00539	0.00650	0.00622	0.00765	0.00481	0.00467	0.00919	0.01400	0.01892	0.53910	0.04325	0.29065	0.01166	0.00624	0.00170	0.00255	0.01009	0.00552	0.00481
25	0.85155	0.01022	0.00777	0.00695	0.01022	0.01186	0.00573	0.01554	0.00900	0.02372	0.00736	0.00859	0.00573	0.00491	0.00327	0.00164	0.00409	0.00286	0.00327	0.00573
26	0.01673	0.01216	0.01367	0.01054	0.01445	0.01260	0.00862	0.43848	0.01888	0.07535	0.01265	0.02680	0.00963	0.00732	0.03578	0.00168	0.03483	0.00460	0.02791	0.21731
27	0.06656	0.26909	0.41090	0.01253	0.01833	0.07919	0.01435	0.01659	0.01109	0.01540	0.00849	0.01005	0.00668	0.00505	0.00484	0.00150	0.03636	0.00349	0.00235	0.00715
28	0.00644	0.00460	0.00613	0.00736	0.00767	0.00429	0.00491	0.00736	0.01012	0.01350	0.02914	0.81076	0.03497	0.01656	0.00675	0.00215	0.00307	0.01503	0.00491	0.00429
29	0.00998	0.00940	0.01586	0.80150	0.03641	0.01175	0.01468	0.01351	0.01057	0.01351	0.00940	0.01409	0.00705	0.00529	0.00529	0.00176	0.00705	0.00470	0.00235	0.00587
30	0.00775	0.00548	0.00696	0.00657	0.00795	0.00498	0.00493	0.01003	0.01444	0.04180	0.63737	0.06172	0.14782	0.01120	0.00622	0.00169	0.00259	0.00981	0.00569	0.00501
31	0.00767	0.00519	0.00610	0.00610	0.00621	0.00530	0.00361	0.00790	0.00779	0.01049	0.01636	0.03293	0.01850	0.72071	0.11941	0.00553	0.00622	0.00744	0.00316	0.00339
32	0.01579	0.58392	0.02395	0.01039	0.01439	0.24845	0.00939	0.01739	0.01199	0.01259	0.00759	0.00879	0.00679	0.00480	0.00380	0.00120	0.00680	0.00300	0.00240	0.00659
33	0.00658	0.00470	0.00609	0.00711	0.00747	0.00440	0.00471	0.00745	0.01005	0.01336	0.04357	0.69033	0.06215	0.09467	0.00870	0.00242	0.00324	0.01405	0.00476	0.00421
34	0.01096	0.01059	0.06661	0.05527	0.14259	0.00948	0.14756	0.03502	0.02562	0.06276	0.06355	0.17906	0.10482	0.00878	0.00631	0.00179	0.03438	0.00805	0.00385	0.02295
35	0.37574	0.04523	0.20167	0.01176	0.08056	0.02754	0.01058	0.01696	0.01095	0.11163	0.02545	0.01332	0.00894	0.00560	0.00436	0.00165	0.00541	0.03238	0.00341	0.00686
36	0.36608	0.22458	0.01524	0.00942	0.01296	0.17976	0.00795	0.07073	0.04046	0.01912	0.00844	0.00947	0.00686	0.00511	0.00384	0.00145	0.00578	0.00322	0.00312	0.00642
37	0.01224	0.00783	0.00868	0.03357	0.03888	0.00835	0.00619	0.17097	0.06288	0.02225	0.01638	0.04034	0.01297	0.00648	0.00433	0.00140	0.00359	0.00523	0.53129	0.00614
38	0.07478	0.01045	0.02943	0.00908	0.01321	0.00936	0.00757	0.16111	0.01490	0.26110	0.03263	0.01447	0.01084	0.00558	0.00464	0.00133	0.00446	0.00437	0.04721	0.28348
39	0.00828	0.00559	0.00714	0.00667	0.00813	0.00507	0.00503	0.01057	0.01450	0.06592	0.62601	0.05725	0.13779	0.01100	0.00619	0.00169	0.00265	0.00963	0.00573	0.00515
40	0.01689	0.01273	0.01362	0.01156	0.04339	0.05046	0.00892	0.42373	0.10602	0.07548	0.04531	0.04617	0.05109	0.02295	0.00576	0.00167	0.00523	0.00575	0.01882	0.03443
41	0.00660	0.00472	0.00630	0.00742	0.00782	0.00442	0.00507	0.00768	0.01052	0.01409	0.07728	0.72880	0.03573	0.01611	0.00674	0.00213	0.00311	0.04615	0.00496	0.00436
42	0.05838	0.01002	0.06088	0.01022	0.03333	0.00955	0.03347	0.14287	0.07209	0.02175	0.32660	0.09237	0.02795	0.00896	0.00638	0.00172	0.05056	0.00755	0.00480	0.02057
43	0.01464	0.77470	0.02689	0.00906	0.01356	0.02022	0.00898	0.01635	0.01097	0.05323	0.00806	0.00898	0.00712	0.00463	0.00349	0.00116	0.00559	0.00296	0.00249	0.00690
44	0.03813	0.47397	0.19132	0.01102	0.01584	0.10524	0.01144	0.01684	0.01131	0.03996	0.00835	0.00963	0.00696	0.00499	0.00449	0.00135	0.03645	0.00328	0.00248	0.00694
45	0.01908	0.01383	0.01437	0.01137	0.01518	0.05679	0.00926	0.53024	0.09583	0.10347	0.01440	0.01418	0.01027	0.00639	0.00517	0.00158	0.00551	0.00487	0.05969	0.00851

[dist]
# distance from previous block
# <min> <max>
0	5

[block]
# block no. 1 follows, 46 sequences, length 73
# corresponding to MSA columns:
# 87-159
name=unknown_B
#
# <colnr> <probs for GDERKNQSTAVLIFYWHMCP>
#	G	D	E	R	K	N	Q	S	T	A	V	L	I	F	Y	W	H	M	C	P
0	0.11158	0.00990	0.01177	0.05137	0.01380	0.00969	0.02195	0.08192	0.01187	0.04624	0.01155	0.01324	0.03351	0.00549	0.00572	0.00129	0.09510	0.00401	0.05477	0.40523
1	0.05337	0.03225	0.01174	0.01093	0.06892	0.01058	0.00784	0.28682	0.01536	0.02110	0.01763	0.13915	0.03327	0.16499	0.03011	0.00260	0.00529	0.07740	0.00434	0.00632
2	0.01145	0.01141	0.01617	0.07190	0.01554	0.01586	0.01180	0.01278	0.00828	0.01278	0.00712	0.01175	0.00695	0.00896	0.01646	0.00227	0.74578	0.00463	0.00232	0.00579
3	0.07763	0.01301	0.01711	0.04680	0.36769	0.04119	0.01236	0.23823	0.05789	0.02237	0.01307	0.01459	0.04306	0.00578	0.00514	0.00160	0.00584	0.00490	0.00371	0.00802
4	0.01353	0.68160	0.15818	0.01008	0.01517	0.01943	0.01085	0.01599	0.01081	0.01318	0.00772	0.00894	0.00677	0.00461	0.00367	0.00122	0.00602	0.00301	0.00226	0.00696
5	0.02060	0.01372	0.01449	0.01134	0.01532	0.07101	0.00927	0.47538	0.04309	0.23016	0.01488	0.01422	0.01022	0.00635	0.00522	0.00158	0.00562	0.00485	0.02401	0.00867
6	0.00626	0.00532	0.00539	0.00544	0.00716	0.00446	0.00406	0.00758	0.01196	0.01425	0.05247	0.08477	0.74590	0.01353	0.00627	0.00180	0.00270	0.01133	0.00491	0.00446
7	0.01005	0.00946	0.01598	0.78514	0.05226	0.01176	0.01471	0.01356	0.01060	0.01359	0.00941	0.01407	0.00708	0.00527	0.00528	0.00176	0.00703	0.00470	0.00235	0.00593
8	0.03782	0.05956	0.01325	0.00946	0.01354	0.00908	0.00790	0.04850	0.03463	0.67931	0.01953	0.01711	0.01251	0.00640	0.00516	0.00161	0.00460	0.00512	0.00615	0.00878
9	0.00641	0.00536	0.00558	0.00552	0.00724	0.00453	0.00414	0.00789	0.01242	0.01517	0.14661	0.04942	0.68548	0.01306	0.00625	0.00177	0.00265	0.01095	0.00503	0.00453
10	0.03737	0.00934	0.01347	0.39665	0.05111	0.01076	0.02310	0.08168	0.05277	0.07502	0.01265	0.01540	0.00944	0.00577	0.00517	0.00164	0.02096	0.00483	0.16643	0.00644
11	0.00763	0.00536	0.00695	0.00695	0.00736	0.00577	0.00468	0.00845	0.00804	0.01113	0.01557	0.02860	0.01662	0.47817	0.35938	0.00659	0.00905	0.00681	0.00304	0.00386
12	0.54538	0.01240	0.01036	0.00877	0.01219	0.07120	0.00714	0.21328	0.01369	0.02533	0.00912	0.01007	0.00690	0.00536	0.00393	0.00159	0.00490	0.00346	0.02834	0.00659
13	0.02017	0.01110	0.09565	0.01052	0.03535	0.00854	0.00911	0.04219	0.03097	0.56515	0.05911	0.01782	0.01393	0.00643	0.00526	0.00160	0.00479	0.00526	0.00570	0.05135
14	0.01633	0.04829	0.16086	0.01720	0.17349	0.28792	0.01305	0.16026	0.04034	0.01869	0.01005	0.01146	0.00783	0.00541	0.00498	0.00151	0.00753	0.00409	0.00317	0.00754
15	0.85155	0.01022	0.00777	0.00695	0.01022	0.01186	0.00573	0.01554	0.00900	0.02372	0.00736	0.00859	0.00573	0.00491	0.00327	0.00164	0.00409	0.00286	0.00327	0.00573
16	0.01404	0.01186	0.01868	0.09412	0.43670	0.01221	0.05340	0.07858	0.09420	0.08483	0.02605	0.01548	0.02455	0.00557	0.00535	0.00163	0.00594	0.00518	0.00354	0.00806
17	0.00656	0.00467	0.00617	0.00725	0.00760	0.00437	0.00484	0.00753	0.01029	0.01380	0.07193	0.73152	0.03513	0.05180	0.00762	0.00225	0.00313	0.01439	0.00488	0.00429
18	0.00757	0.00508	0.00580	0.00592	0.00595	0.00505	0.00337	0.00766	0.00792	0.01056	0.01785	0.10853	0.02072	0.73823	0.02499	0.00484	0.00493	0.00839	0.00337	0.00331
19	0.01285	0.00659	0.00878	0.00756	0.00975	0.00591	0.00591	0.01519	0.01502	0.27347	0.52819	0.03239	0.03773	0.00940	0.00593	0.00165	0.00316	0.00816	0.00606	0.00631
20	0.02010	0.01481	0.01587	0.01216	0.01639	0.01639	0.01005	0.76360	0.02486	0.03332	0.01269	0.01269	0.00899	0.00635	0.00529	0.00159	0.00582	0.00476	0.00529	0.00899
21	0.02372	0.00900	0.01227	0.00941	0.01350	0.00777	0.00777	0.02576	0.01513	0.78489	0.02086	0.01799	0.01309	0.00654	0.00532	0.00164	0.00450	0.00532	0.00654	0.00900
22	0.83353	0.01020	0.00787	0.00701	0.01029	0.01177	0.00577	0.01576	0.00913	0.04029	0.00765	0.00879	0.00589	0.00494	0.00332	0.00164	0.00410	0.00292	0.00334	0.00580
23	0.01413	0.81739	0.02770	0.00905	0.01357	0.02092	0.00905	0.01583	0.01074	0.01244	0.00735	0.00848	0.00678	0.00452	0.00339	0.00113	0.00565	0.00283	0.00226	0.00678
24	0.01413	0.81739	0.02770	0.00905	0.01357	0.02092	0.00905	0.01583	0.01074	0.01244	0.00735	0.00848	0.00678	0.00452	0.00339	0.00113	0.00565	0.00283	0.00226	0.00678
25	0.01308	0.01256	0.02146	0.03245	0.78123	0.01256	0.01622	0.01622	0.01204	0.01727	0.00994	0.01308	0.00837	0.00471	0.00523	0.00157	0.00628	0.00471	0.00262	0.00837
26	0.00732	0.00552	0.00719	0.04308	0.00957	0.00554	0.00569	0.00982	0.08620	0.01471	0.06231	0.66062	0.03254	0.01486	0.00652	0.00207	0.00333	0.01341	0.00488	0.00480
27	0.00775	0.00544	0.00713	0.00673	0.00800	0.00501	0.00504	0.01017	0.01478	0.03547	0.73445	0.06948	0.04859	0.01095	0.00624	0.00168	0.00255	0.00970	0.00580	0.00504
28	0.01322	0.01282	0.02132	0.03206	0.76529	0.02883	0.01610	0.01633	0.01210	0.01718	0.00991	0.01301	0.00834	0.00473	0.00522	0.00157	0.00635	0.00468	0.00262	0.00833
29	0.00654	0.00531	0.00580	0.00579	0.00735	0.00457	0.00430	0.00810	0.01256	0.01577	0.21345	0.10509	0.56082	0.01305	0.00628	0.00178	0.00267	0.01109	0.00511	0.00457
30	0.00918	0.00459	0.00689	0.00689	0.00689	0.00459	0.00459	0.00689	0.00689	0.00918	0.00918	0.01607	0.00918	0.01837	0.02066	0.84619	0.00459	0.00459	0.00230	0.00230
31	0.01559	0.03435	0.01474	0.04996	0.13252	0.04193	0.01000	0.35193	0.05074	0.05418	0.04056	0.05737	0.06992	0.00741	0.00542	0.00165	0.00539	0.02798	0.02070	0.00767
32	0.01427	0.01098	0.01192	0.01051	0.01359	0.01237	0.00823	0.04285	0.64907	0.10570	0.04535	0.02001	0.01673	0.00720	0.00540	0.00177	0.00420	0.00599	0.00552	0.00834
33	0.01370	0.41931	0.25836	0.01209	0.01735	0.10325	0.04185	0.03459	0.01169	0.01449	0.00834	0.00981	0.00686	0.00492	0.00451	0.00139	0.02457	0.00344	0.00239	0.00707
34	0.01841	0.01389	0.01491	0.01174	0.01569	0.01541	0.00960	0.60246	0.15414	0.03055	0.01419	0.01406	0.01030	0.00717	0.02273	0.00176	0.00568	0.00496	0.00520	0.02715
35	0.00920	0.00460	0.00684	0.00684	0.00687	0.00460	0.00457	0.00701	0.00698	0.00942	0.00936	0.01615	0.00928	0.01810	0.02029	0.82748	0.00454	0.00460	0.02093	0.00235
36	0.02937	0.01084	0.01662	0.36760	0.06344	0.01311	0.06868	0.10391	0.01191	0.01657	0.01000	0.03084	0.00820	0.00650	0.00807	0.00185	0.19054	0.00500	0.03056	0.00638
37	0.00985	0.00493	0.00493	0.00493	0.00616	0.00493	0.00370	0.01232	0.01109	0.01971	0.01725	0.01971	0.01355	0.00616	0.00370	0.00123	0.00246	0.00493	0.84356	0.00493
38	0.00677	0.00546	0.00607	0.00621	0.00770	0.00485	0.00463	0.00867	0.03488	0.01549	0.15556	0.16449	0.50100	0.01336	0.00634	0.00185	0.00285	0.04411	0.00506	0.00465
39	0.03223	0.01157	0.01444	0.16172	0.09833	0.05684	0.03463	0.21329	0.09151	0.03454	0.01315	0.02963	0.01044	0.01067	0.11353	0.00257	0.00709	0.00513	0.05159	0.00708
40	0.01567	0.01296	0.01324	0.01128	0.01463	0.05032	0.00893	0.24145	0.50544	0.03904	0.01832	0.01717	0.01357	0.00684	0.00532	0.00171	0.00491	0.00549	0.00525	0.00846
41	0.00772	0.00583	0.00718	0.00679	0.00823	0.00551	0.00510	0.01095	0.07100	0.02017	0.60791	0.05276	0.14892	0.01099	0.00618	0.00170	0.00266	0.00961	0.00564	0.00516
42	0.01285	0.00956	0.01047	0.06787	0.01297	0.03567	0.00738	0.21287	0.10711	0.02185	0.05657	0.01913	0.03065	0.03330	0.07798	0.00224	0.00534	0.00543	0.24076	0.03001
43	0.01897	0.01281	0.01416	0.01117	0.01495	0.01383	0.00910	0.54369	0.06482	0.13772	0.01569	0.07361	0.01202	0.00718	0.00537	0.00164	0.00526	0.00568	0.02382	0.00852
44	0.01077	0.05788	0.69824	0.01428	0.02173	0.01224	0.01812	0.01645	0.01113	0.01660	0.00939	0.01104	0.00678	0.00492	0.00487	0.00159	0.00743	0.00381	0.00230	0.07042
45	0.01308	0.01256	0.02146	0.03245	0.78123	0.01256	0.01622	0.01622	0.01204	0.01727	0.00994	0.01308	0.00837	0.00471	0.00523	0.00157	0.00628	0.00471	0.00262	0.00837
46	0.01030	0.00972	0.01643	0.72254	0.11289	0.01183	0.01484	0.01379	0.01072	0.01389	0.00945	0.01399	0.00718	0.00523	0.00528	0.00174	0.00697	0.00470	0.00238	0.00613
47	0.00748	0.00540	0.00707	0.00665	0.00790	0.00499	0.00499	0.00998	0.01496	0.02120	0.77844	0.03949	0.04988	0.01081	0.00624	0.00166	0.00249	0.00956	0.00582	0.00499
48	0.01833	0.01393	0.01487	0.01181	0.01572	0.01557	0.00962	0.57708	0.21425	0.03048	0.01493	0.01448	0.01080	0.00656	0.00531	0.00164	0.00540	0.00507	0.00531	0.00883
49	0.02327	0.00972	0.01271	0.00975	0.01386	0.00884	0.00805	0.11734	0.01634	0.69161	0.01984	0.01734	0.01258	0.00652	0.00531	0.00163	0.00466	0.00525	0.00639	0.00900
50	0.00858	0.00562	0.00739	0.00688	0.00828	0.00515	0.00518	0.01097	0.01476	0.07467	0.69132	0.07270	0.04662	0.01077	0.00619	0.00168	0.00266	0.00951	0.00583	0.00524
51	0.02360	0.00918	0.01238	0.00949	0.01359	0.00804	0.00784	0.04925	0.01544	0.76097	0.02060	0.01782	0.01296	0.00654	0.00532	0.00163	0.00454	0.00530	0.00650	0.00900
52	0.00655	0.00532	0.00560	0.00558	0.00706	0.00459	0.00404	0.00784	0.01179	0.01450	0.12336	0.06238	0.59901	0.10871	0.00872	0.00218	0.00296	0.01065	0.00480	0.00436
53	0.02010	0.01481	0.01587	0.01216	0.01639	0.01639	0.01005	0.76360	0.02486	0.03332	0.01269	0.01269	0.00899	0.00635	0.00529	0.00159	0.00582	0.00476	0.00529	0.00899
54	0.01635	0.06793	0.01685	0.03026	0.13764	0.35129	0.01123	0.09887	0.01382	0.01598	0.00895	0.01114	0.00752	0.00611	0.00718	0.00159	0.15905	0.00402	0.02746	0.00673
55	0.01482	0.72001	0.02614	0.00961	0.01391	0.11582	0.00919	0.01648	0.01126	0.01250	0.00745	0.00861	0.00679	0.00464	0.00356	0.00116	0.00613	0.00290	0.00232	0.00670
56	0.63678	0.11391	0.03677	0.00799	0.01166	0.01346	0.00702	0.08806	0.01083	0.02298	0.00795	0.00906	0.00621	0.00500	0.00354	0.00157	0.00458	0.00308	0.00330	0.00625
57	0.01030	0.00888	0.01368	0.12401	0.11280	0.00932	0.09130	0.09011	0.05063	0.01683	0.01939	0.37226	0.02053	0.01048	0.00630	0.00191	0.02161	0.00958	0.00403	0.00606
58	0.00847	0.00651	0.00892	0.00849	0.00888	0.00776	0.00628	0.00929	0.00804	0.01147	0.01325	0.02320	0.01370	0.28440	0.34136	0.06881	0.15806	0.00605	0.00282	0.00424
59	0.00741	0.00535	0.00700	0.00670	0.00788	0.00494	0.00498	0.00979	0.01462	0.02064	0.72442	0.09509	0.04881	0.01122	0.00627	0.00170	0.00254	0.00995	0.00575	0.00494
60	0.03978	0.00782	0.00829	0.00752	0.00961	0.00837	0.00582	0.10786	0.17394	0.05173	0.04103	0.07809	0.01595	0.00729	0.00460	0.00150	0.00342	0.00597	0.41511	0.00629
61	0.00763	0.00516	0.00606	0.00609	0.00620	0.00525	0.00360	0.00786	0.00785	0.01056	0.01680	0.05789	0.01911	0.71008	0.10417	0.00537	0.00598	0.00772	0.00322	0.00339
62	0.02372	0.00900	0.01227	0.00941	0.01350	0.00777	0.00777	0.02576	0.01513	0.78489	0.02086	0.01799	0.01309	0.00654	0.00532	0.00164	0.00450	0.00532	0.00654	0.00900
63	0.01413	0.81739	0.02770	0.00905	0.01357	0.02092	0.00905	0.01583	0.01074	0.01244	0.00735	0.00848	0.00678	0.00452	0.00339	0.00113	0.00565	0.00283	0.00226	0.00678
64	0.01308	0.01256	0.02146	0.03245	0.78123	0.01256	0.01622	0.01622	0.01204	0.01727	0.00994	0.01308	0.00837	0.00471	0.00523	0.00157	0.00628	0.00471	0.00262	0.00837
65	0.00769	0.00513	0.00577	0.00577	0.00577	0.00513	0.00320	0.00769	0.00769	0.01025	0.01666	0.03460	0.01922	0.81421	0.02691	0.00513	0.00513	0.00769	0.00320	0.00320
66	0.85155	0.01022	0.00777	0.00695	0.01022	0.01186	0.00573	0.01554	0.00900	0.02372	0.00736	0.00859	0.00573	0.00491	0.00327	0.00164	0.00409	0.00286	0.00327	0.00573
67	0.00856	0.00557	0.00733	0.00695	0.00829	0.00510	0.00519	0.01081	0.01433	0.07722	0.62233	0.14033	0.04515	0.01125	0.00623	0.00173	0.00272	0.00997	0.00575	0.00520
68	0.00722	0.00539	0.00671	0.00638	0.00774	0.00488	0.00478	0.00948	0.01435	0.01975	0.62665	0.04187	0.20257	0.01135	0.00624	0.00169	0.00253	0.00989	0.00563	0.00488
69	0.00916	0.00524	0.00778	0.00761	0.00772	0.00571	0.00536	0.00764	0.00717	0.00983	0.00963	0.01631	0.00951	0.02030	0.11524	0.68034	0.06551	0.00473	0.00236	0.00285
70	0.00964	0.00573	0.00729	0.00689	0.00844	0.00520	0.00516	0.01167	0.01353	0.12727	0.40223	0.17098	0.12085	0.01115	0.00601	0.00173	0.00290	0.00975	0.06823	0.00537
71	0.00812	0.00562	0.00716	0.00681	0.00818	0.00518	0.00509	0.01062	0.03085	0.05393	0.59205	0.10964	0.11407	0.01130	0.00622	0.00172	0.00269	0.00994	0.00567	0.00513
72	0.08207	0.27418	0.18564	0.01071	0.01553	0.02798	0.01079	0.10185	0.11047	0.04148	0.02396	0.01201	0.00913	0.00535	0.00437	0.00143	0.00567	0.00391	0.00334	0.07012

[dist]
# distance from previous block
# <min> <max>
3	10

[block]
# block no. 2 follows, 46 sequences, length 42
# corresponding to MSA columns:
# 170-211
name=unknown_C
#
# <colnr> <probs for GDERKNQSTAVLIFYWHMCP>
#	G	D	E	R	K	N	Q	S	T	A	V	L	I	F	Y	W	H	M	C	P
0	0.01411	0.03088	0.05764	0.01162	0.08444	0.01011	0.00886	0.13589	0.08776	0.14352	0.18900	0.02009	0.01934	0.00695	0.00554	0.00153	0.02504	0.00575	0.02379	0.11814
1	0.01161	0.08443	0.03194	0.00983	0.04181	0.00977	0.00752	0.19091	0.01427	0.01950	0.07970	0.28791	0.02101	0.02968	0.00601	0.00171	0.00435	0.00829	0.00435	0.13542
2	0.08921	0.00807	0.00964	0.05214	0.01191	0.00791	0.00665	0.05397	0.04396	0.08732	0.25925	0.06300	0.08279	0.00830	0.00572	0.00155	0.03186	0.00688	0.00466	0.16519
3	0.01607	0.34784	0.03987	0.01393	0.10639	0.22535	0.02735	0.10787	0.04056	0.01621	0.00915	0.01041	0.00760	0.00512	0.00438	0.00135	0.00686	0.00365	0.00291	0.00715
4	0.01453	0.09065	0.03973	0.06314	0.45987	0.19607	0.01401	0.01743	0.02671	0.01570	0.00946	0.01195	0.00790	0.00495	0.00495	0.00150	0.00702	0.00423	0.00264	0.00756
5	0.01301	0.01395	0.09225	0.02961	0.66625	0.01264	0.01612	0.03366	0.03898	0.01776	0.01037	0.01313	0.00850	0.00486	0.00522	0.00159	0.00634	0.00468	0.00274	0.00834
6	0.11556	0.00928	0.01128	0.00856	0.01277	0.00799	0.00700	0.02018	0.01295	0.42543	0.01524	0.01442	0.01037	0.00543	0.00458	0.00133	0.00425	0.00426	0.00496	0.30414
7	0.02696	0.00785	0.00967	0.00826	0.01066	0.00764	0.00645	0.08995	0.07033	0.23831	0.31717	0.02909	0.04103	0.08374	0.00773	0.00200	0.00385	0.02709	0.00562	0.00660
8	0.01514	0.01228	0.01559	0.01186	0.01644	0.01064	0.09747	0.14360	0.01501	0.04408	0.01337	0.04290	0.01127	0.00644	0.00556	0.00155	0.00561	0.00502	0.00436	0.52181
9	0.00649	0.00499	0.00597	0.00668	0.00763	0.00447	0.00474	0.00769	0.01109	0.01410	0.05586	0.45804	0.32579	0.01509	0.00657	0.00201	0.00299	0.05045	0.00493	0.00441
10	0.00659	0.00468	0.00616	0.00724	0.00753	0.00443	0.00479	0.00744	0.00985	0.01316	0.02758	0.71769	0.03293	0.09245	0.02835	0.00259	0.00354	0.01410	0.00469	0.00420
11	0.32490	0.01102	0.01160	0.00926	0.01309	0.01160	0.00764	0.22177	0.01552	0.30361	0.01372	0.01313	0.00929	0.00589	0.00456	0.00162	0.00471	0.00427	0.00501	0.00780
12	0.01157	0.01157	0.01619	0.01388	0.01388	0.01619	0.01157	0.01272	0.00810	0.01272	0.00694	0.01157	0.00694	0.00925	0.01735	0.00231	0.80453	0.00463	0.00231	0.00578
13	0.00777	0.00560	0.00816	0.00816	0.00913	0.00645	0.00634	0.00971	0.00874	0.01296	0.01445	0.02067	0.01325	0.03653	0.71975	0.00782	0.01307	0.00560	0.08111	0.00474
14	0.00985	0.00493	0.00493	0.00493	0.00616	0.00493	0.00370	0.01232	0.01109	0.01971	0.01725	0.01971	0.01355	0.00616	0.00370	0.00123	0.00246	0.00493	0.84356	0.00493
15	0.02010	0.01481	0.01587	0.01216	0.01639	0.01639	0.01005	0.76360	0.02486	0.03332	0.01269	0.01269	0.00899	0.00635	0.00529	0.00159	0.00582	0.00476	0.00529	0.00899
16	0.00625	0.00536	0.00536	0.00536	0.00714	0.00446	0.00402	0.00759	0.01205	0.01428	0.05355	0.05088	0.77909	0.01339	0.00625	0.00179	0.00268	0.01116	0.00491	0.00446
17	0.00633	0.00536	0.00547	0.00544	0.00719	0.00450	0.00408	0.00775	0.01225	0.01475	0.10306	0.05010	0.72929	0.01321	0.00625	0.00178	0.00267	0.01105	0.00497	0.00450
18	0.01315	0.01136	0.01195	0.01076	0.01375	0.01315	0.00837	0.02809	0.77168	0.02211	0.02152	0.01972	0.01614	0.00717	0.00538	0.00179	0.00418	0.00598	0.00538	0.00837
19	0.06817	0.08895	0.01649	0.05703	0.01692	0.01628	0.00997	0.60651	0.02178	0.02966	0.01169	0.01214	0.00848	0.00603	0.00499	0.00156	0.00577	0.00446	0.00472	0.00841
20	0.00678	0.00484	0.00652	0.00774	0.00820	0.00458	0.00549	0.00794	0.01045	0.01387	0.02895	0.68969	0.03423	0.01625	0.00684	0.00219	0.00336	0.13279	0.00490	0.00439
21	0.01134	0.02436	0.61436	0.01847	0.17276	0.03360	0.01862	0.01676	0.01144	0.01674	0.00954	0.01150	0.00703	0.00497	0.00506	0.00165	0.00756	0.00405	0.00232	0.00788
22	0.00767	0.00515	0.00589	0.00585	0.00596	0.00511	0.00337	0.00790	0.00837	0.01127	0.08758	0.03505	0.02207	0.73941	0.02498	0.00480	0.00488	0.00786	0.00345	0.00337
23	0.01945	0.01449	0.01550	0.01203	0.01615	0.01609	0.00989	0.69513	0.09439	0.03227	0.01351	0.01335	0.00966	0.00642	0.00530	0.00161	0.00567	0.00487	0.00530	0.00893
24	0.01159	0.00966	0.01118	0.00821	0.01265	0.00778	0.00655	0.08287	0.01221	0.01854	0.01069	0.05096	0.00929	0.00477	0.00418	0.00093	0.00405	0.00388	0.00342	0.72660
25	0.01422	0.77945	0.02712	0.00927	0.01365	0.04045	0.00913	0.01590	0.01079	0.01246	0.00736	0.00858	0.00679	0.00465	0.00374	0.00116	0.02339	0.00288	0.00227	0.00675
26	0.78721	0.04250	0.00883	0.00729	0.01059	0.04174	0.00603	0.01576	0.00929	0.02287	0.00739	0.00862	0.00581	0.00491	0.00333	0.00161	0.00436	0.00288	0.00321	0.00578
27	0.01103	0.01083	0.01841	0.52050	0.14673	0.02955	0.10630	0.01435	0.01094	0.01437	0.00950	0.01379	0.00740	0.00553	0.00622	0.01829	0.04262	0.00486	0.00244	0.00634
28	0.00760	0.00528	0.00664	0.00667	0.00699	0.00554	0.00434	0.00826	0.00817	0.01120	0.03182	0.05780	0.01857	0.53415	0.25893	0.00598	0.00775	0.00737	0.00320	0.00374
29	0.00635	0.00532	0.00543	0.00546	0.00710	0.00450	0.00402	0.00763	0.01183	0.01419	0.06540	0.07017	0.70541	0.05478	0.00733	0.00196	0.00281	0.01105	0.00484	0.00440
30	0.01156	0.00625	0.00808	0.00732	0.00928	0.00556	0.00559	0.01352	0.01382	0.22729	0.34657	0.15570	0.14642	0.01093	0.00607	0.00175	0.00316	0.00949	0.00574	0.00589
31	0.01793	0.01373	0.01464	0.01172	0.01557	0.01538	0.00952	0.53381	0.25818	0.02982	0.01545	0.01489	0.01122	0.00660	0.00532	0.00165	0.00531	0.00514	0.00532	0.00880
32	0.02324	0.00977	0.01274	0.00977	0.01388	0.00891	0.00807	0.12345	0.01642	0.68539	0.01978	0.01729	0.01254	0.00652	0.00531	0.00163	0.00467	0.00524	0.00638	0.00900
33	0.01413	0.81739	0.02770	0.00905	0.01357	0.02092	0.00905	0.01583	0.01074	0.01244	0.00735	0.00848	0.00678	0.00452	0.00339	0.00113	0.00565	0.00283	0.00226	0.00678
34	0.00998	0.00940	0.01586	0.80150	0.03641	0.01175	0.01468	0.01351	0.01057	0.01351	0.00940	0.01409	0.00705	0.00529	0.00529	0.00176	0.00705	0.00470	0.00235	0.00587
35	0.01413	0.81739	0.02770	0.00905	0.01357	0.02092	0.00905	0.01583	0.01074	0.01244	0.00735	0.00848	0.00678	0.00452	0.00339	0.00113	0.00565	0.00283	0.00226	0.00678
36	0.00833	0.00564	0.00635	0.00616	0.00640	0.00574	0.00363	0.04714	0.00860	0.01149	0.01640	0.03317	0.01856	0.75613	0.04157	0.00501	0.00535	0.00749	0.00330	0.00354
37	0.01308	0.01256	0.02146	0.03245	0.78123	0.01256	0.01622	0.01622	0.01204	0.01727	0.00994	0.01308	0.00837	0.00471	0.00523	0.00157	0.00628	0.00471	0.00262	0.00837
38	0.00625	0.00536	0.00536	0.00536	0.00714	0.00446	0.00402	0.00759	0.01205	0.01428	0.05355	0.05088	0.77909	0.01339	0.00625	0.00179	0.00268	0.01116	0.00491	0.00446
39	0.00998	0.00940	0.01586	0.80150	0.03641	0.01175	0.01468	0.01351	0.01057	0.01351	0.00940	0.01409	0.00705	0.00529	0.00529	0.00176	0.00705	0.00470	0.00235	0.00587
40	0.00729	0.00540	0.00680	0.00645	0.00778	0.00491	0.00484	0.00960	0.01451	0.02011	0.66473	0.04128	0.16427	0.01121	0.00624	0.00168	0.00252	0.00981	0.00568	0.00491
41	0.01535	0.01273	0.01317	0.01124	0.01459	0.03494	0.00891	0.24216	0.53391	0.02513	0.01859	0.01740	0.01381	0.00689	0.00534	0.00172	0.00480	0.00555	0.00528	0.00849

[dist]
# distance from previous block
# <min> <max>
0	41

[block]
# block no. 3 follows, 46 sequences, length 26
# corresponding to MSA columns:
# 253-278
name=unknown_D
#
# <colnr> <probs for GDERKNQSTAVLIFYWHMCP>
#	G	D	E	R	K	N	Q	S	T	A	V	L	I	F	Y	W	H	M	C	P
0	0.01019	0.00722	0.00840	0.00773	0.00943	0.03696	0.00591	0.05902	0.04828	0.07510	0.50061	0.09538	0.03836	0.01026	0.00600	0.00170	0.00331	0.03297	0.03753	0.00565
1	0.00761	0.00511	0.00584	0.00589	0.00595	0.00508	0.00336	0.00776	0.00811	0.01086	0.04738	0.07631	0.02127	0.73984	0.02501	0.00483	0.00491	0.00815	0.00340	0.00333
2	0.01082	0.00925	0.01082	0.00782	0.01238	0.00696	0.00622	0.01313	0.01094	0.01711	0.01000	0.03528	0.00866	0.00430	0.00400	0.00082	0.00389	0.00349	0.00319	0.82091
3	0.01268	0.01413	0.10486	0.10412	0.55024	0.03295	0.01573	0.01697	0.06502	0.01707	0.01060	0.01334	0.00856	0.00499	0.00521	0.00161	0.00646	0.00467	0.00274	0.00801
4	0.02714	0.07439	0.05599	0.08715	0.39575	0.21729	0.01368	0.01717	0.01248	0.01561	0.00937	0.01191	0.00775	0.00499	0.00490	0.00150	0.00709	0.00417	0.02435	0.00731
5	0.01103	0.00952	0.01117	0.00811	0.01260	0.00750	0.00650	0.01362	0.02789	0.01718	0.00958	0.01118	0.00799	0.00417	0.00442	0.00086	0.03187	0.00325	0.00315	0.79842
6	0.00782	0.00572	0.00719	0.02214	0.00893	0.00560	0.00547	0.07674	0.01175	0.01562	0.06149	0.62475	0.07856	0.03282	0.00699	0.00211	0.00339	0.01326	0.00490	0.00477
7	0.01437	0.29702	0.10094	0.05023	0.25668	0.14924	0.01283	0.03359	0.01223	0.01499	0.00873	0.01070	0.00734	0.00486	0.00449	0.00140	0.00680	0.00375	0.00252	0.00729
8	0.81453	0.01098	0.04206	0.00731	0.01078	0.01188	0.00633	0.01559	0.00909	0.02341	0.00745	0.00870	0.00577	0.00491	0.00335	0.00164	0.00425	0.00291	0.00323	0.00582
9	0.02322	0.00889	0.01211	0.00932	0.01332	0.00768	0.00768	0.02528	0.01513	0.76155	0.04401	0.01865	0.01421	0.00667	0.00534	0.00164	0.00444	0.00545	0.00652	0.00887
10	0.01130	0.01109	0.01491	0.02673	0.01378	0.02996	0.01056	0.01265	0.00871	0.01328	0.00848	0.04780	0.00847	0.00961	0.03495	0.00226	0.62651	0.00493	0.00255	0.10148
11	0.01072	0.02650	0.73821	0.01553	0.02319	0.01235	0.06730	0.01675	0.01125	0.01675	0.00956	0.01136	0.00678	0.00499	0.00510	0.00168	0.00788	0.00406	0.00226	0.00777
12	0.00628	0.00536	0.00540	0.00539	0.00716	0.00448	0.00404	0.00766	0.01213	0.01448	0.07432	0.05055	0.75819	0.01331	0.00625	0.00178	0.00267	0.01111	0.00494	0.00448
13	0.01224	0.01356	0.02943	0.02117	0.02613	0.01273	0.70716	0.01621	0.01207	0.01637	0.01059	0.01439	0.00811	0.00546	0.00728	0.06295	0.00860	0.00612	0.00265	0.00678
14	0.01930	0.01487	0.01609	0.01363	0.07170	0.04310	0.01044	0.65452	0.05305	0.03100	0.01268	0.01289	0.00915	0.00623	0.00527	0.00159	0.00592	0.00476	0.00501	0.00882
15	0.00767	0.00518	0.00605	0.00605	0.00615	0.00528	0.00356	0.00787	0.00777	0.01046	0.01639	0.03314	0.01859	0.73269	0.10757	0.00548	0.00608	0.00747	0.00316	0.00336
16	0.01039	0.00524	0.00534	0.00519	0.00655	0.00525	0.00393	0.02943	0.01149	0.03714	0.01722	0.01951	0.01344	0.00617	0.00377	0.00125	0.00258	0.00493	0.80607	0.00511
17	0.00644	0.00460	0.00613	0.00736	0.00767	0.00429	0.00491	0.00736	0.01012	0.01350	0.02914	0.81076	0.03497	0.01656	0.00675	0.00215	0.00307	0.01503	0.00491	0.00429
18	0.82763	0.01019	0.00790	0.00702	0.01032	0.01174	0.00578	0.01584	0.00917	0.04572	0.00775	0.00886	0.00594	0.00495	0.00333	0.00164	0.00410	0.00293	0.00337	0.00582
19	0.01157	0.01157	0.01619	0.01388	0.01388	0.01619	0.01157	0.01272	0.00810	0.01272	0.00694	0.01157	0.00694	0.00925	0.01735	0.00231	0.80453	0.00463	0.00231	0.00578
20	0.01459	0.01215	0.01335	0.01238	0.06114	0.01379	0.00920	0.18081	0.56951	0.02416	0.01897	0.01785	0.01417	0.00685	0.00535	0.00174	0.00465	0.00565	0.00519	0.00850
21	0.01239	0.25757	0.48866	0.01354	0.03936	0.01512	0.01569	0.07057	0.01205	0.01670	0.00910	0.01054	0.00693	0.00496	0.00457	0.00151	0.00700	0.00367	0.00247	0.00761
22	0.00767	0.00518	0.00605	0.00605	0.00615	0.00528	0.00356	0.00787	0.00777	0.01046	0.01640	0.03317	0.01860	0.73410	0.10616	0.00547	0.00606	0.00748	0.00316	0.00336
23	0.00739	0.00540	0.00693	0.00655	0.00784	0.00495	0.00491	0.00979	0.01474	0.02067	0.72264	0.04037	0.10601	0.01101	0.00624	0.00167	0.00251	0.00968	0.00575	0.00495
24	0.01906	0.01429	0.01528	0.01195	0.01600	0.01591	0.00980	0.65370	0.13645	0.03164	0.01401	0.01374	0.01006	0.00647	0.00530	0.00162	0.00557	0.00494	0.00530	0.00890
25	0.04813	0.00546	0.00538	0.00523	0.00664	0.00558	0.00397	0.03443	0.01139	0.02029	0.01667	0.01900	0.01306	0.00611	0.00372	0.00126	0.00264	0.00483	0.78113	0.00508

[dist]
# distance from previous block
# <min> <max>
6	8

[block]
# block no. 4 follows, 46 sequences, length 39
# corresponding to MSA columns:
# 287-325
name=unknown_E
#
# <colnr> <probs for GDERKNQSTAVLIFYWHMCP>
#	G	D	E	R	K	N	Q	S	T	A	V	L	I	F	Y	W	H	M	C	P
0	0.04232	0.42415	0.21756	0.01115	0.01641	0.01749	0.01181	0.17032	0.01370	0.01821	0.00900	0.01003	0.00718	0.00504	0.00419	0.00138	0.00618	0.00350	0.00291	0.00747
1	0.07636	0.01183	0.08138	0.01084	0.01362	0.01120	0.02764	0.23051	0.01478	0.02167	0.01530	0.07790	0.01377	0.07838	0.18170	0.00368	0.03518	0.00621	0.08105	0.00699
2	0.13965	0.03851	0.02695	0.01033	0.01415	0.06337	0.08130	0.06168	0.06640	0.03174	0.01197	0.03345	0.02829	0.02073	0.00548	0.00142	0.04066	0.00441	0.00344	0.31606
3	0.01289	0.01419	0.03962	0.02005	0.04800	0.03709	0.54843	0.06103	0.01276	0.01736	0.01065	0.02855	0.00843	0.00527	0.00704	0.00177	0.08203	0.00589	0.00285	0.03611
4	0.48046	0.01076	0.01159	0.03519	0.01352	0.01187	0.07575	0.14857	0.01239	0.04698	0.01128	0.01268	0.04141	0.00644	0.00530	0.05685	0.00492	0.00413	0.00366	0.00626
5	0.00737	0.00518	0.00645	0.00664	0.00702	0.00531	0.00433	0.00804	0.00852	0.01148	0.02017	0.15559	0.06404	0.45823	0.20372	0.00526	0.00679	0.00858	0.00348	0.00381
6	0.00644	0.00460	0.00613	0.00736	0.00767	0.00429	0.00491	0.00736	0.01012	0.01350	0.02914	0.81076	0.03497	0.01656	0.00675	0.00215	0.00307	0.01503	0.00491	0.00429
7	0.00702	0.00510	0.00660	0.00704	0.00789	0.00474	0.00508	0.00867	0.01223	0.01661	0.32096	0.36591	0.10261	0.04045	0.00722	0.00205	0.00302	0.06700	0.00520	0.00458
8	0.02010	0.01481	0.01587	0.01216	0.01639	0.01639	0.01005	0.76360	0.02486	0.03332	0.01269	0.01269	0.00899	0.00635	0.00529	0.00159	0.00582	0.00476	0.00529	0.00899
9	0.85155	0.01022	0.00777	0.00695	0.01022	0.01186	0.00573	0.01554	0.00900	0.02372	0.00736	0.00859	0.00573	0.00491	0.00327	0.00164	0.00409	0.00286	0.00327	0.00573
10	0.36880	0.01289	0.01247	0.00998	0.01381	0.01449	0.00824	0.44987	0.01820	0.02929	0.01046	0.01097	0.00762	0.00574	0.00444	0.00161	0.00509	0.00396	0.00444	0.00762
11	0.85155	0.01022	0.00777	0.00695	0.01022	0.01186	0.00573	0.01554	0.00900	0.02372	0.00736	0.00859	0.00573	0.00491	0.00327	0.00164	0.00409	0.00286	0.00327	0.00573
12	0.01413	0.81739	0.02770	0.00905	0.01357	0.02092	0.00905	0.01583	0.01074	0.01244	0.00735	0.00848	0.00678	0.00452	0.00339	0.00113	0.00565	0.00283	0.00226	0.00678
13	0.02033	0.01443	0.01563	0.01198	0.01620	0.01583	0.00990	0.71535	0.02422	0.08247	0.01323	0.01304	0.00926	0.00636	0.00529	0.00159	0.00573	0.00480	0.00537	0.00899
14	0.01343	0.01149	0.01211	0.01081	0.01385	0.01328	0.00844	0.05768	0.74164	0.02257	0.02116	0.01944	0.01585	0.00714	0.00538	0.00178	0.00425	0.00593	0.00538	0.00839
15	0.00743	0.00540	0.00699	0.00659	0.00786	0.00496	0.00494	0.00987	0.01483	0.02089	0.74621	0.04000	0.08231	0.01092	0.00624	0.00167	0.00250	0.00963	0.00578	0.00496
16	0.00997	0.00907	0.01505	0.74277	0.03418	0.01124	0.01387	0.01342	0.01061	0.01396	0.00998	0.01451	0.00753	0.00535	0.00517	0.00172	0.00671	0.00472	0.06438	0.00580
17	0.00656	0.00469	0.00627	0.00750	0.00786	0.00440	0.00512	0.00757	0.01024	0.01363	0.02907	0.76752	0.03470	0.01645	0.00678	0.00216	0.00317	0.05709	0.00491	0.00433
18	0.00918	0.00459	0.00689	0.00689	0.00689	0.00459	0.00459	0.00689	0.00689	0.00918	0.00918	0.01607	0.00918	0.01837	0.02066	0.84619	0.00459	0.00459	0.00230	0.00230
19	0.01466	0.67895	0.06408	0.00992	0.01438	0.11690	0.00972	0.01653	0.01129	0.01272	0.00756	0.00875	0.00678	0.00466	0.00365	0.00119	0.00625	0.00295	0.00232	0.00675
20	0.00756	0.00591	0.00735	0.00705	0.00812	0.00607	0.00518	0.00891	0.01025	0.01377	0.12754	0.03415	0.23896	0.19992	0.21488	0.00426	0.05734	0.00807	0.00389	0.03081
21	0.01106	0.04015	0.03455	0.02151	0.02840	0.00960	0.00732	0.08979	0.23305	0.04501	0.07572	0.05993	0.22914	0.03784	0.05114	0.00223	0.00464	0.00767	0.00475	0.00649
22	0.01839	0.03492	0.01429	0.01122	0.01476	0.14353	0.00907	0.46701	0.05074	0.05360	0.01305	0.01346	0.00961	0.00617	0.00495	0.00150	0.00588	0.00458	0.11538	0.00790
23	0.85155	0.01022	0.00777	0.00695	0.01022	0.01186	0.00573	0.01554	0.00900	0.02372	0.00736	0.00859	0.00573	0.00491	0.00327	0.00164	0.00409	0.00286	0.00327	0.00573
24	0.01595	0.01135	0.01263	0.04120	0.05740	0.03622	0.00854	0.37209	0.04162	0.07656	0.01594	0.05635	0.03103	0.03030	0.00569	0.00166	0.00498	0.00558	0.16749	0.00742
25	0.00656	0.00469	0.00627	0.00750	0.00785	0.00440	0.00511	0.00757	0.01024	0.01363	0.02907	0.76805	0.03471	0.01645	0.00678	0.00216	0.00317	0.05657	0.00491	0.00433
26	0.00644	0.00460	0.00613	0.00736	0.00767	0.00429	0.00491	0.00736	0.01012	0.01350	0.02914	0.81076	0.03497	0.01656	0.00675	0.00215	0.00307	0.01503	0.00491	0.00429
27	0.01418	0.64877	0.02464	0.00952	0.01337	0.04333	0.00907	0.01586	0.01076	0.03849	0.00820	0.00962	0.00730	0.00517	0.00494	0.00128	0.08735	0.00320	0.03829	0.00666
28	0.01302	0.01142	0.01176	0.01061	0.01349	0.03530	0.00823	0.02686	0.70671	0.02180	0.06417	0.02055	0.01779	0.00733	0.00541	0.00177	0.00424	0.00611	0.00533	0.00811
29	0.00957	0.00526	0.00565	0.00555	0.00657	0.00550	0.00409	0.01166	0.01045	0.01798	0.01661	0.02119	0.01394	0.10465	0.03882	0.00204	0.03745	0.00528	0.67299	0.00475
30	0.01176	0.15944	0.41425	0.01395	0.01941	0.01394	0.08204	0.01593	0.01077	0.03986	0.00951	0.01179	0.00744	0.00747	0.05134	0.00206	0.11523	0.00417	0.00246	0.00716
31	0.00755	0.00573	0.00695	0.00659	0.00802	0.00534	0.00494	0.01045	0.05722	0.01955	0.56578	0.04066	0.20120	0.02868	0.00664	0.00177	0.00269	0.00965	0.00555	0.00503
32	0.56529	0.02569	0.01058	0.09050	0.05969	0.01192	0.00773	0.05718	0.02596	0.07371	0.01007	0.01129	0.02131	0.00532	0.00394	0.00164	0.00465	0.00365	0.00352	0.00635
33	0.03183	0.13057	0.13358	0.04483	0.04948	0.01146	0.01016	0.07278	0.06806	0.23290	0.05274	0.04155	0.04270	0.00653	0.00500	0.00156	0.00519	0.00527	0.00434	0.04947
34	0.01185	0.01411	0.14917	0.02413	0.45730	0.01157	0.05776	0.01620	0.06174	0.01767	0.08055	0.04896	0.01342	0.00595	0.00542	0.00165	0.00608	0.00561	0.00312	0.00773
35	0.04715	0.00991	0.07721	0.00942	0.01284	0.00817	0.00821	0.03415	0.07939	0.39663	0.14107	0.07493	0.02072	0.00819	0.00557	0.00173	0.00437	0.04719	0.00562	0.00755
36	0.57550	0.01261	0.13718	0.00899	0.01281	0.01114	0.03238	0.01529	0.00982	0.03892	0.01043	0.06401	0.00909	0.00612	0.00410	0.00171	0.00483	0.03566	0.00333	0.00606
37	0.00842	0.00958	0.12546	0.03538	0.04491	0.00765	0.02776	0.01045	0.01016	0.01430	0.02056	0.44550	0.02303	0.05128	0.00827	0.00213	0.08703	0.01033	0.03689	0.02091
38	0.02870	0.00876	0.03642	0.05518	0.01370	0.02593	0.09957	0.08587	0.01280	0.06295	0.08591	0.38251	0.05721	0.01133	0.00613	0.00189	0.00463	0.01025	0.00453	0.00573

[dist]
# distance from previous block
# <min> <max>
3	8

[block]
# block no. 5 follows, 46 sequences, length 23
# corresponding to MSA columns:
# 334-356
name=unknown_F
#
# <colnr> <probs for GDERKNQSTAVLIFYWHMCP>
#	G	D	E	R	K	N	Q	S	T	A	V	L	I	F	Y	W	H	M	C	P
0	0.05585	0.36234	0.27216	0.01100	0.01623	0.05692	0.01197	0.01619	0.01122	0.04088	0.02169	0.04000	0.00869	0.00534	0.00425	0.00139	0.00621	0.00387	0.00267	0.05111
1	0.10105	0.05967	0.01372	0.05965	0.01490	0.08548	0.00882	0.26318	0.04223	0.06455	0.05424	0.01515	0.03281	0.00655	0.00584	0.00158	0.07031	0.00477	0.05421	0.04131
2	0.04471	0.04932	0.01377	0.01145	0.04008	0.07595	0.08716	0.14204	0.01338	0.01899	0.03746	0.10629	0.01371	0.00995	0.06587	0.00216	0.08473	0.00605	0.17074	0.00620
3	0.01202	0.00923	0.01138	0.06814	0.01355	0.00980	0.00789	0.20492	0.01433	0.03972	0.08441	0.21671	0.01917	0.03428	0.02418	0.00196	0.08512	0.00764	0.00432	0.13124
4	0.02023	0.00938	0.01193	0.00952	0.01324	0.00882	0.00772	0.04095	0.16250	0.55172	0.06648	0.01932	0.01568	0.00685	0.00534	0.00164	0.00433	0.00563	0.00615	0.03259
5	0.00729	0.00540	0.00680	0.00645	0.00778	0.00491	0.00483	0.00960	0.01450	0.02011	0.66398	0.04129	0.16503	0.01122	0.00624	0.00168	0.00252	0.00981	0.00568	0.00491
6	0.01489	0.01115	0.01210	0.01048	0.01369	0.01242	0.00827	0.10646	0.56024	0.11821	0.02200	0.02023	0.05126	0.00730	0.00540	0.00175	0.00433	0.00601	0.00549	0.00833
7	0.07683	0.68445	0.02500	0.00914	0.01349	0.04608	0.00883	0.03603	0.01126	0.03762	0.00794	0.00893	0.00696	0.00469	0.00354	0.00120	0.00564	0.00298	0.00256	0.00681
8	0.00643	0.00491	0.00591	0.00662	0.00749	0.00439	0.00460	0.00757	0.01105	0.01416	0.07582	0.50428	0.29745	0.01515	0.00655	0.00200	0.00290	0.01339	0.00495	0.00439
9	0.01102	0.00660	0.00642	0.02561	0.00809	0.03814	0.00471	0.06838	0.01225	0.02029	0.01634	0.01863	0.01278	0.00612	0.00390	0.00128	0.00311	0.00485	0.72619	0.00530
