[name]
unknown

[dist]
# distance from previous block
# <min> <max>
26	106

[block]
# block no. 0 follows, 47 sequences, length 22
# corresponding to MSA columns:
# 130-151
name=unknown_A
#
# <colnr> <probs for GDERKNQSTAVLIFYWHMCP>
#	G	D	E	R	K	N	Q	S	T	A	V	L	I	F	Y	W	H	M	C	P
0	0.01333	0.03657	0.11860	0.01116	0.05637	0.00964	0.02326	0.06402	0.11606	0.15302	0.07604	0.06470	0.01482	0.00812	0.04348	0.00181	0.00523	0.00551	0.00422	0.17402
1	0.01550	0.09497	0.10613	0.01258	0.08885	0.06515	0.02661	0.04025	0.05500	0.24548	0.04344	0.04169	0.06045	0.00674	0.00570	0.00159	0.04733	0.00538	0.00420	0.03298
2	0.05967	0.01207	0.12794	0.03433	0.01409	0.02177	0.00915	0.15337	0.08369	0.12539	0.08238	0.13459	0.06350	0.00827	0.00557	0.00169	0.01866	0.00682	0.00455	0.03251
3	0.26181	0.05462	0.24656	0.03189	0.01555	0.03111	0.01068	0.04359	0.01162	0.12069	0.05275	0.01262	0.00967	0.00538	0.00439	0.00153	0.00544	0.00396	0.00345	0.07268
4	0.06270	0.01143	0.01325	0.01017	0.01412	0.01146	0.03445	0.32681	0.05094	0.13367	0.03850	0.01457	0.01093	0.03301	0.00556	0.00152	0.00490	0.00463	0.00462	0.21277
5	0.09435	0.00952	0.01089	0.03401	0.03929	0.05195	0.02589	0.11224	0.03452	0.08704	0.22203	0.11366	0.02262	0.00804	0.00527	0.00156	0.00430	0.00681	0.00457	0.11146
6	0.01998	0.01429	0.01545	0.01184	0.01600	0.01571	0.00978	0.72898	0.02399	0.07167	0.01292	0.01277	0.00906	0.00626	0.00521	0.00157	0.00566	0.00472	0.00527	0.00886
7	0.00634	0.00453	0.00604	0.00725	0.00755	0.00423	0.00483	0.00725	0.00997	0.01329	0.02870	0.81358	0.03444	0.01632	0.00665	0.00211	0.00302	0.01480	0.00483	0.00423
8	0.85377	0.01007	0.00765	0.00685	0.01007	0.01168	0.00564	0.01531	0.00886	0.02336	0.00725	0.00846	0.00564	0.00483	0.00322	0.00161	0.00403	0.00282	0.00322	0.00564
9	0.01148	0.16810	0.09580	0.03262	0.01499	0.01545	0.03660	0.01333	0.00897	0.01289	0.00804	0.01237	0.00762	0.05274	0.03020	0.00225	0.46387	0.00439	0.00233	0.00597
10	0.00893	0.00679	0.00860	0.11526	0.01250	0.00692	0.00664	0.08986	0.03225	0.03594	0.13106	0.30473	0.19679	0.01180	0.00605	0.00184	0.00374	0.01031	0.00471	0.00528
11	0.01309	0.01049	0.01167	0.05395	0.01431	0.01190	0.00829	0.04094	0.60219	0.06962	0.08729	0.02058	0.01799	0.00722	0.00536	0.00174	0.00418	0.00606	0.00524	0.00787
12	0.00998	0.00941	0.01589	0.76693	0.07224	0.01161	0.01454	0.01344	0.01048	0.01349	0.00928	0.01384	0.00701	0.00518	0.00520	0.00173	0.00691	0.00463	0.00233	0.00590
13	0.05273	0.03868	0.01342	0.03266	0.07614	0.02833	0.04944	0.07446	0.02524	0.01863	0.08336	0.01396	0.01177	0.00499	0.00445	0.00114	0.00462	0.00419	0.00343	0.45837
14	0.01361	0.71933	0.02588	0.00950	0.01340	0.02003	0.00922	0.01521	0.01026	0.01229	0.00719	0.00873	0.00670	0.00504	0.00505	0.00126	0.10550	0.00301	0.00223	0.00656
15	0.00757	0.00505	0.00568	0.00568	0.00568	0.00505	0.00316	0.00757	0.00757	0.01010	0.01641	0.03408	0.01893	0.81698	0.02651	0.00505	0.00505	0.00757	0.00316	0.00316
16	0.01069	0.00983	0.03675	0.09167	0.01515	0.00760	0.00747	0.01324	0.01076	0.01657	0.00926	0.01113	0.00760	0.00403	0.00403	0.00090	0.00431	0.00327	0.00298	0.73277
17	0.00615	0.00528	0.00528	0.00528	0.00703	0.00440	0.00396	0.00747	0.01187	0.01407	0.05276	0.05012	0.78238	0.01319	0.00615	0.00176	0.00264	0.01099	0.00484	0.00440
18	0.00634	0.00453	0.00604	0.00725	0.00755	0.00423	0.00483	0.00725	0.00997	0.01329	0.02870	0.81358	0.03444	0.01632	0.00665	0.00211	0.00302	0.01480	0.00483	0.00423
19	0.01252	0.13524	0.01729	0.05828	0.01505	0.10782	0.01089	0.01390	0.00935	0.01258	0.00766	0.02841	0.00741	0.00790	0.01264	0.00196	0.52848	0.00438	0.00238	0.00586
20	0.01229	0.01405	0.03073	0.02195	0.02722	0.01317	0.76558	0.01668	0.01229	0.01668	0.01054	0.01405	0.00790	0.00439	0.00615	0.00176	0.00878	0.00615	0.00263	0.00702
21	0.01056	0.02326	0.62188	0.01528	0.06649	0.01167	0.04255	0.01656	0.05067	0.01712	0.06605	0.01367	0.01030	0.00543	0.00511	0.00165	0.00708	0.00448	0.00265	0.00753

[dist]
# distance from previous block
# <min> <max>
0	1

[block]
# block no. 1 follows, 47 sequences, length 275
# corresponding to MSA columns:
# 153-427
name=unknown_B
#
# <colnr> <probs for GDERKNQSTAVLIFYWHMCP>
#	G	D	E	R	K	N	Q	S	T	A	V	L	I	F	Y	W	H	M	C	P
0	0.00740	0.00569	0.00665	0.00640	0.00759	0.02231	0.00465	0.00925	0.01304	0.01765	0.49086	0.06042	0.18834	0.11016	0.02504	0.00222	0.00322	0.00944	0.00509	0.00460
1	0.03587	0.12114	0.01600	0.01262	0.01550	0.66835	0.00975	0.01980	0.01399	0.01289	0.00806	0.00948	0.00682	0.00596	0.02135	0.00147	0.00891	0.00332	0.00264	0.00608
2	0.83643	0.01016	0.00782	0.00696	0.01020	0.01178	0.00573	0.03094	0.00919	0.02356	0.00736	0.00854	0.00571	0.00486	0.00326	0.00161	0.00406	0.00286	0.00326	0.00571
3	0.01655	0.01261	0.01354	0.03721	0.05126	0.07430	0.00901	0.42028	0.01833	0.07455	0.01380	0.06094	0.01147	0.08040	0.03200	0.00211	0.02404	0.00548	0.03472	0.00738
4	0.01283	0.03859	0.01971	0.13196	0.57491	0.06174	0.01472	0.01578	0.01176	0.01609	0.00951	0.01256	0.00790	0.00472	0.00501	0.00151	0.00636	0.00442	0.00256	0.04736
5	0.00634	0.00453	0.00604	0.00725	0.00755	0.00423	0.00483	0.00725	0.00997	0.01329	0.02870	0.81358	0.03444	0.01632	0.00665	0.00211	0.00302	0.01480	0.00483	0.00423
6	0.00737	0.00532	0.00696	0.00655	0.00778	0.00491	0.00491	0.00983	0.01474	0.02088	0.78175	0.03890	0.04914	0.01065	0.00614	0.00164	0.00246	0.00942	0.00573	0.00491
7	0.00744	0.00558	0.00837	0.00837	0.00930	0.00651	0.00651	0.00930	0.00837	0.01209	0.01395	0.02046	0.01302	0.03906	0.79635	0.00837	0.01395	0.00558	0.00279	0.00465
8	0.00658	0.00468	0.00604	0.00703	0.00737	0.00441	0.00468	0.00742	0.00976	0.01294	0.02778	0.65099	0.05894	0.13005	0.00947	0.00253	0.00335	0.03728	0.00459	0.00410
9	0.01392	0.82012	0.02729	0.00891	0.01337	0.02061	0.00891	0.01559	0.01058	0.01225	0.00724	0.00835	0.00668	0.00446	0.00334	0.00111	0.00557	0.00278	0.00223	0.00668
10	0.01948	0.02397	0.01483	0.01330	0.01610	0.73123	0.01005	0.08285	0.01557	0.01441	0.00842	0.00965	0.00689	0.00544	0.00474	0.00136	0.00909	0.00346	0.00289	0.00627
11	0.14346	0.00904	0.01144	0.00892	0.01283	0.00824	0.00736	0.02392	0.01403	0.67751	0.01862	0.01639	0.01184	0.00621	0.00495	0.00161	0.00437	0.00489	0.00598	0.00840
12	0.02336	0.00886	0.01209	0.00927	0.01329	0.00765	0.00765	0.02538	0.01491	0.78810	0.02055	0.01773	0.01289	0.00645	0.00524	0.00161	0.00443	0.00524	0.00645	0.00886
13	0.01295	0.01119	0.01178	0.01060	0.01354	0.01295	0.00824	0.02767	0.77509	0.02178	0.02120	0.01943	0.01590	0.00707	0.00530	0.00177	0.00412	0.00589	0.00530	0.00824
14	0.01980	0.01459	0.01563	0.01198	0.01615	0.01615	0.00990	0.76713	0.02448	0.03282	0.01250	0.01250	0.00886	0.00625	0.00521	0.00156	0.00573	0.00469	0.00521	0.00886
15	0.01229	0.01405	0.03073	0.02195	0.02722	0.01317	0.76558	0.01668	0.01229	0.01668	0.01054	0.01405	0.00790	0.00439	0.00615	0.00176	0.00878	0.00615	0.00263	0.00702
16	0.01289	0.01237	0.02114	0.03196	0.78450	0.01237	0.01598	0.01598	0.01186	0.01701	0.00980	0.01289	0.00825	0.00464	0.00516	0.00155	0.00619	0.00464	0.00258	0.00825
17	0.01080	0.00926	0.01080	0.00771	0.01234	0.00694	0.00617	0.01311	0.01080	0.01697	0.00926	0.01080	0.00771	0.00386	0.00386	0.00077	0.00386	0.00309	0.00309	0.84882
18	0.01495	0.01181	0.03268	0.02574	0.01353	0.08649	0.00822	0.16041	0.22930	0.14075	0.06797	0.02133	0.09448	0.02685	0.03996	0.00201	0.00532	0.00601	0.00489	0.00730
19	0.01928	0.01007	0.01244	0.00983	0.01334	0.01002	0.00803	0.22345	0.03289	0.41488	0.06022	0.03749	0.01409	0.00796	0.03114	0.00183	0.03454	0.00550	0.02211	0.03087
20	0.00737	0.00532	0.00696	0.00655	0.00778	0.00491	0.00491	0.00983	0.01474	0.02088	0.78175	0.03890	0.04914	0.01065	0.00614	0.00164	0.00246	0.00942	0.00573	0.00491
21	0.00661	0.00486	0.00625	0.00721	0.00788	0.00450	0.00514	0.00783	0.01072	0.01403	0.06581	0.57200	0.14711	0.01536	0.00662	0.00207	0.00315	0.10362	0.00487	0.00435
22	0.02907	0.15414	0.07998	0.03960	0.41483	0.16522	0.01366	0.01681	0.01205	0.01536	0.00893	0.01123	0.00748	0.00479	0.00471	0.00145	0.00680	0.00398	0.00251	0.00741
23	0.02078	0.00924	0.01232	0.01055	0.05664	0.00852	0.00805	0.05223	0.07966	0.60107	0.04938	0.01827	0.01416	0.00654	0.00523	0.00161	0.00443	0.00539	0.02742	0.00852
24	0.00639	0.00458	0.00607	0.00718	0.00755	0.00426	0.00482	0.00737	0.01022	0.01364	0.06235	0.76258	0.05169	0.01600	0.00661	0.00209	0.00299	0.01448	0.00487	0.00426
25	0.01271	0.12861	0.02504	0.12175	0.08048	0.08241	0.39199	0.01603	0.01177	0.01505	0.00988	0.03012	0.00806	0.00506	0.00586	0.00164	0.03903	0.00524	0.00257	0.00670
26	0.01601	0.19431	0.18897	0.01317	0.03533	0.42520	0.01196	0.01874	0.02595	0.01373	0.00843	0.00978	0.00687	0.00509	0.00448	0.00137	0.00803	0.00342	0.00252	0.00663
27	0.00744	0.00558	0.00837	0.00837	0.00930	0.00651	0.00651	0.00930	0.00837	0.01209	0.01395	0.02046	0.01302	0.03906	0.79635	0.00837	0.01395	0.00558	0.00279	0.00465
28	0.00744	0.00558	0.00837	0.00837	0.00930	0.00651	0.00651	0.00930	0.00837	0.01209	0.01395	0.02046	0.01302	0.03906	0.79635	0.00837	0.01395	0.00558	0.00279	0.00465
29	0.01135	0.02237	0.56567	0.12853	0.02387	0.01224	0.04851	0.06332	0.02767	0.03383	0.01007	0.01195	0.00717	0.00512	0.00506	0.00166	0.00737	0.00418	0.00258	0.00750
30	0.15883	0.00973	0.01075	0.00877	0.01179	0.01009	0.00693	0.20947	0.04469	0.25402	0.04280	0.01851	0.01310	0.14560	0.00854	0.00219	0.00467	0.00525	0.02720	0.00706
31	0.00784	0.00586	0.00853	0.00842	0.00943	0.00678	0.00653	0.03364	0.00887	0.01271	0.01397	0.02055	0.01304	0.05780	0.75130	0.00807	0.01346	0.00560	0.00288	0.00475
32	0.01945	0.02482	0.01476	0.01342	0.01610	0.79608	0.01006	0.02079	0.01476	0.01275	0.00805	0.00939	0.00671	0.00537	0.00470	0.00134	0.00939	0.00335	0.00268	0.00604
33	0.02012	0.01406	0.01530	0.01173	0.01589	0.01537	0.00969	0.69928	0.02361	0.10191	0.01324	0.01298	0.00923	0.00627	0.00521	0.00157	0.00561	0.00474	0.00532	0.00886
34	0.01945	0.02482	0.01476	0.01342	0.01610	0.79608	0.01006	0.02079	0.01476	0.01275	0.00805	0.00939	0.00671	0.00537	0.00470	0.00134	0.00939	0.00335	0.00268	0.00604
35	0.00737	0.00532	0.00696	0.00655	0.00778	0.00491	0.00491	0.00983	0.01474	0.02088	0.78175	0.03890	0.04914	0.01065	0.00614	0.00164	0.00246	0.00942	0.00573	0.00491
36	0.01139	0.01139	0.01595	0.01367	0.01367	0.01595	0.01139	0.01253	0.00798	0.01253	0.00684	0.01139	0.00684	0.00911	0.01709	0.00228	0.80745	0.00456	0.00228	0.00570
37	0.00983	0.00926	0.01562	0.80447	0.03587	0.01157	0.01446	0.01331	0.01041	0.01331	0.00926	0.01388	0.00694	0.00521	0.00521	0.00174	0.00694	0.00463	0.00231	0.00579
38	0.83384	0.01004	0.00776	0.00691	0.01015	0.01159	0.00569	0.01555	0.00901	0.04171	0.00757	0.00868	0.00581	0.00487	0.00327	0.00161	0.00404	0.00288	0.00330	0.00572
39	0.00628	0.00529	0.00545	0.00545	0.00716	0.00446	0.00411	0.00770	0.01208	0.01458	0.10463	0.04947	0.71609	0.01303	0.00617	0.00176	0.00266	0.02428	0.00490	0.00444
40	0.01139	0.01139	0.01595	0.01367	0.01367	0.01595	0.01139	0.01253	0.00798	0.01253	0.00684	0.01139	0.00684	0.00911	0.01709	0.00228	0.80745	0.00456	0.00228	0.00570
41	0.01164	0.00749	0.00926	0.00839	0.00993	0.02837	0.00632	0.06328	0.04270	0.14504	0.03064	0.02279	0.01476	0.22955	0.32049	0.00516	0.02892	0.00598	0.00381	0.00548
42	0.00634	0.00453	0.00604	0.00725	0.00755	0.00423	0.00483	0.00725	0.00997	0.01329	0.02870	0.81358	0.03444	0.01632	0.00665	0.00211	0.00302	0.01480	0.00483	0.00423
43	0.01980	0.01459	0.01563	0.01198	0.01615	0.01615	0.00990	0.76713	0.02448	0.03282	0.01250	0.01250	0.00886	0.00625	0.00521	0.00156	0.00573	0.00469	0.00521	0.00886
44	0.02242	0.00933	0.01281	0.00980	0.01381	0.00834	0.03213	0.07425	0.01546	0.69609	0.03635	0.01772	0.01325	0.00646	0.00528	0.00161	0.00461	0.00532	0.00622	0.00872
45	0.01251	0.01240	0.03901	0.11192	0.68833	0.01228	0.01590	0.01572	0.01169	0.01662	0.00973	0.01295	0.00807	0.00471	0.00516	0.00157	0.00630	0.00462	0.00254	0.00798
46	0.02322	0.00910	0.01223	0.00938	0.01341	0.00801	0.00775	0.05640	0.01531	0.75652	0.02021	0.01751	0.01272	0.00644	0.00524	0.00161	0.00449	0.00521	0.00639	0.00886
47	0.01295	0.01119	0.01178	0.01060	0.01354	0.01295	0.00824	0.02767	0.77509	0.02178	0.02120	0.01943	0.01590	0.00707	0.00530	0.00177	0.00412	0.00589	0.00530	0.00824
48	0.01373	0.70118	0.06717	0.00959	0.01411	0.01918	0.02600	0.01614	0.03535	0.02756	0.00856	0.01023	0.00761	0.00481	0.00367	0.00121	0.00567	0.01896	0.00247	0.00680
49	0.01434	0.02106	0.52844	0.01349	0.02000	0.01083	0.04703	0.01913	0.01220	0.24444	0.01270	0.01311	0.00851	0.00537	0.00508	0.00164	0.00678	0.00435	0.00347	0.00801
50	0.00746	0.00551	0.00803	0.00803	0.00885	0.00633	0.00609	0.00908	0.00827	0.01184	0.01426	0.02216	0.01376	0.13627	0.70014	0.00795	0.01284	0.00583	0.00284	0.00446
51	0.01045	0.02694	0.79000	0.01484	0.02254	0.01209	0.01924	0.01649	0.01099	0.01649	0.00935	0.01099	0.00660	0.00495	0.00495	0.00165	0.00770	0.00385	0.00220	0.00770
52	0.06464	0.02691	0.02488	0.02669	0.01169	0.04873	0.02522	0.17812	0.01380	0.01877	0.04899	0.38175	0.05475	0.01137	0.00585	0.00185	0.00442	0.04134	0.00452	0.00572
53	0.02336	0.00886	0.01209	0.00927	0.01329	0.00765	0.00765	0.02538	0.01491	0.78810	0.02055	0.01773	0.01289	0.00645	0.00524	0.00161	0.00443	0.00524	0.00645	0.00886
54	0.00983	0.00926	0.01562	0.80447	0.03587	0.01157	0.01446	0.01331	0.01041	0.01331	0.00926	0.01388	0.00694	0.00521	0.00521	0.00174	0.00694	0.00463	0.00231	0.00579
55	0.01255	0.01290	0.04494	0.17902	0.36407	0.04518	0.13423	0.04777	0.05994	0.01694	0.01135	0.01416	0.02289	0.00513	0.00533	0.00163	0.00672	0.00500	0.00285	0.00741
56	0.01276	0.01224	0.02091	0.06427	0.75319	0.01234	0.01592	0.01587	0.01180	0.01686	0.00977	0.01293	0.00819	0.00466	0.00516	0.00155	0.00622	0.00464	0.00257	0.00815
57	0.00720	0.00532	0.00673	0.00637	0.00768	0.00484	0.00478	0.00950	0.01434	0.01993	0.68024	0.04046	0.15124	0.01100	0.00614	0.00165	0.00248	0.00964	0.00561	0.00484
58	0.02300	0.00941	0.02602	0.00947	0.01357	0.00807	0.00795	0.05424	0.01521	0.74487	0.02003	0.01740	0.01262	0.00641	0.00523	0.00161	0.00454	0.00519	0.00632	0.00884
59	0.03986	0.09625	0.03212	0.07818	0.04889	0.24654	0.02640	0.06650	0.09466	0.20113	0.01286	0.01317	0.00937	0.00568	0.00484	0.00151	0.00651	0.00431	0.00394	0.00730
60	0.00757	0.00505	0.00568	0.00568	0.00568	0.00505	0.00316	0.00757	0.00757	0.01010	0.01641	0.03408	0.01893	0.81698	0.02651	0.00505	0.00505	0.00757	0.00316	0.00316
61	0.00638	0.00528	0.00559	0.00551	0.00717	0.00449	0.00413	0.00791	0.01240	0.01533	0.18731	0.04805	0.64704	0.01272	0.00615	0.00174	0.00260	0.01070	0.00500	0.00449
62	0.01915	0.02431	0.01480	0.01343	0.01601	0.76667	0.01011	0.02048	0.01450	0.01274	0.00800	0.00947	0.00671	0.00551	0.00516	0.00138	0.03947	0.00340	0.00267	0.00602
63	0.02336	0.00886	0.01209	0.00927	0.01329	0.00765	0.00765	0.02538	0.01491	0.78810	0.02055	0.01773	0.01289	0.00645	0.00524	0.00161	0.00443	0.00524	0.00645	0.00886
64	0.05545	0.03041	0.04219	0.01127	0.03242	0.01312	0.00935	0.44566	0.01936	0.17517	0.01352	0.01391	0.00964	0.00603	0.00499	0.00151	0.00529	0.01854	0.00492	0.08724
65	0.04163	0.39804	0.25302	0.01192	0.03512	0.04876	0.02850	0.07136	0.03936	0.01597	0.00892	0.01012	0.00718	0.00488	0.00418	0.00138	0.00636	0.00350	0.00262	0.00718
66	0.04049	0.03775	0.01481	0.04215	0.01566	0.01403	0.00941	0.47511	0.01926	0.11463	0.01241	0.01301	0.00901	0.00737	0.03430	0.00181	0.06507	0.00455	0.00465	0.06451
67	0.07873	0.01005	0.01557	0.54582	0.09321	0.01177	0.03300	0.06078	0.02606	0.06116	0.01026	0.01362	0.00761	0.00528	0.00507	0.00169	0.00642	0.00459	0.00289	0.00643
68	0.01071	0.07719	0.72501	0.01462	0.02206	0.01266	0.03470	0.01644	0.01100	0.01623	0.00924	0.01089	0.00663	0.00490	0.00487	0.00162	0.00758	0.00383	0.00221	0.00762
69	0.00621	0.00528	0.00535	0.00533	0.00707	0.00442	0.00400	0.00757	0.01199	0.01435	0.08324	0.04965	0.75172	0.01308	0.00615	0.00175	0.00263	0.01092	0.00487	0.00442
70	0.00710	0.00531	0.00659	0.00627	0.00762	0.00480	0.00470	0.00931	0.01411	0.01939	0.62235	0.04135	0.20947	0.01120	0.00614	0.00166	0.00250	0.00976	0.00554	0.00480
71	0.00757	0.00505	0.00568	0.00568	0.00568	0.00505	0.00316	0.00757	0.00757	0.01010	0.01641	0.03408	0.01893	0.81698	0.02651	0.00505	0.00505	0.00757	0.00316	0.00316
72	0.01295	0.01119	0.01178	0.01060	0.01354	0.01295	0.00824	0.02767	0.77509	0.02178	0.02120	0.01943	0.01590	0.00707	0.00530	0.00177	0.00412	0.00589	0.00530	0.00824
73	0.01014	0.00957	0.01617	0.72771	0.11025	0.01165	0.01461	0.01357	0.01056	0.01367	0.00931	0.01379	0.00707	0.00515	0.00520	0.00172	0.00687	0.00463	0.00234	0.00603
74	0.01945	0.02482	0.01476	0.01342	0.01610	0.79608	0.01006	0.02079	0.01476	0.01275	0.00805	0.00939	0.00671	0.00537	0.00470	0.00134	0.00939	0.00335	0.00268	0.00604
75	0.02336	0.00886	0.01209	0.00927	0.01329	0.00765	0.00765	0.02538	0.01491	0.78810	0.02055	0.01773	0.01289	0.00645	0.00524	0.00161	0.00443	0.00524	0.00645	0.00886
76	0.01343	0.01143	0.01205	0.01069	0.01372	0.01318	0.00836	0.07952	0.72246	0.02256	0.02059	0.01894	0.01540	0.00701	0.00529	0.00175	0.00423	0.00580	0.00529	0.00829
77	0.01045	0.02694	0.79000	0.01484	0.02254	0.01209	0.01924	0.01649	0.01099	0.01649	0.00935	0.01099	0.00660	0.00495	0.00495	0.00165	0.00770	0.00385	0.00220	0.00770
78	0.04102	0.00889	0.01199	0.00921	0.01323	0.00774	0.00761	0.02517	0.01478	0.77185	0.02026	0.01753	0.01274	0.00641	0.00519	0.00161	0.00442	0.00519	0.00638	0.00879
79	0.00618	0.00528	0.00531	0.00530	0.00705	0.00441	0.00398	0.00752	0.01193	0.01421	0.06825	0.04988	0.76679	0.01313	0.00615	0.00176	0.00263	0.01096	0.00485	0.00441
80	0.01945	0.02482	0.01476	0.01342	0.01610	0.79608	0.01006	0.02079	0.01476	0.01275	0.00805	0.00939	0.00671	0.00537	0.00470	0.00134	0.00939	0.00335	0.00268	0.00604
81	0.00634	0.00453	0.00604	0.00725	0.00755	0.00423	0.00483	0.00725	0.00997	0.01329	0.02870	0.81358	0.03444	0.01632	0.00665	0.00211	0.00302	0.01480	0.00483	0.00423
82	0.00737	0.00532	0.00696	0.00655	0.00778	0.00491	0.00491	0.00983	0.01474	0.02088	0.78175	0.03890	0.04914	0.01065	0.00614	0.00164	0.00246	0.00942	0.00573	0.00491
83	0.02336	0.00886	0.01209	0.00927	0.01329	0.00765	0.00765	0.02538	0.01491	0.78810	0.02055	0.01773	0.01289	0.00645	0.00524	0.00161	0.00443	0.00524	0.00645	0.00886
84	0.00852	0.00726	0.00908	0.00888	0.00987	0.06643	0.00687	0.01024	0.00881	0.01209	0.01329	0.01972	0.01249	0.06316	0.67533	0.00746	0.04755	0.00544	0.00277	0.00475
85	0.01879	0.01409	0.01506	0.01178	0.01577	0.01568	0.00965	0.65818	0.13508	0.03119	0.01378	0.01352	0.00989	0.00637	0.00522	0.00159	0.00549	0.00487	0.00522	0.00877
86	0.00905	0.00452	0.00678	0.00678	0.00678	0.00452	0.00452	0.00678	0.00678	0.00905	0.00905	0.01583	0.00905	0.01809	0.02035	0.84848	0.00452	0.00452	0.00226	0.00226
87	0.81904	0.01002	0.00784	0.00695	0.01021	0.01151	0.00572	0.01573	0.00912	0.05535	0.00781	0.00885	0.00594	0.00490	0.00331	0.00161	0.00405	0.00292	0.00336	0.00577
88	0.00670	0.03089	0.00679	0.00728	0.00782	0.00487	0.00505	0.00770	0.01012	0.01333	0.02886	0.69808	0.06933	0.03346	0.00698	0.00214	0.00321	0.04833	0.00471	0.00432
89	0.01766	0.01285	0.01464	0.01156	0.01528	0.01399	0.03864	0.51821	0.12620	0.08116	0.03982	0.05874	0.01277	0.00700	0.00537	0.00163	0.00528	0.00566	0.00520	0.00832
90	0.01910	0.02407	0.01459	0.01326	0.01596	0.75313	0.00996	0.02117	0.05646	0.01324	0.00877	0.00994	0.00721	0.00546	0.00473	0.00136	0.00910	0.00349	0.00283	0.00616
91	0.00635	0.00459	0.00602	0.00712	0.00753	0.00425	0.00478	0.00732	0.01019	0.01350	0.04617	0.75025	0.08069	0.01600	0.00661	0.00208	0.00299	0.01446	0.00485	0.00425
92	0.03981	0.01243	0.02075	0.09096	0.63522	0.02926	0.06370	0.01590	0.01174	0.01681	0.00968	0.01282	0.00801	0.00469	0.00515	0.00157	0.00641	0.00465	0.00258	0.00784
93	0.01316	0.03833	0.08395	0.04465	0.03724	0.01049	0.08477	0.14462	0.02937	0.05722	0.01110	0.02831	0.00874	0.00496	0.00465	0.00125	0.00528	0.00423	0.00350	0.38418
94	0.67015	0.04367	0.10145	0.02171	0.02915	0.01193	0.00774	0.01527	0.00930	0.02159	0.00805	0.02633	0.00650	0.00508	0.00358	0.00161	0.00460	0.00327	0.00307	0.00595
95	0.01392	0.82012	0.02729	0.00891	0.01337	0.02061	0.00891	0.01559	0.01058	0.01225	0.00724	0.00835	0.00668	0.00446	0.00334	0.00111	0.00557	0.00278	0.00223	0.00668
96	0.01048	0.02667	0.77425	0.01499	0.02264	0.01212	0.03473	0.01650	0.01102	0.01650	0.00937	0.01106	0.00662	0.00494	0.00497	0.00165	0.00772	0.00390	0.00221	0.00768
97	0.00655	0.00529	0.00582	0.00569	0.00727	0.00456	0.00427	0.00823	0.01280	0.01626	0.28774	0.04650	0.54603	0.01237	0.00615	0.00172	0.00258	0.01048	0.00512	0.00456
98	0.00654	0.00512	0.00592	0.00609	0.00736	0.00450	0.00443	0.00808	0.01223	0.01579	0.25051	0.22250	0.40597	0.01320	0.00626	0.00181	0.00268	0.01143	0.00509	0.00450
99	0.00696	0.00515	0.00657	0.00756	0.00811	0.00504	0.00515	0.00915	0.08101	0.01408	0.02801	0.73985	0.03272	0.01546	0.00652	0.00208	0.00312	0.01398	0.00488	0.00460
100	0.01341	0.01141	0.01203	0.01069	0.01372	0.01317	0.00835	0.07725	0.72477	0.02252	0.02061	0.01897	0.01542	0.00701	0.00529	0.00175	0.00423	0.00581	0.00529	0.00828
101	0.00697	0.00529	0.00642	0.00617	0.00754	0.00474	0.00461	0.00904	0.01374	0.01859	0.53775	0.05959	0.27743	0.01156	0.00616	0.00169	0.00253	0.01003	0.00543	0.00474
102	0.02336	0.00886	0.01209	0.00927	0.01329	0.00765	0.00765	0.02538	0.01491	0.78810	0.02055	0.01773	0.01289	0.00645	0.00524	0.00161	0.00443	0.00524	0.00645	0.00886
103	0.01045	0.02694	0.79000	0.01484	0.02254	0.01209	0.01924	0.01649	0.01099	0.01649	0.00935	0.01099	0.00660	0.00495	0.00495	0.00165	0.00770	0.00385	0.00220	0.00770
104	0.01139	0.01139	0.01595	0.01367	0.01367	0.01595	0.01139	0.01253	0.00798	0.01253	0.00684	0.01139	0.00684	0.00911	0.01709	0.00228	0.80745	0.00456	0.00228	0.00570
105	0.01139	0.01139	0.01595	0.01367	0.01367	0.01595	0.01139	0.01253	0.00798	0.01253	0.00684	0.01139	0.00684	0.00911	0.01709	0.00228	0.80745	0.00456	0.00228	0.00570
106	0.01980	0.01459	0.01563	0.01198	0.01615	0.01615	0.00990	0.76713	0.02448	0.03282	0.01250	0.01250	0.00886	0.00625	0.00521	0.00156	0.00573	0.00469	0.00521	0.00886
107	0.02154	0.01090	0.01201	0.00958	0.01320	0.11117	0.00775	0.06025	0.01503	0.58533	0.01822	0.01652	0.01192	0.00626	0.00503	0.00154	0.00498	0.00493	0.07569	0.00816
108	0.00619	0.00523	0.00536	0.00543	0.00708	0.00440	0.00403	0.00751	0.01181	0.01416	0.06638	0.09758	0.72045	0.01333	0.00619	0.00178	0.00266	0.01120	0.00485	0.00440
109	0.00737	0.00532	0.00696	0.00655	0.00778	0.00491	0.00491	0.00983	0.01474	0.02088	0.78175	0.03890	0.04914	0.01065	0.00614	0.00164	0.00246	0.00942	0.00573	0.00491
110	0.01080	0.00926	0.01080	0.00771	0.01234	0.00694	0.00617	0.01311	0.01080	0.01697	0.00926	0.01080	0.00771	0.00386	0.00386	0.00077	0.00386	0.00309	0.00309	0.84882
111	0.00905	0.00452	0.00678	0.00678	0.00678	0.00452	0.00452	0.00678	0.00678	0.00905	0.00905	0.01583	0.00905	0.01809	0.02035	0.84848	0.00452	0.00452	0.00226	0.00226
112	0.01229	0.01405	0.03073	0.02195	0.02722	0.01317	0.76558	0.01668	0.01229	0.01668	0.01054	0.01405	0.00790	0.00439	0.00615	0.00176	0.00878	0.00615	0.00263	0.00702
113	0.00648	0.00492	0.00567	0.00620	0.00703	0.00444	0.00420	0.00739	0.01032	0.01306	0.03622	0.37666	0.33039	0.15080	0.00982	0.00247	0.00321	0.01206	0.00455	0.00411
114	0.00786	0.00543	0.00704	0.00660	0.00794	0.00497	0.00496	0.01022	0.01450	0.04794	0.70297	0.05578	0.08253	0.01074	0.00612	0.00165	0.00255	0.00946	0.00570	0.00502
115	0.02248	0.01029	0.01297	0.00994	0.01401	0.00977	0.00821	0.21017	0.01729	0.59995	0.01854	0.01642	0.01189	0.00640	0.00523	0.00160	0.00475	0.00510	0.00614	0.00886
116	0.01229	0.01566	0.12147	0.02205	0.11336	0.03032	0.57211	0.01667	0.01214	0.01661	0.01025	0.01344	0.00776	0.00451	0.00585	0.00171	0.00836	0.00563	0.00258	0.00722
117	0.01262	0.01210	0.02066	0.09884	0.71969	0.01230	0.01585	0.01575	0.01173	0.01669	0.00975	0.01298	0.00814	0.00469	0.00516	0.00156	0.00625	0.00464	0.00255	0.00804
118	0.01230	0.01054	0.01151	0.01081	0.03768	0.01200	0.00810	0.02521	0.66179	0.02153	0.10959	0.02149	0.01953	0.00741	0.00539	0.00174	0.00399	0.00626	0.00526	0.00785
119	0.83554	0.01005	0.00783	0.02407	0.01063	0.01168	0.00583	0.01526	0.00890	0.02315	0.00729	0.00858	0.00567	0.00484	0.00327	0.00161	0.00409	0.00286	0.00320	0.00564
120	0.02270	0.00871	0.01187	0.00915	0.01306	0.00754	0.00754	0.02473	0.01490	0.75602	0.05238	0.01861	0.01441	0.00662	0.00527	0.00161	0.00435	0.00541	0.00642	0.00870
121	0.00953	0.00806	0.02542	0.00875	0.03415	0.02374	0.02354	0.08182	0.09510	0.02063	0.45350	0.03345	0.14228	0.00967	0.00588	0.00166	0.00347	0.00837	0.00521	0.00579
122	0.00634	0.00453	0.00604	0.00725	0.00755	0.00423	0.00483	0.00725	0.00997	0.01329	0.02870	0.81358	0.03444	0.01632	0.00665	0.00211	0.00302	0.01480	0.00483	0.00423
123	0.01244	0.01192	0.02033	0.14488	0.67507	0.01226	0.01576	0.01559	0.01165	0.01647	0.00972	0.01303	0.00806	0.00472	0.00516	0.00157	0.00630	0.00464	0.00254	0.00789
124	0.00762	0.00532	0.00663	0.00658	0.00683	0.00567	0.00424	0.00815	0.00780	0.01069	0.01554	0.02989	0.01707	0.58756	0.23684	0.00590	0.02405	0.00697	0.00304	0.00362
125	0.00828	0.00565	0.00734	0.00680	0.00818	0.00525	0.00513	0.02655	0.01486	0.05307	0.71788	0.05356	0.04646	0.01049	0.00609	0.00165	0.00262	0.00925	0.00573	0.00515
126	0.20309	0.08240	0.06788	0.01060	0.01416	0.17423	0.00905	0.14678	0.17283	0.02072	0.01270	0.01359	0.02590	0.00598	0.00456	0.00156	0.00581	0.01738	0.00379	0.00700
127	0.00634	0.00453	0.00604	0.00725	0.00755	0.00423	0.00483	0.00725	0.00997	0.01329	0.02870	0.81358	0.03444	0.01632	0.00665	0.00211	0.00302	0.01480	0.00483	0.00423
128	0.03328	0.09349	0.01397	0.01108	0.01411	0.21757	0.00872	0.02443	0.48577	0.01854	0.01611	0.01550	0.01238	0.00632	0.00491	0.00159	0.00563	0.00486	0.00427	0.00746
129	0.04531	0.07961	0.38145	0.01854	0.21515	0.01265	0.07487	0.01669	0.03586	0.03189	0.00991	0.01182	0.00755	0.00485	0.00489	0.00157	0.00679	0.00418	0.00258	0.03385
130	0.05855	0.42290	0.27349	0.01122	0.01640	0.07713	0.01223	0.01644	0.02536	0.01446	0.00825	0.00958	0.00678	0.00486	0.00430	0.00137	0.02413	0.00328	0.00237	0.00691
131	0.09532	0.07428	0.64745	0.01364	0.02058	0.02977	0.01704	0.01641	0.01084	0.01684	0.00898	0.01054	0.00651	0.00491	0.00467	0.00161	0.00723	0.00367	0.00231	0.00739
132	0.00935	0.00670	0.00803	0.00728	0.00907	0.00654	0.00558	0.07336	0.07899	0.05392	0.50281	0.05150	0.14592	0.01028	0.00597	0.00167	0.00299	0.00889	0.00554	0.00560
133	0.01052	0.00877	0.01027	0.00761	0.01181	0.00667	0.00601	0.01270	0.01086	0.02998	0.01257	0.06638	0.04199	0.00513	0.00416	0.00092	0.00376	0.00424	0.00333	0.74231
134	0.01444	0.74533	0.02611	0.00933	0.01362	0.09353	0.00902	0.01608	0.01097	0.01230	0.00732	0.00845	0.00669	0.00454	0.00347	0.00114	0.00593	0.00284	0.00227	0.00662
135	0.00694	0.00536	0.00639	0.00651	0.00783	0.00487	0.00489	0.00898	0.02982	0.01662	0.30075	0.17339	0.32451	0.01278	0.00630	0.00183	0.00284	0.06959	0.00516	0.00467
136	0.13210	0.16689	0.35919	0.01335	0.06725	0.04257	0.04391	0.03222	0.01130	0.01708	0.04382	0.02943	0.00921	0.00535	0.00456	0.00154	0.00641	0.00414	0.00269	0.00699
137	0.01291	0.03120	0.05111	0.02341	0.31525	0.04198	0.31587	0.01641	0.01219	0.04988	0.01177	0.03093	0.00987	0.00542	0.00563	0.00168	0.00718	0.04703	0.00292	0.00738
138	0.00651	0.00463	0.00611	0.00724	0.00756	0.00436	0.00486	0.00742	0.00989	0.01317	0.02781	0.72913	0.03319	0.07132	0.00804	0.00233	0.00323	0.04431	0.00472	0.00418
139	0.01196	0.01135	0.01924	0.26216	0.50936	0.01205	0.03169	0.03122	0.01166	0.01615	0.01014	0.03131	0.00846	0.00510	0.00523	0.00162	0.00639	0.00490	0.00261	0.00741
140	0.25043	0.13043	0.35028	0.03000	0.05811	0.03406	0.02733	0.03516	0.01083	0.01813	0.00855	0.01013	0.00652	0.00487	0.00428	0.00155	0.00628	0.00352	0.00261	0.00693
141	0.00896	0.00626	0.00799	0.00848	0.00964	0.00627	0.00661	0.05714	0.04941	0.04068	0.04607	0.30988	0.04379	0.08009	0.00827	0.00238	0.00411	0.29414	0.00480	0.00501
142	0.00647	0.00478	0.00581	0.00656	0.00717	0.00438	0.00439	0.00735	0.01010	0.01304	0.03285	0.52193	0.21359	0.12507	0.00924	0.00243	0.00321	0.01289	0.00460	0.00412
143	0.01919	0.01471	0.01520	0.01188	0.01583	0.05385	0.00972	0.68476	0.05060	0.03095	0.01301	0.03299	0.00966	0.00649	0.00522	0.00157	0.00578	0.00492	0.00508	0.00858
144	0.02842	0.01480	0.08670	0.23457	0.20060	0.15247	0.02567	0.05915	0.05611	0.01655	0.02856	0.01317	0.00884	0.00529	0.00502	0.00155	0.00676	0.00444	0.00291	0.04842
145	0.01333	0.01309	0.01976	0.14394	0.54841	0.07631	0.03519	0.05681	0.01258	0.01696	0.00974	0.01276	0.00795	0.00486	0.00516	0.00156	0.00661	0.00458	0.00269	0.00770
146	0.01295	0.01119	0.01178	0.01060	0.01354	0.01295	0.00824	0.02767	0.77509	0.02178	0.02120	0.01943	0.01590	0.00707	0.00530	0.00177	0.00412	0.00589	0.00530	0.00824
147	0.01283	0.01267	0.03543	0.03145	0.75518	0.01238	0.03123	0.01601	0.01185	0.01700	0.00980	0.01288	0.00821	0.00464	0.00517	0.00155	0.00627	0.00466	0.00257	0.00821
148	0.00639	0.00479	0.00595	0.00684	0.00756	0.00435	0.00476	0.00747	0.01056	0.01360	0.03498	0.57872	0.23113	0.01541	0.00654	0.00203	0.00300	0.04679	0.00483	0.00430
149	0.00726	0.00524	0.00686	0.00663	0.00776	0.00484	0.00490	0.00955	0.01422	0.02005	0.69937	0.12364	0.04753	0.01127	0.00620	0.00169	0.00252	0.01001	0.00563	0.00484
150	0.00996	0.00628	0.00803	0.00719	0.00893	0.00590	0.00552	0.03948	0.03872	0.11708	0.62055	0.03493	0.05698	0.00990	0.00597	0.00164	0.00288	0.00865	0.00577	0.00564
151	0.00786	0.00599	0.00733	0.00717	0.00856	0.00584	0.00541	0.01152	0.10859	0.01894	0.46259	0.13498	0.12869	0.01142	0.00616	0.00177	0.00289	0.05370	0.00541	0.00518
152	0.01127	0.01120	0.01563	0.01342	0.01342	0.01561	0.01114	0.01238	0.00796	0.01246	0.00713	0.01210	0.00721	0.03426	0.01738	0.00236	0.78248	0.00465	0.00231	0.00562
153	0.01139	0.01139	0.01595	0.01367	0.01367	0.01595	0.01139	0.01253	0.00798	0.01253	0.00684	0.01139	0.00684	0.00911	0.01709	0.00228	0.80745	0.00456	0.00228	0.00570
154	0.00727	0.00532	0.00683	0.00645	0.00772	0.00487	0.00484	0.00964	0.01451	0.02034	0.72360	0.03979	0.10763	0.01085	0.00614	0.00165	0.00247	0.00954	0.00566	0.00487
155	0.01987	0.01446	0.01555	0.01192	0.01609	0.01596	0.00985	0.75087	0.02427	0.04938	0.01268	0.01262	0.00894	0.00626	0.00521	0.00156	0.00570	0.00470	0.00524	0.00886
156	0.01945	0.02482	0.01476	0.01342	0.01610	0.79608	0.01006	0.02079	0.01476	0.01275	0.00805	0.00939	0.00671	0.00537	0.00470	0.00134	0.00939	0.00335	0.00268	0.00604
157	0.00899	0.00660	0.00826	0.00800	0.00960	0.00665	0.00634	0.01360	0.14897	0.03941	0.46244	0.03925	0.03813	0.01072	0.00620	0.00183	0.00331	0.17066	0.00547	0.00558
158	0.00634	0.00453	0.00604	0.00725	0.00755	0.00423	0.00483	0.00725	0.00997	0.01329	0.02870	0.81358	0.03444	0.01632	0.00665	0.00211	0.00302	0.01480	0.00483	0.00423
159	0.43229	0.00946	0.00990	0.00808	0.01171	0.00964	0.00666	0.02042	0.01193	0.41152	0.01400	0.01316	0.00932	0.00565	0.00425	0.00161	0.00423	0.00405	0.00486	0.00728
160	0.01925	0.01406	0.01505	0.01160	0.01561	0.01554	0.00956	0.72656	0.02376	0.03210	0.01274	0.01287	0.00910	0.00624	0.00513	0.00154	0.00555	0.00470	0.05039	0.00864
161	0.00961	0.00639	0.00789	0.00734	0.00900	0.00612	0.00570	0.06071	0.03135	0.08004	0.40882	0.03816	0.12616	0.06536	0.00746	0.00197	0.00335	0.09897	0.02026	0.00536
162	0.00740	0.00615	0.00691	0.00776	0.00826	0.05772	0.00533	0.00834	0.01026	0.01320	0.02738	0.68667	0.06267	0.03090	0.00722	0.00211	0.02936	0.01341	0.00457	0.00438
163	0.01112	0.00925	0.01083	0.00775	0.01237	0.00696	0.00621	0.01342	0.01090	0.03659	0.00954	0.01097	0.00785	0.00392	0.00389	0.00079	0.00387	0.00314	0.00317	0.82744
164	0.00666	0.00542	0.00598	0.00618	0.00780	0.00473	0.00487	0.00826	0.01207	0.01478	0.09313	0.05108	0.59259	0.01326	0.00635	0.00187	0.00304	0.15254	0.00488	0.00450
165	0.03335	0.13130	0.41040	0.07890	0.11314	0.01301	0.06248	0.01637	0.01118	0.05495	0.00977	0.01171	0.00732	0.00547	0.01791	0.00168	0.00707	0.00407	0.00254	0.00738
166	0.01226	0.44146	0.39140	0.01174	0.01775	0.01654	0.01384	0.01602	0.01078	0.01428	0.00825	0.00961	0.00664	0.00469	0.00411	0.00137	0.00658	0.00329	0.00221	0.00717
167	0.00632	0.00528	0.00550	0.00545	0.00713	0.00447	0.00409	0.00779	0.01226	0.01499	0.15113	0.04860	0.68343	0.01285	0.00615	0.00174	0.00261	0.01078	0.00496	0.00447
168	0.00975	0.00618	0.00763	0.00692	0.00877	0.00570	0.00531	0.01266	0.06145	0.12924	0.47027	0.03705	0.19808	0.01036	0.00596	0.00167	0.00288	0.00894	0.00562	0.00558
169	0.05315	0.01024	0.01468	0.04030	0.01525	0.01113	0.14271	0.13421	0.09288	0.05381	0.12624	0.08258	0.05477	0.00806	0.00719	0.00178	0.11557	0.00678	0.02214	0.00653
170	0.02737	0.00494	0.00683	0.00681	0.00714	0.00502	0.00468	0.02478	0.00787	0.01124	0.01122	0.06547	0.01109	0.01705	0.04509	0.64901	0.00459	0.00520	0.08166	0.00293
171	0.02167	0.01036	0.01283	0.00989	0.01383	0.01000	0.00815	0.24084	0.01759	0.53363	0.03206	0.01664	0.01239	0.00646	0.00520	0.00159	0.00472	0.00514	0.02832	0.00868
172	0.01206	0.01245	0.01608	0.03045	0.04786	0.07693	0.01155	0.01335	0.00873	0.01276	0.00711	0.01135	0.00689	0.00855	0.01536	0.00216	0.69374	0.00447	0.00232	0.00584
173	0.06621	0.35537	0.09326	0.11108	0.07995	0.06474	0.01091	0.03506	0.02663	0.09803	0.00978	0.01106	0.00767	0.00500	0.00424	0.00140	0.00599	0.00368	0.00294	0.00701
174	0.00783	0.00562	0.00736	0.00687	0.00810	0.00542	0.00520	0.01011	0.01396	0.03674	0.65946	0.03700	0.07338	0.02957	0.04001	0.00202	0.03196	0.00901	0.00541	0.00496
175	0.83535	0.01016	0.00816	0.00718	0.01045	0.01172	0.02227	0.01534	0.00894	0.02322	0.00732	0.00858	0.00569	0.00482	0.00329	0.00161	0.00413	0.00289	0.00321	0.00567
176	0.02336	0.00886	0.01209	0.00927	0.01329	0.00765	0.00765	0.02538	0.01491	0.78810	0.02055	0.01773	0.01289	0.00645	0.00524	0.00161	0.00443	0.00524	0.00645	0.00886
177	0.01272	0.01220	0.02084	0.07388	0.74388	0.01233	0.01590	0.01584	0.01178	0.01681	0.00977	0.01294	0.00818	0.00467	0.00516	0.00156	0.00623	0.00464	0.00256	0.00812
178	0.00729	0.00532	0.00685	0.00647	0.00773	0.00488	0.00485	0.00967	0.01455	0.02043	0.73340	0.03964	0.09777	0.01081	0.00614	0.00165	0.00247	0.00952	0.00567	0.00488
179	0.00634	0.00453	0.00604	0.00725	0.00755	0.00423	0.00483	0.00725	0.00997	0.01329	0.02870	0.81358	0.03444	0.01632	0.00665	0.00211	0.00302	0.01480	0.00483	0.00423
180	0.00729	0.00530	0.00686	0.00652	0.00774	0.00487	0.00487	0.00964	0.01447	0.02035	0.72659	0.06430	0.07978	0.01094	0.00616	0.00166	0.00248	0.00966	0.00567	0.00487
181	0.01392	0.82012	0.02729	0.00891	0.01337	0.02061	0.00891	0.01559	0.01058	0.01225	0.00724	0.00835	0.00668	0.00446	0.00334	0.00111	0.00557	0.00278	0.00223	0.00668
182	0.02336	0.00886	0.01209	0.00927	0.01329	0.00765	0.00765	0.02538	0.01491	0.78810	0.02055	0.01773	0.01289	0.00645	0.00524	0.00161	0.00443	0.00524	0.00645	0.00886
183	0.00971	0.00485	0.00485	0.00485	0.00607	0.00485	0.00364	0.01213	0.01092	0.01942	0.01699	0.01942	0.01335	0.00607	0.00364	0.00121	0.00243	0.00485	0.84589	0.00485
184	0.01229	0.01405	0.03073	0.02195	0.02722	0.01317	0.76558	0.01668	0.01229	0.01668	0.01054	0.01405	0.00790	0.00439	0.00615	0.00176	0.00878	0.00615	0.00263	0.00702
185	0.01980	0.01459	0.01563	0.01198	0.01615	0.01615	0.00990	0.76713	0.02448	0.03282	0.01250	0.01250	0.00886	0.00625	0.00521	0.00156	0.00573	0.00469	0.00521	0.00886
186	0.00734	0.00532	0.00692	0.00652	0.00776	0.00490	0.00489	0.00977	0.01467	0.02072	0.76426	0.03917	0.06673	0.01071	0.00614	0.00164	0.00246	0.00946	0.00571	0.00490
187	0.01080	0.00926	0.01080	0.00771	0.01234	0.00694	0.00617	0.01311	0.01080	0.01697	0.00926	0.01080	0.00771	0.00386	0.00386	0.00077	0.00386	0.00309	0.00309	0.84882
188	0.01139	0.01139	0.01595	0.01367	0.01367	0.01595	0.01139	0.01253	0.00798	0.01253	0.00684	0.01139	0.00684	0.00911	0.01709	0.00228	0.80745	0.00456	0.00228	0.00570
189	0.00834	0.00596	0.00833	0.00953	0.01071	0.00595	0.00830	0.01070	0.01194	0.01553	0.02760	0.07795	0.03008	0.01443	0.00718	0.00239	0.00475	0.73075	0.00480	0.00478
190	0.00995	0.00681	0.00849	0.00744	0.00968	0.00615	0.00579	0.01314	0.06828	0.09562	0.42688	0.04864	0.06483	0.00919	0.00565	0.00155	0.00317	0.04735	0.00519	0.15621
191	0.00737	0.00532	0.00696	0.00655	0.00778	0.00491	0.00491	0.00983	0.01474	0.02088	0.78175	0.03890	0.04914	0.01065	0.00614	0.00164	0.00246	0.00942	0.00573	0.00491
192	0.01429	0.76728	0.02646	0.00921	0.01355	0.07212	0.00899	0.01594	0.01086	0.01228	0.00729	0.00842	0.00668	0.00452	0.00343	0.00113	0.00582	0.00282	0.00226	0.00664
193	0.00737	0.00532	0.00696	0.00655	0.00778	0.00491	0.00491	0.00983	0.01474	0.02088	0.78175	0.03890	0.04914	0.01065	0.00614	0.00164	0.00246	0.00942	0.00573	0.00491
194	0.01229	0.01364	0.02883	0.05147	0.13487	0.01300	0.63235	0.01646	0.01216	0.01661	0.01038	0.01388	0.00792	0.00445	0.00597	0.00173	0.00835	0.00588	0.00261	0.00715
195	0.17441	0.07799	0.03621	0.04543	0.23148	0.15527	0.02632	0.11263	0.02663	0.05288	0.00979	0.01135	0.00767	0.00514	0.00459	0.00151	0.00626	0.00398	0.00322	0.00721
196	0.00634	0.00453	0.00604	0.00725	0.00755	0.00423	0.00483	0.00725	0.00997	0.01329	0.02870	0.81358	0.03444	0.01632	0.00665	0.00211	0.00302	0.01480	0.00483	0.00423
197	0.19745	0.43525	0.01968	0.00956	0.01331	0.20543	0.00845	0.01700	0.01131	0.03153	0.00772	0.00883	0.00660	0.00480	0.00368	0.00129	0.00613	0.00298	0.00264	0.00635
198	0.04558	0.00845	0.01103	0.00877	0.01225	0.00761	0.00713	0.02227	0.05966	0.57003	0.14922	0.02097	0.01888	0.00708	0.00530	0.00160	0.00405	0.00586	0.00608	0.02821
199	0.01392	0.82012	0.02729	0.00891	0.01337	0.02061	0.00891	0.01559	0.01058	0.01225	0.00724	0.00835	0.00668	0.00446	0.00334	0.00111	0.00557	0.00278	0.00223	0.00668
200	0.00757	0.00505	0.00568	0.00568	0.00568	0.00505	0.00316	0.00757	0.00757	0.01010	0.01641	0.03408	0.01893	0.81698	0.02651	0.00505	0.00505	0.00757	0.00316	0.00316
201	0.00634	0.00453	0.00604	0.00725	0.00755	0.00423	0.00483	0.00725	0.00997	0.01329	0.02870	0.81358	0.03444	0.01632	0.00665	0.00211	0.00302	0.01480	0.00483	0.00423
202	0.00737	0.00532	0.00696	0.00655	0.00778	0.00491	0.00491	0.00983	0.01474	0.02088	0.78175	0.03890	0.04914	0.01065	0.00614	0.00164	0.00246	0.00942	0.00573	0.00491
203	0.08766	0.00882	0.01151	0.00895	0.01277	0.00788	0.00734	0.02395	0.01417	0.70043	0.01936	0.01759	0.01254	0.03543	0.00584	0.00173	0.00442	0.00513	0.00608	0.00841
204	0.01980	0.01459	0.01563	0.01198	0.01615	0.01615	0.00990	0.76713	0.02448	0.03282	0.01250	0.01250	0.00886	0.00625	0.00521	0.00156	0.00573	0.00469	0.00521	0.00886
205	0.01980	0.01459	0.01563	0.01198	0.01615	0.01615	0.00990	0.76713	0.02448	0.03282	0.01250	0.01250	0.00886	0.00625	0.00521	0.00156	0.00573	0.00469	0.00521	0.00886
206	0.01139	0.01139	0.01595	0.01367	0.01367	0.01595	0.01139	0.01253	0.00798	0.01253	0.00684	0.01139	0.00684	0.00911	0.01709	0.00228	0.80745	0.00456	0.00228	0.00570
207	0.01289	0.01237	0.02114	0.03196	0.78450	0.01237	0.01598	0.01598	0.01186	0.01701	0.00980	0.01289	0.00825	0.00464	0.00516	0.00155	0.00619	0.00464	0.00258	0.00825
208	0.00839	0.00599	0.00839	0.00959	0.01079	0.00599	0.00839	0.01079	0.01199	0.01558	0.02757	0.05874	0.02997	0.01439	0.00719	0.00240	0.00480	0.74945	0.00480	0.00480
209	0.00971	0.00485	0.00485	0.00485	0.00607	0.00485	0.00364	0.01213	0.01092	0.01942	0.01699	0.01942	0.01335	0.00607	0.00364	0.00121	0.00243	0.00485	0.84589	0.00485
210	0.85377	0.01007	0.00765	0.00685	0.01007	0.01168	0.00564	0.01531	0.00886	0.02336	0.00725	0.00846	0.00564	0.00483	0.00322	0.00161	0.00403	0.00282	0.00322	0.00564
211	0.01080	0.00926	0.01080	0.00771	0.01234	0.00694	0.00617	0.01311	0.01080	0.01697	0.00926	0.01080	0.00771	0.00386	0.00386	0.00077	0.00386	0.00309	0.00309	0.84882
212	0.01295	0.01119	0.01178	0.01060	0.01354	0.01295	0.00824	0.02767	0.77509	0.02178	0.02120	0.01943	0.01590	0.00707	0.00530	0.00177	0.00412	0.00589	0.00530	0.00824
213	0.85377	0.01007	0.00765	0.00685	0.01007	0.01168	0.00564	0.01531	0.00886	0.02336	0.00725	0.00846	0.00564	0.00483	0.00322	0.00161	0.00403	0.00282	0.00322	0.00564
214	0.00679	0.00533	0.00615	0.00604	0.00754	0.00470	0.00459	0.00865	0.01311	0.01707	0.36407	0.04574	0.43032	0.01216	0.00620	0.00174	0.00267	0.04728	0.00522	0.00464
215	0.85377	0.01007	0.00765	0.00685	0.01007	0.01168	0.00564	0.01531	0.00886	0.02336	0.00725	0.00846	0.00564	0.00483	0.00322	0.00161	0.00403	0.00282	0.00322	0.00564
216	0.00757	0.00506	0.00573	0.00571	0.00576	0.00504	0.00322	0.00765	0.00783	0.01048	0.04389	0.03425	0.02002	0.78802	0.02577	0.00493	0.00496	0.00764	0.00325	0.00322
217	0.00643	0.00460	0.00614	0.00735	0.00769	0.00431	0.00499	0.00741	0.01006	0.01339	0.02865	0.78073	0.03425	0.01623	0.00667	0.00213	0.00310	0.04678	0.00483	0.00425
218	0.00798	0.00622	0.00904	0.00876	0.00948	0.00749	0.00679	0.00948	0.00821	0.01190	0.01312	0.02026	0.01260	0.09467	0.61782	0.03352	0.10978	0.00558	0.00274	0.00459
