[name]
unknown

[dist]
# distance from previous block
# <min> <max>
23	163

[block]
# block no. 0 follows, 46 sequences, length 8
# corresponding to MSA columns:
# 205-212
name=unknown_A
#
# <colnr> <probs for GDERKNQSTAVLIFYWHMCP>
#	G	D	E	R	K	N	Q	S	T	A	V	L	I	F	Y	W	H	M	C	P
0	0.11339	0.05906	0.01210	0.08423	0.01419	0.06178	0.00783	0.13387	0.06487	0.05827	0.01441	0.12701	0.01343	0.09447	0.00754	0.00197	0.02153	0.00601	0.00391	0.10013
1	0.03265	0.02415	0.07091	0.06763	0.03358	0.03395	0.07017	0.06185	0.03400	0.03657	0.09528	0.14832	0.05110	0.05387	0.00728	0.03791	0.00493	0.00722	0.06457	0.06405
2	0.08034	0.01004	0.04685	0.07956	0.01379	0.03481	0.00812	0.14116	0.04010	0.01859	0.03690	0.13814	0.06986	0.03680	0.04578	0.03600	0.03386	0.03554	0.02366	0.07010
3	0.20525	0.00964	0.01207	0.01032	0.02684	0.01022	0.08867	0.07270	0.11298	0.01915	0.03659	0.07235	0.01245	0.02855	0.00789	0.10631	0.04141	0.00543	0.03094	0.09027
4	0.04683	0.00911	0.03150	0.09650	0.01470	0.00890	0.04088	0.08414	0.09161	0.15137	0.15099	0.09976	0.05987	0.04081	0.00641	0.00184	0.00452	0.00718	0.02040	0.03268
5	0.01049	0.00921	0.01528	0.54053	0.06382	0.01098	0.04571	0.01356	0.01066	0.04229	0.01161	0.06884	0.00977	0.00764	0.03675	0.00205	0.05247	0.00554	0.03684	0.00596
6	0.04458	0.00913	0.06779	0.06965	0.01227	0.03584	0.02706	0.06411	0.01027	0.01440	0.01413	0.11874	0.01441	0.20582	0.03358	0.15555	0.02842	0.00655	0.04010	0.02761
7	0.00801	0.00538	0.00648	0.00658	0.00686	0.00545	0.00412	0.03537	0.00877	0.01177	0.01813	0.17667	0.02063	0.52186	0.07766	0.06512	0.00538	0.00858	0.00351	0.00366

[dist]
# distance from previous block
# <min> <max>
0	11

[block]
# block no. 1 follows, 46 sequences, length 11
# corresponding to MSA columns:
# 224-234
name=unknown_B
#
# <colnr> <probs for GDERKNQSTAVLIFYWHMCP>
#	G	D	E	R	K	N	Q	S	T	A	V	L	I	F	Y	W	H	M	C	P
0	0.01405	0.01062	0.14850	0.00902	0.01244	0.00735	0.00843	0.01701	0.02734	0.28545	0.10432	0.12689	0.05053	0.00827	0.00533	0.00165	0.00429	0.00698	0.12585	0.02569
1	0.05506	0.01014	0.04792	0.00941	0.01291	0.00915	0.03003	0.14984	0.03625	0.25454	0.14781	0.03373	0.01799	0.00697	0.00515	0.00154	0.00438	0.00577	0.08074	0.08068
2	0.01122	0.01289	0.17280	0.01227	0.03669	0.00952	0.11813	0.07029	0.06781	0.05884	0.13346	0.10294	0.08821	0.00814	0.00570	0.00170	0.00529	0.01815	0.00414	0.06180
3	0.01246	0.10750	0.25445	0.08544	0.16548	0.01210	0.07883	0.01631	0.01207	0.08501	0.08689	0.01517	0.01207	0.00556	0.00512	0.00158	0.00638	0.00488	0.00312	0.02958
4	0.01439	0.08028	0.04924	0.08035	0.01513	0.00918	0.00837	0.01671	0.01194	0.23560	0.01424	0.08660	0.01158	0.00623	0.00515	0.00136	0.03096	0.00505	0.00406	0.31359
5	0.01704	0.08180	0.01619	0.06525	0.11389	0.01273	0.03250	0.24240	0.06983	0.19362	0.01526	0.01774	0.01163	0.00654	0.00526	0.00164	0.00547	0.05802	0.02516	0.00802
6	0.01429	0.08606	0.01525	0.01415	0.12468	0.11862	0.00985	0.04334	0.47280	0.01960	0.01655	0.01620	0.01274	0.00633	0.00509	0.00164	0.00538	0.00513	0.00434	0.00794
7	0.01579	0.01131	0.01160	0.00986	0.01264	0.08092	0.00774	0.30078	0.05664	0.11849	0.04987	0.16791	0.01691	0.00845	0.00538	0.00165	0.00484	0.00696	0.10510	0.00715
8	0.01363	0.70361	0.13703	0.00991	0.01491	0.01967	0.01056	0.01596	0.01080	0.01306	0.00766	0.00887	0.00677	0.00459	0.00363	0.00121	0.00596	0.00298	0.00226	0.00693
9	0.55245	0.01155	0.08015	0.07944	0.01417	0.01107	0.00793	0.01546	0.00981	0.04472	0.00845	0.00995	0.00646	0.00486	0.00377	0.00153	0.00468	0.00324	0.00317	0.12712
10	0.00937	0.00551	0.00736	0.00789	0.00886	0.00515	0.00574	0.01061	0.01095	0.12468	0.02667	0.51057	0.02972	0.08444	0.00839	0.00238	0.00374	0.12803	0.00499	0.00497

[dist]
# distance from previous block
# <min> <max>
0	4

[block]
# block no. 2 follows, 46 sequences, length 7
# corresponding to MSA columns:
# 239-245
name=unknown_C
#
# <colnr> <probs for GDERKNQSTAVLIFYWHMCP>
#	G	D	E	R	K	N	Q	S	T	A	V	L	I	F	Y	W	H	M	C	P
0	0.21822	0.01132	0.01121	0.00993	0.01307	0.01306	0.00784	0.07702	0.53279	0.02330	0.01744	0.01651	0.01309	0.00656	0.00486	0.00174	0.00428	0.00513	0.00486	0.00777
1	0.00968	0.00587	0.00761	0.00701	0.00864	0.00537	0.00541	0.01206	0.01449	0.11807	0.56610	0.03728	0.07741	0.01034	0.00604	0.00168	0.00288	0.04752	0.05107	0.00547
2	0.01436	0.43113	0.19879	0.01253	0.04476	0.01627	0.08076	0.01742	0.01160	0.11269	0.00996	0.01100	0.00774	0.00490	0.00434	0.00139	0.00632	0.00377	0.00285	0.00739
3	0.20931	0.08536	0.11390	0.11844	0.06910	0.03161	0.03775	0.12391	0.01328	0.13373	0.01098	0.01215	0.00796	0.00537	0.00464	0.00160	0.00586	0.00413	0.00362	0.00729
4	0.00648	0.00536	0.00568	0.00560	0.00728	0.00456	0.00420	0.00804	0.01260	0.01560	0.19128	0.04871	0.64054	0.01290	0.00625	0.00176	0.00264	0.01085	0.00508	0.00456
5	0.01088	0.00613	0.00763	0.00703	0.00898	0.00538	0.00534	0.01263	0.01325	0.20443	0.23433	0.16772	0.27249	0.01156	0.00610	0.00178	0.00314	0.00996	0.00555	0.00568
6	0.11813	0.08144	0.01356	0.00949	0.01337	0.01044	0.00798	0.08207	0.01452	0.53640	0.01687	0.01537	0.01109	0.00627	0.00540	0.00161	0.03743	0.00474	0.00551	0.00829

[dist]
# distance from previous block
# <min> <max>
0	1

[block]
# block no. 3 follows, 46 sequences, length 6
# corresponding to MSA columns:
# 247-252
name=unknown_D
#
# <colnr> <probs for GDERKNQSTAVLIFYWHMCP>
#	G	D	E	R	K	N	Q	S	T	A	V	L	I	F	Y	W	H	M	C	P
0	0.01530	0.01515	0.01771	0.18817	0.29979	0.18724	0.01333	0.16530	0.01493	0.01869	0.00998	0.01243	0.00786	0.00532	0.00515	0.00157	0.00708	0.00443	0.00311	0.00746
1	0.18609	0.04008	0.12545	0.06042	0.08629	0.23043	0.11446	0.01722	0.01191	0.01686	0.00902	0.01117	0.00712	0.00517	0.00505	0.00158	0.02959	0.00401	0.03150	0.00657
2	0.00918	0.00459	0.00689	0.00689	0.00689	0.00459	0.00459	0.00689	0.00689	0.00918	0.00918	0.01607	0.00918	0.01837	0.02066	0.84619	0.00459	0.00459	0.00230	0.00230
3	0.01381	0.01389	0.01485	0.01228	0.01556	0.17418	0.10728	0.06649	0.22146	0.01817	0.01543	0.04574	0.03394	0.00675	0.00582	0.00158	0.04381	0.03391	0.00388	0.15117
4	0.00653	0.00541	0.00575	0.00579	0.00748	0.00463	0.00443	0.00807	0.01236	0.01510	0.12649	0.05031	0.65172	0.01321	0.00632	0.00182	0.00281	0.06222	0.00500	0.00455
5	0.00875	0.00665	0.00825	0.00826	0.00933	0.00692	0.00604	0.09147	0.04974	0.01739	0.15605	0.47194	0.06077	0.01341	0.00709	0.00198	0.05407	0.01172	0.00497	0.00523

[dist]
# distance from previous block
# <min> <max>
0	1

[block]
# block no. 4 follows, 46 sequences, length 95
# corresponding to MSA columns:
# 254-348
name=unknown_E
#
# <colnr> <probs for GDERKNQSTAVLIFYWHMCP>
#	G	D	E	R	K	N	Q	S	T	A	V	L	I	F	Y	W	H	M	C	P
0	0.01087	0.08784	0.72869	0.01461	0.02217	0.01294	0.01873	0.01667	0.01113	0.01641	0.00932	0.01096	0.00670	0.00498	0.00490	0.00163	0.00765	0.00382	0.00223	0.00773
1	0.05579	0.11659	0.01594	0.01117	0.01504	0.13635	0.00922	0.33299	0.07545	0.16030	0.01320	0.01296	0.00950	0.00601	0.00489	0.00152	0.00594	0.00441	0.00465	0.00808
2	0.01150	0.07632	0.66576	0.01406	0.02122	0.01232	0.01767	0.01699	0.01150	0.06199	0.03614	0.01235	0.00855	0.00528	0.00498	0.00164	0.00730	0.00411	0.00261	0.00772
3	0.14291	0.05792	0.01554	0.01262	0.06221	0.09894	0.00975	0.48713	0.01990	0.02761	0.01096	0.01154	0.00812	0.00584	0.00483	0.00154	0.00598	0.00423	0.00439	0.00804
4	0.01403	0.77251	0.02672	0.00906	0.01344	0.03720	0.00893	0.01575	0.01098	0.01275	0.03360	0.00956	0.00825	0.00476	0.00352	0.00115	0.00563	0.00307	0.00239	0.00671
5	0.00918	0.00459	0.00689	0.00689	0.00689	0.00459	0.00459	0.00689	0.00689	0.00918	0.00918	0.01607	0.00918	0.01837	0.02066	0.84619	0.00459	0.00459	0.00230	0.00230
6	0.01206	0.01147	0.01928	0.28592	0.50893	0.01231	0.01545	0.01573	0.03739	0.01619	0.01016	0.01364	0.00820	0.00498	0.00526	0.00164	0.00646	0.00475	0.00262	0.00755
7	0.06521	0.01456	0.01543	0.01188	0.01606	0.01615	0.00981	0.72302	0.02400	0.03280	0.01240	0.01247	0.00881	0.00627	0.00518	0.00159	0.00572	0.00466	0.00518	0.00881
8	0.01157	0.01157	0.01619	0.01388	0.01388	0.01619	0.01157	0.01272	0.00810	0.01272	0.00694	0.01157	0.00694	0.00925	0.01735	0.00231	0.80453	0.00463	0.00231	0.00578
9	0.02372	0.00900	0.01227	0.00941	0.01350	0.00777	0.00777	0.02576	0.01513	0.78489	0.02086	0.01799	0.01309	0.00654	0.00532	0.00164	0.00450	0.00532	0.00654	0.00900
10	0.02256	0.01023	0.01296	0.01000	0.01407	0.00969	0.00824	0.17034	0.04889	0.60562	0.01929	0.01703	0.01241	0.00653	0.00531	0.00163	0.00474	0.00524	0.00625	0.00897
11	0.02303	0.01011	0.01296	0.00993	0.01405	0.00942	0.00821	0.16696	0.01699	0.64107	0.01929	0.01698	0.01230	0.00651	0.00531	0.00163	0.00475	0.00521	0.00630	0.00900
12	0.00663	0.00537	0.00588	0.00575	0.00737	0.00462	0.00432	0.00832	0.01295	0.01641	0.27697	0.04737	0.55435	0.01259	0.00624	0.00175	0.00262	0.01067	0.00519	0.00462
13	0.02354	0.00928	0.01244	0.00954	0.01364	0.00819	0.00788	0.06173	0.01561	0.74826	0.02046	0.01774	0.01289	0.00653	0.00531	0.00163	0.00456	0.00529	0.00648	0.00900
14	0.01169	0.01284	0.02701	0.16343	0.02812	0.01257	0.58374	0.01578	0.01200	0.01612	0.01148	0.05855	0.00934	0.00528	0.00609	0.00180	0.00825	0.00645	0.00274	0.00674
15	0.02010	0.01481	0.01587	0.01216	0.01639	0.01639	0.01005	0.76360	0.02486	0.03332	0.01269	0.01269	0.00899	0.00635	0.00529	0.00159	0.00582	0.00476	0.00529	0.00899
16	0.00655	0.00541	0.00577	0.00579	0.00747	0.00463	0.00442	0.00811	0.01244	0.01528	0.14714	0.04992	0.63748	0.01312	0.00631	0.00181	0.00279	0.05597	0.00503	0.00456
17	0.01267	0.08443	0.02465	0.05082	0.09984	0.02918	0.35928	0.03408	0.01140	0.01566	0.00929	0.01279	0.00763	0.00585	0.00871	0.00183	0.21725	0.00521	0.00259	0.00685
18	0.00664	0.00476	0.00632	0.00722	0.00771	0.00443	0.00492	0.00787	0.01106	0.01499	0.17495	0.66067	0.03787	0.01544	0.00665	0.00205	0.00296	0.01396	0.00508	0.00443
19	0.00643	0.00536	0.00561	0.00555	0.00725	0.00454	0.00416	0.00794	0.01249	0.01532	0.16210	0.04917	0.66990	0.01300	0.00625	0.00177	0.00265	0.01092	0.00505	0.00454
20	0.01292	0.01239	0.02115	0.07417	0.74082	0.01252	0.01614	0.01608	0.01196	0.01707	0.00991	0.01314	0.00830	0.00474	0.00524	0.00158	0.00632	0.00471	0.00260	0.00824
21	0.01315	0.01152	0.01857	0.18968	0.48519	0.01214	0.01443	0.01766	0.09972	0.06820	0.01189	0.01439	0.00931	0.00524	0.00527	0.00164	0.00608	0.00489	0.00314	0.00789
22	0.00998	0.00940	0.01586	0.80150	0.03641	0.01175	0.01468	0.01351	0.01057	0.01351	0.00940	0.01409	0.00705	0.00529	0.00529	0.00176	0.00705	0.00470	0.00235	0.00587
23	0.00681	0.00486	0.00656	0.00778	0.00825	0.00461	0.00555	0.00800	0.01048	0.01391	0.02893	0.67794	0.03416	0.01622	0.00685	0.00220	0.00339	0.14422	0.00490	0.00440
24	0.01250	0.01448	0.07808	0.04050	0.27302	0.01300	0.45480	0.01662	0.01221	0.01696	0.01034	0.01367	0.00803	0.00459	0.00581	0.00171	0.00794	0.00555	0.00262	0.00756
25	0.00918	0.00459	0.00689	0.00689	0.00689	0.00459	0.00459	0.00689	0.00689	0.00918	0.00918	0.01607	0.00918	0.01837	0.02066	0.84619	0.00459	0.00459	0.00230	0.00230
26	0.15642	0.01353	0.06321	0.05956	0.50412	0.05475	0.01396	0.01669	0.03740	0.01810	0.00975	0.01228	0.00794	0.00491	0.00487	0.00159	0.00614	0.00432	0.00279	0.00765
27	0.01270	0.06093	0.01809	0.11585	0.39466	0.03974	0.02977	0.03481	0.10190	0.01633	0.01102	0.01397	0.00909	0.00682	0.00707	0.10645	0.00604	0.00472	0.00292	0.00713
28	0.00669	0.00486	0.00635	0.00737	0.00795	0.00452	0.00518	0.00788	0.01078	0.01426	0.07705	0.62699	0.09903	0.01575	0.00673	0.00211	0.00317	0.08397	0.00496	0.00441
29	0.00793	0.00685	0.03464	0.01013	0.07039	0.01812	0.00729	0.00975	0.01140	0.01504	0.07137	0.38720	0.10108	0.01390	0.00661	0.00209	0.00401	0.21259	0.00464	0.00498
30	0.03238	0.08158	0.10701	0.00879	0.01172	0.00900	0.00799	0.09937	0.01448	0.07110	0.34243	0.05456	0.07836	0.01005	0.03405	0.00189	0.00449	0.01981	0.00477	0.00618
31	0.01040	0.00982	0.01661	0.69833	0.13633	0.01185	0.01489	0.01387	0.01077	0.01401	0.00947	0.01396	0.00723	0.00521	0.00528	0.00174	0.00694	0.00470	0.00238	0.00621
32	0.00820	0.00601	0.00746	0.00793	0.00884	0.00598	0.00559	0.08143	0.05162	0.01656	0.09616	0.62179	0.03286	0.01456	0.00649	0.00203	0.00334	0.01307	0.00505	0.00502
33	0.01318	0.27395	0.14888	0.09990	0.20451	0.02718	0.06328	0.03523	0.01183	0.04159	0.00987	0.01269	0.00811	0.00510	0.00472	0.00150	0.00653	0.02193	0.00267	0.00734
34	0.00970	0.05945	0.06753	0.01259	0.01549	0.00940	0.22147	0.01287	0.02942	0.01669	0.17465	0.15883	0.05010	0.00963	0.00656	0.00187	0.03258	0.10129	0.00404	0.00585
35	0.00647	0.00462	0.00616	0.00734	0.00767	0.00431	0.00491	0.00743	0.01024	0.01369	0.04778	0.79157	0.03534	0.01642	0.00673	0.00213	0.00305	0.01489	0.00493	0.00431
36	0.01881	0.11185	0.06401	0.01161	0.01599	0.01563	0.01018	0.54330	0.02109	0.09753	0.01296	0.03067	0.00954	0.00629	0.00508	0.00155	0.00574	0.00476	0.00484	0.00855
37	0.01428	0.00760	0.01022	0.00967	0.05780	0.00709	0.00704	0.04193	0.03315	0.29535	0.29899	0.05586	0.02839	0.05633	0.00709	0.00191	0.00392	0.05104	0.00561	0.00672
38	0.01136	0.01836	0.36854	0.01555	0.02125	0.01110	0.25200	0.01608	0.01239	0.06045	0.12617	0.01771	0.03253	0.00599	0.00564	0.00171	0.00706	0.00574	0.00321	0.00716
39	0.00651	0.00469	0.00616	0.00722	0.00766	0.00435	0.00487	0.00756	0.01055	0.01408	0.08358	0.72105	0.07012	0.01601	0.00669	0.00210	0.00301	0.01446	0.00497	0.00435
40	0.05081	0.02352	0.23997	0.01339	0.01777	0.43944	0.01255	0.04705	0.02696	0.06683	0.00976	0.01082	0.00739	0.00544	0.00485	0.00150	0.00825	0.00375	0.00300	0.00694
41	0.01277	0.01224	0.02089	0.11071	0.70544	0.01248	0.01607	0.01595	0.01189	0.01689	0.00989	0.01319	0.00824	0.00477	0.00524	0.00159	0.00636	0.00471	0.00259	0.00812
42	0.01403	0.01065	0.04302	0.00885	0.01353	0.00840	0.00746	0.09762	0.01317	0.14433	0.01163	0.01231	0.00877	0.00466	0.00434	0.00105	0.00438	0.00370	0.00389	0.58422
43	0.01486	0.69517	0.02576	0.00975	0.01395	0.12641	0.00925	0.01650	0.01128	0.01251	0.00745	0.00868	0.00679	0.00473	0.00382	0.00118	0.01996	0.00294	0.00233	0.00668
44	0.00643	0.00463	0.00611	0.00729	0.00765	0.00430	0.00487	0.00737	0.01019	0.01352	0.03003	0.78311	0.06204	0.01645	0.00673	0.00213	0.00305	0.01489	0.00491	0.00430
45	0.00918	0.00459	0.00689	0.00689	0.00689	0.00459	0.00459	0.00689	0.00689	0.00918	0.00918	0.01607	0.00918	0.01837	0.02066	0.84619	0.00459	0.00459	0.00230	0.00230
46	0.02983	0.54222	0.13238	0.01054	0.01535	0.07377	0.01067	0.10274	0.01270	0.01570	0.00833	0.00942	0.00701	0.00488	0.00394	0.00129	0.00622	0.00324	0.00266	0.00712
47	0.01462	0.74934	0.02661	0.00944	0.01381	0.08724	0.00915	0.01628	0.01111	0.01248	0.00742	0.00857	0.00679	0.00460	0.00351	0.00115	0.00599	0.00288	0.00230	0.00673
48	0.01195	0.00949	0.01111	0.00811	0.01267	0.00747	0.00649	0.01505	0.05787	0.06869	0.01090	0.01197	0.00869	0.00429	0.00410	0.00090	0.00397	0.00345	0.00350	0.73933
49	0.01082	0.02655	0.00925	0.00777	0.00980	0.03000	0.02445	0.01353	0.03838	0.14258	0.51195	0.03409	0.10026	0.00975	0.00595	0.00165	0.00333	0.00847	0.00559	0.00582
50	0.01090	0.01017	0.01470	0.10594	0.06672	0.02818	0.05100	0.03109	0.00957	0.01376	0.01042	0.02971	0.00998	0.11092	0.08847	0.00303	0.36313	0.00537	0.03126	0.00565
51	0.02372	0.00900	0.01227	0.00941	0.01350	0.00777	0.00777	0.02576	0.01513	0.78489	0.02086	0.01799	0.01309	0.00654	0.00532	0.00164	0.00450	0.00532	0.00654	0.00900
52	0.75547	0.01075	0.00871	0.00755	0.01094	0.01238	0.00622	0.10198	0.01083	0.02483	0.00798	0.00906	0.00610	0.00507	0.00350	0.00163	0.00429	0.00308	0.00350	0.00610
53	0.01263	0.01253	0.02049	0.21088	0.52063	0.04921	0.06529	0.01587	0.01186	0.01616	0.00978	0.01323	0.00797	0.00486	0.00529	0.00162	0.00679	0.00475	0.00256	0.00760
54	0.00658	0.00534	0.00581	0.00580	0.00730	0.00470	0.00427	0.00800	0.01184	0.01472	0.13784	0.07238	0.56566	0.06816	0.05588	0.00242	0.00354	0.01052	0.00478	0.00445
55	0.01970	0.01501	0.01542	0.01198	0.01602	0.05813	0.00983	0.69597	0.02382	0.03172	0.01261	0.01278	0.00904	0.00629	0.00520	0.00156	0.00590	0.00469	0.03565	0.00869
56	0.00998	0.00940	0.01586	0.80150	0.03641	0.01175	0.01468	0.01351	0.01057	0.01351	0.00940	0.01409	0.00705	0.00529	0.00529	0.00176	0.00705	0.00470	0.00235	0.00587
57	0.01060	0.02735	0.78682	0.01507	0.02288	0.01228	0.01953	0.01674	0.01116	0.01674	0.00949	0.01116	0.00670	0.00502	0.00502	0.00167	0.00781	0.00391	0.00223	0.00781
58	0.01129	0.01113	0.01655	0.06727	0.05723	0.01469	0.05464	0.01284	0.00871	0.01310	0.00820	0.01354	0.00795	0.05833	0.02921	0.00248	0.59963	0.00493	0.00242	0.00583
59	0.85155	0.01022	0.00777	0.00695	0.01022	0.01186	0.00573	0.01554	0.00900	0.02372	0.00736	0.00859	0.00573	0.00491	0.00327	0.00164	0.00409	0.00286	0.00327	0.00573
60	0.01685	0.01575	0.16333	0.03167	0.01718	0.01382	0.01142	0.45281	0.06062	0.07761	0.01428	0.06121	0.01111	0.00689	0.00537	0.00167	0.00588	0.01957	0.00468	0.00830
61	0.00643	0.00466	0.00608	0.00721	0.00763	0.00431	0.00484	0.00738	0.01027	0.01355	0.03097	0.75379	0.09075	0.01632	0.00671	0.00212	0.00304	0.01474	0.00491	0.00431
62	0.01090	0.00757	0.00960	0.00973	0.01152	0.00779	0.00812	0.10892	0.07220	0.06018	0.05078	0.13490	0.02683	0.01264	0.00669	0.00217	0.00463	0.44392	0.00509	0.00583
63	0.54048	0.01309	0.01025	0.00885	0.01218	0.13718	0.00712	0.11951	0.01253	0.06877	0.00920	0.01005	0.00692	0.00531	0.00392	0.00158	0.00519	0.00339	0.01805	0.00642
64	0.01269	0.01231	0.02146	0.12064	0.64494	0.01252	0.06575	0.01596	0.01190	0.01681	0.00993	0.01328	0.00820	0.00476	0.00531	0.00161	0.00654	0.00481	0.00259	0.00800
65	0.00769	0.00574	0.00748	0.02139	0.00965	0.00547	0.00661	0.00983	0.01267	0.01659	0.21126	0.09292	0.19867	0.01339	0.00675	0.00208	0.00377	0.35818	0.00506	0.00479
66	0.01269	0.01435	0.11786	0.04929	0.66714	0.01250	0.01660	0.01622	0.01189	0.01711	0.00987	0.01287	0.00813	0.00476	0.00521	0.00159	0.00649	0.00461	0.00256	0.00824
67	0.11508	0.13574	0.34209	0.01190	0.01745	0.01363	0.01303	0.15949	0.01384	0.08789	0.02129	0.02650	0.00870	0.00561	0.00470	0.00158	0.00622	0.00419	0.00342	0.00764
68	0.00734	0.00540	0.00687	0.00651	0.00781	0.00493	0.00488	0.00971	0.01464	0.02042	0.69716	0.04077	0.13165	0.01110	0.00624	0.00168	0.00251	0.00974	0.00572	0.00493
69	0.01412	0.01578	0.01337	0.07398	0.11223	0.36236	0.01028	0.01634	0.02618	0.01446	0.01743	0.03922	0.07845	0.00832	0.00561	0.00172	0.00709	0.17363	0.00344	0.00597
70	0.16437	0.02682	0.10421	0.02737	0.01663	0.02616	0.12089	0.06993	0.07184	0.27006	0.04020	0.01510	0.01116	0.00587	0.00505	0.00166	0.00563	0.00492	0.00447	0.00767
71	0.00753	0.00530	0.00646	0.00682	0.00734	0.00522	0.00470	0.00840	0.00946	0.01245	0.04313	0.13113	0.10005	0.42832	0.06347	0.00406	0.00506	0.14329	0.00392	0.00390
72	0.01060	0.02735	0.78682	0.01507	0.02288	0.01228	0.01953	0.01674	0.01116	0.01674	0.00949	0.01116	0.00670	0.00502	0.00502	0.00167	0.00781	0.00391	0.00223	0.00781
73	0.01292	0.06678	0.02581	0.19188	0.02733	0.01386	0.46033	0.10239	0.01337	0.01777	0.01042	0.01366	0.00784	0.00486	0.00573	0.00171	0.00793	0.00550	0.00288	0.00705
74	0.01069	0.02673	0.75120	0.01541	0.02310	0.01233	0.05453	0.01675	0.01122	0.01675	0.00954	0.01131	0.00676	0.00500	0.00508	0.00168	0.00786	0.00402	0.00225	0.00778
75	0.00644	0.00460	0.00613	0.00736	0.00767	0.00429	0.00491	0.00736	0.01012	0.01350	0.02914	0.81076	0.03497	0.01656	0.00675	0.00215	0.00307	0.01503	0.00491	0.00429
76	0.00684	0.00503	0.00636	0.00698	0.00777	0.00464	0.00496	0.00823	0.01149	0.01526	0.19091	0.43200	0.15780	0.05386	0.00759	0.00215	0.00311	0.06556	0.00501	0.00446
77	0.01081	0.07401	0.74198	0.01471	0.02233	0.01279	0.01891	0.01669	0.01114	0.01649	0.00936	0.01100	0.00670	0.00499	0.00493	0.00164	0.00769	0.00384	0.00223	0.00775
78	0.01201	0.01240	0.01674	0.01418	0.01466	0.06341	0.05207	0.01338	0.00877	0.01295	0.00740	0.01182	0.00715	0.00953	0.03571	0.00238	0.69253	0.00467	0.00237	0.00585
79	0.00642	0.00536	0.00560	0.00554	0.00725	0.00454	0.00415	0.00793	0.01246	0.01527	0.15681	0.04925	0.67521	0.01302	0.00625	0.00177	0.00265	0.01093	0.00504	0.00454
80	0.11506	0.64826	0.09403	0.00934	0.01401	0.01904	0.00959	0.01588	0.01057	0.01419	0.00754	0.00874	0.00665	0.00461	0.00353	0.00124	0.00566	0.00293	0.00238	0.00675
81	0.00807	0.00577	0.00801	0.00923	0.01025	0.00570	0.00775	0.01019	0.01173	0.01532	0.02824	0.22016	0.03140	0.01502	0.00718	0.00237	0.00448	0.58950	0.00488	0.00475
82	0.00861	0.00554	0.00672	0.00682	0.00827	0.00489	0.00500	0.01001	0.01199	0.10785	0.10881	0.32737	0.32305	0.01352	0.00635	0.00191	0.00308	0.03001	0.00519	0.00501
83	0.01225	0.01486	0.16021	0.12476	0.55059	0.01241	0.01664	0.01598	0.01170	0.01671	0.00979	0.01286	0.00790	0.00484	0.00520	0.00161	0.00665	0.00456	0.00251	0.00796
84	0.00644	0.00460	0.00613	0.00736	0.00767	0.00429	0.00491	0.00736	0.01012	0.01350	0.02914	0.81076	0.03497	0.01656	0.00675	0.00215	0.00307	0.01503	0.00491	0.00429
85	0.02372	0.00900	0.01227	0.00941	0.01350	0.00777	0.00777	0.02576	0.01513	0.78489	0.02086	0.01799	0.01309	0.00654	0.00532	0.00164	0.00450	0.00532	0.00654	0.00900
86	0.01037	0.00988	0.01660	0.67526	0.09201	0.01213	0.02862	0.01373	0.01055	0.01381	0.00930	0.01385	0.00716	0.00549	0.00610	0.00178	0.06017	0.00472	0.00237	0.00608
87	0.01060	0.02735	0.78682	0.01507	0.02288	0.01228	0.01953	0.01674	0.01116	0.01674	0.00949	0.01116	0.00670	0.00502	0.00502	0.00167	0.00781	0.00391	0.00223	0.00781
88	0.01060	0.02735	0.78682	0.01507	0.02288	0.01228	0.01953	0.01674	0.01116	0.01674	0.00949	0.01116	0.00670	0.00502	0.00502	0.00167	0.00781	0.00391	0.00223	0.00781
89	0.07873	0.10193	0.03075	0.01484	0.10413	0.53490	0.01063	0.03791	0.01395	0.01475	0.00837	0.00988	0.00696	0.00524	0.00459	0.00139	0.00825	0.00350	0.00276	0.00653
90	0.01413	0.81739	0.02770	0.00905	0.01357	0.02092	0.00905	0.01583	0.01074	0.01244	0.00735	0.00848	0.00678	0.00452	0.00339	0.00113	0.00565	0.00283	0.00226	0.00678
91	0.04102	0.01507	0.07995	0.01158	0.03016	0.14526	0.00965	0.17166	0.14828	0.11039	0.01363	0.02922	0.01033	0.00604	0.00517	0.00150	0.02053	0.00462	0.00423	0.14172
92	0.01168	0.11965	0.53186	0.01561	0.02241	0.04004	0.15324	0.01682	0.01148	0.01613	0.00941	0.01135	0.00695	0.00487	0.00504	0.00162	0.00781	0.00418	0.00233	0.00751
93	0.00663	0.00482	0.00626	0.00717	0.00776	0.00446	0.00496	0.00784	0.01099	0.01463	0.12718	0.61769	0.10416	0.01547	0.00666	0.00206	0.00302	0.03880	0.00502	0.00442
94	0.01040	0.02588	0.73485	0.01451	0.02188	0.01179	0.01856	0.01629	0.01141	0.01704	0.06074	0.01305	0.00957	0.00541	0.00510	0.00167	0.00746	0.00428	0.00247	0.00762

[dist]
# distance from previous block
# <min> <max>
1	14

[block]
# block no. 5 follows, 46 sequences, length 76
# corresponding to MSA columns:
# 363-438
name=unknown_F
#
# <colnr> <probs for GDERKNQSTAVLIFYWHMCP>
#	G	D	E	R	K	N	Q	S	T	A	V	L	I	F	Y	W	H	M	C	P
0	0.01091	0.09602	0.72083	0.01454	0.02207	0.01303	0.01862	0.01666	0.01112	0.01637	0.00930	0.01093	0.00670	0.00498	0.00488	0.00163	0.00763	0.00381	0.00223	0.00772
1	0.01834	0.01279	0.01399	0.01109	0.01485	0.01395	0.00904	0.49944	0.14486	0.11039	0.05167	0.01596	0.01272	0.00671	0.00529	0.00162	0.00512	0.00525	0.03839	0.00854
2	0.00818	0.00614	0.00782	0.00837	0.00959	0.00614	0.00658	0.01165	0.10407	0.01686	0.16963	0.25989	0.07565	0.01347	0.00666	0.00210	0.00372	0.27324	0.00512	0.00513
3	0.01381	0.01442	0.07432	0.14163	0.40974	0.06661	0.06484	0.11718	0.01372	0.01852	0.01013	0.01288	0.00801	0.00507	0.00527	0.00161	0.00684	0.00467	0.00292	0.00781
4	0.06227	0.00922	0.01202	0.00934	0.01328	0.00834	0.00769	0.05381	0.03203	0.67814	0.04372	0.01805	0.01380	0.00661	0.00525	0.00164	0.00446	0.00533	0.00629	0.00870
5	0.00650	0.00464	0.00620	0.00743	0.00776	0.00434	0.00500	0.00746	0.01018	0.01356	0.02911	0.79048	0.03484	0.01651	0.00676	0.00215	0.00312	0.03475	0.00491	0.00431
6	0.01200	0.00625	0.00816	0.00790	0.00961	0.00566	0.00585	0.01368	0.02920	0.25176	0.04273	0.42562	0.09845	0.02871	0.00664	0.00200	0.00358	0.03094	0.00540	0.00586
7	0.06926	0.15723	0.13244	0.16734	0.10277	0.07191	0.04186	0.03573	0.08678	0.05444	0.01072	0.01252	0.00826	0.00536	0.00502	0.00158	0.02237	0.00425	0.00302	0.00712
8	0.00786	0.00575	0.00769	0.00872	0.00988	0.00557	0.00730	0.00990	0.01184	0.01524	0.03194	0.17410	0.14149	0.01473	0.00706	0.00229	0.00427	0.52478	0.00488	0.00472
9	0.00998	0.00940	0.01586	0.80150	0.03641	0.01175	0.01468	0.01351	0.01057	0.01351	0.00940	0.01409	0.00705	0.00529	0.00529	0.00176	0.00705	0.00470	0.00235	0.00587
10	0.01043	0.00984	0.01627	0.61158	0.12982	0.01164	0.03078	0.01440	0.04851	0.01453	0.01200	0.01583	0.04097	0.00564	0.00535	0.00174	0.00666	0.00508	0.00265	0.00629
11	0.01546	0.12359	0.01522	0.01235	0.07473	0.20894	0.00909	0.12906	0.12067	0.06248	0.10489	0.05574	0.01570	0.02243	0.00551	0.00160	0.00592	0.00549	0.00411	0.00701
12	0.01907	0.01036	0.01247	0.00992	0.01347	0.01034	0.00809	0.28214	0.03097	0.35895	0.10281	0.05130	0.03553	0.00768	0.00553	0.00166	0.00464	0.02104	0.00586	0.00816
13	0.01330	0.01296	0.03942	0.04665	0.71153	0.01272	0.01598	0.05179	0.01260	0.01795	0.01005	0.01304	0.00834	0.00481	0.00523	0.00158	0.00631	0.00469	0.00273	0.00834
14	0.01131	0.09692	0.67137	0.01467	0.02200	0.01298	0.04655	0.01689	0.01127	0.03516	0.00962	0.01121	0.00691	0.00499	0.00493	0.00163	0.00758	0.00393	0.00236	0.00772
15	0.01294	0.01241	0.02119	0.06909	0.74574	0.01252	0.01615	0.01609	0.01197	0.01709	0.00992	0.01313	0.00831	0.00474	0.00524	0.00158	0.00632	0.00471	0.00260	0.00825
16	0.01060	0.02735	0.78682	0.01507	0.02288	0.01228	0.01953	0.01674	0.01116	0.01674	0.00949	0.01116	0.00670	0.00502	0.00502	0.00167	0.00781	0.00391	0.00223	0.00781
17	0.00677	0.00494	0.00642	0.00753	0.00797	0.00473	0.00508	0.00839	0.04787	0.01392	0.02876	0.77155	0.03403	0.01610	0.00668	0.00213	0.00312	0.01458	0.00493	0.00450
18	0.01228	0.05763	0.50312	0.01379	0.01977	0.11317	0.04562	0.01687	0.01201	0.05409	0.04759	0.05822	0.01075	0.00604	0.00514	0.00164	0.00730	0.00486	0.00285	0.00725
19	0.02372	0.00900	0.01227	0.00941	0.01350	0.00777	0.00777	0.02576	0.01513	0.78489	0.02086	0.01799	0.01309	0.00654	0.00532	0.00164	0.00450	0.00532	0.00654	0.00900
20	0.00648	0.00466	0.00616	0.00734	0.00772	0.00434	0.00496	0.00745	0.01023	0.01357	0.02997	0.76753	0.06097	0.01641	0.00674	0.00214	0.00309	0.03100	0.00491	0.00431
21	0.00644	0.00460	0.00613	0.00736	0.00767	0.00429	0.00491	0.00736	0.01012	0.01350	0.02914	0.81076	0.03497	0.01656	0.00675	0.00215	0.00307	0.01503	0.00491	0.00429
22	0.03877	0.01255	0.01403	0.01088	0.01486	0.01332	0.00896	0.49449	0.03947	0.22729	0.01517	0.01455	0.01042	0.00637	0.00516	0.00159	0.00521	0.00490	0.05335	0.00867
23	0.66608	0.01145	0.07160	0.03621	0.01253	0.01146	0.00738	0.01664	0.00988	0.10313	0.00903	0.00999	0.00663	0.00510	0.00370	0.00164	0.00454	0.00327	0.00350	0.00624
24	0.01169	0.19118	0.59900	0.01376	0.02069	0.04473	0.01699	0.01672	0.01122	0.01570	0.00899	0.01054	0.00672	0.00494	0.00467	0.00155	0.00743	0.00366	0.00226	0.00753
25	0.01478	0.01719	0.01834	0.03308	0.01782	0.31832	0.15303	0.01669	0.01171	0.01364	0.00866	0.02846	0.00770	0.00693	0.00984	0.00183	0.30856	0.00468	0.00260	0.00614
26	0.01413	0.81739	0.02770	0.00905	0.01357	0.02092	0.00905	0.01583	0.01074	0.01244	0.00735	0.00848	0.00678	0.00452	0.00339	0.00113	0.00565	0.00283	0.00226	0.00678
27	0.06414	0.01364	0.05198	0.01105	0.01497	0.03615	0.00937	0.45136	0.03347	0.02654	0.03139	0.01349	0.00994	0.00867	0.06753	0.00205	0.02431	0.00457	0.00441	0.12099
28	0.00984	0.00543	0.00601	0.04336	0.00809	0.00565	0.00459	0.02859	0.01106	0.01885	0.01650	0.01974	0.01325	0.02872	0.07102	0.00197	0.00381	0.00504	0.69346	0.00500
29	0.01873	0.01397	0.01512	0.01156	0.01578	0.01505	0.00951	0.65635	0.02283	0.03093	0.01231	0.01263	0.00892	0.00666	0.01969	0.00161	0.00574	0.00457	0.00497	0.11307
30	0.00985	0.00493	0.00493	0.00493	0.00616	0.00493	0.00370	0.01232	0.01109	0.01971	0.01725	0.01971	0.01355	0.00616	0.00370	0.00123	0.00246	0.00493	0.84356	0.00493
31	0.00763	0.00536	0.00698	0.00698	0.00739	0.00578	0.00471	0.00846	0.00805	0.01115	0.01555	0.02847	0.01656	0.47086	0.36661	0.00662	0.00913	0.00679	0.00304	0.00388
32	0.00629	0.00528	0.00547	0.00559	0.00721	0.00445	0.00413	0.00761	0.01190	0.01433	0.06488	0.13156	0.68586	0.01368	0.00630	0.00182	0.00272	0.01154	0.00493	0.00445
33	0.01060	0.02735	0.78682	0.01507	0.02288	0.01228	0.01953	0.01674	0.01116	0.01674	0.00949	0.01116	0.00670	0.00502	0.00502	0.00167	0.00781	0.00391	0.00223	0.00781
34	0.00748	0.00540	0.00707	0.00665	0.00790	0.00499	0.00499	0.00998	0.01496	0.02120	0.77844	0.03949	0.04988	0.01081	0.00624	0.00166	0.00249	0.00956	0.00582	0.00499
35	0.01248	0.01426	0.03119	0.02228	0.02763	0.01337	0.76203	0.01693	0.01248	0.01693	0.01070	0.01426	0.00802	0.00446	0.00624	0.00178	0.00891	0.00624	0.00267	0.00713
36	0.02347	0.00940	0.01252	0.00960	0.01370	0.00837	0.00793	0.07705	0.01581	0.73265	0.02029	0.01763	0.01280	0.00653	0.00531	0.00163	0.00459	0.00528	0.00646	0.00900
37	0.85155	0.01022	0.00777	0.00695	0.01022	0.01186	0.00573	0.01554	0.00900	0.02372	0.00736	0.00859	0.00573	0.00491	0.00327	0.00164	0.00409	0.00286	0.00327	0.00573
38	0.02372	0.00900	0.01227	0.00941	0.01350	0.00777	0.00777	0.02576	0.01513	0.78489	0.02086	0.01799	0.01309	0.00654	0.00532	0.00164	0.00450	0.00532	0.00654	0.00900
39	0.85155	0.01022	0.00777	0.00695	0.01022	0.01186	0.00573	0.01554	0.00900	0.02372	0.00736	0.00859	0.00573	0.00491	0.00327	0.00164	0.00409	0.00286	0.00327	0.00573
40	0.85155	0.01022	0.00777	0.00695	0.01022	0.01186	0.00573	0.01554	0.00900	0.02372	0.00736	0.00859	0.00573	0.00491	0.00327	0.00164	0.00409	0.00286	0.00327	0.00573
41	0.01319	0.01066	0.01148	0.01027	0.01316	0.01206	0.00799	0.02620	0.65692	0.06537	0.07890	0.02172	0.03342	0.00753	0.00546	0.00177	0.00405	0.00631	0.00547	0.00807
42	0.01060	0.02735	0.78682	0.01507	0.02288	0.01228	0.01953	0.01674	0.01116	0.01674	0.00949	0.01116	0.00670	0.00502	0.00502	0.00167	0.00781	0.00391	0.00223	0.00781
43	0.02010	0.01481	0.01587	0.01216	0.01639	0.01639	0.01005	0.76360	0.02486	0.03332	0.01269	0.01269	0.00899	0.00635	0.00529	0.00159	0.00582	0.00476	0.00529	0.00899
44	0.01051	0.00947	0.00966	0.01042	0.01191	0.14549	0.00882	0.01275	0.01267	0.01531	0.02448	0.05076	0.02624	0.01298	0.00685	0.00224	0.00569	0.61416	0.00449	0.00509
45	0.01413	0.81739	0.02770	0.00905	0.01357	0.02092	0.00905	0.01583	0.01074	0.01244	0.00735	0.00848	0.00678	0.00452	0.00339	0.00113	0.00565	0.00283	0.00226	0.00678
46	0.00910	0.00462	0.00682	0.00682	0.00682	0.00462	0.00451	0.00693	0.00693	0.00924	0.00961	0.01713	0.00975	0.06373	0.02102	0.79825	0.00462	0.00477	0.00235	0.00235
47	0.02372	0.00900	0.01227	0.00941	0.01350	0.00777	0.00777	0.02576	0.01513	0.78489	0.02086	0.01799	0.01309	0.00654	0.00532	0.00164	0.00450	0.00532	0.00654	0.00900
48	0.03975	0.01171	0.02825	0.01143	0.04696	0.01146	0.00910	0.31261	0.01844	0.41225	0.01661	0.01571	0.01113	0.02260	0.00569	0.00168	0.00515	0.00504	0.00567	0.00876
49	0.00852	0.00608	0.00852	0.00974	0.01095	0.00608	0.00852	0.01095	0.01217	0.01582	0.02799	0.05963	0.03042	0.01460	0.00730	0.00243	0.00487	0.74565	0.00487	0.00487
50	0.00726	0.00531	0.00682	0.00661	0.00781	0.00487	0.00490	0.00949	0.01420	0.01978	0.63612	0.12258	0.11121	0.01164	0.00629	0.00172	0.00257	0.01028	0.00564	0.00487
51	0.00824	0.00593	0.00818	0.00933	0.01051	0.00586	0.00801	0.01050	0.01200	0.01556	0.02935	0.11810	0.06781	0.01470	0.00721	0.00238	0.00462	0.65203	0.00487	0.00480
52	0.01385	0.03596	0.10377	0.13903	0.02519	0.21849	0.35389	0.01746	0.01267	0.01523	0.00963	0.01253	0.00739	0.00491	0.00551	0.00164	0.00860	0.00493	0.00258	0.00674
53	0.00852	0.00608	0.00852	0.00974	0.01095	0.00608	0.00852	0.01095	0.01217	0.01582	0.02799	0.05963	0.03042	0.01460	0.00730	0.00243	0.00487	0.74565	0.00487	0.00487
54	0.00755	0.00566	0.00850	0.00850	0.00944	0.00661	0.00661	0.00944	0.00850	0.01227	0.01416	0.02077	0.01322	0.03965	0.79326	0.00850	0.01416	0.00566	0.00283	0.00472
55	0.01257	0.01182	0.01971	0.16486	0.59365	0.01227	0.01534	0.04225	0.01224	0.01710	0.01117	0.01489	0.02420	0.00523	0.00530	0.00162	0.00630	0.01889	0.00275	0.00781
56	0.01270	0.00950	0.01102	0.01019	0.01252	0.01022	0.00827	0.26895	0.12085	0.02237	0.04177	0.17345	0.02249	0.01102	0.00622	0.00198	0.00471	0.24001	0.00511	0.00665
57	0.00918	0.00459	0.00689	0.00689	0.00689	0.00459	0.00459	0.00689	0.00689	0.00918	0.00918	0.01607	0.00918	0.01837	0.02066	0.84619	0.00459	0.00459	0.00230	0.00230
58	0.09718	0.00911	0.01187	0.00919	0.01320	0.00813	0.00759	0.02486	0.01459	0.71735	0.01966	0.01716	0.01243	0.00640	0.00513	0.00164	0.00446	0.00510	0.00625	0.00871
59	0.01172	0.01404	0.07506	0.02025	0.02521	0.01234	0.63570	0.01590	0.01215	0.01656	0.01258	0.09887	0.01081	0.00578	0.00622	0.00181	0.00822	0.00703	0.00288	0.00687
60	0.01079	0.01029	0.01711	0.59167	0.04996	0.01247	0.07622	0.03148	0.04713	0.01467	0.00995	0.01409	0.00763	0.00567	0.00646	0.00181	0.07892	0.00488	0.00259	0.00622
61	0.01049	0.00985	0.01636	0.63076	0.13133	0.01199	0.01442	0.01378	0.01061	0.01409	0.00949	0.01392	0.00736	0.00549	0.00604	0.00176	0.05962	0.00470	0.02177	0.00617
62	0.72316	0.04893	0.01016	0.00974	0.09176	0.01237	0.00699	0.01563	0.00940	0.02250	0.00763	0.00906	0.00606	0.00487	0.00348	0.00160	0.00440	0.00306	0.00315	0.00606
63	0.00759	0.00551	0.00774	0.00774	0.00842	0.00620	0.00566	0.00895	0.00827	0.01171	0.01485	0.02461	0.01488	0.25484	0.58035	0.00756	0.01165	0.00623	0.00294	0.00430
64	0.23252	0.01371	0.13236	0.08148	0.14621	0.02753	0.01121	0.09600	0.07711	0.06749	0.02741	0.01444	0.03935	0.00582	0.00477	0.00165	0.00553	0.00457	0.00362	0.00722
65	0.00838	0.00562	0.00732	0.00683	0.00826	0.00515	0.00519	0.01080	0.01479	0.06431	0.68713	0.03922	0.07812	0.01076	0.00621	0.00168	0.00267	0.02657	0.00580	0.00519
66	0.01510	0.01163	0.01269	0.01119	0.02949	0.01303	0.00866	0.15490	0.54295	0.08943	0.02048	0.01898	0.03315	0.00708	0.00538	0.00174	0.00450	0.00581	0.00540	0.00843
67	0.00764	0.00565	0.00717	0.00682	0.00813	0.00533	0.00510	0.01060	0.05198	0.02046	0.66162	0.07990	0.08744	0.01107	0.00622	0.00170	0.00262	0.00976	0.00570	0.00509
68	0.00742	0.00546	0.00700	0.00686	0.00815	0.00503	0.00527	0.00973	0.01417	0.01954	0.58407	0.06072	0.13849	0.01170	0.00637	0.00178	0.00280	0.09496	0.00558	0.00489
69	0.01305	0.57429	0.26129	0.01090	0.01643	0.01826	0.01227	0.01611	0.01087	0.01376	0.00801	0.00931	0.00676	0.00468	0.00389	0.00130	0.00632	0.00316	0.00225	0.00710
70	0.01053	0.02681	0.76792	0.01486	0.02252	0.01210	0.01918	0.01658	0.01125	0.01685	0.02812	0.01185	0.00774	0.00516	0.00505	0.00167	0.00768	0.00404	0.00232	0.00774
71	0.00944	0.00625	0.00868	0.00960	0.01102	0.00615	0.00836	0.01182	0.01236	0.06521	0.02819	0.05673	0.04846	0.01405	0.00715	0.00237	0.00479	0.67929	0.00498	0.00512
72	0.01140	0.00906	0.01074	0.02544	0.01263	0.00704	0.00632	0.01365	0.01101	0.05597	0.01052	0.01276	0.00878	0.04421	0.00515	0.00107	0.00404	0.00355	0.02266	0.72399
73	0.85155	0.01022	0.00777	0.00695	0.01022	0.01186	0.00573	0.01554	0.00900	0.02372	0.00736	0.00859	0.00573	0.00491	0.00327	0.00164	0.00409	0.00286	0.00327	0.00573
74	0.01089	0.09059	0.72605	0.01459	0.02214	0.01297	0.01869	0.01667	0.01113	0.01640	0.00932	0.01095	0.00670	0.00498	0.00489	0.00163	0.00764	0.00382	0.00223	0.00773
75	0.00719	0.00783	0.08223	0.05211	0.01068	0.00587	0.00650	0.00944	0.02328	0.01514	0.09611	0.06349	0.54270	0.01198	0.00612	0.00180	0.00355	0.04443	0.00457	0.00498

[dist]
# distance from previous block
# <min> <max>
0	1

[block]
# block no. 6 follows, 46 sequences, length 56
# corresponding to MSA columns:
# 440-495
name=unknown_G
#
# <colnr> <probs for GDERKNQSTAVLIFYWHMCP>
#	G	D	E	R	K	N	Q	S	T	A	V	L	I	F	Y	W	H	M	C	P
0	0.85155	0.01022	0.00777	0.00695	0.01022	0.01186	0.00573	0.01554	0.00900	0.02372	0.00736	0.00859	0.00573	0.00491	0.00327	0.00164	0.00409	0.00286	0.00327	0.00573
1	0.00625	0.00536	0.00536	0.00536	0.00714	0.00446	0.00402	0.00759	0.01205	0.01428	0.05355	0.05088	0.77909	0.01339	0.00625	0.00179	0.00268	0.01116	0.00491	0.00446
2	0.01308	0.01256	0.02146	0.03245	0.78123	0.01256	0.01622	0.01622	0.01204	0.01727	0.00994	0.01308	0.00837	0.00471	0.00523	0.00157	0.00628	0.00471	0.00262	0.00837
3	0.00998	0.00940	0.01586	0.80150	0.03641	0.01175	0.01468	0.01351	0.01057	0.01351	0.00940	0.01409	0.00705	0.00529	0.00529	0.00176	0.00705	0.00470	0.00235	0.00587
4	0.02372	0.00900	0.01227	0.00941	0.01350	0.00777	0.00777	0.02576	0.01513	0.78489	0.02086	0.01799	0.01309	0.00654	0.00532	0.00164	0.00450	0.00532	0.00654	0.00900
5	0.01294	0.01117	0.01175	0.01059	0.01355	0.01289	0.00824	0.02747	0.74870	0.02188	0.02249	0.02067	0.03922	0.00736	0.00541	0.00179	0.00414	0.00613	0.00537	0.00825
6	0.00626	0.00531	0.00541	0.00549	0.00718	0.00445	0.00408	0.00757	0.01192	0.01423	0.05195	0.10079	0.73021	0.01360	0.00628	0.00181	0.00270	0.01141	0.00491	0.00445
7	0.01256	0.01246	0.03960	0.14586	0.65218	0.01243	0.01608	0.01584	0.01180	0.01670	0.00985	0.01319	0.00814	0.00480	0.00524	0.00160	0.00643	0.00469	0.00257	0.00799
8	0.00731	0.00527	0.00691	0.00677	0.00786	0.00487	0.00497	0.00953	0.01414	0.01989	0.65134	0.17032	0.04735	0.01178	0.00632	0.00174	0.00259	0.01049	0.00566	0.00487
9	0.01421	0.64419	0.10658	0.01020	0.01481	0.08979	0.01032	0.01634	0.01111	0.01294	0.00764	0.00893	0.00678	0.00476	0.00400	0.00124	0.02401	0.00303	0.00230	0.00681
10	0.85155	0.01022	0.00777	0.00695	0.01022	0.01186	0.00573	0.01554	0.00900	0.02372	0.00736	0.00859	0.00573	0.00491	0.00327	0.00164	0.00409	0.00286	0.00327	0.00573
11	0.01096	0.10507	0.62550	0.01500	0.04312	0.01291	0.05169	0.01630	0.01117	0.01621	0.01006	0.04048	0.00785	0.00536	0.00498	0.00164	0.00743	0.00434	0.00236	0.00756
12	0.00897	0.00780	0.00874	0.00859	0.00957	0.09608	0.00641	0.01046	0.00909	0.01198	0.01393	0.02198	0.01357	0.17529	0.56521	0.00707	0.01200	0.00577	0.00289	0.00461
13	0.06132	0.00928	0.01220	0.00940	0.01346	0.00829	0.00777	0.05399	0.01523	0.72097	0.01992	0.01736	0.01259	0.00646	0.00522	0.00163	0.00453	0.00518	0.00635	0.00885
14	0.00765	0.00528	0.00655	0.00655	0.00682	0.00555	0.00418	0.00819	0.00792	0.01083	0.01594	0.03061	0.01749	0.59123	0.24753	0.00610	0.00773	0.00711	0.00310	0.00364
15	0.85155	0.01022	0.00777	0.00695	0.01022	0.01186	0.00573	0.01554	0.00900	0.02372	0.00736	0.00859	0.00573	0.00491	0.00327	0.00164	0.00409	0.00286	0.00327	0.00573
16	0.00756	0.00563	0.00832	0.00832	0.00920	0.00651	0.00638	0.00933	0.00844	0.01214	0.01432	0.02168	0.01361	0.09052	0.74292	0.00827	0.01357	0.00580	0.00286	0.00462
17	0.02328	0.00890	0.01213	0.00933	0.01335	0.00770	0.00770	0.02534	0.01513	0.76442	0.04117	0.01857	0.01407	0.00666	0.00534	0.00164	0.00444	0.00543	0.00652	0.00889
18	0.01308	0.01256	0.02146	0.03245	0.78123	0.01256	0.01622	0.01622	0.01204	0.01727	0.00994	0.01308	0.00837	0.00471	0.00523	0.00157	0.00628	0.00471	0.00262	0.00837
19	0.02179	0.01060	0.01308	0.01019	0.01420	0.01034	0.00836	0.19848	0.09491	0.53106	0.01902	0.01693	0.01244	0.00656	0.00532	0.00164	0.00477	0.00525	0.00613	0.00893
20	0.01060	0.02735	0.78682	0.01507	0.02288	0.01228	0.01953	0.01674	0.01116	0.01674	0.00949	0.01116	0.00670	0.00502	0.00502	0.00167	0.00781	0.00391	0.00223	0.00781
21	0.00970	0.00593	0.00757	0.00686	0.00861	0.00532	0.00525	0.01194	0.01454	0.13318	0.55438	0.03807	0.15702	0.01057	0.00610	0.00168	0.00282	0.00918	0.00579	0.00550
22	0.85155	0.01022	0.00777	0.00695	0.01022	0.01186	0.00573	0.01554	0.00900	0.02372	0.00736	0.00859	0.00573	0.00491	0.00327	0.00164	0.00409	0.00286	0.00327	0.00573
23	0.00794	0.00551	0.00721	0.00673	0.00806	0.00507	0.00507	0.01042	0.01497	0.04271	0.75710	0.03888	0.04885	0.01069	0.00621	0.00166	0.00255	0.00944	0.00584	0.00510
24	0.01157	0.01157	0.01619	0.01388	0.01388	0.01619	0.01157	0.01272	0.00810	0.01272	0.00694	0.01157	0.00694	0.00925	0.01735	0.00231	0.80453	0.00463	0.00231	0.00578
25	0.00998	0.00940	0.01586	0.80150	0.03641	0.01175	0.01468	0.01351	0.01057	0.01351	0.00940	0.01409	0.00705	0.00529	0.00529	0.00176	0.00705	0.00470	0.00235	0.00587
26	0.00644	0.00460	0.00613	0.00736	0.00767	0.00429	0.00491	0.00736	0.01012	0.01350	0.02914	0.81076	0.03497	0.01656	0.00675	0.00215	0.00307	0.01503	0.00491	0.00429
27	0.00748	0.00540	0.00707	0.00665	0.00790	0.00499	0.00499	0.00998	0.01496	0.02120	0.77844	0.03949	0.04988	0.01081	0.00624	0.00166	0.00249	0.00956	0.00582	0.00499
28	0.00998	0.00940	0.01586	0.80150	0.03641	0.01175	0.01468	0.01351	0.01057	0.01351	0.00940	0.01409	0.00705	0.00529	0.00529	0.00176	0.00705	0.00470	0.00235	0.00587
29	0.00625	0.00536	0.00536	0.00536	0.00714	0.00446	0.00402	0.00759	0.01205	0.01428	0.05355	0.05088	0.77909	0.01339	0.00625	0.00179	0.00268	0.01116	0.00491	0.00446
30	0.02010	0.01481	0.01587	0.01216	0.01639	0.01639	0.01005	0.76360	0.02486	0.03332	0.01269	0.01269	0.00899	0.00635	0.00529	0.00159	0.00582	0.00476	0.00529	0.00899
