[name]
unknown

[dist]
# distance from previous block
# <min> <max>
0	0

[block]
# block no. 0 follows, 31 sequences, length 9
# corresponding to MSA columns:
# 42-50
name=unknown_A
#
# <colnr> <probs for GDERKNQSTAVLIFYWHMCP>
#	G	D	E	R	K	N	Q	S	T	A	V	L	I	F	Y	W	H	M	C	P
0	0.01102	0.00787	0.01102	0.01260	0.01417	0.00787	0.01102	0.01417	0.01575	0.02047	0.03622	0.07717	0.03937	0.01890	0.00945	0.00315	0.00630	0.67084	0.00630	0.00630
1	0.01607	0.01262	0.01458	0.01105	0.01663	0.01077	0.00880	0.02232	0.15198	0.07934	0.01646	0.01717	0.01282	0.00618	0.00559	0.00136	0.00520	0.00501	0.00498	0.58108
2	0.02635	0.01862	0.02020	0.01548	0.02095	0.02041	0.01279	0.64633	0.03126	0.09215	0.01719	0.01692	0.01202	0.00823	0.00685	0.00206	0.00740	0.00621	0.00696	0.01164
3	0.01292	0.01216	0.02052	0.74312	0.04712	0.01520	0.01900	0.01748	0.01368	0.01748	0.01216	0.01824	0.00912	0.00684	0.00684	0.00228	0.00912	0.00608	0.00304	0.00760
4	0.01548	0.01463	0.02300	0.01661	0.02283	0.01268	0.22974	0.04995	0.04788	0.02340	0.01363	0.01620	0.01078	0.00563	0.00621	0.00154	0.00729	0.00562	0.00412	0.47278
5	0.01321	0.01265	0.01109	0.01022	0.01255	0.14625	0.00723	0.01464	0.01406	0.01730	0.02801	0.16036	0.13216	0.21720	0.01456	0.00321	0.00645	0.01009	0.00475	0.16401
6	0.01560	0.01146	0.01345	0.01052	0.01532	0.00962	0.00828	0.08466	0.01648	0.09146	0.02273	0.12487	0.07851	0.00912	0.00621	0.00159	0.00509	0.00764	0.00529	0.46208
7	0.01715	0.01304	0.01490	0.01122	0.01672	0.01142	0.00902	0.12785	0.06318	0.08157	0.01916	0.01972	0.06205	0.00700	0.00584	0.00145	0.00543	0.00560	0.00521	0.50249
8	0.06414	0.05438	0.02128	0.10451	0.02421	0.01948	0.06070	0.38433	0.13910	0.03406	0.01691	0.01775	0.01241	0.00783	0.00669	0.00212	0.00752	0.00629	0.00582	0.01047

[dist]
# distance from previous block
# <min> <max>
2	13

[block]
# block no. 1 follows, 31 sequences, length 33
# corresponding to MSA columns:
# 69-85,90-105
name=unknown_B
#
# <colnr> <probs for GDERKNQSTAVLIFYWHMCP>
#	G	D	E	R	K	N	Q	S	T	A	V	L	I	F	Y	W	H	M	C	P
0	0.01798	0.01681	0.01556	0.01385	0.01711	0.16098	0.01072	0.06050	0.26627	0.05789	0.02486	0.10450	0.06510	0.01060	0.00834	0.00221	0.07362	0.00829	0.00568	0.05915
1	0.01465	0.01373	0.02349	0.27007	0.34809	0.01467	0.05620	0.01883	0.01500	0.02042	0.01627	0.02671	0.01462	0.00829	0.00728	0.00230	0.00837	0.10832	0.00372	0.00897
2	0.01872	0.01490	0.01536	0.01328	0.01705	0.05496	0.01027	0.14497	0.36618	0.07576	0.02396	0.06063	0.01943	0.08424	0.00967	0.00262	0.00623	0.00784	0.00640	0.04752
3	0.11368	0.01562	0.05996	0.32047	0.20480	0.01639	0.01740	0.11184	0.03339	0.02433	0.01299	0.01676	0.00994	0.00682	0.00649	0.00216	0.00815	0.00579	0.00388	0.00915
4	0.04903	0.00840	0.00985	0.00899	0.01145	0.00794	0.00685	0.01661	0.06909	0.11090	0.34789	0.04734	0.21585	0.04889	0.00894	0.00241	0.00403	0.01135	0.00699	0.00719
5	0.00847	0.00632	0.00788	0.00880	0.00981	0.00573	0.00610	0.01007	0.01455	0.01910	0.14019	0.49761	0.20155	0.01944	0.00849	0.00258	0.00375	0.01730	0.00652	0.00573
6	0.01053	0.00746	0.00823	0.00807	0.00861	0.00761	0.00488	0.01258	0.07969	0.01515	0.02538	0.04426	0.07061	0.63496	0.03025	0.00591	0.00630	0.01003	0.00457	0.00492
7	0.00838	0.00602	0.00787	0.00933	0.00980	0.00560	0.00622	0.00955	0.01311	0.01737	0.03864	0.69744	0.07633	0.04710	0.00962	0.00289	0.00404	0.01888	0.00627	0.00552
8	0.01719	0.00963	0.01124	0.00967	0.01304	0.00899	0.00763	0.06441	0.06808	0.22958	0.10930	0.04166	0.27867	0.01227	0.00724	0.00215	0.00452	0.01017	0.08618	0.00838
9	0.00825	0.00630	0.00758	0.00862	0.00968	0.00563	0.00595	0.00963	0.01397	0.01782	0.04880	0.51316	0.28003	0.01999	0.00851	0.00261	0.00379	0.01769	0.00635	0.00563
10	0.01802	0.01401	0.01520	0.01348	0.01738	0.01580	0.01053	0.03489	0.60215	0.09776	0.06175	0.02657	0.02266	0.00943	0.00701	0.00229	0.00535	0.00788	0.00714	0.01069
11	0.00905	0.00753	0.00799	0.00796	0.01016	0.00682	0.00593	0.01243	0.07707	0.02009	0.12027	0.12975	0.52724	0.01672	0.00805	0.00234	0.00367	0.01416	0.00651	0.00626
12	0.02196	0.01634	0.01770	0.01432	0.01869	0.01799	0.01146	0.50339	0.09567	0.03678	0.02065	0.11702	0.01769	0.04734	0.00849	0.00240	0.00680	0.00827	0.00666	0.01037
13	0.07280	0.01367	0.01675	0.01292	0.01820	0.01323	0.01067	0.20315	0.02239	0.50798	0.02329	0.02084	0.01504	0.00828	0.00672	0.00210	0.00623	0.00652	0.00781	0.01140
14	0.02501	0.01764	0.01917	0.01473	0.02003	0.01906	0.01213	0.57871	0.02944	0.08650	0.01719	0.01721	0.01220	0.00804	0.00665	0.00198	0.00706	0.00610	0.04577	0.05539
15	0.14362	0.00792	0.00918	0.00923	0.01105	0.00779	0.00677	0.01399	0.01541	0.06992	0.25247	0.32974	0.06674	0.01549	0.00762	0.00240	0.00406	0.01351	0.00652	0.00657
16	0.00901	0.00673	0.00837	0.00845	0.00993	0.00609	0.00615	0.01143	0.01705	0.02310	0.41152	0.22081	0.20325	0.01648	0.00823	0.00233	0.00346	0.01450	0.00699	0.00609
17	0.00850	0.00680	0.00711	0.00721	0.00891	0.00594	0.00505	0.00983	0.01423	0.01731	0.05708	0.10650	0.52375	0.17542	0.01381	0.00326	0.00417	0.01381	0.00588	0.00541
18	0.00897	0.00639	0.00765	0.00832	0.00888	0.00603	0.00533	0.00984	0.01244	0.01630	0.05748	0.35722	0.13548	0.30644	0.01872	0.00418	0.00490	0.01482	0.00553	0.00507
19	0.01030	0.00729	0.00830	0.00845	0.00949	0.00708	0.00573	0.04600	0.01349	0.01779	0.03540	0.18113	0.17414	0.33978	0.01969	0.00428	0.00532	0.05653	0.04441	0.00540
20	0.13945	0.01496	0.01644	0.01324	0.01813	0.01593	0.01079	0.24497	0.17078	0.25229	0.02123	0.01979	0.01469	0.00825	0.00650	0.00214	0.00621	0.00637	0.00700	0.01085
21	0.00840	0.00668	0.00736	0.00769	0.00932	0.00584	0.00546	0.00996	0.01480	0.01841	0.10019	0.22476	0.45872	0.07842	0.01041	0.00276	0.00383	0.01511	0.00625	0.00564
22	0.00831	0.00641	0.00760	0.00843	0.00967	0.00570	0.00589	0.00984	0.01447	0.01846	0.09043	0.43610	0.31549	0.01934	0.00843	0.00255	0.00372	0.01701	0.00642	0.00570
23	0.00962	0.00721	0.01020	0.01020	0.01139	0.00806	0.00773	0.01172	0.01134	0.01585	0.02378	0.03276	0.08757	0.12677	0.58245	0.00964	0.01554	0.00833	0.00399	0.00586
24	0.00973	0.00663	0.00733	0.00742	0.00793	0.00641	0.00449	0.01030	0.01135	0.01517	0.03047	0.08644	0.14048	0.54558	0.02695	0.00537	0.00573	0.01099	0.05660	0.00464
25	0.00834	0.00613	0.00783	0.00912	0.00983	0.00562	0.00619	0.00968	0.01367	0.01794	0.06415	0.63168	0.14357	0.02059	0.00862	0.00269	0.00387	0.01849	0.00639	0.00562
26	0.00982	0.00714	0.01005	0.01005	0.01095	0.00804	0.00738	0.01161	0.01072	0.01518	0.01919	0.03165	0.01918	0.24035	0.54625	0.00983	0.01520	0.00803	0.00379	0.00558
27	0.01247	0.01129	0.01616	0.01461	0.01520	0.01498	0.01188	0.01442	0.01073	0.01618	0.01348	0.02070	0.01289	0.03091	0.36420	0.00684	0.39628	0.00663	0.00332	0.00682
28	0.01025	0.00689	0.00886	0.00985	0.01073	0.00663	0.00673	0.01267	0.05957	0.05722	0.03555	0.62607	0.04091	0.06085	0.00996	0.00292	0.00432	0.01744	0.00639	0.00617
29	0.01135	0.00629	0.00944	0.00944	0.00975	0.00660	0.00660	0.00975	0.00944	0.01290	0.01352	0.02234	0.01321	0.03076	0.20589	0.60041	0.00909	0.00629	0.00315	0.00377
30	0.01386	0.06274	0.01763	0.01631	0.08529	0.05577	0.02500	0.03985	0.03070	0.01827	0.01845	0.05910	0.05167	0.04190	0.26220	0.00547	0.17693	0.00751	0.00390	0.00746
31	0.02226	0.01677	0.01746	0.01399	0.01832	0.04058	0.01117	0.47893	0.09501	0.03602	0.01840	0.02128	0.01448	0.10043	0.01013	0.00260	0.00708	0.00674	0.05821	0.01017
32	0.00837	0.00603	0.00787	0.00931	0.00980	0.00560	0.00621	0.00956	0.01313	0.01738	0.03893	0.69340	0.08169	0.04558	0.00956	0.00288	0.00403	0.01886	0.00628	0.00552

[dist]
# distance from previous block
# <min> <max>
0	1

[block]
# block no. 2 follows, 31 sequences, length 9
# corresponding to MSA columns:
# 107,108,111-116,118
name=unknown_C
#
# <colnr> <probs for GDERKNQSTAVLIFYWHMCP>
#	G	D	E	R	K	N	Q	S	T	A	V	L	I	F	Y	W	H	M	C	P
0	0.01385	0.00934	0.01187	0.01149	0.04672	0.00910	0.00819	0.10520	0.01965	0.08759	0.39876	0.11850	0.06873	0.04893	0.00909	0.00242	0.00452	0.01148	0.00699	0.00758
1	0.01955	0.05473	0.02149	0.06893	0.07948	0.31700	0.01487	0.02161	0.01498	0.01712	0.01021	0.01408	0.00907	0.00882	0.01251	0.00229	0.29675	0.00524	0.00325	0.00801
2	0.08238	0.01255	0.01913	0.54199	0.03853	0.01531	0.01666	0.01758	0.01321	0.01892	0.01160	0.01694	0.00904	0.00719	0.00811	0.00224	0.08602	0.00569	0.00322	0.07370
3	0.02544	0.01652	0.01857	0.01431	0.01969	0.01731	0.01175	0.43854	0.07349	0.19629	0.01926	0.01843	0.01335	0.00807	0.00671	0.00200	0.00678	0.00625	0.00698	0.08027
4	0.01467	0.01395	0.02368	0.43708	0.33947	0.01566	0.01987	0.01901	0.01451	0.01961	0.01247	0.01767	0.00987	0.00652	0.00681	0.00217	0.00869	0.00609	0.00319	0.00901
5	0.01702	0.01470	0.01547	0.01392	0.01779	0.01702	0.01083	0.03635	0.70453	0.02862	0.02785	0.02553	0.02088	0.00928	0.00696	0.00232	0.00541	0.00773	0.00696	0.01083
6	0.01533	0.01519	0.01223	0.01100	0.01414	0.18379	0.00845	0.12944	0.01930	0.02222	0.04620	0.04459	0.42531	0.01331	0.00741	0.00213	0.00629	0.01062	0.00575	0.00728
7	0.01419	0.01216	0.01419	0.01013	0.01621	0.00912	0.00811	0.01723	0.01419	0.02229	0.01216	0.01419	0.01013	0.00507	0.00507	0.00101	0.00507	0.00405	0.00405	0.80139
8	0.00992	0.00675	0.00806	0.00806	0.00827	0.00696	0.00489	0.01033	0.01013	0.01371	0.02101	0.04174	0.02356	0.63947	0.15311	0.00737	0.00862	0.00950	0.00406	0.00448

[dist]
# distance from previous block
# <min> <max>
6	9

[block]
# block no. 3 follows, 31 sequences, length 18
# corresponding to MSA columns:
# 134-151
name=unknown_D
#
# <colnr> <probs for GDERKNQSTAVLIFYWHMCP>
#	G	D	E	R	K	N	Q	S	T	A	V	L	I	F	Y	W	H	M	C	P
0	0.01645	0.01577	0.02690	0.12559	0.63703	0.01613	0.02076	0.02058	0.01535	0.02177	0.01278	0.01709	0.01063	0.00618	0.00678	0.00206	0.00825	0.00609	0.00335	0.01045
1	0.00832	0.00602	0.00787	0.00936	0.00988	0.00557	0.00628	0.00955	0.01326	0.01753	0.03976	0.71043	0.08859	0.02117	0.00869	0.00275	0.00394	0.01912	0.00635	0.00557
2	0.01553	0.01974	0.12801	0.02516	0.05756	0.01805	0.39173	0.02038	0.01437	0.02043	0.01228	0.01691	0.00979	0.00755	0.01168	0.00246	0.20917	0.00702	0.00325	0.00894
3	0.01339	0.01259	0.02049	0.45038	0.16074	0.01504	0.01748	0.01714	0.01365	0.01827	0.01553	0.07864	0.03149	0.00879	0.00888	0.00236	0.09635	0.00738	0.00346	0.00796
4	0.00994	0.00668	0.00769	0.00769	0.00776	0.00675	0.00442	0.01009	0.01002	0.01343	0.02135	0.04364	0.02438	0.71463	0.07908	0.00691	0.00737	0.00978	0.00411	0.00427
5	0.02419	0.01872	0.01901	0.01506	0.01999	0.06491	0.01225	0.54030	0.09813	0.03881	0.01760	0.01769	0.01278	0.00823	0.00668	0.00203	0.00733	0.00622	0.05911	0.01097
6	0.00998	0.00721	0.01041	0.01041	0.01155	0.00825	0.00795	0.01228	0.01113	0.01631	0.01885	0.02822	0.01776	0.10525	0.62834	0.01002	0.01639	0.00748	0.05624	0.00597
7	0.01757	0.01781	0.02607	0.10688	0.56917	0.10150	0.01988	0.02141	0.01585	0.02121	0.01253	0.01651	0.01043	0.00628	0.00671	0.00202	0.00873	0.00589	0.00337	0.01018
8	0.01438	0.13999	0.62527	0.01838	0.02788	0.01749	0.02333	0.02150	0.01437	0.02087	0.01188	0.01395	0.00868	0.00641	0.00620	0.00207	0.00971	0.00485	0.00289	0.00992
9	0.00834	0.00595	0.00794	0.00953	0.00992	0.00556	0.00635	0.00953	0.01310	0.01746	0.03771	0.75510	0.04525	0.02143	0.00873	0.00278	0.00397	0.01945	0.00635	0.00556
10	0.01672	0.01604	0.02739	0.07850	0.68201	0.01620	0.02089	0.02081	0.01548	0.02210	0.01283	0.01700	0.01075	0.00613	0.00678	0.00204	0.00818	0.00609	0.00337	0.01067
11	0.01814	0.01767	0.04423	0.04083	0.01975	0.15515	0.06720	0.22471	0.02064	0.02577	0.02365	0.23175	0.05707	0.01196	0.00741	0.00225	0.00772	0.01020	0.00546	0.00845
12	0.03070	0.01164	0.01588	0.01217	0.01746	0.01006	0.01006	0.03334	0.01958	0.72163	0.02699	0.02329	0.01694	0.00847	0.00688	0.00212	0.00582	0.00688	0.00847	0.01164
13	0.01770	0.01504	0.01586	0.01406	0.01805	0.01734	0.01099	0.08655	0.65321	0.02973	0.02697	0.02483	0.02018	0.00920	0.00695	0.00230	0.00558	0.00761	0.00695	0.01089
14	0.02381	0.03215	0.12512	0.01778	0.02242	0.57865	0.01501	0.06968	0.01947	0.01919	0.01121	0.01292	0.00897	0.00704	0.00626	0.00184	0.01169	0.00462	0.00364	0.00850
15	0.27877	0.28492	0.05041	0.03781	0.01813	0.06535	0.01116	0.10120	0.01600	0.04411	0.03017	0.01358	0.01042	0.00673	0.00508	0.00186	0.00702	0.00449	0.00414	0.00864
16	0.01018	0.00655	0.00763	0.00763	0.00763	0.00655	0.00436	0.00983	0.00983	0.01310	0.02040	0.04191	0.02332	0.67184	0.03386	0.10134	0.00655	0.00947	0.00401	0.00401
17	0.02025	0.46769	0.02900	0.01332	0.01860	0.10631	0.01199	0.13381	0.09988	0.02210	0.01296	0.01376	0.01070	0.00679	0.00530	0.00170	0.00770	0.00464	0.00412	0.00939

[dist]
# distance from previous block
# <min> <max>
0	2

[block]
# block no. 4 follows, 31 sequences, length 30
# corresponding to MSA columns:
# 154-183
name=unknown_E
#
# <colnr> <probs for GDERKNQSTAVLIFYWHMCP>
#	G	D	E	R	K	N	Q	S	T	A	V	L	I	F	Y	W	H	M	C	P
0	0.02358	0.02864	0.01874	0.01697	0.02041	0.57353	0.01286	0.02850	0.14284	0.01888	0.01363	0.01483	0.01100	0.00766	0.00698	0.00191	0.04140	0.00507	0.00412	0.00844
1	0.01515	0.01506	0.11786	0.01224	0.01648	0.01243	0.01119	0.22951	0.02178	0.02942	0.22987	0.03868	0.17751	0.01192	0.00750	0.00219	0.00575	0.03064	0.00634	0.00849
2	0.00812	0.00679	0.00708	0.00731	0.00934	0.00574	0.00537	0.00978	0.01523	0.01833	0.06464	0.16756	0.61540	0.01793	0.00818	0.00238	0.00354	0.01518	0.00635	0.00574
3	0.80789	0.01323	0.01006	0.00900	0.01323	0.01535	0.00741	0.02011	0.01164	0.03070	0.00953	0.01111	0.00741	0.00635	0.00423	0.00212	0.00529	0.00370	0.00423	0.00741
4	0.01602	0.01532	0.02612	0.20186	0.56417	0.01601	0.02054	0.02019	0.01515	0.02124	0.01271	0.01723	0.01045	0.00627	0.00679	0.00209	0.00835	0.00609	0.00331	0.01010
5	0.80789	0.01323	0.01006	0.00900	0.01323	0.01535	0.00741	0.02011	0.01164	0.03070	0.00953	0.01111	0.00741	0.00635	0.00423	0.00212	0.00529	0.00370	0.00423	0.00741
6	0.69250	0.01411	0.01160	0.00999	0.01441	0.01621	0.00823	0.11958	0.01467	0.03253	0.01054	0.01190	0.00803	0.00663	0.00462	0.00211	0.00562	0.00407	0.00462	0.00803
7	0.02415	0.01809	0.01935	0.01520	0.02026	0.02011	0.01239	0.57442	0.13066	0.03999	0.01828	0.01870	0.01344	0.03318	0.00779	0.00224	0.00719	0.00652	0.00677	0.01127
8	0.77709	0.01317	0.01029	0.00912	0.01340	0.01514	0.00751	0.02064	0.01196	0.05808	0.01022	0.01160	0.00779	0.00643	0.00434	0.00212	0.00531	0.00383	0.00440	0.00758
9	0.01909	0.01519	0.01624	0.01410	0.01828	0.01726	0.01111	0.13326	0.56812	0.06837	0.02611	0.02406	0.01930	0.00908	0.00694	0.00227	0.00575	0.00746	0.00703	0.01099
10	0.00968	0.00699	0.00914	0.00861	0.01022	0.00646	0.00646	0.01291	0.01937	0.02743	0.71328	0.05110	0.06455	0.01399	0.00807	0.00215	0.00323	0.01237	0.00753	0.00646
11	0.00993	0.00673	0.00794	0.00794	0.00811	0.00689	0.00474	0.01026	0.01009	0.01362	0.02112	0.04234	0.02382	0.66325	0.12969	0.00723	0.00822	0.00959	0.00408	0.00441
12	0.01319	0.01203	0.01994	0.47486	0.16476	0.01391	0.01767	0.01731	0.01431	0.01882	0.01691	0.05742	0.01541	0.00909	0.00729	0.00238	0.00831	0.10475	0.00372	0.00792
13	0.80789	0.01323	0.01006	0.00900	0.01323	0.01535	0.00741	0.02011	0.01164	0.03070	0.00953	0.01111	0.00741	0.00635	0.00423	0.00212	0.00529	0.00370	0.00423	0.00741
14	0.01118	0.00896	0.00946	0.00870	0.01140	0.00847	0.00669	0.11195	0.04030	0.02332	0.12454	0.07616	0.50270	0.01551	0.00788	0.00227	0.00412	0.01294	0.00656	0.00686
15	0.01140	0.00762	0.00965	0.01022	0.01157	0.00745	0.00723	0.01518	0.10127	0.07816	0.09465	0.54094	0.04152	0.01818	0.00830	0.00261	0.00424	0.01631	0.00671	0.00680
16	0.01500	0.01599	0.07760	0.33517	0.38300	0.01578	0.02048	0.01957	0.01469	0.02025	0.01253	0.01729	0.00995	0.00644	0.00678	0.00215	0.00870	0.00601	0.00320	0.00942
17	0.01785	0.69947	0.05724	0.01168	0.01746	0.02561	0.01179	0.02029	0.01394	0.01678	0.01028	0.01186	0.00924	0.00599	0.00448	0.00149	0.00719	0.00385	0.04482	0.00870
18	0.80789	0.01323	0.01006	0.00900	0.01323	0.01535	0.00741	0.02011	0.01164	0.03070	0.00953	0.01111	0.00741	0.00635	0.00423	0.00212	0.00529	0.00370	0.00423	0.00741
19	0.01634	0.01565	0.02670	0.14547	0.61804	0.01610	0.02070	0.02048	0.01530	0.02163	0.01276	0.01713	0.01058	0.00621	0.00678	0.00207	0.00827	0.00609	0.00334	0.01036
20	0.01195	0.00972	0.01443	0.01311	0.01516	0.00965	0.10832	0.08507	0.05284	0.02111	0.03015	0.47380	0.03365	0.07427	0.01036	0.00291	0.00575	0.01500	0.00584	0.00692
21	0.00936	0.00687	0.00835	0.00815	0.00950	0.00640	0.00578	0.01147	0.01597	0.02166	0.37529	0.08116	0.18802	0.17563	0.04370	0.00353	0.00466	0.01237	0.00636	0.00577
22	0.03070	0.01164	0.01588	0.01217	0.01746	0.01006	0.01006	0.03334	0.01958	0.72163	0.02699	0.02329	0.01694	0.00847	0.00688	0.00212	0.00582	0.00688	0.00847	0.01164
23	0.00894	0.00696	0.00812	0.00783	0.00977	0.00614	0.00587	0.01147	0.01761	0.02327	0.41379	0.05796	0.36664	0.01554	0.00808	0.00223	0.00334	0.01333	0.00698	0.00614
24	0.01693	0.01626	0.02777	0.04199	0.71689	0.01626	0.02100	0.02100	0.01558	0.02235	0.01287	0.01693	0.01084	0.00610	0.00677	0.00203	0.00813	0.00610	0.00339	0.01084
25	0.01283	0.01165	0.01916	0.41374	0.18810	0.01323	0.01635	0.01642	0.01380	0.01834	0.01745	0.15255	0.01689	0.05017	0.00869	0.00255	0.00783	0.00871	0.00378	0.00777
26	0.00834	0.00595	0.00794	0.00953	0.00992	0.00556	0.00635	0.00953	0.01310	0.01746	0.03771	0.75510	0.04525	0.02143	0.00873	0.00278	0.00397	0.01945	0.00635	0.00556
27	0.01750	0.65277	0.03359	0.11965	0.02192	0.02532	0.01278	0.02004	0.01387	0.01630	0.00990	0.01205	0.00883	0.00600	0.00475	0.00158	0.00758	0.00402	0.00294	0.00861
28	0.02317	0.01644	0.01729	0.01377	0.01874	0.07175	0.01109	0.26800	0.14001	0.17877	0.04172	0.01988	0.01558	0.00808	0.00660	0.00194	0.00668	0.00633	0.00656	0.12760
29	0.09432	0.12060	0.01408	0.01047	0.01295	0.03185	0.00815	0.04876	0.01532	0.07983	0.09629	0.32808	0.03191	0.04540	0.00836	0.00251	0.00528	0.03292	0.00578	0.00715

[dist]
# distance from previous block
# <min> <max>
0	1

[block]
# block no. 5 follows, 31 sequences, length 33
# corresponding to MSA columns:
# 185,195-213,217-229
name=unknown_F
#
# <colnr> <probs for GDERKNQSTAVLIFYWHMCP>
#	G	D	E	R	K	N	Q	S	T	A	V	L	I	F	Y	W	H	M	C	P
0	0.02458	0.01876	0.01958	0.01554	0.02055	0.05451	0.01283	0.59778	0.03000	0.03971	0.01800	0.02194	0.01410	0.00916	0.00706	0.00214	0.00765	0.06854	0.00663	0.01095
1	0.00982	0.00715	0.00872	0.00909	0.01016	0.00665	0.00607	0.03051	0.01306	0.01762	0.03203	0.44169	0.06953	0.21370	0.01517	0.00358	0.00485	0.01486	0.00557	0.08017
2	0.01514	0.01916	0.11337	0.02598	0.03264	0.01604	0.55345	0.02072	0.01567	0.02147	0.01591	0.08724	0.01347	0.00732	0.00796	0.00234	0.01066	0.00881	0.00367	0.00898
3	0.06524	0.01515	0.01589	0.01320	0.01747	0.03728	0.01058	0.25566	0.23908	0.11282	0.05561	0.02223	0.01801	0.00870	0.00659	0.00210	0.00606	0.00688	0.08117	0.01029
4	0.01398	0.07600	0.68574	0.01906	0.02894	0.01651	0.02452	0.02160	0.01441	0.02136	0.01212	0.01425	0.00867	0.00646	0.00638	0.00213	0.00996	0.00498	0.00289	0.01004
5	0.01389	0.01239	0.01955	0.61093	0.04172	0.01489	0.01735	0.01974	0.08077	0.03878	0.01410	0.01886	0.01054	0.00702	0.00675	0.00221	0.00844	0.00615	0.00363	0.05229
6	0.01372	0.03539	0.72412	0.01950	0.02961	0.01589	0.02528	0.02167	0.01444	0.02167	0.01228	0.01444	0.00867	0.00650	0.00650	0.00217	0.01011	0.00506	0.00289	0.01011
7	0.00995	0.00663	0.00746	0.00746	0.00746	0.00663	0.00415	0.00995	0.00995	0.01327	0.02156	0.04477	0.02487	0.75957	0.03482	0.00663	0.00663	0.00995	0.00415	0.00415
8	0.01615	0.01845	0.04037	0.02884	0.03576	0.01730	0.69204	0.02191	0.01615	0.02191	0.01384	0.01845	0.01038	0.00577	0.00807	0.00231	0.01153	0.00807	0.00346	0.00923
9	0.02559	0.03156	0.01948	0.01748	0.02116	0.67673	0.01320	0.07925	0.02038	0.01880	0.01103	0.01266	0.00903	0.00714	0.00622	0.00179	0.01196	0.00454	0.00378	0.00822
10	0.01372	0.03539	0.72412	0.01950	0.02961	0.01589	0.02528	0.02167	0.01444	0.02167	0.01228	0.01444	0.00867	0.00650	0.00650	0.00217	0.01011	0.00506	0.00289	0.01011
11	0.00834	0.00595	0.00794	0.00953	0.00992	0.00556	0.00635	0.00953	0.01310	0.01746	0.03771	0.75510	0.04525	0.02143	0.00873	0.00278	0.00397	0.01945	0.00635	0.00556
12	0.01743	0.01867	0.03592	0.02610	0.03254	0.03972	0.55420	0.08637	0.07137	0.02427	0.01507	0.01863	0.01127	0.00631	0.00781	0.00227	0.01071	0.00775	0.00405	0.00954
13	0.00809	0.00693	0.00693	0.00693	0.00924	0.00578	0.00520	0.00982	0.01559	0.01848	0.06931	0.06584	0.71411	0.01733	0.00809	0.00231	0.00347	0.01444	0.00635	0.00578
14	0.00834	0.00595	0.00794	0.00953	0.00992	0.00556	0.00635	0.00953	0.01310	0.01746	0.03771	0.75510	0.04525	0.02143	0.00873	0.00278	0.00397	0.01945	0.00635	0.00556
15	0.73485	0.01308	0.01060	0.00930	0.01363	0.01485	0.00766	0.02135	0.01239	0.09563	0.01117	0.01226	0.00830	0.00655	0.00448	0.00212	0.00534	0.00400	0.00463	0.00781
16	0.74699	0.01369	0.01087	0.00952	0.01385	0.01580	0.00784	0.07261	0.01324	0.03166	0.01006	0.01153	0.00774	0.00650	0.00444	0.00211	0.00547	0.00390	0.00444	0.00774
17	0.00831	0.00627	0.00770	0.00875	0.00974	0.00565	0.00603	0.00974	0.01404	0.01813	0.07195	0.53203	0.23693	0.01998	0.00852	0.00262	0.00380	0.01775	0.00640	0.00565
18	0.01567	0.01567	0.02323	0.40253	0.30491	0.08298	0.01923	0.01977	0.01495	0.01930	0.01229	0.01718	0.00976	0.00657	0.00675	0.00213	0.00904	0.00593	0.00322	0.00889
19	0.02531	0.01849	0.01979	0.01525	0.02052	0.02044	0.01257	0.65861	0.03123	0.04220	0.01673	0.01690	0.01194	0.00820	0.00674	0.00203	0.00730	0.00617	0.04819	0.01136
20	0.01641	0.01396	0.01535	0.01126	0.01716	0.03636	0.00904	0.12221	0.01715	0.02532	0.01276	0.01447	0.01032	0.00562	0.00538	0.00120	0.00570	0.00439	0.00447	0.65147
21	0.00997	0.00713	0.00862	0.00876	0.00885	0.00750	0.00550	0.01036	0.01072	0.01448	0.02431	0.20659	0.02834	0.53077	0.02783	0.00546	0.06369	0.01184	0.00457	0.00473
22	0.00848	0.00647	0.00780	0.00846	0.00974	0.00579	0.00597	0.01021	0.01505	0.01954	0.16559	0.39283	0.28197	0.01871	0.00839	0.00251	0.00367	0.01648	0.00656	0.00579
23	0.00949	0.00699	0.00888	0.00841	0.01010	0.00637	0.00631	0.01254	0.01892	0.02636	0.63632	0.05287	0.14218	0.01439	0.00807	0.00217	0.00326	0.01262	0.00739	0.00637
24	0.02137	0.01629	0.01718	0.01437	0.01877	0.04095	0.01144	0.28969	0.32908	0.08721	0.02333	0.06206	0.01795	0.00941	0.00698	0.00221	0.00641	0.00760	0.00689	0.01082
25	0.00834	0.00595	0.00794	0.00953	0.00992	0.00556	0.00635	0.00953	0.01310	0.01746	0.03771	0.75510	0.04525	0.02143	0.00873	0.00278	0.00397	0.01945	0.00635	0.00556
26	0.00841	0.00601	0.00800	0.00948	0.00994	0.00560	0.00636	0.00970	0.01343	0.01799	0.07304	0.71828	0.04626	0.02104	0.00870	0.00275	0.00393	0.01908	0.00641	0.00560
27	0.80789	0.01323	0.01006	0.00900	0.01323	0.01535	0.00741	0.02011	0.01164	0.03070	0.00953	0.01111	0.00741	0.00635	0.00423	0.00212	0.00529	0.00370	0.00423	0.00741
28	0.00977	0.00733	0.01100	0.01100	0.01222	0.00855	0.00855	0.01222	0.01100	0.01588	0.01833	0.02688	0.01710	0.05131	0.73245	0.01100	0.01833	0.00733	0.00367	0.00611
29	0.01324	0.00685	0.00690	0.00672	0.00846	0.00693	0.00509	0.04107	0.01501	0.02616	0.02210	0.02517	0.01732	0.00798	0.00486	0.00161	0.00335	0.00637	0.76825	0.00657
30	0.01085	0.00730	0.00920	0.00863	0.01055	0.00662	0.00652	0.01367	0.01830	0.07135	0.51404	0.05228	0.17094	0.04049	0.00897	0.00236	0.00365	0.03044	0.00724	0.00660
31	0.01421	0.10282	0.62476	0.01869	0.02790	0.01719	0.02349	0.02130	0.01420	0.02089	0.01185	0.01414	0.00869	0.00671	0.00709	0.00214	0.04619	0.00497	0.00290	0.00986
32	0.01635	0.01677	0.06136	0.11431	0.61284	0.01613	0.02100	0.02066	0.01532	0.02181	0.01277	0.01695	0.01055	0.00619	0.00677	0.00206	0.00833	0.00604	0.00333	0.01046

[dist]
# distance from previous block
# <min> <max>
0	1

[block]
# block no. 6 follows, 31 sequences, length 24
# corresponding to MSA columns:
# 246-269
name=unknown_G
#
# <colnr> <probs for GDERKNQSTAVLIFYWHMCP>
#	G	D	E	R	K	N	Q	S	T	A	V	L	I	F	Y	W	H	M	C	P
0	0.02351	0.05766	0.02140	0.02033	0.11123	0.47353	0.01425	0.11041	0.01972	0.02079	0.01147	0.01357	0.00944	0.00734	0.00731	0.00190	0.05855	0.00492	0.00387	0.00879
1	0.01549	0.01454	0.02374	0.10777	0.46536	0.01573	0.01813	0.01892	0.01426	0.02053	0.01379	0.04486	0.01243	0.03861	0.01025	0.00240	0.11710	0.00673	0.02997	0.00939
2	0.01313	0.01237	0.02090	0.70653	0.08207	0.01525	0.01910	0.01766	0.01378	0.01773	0.01220	0.01817	0.00921	0.00680	0.00684	0.00227	0.00907	0.00608	0.00306	0.00777
3	0.00888	0.00646	0.00788	0.00847	0.00933	0.00599	0.00570	0.01029	0.01401	0.01858	0.16384	0.35489	0.16048	0.17662	0.01406	0.00340	0.00431	0.01526	0.00610	0.00546
4	0.00862	0.00617	0.00819	0.00933	0.00999	0.00575	0.00637	0.01024	0.01441	0.01955	0.17927	0.60758	0.04929	0.01987	0.00859	0.00265	0.00381	0.01797	0.00660	0.00575
5	0.00939	0.00698	0.00874	0.00830	0.01004	0.00633	0.00623	0.01235	0.01868	0.02582	0.59688	0.05377	0.18196	0.01459	0.00807	0.00218	0.00327	0.01275	0.00732	0.00633
6	0.00977	0.00733	0.01100	0.01100	0.01222	0.00855	0.00855	0.01222	0.01100	0.01588	0.01833	0.02688	0.01710	0.05131	0.73245	0.01100	0.01833	0.00733	0.00367	0.00611
7	0.01372	0.03539	0.72412	0.01950	0.02961	0.01589	0.02528	0.02167	0.01444	0.02167	0.01228	0.01444	0.00867	0.00650	0.00650	0.00217	0.01011	0.00506	0.00289	0.01011
8	0.01017	0.00788	0.01160	0.01138	0.01246	0.00941	0.00886	0.01244	0.01091	0.01582	0.01775	0.02671	0.01681	0.07705	0.65082	0.01022	0.07262	0.00734	0.00363	0.00613
9	0.01057	0.00761	0.01047	0.01196	0.01344	0.00751	0.01020	0.01343	0.01545	0.02004	0.03819	0.15016	0.07688	0.01909	0.00930	0.00306	0.00589	0.56425	0.00631	0.00619
10	0.01419	0.01216	0.01419	0.01013	0.01621	0.00912	0.00811	0.01723	0.01419	0.02229	0.01216	0.01419	0.01013	0.00507	0.00507	0.00101	0.00507	0.00405	0.00405	0.80139
11	0.02556	0.03261	0.01939	0.01763	0.02115	0.73210	0.01322	0.02732	0.01939	0.01674	0.01058	0.01234	0.00881	0.00705	0.00617	0.00176	0.01234	0.00441	0.00353	0.00793
12	0.01550	0.01509	0.02301	0.37233	0.31151	0.05492	0.01891	0.02074	0.06284	0.02016	0.01345	0.01790	0.01061	0.00672	0.00678	0.00216	0.00864	0.00611	0.00348	0.00914
13	0.02601	0.01916	0.02053	0.01574	0.02122	0.02122	0.01300	0.69408	0.03217	0.04312	0.01643	0.01643	0.01163	0.00821	0.00684	0.00205	0.00753	0.00616	0.00684	0.01163
14	0.00834	0.00595	0.00794	0.00953	0.00992	0.00556	0.00635	0.00953	0.01310	0.01746	0.03771	0.75510	0.04525	0.02143	0.00873	0.00278	0.00397	0.01945	0.00635	0.00556
15	0.01615	0.01845	0.04037	0.02884	0.03576	0.01730	0.69204	0.02191	0.01615	0.02191	0.01384	0.01845	0.01038	0.00577	0.00807	0.00231	0.01153	0.00807	0.00346	0.00923
16	0.01406	0.08949	0.67299	0.01892	0.02872	0.01672	0.02427	0.02158	0.01440	0.02125	0.01207	0.01419	0.00867	0.00645	0.00634	0.00211	0.00990	0.00495	0.00289	0.01001
17	0.02091	0.01392	0.01590	0.01334	0.01717	0.01471	0.01060	0.38371	0.02436	0.12287	0.02473	0.23675	0.02316	0.01250	0.00749	0.00231	0.00622	0.03281	0.00689	0.00967
18	0.00834	0.00595	0.00794	0.00953	0.00992	0.00556	0.00635	0.00953	0.01310	0.01746	0.03771	0.75510	0.04525	0.02143	0.00873	0.00278	0.00397	0.01945	0.00635	0.00556
19	0.00995	0.00663	0.00746	0.00746	0.00746	0.00663	0.00415	0.00995	0.00995	0.01327	0.02156	0.04477	0.02487	0.75957	0.03482	0.00663	0.00663	0.00995	0.00415	0.00415
20	0.33757	0.02028	0.01606	0.01354	0.01802	0.20302	0.01083	0.25270	0.02067	0.03133	0.01216	0.01325	0.00922	0.00717	0.00563	0.00200	0.00788	0.00473	0.00494	0.00899
21	0.01653	0.33451	0.38740	0.01600	0.02401	0.02090	0.01876	0.07172	0.01555	0.02098	0.01145	0.01316	0.00894	0.00636	0.00566	0.00187	0.00876	0.00456	0.00320	0.00968
22	0.28166	0.09463	0.14497	0.01305	0.01902	0.01704	0.01262	0.17321	0.01787	0.08889	0.01327	0.01417	0.00975	0.00683	0.00554	0.00196	0.00690	0.00480	0.00479	0.06903
23	0.22616	0.05399	0.01472	0.01230	0.01534	0.15308	0.00983	0.08907	0.01606	0.02428	0.04412	0.04687	0.01626	0.04192	0.04799	0.00281	0.06196	0.05592	0.05975	0.00756

[dist]
# distance from previous block
# <min> <max>
1	5

[block]
# block no. 7 follows, 31 sequences, length 58
# corresponding to MSA columns:
# 282-339
name=unknown_H
#
# <colnr> <probs for GDERKNQSTAVLIFYWHMCP>
#	G	D	E	R	K	N	Q	S	T	A	V	L	I	F	Y	W	H	M	C	P
0	0.00906	0.00647	0.00877	0.01036	0.01107	0.00618	0.00761	0.01078	0.01381	0.01828	0.03731	0.57206	0.04366	0.02075	0.00893	0.00288	0.00460	0.19533	0.00634	0.00576
1	0.07264	0.07860	0.02056	0.01727	0.06434	0.31853	0.01296	0.23598	0.02184	0.02653	0.01275	0.01425	0.01003	0.00742	0.00666	0.00191	0.03374	0.00508	0.02967	0.00925
2	0.01188	0.00594	0.00891	0.00891	0.00891	0.00594	0.00594	0.00891	0.00891	0.01188	0.01188	0.02080	0.01188	0.02377	0.02674	0.80095	0.00594	0.00594	0.00297	0.00297
3	0.11234	0.06988	0.38008	0.01697	0.02448	0.06478	0.05542	0.09737	0.01672	0.02483	0.04390	0.01579	0.01153	0.00693	0.00624	0.00205	0.00884	0.00536	0.00382	0.03267
4	0.01379	0.01298	0.02210	0.59969	0.09397	0.01540	0.06350	0.03941	0.01463	0.01903	0.01316	0.01981	0.01029	0.00711	0.00699	0.00228	0.00908	0.02545	0.00331	0.00804
5	0.01292	0.01216	0.02052	0.74312	0.04712	0.01520	0.01900	0.01748	0.01368	0.01748	0.01216	0.01824	0.00912	0.00684	0.00684	0.00228	0.00912	0.00608	0.00304	0.00760
6	0.00994	0.00666	0.00762	0.00762	0.00768	0.00672	0.00434	0.01005	0.01000	0.01338	0.02141	0.04396	0.02452	0.72756	0.06635	0.00683	0.00716	0.00983	0.00412	0.00423
7	0.06102	0.29100	0.18296	0.01559	0.07101	0.05151	0.01456	0.08252	0.01618	0.04569	0.01310	0.01483	0.01036	0.00664	0.00547	0.00180	0.00762	0.00483	0.09409	0.00920
8	0.00925	0.00710	0.00781	0.00755	0.00977	0.00610	0.00569	0.01141	0.01672	0.04388	0.23809	0.06055	0.51963	0.01615	0.00804	0.00226	0.00348	0.01365	0.00673	0.00615
9	0.00819	0.00690	0.00710	0.00712	0.00932	0.00581	0.00531	0.01000	0.01574	0.01899	0.10754	0.08773	0.65238	0.01726	0.00811	0.00232	0.00347	0.01448	0.00642	0.00581
10	0.00980	0.00746	0.01017	0.01077	0.01201	0.00718	0.03389	0.03214	0.03681	0.01949	0.05620	0.52625	0.09120	0.01921	0.00862	0.00272	0.00465	0.09893	0.00630	0.00619
11	0.01829	0.76368	0.03585	0.01171	0.01756	0.02707	0.01171	0.02049	0.01390	0.01610	0.00951	0.01097	0.00878	0.00585	0.00439	0.00146	0.00732	0.00366	0.00293	0.00878
12	0.00938	0.00698	0.00873	0.00829	0.01004	0.00633	0.00622	0.01233	0.01866	0.02576	0.59308	0.05385	0.18580	0.01461	0.00807	0.00218	0.00327	0.01276	0.00731	0.00633
13	0.02920	0.01131	0.01540	0.01192	0.01695	0.00980	0.00980	0.03188	0.01957	0.67213	0.07593	0.02527	0.02033	0.00886	0.00696	0.00212	0.00564	0.00727	0.00840	0.01127
14	0.01475	0.01568	0.07560	0.38056	0.34120	0.01572	0.02034	0.01934	0.01457	0.01994	0.01248	0.01738	0.00984	0.00649	0.00679	0.00216	0.00876	0.00601	0.00318	0.00921
15	0.03070	0.01164	0.01588	0.01217	0.01746	0.01006	0.01006	0.03334	0.01958	0.72163	0.02699	0.02329	0.01694	0.00847	0.00688	0.00212	0.00582	0.00688	0.00847	0.01164
16	0.00849	0.00611	0.00809	0.00961	0.01015	0.00571	0.00659	0.00982	0.01336	0.01769	0.03889	0.68596	0.07186	0.02111	0.00875	0.00278	0.00409	0.05897	0.00635	0.00561
17	0.07712	0.04762	0.42885	0.01694	0.02504	0.01466	0.04958	0.02469	0.01569	0.21176	0.01605	0.01667	0.01089	0.00697	0.00645	0.00214	0.00858	0.00555	0.00453	0.01025
18	0.00995	0.00663	0.00746	0.00746	0.00746	0.00663	0.00415	0.00995	0.00995	0.01327	0.02156	0.04477	0.02487	0.75957	0.03482	0.00663	0.00663	0.00995	0.00415	0.00415
19	0.00873	0.00623	0.00839	0.00997	0.01054	0.00589	0.00703	0.01020	0.01349	0.01790	0.03749	0.65622	0.04439	0.02106	0.00884	0.00283	0.00431	0.11446	0.00634	0.00567
20	0.01497	0.01497	0.02095	0.01796	0.01796	0.02095	0.01497	0.01646	0.01048	0.01646	0.00898	0.01497	0.00898	0.01197	0.02245	0.00299	0.74704	0.00599	0.00299	0.00748
21	0.00950	0.00724	0.00814	0.00905	0.00967	0.03414	0.00596	0.01055	0.01286	0.01680	0.03498	0.48125	0.09280	0.19161	0.01451	0.00356	0.00485	0.01582	0.03134	0.00537
22	0.46854	0.16940	0.12597	0.01260	0.01826	0.01795	0.06148	0.02056	0.01286	0.02571	0.01026	0.01213	0.00810	0.00623	0.00489	0.00201	0.00690	0.00422	0.00371	0.00823
23	0.01275	0.00638	0.00638	0.00638	0.00797	0.00638	0.00478	0.01594	0.01435	0.02551	0.02232	0.02551	0.01754	0.00797	0.00478	0.00159	0.00319	0.00638	0.79755	0.00638
24	0.01829	0.76368	0.03585	0.01171	0.01756	0.02707	0.01171	0.02049	0.01390	0.01610	0.00951	0.01097	0.00878	0.00585	0.00439	0.00146	0.00732	0.00366	0.00293	0.00878
25	0.01419	0.01216	0.01419	0.01013	0.01621	0.00912	0.00811	0.01723	0.01419	0.02229	0.01216	0.01419	0.01013	0.00507	0.00507	0.00101	0.00507	0.00405	0.00405	0.80139
26	0.01419	0.01216	0.01419	0.01013	0.01621	0.00912	0.00811	0.01723	0.01419	0.02229	0.01216	0.01419	0.01013	0.00507	0.00507	0.00101	0.00507	0.00405	0.00405	0.80139
27	0.00957	0.00699	0.00898	0.00848	0.01015	0.00641	0.00636	0.01268	0.01909	0.02677	0.66580	0.05219	0.11245	0.01423	0.00807	0.00216	0.00325	0.01252	0.00744	0.00641
28	0.00820	0.00694	0.00709	0.00705	0.00931	0.00583	0.00529	0.01005	0.01587	0.01914	0.11679	0.06475	0.66622	0.01708	0.00808	0.00230	0.00345	0.01429	0.00644	0.00583
29	0.01497	0.01497	0.02095	0.01796	0.01796	0.02095	0.01497	0.01646	0.01048	0.01646	0.00898	0.01497	0.00898	0.01197	0.02245	0.00299	0.74704	0.00599	0.00299	0.00748
30	0.80789	0.01323	0.01006	0.00900	0.01323	0.01535	0.00741	0.02011	0.01164	0.03070	0.00953	0.01111	0.00741	0.00635	0.00423	0.00212	0.00529	0.00370	0.00423	0.00741
31	0.01829	0.76368	0.03585	0.01171	0.01756	0.02707	0.01171	0.02049	0.01390	0.01610	0.00951	0.01097	0.00878	0.00585	0.00439	0.00146	0.00732	0.00366	0.00293	0.00878
32	0.00854	0.00695	0.00755	0.00740	0.00952	0.00597	0.00555	0.01069	0.01666	0.02100	0.25066	0.06169	0.53119	0.01639	0.00808	0.00227	0.00340	0.01386	0.00668	0.00597
33	0.01693	0.01626	0.02777	0.04199	0.71689	0.01626	0.02100	0.02100	0.01558	0.02235	0.01287	0.01693	0.01084	0.00610	0.00677	0.00203	0.00813	0.00610	0.00339	0.01084
34	0.01419	0.01216	0.01419	0.01013	0.01621	0.00912	0.00811	0.01723	0.01419	0.02229	0.01216	0.01419	0.01013	0.00507	0.00507	0.00101	0.00507	0.00405	0.00405	0.80139
35	0.02601	0.01916	0.02053	0.01574	0.02122	0.02122	0.01300	0.69408	0.03217	0.04312	0.01643	0.01643	0.01163	0.00821	0.00684	0.00205	0.00753	0.00616	0.00684	0.01163
36	0.02556	0.03261	0.01939	0.01763	0.02115	0.73210	0.01322	0.02732	0.01939	0.01674	0.01058	0.01234	0.00881	0.00705	0.00617	0.00176	0.01234	0.00441	0.00353	0.00793
37	0.00952	0.00699	0.00892	0.00843	0.01012	0.00639	0.00633	0.01259	0.01898	0.02652	0.64716	0.05262	0.13125	0.01433	0.00807	0.00217	0.00325	0.01258	0.00741	0.00639
38	0.00834	0.00595	0.00794	0.00953	0.00992	0.00556	0.00635	0.00953	0.01310	0.01746	0.03771	0.75510	0.04525	0.02143	0.00873	0.00278	0.00397	0.01945	0.00635	0.00556
39	0.00834	0.00595	0.00794	0.00953	0.00992	0.00556	0.00635	0.00953	0.01310	0.01746	0.03771	0.75510	0.04525	0.02143	0.00873	0.00278	0.00397	0.01945	0.00635	0.00556
40	0.04392	0.68939	0.03399	0.01189	0.01767	0.02630	0.01166	0.06610	0.01507	0.01839	0.00998	0.01135	0.00893	0.00603	0.00455	0.00152	0.00727	0.00383	0.00323	0.00893
41	0.02307	0.01583	0.01753	0.01399	0.01839	0.01713	0.01135	0.48904	0.02669	0.09303	0.01905	0.02394	0.01525	0.07523	0.01018	0.03362	0.00704	0.05084	0.02867	0.01014
42	0.01617	0.28614	0.43499	0.01668	0.02483	0.07255	0.01971	0.02168	0.01462	0.01938	0.01120	0.01309	0.00872	0.00632	0.00575	0.00189	0.00931	0.00453	0.00295	0.00949
43	0.01074	0.00803	0.01026	0.00989	0.01074	0.03103	0.02803	0.01184	0.01102	0.01506	0.01974	0.05788	0.02068	0.35678	0.28829	0.05610	0.01105	0.00870	0.02894	0.00520
44	0.01355	0.01281	0.02166	0.63237	0.15292	0.01537	0.01932	0.01804	0.01398	0.01825	0.01227	0.01803	0.00939	0.00672	0.00683	0.00224	0.00896	0.00608	0.00309	0.00811
45	0.14370	0.01187	0.01503	0.01171	0.01685	0.01082	0.00967	0.03142	0.01843	0.62116	0.02445	0.02152	0.01555	0.00816	0.00650	0.00212	0.00574	0.00642	0.00785	0.01103
46	0.01677	0.01609	0.02748	0.07027	0.68988	0.01621	0.02092	0.02085	0.01550	0.02215	0.01284	0.01699	0.01077	0.00613	0.00678	0.00204	0.00817	0.00610	0.00337	0.01071
47	0.00847	0.00670	0.00762	0.00791	0.00961	0.00586	0.00574	0.01037	0.01573	0.02002	0.19054	0.23402	0.41784	0.01768	0.00824	0.00239	0.00354	0.01527	0.00659	0.00586
48	0.02601	0.01916	0.02053	0.01574	0.02122	0.02122	0.01300	0.69408	0.03217	0.04312	0.01643	0.01643	0.01163	0.00821	0.00684	0.00205	0.00753	0.00616	0.00684	0.01163
49	0.01829	0.76368	0.03585	0.01171	0.01756	0.02707	0.01171	0.02049	0.01390	0.01610	0.00951	0.01097	0.00878	0.00585	0.00439	0.00146	0.00732	0.00366	0.00293	0.00878
50	0.00995	0.00663	0.00746	0.00746	0.00746	0.00663	0.00415	0.00995	0.00995	0.01327	0.02156	0.04477	0.02487	0.75957	0.03482	0.00663	0.00663	0.00995	0.00415	0.00415
51	0.80789	0.01323	0.01006	0.00900	0.01323	0.01535	0.00741	0.02011	0.01164	0.03070	0.00953	0.01111	0.00741	0.00635	0.00423	0.00212	0.00529	0.00370	0.00423	0.00741
52	0.00834	0.00595	0.00794	0.00953	0.00992	0.00556	0.00635	0.00953	0.01310	0.01746	0.03771	0.75510	0.04525	0.02143	0.00873	0.00278	0.00397	0.01945	0.00635	0.00556
53	0.02601	0.01916	0.02053	0.01574	0.02122	0.02122	0.01300	0.69408	0.03217	0.04312	0.01643	0.01643	0.01163	0.00821	0.00684	0.00205	0.00753	0.00616	0.00684	0.01163
54	0.01292	0.01216	0.02052	0.74312	0.04712	0.01520	0.01900	0.01748	0.01368	0.01748	0.01216	0.01824	0.00912	0.00684	0.00684	0.00228	0.00912	0.00608	0.00304	0.00760
55	0.00886	0.00676	0.00797	0.00819	0.00970	0.00607	0.00592	0.01084	0.01578	0.02061	0.25052	0.20016	0.30795	0.07506	0.01034	0.00272	0.00384	0.03636	0.00653	0.00582
56	0.01693	0.01626	0.02777	0.04199	0.71689	0.01626	0.02100	0.02100	0.01558	0.02235	0.01287	0.01693	0.01084	0.00610	0.00677	0.00203	0.00813	0.00610	0.00339	0.01084
57	0.01090	0.00915	0.00986	0.00972	0.01139	0.06040	0.00713	0.01449	0.06396	0.02360	0.40003	0.21904	0.10378	0.01523	0.00802	0.00230	0.00425	0.01336	0.00682	0.00659

[dist]
# distance from previous block
# <min> <max>
3	6

[block]
# block no. 8 follows, 31 sequences, length 10
# corresponding to MSA columns:
# 356,357,387,388,390-395
name=unknown_I
#
# <colnr> <probs for GDERKNQSTAVLIFYWHMCP>
#	G	D	E	R	K	N	Q	S	T	A	V	L	I	F	Y	W	H	M	C	P
0	0.04225	0.00751	0.00861	0.00836	0.00907	0.00777	0.00536	0.03772	0.01167	0.01632	0.05275	0.04100	0.05149	0.54214	0.12465	0.00650	0.00792	0.00948	0.00443	0.00500
1	0.80789	0.01323	0.01006	0.00900	0.01323	0.01535	0.00741	0.02011	0.01164	0.03070	0.00953	0.01111	0.00741	0.00635	0.00423	0.00212	0.00529	0.00370	0.00423	0.00741
2	0.01034	0.00717	0.00914	0.00875	0.01055	0.00653	0.00662	0.01323	0.01837	0.05497	0.53074	0.09003	0.15015	0.01481	0.00811	0.00225	0.00354	0.04087	0.00729	0.00653
3	0.01829	0.76368	0.03585	0.01171	0.01756	0.02707	0.01171	0.02049	0.01390	0.01610	0.00951	0.01097	0.00878	0.00585	0.00439	0.00146	0.00732	0.00366	0.00293	0.00878
4	0.00896	0.00637	0.00852	0.01002	0.01063	0.00608	0.00716	0.01047	0.01345	0.01783	0.03652	0.58134	0.04295	0.06183	0.01032	0.00307	0.00458	0.14806	0.00622	0.00563
5	0.00995	0.00663	0.00746	0.00746	0.00746	0.00663	0.00415	0.00995	0.00995	0.01327	0.02156	0.04477	0.02487	0.75957	0.03482	0.00663	0.00663	0.00995	0.00415	0.00415
6	0.02601	0.01916	0.02053	0.01574	0.02122	0.02122	0.01300	0.69408	0.03217	0.04312	0.01643	0.01643	0.01163	0.00821	0.00684	0.00205	0.00753	0.00616	0.00684	0.01163
7	0.01615	0.01845	0.04037	0.02884	0.03576	0.01730	0.69204	0.02191	0.01615	0.02191	0.01384	0.01845	0.01038	0.00577	0.00807	0.00231	0.01153	0.00807	0.00346	0.00923
8	0.01960	0.42733	0.31679	0.01714	0.02475	0.02351	0.01849	0.02305	0.01621	0.02165	0.01423	0.01736	0.01209	0.00847	0.00682	0.00241	0.00952	0.00543	0.00414	0.01102
9	0.00951	0.00755	0.00853	0.00973	0.01025	0.04682	0.00647	0.01059	0.01306	0.01690	0.03417	0.62510	0.04066	0.11201	0.01182	0.00320	0.00477	0.01742	0.00592	0.00552

[dist]
# distance from previous block
# <min> <max>
5	39

[block]
# block no. 9 follows, 31 sequences, length 8
# corresponding to MSA columns:
# 474-481
name=unknown_J
#
# <colnr> <probs for GDERKNQSTAVLIFYWHMCP>
#	G	D	E	R	K	N	Q	S	T	A	V	L	I	F	Y	W	H	M	C	P
0	0.01709	0.18153	0.02385	0.01527	0.02042	0.01835	0.11591	0.05126	0.32575	0.02444	0.01904	0.01931	0.01476	0.00736	0.00630	0.00194	0.00681	0.00632	0.00512	0.11917
1	0.01519	0.01353	0.01607	0.01298	0.01706	0.01406	0.01043	0.02265	0.21515	0.02285	0.01604	0.01767	0.01302	0.00783	0.00948	0.00184	0.17005	0.00556	0.00467	0.39388
2	0.09921	0.01281	0.01460	0.01196	0.01667	0.01272	0.00957	0.02933	0.25815	0.25366	0.04702	0.02213	0.01778	0.00810	0.00635	0.00198	0.00539	0.00653	0.00665	0.15939
3	0.00991	0.05617	0.01009	0.00825	0.01046	0.00802	0.00630	0.01300	0.05119	0.02184	0.30058	0.05341	0.34666	0.06301	0.00952	0.00248	0.00393	0.01234	0.00646	0.00637
4	0.43204	0.01945	0.05983	0.01258	0.01726	0.17481	0.01068	0.09384	0.01640	0.08924	0.01220	0.01323	0.00909	0.00690	0.00532	0.00203	0.00745	0.00449	0.00464	0.00852
