[name]
unknown

[dist]
# distance from previous block
# <min> <max>
0	43

[block]
# block no. 0 follows, 44 sequences, length 8
# corresponding to MSA columns:
# 43-50
name=unknown_A
#
# <colnr> <probs for GDERKNQSTAVLIFYWHMCP>
#	G	D	E	R	K	N	Q	S	T	A	V	L	I	F	Y	W	H	M	C	P
0	0.07865	0.01007	0.01296	0.01082	0.01360	0.01040	0.08426	0.23497	0.01552	0.07062	0.03754	0.09901	0.03427	0.10169	0.00907	0.03728	0.00536	0.10435	0.00458	0.02500
1	0.05988	0.01296	0.01466	0.09630	0.01746	0.01468	0.01002	0.46191	0.05290	0.02778	0.01269	0.01383	0.00941	0.00653	0.00613	0.00167	0.06722	0.00481	0.07660	0.03255
2	0.00947	0.00473	0.00710	0.00710	0.00710	0.00473	0.00473	0.00710	0.00710	0.00947	0.00947	0.01657	0.00947	0.01894	0.02131	0.84138	0.00473	0.00473	0.00237	0.00237
3	0.01130	0.00969	0.01130	0.00807	0.01292	0.00727	0.00646	0.01373	0.01130	0.01776	0.00969	0.01130	0.00807	0.00404	0.00404	0.00081	0.00404	0.00323	0.00323	0.84173
4	0.01893	0.01358	0.01472	0.01168	0.01557	0.01494	0.00951	0.54682	0.13344	0.07591	0.01579	0.04592	0.01185	0.00709	0.00547	0.00168	0.00542	0.00555	0.03732	0.00883
5	0.01319	0.12283	0.44793	0.01386	0.02014	0.01303	0.07507	0.05552	0.01265	0.09083	0.01191	0.03615	0.00901	0.00570	0.00509	0.00165	0.00700	0.00466	0.04601	0.00778
6	0.03817	0.14081	0.16706	0.01230	0.01699	0.05431	0.04421	0.17983	0.16074	0.07841	0.04456	0.01483	0.01167	0.00618	0.00511	0.00163	0.00610	0.00486	0.00417	0.00806
7	0.01119	0.02641	0.68081	0.01653	0.02425	0.01281	0.11769	0.01729	0.01169	0.01729	0.00995	0.01193	0.00709	0.00510	0.00535	0.00174	0.00821	0.00435	0.00236	0.00796

[dist]
# distance from previous block
# <min> <max>
0	2

[block]
# block no. 1 follows, 44 sequences, length 12
# corresponding to MSA columns:
# 53-64
name=unknown_B
#
# <colnr> <probs for GDERKNQSTAVLIFYWHMCP>
#	G	D	E	R	K	N	Q	S	T	A	V	L	I	F	Y	W	H	M	C	P
0	0.00675	0.00486	0.00629	0.00733	0.00777	0.00452	0.00490	0.00773	0.01062	0.01410	0.06059	0.68135	0.08377	0.06176	0.00809	0.00234	0.00323	0.01458	0.00500	0.00440
1	0.01572	0.36675	0.02054	0.01189	0.04903	0.25285	0.00964	0.04761	0.05483	0.01510	0.04240	0.01381	0.05063	0.00604	0.00478	0.00140	0.02284	0.00423	0.00309	0.00682
2	0.10981	0.06110	0.12353	0.08870	0.12757	0.04235	0.03051	0.06973	0.01315	0.07962	0.06866	0.01958	0.10344	0.00793	0.03003	0.00190	0.00604	0.00562	0.00372	0.00702
3	0.00779	0.00569	0.00671	0.00659	0.00819	0.00503	0.00501	0.00969	0.01355	0.04804	0.31641	0.09342	0.38410	0.01281	0.00650	0.00185	0.00293	0.05520	0.00548	0.00501
4	0.01115	0.01057	0.01790	0.59074	0.23540	0.01234	0.01557	0.01468	0.01131	0.01497	0.00984	0.01426	0.00763	0.00529	0.00544	0.00176	0.00706	0.00485	0.00250	0.00675
5	0.03235	0.01877	0.19579	0.02307	0.34014	0.15134	0.08173	0.01842	0.03419	0.03780	0.01048	0.01272	0.00822	0.00517	0.00532	0.00163	0.00752	0.00458	0.00284	0.00793
6	0.01320	0.00971	0.01403	0.06593	0.27886	0.02724	0.01044	0.01601	0.02990	0.15841	0.13111	0.02702	0.16271	0.00817	0.00580	0.00172	0.00491	0.02318	0.00448	0.00718
7	0.00762	0.00554	0.00717	0.00683	0.00810	0.00509	0.00510	0.01007	0.01509	0.02122	0.70930	0.07234	0.08307	0.01151	0.00645	0.00174	0.00260	0.01016	0.00592	0.00509
8	0.01918	0.01075	0.01277	0.01008	0.01367	0.01084	0.00821	0.31032	0.01935	0.30843	0.16292	0.02076	0.01918	0.00750	0.00559	0.00166	0.00469	0.00609	0.03970	0.00831
9	0.01326	0.07002	0.44625	0.04259	0.14095	0.01278	0.07103	0.01812	0.01218	0.10578	0.01118	0.01280	0.00806	0.00525	0.00525	0.00168	0.00733	0.00446	0.00292	0.00811
10	0.00859	0.00638	0.00836	0.00929	0.01068	0.00634	0.00787	0.01157	0.05530	0.01631	0.03245	0.10113	0.14032	0.01456	0.00722	0.00236	0.00454	0.54655	0.00506	0.00513
11	0.02071	0.01289	0.01452	0.01132	0.01541	0.01367	0.00929	0.46176	0.08523	0.23824	0.01639	0.01552	0.01126	0.00667	0.00540	0.00165	0.00534	0.00518	0.04051	0.00904

[dist]
# distance from previous block
# <min> <max>
1	4

[block]
# block no. 2 follows, 44 sequences, length 25
# corresponding to MSA columns:
# 69-93
name=unknown_C
#
# <colnr> <probs for GDERKNQSTAVLIFYWHMCP>
#	G	D	E	R	K	N	Q	S	T	A	V	L	I	F	Y	W	H	M	C	P
0	0.01074	0.00943	0.01511	0.58654	0.07194	0.01124	0.01334	0.01487	0.05582	0.03424	0.08826	0.01774	0.01271	0.00617	0.00551	0.00178	0.00638	0.00545	0.02642	0.00631
1	0.17911	0.38350	0.02018	0.03842	0.03224	0.10042	0.00922	0.10355	0.02910	0.04663	0.00928	0.01032	0.00755	0.00523	0.00409	0.00142	0.00595	0.00350	0.00320	0.00710
2	0.01407	0.01158	0.08571	0.03311	0.10640	0.01033	0.01007	0.05344	0.17192	0.16471	0.13735	0.02299	0.05732	0.00769	0.00606	0.00173	0.03163	0.02368	0.00486	0.04536
3	0.14993	0.07626	0.28480	0.11579	0.05324	0.03822	0.11059	0.01719	0.02830	0.04345	0.01000	0.01215	0.00749	0.00529	0.00528	0.00171	0.02592	0.00432	0.00281	0.00725
4	0.01183	0.22310	0.52385	0.01404	0.02087	0.01467	0.05514	0.01678	0.01162	0.01633	0.03776	0.01208	0.00866	0.00524	0.00487	0.00159	0.00735	0.00409	0.00247	0.00765
5	0.00772	0.00557	0.00729	0.00686	0.00814	0.00514	0.00514	0.01029	0.01543	0.02186	0.77152	0.04072	0.05144	0.01115	0.00643	0.00171	0.00257	0.00986	0.00600	0.00514
6	0.01064	0.01008	0.01724	0.67693	0.10412	0.01209	0.04149	0.01424	0.01115	0.01448	0.01030	0.01570	0.00807	0.00562	0.00554	0.00182	0.00720	0.02445	0.00253	0.00631
7	0.00759	0.00553	0.00707	0.00674	0.00800	0.00508	0.00500	0.00992	0.01478	0.02065	0.66467	0.06412	0.10972	0.03848	0.00717	0.00186	0.00270	0.01010	0.00580	0.00502
8	0.00968	0.00601	0.00792	0.00719	0.00882	0.00548	0.00548	0.01220	0.01545	0.11067	0.68345	0.03812	0.04698	0.01063	0.00632	0.00171	0.00281	0.00935	0.00609	0.00563
9	0.01139	0.00641	0.00830	0.00735	0.00937	0.00574	0.00568	0.01372	0.01512	0.19377	0.51577	0.03704	0.12774	0.01045	0.00622	0.00172	0.00307	0.00905	0.00606	0.00602
10	0.01921	0.01289	0.01401	0.01095	0.01475	0.01396	0.00898	0.55499	0.02216	0.10279	0.01472	0.01489	0.01051	0.00653	0.00517	0.00158	0.00526	0.00499	0.15312	0.00853
11	0.01130	0.00969	0.01130	0.00807	0.01292	0.00727	0.00646	0.01373	0.01130	0.01776	0.00969	0.01130	0.00807	0.00404	0.00404	0.00081	0.00404	0.00323	0.00323	0.84173
12	0.00779	0.00584	0.00876	0.00876	0.00974	0.00681	0.00681	0.00974	0.00876	0.01266	0.01460	0.02142	0.01363	0.04089	0.78680	0.00876	0.01460	0.00584	0.00292	0.00487
13	0.01030	0.00969	0.01635	0.79530	0.03755	0.01211	0.01514	0.01393	0.01090	0.01393	0.00969	0.01453	0.00727	0.00545	0.00545	0.00182	0.00727	0.00484	0.00242	0.00606
14	0.00644	0.00552	0.00552	0.00552	0.00736	0.00460	0.00414	0.00782	0.01243	0.01473	0.05523	0.05247	0.77218	0.01381	0.00644	0.00184	0.00276	0.01151	0.00506	0.00460
15	0.01016	0.00508	0.00508	0.00508	0.00635	0.00508	0.00381	0.01270	0.01143	0.02033	0.01778	0.02033	0.01397	0.00635	0.00381	0.00127	0.00254	0.00508	0.83867	0.00508
16	0.01130	0.00969	0.01130	0.00807	0.01292	0.00727	0.00646	0.01373	0.01130	0.01776	0.00969	0.01130	0.00807	0.00404	0.00404	0.00081	0.00404	0.00323	0.00323	0.84173
17	0.00664	0.00474	0.00633	0.00759	0.00791	0.00443	0.00506	0.00759	0.01044	0.01392	0.03005	0.80485	0.03606	0.01708	0.00696	0.00221	0.00316	0.01550	0.00506	0.00443
18	0.84691	0.01054	0.00801	0.00717	0.01054	0.01223	0.00590	0.01603	0.00928	0.02446	0.00759	0.00886	0.00590	0.00506	0.00337	0.00169	0.00422	0.00295	0.00337	0.00590
19	0.02446	0.00928	0.01265	0.00970	0.01392	0.00801	0.00801	0.02657	0.01560	0.77817	0.02151	0.01856	0.01350	0.00675	0.00548	0.00169	0.00464	0.00548	0.00675	0.00928
20	0.01193	0.01193	0.01670	0.01431	0.01431	0.01670	0.01193	0.01312	0.00835	0.01312	0.00716	0.01193	0.00716	0.00954	0.01789	0.00239	0.79843	0.00477	0.00239	0.00596
21	0.00652	0.00553	0.00563	0.00561	0.00741	0.00464	0.00420	0.00798	0.01261	0.01517	0.10009	0.05173	0.72704	0.01364	0.00644	0.00183	0.00275	0.01140	0.00512	0.00464
22	0.01458	0.81168	0.02857	0.00933	0.01399	0.02157	0.00933	0.01632	0.01108	0.01283	0.00758	0.00875	0.00700	0.00466	0.00350	0.00117	0.00583	0.00292	0.00233	0.00700
23	0.01193	0.01193	0.01670	0.01431	0.01431	0.01670	0.01193	0.01312	0.00835	0.01312	0.00716	0.01193	0.00716	0.00954	0.01789	0.00239	0.79843	0.00477	0.00239	0.00596
24	0.01287	0.01471	0.03217	0.02298	0.02849	0.01379	0.75460	0.01746	0.01287	0.01746	0.01103	0.01471	0.00827	0.00460	0.00643	0.00184	0.00919	0.00643	0.00276	0.00735

[dist]
# distance from previous block
# <min> <max>
0	3

[block]
# block no. 3 follows, 44 sequences, length 39
# corresponding to MSA columns:
# 97-135
name=unknown_D
#
# <colnr> <probs for GDERKNQSTAVLIFYWHMCP>
#	G	D	E	R	K	N	Q	S	T	A	V	L	I	F	Y	W	H	M	C	P
0	0.84691	0.01054	0.00801	0.00717	0.01054	0.01223	0.00590	0.01603	0.00928	0.02446	0.00759	0.00886	0.00590	0.00506	0.00337	0.00169	0.00422	0.00295	0.00337	0.00590
1	0.84691	0.01054	0.00801	0.00717	0.01054	0.01223	0.00590	0.01603	0.00928	0.02446	0.00759	0.00886	0.00590	0.00506	0.00337	0.00169	0.00422	0.00295	0.00337	0.00590
2	0.01227	0.01003	0.01038	0.00937	0.01210	0.03291	0.00727	0.03686	0.43708	0.06427	0.07148	0.02970	0.22496	0.00925	0.00582	0.00181	0.00401	0.00769	0.00543	0.00732
3	0.00772	0.00557	0.00729	0.00686	0.00814	0.00514	0.00514	0.01029	0.01543	0.02186	0.77152	0.04072	0.05144	0.01115	0.00643	0.00171	0.00257	0.00986	0.00600	0.00514
4	0.01654	0.01236	0.01340	0.01116	0.01452	0.01367	0.00889	0.39775	0.24381	0.04956	0.01842	0.11947	0.01525	0.00818	0.00563	0.00177	0.00498	0.00669	0.02963	0.00832
5	0.02446	0.00928	0.01265	0.00970	0.01392	0.00801	0.00801	0.02657	0.01560	0.77817	0.02151	0.01856	0.01350	0.00675	0.00548	0.00169	0.00464	0.00548	0.00675	0.00928
6	0.00875	0.00625	0.00874	0.00994	0.01119	0.00624	0.00867	0.01126	0.01264	0.01649	0.05276	0.06083	0.03202	0.01493	0.00749	0.00248	0.00494	0.71428	0.00505	0.00502
7	0.01420	0.01157	0.01235	0.01101	0.01416	0.01323	0.00859	0.02883	0.72043	0.06730	0.02215	0.02024	0.01646	0.00736	0.00554	0.00184	0.00433	0.00612	0.00562	0.00867
8	0.00659	0.00553	0.00572	0.00567	0.00745	0.00466	0.00425	0.00810	0.01276	0.01553	0.13568	0.05115	0.69123	0.01351	0.00644	0.00183	0.00274	0.01132	0.00517	0.00466
9	0.01966	0.12213	0.01705	0.01347	0.01650	0.69291	0.01039	0.02110	0.01491	0.01328	0.00832	0.00970	0.00702	0.00550	0.00474	0.00138	0.00934	0.00344	0.00275	0.00640
10	0.01160	0.01064	0.01776	0.14550	0.46139	0.01118	0.01408	0.01462	0.01156	0.01619	0.01255	0.01923	0.01128	0.01204	0.13998	0.00296	0.00787	0.06940	0.00290	0.00727
11	0.84691	0.01054	0.00801	0.00717	0.01054	0.01223	0.00590	0.01603	0.00928	0.02446	0.00759	0.00886	0.00590	0.00506	0.00337	0.00169	0.00422	0.00295	0.00337	0.00590
12	0.00676	0.00554	0.00597	0.00586	0.00756	0.00474	0.00439	0.00844	0.01318	0.01652	0.23489	0.04952	0.59141	0.01314	0.00644	0.00181	0.00271	0.01109	0.00530	0.00474
13	0.00662	0.00485	0.00622	0.00732	0.00784	0.00445	0.00494	0.00762	0.01070	0.01402	0.03339	0.70514	0.13361	0.01665	0.00689	0.00216	0.00311	0.01497	0.00506	0.00445
14	0.00664	0.00474	0.00633	0.00759	0.00791	0.00443	0.00506	0.00759	0.01044	0.01392	0.03005	0.80485	0.03606	0.01708	0.00696	0.00221	0.00316	0.01550	0.00506	0.00443
15	0.76757	0.01042	0.00846	0.00741	0.01087	0.01182	0.00611	0.01704	0.00989	0.09717	0.00893	0.00979	0.00664	0.00522	0.00358	0.00169	0.00426	0.00320	0.00370	0.00623
16	0.00793	0.00529	0.00595	0.00595	0.00595	0.00529	0.00330	0.00793	0.00793	0.01057	0.01718	0.03568	0.01982	0.80840	0.02775	0.00529	0.00529	0.00793	0.00330	0.00330
17	0.00860	0.00595	0.00743	0.00696	0.00853	0.00547	0.00525	0.01133	0.03986	0.06240	0.56540	0.06227	0.16710	0.01138	0.00637	0.00175	0.00279	0.00992	0.00585	0.00538
18	0.01218	0.00966	0.01139	0.00818	0.01299	0.00732	0.00656	0.01458	0.01159	0.06817	0.01047	0.01179	0.00843	0.00422	0.00413	0.00087	0.00408	0.00338	0.00346	0.78655
19	0.02035	0.01508	0.01615	0.01247	0.01676	0.01673	0.01027	0.71813	0.06434	0.03375	0.01357	0.01347	0.00966	0.00659	0.00546	0.00165	0.00591	0.00497	0.00546	0.00924
20	0.39567	0.16462	0.01382	0.00975	0.03778	0.12261	0.00777	0.01713	0.01114	0.08237	0.01017	0.03891	0.00852	0.00774	0.05026	0.00198	0.00601	0.00391	0.00339	0.00643
21	0.03379	0.61851	0.04738	0.01016	0.01458	0.10642	0.00968	0.03152	0.05823	0.01429	0.00874	0.00975	0.00761	0.00500	0.00387	0.00127	0.00622	0.00325	0.00266	0.00707
22	0.05985	0.03892	0.01331	0.01049	0.01415	0.04975	0.00844	0.19227	0.24840	0.11614	0.05148	0.01676	0.01365	0.00742	0.02519	0.00176	0.00520	0.00517	0.00497	0.11670
23	0.01240	0.01760	0.20397	0.03898	0.07506	0.01344	0.52162	0.01729	0.01248	0.01736	0.01066	0.01389	0.00796	0.00477	0.00606	0.00180	0.00871	0.00574	0.00264	0.00757
24	0.00827	0.00574	0.00731	0.00688	0.00836	0.00522	0.00522	0.01066	0.01495	0.05271	0.62056	0.04196	0.14985	0.01143	0.00642	0.00175	0.00275	0.02885	0.00588	0.00524
25	0.00960	0.00758	0.01075	0.00944	0.01143	0.00737	0.09353	0.04686	0.08036	0.04371	0.22675	0.19353	0.14771	0.05395	0.03013	0.00225	0.00438	0.00996	0.00501	0.00571
26	0.00661	0.00486	0.00621	0.00729	0.00783	0.00445	0.00493	0.00762	0.01072	0.01403	0.03366	0.69679	0.14178	0.01661	0.00688	0.00216	0.00311	0.01493	0.00506	0.00445
27	0.01152	0.01168	0.02188	0.36799	0.05832	0.01295	0.28328	0.01518	0.01142	0.01554	0.01027	0.01452	0.00796	0.00560	0.00708	0.00186	0.09302	0.00543	0.03792	0.00657
28	0.02072	0.01527	0.01636	0.01254	0.01691	0.01691	0.01036	0.75622	0.02563	0.03436	0.01309	0.01309	0.00927	0.00654	0.00545	0.00164	0.00600	0.00491	0.00545	0.00927
29	0.56355	0.01088	0.03257	0.05671	0.05323	0.01143	0.00786	0.01809	0.01087	0.17460	0.01071	0.01147	0.00768	0.00542	0.00408	0.00169	0.00472	0.00371	0.00393	0.00680
30	0.01287	0.01471	0.03217	0.02298	0.02849	0.01379	0.75460	0.01746	0.01287	0.01746	0.01103	0.01471	0.00827	0.00460	0.00643	0.00184	0.00919	0.00643	0.00276	0.00735
31	0.00788	0.00527	0.00596	0.00600	0.00602	0.00526	0.00337	0.00792	0.00802	0.01069	0.01763	0.06296	0.02040	0.78034	0.02701	0.00518	0.00521	0.00820	0.00337	0.00334
32	0.01397	0.04136	0.20839	0.07174	0.23135	0.03745	0.15553	0.04569	0.01287	0.08448	0.01110	0.01342	0.00835	0.00534	0.00592	0.00171	0.03542	0.00490	0.00304	0.00795
33	0.84691	0.01054	0.00801	0.00717	0.01054	0.01223	0.00590	0.01603	0.00928	0.02446	0.00759	0.00886	0.00590	0.00506	0.00337	0.00169	0.00422	0.00295	0.00337	0.00590
34	0.01101	0.11029	0.51835	0.02804	0.02037	0.01254	0.04406	0.02886	0.01225	0.01747	0.10218	0.01651	0.04265	0.00618	0.00525	0.00167	0.00694	0.00502	0.00293	0.00741
35	0.00792	0.00578	0.00715	0.00674	0.00824	0.00529	0.00508	0.01054	0.03253	0.03491	0.59427	0.04220	0.19598	0.01151	0.00639	0.00174	0.00269	0.01002	0.00581	0.00520
36	0.01190	0.01098	0.01710	0.39809	0.19607	0.03442	0.05507	0.04360	0.05157	0.01674	0.01201	0.03207	0.00973	0.00590	0.00543	0.00174	0.00659	0.01847	0.06567	0.00685
37	0.00785	0.00528	0.00594	0.00597	0.00603	0.00525	0.00337	0.00792	0.00812	0.01077	0.01866	0.05303	0.04387	0.76608	0.02662	0.00511	0.00516	0.00821	0.00340	0.00337
38	0.01166	0.01042	0.01635	0.69252	0.03484	0.01274	0.01451	0.11140	0.01284	0.01661	0.01014	0.01435	0.00753	0.00559	0.00545	0.00179	0.00710	0.00485	0.00282	0.00648

[dist]
# distance from previous block
# <min> <max>
0	12

[block]
# block no. 4 follows, 44 sequences, length 10
# corresponding to MSA columns:
# 148-157
name=unknown_E
#
# <colnr> <probs for GDERKNQSTAVLIFYWHMCP>
#	G	D	E	R	K	N	Q	S	T	A	V	L	I	F	Y	W	H	M	C	P
0	0.00794	0.00603	0.00736	0.00695	0.00847	0.00569	0.00523	0.01127	0.07138	0.02071	0.59183	0.04121	0.17279	0.01132	0.00637	0.00175	0.00274	0.00986	0.00581	0.00531
1	0.04579	0.63863	0.02466	0.00942	0.01359	0.10029	0.00891	0.01661	0.01150	0.01388	0.00844	0.00974	0.00748	0.00491	0.00367	0.00122	0.00594	0.00314	0.06546	0.00674
2	0.01147	0.12532	0.65570	0.01507	0.02260	0.01382	0.04899	0.01716	0.01151	0.01672	0.00956	0.01130	0.00697	0.00509	0.00502	0.00166	0.00783	0.00399	0.00232	0.00790
3	0.00930	0.01013	0.09455	0.01014	0.06202	0.04682	0.00793	0.03403	0.05943	0.01769	0.19823	0.16321	0.24306	0.01117	0.00615	0.00182	0.00417	0.00960	0.00473	0.00582
4	0.01281	0.01375	0.02784	0.02122	0.06308	0.01352	0.56754	0.05492	0.01298	0.01777	0.01206	0.06729	0.01011	0.00595	0.00730	0.00189	0.07299	0.00675	0.00302	0.00721
5	0.01087	0.06977	0.01561	0.04019	0.10828	0.01105	0.09538	0.05010	0.01136	0.01587	0.01664	0.16292	0.04860	0.02892	0.10911	0.00283	0.13066	0.00735	0.05838	0.00611
6	0.01230	0.01028	0.01184	0.00855	0.01334	0.00829	0.00687	0.09238	0.01282	0.01952	0.01005	0.01149	0.00820	0.00430	0.00419	0.00090	0.00425	0.00341	0.00347	0.75355
7	0.01150	0.01093	0.01512	0.21613	0.26556	0.06242	0.01207	0.03864	0.03781	0.01659	0.03795	0.02518	0.17417	0.00779	0.00574	0.00176	0.00586	0.04455	0.00352	0.00672
8	0.07022	0.08153	0.09078	0.01524	0.11305	0.07898	0.07766	0.03692	0.01155	0.01638	0.01213	0.06762	0.02388	0.00892	0.04706	0.00212	0.15282	0.02926	0.00304	0.06083
9	0.01432	0.01314	0.01179	0.03333	0.04342	0.21763	0.00841	0.05105	0.09940	0.08735	0.04555	0.09654	0.12422	0.00887	0.00615	0.00173	0.04173	0.02861	0.06029	0.00648

[dist]
# distance from previous block
# <min> <max>
0	15

[block]
# block no. 5 follows, 44 sequences, length 19
# corresponding to MSA columns:
# 173-191
name=unknown_F
#
# <colnr> <probs for GDERKNQSTAVLIFYWHMCP>
#	G	D	E	R	K	N	Q	S	T	A	V	L	I	F	Y	W	H	M	C	P
0	0.01192	0.05083	0.04337	0.06094	0.11701	0.01167	0.18093	0.03725	0.01196	0.01708	0.03906	0.06021	0.01133	0.00676	0.02074	0.00170	0.08860	0.00550	0.00312	0.21999
1	0.03506	0.07762	0.57143	0.01577	0.04631	0.01302	0.08876	0.01684	0.01155	0.01714	0.01020	0.03086	0.00781	0.00533	0.00515	0.00168	0.00763	0.00444	0.00248	0.03094
2	0.01337	0.11199	0.41846	0.01682	0.07645	0.14541	0.10863	0.01791	0.01237	0.01617	0.00950	0.01146	0.00723	0.00510	0.00512	0.00162	0.00814	0.00418	0.00248	0.00760
3	0.01176	0.00811	0.00837	0.00726	0.00957	0.02912	0.00562	0.14152	0.01386	0.02072	0.02056	0.02247	0.11703	0.03179	0.03054	0.01884	0.00408	0.00576	0.38035	0.11267
4	0.06156	0.20889	0.05844	0.07744	0.10915	0.20205	0.01070	0.03098	0.03397	0.01575	0.02841	0.01514	0.06313	0.00726	0.03257	0.00175	0.00693	0.00456	0.02461	0.00671
5	0.00947	0.00473	0.00710	0.00710	0.00710	0.00473	0.00473	0.00710	0.00710	0.00947	0.00947	0.01657	0.00947	0.01894	0.02131	0.84138	0.00473	0.00473	0.00237	0.00237
6	0.66901	0.01289	0.11505	0.00852	0.01260	0.01197	0.00803	0.01700	0.01007	0.08064	0.00895	0.00996	0.00662	0.00521	0.00378	0.00169	0.00478	0.00329	0.00348	0.00646
7	0.01623	0.01543	0.01475	0.17458	0.01996	0.20657	0.01074	0.23097	0.13014	0.02125	0.01381	0.01508	0.03172	0.00652	0.00573	0.00166	0.03422	0.00493	0.03836	0.00735
8	0.00780	0.00581	0.00860	0.00860	0.00952	0.00673	0.00662	0.00963	0.00871	0.01254	0.01475	0.02222	0.01398	0.08389	0.74427	0.00857	0.01408	0.00596	0.00294	0.00478
9	0.04855	0.00923	0.01231	0.00948	0.01361	0.00803	0.00781	0.02527	0.01523	0.70313	0.04116	0.01857	0.01408	0.00671	0.00538	0.00165	0.00454	0.00543	0.00648	0.04333
10	0.01026	0.00965	0.01615	0.74233	0.06052	0.01187	0.01480	0.01380	0.01100	0.01408	0.01133	0.01585	0.03454	0.00573	0.00548	0.00181	0.00708	0.00508	0.00253	0.00609
11	0.84691	0.01054	0.00801	0.00717	0.01054	0.01223	0.00590	0.01603	0.00928	0.02446	0.00759	0.00886	0.00590	0.00506	0.00337	0.00169	0.00422	0.00295	0.00337	0.00590
12	0.02446	0.00928	0.01265	0.00970	0.01392	0.00801	0.00801	0.02657	0.01560	0.77817	0.02151	0.01856	0.01350	0.00675	0.00548	0.00169	0.00464	0.00548	0.00675	0.00928
13	0.00725	0.00542	0.00737	0.00754	0.00852	0.00500	0.02539	0.00901	0.01276	0.01742	0.34320	0.40384	0.09880	0.01399	0.00668	0.00196	0.00305	0.01257	0.00539	0.00482
14	0.00779	0.00582	0.00865	0.00865	0.00959	0.00675	0.00668	0.00966	0.00873	0.01257	0.01470	0.02198	0.01387	0.07123	0.75679	0.00862	0.01423	0.00592	0.00294	0.00481
15	0.02429	0.00955	0.01282	0.00983	0.01405	0.00841	0.00812	0.05932	0.01605	0.74478	0.02113	0.01831	0.01331	0.00674	0.00548	0.00168	0.00470	0.00546	0.00669	0.00928
16	0.00664	0.00474	0.00633	0.00759	0.00791	0.00443	0.00506	0.00759	0.01044	0.01392	0.03005	0.80485	0.03606	0.01708	0.00696	0.00221	0.00316	0.01550	0.00506	0.00443
17	0.01283	0.01435	0.03060	0.05236	0.10230	0.01364	0.65477	0.01726	0.01275	0.01737	0.01090	0.01458	0.00827	0.00465	0.00630	0.00182	0.00885	0.00622	0.00274	0.00743
18	0.01797	0.01600	0.03776	0.09724	0.11091	0.13295	0.01175	0.38471	0.07633	0.04205	0.01246	0.01342	0.00923	0.00611	0.00536	0.00164	0.00668	0.00477	0.00435	0.00832

[dist]
# distance from previous block
# <min> <max>
5	16

[block]
# block no. 6 follows, 44 sequences, length 12
# corresponding to MSA columns:
# 208-219
name=unknown_G
#
# <colnr> <probs for GDERKNQSTAVLIFYWHMCP>
#	G	D	E	R	K	N	Q	S	T	A	V	L	I	F	Y	W	H	M	C	P
0	0.01282	0.01428	0.06449	0.07930	0.22842	0.01336	0.39619	0.01808	0.08281	0.01779	0.01171	0.01473	0.00901	0.00502	0.00594	0.00177	0.00781	0.00575	0.00296	0.00776
1	0.84691	0.01054	0.00801	0.00717	0.01054	0.01223	0.00590	0.01603	0.00928	0.02446	0.00759	0.00886	0.00590	0.00506	0.00337	0.00169	0.00422	0.00295	0.00337	0.00590
2	0.00644	0.00552	0.00552	0.00552	0.00736	0.00460	0.00414	0.00782	0.01243	0.01473	0.05523	0.05247	0.77218	0.01381	0.00644	0.00184	0.00276	0.01151	0.00506	0.00460
3	0.00855	0.00720	0.00762	0.00728	0.00934	0.00712	0.00552	0.01390	0.21928	0.01773	0.12663	0.06943	0.45624	0.01186	0.00621	0.00184	0.00318	0.01000	0.00530	0.00576
4	0.78836	0.01045	0.00834	0.00735	0.01078	0.01193	0.00605	0.01678	0.00973	0.07812	0.00858	0.00955	0.00644	0.00518	0.00352	0.00169	0.00425	0.00313	0.00361	0.00614
5	0.00790	0.00555	0.00747	0.00756	0.00819	0.00606	0.00538	0.00918	0.00875	0.01250	0.01662	0.07626	0.01711	0.28768	0.44399	0.00678	0.01013	0.00710	0.05146	0.00434
6	0.00647	0.00543	0.00562	0.00578	0.00743	0.00458	0.00425	0.00780	0.01218	0.01463	0.05216	0.14426	0.68237	0.01421	0.00651	0.00189	0.00281	0.01199	0.00506	0.00458
7	0.01532	0.01084	0.01105	0.00917	0.01191	0.04275	0.00735	0.35482	0.01808	0.02604	0.01660	0.01776	0.04510	0.00683	0.00514	0.00150	0.02742	0.00521	0.36005	0.00706
8	0.84691	0.01054	0.00801	0.00717	0.01054	0.01223	0.00590	0.01603	0.00928	0.02446	0.00759	0.00886	0.00590	0.00506	0.00337	0.00169	0.00422	0.00295	0.00337	0.00590
9	0.01835	0.01340	0.01464	0.01145	0.01536	0.01452	0.00935	0.56609	0.06351	0.05335	0.11131	0.01712	0.01517	0.00708	0.00552	0.00162	0.00534	0.00556	0.00547	0.04578
10	0.01326	0.16801	0.43081	0.01672	0.12852	0.08995	0.01637	0.04577	0.01249	0.01681	0.00944	0.01119	0.00727	0.00513	0.00489	0.00157	0.00752	0.00393	0.00253	0.00782
11	0.73676	0.03955	0.04577	0.00799	0.01160	0.05191	0.00693	0.01639	0.00976	0.02316	0.00774	0.00903	0.00605	0.00508	0.00354	0.00166	0.00474	0.00303	0.00326	0.00606

[dist]
# distance from previous block
# <min> <max>
0	1

[block]
# block no. 7 follows, 44 sequences, length 71
# corresponding to MSA columns:
# 221-257,311-344
name=unknown_H
#
# <colnr> <probs for GDERKNQSTAVLIFYWHMCP>
#	G	D	E	R	K	N	Q	S	T	A	V	L	I	F	Y	W	H	M	C	P
0	0.01439	0.75420	0.02771	0.00969	0.01402	0.02122	0.00952	0.01609	0.01088	0.01285	0.00755	0.00897	0.00701	0.00501	0.00453	0.00125	0.06280	0.00305	0.00234	0.00692
1	0.02040	0.01510	0.01636	0.03691	0.01755	0.01676	0.01051	0.73311	0.02517	0.03372	0.01298	0.01313	0.00921	0.00651	0.00545	0.00164	0.00604	0.00491	0.00536	0.00917
2	0.02072	0.01527	0.01636	0.01254	0.01691	0.01691	0.01036	0.75622	0.02563	0.03436	0.01309	0.01309	0.00927	0.00654	0.00545	0.00164	0.00600	0.00491	0.00545	0.00927
3	0.84691	0.01054	0.00801	0.00717	0.01054	0.01223	0.00590	0.01603	0.00928	0.02446	0.00759	0.00886	0.00590	0.00506	0.00337	0.00169	0.00422	0.00295	0.00337	0.00590
4	0.00671	0.00479	0.00638	0.00755	0.00792	0.00447	0.00507	0.00775	0.01074	0.01440	0.07474	0.75879	0.03698	0.01672	0.00693	0.00218	0.00313	0.01516	0.00512	0.00447
5	0.02072	0.01527	0.01636	0.01254	0.01691	0.01691	0.01036	0.75622	0.02563	0.03436	0.01309	0.01309	0.00927	0.00654	0.00545	0.00164	0.00600	0.00491	0.00545	0.00927
6	0.02072	0.01527	0.01636	0.01254	0.01691	0.01691	0.01036	0.75622	0.02563	0.03436	0.01309	0.01309	0.00927	0.00654	0.00545	0.00164	0.00600	0.00491	0.00545	0.00927
7	0.02072	0.01527	0.01636	0.01254	0.01691	0.01691	0.01036	0.75622	0.02563	0.03436	0.01309	0.01309	0.00927	0.00654	0.00545	0.00164	0.00600	0.00491	0.00545	0.00927
8	0.02446	0.00928	0.01265	0.00970	0.01392	0.00801	0.00801	0.02657	0.01560	0.77817	0.02151	0.01856	0.01350	0.00675	0.00548	0.00169	0.00464	0.00548	0.00675	0.00928
9	0.02446	0.00928	0.01265	0.00970	0.01392	0.00801	0.00801	0.02657	0.01560	0.77817	0.02151	0.01856	0.01350	0.00675	0.00548	0.00169	0.00464	0.00548	0.00675	0.00928
10	0.00873	0.00590	0.00768	0.00710	0.00858	0.00548	0.00537	0.01156	0.03175	0.06199	0.71543	0.03910	0.04867	0.01083	0.00636	0.00172	0.00272	0.00955	0.00603	0.00544
11	0.84691	0.01054	0.00801	0.00717	0.01054	0.01223	0.00590	0.01603	0.00928	0.02446	0.00759	0.00886	0.00590	0.00506	0.00337	0.00169	0.00422	0.00295	0.00337	0.00590
12	0.00708	0.00553	0.00641	0.00623	0.00776	0.00487	0.00466	0.00904	0.01387	0.01824	0.40873	0.06447	0.39845	0.01257	0.00645	0.00179	0.00268	0.01079	0.00553	0.00487
13	0.02446	0.00928	0.01265	0.00970	0.01392	0.00801	0.00801	0.02657	0.01560	0.77817	0.02151	0.01856	0.01350	0.00675	0.00548	0.00169	0.00464	0.00548	0.00675	0.00928
14	0.00786	0.00582	0.00865	0.00865	0.00963	0.00676	0.00672	0.00982	0.00884	0.01289	0.01470	0.02138	0.01364	0.03985	0.76325	0.00854	0.01424	0.00582	0.02806	0.00487
15	0.00664	0.00474	0.00633	0.00759	0.00791	0.00443	0.00506	0.00759	0.01044	0.01392	0.03005	0.80485	0.03606	0.01708	0.00696	0.00221	0.00316	0.01550	0.00506	0.00443
16	0.00696	0.00497	0.00669	0.00796	0.00841	0.00470	0.00562	0.00814	0.01075	0.01427	0.02987	0.69397	0.03536	0.01678	0.00704	0.00226	0.00344	0.12322	0.00505	0.00452
17	0.02433	0.00948	0.01278	0.00980	0.01402	0.00831	0.00809	0.05113	0.01594	0.75313	0.02122	0.01837	0.01335	0.00674	0.00548	0.00169	0.00468	0.00546	0.00670	0.00928
18	0.00687	0.00484	0.00626	0.00730	0.00756	0.00458	0.00475	0.00765	0.00999	0.01333	0.02777	0.66887	0.03319	0.15697	0.01063	0.00276	0.00354	0.01416	0.00475	0.00423
19	0.01099	0.02779	0.75730	0.01577	0.02375	0.01270	0.04258	0.01727	0.01155	0.01727	0.00982	0.01161	0.00695	0.00516	0.00522	0.00173	0.00809	0.00410	0.00232	0.00804
20	0.01842	0.01879	0.01520	0.03023	0.01656	0.35112	0.01029	0.25920	0.10298	0.02119	0.01172	0.01282	0.00914	0.00789	0.04000	0.00192	0.05668	0.00447	0.00395	0.00745
21	0.02172	0.00867	0.01177	0.00923	0.01297	0.00754	0.00754	0.02390	0.01558	0.65425	0.14440	0.02219	0.01971	0.00747	0.00564	0.00169	0.00430	0.00620	0.00663	0.00860
22	0.02038	0.02569	0.01547	0.01400	0.01686	0.76529	0.01053	0.04203	0.01573	0.01392	0.00856	0.00992	0.00708	0.00564	0.00493	0.00141	0.00973	0.00355	0.00288	0.00640
23	0.07654	0.26242	0.09010	0.01226	0.03014	0.34903	0.01062	0.05408	0.01361	0.01567	0.00880	0.01016	0.00729	0.00530	0.00440	0.00139	0.00756	0.00348	0.03034	0.00680
24	0.00717	0.00545	0.00745	0.00932	0.06304	0.00511	0.00591	0.00837	0.01083	0.01434	0.03104	0.65435	0.10560	0.01583	0.00681	0.00214	0.00341	0.03416	0.00489	0.00476
25	0.01330	0.01039	0.01096	0.00961	0.01230	0.04448	0.00748	0.11762	0.30791	0.07503	0.19881	0.02741	0.10585	0.02640	0.00630	0.00183	0.00425	0.00732	0.00550	0.00729
26	0.00736	0.00556	0.00676	0.00668	0.00806	0.00503	0.00504	0.00940	0.01382	0.01852	0.43665	0.08077	0.27215	0.03735	0.00720	0.00195	0.00292	0.06438	0.00551	0.00488
27	0.04610	0.01371	0.01468	0.01144	0.01545	0.01492	0.00935	0.59423	0.04301	0.03100	0.01340	0.02773	0.01001	0.00677	0.00554	0.01783	0.00550	0.00496	0.04844	0.06592
28	0.01168	0.00993	0.01150	0.00830	0.01308	0.00774	0.00664	0.03909	0.02995	0.01845	0.01011	0.01158	0.00832	0.00420	0.00412	0.00086	0.00411	0.00336	0.00336	0.79362
29	0.01186	0.01258	0.12882	0.02597	0.01457	0.01111	0.00968	0.04351	0.39783	0.03426	0.14396	0.06904	0.04057	0.00848	0.00578	0.00183	0.00463	0.02297	0.00503	0.00753
30	0.01203	0.31000	0.46312	0.01280	0.01921	0.01542	0.01535	0.01644	0.01145	0.01571	0.03326	0.03331	0.00913	0.00551	0.00466	0.00154	0.00695	0.00412	0.00250	0.00748
31	0.02037	0.02598	0.01545	0.01404	0.01685	0.78652	0.01053	0.02177	0.01545	0.01334	0.00843	0.00983	0.00702	0.00562	0.00492	0.00140	0.00983	0.00351	0.00281	0.00632
32	0.00649	0.00552	0.00559	0.00557	0.00739	0.00462	0.00418	0.00792	0.01254	0.01501	0.08310	0.05201	0.74414	0.01370	0.00644	0.00184	0.00275	0.01144	0.00510	0.00462
33	0.01154	0.02592	0.63434	0.01671	0.02419	0.03638	0.14019	0.01743	0.01185	0.01718	0.00995	0.01198	0.00713	0.00510	0.00538	0.00174	0.00830	0.00441	0.00239	0.00789
34	0.00735	0.00540	0.00772	0.00820	0.00889	0.00584	0.00601	0.00884	0.00938	0.01306	0.02065	0.32383	0.02250	0.06062	0.45772	0.00611	0.00984	0.00964	0.00376	0.00464
35	0.01458	0.81168	0.02857	0.00933	0.01399	0.02157	0.00933	0.01632	0.01108	0.01283	0.00758	0.00875	0.00700	0.00466	0.00350	0.00117	0.00583	0.00292	0.00233	0.00700
36	0.01101	0.01042	0.01765	0.62439	0.20285	0.01230	0.01550	0.01456	0.01124	0.01480	0.00982	0.01430	0.00757	0.00532	0.00544	0.00177	0.00709	0.00485	0.00248	0.00663
37	0.00859	0.00618	0.00769	0.00807	0.00909	0.00611	0.00579	0.09671	0.01291	0.01745	0.11122	0.54385	0.05637	0.01528	0.02384	0.00221	0.00371	0.03499	0.02480	0.00513
38	0.00644	0.00552	0.00552	0.00552	0.00736	0.00460	0.00414	0.00782	0.01243	0.01473	0.05523	0.05247	0.77218	0.01381	0.00644	0.00184	0.00276	0.01151	0.00506	0.00460
39	0.01093	0.02820	0.78016	0.01554	0.02360	0.01266	0.02014	0.01727	0.01151	0.01727	0.00978	0.01151	0.00691	0.00518	0.00518	0.00173	0.00806	0.00403	0.00230	0.00806
40	0.02037	0.02598	0.01545	0.01404	0.01685	0.78652	0.01053	0.02177	0.01545	0.01334	0.00843	0.00983	0.00702	0.00562	0.00492	0.00140	0.00983	0.00351	0.00281	0.00632
41	0.15697	0.02139	0.46247	0.04783	0.15080	0.01274	0.01659	0.03905	0.01168	0.01899	0.00958	0.01156	0.00711	0.00516	0.00492	0.00170	0.00702	0.00404	0.00266	0.00774
42	0.00780	0.00581	0.00858	0.00858	0.00949	0.00672	0.00659	0.00962	0.00871	0.01252	0.01477	0.02232	0.01402	0.08955	0.73867	0.00854	0.01401	0.00597	0.00294	0.00477
43	0.00688	0.00494	0.00672	0.03721	0.00896	0.00474	0.00540	0.00782	0.01032	0.01374	0.02849	0.73922	0.03396	0.03270	0.00769	0.02386	0.00340	0.01467	0.00486	0.00441
44	0.78723	0.01119	0.00859	0.00767	0.01091	0.04250	0.00628	0.01615	0.00949	0.02365	0.00761	0.00900	0.00599	0.00523	0.00391	0.00170	0.03062	0.00303	0.00332	0.00592
45	0.00664	0.00474	0.00633	0.00759	0.00791	0.00443	0.00506	0.00759	0.01044	0.01392	0.03005	0.80485	0.03606	0.01708	0.00696	0.00221	0.00316	0.01550	0.00506	0.00443
46	0.03718	0.01391	0.12628	0.38726	0.27556	0.03613	0.01595	0.01562	0.01157	0.01598	0.00979	0.01345	0.00762	0.00521	0.00532	0.00172	0.00711	0.00463	0.00254	0.00719
47	0.02037	0.02598	0.01545	0.01404	0.01685	0.78652	0.01053	0.02177	0.01545	0.01334	0.00843	0.00983	0.00702	0.00562	0.00492	0.00140	0.00983	0.00351	0.00281	0.00632
48	0.84691	0.01054	0.00801	0.00717	0.01054	0.01223	0.00590	0.01603	0.00928	0.02446	0.00759	0.00886	0.00590	0.00506	0.00337	0.00169	0.00422	0.00295	0.00337	0.00590
49	0.00644	0.00552	0.00552	0.00552	0.00736	0.00460	0.00414	0.00782	0.01243	0.01473	0.05523	0.05247	0.77218	0.01381	0.00644	0.00184	0.00276	0.01151	0.00506	0.00460
50	0.00678	0.00484	0.00648	0.00775	0.00812	0.00455	0.00530	0.00783	0.01057	0.01407	0.02997	0.75750	0.03576	0.01695	0.00699	0.00223	0.00328	0.06150	0.00506	0.00447
51	0.01458	0.81168	0.02857	0.00933	0.01399	0.02157	0.00933	0.01632	0.01108	0.01283	0.00758	0.00875	0.00700	0.00466	0.00350	0.00117	0.00583	0.00292	0.00233	0.00700
52	0.01256	0.01373	0.02812	0.02008	0.02547	0.01252	0.60926	0.01674	0.01256	0.01752	0.01077	0.01405	0.00823	0.00449	0.00597	0.00164	0.00819	0.00581	0.00285	0.16944
53	0.02072	0.01527	0.01636	0.01254	0.01691	0.01691	0.01036	0.75622	0.02563	0.03436	0.01309	0.01309	0.00927	0.00654	0.00545	0.00164	0.00600	0.00491	0.00545	0.00927
54	0.02446	0.00928	0.01265	0.00970	0.01392	0.00801	0.00801	0.02657	0.01560	0.77817	0.02151	0.01856	0.01350	0.00675	0.00548	0.00169	0.00464	0.00548	0.00675	0.00928
55	0.00644	0.00552	0.00552	0.00552	0.00736	0.00460	0.00414	0.00782	0.01243	0.01473	0.05523	0.05247	0.77218	0.01381	0.00644	0.00184	0.00276	0.01151	0.00506	0.00460
56	0.00664	0.00474	0.00633	0.00759	0.00791	0.00443	0.00506	0.00759	0.01044	0.01392	0.03005	0.80485	0.03606	0.01708	0.00696	0.00221	0.00316	0.01550	0.00506	0.00443
57	0.00664	0.00474	0.00633	0.00759	0.00791	0.00443	0.00506	0.00759	0.01044	0.01392	0.03005	0.80485	0.03606	0.01708	0.00696	0.00221	0.00316	0.01550	0.00506	0.00443
58	0.02072	0.01527	0.01636	0.01254	0.01691	0.01691	0.01036	0.75622	0.02563	0.03436	0.01309	0.01309	0.00927	0.00654	0.00545	0.00164	0.00600	0.00491	0.00545	0.00927
59	0.01597	0.01353	0.01756	0.26837	0.12198	0.04705	0.03551	0.35060	0.01796	0.02374	0.01123	0.01349	0.00837	0.00594	0.00573	0.00171	0.02465	0.00487	0.00386	0.00789
60	0.00934	0.00789	0.01185	0.01075	0.01182	0.00960	0.04535	0.03353	0.00937	0.01362	0.01280	0.01902	0.01193	0.04558	0.54161	0.00674	0.18534	0.00565	0.00288	0.00534
61	0.84691	0.01054	0.00801	0.00717	0.01054	0.01223	0.00590	0.01603	0.00928	0.02446	0.00759	0.00886	0.00590	0.00506	0.00337	0.00169	0.00422	0.00295	0.00337	0.00590
62	0.00986	0.00569	0.00660	0.00645	0.00775	0.00604	0.00495	0.03983	0.01118	0.01858	0.01667	0.02038	0.01369	0.01659	0.23580	0.00350	0.00624	0.00530	0.55973	0.00518
63	0.00664	0.00474	0.00633	0.00759	0.00791	0.00443	0.00506	0.00759	0.01044	0.01392	0.03005	0.80485	0.03606	0.01708	0.00696	0.00221	0.00316	0.01550	0.00506	0.00443
64	0.01252	0.01061	0.01148	0.01069	0.01337	0.01210	0.00833	0.02550	0.63035	0.02144	0.02348	0.09241	0.01968	0.00894	0.00585	0.00194	0.00428	0.07364	0.00546	0.00793
65	0.00899	0.00560	0.00681	0.04304	0.00848	0.00596	0.00492	0.01046	0.00970	0.01513	0.01687	0.06534	0.01619	0.25072	0.12812	0.03137	0.02431	0.00655	0.33697	0.00446
66	0.00869	0.00623	0.00865	0.00980	0.01108	0.00619	0.00853	0.01117	0.01266	0.01649	0.05841	0.06046	0.05052	0.01488	0.00746	0.00246	0.00487	0.69138	0.00506	0.00501
67	0.01754	0.40951	0.02185	0.01174	0.01546	0.41312	0.00995	0.01911	0.01332	0.01309	0.00801	0.00930	0.00701	0.00515	0.00422	0.00129	0.00788	0.00322	0.00258	0.00665
68	0.01016	0.00508	0.00508	0.00508	0.00635	0.00508	0.00381	0.01270	0.01143	0.02033	0.01778	0.02033	0.01397	0.00635	0.00381	0.00127	0.00254	0.00508	0.83867	0.00508
69	0.01349	0.01295	0.02213	0.03346	0.77440	0.01295	0.01673	0.01673	0.01241	0.01781	0.01025	0.01349	0.00864	0.00486	0.00540	0.00162	0.00648	0.00486	0.00270	0.00864
70	0.01282	0.01097	0.01157	0.01047	0.01340	0.01245	0.00817	0.04607	0.63980	0.02204	0.02589	0.02482	0.10353	0.00829	0.00570	0.00186	0.00420	0.02438	0.00548	0.00810

[dist]
# distance from previous block
# <min> <max>
1	17

[block]
# block no. 8 follows, 44 sequences, length 11
# corresponding to MSA columns:
# 362-372
name=unknown_I
#
# <colnr> <probs for GDERKNQSTAVLIFYWHMCP>
#	G	D	E	R	K	N	Q	S	T	A	V	L	I	F	Y	W	H	M	C	P
0	0.01317	0.18027	0.36439	0.03096	0.11976	0.03149	0.01529	0.08951	0.05052	0.01815	0.01085	0.03269	0.00865	0.00560	0.00496	0.00160	0.00691	0.00441	0.00292	0.00790
1	0.01036	0.00940	0.01296	0.01133	0.01228	0.01178	0.00917	0.01189	0.00885	0.01347	0.01032	0.01600	0.00993	0.05924	0.25521	0.00430	0.40821	0.00506	0.00271	0.11753
2	0.01488	0.07053	0.09033	0.02338	0.41304	0.01443	0.01435	0.17530	0.09201	0.02144	0.01185	0.01359	0.00932	0.00549	0.00527	0.00162	0.00625	0.00479	0.00351	0.00860
3	0.00725	0.00550	0.00721	0.00778	0.00832	0.00566	0.00547	0.00832	0.01004	0.01344	0.02796	0.47219	0.11561	0.09917	0.12671	0.00347	0.05485	0.01215	0.00440	0.00450
4	0.00831	0.00581	0.00686	0.00645	0.00819	0.00510	0.00489	0.01031	0.01408	0.07147	0.39436	0.04450	0.37556	0.01204	0.00637	0.00177	0.00280	0.01030	0.00563	0.00519
5	0.04488	0.01212	0.01753	0.13098	0.10917	0.07586	0.13463	0.05312	0.01170	0.01629	0.01065	0.01464	0.00895	0.01237	0.14904	0.00306	0.13851	0.00506	0.02398	0.02743
6	0.02793	0.00918	0.01120	0.02386	0.01214	0.00887	0.03098	0.12177	0.01251	0.07076	0.01388	0.03847	0.01294	0.25125	0.01245	0.00255	0.04503	0.00562	0.02740	0.26118
7	0.01498	0.01138	0.01338	0.04791	0.04039	0.01097	0.00858	0.28216	0.01663	0.06012	0.01322	0.07911	0.01110	0.00626	0.00498	0.00134	0.00494	0.00511	0.00430	0.36316
8	0.01171	0.05964	0.34707	0.03803	0.19725	0.04285	0.05306	0.01624	0.02598	0.01690	0.03285	0.04339	0.04075	0.00651	0.00547	0.00173	0.00695	0.04317	0.00294	0.00751
9	0.00798	0.00666	0.04469	0.00812	0.00930	0.00560	0.00619	0.03012	0.01148	0.01567	0.12290	0.47295	0.03207	0.05422	0.00843	0.04459	0.00377	0.06608	0.00475	0.04444
10	0.07387	0.05683	0.09666	0.01659	0.07176	0.07036	0.22020	0.14759	0.01417	0.01972	0.01164	0.07208	0.00999	0.00657	0.00678	0.00178	0.08709	0.00568	0.00335	0.00730

[dist]
# distance from previous block
# <min> <max>
0	9

[block]
# block no. 9 follows, 44 sequences, length 17
# corresponding to MSA columns:
# 382-398
name=unknown_J
#
# <colnr> <probs for GDERKNQSTAVLIFYWHMCP>
#	G	D	E	R	K	N	Q	S	T	A	V	L	I	F	Y	W	H	M	C	P
0	0.01274	0.01488	0.11201	0.04381	0.42570	0.10235	0.01425	0.01580	0.01236	0.01654	0.01377	0.11166	0.02740	0.00693	0.00555	0.00169	0.00651	0.02564	0.00307	0.02735
1	0.04474	0.01083	0.03813	0.03462	0.04098	0.00973	0.00852	0.07373	0.12098	0.27953	0.01599	0.01621	0.01156	0.03586	0.00584	0.00160	0.00479	0.00484	0.00486	0.23665
2	0.00846	0.00631	0.00829	0.00816	0.00907	0.00708	0.00595	0.01128	0.09061	0.01313	0.01621	0.02563	0.01584	0.27035	0.47140	0.00695	0.01066	0.00651	0.00332	0.00480
3	0.01360	0.01284	0.02159	0.10292	0.63665	0.01313	0.04081	0.05963	0.01306	0.01840	0.01039	0.01361	0.00853	0.00500	0.00544	0.00165	0.00661	0.00491	0.00284	0.00839
4	0.00657	0.00553	0.00571	0.00582	0.00758	0.00468	0.00441	0.00799	0.01237	0.01478	0.05305	0.07844	0.70995	0.01398	0.00652	0.00189	0.00289	0.04817	0.00506	0.00462
5	0.00664	0.00474	0.00633	0.00759	0.00791	0.00443	0.00506	0.00759	0.01044	0.01392	0.03005	0.80485	0.03606	0.01708	0.00696	0.00221	0.00316	0.01550	0.00506	0.00443
6	0.00671	0.00480	0.00639	0.00754	0.00792	0.00448	0.00507	0.00777	0.01078	0.01446	0.08026	0.75310	0.03710	0.01668	0.00692	0.00218	0.00312	0.01512	0.00512	0.00448
7	0.02446	0.00928	0.01265	0.00970	0.01392	0.00801	0.00801	0.02657	0.01560	0.77817	0.02151	0.01856	0.01350	0.00675	0.00548	0.00169	0.00464	0.00548	0.00675	0.00928
8	0.00832	0.00570	0.00673	0.04591	0.00796	0.00584	0.00422	0.02655	0.00879	0.01183	0.01771	0.09293	0.02003	0.66647	0.02385	0.00468	0.00517	0.00821	0.02536	0.00372
9	0.02072	0.01527	0.01636	0.01254	0.01691	0.01691	0.01036	0.75622	0.02563	0.03436	0.01309	0.01309	0.00927	0.00654	0.00545	0.00164	0.00600	0.00491	0.00545	0.00927
10	0.84691	0.01054	0.00801	0.00717	0.01054	0.01223	0.00590	0.01603	0.00928	0.02446	0.00759	0.00886	0.00590	0.00506	0.00337	0.00169	0.00422	0.00295	0.00337	0.00590
11	0.00677	0.00483	0.00647	0.00773	0.00810	0.00453	0.00528	0.00781	0.01056	0.01406	0.02998	0.76187	0.03579	0.01696	0.00699	0.00223	0.00327	0.05725	0.00506	0.00446
12	0.01262	0.01241	0.02218	0.21810	0.48535	0.01287	0.12415	0.01615	0.01211	0.01681	0.01023	0.01392	0.00825	0.00496	0.00556	0.00170	0.00707	0.00508	0.00264	0.00782
13	0.01246	0.08930	0.06253	0.01716	0.02027	0.01546	0.31204	0.01538	0.01068	0.01525	0.00918	0.01295	0.00776	0.00677	0.01088	0.00199	0.34299	0.00524	0.02501	0.00671
14	0.02167	0.01195	0.01258	0.01007	0.01385	0.13280	0.00811	0.06611	0.01558	0.50781	0.01800	0.01663	0.01198	0.00638	0.00517	0.00156	0.00533	0.00498	0.07873	0.05071
15	0.00664	0.00474	0.00633	0.00759	0.00791	0.00443	0.00506	0.00759	0.01044	0.01392	0.03005	0.80485	0.03606	0.01708	0.00696	0.00221	0.00316	0.01550	0.00506	0.00443
16	0.01261	0.01085	0.01206	0.01099	0.03999	0.01152	0.00831	0.02368	0.51309	0.02096	0.02041	0.02121	0.03849	0.00716	0.00534	0.00165	0.00432	0.04279	0.00490	0.18968

[dist]
# distance from previous block
# <min> <max>
0	1

[block]
# block no. 10 follows, 44 sequences, length 25
# corresponding to MSA columns:
# 400-424
name=unknown_K
#
# <colnr> <probs for GDERKNQSTAVLIFYWHMCP>
#	G	D	E	R	K	N	Q	S	T	A	V	L	I	F	Y	W	H	M	C	P
0	0.01570	0.03697	0.04108	0.04431	0.20057	0.20691	0.01185	0.10364	0.20934	0.01957	0.03205	0.01481	0.01127	0.00617	0.00554	0.00164	0.02202	0.00491	0.00382	0.00784
1	0.05635	0.02196	0.01650	0.01747	0.16633	0.54473	0.01154	0.07195	0.01528	0.01620	0.00908	0.01074	0.00745	0.00551	0.00498	0.00148	0.00865	0.00385	0.00300	0.00697
2	0.01242	0.01036	0.01268	0.13174	0.01716	0.00940	0.00835	0.12695	0.01362	0.01988	0.04461	0.01341	0.01009	0.00496	0.00458	0.00113	0.00478	0.00404	0.00357	0.54627
3	0.84691	0.01054	0.00801	0.00717	0.01054	0.01223	0.00590	0.01603	0.00928	0.02446	0.00759	0.00886	0.00590	0.00506	0.00337	0.00169	0.00422	0.00295	0.00337	0.00590
