[name]
unknown

[dist]
# distance from previous block
# <min> <max>
43	108

[block]
# block no. 0 follows, 44 sequences, length 12
# corresponding to MSA columns:
# 125-136
name=unknown_A
#
# <colnr> <probs for GDERKNQSTAVLIFYWHMCP>
#	G	D	E	R	K	N	Q	S	T	A	V	L	I	F	Y	W	H	M	C	P
0	0.05130	0.32786	0.10238	0.06246	0.04581	0.06205	0.07792	0.04565	0.01221	0.06881	0.00964	0.01133	0.00772	0.00535	0.00538	0.00150	0.05802	0.00397	0.00292	0.03771
1	0.10040	0.07500	0.01244	0.00897	0.01254	0.01051	0.00721	0.15913	0.03639	0.06302	0.03540	0.13533	0.01436	0.02853	0.00547	0.00153	0.00448	0.00591	0.00423	0.27915
2	0.19450	0.20674	0.09626	0.05276	0.01568	0.07300	0.06927	0.03519	0.01152	0.01745	0.01217	0.12373	0.01144	0.00682	0.00466	0.00161	0.00581	0.00543	0.04956	0.00639
3	0.00891	0.01071	0.14337	0.00980	0.03183	0.05004	0.00832	0.01168	0.03094	0.01696	0.24509	0.30415	0.03168	0.06211	0.00761	0.00210	0.00447	0.01014	0.00457	0.00553
4	0.03690	0.05257	0.06482	0.01299	0.03973	0.06177	0.12387	0.10603	0.06163	0.11500	0.03236	0.06818	0.03012	0.02163	0.00607	0.00169	0.02278	0.01764	0.00411	0.12010
5	0.19501	0.01509	0.18944	0.09522	0.06367	0.01233	0.08949	0.09363	0.03433	0.05196	0.01267	0.04424	0.02815	0.00619	0.00541	0.00175	0.02684	0.00506	0.02232	0.00719
6	0.00793	0.00554	0.00652	0.00672	0.00718	0.00543	0.00426	0.03683	0.01010	0.01344	0.07003	0.26399	0.07381	0.44335	0.01806	0.00380	0.00436	0.01040	0.00419	0.00406
7	0.00788	0.00598	0.00763	0.05713	0.01022	0.00576	0.00580	0.04170	0.01275	0.01709	0.23127	0.36420	0.14954	0.03143	0.00699	0.00201	0.00339	0.01180	0.00509	0.02237
8	0.15217	0.14135	0.25524	0.03292	0.06366	0.04859	0.08355	0.01641	0.01094	0.01697	0.00877	0.01112	0.00703	0.00567	0.00662	0.00172	0.12356	0.00406	0.00259	0.00707
9	0.00840	0.00662	0.00880	0.13974	0.01365	0.00689	0.00719	0.04859	0.04255	0.01573	0.05060	0.42048	0.13015	0.03062	0.00696	0.00212	0.00411	0.04698	0.00465	0.00517
10	0.00756	0.00527	0.00657	0.00700	0.00796	0.00479	0.00490	0.00892	0.01192	0.04405	0.18617	0.42147	0.18881	0.05876	0.00784	0.00219	0.00313	0.01273	0.00522	0.00473
11	0.01444	0.01296	0.02152	0.16883	0.26501	0.01354	0.18469	0.14906	0.05030	0.04795	0.01181	0.01441	0.00896	0.00540	0.00567	0.00172	0.00700	0.00531	0.00343	0.00799

[dist]
# distance from previous block
# <min> <max>
11	29

[block]
# block no. 1 follows, 44 sequences, length 32
# corresponding to MSA columns:
# 168-199
name=unknown_B
#
# <colnr> <probs for GDERKNQSTAVLIFYWHMCP>
#	G	D	E	R	K	N	Q	S	T	A	V	L	I	F	Y	W	H	M	C	P
0	0.01535	0.00875	0.01104	0.03028	0.01297	0.00742	0.00700	0.03935	0.01312	0.28827	0.03086	0.11638	0.03430	0.03592	0.00595	0.00155	0.00428	0.00616	0.00485	0.32618
1	0.01783	0.15132	0.01745	0.03618	0.03171	0.31012	0.01022	0.18648	0.15015	0.01976	0.01185	0.01247	0.00927	0.00596	0.00494	0.00151	0.00718	0.00426	0.00380	0.00754
2	0.04240	0.05304	0.08062	0.19254	0.12253	0.04115	0.09260	0.02940	0.01196	0.04381	0.02849	0.04845	0.02299	0.00607	0.00591	0.00163	0.04837	0.00522	0.00309	0.11971
3	0.10016	0.39180	0.07924	0.01012	0.01452	0.08354	0.00956	0.07409	0.01312	0.09547	0.04820	0.01210	0.01000	0.00549	0.00426	0.00139	0.00586	0.00383	0.00338	0.03388
4	0.00854	0.00643	0.00844	0.00862	0.00967	0.00635	0.03246	0.08029	0.03997	0.01654	0.05525	0.60363	0.04920	0.03793	0.00732	0.00219	0.00372	0.01330	0.00502	0.00515
5	0.00736	0.00539	0.00678	0.00675	0.00785	0.00495	0.00487	0.00929	0.01359	0.01865	0.48528	0.18462	0.14391	0.06646	0.00797	0.00207	0.00289	0.01100	0.00552	0.00481
6	0.02905	0.00696	0.00800	0.02932	0.00947	0.04565	0.00587	0.02102	0.01103	0.01617	0.14084	0.08022	0.02150	0.12885	0.23574	0.00420	0.02227	0.00707	0.17184	0.00492
7	0.01473	0.01132	0.01407	0.16315	0.05952	0.01252	0.01023	0.37771	0.01801	0.02405	0.01608	0.19617	0.01504	0.00905	0.00628	0.02733	0.00558	0.00733	0.00454	0.00729
8	0.01623	0.00742	0.01001	0.00854	0.01123	0.00659	0.00678	0.01839	0.01486	0.40801	0.27443	0.10963	0.02944	0.00970	0.00605	0.00179	0.00381	0.04365	0.00624	0.00718
9	0.00656	0.00534	0.00581	0.00609	0.00753	0.00459	0.00441	0.00789	0.01210	0.01490	0.08573	0.23282	0.55835	0.01446	0.00657	0.00192	0.00285	0.01238	0.00511	0.00459
10	0.03551	0.00492	0.00713	0.00710	0.00721	0.00497	0.00477	0.00738	0.00717	0.00994	0.00941	0.01633	0.00936	0.01851	0.02075	0.81527	0.00472	0.00468	0.00240	0.00248
11	0.05016	0.06729	0.51959	0.01420	0.04711	0.01233	0.01620	0.01837	0.04661	0.10176	0.04731	0.01386	0.01020	0.00569	0.00512	0.00169	0.00690	0.00448	0.00318	0.00795
12	0.00714	0.00501	0.00650	0.00759	0.00804	0.00475	0.00512	0.02544	0.01084	0.01471	0.02905	0.74803	0.03435	0.01631	0.00677	0.00215	0.00320	0.01474	0.04567	0.00457
13	0.01046	0.00985	0.01664	0.75696	0.07463	0.01215	0.01522	0.01407	0.01098	0.01412	0.00972	0.01448	0.00734	0.00542	0.00545	0.00181	0.00723	0.00485	0.00244	0.00619
14	0.08055	0.19209	0.27871	0.16235	0.03476	0.03233	0.05011	0.01578	0.01097	0.01565	0.00906	0.01169	0.00715	0.00593	0.00596	0.04634	0.02723	0.00403	0.00247	0.00684
15	0.01276	0.40597	0.33376	0.01298	0.01900	0.01688	0.07764	0.01660	0.01139	0.01505	0.00930	0.02902	0.00775	0.00516	0.00451	0.00148	0.00696	0.00396	0.00242	0.00740
16	0.00985	0.00573	0.00788	0.00724	0.00824	0.00525	0.00505	0.00858	0.00806	0.01143	0.00975	0.01563	0.00932	0.01562	0.01738	0.65049	0.00453	0.00445	0.02636	0.16917
17	0.01237	0.12645	0.18414	0.19996	0.33987	0.01390	0.01607	0.01615	0.01169	0.01612	0.00965	0.01265	0.00773	0.00503	0.00510	0.00162	0.00691	0.00441	0.00250	0.00770
18	0.01154	0.00740	0.00907	0.00857	0.01049	0.00705	0.00633	0.10968	0.03276	0.12363	0.02592	0.46680	0.06236	0.01274	0.00624	0.00192	0.00383	0.01123	0.00520	0.07724
19	0.05184	0.00973	0.01275	0.00981	0.01401	0.00876	0.00810	0.07553	0.01607	0.70258	0.02047	0.01786	0.01295	0.00668	0.00541	0.00168	0.00472	0.00536	0.00655	0.00916
20	0.01038	0.00600	0.00767	0.00749	0.00854	0.00582	0.00527	0.01140	0.01027	0.13871	0.02244	0.17291	0.05821	0.33796	0.12407	0.00428	0.00596	0.05343	0.00433	0.00488
21	0.00697	0.00496	0.00670	0.02980	0.00874	0.00476	0.00537	0.00790	0.01029	0.01370	0.02816	0.69465	0.03346	0.05657	0.00842	0.02787	0.00350	0.03900	0.00481	0.00437
22	0.05021	0.00822	0.01088	0.00892	0.01220	0.00729	0.00713	0.02140	0.01458	0.54657	0.10516	0.12948	0.03601	0.00873	0.00573	0.00177	0.00416	0.00737	0.00627	0.00794
23	0.00769	0.00525	0.00614	0.00629	0.00648	0.00518	0.00377	0.00805	0.00880	0.01178	0.05740	0.14435	0.04439	0.61302	0.04519	0.00468	0.00505	0.00913	0.00372	0.00363
24	0.01240	0.01270	0.04713	0.26349	0.45016	0.03595	0.04059	0.01578	0.01196	0.01634	0.01067	0.03894	0.00897	0.00545	0.00548	0.00170	0.00686	0.00518	0.00268	0.00758
25	0.00956	0.00518	0.00750	0.00744	0.00768	0.00529	0.00510	0.03275	0.00805	0.01081	0.01117	0.06241	0.01131	0.02007	0.07765	0.70157	0.00543	0.00545	0.00267	0.00291
26	0.64883	0.01219	0.00942	0.00826	0.01164	0.09610	0.00669	0.04255	0.01105	0.08367	0.00916	0.01008	0.00689	0.00533	0.00379	0.00165	0.00489	0.00332	0.01818	0.00632
27	0.03319	0.12473	0.57146	0.01436	0.02133	0.01361	0.05437	0.03777	0.01186	0.01752	0.00996	0.01169	0.00734	0.00517	0.00493	0.00164	0.00743	0.00405	0.03984	0.00773
28	0.01212	0.03747	0.25257	0.08462	0.39707	0.01285	0.01671	0.01613	0.01170	0.01680	0.01090	0.01379	0.02366	0.00639	0.02757	0.00189	0.04256	0.00471	0.00259	0.00791
29	0.06547	0.00724	0.00970	0.09724	0.03812	0.00798	0.02345	0.04834	0.01049	0.01643	0.01311	0.04660	0.01145	0.01253	0.06869	0.22002	0.04444	0.00528	0.24850	0.00492
30	0.33404	0.03566	0.01241	0.05123	0.09667	0.10616	0.00865	0.11579	0.01365	0.02236	0.11684	0.01517	0.01356	0.00621	0.00462	0.00162	0.00531	0.00462	0.02882	0.00662
31	0.01383	0.06577	0.00928	0.00721	0.00941	0.03157	0.00570	0.04301	0.01283	0.18033	0.01875	0.10677	0.01546	0.00750	0.00459	0.00148	0.00365	0.00613	0.45051	0.00623

[dist]
# distance from previous block
# <min> <max>
0	15

[block]
# block no. 2 follows, 44 sequences, length 28
# corresponding to MSA columns:
# 215-242
name=unknown_C
#
# <colnr> <probs for GDERKNQSTAVLIFYWHMCP>
#	G	D	E	R	K	N	Q	S	T	A	V	L	I	F	Y	W	H	M	C	P
0	0.03688	0.01966	0.40594	0.04744	0.02070	0.01135	0.06029	0.05257	0.01288	0.15728	0.01208	0.01310	0.00844	0.00536	0.00514	0.00161	0.00675	0.00439	0.00344	0.11470
1	0.01411	0.05782	0.14937	0.10486	0.26956	0.10451	0.01402	0.08457	0.01315	0.03612	0.01022	0.01298	0.00817	0.00667	0.00680	0.08541	0.00694	0.00446	0.00292	0.00734
2	0.01799	0.00968	0.01154	0.00954	0.01283	0.03023	0.00762	0.06091	0.16865	0.38856	0.16629	0.02402	0.05161	0.00797	0.00570	0.00172	0.00431	0.00662	0.00612	0.00808
3	0.00984	0.00543	0.00731	0.03492	0.00852	0.00560	0.00520	0.03617	0.00924	0.01358	0.01305	0.06296	0.01220	0.01583	0.04972	0.49011	0.00469	0.00550	0.20647	0.00364
4	0.06424	0.10058	0.09300	0.01134	0.01392	0.13272	0.01006	0.06859	0.01196	0.01686	0.01148	0.01406	0.02952	0.00903	0.05579	0.00215	0.21640	0.00450	0.12747	0.00634
5	0.00664	0.00474	0.00633	0.00759	0.00791	0.00443	0.00506	0.00759	0.01044	0.01392	0.03005	0.80485	0.03606	0.01708	0.00696	0.00221	0.00316	0.01550	0.00506	0.00443
6	0.01104	0.00674	0.00910	0.00950	0.01127	0.00649	0.00809	0.01366	0.03037	0.13381	0.05594	0.07359	0.08363	0.01343	0.00703	0.00228	0.00464	0.50834	0.00534	0.00572
7	0.00706	0.00572	0.00629	0.00616	0.00783	0.00505	0.00461	0.00923	0.03755	0.01708	0.26552	0.06907	0.51374	0.01290	0.00642	0.00181	0.00277	0.01096	0.00536	0.00489
8	0.00998	0.00522	0.00753	0.00735	0.00755	0.00529	0.00499	0.04133	0.00795	0.01061	0.00964	0.01641	0.00946	0.01837	0.02058	0.80301	0.00479	0.00474	0.00251	0.00268
9	0.01157	0.00702	0.00863	0.00760	0.00976	0.00651	0.00590	0.07483	0.01551	0.16002	0.39585	0.06427	0.18941	0.01072	0.00620	0.00175	0.00330	0.00919	0.00586	0.00611
10	0.00992	0.00613	0.00790	0.00827	0.00939	0.00588	0.00595	0.04600	0.03254	0.11041	0.02729	0.56152	0.03038	0.05170	0.00767	0.00227	0.00374	0.06246	0.00522	0.00536
11	0.76951	0.01023	0.00810	0.00719	0.01051	0.01170	0.00591	0.01637	0.00968	0.05969	0.00872	0.00984	0.00663	0.00520	0.00349	0.00167	0.00416	0.00317	0.04221	0.00602
12	0.01722	0.01895	0.01788	0.04805	0.22297	0.36384	0.04665	0.09752	0.08166	0.01780	0.01079	0.01249	0.00861	0.00561	0.00525	0.00156	0.00791	0.00444	0.00328	0.00750
13	0.01386	0.01157	0.01860	0.03925	0.01749	0.01376	0.17238	0.01611	0.01074	0.13101	0.01103	0.01423	0.00886	0.00768	0.01211	0.00206	0.42396	0.00527	0.06334	0.00671
14	0.24135	0.01169	0.01615	0.27208	0.13992	0.04080	0.07632	0.03557	0.01152	0.05437	0.00980	0.01269	0.00753	0.00546	0.00552	0.00175	0.04322	0.00445	0.00305	0.00677
15	0.01253	0.01182	0.01982	0.31443	0.47880	0.01276	0.01595	0.03837	0.01226	0.01688	0.01013	0.01387	0.00815	0.00513	0.00542	0.00169	0.00675	0.00485	0.00268	0.00770
16	0.00793	0.00529	0.00595	0.00595	0.00595	0.00529	0.00330	0.00793	0.00793	0.01057	0.01718	0.03568	0.01982	0.80840	0.02775	0.00529	0.00529	0.00793	0.00330	0.00330
17	0.11614	0.25773	0.01865	0.03520	0.01576	0.21810	0.00961	0.19700	0.01573	0.05502	0.00984	0.01072	0.00773	0.00554	0.00448	0.00145	0.00671	0.00374	0.00354	0.00732
18	0.01019	0.00951	0.04496	0.00918	0.01140	0.03492	0.00732	0.03947	0.26586	0.01827	0.05681	0.22667	0.18229	0.01154	0.00619	0.00194	0.00408	0.04801	0.00506	0.00632
19	0.05428	0.00958	0.01264	0.00973	0.01392	0.00855	0.00804	0.05784	0.01581	0.71842	0.02064	0.01797	0.01304	0.00668	0.00540	0.00168	0.00468	0.00537	0.00657	0.00915
20	0.00947	0.00473	0.00710	0.00710	0.00710	0.00473	0.00473	0.00710	0.00710	0.00947	0.00947	0.01657	0.00947	0.01894	0.02131	0.84138	0.00473	0.00473	0.00237	0.00237
21	0.09198	0.00859	0.00941	0.00810	0.01066	0.00897	0.00647	0.16517	0.04171	0.13809	0.03058	0.01967	0.02910	0.00871	0.03909	0.02542	0.00444	0.02595	0.32121	0.00667
22	0.00790	0.00524	0.00685	0.00743	0.00827	0.00480	0.00519	0.00929	0.01194	0.06021	0.19014	0.54772	0.08447	0.01500	0.00673	0.00205	0.00310	0.01345	0.00536	0.00488
23	0.00681	0.00546	0.00608	0.00609	0.00763	0.00473	0.00451	0.00846	0.01303	0.01657	0.24576	0.12629	0.50255	0.01342	0.00649	0.00185	0.00275	0.01147	0.00532	0.00473
24	0.01050	0.00992	0.01663	0.73239	0.07038	0.01232	0.01510	0.01403	0.01088	0.01408	0.00962	0.01439	0.00733	0.00557	0.00590	0.00183	0.03569	0.00484	0.00243	0.00617
25	0.01306	0.47435	0.10029	0.16609	0.05300	0.01747	0.04637	0.01568	0.01108	0.01379	0.00856	0.01093	0.00726	0.00540	0.00492	0.03233	0.00648	0.00372	0.00238	0.00683
26	0.00857	0.00627	0.00867	0.05382	0.01188	0.00636	0.00801	0.03432	0.01221	0.01600	0.02765	0.29419	0.03079	0.01488	0.00716	0.00235	0.00459	0.44235	0.00490	0.00503
27	0.02911	0.01027	0.01375	0.05032	0.01432	0.05760	0.07097	0.04664	0.01052	0.01463	0.01438	0.11055	0.03687	0.07597	0.16443	0.00363	0.26050	0.00673	0.00318	0.00562

[dist]
# distance from previous block
# <min> <max>
1	17

[block]
# block no. 3 follows, 44 sequences, length 74
# corresponding to MSA columns:
# 262-335
name=unknown_D
#
# <colnr> <probs for GDERKNQSTAVLIFYWHMCP>
#	G	D	E	R	K	N	Q	S	T	A	V	L	I	F	Y	W	H	M	C	P
0	0.01059	0.00970	0.01583	0.71523	0.03503	0.01193	0.01446	0.04471	0.01161	0.01489	0.01152	0.01712	0.02373	0.00605	0.00555	0.00184	0.00703	0.03435	0.00271	0.00612
1	0.00779	0.00584	0.00876	0.00876	0.00974	0.00681	0.00681	0.00974	0.00876	0.01266	0.01460	0.02142	0.01363	0.04089	0.78680	0.00876	0.01460	0.00584	0.00292	0.00487
2	0.02262	0.00897	0.01213	0.00945	0.01336	0.00785	0.00775	0.02504	0.03098	0.68948	0.09408	0.02074	0.01723	0.00719	0.00558	0.00169	0.00443	0.00592	0.00665	0.00886
3	0.02297	0.00983	0.01283	0.00993	0.01398	0.00901	0.00817	0.11934	0.01676	0.63685	0.05163	0.01883	0.01454	0.00754	0.01996	0.00181	0.00491	0.00560	0.00648	0.00902
4	0.02351	0.00907	0.01235	0.00954	0.01359	0.00785	0.00785	0.02565	0.01559	0.73543	0.06389	0.01981	0.01564	0.00700	0.00554	0.00169	0.00452	0.00573	0.00671	0.00904
5	0.01998	0.08247	0.01651	0.01354	0.01665	0.64700	0.01043	0.10096	0.01623	0.01558	0.00887	0.01010	0.00726	0.00565	0.00487	0.00141	0.00912	0.00362	0.00306	0.00669
6	0.01500	0.24397	0.24857	0.01267	0.01741	0.27325	0.01273	0.01804	0.01257	0.01465	0.00913	0.01082	0.00745	0.00626	0.02551	0.00164	0.02231	0.00365	0.03743	0.00693
7	0.01395	0.00957	0.01137	0.00900	0.01276	0.00869	0.00716	0.07723	0.11604	0.15112	0.10659	0.03703	0.01642	0.00784	0.03688	0.00164	0.00457	0.00536	0.00470	0.36208
8	0.20559	0.04476	0.06207	0.08493	0.06045	0.06539	0.00919	0.11226	0.01364	0.09134	0.04665	0.01546	0.02714	0.00612	0.00465	0.00159	0.00526	0.00466	0.13200	0.00685
9	0.01338	0.01421	0.06592	0.03038	0.62196	0.03463	0.08742	0.01686	0.01249	0.01759	0.01066	0.01444	0.00895	0.00509	0.00552	0.00166	0.00689	0.02090	0.00274	0.00834
10	0.02430	0.00953	0.01281	0.00982	0.01404	0.00838	0.00811	0.05705	0.01602	0.74710	0.02116	0.01833	0.01332	0.00674	0.00548	0.00168	0.00470	0.00546	0.00669	0.00928
11	0.00668	0.00563	0.00582	0.00584	0.00763	0.00482	0.00440	0.00838	0.02586	0.01518	0.08211	0.06979	0.69348	0.01370	0.00647	0.00186	0.00285	0.02970	0.00511	0.00470
12	0.01219	0.01415	0.10931	0.19531	0.30491	0.01292	0.18440	0.01597	0.01178	0.01642	0.01009	0.01377	0.00800	0.00549	0.00654	0.02003	0.04357	0.00511	0.00258	0.00745
13	0.01362	0.01147	0.01218	0.01093	0.01399	0.01318	0.00851	0.02834	0.72489	0.03958	0.04518	0.02093	0.01764	0.00750	0.00557	0.00184	0.00427	0.00626	0.00559	0.00854
14	0.00789	0.00528	0.00599	0.00602	0.00606	0.00526	0.00340	0.00798	0.00820	0.01096	0.03753	0.05744	0.02111	0.76502	0.02660	0.00510	0.00515	0.00819	0.00342	0.00338
15	0.01366	0.16851	0.05379	0.01502	0.01788	0.10416	0.16950	0.03438	0.01122	0.01471	0.00867	0.01195	0.00757	0.00773	0.03199	0.00206	0.31334	0.00463	0.00259	0.00664
16	0.01071	0.00648	0.00768	0.00708	0.00903	0.00587	0.00534	0.01288	0.04487	0.16326	0.15998	0.07144	0.32439	0.11032	0.00892	0.00226	0.00357	0.03495	0.00535	0.00561
17	0.00860	0.00615	0.00858	0.00983	0.01101	0.00612	0.00847	0.01098	0.01237	0.01611	0.02896	0.12405	0.03177	0.01523	0.00748	0.00249	0.00486	0.67692	0.00502	0.00497
18	0.01198	0.19277	0.57537	0.01450	0.02163	0.03068	0.04755	0.01717	0.01156	0.01626	0.00934	0.01102	0.00698	0.00506	0.00487	0.00161	0.00767	0.00388	0.00234	0.00777
19	0.01344	0.01293	0.02092	0.07945	0.65739	0.02904	0.01592	0.01754	0.06661	0.01783	0.01104	0.01398	0.00909	0.00509	0.00540	0.00164	0.00644	0.00492	0.00289	0.00842
20	0.00792	0.00526	0.00594	0.00600	0.00603	0.00525	0.00339	0.00801	0.00810	0.01090	0.01771	0.06673	0.02037	0.76021	0.02643	0.00508	0.00514	0.00818	0.01997	0.00338
21	0.01361	0.01284	0.01829	0.32759	0.30829	0.06852	0.01456	0.10602	0.04431	0.01817	0.01073	0.01387	0.00839	0.00545	0.00540	0.00169	0.00688	0.00482	0.00305	0.00753
22	0.00816	0.00634	0.00817	0.00848	0.00942	0.00660	0.00654	0.01031	0.04023	0.01587	0.14393	0.24950	0.12875	0.06732	0.00934	0.00237	0.08001	0.18889	0.00484	0.00494
23	0.01636	0.03655	0.08365	0.03344	0.04063	0.03350	0.02850	0.31179	0.21162	0.06513	0.04317	0.01737	0.03977	0.00687	0.00548	0.00170	0.00566	0.00554	0.00488	0.00840
24	0.01377	0.00972	0.01231	0.00902	0.01358	0.00776	0.03800	0.03126	0.01267	0.15703	0.05220	0.01436	0.01139	0.00498	0.00456	0.00108	0.00433	0.00416	0.00404	0.59378
25	0.01451	0.73059	0.05819	0.00976	0.01440	0.05153	0.00976	0.01644	0.01122	0.01302	0.00786	0.00918	0.00714	0.00552	0.02086	0.00137	0.00627	0.00305	0.00236	0.00697
26	0.01202	0.07868	0.17099	0.03133	0.05289	0.01315	0.39251	0.01693	0.05727	0.01697	0.01308	0.09456	0.01125	0.00618	0.00591	0.00179	0.00766	0.00652	0.00303	0.00727
27	0.03031	0.06833	0.38429	0.09333	0.05227	0.06959	0.01536	0.06369	0.09704	0.05756	0.01171	0.01300	0.00858	0.00560	0.00513	0.00168	0.00711	0.00439	0.00317	0.00785
28	0.03828	0.00928	0.01177	0.00950	0.01314	0.00870	0.00772	0.04750	0.11545	0.52414	0.08312	0.02269	0.05367	0.00765	0.00561	0.00173	0.00438	0.02090	0.00630	0.00847
29	0.00763	0.00522	0.00628	0.00656	0.00672	0.00523	0.00401	0.00802	0.00856	0.01150	0.01980	0.20475	0.02286	0.56401	0.09151	0.00492	0.00565	0.00942	0.00366	0.00369
30	0.00942	0.00816	0.01216	0.04334	0.01309	0.02620	0.07931	0.02731	0.00996	0.01395	0.01531	0.13404	0.01534	0.07094	0.36014	0.00526	0.12226	0.00715	0.02138	0.00529
31	0.09683	0.01124	0.01227	0.01024	0.01368	0.01212	0.00818	0.18674	0.29234	0.18494	0.05019	0.01963	0.04229	0.02735	0.00593	0.00183	0.00465	0.00582	0.00552	0.00823
32	0.00692	0.00488	0.00633	0.00728	0.00761	0.00461	0.00478	0.00782	0.01035	0.01388	0.07474	0.63222	0.03440	0.14471	0.01029	0.00268	0.00347	0.01392	0.00484	0.00429
33	0.00676	0.00487	0.00644	0.00765	0.00808	0.00454	0.00524	0.00782	0.01064	0.01409	0.03101	0.73044	0.06580	0.01683	0.00697	0.00222	0.00326	0.05782	0.00506	0.00447
34	0.01504	0.01520	0.01583	0.13099	0.05241	0.24629	0.07151	0.06055	0.06070	0.04684	0.01162	0.01422	0.00928	0.00893	0.06791	0.00224	0.09332	0.00477	0.06570	0.00666
35	0.02110	0.00908	0.01180	0.00937	0.01316	0.00821	0.00764	0.03774	0.07543	0.60011	0.02508	0.02251	0.09975	0.00836	0.02298	0.00187	0.00465	0.00622	0.00635	0.00860
36	0.00664	0.00474	0.00633	0.00759	0.00791	0.00443	0.00506	0.00759	0.01044	0.01392	0.03005	0.80485	0.03606	0.01708	0.00696	0.00221	0.00316	0.01550	0.00506	0.00443
37	0.01016	0.00508	0.00508	0.00508	0.00635	0.00508	0.00381	0.01270	0.01143	0.02033	0.01778	0.02033	0.01397	0.00635	0.00381	0.00127	0.00254	0.00508	0.83867	0.00508
38	0.01314	0.01273	0.02080	0.19846	0.55589	0.03662	0.03459	0.03160	0.01246	0.01716	0.01015	0.01363	0.00829	0.00504	0.00542	0.00166	0.00681	0.00485	0.00270	0.00798
39	0.01395	0.01395	0.01434	0.01259	0.01406	0.18523	0.01009	0.11632	0.01241	0.01597	0.01016	0.01405	0.00907	0.01628	0.21014	0.00370	0.31363	0.00478	0.00304	0.00622
40	0.66718	0.01106	0.01106	0.01284	0.17528	0.01239	0.00824	0.01618	0.00995	0.02303	0.00817	0.00986	0.00649	0.00502	0.00381	0.00167	0.00470	0.00336	0.00323	0.00649
41	0.01668	0.01994	0.01369	0.01252	0.01452	0.53339	0.00939	0.01796	0.01313	0.01291	0.01003	0.01442	0.00930	0.10701	0.09380	0.00277	0.08551	0.00442	0.00284	0.00576
42	0.00713	0.00581	0.00636	0.00624	0.00797	0.00516	0.00474	0.00941	0.04332	0.01690	0.23312	0.04855	0.53432	0.01293	0.00644	0.00183	0.00286	0.03667	0.00532	0.00491
43	0.01093	0.02820	0.78016	0.01554	0.02360	0.01266	0.02014	0.01727	0.01151	0.01727	0.00978	0.01151	0.00691	0.00518	0.00518	0.00173	0.00806	0.00403	0.00230	0.00806
44	0.01178	0.15654	0.58287	0.01623	0.09408	0.01417	0.01802	0.01706	0.01153	0.01658	0.00946	0.01124	0.00709	0.00506	0.00492	0.00162	0.00754	0.00392	0.00235	0.00794
45	0.02446	0.00928	0.01265	0.00970	0.01392	0.00801	0.00801	0.02657	0.01560	0.77817	0.02151	0.01856	0.01350	0.00675	0.00548	0.00169	0.00464	0.00548	0.00675	0.00928
46	0.01102	0.02761	0.74761	0.01586	0.02381	0.01271	0.05210	0.01727	0.01157	0.01727	0.00984	0.01165	0.00697	0.00515	0.00523	0.00173	0.00811	0.00413	0.00232	0.00803
47	0.01119	0.05937	0.70636	0.01571	0.02349	0.01309	0.06207	0.01724	0.01157	0.01710	0.00977	0.01158	0.00699	0.00512	0.00518	0.00171	0.00803	0.00412	0.00233	0.00797
48	0.00810	0.00558	0.00644	0.00656	0.00689	0.00554	0.00402	0.03830	0.00940	0.01246	0.02150	0.20738	0.05499	0.56515	0.02129	0.00430	0.00473	0.00965	0.00386	0.00385
49	0.00824	0.00588	0.00816	0.00941	0.01043	0.00580	0.00783	0.01035	0.01201	0.01570	0.02917	0.25159	0.03257	0.01558	0.00738	0.00243	0.00455	0.55301	0.00503	0.00487
50	0.00752	0.00576	0.00850	0.00852	0.00925	0.00551	0.06661	0.00865	0.01016	0.01365	0.04773	0.51229	0.02969	0.19379	0.04328	0.00312	0.00458	0.01249	0.00442	0.00446
51	0.01017	0.00722	0.00901	0.00845	0.01016	0.03778	0.03669	0.01261	0.04345	0.10549	0.26909	0.26337	0.12311	0.01216	0.00641	0.00189	0.00371	0.02821	0.00539	0.00562
52	0.01881	0.05398	0.01639	0.10304	0.04299	0.55566	0.01118	0.10434	0.01582	0.01593	0.00913	0.01081	0.00736	0.00564	0.00500	0.00147	0.00884	0.00384	0.00304	0.00673
53	0.01333	0.01231	0.02089	0.15631	0.63049	0.01266	0.01619	0.01659	0.01227	0.04152	0.01052	0.01382	0.00857	0.00501	0.00541	0.00165	0.00655	0.00488	0.00278	0.00824
54	0.01332	0.01330	0.04558	0.03184	0.71891	0.01271	0.01641	0.01662	0.01234	0.01779	0.01022	0.01334	0.00856	0.00483	0.00533	0.00159	0.00642	0.00476	0.00271	0.04342
55	0.00704	0.00493	0.00626	0.00711	0.00738	0.00469	0.00458	0.00780	0.00997	0.01334	0.05865	0.56059	0.03227	0.23404	0.01264	0.00304	0.00372	0.01318	0.00462	0.00415
56	0.00844	0.00573	0.00656	0.00641	0.00665	0.00586	0.00383	0.03850	0.00871	0.01168	0.01684	0.03378	0.01897	0.72327	0.07877	0.00537	0.00595	0.00766	0.00336	0.00365
57	0.01130	0.00969	0.01130	0.00807	0.01292	0.00727	0.00646	0.01373	0.01130	0.01776	0.00969	0.01130	0.00807	0.00404	0.00404	0.00081	0.00404	0.00323	0.00323	0.84173
58	0.00673	0.00481	0.00640	0.00753	0.00793	0.00448	0.00507	0.00780	0.01083	0.01454	0.08806	0.74506	0.03726	0.01662	0.00692	0.00217	0.00312	0.01506	0.00513	0.00448
59	0.02679	0.11618	0.48632	0.01450	0.05173	0.01389	0.01613	0.04732	0.12195	0.03746	0.01174	0.01275	0.00865	0.00552	0.00503	0.00167	0.00695	0.00430	0.00305	0.00808
60	0.01430	0.00943	0.01078	0.00943	0.01234	0.00987	0.00739	0.02292	0.38270	0.19619	0.14315	0.02703	0.11353	0.00861	0.00578	0.00179	0.00393	0.00724	0.00584	0.00774
61	0.01236	0.17612	0.53796	0.03129	0.02113	0.03378	0.01687	0.01749	0.02500	0.04021	0.00983	0.01140	0.00732	0.00533	0.00528	0.00164	0.03279	0.00393	0.00252	0.00775
62	0.59312	0.01212	0.01045	0.00878	0.01241	0.03468	0.00721	0.20267	0.01374	0.04784	0.00939	0.01022	0.00700	0.00550	0.00400	0.00167	0.00483	0.00353	0.00398	0.00686
63	0.00792	0.00530	0.00602	0.00602	0.00605	0.00533	0.00340	0.00798	0.00795	0.01063	0.01711	0.03530	0.01966	0.78806	0.04787	0.00538	0.00553	0.00787	0.00329	0.00334
64	0.02037	0.02598	0.01545	0.01404	0.01685	0.78652	0.01053	0.02177	0.01545	0.01334	0.00843	0.00983	0.00702	0.00562	0.00492	0.00140	0.00983	0.00351	0.00281	0.00632
65	0.00657	0.00553	0.00570	0.00565	0.00744	0.00466	0.00424	0.00807	0.01272	0.01543	0.12550	0.05131	0.70148	0.01355	0.00644	0.00183	0.00274	0.01134	0.00515	0.00466
66	0.00660	0.00553	0.00574	0.00569	0.00746	0.00467	0.00427	0.00813	0.01280	0.01561	0.14344	0.05102	0.68342	0.01348	0.00644	0.00183	0.00274	0.01130	0.00518	0.00467
67	0.00664	0.00474	0.00633	0.00759	0.00791	0.00443	0.00506	0.00759	0.01044	0.01392	0.03005	0.80485	0.03606	0.01708	0.00696	0.00221	0.00316	0.01550	0.00506	0.00443
68	0.01814	0.20836	0.04312	0.01295	0.01623	0.49902	0.01065	0.04918	0.01422	0.01417	0.00837	0.00991	0.00711	0.00569	0.00551	0.00144	0.06302	0.00353	0.00276	0.00663
69	0.82856	0.01051	0.00812	0.00723	0.01062	0.01214	0.00595	0.01626	0.00942	0.04128	0.00790	0.00907	0.00607	0.00510	0.00342	0.00169	0.00423	0.00301	0.00345	0.00598
70	0.00947	0.00473	0.00710	0.00710	0.00710	0.00473	0.00473	0.00710	0.00710	0.00947	0.00947	0.01657	0.00947	0.01894	0.02131	0.84138	0.00473	0.00473	0.00237	0.00237
71	0.01061	0.00551	0.00556	0.00540	0.00680	0.00558	0.00409	0.04415	0.01203	0.02092	0.01759	0.02002	0.01377	0.00636	0.00388	0.00129	0.00269	0.00507	0.80342	0.00526
72	0.01969	0.08871	0.01644	0.01352	0.01654	0.67631	0.01037	0.04410	0.03939	0.01425	0.00894	0.01018	0.00740	0.00563	0.00484	0.00141	0.00921	0.00359	0.00294	0.00654
73	0.00698	0.00570	0.00619	0.00610	0.00779	0.00501	0.00456	0.00908	0.03714	0.01665	0.22348	0.07879	0.54712	0.01310	0.00643	0.00183	0.00278	0.01110	0.00530	0.00485

[dist]
# distance from previous block
# <min> <max>
0	2

[block]
# block no. 4 follows, 44 sequences, length 106
# corresponding to MSA columns:
# 338-443
name=unknown_E
#
# <colnr> <probs for GDERKNQSTAVLIFYWHMCP>
#	G	D	E	R	K	N	Q	S	T	A	V	L	I	F	Y	W	H	M	C	P
0	0.01469	0.79569	0.02830	0.00942	0.01405	0.03714	0.00935	0.01644	0.01117	0.01284	0.00760	0.00877	0.00700	0.00468	0.00353	0.00117	0.00591	0.00293	0.00234	0.00698
1	0.00726	0.00543	0.00674	0.00668	0.00793	0.00491	0.00491	0.00930	0.01394	0.01898	0.49104	0.16923	0.20819	0.01271	0.00652	0.00182	0.00271	0.01115	0.00564	0.00491
2	0.01093	0.00693	0.00847	0.00790	0.00951	0.00694	0.00579	0.02866	0.10442	0.12658	0.13339	0.11805	0.09913	0.19312	0.11224	0.00351	0.00541	0.00852	0.00484	0.00567
3	0.01099	0.02783	0.75968	0.01574	0.02373	0.01269	0.04025	0.01727	0.01155	0.01727	0.00982	0.01160	0.00694	0.00516	0.00521	0.00173	0.00809	0.00409	0.00231	0.00804
4	0.03909	0.00964	0.01271	0.00979	0.01394	0.00865	0.00808	0.07744	0.01619	0.69499	0.03728	0.01848	0.01390	0.00680	0.00546	0.00168	0.00468	0.00549	0.00658	0.00912
5	0.01349	0.01295	0.02213	0.03346	0.77440	0.01295	0.01673	0.01673	0.01241	0.01781	0.01025	0.01349	0.00864	0.00486	0.00540	0.00162	0.00648	0.00486	0.00270	0.00864
6	0.01030	0.00969	0.01635	0.79530	0.03755	0.01211	0.01514	0.01393	0.01090	0.01393	0.00969	0.01453	0.00727	0.00545	0.00545	0.00182	0.00727	0.00484	0.00242	0.00606
7	0.00723	0.00553	0.00662	0.00639	0.00785	0.00493	0.00478	0.00933	0.01422	0.01907	0.49280	0.06338	0.31358	0.01226	0.00645	0.00177	0.00266	0.01059	0.00564	0.00493
8	0.00947	0.00473	0.00710	0.00710	0.00710	0.00473	0.00473	0.00710	0.00710	0.00947	0.00947	0.01657	0.00947	0.01894	0.02131	0.84138	0.00473	0.00473	0.00237	0.00237
9	0.01066	0.01006	0.01701	0.70826	0.12173	0.01221	0.01532	0.01425	0.01107	0.01437	0.00975	0.01442	0.00742	0.00538	0.00544	0.00179	0.00718	0.00485	0.00245	0.00635
10	0.03350	0.06065	0.72787	0.01505	0.02284	0.01302	0.01931	0.01719	0.01143	0.01727	0.00963	0.01132	0.00688	0.00515	0.00506	0.00170	0.00786	0.00395	0.00233	0.00795
11	0.00892	0.00642	0.00888	0.01007	0.01137	0.00647	0.00878	0.01178	0.03317	0.01649	0.02868	0.06037	0.03097	0.01485	0.00748	0.00249	0.00500	0.71765	0.00503	0.00512
12	0.09922	0.05089	0.05038	0.01186	0.01630	0.01598	0.01020	0.57774	0.02221	0.07353	0.01264	0.01273	0.00898	0.00627	0.00516	0.00163	0.00584	0.00462	0.00504	0.00879
13	0.01648	0.01787	0.03375	0.04613	0.39857	0.27835	0.01395	0.09706	0.01480	0.01792	0.00990	0.01219	0.00808	0.00532	0.00524	0.00156	0.00763	0.00439	0.00301	0.00782
14	0.00998	0.00701	0.00745	0.00731	0.00852	0.06219	0.00557	0.01213	0.01057	0.01656	0.01570	0.02019	0.01336	0.03867	0.30001	0.00422	0.02259	0.00532	0.42759	0.00506
15	0.01028	0.00551	0.00630	0.00589	0.00735	0.00547	0.03758	0.01292	0.01150	0.02020	0.01748	0.02007	0.01372	0.00627	0.00393	0.00130	0.00284	0.00514	0.80107	0.00518
16	0.00648	0.00552	0.00557	0.00556	0.00738	0.00462	0.00417	0.00789	0.01251	0.01492	0.07443	0.05215	0.75286	0.01374	0.00644	0.00184	0.00276	0.01146	0.00509	0.00462
17	0.01180	0.02247	0.08787	0.01065	0.01379	0.01159	0.00910	0.02281	0.49575	0.02039	0.05664	0.05852	0.06704	0.01013	0.04467	0.00221	0.00502	0.03694	0.00500	0.00761
18	0.01130	0.00969	0.01130	0.00807	0.01292	0.00727	0.00646	0.01373	0.01130	0.01776	0.00969	0.01130	0.00807	0.00404	0.00404	0.00081	0.00404	0.00323	0.00323	0.84173
19	0.01751	0.41399	0.02193	0.01172	0.01544	0.40876	0.00994	0.01908	0.01329	0.01309	0.00801	0.00930	0.00701	0.00515	0.00422	0.00129	0.00786	0.00322	0.00257	0.00665
20	0.32599	0.02926	0.07829	0.01084	0.06739	0.01071	0.00882	0.03957	0.01270	0.30781	0.01553	0.01516	0.04376	0.00612	0.00467	0.00168	0.00489	0.00457	0.00462	0.00762
21	0.01326	0.08785	0.01355	0.01071	0.01365	0.03142	0.00860	0.02464	0.54311	0.03439	0.02222	0.02260	0.06419	0.00795	0.00604	0.00183	0.04025	0.04088	0.00500	0.00788
22	0.02040	0.01511	0.01618	0.01248	0.01678	0.01676	0.01028	0.72336	0.05902	0.03384	0.01350	0.01342	0.00960	0.00658	0.00546	0.00165	0.00592	0.00497	0.00546	0.00924
23	0.00779	0.00584	0.00876	0.00876	0.00974	0.00681	0.00681	0.00974	0.00876	0.01266	0.01460	0.02142	0.01363	0.04089	0.78680	0.00876	0.01460	0.00584	0.00292	0.00487
24	0.01672	0.01311	0.01355	0.01149	0.01499	0.05245	0.00911	0.21461	0.47050	0.09337	0.01911	0.01780	0.01399	0.00703	0.00549	0.00176	0.00505	0.00565	0.00550	0.00874
25	0.01081	0.01007	0.01446	0.01263	0.01310	0.01317	0.04692	0.01226	0.00922	0.01411	0.01244	0.15078	0.01298	0.01101	0.03105	0.00237	0.53271	0.00677	0.07749	0.00566
26	0.00858	0.00617	0.00851	0.00968	0.01092	0.00611	0.00836	0.01098	0.01253	0.01627	0.04571	0.08858	0.06541	0.01500	0.00744	0.00245	0.00480	0.66249	0.00504	0.00498
27	0.00658	0.00553	0.00571	0.00566	0.00745	0.00466	0.00425	0.00808	0.01274	0.01548	0.13109	0.05122	0.69585	0.01353	0.00644	0.00183	0.00274	0.01133	0.00516	0.00466
28	0.05608	0.01346	0.01453	0.03286	0.01582	0.01493	0.00949	0.59436	0.02230	0.03093	0.01327	0.01404	0.00973	0.00814	0.04416	0.00196	0.00605	0.00488	0.08458	0.00841
29	0.01088	0.00529	0.00546	0.00531	0.00673	0.00523	0.00402	0.01339	0.01164	0.05811	0.01797	0.02024	0.01395	0.00637	0.00389	0.00129	0.00265	0.00510	0.79719	0.00529
30	0.00784	0.00526	0.00605	0.00613	0.00618	0.00527	0.00352	0.00796	0.00812	0.01085	0.01797	0.08678	0.02074	0.73441	0.04713	0.00517	0.00540	0.00838	0.00341	0.00342
31	0.02098	0.01485	0.01610	0.01235	0.01670	0.01629	0.01020	0.70560	0.02494	0.08595	0.01367	0.01347	0.00956	0.00656	0.00546	0.00164	0.00590	0.00495	0.00554	0.00927
32	0.01357	0.01291	0.02183	0.05497	0.73551	0.01302	0.01654	0.03384	0.01268	0.01808	0.01030	0.01351	0.00861	0.00491	0.00540	0.00163	0.00649	0.00486	0.00275	0.00858
33	0.00967	0.04665	0.05709	0.00827	0.01022	0.02802	0.00691	0.01222	0.01415	0.06003	0.53653	0.03299	0.03868	0.03127	0.04607	0.00215	0.03996	0.00829	0.00517	0.00564
34	0.69424	0.01128	0.00950	0.09406	0.01397	0.04718	0.00725	0.03732	0.01020	0.02309	0.00802	0.00964	0.00620	0.00517	0.00373	0.00169	0.00486	0.00324	0.00330	0.00604
35	0.01935	0.04847	0.01604	0.01494	0.06723	0.67542	0.01073	0.03464	0.01522	0.01406	0.00989	0.01127	0.02812	0.00578	0.00496	0.00143	0.00922	0.00383	0.00290	0.00650
36	0.00664	0.00474	0.00633	0.00759	0.00791	0.00443	0.00506	0.00759	0.01044	0.01392	0.03005	0.80485	0.03606	0.01708	0.00696	0.00221	0.00316	0.01550	0.00506	0.00443
37	0.00793	0.00529	0.00595	0.00595	0.00595	0.00529	0.00330	0.00793	0.00793	0.01057	0.01718	0.03568	0.01982	0.80840	0.02775	0.00529	0.00529	0.00793	0.00330	0.00330
38	0.01476	0.78724	0.02819	0.00943	0.01408	0.02143	0.00936	0.03904	0.01152	0.01349	0.00775	0.00888	0.00707	0.00472	0.00356	0.00118	0.00584	0.00298	0.00243	0.00707
39	0.01980	0.01432	0.01544	0.01207	0.01620	0.01581	0.00990	0.61404	0.11695	0.06971	0.01474	0.01441	0.01050	0.00666	0.00543	0.00166	0.00565	0.00510	0.02251	0.00911
40	0.00704	0.00508	0.00658	0.00764	0.00814	0.00479	0.00517	0.02911	0.01096	0.01454	0.03070	0.74813	0.06852	0.01663	0.00689	0.00218	0.00323	0.01501	0.00507	0.00458
41	0.01030	0.00969	0.01635	0.79530	0.03755	0.01211	0.01514	0.01393	0.01090	0.01393	0.00969	0.01453	0.00727	0.00545	0.00545	0.00182	0.00727	0.00484	0.00242	0.00606
42	0.00688	0.00488	0.00639	0.00736	0.00775	0.00458	0.00490	0.00791	0.01073	0.01444	0.10711	0.65215	0.03616	0.09056	0.00885	0.00245	0.00330	0.01419	0.00500	0.00440
43	0.00786	0.00577	0.00841	0.00841	0.00930	0.00663	0.00642	0.00964	0.00875	0.01265	0.01492	0.02271	0.01421	0.11124	0.69721	0.00826	0.01344	0.00602	0.02342	0.00473
44	0.01470	0.79509	0.02829	0.00943	0.01405	0.03773	0.00935	0.01644	0.01117	0.01284	0.00760	0.00877	0.00700	0.00468	0.00353	0.00117	0.00591	0.00293	0.00234	0.00698
45	0.03412	0.04566	0.65782	0.01598	0.02354	0.01299	0.10055	0.01723	0.01159	0.01737	0.00981	0.01172	0.00703	0.00510	0.00523	0.00172	0.00802	0.00424	0.00238	0.00789
46	0.00879	0.00628	0.00879	0.01004	0.01130	0.00628	0.00879	0.01130	0.01255	0.01632	0.02887	0.06150	0.03138	0.01506	0.00753	0.00251	0.00502	0.73770	0.00502	0.00502
47	0.01319	0.01290	0.02280	0.08895	0.63782	0.01298	0.09753	0.01660	0.01235	0.01748	0.01030	0.01370	0.00849	0.00487	0.00551	0.00166	0.00683	0.00503	0.00268	0.00830
48	0.01335	0.01281	0.02187	0.06785	0.74113	0.01292	0.01666	0.01660	0.01235	0.01764	0.01023	0.01354	0.00857	0.00488	0.00540	0.00163	0.00651	0.00486	0.00269	0.00852
49	0.01044	0.00984	0.01661	0.76103	0.07069	0.01215	0.01521	0.01406	0.01097	0.01410	0.00972	0.01449	0.00733	0.00542	0.00545	0.00181	0.00723	0.00485	0.00243	0.00617
50	0.70922	0.10810	0.02620	0.00773	0.01138	0.01348	0.00671	0.03405	0.00994	0.02315	0.00777	0.00900	0.00614	0.00505	0.00348	0.00162	0.00453	0.00302	0.00328	0.00616
51	0.00920	0.00476	0.00699	0.00708	0.00711	0.00474	0.00469	0.00718	0.00738	0.00984	0.01129	0.07353	0.01184	0.05535	0.02058	0.74298	0.00465	0.00565	0.00260	0.00256
52	0.01055	0.03989	0.00933	0.00786	0.01007	0.00779	0.00611	0.01556	0.17934	0.09215	0.31732	0.05118	0.21062	0.01040	0.00604	0.00176	0.00334	0.00886	0.00558	0.00624
53	0.01119	0.00959	0.01116	0.00801	0.01279	0.00720	0.00640	0.01358	0.01133	0.01769	0.01080	0.01230	0.02662	0.00427	0.00410	0.00083	0.00401	0.00343	0.00327	0.82141
54	0.56540	0.06831	0.04945	0.00896	0.01263	0.10158	0.00773	0.08209	0.01170	0.02283	0.00847	0.00968	0.00660	0.00526	0.00384	0.00161	0.00529	0.00328	0.01887	0.00642
55	0.00733	0.00582	0.00778	0.02352	0.00958	0.00540	0.03896	0.02279	0.01173	0.01513	0.06686	0.45323	0.25326	0.01478	0.00672	0.00206	0.00350	0.04182	0.00495	0.00479
56	0.08022	0.10074	0.36452	0.01722	0.17598	0.01311	0.02951	0.03111	0.03266	0.03656	0.04436	0.02939	0.01026	0.00567	0.00504	0.00166	0.00664	0.00465	0.00296	0.00775
57	0.00766	0.00557	0.00721	0.00680	0.00811	0.00512	0.00510	0.01019	0.01531	0.02156	0.74158	0.04121	0.08157	0.01126	0.00643	0.00172	0.00258	0.00993	0.00596	0.00512
58	0.00779	0.00584	0.00876	0.00876	0.00974	0.00681	0.00681	0.00974	0.00876	0.01266	0.01460	0.02142	0.01363	0.04089	0.78680	0.00876	0.01460	0.00584	0.00292	0.00487
59	0.02002	0.02538	0.01562	0.01446	0.03279	0.75228	0.01070	0.02146	0.01522	0.01343	0.00844	0.00996	0.00706	0.00569	0.00523	0.00143	0.02810	0.00357	0.00280	0.00636
60	0.02033	0.01425	0.01601	0.01233	0.01655	0.01552	0.02648	0.63572	0.02362	0.10480	0.01392	0.01403	0.00985	0.00807	0.04075	0.00197	0.00633	0.00504	0.00540	0.00903
61	0.00670	0.00479	0.00640	0.00766	0.00801	0.00448	0.00517	0.00770	0.01050	0.01399	0.03001	0.78339	0.03592	0.01702	0.00698	0.00222	0.00322	0.03635	0.00506	0.00445
62	0.00741	0.00563	0.00639	0.00618	0.00784	0.00489	0.00464	0.00925	0.01360	0.03778	0.32348	0.06238	0.46567	0.01268	0.00642	0.00180	0.00275	0.01081	0.00546	0.00493
63	0.00813	0.00637	0.00888	0.00885	0.00985	0.02769	0.00684	0.01002	0.00892	0.01263	0.01449	0.02140	0.01358	0.05577	0.75018	0.00849	0.01428	0.00582	0.00293	0.00487
64	0.00816	0.00567	0.00743	0.00693	0.00830	0.00522	0.00522	0.01072	0.01544	0.04206	0.75149	0.04013	0.05043	0.01103	0.00640	0.00171	0.00263	0.00974	0.00602	0.00525
65	0.00674	0.00482	0.00644	0.00771	0.00807	0.00451	0.00524	0.00777	0.01054	0.01403	0.02999	0.76993	0.03584	0.01699	0.00699	0.00223	0.00325	0.04942	0.00506	0.00446
66	0.01453	0.01155	0.01244	0.01103	0.01420	0.01312	0.00867	0.06104	0.65768	0.07716	0.02191	0.02099	0.01648	0.00752	0.00559	0.00185	0.00443	0.02559	0.00561	0.00861
67	0.03419	0.00949	0.01377	0.37612	0.05727	0.01151	0.01145	0.04781	0.04878	0.01674	0.01163	0.01537	0.00920	0.00674	0.00735	0.02755	0.11953	0.00489	0.16451	0.00613
68	0.01228	0.02670	0.68652	0.01510	0.02265	0.03643	0.01885	0.05463	0.01251	0.04981	0.01040	0.01183	0.00730	0.00533	0.00520	0.00171	0.00787	0.00412	0.00266	0.00812
69	0.06148	0.03869	0.01533	0.01358	0.01649	0.71603	0.01028	0.03905	0.01531	0.01439	0.00848	0.00984	0.00702	0.00560	0.00483	0.00142	0.00939	0.00351	0.00289	0.00638
70	0.01016	0.00508	0.00508	0.00508	0.00635	0.00508	0.00381	0.01270	0.01143	0.02033	0.01778	0.02033	0.01397	0.00635	0.00381	0.00127	0.00254	0.00508	0.83867	0.00508
71	0.00751	0.00542	0.00691	0.00742	0.00806	0.00524	0.00519	0.00869	0.01073	0.01446	0.12200	0.36114	0.06515	0.20466	0.03334	0.00305	0.01664	0.08860	0.00462	0.02116
72	0.03549	0.09192	0.03880	0.04273	0.43309	0.13491	0.01402	0.07743	0.03227	0.01806	0.01009	0.01244	0.00830	0.00528	0.00535	0.00157	0.02289	0.00443	0.00297	0.00797
73	0.01182	0.18104	0.57340	0.01520	0.04353	0.01448	0.05453	0.01707	0.01152	0.01642	0.00943	0.01118	0.00704	0.00504	0.00492	0.00162	0.00763	0.00395	0.00234	0.00783
74	0.02398	0.00930	0.01259	0.00969	0.01383	0.00811	0.00799	0.04019	0.01579	0.74557	0.03952	0.01899	0.01433	0.00685	0.00550	0.00169	0.00462	0.00558	0.00670	0.00918
75	0.00900	0.00782	0.01125	0.02811	0.02686	0.04170	0.09822	0.01074	0.01098	0.01475	0.04069	0.40783	0.02567	0.06520	0.03718	0.00253	0.05180	0.06271	0.04188	0.00511
76	0.01473	0.01542	0.01848	0.13684	0.38620	0.20478	0.01397	0.05054	0.01359	0.01696	0.04772	0.01403	0.01016	0.00565	0.00567	0.00162	0.02844	0.00477	0.00297	0.00747
77	0.00740	0.00592	0.00668	0.00681	0.00840	0.00543	0.00520	0.00988	0.05912	0.01628	0.14915	0.12150	0.44711	0.02967	0.00700	0.00201	0.00319	0.09914	0.00519	0.00494
78	0.00706	0.00512	0.00628	0.00691	0.00752	0.00477	0.00466	0.00807	0.01074	0.01413	0.09976	0.41868	0.15355	0.18960	0.01141	0.00279	0.00357	0.03633	0.00476	0.00430
79	0.05350	0.36389	0.19528	0.01276	0.06057	0.06675	0.01218	0.11169	0.03164	0.01785	0.02253	0.01111	0.00831	0.00529	0.00443	0.00145	0.00649	0.00377	0.00297	0.00754
80	0.01326	0.01288	0.02146	0.12255	0.65938	0.02974	0.02804	0.01652	0.01231	0.01725	0.01016	0.01355	0.00843	0.00494	0.00541	0.00164	0.00669	0.00485	0.00267	0.00826
81	0.00735	0.00557	0.00691	0.00755	0.00878	0.00513	0.00589	0.00911	0.01235	0.01586	0.12615	0.23333	0.28617	0.01465	0.00689	0.00212	0.00352	0.23274	0.00516	0.00475
82	0.01241	0.02799	0.01837	0.04132	0.53238	0.03906	0.01372	0.01573	0.04190	0.01725	0.03370	0.04222	0.09387	0.00689	0.00562	0.00170	0.00587	0.03902	0.00330	0.00768
83	0.03300	0.15967	0.46658	0.01438	0.03476	0.05299	0.03223	0.01726	0.01149	0.04381	0.00951	0.01129	0.00723	0.00554	0.00602	0.00167	0.07847	0.00397	0.00255	0.00759
84	0.01277	0.01477	0.24071	0.01226	0.01650	0.02418	0.05774	0.03198	0.09405	0.13148	0.07636	0.06018	0.02899	0.00884	0.00603	0.00192	0.00586	0.16375	0.00443	0.00718
85	0.82155	0.01069	0.00827	0.00733	0.01074	0.01237	0.00604	0.03875	0.00978	0.02476	0.00776	0.00899	0.00601	0.00511	0.00344	0.00169	0.00427	0.00301	0.00344	0.00601
86	0.00666	0.00477	0.00630	0.00751	0.00786	0.00445	0.00501	0.00760	0.01043	0.01387	0.03032	0.77371	0.05120	0.03277	0.00736	0.00227	0.00320	0.01526	0.00503	0.00441
87	0.01260	0.01436	0.06326	0.17765	0.12924	0.04775	0.40817	0.01668	0.01240	0.01667	0.01058	0.01417	0.00810	0.00490	0.00587	0.00175	0.00819	0.00556	0.01872	0.02338
88	0.01110	0.00947	0.01108	0.00805	0.01270	0.00714	0.00640	0.01346	0.01127	0.01759	0.01059	0.04639	0.00931	0.00461	0.00417	0.00087	0.00400	0.00377	0.00331	0.80471
89	0.03229	0.65363	0.02570	0.01005	0.01436	0.13789	0.00942	0.01750	0.03236	0.01341	0.00811	0.00923	0.00724	0.00489	0.00377	0.00123	0.00637	0.00310	0.00251	0.00692
90	0.01639	0.01189	0.01334	0.01077	0.01397	0.01289	0.00869	0.47901	0.02129	0.04961	0.20116	0.07514	0.02158	0.00850	0.00616	0.00172	0.02769	0.00688	0.00551	0.00782
