[name]
unknown

[dist]
# distance from previous block
# <min> <max>
33	102

[block]
# block no. 0 follows, 41 sequences, length 10
# corresponding to MSA columns:
# 122-131
name=unknown_A
#
# <colnr> <probs for GDERKNQSTAVLIFYWHMCP>
#	G	D	E	R	K	N	Q	S	T	A	V	L	I	F	Y	W	H	M	C	P
0	0.01577	0.08414	0.03636	0.01133	0.01525	0.05625	0.00946	0.19661	0.12271	0.05286	0.01426	0.06136	0.01182	0.00699	0.00629	0.00158	0.06886	0.00529	0.00437	0.21844
1	0.01064	0.03915	0.01060	0.00894	0.01074	0.00871	0.00667	0.09508	0.01260	0.01752	0.07565	0.24196	0.02298	0.16546	0.04907	0.00290	0.06653	0.00898	0.00432	0.14150
2	0.01365	0.01068	0.01249	0.04045	0.01430	0.01094	0.00828	0.22521	0.04319	0.02243	0.01690	0.13655	0.03471	0.03291	0.03102	0.00197	0.05771	0.00674	0.04476	0.23509
3	0.00904	0.04967	0.01124	0.00988	0.01099	0.00915	0.00789	0.01098	0.00927	0.01334	0.01405	0.02064	0.01316	0.03717	0.64980	0.00801	0.10154	0.00584	0.00297	0.00536
4	0.83938	0.01106	0.00841	0.00752	0.01106	0.01283	0.00619	0.01681	0.00973	0.02566	0.00796	0.00929	0.00619	0.00531	0.00354	0.00177	0.00442	0.00310	0.00354	0.00619
5	0.01186	0.01017	0.01186	0.00847	0.01356	0.00762	0.00678	0.01440	0.01186	0.01864	0.01017	0.01186	0.00847	0.00424	0.00424	0.00085	0.00424	0.00339	0.00339	0.83395
6	0.02174	0.01602	0.01717	0.01316	0.01774	0.01774	0.01087	0.74423	0.02689	0.03605	0.01373	0.01373	0.00973	0.00687	0.00572	0.00172	0.00629	0.00515	0.00572	0.00973
7	0.00697	0.00498	0.00664	0.00796	0.00830	0.00465	0.00531	0.00796	0.01095	0.01460	0.03153	0.79525	0.03783	0.01792	0.00730	0.00232	0.00332	0.01626	0.00531	0.00465
8	0.01117	0.04846	0.01567	0.27841	0.02225	0.01259	0.03858	0.04631	0.01120	0.01538	0.01318	0.10517	0.01255	0.03316	0.10832	0.00306	0.18760	0.00653	0.02427	0.00613
9	0.04828	0.01266	0.02096	0.20353	0.53332	0.01353	0.01647	0.01668	0.01233	0.01784	0.01036	0.01413	0.00854	0.00547	0.00617	0.00179	0.04196	0.00500	0.00278	0.00820

[dist]
# distance from previous block
# <min> <max>
0	1

[block]
# block no. 1 follows, 41 sequences, length 6
# corresponding to MSA columns:
# 133-138
name=unknown_B
#
# <colnr> <probs for GDERKNQSTAVLIFYWHMCP>
#	G	D	E	R	K	N	Q	S	T	A	V	L	I	F	Y	W	H	M	C	P
0	0.83938	0.01106	0.00841	0.00752	0.01106	0.01283	0.00619	0.01681	0.00973	0.02566	0.00796	0.00929	0.00619	0.00531	0.00354	0.00177	0.00442	0.00310	0.00354	0.00619
1	0.01261	0.01179	0.01753	0.18897	0.16947	0.01395	0.04202	0.03992	0.13415	0.01754	0.01438	0.01747	0.04449	0.00912	0.04445	0.00235	0.20332	0.00573	0.00340	0.00735
2	0.01337	0.01206	0.01716	0.08825	0.27898	0.04879	0.04933	0.03697	0.08324	0.05324	0.04607	0.04620	0.10255	0.00753	0.00646	0.00178	0.04186	0.00656	0.00389	0.05570
3	0.01304	0.01047	0.01208	0.01029	0.04749	0.03095	0.00762	0.05493	0.07461	0.06665	0.04034	0.09110	0.04486	0.00691	0.00511	0.00132	0.00451	0.00579	0.00427	0.46767
4	0.01381	0.01146	0.04097	0.01096	0.01433	0.01107	0.04210	0.16189	0.08804	0.05206	0.03315	0.08058	0.01465	0.07889	0.03152	0.00220	0.06651	0.00624	0.03090	0.20865
5	0.05403	0.04875	0.03987	0.01359	0.05234	0.02955	0.11277	0.06530	0.03101	0.01855	0.04277	0.10755	0.03718	0.02763	0.00827	0.00186	0.13053	0.00657	0.00369	0.16819

[dist]
# distance from previous block
# <min> <max>
2	46

[block]
# block no. 2 follows, 41 sequences, length 57
# corresponding to MSA columns:
# 224-280
name=unknown_C
#
# <colnr> <probs for GDERKNQSTAVLIFYWHMCP>
#	G	D	E	R	K	N	Q	S	T	A	V	L	I	F	Y	W	H	M	C	P
0	0.01442	0.23419	0.23511	0.03112	0.01819	0.01459	0.04386	0.06507	0.06238	0.10058	0.01488	0.11438	0.01290	0.00731	0.00533	0.00172	0.00638	0.00597	0.00378	0.00783
1	0.01810	0.06586	0.07188	0.04559	0.04784	0.12483	0.04763	0.25669	0.03348	0.09876	0.02879	0.01540	0.01084	0.00653	0.00584	0.00167	0.02668	0.02224	0.00438	0.06694
2	0.00826	0.00552	0.00625	0.00631	0.00632	0.00551	0.00354	0.00830	0.00843	0.01124	0.01858	0.06862	0.02150	0.76684	0.02822	0.00541	0.00545	0.00864	0.00354	0.00351
3	0.03614	0.01189	0.01290	0.01111	0.01460	0.01312	0.00879	0.11591	0.48616	0.13441	0.02403	0.02217	0.06717	0.00796	0.00581	0.00188	0.00468	0.00651	0.00590	0.00888
4	0.01080	0.01017	0.01716	0.78523	0.03940	0.01271	0.01589	0.01461	0.01144	0.01461	0.01017	0.01525	0.00762	0.00572	0.00572	0.00191	0.00762	0.00508	0.00254	0.00635
5	0.01030	0.00734	0.00923	0.00824	0.01032	0.00705	0.02454	0.03459	0.09561	0.07482	0.46825	0.03936	0.16564	0.01111	0.00655	0.00184	0.00336	0.00966	0.00603	0.00618
6	0.00831	0.00556	0.00632	0.00632	0.00635	0.00559	0.00357	0.00837	0.00834	0.01115	0.01794	0.03700	0.02061	0.77699	0.05085	0.00565	0.00583	0.00825	0.00345	0.00351
7	0.01453	0.51356	0.12901	0.01230	0.04306	0.07010	0.01176	0.01698	0.01177	0.01440	0.00940	0.04376	0.00871	0.00604	0.00553	0.00150	0.07358	0.00407	0.00262	0.00730
8	0.00706	0.00554	0.00639	0.00674	0.00805	0.00487	0.00484	0.00858	0.01291	0.01648	0.17156	0.29368	0.40272	0.01512	0.00693	0.00204	0.00300	0.01313	0.00548	0.00487
9	0.02319	0.01116	0.01385	0.01090	0.01515	0.01085	0.00891	0.14450	0.13617	0.52946	0.02125	0.01884	0.01397	0.00715	0.00576	0.00179	0.00504	0.00577	0.00666	0.00962
10	0.02566	0.00973	0.01327	0.01018	0.01460	0.00841	0.00841	0.02788	0.01637	0.76726	0.02257	0.01947	0.01416	0.00708	0.00575	0.00177	0.00487	0.00575	0.00708	0.00973
11	0.00701	0.00515	0.00659	0.00761	0.00823	0.00472	0.00518	0.00818	0.01159	0.01527	0.08324	0.64286	0.13930	0.01703	0.00719	0.00223	0.00322	0.01529	0.00537	0.00472
12	0.01080	0.01017	0.01716	0.78523	0.03940	0.01271	0.01589	0.01461	0.01144	0.01461	0.01017	0.01525	0.00762	0.00572	0.00572	0.00191	0.00762	0.00508	0.00254	0.00635
13	0.00805	0.00584	0.00758	0.00715	0.00852	0.00538	0.00536	0.01070	0.01608	0.02267	0.73492	0.04317	0.07950	0.01179	0.00675	0.00180	0.00271	0.01041	0.00626	0.00538
14	0.01227	0.01041	0.01208	0.00866	0.01373	0.00804	0.00695	0.04426	0.01248	0.01935	0.01031	0.01194	0.00852	0.00434	0.00430	0.00088	0.00432	0.00346	0.00348	0.80023
15	0.02428	0.01195	0.01464	0.01123	0.01571	0.01169	0.00927	0.28006	0.02008	0.50985	0.01946	0.01745	0.01260	0.00700	0.00574	0.00175	0.00537	0.00554	0.00660	0.00973
16	0.01674	0.09147	0.22454	0.01912	0.22959	0.04631	0.01475	0.04645	0.01402	0.19423	0.01314	0.01410	0.00953	0.00570	0.00536	0.00166	0.00678	0.00470	0.00381	0.03800
17	0.03790	0.27400	0.17070	0.06516	0.01857	0.01578	0.03741	0.04370	0.01265	0.12349	0.01309	0.03220	0.03339	0.00662	0.00646	0.00171	0.09127	0.00483	0.00344	0.00764
18	0.01066	0.00533	0.00533	0.00533	0.00666	0.00533	0.00400	0.01333	0.01200	0.02132	0.01866	0.02132	0.01466	0.00666	0.00400	0.00133	0.00267	0.00533	0.83073	0.00533
19	0.01436	0.00841	0.00993	0.00854	0.01037	0.00854	0.00611	0.15168	0.01352	0.16893	0.01795	0.02832	0.01693	0.43875	0.06948	0.00430	0.00620	0.00705	0.00460	0.00603
20	0.02042	0.01211	0.05523	0.01076	0.01539	0.01057	0.00922	0.14693	0.08205	0.39075	0.01910	0.01773	0.02881	0.00669	0.00550	0.00162	0.00513	0.00536	0.00581	0.15082
21	0.00697	0.00498	0.00664	0.00796	0.00830	0.00465	0.00531	0.00796	0.01095	0.01460	0.03153	0.79525	0.03783	0.01792	0.00730	0.00232	0.00332	0.01626	0.00531	0.00465
22	0.01147	0.02959	0.76934	0.01630	0.02476	0.01328	0.02113	0.01811	0.01208	0.01811	0.01026	0.01208	0.00725	0.00543	0.00543	0.00181	0.00845	0.00423	0.00242	0.00845
23	0.03641	0.04602	0.01706	0.17387	0.03691	0.24335	0.01189	0.25663	0.03839	0.04321	0.01145	0.01310	0.00867	0.00633	0.00585	0.00170	0.03281	0.00462	0.00394	0.00779
24	0.01134	0.01089	0.01894	0.65296	0.11591	0.01292	0.06600	0.01518	0.01175	0.01530	0.01033	0.01515	0.00785	0.00559	0.00578	0.00189	0.00768	0.00520	0.00260	0.00674
25	0.00701	0.00500	0.00662	0.00791	0.00823	0.00467	0.00525	0.00798	0.01087	0.01449	0.03109	0.77087	0.03728	0.04305	0.00800	0.00243	0.00339	0.01601	0.00525	0.00461
26	0.01080	0.01017	0.01716	0.78523	0.03940	0.01271	0.01589	0.01461	0.01144	0.01461	0.01017	0.01525	0.00762	0.00572	0.00572	0.00191	0.00762	0.00508	0.00254	0.00635
27	0.83938	0.01106	0.00841	0.00752	0.01106	0.01283	0.00619	0.01681	0.00973	0.02566	0.00796	0.00929	0.00619	0.00531	0.00354	0.00177	0.00442	0.00310	0.00354	0.00619
28	0.01251	0.01251	0.01752	0.01502	0.01502	0.01752	0.01251	0.01377	0.00876	0.01377	0.00751	0.01251	0.00751	0.01001	0.01877	0.00250	0.78851	0.00501	0.00250	0.00626
29	0.00697	0.00498	0.00664	0.00796	0.00830	0.00465	0.00531	0.00796	0.01095	0.01460	0.03153	0.79525	0.03783	0.01792	0.00730	0.00232	0.00332	0.01626	0.00531	0.00465
30	0.00697	0.00498	0.00664	0.00796	0.00830	0.00465	0.00531	0.00796	0.01095	0.01460	0.03153	0.79525	0.03783	0.01792	0.00730	0.00232	0.00332	0.01626	0.00531	0.00465
31	0.02138	0.02693	0.01624	0.01469	0.01768	0.75398	0.01105	0.04381	0.01652	0.01464	0.00898	0.01041	0.00744	0.00592	0.00517	0.00148	0.01020	0.00373	0.00303	0.00672
32	0.00994	0.00497	0.00745	0.00745	0.00745	0.00497	0.00497	0.00745	0.00745	0.00994	0.00994	0.01739	0.00994	0.01987	0.02235	0.83358	0.00497	0.00497	0.00248	0.00248
33	0.01186	0.01017	0.01186	0.00847	0.01356	0.00762	0.00678	0.01440	0.01186	0.01864	0.01017	0.01186	0.00847	0.00424	0.00424	0.00085	0.00424	0.00339	0.00339	0.83395
34	0.01080	0.01017	0.01716	0.78523	0.03940	0.01271	0.01589	0.01461	0.01144	0.01461	0.01017	0.01525	0.00762	0.00572	0.00572	0.00191	0.00762	0.00508	0.00254	0.00635
35	0.00738	0.00582	0.00665	0.00644	0.00811	0.00509	0.00483	0.00941	0.01450	0.01892	0.38345	0.04934	0.43330	0.01319	0.00675	0.00187	0.00281	0.01127	0.00577	0.00509
36	0.01149	0.01073	0.01777	0.66774	0.11043	0.01307	0.01582	0.03497	0.01195	0.01559	0.01025	0.01502	0.00782	0.00581	0.00607	0.00190	0.02911	0.00508	0.00266	0.00671
37	0.02137	0.02726	0.01621	0.01474	0.01768	0.77602	0.01105	0.02284	0.01621	0.01400	0.00884	0.01031	0.00737	0.00589	0.00516	0.00147	0.01031	0.00368	0.00295	0.00663
38	0.00704	0.00581	0.00618	0.00608	0.00790	0.00495	0.00456	0.00874	0.01369	0.01700	0.20326	0.05250	0.61470	0.01391	0.00676	0.00190	0.00286	0.01171	0.00552	0.00495
39	0.04272	0.00954	0.01284	0.00994	0.01417	0.00833	0.00818	0.02663	0.01621	0.70716	0.06547	0.02061	0.01631	0.00731	0.00576	0.00177	0.00473	0.00596	0.00695	0.00940
40	0.01080	0.01017	0.01716	0.78523	0.03940	0.01271	0.01589	0.01461	0.01144	0.01461	0.01017	0.01525	0.00762	0.00572	0.00572	0.00191	0.00762	0.00508	0.00254	0.00635
41	0.00839	0.00649	0.00954	0.00857	0.01015	0.00601	0.06172	0.01108	0.01545	0.02174	0.62884	0.11729	0.04887	0.01180	0.00680	0.00186	0.00329	0.01067	0.00594	0.00550
42	0.01420	0.01078	0.01251	0.00935	0.01401	0.00919	0.00749	0.12087	0.03588	0.08040	0.01312	0.05261	0.01085	0.00563	0.00477	0.00115	0.00454	0.00457	0.00419	0.58388
43	0.69966	0.01352	0.00977	0.00871	0.01219	0.12211	0.00702	0.03791	0.01114	0.02428	0.00825	0.00956	0.00646	0.00544	0.00383	0.00173	0.00532	0.00324	0.00352	0.00636
44	0.01529	0.80242	0.02997	0.00979	0.01468	0.02263	0.00979	0.01713	0.01162	0.01346	0.00795	0.00918	0.00734	0.00489	0.00367	0.00122	0.00612	0.00306	0.00245	0.00734
45	0.01320	0.34812	0.41147	0.01416	0.02095	0.01723	0.06761	0.01772	0.01199	0.01620	0.00940	0.01111	0.00739	0.00517	0.00480	0.00158	0.00757	0.00392	0.00246	0.00794
46	0.15578	0.00676	0.00711	0.00708	0.00897	0.00655	0.00548	0.01071	0.01307	0.01919	0.21547	0.10322	0.32567	0.01257	0.00634	0.00197	0.00339	0.08020	0.00523	0.00524
47	0.04220	0.39109	0.30865	0.01227	0.01795	0.01724	0.01378	0.01670	0.01156	0.01576	0.01049	0.06618	0.00943	0.00625	0.00522	0.00160	0.03895	0.00452	0.00268	0.00749
48	0.10624	0.25519	0.18460	0.01058	0.01561	0.01391	0.01076	0.01642	0.03043	0.03815	0.01221	0.09445	0.01110	0.00644	0.00466	0.00149	0.00569	0.00495	0.00327	0.17385
49	0.05858	0.17641	0.37233	0.01319	0.01907	0.03009	0.03300	0.06564	0.01309	0.04496	0.02793	0.09647	0.01189	0.00694	0.00527	0.00174	0.00690	0.00552	0.00328	0.00771
50	0.00741	0.00544	0.00673	0.00737	0.00818	0.00503	0.00514	0.00872	0.01192	0.01570	0.14264	0.39645	0.17660	0.11850	0.01001	0.00261	0.00356	0.05810	0.00521	0.00468
51	0.07224	0.01056	0.01584	0.10846	0.23835	0.01056	0.04129	0.03899	0.01389	0.10918	0.13617	0.02315	0.03465	0.00735	0.00581	0.00176	0.00555	0.05124	0.00426	0.07070
52	0.01296	0.03520	0.19470	0.09888	0.18459	0.07963	0.01401	0.04677	0.04557	0.01829	0.04044	0.06764	0.03884	0.00683	0.00557	0.00169	0.00668	0.00578	0.00338	0.09255
53	0.00888	0.00664	0.00803	0.00807	0.00945	0.00626	0.00578	0.06128	0.01213	0.01626	0.02868	0.38167	0.12060	0.12624	0.04136	0.00283	0.00449	0.05265	0.00478	0.09394
54	0.00825	0.00620	0.00764	0.00815	0.00900	0.00617	0.00576	0.03950	0.03473	0.01583	0.05204	0.46809	0.13526	0.10178	0.00992	0.00259	0.03143	0.04759	0.00507	0.00500
55	0.32912	0.06364	0.02814	0.11919	0.01700	0.04336	0.02237	0.03922	0.03049	0.04976	0.01139	0.04108	0.00954	0.00609	0.00461	0.00163	0.00544	0.02413	0.00361	0.15018
56	0.04025	0.09577	0.12740	0.08347	0.05269	0.22226	0.04391	0.15548	0.01592	0.03259	0.01067	0.01243	0.00825	0.00587	0.00549	0.00162	0.02406	0.00437	0.02423	0.03326

[dist]
# distance from previous block
# <min> <max>
3	32

[block]
# block no. 3 follows, 41 sequences, length 43
# corresponding to MSA columns:
# 319-361
name=unknown_D
#
# <colnr> <probs for GDERKNQSTAVLIFYWHMCP>
#	G	D	E	R	K	N	Q	S	T	A	V	L	I	F	Y	W	H	M	C	P
0	0.01472	0.49226	0.11951	0.01162	0.04215	0.03862	0.01112	0.06514	0.01308	0.01665	0.04032	0.01172	0.00960	0.00534	0.00432	0.00134	0.00623	0.00377	0.00294	0.08953
1	0.55481	0.01185	0.04705	0.00948	0.03534	0.01206	0.00780	0.04094	0.03775	0.12495	0.03666	0.01273	0.00962	0.00586	0.00427	0.00174	0.00475	0.00401	0.00418	0.03415
2	0.03595	0.09658	0.47724	0.01348	0.01984	0.01258	0.01585	0.03860	0.01247	0.01827	0.03846	0.09201	0.01279	0.00711	0.00544	0.00176	0.00696	0.02730	0.00313	0.06419
3	0.03739	0.02487	0.09702	0.12097	0.09785	0.00976	0.01069	0.01634	0.02958	0.11684	0.05379	0.07283	0.03549	0.04607	0.00658	0.00179	0.00546	0.00602	0.00398	0.20670
4	0.00952	0.00748	0.04586	0.00888	0.01069	0.00605	0.00700	0.01135	0.01195	0.06738	0.05685	0.44284	0.03032	0.03723	0.00741	0.00218	0.00412	0.11371	0.00502	0.11417
5	0.01903	0.03770	0.01513	0.01179	0.01564	0.06325	0.00958	0.44108	0.14059	0.05747	0.01576	0.01580	0.01156	0.00687	0.00542	0.00168	0.00574	0.00525	0.11188	0.00879
6	0.05236	0.01172	0.02805	0.01004	0.01462	0.01053	0.00827	0.19311	0.03171	0.14693	0.01432	0.05237	0.01123	0.00616	0.00502	0.00137	0.00489	0.00491	0.00470	0.38768
7	0.00867	0.00597	0.00783	0.00729	0.00874	0.00550	0.00550	0.01135	0.01620	0.04730	0.73613	0.04196	0.05267	0.01154	0.00671	0.00180	0.00277	0.01019	0.00632	0.00554
8	0.00955	0.00570	0.00759	0.00827	0.00925	0.00522	0.00583	0.01078	0.01183	0.11593	0.03121	0.63993	0.05987	0.01627	0.00709	0.00225	0.00358	0.03895	0.00555	0.00536
9	0.00901	0.00735	0.01114	0.13802	0.01531	0.00894	0.00893	0.01118	0.00949	0.01345	0.01387	0.02100	0.01285	0.06528	0.54916	0.00723	0.08355	0.00595	0.00294	0.00535
10	0.01080	0.01017	0.01716	0.78523	0.03940	0.01271	0.01589	0.01461	0.01144	0.01461	0.01017	0.01525	0.00762	0.00572	0.00572	0.00191	0.00762	0.00508	0.00254	0.00635
11	0.01324	0.38801	0.42644	0.01328	0.02008	0.01762	0.01587	0.01766	0.01187	0.01595	0.00919	0.01073	0.00729	0.00518	0.00462	0.00154	0.00737	0.00368	0.00243	0.00794
12	0.01376	0.01448	0.07170	0.07575	0.62164	0.01357	0.04787	0.01782	0.03387	0.01855	0.01108	0.01434	0.00908	0.00522	0.00570	0.00173	0.00701	0.00515	0.00287	0.00881
13	0.00697	0.00498	0.00664	0.00796	0.00830	0.00465	0.00531	0.00796	0.01095	0.01460	0.03153	0.79525	0.03783	0.01792	0.00730	0.00232	0.00332	0.01626	0.00531	0.00465
14	0.02193	0.00927	0.01234	0.00973	0.01355	0.00828	0.00793	0.06103	0.01687	0.58038	0.17032	0.02385	0.02193	0.00800	0.00595	0.00177	0.00450	0.00664	0.00685	0.00886
15	0.01277	0.01218	0.02071	0.34497	0.46427	0.01323	0.01686	0.01634	0.01237	0.01700	0.01051	0.01461	0.00847	0.00535	0.00569	0.00178	0.00714	0.00509	0.00271	0.00794
16	0.01448	0.04506	0.23344	0.01404	0.01921	0.01476	0.06598	0.12676	0.35768	0.02321	0.01681	0.01675	0.01244	0.00665	0.00569	0.00185	0.00633	0.00554	0.00450	0.00882
17	0.00832	0.00555	0.00624	0.00624	0.00624	0.00555	0.00347	0.00832	0.00832	0.01109	0.01802	0.03743	0.02080	0.79898	0.02911	0.00555	0.00555	0.00832	0.00347	0.00347
18	0.02036	0.15609	0.01850	0.01391	0.01718	0.65081	0.01084	0.02189	0.01545	0.01391	0.00869	0.01013	0.00736	0.00573	0.00491	0.00143	0.00962	0.00358	0.00286	0.00675
19	0.02010	0.01196	0.01378	0.01093	0.01465	0.01252	0.00886	0.37363	0.03715	0.23493	0.01697	0.01752	0.01219	0.03316	0.04492	0.03065	0.00588	0.00550	0.08608	0.00862
20	0.01184	0.01097	0.01722	0.52829	0.07441	0.01293	0.05049	0.03903	0.13018	0.01719	0.01431	0.01766	0.03847	0.00634	0.00582	0.00190	0.00696	0.00566	0.00330	0.00705
21	0.83938	0.01106	0.00841	0.00752	0.01106	0.01283	0.00619	0.01681	0.00973	0.02566	0.00796	0.00929	0.00619	0.00531	0.00354	0.00177	0.00442	0.00310	0.00354	0.00619
22	0.00826	0.00577	0.00739	0.00739	0.00779	0.00617	0.00490	0.00906	0.00866	0.01194	0.01697	0.03161	0.01827	0.50454	0.32010	0.00697	0.00935	0.00747	0.00331	0.00410
23	0.00834	0.00626	0.02431	0.00764	0.00899	0.00545	0.00578	0.01064	0.01466	0.04156	0.51457	0.23512	0.06879	0.01311	0.00683	0.00194	0.00305	0.01165	0.00595	0.00538
24	0.01422	0.01550	0.07110	0.13970	0.44031	0.09292	0.06005	0.03648	0.01346	0.01794	0.01125	0.01561	0.00938	0.00570	0.00575	0.00176	0.00750	0.03026	0.00294	0.00817
25	0.00832	0.00555	0.00624	0.00624	0.00624	0.00555	0.00347	0.00832	0.00832	0.01109	0.01802	0.03743	0.02080	0.79898	0.02911	0.00555	0.00555	0.00832	0.00347	0.00347
26	0.01133	0.01215	0.07761	0.52088	0.06925	0.01204	0.05039	0.01519	0.01174	0.01594	0.01027	0.01439	0.00786	0.00538	0.00550	0.00171	0.00719	0.00482	0.00270	0.14367
27	0.02010	0.02534	0.01556	0.01415	0.01693	0.69948	0.01066	0.02157	0.01575	0.01409	0.01206	0.01336	0.05739	0.00660	0.00572	0.00154	0.03584	0.00428	0.00309	0.00650
28	0.00697	0.00498	0.00664	0.00796	0.00830	0.00465	0.00531	0.00796	0.01095	0.01460	0.03153	0.79525	0.03783	0.01792	0.00730	0.00232	0.00332	0.01626	0.00531	0.00465
29	0.02566	0.00973	0.01327	0.01018	0.01460	0.00841	0.00841	0.02788	0.01637	0.76726	0.02257	0.01947	0.01416	0.00708	0.00575	0.00177	0.00487	0.00575	0.00708	0.00973
30	0.01358	0.01300	0.02218	0.16353	0.63936	0.01344	0.01727	0.01705	0.01275	0.01799	0.01066	0.01434	0.00881	0.00520	0.00567	0.00173	0.00694	0.00509	0.00278	0.00860
31	0.00749	0.00583	0.00693	0.00755	0.00896	0.00527	0.00587	0.00919	0.01271	0.01592	0.06427	0.21474	0.39504	0.01549	0.00718	0.00220	0.00361	0.20151	0.00533	0.00492
32	0.02174	0.01602	0.01717	0.01316	0.01774	0.01774	0.01087	0.74423	0.02689	0.03605	0.01373	0.01373	0.00973	0.00687	0.00572	0.00172	0.00629	0.00515	0.00572	0.00973
33	0.01080	0.01017	0.01716	0.78523	0.03940	0.01271	0.01589	0.01461	0.01144	0.01461	0.01017	0.01525	0.00762	0.00572	0.00572	0.00191	0.00762	0.00508	0.00254	0.00635
34	0.01149	0.00978	0.01147	0.00843	0.01316	0.00740	0.00667	0.01392	0.01179	0.01834	0.01177	0.07070	0.01068	0.00526	0.00447	0.00096	0.00417	0.00436	0.00353	0.77166
35	0.05651	0.01426	0.01920	0.09960	0.41648	0.09371	0.01427	0.06826	0.02983	0.06911	0.01158	0.01396	0.00913	0.00551	0.00544	0.00166	0.00677	0.00482	0.00343	0.05647
36	0.04205	0.01211	0.01998	0.24615	0.40222	0.01261	0.04378	0.01715	0.01260	0.06474	0.01123	0.01453	0.00881	0.00534	0.00556	0.00172	0.00677	0.00501	0.00308	0.06458
37	0.01519	0.01343	0.01942	0.25460	0.35338	0.06410	0.01513	0.09168	0.03036	0.07022	0.01183	0.01470	0.00911	0.00571	0.00566	0.00176	0.00705	0.00508	0.00340	0.00820
38	0.01464	0.01302	0.02067	0.13222	0.53326	0.02840	0.01582	0.01910	0.07855	0.06970	0.01256	0.01523	0.00992	0.00557	0.00568	0.00175	0.00665	0.00523	0.00335	0.00869
39	0.03390	0.01269	0.06879	0.27680	0.39026	0.01249	0.01584	0.01573	0.01197	0.01686	0.01104	0.03811	0.00932	0.00658	0.00664	0.05044	0.00690	0.00531	0.00278	0.00754
40	0.01319	0.01243	0.03561	0.20672	0.45426	0.01279	0.01584	0.01756	0.06415	0.03362	0.01318	0.01873	0.01115	0.00627	0.00585	0.00184	0.00671	0.05872	0.00323	0.00814
41	0.11323	0.01689	0.25390	0.22424	0.12900	0.01262	0.03552	0.03863	0.01257	0.03477	0.05055	0.01593	0.01076	0.00606	0.00549	0.00183	0.00702	0.02036	0.00312	0.00751
42	0.03652	0.07424	0.16021	0.14799	0.20919	0.07593	0.01452	0.03294	0.01307	0.05950	0.01368	0.03573	0.03004	0.00661	0.00555	0.00176	0.00698	0.04633	0.00328	0.02592

[dist]
# distance from previous block
# <min> <max>
3	12

[block]
# block no. 4 follows, 41 sequences, length 9
# corresponding to MSA columns:
# 376-384
name=unknown_E
#
# <colnr> <probs for GDERKNQSTAVLIFYWHMCP>
#	G	D	E	R	K	N	Q	S	T	A	V	L	I	F	Y	W	H	M	C	P
0	0.11791	0.05919	0.09619	0.25572	0.19937	0.03012	0.01396	0.01761	0.05782	0.05173	0.01302	0.01548	0.03651	0.00596	0.00532	0.00178	0.00659	0.00497	0.00324	0.00752
1	0.19787	0.01521	0.15723	0.33349	0.07242	0.04999	0.01417	0.03601	0.01210	0.04640	0.01022	0.01313	0.00761	0.00562	0.00515	0.00181	0.00701	0.00444	0.00303	0.00711
2	0.07708	0.04886	0.07795	0.07074	0.06705	0.07657	0.01070	0.08268	0.03689	0.03267	0.09437	0.05627	0.05981	0.00944	0.03193	0.00208	0.09155	0.02996	0.00396	0.03944
3	0.26701	0.06577	0.12877	0.14340	0.12316	0.01365	0.05468	0.03325	0.04531	0.05925	0.01083	0.01288	0.00820	0.00555	0.00493	0.00177	0.00636	0.00441	0.00333	0.00750
4	0.01291	0.01219	0.02060	0.38545	0.35223	0.01342	0.05212	0.05069	0.01296	0.01758	0.01066	0.01471	0.00840	0.00546	0.00575	0.00181	0.00730	0.00517	0.00284	0.00776
5	0.09575	0.16745	0.01928	0.01658	0.15094	0.34218	0.01145	0.07426	0.04052	0.01783	0.00980	0.01134	0.00808	0.00564	0.00488	0.00153	0.00784	0.00397	0.00319	0.00748
6	0.09936	0.12868	0.30399	0.05501	0.14816	0.01473	0.01538	0.09126	0.01364	0.06322	0.01085	0.01250	0.00813	0.00554	0.00510	0.00170	0.00697	0.00432	0.00322	0.00827
7	0.00922	0.00619	0.00801	0.04600	0.01014	0.00622	0.00610	0.01094	0.01170	0.04545	0.15054	0.07590	0.07284	0.24189	0.09756	0.00382	0.00567	0.12111	0.06576	0.00493
8	0.01707	0.05064	0.01289	0.01000	0.01308	0.01025	0.00815	0.16272	0.01587	0.26532	0.07605	0.02061	0.01613	0.01789	0.23410	0.00391	0.00804	0.00595	0.04363	0.00769

[dist]
# distance from previous block
# <min> <max>
0	1

[block]
# block no. 5 follows, 41 sequences, length 7
# corresponding to MSA columns:
# 386-392
name=unknown_F
#
# <colnr> <probs for GDERKNQSTAVLIFYWHMCP>
#	G	D	E	R	K	N	Q	S	T	A	V	L	I	F	Y	W	H	M	C	P
0	0.00939	0.00693	0.03531	0.00788	0.00959	0.00585	0.00623	0.01168	0.01439	0.07785	0.41163	0.13604	0.12357	0.05699	0.00804	0.00215	0.00352	0.06164	0.00575	0.00557
1	0.00826	0.04376	0.00852	0.00747	0.00897	0.00618	0.00577	0.01062	0.01490	0.02039	0.51732	0.10771	0.13747	0.01257	0.00674	0.00190	0.00314	0.06716	0.00583	0.00534
2	0.01147	0.02959	0.76934	0.01630	0.02476	0.01328	0.02113	0.01811	0.01208	0.01811	0.01026	0.01208	0.00725	0.00543	0.00543	0.00181	0.00845	0.00423	0.00242	0.00845
3	0.00810	0.00585	0.00765	0.00720	0.00855	0.00540	0.00540	0.01079	0.01619	0.02294	0.76028	0.04273	0.05397	0.01169	0.00675	0.00180	0.00270	0.01034	0.00630	0.00540
4	0.00947	0.03128	0.00917	0.00787	0.00976	0.00698	0.00609	0.06883	0.01608	0.02230	0.52695	0.07710	0.09665	0.01139	0.00651	0.00179	0.00330	0.03512	0.00583	0.04755
5	0.17107	0.07893	0.45571	0.07138	0.02196	0.01417	0.01627	0.07417	0.01270	0.02036	0.00992	0.01170	0.00727	0.00550	0.00499	0.00176	0.00728	0.00406	0.00290	0.00788
6	0.05369	0.16353	0.27474	0.01327	0.01860	0.10983	0.06962	0.04304	0.03141	0.04668	0.02981	0.01374	0.00986	0.00579	0.00500	0.00162	0.00710	0.00450	0.09060	0.00756

[dist]
# distance from previous block
# <min> <max>
1	8

[block]
# block no. 6 follows, 41 sequences, length 13
# corresponding to MSA columns:
# 401-413
name=unknown_G
#
# <colnr> <probs for GDERKNQSTAVLIFYWHMCP>
#	G	D	E	R	K	N	Q	S	T	A	V	L	I	F	Y	W	H	M	C	P
0	0.23467	0.22399	0.13245	0.06145	0.01841	0.01663	0.01164	0.09742	0.03653	0.06003	0.04025	0.01570	0.01173	0.00725	0.00551	0.00203	0.00659	0.00485	0.00432	0.00857
1	0.03788	0.26077	0.41400	0.01371	0.04444	0.01527	0.01541	0.01697	0.01234	0.01747	0.09029	0.01448	0.01234	0.00593	0.00499	0.00163	0.00694	0.00453	0.00289	0.00774
2	0.08667	0.47848	0.19303	0.01099	0.01634	0.01809	0.01176	0.01759	0.01168	0.06143	0.00945	0.01080	0.00774	0.00579	0.00494	0.03502	0.00637	0.00357	0.00282	0.00744
3	0.00860	0.00567	0.00760	0.00838	0.00893	0.00559	0.00620	0.00932	0.01051	0.01386	0.02417	0.22618	0.02725	0.19660	0.01518	0.15050	0.00481	0.26208	0.00437	0.00421
4	0.01517	0.01516	0.10970	0.19943	0.22576	0.01436	0.01498	0.23852	0.03905	0.02305	0.01261	0.01621	0.00989	0.00632	0.00576	0.00181	0.00691	0.03311	0.00378	0.00841
5	0.68893	0.01180	0.01033	0.07236	0.05953	0.04376	0.00787	0.01693	0.01033	0.02387	0.00835	0.01011	0.00653	0.00535	0.00391	0.00176	0.00507	0.00340	0.00339	0.00640
6	0.00697	0.00498	0.00664	0.00796	0.00830	0.00465	0.00531	0.00796	0.01095	0.01460	0.03153	0.79525	0.03783	0.01792	0.00730	0.00232	0.00332	0.01626	0.00531	0.00465
7	0.00715	0.00512	0.00680	0.00784	0.00834	0.00477	0.00532	0.00842	0.01180	0.01595	0.14954	0.67339	0.04044	0.01691	0.00721	0.00224	0.00322	0.01530	0.00547	0.00477
8	0.83938	0.01106	0.00841	0.00752	0.01106	0.01283	0.00619	0.01681	0.00973	0.02566	0.00796	0.00929	0.00619	0.00531	0.00354	0.00177	0.00442	0.00310	0.00354	0.00619
9	0.01378	0.30260	0.45641	0.01358	0.02050	0.01628	0.01626	0.01842	0.01220	0.06648	0.01027	0.01154	0.00774	0.00535	0.00483	0.00160	0.00738	0.00391	0.00274	0.00814
10	0.13290	0.23730	0.42900	0.01302	0.01964	0.01559	0.01540	0.01802	0.01177	0.04587	0.00976	0.01116	0.00738	0.00533	0.00469	0.00164	0.00710	0.00380	0.00276	0.00787
11	0.14353	0.00667	0.00721	0.00695	0.00782	0.00703	0.00454	0.01066	0.00896	0.04219	0.01624	0.03038	0.01739	0.54883	0.11482	0.00523	0.00653	0.00711	0.00357	0.00434
12	0.17365	0.01079	0.04873	0.10151	0.13710	0.01076	0.03721	0.02916	0.02907	0.05354	0.07260	0.02179	0.04833	0.13648	0.03867	0.00271	0.03157	0.00607	0.00373	0.00654

[dist]
# distance from previous block
# <min> <max>
5	7

[block]
# block no. 7 follows, 41 sequences, length 15
# corresponding to MSA columns:
# 423-437
name=unknown_H
#
# <colnr> <probs for GDERKNQSTAVLIFYWHMCP>
#	G	D	E	R	K	N	Q	S	T	A	V	L	I	F	Y	W	H	M	C	P
0	0.76827	0.01265	0.07377	0.00828	0.01224	0.01287	0.00748	0.01693	0.00994	0.02501	0.00816	0.00953	0.00628	0.00532	0.00370	0.00177	0.00477	0.00319	0.00344	0.00639
1	0.01872	0.01423	0.01554	0.01172	0.01646	0.01464	0.00962	0.52061	0.02229	0.03071	0.01264	0.01316	0.00934	0.00606	0.00527	0.00145	0.00566	0.00461	0.00501	0.26227
2	0.01461	0.01248	0.01315	0.01172	0.01502	0.01441	0.00915	0.06718	0.71555	0.02455	0.02279	0.02095	0.01706	0.00771	0.00582	0.00193	0.00462	0.00640	0.00582	0.00909
3	0.01080	0.01017	0.01716	0.78523	0.03940	0.01271	0.01589	0.01461	0.01144	0.01461	0.01017	0.01525	0.00762	0.00572	0.00572	0.00191	0.00762	0.00508	0.00254	0.00635
4	0.00697	0.00498	0.00664	0.00796	0.00830	0.00465	0.00531	0.00796	0.01095	0.01460	0.03153	0.79525	0.03783	0.01792	0.00730	0.00232	0.00332	0.01626	0.00531	0.00465
5	0.00697	0.00498	0.00664	0.00796	0.00830	0.00465	0.00531	0.00796	0.01095	0.01460	0.03153	0.79525	0.03783	0.01792	0.00730	0.00232	0.00332	0.01626	0.00531	0.00465
6	0.00710	0.00507	0.00678	0.00811	0.00850	0.00476	0.00553	0.00819	0.01108	0.01475	0.03146	0.75353	0.03755	0.01780	0.00733	0.00234	0.00343	0.05671	0.00531	0.00468
7	0.00697	0.00498	0.00664	0.00796	0.00830	0.00465	0.00531	0.00796	0.01095	0.01460	0.03153	0.79525	0.03783	0.01792	0.00730	0.00232	0.00332	0.01626	0.00531	0.00465
8	0.01529	0.80242	0.02997	0.00979	0.01468	0.02263	0.00979	0.01713	0.01162	0.01346	0.00795	0.00918	0.00734	0.00489	0.00367	0.00122	0.00612	0.00306	0.00245	0.00734
9	0.01159	0.02878	0.72734	0.01675	0.02505	0.01335	0.06233	0.01813	0.01216	0.01813	0.01034	0.01227	0.00733	0.00540	0.00551	0.00182	0.00852	0.00437	0.00244	0.00841
10	0.05095	0.01287	0.04334	0.44276	0.11093	0.03323	0.05908	0.11753	0.03968	0.01919	0.01114	0.01464	0.00839	0.00580	0.00566	0.00184	0.00732	0.00509	0.00320	0.00736
11	0.00888	0.00691	0.00991	0.00963	0.01046	0.00834	0.00751	0.01073	0.00938	0.01386	0.01543	0.06677	0.01492	0.05668	0.55226	0.00723	0.12482	0.00658	0.05448	0.00521
12	0.06963	0.01018	0.01280	0.01004	0.01402	0.00957	0.00820	0.12229	0.01718	0.53489	0.08930	0.02078	0.01701	0.02954	0.00637	0.00187	0.00485	0.00602	0.00652	0.00895
13	0.19447	0.19922	0.07930	0.01362	0.08820	0.22306	0.01081	0.01851	0.01258	0.03690	0.00959	0.01150	0.00796	0.00822	0.06224	0.00211	0.00781	0.00383	0.00302	0.00705
14	0.05319	0.03748	0.08441	0.23322	0.44689	0.01356	0.01662	0.01676	0.01231	0.01773	0.01034	0.01389	0.00833	0.00530	0.00550	0.00175	0.00702	0.00486	0.00274	0.00809

[dist]
# distance from previous block
# <min> <max>
0	1

[block]
# block no. 8 follows, 41 sequences, length 11
# corresponding to MSA columns:
# 439-449
name=unknown_I
#
# <colnr> <probs for GDERKNQSTAVLIFYWHMCP>
#	G	D	E	R	K	N	Q	S	T	A	V	L	I	F	Y	W	H	M	C	P
0	0.31286	0.09030	0.07116	0.10112	0.04408	0.04966	0.03565	0.06358	0.01264	0.04810	0.04673	0.04692	0.01106	0.00630	0.00478	0.00171	0.00581	0.00479	0.00363	0.03913
1	0.00889	0.00619	0.00773	0.00737	0.00880	0.00576	0.00543	0.03459	0.01504	0.04756	0.48912	0.13603	0.13221	0.05979	0.00809	0.00210	0.00317	0.01083	0.00589	0.00542
2	0.01325	0.24910	0.40251	0.01480	0.02144	0.01562	0.10793	0.01794	0.01246	0.04614	0.04080	0.01320	0.00963	0.00552	0.00516	0.00165	0.00756	0.00452	0.00282	0.00796
3	0.01274	0.16539	0.57699	0.01530	0.02286	0.01483	0.05278	0.01829	0.01221	0.04340	0.01034	0.01198	0.00757	0.00537	0.00519	0.00171	0.00797	0.00419	0.00261	0.00827
4	0.00736	0.00524	0.00700	0.00826	0.00872	0.00497	0.00579	0.00855	0.01115	0.01480	0.03070	0.65205	0.03630	0.05498	0.00843	0.00252	0.00371	0.11957	0.00522	0.00468
5	0.01186	0.01017	0.01186	0.00847	0.01356	0.00762	0.00678	0.01440	0.01186	0.01864	0.01017	0.01186	0.00847	0.00424	0.00424	0.00085	0.00424	0.00339	0.00339	0.83395
6	0.01113	0.02383	0.55435	0.04567	0.02308	0.01204	0.06888	0.01677	0.01246	0.01830	0.07743	0.04602	0.01275	0.00639	0.00567	0.00180	0.00759	0.00541	0.00296	0.04747
7	0.02472	0.00994	0.01325	0.01030	0.01462	0.00889	0.00846	0.02808	0.07692	0.70616	0.02262	0.01962	0.01443	0.00714	0.00576	0.00178	0.00484	0.00581	0.00698	0.00968
8	0.00710	0.00581	0.00626	0.00615	0.00793	0.00497	0.00461	0.00886	0.01384	0.01735	0.23610	0.05192	0.58164	0.01378	0.00676	0.00190	0.00285	0.01163	0.00556	0.00497
9	0.01407	0.01382	0.02455	0.03371	0.67028	0.01370	0.10950	0.01765	0.01308	0.01864	0.01086	0.01432	0.00901	0.00506	0.00580	0.00173	0.00716	0.00531	0.00284	0.00889
10	0.04619	0.03505	0.01154	0.00900	0.01222	0.00789	0.00726	0.02067	0.01570	0.43946	0.26621	0.05832	0.02781	0.00892	0.00600	0.00178	0.00411	0.00752	0.00647	0.00789

[dist]
# distance from previous block
# <min> <max>
1	41

[block]
# block no. 9 follows, 41 sequences, length 136
# corresponding to MSA columns:
# 499-523,544-549,551-639,667-682
name=unknown_J
#
# <colnr> <probs for GDERKNQSTAVLIFYWHMCP>
#	G	D	E	R	K	N	Q	S	T	A	V	L	I	F	Y	W	H	M	C	P
0	0.05776	0.15386	0.01742	0.03024	0.05139	0.08675	0.02913	0.28860	0.01792	0.02409	0.03750	0.04029	0.02974	0.00779	0.02514	0.00180	0.00630	0.00531	0.08125	0.00773
1	0.11592	0.01098	0.01331	0.06212	0.08559	0.01213	0.01002	0.05908	0.25318	0.08141	0.03601	0.02514	0.01665	0.00840	0.00645	0.00198	0.04273	0.12345	0.00484	0.03063
2	0.04125	0.01208	0.01467	0.19490	0.05850	0.03686	0.01096	0.21020	0.10382	0.04266	0.01552	0.06754	0.01303	0.00744	0.00567	0.00177	0.00592	0.04314	0.02287	0.09121
3	0.01482	0.01117	0.01282	0.04772	0.01493	0.01162	0.00859	0.35363	0.01850	0.02514	0.01871	0.25837	0.01850	0.02958	0.00658	0.00188	0.00511	0.00844	0.00504	0.12887
4	0.01721	0.01179	0.01313	0.01074	0.01443	0.01242	0.00861	0.24973	0.23132	0.14156	0.06813	0.02112	0.05559	0.00767	0.00568	0.00172	0.00481	0.00620	0.04805	0.07010
5	0.00843	0.00577	0.00691	0.00701	0.00765	0.00591	0.00468	0.00979	0.02812	0.01377	0.02250	0.11012	0.08472	0.38647	0.17459	0.00508	0.00674	0.00861	0.09872	0.00439
6	0.01158	0.05071	0.74914	0.01612	0.02448	0.01354	0.02082	0.01809	0.01206	0.01799	0.01020	0.01200	0.00725	0.00542	0.00539	0.00180	0.00839	0.00419	0.00242	0.00842
7	0.00694	0.00508	0.00653	0.00768	0.00822	0.00467	0.00518	0.00800	0.01122	0.01471	0.03496	0.69903	0.13184	0.01747	0.00723	0.00227	0.00326	0.01572	0.00531	0.00467
8	0.00800	0.00584	0.00751	0.00709	0.00849	0.00536	0.00532	0.01060	0.01596	0.02239	0.70892	0.04363	0.10567	0.01190	0.00675	0.00181	0.00271	0.01047	0.00622	0.00536
9	0.01210	0.01195	0.02164	0.46549	0.21247	0.01324	0.14862	0.01600	0.01220	0.01627	0.01057	0.01502	0.00816	0.00541	0.00589	0.00186	0.00779	0.00539	0.00268	0.00726
10	0.01066	0.00533	0.00533	0.00533	0.00666	0.00533	0.00400	0.01333	0.01200	0.02132	0.01866	0.02132	0.01466	0.00666	0.00400	0.00133	0.00267	0.00533	0.83073	0.00533
11	0.01338	0.01414	0.05303	0.20032	0.41810	0.03780	0.12539	0.01710	0.01269	0.01742	0.01058	0.01434	0.00851	0.00536	0.00615	0.00180	0.02778	0.00526	0.00275	0.00808
12	0.00705	0.00504	0.00673	0.00801	0.00840	0.00471	0.00542	0.00813	0.01113	0.01486	0.04846	0.75828	0.03808	0.01772	0.00730	0.00232	0.00336	0.03498	0.00533	0.00468
13	0.01399	0.01201	0.01276	0.01159	0.01473	0.01386	0.00906	0.02950	0.71748	0.02360	0.02362	0.02341	0.01820	0.00815	0.00592	0.00197	0.00456	0.04093	0.00579	0.00887
14	0.00697	0.00498	0.00664	0.00796	0.00830	0.00465	0.00531	0.00796	0.01095	0.01460	0.03153	0.79525	0.03783	0.01792	0.00730	0.00232	0.00332	0.01626	0.00531	0.00465
15	0.00862	0.00596	0.00698	0.00696	0.00715	0.00614	0.00425	0.02781	0.00916	0.01231	0.01915	0.12642	0.02197	0.63891	0.04947	0.00509	0.02701	0.00903	0.00371	0.00390
16	0.00817	0.00613	0.00919	0.00919	0.01021	0.00715	0.00715	0.01021	0.00919	0.01328	0.01532	0.02247	0.01430	0.04290	0.77631	0.00919	0.01532	0.00613	0.00306	0.00511
17	0.01785	0.45492	0.02379	0.01184	0.01596	0.29849	0.01029	0.05979	0.03260	0.01517	0.00898	0.01015	0.00773	0.00544	0.00438	0.00136	0.00763	0.00349	0.00290	0.00725
18	0.00817	0.00613	0.00919	0.00919	0.01021	0.00715	0.00715	0.01021	0.00919	0.01328	0.01532	0.02247	0.01430	0.04290	0.77631	0.00919	0.01532	0.00613	0.00306	0.00511
19	0.00994	0.00497	0.00745	0.00745	0.00745	0.00497	0.00497	0.00745	0.00745	0.00994	0.00994	0.01739	0.00994	0.01987	0.02235	0.83358	0.00497	0.00497	0.00248	0.00248
20	0.01271	0.01351	0.02656	0.01926	0.02434	0.01247	0.50352	0.01665	0.01279	0.01799	0.01225	0.05997	0.01028	0.00566	0.00670	0.00173	0.03933	0.00647	0.00313	0.19468
21	0.00967	0.00735	0.00946	0.01062	0.01201	0.03114	0.00916	0.01258	0.03289	0.01713	0.02945	0.08256	0.03184	0.01533	0.00774	0.00257	0.00535	0.66253	0.00521	0.00539
22	0.01988	0.04912	0.01585	0.01376	0.01680	0.62451	0.01047	0.05840	0.05470	0.01570	0.01298	0.01392	0.05672	0.00656	0.00528	0.00153	0.00920	0.00442	0.00337	0.00682
23	0.01166	0.06666	0.73387	0.01599	0.02427	0.01373	0.02059	0.01807	0.01205	0.01789	0.01015	0.01194	0.00725	0.00541	0.00535	0.00178	0.00834	0.00417	0.00242	0.00840
24	0.00740	0.00576	0.00672	0.00661	0.00815	0.00508	0.00491	0.00940	0.01435	0.01888	0.38365	0.10566	0.37602	0.01344	0.00679	0.00190	0.00284	0.01158	0.00577	0.00508
25	0.00697	0.00498	0.00664	0.00796	0.00830	0.00465	0.00531	0.00796	0.01095	0.01460	0.03153	0.79525	0.03783	0.01792	0.00730	0.00232	0.00332	0.01626	0.00531	0.00465
26	0.01210	0.07453	0.67474	0.01670	0.05939	0.01376	0.02004	0.01822	0.01218	0.03243	0.01039	0.01215	0.00747	0.00542	0.00535	0.00177	0.00816	0.00423	0.00253	0.00844
27	0.02101	0.03113	0.05130	0.01032	0.01442	0.00948	0.00882	0.03947	0.10012	0.51382	0.11737	0.02195	0.01910	0.00761	0.00582	0.00178	0.00479	0.00627	0.00645	0.00897
28	0.00734	0.00533	0.00698	0.00808	0.00865	0.00506	0.00558	0.00896	0.03200	0.01554	0.07905	0.67078	0.05748	0.01704	0.00724	0.00228	0.00339	0.04898	0.00539	0.00485
29	0.00697	0.00498	0.00664	0.00796	0.00830	0.00465	0.00531	0.00796	0.01095	0.01460	0.03153	0.79525	0.03783	0.01792	0.00730	0.00232	0.00332	0.01626	0.00531	0.00465
30	0.01186	0.01017	0.01186	0.00847	0.01356	0.00762	0.00678	0.01440	0.01186	0.01864	0.01017	0.01186	0.00847	0.00424	0.00424	0.00085	0.00424	0.00339	0.00339	0.83395
31	0.01354	0.07899	0.31864	0.02300	0.26582	0.03360	0.13104	0.01824	0.01278	0.03573	0.01072	0.01319	0.00824	0.00524	0.00558	0.00174	0.00789	0.00484	0.00275	0.00844
32	0.75025	0.07678	0.01039	0.00790	0.01153	0.03336	0.00662	0.01700	0.01006	0.02435	0.00799	0.00931	0.00632	0.00529	0.00359	0.00172	0.00472	0.00311	0.00343	0.00630
33	0.00856	0.00644	0.00822	0.00898	0.01049	0.00619	0.00752	0.01122	0.03445	0.01719	0.08785	0.07738	0.23316	0.01498	0.00743	0.00236	0.00437	0.44260	0.00537	0.00525
34	0.00750	0.00630	0.00657	0.00642	0.00838	0.00562	0.00484	0.01023	0.07056	0.01701	0.14026	0.05095	0.61801	0.01363	0.00669	0.00192	0.00300	0.01143	0.00547	0.00522
35	0.00754	0.00582	0.00687	0.00661	0.00820	0.00516	0.00496	0.00971	0.01487	0.01981	0.46698	0.04787	0.34922	0.01286	0.00675	0.00185	0.00278	0.01107	0.00589	0.00516
36	0.01186	0.01017	0.01186	0.00847	0.01356	0.00762	0.00678	0.01440	0.01186	0.01864	0.01017	0.01186	0.00847	0.00424	0.00424	0.00085	0.00424	0.00339	0.00339	0.83395
37	0.02005	0.01455	0.01575	0.01253	0.01674	0.01609	0.01020	0.50026	0.21846	0.08882	0.01694	0.01619	0.01212	0.00712	0.00575	0.00178	0.00572	0.00554	0.00585	0.00955
38	0.22017	0.01033	0.01222	0.00968	0.01386	0.00993	0.00797	0.04818	0.03586	0.54530	0.01881	0.01690	0.01220	0.00667	0.00522	0.00177	0.00480	0.00512	0.00615	0.00887
39	0.00832	0.00555	0.00624	0.00624	0.00624	0.00555	0.00347	0.00832	0.00832	0.01109	0.01802	0.03743	0.02080	0.79898	0.02911	0.00555	0.00555	0.00832	0.00347	0.00347
40	0.01147	0.02959	0.76934	0.01630	0.02476	0.01328	0.02113	0.01811	0.01208	0.01811	0.01026	0.01208	0.00725	0.00543	0.00543	0.00181	0.00845	0.00423	0.00242	0.00845
41	0.01345	0.01127	0.01232	0.01147	0.01436	0.01282	0.00914	0.04686	0.58717	0.02293	0.02439	0.02961	0.02028	0.00931	0.00623	0.00207	0.00472	0.14756	0.00571	0.00833
42	0.00806	0.00585	0.00760	0.00716	0.00852	0.00538	0.00537	0.01073	0.01611	0.02274	0.74208	0.04305	0.07230	0.01177	0.00675	0.00180	0.00270	0.01039	0.00627	0.00538
43	0.83938	0.01106	0.00841	0.00752	0.01106	0.01283	0.00619	0.01681	0.00973	0.02566	0.00796	0.00929	0.00619	0.00531	0.00354	0.00177	0.00442	0.00310	0.00354	0.00619
44	0.01251	0.01251	0.01752	0.01502	0.01502	0.01752	0.01251	0.01377	0.00876	0.01377	0.00751	0.01251	0.00751	0.01001	0.01877	0.00250	0.78851	0.00501	0.00250	0.00626
45	0.00680	0.00580	0.00585	0.00583	0.00775	0.00484	0.00437	0.00828	0.01312	0.01566	0.07740	0.05471	0.74140	0.01441	0.00676	0.00193	0.00289	0.01202	0.00534	0.00484
46	0.02464	0.00951	0.01290	0.00997	0.01424	0.00822	0.00820	0.02684	0.01626	0.72535	0.04143	0.02116	0.03897	0.00743	0.00581	0.00178	0.00475	0.00606	0.00700	0.00947
47	0.01247	0.01245	0.01751	0.03498	0.01565	0.01739	0.01260	0.01379	0.00883	0.01379	0.00758	0.01258	0.00751	0.00990	0.01843	0.00249	0.76827	0.00501	0.00250	0.00626
48	0.00697	0.00498	0.00664	0.00796	0.00830	0.00465	0.00531	0.00796	0.01095	0.01460	0.03153	0.79525	0.03783	0.01792	0.00730	0.00232	0.00332	0.01626	0.00531	0.00465
49	0.02137	0.02726	0.01621	0.01474	0.01768	0.77602	0.01105	0.02284	0.01621	0.01400	0.00884	0.01031	0.00737	0.00589	0.00516	0.00147	0.01031	0.00368	0.00295	0.00663
50	0.00697	0.00498	0.00664	0.00796	0.00830	0.00465	0.00531	0.00796	0.01095	0.01460	0.03153	0.79525	0.03783	0.01792	0.00730	0.00232	0.00332	0.01626	0.00531	0.00465
51	0.04434	0.01047	0.01727	0.69644	0.09380	0.01278	0.01562	0.01493	0.01149	0.01537	0.01012	0.01493	0.00768	0.00565	0.00563	0.00188	0.00743	0.00500	0.00260	0.00656
52	0.01445	0.63276	0.19229	0.01122	0.01689	0.02058	0.01228	0.01734	0.01172	0.01448	0.00846	0.00981	0.00732	0.00501	0.00406	0.00135	0.00663	0.00331	0.00244	0.00758
53	0.01168	0.07090	0.72982	0.01595	0.02422	0.01378	0.02053	0.01806	0.01205	0.01787	0.01014	0.01192	0.00725	0.00541	0.00534	0.00178	0.00833	0.00416	0.00242	0.00839
54	0.01251	0.01251	0.01752	0.01502	0.01502	0.01752	0.01251	0.01377	0.00876	0.01377	0.00751	0.01251	0.00751	0.01001	0.01877	0.00250	0.78851	0.00501	0.00250	0.00626
55	0.00751	0.00582	0.00824	0.00871	0.00944	0.00555	0.04425	0.00870	0.01106	0.01465	0.03142	0.62704	0.09773	0.06093	0.00874	0.00245	0.02328	0.01466	0.00501	0.00480
56	0.01217	0.01047	0.01263	0.00904	0.01413	0.00809	0.02794	0.03368	0.01230	0.01909	0.01030	0.01201	0.00851	0.00432	0.00435	0.00090	0.00444	0.00353	0.00344	0.78866
57	0.00818	0.00610	0.00903	0.00903	0.01000	0.00706	0.00695	0.01011	0.00915	0.01316	0.01547	0.02328	0.01465	0.08366	0.73603	0.00900	0.01479	0.00625	0.00309	0.00502
