[name]
unknown

[dist]
# distance from previous block
# <min> <max>
27	93

[block]
# block no. 0 follows, 45 sequences, length 10
# corresponding to MSA columns:
# 217-226
name=unknown_A
#
# <colnr> <probs for GDERKNQSTAVLIFYWHMCP>
#	G	D	E	R	K	N	Q	S	T	A	V	L	I	F	Y	W	H	M	C	P
0	0.05921	0.19912	0.04878	0.06180	0.01480	0.04026	0.04444	0.07155	0.01310	0.12230	0.07402	0.11944	0.07317	0.00785	0.00513	0.00160	0.00514	0.00648	0.00407	0.02772
1	0.08536	0.15892	0.19848	0.03646	0.01684	0.08632	0.01127	0.07578	0.07677	0.08240	0.01118	0.01198	0.00844	0.00532	0.00457	0.00146	0.00610	0.00392	0.00341	0.11502
2	0.16492	0.20266	0.05749	0.01034	0.01427	0.13435	0.00912	0.06299	0.03407	0.19573	0.01165	0.01194	0.00861	0.00566	0.00490	0.00151	0.03621	0.00390	0.00385	0.02582
3	0.31358	0.12914	0.11215	0.02991	0.01424	0.01301	0.00904	0.10589	0.04173	0.08797	0.01356	0.01404	0.06169	0.00594	0.00436	0.00158	0.00509	0.00426	0.00375	0.02909
4	0.15219	0.08076	0.08953	0.01025	0.01391	0.04187	0.00905	0.22685	0.05562	0.08342	0.06782	0.11642	0.01510	0.00759	0.00509	0.00167	0.00516	0.00601	0.00446	0.00724
5	0.01736	0.00975	0.01305	0.01003	0.01411	0.00865	0.06004	0.04910	0.08107	0.36786	0.01865	0.04790	0.04133	0.00649	0.00518	0.00148	0.00462	0.00551	0.00516	0.23266
6	0.12121	0.11558	0.44620	0.01271	0.01883	0.06744	0.01465	0.01817	0.01177	0.11128	0.01043	0.01142	0.00749	0.00525	0.00470	0.00160	0.00690	0.00384	0.00298	0.00757
7	0.01303	0.01241	0.02174	0.17329	0.13857	0.01298	0.28096	0.14197	0.01399	0.01894	0.01227	0.08085	0.01044	0.00628	0.00630	0.00179	0.03748	0.00623	0.00327	0.00721
8	0.00942	0.00647	0.00717	0.00669	0.00724	0.00667	0.00415	0.10444	0.01005	0.01342	0.01640	0.03227	0.01818	0.70794	0.02450	0.00474	0.00529	0.00742	0.00352	0.00401
9	0.01205	0.00752	0.00913	0.00861	0.01027	0.00751	0.00630	0.16736	0.01386	0.12597	0.02356	0.44816	0.02516	0.09766	0.00851	0.00231	0.00413	0.01090	0.00511	0.00591

[dist]
# distance from previous block
# <min> <max>
0	1

[block]
# block no. 1 follows, 45 sequences, length 15
# corresponding to MSA columns:
# 228-242
name=unknown_B
#
# <colnr> <probs for GDERKNQSTAVLIFYWHMCP>
#	G	D	E	R	K	N	Q	S	T	A	V	L	I	F	Y	W	H	M	C	P
0	0.07079	0.04070	0.29151	0.10046	0.04472	0.02511	0.14626	0.04398	0.09571	0.07180	0.01189	0.01349	0.00866	0.00540	0.00525	0.00171	0.00699	0.00475	0.00322	0.00760
1	0.05029	0.03795	0.01476	0.03191	0.01612	0.47350	0.00982	0.20020	0.01684	0.01866	0.01107	0.07312	0.00966	0.00659	0.00505	0.00152	0.00788	0.00472	0.00358	0.00678
2	0.06022	0.02309	0.01501	0.01326	0.01630	0.62355	0.01012	0.14403	0.01659	0.01711	0.00902	0.01017	0.00723	0.00566	0.00485	0.00143	0.00879	0.00366	0.00323	0.00669
3	0.02039	0.01454	0.01574	0.01212	0.01636	0.01597	0.01000	0.68753	0.05073	0.08104	0.01373	0.01348	0.00965	0.00649	0.00537	0.00162	0.00576	0.00491	0.00545	0.00911
4	0.00635	0.00540	0.00547	0.00553	0.00728	0.00452	0.00412	0.00769	0.01214	0.01446	0.05323	0.08669	0.74140	0.01374	0.00637	0.00183	0.00274	0.01151	0.00498	0.00452
5	0.04729	0.01087	0.01302	0.01032	0.01427	0.01090	0.00843	0.18051	0.16098	0.45559	0.01913	0.01717	0.01277	0.00667	0.00534	0.00168	0.00478	0.00533	0.00605	0.00891
6	0.01481	0.77639	0.02739	0.00920	0.01377	0.02061	0.00912	0.01655	0.01112	0.04909	0.00811	0.00907	0.00719	0.00469	0.00354	0.00117	0.00568	0.00299	0.00250	0.00700
7	0.00777	0.00537	0.00667	0.00667	0.00696	0.00565	0.00428	0.00833	0.00805	0.01102	0.01616	0.03097	0.01771	0.58325	0.25295	0.00622	0.00792	0.00720	0.00314	0.00371
8	0.00857	0.00627	0.00840	0.00945	0.01063	0.00635	0.00785	0.01170	0.07119	0.01606	0.02816	0.21785	0.03075	0.01466	0.00714	0.00236	0.00450	0.52803	0.00499	0.00510
9	0.01014	0.00954	0.01610	0.79845	0.03697	0.01193	0.01491	0.01371	0.01073	0.01371	0.00954	0.01431	0.00716	0.00537	0.00537	0.00179	0.00716	0.00477	0.00239	0.00596
10	0.00777	0.00534	0.00653	0.00653	0.00676	0.00557	0.00409	0.00824	0.00801	0.01091	0.01630	0.03171	0.01803	0.62373	0.21291	0.00604	0.00744	0.00731	0.00316	0.00363
11	0.01162	0.01111	0.01921	0.29735	0.41126	0.01186	0.06226	0.01485	0.01158	0.01588	0.01148	0.07604	0.01013	0.00591	0.00552	0.00172	0.00656	0.00570	0.00275	0.00721
12	0.06581	0.07491	0.01801	0.36917	0.21728	0.06268	0.02773	0.03695	0.04729	0.01626	0.01000	0.01319	0.00788	0.00525	0.00506	0.00165	0.00668	0.00451	0.00277	0.00692
13	0.40395	0.03437	0.01176	0.09530	0.07452	0.06077	0.00821	0.02981	0.01085	0.02015	0.02339	0.01095	0.00766	0.00496	0.00404	0.00145	0.00501	0.00352	0.00316	0.18618
14	0.21550	0.07686	0.10942	0.02369	0.01458	0.06325	0.02290	0.10544	0.08053	0.05496	0.05139	0.01612	0.02936	0.00763	0.03612	0.00188	0.00580	0.02814	0.00383	0.05260

[dist]
# distance from previous block
# <min> <max>
1	18

[block]
# block no. 2 follows, 45 sequences, length 11
# corresponding to MSA columns:
# 261-271
name=unknown_C
#
# <colnr> <probs for GDERKNQSTAVLIFYWHMCP>
#	G	D	E	R	K	N	Q	S	T	A	V	L	I	F	Y	W	H	M	C	P
0	0.41034	0.07281	0.03657	0.00897	0.01291	0.01237	0.00775	0.13463	0.01351	0.22575	0.01203	0.01198	0.00843	0.00563	0.00426	0.00162	0.00478	0.00390	0.00441	0.00736
1	0.01092	0.02345	0.58159	0.01664	0.06713	0.01206	0.11451	0.01647	0.01185	0.01740	0.06834	0.01406	0.01043	0.00546	0.00537	0.00171	0.00757	0.00476	0.00263	0.00766
2	0.00654	0.00467	0.00623	0.00747	0.00779	0.00436	0.00498	0.00747	0.01028	0.01370	0.02959	0.80785	0.03550	0.01682	0.00685	0.00218	0.00311	0.01526	0.00498	0.00436
3	0.01267	0.01448	0.03167	0.02262	0.02805	0.01357	0.75837	0.01719	0.01267	0.01719	0.01086	0.01448	0.00814	0.00452	0.00633	0.00181	0.00905	0.00633	0.00271	0.00724
4	0.01335	0.01153	0.01214	0.01092	0.01396	0.01335	0.00850	0.02852	0.76817	0.02245	0.02185	0.02003	0.01639	0.00728	0.00546	0.00182	0.00425	0.00607	0.00546	0.00850
5	0.07939	0.00922	0.01215	0.00938	0.01348	0.00817	0.00775	0.02546	0.01495	0.73081	0.02026	0.01763	0.01279	0.00653	0.00526	0.00166	0.00454	0.00523	0.00642	0.00891
6	0.00771	0.00587	0.00714	0.00688	0.00831	0.00554	0.00513	0.01085	0.07179	0.01961	0.51790	0.10280	0.18701	0.01167	0.00631	0.00176	0.00275	0.01019	0.00562	0.00517
7	0.00760	0.00549	0.00718	0.00675	0.00802	0.00506	0.00506	0.01013	0.01519	0.02153	0.77503	0.04010	0.05065	0.01097	0.00633	0.00169	0.00253	0.00971	0.00591	0.00506
8	0.01686	0.01320	0.01526	0.16763	0.02009	0.01501	0.01077	0.45530	0.18180	0.02741	0.01415	0.01470	0.01030	0.00641	0.00539	0.00169	0.00580	0.00509	0.00480	0.00837
9	0.00768	0.00569	0.00831	0.00831	0.00916	0.00654	0.00631	0.00938	0.00853	0.01223	0.01467	0.02269	0.01412	0.12837	0.70292	0.00824	0.01333	0.00599	0.00292	0.00462
10	0.01185	0.01309	0.12115	0.39747	0.29073	0.01213	0.01584	0.01559	0.01151	0.04528	0.01020	0.01371	0.00781	0.00518	0.00531	0.00170	0.00689	0.00469	0.00263	0.00723

[dist]
# distance from previous block
# <min> <max>
0	2

[block]
# block no. 3 follows, 45 sequences, length 8
# corresponding to MSA columns:
# 274-281
name=unknown_D
#
# <colnr> <probs for GDERKNQSTAVLIFYWHMCP>
#	G	D	E	R	K	N	Q	S	T	A	V	L	I	F	Y	W	H	M	C	P
0	0.01265	0.01185	0.01999	0.02978	0.67264	0.01185	0.01540	0.01574	0.01224	0.01733	0.01261	0.01977	0.01158	0.00616	0.00560	0.00171	0.00618	0.10592	0.00297	0.00801
1	0.01296	0.01173	0.01865	0.34751	0.36620	0.01294	0.01496	0.11737	0.01339	0.01819	0.01025	0.01366	0.00803	0.00525	0.00534	0.00168	0.00664	0.00478	0.00292	0.00754
2	0.00917	0.00765	0.00705	0.00702	0.00740	0.10175	0.00433	0.00945	0.00900	0.01112	0.01729	0.11975	0.01978	0.62186	0.02223	0.00439	0.00552	0.00812	0.00339	0.00374
3	0.01083	0.00913	0.01083	0.00819	0.01252	0.00704	0.00664	0.01322	0.01128	0.01732	0.01187	0.01722	0.01078	0.00531	0.00440	0.00100	0.00409	0.09415	0.00340	0.74079
4	0.00932	0.00466	0.00699	0.00699	0.00699	0.00466	0.00466	0.00699	0.00699	0.00932	0.00932	0.01632	0.00932	0.01865	0.02098	0.84382	0.00466	0.00466	0.00233	0.00233
5	0.01652	0.01223	0.01316	0.01059	0.01384	0.01333	0.00841	0.52490	0.05492	0.02753	0.01806	0.05866	0.07470	0.11805	0.00854	0.00216	0.00534	0.00634	0.00503	0.00768
6	0.00651	0.00481	0.00609	0.00711	0.00769	0.00439	0.00482	0.00752	0.01063	0.01384	0.03399	0.67343	0.16708	0.01624	0.00676	0.00211	0.00304	0.01456	0.00498	0.00439
7	0.00676	0.00487	0.00606	0.00691	0.00735	0.00454	0.00454	0.00757	0.01004	0.01317	0.03018	0.56658	0.12295	0.16942	0.01073	0.00272	0.00347	0.01334	0.00465	0.00417

[dist]
# distance from previous block
# <min> <max>
0	2

[block]
# block no. 4 follows, 45 sequences, length 49
# corresponding to MSA columns:
# 284-332
name=unknown_E
#
# <colnr> <probs for GDERKNQSTAVLIFYWHMCP>
#	G	D	E	R	K	N	Q	S	T	A	V	L	I	F	Y	W	H	M	C	P
0	0.01389	0.03050	0.02150	0.09060	0.05764	0.18266	0.27304	0.03236	0.01218	0.01521	0.00942	0.01281	0.00773	0.00687	0.02611	0.01694	0.16090	0.00498	0.00268	0.02200
1	0.01113	0.00954	0.01113	0.00795	0.01272	0.00716	0.00636	0.01352	0.01113	0.01749	0.00954	0.01113	0.00795	0.00398	0.00398	0.00080	0.00398	0.00318	0.00318	0.84417
2	0.00830	0.00621	0.00870	0.00775	0.00835	0.00610	0.08624	0.00883	0.00842	0.01126	0.01665	0.05718	0.01877	0.69774	0.02437	0.00474	0.00556	0.00788	0.00325	0.00373
3	0.00670	0.00479	0.00634	0.00735	0.00777	0.00447	0.00495	0.00782	0.01085	0.01462	0.12413	0.69303	0.03707	0.03371	0.00724	0.00218	0.00309	0.01439	0.00506	0.00443
4	0.01224	0.01407	0.05203	0.09857	0.04200	0.03042	0.54313	0.01624	0.01204	0.01630	0.01097	0.04176	0.00885	0.00547	0.00705	0.00185	0.07116	0.00619	0.00272	0.00693
5	0.00746	0.00548	0.00698	0.00661	0.00793	0.00501	0.00496	0.00986	0.01487	0.02075	0.69589	0.04137	0.13028	0.01126	0.00633	0.00170	0.00255	0.00989	0.00581	0.00501
6	0.01435	0.81458	0.02813	0.00918	0.01378	0.02124	0.00918	0.01607	0.01091	0.01263	0.00746	0.00861	0.00689	0.00459	0.00344	0.00115	0.00574	0.00287	0.00230	0.00689
7	0.00654	0.00467	0.00623	0.00747	0.00779	0.00436	0.00498	0.00747	0.01028	0.01370	0.02959	0.80785	0.03550	0.01682	0.00685	0.00218	0.00311	0.01526	0.00498	0.00436
8	0.00756	0.00549	0.00712	0.00671	0.00799	0.00505	0.00503	0.01005	0.01510	0.02130	0.75198	0.04047	0.07384	0.01106	0.00633	0.00169	0.00254	0.00976	0.00588	0.00505
9	0.02081	0.01439	0.01571	0.01204	0.01632	0.01568	0.00995	0.67938	0.02415	0.11595	0.01380	0.01348	0.00959	0.00647	0.00537	0.00162	0.00576	0.00489	0.00551	0.00913
10	0.01453	0.01127	0.01217	0.01077	0.01393	0.01275	0.00843	0.02826	0.68549	0.10583	0.02177	0.01983	0.01605	0.00721	0.00545	0.00180	0.00428	0.00600	0.00559	0.00857
11	0.00668	0.00545	0.00591	0.00579	0.00746	0.00468	0.00434	0.00836	0.01303	0.01639	0.24838	0.04855	0.58050	0.01289	0.00634	0.00178	0.00267	0.01089	0.00523	0.00468
12	0.01174	0.01174	0.01644	0.01409	0.01409	0.01644	0.01174	0.01292	0.00822	0.01292	0.00705	0.01174	0.00705	0.00940	0.01762	0.00235	0.80153	0.00470	0.00235	0.00587
13	0.00634	0.00544	0.00544	0.00544	0.00725	0.00453	0.00408	0.00770	0.01224	0.01450	0.05438	0.05166	0.77569	0.01359	0.00634	0.00181	0.00272	0.01133	0.00498	0.00453
14	0.02408	0.00914	0.01246	0.00955	0.01370	0.00789	0.00789	0.02616	0.01536	0.78158	0.02118	0.01827	0.01329	0.00664	0.00540	0.00166	0.00457	0.00540	0.00664	0.00914
15	0.01435	0.81458	0.02813	0.00918	0.01378	0.02124	0.00918	0.01607	0.01091	0.01263	0.00746	0.00861	0.00689	0.00459	0.00344	0.00115	0.00574	0.00287	0.00230	0.00689
16	0.01300	0.01372	0.07735	0.05616	0.68075	0.01272	0.01649	0.01670	0.02940	0.01749	0.01031	0.01333	0.00851	0.00488	0.00530	0.00161	0.00647	0.00475	0.00268	0.00838
17	0.01102	0.05641	0.70699	0.01554	0.02319	0.01287	0.06681	0.01698	0.01140	0.01685	0.00963	0.01143	0.00689	0.00504	0.00512	0.00169	0.00792	0.00408	0.00230	0.00785
18	0.00767	0.00575	0.00863	0.00863	0.00959	0.00671	0.00671	0.00959	0.00863	0.01246	0.01438	0.02109	0.01342	0.04026	0.79008	0.00863	0.01438	0.00575	0.00288	0.00479
19	0.00781	0.00520	0.00585	0.00585	0.00585	0.00520	0.00325	0.00781	0.00781	0.01041	0.01691	0.03513	0.01952	0.81135	0.02732	0.00520	0.00520	0.00781	0.00325	0.00325
20	0.01459	0.18961	0.18015	0.09806	0.03748	0.01310	0.01165	0.04845	0.10348	0.16959	0.01453	0.07213	0.01155	0.00650	0.00502	0.00162	0.00578	0.00524	0.00388	0.00760
21	0.01609	0.01051	0.01287	0.09115	0.06037	0.02670	0.00920	0.02409	0.34530	0.25904	0.03525	0.03945	0.03137	0.00716	0.00548	0.00175	0.00478	0.00602	0.00529	0.00814
22	0.00654	0.00467	0.00623	0.00747	0.00779	0.00436	0.00498	0.00747	0.01028	0.01370	0.02959	0.80785	0.03550	0.01682	0.00685	0.00218	0.00311	0.01526	0.00498	0.00436
23	0.01267	0.01448	0.03167	0.02262	0.02805	0.01357	0.75837	0.01719	0.01267	0.01719	0.01086	0.01448	0.00814	0.00452	0.00633	0.00181	0.00905	0.00633	0.00271	0.00724
24	0.01355	0.01470	0.05005	0.09831	0.47957	0.09814	0.13403	0.01690	0.01245	0.01663	0.00995	0.01310	0.00809	0.00489	0.00542	0.00163	0.00729	0.00485	0.00264	0.00780
25	0.08153	0.04439	0.62079	0.01382	0.02084	0.01213	0.01712	0.01750	0.01155	0.08099	0.02526	0.01218	0.00811	0.00532	0.00496	0.00168	0.00718	0.00408	0.00279	0.00777
26	0.00654	0.00467	0.00623	0.00747	0.00779	0.00436	0.00498	0.00747	0.01028	0.01370	0.02959	0.80785	0.03550	0.01682	0.00685	0.00218	0.00311	0.01526	0.00498	0.00436
27	0.03694	0.11260	0.62870	0.01434	0.02156	0.01327	0.03599	0.01722	0.01141	0.04649	0.00981	0.01130	0.00707	0.00509	0.00491	0.00164	0.00748	0.00393	0.00248	0.00778
28	0.03460	0.09483	0.01432	0.05083	0.01482	0.01105	0.02712	0.16045	0.02912	0.10354	0.01267	0.04318	0.01033	0.02259	0.05545	0.00184	0.00556	0.00463	0.00394	0.29913
29	0.00767	0.00575	0.00863	0.00863	0.00959	0.00671	0.00671	0.00959	0.00863	0.01246	0.01438	0.02109	0.01342	0.04026	0.79008	0.00863	0.01438	0.00575	0.00288	0.00479
30	0.01435	0.81458	0.02813	0.00918	0.01378	0.02124	0.00918	0.01607	0.01091	0.01263	0.00746	0.00861	0.00689	0.00459	0.00344	0.00115	0.00574	0.00287	0.00230	0.00689
31	0.01320	0.00705	0.00777	0.02245	0.00933	0.00713	0.00543	0.11856	0.01377	0.12196	0.01835	0.01967	0.03690	0.00655	0.00431	0.00138	0.00335	0.00523	0.57149	0.00613
32	0.00737	0.00548	0.00686	0.00651	0.00788	0.00497	0.00488	0.00969	0.01465	0.02024	0.64361	0.04221	0.18287	0.01145	0.00633	0.00171	0.00257	0.01000	0.00574	0.00497
33	0.00654	0.00467	0.00623	0.00747	0.00779	0.00436	0.00498	0.00747	0.01028	0.01370	0.02959	0.80785	0.03550	0.01682	0.00685	0.00218	0.00311	0.01526	0.00498	0.00436
34	0.00768	0.00572	0.00845	0.00845	0.00935	0.00661	0.00649	0.00947	0.00857	0.01233	0.01454	0.02198	0.01381	0.08913	0.74174	0.00841	0.01380	0.00588	0.00290	0.00470
35	0.01077	0.02777	0.78354	0.01530	0.02323	0.01247	0.01983	0.01700	0.01133	0.01700	0.00963	0.01133	0.00680	0.00510	0.00510	0.00170	0.00793	0.00397	0.00227	0.00793
36	0.00865	0.00618	0.00865	0.00989	0.01112	0.00618	0.00865	0.01112	0.01236	0.01606	0.02842	0.06055	0.03089	0.01483	0.00741	0.00247	0.00494	0.74174	0.00494	0.00494
37	0.00760	0.00549	0.00718	0.00675	0.00802	0.00506	0.00506	0.01013	0.01519	0.02153	0.77503	0.04010	0.05065	0.01097	0.00633	0.00169	0.00253	0.00971	0.00591	0.00506
38	0.02029	0.00952	0.01202	0.00976	0.01346	0.00910	0.00793	0.02566	0.20488	0.54043	0.02273	0.02115	0.04126	0.00729	0.00551	0.00173	0.00443	0.02791	0.00624	0.00869
39	0.01935	0.01643	0.10039	0.01267	0.01737	0.01619	0.01126	0.67837	0.02371	0.03198	0.01253	0.01272	0.00887	0.00630	0.00534	0.00162	0.00613	0.00474	0.00503	0.00900
40	0.01087	0.01029	0.01743	0.61942	0.21024	0.01212	0.01527	0.01436	0.01108	0.01461	0.00967	0.01407	0.00747	0.00523	0.00535	0.00174	0.00697	0.00477	0.00245	0.00656
41	0.10346	0.15927	0.57026	0.01336	0.02022	0.01391	0.01649	0.01671	0.01102	0.01704	0.00903	0.01058	0.00671	0.00500	0.00462	0.00160	0.00715	0.00366	0.00239	0.00752
42	0.01793	0.01609	0.01545	0.01434	0.09936	0.18250	0.01036	0.39712	0.09369	0.02517	0.01520	0.01549	0.05974	0.00662	0.00532	0.00159	0.00640	0.00508	0.00449	0.00807
43	0.00802	0.00697	0.00722	0.00817	0.00875	0.09062	0.00557	0.00901	0.01082	0.01364	0.02725	0.72019	0.03236	0.01558	0.00663	0.00209	0.00384	0.01396	0.00474	0.00456
44	0.01236	0.08397	0.51906	0.01369	0.01968	0.13616	0.01586	0.01654	0.01144	0.01521	0.00922	0.01141	0.00710	0.00662	0.00668	0.09410	0.00769	0.00388	0.00236	0.00697
45	0.03539	0.02117	0.01629	0.01656	0.13835	0.50972	0.01129	0.12233	0.01570	0.01692	0.00915	0.01077	0.00746	0.00569	0.00550	0.00150	0.04223	0.00390	0.00310	0.00697
46	0.10254	0.00988	0.01561	0.56416	0.04683	0.01150	0.05643	0.01411	0.01079	0.01550	0.01001	0.01492	0.00791	0.00546	0.00516	0.00172	0.00661	0.02811	0.00266	0.07010
47	0.01085	0.01034	0.01765	0.56366	0.21159	0.01194	0.04093	0.01430	0.01120	0.01477	0.01118	0.01529	0.03262	0.00547	0.00542	0.00174	0.00689	0.00504	0.00255	0.00656
48	0.20866	0.09946	0.01478	0.01247	0.06605	0.35316	0.00924	0.08456	0.01372	0.01778	0.01041	0.01179	0.03436	0.00693	0.03399	0.00175	0.00737	0.00385	0.00315	0.00650

[dist]
# distance from previous block
# <min> <max>
2	7

[block]
# block no. 5 follows, 45 sequences, length 7
# corresponding to MSA columns:
# 340-346
name=unknown_F
#
# <colnr> <probs for GDERKNQSTAVLIFYWHMCP>
#	G	D	E	R	K	N	Q	S	T	A	V	L	I	F	Y	W	H	M	C	P
0	0.01751	0.03063	0.01425	0.01371	0.14865	0.01050	0.00930	0.18337	0.01613	0.28466	0.09023	0.03680	0.01551	0.04542	0.00642	0.00176	0.00498	0.00573	0.00506	0.05939
1	0.01480	0.01180	0.06126	0.11356	0.13218	0.01148	0.01088	0.13553	0.16716	0.14914	0.02003	0.02078	0.09677	0.00716	0.00552	0.00173	0.00532	0.02248	0.00457	0.00783
2	0.04144	0.01190	0.02034	0.11461	0.50558	0.01218	0.09596	0.01605	0.03950	0.01722	0.01178	0.06757	0.01034	0.00574	0.00547	0.00169	0.00638	0.00564	0.00292	0.00770
3	0.10318	0.01202	0.07731	0.25990	0.29596	0.01176	0.01368	0.04927	0.01177	0.01742	0.01164	0.09084	0.01034	0.00627	0.00525	0.00173	0.00615	0.00554	0.00297	0.00701
4	0.00882	0.05626	0.01027	0.01081	0.09337	0.00747	0.00712	0.01171	0.08534	0.01575	0.07498	0.46439	0.02844	0.01273	0.00620	0.00194	0.00385	0.05252	0.00459	0.04342
5	0.01454	0.01409	0.01941	0.07224	0.51555	0.09808	0.01447	0.09072	0.07385	0.01882	0.01108	0.01345	0.00894	0.00526	0.00528	0.00160	0.00657	0.00474	0.00314	0.00816
6	0.19490	0.01398	0.01470	0.01339	0.09758	0.04956	0.00983	0.44168	0.04522	0.05110	0.01179	0.01231	0.00863	0.00595	0.00491	0.00162	0.00566	0.00442	0.00457	0.00821

[dist]
# distance from previous block
# <min> <max>
2	4

[block]
# block no. 6 follows, 45 sequences, length 72
# corresponding to MSA columns:
# 351-422
name=unknown_G
#
# <colnr> <probs for GDERKNQSTAVLIFYWHMCP>
#	G	D	E	R	K	N	Q	S	T	A	V	L	I	F	Y	W	H	M	C	P
0	0.03573	0.01021	0.01693	0.59975	0.18687	0.01200	0.01479	0.01464	0.01110	0.03351	0.00988	0.01403	0.00754	0.00527	0.00530	0.00174	0.00685	0.00473	0.00257	0.00655
1	0.73220	0.01104	0.00905	0.00781	0.01127	0.01269	0.00643	0.12089	0.01141	0.02546	0.00824	0.00931	0.00628	0.00519	0.00361	0.00165	0.00440	0.00318	0.00361	0.00628
2	0.00777	0.00519	0.00587	0.00590	0.00591	0.00518	0.00330	0.00780	0.00788	0.01050	0.01728	0.05724	0.01997	0.78861	0.02674	0.00512	0.00514	0.00802	0.00330	0.00328
3	0.02018	0.02184	0.01553	0.01330	0.01661	0.51548	0.01031	0.28347	0.01877	0.02048	0.00993	0.01082	0.00770	0.00586	0.00503	0.00146	0.00834	0.00395	0.00369	0.00725
4	0.00648	0.00542	0.00548	0.00548	0.00712	0.00459	0.00400	0.00771	0.01183	0.01413	0.05099	0.05016	0.70722	0.08583	0.00824	0.00212	0.00294	0.01101	0.00483	0.00442
5	0.00658	0.00495	0.00610	0.00686	0.00766	0.00447	0.00475	0.00778	0.01125	0.01463	0.10374	0.53539	0.23551	0.01542	0.00667	0.00204	0.00296	0.01370	0.00507	0.00447
6	0.84927	0.01038	0.00789	0.00706	0.01038	0.01204	0.00581	0.01578	0.00914	0.02408	0.00747	0.00872	0.00581	0.00498	0.00332	0.00166	0.00415	0.00291	0.00332	0.00581
7	0.01007	0.00549	0.00615	0.00588	0.00671	0.00538	0.00385	0.01115	0.00973	0.08368	0.01751	0.02818	0.01689	0.44991	0.01689	0.00347	0.00418	0.00658	0.30389	0.00441
8	0.00634	0.00544	0.00544	0.00544	0.00725	0.00453	0.00408	0.00770	0.01224	0.01450	0.05438	0.05166	0.77569	0.01359	0.00634	0.00181	0.00272	0.01133	0.00498	0.00453
9	0.01267	0.01448	0.03167	0.02262	0.02805	0.01357	0.75837	0.01719	0.01267	0.01719	0.01086	0.01448	0.00814	0.00452	0.00633	0.00181	0.00905	0.00633	0.00271	0.00724
10	0.01065	0.01006	0.01702	0.67479	0.15665	0.01206	0.01516	0.01416	0.01097	0.01433	0.00963	0.01415	0.00737	0.00527	0.00536	0.00176	0.00703	0.00477	0.00243	0.00637
11	0.01211	0.01359	0.02937	0.02125	0.02622	0.01274	0.69015	0.01631	0.01245	0.01688	0.01256	0.08632	0.01062	0.00564	0.00638	0.00184	0.00851	0.00714	0.00292	0.00698
12	0.00865	0.00618	0.00865	0.00989	0.01112	0.00618	0.00865	0.01112	0.01236	0.01606	0.02842	0.06055	0.03089	0.01483	0.00741	0.00247	0.00494	0.74174	0.00494	0.00494
13	0.02399	0.00928	0.01255	0.00962	0.01378	0.00811	0.00795	0.04441	0.01561	0.76299	0.02097	0.01814	0.01318	0.00664	0.00540	0.00166	0.00460	0.00538	0.00661	0.00914
14	0.01083	0.01064	0.01834	0.60817	0.04994	0.02897	0.12640	0.01428	0.01100	0.01418	0.00965	0.01419	0.00738	0.00566	0.00620	0.02184	0.02877	0.00497	0.00245	0.00613
15	0.00732	0.00545	0.00622	0.00609	0.00741	0.00486	0.00437	0.00881	0.01238	0.03070	0.26814	0.08336	0.37688	0.14285	0.00977	0.00234	0.00312	0.01034	0.00502	0.00457
16	0.00654	0.00467	0.00623	0.00747	0.00779	0.00436	0.00498	0.00747	0.01028	0.01370	0.02959	0.80785	0.03550	0.01682	0.00685	0.00218	0.00311	0.01526	0.00498	0.00436
17	0.01644	0.01166	0.01326	0.01162	0.03262	0.01270	0.00924	0.28333	0.27638	0.11980	0.01935	0.02345	0.01552	0.00803	0.00572	0.00182	0.00503	0.12035	0.00543	0.00824
18	0.00654	0.00467	0.00623	0.00747	0.00779	0.00436	0.00498	0.00747	0.01028	0.01370	0.02959	0.80785	0.03550	0.01682	0.00685	0.00218	0.00311	0.01526	0.00498	0.00436
19	0.01441	0.78293	0.02764	0.00937	0.01384	0.03610	0.00926	0.01611	0.01094	0.01264	0.00747	0.00870	0.00689	0.00471	0.00376	0.00118	0.02197	0.00292	0.00231	0.00686
20	0.00779	0.00527	0.00621	0.00621	0.00633	0.00540	0.00369	0.00803	0.00791	0.01067	0.01659	0.03333	0.01874	0.71275	0.12486	0.00564	0.00638	0.00754	0.00320	0.00345
21	0.01267	0.01448	0.03167	0.02262	0.02805	0.01357	0.75837	0.01719	0.01267	0.01719	0.01086	0.01448	0.00814	0.00452	0.00633	0.00181	0.00905	0.00633	0.00271	0.00724
22	0.00654	0.00467	0.00623	0.00747	0.00779	0.00436	0.00498	0.00747	0.01028	0.01370	0.02959	0.80785	0.03550	0.01682	0.00685	0.00218	0.00311	0.01526	0.00498	0.00436
23	0.01403	0.74334	0.09653	0.00974	0.01463	0.02045	0.01015	0.01616	0.01095	0.01302	0.00766	0.00886	0.00688	0.00464	0.00359	0.00120	0.00594	0.00297	0.00229	0.00698
24	0.01001	0.00500	0.00500	0.00500	0.00625	0.00500	0.00375	0.01251	0.01126	0.02001	0.01751	0.02001	0.01376	0.00625	0.00375	0.00125	0.00250	0.00500	0.84115	0.00500
25	0.00679	0.00485	0.00651	0.00776	0.00818	0.00457	0.00541	0.00790	0.01052	0.01398	0.02945	0.72009	0.03496	0.01658	0.00692	0.00221	0.00333	0.10057	0.00498	0.00443
26	0.01527	0.68781	0.02605	0.00993	0.01423	0.14473	0.00938	0.01693	0.01160	0.01271	0.00760	0.00878	0.00689	0.00474	0.00367	0.00119	0.00637	0.00296	0.00237	0.00678
27	0.00767	0.00575	0.00863	0.00863	0.00959	0.00671	0.00671	0.00959	0.00863	0.01246	0.01438	0.02109	0.01342	0.04026	0.79008	0.00863	0.01438	0.00575	0.00288	0.00479
28	0.11925	0.04720	0.28559	0.01760	0.03613	0.03256	0.35116	0.01700	0.01175	0.01775	0.00981	0.01232	0.00732	0.00481	0.00537	0.00172	0.00789	0.00486	0.00262	0.00728
29	0.16859	0.07408	0.01465	0.01219	0.08317	0.06194	0.00910	0.19106	0.07610	0.22230	0.01378	0.01359	0.00981	0.00591	0.00481	0.00158	0.00534	0.00446	0.00466	0.02287
30	0.01303	0.25932	0.41295	0.01453	0.06788	0.01532	0.04199	0.06788	0.01236	0.03439	0.00955	0.01102	0.00729	0.00504	0.00469	0.00153	0.00701	0.00387	0.00263	0.00774
31	0.01829	0.02224	0.01692	0.01881	0.21480	0.58749	0.01196	0.02014	0.01443	0.01428	0.00877	0.01062	0.00733	0.00534	0.00496	0.00144	0.00882	0.00380	0.00274	0.00682
32	0.00928	0.00468	0.00696	0.00696	0.00696	0.00468	0.00462	0.00702	0.00702	0.00936	0.00956	0.01689	0.00964	0.04295	0.02117	0.81812	0.00468	0.00476	0.00236	0.00236
33	0.00867	0.00720	0.01230	0.01072	0.01250	0.00760	0.14433	0.01104	0.00980	0.01412	0.01608	0.07761	0.03265	0.02842	0.50250	0.00611	0.01128	0.00662	0.07522	0.00522
34	0.01199	0.01215	0.01641	0.01409	0.01417	0.03912	0.01170	0.01317	0.00843	0.01292	0.00708	0.01168	0.00704	0.00928	0.01724	0.00232	0.77830	0.00466	0.00236	0.00588
35	0.02408	0.00914	0.01246	0.00955	0.01370	0.00789	0.00789	0.02616	0.01536	0.78158	0.02118	0.01827	0.01329	0.00664	0.00540	0.00166	0.00457	0.00540	0.00664	0.00914
36	0.01435	0.81458	0.02813	0.00918	0.01378	0.02124	0.00918	0.01607	0.01091	0.01263	0.00746	0.00861	0.00689	0.00459	0.00344	0.00115	0.00574	0.00287	0.00230	0.00689
37	0.00654	0.00467	0.00623	0.00747	0.00779	0.00436	0.00498	0.00747	0.01028	0.01370	0.02959	0.80785	0.03550	0.01682	0.00685	0.00218	0.00311	0.01526	0.00498	0.00436
38	0.01435	0.81458	0.02813	0.00918	0.01378	0.02124	0.00918	0.01607	0.01091	0.01263	0.00746	0.00861	0.00689	0.00459	0.00344	0.00115	0.00574	0.00287	0.00230	0.00689
39	0.00774	0.00546	0.00713	0.00713	0.00758	0.00590	0.00485	0.00863	0.00819	0.01136	0.01574	0.02865	0.01670	0.45533	0.37950	0.00678	0.00944	0.00686	0.00308	0.00396
40	0.01077	0.02777	0.78354	0.01530	0.02323	0.01247	0.01983	0.01700	0.01133	0.01700	0.00963	0.01133	0.00680	0.00510	0.00510	0.00170	0.00793	0.00397	0.00227	0.00793
41	0.01335	0.01153	0.01214	0.01092	0.01396	0.01335	0.00850	0.02852	0.76817	0.02245	0.02185	0.02003	0.01639	0.00728	0.00546	0.00182	0.00425	0.00607	0.00546	0.00850
42	0.00781	0.00520	0.00585	0.00585	0.00585	0.00520	0.00325	0.00781	0.00781	0.01041	0.01691	0.03513	0.01952	0.81135	0.02732	0.00520	0.00520	0.00781	0.00325	0.00325
43	0.01296	0.01282	0.02290	0.08176	0.55167	0.01288	0.15869	0.01693	0.04384	0.01742	0.01070	0.01387	0.00867	0.00488	0.00552	0.00166	0.00685	0.00513	0.00277	0.00809
44	0.00837	0.08014	0.03734	0.00956	0.01126	0.00746	0.08714	0.02522	0.01110	0.01461	0.02596	0.54523	0.07124	0.01354	0.00638	0.00200	0.00423	0.02966	0.00441	0.00514
45	0.00654	0.00467	0.00623	0.00747	0.00779	0.00436	0.00498	0.00747	0.01028	0.01370	0.02959	0.80785	0.03550	0.01682	0.00685	0.00218	0.00311	0.01526	0.00498	0.00436
46	0.01267	0.01448	0.03167	0.02262	0.02805	0.01357	0.75837	0.01719	0.01267	0.01719	0.01086	0.01448	0.00814	0.00452	0.00633	0.00181	0.00905	0.00633	0.00271	0.00724
47	0.01072	0.06002	0.03178	0.09902	0.06998	0.03605	0.04030	0.07654	0.07907	0.01730	0.08225	0.27781	0.04707	0.01025	0.00613	0.00185	0.01951	0.02401	0.00422	0.00614
48	0.01112	0.02554	0.69041	0.08604	0.02418	0.01228	0.01902	0.01698	0.01140	0.04014	0.00998	0.01182	0.00703	0.00517	0.00513	0.00171	0.00776	0.00408	0.00241	0.00779
49	0.01212	0.01157	0.01969	0.31553	0.50437	0.01245	0.01590	0.01546	0.01167	0.01613	0.00989	0.01366	0.00801	0.00500	0.00533	0.00167	0.00666	0.00478	0.00256	0.00757
50	0.84927	0.01038	0.00789	0.00706	0.01038	0.01204	0.00581	0.01578	0.00914	0.02408	0.00747	0.00872	0.00581	0.00498	0.00332	0.00166	0.00415	0.00291	0.00332	0.00581
51	0.01077	0.02777	0.78354	0.01530	0.02323	0.01247	0.01983	0.01700	0.01133	0.01700	0.00963	0.01133	0.00680	0.00510	0.00510	0.00170	0.00793	0.00397	0.00227	0.00793
52	0.02039	0.01559	0.01606	0.01243	0.01664	0.05718	0.01021	0.72125	0.02471	0.03275	0.01265	0.01272	0.00901	0.00640	0.00534	0.00160	0.00610	0.00476	0.00523	0.00898
53	0.00741	0.00513	0.00588	0.00611	0.00637	0.00497	0.00367	0.00773	0.00875	0.01147	0.02335	0.18208	0.10429	0.57582	0.02121	0.00427	0.00454	0.00959	0.00376	0.00360
54	0.00769	0.00518	0.00600	0.00611	0.00617	0.00520	0.00354	0.00785	0.00805	0.01077	0.01786	0.09895	0.02059	0.71286	0.05753	0.00510	0.00541	0.00834	0.00338	0.00341
55	0.09107	0.01243	0.01289	0.01098	0.01441	0.01418	0.00874	0.23752	0.48599	0.02587	0.01797	0.01695	0.01334	0.00683	0.00524	0.00175	0.00472	0.00543	0.00524	0.00844
56	0.00776	0.00519	0.00587	0.00591	0.00592	0.00517	0.00331	0.00779	0.00789	0.01053	0.01737	0.06283	0.02009	0.78287	0.02659	0.00510	0.00513	0.00807	0.00331	0.00329
57	0.02408	0.00914	0.01246	0.00955	0.01370	0.00789	0.00789	0.02616	0.01536	0.78158	0.02118	0.01827	0.01329	0.00664	0.00540	0.00166	0.00457	0.00540	0.00664	0.00914
58	0.01070	0.00981	0.01568	0.48088	0.17155	0.01133	0.01337	0.01512	0.08017	0.01623	0.10865	0.01793	0.01381	0.00615	0.00549	0.00174	0.00615	0.00552	0.00317	0.00656
59	0.01390	0.71513	0.12361	0.00996	0.01497	0.02013	0.01053	0.01619	0.01096	0.01318	0.00774	0.00895	0.00688	0.00466	0.00365	0.00122	0.00602	0.00301	0.00229	0.00702
60	0.00861	0.00616	0.00860	0.00978	0.01102	0.00614	0.00853	0.01109	0.01245	0.01625	0.05356	0.05986	0.03156	0.01470	0.00738	0.00245	0.00486	0.71709	0.00498	0.00495
61	0.01335	0.01153	0.01214	0.01092	0.01396	0.01335	0.00850	0.02852	0.76817	0.02245	0.02185	0.02003	0.01639	0.00728	0.00546	0.00182	0.00425	0.00607	0.00546	0.00850
62	0.00720	0.00570	0.00753	0.00929	0.07751	0.00526	0.00592	0.00856	0.01119	0.01453	0.04988	0.47717	0.24121	0.01462	0.00658	0.00203	0.00336	0.04286	0.00479	0.00482
63	0.01100	0.01040	0.01731	0.43372	0.31779	0.01157	0.01453	0.01423	0.01144	0.01525	0.01381	0.01730	0.07726	0.00589	0.00544	0.00172	0.00646	0.00537	0.00272	0.00681
64	0.02041	0.01504	0.01611	0.01235	0.01665	0.01665	0.01020	0.75997	0.02524	0.03383	0.01289	0.01289	0.00913	0.00644	0.00537	0.00161	0.00591	0.00483	0.00537	0.00913
65	0.01335	0.01153	0.01214	0.01092	0.01396	0.01335	0.00850	0.02852	0.76817	0.02245	0.02185	0.02003	0.01639	0.00728	0.00546	0.00182	0.00425	0.00607	0.00546	0.00850
66	0.01426	0.01243	0.02094	0.03083	0.70867	0.01231	0.01570	0.01735	0.01251	0.08672	0.01110	0.01374	0.00894	0.00495	0.00532	0.00160	0.00621	0.00484	0.00302	0.00856
67	0.02370	0.00922	0.01245	0.00960	0.01371	0.00809	0.00791	0.02624	0.04235	0.75437	0.02120	0.01833	0.01340	0.00667	0.00540	0.00167	0.00456	0.00542	0.00660	0.00911
68	0.00733	0.00530	0.00704	0.00808	0.00887	0.00505	0.00615	0.00888	0.01131	0.01484	0.06081	0.43842	0.09602	0.03148	0.00739	0.00229	0.00374	0.26744	0.00497	0.00458
69	0.00860	0.00634	0.00780	0.00737	0.00891	0.00607	0.00565	0.07760	0.01518	0.02080	0.50779	0.09481	0.13732	0.01159	0.00636	0.00179	0.00307	0.06206	0.00561	0.00531
70	0.01346	0.01405	0.05404	0.02093	0.04603	0.01268	0.61623	0.01768	0.01281	0.08633	0.01244	0.02948	0.00954	0.00518	0.00621	0.00181	0.00834	0.02225	0.00314	0.00737
71	0.01372	0.00996	0.01229	0.00902	0.01361	0.00816	0.03218	0.04778	0.04626	0.13912	0.01211	0.01284	0.00923	0.00467	0.00440	0.00105	0.00433	0.00384	0.00391	0.61152

[dist]
# distance from previous block
# <min> <max>
3	5

[block]
# block no. 7 follows, 45 sequences, length 31
# corresponding to MSA columns:
# 428-458
name=unknown_H
#
# <colnr> <probs for GDERKNQSTAVLIFYWHMCP>
#	G	D	E	R	K	N	Q	S	T	A	V	L	I	F	Y	W	H	M	C	P
0	0.04542	0.21842	0.43211	0.01479	0.09247	0.01460	0.01542	0.01753	0.05544	0.03238	0.01001	0.01140	0.00764	0.00510	0.00467	0.00156	0.00681	0.00389	0.00263	0.00770
1	0.26151	0.45891	0.08051	0.00932	0.01371	0.04938	0.00910	0.03812	0.01101	0.01700	0.00783	0.00903	0.00663	0.00484	0.00365	0.00137	0.00561	0.00305	0.00271	0.00669
2	0.00678	0.00498	0.00682	0.05265	0.00946	0.00482	0.00555	0.00792	0.01046	0.01396	0.05281	0.73741	0.03438	0.01597	0.00675	0.00214	0.00333	0.01448	0.00486	0.00447
3	0.33571	0.44516	0.03997	0.00861	0.01273	0.01708	0.00814	0.01658	0.04654	0.01763	0.00822	0.00927	0.00693	0.00489	0.00354	0.00139	0.00512	0.00307	0.00284	0.00658
4	0.01130	0.00995	0.01177	0.00908	0.01283	0.03367	0.05015	0.01519	0.11656	0.01691	0.01246	0.01630	0.01093	0.13173	0.00803	0.00171	0.00469	0.00451	0.00347	0.51877
5	0.00920	0.00466	0.00696	0.00701	0.00703	0.00465	0.00468	0.00701	0.00714	0.00951	0.01021	0.05075	0.01046	0.01857	0.02036	0.80721	0.00459	0.00512	0.00245	0.00242
6	0.01044	0.00985	0.01666	0.72369	0.10933	0.01201	0.01506	0.01398	0.01088	0.01409	0.00960	0.01421	0.00729	0.00531	0.00536	0.00177	0.00708	0.00477	0.00241	0.00621
7	0.06874	0.01476	0.01563	0.01204	0.01628	0.01638	0.00995	0.71657	0.02430	0.03326	0.01257	0.01264	0.00894	0.00636	0.00525	0.00161	0.00580	0.00472	0.00525	0.00894
8	0.01329	0.01275	0.02179	0.03295	0.77787	0.01275	0.01647	0.01647	0.01222	0.01754	0.01010	0.01329	0.00850	0.00478	0.00531	0.00159	0.00638	0.00478	0.00266	0.00850
9	0.00654	0.00467	0.00623	0.00747	0.00779	0.00436	0.00498	0.00747	0.01028	0.01370	0.02959	0.80785	0.03550	0.01682	0.00685	0.00218	0.00311	0.01526	0.00498	0.00436
10	0.00685	0.00504	0.00694	0.00865	0.04318	0.00475	0.00551	0.00789	0.01037	0.01388	0.02869	0.77132	0.03426	0.01626	0.00678	0.00215	0.00326	0.01478	0.00488	0.00455
11	0.00948	0.00535	0.00871	0.00811	0.00850	0.00528	0.05777	0.00773	0.00749	0.01001	0.01002	0.03918	0.01000	0.01760	0.01954	0.76005	0.00493	0.00509	0.00244	0.00274
12	0.02141	0.00854	0.01160	0.00910	0.01278	0.00743	0.00743	0.02356	0.01534	0.65832	0.14343	0.02181	0.01935	0.00735	0.00555	0.00167	0.00424	0.00610	0.00652	0.00848
13	0.02057	0.01476	0.01594	0.01222	0.01651	0.01624	0.01010	0.72624	0.02478	0.06820	0.01327	0.01314	0.00932	0.00645	0.00537	0.00161	0.00585	0.00486	0.00543	0.00913
14	0.01014	0.00954	0.01610	0.79845	0.03697	0.01193	0.01491	0.01371	0.01073	0.01371	0.00954	0.01431	0.00716	0.00537	0.00537	0.00179	0.00716	0.00477	0.00239	0.00596
15	0.00760	0.00549	0.00718	0.00675	0.00802	0.00506	0.00506	0.01013	0.01519	0.02153	0.77503	0.04010	0.05065	0.01097	0.00633	0.00169	0.00253	0.00971	0.00591	0.00506
16	0.00688	0.00482	0.00616	0.00706	0.00732	0.00459	0.00456	0.00762	0.00979	0.01309	0.04499	0.59876	0.03195	0.21206	0.01187	0.00291	0.00361	0.01329	0.00458	0.00411
17	0.01113	0.00954	0.01113	0.00795	0.01272	0.00716	0.00636	0.01352	0.01113	0.01749	0.00954	0.01113	0.00795	0.00398	0.00398	0.00080	0.00398	0.00318	0.00318	0.84417
18	0.00865	0.00618	0.00865	0.00989	0.01112	0.00618	0.00865	0.01112	0.01236	0.01606	0.02842	0.06055	0.03089	0.01483	0.00741	0.00247	0.00494	0.74174	0.00494	0.00494
19	0.01113	0.00954	0.01113	0.00795	0.01272	0.00716	0.00636	0.01352	0.01113	0.01749	0.00954	0.01113	0.00795	0.00398	0.00398	0.00080	0.00398	0.00318	0.00318	0.84417
20	0.00654	0.00467	0.00623	0.00747	0.00779	0.00436	0.00498	0.00747	0.01028	0.01370	0.02959	0.80785	0.03550	0.01682	0.00685	0.00218	0.00311	0.01526	0.00498	0.00436
21	0.00749	0.00542	0.00699	0.00670	0.00787	0.00501	0.00493	0.00976	0.01443	0.02025	0.66551	0.08510	0.07816	0.04979	0.00737	0.00189	0.00270	0.01001	0.00569	0.00491
22	0.84927	0.01038	0.00789	0.00706	0.01038	0.01204	0.00581	0.01578	0.00914	0.02408	0.00747	0.00872	0.00581	0.00498	0.00332	0.00166	0.00415	0.00291	0.00332	0.00581
23	0.00656	0.00474	0.00617	0.00729	0.00770	0.00439	0.00488	0.00750	0.01035	0.01367	0.03094	0.73677	0.08528	0.03697	0.00734	0.00223	0.00314	0.01480	0.00494	0.00434
24	0.00700	0.00487	0.00609	0.00688	0.00708	0.00467	0.00435	0.00760	0.00937	0.01249	0.02493	0.52411	0.02963	0.30856	0.01437	0.00329	0.00388	0.01252	0.00435	0.00395
25	0.00662	0.00532	0.00586	0.00599	0.00742	0.00461	0.00436	0.00807	0.01230	0.01542	0.16732	0.16882	0.52081	0.03414	0.00696	0.00194	0.00281	0.01159	0.00509	0.00456
26	0.00634	0.00544	0.00544	0.00544	0.00725	0.00453	0.00408	0.00770	0.01224	0.01450	0.05438	0.05166	0.77569	0.01359	0.00634	0.00181	0.00272	0.01133	0.00498	0.00453
27	0.58425	0.01195	0.05457	0.00860	0.01222	0.01257	0.00744	0.10969	0.09128	0.02464	0.03258	0.01151	0.00873	0.00559	0.00400	0.00167	0.00455	0.00374	0.00382	0.00661
28	0.43906	0.01186	0.01145	0.00929	0.01307	0.01310	0.00767	0.28206	0.01574	0.13334	0.01131	0.01154	0.00804	0.00573	0.00434	0.00164	0.00483	0.00394	0.00451	0.00746
29	0.00745	0.00532	0.00683	0.00680	0.00773	0.00498	0.00486	0.00933	0.01320	0.01838	0.51092	0.16989	0.05823	0.12389	0.00938	0.00228	0.00306	0.02745	0.00534	0.00468
30	0.01001	0.00500	0.00500	0.00500	0.00625	0.00500	0.00375	0.01251	0.01126	0.02001	0.01751	0.02001	0.01376	0.00625	0.00375	0.00125	0.00250	0.00500	0.84115	0.00500

[dist]
# distance from previous block
# <min> <max>
6	7

[block]
# block no. 8 follows, 45 sequences, length 33
# corresponding to MSA columns:
# 466-498
name=unknown_I
#
# <colnr> <probs for GDERKNQSTAVLIFYWHMCP>
#	G	D	E	R	K	N	Q	S	T	A	V	L	I	F	Y	W	H	M	C	P
0	0.04151	0.10932	0.04502	0.04865	0.01686	0.01580	0.01019	0.46852	0.09727	0.05625	0.01297	0.01317	0.00946	0.00612	0.00505	0.00157	0.00571	0.00462	0.00470	0.02724
1	0.13586	0.12399	0.42045	0.01373	0.03785	0.02730	0.05019	0.09864	0.01264	0.01929	0.00944	0.01094	0.00703	0.00514	0.00471	0.00161	0.00692	0.00389	0.00281	0.00757
2	0.00993	0.00804	0.00952	0.00901	0.01033	0.06042	0.00687	0.09283	0.01079	0.01458	0.01415	0.02134	0.01334	0.13986	0.54611	0.00690	0.01187	0.00578	0.00319	0.00516
3	0.01162	0.00992	0.01186	0.00851	0.01327	0.00777	0.02428	0.04969	0.01185	0.01827	0.00973	0.01129	0.00801	0.00411	0.00410	0.00086	0.00419	0.00333	0.00328	0.78406
4	0.01077	0.02777	0.78354	0.01530	0.02323	0.01247	0.01983	0.01700	0.01133	0.01700	0.00963	0.01133	0.00680	0.00510	0.00510	0.00170	0.00793	0.00397	0.00227	0.00793
5	0.00703	0.00504	0.00656	0.00752	0.00814	0.00474	0.00537	0.00814	0.01070	0.01404	0.04922	0.52593	0.11167	0.05740	0.00838	0.02887	0.00350	0.12855	0.00483	0.00437
6	0.01122	0.04638	0.65567	0.01764	0.12993	0.01274	0.01908	0.01690	0.01145	0.01696	0.00964	0.01154	0.00704	0.00504	0.00509	0.00167	0.00765	0.00405	0.00232	0.00799
7	0.02408	0.00914	0.01246	0.00955	0.01370	0.00789	0.00789	0.02616	0.01536	0.78158	0.02118	0.01827	0.01329	0.00664	0.00540	0.00166	0.00457	0.00540	0.00664	0.00914
8	0.00654	0.00467	0.00623	0.00747	0.00779	0.00436	0.00498	0.00747	0.01028	0.01370	0.02959	0.80785	0.03550	0.01682	0.00685	0.00218	0.00311	0.01526	0.00498	0.00436
9	0.01842	0.01349	0.01449	0.01133	0.01494	0.01484	0.00911	0.64135	0.02249	0.03014	0.01352	0.01639	0.01077	0.13338	0.00883	0.00218	0.00580	0.00530	0.00504	0.00820
10	0.01164	0.01166	0.01645	0.58615	0.12372	0.09764	0.01433	0.01513	0.02601	0.01434	0.01013	0.01482	0.00800	0.00556	0.00535	0.00174	0.00723	0.02118	0.00258	0.00633
11	0.00654	0.00467	0.00623	0.00747	0.00779	0.00436	0.00498	0.00747	0.01028	0.01370	0.02959	0.80785	0.03550	0.01682	0.00685	0.00218	0.00311	0.01526	0.00498	0.00436
12	0.01396	0.72788	0.11137	0.00986	0.01482	0.02027	0.01036	0.01618	0.01095	0.01311	0.00770	0.00891	0.00688	0.00465	0.00363	0.00121	0.00598	0.00299	0.00229	0.00700
13	0.00732	0.00511	0.00593	0.00623	0.00655	0.00491	0.00382	0.00777	0.00912	0.01198	0.04409	0.22791	0.11136	0.50250	0.01931	0.00398	0.00433	0.01010	0.00395	0.00372
14	0.69977	0.01057	0.00897	0.00771	0.01119	0.01191	0.00635	0.06951	0.01096	0.10824	0.00937	0.01007	0.00687	0.00527	0.00370	0.00166	0.00432	0.00332	0.00383	0.00641
15	0.08922	0.00923	0.01210	0.00935	0.01344	0.00822	0.00773	0.02534	0.01487	0.72179	0.02010	0.01752	0.01270	0.00651	0.00523	0.00166	0.00453	0.00520	0.00638	0.00887
16	0.02408	0.00914	0.01246	0.00955	0.01370	0.00789	0.00789	0.02616	0.01536	0.78158	0.02118	0.01827	0.01329	0.00664	0.00540	0.00166	0.00457	0.00540	0.00664	0.00914
17	0.00871	0.00646	0.00850	0.00944	0.01070	0.00658	0.00782	0.01226	0.09523	0.01628	0.02845	0.20189	0.04526	0.01436	0.00707	0.00233	0.00446	0.50398	0.00501	0.00521
18	0.01329	0.01275	0.02179	0.03295	0.77787	0.01275	0.01647	0.01647	0.01222	0.01754	0.01010	0.01329	0.00850	0.00478	0.00531	0.00159	0.00638	0.00478	0.00266	0.00850
19	0.00709	0.00535	0.00654	0.00648	0.00777	0.00481	0.00477	0.00905	0.01364	0.01839	0.46139	0.15479	0.25519	0.01257	0.00641	0.00180	0.00267	0.01098	0.00551	0.00481
20	0.00781	0.00520	0.00585	0.00585	0.00585	0.00520	0.00325	0.00781	0.00781	0.01041	0.01691	0.03513	0.01952	0.81135	0.02732	0.00520	0.00520	0.00781	0.00325	0.00325
21	0.00654	0.00467	0.00623	0.00747	0.00779	0.00436	0.00498	0.00747	0.01028	0.01370	0.02959	0.80785	0.03550	0.01682	0.00685	0.00218	0.00311	0.01526	0.00498	0.00436
22	0.02408	0.00914	0.01246	0.00955	0.01370	0.00789	0.00789	0.02616	0.01536	0.78158	0.02118	0.01827	0.01329	0.00664	0.00540	0.00166	0.00457	0.00540	0.00664	0.00914
23	0.01301	0.01247	0.02129	0.10051	0.71248	0.01268	0.01634	0.01623	0.01209	0.01720	0.01005	0.01338	0.00838	0.00483	0.00532	0.00161	0.00645	0.00478	0.00263	0.00828
24	0.01079	0.01081	0.02011	0.59891	0.03468	0.01235	0.20613	0.01461	0.01123	0.01461	0.00988	0.01435	0.00741	0.00515	0.00562	0.00179	0.00764	0.00517	0.00247	0.00629
25	0.00654	0.00467	0.00623	0.00747	0.00779	0.00436	0.00498	0.00747	0.01028	0.01370	0.02959	0.80785	0.03550	0.01682	0.00685	0.00218	0.00311	0.01526	0.00498	0.00436
26	0.01413	0.01192	0.01258	0.01108	0.01425	0.01371	0.00868	0.10912	0.68630	0.02371	0.02086	0.01924	0.01559	0.00719	0.00545	0.00180	0.00443	0.00593	0.00545	0.00857
27	0.01941	0.01454	0.01555	0.01215	0.01627	0.01618	0.00996	0.65631	0.13053	0.03222	0.01416	0.01390	0.01016	0.00656	0.00538	0.00164	0.00567	0.00501	0.00538	0.00904
