[name]
unknown

[dist]
# distance from previous block
# <min> <max>
0	26

[block]
# block no. 0 follows, 44 sequences, length 11
# corresponding to MSA columns:
# 33-43
name=unknown_A
#
# <colnr> <probs for GDERKNQSTAVLIFYWHMCP>
#	G	D	E	R	K	N	Q	S	T	A	V	L	I	F	Y	W	H	M	C	P
0	0.00853	0.00690	0.00898	0.00843	0.01014	0.00649	0.02681	0.01020	0.01127	0.01545	0.07846	0.24416	0.13717	0.07499	0.00874	0.00214	0.05893	0.11136	0.00438	0.16646
1	0.01181	0.04915	0.27021	0.01539	0.02087	0.01253	0.21540	0.01593	0.01143	0.01676	0.00969	0.01227	0.00759	0.00526	0.00673	0.00160	0.10376	0.00454	0.00266	0.20642
2	0.01091	0.01032	0.01747	0.64811	0.17991	0.01227	0.01545	0.01447	0.01119	0.01468	0.00980	0.01433	0.00753	0.00534	0.00544	0.00178	0.00711	0.00485	0.00248	0.00655
3	0.01194	0.01182	0.04163	0.20704	0.47199	0.01186	0.03804	0.01523	0.01207	0.01683	0.04837	0.06508	0.01207	0.00608	0.00558	0.00172	0.00639	0.00579	0.00293	0.00754
4	0.01414	0.01416	0.02627	0.01932	0.02388	0.01436	0.49646	0.15993	0.04151	0.02043	0.01205	0.03810	0.00950	0.00588	0.00724	0.00186	0.07769	0.00626	0.00341	0.00756
5	0.01747	0.01055	0.01234	0.01004	0.01324	0.01115	0.00815	0.33394	0.01795	0.19657	0.01600	0.01703	0.01178	0.01320	0.15617	0.00297	0.00683	0.00524	0.13159	0.00779
6	0.01233	0.09063	0.04457	0.00969	0.01274	0.07269	0.03411	0.09329	0.11024	0.05201	0.07726	0.10932	0.20284	0.00938	0.00566	0.00169	0.00479	0.00781	0.00457	0.04438
7	0.00782	0.00573	0.00822	0.00822	0.00900	0.00652	0.00614	0.00939	0.00860	0.01225	0.01510	0.02417	0.01483	0.18918	0.64014	0.00809	0.01280	0.00624	0.00299	0.00457
8	0.03556	0.01392	0.08574	0.08960	0.04620	0.08050	0.07307	0.10156	0.21066	0.03608	0.08027	0.05014	0.03965	0.00731	0.00589	0.00177	0.02428	0.00616	0.00425	0.00737
9	0.01647	0.01389	0.01467	0.16306	0.01949	0.10527	0.01047	0.39038	0.04538	0.02464	0.01504	0.03621	0.05022	0.00848	0.04122	0.00199	0.00671	0.00544	0.02336	0.00761
10	0.00834	0.00636	0.00914	0.00902	0.01001	0.00619	0.06751	0.04839	0.01114	0.01485	0.02498	0.48439	0.02879	0.16820	0.01090	0.00277	0.00438	0.07531	0.00455	0.00476

[dist]
# distance from previous block
# <min> <max>
3	7

[block]
# block no. 1 follows, 44 sequences, length 105
# corresponding to MSA columns:
# 51-155
name=unknown_B
#
# <colnr> <probs for GDERKNQSTAVLIFYWHMCP>
#	G	D	E	R	K	N	Q	S	T	A	V	L	I	F	Y	W	H	M	C	P
0	0.12388	0.01387	0.03452	0.03868	0.06088	0.04130	0.35948	0.06814	0.01249	0.01857	0.01033	0.01428	0.00837	0.00601	0.00782	0.00189	0.14495	0.02453	0.00301	0.00700
1	0.19253	0.01202	0.01556	0.04120	0.37066	0.07787	0.01189	0.01555	0.01155	0.01802	0.01198	0.04674	0.01099	0.00954	0.07838	0.00238	0.00683	0.05618	0.00312	0.00701
2	0.01079	0.02413	0.59995	0.01567	0.02278	0.01207	0.12429	0.01641	0.01179	0.01706	0.01422	0.01581	0.07884	0.00590	0.00548	0.00175	0.00772	0.00508	0.00263	0.00763
3	0.01023	0.00872	0.01249	0.15893	0.14672	0.00931	0.01031	0.01499	0.12972	0.01784	0.13732	0.03411	0.09322	0.00962	0.00620	0.00194	0.00499	0.18257	0.00438	0.00637
4	0.08645	0.00627	0.00862	0.00854	0.00971	0.00728	0.00664	0.01028	0.00879	0.01371	0.01401	0.02061	0.01307	0.05766	0.69346	0.00801	0.01338	0.00563	0.00297	0.00492
5	0.01173	0.01168	0.02115	0.39996	0.22361	0.01291	0.16949	0.01534	0.01157	0.01562	0.00999	0.01417	0.00782	0.00532	0.00626	0.00180	0.04685	0.00518	0.00256	0.00698
6	0.84691	0.01054	0.00801	0.00717	0.01054	0.01223	0.00590	0.01603	0.00928	0.02446	0.00759	0.00886	0.00590	0.00506	0.00337	0.00169	0.00422	0.00295	0.00337	0.00590
7	0.01293	0.01454	0.03123	0.02396	0.09841	0.01371	0.68543	0.01739	0.01283	0.01750	0.01096	0.01459	0.00831	0.00462	0.00634	0.00182	0.00894	0.00629	0.00275	0.00747
8	0.01287	0.01471	0.03217	0.02298	0.02849	0.01379	0.75460	0.01746	0.01287	0.01746	0.01103	0.01471	0.00827	0.00460	0.00643	0.00184	0.00919	0.00643	0.00276	0.00735
9	0.00795	0.00574	0.00861	0.00861	0.00949	0.00662	0.00662	0.00949	0.00861	0.01236	0.01412	0.02096	0.01324	0.03883	0.71504	0.08681	0.01368	0.00574	0.00287	0.00463
10	0.01956	0.01624	0.08769	0.01265	0.01729	0.01623	0.01112	0.66944	0.02397	0.03243	0.01289	0.01311	0.00916	0.00641	0.00539	0.00164	0.00611	0.00483	0.02478	0.00906
11	0.01244	0.01524	0.09821	0.02000	0.02430	0.01445	0.49033	0.01630	0.01155	0.01630	0.00989	0.01368	0.00785	0.00595	0.00933	0.00197	0.21675	0.00577	0.00262	0.00705
12	0.00780	0.00638	0.00660	0.00633	0.00830	0.00574	0.00479	0.07796	0.01352	0.01651	0.04951	0.10150	0.64909	0.01336	0.00639	0.00185	0.00309	0.01117	0.00510	0.00503
13	0.00766	0.00581	0.00846	0.00846	0.00951	0.00661	0.00656	0.00956	0.00911	0.01285	0.01841	0.02433	0.08474	0.03835	0.71365	0.00811	0.01349	0.00637	0.00312	0.00484
14	0.00908	0.00729	0.00717	0.00704	0.00742	0.07870	0.00440	0.00944	0.00873	0.01108	0.01605	0.03157	0.01789	0.64264	0.11512	0.00533	0.00681	0.00727	0.00321	0.00377
15	0.09609	0.00912	0.01086	0.00904	0.01240	0.00884	0.00725	0.02244	0.15417	0.41538	0.03616	0.02406	0.10647	0.03865	0.00633	0.00189	0.00431	0.02283	0.00582	0.00788
16	0.01030	0.00969	0.01635	0.79530	0.03755	0.01211	0.01514	0.01393	0.01090	0.01393	0.00969	0.01453	0.00727	0.00545	0.00545	0.00182	0.00727	0.00484	0.00242	0.00606
17	0.00791	0.00679	0.00712	0.00805	0.00871	0.07775	0.00551	0.00894	0.01105	0.01392	0.02979	0.67760	0.08492	0.01578	0.00673	0.00211	0.00376	0.01410	0.00485	0.00462
18	0.08974	0.01112	0.01492	0.01291	0.01335	0.01509	0.01069	0.01306	0.00895	0.01478	0.06104	0.01402	0.01039	0.01044	0.04529	0.00252	0.63807	0.00500	0.00275	0.00586
19	0.01037	0.00855	0.01132	0.01165	0.05676	0.00981	0.00852	0.08157	0.06453	0.01671	0.02083	0.32256	0.02264	0.03119	0.02506	0.00237	0.18314	0.10227	0.00430	0.00583
20	0.08695	0.00650	0.00818	0.00909	0.01056	0.00653	0.00774	0.01111	0.01211	0.01675	0.03009	0.09864	0.11779	0.01409	0.00698	0.00234	0.00457	0.54011	0.00487	0.00502
21	0.01007	0.00928	0.01538	0.72131	0.03459	0.01147	0.01403	0.01337	0.01062	0.01361	0.01039	0.01652	0.00844	0.08072	0.00754	0.00214	0.00708	0.00513	0.00251	0.00580
22	0.01481	0.01570	0.04442	0.08631	0.01840	0.18974	0.06242	0.04007	0.42580	0.01947	0.01643	0.01651	0.01245	0.00651	0.00544	0.00173	0.00637	0.00535	0.00431	0.00776
23	0.00765	0.00786	0.08056	0.00933	0.01060	0.00643	0.03574	0.00927	0.01056	0.01434	0.02670	0.61802	0.05617	0.01484	0.00752	0.00215	0.05956	0.01318	0.00453	0.00499
24	0.00708	0.00702	0.07879	0.00813	0.00927	0.00524	0.00634	0.00853	0.01058	0.01416	0.02936	0.64982	0.08269	0.04617	0.00756	0.00226	0.00368	0.01386	0.00473	0.00474
25	0.01096	0.00840	0.01150	0.07191	0.01358	0.02759	0.00868	0.01385	0.06261	0.08532	0.01396	0.01862	0.01206	0.02632	0.44632	0.00580	0.14781	0.00551	0.00333	0.00586
26	0.01927	0.01324	0.01450	0.01118	0.01528	0.01409	0.00918	0.55061	0.02207	0.10400	0.01405	0.01414	0.01002	0.00633	0.00518	0.00153	0.00537	0.00483	0.08349	0.08162
27	0.00874	0.00539	0.00699	0.00757	0.00850	0.00493	0.00526	0.00995	0.01102	0.08610	0.02787	0.62442	0.04281	0.02698	0.00681	0.00209	0.00331	0.01322	0.06354	0.03450
28	0.01045	0.00617	0.00783	0.00718	0.00903	0.00550	0.00547	0.01255	0.01439	0.15951	0.41918	0.11069	0.18798	0.01142	0.00631	0.00178	0.00305	0.00991	0.00586	0.00573
29	0.01218	0.01310	0.10152	0.01053	0.01560	0.03898	0.06087	0.04224	0.05176	0.01838	0.01053	0.01205	0.00841	0.00454	0.00450	0.00109	0.00517	0.00377	0.00328	0.58151
30	0.01587	0.01751	0.06904	0.01537	0.10387	0.25408	0.01147	0.09373	0.16358	0.03134	0.01285	0.04546	0.01065	0.00700	0.00717	0.00175	0.12316	0.00507	0.00367	0.00739
31	0.00937	0.00583	0.00909	0.10834	0.01186	0.00601	0.03485	0.00845	0.00837	0.01092	0.01423	0.03435	0.08114	0.01615	0.01705	0.60738	0.00502	0.00565	0.00269	0.00328
32	0.01285	0.01194	0.01968	0.05075	0.59851	0.01196	0.01470	0.01555	0.01174	0.01693	0.01001	0.01347	0.00854	0.00596	0.00687	0.06042	0.03660	0.00469	0.00271	0.08611
33	0.01168	0.00971	0.01127	0.00841	0.01279	0.00783	0.00666	0.07708	0.01246	0.01883	0.01189	0.08584	0.01080	0.00548	0.00443	0.00101	0.00412	0.00452	0.00359	0.69157
34	0.01410	0.05478	0.01731	0.01373	0.01547	0.14665	0.04716	0.06709	0.01140	0.01528	0.00824	0.01157	0.00741	0.00766	0.01223	0.00193	0.45609	0.00441	0.00277	0.08472
35	0.00733	0.00534	0.00670	0.00749	0.00819	0.00505	0.00516	0.03716	0.01139	0.01502	0.06123	0.60061	0.12045	0.05539	0.00787	0.00229	0.00335	0.03035	0.00503	0.00462
36	0.01108	0.00951	0.01173	0.00884	0.02610	0.00741	0.03277	0.01337	0.01106	0.01708	0.01045	0.01375	0.00919	0.07947	0.00637	0.00128	0.00438	0.00381	0.00321	0.71912
37	0.00769	0.00557	0.00725	0.00683	0.00813	0.00513	0.00512	0.01023	0.01536	0.02169	0.75468	0.04100	0.06839	0.01121	0.00643	0.00172	0.00258	0.00990	0.00598	0.00513
38	0.01165	0.00825	0.00807	0.03805	0.00996	0.06800	0.00595	0.02853	0.09813	0.01962	0.01651	0.01864	0.01297	0.00658	0.00506	0.00144	0.05260	0.00505	0.57919	0.00575
39	0.01403	0.01281	0.01330	0.01302	0.07273	0.06768	0.00938	0.02753	0.65431	0.02176	0.02031	0.01908	0.01535	0.00708	0.00549	0.00180	0.00487	0.00588	0.00514	0.00847
40	0.00751	0.00556	0.00700	0.00664	0.00802	0.00505	0.00498	0.00988	0.01494	0.02068	0.65308	0.04267	0.17061	0.01159	0.00643	0.00174	0.00260	0.01013	0.00585	0.00505
41	0.00664	0.00474	0.00633	0.00759	0.00791	0.00443	0.00506	0.00759	0.01044	0.01392	0.03005	0.80485	0.03606	0.01708	0.00696	0.00221	0.00316	0.01550	0.00506	0.00443
42	0.66223	0.01282	0.10814	0.00879	0.01288	0.01203	0.02550	0.01696	0.01009	0.07618	0.00893	0.01001	0.00662	0.00518	0.00383	0.00170	0.00486	0.00335	0.00346	0.00645
43	0.00664	0.00474	0.00633	0.00759	0.00791	0.00443	0.00506	0.00759	0.01044	0.01392	0.03005	0.80485	0.03606	0.01708	0.00696	0.00221	0.00316	0.01550	0.00506	0.00443
44	0.01087	0.02776	0.76500	0.01537	0.02329	0.01251	0.01985	0.01713	0.01159	0.01736	0.02473	0.01208	0.00778	0.00530	0.00520	0.00173	0.00795	0.00414	0.00237	0.00800
45	0.03905	0.02505	0.63754	0.01659	0.08036	0.01242	0.04721	0.01692	0.01171	0.01773	0.03908	0.01282	0.00877	0.00536	0.00523	0.00172	0.00764	0.00437	0.00253	0.00789
46	0.68705	0.10755	0.03948	0.00798	0.01166	0.04072	0.00701	0.01631	0.00979	0.02241	0.00770	0.00898	0.00611	0.00504	0.00351	0.00162	0.00475	0.00301	0.00319	0.00613
47	0.01342	0.01288	0.02199	0.05138	0.75707	0.01293	0.01669	0.01667	0.01238	0.01772	0.01024	0.01352	0.00860	0.00487	0.00540	0.00162	0.00650	0.00486	0.00269	0.00857
48	0.01251	0.13334	0.57277	0.01478	0.02193	0.01363	0.06750	0.01780	0.01183	0.06999	0.01039	0.01184	0.00747	0.00518	0.00506	0.00165	0.00759	0.00414	0.00265	0.00795
49	0.01016	0.00508	0.00508	0.00508	0.00635	0.00508	0.00381	0.01270	0.01143	0.02033	0.01778	0.02033	0.01397	0.00635	0.00381	0.00127	0.00254	0.00508	0.83867	0.00508
50	0.00704	0.00570	0.00627	0.00610	0.00780	0.00501	0.00458	0.00918	0.03317	0.01725	0.28601	0.04782	0.51924	0.01278	0.00642	0.00180	0.00274	0.01083	0.00538	0.00488
51	0.00661	0.00544	0.00582	0.00590	0.00751	0.00465	0.00436	0.00809	0.01256	0.01547	0.13584	0.13296	0.60822	0.01385	0.00650	0.00187	0.00278	0.01175	0.00517	0.00465
52	0.00757	0.00556	0.00705	0.00668	0.00801	0.00508	0.00499	0.00995	0.01493	0.02080	0.67288	0.04199	0.13496	0.02732	0.00686	0.00180	0.00265	0.01001	0.00584	0.00504
53	0.84691	0.01054	0.00801	0.00717	0.01054	0.01223	0.00590	0.01603	0.00928	0.02446	0.00759	0.00886	0.00590	0.00506	0.00337	0.00169	0.00422	0.00295	0.00337	0.00590
54	0.01356	0.01171	0.01233	0.01109	0.01418	0.01356	0.00863	0.02897	0.76455	0.02281	0.02219	0.02034	0.01664	0.00740	0.00555	0.00185	0.00431	0.00616	0.00555	0.00863
55	0.00672	0.00488	0.00635	0.00744	0.00795	0.00451	0.00507	0.00781	0.01086	0.01436	0.06215	0.69326	0.09864	0.01652	0.00691	0.00217	0.00315	0.03167	0.00510	0.00449
56	0.00781	0.00577	0.00838	0.00838	0.00922	0.00661	0.00634	0.00949	0.00865	0.01237	0.01495	0.02336	0.01447	0.14552	0.68332	0.00829	0.01333	0.00613	0.00297	0.00465
57	0.01349	0.01295	0.02213	0.03346	0.77440	0.01295	0.01673	0.01673	0.01241	0.01781	0.01025	0.01349	0.00864	0.00486	0.00540	0.00162	0.00648	0.00486	0.00270	0.00864
58	0.01218	0.01249	0.01835	0.01525	0.01590	0.03045	0.09250	0.01375	0.00897	0.01360	0.00760	0.01219	0.00728	0.00893	0.01641	0.00231	0.69836	0.00493	0.00243	0.00612
59	0.00879	0.00628	0.00879	0.01004	0.01130	0.00628	0.00879	0.01130	0.01255	0.01632	0.02887	0.06150	0.03138	0.01506	0.00753	0.00251	0.00502	0.73770	0.00502	0.00502
60	0.01345	0.01308	0.02283	0.03273	0.72213	0.01301	0.06843	0.01678	0.01245	0.01779	0.01031	0.01358	0.00861	0.00484	0.00547	0.00163	0.00667	0.00497	0.00270	0.00855
61	0.00664	0.00474	0.00633	0.00759	0.00791	0.00443	0.00506	0.00759	0.01044	0.01392	0.03005	0.80485	0.03606	0.01708	0.00696	0.00221	0.00316	0.01550	0.00506	0.00443
62	0.01349	0.01295	0.02213	0.03346	0.77440	0.01295	0.01673	0.01673	0.01241	0.01781	0.01025	0.01349	0.00864	0.00486	0.00540	0.00162	0.00648	0.00486	0.00270	0.00864
63	0.01152	0.00982	0.01142	0.00818	0.01301	0.00749	0.00655	0.03093	0.01164	0.01815	0.00977	0.01135	0.00810	0.00410	0.00407	0.00083	0.00408	0.00327	0.00328	0.82244
64	0.01635	0.01156	0.01257	0.05144	0.01454	0.01276	0.00846	0.42952	0.08122	0.02803	0.01510	0.01598	0.01121	0.00650	0.00496	0.00155	0.00487	0.00506	0.26056	0.00777
65	0.00685	0.00554	0.00609	0.00595	0.00762	0.00478	0.00447	0.00862	0.01340	0.01703	0.28616	0.04868	0.53982	0.01295	0.00644	0.00180	0.00270	0.01098	0.00537	0.00478
66	0.00664	0.00474	0.00633	0.00759	0.00791	0.00443	0.00506	0.00759	0.01044	0.01392	0.03005	0.80485	0.03606	0.01708	0.00696	0.00221	0.00316	0.01550	0.00506	0.00443
67	0.01476	0.78794	0.02820	0.00942	0.01408	0.02143	0.00936	0.03838	0.01151	0.01347	0.00774	0.00887	0.00706	0.00472	0.00356	0.00118	0.00584	0.00297	0.00243	0.00706
68	0.01093	0.02820	0.78016	0.01554	0.02360	0.01266	0.02014	0.01727	0.01151	0.01727	0.00978	0.01151	0.00691	0.00518	0.00518	0.00173	0.00806	0.00403	0.00230	0.00806
69	0.00779	0.00584	0.00876	0.00876	0.00974	0.00681	0.00681	0.00974	0.00876	0.01266	0.01460	0.02142	0.01363	0.04089	0.78680	0.00876	0.01460	0.00584	0.00292	0.00487
70	0.02080	0.01515	0.01629	0.01249	0.01685	0.01673	0.01032	0.74202	0.02544	0.04883	0.01325	0.01320	0.00935	0.00655	0.00545	0.00164	0.00597	0.00492	0.00548	0.00927
71	0.01349	0.01295	0.02213	0.03346	0.77440	0.01295	0.01673	0.01673	0.01241	0.01781	0.01025	0.01349	0.00864	0.00486	0.00540	0.00162	0.00648	0.00486	0.00270	0.00864
72	0.01114	0.02682	0.71009	0.01572	0.02344	0.01276	0.05621	0.01778	0.04378	0.01751	0.01038	0.01205	0.00739	0.00525	0.00526	0.00174	0.00795	0.00424	0.00246	0.00805
73	0.01045	0.00985	0.01664	0.75738	0.07423	0.01215	0.01522	0.01407	0.01098	0.01412	0.00972	0.01448	0.00734	0.00542	0.00545	0.00181	0.00723	0.00485	0.00244	0.00618
74	0.02047	0.01514	0.01622	0.01249	0.01681	0.01679	0.01030	0.73052	0.05174	0.03395	0.01341	0.01335	0.00953	0.00657	0.00546	0.00164	0.00594	0.00495	0.00546	0.00925
75	0.01459	0.00771	0.01008	0.00883	0.02599	0.00718	0.00677	0.04247	0.05650	0.29323	0.42137	0.03020	0.03368	0.00909	0.00599	0.00171	0.00360	0.00782	0.00616	0.00702
76	0.01203	0.00842	0.00969	0.00852	0.01094	0.00855	0.00664	0.10894	0.17161	0.09946	0.30223	0.05010	0.16064	0.00994	0.00604	0.00176	0.00362	0.00844	0.00573	0.00670
77	0.01152	0.00982	0.01142	0.00818	0.01301	0.00749	0.00655	0.03061	0.01163	0.01814	0.00977	0.01135	0.00810	0.00409	0.00407	0.00083	0.00408	0.00327	0.00328	0.82280
78	0.00664	0.00477	0.00630	0.00753	0.00789	0.00443	0.00503	0.00760	0.01050	0.01394	0.03078	0.78287	0.05756	0.01698	0.00694	0.00220	0.00315	0.01538	0.00506	0.00443
79	0.00957	0.00599	0.00786	0.00715	0.00878	0.00546	0.00545	0.01207	0.01539	0.10679	0.67291	0.03846	0.06151	0.01070	0.00632	0.00171	0.00281	0.00940	0.00607	0.00560
80	0.01383	0.01327	0.02286	0.04762	0.56520	0.01336	0.13087	0.06896	0.03580	0.01897	0.01092	0.01388	0.00883	0.00502	0.00557	0.00167	0.00682	0.00515	0.00298	0.00842
81	0.01128	0.00972	0.01203	0.11910	0.01638	0.00810	0.00774	0.02937	0.01154	0.01750	0.01014	0.02664	0.00851	0.00453	0.00432	0.00099	0.00452	0.00372	0.00320	0.69067
82	0.01257	0.03672	0.01696	0.02729	0.01487	0.07071	0.01181	0.01384	0.00897	0.01314	0.00730	0.01173	0.00714	0.00905	0.01634	0.00227	0.70623	0.00463	0.00241	0.00602
83	0.01988	0.02507	0.01592	0.01541	0.06994	0.73231	0.01097	0.02142	0.01524	0.01366	0.00856	0.01009	0.00714	0.00556	0.00495	0.00142	0.00960	0.00361	0.00280	0.00648
84	0.00793	0.00529	0.00595	0.00595	0.00595	0.00529	0.00330	0.00793	0.00793	0.01057	0.01718	0.03568	0.01982	0.80840	0.02775	0.00529	0.00529	0.00793	0.00330	0.00330
85	0.00933	0.00709	0.00897	0.00943	0.01099	0.00733	0.00776	0.01422	0.15964	0.01831	0.15377	0.10459	0.04900	0.01302	0.00689	0.00221	0.00428	0.40220	0.00529	0.00569
86	0.01217	0.03319	0.01698	0.01418	0.01436	0.03292	0.01183	0.01339	0.00857	0.01312	0.00719	0.01180	0.00715	0.00933	0.01724	0.00233	0.76116	0.00470	0.00239	0.00600
87	0.01291	0.01175	0.03891	0.01325	0.06943	0.01022	0.13321	0.09855	0.03102	0.03936	0.01264	0.04172	0.02693	0.00546	0.00527	0.00131	0.02334	0.00488	0.00357	0.41623
88	0.01447	0.78880	0.05052	0.00951	0.01427	0.02131	0.00964	0.01635	0.01109	0.01296	0.00764	0.00883	0.00699	0.00468	0.00355	0.00118	0.00590	0.00295	0.00233	0.00703
89	0.01458	0.81168	0.02857	0.00933	0.01399	0.02157	0.00933	0.01632	0.01108	0.01283	0.00758	0.00875	0.00700	0.00466	0.00350	0.00117	0.00583	0.00292	0.00233	0.00700
90	0.01352	0.01436	0.01427	0.01267	0.01402	0.23579	0.02566	0.03871	0.01123	0.01400	0.01003	0.01415	0.00910	0.01653	0.21901	0.00375	0.30082	0.00474	0.02177	0.00589
91	0.00664	0.00474	0.00633	0.00759	0.00791	0.00443	0.00506	0.00759	0.01044	0.01392	0.03005	0.80485	0.03606	0.01708	0.00696	0.00221	0.00316	0.01550	0.00506	0.00443
92	0.00726	0.02240	0.00691	0.00628	0.00790	0.00523	0.00476	0.00926	0.01393	0.01833	0.41985	0.04556	0.38830	0.01226	0.00637	0.00176	0.00273	0.01049	0.00548	0.00493
93	0.00664	0.00474	0.00633	0.00759	0.00791	0.00443	0.00506	0.00759	0.01044	0.01392	0.03005	0.80485	0.03606	0.01708	0.00696	0.00221	0.00316	0.01550	0.00506	0.00443
94	0.01093	0.02820	0.78016	0.01554	0.02360	0.01266	0.02014	0.01727	0.01151	0.01727	0.00978	0.01151	0.00691	0.00518	0.00518	0.00173	0.00806	0.00403	0.00230	0.00806
95	0.01458	0.81168	0.02857	0.00933	0.01399	0.02157	0.00933	0.01632	0.01108	0.01283	0.00758	0.00875	0.00700	0.00466	0.00350	0.00117	0.00583	0.00292	0.00233	0.00700
96	0.01102	0.04663	0.76247	0.01539	0.02337	0.01287	0.01989	0.01724	0.01150	0.01716	0.00973	0.01145	0.00691	0.00517	0.00514	0.00171	0.00800	0.00400	0.00230	0.00803
97	0.02022	0.01493	0.01598	0.01230	0.01657	0.01647	0.01014	0.72978	0.02517	0.03367	0.01458	0.01448	0.03622	0.00680	0.00549	0.00164	0.00588	0.00514	0.00544	0.00911
98	0.84691	0.01054	0.00801	0.00717	0.01054	0.01223	0.00590	0.01603	0.00928	0.02446	0.00759	0.00886	0.00590	0.00506	0.00337	0.00169	0.00422	0.00295	0.00337	0.00590
99	0.01030	0.00969	0.01635	0.79530	0.03755	0.01211	0.01514	0.01393	0.01090	0.01393	0.00969	0.01453	0.00727	0.00545	0.00545	0.00182	0.00727	0.00484	0.00242	0.00606
100	0.00768	0.00557	0.00724	0.00682	0.00812	0.00513	0.00512	0.01022	0.01535	0.02167	0.75269	0.04103	0.07038	0.01122	0.00643	0.00172	0.00258	0.00990	0.00598	0.00513
101	0.01408	0.01312	0.02082	0.03027	0.66464	0.03589	0.01560	0.01820	0.07309	0.04412	0.01155	0.01411	0.00940	0.00515	0.00540	0.00163	0.00634	0.00494	0.00307	0.00859
102	0.00664	0.00474	0.00633	0.00759	0.00791	0.00443	0.00506	0.00759	0.01044	0.01392	0.03005	0.80485	0.03606	0.01708	0.00696	0.00221	0.00316	0.01550	0.00506	0.00443
103	0.22048	0.03092	0.01326	0.02407	0.06366	0.08487	0.00883	0.16789	0.08506	0.19589	0.01534	0.01514	0.03910	0.00633	0.00490	0.00166	0.00538	0.00475	0.00469	0.00779
104	0.76947	0.01099	0.00880	0.00767	0.01114	0.01267	0.00632	0.08541	0.01081	0.02539	0.00811	0.00925	0.00622	0.00520	0.00357	0.00168	0.00438	0.00314	0.00357	0.00622

[dist]
# distance from previous block
# <min> <max>
3	4

[block]
# block no. 2 follows, 44 sequences, length 40
# corresponding to MSA columns:
# 160-199
name=unknown_C
#
# <colnr> <probs for GDERKNQSTAVLIFYWHMCP>
#	G	D	E	R	K	N	Q	S	T	A	V	L	I	F	Y	W	H	M	C	P
0	0.01201	0.01015	0.01180	0.00854	0.01324	0.00818	0.00687	0.06806	0.01229	0.01888	0.00988	0.01145	0.00814	0.00434	0.00445	0.00090	0.02201	0.00339	0.00337	0.76204
1	0.02090	0.01361	0.01519	0.01172	0.01599	0.01451	0.00965	0.53596	0.06405	0.19703	0.01536	0.01465	0.01058	0.00657	0.00543	0.00164	0.00556	0.00506	0.00569	0.03085
2	0.01433	0.09345	0.04605	0.00894	0.01196	0.00889	0.00769	0.03165	0.05871	0.25155	0.22790	0.03035	0.08165	0.02304	0.00619	0.00181	0.00427	0.07923	0.00543	0.00694
3	0.00788	0.00568	0.00796	0.00796	0.00869	0.00638	0.00585	0.00935	0.00862	0.01232	0.01533	0.02501	0.01521	0.23465	0.57499	0.00770	0.01194	0.00635	0.02366	0.00448
4	0.00772	0.00557	0.00729	0.00686	0.00814	0.00514	0.00514	0.01029	0.01543	0.02186	0.77152	0.04072	0.05144	0.01115	0.00643	0.00171	0.00257	0.00986	0.00600	0.00514
5	0.01356	0.01171	0.01233	0.01109	0.01418	0.01356	0.00863	0.02897	0.76455	0.02281	0.02219	0.02034	0.01664	0.00740	0.00555	0.00185	0.00431	0.00616	0.00555	0.00863
6	0.84691	0.01054	0.00801	0.00717	0.01054	0.01223	0.00590	0.01603	0.00928	0.02446	0.00759	0.00886	0.00590	0.00506	0.00337	0.00169	0.00422	0.00295	0.00337	0.00590
7	0.00884	0.00766	0.00779	0.00748	0.00916	0.06782	0.00566	0.02802	0.04773	0.01846	0.34965	0.08413	0.28330	0.01181	0.00633	0.00180	0.00350	0.04028	0.00531	0.00526
8	0.05406	0.00584	0.00703	0.00665	0.00814	0.00544	0.00502	0.01019	0.01458	0.02079	0.60684	0.04096	0.17197	0.01126	0.00626	0.00173	0.00270	0.00976	0.00570	0.00509
9	0.00925	0.00582	0.00759	0.00721	0.00868	0.00529	0.00538	0.01142	0.01440	0.10135	0.51770	0.17195	0.08920	0.01187	0.00642	0.00181	0.00291	0.01047	0.00586	0.00543
10	0.06498	0.00934	0.01242	0.00958	0.01375	0.00822	0.00791	0.02605	0.01529	0.74103	0.02082	0.01808	0.01312	0.00666	0.00538	0.00169	0.00462	0.00536	0.00658	0.00911
11	0.00681	0.00497	0.00635	0.00719	0.00781	0.00457	0.00491	0.00800	0.01128	0.01501	0.13497	0.58620	0.12494	0.04054	0.00747	0.00220	0.00310	0.01401	0.00514	0.00451
12	0.01086	0.01041	0.01452	0.01279	0.01295	0.01408	0.01045	0.01215	0.00913	0.01384	0.06608	0.10954	0.01407	0.01153	0.03936	0.00251	0.62060	0.00646	0.00299	0.00569
13	0.84691	0.01054	0.00801	0.00717	0.01054	0.01223	0.00590	0.01603	0.00928	0.02446	0.00759	0.00886	0.00590	0.00506	0.00337	0.00169	0.00422	0.00295	0.00337	0.00590
14	0.01313	0.01348	0.05970	0.08832	0.68284	0.01288	0.01679	0.01655	0.01226	0.01750	0.01019	0.01347	0.00845	0.00492	0.00539	0.00164	0.00661	0.00482	0.00266	0.00842
15	0.01120	0.05449	0.71206	0.01632	0.06492	0.01299	0.01958	0.01720	0.01155	0.01714	0.00973	0.01152	0.00701	0.00514	0.00513	0.00170	0.00789	0.00404	0.00233	0.00805
16	0.01394	0.01320	0.06885	0.01153	0.01508	0.01376	0.00961	0.08568	0.65094	0.02331	0.02056	0.01912	0.01535	0.00717	0.00551	0.00182	0.00472	0.00591	0.00530	0.00864
17	0.20594	0.05763	0.01528	0.01267	0.07059	0.04945	0.00967	0.41932	0.06355	0.02813	0.01168	0.01221	0.00868	0.00599	0.00486	0.00162	0.00569	0.00437	0.00450	0.00817
18	0.02056	0.17095	0.09460	0.01027	0.01491	0.01147	0.00954	0.05242	0.01468	0.49999	0.03513	0.01619	0.01226	0.00627	0.00508	0.00159	0.00523	0.00490	0.00534	0.00860
19	0.81024	0.01075	0.00838	0.00741	0.01083	0.01244	0.00610	0.04888	0.01000	0.02490	0.00784	0.00904	0.00605	0.00513	0.00347	0.00168	0.00430	0.00304	0.00347	0.00605
20	0.01451	0.42603	0.24899	0.01250	0.03803	0.10978	0.01289	0.04050	0.01229	0.02726	0.00880	0.01012	0.00719	0.00503	0.00431	0.00140	0.00697	0.00347	0.00256	0.00738
21	0.00793	0.00529	0.00595	0.00595	0.00595	0.00529	0.00330	0.00793	0.00793	0.01057	0.01718	0.03568	0.01982	0.80840	0.02775	0.00529	0.00529	0.00793	0.00330	0.00330
22	0.00716	0.00499	0.00635	0.00716	0.00751	0.00476	0.00472	0.00806	0.01023	0.01381	0.07696	0.52465	0.03252	0.21396	0.01207	0.00294	0.00370	0.03482	0.01940	0.00423
23	0.00772	0.00557	0.00729	0.00686	0.00814	0.00514	0.00514	0.01029	0.01543	0.02186	0.77152	0.04072	0.05144	0.01115	0.00643	0.00171	0.00257	0.00986	0.00600	0.00514
24	0.01047	0.01850	0.37360	0.01531	0.02038	0.01137	0.18165	0.01477	0.01132	0.01621	0.01447	0.19290	0.01387	0.00811	0.00689	0.00192	0.07108	0.00724	0.00304	0.00690
25	0.01441	0.74759	0.05133	0.01073	0.05240	0.02087	0.01003	0.01637	0.01116	0.01321	0.00778	0.00907	0.00708	0.00469	0.00364	0.00121	0.00593	0.00305	0.00235	0.00711
26	0.00782	0.00566	0.00695	0.00664	0.00809	0.00511	0.00499	0.00998	0.01432	0.03717	0.52250	0.04363	0.23512	0.03946	0.00718	0.00189	0.00283	0.02998	0.00566	0.00503
27	0.00689	0.00493	0.00660	0.00778	0.00823	0.00463	0.00541	0.00807	0.01088	0.01454	0.06710	0.69791	0.03640	0.01660	0.00698	0.00222	0.00330	0.08190	0.00510	0.00452
28	0.01117	0.12761	0.62664	0.01410	0.02123	0.01326	0.01765	0.01663	0.01174	0.01703	0.06525	0.01329	0.01018	0.00555	0.00505	0.00165	0.00737	0.00431	0.00258	0.00771
29	0.02362	0.00930	0.01257	0.00960	0.01385	0.00796	0.00791	0.02574	0.01533	0.72934	0.02075	0.01809	0.01315	0.00657	0.00539	0.00163	0.00460	0.00534	0.00652	0.06273
30	0.80487	0.05101	0.00905	0.00728	0.01072	0.01270	0.00608	0.01604	0.00937	0.02387	0.00759	0.00885	0.00596	0.00504	0.00338	0.00166	0.00430	0.00295	0.00332	0.00596
31	0.00684	0.00498	0.00653	0.00756	0.00812	0.00456	0.00510	0.00787	0.01052	0.01411	0.02973	0.75198	0.05208	0.01642	0.00682	0.00214	0.00319	0.01486	0.00498	0.04160
32	0.01166	0.00968	0.01134	0.00812	0.01295	0.00729	0.00650	0.01407	0.01142	0.03807	0.01001	0.01150	0.00822	0.00411	0.00408	0.00083	0.00405	0.00329	0.00332	0.81951
33	0.01198	0.01047	0.01366	0.05328	0.01585	0.00870	0.06991	0.06139	0.01233	0.01858	0.01002	0.01188	0.00812	0.00432	0.00441	0.00100	0.00477	0.00370	0.00329	0.67234
34	0.01287	0.01471	0.03217	0.02298	0.02849	0.01379	0.75460	0.01746	0.01287	0.01746	0.01103	0.01471	0.00827	0.00460	0.00643	0.00184	0.00919	0.00643	0.00276	0.00735
35	0.00792	0.00683	0.00811	0.00921	0.08480	0.00640	0.00611	0.01062	0.07100	0.01587	0.06972	0.09625	0.52920	0.01250	0.00654	0.00187	0.01771	0.02913	0.00485	0.00536
36	0.01251	0.08298	0.43884	0.01642	0.11239	0.01268	0.05813	0.01778	0.04324	0.06215	0.02552	0.01304	0.00893	0.00528	0.00512	0.00161	0.00700	0.00441	0.00291	0.06906
37	0.00851	0.00714	0.01080	0.19696	0.04005	0.00731	0.04570	0.01039	0.01062	0.01418	0.02198	0.37186	0.06000	0.09862	0.00856	0.00230	0.00483	0.01024	0.00392	0.06605
38	0.01184	0.01019	0.01261	0.05381	0.07020	0.00840	0.00787	0.04814	0.01202	0.01832	0.00989	0.01173	0.00813	0.00429	0.00428	0.00096	0.00449	0.00352	0.00325	0.69607
39	0.01140	0.00944	0.01022	0.00931	0.01139	0.09146	0.04387	0.10071	0.01386	0.05970	0.06068	0.31518	0.16233	0.01170	0.00613	0.00184	0.00453	0.01017	0.02618	0.03989

[dist]
# distance from previous block
# <min> <max>
1	3

[block]
# block no. 3 follows, 44 sequences, length 103
# corresponding to MSA columns:
# 212-314
name=unknown_D
#
# <colnr> <probs for GDERKNQSTAVLIFYWHMCP>
#	G	D	E	R	K	N	Q	S	T	A	V	L	I	F	Y	W	H	M	C	P
0	0.30272	0.09485	0.01661	0.17610	0.07685	0.07119	0.08989	0.04753	0.03114	0.03287	0.00951	0.01172	0.00740	0.00523	0.00459	0.00165	0.00622	0.00411	0.00311	0.00671
1	0.03641	0.05840	0.67439	0.01445	0.02178	0.01252	0.01827	0.01673	0.01168	0.01761	0.06014	0.01325	0.00983	0.00555	0.00514	0.00170	0.00748	0.00434	0.00258	0.00775
2	0.01458	0.81168	0.02857	0.00933	0.01399	0.02157	0.00933	0.01632	0.01108	0.01283	0.00758	0.00875	0.00700	0.00466	0.00350	0.00117	0.00583	0.00292	0.00233	0.00700
3	0.01337	0.01283	0.02191	0.06274	0.74608	0.01292	0.01667	0.01662	0.01236	0.01766	0.01023	0.01353	0.00858	0.00488	0.00540	0.00163	0.00651	0.00486	0.00269	0.00854
4	0.00780	0.00580	0.00857	0.00857	0.00948	0.00671	0.00658	0.00962	0.00871	0.01252	0.01477	0.02236	0.01404	0.09178	0.73647	0.00853	0.01398	0.00598	0.00295	0.00476
5	0.00772	0.00557	0.00729	0.00686	0.00814	0.00514	0.00514	0.01029	0.01543	0.02186	0.77152	0.04072	0.05144	0.01115	0.00643	0.00171	0.00257	0.00986	0.00600	0.00514
6	0.00822	0.00559	0.00731	0.00706	0.00833	0.00513	0.00523	0.01047	0.01454	0.05249	0.59906	0.16555	0.06629	0.01200	0.00648	0.00180	0.00276	0.01064	0.00585	0.00519
7	0.00755	0.00513	0.00606	0.00643	0.00652	0.00504	0.00382	0.00783	0.00866	0.01155	0.02092	0.25962	0.02455	0.57801	0.02170	0.00439	0.00467	0.01013	0.00382	0.00363
8	0.00744	0.00546	0.00697	0.00681	0.00803	0.00499	0.00502	0.00967	0.01447	0.02007	0.59870	0.13913	0.12856	0.01219	0.00650	0.00179	0.00267	0.01076	0.00578	0.00499
9	0.02072	0.01527	0.01636	0.01254	0.01691	0.01691	0.01036	0.75622	0.02563	0.03436	0.01309	0.01309	0.00927	0.00654	0.00545	0.00164	0.00600	0.00491	0.00545	0.00927
10	0.84691	0.01054	0.00801	0.00717	0.01054	0.01223	0.00590	0.01603	0.00928	0.02446	0.00759	0.00886	0.00590	0.00506	0.00337	0.00169	0.00422	0.00295	0.00337	0.00590
11	0.00667	0.00479	0.00634	0.00752	0.00790	0.00446	0.00504	0.00769	0.01065	0.01420	0.05528	0.76304	0.05258	0.01681	0.00693	0.00219	0.00313	0.01522	0.00509	0.00446
12	0.01765	0.01443	0.01460	0.05829	0.06646	0.11876	0.00992	0.42398	0.03213	0.02661	0.01303	0.01413	0.00974	0.00622	0.00509	0.00155	0.00600	0.00476	0.14873	0.00791
13	0.00729	0.00554	0.00671	0.00645	0.00789	0.00496	0.00483	0.00944	0.01436	0.01942	0.52742	0.06300	0.27854	0.01213	0.00645	0.00177	0.00265	0.01052	0.00568	0.00496
14	0.84691	0.01054	0.00801	0.00717	0.01054	0.01223	0.00590	0.01603	0.00928	0.02446	0.00759	0.00886	0.00590	0.00506	0.00337	0.00169	0.00422	0.00295	0.00337	0.00590
15	0.07464	0.01486	0.01590	0.06611	0.03368	0.03970	0.01053	0.61861	0.02296	0.03132	0.01229	0.01282	0.00883	0.00631	0.00530	0.00164	0.00609	0.00473	0.00497	0.00873
16	0.07266	0.06262	0.02960	0.01307	0.05805	0.07119	0.01030	0.43768	0.05817	0.02685	0.01371	0.01428	0.04132	0.00670	0.00602	0.00166	0.05853	0.00488	0.00452	0.00819
17	0.07105	0.01260	0.03178	0.04248	0.06117	0.01351	0.00974	0.26787	0.27668	0.06349	0.01877	0.01903	0.05761	0.00719	0.00544	0.00175	0.00514	0.02142	0.00502	0.00827
18	0.01664	0.01150	0.01258	0.01018	0.01313	0.01242	0.00790	0.42182	0.06849	0.08332	0.01561	0.02060	0.01320	0.23534	0.01178	0.00269	0.00550	0.00590	0.02398	0.00743
19	0.02009	0.02534	0.01526	0.01384	0.01666	0.75434	0.01040	0.03679	0.01560	0.01381	0.00949	0.01078	0.02286	0.00581	0.00496	0.00142	0.00961	0.00371	0.00291	0.00635
20	0.01130	0.00969	0.01130	0.00807	0.01292	0.00727	0.00646	0.01373	0.01130	0.01776	0.00969	0.01130	0.00807	0.00404	0.00404	0.00081	0.00404	0.00323	0.00323	0.84173
21	0.00664	0.00474	0.00633	0.00759	0.00791	0.00443	0.00506	0.00759	0.01044	0.01392	0.03005	0.80485	0.03606	0.01708	0.00696	0.00221	0.00316	0.01550	0.00506	0.00443
22	0.01264	0.06701	0.03051	0.02123	0.02640	0.01379	0.66412	0.01685	0.01262	0.01696	0.01184	0.05759	0.00971	0.00528	0.00627	0.00181	0.00864	0.00670	0.00286	0.00717
23	0.00772	0.00524	0.00600	0.00613	0.00627	0.00516	0.00357	0.00794	0.00857	0.01139	0.03853	0.12021	0.05431	0.66917	0.02406	0.00472	0.00488	0.00895	0.00363	0.00353
24	0.01287	0.01471	0.03217	0.02298	0.02849	0.01379	0.75460	0.01746	0.01287	0.01746	0.01103	0.01471	0.00827	0.00460	0.00643	0.00184	0.00919	0.00643	0.00276	0.00735
25	0.00664	0.00474	0.00633	0.00759	0.00791	0.00443	0.00506	0.00759	0.01044	0.01392	0.03005	0.80485	0.03606	0.01708	0.00696	0.00221	0.00316	0.01550	0.00506	0.00443
26	0.00683	0.00482	0.00627	0.00735	0.00762	0.00455	0.00480	0.00764	0.01007	0.01342	0.02815	0.69133	0.03366	0.13387	0.01003	0.00267	0.00348	0.01438	0.00480	0.00426
27	0.00749	0.00556	0.00698	0.00663	0.00801	0.00505	0.00497	0.00986	0.01491	0.02062	0.64668	0.04277	0.17705	0.01161	0.00643	0.00174	0.00261	0.01015	0.00584	0.00505
28	0.01458	0.81168	0.02857	0.00933	0.01399	0.02157	0.00933	0.01632	0.01108	0.01283	0.00758	0.00875	0.00700	0.00466	0.00350	0.00117	0.00583	0.00292	0.00233	0.00700
29	0.01170	0.01162	0.01626	0.01403	0.01404	0.01618	0.01164	0.01289	0.00844	0.01315	0.00813	0.04561	0.00838	0.00986	0.01743	0.00238	0.76465	0.00523	0.00250	0.00590
30	0.00657	0.00544	0.00576	0.00586	0.00749	0.00463	0.00433	0.00801	0.01247	0.01525	0.11429	0.13330	0.62992	0.01393	0.00650	0.00187	0.00279	0.01180	0.00514	0.00463
31	0.01356	0.01171	0.01233	0.01109	0.01418	0.01356	0.00863	0.02897	0.76455	0.02281	0.02219	0.02034	0.01664	0.00740	0.00555	0.00185	0.00431	0.00616	0.00555	0.00863
32	0.84691	0.01054	0.00801	0.00717	0.01054	0.01223	0.00590	0.01603	0.00928	0.02446	0.00759	0.00886	0.00590	0.00506	0.00337	0.00169	0.00422	0.00295	0.00337	0.00590
33	0.01178	0.01171	0.01642	0.01412	0.01415	0.01635	0.01175	0.01300	0.00836	0.01310	0.00742	0.01226	0.00738	0.01064	0.04485	0.00261	0.77094	0.00481	0.00240	0.00593
34	0.00668	0.00477	0.00636	0.00757	0.00792	0.00445	0.00506	0.00768	0.01060	0.01418	0.05438	0.77977	0.03656	0.01689	0.00694	0.00220	0.00314	0.01531	0.00509	0.00445
35	0.81980	0.01070	0.00829	0.00735	0.01075	0.01238	0.00605	0.04032	0.00981	0.02479	0.00777	0.00900	0.00601	0.00511	0.00344	0.00169	0.00428	0.00302	0.00344	0.00601
36	0.04190	0.66659	0.12852	0.01017	0.01521	0.03300	0.01069	0.01653	0.01115	0.01382	0.00789	0.00914	0.00695	0.00476	0.00374	0.00126	0.00614	0.00308	0.00237	0.00709
37	0.01136	0.12391	0.55779	0.01406	0.03948	0.01281	0.01665	0.01650	0.01203	0.03312	0.10034	0.01483	0.01239	0.00585	0.00513	0.00165	0.00701	0.00463	0.00285	0.00762
38	0.01442	0.01879	0.16268	0.02393	0.36760	0.19322	0.08146	0.01791	0.01300	0.01659	0.01038	0.01384	0.00860	0.00538	0.00540	0.00164	0.00775	0.02692	0.00273	0.00776
39	0.01139	0.04325	0.74355	0.01525	0.02313	0.01271	0.01959	0.01751	0.01162	0.03865	0.01007	0.01165	0.00709	0.00521	0.00515	0.00171	0.00792	0.00405	0.00243	0.00807
40	0.01233	0.01391	0.02995	0.02158	0.02673	0.01301	0.69150	0.01664	0.01277	0.01721	0.01392	0.04257	0.04838	0.00548	0.00645	0.00185	0.00866	0.00699	0.00295	0.00712
41	0.28676	0.01393	0.01289	0.03525	0.03997	0.13751	0.02762	0.18527	0.07684	0.06420	0.01215	0.03478	0.00946	0.00615	0.00471	0.00165	0.00576	0.00452	0.03338	0.00720
42	0.00736	0.00606	0.00638	0.00656	0.00795	0.02395	0.00471	0.02734	0.01226	0.01521	0.08938	0.24541	0.45586	0.05701	0.00766	0.00210	0.00325	0.01189	0.00498	0.00468
43	0.02374	0.01034	0.03981	0.01009	0.01445	0.00877	0.00859	0.07463	0.01613	0.70217	0.02054	0.01795	0.01298	0.00668	0.00547	0.00168	0.00485	0.00539	0.00651	0.00923
44	0.02238	0.01262	0.01472	0.01128	0.01558	0.01297	0.00932	0.43318	0.02119	0.36366	0.01682	0.01551	0.01114	0.00663	0.00547	0.00166	0.00540	0.00516	0.00603	0.00927
45	0.01345	0.03139	0.17551	0.02175	0.12952	0.10048	0.41231	0.01779	0.01280	0.01693	0.01033	0.01327	0.00789	0.00486	0.00583	0.00173	0.00861	0.00536	0.00266	0.00755
46	0.00647	0.00552	0.00556	0.00555	0.00738	0.00461	0.00416	0.00787	0.01249	0.01487	0.06980	0.05223	0.75752	0.01375	0.00644	0.00184	0.00276	0.01147	0.00508	0.00461
47	0.00796	0.00583	0.00750	0.00704	0.00840	0.00550	0.00529	0.01108	0.04725	0.02190	0.73969	0.03986	0.04996	0.01099	0.00639	0.00172	0.00265	0.00970	0.00598	0.00529
48	0.01147	0.01159	0.01957	0.32067	0.02613	0.01434	0.15735	0.01428	0.01022	0.01428	0.00890	0.01348	0.00742	0.00699	0.01081	0.00206	0.33657	0.00512	0.00247	0.00627
49	0.00767	0.00555	0.00719	0.00703	0.00821	0.00515	0.00526	0.00996	0.01445	0.02017	0.60864	0.09629	0.07834	0.04460	0.00741	0.00195	0.00290	0.05851	0.00572	0.00499
50	0.00766	0.00555	0.00722	0.00684	0.00812	0.00511	0.00512	0.01016	0.01524	0.02149	0.73557	0.05905	0.06965	0.01135	0.00644	0.00173	0.00259	0.01003	0.00595	0.00511
51	0.00678	0.00552	0.00590	0.00581	0.00745	0.00475	0.00430	0.00832	0.01280	0.01595	0.19699	0.04925	0.58886	0.05416	0.00754	0.00199	0.00285	0.01099	0.00516	0.00464
52	0.02346	0.00903	0.01225	0.00947	0.01350	0.00783	0.00780	0.02560	0.01549	0.73015	0.04924	0.01943	0.01492	0.00690	0.00547	0.00168	0.00451	0.00563	0.02863	0.00901
53	0.84691	0.01054	0.00801	0.00717	0.01054	0.01223	0.00590	0.01603	0.00928	0.02446	0.00759	0.00886	0.00590	0.00506	0.00337	0.00169	0.00422	0.00295	0.00337	0.00590
54	0.07495	0.05600	0.01547	0.01340	0.01632	0.70495	0.01018	0.02117	0.01487	0.01406	0.00834	0.00972	0.00695	0.00554	0.00476	0.00141	0.00930	0.00345	0.00283	0.00632
55	0.02000	0.01473	0.01584	0.01229	0.01644	0.01626	0.01009	0.71770	0.02485	0.03331	0.01396	0.05383	0.01065	0.00709	0.00553	0.00167	0.00585	0.00545	0.00543	0.00902
56	0.00745	0.00548	0.00694	0.00674	0.00798	0.00501	0.00497	0.00966	0.01442	0.01995	0.59256	0.11617	0.14286	0.02708	0.00688	0.00185	0.00270	0.01058	0.00574	0.00497
57	0.03952	0.08883	0.51089	0.03216	0.04072	0.01390	0.05361	0.01666	0.01112	0.02641	0.00941	0.01161	0.00712	0.00568	0.00670	0.00177	0.10969	0.00417	0.00244	0.00758
58	0.00693	0.00540	0.00595	0.00610	0.00733	0.00480	0.00430	0.00813	0.01160	0.01456	0.11446	0.14667	0.44526	0.16583	0.01060	0.00255	0.00333	0.02698	0.00482	0.00439
59	0.01404	0.03140	0.01479	0.01059	0.01523	0.00991	0.08865	0.12846	0.02681	0.08517	0.01205	0.03310	0.00958	0.00512	0.00472	0.00118	0.00498	0.00438	0.00388	0.49596
60	0.01137	0.01102	0.01811	0.32992	0.05237	0.01245	0.13848	0.01530	0.06085	0.01560	0.01076	0.02760	0.00877	0.00660	0.01838	0.00188	0.13819	0.00518	0.00285	0.11432
61	0.42817	0.01194	0.05452	0.15399	0.12352	0.01251	0.01020	0.08365	0.01171	0.02200	0.00933	0.01147	0.00718	0.00529	0.00434	0.00168	0.00540	0.00387	0.03253	0.00671
62	0.00706	0.00531	0.00699	0.00743	0.00818	0.00491	0.02756	0.00816	0.01082	0.01422	0.08247	0.49428	0.15561	0.12875	0.00979	0.00255	0.00354	0.01310	0.00480	0.00443
63	0.00783	0.00563	0.00697	0.00752	0.00822	0.00544	0.00512	0.05750	0.01160	0.01547	0.08650	0.54297	0.07436	0.12642	0.00970	0.00255	0.00358	0.01307	0.00491	0.00466
64	0.01973	0.02357	0.01496	0.01351	0.01641	0.66133	0.01020	0.02283	0.10473	0.04696	0.01062	0.01145	0.00844	0.00588	0.00502	0.00147	0.00895	0.00391	0.00330	0.00672
65	0.82781	0.01052	0.00820	0.02517	0.01116	0.01223	0.00612	0.01598	0.00932	0.02422	0.00764	0.00899	0.00594	0.00507	0.00342	0.00169	0.00429	0.00300	0.00335	0.00591
66	0.01287	0.01471	0.03217	0.02298	0.02849	0.01379	0.75460	0.01746	0.01287	0.01746	0.01103	0.01471	0.00827	0.00460	0.00643	0.00184	0.00919	0.00643	0.00276	0.00735
67	0.01836	0.02004	0.01430	0.01261	0.01566	0.47898	0.00966	0.05347	0.14441	0.06813	0.01294	0.01345	0.02580	0.00622	0.00540	0.00151	0.02860	0.00435	0.00373	0.06240
68	0.00702	0.00507	0.00669	0.00761	0.00826	0.00474	0.00540	0.00841	0.01156	0.01550	0.15286	0.56863	0.07445	0.01574	0.00690	0.00214	0.00323	0.08597	0.00521	0.00461
69	0.14609	0.01069	0.01239	0.00979	0.01380	0.03695	0.00803	0.09251	0.04052	0.54505	0.01822	0.01636	0.01185	0.00646	0.00515	0.00168	0.00487	0.00501	0.00595	0.00865
70	0.01977	0.01336	0.01488	0.01142	0.01570	0.01400	0.00938	0.53220	0.02192	0.14813	0.01453	0.03793	0.01061	0.00660	0.00534	0.00156	0.00547	0.00513	0.00538	0.10669
71	0.01325	0.01381	0.06861	0.05199	0.70922	0.01291	0.01690	0.01669	0.01232	0.01768	0.01021	0.01340	0.00849	0.00489	0.00539	0.00163	0.00659	0.00481	0.00267	0.00853
72	0.01488	0.74352	0.04311	0.00977	0.01438	0.07211	0.00963	0.01670	0.01138	0.01295	0.00768	0.00887	0.00700	0.00474	0.00363	0.00119	0.00614	0.00298	0.00236	0.00697
73	0.01218	0.01353	0.02888	0.02099	0.02578	0.01282	0.65254	0.01626	0.01242	0.01687	0.01272	0.08200	0.01092	0.02845	0.00735	0.00198	0.02719	0.00720	0.00296	0.00696
74	0.02046	0.01453	0.01580	0.01213	0.01647	0.01581	0.01000	0.65606	0.04383	0.08805	0.01382	0.01362	0.00973	0.00649	0.00541	0.00161	0.00578	0.00492	0.00547	0.04001
75	0.01193	0.01108	0.01712	0.36500	0.27064	0.01252	0.01403	0.01786	0.17013	0.01707	0.01356	0.01630	0.02746	0.00586	0.00548	0.00176	0.00628	0.00528	0.00323	0.00740
76	0.00680	0.00500	0.00642	0.00750	0.00813	0.00462	0.00526	0.00796	0.01093	0.01426	0.03379	0.62320	0.14800	0.01640	0.00693	0.00218	0.00327	0.07980	0.00506	0.00451
77	0.01557	0.00984	0.01157	0.00968	0.01247	0.01036	0.00763	0.24055	0.08924	0.17236	0.06816	0.02224	0.04109	0.10941	0.13754	0.00329	0.00651	0.00621	0.01901	0.00726
78	0.01115	0.02792	0.76338	0.01547	0.02345	0.01275	0.01993	0.03349	0.01182	0.01764	0.00986	0.01154	0.00696	0.00521	0.00519	0.00172	0.00801	0.00405	0.00237	0.00808
79	0.01130	0.00969	0.01130	0.00807	0.01292	0.00727	0.00646	0.01373	0.01130	0.01776	0.00969	0.01130	0.00807	0.00404	0.00404	0.00081	0.00404	0.00323	0.00323	0.84173
80	0.00683	0.00559	0.00595	0.00597	0.00757	0.00487	0.00438	0.00854	0.02785	0.01548	0.13590	0.10636	0.58003	0.05118	0.00747	0.00202	0.00292	0.01133	0.00510	0.00467
81	0.01311	0.01263	0.02169	0.08596	0.68435	0.01275	0.03891	0.01638	0.01232	0.01747	0.01115	0.01440	0.02408	0.00507	0.00545	0.00164	0.00654	0.00504	0.00273	0.00833
82	0.01093	0.02820	0.78016	0.01554	0.02360	0.01266	0.02014	0.01727	0.01151	0.01727	0.00978	0.01151	0.00691	0.00518	0.00518	0.00173	0.00806	0.00403	0.00230	0.00806
