[name]
unknown

[dist]
# distance from previous block
# <min> <max>
57	113

[block]
# block no. 0 follows, 43 sequences, length 16
# corresponding to MSA columns:
# 146-161
name=unknown_A
#
# <colnr> <probs for GDERKNQSTAVLIFYWHMCP>
#	G	D	E	R	K	N	Q	S	T	A	V	L	I	F	Y	W	H	M	C	P
0	0.04359	0.09847	0.23952	0.04292	0.01907	0.03751	0.07880	0.06717	0.05697	0.05705	0.01286	0.03524	0.03134	0.00654	0.00679	0.00174	0.10282	0.00502	0.00331	0.05326
1	0.14617	0.05014	0.28445	0.02779	0.01740	0.03000	0.01251	0.11227	0.03819	0.05438	0.01207	0.05440	0.00990	0.03325	0.00628	0.00182	0.03871	0.00486	0.00350	0.06190
2	0.11995	0.11361	0.21602	0.01291	0.03981	0.04366	0.06934	0.01520	0.01105	0.01679	0.03296	0.06003	0.01102	0.03859	0.03522	0.01892	0.08161	0.00512	0.00295	0.05524
3	0.04036	0.08731	0.18798	0.06012	0.01896	0.04414	0.08821	0.08181	0.03285	0.11390	0.03295	0.05040	0.04226	0.00706	0.00673	0.00179	0.08641	0.00561	0.00373	0.00744
4	0.02983	0.01063	0.10233	0.01054	0.02587	0.02801	0.05872	0.03875	0.02504	0.10480	0.15632	0.20907	0.07219	0.04858	0.00720	0.00202	0.00481	0.02336	0.00474	0.03721
5	0.05964	0.06624	0.12552	0.12241	0.06500	0.01252	0.11344	0.09872	0.06234	0.07644	0.06054	0.04591	0.04180	0.00674	0.00552	0.00175	0.00623	0.00590	0.01591	0.00742
6	0.01238	0.06541	0.42023	0.01457	0.05048	0.01196	0.05295	0.06653	0.01291	0.06740	0.01467	0.12922	0.01307	0.00755	0.00564	0.00182	0.00683	0.03534	0.00341	0.00762
7	0.02226	0.00943	0.01239	0.00989	0.01377	0.00861	0.00802	0.02602	0.10893	0.63018	0.02251	0.07078	0.01562	0.00763	0.00568	0.00177	0.00457	0.00633	0.00659	0.00902
8	0.01080	0.01211	0.07537	0.33311	0.05359	0.01157	0.24211	0.01460	0.01205	0.01602	0.04535	0.07030	0.06466	0.00683	0.00604	0.00186	0.00723	0.00676	0.00308	0.00655
9	0.01328	0.06768	0.43667	0.04363	0.02112	0.05953	0.06588	0.01797	0.01273	0.10519	0.06095	0.03087	0.01195	0.00626	0.00545	0.00173	0.00729	0.02083	0.00329	0.00770
10	0.02183	0.00975	0.01260	0.00985	0.01372	0.00900	0.00806	0.12795	0.01728	0.55977	0.12917	0.02134	0.01871	0.00748	0.00571	0.00171	0.00460	0.00613	0.00656	0.00881
11	0.00714	0.00556	0.00648	0.00640	0.00788	0.00490	0.00474	0.00904	0.01381	0.01811	0.37063	0.11347	0.38575	0.01311	0.00659	0.00185	0.00276	0.01130	0.00557	0.00490
12	0.01808	0.01132	0.01327	0.03480	0.01485	0.01183	0.00883	0.36548	0.01956	0.20121	0.07338	0.05941	0.04667	0.03335	0.02979	0.00209	0.00549	0.03692	0.00559	0.00809
13	0.06804	0.09157	0.39283	0.03663	0.04806	0.03385	0.01491	0.04447	0.01206	0.04886	0.02904	0.01339	0.00916	0.00831	0.06037	0.00221	0.05268	0.00440	0.02168	0.00747
14	0.00749	0.00550	0.00697	0.00730	0.00809	0.00548	0.00517	0.00871	0.01027	0.01362	0.06062	0.20338	0.16427	0.22005	0.20286	0.00459	0.00661	0.05042	0.00420	0.00442
15	0.00690	0.00494	0.00659	0.00776	0.00818	0.00462	0.00529	0.00804	0.01102	0.01477	0.07917	0.72272	0.03748	0.01687	0.00706	0.00223	0.00325	0.04334	0.00520	0.00457

[dist]
# distance from previous block
# <min> <max>
3	6

[block]
# block no. 1 follows, 43 sequences, length 31
# corresponding to MSA columns:
# 168-198
name=unknown_B
#
# <colnr> <probs for GDERKNQSTAVLIFYWHMCP>
#	G	D	E	R	K	N	Q	S	T	A	V	L	I	F	Y	W	H	M	C	P
0	0.74822	0.01190	0.04565	0.00806	0.01179	0.01277	0.00700	0.06660	0.01067	0.02518	0.00820	0.00942	0.00628	0.00525	0.00366	0.00171	0.00460	0.00319	0.00352	0.00634
1	0.01133	0.00627	0.00819	0.00773	0.00948	0.00562	0.00577	0.01320	0.01384	0.19390	0.29497	0.27258	0.11028	0.01242	0.00648	0.00191	0.00331	0.01092	0.00588	0.00592
2	0.02020	0.01505	0.01627	0.02796	0.01733	0.01660	0.01041	0.68155	0.05643	0.03341	0.01350	0.01358	0.00965	0.00658	0.00549	0.00165	0.00598	0.00498	0.00541	0.03798
3	0.06912	0.01891	0.33411	0.04420	0.15743	0.02992	0.04984	0.03955	0.01217	0.03161	0.01188	0.03554	0.02596	0.02039	0.00607	0.00176	0.03187	0.00489	0.00294	0.07184
4	0.03261	0.09228	0.49623	0.01464	0.04456	0.01299	0.03462	0.03580	0.02718	0.12453	0.02654	0.01333	0.00916	0.00561	0.00519	0.00170	0.00716	0.00444	0.00324	0.00820
5	0.01311	0.39639	0.35097	0.01453	0.09048	0.01717	0.01493	0.01704	0.01157	0.01546	0.00892	0.01056	0.00723	0.00498	0.00447	0.00147	0.00696	0.00364	0.00239	0.00773
6	0.02032	0.01225	0.01394	0.01090	0.01482	0.01283	0.00893	0.42268	0.04083	0.24340	0.05268	0.01710	0.01334	0.00694	0.00544	0.00165	0.00516	0.00544	0.08252	0.00881
7	0.01373	0.10234	0.01354	0.00974	0.01264	0.01025	0.04312	0.12214	0.04774	0.14420	0.18283	0.07303	0.09459	0.01151	0.05897	0.00224	0.00525	0.04013	0.00512	0.00688
8	0.01321	0.03241	0.13238	0.14297	0.01815	0.01127	0.01059	0.14878	0.08515	0.07744	0.03334	0.03512	0.03957	0.16568	0.02804	0.00264	0.00618	0.00612	0.00405	0.00690
9	0.00683	0.00567	0.00601	0.00605	0.00783	0.00484	0.00463	0.00843	0.01292	0.01576	0.12190	0.05279	0.65021	0.01386	0.00662	0.00190	0.00294	0.06082	0.00523	0.00476
10	0.02190	0.01043	0.01310	0.01020	0.01416	0.00996	0.00836	0.19902	0.01827	0.50693	0.10928	0.02022	0.01730	0.00734	0.00568	0.00170	0.00479	0.00596	0.00645	0.00892
11	0.01636	0.01447	0.10383	0.01179	0.01550	0.07087	0.02344	0.30267	0.04994	0.10172	0.04285	0.14375	0.01609	0.00895	0.00637	0.03025	0.00583	0.02274	0.00488	0.00771
12	0.02003	0.02300	0.01575	0.07459	0.04682	0.62088	0.01105	0.02177	0.01524	0.08625	0.01000	0.01134	0.00784	0.00577	0.00511	0.00149	0.00916	0.00391	0.00320	0.00677
13	0.01910	0.01164	0.01294	0.01023	0.01383	0.01228	0.00835	0.41680	0.02030	0.18206	0.01625	0.01629	0.01151	0.00664	0.00512	0.00158	0.00492	0.00515	0.21664	0.00834
14	0.01148	0.00984	0.01148	0.00820	0.01312	0.00738	0.00656	0.01395	0.01148	0.01805	0.00984	0.01148	0.00820	0.00410	0.00410	0.00082	0.00410	0.00328	0.00328	0.83922
15	0.15257	0.03977	0.01801	0.09384	0.30208	0.16356	0.04890	0.01786	0.01254	0.04868	0.01008	0.01254	0.00808	0.00538	0.00530	0.00164	0.02509	0.00439	0.02230	0.00737
16	0.00793	0.00586	0.00854	0.00854	0.00941	0.00673	0.00648	0.00966	0.00879	0.01259	0.01516	0.02357	0.01463	0.13719	0.68883	0.00846	0.01365	0.00620	0.00302	0.00475
17	0.01076	0.00667	0.00831	0.00794	0.00974	0.00629	0.00597	0.01394	0.08610	0.14304	0.24731	0.24216	0.14556	0.01235	0.00646	0.00193	0.00339	0.03034	0.00575	0.00598
18	0.05539	0.07290	0.07020	0.15762	0.20802	0.02541	0.06275	0.06711	0.06117	0.14681	0.01287	0.01448	0.00949	0.00566	0.00533	0.00170	0.00643	0.00492	0.00374	0.00803
19	0.01032	0.08316	0.01119	0.01020	0.01199	0.00824	0.00901	0.03570	0.01311	0.03825	0.02655	0.05459	0.02830	0.01378	0.00713	0.00237	0.00520	0.62047	0.00490	0.00555
20	0.00678	0.00495	0.00638	0.00745	0.00798	0.00455	0.00504	0.00787	0.01107	0.01462	0.06876	0.68308	0.11770	0.01670	0.00699	0.00218	0.00314	0.01502	0.00519	0.00455
21	0.00914	0.00652	0.00774	0.02527	0.00952	0.02407	0.00567	0.01129	0.01434	0.07717	0.40474	0.07935	0.25038	0.01194	0.00647	0.00183	0.00325	0.04027	0.00563	0.00540
22	0.13089	0.42718	0.15428	0.08493	0.01771	0.01730	0.01146	0.01690	0.01121	0.05245	0.00897	0.01051	0.00728	0.00518	0.00446	0.00148	0.02440	0.00352	0.00274	0.00714
23	0.42781	0.01371	0.01183	0.00997	0.01362	0.09135	0.00806	0.22407	0.08645	0.04886	0.01119	0.01170	0.00834	0.00590	0.00445	0.00169	0.00539	0.00400	0.00427	0.00736
24	0.00785	0.00569	0.00755	0.00715	0.00843	0.00539	0.00539	0.01040	0.01503	0.02132	0.69618	0.03950	0.04860	0.01420	0.08052	0.00242	0.00378	0.00963	0.00580	0.00520
25	0.01132	0.03841	0.03828	0.38850	0.18579	0.01228	0.04862	0.01455	0.01134	0.01559	0.01161	0.06320	0.00997	0.00643	0.00640	0.00181	0.06402	0.00559	0.05961	0.00668
26	0.01289	0.40367	0.41723	0.01275	0.01928	0.01721	0.01518	0.01708	0.01148	0.01537	0.00886	0.01034	0.00706	0.00501	0.00444	0.00148	0.00710	0.00355	0.00235	0.00767
27	0.00675	0.00482	0.00643	0.00771	0.00803	0.00450	0.00514	0.00771	0.01060	0.01414	0.03053	0.80175	0.03663	0.01735	0.00707	0.00225	0.00321	0.01574	0.00514	0.00450
28	0.07048	0.54859	0.22468	0.01099	0.01655	0.01888	0.01213	0.01681	0.01124	0.01503	0.00829	0.00963	0.00701	0.00490	0.00400	0.00137	0.00641	0.00326	0.00243	0.00732
29	0.01144	0.10058	0.58148	0.01523	0.02228	0.01333	0.08778	0.01682	0.01153	0.01666	0.01036	0.01341	0.00805	0.05978	0.00678	0.00196	0.00789	0.00449	0.00246	0.00768
30	0.00950	0.06316	0.08294	0.00917	0.01051	0.00847	0.00755	0.01050	0.03186	0.01299	0.01753	0.23642	0.03837	0.09982	0.01420	0.22923	0.10146	0.00824	0.00343	0.00466

[dist]
# distance from previous block
# <min> <max>
2	25

[block]
# block no. 2 follows, 43 sequences, length 18
# corresponding to MSA columns:
# 229-241,244-248
name=unknown_C
#
# <colnr> <probs for GDERKNQSTAVLIFYWHMCP>
#	G	D	E	R	K	N	Q	S	T	A	V	L	I	F	Y	W	H	M	C	P
0	0.13217	0.04979	0.01305	0.05581	0.01454	0.01207	0.00848	0.23247	0.01593	0.11306	0.04927	0.11150	0.06159	0.00832	0.00617	0.00176	0.05500	0.00651	0.00471	0.04779
1	0.05096	0.00708	0.02780	0.03140	0.01046	0.00654	0.00633	0.05931	0.01198	0.04876	0.05568	0.51591	0.04033	0.05430	0.00755	0.00220	0.00389	0.01209	0.00487	0.04256
2	0.35039	0.09441	0.01369	0.00972	0.01363	0.01457	0.00813	0.27439	0.05101	0.04547	0.01145	0.03362	0.00897	0.00608	0.00447	0.00162	0.00506	0.00428	0.00429	0.04475
3	0.00969	0.00821	0.00747	0.00736	0.00780	0.11108	0.00458	0.01001	0.00928	0.01140	0.01695	0.07898	0.01917	0.62305	0.04892	0.00476	0.00618	0.00784	0.00338	0.00390
4	0.05523	0.12119	0.03889	0.12891	0.47021	0.01430	0.04630	0.03032	0.01231	0.01751	0.00991	0.01296	0.00818	0.00503	0.00517	0.00162	0.00663	0.00462	0.00273	0.00800
5	0.01374	0.08053	0.30517	0.17024	0.09690	0.03844	0.01574	0.15246	0.03995	0.01983	0.01080	0.01283	0.00805	0.00559	0.00526	0.00169	0.00724	0.00447	0.00312	0.00795
6	0.01336	0.01273	0.02167	0.07105	0.70509	0.01286	0.01661	0.01664	0.01254	0.01784	0.01111	0.01563	0.00959	0.00536	0.00557	0.00169	0.00656	0.03280	0.00282	0.00850
7	0.01001	0.00612	0.00794	0.00728	0.00895	0.00555	0.00550	0.01232	0.01504	0.12328	0.56020	0.07968	0.09512	0.02972	0.00694	0.00186	0.00301	0.00979	0.00602	0.00568
8	0.00892	0.00685	0.00994	0.14924	0.04660	0.00740	0.00788	0.01097	0.01084	0.03896	0.09558	0.08179	0.11387	0.10848	0.27304	0.00464	0.00823	0.00775	0.00377	0.00526
9	0.00846	0.03403	0.04801	0.10588	0.01338	0.00763	0.00795	0.01042	0.01000	0.01379	0.01897	0.24790	0.02015	0.09543	0.26694	0.00462	0.02040	0.03272	0.02822	0.00508
10	0.00908	0.00731	0.01164	0.01131	0.01312	0.00707	0.10891	0.01170	0.01272	0.01668	0.06489	0.12571	0.07503	0.01378	0.00732	0.00235	0.00523	0.48597	0.00484	0.00534
11	0.17952	0.01011	0.01419	0.01095	0.01501	0.00952	0.10842	0.02231	0.01422	0.46542	0.07926	0.01828	0.01469	0.00660	0.00537	0.00174	0.00509	0.00557	0.00558	0.00815
12	0.01233	0.01133	0.04357	0.12858	0.44312	0.01099	0.01400	0.01535	0.01242	0.05433	0.05216	0.12410	0.01548	0.00746	0.00582	0.00180	0.00595	0.03018	0.00346	0.00755
13	0.01551	0.03836	0.24923	0.04104	0.02320	0.01359	0.25351	0.15354	0.01531	0.12348	0.01252	0.01404	0.00883	0.00554	0.00573	0.00176	0.00762	0.00525	0.00369	0.00826
14	0.01432	0.01308	0.02099	0.12124	0.58126	0.01360	0.01593	0.11661	0.01425	0.01991	0.01074	0.01378	0.00870	0.00524	0.00550	0.00167	0.00661	0.00494	0.00309	0.00855
15	0.58773	0.01108	0.01176	0.09528	0.14299	0.01268	0.00906	0.01608	0.01011	0.02219	0.00838	0.01051	0.00666	0.00530	0.00448	0.00174	0.03070	0.00359	0.00318	0.00649
16	0.01566	0.70088	0.02734	0.00992	0.01462	0.02127	0.00962	0.11659	0.01326	0.01600	0.00846	0.00948	0.00742	0.00500	0.00382	0.00125	0.00595	0.00324	0.00280	0.00742
17	0.14447	0.01761	0.01598	0.05116	0.22215	0.33104	0.01166	0.01835	0.01296	0.01676	0.00938	0.01182	0.00782	0.00658	0.02566	0.00179	0.05405	0.00410	0.02977	0.00689

[dist]
# distance from previous block
# <min> <max>
0	1

[block]
# block no. 3 follows, 43 sequences, length 8
# corresponding to MSA columns:
# 250-257
name=unknown_D
#
# <colnr> <probs for GDERKNQSTAVLIFYWHMCP>
#	G	D	E	R	K	N	Q	S	T	A	V	L	I	F	Y	W	H	M	C	P
0	0.76353	0.01058	0.00861	0.00754	0.01105	0.01200	0.00621	0.01734	0.01006	0.09891	0.00911	0.00997	0.00676	0.00531	0.00364	0.00171	0.00433	0.00325	0.00377	0.00634
1	0.01012	0.00883	0.01375	0.03917	0.29621	0.00864	0.03004	0.01262	0.01278	0.01745	0.16739	0.08460	0.13140	0.05768	0.00757	0.00207	0.00491	0.08419	0.00418	0.00639
2	0.00838	0.00564	0.00721	0.00717	0.00845	0.00512	0.00524	0.01034	0.01384	0.06432	0.41810	0.25750	0.14155	0.01313	0.00663	0.00190	0.00294	0.01160	0.00574	0.00520
3	0.01670	0.00999	0.01223	0.00902	0.01369	0.00815	0.00732	0.05652	0.01378	0.28657	0.01427	0.01418	0.01021	0.00521	0.00469	0.00118	0.00442	0.00418	0.00466	0.50301
4	0.00770	0.00532	0.00659	0.00689	0.00717	0.00536	0.00438	0.00833	0.00918	0.01244	0.05691	0.22619	0.02497	0.46554	0.12453	0.00489	0.00598	0.00979	0.00388	0.00395
5	0.00697	0.00496	0.00654	0.00752	0.00796	0.00464	0.00506	0.00810	0.01116	0.01506	0.13051	0.65760	0.03789	0.05804	0.00811	0.00234	0.00324	0.01456	0.00518	0.00454
6	0.01111	0.02865	0.77667	0.01579	0.02397	0.01286	0.02046	0.01754	0.01169	0.01754	0.00994	0.01169	0.00702	0.00526	0.00526	0.00175	0.00818	0.00409	0.00234	0.00818
7	0.01969	0.01467	0.01583	0.01240	0.01653	0.01631	0.01017	0.64708	0.09136	0.03266	0.01421	0.01442	0.01033	0.00861	0.04756	0.00207	0.00641	0.00515	0.00541	0.00912

[dist]
# distance from previous block
# <min> <max>
0	1

[block]
# block no. 4 follows, 43 sequences, length 16
# corresponding to MSA columns:
# 259-274
name=unknown_E
#
# <colnr> <probs for GDERKNQSTAVLIFYWHMCP>
#	G	D	E	R	K	N	Q	S	T	A	V	L	I	F	Y	W	H	M	C	P
0	0.00705	0.00525	0.00632	0.00680	0.00766	0.00478	0.00467	0.00829	0.01169	0.01529	0.16119	0.36898	0.23660	0.11785	0.00958	0.00247	0.00328	0.01267	0.00507	0.00452
1	0.73190	0.01263	0.08756	0.00902	0.03674	0.01249	0.00784	0.01643	0.00976	0.02388	0.00803	0.00943	0.00619	0.00515	0.00368	0.00172	0.00476	0.00317	0.00329	0.00631
2	0.00707	0.00506	0.00669	0.00758	0.00813	0.00473	0.00522	0.00841	0.01169	0.01585	0.18862	0.59931	0.03945	0.03560	0.00749	0.00223	0.00319	0.03374	0.00530	0.00464
3	0.01794	0.01484	0.01563	0.10330	0.04855	0.10192	0.01076	0.36478	0.14339	0.05781	0.01396	0.01447	0.01026	0.00636	0.00542	0.00165	0.00626	0.00496	0.00472	0.05305
4	0.00773	0.00610	0.00750	0.04092	0.00990	0.02629	0.00575	0.00893	0.01083	0.01437	0.02778	0.62442	0.05897	0.04226	0.00740	0.00218	0.00371	0.01346	0.00474	0.07675
5	0.01850	0.01391	0.01519	0.01169	0.01607	0.01464	0.00964	0.56512	0.02241	0.03056	0.01337	0.01533	0.01027	0.00655	0.00535	0.00153	0.00564	0.04024	0.00506	0.17892
6	0.01974	0.01369	0.01582	0.01223	0.01625	0.01474	0.03922	0.56398	0.02275	0.10796	0.05073	0.01553	0.01193	0.00763	0.00667	0.05588	0.00583	0.00534	0.00539	0.00868
7	0.02195	0.01008	0.01279	0.00997	0.01393	0.00943	0.00817	0.15932	0.01759	0.54244	0.08411	0.02116	0.04802	0.00749	0.00569	0.00171	0.00471	0.00609	0.00648	0.00887
8	0.01014	0.00826	0.01054	0.01175	0.07873	0.02039	0.00874	0.01455	0.12597	0.01772	0.05224	0.08224	0.08712	0.01197	0.00665	0.00211	0.00475	0.36560	0.00482	0.07571
9	0.01348	0.01387	0.01429	0.07783	0.01592	0.19296	0.01041	0.07157	0.01211	0.01521	0.01251	0.13529	0.01253	0.01207	0.07633	0.00261	0.29537	0.00635	0.00324	0.00607
10	0.00696	0.00545	0.00630	0.00645	0.00783	0.00479	0.00470	0.00861	0.01306	0.01686	0.25445	0.21158	0.40527	0.01397	0.00665	0.00192	0.00284	0.01209	0.00542	0.00479
11	0.02353	0.01026	0.01321	0.01027	0.01447	0.00954	0.00844	0.10171	0.07921	0.63580	0.02103	0.01843	0.01354	0.00689	0.00557	0.00172	0.00483	0.00557	0.00662	0.00937
12	0.06483	0.01028	0.01567	0.54081	0.03018	0.01266	0.01344	0.01413	0.01057	0.01505	0.00927	0.01366	0.00735	0.00609	0.00740	0.00184	0.13970	0.00464	0.00259	0.07984
13	0.00900	0.00701	0.00962	0.00940	0.01056	0.00813	0.00727	0.04109	0.07269	0.01480	0.01715	0.12764	0.01668	0.03221	0.53828	0.00675	0.05550	0.00721	0.00356	0.00544
14	0.00786	0.00544	0.00684	0.00746	0.00826	0.00520	0.00521	0.03845	0.01221	0.01698	0.14946	0.54247	0.05896	0.01472	0.00658	0.00203	0.00315	0.01317	0.09068	0.00489
15	0.01879	0.01309	0.01451	0.01157	0.01530	0.01418	0.00938	0.53803	0.04597	0.09681	0.05298	0.09656	0.01501	0.00870	0.02097	0.00188	0.00562	0.00645	0.00560	0.00860

[dist]
# distance from previous block
# <min> <max>
2	6

[block]
# block no. 5 follows, 43 sequences, length 21
# corresponding to MSA columns:
# 281-301
name=unknown_F
#
# <colnr> <probs for GDERKNQSTAVLIFYWHMCP>
#	G	D	E	R	K	N	Q	S	T	A	V	L	I	F	Y	W	H	M	C	P
0	0.09228	0.01271	0.01502	0.09469	0.11014	0.01414	0.01073	0.26160	0.23517	0.04151	0.01524	0.01640	0.01156	0.00658	0.00539	0.00175	0.00553	0.02091	0.00469	0.02398
1	0.00693	0.00501	0.00662	0.00773	0.00823	0.00461	0.00520	0.00795	0.01064	0.01429	0.02973	0.77137	0.03554	0.01684	0.00695	0.00219	0.00325	0.01527	0.00507	0.03659
2	0.01147	0.00980	0.01161	0.04812	0.01425	0.00791	0.00707	0.02975	0.03609	0.01820	0.01207	0.03055	0.03018	0.00491	0.00439	0.00099	0.00426	0.00400	0.00346	0.71092
3	0.06910	0.12931	0.04928	0.01200	0.03124	0.09420	0.06919	0.14119	0.05636	0.05059	0.08433	0.03488	0.06126	0.00719	0.00585	0.00165	0.04415	0.00567	0.02978	0.02278
4	0.00683	0.00494	0.00646	0.00751	0.00802	0.00457	0.00509	0.00797	0.01118	0.01489	0.09643	0.68732	0.08509	0.01661	0.00699	0.00218	0.00313	0.01498	0.00522	0.00457
5	0.00686	0.00558	0.00611	0.00635	0.00795	0.00484	0.00480	0.00839	0.01258	0.01546	0.09591	0.14439	0.56978	0.01437	0.00670	0.00197	0.00304	0.07499	0.00520	0.00473
6	0.01365	0.19059	0.06359	0.14936	0.03568	0.12385	0.01170	0.01659	0.04786	0.03564	0.03094	0.03988	0.01025	0.00774	0.02472	0.00192	0.18156	0.00484	0.00296	0.00667
7	0.01331	0.01275	0.02176	0.12711	0.68082	0.01305	0.01680	0.01665	0.01242	0.01761	0.01035	0.01384	0.00860	0.00501	0.00549	0.00167	0.00668	0.00493	0.00271	0.00845
8	0.00822	0.00578	0.00734	0.00688	0.00836	0.00525	0.00518	0.01065	0.01527	0.04569	0.64705	0.04226	0.14821	0.01154	0.00650	0.00176	0.00271	0.01010	0.00599	0.00529
9	0.01379	0.01648	0.13534	0.04887	0.49914	0.08918	0.01618	0.01805	0.05465	0.01769	0.01133	0.01476	0.00938	0.00550	0.00547	0.00168	0.00702	0.02431	0.00291	0.00828
10	0.00850	0.00636	0.00888	0.05215	0.01056	0.00734	0.00661	0.01007	0.00906	0.01305	0.02861	0.02473	0.01538	0.23005	0.43742	0.00661	0.06165	0.00638	0.05190	0.00470
11	0.00748	0.00556	0.00704	0.00743	0.00859	0.00512	0.00562	0.00941	0.01325	0.01769	0.30738	0.24312	0.19121	0.01410	0.00686	0.00204	0.00323	0.13447	0.00549	0.00490
12	0.01377	0.01454	0.08776	0.05087	0.64857	0.01332	0.01693	0.05432	0.01317	0.01880	0.01051	0.01354	0.00862	0.00507	0.00547	0.00166	0.00672	0.00486	0.00284	0.00869
13	0.07901	0.02430	0.56211	0.01722	0.06445	0.01301	0.12818	0.01744	0.01177	0.01819	0.00997	0.01207	0.00724	0.00515	0.00532	0.00176	0.00795	0.00441	0.00252	0.00793
14	0.00778	0.00646	0.00705	0.00754	0.00902	0.03430	0.00589	0.00944	0.01252	0.01538	0.06081	0.17717	0.40498	0.01453	0.00687	0.00209	0.00375	0.20450	0.00507	0.00484
15	0.00720	0.00508	0.00622	0.00694	0.00727	0.00483	0.00442	0.00785	0.00985	0.01298	0.02791	0.46377	0.09091	0.30158	0.01465	0.00334	0.00396	0.01263	0.00450	0.00410
16	0.00888	0.00633	0.00781	0.00876	0.07313	0.00637	0.00485	0.03150	0.00912	0.01228	0.01735	0.07074	0.01962	0.67300	0.02449	0.00478	0.00539	0.00806	0.00346	0.00407
17	0.02008	0.01412	0.01542	0.01186	0.01618	0.01515	0.00975	0.58901	0.04304	0.09555	0.01414	0.01404	0.01003	0.00648	0.00538	0.00159	0.00566	0.00494	0.03113	0.07645
18	0.25500	0.10620	0.03626	0.01061	0.01459	0.12347	0.00895	0.20117	0.08055	0.05177	0.01122	0.01179	0.00853	0.00577	0.00455	0.00157	0.00585	0.00400	0.00403	0.05414
19	0.12491	0.03495	0.01383	0.01074	0.01441	0.06167	0.00875	0.41560	0.02015	0.05119	0.12682	0.01698	0.01549	0.00698	0.00524	0.00162	0.00538	0.00532	0.02710	0.03287
20	0.13844	0.42689	0.04433	0.01038	0.01403	0.10627	0.00952	0.01632	0.01120	0.01513	0.01027	0.01181	0.04564	0.00607	0.00589	0.00151	0.11316	0.00377	0.00273	0.00663

[dist]
# distance from previous block
# <min> <max>
1	7

[block]
# block no. 6 follows, 43 sequences, length 19
# corresponding to MSA columns:
# 309-327
name=unknown_G
#
# <colnr> <probs for GDERKNQSTAVLIFYWHMCP>
#	G	D	E	R	K	N	Q	S	T	A	V	L	I	F	Y	W	H	M	C	P
0	0.28118	0.01147	0.05242	0.11725	0.03202	0.01183	0.00919	0.14590	0.06491	0.03546	0.12218	0.01845	0.03066	0.00722	0.00541	0.02057	0.00505	0.01780	0.00423	0.00681
1	0.00832	0.04171	0.00885	0.00807	0.00951	0.00657	0.00589	0.01005	0.02921	0.01523	0.06295	0.46868	0.07339	0.02793	0.03689	0.00224	0.03426	0.01156	0.00457	0.13409
2	0.00861	0.00656	0.00738	0.00714	0.00893	0.00617	0.00534	0.04070	0.07955	0.04025	0.19661	0.16360	0.38278	0.01290	0.00648	0.00189	0.00316	0.01105	0.00545	0.00545
3	0.58756	0.07668	0.01049	0.02651	0.01190	0.01209	0.00682	0.01666	0.01059	0.09649	0.01257	0.01526	0.04165	0.00629	0.00409	0.00173	0.00452	0.04795	0.00383	0.00632
4	0.01247	0.07815	0.02021	0.34200	0.37580	0.01356	0.01537	0.01631	0.04282	0.01626	0.01046	0.01403	0.00840	0.00527	0.00535	0.00170	0.00676	0.00482	0.00272	0.00756
5	0.01773	0.05623	0.01467	0.01277	0.01533	0.55869	0.00968	0.05147	0.01478	0.01448	0.01177	0.10053	0.01116	0.01021	0.07438	0.00218	0.00930	0.00519	0.00322	0.00624
6	0.07735	0.00911	0.01154	0.00939	0.01308	0.00836	0.00773	0.04250	0.04035	0.53553	0.02487	0.02532	0.09330	0.00821	0.00570	0.00180	0.00454	0.06680	0.00622	0.00831
7	0.01070	0.01001	0.01683	0.63632	0.14090	0.01195	0.01499	0.01417	0.01126	0.01471	0.01118	0.06231	0.00935	0.00617	0.00562	0.00184	0.00702	0.00558	0.00266	0.00643
8	0.01061	0.01016	0.01742	0.53630	0.06451	0.01209	0.08650	0.01389	0.01107	0.01461	0.01194	0.09647	0.01058	0.00700	0.00685	0.00193	0.07286	0.00620	0.00278	0.00622
9	0.00943	0.00695	0.00930	0.01031	0.01178	0.00715	0.00891	0.01334	0.09065	0.01726	0.02862	0.05812	0.03031	0.01449	0.00744	0.00248	0.00503	0.65780	0.00516	0.00548
10	0.00892	0.00637	0.00892	0.01020	0.01147	0.00637	0.00892	0.01147	0.01275	0.01657	0.02932	0.06247	0.03187	0.01530	0.00765	0.00255	0.00510	0.73354	0.00510	0.00510
11	0.01043	0.00823	0.01162	0.10678	0.09639	0.00878	0.00983	0.01454	0.10781	0.04149	0.03526	0.15268	0.05214	0.01177	0.00700	0.00217	0.02829	0.28405	0.00460	0.00616
12	0.01258	0.02792	0.01665	0.04837	0.01593	0.10846	0.05222	0.01420	0.00982	0.01352	0.00893	0.01379	0.00842	0.02956	0.11137	0.00310	0.49163	0.00496	0.00259	0.00601
13	0.00682	0.00485	0.00641	0.00762	0.00792	0.00455	0.00504	0.00773	0.01047	0.01395	0.02982	0.76020	0.03573	0.06012	0.00822	0.00242	0.00333	0.01533	0.00504	0.00444
14	0.02105	0.01551	0.01662	0.01274	0.01717	0.01717	0.01053	0.75235	0.02604	0.03490	0.01330	0.01330	0.00942	0.00665	0.00554	0.00166	0.00609	0.00499	0.00554	0.00942
15	0.00662	0.00555	0.00576	0.00585	0.00756	0.00468	0.00433	0.00804	0.01259	0.01521	0.08547	0.11524	0.67578	0.01418	0.00659	0.00190	0.00283	0.01195	0.00518	0.00468
16	0.01512	0.01196	0.01345	0.01031	0.01434	0.01187	0.00828	0.30308	0.04995	0.02409	0.01216	0.01439	0.00986	0.06251	0.00721	0.00161	0.04792	0.00450	0.00423	0.37315
17	0.01128	0.00733	0.00844	0.00731	0.00998	0.00646	0.00570	0.04281	0.03944	0.14978	0.15314	0.03837	0.39050	0.01081	0.00605	0.00171	0.00343	0.00903	0.00543	0.09300
18	0.06521	0.76022	0.02775	0.00934	0.01400	0.02134	0.00927	0.01657	0.01114	0.01375	0.00770	0.00889	0.00704	0.00476	0.00355	0.00122	0.00582	0.00296	0.00243	0.00704

[dist]
# distance from previous block
# <min> <max>
1	2

[block]
# block no. 7 follows, 43 sequences, length 16
# corresponding to MSA columns:
# 330-345
name=unknown_H
#
# <colnr> <probs for GDERKNQSTAVLIFYWHMCP>
#	G	D	E	R	K	N	Q	S	T	A	V	L	I	F	Y	W	H	M	C	P
0	0.05459	0.64845	0.07996	0.00985	0.01474	0.01967	0.00998	0.01751	0.01158	0.07771	0.00905	0.00992	0.00760	0.00497	0.00384	0.00129	0.00591	0.00326	0.00279	0.00733
1	0.00723	0.00534	0.00676	0.00704	0.00806	0.00487	0.00504	0.00905	0.01332	0.01809	0.38421	0.32629	0.15629	0.01398	0.00673	0.00195	0.00287	0.01241	0.00559	0.00487
2	0.01299	0.01551	0.06388	0.02303	0.02874	0.01396	0.72008	0.01773	0.01301	0.01773	0.01115	0.01480	0.00835	0.00469	0.00648	0.00186	0.00929	0.00643	0.00278	0.00750
3	0.01311	0.01448	0.08321	0.13954	0.02673	0.01333	0.41994	0.11687	0.01423	0.01923	0.01271	0.07670	0.01051	0.00612	0.00619	0.00186	0.00802	0.00661	0.00327	0.00735
4	0.01341	0.01151	0.01221	0.01100	0.01402	0.01325	0.00855	0.02825	0.71470	0.02311	0.06866	0.02194	0.01909	0.00775	0.00569	0.00187	0.00427	0.00649	0.00566	0.00855
5	0.00687	0.00487	0.00639	0.00756	0.00785	0.00458	0.00498	0.00774	0.01037	0.01383	0.02933	0.73200	0.03513	0.08915	0.00899	0.00253	0.00341	0.01504	0.00498	0.00439
6	0.02167	0.01453	0.01601	0.01227	0.01668	0.01571	0.01014	0.63486	0.02439	0.15472	0.01468	0.01420	0.01011	0.00668	0.00555	0.00167	0.00587	0.00508	0.00575	0.00942
7	0.00798	0.00534	0.00606	0.00613	0.00615	0.00532	0.00345	0.00804	0.00819	0.01093	0.01817	0.07831	0.02104	0.76206	0.02703	0.00520	0.00525	0.00848	0.00345	0.00342
8	0.00800	0.00538	0.00619	0.00623	0.00628	0.00541	0.00358	0.00813	0.00818	0.01095	0.01776	0.06052	0.02038	0.74434	0.06245	0.00543	0.00574	0.00821	0.00340	0.00347
9	0.01119	0.02806	0.74485	0.01611	0.02418	0.01291	0.05169	0.01755	0.01175	0.01755	0.00999	0.01183	0.00708	0.00524	0.00532	0.00176	0.00823	0.00420	0.00236	0.00815
10	0.01371	0.01316	0.02248	0.03399	0.77081	0.01316	0.01700	0.01700	0.01261	0.01809	0.01042	0.01371	0.00877	0.00493	0.00548	0.00164	0.00658	0.00493	0.00274	0.00877
11	0.00768	0.00602	0.00711	0.00757	0.00908	0.00560	0.00597	0.01010	0.04792	0.01615	0.08735	0.15649	0.37643	0.01437	0.00689	0.00211	0.00358	0.21935	0.00521	0.00500
12	0.01261	0.02288	0.48072	0.01795	0.02503	0.01295	0.26391	0.01819	0.01241	0.06433	0.01110	0.01322	0.00789	0.00516	0.00571	0.00179	0.00836	0.00500	0.00277	0.00802
13	0.02456	0.00989	0.01314	0.01008	0.01437	0.00884	0.00832	0.08286	0.01664	0.71768	0.02119	0.01842	0.01338	0.00684	0.00557	0.00171	0.00482	0.00552	0.00675	0.00942
14	0.01094	0.01033	0.01747	0.68085	0.14562	0.01243	0.01562	0.01457	0.01130	0.01473	0.00993	0.01461	0.00759	0.00545	0.00553	0.00182	0.00726	0.00492	0.00250	0.00654
15	0.01140	0.01117	0.01563	0.50589	0.02926	0.07150	0.01324	0.01436	0.01098	0.01427	0.00972	0.01419	0.00784	0.00829	0.05691	0.00225	0.11380	0.00472	0.00259	0.08199

[dist]
# distance from previous block
# <min> <max>
0	1

[block]
# block no. 8 follows, 43 sequences, length 64
# corresponding to MSA columns:
# 347-410
name=unknown_I
#
# <colnr> <probs for GDERKNQSTAVLIFYWHMCP>
#	G	D	E	R	K	N	Q	S	T	A	V	L	I	F	Y	W	H	M	C	P
0	0.84448	0.01071	0.00814	0.00728	0.01071	0.01242	0.00600	0.01628	0.00943	0.02485	0.00771	0.00900	0.00600	0.00514	0.00343	0.00171	0.00428	0.00300	0.00343	0.00600
1	0.00677	0.00486	0.00643	0.00765	0.00803	0.00452	0.00512	0.00778	0.01076	0.01434	0.04785	0.76913	0.05195	0.01715	0.00705	0.00223	0.00319	0.01553	0.00516	0.00452
2	0.08282	0.26782	0.06718	0.01204	0.01589	0.21906	0.01065	0.15529	0.01480	0.01850	0.00907	0.01049	0.00747	0.00588	0.00578	0.00153	0.08154	0.00375	0.00318	0.00724
3	0.00985	0.00667	0.00913	0.03245	0.03179	0.00652	0.00812	0.01230	0.02623	0.07635	0.04545	0.16349	0.10978	0.01402	0.00710	0.00229	0.00458	0.42324	0.00514	0.00551
4	0.00674	0.00484	0.00640	0.00765	0.00802	0.00450	0.00511	0.00772	0.01067	0.01416	0.03132	0.77847	0.05940	0.01725	0.00705	0.00224	0.00320	0.01562	0.00514	0.00450
5	0.52051	0.06750	0.01196	0.01025	0.07208	0.01255	0.00768	0.05770	0.01183	0.15102	0.01082	0.01149	0.00794	0.00549	0.00408	0.00166	0.00472	0.00373	0.01994	0.00705
6	0.01671	0.03574	0.07619	0.01257	0.01616	0.03396	0.03127	0.43003	0.01915	0.02581	0.01381	0.02989	0.03201	0.06532	0.03298	0.00226	0.10836	0.00548	0.00440	0.00790
7	0.13816	0.01396	0.11716	0.06037	0.08925	0.02590	0.10767	0.11753	0.03442	0.08162	0.10119	0.01676	0.01389	0.00623	0.00534	0.00170	0.00601	0.00536	0.02072	0.03679
8	0.01451	0.64029	0.06989	0.01011	0.01483	0.05453	0.01002	0.01658	0.01141	0.01372	0.00802	0.00940	0.00720	0.00491	0.00421	0.00124	0.03043	0.00314	0.00246	0.07309
9	0.03861	0.01072	0.03613	0.01015	0.01387	0.03012	0.00847	0.11269	0.06003	0.43744	0.09919	0.02023	0.01695	0.00998	0.06728	0.00228	0.00568	0.00589	0.00591	0.00838
10	0.02003	0.01353	0.01495	0.01175	0.01580	0.01470	0.00962	0.51259	0.10715	0.14397	0.01586	0.01548	0.01122	0.00775	0.02722	0.00188	0.00581	0.00525	0.03638	0.00906
11	0.00790	0.00531	0.00609	0.00623	0.00627	0.00527	0.00356	0.00801	0.00835	0.01113	0.01897	0.12524	0.02205	0.71375	0.02573	0.00501	0.00512	0.00895	0.00356	0.00349
12	0.02732	0.00990	0.01548	0.37063	0.02567	0.01044	0.08861	0.04096	0.01199	0.03778	0.01284	0.09603	0.01117	0.00647	0.00540	0.00164	0.00611	0.00586	0.03254	0.18317
13	0.00947	0.00768	0.01148	0.03074	0.01204	0.00878	0.06603	0.03770	0.00986	0.01410	0.01455	0.04652	0.01420	0.17560	0.37919	0.00591	0.10667	0.00646	0.03783	0.00517
14	0.00690	0.00493	0.00647	0.00764	0.00803	0.00462	0.00515	0.00788	0.01060	0.01406	0.03053	0.70771	0.05829	0.06188	0.00827	0.00243	0.00339	0.04172	0.00504	0.00446
15	0.00677	0.00555	0.00597	0.00600	0.00765	0.00475	0.00445	0.00833	0.01295	0.01606	0.16829	0.11388	0.59240	0.01387	0.00659	0.00188	0.00281	0.01176	0.00530	0.00475
16	0.01157	0.08908	0.64421	0.01579	0.02330	0.01377	0.07158	0.01737	0.01167	0.01709	0.00978	0.01171	0.00713	0.00529	0.00556	0.00173	0.02879	0.00420	0.00238	0.00799
17	0.02105	0.01551	0.01662	0.01274	0.01717	0.01717	0.01053	0.75235	0.02604	0.03490	0.01330	0.01330	0.00942	0.00665	0.00554	0.00166	0.00609	0.00499	0.00554	0.00942
18	0.00805	0.00537	0.00604	0.00604	0.00604	0.00537	0.00336	0.00805	0.00805	0.01074	0.01745	0.03624	0.02013	0.80536	0.02819	0.00537	0.00537	0.00805	0.00336	0.00336
19	0.01148	0.00984	0.01148	0.00820	0.01312	0.00738	0.00656	0.01395	0.01148	0.01805	0.00984	0.01148	0.00820	0.00410	0.00410	0.00082	0.00410	0.00328	0.00328	0.83922
20	0.01079	0.01025	0.01759	0.59418	0.07125	0.01223	0.07310	0.01433	0.01132	0.01479	0.01140	0.01838	0.00947	0.00641	0.00638	0.00192	0.04439	0.06281	0.00271	0.00630
21	0.00710	0.00526	0.00664	0.00763	0.00831	0.00494	0.00531	0.00864	0.03262	0.01459	0.03362	0.59777	0.14312	0.03841	0.00758	0.00229	0.00337	0.06304	0.00510	0.00466
22	0.00685	0.00486	0.00640	0.00758	0.00787	0.00457	0.00500	0.00774	0.01040	0.01387	0.02949	0.74105	0.03532	0.07983	0.00874	0.00250	0.00338	0.01513	0.00500	0.00441
23	0.00889	0.00684	0.00870	0.02488	0.01039	0.00728	0.00664	0.06531	0.07115	0.01640	0.02650	0.58825	0.03022	0.01493	0.00762	0.00219	0.06028	0.03321	0.00496	0.00536
24	0.00789	0.00562	0.00751	0.09091	0.01120	0.00571	0.00615	0.00984	0.03393	0.01538	0.02623	0.57814	0.02958	0.01418	0.00639	0.00205	0.00360	0.01273	0.12804	0.00490
25	0.01775	0.07686	0.01668	0.01156	0.01619	0.01482	0.03073	0.47363	0.02057	0.02813	0.01186	0.01251	0.00888	0.00575	0.00502	0.00140	0.00564	0.00441	0.00460	0.23302
26	0.02153	0.01037	0.13238	0.01163	0.09258	0.00755	0.00906	0.01247	0.03613	0.03130	0.25896	0.24150	0.06673	0.01097	0.00620	0.00186	0.00426	0.00969	0.00470	0.03010
27	0.01174	0.18266	0.51793	0.01464	0.04524	0.01412	0.03945	0.01677	0.01199	0.01703	0.06964	0.01365	0.01072	0.00561	0.00507	0.00164	0.00727	0.00444	0.00267	0.00773
28	0.01874	0.03621	0.01618	0.01349	0.03703	0.29899	0.03745	0.28174	0.05493	0.04411	0.01323	0.01401	0.03374	0.00728	0.02699	0.00175	0.00758	0.00471	0.00415	0.04768
29	0.01263	0.07863	0.07858	0.05889	0.01726	0.05244	0.03991	0.01491	0.02667	0.01408	0.00822	0.01217	0.00750	0.00828	0.01391	0.00216	0.54011	0.00467	0.00252	0.00645
30	0.00735	0.00537	0.00696	0.00783	0.00867	0.00503	0.00579	0.00889	0.01189	0.01568	0.12403	0.43511	0.13403	0.03358	0.00754	0.00227	0.00353	0.16652	0.00521	0.00471
31	0.01333	0.01338	0.05442	0.02928	0.61193	0.01287	0.01571	0.01818	0.10197	0.01857	0.01323	0.01652	0.02495	0.00571	0.00557	0.00171	0.00628	0.02465	0.00318	0.00857
32	0.01099	0.00941	0.01151	0.05942	0.01424	0.00786	0.00723	0.01333	0.01123	0.01724	0.01177	0.08531	0.01084	0.00573	0.00515	0.00111	0.04256	0.00465	0.01672	0.65368
33	0.00876	0.00571	0.00744	0.00809	0.00920	0.00531	0.00609	0.01029	0.01196	0.07539	0.06650	0.40439	0.13427	0.03981	0.00765	0.00230	0.00376	0.18276	0.00526	0.00505
34	0.00826	0.00579	0.00746	0.00739	0.00872	0.00537	0.00566	0.01051	0.01428	0.04061	0.48102	0.09930	0.12364	0.04186	0.00751	0.00204	0.00320	0.11652	0.00570	0.00514
35	0.05682	0.17486	0.33600	0.01450	0.04858	0.03173	0.07924	0.01619	0.01152	0.01660	0.04076	0.04204	0.01030	0.00712	0.02719	0.00190	0.06979	0.00483	0.00275	0.00726
36	0.00881	0.00607	0.00707	0.00695	0.00739	0.00623	0.00437	0.06137	0.00972	0.01305	0.01853	0.12608	0.02086	0.59136	0.08485	0.00501	0.00592	0.00859	0.00370	0.00406
37	0.00687	0.00490	0.00636	0.00747	0.00781	0.00459	0.00493	0.00775	0.01041	0.01382	0.03003	0.69972	0.05879	0.09718	0.00919	0.00255	0.00342	0.01483	0.00496	0.00439
38	0.01150	0.09832	0.53500	0.01624	0.06820	0.01342	0.06529	0.01665	0.01161	0.01679	0.01107	0.06252	0.00913	0.00609	0.00577	0.00176	0.03533	0.00497	0.00258	0.00776
39	0.04235	0.18314	0.08947	0.01218	0.03852	0.18477	0.01033	0.14840	0.01460	0.01823	0.01290	0.08953	0.02421	0.03741	0.02412	0.00191	0.03904	0.00539	0.01657	0.00693
40	0.00780	0.00634	0.00690	0.00677	0.00828	0.02452	0.00499	0.02916	0.01292	0.01648	0.19746	0.10780	0.40151	0.07208	0.06967	0.00267	0.00420	0.01057	0.00500	0.00488
41	0.81887	0.01086	0.00840	0.00745	0.01091	0.01257	0.00614	0.03918	0.00994	0.02516	0.00789	0.00913	0.00610	0.00519	0.00349	0.00171	0.00434	0.00306	0.00349	0.00610
42	0.00739	0.00564	0.00678	0.00650	0.00800	0.00504	0.00487	0.00959	0.01462	0.01971	0.52207	0.04549	0.29964	0.01226	0.00654	0.00179	0.00268	0.01059	0.00577	0.00504
43	0.01250	0.01001	0.01218	0.03127	0.01419	0.00806	0.02129	0.04877	0.01258	0.05975	0.04128	0.01333	0.01032	0.00471	0.00443	0.00099	0.00436	0.00387	0.00366	0.68243
44	0.01253	0.01435	0.11941	0.22956	0.38561	0.03029	0.01607	0.01717	0.06565	0.01719	0.01155	0.01550	0.00936	0.00563	0.00553	0.00175	0.00688	0.02523	0.00289	0.00784
45	0.18768	0.05673	0.27611	0.09618	0.03969	0.01285	0.01312	0.08956	0.02798	0.05849	0.01072	0.01241	0.00797	0.00667	0.03140	0.00190	0.00665	0.00414	0.00328	0.05646
46	0.03140	0.01109	0.03550	0.27423	0.11695	0.03964	0.04939	0.10900	0.01353	0.01920	0.01332	0.06154	0.01100	0.00644	0.00524	0.00168	0.00599	0.00559	0.18256	0.00672
47	0.00856	0.00686	0.00876	0.01017	0.08109	0.00653	0.00707	0.03154	0.03370	0.01666	0.07815	0.15344	0.31479	0.02803	0.00714	0.00212	0.00396	0.19109	0.00495	0.00540
48	0.23614	0.03396	0.01424	0.30420	0.05048	0.01283	0.01096	0.11186	0.02744	0.08211	0.01169	0.01384	0.02183	0.00589	0.00519	0.00174	0.02356	0.00453	0.00361	0.02389
49	0.01663	0.04490	0.01721	0.07690	0.09395	0.20618	0.08047	0.15268	0.05453	0.08079	0.05969	0.04483	0.03302	0.00682	0.00557	0.00166	0.00692	0.00568	0.00408	0.00748
50	0.00721	0.00562	0.00654	0.00634	0.00790	0.00495	0.00474	0.00922	0.01414	0.01864	0.41856	0.06129	0.38956	0.01271	0.00655	0.00181	0.00271	0.01091	0.00563	0.00495
51	0.00710	0.00516	0.00626	0.00687	0.00748	0.00479	0.00456	0.00806	0.01079	0.01415	0.09177	0.42192	0.17034	0.20056	0.01187	0.00287	0.00359	0.01273	0.00480	0.00432
52	0.00723	0.00518	0.00680	0.00794	0.00841	0.00492	0.00542	0.02923	0.01112	0.01481	0.02999	0.75501	0.03569	0.01698	0.00704	0.00224	0.00336	0.03881	0.00515	0.00466
53	0.01042	0.00661	0.00818	0.00834	0.00962	0.00650	0.00599	0.09049	0.03317	0.08697	0.02667	0.56201	0.02929	0.01411	0.00647	0.00205	0.00364	0.01256	0.07124	0.00565
54	0.00812	0.00564	0.00686	0.00681	0.00700	0.00594	0.00427	0.00854	0.00823	0.01122	0.01670	0.03279	0.01858	0.63425	0.17932	0.00601	0.02517	0.00756	0.00326	0.00374
55	0.01148	0.00984	0.01148	0.00820	0.01312	0.00738	0.00656	0.01395	0.01148	0.01805	0.00984	0.01148	0.00820	0.00410	0.00410	0.00082	0.00410	0.00328	0.00328	0.83922
56	0.01148	0.00984	0.01148	0.00820	0.01312	0.00738	0.00656	0.01395	0.01148	0.01805	0.00984	0.01148	0.00820	0.00410	0.00410	0.00082	0.00410	0.00328	0.00328	0.83922
57	0.00678	0.00547	0.00604	0.00621	0.00771	0.00473	0.00454	0.00829	0.01271	0.01592	0.16034	0.19220	0.52122	0.01424	0.00664	0.00192	0.00285	0.01219	0.00529	0.00473
58	0.00687	0.00543	0.00624	0.00680	0.00810	0.00480	0.00503	0.00825	0.01197	0.01487	0.04475	0.30110	0.44699	0.01526	0.00684	0.00207	0.00319	0.09163	0.00514	0.00466
59	0.00799	0.00549	0.00650	0.00684	0.00709	0.00543	0.00421	0.03088	0.00951	0.01268	0.02194	0.30599	0.02563	0.50233	0.02003	0.00415	0.00463	0.01068	0.00405	0.00395
60	0.05481	0.00843	0.01106	0.01118	0.07104	0.02784	0.02715	0.09126	0.01139	0.01678	0.01334	0.01863	0.01185	0.04804	0.34968	0.10321	0.02537	0.00539	0.08796	0.00559
61	0.01610	0.51995	0.02497	0.01367	0.10829	0.20627	0.01070	0.01798	0.01250	0.01378	0.00824	0.00975	0.00732	0.00500	0.00414	0.00130	0.00699	0.00335	0.00253	0.00715
62	0.00827	0.00645	0.00721	0.00692	0.00874	0.00602	0.00521	0.02770	0.08381	0.03222	0.25268	0.09881	0.41041	0.01258	0.00645	0.00185	0.00304	0.01073	0.00550	0.00540
63	0.01252	0.09519	0.41625	0.04042	0.12540	0.03900	0.09683	0.01839	0.07144	0.01744	0.01089	0.01281	0.00821	0.00531	0.00530	0.00170	0.00762	0.00455	0.00273	0.00802

[dist]
# distance from previous block
# <min> <max>
0	1

[block]
# block no. 9 follows, 43 sequences, length 6
# corresponding to MSA columns:
# 412-417
name=unknown_J
#
# <colnr> <probs for GDERKNQSTAVLIFYWHMCP>
#	G	D	E	R	K	N	Q	S	T	A	V	L	I	F	Y	W	H	M	C	P
0	0.07478	0.33152	0.15170	0.01123	0.01579	0.01467	0.08294	0.01577	0.01206	0.05254	0.08620	0.06015	0.05580	0.00680	0.00488	0.00157	0.00583	0.00551	0.00337	0.00690
1	0.00696	0.00555	0.00628	0.00658	0.00805	0.00487	0.00494	0.00854	0.01264	0.01583	0.13376	0.18537	0.48399	0.01441	0.00674	0.00199	0.00307	0.08043	0.00525	0.00475
2	0.01326	0.01345	0.05683	0.21191	0.42459	0.01332	0.09794	0.06874	0.01321	0.01828	0.01055	0.01397	0.00836	0.00519	0.00561	0.00172	0.00712	0.00507	0.00286	0.00802
3	0.01589	0.01111	0.01420	0.13009	0.07179	0.01107	0.00986	0.12269	0.13280	0.17352	0.01480	0.01533	0.01078	0.00583	0.00516	0.00150	0.00522	0.00482	0.00453	0.23900
4	0.09405	0.01127	0.01751	0.44099	0.25043	0.01288	0.01462	0.06268	0.01233	0.01770	0.01003	0.01379	0.00779	0.00539	0.00531	0.00176	0.00676	0.00474	0.00284	0.00712
5	0.01024	0.00672	0.00829	0.00801	0.00951	0.00648	0.00595	0.08354	0.01395	0.08277	0.21486	0.25895	0.10693	0.09348	0.00879	0.00232	0.00379	0.06451	0.00538	0.00553

[dist]
# distance from previous block
# <min> <max>
7	13

[block]
# block no. 10 follows, 43 sequences, length 33
# corresponding to MSA columns:
# 431,433-441,459-481
name=unknown_K
#
# <colnr> <probs for GDERKNQSTAVLIFYWHMCP>
#	G	D	E	R	K	N	Q	S	T	A	V	L	I	F	Y	W	H	M	C	P
0	0.01350	0.03489	0.09661	0.07112	0.46258	0.04849	0.08498	0.01783	0.05840	0.01761	0.01091	0.01377	0.00882	0.00531	0.00590	0.00171	0.03155	0.00497	0.00285	0.00821
1	0.01373	0.54356	0.03943	0.00976	0.01358	0.08136	0.00914	0.01568	0.01195	0.01434	0.10550	0.01426	0.01340	0.00864	0.06480	0.00191	0.02518	0.00421	0.00293	0.00664
2	0.00884	0.00664	0.00768	0.00729	0.00874	0.00655	0.00532	0.09074	0.01310	0.01723	0.15708	0.10040	0.26473	0.17169	0.10606	0.00341	0.00515	0.00958	0.00473	0.00505
3	0.73213	0.01071	0.00889	0.00772	0.01127	0.01209	0.00636	0.03836	0.01059	0.10651	0.00940	0.01019	0.00693	0.00537	0.00372	0.00171	0.00438	0.00333	0.00386	0.00647
4	0.01295	0.01237	0.02126	0.28020	0.41995	0.01316	0.08818	0.05324	0.01283	0.01762	0.01045	0.01415	0.00831	0.00519	0.00561	0.00173	0.00709	0.00509	0.00280	0.00782
5	0.00824	0.00596	0.00799	0.00893	0.01007	0.00578	0.00734	0.01036	0.01257	0.01647	0.11126	0.17136	0.09940	0.04153	0.00803	0.00245	0.00435	0.45782	0.00516	0.00493
6	0.00672	0.00493	0.00632	0.00743	0.00796	0.00452	0.00502	0.00774	0.01088	0.01425	0.03398	0.70067	0.13548	0.01690	0.00700	0.00220	0.00316	0.01520	0.00514	0.00452
7	0.00750	0.00579	0.00818	0.02934	0.01007	0.00547	0.04026	0.00910	0.01176	0.01557	0.12356	0.46918	0.12245	0.03366	0.00743	0.00222	0.00372	0.08488	0.00503	0.00483
8	0.01371	0.01316	0.02248	0.03399	0.77081	0.01316	0.01700	0.01700	0.01261	0.01809	0.01042	0.01371	0.00877	0.00493	0.00548	0.00164	0.00658	0.00493	0.00274	0.00877
9	0.00791	0.00593	0.00890	0.00890	0.00989	0.00692	0.00692	0.00989	0.00890	0.01286	0.01483	0.02176	0.01385	0.04154	0.78341	0.00890	0.01483	0.00593	0.00297	0.00494
10	0.01148	0.00984	0.01148	0.00820	0.01312	0.00738	0.00656	0.01395	0.01148	0.01805	0.00984	0.01148	0.00820	0.00410	0.00410	0.00082	0.00410	0.00328	0.00328	0.83922
11	0.00962	0.00481	0.00722	0.00722	0.00722	0.00481	0.00481	0.00722	0.00722	0.00962	0.00962	0.01684	0.00962	0.01924	0.02165	0.83886	0.00481	0.00481	0.00241	0.00241
12	0.00685	0.00551	0.00600	0.00618	0.00765	0.00479	0.00451	0.00822	0.01227	0.01517	0.10399	0.15627	0.53705	0.06814	0.00812	0.00217	0.00309	0.03431	0.00509	0.00462
