[name]
unknown

[dist]
# distance from previous block
# <min> <max>
0	153

[block]
# block no. 0 follows, 41 sequences, length 38
# corresponding to MSA columns:
# 178-215
name=unknown_A
#
# <colnr> <probs for GDERKNQSTAVLIFYWHMCP>
#	G	D	E	R	K	N	Q	S	T	A	V	L	I	F	Y	W	H	M	C	P
0	0.00832	0.00555	0.00624	0.00624	0.00624	0.00555	0.00347	0.00832	0.00832	0.01109	0.01802	0.03743	0.02080	0.79898	0.02911	0.00555	0.00555	0.00832	0.00347	0.00347
1	0.01570	0.62271	0.02656	0.04905	0.01614	0.13105	0.01012	0.01761	0.01244	0.01392	0.03423	0.01080	0.00897	0.00532	0.00409	0.00131	0.00668	0.00350	0.00266	0.00712
2	0.09023	0.01039	0.01223	0.09246	0.01621	0.00890	0.00780	0.03173	0.01197	0.01928	0.01004	0.01203	0.00819	0.00456	0.00437	0.00107	0.00467	0.00359	0.00337	0.64693
3	0.09346	0.03689	0.06913	0.04648	0.21483	0.04998	0.02914	0.02024	0.11523	0.12983	0.05714	0.01658	0.01286	0.00667	0.00665	0.00182	0.07554	0.00534	0.00407	0.00808
4	0.00871	0.00687	0.00817	0.00906	0.07976	0.00610	0.00601	0.01083	0.02920	0.05423	0.12941	0.04732	0.55801	0.01278	0.00658	0.00189	0.00338	0.01079	0.00529	0.00563
5	0.01218	0.01062	0.01339	0.02760	0.01521	0.00840	0.04997	0.03290	0.01232	0.01896	0.01034	0.01219	0.00850	0.00437	0.00445	0.00096	0.00468	0.00367	0.00340	0.74589
6	0.00714	0.00550	0.00653	0.00693	0.00812	0.00489	0.00494	0.00870	0.01296	0.01681	0.20538	0.33125	0.33000	0.01515	0.00696	0.00205	0.00301	0.01326	0.00553	0.00489
7	0.01442	0.06787	0.57267	0.01483	0.02227	0.01327	0.01801	0.05723	0.01349	0.13513	0.01223	0.01315	0.00845	0.00573	0.00540	0.00177	0.00766	0.00445	0.00331	0.00866
8	0.01334	0.02247	0.45645	0.14096	0.09274	0.01346	0.03158	0.09122	0.01378	0.05445	0.01124	0.01335	0.00807	0.00566	0.00557	0.00181	0.00781	0.00465	0.00303	0.00835
9	0.02529	0.01033	0.01364	0.01046	0.01490	0.00929	0.00864	0.09561	0.01737	0.69812	0.02173	0.01893	0.01374	0.00706	0.00575	0.00176	0.00500	0.00570	0.00695	0.00973
10	0.01009	0.00812	0.02703	0.00880	0.01074	0.00761	0.02617	0.13472	0.01544	0.02068	0.22671	0.25421	0.16778	0.04574	0.00764	0.00212	0.00396	0.01115	0.00543	0.00587
11	0.01442	0.01239	0.01304	0.01168	0.01495	0.01432	0.00910	0.04914	0.73390	0.02425	0.02303	0.02114	0.01726	0.00774	0.00582	0.00193	0.00457	0.00643	0.00582	0.00907
12	0.01317	0.01013	0.01199	0.00863	0.01365	0.00770	0.00693	0.01568	0.01229	0.08943	0.01134	0.01258	0.00901	0.00450	0.00438	0.00093	0.00430	0.00361	0.00374	0.75601
13	0.01186	0.01017	0.01186	0.00847	0.01356	0.00762	0.00678	0.01440	0.01186	0.01864	0.01017	0.01186	0.00847	0.00424	0.00424	0.00085	0.00424	0.00339	0.00339	0.83395
14	0.02174	0.01602	0.01717	0.01316	0.01774	0.01774	0.01087	0.74423	0.02689	0.03605	0.01373	0.01373	0.00973	0.00687	0.00572	0.00172	0.00629	0.00515	0.00572	0.00973
15	0.12590	0.01508	0.03055	0.01228	0.01670	0.01625	0.01031	0.58069	0.02350	0.07027	0.01383	0.01484	0.01010	0.00690	0.00550	0.00175	0.00600	0.02501	0.00543	0.00913
16	0.00994	0.00497	0.00745	0.00745	0.00745	0.00497	0.00497	0.00745	0.00745	0.00994	0.00994	0.01739	0.00994	0.01987	0.02235	0.83358	0.00497	0.00497	0.00248	0.00248
17	0.00824	0.00610	0.00908	0.00908	0.01011	0.00710	0.00706	0.01031	0.00927	0.01351	0.01542	0.02244	0.01431	0.04184	0.75365	0.00896	0.01495	0.00610	0.02735	0.00511
18	0.01386	0.01118	0.01207	0.01088	0.01372	0.01269	0.00836	0.03870	0.60384	0.04306	0.02263	0.02227	0.03742	0.03573	0.00819	0.08069	0.00460	0.00650	0.00544	0.00816
19	0.01632	0.65291	0.02748	0.01056	0.01521	0.06588	0.01004	0.09951	0.01356	0.01605	0.00865	0.00982	0.00761	0.00528	0.00429	0.00132	0.02177	0.00337	0.00285	0.00755
20	0.01456	0.01121	0.01348	0.01011	0.01465	0.00998	0.02848	0.16063	0.01508	0.07297	0.01294	0.05852	0.01080	0.00592	0.00527	0.00124	0.02544	0.00479	0.00418	0.51975
21	0.05340	0.08417	0.11508	0.01367	0.01870	0.01656	0.07642	0.46311	0.02115	0.02919	0.01257	0.01342	0.00917	0.00626	0.00544	0.00169	0.00662	0.00492	0.03963	0.00885
22	0.00807	0.00549	0.00626	0.00641	0.00657	0.00540	0.00373	0.00827	0.00890	0.01176	0.02193	0.12727	0.06592	0.66173	0.02525	0.00496	0.00513	0.00947	0.00379	0.00368
23	0.01061	0.00667	0.00928	0.00909	0.01022	0.00710	0.00680	0.01211	0.01071	0.12243	0.02141	0.27847	0.02213	0.08891	0.29648	0.00508	0.06302	0.00953	0.00438	0.00557
24	0.01923	0.09134	0.04137	0.12430	0.02007	0.08351	0.03032	0.25690	0.04940	0.18639	0.01429	0.01485	0.01017	0.00670	0.00588	0.02053	0.00657	0.00500	0.00474	0.00844
25	0.00836	0.00654	0.00892	0.00909	0.00948	0.00715	0.02167	0.00939	0.01016	0.01406	0.02399	0.47249	0.02794	0.15375	0.04288	0.00315	0.12784	0.01222	0.02614	0.00479
26	0.01147	0.02959	0.76934	0.01630	0.02476	0.01328	0.02113	0.01811	0.01208	0.01811	0.01026	0.01208	0.00725	0.00543	0.00543	0.00181	0.00845	0.00423	0.00242	0.00845
27	0.00734	0.00527	0.00676	0.00780	0.00831	0.00496	0.00535	0.00840	0.01099	0.01445	0.03183	0.56387	0.09551	0.12096	0.01020	0.00275	0.00376	0.08186	0.00506	0.00456
28	0.01534	0.42068	0.19082	0.01259	0.01751	0.16024	0.01277	0.01813	0.01234	0.01462	0.00859	0.01031	0.00734	0.00563	0.00560	0.00151	0.07249	0.00360	0.00254	0.00737
29	0.01183	0.01089	0.01832	0.45087	0.08919	0.01262	0.10721	0.03085	0.02987	0.01680	0.01158	0.01581	0.00896	0.00603	0.00654	0.00186	0.06049	0.00536	0.09817	0.00675
30	0.00794	0.00582	0.00745	0.00708	0.00846	0.00533	0.00530	0.01048	0.01577	0.02203	0.67634	0.06199	0.12044	0.01211	0.00676	0.00182	0.00273	0.01065	0.00618	0.00533
31	0.00827	0.00553	0.00625	0.00630	0.00631	0.00551	0.00353	0.00831	0.00841	0.01121	0.01849	0.06366	0.02138	0.77195	0.02836	0.00543	0.00547	0.00859	0.00353	0.00351
32	0.12835	0.00806	0.05246	0.00858	0.01000	0.00782	0.00675	0.01090	0.00946	0.01499	0.01680	0.13544	0.01763	0.22631	0.29536	0.00558	0.02941	0.00758	0.00351	0.00500
33	0.10054	0.01116	0.01747	0.52163	0.18458	0.01307	0.01502	0.04005	0.01210	0.01736	0.01017	0.01434	0.00784	0.00559	0.00547	0.00184	0.00707	0.00488	0.00282	0.00701
34	0.71493	0.01081	0.00906	0.05291	0.01272	0.01248	0.00680	0.03349	0.01047	0.03966	0.00905	0.01054	0.00694	0.00547	0.00378	0.00175	0.00458	0.00342	0.04481	0.00631
35	0.00994	0.00497	0.00745	0.00745	0.00745	0.00497	0.00497	0.00745	0.00745	0.00994	0.00994	0.01739	0.00994	0.01987	0.02235	0.83358	0.00497	0.00497	0.00248	0.00248
36	0.01324	0.01483	0.03119	0.07018	0.02907	0.01465	0.62870	0.01766	0.01292	0.01766	0.01110	0.01514	0.00850	0.00537	0.00782	0.00198	0.08317	0.00648	0.00283	0.00749
37	0.02336	0.00954	0.01275	0.00997	0.01403	0.00847	0.00816	0.04409	0.03638	0.64849	0.10212	0.02189	0.01844	0.00759	0.00586	0.00178	0.00466	0.00625	0.00693	0.00925

[dist]
# distance from previous block
# <min> <max>
0	5

[block]
# block no. 1 follows, 41 sequences, length 16
# corresponding to MSA columns:
# 235-250
name=unknown_B
#
# <colnr> <probs for GDERKNQSTAVLIFYWHMCP>
#	G	D	E	R	K	N	Q	S	T	A	V	L	I	F	Y	W	H	M	C	P
0	0.01055	0.00662	0.00853	0.00768	0.00952	0.00612	0.00588	0.03557	0.01641	0.11155	0.61929	0.03958	0.07804	0.01111	0.00660	0.00180	0.00308	0.00971	0.00633	0.00602
1	0.83938	0.01106	0.00841	0.00752	0.01106	0.01283	0.00619	0.01681	0.00973	0.02566	0.00796	0.00929	0.00619	0.00531	0.00354	0.00177	0.00442	0.00310	0.00354	0.00619
2	0.00919	0.00725	0.01016	0.00965	0.01037	0.00881	0.00747	0.01086	0.00934	0.01381	0.03318	0.02297	0.01486	0.13484	0.46125	0.00673	0.16458	0.00626	0.05328	0.00513
3	0.01421	0.01089	0.01177	0.01027	0.01338	0.01181	0.00807	0.13151	0.38917	0.07597	0.08597	0.02838	0.16556	0.00921	0.00606	0.00188	0.00435	0.00763	0.00583	0.00808
4	0.06854	0.15901	0.42142	0.01481	0.06788	0.01425	0.01580	0.01700	0.01149	0.03824	0.00994	0.01219	0.00774	0.00678	0.00704	0.07210	0.04137	0.00414	0.00267	0.00758
5	0.01350	0.01543	0.03375	0.02411	0.02989	0.01446	0.74253	0.01832	0.01350	0.01832	0.01157	0.01543	0.00868	0.00482	0.00675	0.00193	0.00964	0.00675	0.00289	0.00771
6	0.00728	0.00576	0.00658	0.00665	0.00821	0.00505	0.00497	0.00910	0.01373	0.01761	0.25809	0.13307	0.44381	0.01411	0.00687	0.00197	0.00299	0.04358	0.00560	0.00499
7	0.01436	0.01559	0.11813	0.03030	0.55619	0.01336	0.09055	0.01825	0.01313	0.05838	0.01141	0.01430	0.00906	0.00522	0.00575	0.00174	0.00719	0.00519	0.00301	0.00888
8	0.01706	0.08552	0.25844	0.01674	0.09211	0.29680	0.03227	0.07007	0.01490	0.04950	0.01040	0.01191	0.00797	0.00568	0.00528	0.00162	0.00853	0.00421	0.00309	0.00787
9	0.01416	0.01147	0.01258	0.00945	0.01400	0.05611	0.00756	0.06824	0.01371	0.08249	0.04619	0.01399	0.01106	0.00526	0.00502	0.00111	0.02509	0.00410	0.00395	0.59446
10	0.23059	0.01455	0.01534	0.24819	0.02258	0.16336	0.03797	0.04530	0.01217	0.01822	0.00909	0.01223	0.00730	0.00635	0.00719	0.00188	0.13380	0.00434	0.00301	0.00653
11	0.01521	0.53934	0.07643	0.01325	0.01851	0.02007	0.15304	0.07405	0.01321	0.01646	0.00925	0.01093	0.00778	0.00507	0.00454	0.00144	0.00696	0.00401	0.00279	0.00767
12	0.00828	0.00570	0.00701	0.00701	0.00728	0.00597	0.00443	0.00881	0.00855	0.01166	0.01731	0.03351	0.01909	0.60096	0.22481	0.00650	0.00811	0.00774	0.00336	0.00390
13	0.00832	0.00555	0.00624	0.00624	0.00624	0.00555	0.00347	0.00832	0.00832	0.01109	0.01802	0.03743	0.02080	0.79898	0.02911	0.00555	0.00555	0.00832	0.00347	0.00347
14	0.01546	0.01246	0.01331	0.01169	0.01510	0.01421	0.00917	0.08984	0.65319	0.06447	0.02245	0.02061	0.01664	0.00765	0.00581	0.00191	0.00469	0.00632	0.00588	0.00915
15	0.78701	0.01070	0.00821	0.00738	0.01078	0.01236	0.00606	0.01659	0.00988	0.02539	0.00864	0.01005	0.00673	0.00540	0.00357	0.00174	0.00431	0.00324	0.05581	0.00614

[dist]
# distance from previous block
# <min> <max>
1	6

[block]
# block no. 2 follows, 41 sequences, length 70
# corresponding to MSA columns:
# 266-335
name=unknown_C
#
# <colnr> <probs for GDERKNQSTAVLIFYWHMCP>
#	G	D	E	R	K	N	Q	S	T	A	V	L	I	F	Y	W	H	M	C	P
0	0.00708	0.00511	0.00671	0.00778	0.00830	0.00474	0.00527	0.00829	0.01163	0.01557	0.11379	0.67687	0.07354	0.01707	0.00721	0.00225	0.00323	0.01541	0.00542	0.00474
1	0.82139	0.02834	0.00888	0.00757	0.01114	0.01305	0.00627	0.01682	0.00978	0.02540	0.00796	0.00929	0.00622	0.00530	0.00354	0.00176	0.00446	0.00310	0.00352	0.00622
2	0.01897	0.08189	0.07738	0.08756	0.05754	0.45894	0.01242	0.07735	0.01577	0.04646	0.01004	0.01166	0.00792	0.00585	0.00521	0.00156	0.00889	0.00408	0.00320	0.00729
3	0.00863	0.00621	0.00785	0.00740	0.00892	0.00583	0.00556	0.01183	0.05290	0.03778	0.62348	0.07226	0.10587	0.01187	0.00670	0.00184	0.00288	0.01042	0.00617	0.00560
4	0.01189	0.05135	0.56971	0.08078	0.02551	0.01371	0.08452	0.01855	0.05714	0.01804	0.01109	0.01311	0.00803	0.00553	0.00554	0.00182	0.00817	0.00462	0.00268	0.00821
5	0.00826	0.00577	0.00737	0.00737	0.00777	0.00616	0.00488	0.00905	0.00865	0.01193	0.01698	0.03169	0.01830	0.50862	0.31606	0.00695	0.00930	0.00748	0.00331	0.00410
6	0.00803	0.00582	0.00757	0.00718	0.00852	0.00536	0.00537	0.01065	0.01596	0.02251	0.72141	0.06293	0.07332	0.01194	0.00676	0.00182	0.00272	0.01055	0.00624	0.00536
7	0.00776	0.00582	0.00720	0.00689	0.00835	0.00525	0.00515	0.01014	0.01535	0.02103	0.58251	0.06114	0.21743	0.01247	0.00676	0.00184	0.00276	0.01087	0.00605	0.00525
8	0.01066	0.00533	0.00533	0.00533	0.00666	0.00533	0.00400	0.01333	0.01200	0.02132	0.01866	0.02132	0.01466	0.00666	0.00400	0.00133	0.00267	0.00533	0.83073	0.00533
9	0.01117	0.01055	0.01783	0.70183	0.11988	0.01281	0.01607	0.01494	0.01161	0.01507	0.01023	0.01513	0.00778	0.00565	0.00571	0.00188	0.00753	0.00508	0.00257	0.00665
10	0.01529	0.80242	0.02997	0.00979	0.01468	0.02263	0.00979	0.01713	0.01162	0.01346	0.00795	0.00918	0.00734	0.00489	0.00367	0.00122	0.00612	0.00306	0.00245	0.00734
11	0.10005	0.31167	0.13160	0.01092	0.01593	0.04942	0.01073	0.02113	0.03388	0.24428	0.01320	0.01313	0.00956	0.00580	0.00468	0.00156	0.00606	0.00418	0.00407	0.00813
12	0.10554	0.10325	0.07555	0.01413	0.01795	0.39393	0.07972	0.03927	0.01435	0.03947	0.01039	0.01199	0.02129	0.00600	0.00571	0.00162	0.04549	0.00420	0.00313	0.00702
13	0.83938	0.01106	0.00841	0.00752	0.01106	0.01283	0.00619	0.01681	0.00973	0.02566	0.00796	0.00929	0.00619	0.00531	0.00354	0.00177	0.00442	0.00310	0.00354	0.00619
14	0.02807	0.03639	0.11471	0.02496	0.38893	0.10896	0.07613	0.01909	0.07890	0.01832	0.01341	0.01559	0.03936	0.00583	0.00564	0.00172	0.00727	0.00527	0.00317	0.00831
15	0.00702	0.00537	0.00645	0.00710	0.00812	0.00480	0.00498	0.00837	0.01229	0.01585	0.12347	0.44576	0.29785	0.01599	0.00704	0.00212	0.00310	0.01410	0.00542	0.00480
16	0.01266	0.01178	0.01808	0.26384	0.02368	0.01535	0.05347	0.01498	0.01026	0.05135	0.00933	0.01390	0.00794	0.00820	0.01326	0.00224	0.45522	0.00516	0.00276	0.00654
17	0.02566	0.00973	0.01327	0.01018	0.01460	0.00841	0.00841	0.02788	0.01637	0.76726	0.02257	0.01947	0.01416	0.00708	0.00575	0.00177	0.00487	0.00575	0.00708	0.00973
18	0.00831	0.00558	0.00642	0.00642	0.00648	0.00564	0.00369	0.00843	0.00837	0.01122	0.01786	0.03652	0.02040	0.75305	0.07450	0.00577	0.00614	0.00819	0.00344	0.00357
19	0.01251	0.01251	0.01752	0.01502	0.01502	0.01752	0.01251	0.01377	0.00876	0.01377	0.00751	0.01251	0.00751	0.01001	0.01877	0.00250	0.78851	0.00501	0.00250	0.00626
20	0.02137	0.02726	0.01621	0.01474	0.01768	0.77602	0.01105	0.02284	0.01621	0.01400	0.00884	0.01031	0.00737	0.00589	0.00516	0.00147	0.01031	0.00368	0.00295	0.00663
21	0.00810	0.00585	0.00765	0.00720	0.00855	0.00540	0.00540	0.01079	0.01619	0.02294	0.76028	0.04273	0.05397	0.01169	0.00675	0.00180	0.00270	0.01034	0.00630	0.00540
22	0.01066	0.00533	0.00533	0.00533	0.00666	0.00533	0.00400	0.01333	0.01200	0.02132	0.01866	0.02132	0.01466	0.00666	0.00400	0.00133	0.00267	0.00533	0.83073	0.00533
23	0.01222	0.01092	0.01716	0.68551	0.03660	0.01336	0.01524	0.10886	0.01343	0.01738	0.01063	0.01505	0.00790	0.00587	0.00572	0.00188	0.00745	0.00509	0.00295	0.00679
24	0.01251	0.01251	0.01752	0.01502	0.01502	0.01752	0.01251	0.01377	0.00876	0.01377	0.00751	0.01251	0.00751	0.01001	0.01877	0.00250	0.78851	0.00501	0.00250	0.00626
25	0.01246	0.01244	0.01751	0.03851	0.01576	0.01737	0.01262	0.01379	0.00884	0.01379	0.00759	0.01260	0.00751	0.00988	0.01837	0.00248	0.76470	0.00501	0.00250	0.00626
26	0.09794	0.00985	0.01284	0.00994	0.01429	0.00880	0.00821	0.02689	0.01578	0.70139	0.02127	0.01856	0.01345	0.00692	0.00556	0.00177	0.00483	0.00552	0.00677	0.00942
27	0.02231	0.01511	0.01660	0.01273	0.01729	0.01639	0.01052	0.64083	0.02537	0.14159	0.01501	0.01456	0.01037	0.00690	0.00573	0.00172	0.00609	0.00524	0.00592	0.00973
28	0.00946	0.00609	0.00767	0.00774	0.00925	0.00538	0.00558	0.01097	0.01263	0.09970	0.12190	0.42953	0.17104	0.01445	0.00677	0.00203	0.00340	0.01277	0.00550	0.05812
29	0.00716	0.00515	0.00679	0.00777	0.00832	0.00478	0.00530	0.00846	0.01191	0.01606	0.15785	0.64432	0.06139	0.01675	0.00719	0.00222	0.00320	0.01512	0.00548	0.00478
30	0.02406	0.00949	0.01283	0.00998	0.01414	0.00830	0.00819	0.02661	0.03255	0.69356	0.07943	0.02130	0.01730	0.00745	0.00583	0.00178	0.00469	0.00612	0.00699	0.00939
31	0.01837	0.01327	0.01441	0.01150	0.01512	0.01464	0.00932	0.53828	0.04107	0.03073	0.01491	0.01679	0.01147	0.05024	0.07518	0.00254	0.00659	0.00545	0.10165	0.00847
32	0.75778	0.04325	0.03128	0.00795	0.01171	0.01310	0.00684	0.01720	0.01008	0.04758	0.00848	0.00968	0.00651	0.00535	0.00367	0.00175	0.00462	0.00321	0.00357	0.00641
33	0.02024	0.01622	0.01704	0.01331	0.01751	0.09498	0.05473	0.56182	0.02368	0.03141	0.01352	0.01414	0.00985	0.00662	0.00558	0.00167	0.00660	0.00511	0.07707	0.00890
34	0.83938	0.01106	0.00841	0.00752	0.01106	0.01283	0.00619	0.01681	0.00973	0.02566	0.00796	0.00929	0.00619	0.00531	0.00354	0.00177	0.00442	0.00310	0.00354	0.00619
35	0.01272	0.01221	0.02264	0.12317	0.28956	0.01221	0.25275	0.01643	0.01274	0.01826	0.01292	0.04703	0.01071	0.00583	0.00585	0.00177	0.00710	0.00612	0.12241	0.00755
36	0.04561	0.01328	0.02004	0.09717	0.50385	0.02658	0.01519	0.04576	0.13746	0.02001	0.01278	0.01520	0.01023	0.00569	0.00561	0.00176	0.00644	0.00523	0.00344	0.00869
37	0.01952	0.01470	0.01603	0.01270	0.01678	0.01640	0.01037	0.51608	0.17422	0.05286	0.01551	0.01534	0.01129	0.00713	0.00635	0.00177	0.04528	0.00537	0.00554	0.03674
38	0.01224	0.00686	0.00709	0.00652	0.00828	0.00711	0.00502	0.11867	0.01403	0.02316	0.01773	0.02013	0.01383	0.00703	0.00471	0.02251	0.00325	0.00530	0.69064	0.00589
39	0.00828	0.00553	0.00625	0.00629	0.00630	0.00552	0.00352	0.00831	0.00840	0.01120	0.01845	0.06145	0.02133	0.77423	0.02842	0.00544	0.00547	0.00857	0.00352	0.00350
40	0.00982	0.00895	0.04821	0.01015	0.01262	0.00793	0.09264	0.03787	0.07343	0.02268	0.55452	0.03543	0.04212	0.01012	0.00658	0.00182	0.00405	0.00916	0.00566	0.00624
41	0.01066	0.00533	0.00533	0.00533	0.00666	0.00533	0.00400	0.01333	0.01200	0.02132	0.01866	0.02132	0.01466	0.00666	0.00400	0.00133	0.00267	0.00533	0.83073	0.00533
42	0.01170	0.00999	0.01169	0.00846	0.01338	0.00753	0.00673	0.01419	0.01183	0.01850	0.01088	0.03792	0.00945	0.00469	0.00434	0.00090	0.00421	0.00382	0.00345	0.80636
43	0.00817	0.00613	0.00919	0.00919	0.01021	0.00715	0.00715	0.01021	0.00919	0.01328	0.01532	0.02247	0.01430	0.04290	0.77631	0.00919	0.01532	0.00613	0.00306	0.00511
44	0.01251	0.01251	0.01752	0.01502	0.01502	0.01752	0.01251	0.01377	0.00876	0.01377	0.00751	0.01251	0.00751	0.01001	0.01877	0.00250	0.78851	0.00501	0.00250	0.00626
45	0.76475	0.01094	0.00885	0.00777	0.01139	0.01243	0.00640	0.01783	0.01034	0.09368	0.00930	0.01023	0.00693	0.00547	0.00374	0.00177	0.00447	0.00334	0.00386	0.00652
46	0.00994	0.00497	0.00745	0.00745	0.00745	0.00497	0.00497	0.00745	0.00745	0.00994	0.00994	0.01739	0.00994	0.01987	0.02235	0.83358	0.00497	0.00497	0.00248	0.00248
47	0.01377	0.01189	0.01250	0.01129	0.01444	0.01366	0.00877	0.02905	0.70802	0.02341	0.02539	0.02339	0.06262	0.00817	0.00588	0.00194	0.00443	0.00681	0.00579	0.00880
48	0.00817	0.00613	0.00919	0.00919	0.01021	0.00715	0.00715	0.01021	0.00919	0.01328	0.01532	0.02247	0.01430	0.04290	0.77631	0.00919	0.01532	0.00613	0.00306	0.00511
49	0.66387	0.01230	0.02953	0.00873	0.01259	0.01351	0.00739	0.13417	0.01274	0.04781	0.00936	0.01036	0.00701	0.00561	0.00400	0.00176	0.00484	0.00353	0.00396	0.00692
50	0.00697	0.00498	0.00664	0.00796	0.00830	0.00465	0.00531	0.00796	0.01095	0.01460	0.03153	0.79525	0.03783	0.01792	0.00730	0.00232	0.00332	0.01626	0.00531	0.00465
51	0.01696	0.59368	0.02639	0.01095	0.01549	0.14586	0.01011	0.09336	0.01396	0.01589	0.00870	0.00983	0.00759	0.00526	0.00413	0.00132	0.00682	0.00338	0.00287	0.00747
52	0.83938	0.01106	0.00841	0.00752	0.01106	0.01283	0.00619	0.01681	0.00973	0.02566	0.00796	0.00929	0.00619	0.00531	0.00354	0.00177	0.00442	0.00310	0.00354	0.00619
53	0.03915	0.01254	0.03244	0.11726	0.03763	0.06120	0.03954	0.13029	0.12342	0.21482	0.09473	0.03982	0.01671	0.00743	0.00583	0.00181	0.00581	0.00621	0.00520	0.00817
54	0.00697	0.00498	0.00664	0.00796	0.00830	0.00465	0.00531	0.00796	0.01095	0.01460	0.03153	0.79525	0.03783	0.01792	0.00730	0.00232	0.00332	0.01626	0.00531	0.00465
55	0.00830	0.00692	0.01131	0.06214	0.01347	0.00667	0.11048	0.01024	0.01202	0.01621	0.12140	0.53539	0.03377	0.01444	0.00705	0.00217	0.00442	0.01340	0.00491	0.00529
56	0.01407	0.01350	0.02306	0.05485	0.74425	0.01357	0.01751	0.01748	0.01298	0.01858	0.01074	0.01419	0.00902	0.00511	0.00566	0.00170	0.00682	0.00510	0.00282	0.00899
57	0.02566	0.00973	0.01327	0.01018	0.01460	0.00841	0.00841	0.02788	0.01637	0.76726	0.02257	0.01947	0.01416	0.00708	0.00575	0.00177	0.00487	0.00575	0.00708	0.00973
58	0.01490	0.01291	0.01330	0.01174	0.01512	0.03584	0.00917	0.08104	0.65638	0.02435	0.02177	0.02018	0.01633	0.00753	0.00574	0.00188	0.00481	0.00620	0.00565	0.03517
59	0.01092	0.01037	0.01750	0.73915	0.03823	0.01294	0.03029	0.01465	0.01137	0.01465	0.01009	0.01514	0.00764	0.00587	0.00626	0.00193	0.03894	0.00511	0.00255	0.00638
60	0.00709	0.00586	0.00628	0.00652	0.00829	0.00505	0.00502	0.00867	0.01295	0.01562	0.05304	0.09360	0.63046	0.01483	0.00693	0.00204	0.00322	0.10434	0.00531	0.00488
61	0.06724	0.01309	0.01387	0.01172	0.01543	0.01473	0.00935	0.22987	0.45341	0.07841	0.01962	0.01834	0.01438	0.00731	0.00565	0.00186	0.00504	0.00584	0.00574	0.00912
62	0.81838	0.01153	0.02771	0.00774	0.01141	0.01284	0.00657	0.01685	0.00979	0.02547	0.00802	0.00936	0.00622	0.00531	0.00359	0.00177	0.00453	0.00313	0.00351	0.00625
63	0.00704	0.00586	0.00619	0.00637	0.00819	0.00502	0.00491	0.00860	0.01299	0.01561	0.05418	0.07672	0.66108	0.01473	0.00690	0.00202	0.00317	0.09024	0.00531	0.00487
64	0.01327	0.01521	0.09379	0.12550	0.36512	0.01373	0.25353	0.01748	0.01289	0.01800	0.01090	0.01452	0.00859	0.00512	0.00600	0.00181	0.00798	0.00555	0.00278	0.00822
65	0.02039	0.12966	0.01824	0.01453	0.03563	0.63563	0.01104	0.04238	0.01582	0.01467	0.00891	0.01035	0.00747	0.00577	0.00499	0.00145	0.00956	0.00368	0.00296	0.00687
66	0.00862	0.00580	0.00653	0.00646	0.00659	0.00583	0.00371	0.02716	0.00887	0.01183	0.01829	0.05802	0.02099	0.75685	0.02790	0.00536	0.00550	0.00846	0.00358	0.00366
67	0.01929	0.04347	0.01729	0.04065	0.15605	0.31388	0.01172	0.12881	0.06160	0.11201	0.01377	0.01460	0.02888	0.00633	0.00546	0.00163	0.00763	0.00483	0.00405	0.00804
68	0.01158	0.00961	0.05836	0.01455	0.18193	0.00805	0.00946	0.01423	0.01381	0.10216	0.23558	0.16377	0.07993	0.01011	0.00625	0.00181	0.00445	0.00898	0.00493	0.06045
69	0.01742	0.09258	0.01880	0.12846	0.13017	0.38917	0.01272	0.04351	0.01430	0.01544	0.00927	0.01180	0.00774	0.00607	0.00644	0.00165	0.08027	0.00421	0.00288	0.00708

[dist]
# distance from previous block
# <min> <max>
0	4

[block]
# block no. 3 follows, 41 sequences, length 22
# corresponding to MSA columns:
# 340-361
name=unknown_D
#
# <colnr> <probs for GDERKNQSTAVLIFYWHMCP>
#	G	D	E	R	K	N	Q	S	T	A	V	L	I	F	Y	W	H	M	C	P
0	0.01299	0.21096	0.54869	0.01467	0.02195	0.06307	0.01784	0.01818	0.01223	0.01676	0.00963	0.01128	0.00728	0.00534	0.00500	0.00165	0.00802	0.00392	0.00246	0.00808
1	0.01022	0.00766	0.00858	0.00848	0.00941	0.03951	0.00613	0.07304	0.01147	0.01498	0.01991	0.03925	0.02154	0.44117	0.09141	0.00470	0.00667	0.17712	0.00403	0.00472
2	0.83938	0.01106	0.00841	0.00752	0.01106	0.01283	0.00619	0.01681	0.00973	0.02566	0.00796	0.00929	0.00619	0.00531	0.00354	0.00177	0.00442	0.00310	0.00354	0.00619
3	0.00697	0.00498	0.00664	0.00796	0.00830	0.00465	0.00531	0.00796	0.01095	0.01460	0.03153	0.79525	0.03783	0.01792	0.00730	0.00232	0.00332	0.01626	0.00531	0.00465
4	0.00979	0.00818	0.01138	0.01243	0.12592	0.00784	0.04242	0.05590	0.03425	0.02006	0.28487	0.10211	0.23979	0.01128	0.00655	0.00187	0.00403	0.00994	0.00519	0.00620
5	0.01248	0.01057	0.01255	0.05557	0.01540	0.00863	0.00761	0.06499	0.01288	0.01960	0.01041	0.01219	0.00851	0.00451	0.00443	0.00097	0.00458	0.00361	0.00350	0.72700
6	0.00722	0.00552	0.00667	0.00730	0.00842	0.00497	0.00531	0.00873	0.01253	0.01612	0.12794	0.37293	0.30277	0.01574	0.00709	0.00214	0.00326	0.07505	0.00542	0.00486
7	0.03624	0.01539	0.03582	0.20264	0.31400	0.12832	0.05144	0.09675	0.01463	0.03500	0.01087	0.01380	0.00852	0.00559	0.00560	0.00173	0.00754	0.00492	0.00320	0.00800
8	0.00890	0.00625	0.00800	0.00744	0.00899	0.00585	0.00562	0.01211	0.04719	0.04785	0.68137	0.04144	0.07415	0.01146	0.00667	0.00181	0.00286	0.01008	0.00627	0.00568
9	0.10282	0.00982	0.01264	0.00988	0.01410	0.00889	0.00813	0.02641	0.03400	0.65734	0.04146	0.01918	0.01457	0.00705	0.00557	0.00177	0.00476	0.00564	0.00669	0.00926
10	0.01333	0.01050	0.01152	0.01027	0.01313	0.01154	0.00799	0.06162	0.46679	0.06038	0.18575	0.02786	0.07664	0.00901	0.00608	0.00189	0.00412	0.00760	0.00595	0.00803
11	0.00979	0.00497	0.00741	0.00748	0.00749	0.00495	0.00498	0.00748	0.00762	0.01016	0.01096	0.05436	0.01126	0.01978	0.02164	0.79407	0.00489	0.00550	0.00262	0.00259
12	0.83938	0.01106	0.00841	0.00752	0.01106	0.01283	0.00619	0.01681	0.00973	0.02566	0.00796	0.00929	0.00619	0.00531	0.00354	0.00177	0.00442	0.00310	0.00354	0.00619
13	0.01189	0.01026	0.01208	0.00873	0.01361	0.00801	0.00700	0.01438	0.01174	0.01845	0.01006	0.01189	0.00843	0.00446	0.00480	0.00091	0.03480	0.00345	0.00335	0.80170
14	0.00832	0.00555	0.00624	0.00624	0.00624	0.00555	0.00347	0.00832	0.00832	0.01109	0.01802	0.03743	0.02080	0.79898	0.02911	0.00555	0.00555	0.00832	0.00347	0.00347
15	0.00780	0.00584	0.00724	0.00689	0.00837	0.00527	0.00517	0.01023	0.01550	0.02131	0.60745	0.04541	0.20782	0.01230	0.00675	0.00183	0.00274	0.01072	0.00608	0.00527
16	0.00702	0.00505	0.00667	0.00786	0.00829	0.00469	0.00529	0.00812	0.01129	0.01506	0.07047	0.73439	0.05961	0.01749	0.00726	0.00228	0.00327	0.01583	0.00536	0.00469
17	0.00931	0.00594	0.00738	0.00754	0.00899	0.00530	0.00550	0.01087	0.01301	0.10386	0.14303	0.35778	0.25126	0.01469	0.00690	0.00208	0.00334	0.03214	0.00566	0.00542
18	0.01835	0.04189	0.01813	0.12637	0.16606	0.45126	0.01295	0.06744	0.01549	0.01642	0.00970	0.01195	0.00789	0.00575	0.00533	0.00159	0.00888	0.00423	0.00304	0.00729
19	0.00886	0.00632	0.00780	0.00803	0.00900	0.00621	0.00586	0.05369	0.01271	0.01701	0.16297	0.21597	0.07491	0.23059	0.01320	0.00311	0.00435	0.14952	0.00500	0.00490
20	0.04646	0.39821	0.16935	0.01136	0.01665	0.04221	0.01160	0.04074	0.07997	0.06902	0.01114	0.01190	0.00881	0.00548	0.00449	0.00146	0.00631	0.00389	0.00328	0.05766
21	0.01675	0.08058	0.09839	0.05370	0.15263	0.18181	0.13696	0.08472	0.02887	0.07312	0.01152	0.01339	0.00881	0.00560	0.00553	0.00166	0.00791	0.00485	0.00342	0.02976

[dist]
# distance from previous block
# <min> <max>
2	10

[block]
# block no. 4 follows, 41 sequences, length 19
# corresponding to MSA columns:
# 372-390
name=unknown_E
#
# <colnr> <probs for GDERKNQSTAVLIFYWHMCP>
#	G	D	E	R	K	N	Q	S	T	A	V	L	I	F	Y	W	H	M	C	P
0	0.01759	0.31269	0.05030	0.01099	0.01522	0.05748	0.00989	0.15360	0.06168	0.14071	0.06394	0.01526	0.01285	0.00651	0.00532	0.00156	0.02834	0.00477	0.02322	0.00807
1	0.07314	0.14542	0.03071	0.03468	0.01413	0.05702	0.03018	0.12952	0.08988	0.01981	0.03925	0.04030	0.04465	0.11651	0.02787	0.00240	0.03727	0.00593	0.05455	0.00678
2	0.09992	0.38573	0.08383	0.01326	0.09400	0.08262	0.01104	0.05991	0.01312	0.03577	0.04016	0.01235	0.00983	0.00673	0.02870	0.00171	0.00670	0.00401	0.00312	0.00748
3	0.01160	0.08745	0.03519	0.02806	0.01218	0.06090	0.00762	0.05223	0.05250	0.06633	0.09040	0.24023	0.15424	0.02540	0.00670	0.00200	0.00468	0.05123	0.00492	0.00615
4	0.00857	0.00591	0.00776	0.00733	0.00872	0.00544	0.00548	0.01115	0.01588	0.04532	0.69362	0.08743	0.05177	0.01193	0.00675	0.00183	0.00280	0.01056	0.00626	0.00549
5	0.36499	0.01609	0.23155	0.01079	0.01604	0.01168	0.01113	0.01997	0.01219	0.21412	0.01246	0.01280	0.00862	0.00577	0.00468	0.00176	0.00571	0.00412	0.00412	0.03144
6	0.01839	0.08912	0.07989	0.01544	0.08503	0.32840	0.01203	0.18862	0.03688	0.02049	0.03370	0.01493	0.01073	0.00654	0.00540	0.00163	0.00796	0.03330	0.00376	0.00776
7	0.06028	0.07957	0.59056	0.01658	0.04692	0.01400	0.07870	0.01797	0.01206	0.01827	0.01010	0.01206	0.00737	0.00533	0.00532	0.00177	0.00810	0.00432	0.00254	0.00820
8	0.00994	0.00497	0.00745	0.00745	0.00745	0.00497	0.00497	0.00745	0.00745	0.00994	0.00994	0.01739	0.00994	0.01987	0.02235	0.83358	0.00497	0.00497	0.00248	0.00248
9	0.00697	0.00498	0.00664	0.00796	0.00830	0.00465	0.00531	0.00796	0.01095	0.01460	0.03153	0.79525	0.03783	0.01792	0.00730	0.00232	0.00332	0.01626	0.00531	0.00465
10	0.83938	0.01106	0.00841	0.00752	0.01106	0.01283	0.00619	0.01681	0.00973	0.02566	0.00796	0.00929	0.00619	0.00531	0.00354	0.00177	0.00442	0.00310	0.00354	0.00619
11	0.04228	0.04804	0.01660	0.01262	0.01687	0.03929	0.01035	0.53343	0.16766	0.03181	0.01506	0.01481	0.01098	0.00689	0.00558	0.00173	0.00601	0.00522	0.00547	0.00931
12	0.02054	0.01158	0.01329	0.01051	0.01432	0.01192	0.00857	0.32448	0.04940	0.28140	0.01811	0.01752	0.01254	0.00693	0.00539	0.00167	0.00501	0.00544	0.17257	0.00882
13	0.06823	0.01411	0.01530	0.01194	0.01608	0.01536	0.00980	0.56475	0.02389	0.09078	0.09694	0.01714	0.01478	0.00733	0.00571	0.00173	0.00568	0.00565	0.00576	0.00904
14	0.15060	0.19704	0.23262	0.01573	0.09628	0.04827	0.10166	0.01763	0.01202	0.01825	0.00950	0.01149	0.00753	0.00513	0.00482	0.00160	0.00706	0.00410	0.00279	0.05587
15	0.00889	0.00708	0.00871	0.07456	0.03144	0.00703	0.00686	0.01240	0.10690	0.03511	0.03823	0.26898	0.31559	0.01354	0.00671	0.00207	0.00388	0.04119	0.00512	0.00569
16	0.00703	0.00500	0.00662	0.00789	0.00821	0.00468	0.00523	0.00798	0.01084	0.01446	0.03096	0.76371	0.03712	0.05043	0.00821	0.00246	0.00341	0.01593	0.00523	0.00460
17	0.04025	0.01425	0.01621	0.01406	0.07896	0.01537	0.01060	0.52434	0.04432	0.09972	0.04988	0.01694	0.03420	0.00717	0.00575	0.00174	0.00585	0.00563	0.00557	0.00922
18	0.04863	0.12105	0.04960	0.05746	0.04048	0.05747	0.05936	0.06296	0.19715	0.09296	0.03770	0.07022	0.03558	0.00782	0.00565	0.00181	0.00584	0.03598	0.00453	0.00774

[dist]
# distance from previous block
# <min> <max>
0	1

[block]
# block no. 5 follows, 41 sequences, length 22
# corresponding to MSA columns:
# 392-413
name=unknown_F
#
# <colnr> <probs for GDERKNQSTAVLIFYWHMCP>
#	G	D	E	R	K	N	Q	S	T	A	V	L	I	F	Y	W	H	M	C	P
0	0.24367	0.04367	0.01427	0.01200	0.01546	0.39939	0.00939	0.08157	0.01522	0.10090	0.01048	0.01128	0.00798	0.00591	0.00478	0.00160	0.00766	0.00385	0.00377	0.00713
1	0.75016	0.01222	0.00956	0.00920	0.04464	0.06217	0.00701	0.01724	0.01030	0.02460	0.00814	0.00957	0.00640	0.00534	0.00374	0.00175	0.00491	0.00322	0.00347	0.00635
2	0.00797	0.00593	0.00693	0.00662	0.00833	0.00521	0.00499	0.01006	0.01470	0.04084	0.40590	0.04790	0.38815	0.01289	0.00672	0.00186	0.00286	0.01103	0.00585	0.00525
3	0.01493	0.76245	0.02885	0.00966	0.01437	0.02177	0.00957	0.01681	0.01185	0.01393	0.04571	0.01086	0.00968	0.00523	0.00382	0.00125	0.00595	0.00342	0.00264	0.00724
4	0.01880	0.01496	0.01566	0.04590	0.01760	0.05250	0.01044	0.46688	0.21536	0.03018	0.01644	0.04154	0.01248	0.00737	0.00577	0.00179	0.00598	0.00579	0.00546	0.00909
5	0.01985	0.01549	0.01609	0.01258	0.01698	0.04972	0.01025	0.55507	0.10973	0.03190	0.01427	0.01428	0.01040	0.00666	0.00556	0.00164	0.00606	0.00506	0.00537	0.09304
6	0.00716	0.00510	0.00679	0.00808	0.00846	0.00480	0.00551	0.00823	0.01101	0.01465	0.03100	0.72247	0.03695	0.04330	0.00805	0.00245	0.00352	0.06256	0.00525	0.00465
7	0.01665	0.01402	0.03838	0.04877	0.10899	0.01416	0.05920	0.35636	0.06995	0.02666	0.01428	0.06466	0.01159	0.00683	0.00567	0.00167	0.00609	0.00578	0.00460	0.12571
8	0.01011	0.00876	0.01201	0.01092	0.01121	0.01124	0.00848	0.01124	0.00876	0.01289	0.01265	0.02225	0.01313	0.23709	0.23940	0.00527	0.35027	0.00624	0.00293	0.00516
9	0.00741	0.00568	0.00678	0.00679	0.00820	0.00506	0.00499	0.00936	0.01414	0.01875	0.37606	0.17057	0.31801	0.01377	0.00684	0.00193	0.00287	0.01196	0.00576	0.00506
10	0.06676	0.00674	0.00712	0.00647	0.00851	0.00674	0.00503	0.04410	0.01305	0.12803	0.01833	0.01999	0.01385	0.00664	0.00428	0.00144	0.00323	0.00524	0.62826	0.00618
11	0.01124	0.01053	0.01727	0.68594	0.08455	0.01286	0.01554	0.01584	0.06027	0.01549	0.01107	0.01558	0.00836	0.00581	0.00572	0.00190	0.00737	0.00518	0.00278	0.00671
12	0.01096	0.01043	0.01766	0.72615	0.03795	0.01299	0.03689	0.01468	0.01137	0.01468	0.01008	0.01512	0.00765	0.00590	0.00637	0.00194	0.04510	0.00513	0.00255	0.00639
13	0.01177	0.07710	0.65842	0.01603	0.04410	0.01369	0.01952	0.01818	0.03317	0.01814	0.03174	0.01308	0.00892	0.00563	0.00538	0.00177	0.00798	0.00441	0.00264	0.00833
14	0.00817	0.00613	0.00919	0.00919	0.01021	0.00715	0.00715	0.01021	0.00919	0.01328	0.01532	0.02247	0.01430	0.04290	0.77631	0.00919	0.01532	0.00613	0.00306	0.00511
15	0.01246	0.03308	0.01160	0.01011	0.01290	0.03315	0.00792	0.04649	0.44059	0.02180	0.10901	0.03069	0.16013	0.00959	0.00609	0.00191	0.00432	0.03495	0.00558	0.00763
16	0.00696	0.00580	0.00609	0.00620	0.00800	0.00493	0.00469	0.00850	0.01309	0.01585	0.08816	0.09042	0.65670	0.01459	0.00684	0.00198	0.00303	0.04796	0.00536	0.00487
17	0.01396	0.17331	0.39524	0.04057	0.10349	0.12540	0.03649	0.01845	0.01271	0.01660	0.00971	0.01169	0.00753	0.00535	0.00513	0.00164	0.00810	0.00412	0.00256	0.00796
18	0.01066	0.00533	0.00533	0.00533	0.00666	0.00533	0.00400	0.01333	0.01200	0.02132	0.01866	0.02132	0.01466	0.00666	0.00400	0.00133	0.00267	0.00533	0.83073	0.00533
19	0.02137	0.02726	0.01621	0.01474	0.01768	0.77602	0.01105	0.02284	0.01621	0.01400	0.00884	0.01031	0.00737	0.00589	0.00516	0.00147	0.01031	0.00368	0.00295	0.00663
20	0.00994	0.00497	0.00745	0.00745	0.00745	0.00497	0.00497	0.00745	0.00745	0.00994	0.00994	0.01739	0.00994	0.01987	0.02235	0.83358	0.00497	0.00497	0.00248	0.00248
21	0.01416	0.01359	0.02322	0.03511	0.76330	0.01359	0.01755	0.01755	0.01302	0.01869	0.01076	0.01416	0.00906	0.00510	0.00566	0.00170	0.00680	0.00510	0.00283	0.00906

[dist]
# distance from previous block
# <min> <max>
0	6

[block]
# block no. 6 follows, 41 sequences, length 45
# corresponding to MSA columns:
# 420-464
name=unknown_G
#
# <colnr> <probs for GDERKNQSTAVLIFYWHMCP>
#	G	D	E	R	K	N	Q	S	T	A	V	L	I	F	Y	W	H	M	C	P
0	0.00810	0.00585	0.00765	0.00720	0.00855	0.00540	0.00540	0.01079	0.01619	0.02294	0.76028	0.04273	0.05397	0.01169	0.00675	0.00180	0.00270	0.01034	0.00630	0.00540
1	0.00830	0.00563	0.00666	0.00666	0.00681	0.00578	0.00400	0.00859	0.00844	0.01140	0.01763	0.03528	0.01986	0.69038	0.13644	0.00607	0.00695	0.00800	0.00341	0.00370
2	0.01066	0.00533	0.00533	0.00533	0.00666	0.00533	0.00400	0.01333	0.01200	0.02132	0.01866	0.02132	0.01466	0.00666	0.00400	0.00133	0.00267	0.00533	0.83073	0.00533
3	0.01529	0.80242	0.02997	0.00979	0.01468	0.02263	0.00979	0.01713	0.01162	0.01346	0.00795	0.00918	0.00734	0.00489	0.00367	0.00122	0.00612	0.00306	0.00245	0.00734
4	0.02137	0.02726	0.01621	0.01474	0.01768	0.77602	0.01105	0.02284	0.01621	0.01400	0.00884	0.01031	0.00737	0.00589	0.00516	0.00147	0.01031	0.00368	0.00295	0.00663
5	0.00818	0.00611	0.00911	0.00911	0.01010	0.00710	0.00704	0.01016	0.00917	0.01322	0.01540	0.02290	0.01449	0.06458	0.75489	0.00909	0.01504	0.00619	0.00308	0.00506
6	0.00697	0.00498	0.00664	0.00796	0.00830	0.00465	0.00531	0.00796	0.01095	0.01460	0.03153	0.79525	0.03783	0.01792	0.00730	0.00232	0.00332	0.01626	0.00531	0.00465
7	0.01529	0.80242	0.02997	0.00979	0.01468	0.02263	0.00979	0.01713	0.01162	0.01346	0.00795	0.00918	0.00734	0.00489	0.00367	0.00122	0.00612	0.00306	0.00245	0.00734
8	0.83938	0.01106	0.00841	0.00752	0.01106	0.01283	0.00619	0.01681	0.00973	0.02566	0.00796	0.00929	0.00619	0.00531	0.00354	0.00177	0.00442	0.00310	0.00354	0.00619
9	0.83938	0.01106	0.00841	0.00752	0.01106	0.01283	0.00619	0.01681	0.00973	0.02566	0.00796	0.00929	0.00619	0.00531	0.00354	0.00177	0.00442	0.00310	0.00354	0.00619
10	0.00817	0.00613	0.00919	0.00919	0.01021	0.00715	0.00715	0.01021	0.00919	0.01328	0.01532	0.02247	0.01430	0.04290	0.77631	0.00919	0.01532	0.00613	0.00306	0.00511
11	0.01251	0.01251	0.01752	0.01502	0.01502	0.01752	0.01251	0.01377	0.00876	0.01377	0.00751	0.01251	0.00751	0.01001	0.01877	0.00250	0.78851	0.00501	0.00250	0.00626
12	0.00801	0.00584	0.00753	0.00711	0.00849	0.00536	0.00533	0.01063	0.01600	0.02248	0.71708	0.04348	0.09746	0.01187	0.00675	0.00181	0.00271	0.01045	0.00624	0.00536
13	0.01173	0.01002	0.01172	0.00843	0.01338	0.00755	0.00673	0.01428	0.01201	0.01879	0.03575	0.01291	0.01002	0.00449	0.00432	0.00088	0.00418	0.00363	0.00349	0.80568
14	0.00872	0.00684	0.00984	0.00954	0.01031	0.00822	0.00735	0.01041	0.00903	0.01306	0.01470	0.02312	0.01428	0.13361	0.58967	0.00791	0.10902	0.00626	0.00305	0.00504
15	0.02475	0.00953	0.01298	0.01002	0.01429	0.00825	0.00825	0.02699	0.01636	0.72860	0.06089	0.02068	0.01623	0.00732	0.00580	0.00177	0.00475	0.00599	0.00704	0.00951
16	0.01251	0.01251	0.01752	0.01502	0.01502	0.01752	0.01251	0.01377	0.00876	0.01377	0.00751	0.01251	0.00751	0.01001	0.01877	0.00250	0.78851	0.00501	0.00250	0.00626
17	0.17921	0.01251	0.01809	0.04653	0.43570	0.01279	0.01336	0.04789	0.02953	0.09254	0.01169	0.01376	0.00912	0.00543	0.00518	0.00169	0.00596	0.00471	0.00358	0.05071
18	0.40349	0.10402	0.01379	0.00965	0.01368	0.03502	0.00812	0.16542	0.03361	0.14693	0.01192	0.01217	0.00866	0.00594	0.00446	0.00169	0.00523	0.00404	0.00447	0.00770
19	0.00703	0.00504	0.00677	0.00803	0.00840	0.00478	0.00541	0.00808	0.01086	0.01453	0.03068	0.75511	0.03661	0.01922	0.04725	0.00268	0.00394	0.01573	0.00519	0.00467
20	0.02345	0.00929	0.01269	0.01012	0.01413	0.00813	0.00839	0.02572	0.01604	0.66823	0.04674	0.02474	0.01731	0.00810	0.00600	0.00186	0.00484	0.07819	0.00687	0.00915
21	0.02176	0.01526	0.01708	0.01398	0.05557	0.01657	0.01096	0.63394	0.02511	0.10978	0.01448	0.01434	0.01015	0.00680	0.00572	0.00172	0.00617	0.00521	0.00571	0.00969
22	0.71232	0.01086	0.00878	0.00776	0.01116	0.01244	0.00635	0.06111	0.01122	0.02598	0.04783	0.01179	0.00924	0.00579	0.00386	0.00175	0.00438	0.00369	0.03734	0.00634
23	0.00697	0.00498	0.00664	0.00796	0.00830	0.00465	0.00531	0.00796	0.01095	0.01460	0.03153	0.79525	0.03783	0.01792	0.00730	0.00232	0.00332	0.01626	0.00531	0.00465
24	0.01596	0.14608	0.03771	0.01944	0.19040	0.19119	0.12167	0.04140	0.12714	0.01794	0.01242	0.01486	0.01015	0.00592	0.00546	0.00167	0.00756	0.02168	0.00339	0.00793
25	0.00703	0.00502	0.00671	0.00804	0.00840	0.00470	0.00542	0.00808	0.01102	0.01468	0.03149	0.77376	0.03769	0.01786	0.00732	0.00233	0.00338	0.03710	0.00531	0.00466
26	0.01489	0.37300	0.16319	0.01513	0.06522	0.05147	0.13521	0.01823	0.01257	0.05425	0.01003	0.01175	0.00805	0.00512	0.00483	0.00150	0.00723	0.00420	0.00284	0.04131
27	0.03940	0.01503	0.01717	0.01341	0.01766	0.01663	0.05543	0.55419	0.12287	0.03213	0.01504	0.03298	0.01123	0.00714	0.00604	0.00179	0.02153	0.00563	0.00544	0.00924
28	0.00817	0.00613	0.00919	0.00919	0.01021	0.00715	0.00715	0.01021	0.00919	0.01328	0.01532	0.02247	0.01430	0.04290	0.77631	0.00919	0.01532	0.00613	0.00306	0.00511
29	0.01936	0.01872	0.13310	0.01477	0.05673	0.08896	0.01266	0.46932	0.06643	0.04353	0.01332	0.01374	0.00964	0.00652	0.00563	0.00172	0.00690	0.00496	0.00483	0.00916
30	0.01397	0.01206	0.01269	0.01144	0.01463	0.01390	0.00889	0.02963	0.72754	0.02364	0.02447	0.02250	0.04301	0.00799	0.00585	0.00194	0.00447	0.00666	0.00580	0.00891
31	0.01368	0.03886	0.03344	0.01109	0.01406	0.01294	0.00889	0.13438	0.40468	0.02331	0.06027	0.14469	0.03592	0.00948	0.00635	0.00195	0.02462	0.00793	0.00544	0.00803
32	0.00846	0.00663	0.00746	0.00757	0.00932	0.00627	0.00573	0.01192	0.10814	0.03259	0.09129	0.18910	0.40151	0.01405	0.00682	0.00206	0.00343	0.07664	0.00547	0.00552
33	0.00880	0.00627	0.00803	0.00807	0.00878	0.00666	0.00561	0.05417	0.01034	0.01415	0.01975	0.19536	0.02155	0.31710	0.28334	0.00588	0.00851	0.00909	0.00387	0.00468
34	0.01147	0.02959	0.76934	0.01630	0.02476	0.01328	0.02113	0.01811	0.01208	0.01811	0.01026	0.01208	0.00725	0.00543	0.00543	0.00181	0.00845	0.00423	0.00242	0.00845
35	0.01353	0.01309	0.02087	0.22937	0.51027	0.03940	0.01646	0.01762	0.05058	0.01773	0.01118	0.01468	0.00906	0.00542	0.00567	0.00176	0.00702	0.00511	0.00291	0.00827
36	0.00895	0.00604	0.00792	0.00734	0.00884	0.00554	0.00554	0.01162	0.01620	0.05904	0.72450	0.04160	0.05204	0.01147	0.00670	0.00180	0.00280	0.01012	0.00633	0.00561
37	0.02135	0.01575	0.01687	0.01297	0.01747	0.01740	0.01070	0.72481	0.02653	0.03550	0.01490	0.01482	0.02955	0.00707	0.00575	0.00172	0.00620	0.00533	0.00571	0.00960
38	0.00702	0.00580	0.00615	0.00606	0.00788	0.00494	0.00455	0.00871	0.01364	0.01689	0.19320	0.05267	0.62482	0.01395	0.00676	0.00191	0.00286	0.01174	0.00550	0.00494
39	0.01350	0.01543	0.03375	0.02411	0.02989	0.01446	0.74253	0.01832	0.01350	0.01832	0.01157	0.01543	0.00868	0.00482	0.00675	0.00193	0.00964	0.00675	0.00289	0.00771
40	0.01356	0.01372	0.09300	0.37273	0.06079	0.01373	0.04937	0.16392	0.08597	0.02062	0.01379	0.01724	0.02636	0.00648	0.00582	0.00187	0.00704	0.02272	0.00364	0.00763
41	0.01101	0.00547	0.00563	0.00553	0.00695	0.00542	0.00417	0.01366	0.01225	0.04267	0.04230	0.02195	0.01589	0.00684	0.00414	0.00136	0.00273	0.00550	0.78107	0.00546
42	0.12870	0.08062	0.48676	0.05327	0.02148	0.01322	0.01657	0.01740	0.01181	0.03887	0.01143	0.01526	0.00903	0.00681	0.02027	0.00196	0.00751	0.04843	0.00290	0.00772
43	0.30802	0.01251	0.01250	0.01031	0.01410	0.01386	0.00839	0.27021	0.12759	0.09740	0.05987	0.01562	0.01277	0.00677	0.00503	0.00178	0.00502	0.00500	0.00513	0.00812
44	0.40581	0.02876	0.05064	0.01025	0.05127	0.01130	0.00827	0.03941	0.01281	0.24108	0.03381	0.01550	0.03621	0.00637	0.00466	0.00175	0.00483	0.00464	0.02514	0.00753

[dist]
# distance from previous block
# <min> <max>
1	21

[block]
# block no. 7 follows, 41 sequences, length 8
# corresponding to MSA columns:
# 486-493
name=unknown_H
#
# <colnr> <probs for GDERKNQSTAVLIFYWHMCP>
#	G	D	E	R	K	N	Q	S	T	A	V	L	I	F	Y	W	H	M	C	P
0	0.25378	0.29870	0.09016	0.15104	0.05275	0.01657	0.01129	0.03759	0.01158	0.01854	0.00887	0.01093	0.00720	0.00528	0.00432	0.00160	0.00615	0.00370	0.00289	0.00708
