[name]
unknown

[dist]
# distance from previous block
# <min> <max>
0	156

[block]
# block no. 0 follows, 48 sequences, length 15
# corresponding to MSA columns:
# 215-229
name=unknown_A
#
# <colnr> <probs for GDERKNQSTAVLIFYWHMCP>
#	G	D	E	R	K	N	Q	S	T	A	V	L	I	F	Y	W	H	M	C	P
0	0.00827	0.00591	0.00827	0.00945	0.01063	0.00591	0.00827	0.01063	0.01181	0.01536	0.02717	0.05788	0.02953	0.01417	0.00709	0.00236	0.00472	0.75313	0.00472	0.00472
1	0.00849	0.00481	0.00540	0.00555	0.00658	0.00467	0.00405	0.01060	0.01128	0.01823	0.16290	0.17756	0.02379	0.00878	0.00462	0.00145	0.00251	0.00753	0.52651	0.00467
2	0.01372	0.82276	0.02689	0.00878	0.01317	0.02030	0.00878	0.01536	0.01043	0.01207	0.00713	0.00823	0.00658	0.00439	0.00329	0.00110	0.00549	0.00274	0.00219	0.00658
3	0.01046	0.01028	0.15547	0.02794	0.01260	0.00684	0.00831	0.01291	0.01129	0.12899	0.08418	0.31183	0.02134	0.00951	0.00544	0.00163	0.00424	0.00833	0.00420	0.16420
4	0.01741	0.01351	0.01515	0.01201	0.01525	0.01562	0.00990	0.56881	0.08166	0.02772	0.01196	0.01266	0.00891	0.00675	0.00733	0.00169	0.15626	0.00469	0.00460	0.00809
5	0.73196	0.00981	0.00869	0.12402	0.01365	0.01149	0.00683	0.01479	0.00896	0.02157	0.00743	0.00912	0.00574	0.00482	0.00346	0.00161	0.00439	0.00304	0.00304	0.00558
6	0.01344	0.01334	0.01311	0.06954	0.01551	0.21049	0.06412	0.02034	0.30275	0.04465	0.15909	0.01938	0.01818	0.00685	0.00528	0.00160	0.00562	0.00573	0.00428	0.00671
7	0.85592	0.00992	0.00754	0.00675	0.00992	0.01151	0.00556	0.01508	0.00873	0.02302	0.00714	0.00834	0.00556	0.00476	0.00318	0.00159	0.00397	0.00278	0.00318	0.00556
8	0.00624	0.00451	0.00591	0.00703	0.00741	0.00418	0.00471	0.00716	0.00994	0.01314	0.02969	0.77072	0.07863	0.01589	0.00652	0.00206	0.00295	0.01436	0.00476	0.00418
9	0.01071	0.00633	0.00850	0.00877	0.01055	0.00598	0.00749	0.01285	0.01233	0.16049	0.02950	0.04906	0.13713	0.01254	0.00658	0.00213	0.00435	0.50426	0.00504	0.00542
10	0.01932	0.00819	0.01063	0.00846	0.01196	0.00721	0.00689	0.02182	0.05321	0.60619	0.02622	0.02353	0.15765	0.00763	0.00533	0.00162	0.00402	0.00625	0.00600	0.00788
11	0.00847	0.15840	0.01061	0.00689	0.00870	0.00774	0.00558	0.01075	0.01376	0.01898	0.63924	0.03269	0.04058	0.00935	0.00553	0.00152	0.00300	0.00805	0.00500	0.00517
12	0.01486	0.01185	0.01364	0.12724	0.01747	0.01283	0.00935	0.34762	0.19212	0.02411	0.01321	0.01377	0.00983	0.00575	0.00490	0.00146	0.00511	0.00459	0.00434	0.16595
13	0.01288	0.01216	0.01547	0.01277	0.03553	0.05858	0.15067	0.04925	0.40329	0.01941	0.01542	0.01561	0.01174	0.00571	0.00508	0.00152	0.00529	0.00513	0.00411	0.16038
14	0.01062	0.01006	0.01326	0.13832	0.01584	0.03912	0.02447	0.06724	0.01095	0.01491	0.07311	0.02081	0.15588	0.00880	0.01067	0.00192	0.36917	0.00604	0.00320	0.00560

[dist]
# distance from previous block
# <min> <max>
7	20

[block]
# block no. 1 follows, 48 sequences, length 13
# corresponding to MSA columns:
# 250-262
name=unknown_B
#
# <colnr> <probs for GDERKNQSTAVLIFYWHMCP>
#	G	D	E	R	K	N	Q	S	T	A	V	L	I	F	Y	W	H	M	C	P
0	0.02369	0.08146	0.33587	0.01663	0.15989	0.01178	0.08678	0.01619	0.04856	0.04621	0.03729	0.01738	0.01122	0.00598	0.00516	0.00165	0.00645	0.07763	0.00297	0.00721
1	0.01112	0.00528	0.00779	0.03487	0.00867	0.00517	0.00527	0.00974	0.00804	0.12988	0.01067	0.01582	0.00943	0.01561	0.01723	0.69008	0.00453	0.00457	0.00287	0.00335
2	0.00668	0.00497	0.00625	0.00667	0.00748	0.00476	0.00472	0.00791	0.01032	0.01362	0.11517	0.32143	0.20318	0.11052	0.13108	0.00324	0.00476	0.02862	0.00436	0.00424
3	0.01230	0.08431	0.14040	0.05791	0.57249	0.01282	0.01558	0.01569	0.01139	0.01613	0.00934	0.01206	0.00769	0.00463	0.00490	0.00151	0.00630	0.00429	0.00244	0.00781
4	0.01249	0.01192	0.01908	0.21571	0.54848	0.03511	0.01493	0.05109	0.01202	0.01651	0.00960	0.01282	0.00780	0.00480	0.00508	0.00156	0.00634	0.00453	0.00260	0.00751
5	0.04550	0.00643	0.00818	0.00803	0.00999	0.00598	0.00658	0.01320	0.01226	0.20218	0.05849	0.12013	0.18441	0.01171	0.00616	0.00196	0.00390	0.28424	0.00510	0.00559
6	0.00722	0.00506	0.00615	0.00657	0.00699	0.00496	0.00443	0.00795	0.00900	0.01182	0.02325	0.19225	0.08937	0.43619	0.04847	0.00385	0.00469	0.12424	0.00381	0.00373
7	0.09268	0.01333	0.01356	0.01080	0.01454	0.13319	0.02790	0.27180	0.03587	0.31310	0.01433	0.01364	0.00977	0.00595	0.00492	0.00154	0.00562	0.00453	0.00497	0.00796
8	0.01314	0.00936	0.01150	0.03116	0.04891	0.02624	0.00802	0.07776	0.14248	0.14736	0.17126	0.04045	0.02006	0.00780	0.00634	0.00163	0.07383	0.05417	0.00468	0.10386
9	0.00730	0.00588	0.00658	0.00672	0.00775	0.04183	0.00480	0.00888	0.01222	0.01616	0.34481	0.27987	0.17395	0.05085	0.00709	0.00193	0.00307	0.01084	0.00495	0.00451
10	0.01279	0.01198	0.01240	0.01332	0.13762	0.12623	0.00876	0.06357	0.31386	0.01768	0.01756	0.02139	0.04778	0.13236	0.00845	0.00216	0.00535	0.03596	0.00404	0.00676
11	0.01319	0.01292	0.01894	0.02689	0.61104	0.07044	0.01414	0.01788	0.13031	0.01718	0.01126	0.01344	0.00918	0.00499	0.00507	0.00154	0.00601	0.00467	0.00296	0.00797
12	0.05836	0.14128	0.08368	0.01146	0.01561	0.12286	0.01014	0.41445	0.05421	0.02415	0.01080	0.01127	0.00808	0.00563	0.00467	0.00146	0.00613	0.00404	0.00399	0.00773

[dist]
# distance from previous block
# <min> <max>
0	4

[block]
# block no. 2 follows, 48 sequences, length 41
# corresponding to MSA columns:
# 267-307
name=unknown_C
#
# <colnr> <probs for GDERKNQSTAVLIFYWHMCP>
#	G	D	E	R	K	N	Q	S	T	A	V	L	I	F	Y	W	H	M	C	P
0	0.69300	0.03179	0.00923	0.00785	0.01101	0.11706	0.00637	0.04353	0.01011	0.02170	0.00744	0.00860	0.00584	0.00488	0.00344	0.00154	0.00477	0.00292	0.00315	0.00575
1	0.01064	0.00912	0.01064	0.00760	0.01216	0.00684	0.00608	0.01292	0.01064	0.01672	0.00912	0.01064	0.00760	0.00380	0.00380	0.00076	0.00380	0.00304	0.00304	0.85104
2	0.00710	0.00524	0.00663	0.00628	0.00756	0.00477	0.00471	0.00936	0.01413	0.01964	0.68279	0.03987	0.15117	0.01084	0.00605	0.00163	0.00245	0.00950	0.00553	0.00477
3	0.00774	0.00495	0.00549	0.00549	0.00565	0.00495	0.00317	0.00806	0.00790	0.01118	0.01624	0.03165	0.01792	0.71101	0.02311	0.00447	0.00463	0.00710	0.11596	0.00333
4	0.01016	0.00966	0.01653	0.68183	0.13557	0.01155	0.03549	0.01355	0.01050	0.01369	0.00923	0.01355	0.00704	0.00503	0.00515	0.00169	0.00679	0.00460	0.00232	0.00606
5	0.00746	0.00497	0.00560	0.00560	0.00560	0.00497	0.00311	0.00746	0.00746	0.00995	0.01617	0.03358	0.01865	0.81967	0.02612	0.00497	0.00497	0.00746	0.00311	0.00311
6	0.00744	0.00508	0.00613	0.00613	0.00632	0.00527	0.00378	0.00781	0.00762	0.01035	0.01568	0.03086	0.01747	0.66151	0.18266	0.00564	0.00675	0.00706	0.00304	0.00341
7	0.00808	0.00583	0.00760	0.00837	0.00941	0.00582	0.00688	0.01028	0.03613	0.01435	0.02665	0.05103	0.08534	0.17693	0.01080	0.00282	0.00459	0.52018	0.00442	0.00448
8	0.01432	0.73443	0.02552	0.00927	0.01347	0.10647	0.00891	0.01593	0.01088	0.01213	0.00722	0.00834	0.00659	0.00449	0.00344	0.00112	0.00590	0.00281	0.00224	0.00651
9	0.00769	0.00615	0.00907	0.01195	0.16543	0.00588	0.00698	0.00923	0.01086	0.01485	0.12597	0.53634	0.04377	0.01295	0.00618	0.00190	0.00353	0.01178	0.00443	0.00506
10	0.53838	0.10328	0.08309	0.00874	0.01245	0.10030	0.00790	0.06438	0.01075	0.02062	0.00775	0.00891	0.00608	0.00488	0.00363	0.00150	0.00516	0.00304	0.00304	0.00610
11	0.01372	0.82276	0.02689	0.00878	0.01317	0.02030	0.00878	0.01536	0.01043	0.01207	0.00713	0.00823	0.00658	0.00439	0.00329	0.00110	0.00549	0.00274	0.00219	0.00658
12	0.02286	0.00899	0.01207	0.00925	0.01323	0.00792	0.00764	0.05899	0.01512	0.75663	0.01988	0.01723	0.01252	0.00634	0.00516	0.00159	0.00442	0.00514	0.00630	0.00873
13	0.01006	0.00739	0.00806	0.00733	0.00899	0.07805	0.00557	0.01229	0.01444	0.10486	0.60255	0.03375	0.06723	0.00964	0.00582	0.00159	0.00327	0.00833	0.00542	0.00536
14	0.01719	0.01385	0.09989	0.04058	0.01620	0.02510	0.01015	0.33504	0.19729	0.16763	0.01527	0.01471	0.01074	0.00619	0.00512	0.00161	0.00535	0.00488	0.00491	0.00830
15	0.00733	0.00550	0.00825	0.00825	0.00916	0.00641	0.00641	0.00916	0.00825	0.01191	0.01374	0.02016	0.01283	0.03848	0.79934	0.00825	0.01374	0.00550	0.00275	0.00458
16	0.00937	0.00571	0.00753	0.00681	0.00839	0.00520	0.00520	0.01173	0.01455	0.12349	0.68283	0.03554	0.04365	0.00994	0.00593	0.00161	0.00268	0.00873	0.00574	0.00536
17	0.01323	0.01349	0.01939	0.11490	0.60135	0.11719	0.01480	0.01609	0.01191	0.01580	0.00936	0.01235	0.00778	0.00473	0.00502	0.00152	0.00660	0.00440	0.00252	0.00757
18	0.01119	0.01102	0.01971	0.38788	0.30768	0.01201	0.13319	0.01458	0.01103	0.01495	0.00947	0.01331	0.00746	0.00487	0.00546	0.00165	0.02056	0.00480	0.00242	0.00677
19	0.00673	0.00454	0.00583	0.00680	0.00725	0.00427	0.00461	0.00788	0.01012	0.01417	0.05404	0.68179	0.03168	0.01453	0.00614	0.00195	0.00288	0.01309	0.11743	0.00427
20	0.09600	0.02284	0.01392	0.01259	0.01532	0.70493	0.00951	0.04090	0.01427	0.01407	0.00798	0.00925	0.00657	0.00526	0.00451	0.00135	0.00867	0.00329	0.00276	0.00599
21	0.00629	0.00514	0.00556	0.00560	0.00711	0.00441	0.00414	0.00775	0.01202	0.01496	0.17726	0.11788	0.58838	0.01284	0.00611	0.00174	0.00260	0.01090	0.00492	0.00441
22	0.01367	0.00924	0.01103	0.00826	0.01250	0.00765	0.00664	0.01723	0.09650	0.19179	0.01293	0.01312	0.00964	0.00472	0.00426	0.00105	0.00396	0.00382	0.00403	0.56795
23	0.18644	0.01189	0.01235	0.01028	0.01365	0.01326	0.00849	0.41650	0.12046	0.02673	0.01440	0.01851	0.01179	0.00705	0.00501	0.00169	0.00497	0.10437	0.00469	0.00747
24	0.65919	0.01078	0.00928	0.00785	0.01124	0.01227	0.00647	0.16836	0.01204	0.05017	0.00862	0.00944	0.00643	0.00510	0.00364	0.00158	0.00432	0.00323	0.00368	0.00630
25	0.04096	0.00677	0.00893	0.00842	0.00986	0.00709	0.00686	0.01209	0.01264	0.10325	0.34702	0.03671	0.05908	0.01066	0.00755	0.00189	0.11118	0.19877	0.00491	0.00535
26	0.00726	0.00524	0.00686	0.00646	0.00767	0.00484	0.00484	0.00968	0.01452	0.02058	0.78496	0.03833	0.04841	0.01049	0.00605	0.00161	0.00242	0.00928	0.00565	0.00484
27	0.85592	0.00992	0.00754	0.00675	0.00992	0.01151	0.00556	0.01508	0.00873	0.02302	0.00714	0.00834	0.00556	0.00476	0.00318	0.00159	0.00397	0.00278	0.00318	0.00556
28	0.04950	0.00953	0.01172	0.00921	0.01299	0.00898	0.00750	0.09156	0.11688	0.47999	0.04304	0.01682	0.01308	0.00621	0.00497	0.00151	0.00430	0.00501	0.00558	0.10160
29	0.01136	0.00531	0.00573	0.00536	0.00693	0.00515	0.00411	0.01370	0.01128	0.12224	0.01721	0.01891	0.01309	0.00603	0.00380	0.00125	0.00265	0.00483	0.73574	0.00531
30	0.01127	0.00996	0.01445	0.53947	0.02812	0.01166	0.01218	0.09879	0.11441	0.01668	0.01104	0.01398	0.00830	0.00537	0.00502	0.00161	0.00606	0.00459	0.00306	0.08397
31	0.00625	0.00447	0.00595	0.00714	0.00744	0.00417	0.00476	0.00714	0.00982	0.01310	0.02828	0.81633	0.03394	0.01608	0.00655	0.00208	0.00298	0.01459	0.00476	0.00417
32	0.01372	0.82276	0.02689	0.00878	0.01317	0.02030	0.00878	0.01536	0.01043	0.01207	0.00713	0.00823	0.00658	0.00439	0.00329	0.00110	0.00549	0.00274	0.00219	0.00658
33	0.01162	0.00682	0.00859	0.00800	0.00975	0.00656	0.00599	0.11323	0.01369	0.17472	0.17680	0.37848	0.04150	0.01161	0.00597	0.00181	0.00350	0.01022	0.00531	0.00584
34	0.02302	0.00873	0.01191	0.00913	0.01310	0.00754	0.00754	0.02501	0.01469	0.79122	0.02024	0.01746	0.01270	0.00635	0.00516	0.00159	0.00437	0.00516	0.00635	0.00873
35	0.00733	0.00550	0.00825	0.00825	0.00916	0.00641	0.00641	0.00916	0.00825	0.01191	0.01374	0.02016	0.01283	0.03848	0.79934	0.00825	0.01374	0.00550	0.00275	0.00458
36	0.04357	0.02065	0.50353	0.01702	0.17551	0.01137	0.01629	0.01727	0.01144	0.12010	0.01070	0.01200	0.00762	0.00501	0.00489	0.00160	0.00672	0.00410	0.00284	0.00777
37	0.01022	0.00921	0.01274	0.01125	0.01160	0.01237	0.00923	0.01165	0.00832	0.01317	0.00949	0.01409	0.00883	0.01455	0.17349	0.00332	0.54112	0.00473	0.11532	0.00529
38	0.00816	0.00584	0.00669	0.00654	0.00703	0.00617	0.00414	0.01029	0.11050	0.01170	0.01653	0.03017	0.01761	0.62470	0.10888	0.00490	0.00582	0.00702	0.00335	0.00394
39	0.01254	0.01196	0.02037	0.03068	0.75909	0.01196	0.01547	0.01556	0.01169	0.01671	0.01030	0.01436	0.00891	0.00492	0.00515	0.00155	0.00605	0.03210	0.00262	0.00800
40	0.01104	0.02326	0.63498	0.01373	0.02031	0.01185	0.01679	0.09906	0.01207	0.01763	0.00997	0.01185	0.00733	0.00810	0.07785	0.00222	0.00793	0.00404	0.00255	0.00743

[dist]
# distance from previous block
# <min> <max>
0	57

[block]
# block no. 3 follows, 48 sequences, length 24
# corresponding to MSA columns:
# 365-388
name=unknown_D
#
# <colnr> <probs for GDERKNQSTAVLIFYWHMCP>
#	G	D	E	R	K	N	Q	S	T	A	V	L	I	F	Y	W	H	M	C	P
0	0.01280	0.08989	0.02141	0.02932	0.71343	0.01297	0.01508	0.01571	0.01156	0.01631	0.00941	0.01227	0.00798	0.00455	0.00491	0.00148	0.00604	0.00440	0.00251	0.00798
1	0.01059	0.01144	0.11503	0.00854	0.01350	0.00752	0.00780	0.01336	0.01067	0.01666	0.00913	0.01067	0.00745	0.00394	0.00394	0.00088	0.00430	0.00314	0.00292	0.73852
2	0.12406	0.05755	0.01557	0.01227	0.01349	0.01468	0.04397	0.01311	0.00850	0.01424	0.00714	0.01075	0.00668	0.00759	0.01286	0.00197	0.56492	0.00413	0.00244	0.06410
3	0.00739	0.00534	0.00720	0.00832	0.00910	0.00524	0.00649	0.00939	0.03488	0.01441	0.02753	0.44017	0.03132	0.01491	0.00676	0.00220	0.00382	0.35623	0.00476	0.00455
4	0.00745	0.00502	0.00585	0.00585	0.00594	0.00511	0.00343	0.00762	0.00754	0.01014	0.01593	0.03229	0.01810	0.74479	0.10024	0.00529	0.00582	0.00727	0.00307	0.00325
5	0.01205	0.01300	0.02652	0.09250	0.22584	0.01263	0.50710	0.01597	0.01184	0.01623	0.01008	0.01353	0.00779	0.00446	0.00572	0.00167	0.00783	0.00554	0.00255	0.00713
6	0.00746	0.00497	0.00560	0.00560	0.00560	0.00497	0.00311	0.00746	0.00746	0.00995	0.01617	0.03358	0.01865	0.81967	0.02612	0.00497	0.00497	0.00746	0.00311	0.00311
7	0.00710	0.00528	0.00663	0.00641	0.00773	0.00481	0.00489	0.00929	0.01378	0.01889	0.58784	0.04186	0.19273	0.01124	0.00613	0.00169	0.00262	0.06095	0.00541	0.00473
8	0.01229	0.00907	0.01081	0.00780	0.01229	0.00693	0.00627	0.01453	0.01118	0.12005	0.01060	0.01155	0.00828	0.00414	0.00398	0.00087	0.00388	0.00332	0.00348	0.73867
9	0.01808	0.18563	0.01708	0.01226	0.01532	0.60627	0.00968	0.05310	0.01414	0.01335	0.00797	0.00918	0.00670	0.00514	0.00438	0.00129	0.00833	0.00325	0.00266	0.00620
10	0.01242	0.02062	0.47679	0.01740	0.13361	0.01182	0.11714	0.04301	0.01195	0.09119	0.01059	0.01219	0.00758	0.00494	0.00510	0.00162	0.00713	0.00437	0.00278	0.00772
11	0.01188	0.01185	0.04220	0.22377	0.57821	0.01199	0.01547	0.01511	0.01130	0.01584	0.00951	0.01289	0.00776	0.00472	0.00509	0.00157	0.00632	0.00455	0.00246	0.00751
12	0.01211	0.01384	0.03028	0.02163	0.02682	0.01298	0.76903	0.01644	0.01211	0.01644	0.01038	0.01384	0.00779	0.00433	0.00606	0.00173	0.00865	0.00606	0.00260	0.00692
13	0.00726	0.00524	0.00686	0.00646	0.00767	0.00484	0.00484	0.00968	0.01452	0.02058	0.78496	0.03833	0.04841	0.01049	0.00605	0.00161	0.00242	0.00928	0.00565	0.00484
14	0.01333	0.01247	0.02072	0.02918	0.68039	0.01258	0.04814	0.08813	0.01289	0.01824	0.00994	0.01271	0.00817	0.00471	0.00513	0.00153	0.00616	0.00464	0.00279	0.00813
15	0.01669	0.01242	0.20349	0.00994	0.01424	0.00807	0.00981	0.01974	0.01370	0.44412	0.17235	0.02005	0.01840	0.00682	0.00527	0.00160	0.00477	0.00566	0.00518	0.00766
16	0.02302	0.00873	0.01191	0.00913	0.01310	0.00754	0.00754	0.02501	0.01469	0.79122	0.02024	0.01746	0.01270	0.00635	0.00516	0.00159	0.00437	0.00516	0.00635	0.00873
17	0.01777	0.02143	0.01594	0.01716	0.18442	0.60026	0.01118	0.04528	0.01425	0.01416	0.00846	0.01011	0.00701	0.00516	0.00474	0.00137	0.00844	0.00363	0.00271	0.00652
18	0.01227	0.01406	0.12399	0.05325	0.63770	0.01215	0.04015	0.01575	0.01154	0.01657	0.00960	0.01252	0.00786	0.00462	0.00509	0.00155	0.00640	0.00451	0.00248	0.00794
19	0.00623	0.00455	0.00586	0.00691	0.00738	0.00419	0.00466	0.00717	0.01005	0.01319	0.03116	0.72324	0.12516	0.01570	0.00649	0.00204	0.00293	0.01413	0.00476	0.00419
20	0.00639	0.00457	0.00607	0.00705	0.00747	0.00426	0.00477	0.00748	0.01045	0.01410	0.12923	0.71253	0.03587	0.01533	0.00648	0.00202	0.00290	0.01388	0.00488	0.00426
21	0.01163	0.01110	0.01889	0.30843	0.51912	0.01191	0.01521	0.01481	0.01118	0.01546	0.00946	0.01305	0.00767	0.00477	0.00510	0.00159	0.00636	0.00457	0.00245	0.00726
22	0.07643	0.06895	0.08963	0.13104	0.07638	0.03116	0.02318	0.16883	0.13686	0.11597	0.02399	0.01389	0.00992	0.00570	0.00487	0.00158	0.00558	0.00458	0.00395	0.00749
23	0.00980	0.06754	0.11420	0.02772	0.01210	0.12080	0.00824	0.01223	0.03109	0.01418	0.04944	0.10236	0.21183	0.06347	0.00700	0.00196	0.00509	0.13188	0.00380	0.00527

[dist]
# distance from previous block
# <min> <max>
2	5

[block]
# block no. 4 follows, 48 sequences, length 69
# corresponding to MSA columns:
# 394-462
name=unknown_E
#
# <colnr> <probs for GDERKNQSTAVLIFYWHMCP>
#	G	D	E	R	K	N	Q	S	T	A	V	L	I	F	Y	W	H	M	C	P
0	0.04949	0.01002	0.01484	0.34087	0.20123	0.02882	0.01194	0.03823	0.02343	0.14881	0.01343	0.01555	0.04244	0.00563	0.00502	0.00161	0.00577	0.00486	0.03118	0.00682
1	0.01273	0.03539	0.01863	0.27189	0.31923	0.11489	0.07009	0.03344	0.04533	0.01547	0.00980	0.01279	0.00780	0.00496	0.00507	0.00157	0.00682	0.00452	0.00264	0.00696
2	0.01166	0.01102	0.01860	0.17447	0.54004	0.01145	0.03200	0.01495	0.02640	0.01600	0.01190	0.01715	0.02394	0.00560	0.00529	0.00164	0.00609	0.06174	0.00275	0.00731
3	0.00682	0.00501	0.00619	0.00630	0.00723	0.00460	0.00444	0.00837	0.01199	0.01623	0.37374	0.23345	0.17051	0.11143	0.00864	0.00216	0.00290	0.01065	0.00496	0.00437
4	0.05922	0.42556	0.15651	0.07274	0.09016	0.03228	0.01136	0.01594	0.01090	0.05808	0.02010	0.01052	0.00764	0.00479	0.00405	0.00134	0.00590	0.00349	0.00258	0.00686
5	0.85592	0.00992	0.00754	0.00675	0.00992	0.01151	0.00556	0.01508	0.00873	0.02302	0.00714	0.00834	0.00556	0.00476	0.00318	0.00159	0.00397	0.00278	0.00318	0.00556
6	0.00726	0.00524	0.00686	0.00646	0.00767	0.00484	0.00484	0.00968	0.01452	0.02058	0.78496	0.03833	0.04841	0.01049	0.00605	0.00161	0.00242	0.00928	0.00565	0.00484
7	0.01064	0.00912	0.01064	0.00760	0.01216	0.00684	0.00608	0.01292	0.01064	0.01672	0.00912	0.01064	0.00760	0.00380	0.00380	0.00076	0.00380	0.00304	0.00304	0.85104
8	0.00726	0.00524	0.00686	0.00646	0.00767	0.00484	0.00484	0.00968	0.01452	0.02058	0.78496	0.03833	0.04841	0.01049	0.00605	0.00161	0.00242	0.00928	0.00565	0.00484
9	0.00746	0.00497	0.00560	0.00560	0.00560	0.00497	0.00311	0.00746	0.00746	0.00995	0.01617	0.03358	0.01865	0.81967	0.02612	0.00497	0.00497	0.00746	0.00311	0.00311
10	0.08835	0.01269	0.01330	0.01084	0.01443	0.01426	0.00877	0.42492	0.29548	0.04029	0.01511	0.01453	0.01103	0.00633	0.00500	0.00162	0.00491	0.00490	0.00502	0.00824
11	0.02302	0.00873	0.01191	0.00913	0.01310	0.00754	0.00754	0.02501	0.01469	0.79122	0.02024	0.01746	0.01270	0.00635	0.00516	0.00159	0.00437	0.00516	0.00635	0.00873
12	0.01139	0.03021	0.06641	0.19900	0.02787	0.01255	0.52838	0.01548	0.01155	0.01552	0.01030	0.02834	0.00796	0.00475	0.00573	0.00171	0.00801	0.00569	0.00253	0.00662
13	0.01917	0.02445	0.01454	0.01322	0.01586	0.79907	0.00991	0.02049	0.01454	0.01256	0.00793	0.00925	0.00661	0.00529	0.00463	0.00132	0.00925	0.00330	0.00264	0.00595
14	0.00625	0.00447	0.00595	0.00714	0.00744	0.00417	0.00476	0.00714	0.00982	0.01310	0.02828	0.81633	0.03394	0.01608	0.00655	0.00208	0.00298	0.01459	0.00476	0.00417
15	0.01465	0.46103	0.02044	0.00989	0.01352	0.18206	0.00870	0.03592	0.14341	0.01457	0.01020	0.01089	0.00848	0.00513	0.00396	0.00127	0.00590	0.00352	0.03977	0.00669
16	0.00606	0.00520	0.00520	0.00520	0.00693	0.00433	0.00390	0.00736	0.01170	0.01386	0.05198	0.04938	0.78558	0.01299	0.00606	0.00173	0.00260	0.01083	0.00476	0.00433
17	0.02302	0.00873	0.01191	0.00913	0.01310	0.00754	0.00754	0.02501	0.01469	0.79122	0.02024	0.01746	0.01270	0.00635	0.00516	0.00159	0.00437	0.00516	0.00635	0.00873
18	0.00655	0.00519	0.00592	0.00602	0.00744	0.00456	0.00455	0.00817	0.01223	0.01557	0.23004	0.12049	0.47302	0.01276	0.00619	0.00178	0.00275	0.06732	0.00498	0.00447
19	0.02242	0.00970	0.01251	0.00959	0.01358	0.00898	0.00792	0.15294	0.01631	0.66100	0.01888	0.01658	0.01202	0.00632	0.00516	0.00158	0.00459	0.00507	0.00614	0.00873
20	0.01269	0.01092	0.01177	0.01099	0.04015	0.01248	0.00826	0.05048	0.69337	0.02133	0.02157	0.02001	0.04875	0.00711	0.00525	0.00173	0.00412	0.00594	0.00510	0.00798
21	0.03071	0.06421	0.01355	0.01085	0.04069	0.13604	0.00835	0.10844	0.23414	0.09884	0.01369	0.01364	0.01034	0.00557	0.00464	0.00137	0.00520	0.00431	0.00412	0.19131
22	0.01391	0.66194	0.04756	0.01040	0.01493	0.01904	0.08170	0.07299	0.01164	0.01415	0.00790	0.00915	0.00686	0.00453	0.00374	0.00121	0.00586	0.00323	0.00246	0.00681
23	0.85592	0.00992	0.00754	0.00675	0.00992	0.01151	0.00556	0.01508	0.00873	0.02302	0.00714	0.00834	0.00556	0.00476	0.00318	0.00159	0.00397	0.00278	0.00318	0.00556
24	0.00633	0.00519	0.00558	0.00552	0.00710	0.00444	0.00413	0.00787	0.01227	0.01532	0.21227	0.06574	0.60539	0.01252	0.00607	0.00172	0.00257	0.01058	0.00496	0.00444
25	0.01168	0.01115	0.01893	0.26530	0.54768	0.01182	0.01510	0.01481	0.01125	0.01561	0.01019	0.01360	0.02053	0.00488	0.00511	0.00158	0.00626	0.00467	0.00250	0.00733
26	0.00891	0.00446	0.00668	0.00668	0.00668	0.00446	0.00446	0.00668	0.00668	0.00891	0.00891	0.01560	0.00891	0.01783	0.02005	0.85071	0.00446	0.00446	0.00223	0.00223
27	0.00735	0.00541	0.00779	0.00779	0.00855	0.00617	0.00585	0.00887	0.00811	0.01157	0.01416	0.02246	0.01383	0.17253	0.66666	0.00768	0.01224	0.00583	0.00281	0.00433
28	0.01273	0.01097	0.01211	0.08656	0.01554	0.01276	0.00877	0.05505	0.67551	0.02109	0.01943	0.01835	0.01455	0.00676	0.00521	0.00173	0.00439	0.00564	0.00494	0.00791
29	0.01064	0.00912	0.01064	0.00760	0.01216	0.00684	0.00608	0.01292	0.01064	0.01672	0.00912	0.01064	0.00760	0.00380	0.00380	0.00076	0.00380	0.00304	0.00304	0.85104
30	0.00733	0.00550	0.00825	0.00825	0.00916	0.00641	0.00641	0.00916	0.00825	0.01191	0.01374	0.02016	0.01283	0.03848	0.79934	0.00825	0.01374	0.00550	0.00275	0.00458
31	0.00746	0.00497	0.00560	0.00560	0.00560	0.00497	0.00311	0.00746	0.00746	0.00995	0.01617	0.03358	0.01865	0.81967	0.02612	0.00497	0.00497	0.00746	0.00311	0.00311
32	0.00746	0.00497	0.00560	0.00560	0.00560	0.00497	0.00311	0.00746	0.00746	0.00995	0.01617	0.03358	0.01865	0.81967	0.02612	0.00497	0.00497	0.00746	0.00311	0.00311
33	0.01426	0.68642	0.05873	0.00960	0.01391	0.11907	0.00937	0.01606	0.01097	0.01232	0.00733	0.00847	0.00658	0.00453	0.00353	0.00115	0.00606	0.00286	0.00225	0.00655
34	0.01270	0.01219	0.02083	0.03149	0.78767	0.01219	0.01575	0.01575	0.01168	0.01676	0.00965	0.01270	0.00813	0.00457	0.00508	0.00152	0.00610	0.00457	0.00254	0.00813
35	0.01747	0.01878	0.01648	0.03535	0.12419	0.43835	0.06843	0.09153	0.03240	0.07368	0.01000	0.01138	0.00779	0.00541	0.00522	0.00146	0.02800	0.00407	0.00318	0.00684
36	0.00838	0.00684	0.01026	0.00994	0.01128	0.00703	0.07973	0.01097	0.04552	0.01542	0.10256	0.24157	0.04911	0.01260	0.00737	0.00210	0.06566	0.30418	0.00446	0.00501
37	0.00625	0.00447	0.00595	0.00714	0.00744	0.00417	0.00476	0.00714	0.00982	0.01310	0.02828	0.81633	0.03394	0.01608	0.00655	0.00208	0.00298	0.01459	0.00476	0.00417
38	0.01372	0.82276	0.02689	0.00878	0.01317	0.02030	0.00878	0.01536	0.01043	0.01207	0.00713	0.00823	0.00658	0.00439	0.00329	0.00110	0.00549	0.00274	0.00219	0.00658
39	0.01804	0.07136	0.01622	0.01512	0.11493	0.55500	0.01057	0.11000	0.01507	0.01545	0.00863	0.01000	0.00706	0.00524	0.00466	0.00136	0.00818	0.00359	0.00290	0.00660
40	0.00613	0.00507	0.00538	0.00557	0.00704	0.00432	0.00407	0.00739	0.01146	0.01393	0.06948	0.18066	0.63492	0.01345	0.00615	0.00179	0.00266	0.01143	0.00479	0.00432
41	0.00622	0.00459	0.00582	0.00681	0.00735	0.00420	0.00461	0.00718	0.01014	0.01323	0.03235	0.68472	0.16292	0.01555	0.00647	0.00202	0.00291	0.01394	0.00476	0.00420
42	0.15554	0.05573	0.62746	0.01304	0.01974	0.01218	0.01625	0.01601	0.01046	0.01724	0.00877	0.01030	0.00634	0.00484	0.00452	0.00160	0.00688	0.00358	0.00234	0.00720
43	0.02985	0.06145	0.38283	0.01281	0.01777	0.01226	0.03276	0.01792	0.06330	0.16274	0.01155	0.01261	0.00836	0.00596	0.00692	0.00171	0.14432	0.00429	0.00321	0.00739
44	0.01966	0.01413	0.01525	0.01169	0.01579	0.01555	0.00966	0.73805	0.02371	0.06543	0.01266	0.01254	0.00890	0.00617	0.00513	0.00154	0.00559	0.00464	0.00519	0.00873
45	0.00735	0.00543	0.00692	0.00673	0.00802	0.00506	0.00518	0.00987	0.02889	0.01927	0.60461	0.04134	0.12762	0.01111	0.00615	0.00171	0.00273	0.09173	0.00544	0.00484
46	0.01364	0.80430	0.04465	0.00892	0.01338	0.02011	0.00902	0.01538	0.01044	0.01217	0.00718	0.00829	0.00658	0.00440	0.00333	0.00111	0.00554	0.00277	0.00219	0.00661
47	0.01194	0.01333	0.02741	0.02002	0.02419	0.01351	0.61996	0.01563	0.01127	0.01563	0.00966	0.01333	0.00758	0.00524	0.00818	0.00183	0.16634	0.00575	0.00253	0.00666
48	0.01059	0.01033	0.01494	0.01286	0.01320	0.01402	0.03683	0.01194	0.00807	0.01242	0.00807	0.01285	0.00782	0.01388	0.15074	0.00326	0.64564	0.00472	0.00234	0.00548
49	0.00744	0.00506	0.00605	0.00605	0.00621	0.00522	0.00368	0.00775	0.00760	0.01029	0.01575	0.03128	0.01765	0.68562	0.15880	0.00554	0.00648	0.00712	0.00305	0.00336
50	0.01107	0.01264	0.09020	0.02747	0.01499	0.01506	0.03293	0.01280	0.00831	0.01284	0.00722	0.01144	0.00684	0.00885	0.02720	0.00225	0.68533	0.00448	0.00226	0.00582
51	0.04064	0.01152	0.01281	0.01078	0.01397	0.01273	0.00887	0.37163	0.19724	0.08012	0.01715	0.02196	0.01406	0.00777	0.00573	0.00175	0.02519	0.13332	0.00504	0.00773
52	0.00647	0.00469	0.00617	0.00727	0.00778	0.00438	0.00511	0.00757	0.01020	0.01342	0.02991	0.67065	0.08916	0.01562	0.00658	0.00209	0.00315	0.10078	0.00476	0.00425
53	0.00626	0.00525	0.00547	0.00556	0.00724	0.00447	0.00426	0.00767	0.01176	0.01412	0.06514	0.04982	0.71060	0.01304	0.00614	0.00178	0.00276	0.06948	0.00478	0.00437
54	0.01268	0.01404	0.05383	0.01988	0.04183	0.01347	0.57948	0.08800	0.01279	0.01756	0.01015	0.01331	0.00774	0.00498	0.00695	0.00175	0.08610	0.00565	0.00279	0.00702
55	0.01686	0.01476	0.01278	0.01112	0.01421	0.24013	0.00866	0.07783	0.37212	0.15174	0.01641	0.01550	0.01204	0.00631	0.00503	0.00158	0.00573	0.00488	0.00466	0.00764
56	0.00969	0.00912	0.01539	0.80734	0.03534	0.01140	0.01425	0.01311	0.01026	0.01311	0.00912	0.01368	0.00684	0.00513	0.00513	0.00171	0.00684	0.00456	0.00228	0.00570
57	0.01112	0.01098	0.01513	0.17266	0.01762	0.04169	0.01145	0.01277	0.00870	0.01280	0.00769	0.01200	0.00703	0.00795	0.01348	0.00206	0.58561	0.00448	0.03916	0.00561
58	0.01049	0.00691	0.00918	0.02296	0.02488	0.00697	0.00750	0.03051	0.05357	0.11767	0.14943	0.07848	0.08648	0.01143	0.00677	0.00199	0.03923	0.32499	0.00494	0.00560
59	0.01212	0.01361	0.02789	0.06554	0.05952	0.03109	0.63599	0.01609	0.01182	0.01596	0.01003	0.01354	0.00766	0.00465	0.00650	0.00174	0.05114	0.00576	0.00256	0.00681
60	0.00969	0.00912	0.01539	0.80734	0.03534	0.01140	0.01425	0.01311	0.01026	0.01311	0.00912	0.01368	0.00684	0.00513	0.00513	0.00171	0.00684	0.00456	0.00228	0.00570
61	0.00958	0.00893	0.01473	0.67062	0.03118	0.01125	0.01327	0.01268	0.00988	0.01294	0.00938	0.01411	0.00740	0.00861	0.08183	0.00237	0.06868	0.00464	0.00232	0.00559
62	0.01151	0.01027	0.01605	0.62107	0.03121	0.01233	0.04634	0.14322	0.01267	0.01654	0.00968	0.01341	0.00720	0.00535	0.00540	0.00169	0.02239	0.00463	0.00278	0.00627
63	0.01334	0.66053	0.05001	0.01116	0.01578	0.01880	0.13954	0.01557	0.01073	0.01294	0.00775	0.00927	0.00679	0.00439	0.00381	0.00122	0.00609	0.00334	0.00226	0.00667
64	0.00712	0.00531	0.00626	0.00598	0.00748	0.00469	0.00450	0.00905	0.01332	0.03564	0.45285	0.04258	0.36369	0.01147	0.00604	0.00166	0.00254	0.00985	0.00529	0.00471
65	0.03943	0.00612	0.00728	0.00659	0.00837	0.00564	0.00494	0.01209	0.03383	0.14976	0.31192	0.03544	0.22905	0.11700	0.00843	0.00209	0.00324	0.00842	0.00510	0.00526
66	0.01339	0.74676	0.10002	0.00934	0.01403	0.01950	0.00975	0.01545	0.01046	0.01247	0.00733	0.00848	0.00658	0.00444	0.00344	0.00115	0.00569	0.00284	0.00219	0.00668
67	0.01424	0.74656	0.02571	0.00920	0.01343	0.09464	0.00889	0.01585	0.01082	0.01212	0.00721	0.00833	0.00659	0.00448	0.00342	0.00112	0.00585	0.00280	0.00224	0.00652
68	0.05047	0.01872	0.01412	0.01216	0.01526	0.41616	0.00956	0.29957	0.01769	0.02056	0.01100	0.01407	0.00910	0.00627	0.00495	0.00149	0.00736	0.06087	0.00375	0.00688

[dist]
# distance from previous block
# <min> <max>
5	10

[block]
# block no. 5 follows, 48 sequences, length 6
# corresponding to MSA columns:
# 473-478
name=unknown_F
#
# <colnr> <probs for GDERKNQSTAVLIFYWHMCP>
#	G	D	E	R	K	N	Q	S	T	A	V	L	I	F	Y	W	H	M	C	P
0	0.01119	0.23471	0.59277	0.01310	0.01984	0.01411	0.01630	0.01602	0.01073	0.01516	0.00867	0.01015	0.00652	0.00475	0.00446	0.00149	0.00704	0.00352	0.00217	0.00732
1	0.01239	0.29345	0.45255	0.01251	0.01850	0.09912	0.01457	0.01641	0.01109	0.01445	0.00838	0.00979	0.00654	0.00476	0.00432	0.00142	0.00706	0.00339	0.00223	0.00707
2	0.01336	0.07058	0.08635	0.01087	0.01374	0.24714	0.00945	0.10449	0.03796	0.01665	0.06235	0.02552	0.05802	0.00956	0.04012	0.00195	0.00664	0.17549	0.00372	0.00605
3	0.33547	0.00850	0.00863	0.04000	0.01113	0.00885	0.00611	0.04760	0.04242	0.12837	0.01919	0.09418	0.13038	0.03429	0.00527	0.00172	0.00394	0.00592	0.00414	0.06390
4	0.01295	0.64350	0.19939	0.01010	0.01520	0.01841	0.01107	0.01556	0.01052	0.01301	0.00760	0.00882	0.00657	0.00450	0.00365	0.00122	0.00596	0.00298	0.00219	0.00681
5	0.17705	0.01538	0.01376	0.01111	0.01477	0.15831	0.00899	0.49102	0.01947	0.02696	0.01054	0.01101	0.00774	0.00574	0.00467	0.00151	0.00599	0.00403	0.00431	0.00762

[dist]
# distance from previous block
# <min> <max>
0	1

[block]
# block no. 6 follows, 48 sequences, length 18
# corresponding to MSA columns:
# 480-497
name=unknown_G
#
# <colnr> <probs for GDERKNQSTAVLIFYWHMCP>
#	G	D	E	R	K	N	Q	S	T	A	V	L	I	F	Y	W	H	M	C	P
0	0.05388	0.00501	0.00650	0.00694	0.00733	0.00501	0.00479	0.00785	0.00842	0.01180	0.01774	0.25428	0.02000	0.15857	0.01486	0.31419	0.00412	0.09184	0.00345	0.00341
1	0.01068	0.11723	0.70582	0.01396	0.02118	0.01287	0.01780	0.01615	0.01079	0.01577	0.00897	0.01054	0.00651	0.00482	0.00469	0.00156	0.00734	0.00367	0.00217	0.00747
2	0.01064	0.00912	0.01064	0.00760	0.01216	0.00684	0.00608	0.01292	0.01064	0.01672	0.00912	0.01064	0.00760	0.00380	0.00380	0.00076	0.00380	0.00304	0.00304	0.85104
3	0.01068	0.00927	0.01111	0.04582	0.01335	0.00761	0.00675	0.01333	0.03325	0.01650	0.00937	0.01106	0.00777	0.00418	0.00447	0.00090	0.03875	0.00326	0.00303	0.74955
4	0.01029	0.02654	0.79309	0.01462	0.02221	0.01192	0.01896	0.01625	0.01083	0.01625	0.00921	0.01083	0.00650	0.00487	0.00487	0.00162	0.00758	0.00379	0.00217	0.00758
5	0.00724	0.00527	0.00683	0.00650	0.00773	0.00485	0.00492	0.00961	0.01430	0.02008	0.72443	0.03952	0.08215	0.01073	0.00609	0.00165	0.00251	0.03520	0.00558	0.00481
6	0.01211	0.01384	0.03028	0.02163	0.02682	0.01298	0.76903	0.01644	0.01211	0.01644	0.01038	0.01384	0.00779	0.00433	0.00606	0.00173	0.00865	0.00606	0.00260	0.00692
7	0.01082	0.14844	0.67579	0.01373	0.02082	0.01320	0.01740	0.01611	0.01077	0.01561	0.00889	0.01043	0.00651	0.00480	0.00463	0.00154	0.00726	0.00363	0.00217	0.00743
8	0.00938	0.00558	0.00736	0.00720	0.00846	0.00515	0.00534	0.01111	0.01245	0.12888	0.34290	0.24206	0.03520	0.08358	0.00792	0.00210	0.00327	0.07178	0.00521	0.00506
9	0.00724	0.00521	0.00706	0.00819	0.00899	0.00503	0.00645	0.00888	0.01090	0.01425	0.02885	0.40507	0.06737	0.01499	0.00679	0.00220	0.00382	0.37949	0.00474	0.00445
10	0.01371	0.53867	0.19357	0.01067	0.01552	0.12491	0.01117	0.01626	0.01108	0.01306	0.00770	0.00894	0.00657	0.00462	0.00382	0.00124	0.00646	0.00305	0.00225	0.00672
11	0.01029	0.02654	0.79309	0.01462	0.02221	0.01192	0.01896	0.01625	0.01083	0.01625	0.00921	0.01083	0.00650	0.00487	0.00487	0.00162	0.00758	0.00379	0.00217	0.00758
12	0.00714	0.00543	0.00673	0.00721	0.00854	0.00502	0.00583	0.00901	0.01208	0.01549	0.16020	0.10314	0.31692	0.01326	0.00650	0.00198	0.00343	0.30263	0.00489	0.00456
13	0.85592	0.00992	0.00754	0.00675	0.00992	0.01151	0.00556	0.01508	0.00873	0.02302	0.00714	0.00834	0.00556	0.00476	0.00318	0.00159	0.00397	0.00278	0.00318	0.00556
14	0.01231	0.01205	0.01745	0.01364	0.01642	0.05755	0.18704	0.04374	0.05192	0.03202	0.00961	0.01241	0.00799	0.00699	0.02842	0.00182	0.28995	0.00459	0.00289	0.19120
15	0.09115	0.00938	0.01067	0.00813	0.01206	0.00832	0.00654	0.09955	0.02905	0.09782	0.07443	0.01398	0.01170	0.00585	0.02297	0.00128	0.00421	0.00404	0.00388	0.48500
16	0.56194	0.04817	0.01021	0.00790	0.01139	0.01174	0.00658	0.10979	0.01179	0.16371	0.01017	0.01048	0.00730	0.00521	0.00378	0.00156	0.00432	0.00344	0.00395	0.00657
17	0.04686	0.00627	0.00584	0.00578	0.00754	0.04103	0.00433	0.00842	0.01172	0.01449	0.07839	0.08004	0.64711	0.01229	0.00588	0.00172	0.00298	0.01021	0.00463	0.00448

[dist]
# distance from previous block
# <min> <max>
1	3

[block]
# block no. 7 follows, 48 sequences, length 59
# corresponding to MSA columns:
# 501-559
name=unknown_H
#
# <colnr> <probs for GDERKNQSTAVLIFYWHMCP>
#	G	D	E	R	K	N	Q	S	T	A	V	L	I	F	Y	W	H	M	C	P
0	0.00729	0.06681	0.09656	0.00810	0.00958	0.00626	0.00671	0.00885	0.01007	0.01344	0.02519	0.63060	0.04890	0.01383	0.00612	0.00196	0.00371	0.02699	0.00428	0.00475
1	0.01810	0.01454	0.01418	0.01128	0.01474	0.11060	0.00902	0.59235	0.02107	0.02738	0.01222	0.01435	0.00959	0.09808	0.00744	0.00190	0.00601	0.00478	0.00460	0.00775
2	0.00722	0.00523	0.00680	0.00644	0.00764	0.00482	0.00482	0.00958	0.01437	0.02028	0.75388	0.05367	0.06463	0.01065	0.00606	0.00163	0.00244	0.00942	0.00561	0.00482
3	0.10250	0.00568	0.00592	0.00585	0.00749	0.00525	0.00439	0.00876	0.01185	0.01639	0.21579	0.11291	0.45595	0.01176	0.00578	0.00172	0.00275	0.00990	0.00479	0.00457
4	0.01593	0.01139	0.01258	0.01045	0.01358	0.01242	0.00831	0.41644	0.17610	0.08641	0.01768	0.16384	0.01516	0.00819	0.00542	0.00169	0.00472	0.00676	0.00518	0.00775
5	0.01270	0.01219	0.02083	0.03149	0.78767	0.01219	0.01575	0.01575	0.01168	0.01676	0.00965	0.01270	0.00813	0.00457	0.00508	0.00152	0.00610	0.00457	0.00254	0.00813
6	0.02035	0.00814	0.01105	0.00868	0.01218	0.00708	0.00708	0.02241	0.01466	0.66058	0.14988	0.02100	0.01876	0.00705	0.00531	0.00159	0.00404	0.00586	0.00623	0.00807
7	0.02112	0.00825	0.01123	0.00890	0.01246	0.00716	0.00723	0.02299	0.01414	0.70319	0.02115	0.10784	0.01510	0.00745	0.00532	0.00164	0.00421	0.00623	0.00617	0.00822
8	0.03228	0.02611	0.77266	0.01442	0.02189	0.01191	0.01861	0.01622	0.01078	0.01643	0.00915	0.01077	0.00648	0.00487	0.00483	0.00162	0.00749	0.00377	0.00219	0.00753
9	0.00842	0.00566	0.00660	0.00648	0.00826	0.00496	0.00508	0.01004	0.01221	0.10260	0.11154	0.08826	0.47874	0.01235	0.00614	0.00182	0.00311	0.11779	0.00502	0.00492
10	0.01204	0.01431	0.05846	0.02137	0.02665	0.01294	0.74131	0.01643	0.01206	0.01643	0.01034	0.01373	0.00774	0.00435	0.00601	0.00173	0.00861	0.00597	0.00258	0.00694
11	0.00675	0.00465	0.00580	0.00656	0.00678	0.00446	0.00417	0.00738	0.00904	0.01218	0.02386	0.52935	0.02820	0.28942	0.01314	0.00305	0.00364	0.01191	0.02586	0.00382
12	0.00723	0.00568	0.00795	0.00850	0.00896	0.00602	0.02100	0.00839	0.00984	0.01332	0.02504	0.61154	0.02944	0.01472	0.00792	0.00213	0.10679	0.09668	0.00439	0.00447
13	0.01114	0.41562	0.01848	0.00915	0.01174	0.02694	0.00817	0.01279	0.00940	0.01205	0.00959	0.01305	0.00895	0.01771	0.30391	0.00391	0.09529	0.00398	0.00242	0.00572
14	0.01409	0.00758	0.00949	0.00837	0.01076	0.02132	0.00660	0.01761	0.10617	0.31212	0.24690	0.11699	0.02711	0.00930	0.00572	0.00172	0.00371	0.06214	0.00564	0.00665
15	0.00902	0.00562	0.00741	0.00678	0.00827	0.00513	0.00514	0.01135	0.01442	0.10756	0.67877	0.05620	0.04400	0.01017	0.00596	0.00162	0.00266	0.00895	0.00570	0.00526
16	0.01372	0.82276	0.02689	0.00878	0.01317	0.02030	0.00878	0.01536	0.01043	0.01207	0.00713	0.00823	0.00658	0.00439	0.00329	0.00110	0.00549	0.00274	0.00219	0.00658
17	0.01221	0.01211	0.01863	0.27762	0.49131	0.06944	0.01484	0.01525	0.01144	0.01529	0.00936	0.01276	0.00761	0.00480	0.00506	0.00157	0.00656	0.00448	0.00246	0.00719
18	0.00779	0.00546	0.00709	0.00675	0.00804	0.00510	0.00511	0.01039	0.03198	0.04060	0.66970	0.07257	0.05865	0.01074	0.00607	0.00167	0.00263	0.03913	0.00557	0.00498
19	0.00626	0.00463	0.00579	0.00671	0.00727	0.00423	0.00453	0.00720	0.01010	0.01313	0.03241	0.63868	0.17869	0.04562	0.00719	0.00212	0.00298	0.01359	0.00470	0.00416
20	0.00625	0.00447	0.00595	0.00714	0.00744	0.00417	0.00476	0.00714	0.00982	0.01310	0.02828	0.81633	0.03394	0.01608	0.00655	0.00208	0.00298	0.01459	0.00476	0.00417
21	0.85592	0.00992	0.00754	0.00675	0.00992	0.01151	0.00556	0.01508	0.00873	0.02302	0.00714	0.00834	0.00556	0.00476	0.00318	0.00159	0.00397	0.00278	0.00318	0.00556
22	0.01830	0.02216	0.01474	0.01314	0.01560	0.64864	0.01005	0.07877	0.01454	0.01410	0.00814	0.00972	0.00679	0.00577	0.00605	0.00144	0.09959	0.00354	0.00280	0.00613
23	0.01079	0.01050	0.01857	0.50483	0.24152	0.01180	0.10005	0.01421	0.01086	0.01449	0.00941	0.01343	0.00730	0.00489	0.00522	0.00166	0.00684	0.00473	0.00239	0.00651
24	0.00872	0.00446	0.00663	0.00672	0.00674	0.00444	0.00448	0.00672	0.00691	0.00922	0.01033	0.07411	0.01074	0.01770	0.01907	0.78870	0.00435	0.00520	0.00241	0.00237
25	0.00885	0.00638	0.00773	0.00793	0.00893	0.00645	0.00563	0.14938	0.01234	0.01647	0.02433	0.59099	0.02796	0.07762	0.00784	0.00222	0.00366	0.02565	0.00470	0.00494
26	0.00969	0.00912	0.01539	0.80734	0.03534	0.01140	0.01425	0.01311	0.01026	0.01311	0.00912	0.01368	0.00684	0.00513	0.00513	0.00171	0.00684	0.00456	0.00228	0.00570
27	0.01218	0.01182	0.02065	0.15385	0.61272	0.01212	0.07056	0.01538	0.01149	0.01616	0.00962	0.01294	0.00790	0.00464	0.00516	0.00157	0.00640	0.00468	0.00250	0.00765
28	0.01975	0.00819	0.01105	0.00907	0.01241	0.00730	0.00744	0.02216	0.04223	0.61814	0.02164	0.08048	0.01627	0.00797	0.00548	0.00172	0.00429	0.09049	0.00601	0.00792
29	0.01306	0.00980	0.01069	0.00952	0.01231	0.01076	0.00742	0.03891	0.53904	0.11513	0.03927	0.05205	0.10357	0.00796	0.00537	0.00173	0.00389	0.00666	0.00530	0.00757
30	0.76036	0.01007	0.00847	0.00751	0.01032	0.01199	0.00620	0.01477	0.00863	0.02181	0.00710	0.00866	0.00569	0.00524	0.00472	0.00166	0.09519	0.00297	0.00307	0.00556
31	0.00610	0.00506	0.00534	0.00556	0.00703	0.00430	0.00406	0.00732	0.01135	0.01372	0.04757	0.19219	0.64562	0.01357	0.00615	0.00180	0.00267	0.01153	0.00476	0.00430
32	0.01211	0.01384	0.03028	0.02163	0.02682	0.01298	0.76903	0.01644	0.01211	0.01644	0.01038	0.01384	0.00779	0.00433	0.00606	0.00173	0.00865	0.00606	0.00260	0.00692
33	0.01064	0.00912	0.01064	0.00760	0.01216	0.00684	0.00608	0.01292	0.01064	0.01672	0.00912	0.01064	0.00760	0.00380	0.00380	0.00076	0.00380	0.00304	0.00304	0.85104
34	0.01258	0.01220	0.03373	0.15463	0.51878	0.01248	0.07131	0.07045	0.01228	0.01716	0.00973	0.01285	0.00787	0.00488	0.00546	0.00159	0.02705	0.00467	0.00268	0.00761
35	0.00733	0.00492	0.00563	0.00576	0.00579	0.00489	0.00328	0.00743	0.00771	0.01028	0.01745	0.11635	0.02027	0.73470	0.02405	0.00467	0.00476	0.00822	0.00328	0.00322
36	0.01064	0.00912	0.01064	0.00760	0.01216	0.00684	0.00608	0.01292	0.01064	0.01672	0.00912	0.01064	0.00760	0.00380	0.00380	0.00076	0.00380	0.00304	0.00304	0.85104
37	0.00732	0.00545	0.00799	0.00791	0.00888	0.00612	0.00612	0.00926	0.00942	0.01352	0.15735	0.02354	0.01945	0.03327	0.65163	0.00701	0.01164	0.00620	0.00329	0.00463
38	0.00714	0.00526	0.00697	0.02336	0.00903	0.00502	0.00602	0.00888	0.01153	0.01521	0.15854	0.31656	0.13236	0.01388	0.00655	0.00204	0.00349	0.25879	0.00485	0.00452
39	0.00726	0.00524	0.00686	0.00646	0.00767	0.00484	0.00484	0.00968	0.01452	0.02058	0.78496	0.03833	0.04841	0.01049	0.00605	0.00161	0.00242	0.00928	0.00565	0.00484
40	0.01372	0.82276	0.02689	0.00878	0.01317	0.02030	0.00878	0.01536	0.01043	0.01207	0.00713	0.00823	0.00658	0.00439	0.00329	0.00110	0.00549	0.00274	0.00219	0.00658
41	0.01916	0.01420	0.01520	0.01174	0.01578	0.01575	0.00967	0.73225	0.06300	0.03178	0.01276	0.01267	0.00908	0.00620	0.00514	0.00155	0.00556	0.00468	0.00514	0.00869
42	0.00746	0.00497	0.00560	0.00560	0.00560	0.00497	0.00311	0.00746	0.00746	0.00995	0.01617	0.03358	0.01865	0.81967	0.02612	0.00497	0.00497	0.00746	0.00311	0.00311
43	0.01029	0.02654	0.79309	0.01462	0.02221	0.01192	0.01896	0.01625	0.01083	0.01625	0.00921	0.01083	0.00650	0.00487	0.00487	0.00162	0.00758	0.00379	0.00217	0.00758
44	0.01100	0.01455	0.22603	0.41903	0.16064	0.02238	0.01547	0.01495	0.01088	0.04333	0.00963	0.01282	0.00718	0.00501	0.00505	0.00165	0.00685	0.00436	0.00245	0.00674
45	0.00936	0.00866	0.01444	0.70052	0.04798	0.01060	0.01321	0.01249	0.01024	0.01319	0.01130	0.10446	0.00993	0.00636	0.00529	0.00175	0.00639	0.00569	0.00257	0.00558
46	0.01650	0.01191	0.01285	0.01035	0.01384	0.01297	0.00839	0.44798	0.18219	0.08298	0.01935	0.01855	0.09852	0.00711	0.00521	0.00160	0.00477	0.00562	0.03134	0.00798
