[name]
unknown

[dist]
# distance from previous block
# <min> <max>
6	42

[block]
# block no. 0 follows, 41 sequences, length 13
# corresponding to MSA columns:
# 48-60
name=unknown_A
#
# <colnr> <probs for GDERKNQSTAVLIFYWHMCP>
#	G	D	E	R	K	N	Q	S	T	A	V	L	I	F	Y	W	H	M	C	P
0	0.01539	0.01533	0.02640	0.02613	0.30437	0.04675	0.32170	0.13356	0.01556	0.02109	0.01149	0.01446	0.00893	0.00530	0.00611	0.00179	0.00806	0.00574	0.00332	0.00850
1	0.83938	0.01106	0.00841	0.00752	0.01106	0.01283	0.00619	0.01681	0.00973	0.02566	0.00796	0.00929	0.00619	0.00531	0.00354	0.00177	0.00442	0.00310	0.00354	0.00619
2	0.00797	0.00586	0.00753	0.00755	0.00886	0.00541	0.00577	0.01035	0.01490	0.02045	0.50702	0.11927	0.13591	0.01318	0.00696	0.00198	0.00313	0.10673	0.00594	0.00524
3	0.43142	0.00850	0.00803	0.00736	0.00983	0.00918	0.00580	0.01386	0.01290	0.02433	0.37717	0.02570	0.02964	0.00844	0.00511	0.00178	0.00358	0.00665	0.00489	0.00580
4	0.74196	0.01136	0.01016	0.01078	0.09987	0.01292	0.00754	0.01690	0.01012	0.02484	0.00829	0.00987	0.00653	0.00528	0.00379	0.00176	0.00470	0.00333	0.00346	0.00653
5	0.00799	0.00592	0.00799	0.11776	0.01198	0.00611	0.00616	0.00903	0.01009	0.01336	0.02370	0.41555	0.02750	0.29333	0.01482	0.00341	0.00472	0.01185	0.00426	0.00447
6	0.00789	0.00569	0.00747	0.00733	0.00850	0.00526	0.00538	0.01029	0.01525	0.02144	0.62978	0.17748	0.05108	0.01281	0.00685	0.00189	0.00281	0.01140	0.00612	0.00526
7	0.00830	0.00557	0.00636	0.00632	0.00643	0.00553	0.00363	0.00852	0.00897	0.01208	0.07980	0.03787	0.02356	0.73345	0.02725	0.00523	0.00531	0.00849	0.00370	0.00363
8	0.71638	0.01043	0.00877	0.04836	0.01220	0.01207	0.00659	0.01580	0.00960	0.02358	0.00827	0.01038	0.00663	0.00673	0.00546	0.08150	0.00464	0.00338	0.00339	0.00585
9	0.09914	0.07021	0.01625	0.01345	0.01676	0.54565	0.01041	0.09813	0.04780	0.01783	0.00983	0.01098	0.00793	0.00596	0.00500	0.00153	0.00883	0.00386	0.00339	0.00706
10	0.06594	0.08881	0.51390	0.01493	0.02170	0.16514	0.01730	0.01889	0.01271	0.01741	0.00966	0.01132	0.00721	0.00548	0.00512	0.00170	0.00838	0.00396	0.00259	0.00786
11	0.11645	0.09275	0.01656	0.05889	0.04150	0.47021	0.01059	0.03595	0.01474	0.05277	0.00961	0.01107	0.00771	0.00572	0.00489	0.00152	0.00842	0.00381	0.00322	0.03363
12	0.04258	0.01434	0.01617	0.01258	0.01665	0.01573	0.03049	0.53925	0.02240	0.03069	0.01482	0.01558	0.04187	0.00863	0.03925	0.00204	0.05574	0.00533	0.00507	0.07080

[dist]
# distance from previous block
# <min> <max>
0	2

[block]
# block no. 1 follows, 41 sequences, length 57
# corresponding to MSA columns:
# 63-119
name=unknown_B
#
# <colnr> <probs for GDERKNQSTAVLIFYWHMCP>
#	G	D	E	R	K	N	Q	S	T	A	V	L	I	F	Y	W	H	M	C	P
0	0.02049	0.06433	0.01725	0.01234	0.01698	0.01659	0.01027	0.59217	0.02393	0.06460	0.01339	0.01350	0.00964	0.00648	0.00544	0.00160	0.00601	0.00486	0.00533	0.09481
1	0.01844	0.07642	0.11400	0.01707	0.12525	0.33207	0.01306	0.16844	0.04686	0.02005	0.01082	0.01215	0.00848	0.00593	0.00530	0.00160	0.00823	0.00432	0.00351	0.00799
2	0.01222	0.18027	0.62519	0.01503	0.02279	0.01511	0.01892	0.01792	0.01199	0.01721	0.00981	0.01151	0.00726	0.00533	0.00509	0.00170	0.00800	0.00400	0.00242	0.00824
3	0.01529	0.80242	0.02997	0.00979	0.01468	0.02263	0.00979	0.01713	0.01162	0.01346	0.00795	0.00918	0.00734	0.00489	0.00367	0.00122	0.00612	0.00306	0.00245	0.00734
4	0.12459	0.01479	0.01605	0.09156	0.01911	0.01660	0.01079	0.57696	0.02313	0.03253	0.01263	0.01332	0.00906	0.00655	0.00544	0.00174	0.00619	0.00488	0.00512	0.00893
5	0.11427	0.00734	0.00986	0.00952	0.01076	0.00883	0.00752	0.01138	0.00922	0.01490	0.01367	0.01988	0.01264	0.03510	0.60844	0.00763	0.08498	0.00564	0.00307	0.00535
6	0.00801	0.00584	0.00752	0.00710	0.00849	0.00536	0.00533	0.01062	0.01598	0.02243	0.71278	0.04356	0.10179	0.01188	0.00675	0.00181	0.00271	0.01046	0.00623	0.00536
7	0.01161	0.02863	0.71959	0.01683	0.02510	0.01336	0.06993	0.01813	0.01217	0.01813	0.01035	0.01230	0.00734	0.00539	0.00552	0.00182	0.00853	0.00440	0.00245	0.00840
8	0.01122	0.01205	0.06620	0.63510	0.05331	0.01296	0.09794	0.01531	0.01174	0.01534	0.01034	0.01505	0.00775	0.00559	0.00582	0.00190	0.00789	0.00522	0.00258	0.00670
9	0.00726	0.00518	0.00691	0.00792	0.00832	0.00503	0.00534	0.00832	0.01061	0.01429	0.04436	0.61717	0.03386	0.09715	0.09630	0.00340	0.00488	0.01421	0.00490	0.00460
10	0.00697	0.00498	0.00664	0.00796	0.00830	0.00465	0.00531	0.00796	0.01095	0.01460	0.03153	0.79525	0.03783	0.01792	0.00730	0.00232	0.00332	0.01626	0.00531	0.00465
11	0.01487	0.66736	0.14040	0.01089	0.01626	0.03998	0.01152	0.01742	0.01180	0.01417	0.00832	0.00964	0.00733	0.00500	0.00397	0.00132	0.00657	0.00325	0.00245	0.00749
12	0.01101	0.00997	0.01606	0.68082	0.03553	0.01229	0.01461	0.01554	0.05939	0.01568	0.01161	0.01607	0.00875	0.00592	0.00561	0.00187	0.00708	0.00519	0.06055	0.00646
13	0.00682	0.00580	0.00588	0.00586	0.00777	0.00486	0.00440	0.00833	0.01319	0.01581	0.09152	0.05446	0.72718	0.01435	0.00676	0.00193	0.00289	0.01199	0.00536	0.00486
14	0.02170	0.01743	0.01705	0.01336	0.01773	0.11292	0.01089	0.65367	0.02555	0.03328	0.01312	0.01330	0.00943	0.00674	0.00565	0.00169	0.00680	0.00497	0.00537	0.00934
15	0.02137	0.02726	0.01621	0.01474	0.01768	0.77602	0.01105	0.02284	0.01621	0.01400	0.00884	0.01031	0.00737	0.00589	0.00516	0.00147	0.01031	0.00368	0.00295	0.00663
16	0.83938	0.01106	0.00841	0.00752	0.01106	0.01283	0.00619	0.01681	0.00973	0.02566	0.00796	0.00929	0.00619	0.00531	0.00354	0.00177	0.00442	0.00310	0.00354	0.00619
17	0.01227	0.01029	0.01418	0.01556	0.17393	0.01070	0.04280	0.03390	0.25041	0.03950	0.29859	0.02742	0.02884	0.00851	0.00618	0.00183	0.00460	0.00761	0.00525	0.00764
18	0.00717	0.00533	0.00700	0.00843	0.02722	0.00493	0.00558	0.00832	0.01131	0.01486	0.03422	0.66968	0.12563	0.01713	0.00721	0.00227	0.00339	0.03029	0.00525	0.00479
19	0.02129	0.01003	0.01292	0.00977	0.01430	0.00852	0.00799	0.05446	0.01559	0.51308	0.03711	0.01772	0.01340	0.00641	0.00536	0.00152	0.00470	0.00520	0.00599	0.23465
20	0.01293	0.36657	0.39627	0.01286	0.01930	0.01687	0.01515	0.01721	0.01214	0.01639	0.05772	0.01279	0.01031	0.00560	0.00475	0.00155	0.00706	0.00411	0.00268	0.00777
21	0.01519	0.78213	0.04938	0.00996	0.01495	0.02239	0.01008	0.01715	0.01163	0.01358	0.00801	0.00925	0.00734	0.00491	0.00372	0.00124	0.00618	0.00309	0.00245	0.00737
22	0.01080	0.01017	0.01716	0.78523	0.03940	0.01271	0.01589	0.01461	0.01144	0.01461	0.01017	0.01525	0.00762	0.00572	0.00572	0.00191	0.00762	0.00508	0.00254	0.00635
23	0.01080	0.01017	0.01716	0.78523	0.03940	0.01271	0.01589	0.01461	0.01144	0.01461	0.01017	0.01525	0.00762	0.00572	0.00572	0.00191	0.00762	0.00508	0.00254	0.00635
24	0.02040	0.01515	0.01455	0.01206	0.01586	0.15497	0.00964	0.23955	0.16309	0.21972	0.01893	0.01878	0.03838	0.00740	0.00573	0.00176	0.00618	0.02356	0.00555	0.00874
25	0.02566	0.00973	0.01327	0.01018	0.01460	0.00841	0.00841	0.02788	0.01637	0.76726	0.02257	0.01947	0.01416	0.00708	0.00575	0.00177	0.00487	0.00575	0.00708	0.00973
26	0.00837	0.00630	0.00804	0.00888	0.01040	0.00597	0.00751	0.01061	0.01319	0.01670	0.05627	0.06087	0.27566	0.01527	0.00749	0.00238	0.00442	0.47123	0.00531	0.00512
27	0.01526	0.01121	0.06172	0.01125	0.01470	0.01032	0.05457	0.03905	0.25743	0.20949	0.12406	0.10947	0.03792	0.00904	0.00615	0.00191	0.00481	0.00787	0.00573	0.00804
28	0.01175	0.07646	0.70913	0.01607	0.02425	0.01388	0.03524	0.01806	0.01208	0.01783	0.01015	0.01197	0.00728	0.00539	0.00535	0.00178	0.00834	0.00421	0.00243	0.00837
29	0.00697	0.00498	0.00664	0.00796	0.00830	0.00465	0.00531	0.00796	0.01095	0.01460	0.03153	0.79525	0.03783	0.01792	0.00730	0.00232	0.00332	0.01626	0.00531	0.00465
30	0.01320	0.01597	0.07869	0.07280	0.03019	0.01428	0.65045	0.01807	0.01328	0.01807	0.01140	0.01521	0.00852	0.00492	0.00660	0.00192	0.00944	0.00648	0.00284	0.00767
31	0.06436	0.01404	0.01620	0.01251	0.01683	0.01502	0.04483	0.49984	0.03690	0.14587	0.06310	0.01648	0.01318	0.00705	0.00573	0.00175	0.00587	0.00557	0.00572	0.00915
32	0.00878	0.00585	0.00757	0.00748	0.00879	0.00533	0.00548	0.01088	0.01451	0.06660	0.45728	0.24965	0.10343	0.01334	0.00684	0.00195	0.00302	0.01183	0.00599	0.00542
33	0.00810	0.00585	0.00765	0.00720	0.00855	0.00540	0.00540	0.01079	0.01619	0.02294	0.76028	0.04273	0.05397	0.01169	0.00675	0.00180	0.00270	0.01034	0.00630	0.00540
34	0.02364	0.06157	0.01456	0.01045	0.01477	0.01041	0.00869	0.10068	0.04495	0.59431	0.02098	0.03947	0.01403	0.00724	0.00566	0.00175	0.00504	0.00583	0.00654	0.00941
35	0.01147	0.02959	0.76934	0.01630	0.02476	0.01328	0.02113	0.01811	0.01208	0.01811	0.01026	0.01208	0.00725	0.00543	0.00543	0.00181	0.00845	0.00423	0.00242	0.00845
36	0.02167	0.01835	0.01697	0.01349	0.01773	0.17499	0.01091	0.59462	0.02468	0.03148	0.01272	0.01302	0.00924	0.00666	0.00560	0.00167	0.00713	0.00485	0.00515	0.00909
37	0.04337	0.01298	0.03779	0.47179	0.04739	0.06529	0.03304	0.10014	0.01338	0.01778	0.01023	0.01410	0.00786	0.00614	0.00671	0.00187	0.07476	0.00489	0.00300	0.02749
38	0.06013	0.01235	0.01550	0.01186	0.01635	0.02984	0.05646	0.22693	0.01871	0.44331	0.01807	0.01673	0.01190	0.00669	0.00565	0.00173	0.00567	0.00542	0.00608	0.03063
39	0.11101	0.00954	0.01219	0.00957	0.01355	0.00865	0.00777	0.02511	0.01501	0.62697	0.02064	0.01984	0.01385	0.07101	0.00741	0.00208	0.00487	0.00568	0.00641	0.00885
40	0.01356	0.01527	0.03287	0.02503	0.09158	0.01439	0.68155	0.01826	0.01346	0.01835	0.01150	0.01532	0.00871	0.00484	0.00666	0.00191	0.00940	0.00661	0.00289	0.00783
41	0.00772	0.00552	0.00750	0.00883	0.00949	0.00530	0.00662	0.00927	0.01170	0.01545	0.03111	0.54964	0.03618	0.01721	0.00750	0.00243	0.00397	0.25441	0.00530	0.00485
42	0.02502	0.01077	0.01391	0.01067	0.01512	0.00994	0.00881	0.14550	0.01810	0.64720	0.02112	0.01853	0.01343	0.00704	0.00575	0.00176	0.00510	0.00565	0.00686	0.00973
43	0.00832	0.00555	0.00624	0.00624	0.00624	0.00555	0.00347	0.00832	0.00832	0.01109	0.01802	0.03743	0.02080	0.79898	0.02911	0.00555	0.00555	0.00832	0.00347	0.00347
44	0.80030	0.01130	0.00883	0.00779	0.01138	0.01307	0.00642	0.05159	0.01055	0.02616	0.00824	0.00950	0.00636	0.00538	0.00364	0.00177	0.00451	0.00320	0.00364	0.00636
45	0.02455	0.01003	0.03074	0.01019	0.01457	0.00839	0.00857	0.02688	0.01626	0.71647	0.05521	0.02033	0.01577	0.00725	0.00579	0.00177	0.00485	0.00592	0.00694	0.00951
46	0.01029	0.00748	0.00992	0.01076	0.01239	0.00769	0.00932	0.06223	0.04779	0.01871	0.02885	0.05912	0.03065	0.01483	0.00766	0.00254	0.00530	0.64341	0.00532	0.00574
47	0.83938	0.01106	0.00841	0.00752	0.01106	0.01283	0.00619	0.01681	0.00973	0.02566	0.00796	0.00929	0.00619	0.00531	0.00354	0.00177	0.00442	0.00310	0.00354	0.00619
48	0.00822	0.00550	0.00627	0.00637	0.00639	0.00548	0.00361	0.00829	0.00852	0.01136	0.01904	0.09476	0.02208	0.73989	0.02746	0.00530	0.00538	0.00892	0.00361	0.00356
49	0.01186	0.01017	0.01186	0.00847	0.01356	0.00762	0.00678	0.01440	0.01186	0.01864	0.01017	0.01186	0.00847	0.00424	0.00424	0.00085	0.00424	0.00339	0.00339	0.83395
50	0.00768	0.00583	0.00706	0.00675	0.00829	0.00522	0.00507	0.00998	0.01520	0.02058	0.53926	0.04660	0.27646	0.01257	0.00675	0.00184	0.00276	0.01089	0.00599	0.00522
51	0.00726	0.00535	0.00687	0.00791	0.00867	0.00495	0.00565	0.00861	0.01178	0.01538	0.06396	0.55171	0.15635	0.01685	0.00727	0.00228	0.00347	0.10556	0.00534	0.00478
52	0.00785	0.00567	0.00760	0.00877	0.00962	0.00542	0.00673	0.00956	0.01213	0.01593	0.06103	0.44104	0.08332	0.01665	0.00747	0.00240	0.00401	0.28453	0.00533	0.00492
53	0.30315	0.01714	0.06067	0.01153	0.01557	0.17523	0.00975	0.26100	0.01728	0.04458	0.02762	0.01217	0.00897	0.00615	0.00486	0.00169	0.00651	0.00421	0.00422	0.00768
54	0.00792	0.00584	0.00741	0.00701	0.00844	0.00532	0.00526	0.01046	0.01578	0.02197	0.66940	0.04432	0.14545	0.01205	0.00675	0.00182	0.00272	0.01057	0.00617	0.00532
55	0.00705	0.00503	0.00659	0.00781	0.00816	0.00471	0.00517	0.00799	0.01083	0.01440	0.03126	0.73160	0.05264	0.06669	0.00865	0.00252	0.00345	0.01567	0.00519	0.00458
56	0.01359	0.01302	0.02220	0.16087	0.64194	0.01344	0.01727	0.01706	0.01276	0.01800	0.01066	0.01434	0.00882	0.00520	0.00567	0.00173	0.00693	0.00509	0.00278	0.00861

[dist]
# distance from previous block
# <min> <max>
0	1

[block]
# block no. 2 follows, 41 sequences, length 22
# corresponding to MSA columns:
# 121-142
name=unknown_C
#
# <colnr> <probs for GDERKNQSTAVLIFYWHMCP>
#	G	D	E	R	K	N	Q	S	T	A	V	L	I	F	Y	W	H	M	C	P
0	0.03738	0.23948	0.50699	0.01466	0.02186	0.01589	0.05443	0.01782	0.01195	0.01708	0.00963	0.01137	0.00731	0.00525	0.00496	0.00166	0.00776	0.00400	0.00248	0.00804
1	0.01093	0.01030	0.01739	0.75646	0.06716	0.01274	0.01595	0.01473	0.01150	0.01477	0.01019	0.01521	0.00768	0.00569	0.00572	0.00190	0.00759	0.00508	0.00255	0.00646
2	0.01436	0.55706	0.24299	0.01181	0.01768	0.04160	0.01310	0.01758	0.01189	0.01482	0.00865	0.01005	0.00731	0.00508	0.00422	0.00140	0.00691	0.00341	0.00245	0.00764
3	0.01529	0.80242	0.02997	0.00979	0.01468	0.02263	0.00979	0.01713	0.01162	0.01346	0.00795	0.00918	0.00734	0.00489	0.00367	0.00122	0.00612	0.00306	0.00245	0.00734
4	0.00839	0.00616	0.00781	0.00748	0.00879	0.00589	0.00551	0.01164	0.06082	0.02167	0.61466	0.10231	0.04858	0.05529	0.00797	0.00206	0.00302	0.01047	0.00603	0.00546
5	0.01177	0.08938	0.71214	0.01580	0.02398	0.01401	0.02026	0.01804	0.01204	0.01775	0.01009	0.01185	0.00725	0.00539	0.00530	0.00177	0.00827	0.00414	0.00242	0.00837
6	0.00848	0.00612	0.00833	0.00957	0.01067	0.00597	0.00789	0.01061	0.01258	0.01636	0.03232	0.25496	0.07916	0.01627	0.00767	0.00251	0.00461	0.49557	0.00528	0.00508
7	0.00852	0.00599	0.00747	0.00701	0.00861	0.00540	0.00529	0.01092	0.01552	0.05140	0.57828	0.04446	0.20555	0.01211	0.00671	0.00183	0.00283	0.01053	0.00611	0.00545
8	0.01080	0.01017	0.01716	0.78523	0.03940	0.01271	0.01589	0.01461	0.01144	0.01461	0.01017	0.01525	0.00762	0.00572	0.00572	0.00191	0.00762	0.00508	0.00254	0.00635
9	0.83938	0.01106	0.00841	0.00752	0.01106	0.01283	0.00619	0.01681	0.00973	0.02566	0.00796	0.00929	0.00619	0.00531	0.00354	0.00177	0.00442	0.00310	0.00354	0.00619
10	0.02484	0.00955	0.01301	0.01004	0.01432	0.00827	0.00827	0.02708	0.01636	0.73252	0.05700	0.02055	0.01602	0.00729	0.00580	0.00177	0.00477	0.00597	0.00704	0.00953
11	0.00697	0.00498	0.00664	0.00796	0.00830	0.00465	0.00531	0.00796	0.01095	0.01460	0.03153	0.79525	0.03783	0.01792	0.00730	0.00232	0.00332	0.01626	0.00531	0.00465
12	0.01147	0.02959	0.76934	0.01630	0.02476	0.01328	0.02113	0.01811	0.01208	0.01811	0.01026	0.01208	0.00725	0.00543	0.00543	0.00181	0.00845	0.00423	0.00242	0.00845
13	0.01423	0.01229	0.01293	0.01164	0.01487	0.01423	0.00905	0.03039	0.75297	0.02393	0.02328	0.02134	0.01746	0.00776	0.00582	0.00194	0.00453	0.00647	0.00582	0.00905
14	0.00711	0.00507	0.00656	0.00770	0.00805	0.00475	0.00507	0.00801	0.01074	0.01425	0.03099	0.68571	0.06173	0.10351	0.00968	0.00266	0.00355	0.01524	0.00511	0.00452
15	0.00788	0.00568	0.00745	0.00735	0.00850	0.00525	0.00538	0.01024	0.01517	0.02132	0.61880	0.18882	0.05084	0.01290	0.00685	0.00190	0.00282	0.01149	0.00610	0.00525
16	0.15999	0.01460	0.01537	0.01223	0.01616	0.01661	0.01007	0.50542	0.07866	0.03153	0.01298	0.01346	0.00954	0.00693	0.00642	0.00181	0.06945	0.00489	0.00510	0.00879
17	0.02540	0.01015	0.01353	0.01037	0.01481	0.00902	0.00857	0.07525	0.01707	0.71890	0.02198	0.01909	0.01387	0.00707	0.00575	0.00177	0.00496	0.00571	0.00699	0.00973
18	0.00755	0.00562	0.00710	0.00813	0.00880	0.00544	0.00555	0.00980	0.07142	0.01541	0.03249	0.68661	0.08082	0.01688	0.00715	0.00227	0.00339	0.01521	0.00535	0.00502
19	0.01522	0.01278	0.01349	0.01184	0.01525	0.01469	0.00929	0.12491	0.65683	0.02553	0.02202	0.02033	0.01644	0.00764	0.00581	0.00191	0.00476	0.00629	0.00581	0.00914
20	0.01279	0.01166	0.01228	0.00921	0.01398	0.06761	0.00729	0.01636	0.07247	0.01871	0.01113	0.01251	0.00912	0.00465	0.00444	0.00098	0.00473	0.00366	0.00355	0.70286
21	0.00973	0.00874	0.06950	0.00796	0.01057	0.00687	0.00672	0.04604	0.05298	0.07512	0.04362	0.15163	0.46313	0.01296	0.00655	0.00196	0.00381	0.01093	0.00526	0.00593

[dist]
# distance from previous block
# <min> <max>
0	2

[block]
# block no. 3 follows, 41 sequences, length 165
# corresponding to MSA columns:
# 145-309
name=unknown_D
#
# <colnr> <probs for GDERKNQSTAVLIFYWHMCP>
#	G	D	E	R	K	N	Q	S	T	A	V	L	I	F	Y	W	H	M	C	P
0	0.09583	0.01070	0.01263	0.01028	0.01405	0.01076	0.00831	0.12553	0.14520	0.38039	0.08592	0.04164	0.01758	0.00772	0.00569	0.00181	0.00473	0.00625	0.00623	0.00876
1	0.01356	0.02897	0.02419	0.11379	0.32882	0.01391	0.22252	0.03365	0.04013	0.01832	0.01118	0.01458	0.00896	0.00545	0.00659	0.00178	0.05057	0.00548	0.00300	0.05455
2	0.54845	0.06778	0.06697	0.00881	0.01273	0.01284	0.00788	0.03564	0.03853	0.08337	0.02828	0.03280	0.02388	0.00620	0.00423	0.00176	0.00483	0.00424	0.00394	0.00683
3	0.01383	0.06823	0.07177	0.05270	0.01741	0.01134	0.06880	0.13486	0.01452	0.04797	0.01313	0.08442	0.01137	0.00629	0.00515	0.00140	0.00558	0.00534	0.00386	0.36203
4	0.03040	0.01252	0.01898	0.06308	0.42333	0.01303	0.01409	0.05166	0.08405	0.06757	0.01321	0.01669	0.01082	0.00627	0.00655	0.00177	0.06117	0.03147	0.00363	0.06973
5	0.13717	0.03826	0.01445	0.01300	0.03076	0.44092	0.00978	0.02282	0.17360	0.01796	0.01364	0.01424	0.03708	0.00649	0.00510	0.00163	0.00778	0.00452	0.00372	0.00709
6	0.01226	0.04830	0.62174	0.01708	0.02494	0.01358	0.12467	0.01839	0.01239	0.03880	0.01073	0.01269	0.00765	0.00538	0.00558	0.00181	0.00846	0.00460	0.00261	0.00835
7	0.00793	0.00578	0.00746	0.00716	0.00848	0.00531	0.00532	0.01043	0.01562	0.02187	0.66403	0.09645	0.09812	0.01231	0.00679	0.00184	0.00275	0.01087	0.00616	0.00531
8	0.01404	0.04414	0.03149	0.04433	0.02831	0.01503	0.62178	0.06910	0.01417	0.01915	0.01143	0.01499	0.00864	0.00515	0.00689	0.00190	0.03223	0.00640	0.00305	0.00776
9	0.01259	0.01014	0.01194	0.00856	0.01361	0.00767	0.00686	0.01511	0.01210	0.05792	0.01082	0.01226	0.00877	0.00439	0.00432	0.00090	0.00427	0.00351	0.00358	0.79071
10	0.14183	0.05180	0.01357	0.00997	0.01423	0.01048	0.00829	0.05217	0.05939	0.54959	0.01941	0.01736	0.01269	0.00674	0.00533	0.00175	0.00490	0.00525	0.00620	0.00906
11	0.01042	0.00775	0.00946	0.00993	0.03803	0.00782	0.00689	0.16783	0.01464	0.01946	0.02887	0.54242	0.08428	0.01480	0.00686	0.00214	0.00406	0.01313	0.00531	0.00592
12	0.00884	0.00633	0.00871	0.00959	0.01087	0.00620	0.00809	0.01141	0.01380	0.01843	0.20957	0.09388	0.03832	0.01489	0.00759	0.00241	0.00454	0.51573	0.00552	0.00527
13	0.02137	0.02726	0.01621	0.01474	0.01768	0.77602	0.01105	0.02284	0.01621	0.01400	0.00884	0.01031	0.00737	0.00589	0.00516	0.00147	0.01031	0.00368	0.00295	0.00663
14	0.01886	0.01347	0.01461	0.01179	0.01567	0.01483	0.00955	0.42250	0.22055	0.08932	0.03873	0.01760	0.01378	0.00725	0.00566	0.00176	0.00535	0.00571	0.06390	0.00911
15	0.01474	0.69079	0.13677	0.01073	0.01614	0.02128	0.01143	0.01727	0.01169	0.01413	0.00829	0.00959	0.00733	0.00497	0.00392	0.00131	0.00645	0.00323	0.00244	0.00750
16	0.00703	0.00502	0.00671	0.00804	0.00839	0.00470	0.00542	0.00807	0.01101	0.01467	0.03149	0.77498	0.03769	0.01786	0.00732	0.00233	0.00337	0.03591	0.00531	0.00466
17	0.00707	0.00502	0.00661	0.00784	0.00814	0.00471	0.00517	0.00799	0.01076	0.01434	0.03053	0.73909	0.03657	0.07580	0.00892	0.00256	0.00348	0.01567	0.00517	0.00456
18	0.02238	0.01499	0.01653	0.01267	0.01723	0.01621	0.01047	0.62705	0.02517	0.15566	0.01518	0.01467	0.01045	0.00690	0.00573	0.00173	0.00606	0.00525	0.00594	0.00973
19	0.01080	0.01017	0.01716	0.78523	0.03940	0.01271	0.01589	0.01461	0.01144	0.01461	0.01017	0.01525	0.00762	0.00572	0.00572	0.00191	0.00762	0.00508	0.00254	0.00635
20	0.01157	0.04957	0.75023	0.01613	0.02450	0.01353	0.02084	0.01809	0.01206	0.01799	0.01020	0.01200	0.00725	0.00542	0.00539	0.00180	0.00839	0.00420	0.00242	0.00842
21	0.04021	0.01156	0.01461	0.01154	0.01546	0.01168	0.06019	0.20923	0.12208	0.27196	0.11468	0.02140	0.03621	0.00763	0.00589	0.00178	0.00517	0.00639	0.00594	0.02638
22	0.01451	0.27724	0.40247	0.01384	0.02038	0.06962	0.03447	0.01886	0.01258	0.07184	0.01036	0.01165	0.00783	0.00540	0.00490	0.00160	0.00759	0.00399	0.00282	0.00804
23	0.02006	0.01965	0.01546	0.01298	0.01654	0.34024	0.01020	0.35341	0.02073	0.02456	0.01496	0.01550	0.06177	0.00698	0.00548	0.00161	0.00762	0.00502	0.03935	0.00787
24	0.00685	0.00580	0.00592	0.00589	0.00778	0.00487	0.00442	0.00839	0.01326	0.01598	0.10735	0.05418	0.71125	0.01429	0.00676	0.00192	0.00288	0.01195	0.00538	0.00487
25	0.02181	0.01454	0.01611	0.01242	0.01692	0.01561	0.01023	0.55892	0.06271	0.16745	0.01575	0.01512	0.01090	0.00689	0.00570	0.00172	0.00589	0.00528	0.00592	0.03011
26	0.00697	0.00498	0.00664	0.00796	0.00830	0.00465	0.00531	0.00796	0.01095	0.01460	0.03153	0.79525	0.03783	0.01792	0.00730	0.00232	0.00332	0.01626	0.00531	0.00465
27	0.00705	0.00506	0.00669	0.00786	0.00830	0.00471	0.00530	0.00818	0.01138	0.01524	0.08610	0.72363	0.05451	0.01739	0.00725	0.00228	0.00326	0.01573	0.00538	0.00471
28	0.00696	0.00502	0.00659	0.00784	0.00826	0.00466	0.00526	0.00798	0.01107	0.01465	0.03301	0.75365	0.07847	0.01773	0.00727	0.00230	0.00329	0.01603	0.00531	0.00466
29	0.06707	0.01568	0.01660	0.01282	0.01731	0.01740	0.01058	0.69049	0.03945	0.03525	0.01359	0.01363	0.00967	0.00680	0.00560	0.00172	0.00616	0.00506	0.00560	0.00952
30	0.00697	0.00498	0.00664	0.00796	0.00830	0.00465	0.00531	0.00796	0.01095	0.01460	0.03153	0.79525	0.03783	0.01792	0.00730	0.00232	0.00332	0.01626	0.00531	0.00465
31	0.00697	0.00498	0.00664	0.00796	0.00830	0.00465	0.00531	0.00796	0.01095	0.01460	0.03153	0.79525	0.03783	0.01792	0.00730	0.00232	0.00332	0.01626	0.00531	0.00465
32	0.04013	0.07625	0.17598	0.01307	0.01837	0.01600	0.01251	0.41264	0.06466	0.09395	0.01377	0.01389	0.00979	0.00645	0.00546	0.00172	0.00646	0.00488	0.00485	0.00915
33	0.01147	0.02959	0.76934	0.01630	0.02476	0.01328	0.02113	0.01811	0.01208	0.01811	0.01026	0.01208	0.00725	0.00543	0.00543	0.00181	0.00845	0.00423	0.00242	0.00845
34	0.01256	0.24175	0.50886	0.01392	0.02114	0.01545	0.01693	0.01757	0.01193	0.01687	0.00962	0.01126	0.00736	0.00520	0.00486	0.00158	0.00750	0.00384	0.00250	0.06932
35	0.01529	0.80242	0.02997	0.00979	0.01468	0.02263	0.00979	0.01713	0.01162	0.01346	0.00795	0.00918	0.00734	0.00489	0.00367	0.00122	0.00612	0.00306	0.00245	0.00734
36	0.00832	0.00555	0.00624	0.00624	0.00624	0.00555	0.00347	0.00832	0.00832	0.01109	0.01802	0.03743	0.02080	0.79898	0.02911	0.00555	0.00555	0.00832	0.00347	0.00347
37	0.00817	0.00613	0.00919	0.00919	0.01021	0.00715	0.00715	0.01021	0.00919	0.01328	0.01532	0.02247	0.01430	0.04290	0.77631	0.00919	0.01532	0.00613	0.00306	0.00511
38	0.00791	0.00584	0.00739	0.00701	0.00843	0.00532	0.00525	0.01044	0.01576	0.02192	0.66513	0.04440	0.14976	0.01207	0.00675	0.00182	0.00273	0.01058	0.00616	0.00532
39	0.01080	0.01017	0.01716	0.78523	0.03940	0.01271	0.01589	0.01461	0.01144	0.01461	0.01017	0.01525	0.00762	0.00572	0.00572	0.00191	0.00762	0.00508	0.00254	0.00635
40	0.00817	0.00613	0.00919	0.00919	0.01021	0.00715	0.00715	0.01021	0.00919	0.01328	0.01532	0.02247	0.01430	0.04290	0.77631	0.00919	0.01532	0.00613	0.00306	0.00511
41	0.00850	0.00658	0.00972	0.00954	0.01045	0.00787	0.00744	0.01042	0.00913	0.01325	0.01482	0.02217	0.01399	0.06280	0.69810	0.00859	0.07233	0.00611	0.00303	0.00514
42	0.01380	0.01183	0.01256	0.01133	0.01443	0.01361	0.00880	0.02902	0.70114	0.02386	0.07512	0.02284	0.02003	0.00804	0.00589	0.00193	0.00440	0.00674	0.00585	0.00880
43	0.00694	0.00509	0.00652	0.00766	0.00822	0.00467	0.00517	0.00800	0.01124	0.01472	0.03524	0.69117	0.13951	0.01744	0.00722	0.00227	0.00326	0.01567	0.00531	0.00467
44	0.01350	0.01543	0.03375	0.02411	0.02989	0.01446	0.74253	0.01832	0.01350	0.01832	0.01157	0.01543	0.00868	0.00482	0.00675	0.00193	0.00964	0.00675	0.00289	0.00771
45	0.00717	0.00548	0.00660	0.00734	0.00831	0.00501	0.00512	0.00882	0.03225	0.01560	0.08107	0.49924	0.26478	0.01621	0.00706	0.00216	0.00318	0.01434	0.00538	0.00487
46	0.00696	0.00500	0.00662	0.00792	0.00828	0.00465	0.00529	0.00797	0.01100	0.01462	0.03211	0.77881	0.05389	0.01784	0.00729	0.00231	0.00331	0.01617	0.00531	0.00465
47	0.01423	0.01229	0.01293	0.01164	0.01487	0.01423	0.00905	0.03039	0.75297	0.02393	0.02328	0.02134	0.01746	0.00776	0.00582	0.00194	0.00453	0.00647	0.00582	0.00905
48	0.02366	0.00925	0.01259	0.00990	0.01392	0.00802	0.00807	0.02580	0.01598	0.68503	0.05223	0.07495	0.01739	0.00802	0.00590	0.00181	0.00467	0.00667	0.00692	0.00921
49	0.00697	0.00498	0.00664	0.00796	0.00830	0.00465	0.00531	0.00796	0.01095	0.01460	0.03153	0.79525	0.03783	0.01792	0.00730	0.00232	0.00332	0.01626	0.00531	0.00465
50	0.00699	0.00502	0.00664	0.00788	0.00829	0.00467	0.00529	0.00805	0.01115	0.01486	0.05247	0.75397	0.05821	0.01765	0.00727	0.00230	0.00329	0.01598	0.00534	0.00467
51	0.01468	0.01234	0.01314	0.01173	0.01499	0.01416	0.00924	0.09731	0.64510	0.02472	0.02274	0.02288	0.01754	0.00810	0.00592	0.00196	0.00473	0.04403	0.00578	0.00892
52	0.01919	0.02312	0.01600	0.01473	0.03728	0.57677	0.01100	0.05261	0.01570	0.01570	0.06181	0.01311	0.01081	0.00681	0.00693	0.00164	0.10241	0.00441	0.00325	0.00670
53	0.02055	0.01494	0.01599	0.01239	0.01660	0.01648	0.01016	0.66965	0.02527	0.03427	0.01422	0.01495	0.01040	0.02882	0.00624	0.00179	0.00600	0.00525	0.06680	0.00923
54	0.01133	0.00976	0.01280	0.02901	0.01455	0.00812	0.06293	0.03468	0.02859	0.01833	0.01488	0.16724	0.01450	0.00717	0.00515	0.00130	0.00462	0.00635	0.00383	0.54487
55	0.01760	0.02020	0.07522	0.01888	0.14490	0.33279	0.12851	0.04718	0.03193	0.06987	0.01361	0.01514	0.04600	0.00614	0.00567	0.00167	0.00845	0.00513	0.00345	0.00764
56	0.01080	0.01017	0.01716	0.78523	0.03940	0.01271	0.01589	0.01461	0.01144	0.01461	0.01017	0.01525	0.00762	0.00572	0.00572	0.00191	0.00762	0.00508	0.00254	0.00635
57	0.00697	0.00498	0.00664	0.00796	0.00830	0.00465	0.00531	0.00796	0.01095	0.01460	0.03153	0.79525	0.03783	0.01792	0.00730	0.00232	0.00332	0.01626	0.00531	0.00465
58	0.01350	0.01543	0.03375	0.02411	0.02989	0.01446	0.74253	0.01832	0.01350	0.01832	0.01157	0.01543	0.00868	0.00482	0.00675	0.00193	0.00964	0.00675	0.00289	0.00771
59	0.01176	0.08686	0.71455	0.01582	0.02401	0.01398	0.02029	0.01804	0.01204	0.01777	0.01009	0.01186	0.00725	0.00539	0.00530	0.00177	0.00828	0.00414	0.00242	0.00837
60	0.02240	0.01097	0.06595	0.01051	0.01481	0.00888	0.00910	0.05164	0.03430	0.59428	0.04113	0.07687	0.01638	0.00790	0.00587	0.00182	0.00499	0.00654	0.00652	0.00914
61	0.00685	0.00580	0.00592	0.00589	0.00778	0.00487	0.00442	0.00839	0.01326	0.01598	0.10735	0.05418	0.71125	0.01429	0.00676	0.00192	0.00288	0.01195	0.00538	0.00487
62	0.00697	0.00498	0.00664	0.00796	0.00830	0.00465	0.00531	0.00796	0.01095	0.01460	0.03153	0.79525	0.03783	0.01792	0.00730	0.00232	0.00332	0.01626	0.00531	0.00465
63	0.01681	0.01224	0.01348	0.01148	0.01487	0.01347	0.00906	0.26290	0.33667	0.09929	0.02121	0.12746	0.01745	0.00883	0.00599	0.00190	0.00497	0.00734	0.00584	0.00872
64	0.00822	0.00704	0.00720	0.00695	0.00911	0.00664	0.00527	0.01251	0.15447	0.01725	0.06856	0.04831	0.60158	0.01313	0.00658	0.00193	0.00320	0.01096	0.00543	0.00565
65	0.01186	0.01017	0.01186	0.00847	0.01356	0.00762	0.00678	0.01440	0.01186	0.01864	0.01017	0.01186	0.00847	0.00424	0.00424	0.00085	0.00424	0.00339	0.00339	0.83395
66	0.01124	0.01099	0.01956	0.65324	0.03732	0.01310	0.12075	0.01513	0.01166	0.01513	0.01029	0.01520	0.00777	0.00571	0.00624	0.00193	0.03027	0.00532	0.00259	0.00655
67	0.83938	0.01106	0.00841	0.00752	0.01106	0.01283	0.00619	0.01681	0.00973	0.02566	0.00796	0.00929	0.00619	0.00531	0.00354	0.00177	0.00442	0.00310	0.00354	0.00619
68	0.00679	0.00580	0.00584	0.00583	0.00775	0.00484	0.00437	0.00827	0.01311	0.01564	0.07518	0.05474	0.74363	0.01442	0.00676	0.00193	0.00289	0.01203	0.00534	0.00484
69	0.01401	0.01210	0.01273	0.01147	0.01467	0.01396	0.00892	0.02976	0.73178	0.02368	0.02427	0.02231	0.03875	0.00795	0.00585	0.00194	0.00448	0.00663	0.00581	0.00893
70	0.01042	0.00956	0.01582	0.67583	0.03506	0.01168	0.01441	0.01408	0.01211	0.01578	0.11564	0.01911	0.01414	0.00656	0.00586	0.00189	0.00693	0.00582	0.00307	0.00622
71	0.00697	0.00498	0.00664	0.00796	0.00830	0.00465	0.00531	0.00796	0.01095	0.01460	0.03153	0.79525	0.03783	0.01792	0.00730	0.00232	0.00332	0.01626	0.00531	0.00465
72	0.00922	0.00658	0.00922	0.01053	0.01185	0.00658	0.00922	0.01185	0.01317	0.01712	0.03029	0.06452	0.03292	0.01580	0.00790	0.00263	0.00527	0.72480	0.00527	0.00527
73	0.01529	0.80242	0.02997	0.00979	0.01468	0.02263	0.00979	0.01713	0.01162	0.01346	0.00795	0.00918	0.00734	0.00489	0.00367	0.00122	0.00612	0.00306	0.00245	0.00734
74	0.00922	0.00658	0.00922	0.01053	0.01185	0.00658	0.00922	0.01185	0.01317	0.01712	0.03029	0.06452	0.03292	0.01580	0.00790	0.00263	0.00527	0.72480	0.00527	0.00527
75	0.00713	0.00509	0.00682	0.00815	0.00855	0.00478	0.00558	0.00824	0.01111	0.01478	0.03144	0.74385	0.03749	0.01777	0.00734	0.00234	0.00346	0.06610	0.00531	0.00469
76	0.01028	0.00670	0.00934	0.01033	0.01180	0.00658	0.00888	0.01276	0.01325	0.07253	0.02980	0.11258	0.03187	0.01530	0.00770	0.00255	0.00510	0.62168	0.00540	0.00555
77	0.01465	0.67182	0.15492	0.01089	0.01638	0.02105	0.01170	0.01729	0.01170	0.01424	0.00834	0.00967	0.00732	0.00498	0.00397	0.00132	0.00651	0.00326	0.00244	0.00753
78	0.01080	0.01017	0.01716	0.78523	0.03940	0.01271	0.01589	0.01461	0.01144	0.01461	0.01017	0.01525	0.00762	0.00572	0.00572	0.00191	0.00762	0.00508	0.00254	0.00635
79	0.01147	0.02959	0.76934	0.01630	0.02476	0.01328	0.02113	0.01811	0.01208	0.01811	0.01026	0.01208	0.00725	0.00543	0.00543	0.00181	0.00845	0.00423	0.00242	0.00845
80	0.00810	0.00585	0.00765	0.00720	0.00855	0.00540	0.00540	0.01079	0.01619	0.02294	0.76028	0.04273	0.05397	0.01169	0.00675	0.00180	0.00270	0.01034	0.00630	0.00540
81	0.00677	0.00577	0.00582	0.00585	0.00774	0.00482	0.00437	0.00820	0.01298	0.01543	0.05722	0.07535	0.74115	0.01458	0.00678	0.00194	0.00291	0.01219	0.00531	0.00482
82	0.01080	0.01017	0.01716	0.78523	0.03940	0.01271	0.01589	0.01461	0.01144	0.01461	0.01017	0.01525	0.00762	0.00572	0.00572	0.00191	0.00762	0.00508	0.00254	0.00635
83	0.02137	0.02726	0.01621	0.01474	0.01768	0.77602	0.01105	0.02284	0.01621	0.01400	0.00884	0.01031	0.00737	0.00589	0.00516	0.00147	0.01031	0.00368	0.00295	0.00663
84	0.01147	0.02959	0.76934	0.01630	0.02476	0.01328	0.02113	0.01811	0.01208	0.01811	0.01026	0.01208	0.00725	0.00543	0.00543	0.00181	0.00845	0.00423	0.00242	0.00845
85	0.02566	0.00973	0.01327	0.01018	0.01460	0.00841	0.00841	0.02788	0.01637	0.76726	0.02257	0.01947	0.01416	0.00708	0.00575	0.00177	0.00487	0.00575	0.00708	0.00973
86	0.00697	0.00498	0.00664	0.00796	0.00830	0.00465	0.00531	0.00796	0.01095	0.01460	0.03153	0.79525	0.03783	0.01792	0.00730	0.00232	0.00332	0.01626	0.00531	0.00465
87	0.00695	0.00504	0.00657	0.00780	0.00825	0.00466	0.00524	0.00798	0.01111	0.01466	0.03348	0.74040	0.09142	0.01767	0.00726	0.00229	0.00329	0.01595	0.00531	0.00466
88	0.00709	0.00506	0.00670	0.00786	0.00826	0.00473	0.00527	0.00818	0.01127	0.01512	0.08516	0.71859	0.03856	0.03899	0.00786	0.00237	0.00333	0.01560	0.00533	0.00467
89	0.00697	0.00498	0.00664	0.00796	0.00830	0.00465	0.00531	0.00796	0.01095	0.01460	0.03153	0.79525	0.03783	0.01792	0.00730	0.00232	0.00332	0.01626	0.00531	0.00465
90	0.01507	0.01210	0.01296	0.01153	0.01485	0.01380	0.00901	0.03021	0.69838	0.07901	0.02323	0.02120	0.01722	0.00771	0.00582	0.00193	0.00455	0.00641	0.00591	0.00910
91	0.00900	0.00734	0.01077	0.01030	0.01113	0.00912	0.00817	0.01089	0.00911	0.01337	0.01384	0.02058	0.01301	0.03666	0.63253	0.00792	0.16208	0.00592	0.00296	0.00533
92	0.00697	0.00498	0.00664	0.00796	0.00830	0.00465	0.00531	0.00796	0.01095	0.01460	0.03153	0.79525	0.03783	0.01792	0.00730	0.00232	0.00332	0.01626	0.00531	0.00465
93	0.01423	0.01229	0.01293	0.01164	0.01487	0.01423	0.00905	0.03039	0.75297	0.02393	0.02328	0.02134	0.01746	0.00776	0.00582	0.00194	0.00453	0.00647	0.00582	0.00905
94	0.01080	0.01017	0.01716	0.78523	0.03940	0.01271	0.01589	0.01461	0.01144	0.01461	0.01017	0.01525	0.00762	0.00572	0.00572	0.00191	0.00762	0.00508	0.00254	0.00635
95	0.01377	0.13585	0.55646	0.01472	0.02211	0.01459	0.01788	0.07247	0.01341	0.07148	0.01106	0.01231	0.00793	0.00558	0.00523	0.00172	0.00771	0.00424	0.00299	0.00848
96	0.02566	0.00973	0.01327	0.01018	0.01460	0.00841	0.00841	0.02788	0.01637	0.76726	0.02257	0.01947	0.01416	0.00708	0.00575	0.00177	0.00487	0.00575	0.00708	0.00973
97	0.01159	0.02796	0.70074	0.01743	0.07636	0.01314	0.02055	0.01792	0.01223	0.01826	0.02617	0.01287	0.00836	0.00554	0.00548	0.00180	0.00821	0.00442	0.00253	0.00843
98	0.01151	0.02931	0.75477	0.01646	0.02486	0.01331	0.03543	0.01812	0.01210	0.01812	0.01029	0.01214	0.00727	0.00542	0.00546	0.00181	0.00848	0.00428	0.00242	0.00844
99	0.00676	0.00579	0.00579	0.00579	0.00773	0.00483	0.00435	0.00821	0.01304	0.01545	0.05794	0.05505	0.76098	0.01449	0.00676	0.00193	0.00290	0.01207	0.00531	0.00483
100	0.01350	0.01543	0.03375	0.02411	0.02989	0.01446	0.74253	0.01832	0.01350	0.01832	0.01157	0.01543	0.00868	0.00482	0.00675	0.00193	0.00964	0.00675	0.00289	0.00771
101	0.01416	0.01359	0.02322	0.03511	0.76330	0.01359	0.01755	0.01755	0.01302	0.01869	0.01076	0.01416	0.00906	0.00510	0.00566	0.00170	0.00680	0.00510	0.00283	0.00906
102	0.00676	0.00579	0.00579	0.00579	0.00773	0.00483	0.00435	0.00821	0.01304	0.01545	0.05794	0.05505	0.76098	0.01449	0.00676	0.00193	0.00290	0.01207	0.00531	0.00483
103	0.00799	0.00577	0.00756	0.00726	0.00852	0.00533	0.00539	0.01054	0.01572	0.02219	0.69494	0.11020	0.05252	0.01225	0.00680	0.00185	0.00275	0.01087	0.00621	0.00533
104	0.00810	0.00585	0.00765	0.00720	0.00855	0.00540	0.00540	0.01079	0.01619	0.02294	0.76028	0.04273	0.05397	0.01169	0.00675	0.00180	0.00270	0.01034	0.00630	0.00540
105	0.00832	0.00555	0.00624	0.00624	0.00624	0.00555	0.00347	0.00832	0.00832	0.01109	0.01802	0.03743	0.02080	0.79898	0.02911	0.00555	0.00555	0.00832	0.00347	0.00347
106	0.01147	0.02959	0.76934	0.01630	0.02476	0.01328	0.02113	0.01811	0.01208	0.01811	0.01026	0.01208	0.00725	0.00543	0.00543	0.00181	0.00845	0.00423	0.00242	0.00845
107	0.82249	0.01116	0.00859	0.00764	0.01120	0.01293	0.00629	0.03185	0.01009	0.02588	0.00808	0.00938	0.00627	0.00534	0.00358	0.00177	0.00446	0.00314	0.00358	0.00627
108	0.02393	0.00935	0.01272	0.00988	0.01400	0.00811	0.00811	0.02619	0.01635	0.69384	0.09533	0.02176	0.01809	0.00753	0.00585	0.00177	0.00465	0.00621	0.00700	0.00931
109	0.00818	0.00553	0.00646	0.00658	0.00668	0.00556	0.00387	0.00840	0.00862	0.01156	0.01914	0.10867	0.02202	0.67811	0.07298	0.00546	0.00593	0.00894	0.00362	0.00368
110	0.01186	0.10816	0.69417	0.01564	0.02373	0.01423	0.01998	0.01801	0.01203	0.01764	0.01003	0.01178	0.00726	0.00538	0.00525	0.00175	0.00822	0.00411	0.00242	0.00834
111	0.01367	0.01310	0.02234	0.14346	0.65874	0.01346	0.01731	0.01713	0.01279	0.01810	0.01067	0.01431	0.00885	0.00519	0.00567	0.00173	0.00692	0.00509	0.00279	0.00867
112	0.00691	0.00568	0.00609	0.00624	0.00788	0.00486	0.00458	0.00841	0.01303	0.01603	0.11949	0.16101	0.59053	0.01472	0.00684	0.00198	0.00294	0.01252	0.00540	0.00486
113	0.00832	0.00555	0.00624	0.00624	0.00624	0.00555	0.00347	0.00832	0.00832	0.01109	0.01802	0.03743	0.02080	0.79898	0.02911	0.00555	0.00555	0.00832	0.00347	0.00347
114	0.03834	0.01636	0.01678	0.01323	0.01729	0.07368	0.01083	0.59756	0.05112	0.03218	0.01316	0.01358	0.00960	0.00701	0.00655	0.00176	0.06151	0.00504	0.00525	0.00915
115	0.00676	0.00579	0.00579	0.00579	0.00773	0.00483	0.00435	0.00821	0.01304	0.01545	0.05794	0.05505	0.76098	0.01449	0.00676	0.00193	0.00290	0.01207	0.00531	0.00483
116	0.00701	0.00584	0.00615	0.00618	0.00802	0.00498	0.00470	0.00864	0.01333	0.01622	0.12044	0.05444	0.65729	0.01430	0.00682	0.00196	0.00301	0.05037	0.00540	0.00490
117	0.03142	0.01244	0.02096	0.27316	0.51627	0.01329	0.01677	0.01660	0.01245	0.01755	0.01051	0.01440	0.00854	0.00530	0.00563	0.00177	0.00701	0.00505	0.00275	0.00814
118	0.01147	0.02959	0.76934	0.01630	0.02476	0.01328	0.02113	0.01811	0.01208	0.01811	0.01026	0.01208	0.00725	0.00543	0.00543	0.00181	0.00845	0.00423	0.00242	0.00845
119	0.01147	0.02959	0.76934	0.01630	0.02476	0.01328	0.02113	0.01811	0.01208	0.01811	0.01026	0.01208	0.00725	0.00543	0.00543	0.00181	0.00845	0.00423	0.00242	0.00845
120	0.83938	0.01106	0.00841	0.00752	0.01106	0.01283	0.00619	0.01681	0.00973	0.02566	0.00796	0.00929	0.00619	0.00531	0.00354	0.00177	0.00442	0.00310	0.00354	0.00619
121	0.66770	0.01144	0.00897	0.00817	0.01130	0.06313	0.00657	0.01625	0.01007	0.02309	0.00912	0.01155	0.00756	0.02743	0.09571	0.00271	0.00613	0.00361	0.00344	0.00603
122	0.02174	0.01602	0.01717	0.01316	0.01774	0.01774	0.01087	0.74423	0.02689	0.03605	0.01373	0.01373	0.00973	0.00687	0.00572	0.00172	0.00629	0.00515	0.00572	0.00973
123	0.01362	0.46454	0.35322	0.01264	0.01909	0.01855	0.01475	0.01756	0.01182	0.01549	0.00896	0.01044	0.00730	0.00513	0.00444	0.00148	0.00714	0.00357	0.00243	0.00783
124	0.83938	0.01106	0.00841	0.00752	0.01106	0.01283	0.00619	0.01681	0.00973	0.02566	0.00796	0.00929	0.00619	0.00531	0.00354	0.00177	0.00442	0.00310	0.00354	0.00619
125	0.79615	0.05258	0.00954	0.00764	0.01125	0.01335	0.00638	0.01683	0.00983	0.02502	0.00796	0.00929	0.00625	0.00529	0.00355	0.00174	0.00451	0.00310	0.00348	0.00625
126	0.00790	0.00584	0.00738	0.00699	0.00843	0.00531	0.00525	0.01042	0.01574	0.02186	0.65883	0.04451	0.15609	0.01210	0.00675	0.00182	0.00273	0.01059	0.00615	0.00531
127	0.00800	0.00584	0.00751	0.00709	0.00848	0.00535	0.00532	0.01060	0.01596	0.02238	0.70824	0.04364	0.10636	0.01190	0.00675	0.00181	0.00271	0.01047	0.00622	0.00535
128	0.00810	0.00585	0.00765	0.00720	0.00855	0.00540	0.00540	0.01079	0.01619	0.02294	0.76028	0.04273	0.05397	0.01169	0.00675	0.00180	0.00270	0.01034	0.00630	0.00540
129	0.01350	0.01543	0.03375	0.02411	0.02989	0.01446	0.74253	0.01832	0.01350	0.01832	0.01157	0.01543	0.00868	0.00482	0.00675	0.00193	0.00964	0.00675	0.00289	0.00771
130	0.01529	0.80242	0.02997	0.00979	0.01468	0.02263	0.00979	0.01713	0.01162	0.01346	0.00795	0.00918	0.00734	0.00489	0.00367	0.00122	0.00612	0.00306	0.00245	0.00734
131	0.01091	0.00557	0.00559	0.00550	0.00691	0.00561	0.00415	0.02946	0.01232	0.02165	0.01855	0.02116	0.01455	0.00667	0.00404	0.00134	0.00275	0.00533	0.81252	0.00543
132	0.00695	0.00503	0.00658	0.00781	0.00826	0.00466	0.00524	0.00798	0.01109	0.01466	0.03335	0.74420	0.08771	0.01768	0.00726	0.00230	0.00329	0.01597	0.00531	0.00466
133	0.01159	0.02880	0.72844	0.01674	0.02504	0.01335	0.06125	0.01813	0.01216	0.01813	0.01034	0.01226	0.00733	0.00540	0.00551	0.00182	0.00852	0.00437	0.00244	0.00841
134	0.00697	0.00498	0.00664	0.00796	0.00830	0.00465	0.00531	0.00796	0.01095	0.01460	0.03153	0.79525	0.03783	0.01792	0.00730	0.00232	0.00332	0.01626	0.00531	0.00465
135	0.00697	0.00498	0.00664	0.00796	0.00830	0.00465	0.00531	0.00796	0.01095	0.01460	0.03153	0.79525	0.03783	0.01792	0.00730	0.00232	0.00332	0.01626	0.00531	0.00465
136	0.02115	0.02686	0.01642	0.01534	0.03971	0.75349	0.01124	0.02268	0.01612	0.01414	0.00890	0.01043	0.00742	0.00587	0.00517	0.00148	0.01021	0.00373	0.00294	0.00670
137	0.02137	0.02726	0.01621	0.01474	0.01768	0.77602	0.01105	0.02284	0.01621	0.01400	0.00884	0.01031	0.00737	0.00589	0.00516	0.00147	0.01031	0.00368	0.00295	0.00663
138	0.00696	0.00503	0.00659	0.00784	0.00826	0.00466	0.00525	0.00798	0.01107	0.01465	0.03306	0.75221	0.07987	0.01772	0.00727	0.00230	0.00329	0.01602	0.00531	0.00466
139	0.00689	0.00527	0.00633	0.00719	0.00809	0.00471	0.00496	0.00805	0.01170	0.01491	0.04101	0.52957	0.29739	0.01669	0.00711	0.00218	0.00317	0.01476	0.00531	0.00471
140	0.01075	0.01010	0.01691	0.74980	0.03812	0.01262	0.01556	0.01444	0.01137	0.01460	0.01061	0.03369	0.00834	0.00610	0.00604	0.00193	0.02476	0.00535	0.00261	0.00631
141	0.01956	0.02231	0.01724	0.03224	0.06511	0.48934	0.02643	0.13209	0.03130	0.01795	0.00995	0.01173	0.00808	0.00642	0.00669	0.00166	0.08698	0.00428	0.00337	0.00729
142	0.02146	0.02444	0.01645	0.01434	0.01770	0.58597	0.01101	0.20364	0.01889	0.01953	0.01007	0.01117	0.00796	0.00614	0.00530	0.00153	0.00931	0.00405	0.00364	0.00741
143	0.02242	0.01147	0.02906	0.01077	0.01521	0.01057	0.00899	0.16930	0.06145	0.48652	0.03991	0.01836	0.01400	0.00696	0.00566	0.00170	0.00510	0.00559	0.00635	0.07063
144	0.02147	0.01586	0.01702	0.01303	0.01762	0.01746	0.01076	0.72421	0.02648	0.03557	0.01363	0.01368	0.00969	0.00679	0.00568	0.00169	0.00624	0.00510	0.00566	0.03233
145	0.02137	0.02726	0.01621	0.01474	0.01768	0.77602	0.01105	0.02284	0.01621	0.01400	0.00884	0.01031	0.00737	0.00589	0.00516	0.00147	0.01031	0.00368	0.00295	0.00663
