[name]
unknown

[dist]
# distance from previous block
# <min> <max>
0	98

[block]
# block no. 0 follows, 47 sequences, length 42
# corresponding to MSA columns:
# 98-139
name=unknown_A
#
# <colnr> <probs for GDERKNQSTAVLIFYWHMCP>
#	G	D	E	R	K	N	Q	S	T	A	V	L	I	F	Y	W	H	M	C	P
0	0.02092	0.00934	0.01209	0.00962	0.01333	0.00871	0.00795	0.11256	0.04922	0.58463	0.03562	0.02100	0.01469	0.00719	0.00542	0.00168	0.00456	0.06696	0.00610	0.00842
1	0.01965	0.01383	0.01504	0.01164	0.01571	0.01515	0.00958	0.64819	0.07525	0.10138	0.01384	0.01346	0.00971	0.00633	0.00522	0.00158	0.00550	0.00482	0.00533	0.00881
2	0.01271	0.01055	0.01135	0.01036	0.01312	0.01205	0.00808	0.02580	0.67907	0.04268	0.02185	0.05640	0.01738	0.00785	0.00546	0.00181	0.00412	0.04618	0.00528	0.00790
3	0.02728	0.11089	0.52330	0.01359	0.02000	0.06312	0.03766	0.05038	0.01211	0.08021	0.01009	0.01127	0.00725	0.00508	0.00480	0.00157	0.00719	0.00390	0.00275	0.00757
4	0.85377	0.01007	0.00765	0.00685	0.01007	0.01168	0.00564	0.01531	0.00886	0.02336	0.00725	0.00846	0.00564	0.00483	0.00322	0.00161	0.00403	0.00282	0.00322	0.00564
5	0.00641	0.00460	0.00610	0.00728	0.00765	0.00429	0.00493	0.00737	0.01009	0.01339	0.02931	0.76844	0.05429	0.01617	0.00665	0.00211	0.00307	0.03877	0.00483	0.00425
6	0.00750	0.00541	0.00715	0.00695	0.00817	0.00506	0.00537	0.00995	0.01438	0.02019	0.68300	0.04150	0.04663	0.01114	0.00628	0.00174	0.00276	0.10631	0.00561	0.00490
7	0.01080	0.00926	0.01080	0.00771	0.01234	0.00694	0.00617	0.01311	0.01080	0.01697	0.00926	0.01080	0.00771	0.00386	0.00386	0.00077	0.00386	0.00309	0.00309	0.84882
8	0.00615	0.00528	0.00528	0.00528	0.00703	0.00440	0.00396	0.00747	0.01187	0.01407	0.05276	0.05012	0.78238	0.01319	0.00615	0.00176	0.00264	0.01099	0.00484	0.00440
9	0.01348	0.01229	0.01202	0.01083	0.01375	0.07621	0.00839	0.02712	0.71368	0.02105	0.02013	0.01862	0.01515	0.00693	0.00525	0.00173	0.00455	0.00568	0.00509	0.00806
10	0.00997	0.00939	0.01586	0.77051	0.06877	0.01161	0.01453	0.01342	0.01048	0.01347	0.00928	0.01384	0.00700	0.00518	0.00520	0.00173	0.00691	0.00463	0.00233	0.00589
11	0.02015	0.10931	0.01509	0.01022	0.01417	0.03846	0.03040	0.12004	0.04554	0.46942	0.01644	0.01518	0.01104	0.00610	0.00529	0.00154	0.02677	0.00477	0.00526	0.03483
12	0.00791	0.00546	0.00646	0.00634	0.00669	0.00565	0.00398	0.03319	0.00840	0.01132	0.01698	0.03153	0.04106	0.63261	0.15642	0.00540	0.00651	0.00724	0.00321	0.00364
13	0.00634	0.00453	0.00604	0.00725	0.00755	0.00423	0.00483	0.00725	0.00997	0.01329	0.02870	0.81358	0.03444	0.01632	0.00665	0.00211	0.00302	0.01480	0.00483	0.00423
14	0.02256	0.01016	0.01289	0.00988	0.01394	0.00958	0.00816	0.19339	0.01708	0.61703	0.01872	0.01654	0.01198	0.00640	0.00523	0.00160	0.00473	0.00511	0.00617	0.00886
15	0.01547	0.01215	0.01582	0.33601	0.06380	0.01386	0.01201	0.40131	0.01784	0.04413	0.01125	0.01322	0.00815	0.00575	0.00521	0.00163	0.00621	0.00468	0.00393	0.00757
16	0.00746	0.00550	0.00798	0.00798	0.00878	0.00630	0.00603	0.00905	0.00826	0.01180	0.01430	0.02241	0.01387	0.15051	0.68605	0.00789	0.01267	0.00587	0.00284	0.00444
17	0.00744	0.00558	0.00837	0.00837	0.00930	0.00651	0.00651	0.00930	0.00837	0.01209	0.01395	0.02046	0.01302	0.03906	0.79635	0.00837	0.01395	0.00558	0.00279	0.00465
18	0.01376	0.73926	0.08837	0.00948	0.01416	0.03655	0.00977	0.01578	0.01070	0.01260	0.00743	0.00859	0.00668	0.00451	0.00350	0.00116	0.00582	0.00288	0.00224	0.00675
19	0.01332	0.01323	0.01957	0.06919	0.61799	0.08243	0.01479	0.01716	0.07003	0.01680	0.01048	0.01313	0.00862	0.00492	0.00513	0.00155	0.00636	0.00462	0.00278	0.00792
20	0.00784	0.00605	0.00891	0.00872	0.00958	0.00726	0.00684	0.00965	0.00841	0.01233	0.01343	0.01966	0.01251	0.03560	0.70813	0.00765	0.08070	0.00547	0.02651	0.00474
21	0.01102	0.00957	0.01192	0.00865	0.01305	0.00770	0.04268	0.03321	0.01127	0.01736	0.03370	0.01190	0.00903	0.00432	0.00448	0.00091	0.02881	0.00352	0.00318	0.73371
22	0.00816	0.00513	0.00602	0.00611	0.00639	0.00502	0.00369	0.00849	0.00846	0.04743	0.01887	0.17537	0.02131	0.60719	0.02116	0.00423	0.00457	0.00870	0.03003	0.00367
23	0.01398	0.03729	0.06641	0.01048	0.01492	0.03466	0.05688	0.15014	0.09372	0.08076	0.02688	0.01319	0.00985	0.00512	0.00463	0.00125	0.00503	0.00420	0.00388	0.36672
24	0.01221	0.00942	0.01109	0.00800	0.01256	0.00734	0.00644	0.04190	0.01165	0.08369	0.01034	0.01146	0.00820	0.00417	0.00402	0.00087	0.00397	0.00333	0.00345	0.74589
25	0.00633	0.00460	0.00597	0.00708	0.00751	0.00424	0.00476	0.00727	0.01014	0.01336	0.03083	0.74598	0.10067	0.01604	0.00660	0.00208	0.00299	0.01447	0.00483	0.00424
26	0.01851	0.01250	0.01399	0.01068	0.01480	0.01293	0.00877	0.50126	0.02041	0.15135	0.03848	0.01393	0.01064	0.00604	0.00503	0.00145	0.00511	0.00467	0.00508	0.14436
27	0.03800	0.40766	0.14148	0.01064	0.01521	0.03697	0.03134	0.05554	0.01146	0.03962	0.00859	0.00998	0.00712	0.00499	0.00493	0.00132	0.06440	0.00340	0.00267	0.10468
28	0.12184	0.53608	0.08441	0.00938	0.01378	0.01741	0.00932	0.04009	0.01113	0.08083	0.00870	0.00959	0.00714	0.00490	0.00405	0.00131	0.02718	0.00319	0.00281	0.00686
29	0.00809	0.00562	0.00717	0.00668	0.00810	0.00520	0.00504	0.01076	0.03433	0.05217	0.67687	0.03834	0.10066	0.01057	0.00608	0.00165	0.00260	0.00927	0.00568	0.00513
30	0.01778	0.01357	0.05389	0.01114	0.01521	0.03925	0.00941	0.37916	0.17324	0.14597	0.01496	0.01441	0.01064	0.00617	0.00510	0.00155	0.00528	0.00481	0.00502	0.07345
31	0.02508	0.06138	0.01513	0.50809	0.02727	0.01165	0.01206	0.01631	0.08166	0.12287	0.01227	0.03771	0.00937	0.00595	0.00549	0.00171	0.03133	0.00498	0.00325	0.00645
32	0.00727	0.00477	0.00635	0.00732	0.00781	0.00443	0.00494	0.00821	0.01017	0.05384	0.02796	0.75204	0.03292	0.03615	0.00708	0.00216	0.00315	0.01412	0.00488	0.00445
33	0.01742	0.05465	0.01425	0.01085	0.01449	0.01381	0.00885	0.39435	0.22303	0.12538	0.01643	0.05619	0.01247	0.00692	0.00521	0.00163	0.00498	0.00550	0.00522	0.00834
34	0.04457	0.21982	0.01660	0.00982	0.01370	0.01384	0.00842	0.25185	0.04715	0.24800	0.01390	0.01422	0.01019	0.04136	0.02253	0.00177	0.00533	0.00449	0.00461	0.00784
35	0.01107	0.09184	0.30826	0.13928	0.02454	0.01274	0.26287	0.01550	0.01124	0.01550	0.01053	0.05366	0.00853	0.00535	0.00532	0.00167	0.00750	0.00520	0.00250	0.00690
36	0.00640	0.00492	0.00588	0.00661	0.00755	0.00441	0.00471	0.00756	0.01086	0.01375	0.03825	0.46091	0.33322	0.01494	0.00648	0.00199	0.00298	0.05942	0.00483	0.00433
37	0.03736	0.00943	0.01509	0.51343	0.02764	0.01147	0.04548	0.01383	0.01027	0.06858	0.01057	0.03617	0.00864	0.03745	0.01849	0.00203	0.12036	0.00507	0.00275	0.00588
38	0.03916	0.03382	0.17536	0.03687	0.01743	0.05326	0.01151	0.40011	0.01858	0.14426	0.01252	0.01269	0.00872	0.00586	0.00504	0.00157	0.00611	0.00444	0.00444	0.00825
39	0.00791	0.00715	0.04839	0.00837	0.00935	0.03076	0.00661	0.00929	0.01024	0.01345	0.02488	0.36777	0.06738	0.12881	0.01019	0.01580	0.04571	0.17924	0.00421	0.00450
40	0.01781	0.01145	0.01245	0.00998	0.01343	0.05214	0.00808	0.32848	0.05484	0.24212	0.09283	0.02071	0.09714	0.00746	0.00539	0.00160	0.00483	0.00596	0.00544	0.00783
41	0.01618	0.09329	0.09247	0.01467	0.08637	0.18293	0.10080	0.09417	0.04394	0.13712	0.01168	0.01325	0.00893	0.03263	0.00633	0.00167	0.04822	0.00453	0.00352	0.00727

[dist]
# distance from previous block
# <min> <max>
8	14

[block]
# block no. 1 follows, 47 sequences, length 44
# corresponding to MSA columns:
# 181-224
name=unknown_B
#
# <colnr> <probs for GDERKNQSTAVLIFYWHMCP>
#	G	D	E	R	K	N	Q	S	T	A	V	L	I	F	Y	W	H	M	C	P
0	0.09172	0.01556	0.18346	0.08173	0.05072	0.04664	0.05902	0.21912	0.05805	0.07300	0.01417	0.01500	0.05685	0.00602	0.00507	0.00163	0.00611	0.00486	0.00380	0.00746
1	0.01144	0.04339	0.01059	0.05943	0.01225	0.00890	0.00719	0.18430	0.03496	0.06812	0.08311	0.37707	0.03876	0.01123	0.00612	0.00184	0.02080	0.00973	0.00478	0.00599
2	0.00652	0.00466	0.00620	0.00713	0.00759	0.00434	0.00485	0.00768	0.01077	0.01456	0.15481	0.68385	0.03690	0.01537	0.00656	0.00204	0.00293	0.01390	0.00498	0.00434
3	0.02798	0.00856	0.09257	0.00805	0.02423	0.00649	0.00686	0.04062	0.01346	0.09443	0.30755	0.07185	0.25672	0.01024	0.00583	0.00169	0.00353	0.00871	0.00498	0.00565
4	0.05125	0.14970	0.15597	0.12088	0.06105	0.05995	0.14454	0.02953	0.01119	0.01524	0.01076	0.08773	0.00965	0.00621	0.00588	0.00165	0.06432	0.00525	0.00271	0.00654
5	0.03369	0.06047	0.69986	0.01470	0.02202	0.01250	0.05334	0.01643	0.01098	0.01650	0.00925	0.01095	0.00664	0.00490	0.00489	0.00163	0.00755	0.00388	0.00225	0.00756
6	0.01985	0.00821	0.01099	0.00877	0.01210	0.00727	0.00705	0.04164	0.01449	0.60582	0.09694	0.07064	0.01806	0.04541	0.00641	0.00181	0.00421	0.00635	0.00609	0.00791
7	0.06550	0.30055	0.23860	0.01156	0.01650	0.15727	0.01188	0.08022	0.01270	0.04843	0.00898	0.01004	0.00704	0.00502	0.00427	0.00140	0.00674	0.00345	0.00279	0.00706
8	0.11374	0.01151	0.01394	0.26296	0.02071	0.07975	0.05642	0.17096	0.01352	0.01907	0.02712	0.04492	0.01004	0.04152	0.00645	0.00180	0.04311	0.00504	0.05117	0.00626
9	0.01149	0.08100	0.10827	0.03416	0.01760	0.04529	0.19881	0.04352	0.03776	0.01623	0.03099	0.04754	0.08911	0.00647	0.00612	0.00155	0.06921	0.00564	0.00315	0.14612
10	0.01235	0.00941	0.01107	0.00807	0.01249	0.00751	0.00649	0.06149	0.01218	0.08657	0.04017	0.01260	0.00984	0.00450	0.00415	0.00093	0.00397	0.00362	0.00362	0.68898
11	0.01266	0.00899	0.01078	0.00788	0.01225	0.00694	0.00633	0.01491	0.01161	0.14381	0.03320	0.01362	0.02774	0.00469	0.00420	0.00096	0.00388	0.00380	0.00375	0.66800
12	0.01137	0.01142	0.01651	0.04116	0.01496	0.01569	0.04050	0.01272	0.00823	0.01272	0.00706	0.01158	0.00688	0.00880	0.01626	0.00224	0.74924	0.00462	0.00229	0.00575
13	0.01289	0.01237	0.02114	0.03196	0.78450	0.01237	0.01598	0.01598	0.01186	0.01701	0.00980	0.01289	0.00825	0.00464	0.00516	0.00155	0.00619	0.00464	0.00258	0.00825
14	0.00649	0.00525	0.00577	0.00578	0.00731	0.00453	0.00431	0.00806	0.01241	0.01561	0.21805	0.09668	0.55215	0.01283	0.00620	0.00177	0.00266	0.02459	0.00504	0.00451
15	0.01392	0.82012	0.02729	0.00891	0.01337	0.02061	0.00891	0.01559	0.01058	0.01225	0.00724	0.00835	0.00668	0.00446	0.00334	0.00111	0.00557	0.00278	0.00223	0.00668
16	0.01049	0.02661	0.77076	0.01502	0.02266	0.01212	0.03815	0.01650	0.01103	0.01650	0.00938	0.01107	0.00663	0.00493	0.00498	0.00165	0.00772	0.00391	0.00221	0.00768
17	0.01945	0.02482	0.01476	0.01342	0.01610	0.79608	0.01006	0.02079	0.01476	0.01275	0.00805	0.00939	0.00671	0.00537	0.00470	0.00134	0.00939	0.00335	0.00268	0.00604
18	0.00756	0.00540	0.00744	0.00865	0.00948	0.00528	0.00695	0.00936	0.01117	0.01466	0.02803	0.36385	0.03178	0.01517	0.00697	0.00228	0.00408	0.45251	0.00481	0.00457
19	0.00905	0.00452	0.00678	0.00678	0.00678	0.00452	0.00452	0.00678	0.00678	0.00905	0.00905	0.01583	0.00905	0.01809	0.02035	0.84848	0.00452	0.00452	0.00226	0.00226
20	0.01289	0.01237	0.02114	0.03196	0.78450	0.01237	0.01598	0.01598	0.01186	0.01701	0.00980	0.01289	0.00825	0.00464	0.00516	0.00155	0.00619	0.00464	0.00258	0.00825
21	0.01945	0.02482	0.01476	0.01342	0.01610	0.79608	0.01006	0.02079	0.01476	0.01275	0.00805	0.00939	0.00671	0.00537	0.00470	0.00134	0.00939	0.00335	0.00268	0.00604
22	0.00983	0.00926	0.01562	0.80447	0.03587	0.01157	0.01446	0.01331	0.01041	0.01331	0.00926	0.01388	0.00694	0.00521	0.00521	0.00174	0.00694	0.00463	0.00231	0.00579
23	0.01045	0.02694	0.79000	0.01484	0.02254	0.01209	0.01924	0.01649	0.01099	0.01649	0.00935	0.01099	0.00660	0.00495	0.00495	0.00165	0.00770	0.00385	0.00220	0.00770
24	0.01180	0.01262	0.02111	0.01651	0.01905	0.06472	0.33254	0.01444	0.01052	0.01445	0.01043	0.03388	0.00940	0.00918	0.06071	0.00239	0.30714	0.04031	0.00267	0.00614
25	0.00702	0.00549	0.00650	0.00695	0.00840	0.00497	0.00559	0.00877	0.01202	0.01503	0.09459	0.09157	0.43347	0.01358	0.00654	0.00199	0.00339	0.26468	0.00489	0.00456
26	0.01045	0.02694	0.79000	0.01484	0.02254	0.01209	0.01924	0.01649	0.01099	0.01649	0.00935	0.01099	0.00660	0.00495	0.00495	0.00165	0.00770	0.00385	0.00220	0.00770
27	0.01045	0.02694	0.79000	0.01484	0.02254	0.01209	0.01924	0.01649	0.01099	0.01649	0.00935	0.01099	0.00660	0.00495	0.00495	0.00165	0.00770	0.00385	0.00220	0.00770
28	0.00686	0.00574	0.00607	0.00614	0.00791	0.00514	0.00477	0.00917	0.06067	0.01475	0.04767	0.04921	0.64167	0.01294	0.00623	0.00184	0.00300	0.10069	0.00486	0.00469
29	0.00632	0.00464	0.00593	0.00696	0.00748	0.00425	0.00470	0.00728	0.01025	0.01341	0.03226	0.70076	0.14497	0.01585	0.00657	0.00206	0.00296	0.01424	0.00483	0.00425
30	0.00788	0.00566	0.00686	0.00667	0.00678	0.00613	0.00424	0.00820	0.00788	0.01077	0.03198	0.04611	0.01830	0.64724	0.08847	0.00494	0.07786	0.00732	0.00313	0.00357
31	0.00640	0.00457	0.00611	0.00731	0.00764	0.00428	0.00493	0.00735	0.01002	0.01336	0.02867	0.79339	0.03432	0.01626	0.00666	0.00212	0.00307	0.03446	0.00483	0.00424
32	0.00700	0.00504	0.00649	0.00744	0.00796	0.00482	0.00506	0.04434	0.01072	0.01427	0.02848	0.75644	0.05088	0.01575	0.00657	0.00208	0.00314	0.01422	0.00485	0.00446
33	0.01298	0.15334	0.45337	0.01420	0.03352	0.09541	0.06089	0.08718	0.01268	0.01697	0.00925	0.01076	0.00694	0.00499	0.00476	0.00153	0.00738	0.00386	0.00257	0.00744
34	0.03409	0.04066	0.07818	0.14135	0.26145	0.02570	0.01261	0.11583	0.06728	0.01847	0.01131	0.01343	0.02350	0.00547	0.00554	0.00155	0.04643	0.00451	0.00314	0.08949
35	0.01781	0.01323	0.01481	0.08307	0.01724	0.01453	0.00978	0.57842	0.06046	0.04915	0.01278	0.01357	0.00934	0.02652	0.00567	0.00163	0.00560	0.00474	0.00481	0.05683
36	0.01259	0.01338	0.01538	0.21386	0.05555	0.17726	0.01179	0.01450	0.01026	0.01310	0.00828	0.01214	0.00724	0.00810	0.03745	0.00210	0.35796	0.00437	0.01882	0.00586
37	0.00917	0.00563	0.00903	0.13850	0.01230	0.00597	0.03232	0.00822	0.00771	0.01019	0.00998	0.04987	0.00976	0.01543	0.01678	0.64363	0.00500	0.00504	0.00239	0.00309
38	0.01119	0.00949	0.01101	0.00790	0.01251	0.00734	0.00633	0.04565	0.01139	0.01765	0.00940	0.01087	0.00776	0.00396	0.00392	0.00081	0.00394	0.00315	0.00318	0.81257
39	0.04866	0.01112	0.06293	0.12634	0.07500	0.02720	0.05039	0.11425	0.04725	0.06682	0.12402	0.05136	0.04222	0.00672	0.00519	0.00154	0.00513	0.00577	0.00395	0.12413
40	0.04586	0.00997	0.04936	0.01030	0.01353	0.00904	0.07582	0.13145	0.04702	0.24857	0.11878	0.16212	0.01993	0.00840	0.00557	0.00170	0.00462	0.00734	0.00509	0.02553
41	0.00671	0.00493	0.00668	0.00818	0.04098	0.00465	0.00521	0.00772	0.01010	0.01351	0.04832	0.70218	0.04807	0.05689	0.00758	0.00222	0.00324	0.01377	0.00467	0.00437
42	0.01222	0.01331	0.02554	0.17682	0.14922	0.04687	0.46558	0.01609	0.01196	0.01590	0.01006	0.01363	0.00772	0.00463	0.00574	0.00170	0.00803	0.00549	0.00256	0.00693
43	0.08792	0.01524	0.16749	0.05091	0.05718	0.01230	0.40613	0.05236	0.01209	0.01769	0.01120	0.06456	0.00919	0.00544	0.00556	0.00173	0.00743	0.00577	0.00286	0.00694

[dist]
# distance from previous block
# <min> <max>
6	12

[block]
# block no. 2 follows, 47 sequences, length 163
# corresponding to MSA columns:
# 237-399
name=unknown_C
#
# <colnr> <probs for GDERKNQSTAVLIFYWHMCP>
#	G	D	E	R	K	N	Q	S	T	A	V	L	I	F	Y	W	H	M	C	P
0	0.00664	0.00475	0.00592	0.00668	0.00720	0.00442	0.00446	0.00759	0.01016	0.01351	0.07353	0.54194	0.12581	0.13165	0.00937	0.00245	0.00322	0.01274	0.02382	0.00415
1	0.32632	0.12885	0.06491	0.07974	0.08088	0.02987	0.04029	0.05205	0.03241	0.03644	0.00932	0.01127	0.00743	0.00731	0.05681	0.00201	0.02084	0.00379	0.00303	0.00646
2	0.01256	0.12596	0.04753	0.17057	0.23265	0.05314	0.12258	0.04480	0.03552	0.01591	0.02758	0.02788	0.00920	0.00545	0.00568	0.00160	0.04682	0.00484	0.00276	0.00699
3	0.00668	0.00481	0.00618	0.00701	0.00764	0.00447	0.00490	0.00791	0.01080	0.01444	0.12008	0.55766	0.10976	0.04035	0.00714	0.00211	0.00308	0.05823	0.02242	0.00434
4	0.09350	0.01588	0.23124	0.09377	0.24985	0.03072	0.07187	0.03102	0.01162	0.06818	0.01063	0.03495	0.00839	0.00536	0.00525	0.00164	0.02122	0.00466	0.00288	0.00736
5	0.02978	0.26076	0.14317	0.00960	0.01328	0.01226	0.02303	0.01520	0.06901	0.07502	0.14569	0.07205	0.07314	0.00749	0.00523	0.00155	0.02751	0.00601	0.00376	0.00646
6	0.06464	0.01398	0.06993	0.02600	0.56513	0.07269	0.01436	0.03932	0.01211	0.01737	0.00970	0.01264	0.00811	0.02342	0.00545	0.00160	0.00630	0.00440	0.00271	0.03015
7	0.00734	0.00495	0.00607	0.00655	0.00691	0.00474	0.00420	0.00798	0.00930	0.02948	0.05116	0.37601	0.05601	0.37130	0.01541	0.00338	0.00396	0.02719	0.00416	0.00390
8	0.01202	0.08012	0.09145	0.15502	0.16213	0.03536	0.31049	0.01569	0.01147	0.01543	0.00968	0.01298	0.00762	0.00555	0.02221	0.00180	0.03657	0.00499	0.00249	0.00694
9	0.01593	0.10138	0.04623	0.03247	0.09880	0.24109	0.05658	0.14553	0.08184	0.04569	0.01120	0.01286	0.00889	0.02589	0.02376	0.00174	0.02200	0.00437	0.01665	0.00711
10	0.01358	0.00888	0.01031	0.00936	0.01194	0.00934	0.00738	0.04710	0.34072	0.18325	0.02426	0.12611	0.06642	0.00924	0.00567	0.00183	0.00405	0.08816	0.02521	0.00719
11	0.00648	0.00460	0.00606	0.00717	0.00746	0.00433	0.00476	0.00734	0.00981	0.01307	0.02768	0.73637	0.03310	0.08154	0.00828	0.00236	0.00322	0.02752	0.00470	0.00415
12	0.01333	0.06172	0.01995	0.07308	0.53741	0.02842	0.02717	0.04933	0.07521	0.03029	0.01076	0.01319	0.00874	0.00507	0.00534	0.00157	0.02392	0.00464	0.00294	0.00792
13	0.01330	0.00970	0.03268	0.01310	0.15623	0.00942	0.00866	0.07787	0.16606	0.15720	0.06762	0.07421	0.10139	0.08006	0.00737	0.00198	0.00454	0.00689	0.00466	0.00705
14	0.00657	0.00476	0.00625	0.00726	0.00780	0.00443	0.00507	0.00774	0.01061	0.01408	0.08453	0.64532	0.08466	0.01554	0.00662	0.00208	0.00310	0.07434	0.00490	0.00434
15	0.01019	0.02171	0.57973	0.01374	0.03472	0.01069	0.05035	0.01525	0.01156	0.03423	0.07833	0.01751	0.08695	0.00624	0.00523	0.00166	0.00671	0.00517	0.00288	0.00715
16	0.01686	0.06612	0.03703	0.01231	0.02920	0.01339	0.09163	0.35140	0.09104	0.13377	0.01525	0.01659	0.02847	0.02575	0.02542	0.00186	0.00586	0.02540	0.00466	0.00796
17	0.00756	0.00508	0.00586	0.00586	0.00592	0.00515	0.00338	0.00769	0.00763	0.01023	0.01625	0.03318	0.01854	0.76548	0.07748	0.00527	0.00564	0.00744	0.00313	0.00325
18	0.01229	0.01405	0.03073	0.02195	0.02722	0.01317	0.76558	0.01668	0.01229	0.01668	0.01054	0.01405	0.00790	0.00439	0.00615	0.00176	0.00878	0.00615	0.00263	0.00702
19	0.01492	0.01008	0.01225	0.01109	0.05985	0.01047	0.02145	0.25421	0.10651	0.15553	0.03789	0.10386	0.10700	0.01040	0.05790	0.00213	0.00521	0.00693	0.00500	0.00733
20	0.01155	0.01103	0.03093	0.12440	0.50043	0.01108	0.02970	0.01497	0.04253	0.01665	0.08720	0.01726	0.01312	0.05919	0.00670	0.00183	0.00584	0.00538	0.00300	0.00723
21	0.01904	0.02348	0.01579	0.01384	0.01678	0.69661	0.05621	0.06996	0.01525	0.01431	0.00850	0.00988	0.00692	0.00537	0.00482	0.00138	0.00911	0.00361	0.00285	0.00628
22	0.02042	0.01282	0.01444	0.01116	0.01522	0.01363	0.00919	0.52234	0.06210	0.24110	0.01519	0.01432	0.01035	0.00635	0.00522	0.00159	0.00528	0.00490	0.00556	0.00883
23	0.01169	0.26231	0.54492	0.01305	0.01966	0.03354	0.01595	0.01633	0.01096	0.01514	0.00869	0.01017	0.00663	0.00481	0.00446	0.00148	0.00711	0.00352	0.00222	0.00736
24	0.01296	0.01368	0.01411	0.27476	0.07154	0.23933	0.01092	0.04204	0.01156	0.01351	0.00999	0.01538	0.00896	0.12751	0.02911	0.00232	0.08923	0.00472	0.00268	0.00570
25	0.00705	0.00531	0.00652	0.00622	0.00759	0.00478	0.00466	0.00921	0.01399	0.01911	0.59162	0.04183	0.24038	0.01131	0.00615	0.00167	0.00250	0.00983	0.00550	0.00478
26	0.00757	0.00505	0.00568	0.00568	0.00568	0.00505	0.00316	0.00757	0.00757	0.01010	0.01641	0.03408	0.01893	0.81698	0.02651	0.00505	0.00505	0.00757	0.00316	0.00316
27	0.03373	0.02158	0.01472	0.01284	0.01587	0.56927	0.00987	0.20884	0.01698	0.01798	0.00928	0.01039	0.00736	0.00628	0.02122	0.00155	0.00847	0.00373	0.00333	0.00671
28	0.01208	0.01027	0.01106	0.01024	0.01291	0.01170	0.00808	0.02464	0.64476	0.02066	0.02338	0.02577	0.05101	0.00826	0.00558	0.00185	0.00414	0.10077	0.00521	0.00764
29	0.00729	0.00532	0.00685	0.00647	0.00773	0.00488	0.00485	0.00967	0.01455	0.02043	0.73348	0.03964	0.09768	0.01081	0.00614	0.00165	0.00247	0.00952	0.00567	0.00488
30	0.00813	0.00581	0.00809	0.00929	0.01038	0.00577	0.00794	0.01034	0.01173	0.01529	0.02772	0.15483	0.03054	0.01463	0.00712	0.00236	0.00457	0.65592	0.00480	0.00472
31	0.01329	0.01135	0.01196	0.01067	0.01367	0.01311	0.00832	0.06389	0.73832	0.02233	0.02077	0.01909	0.01555	0.00703	0.00529	0.00176	0.00420	0.00583	0.00529	0.00827
32	0.00744	0.00558	0.00837	0.00837	0.00930	0.00651	0.00651	0.00930	0.00837	0.01209	0.01395	0.02046	0.01302	0.03906	0.79635	0.00837	0.01395	0.00558	0.00279	0.00465
33	0.00814	0.00585	0.00807	0.00922	0.01038	0.00579	0.00792	0.01037	0.01183	0.01535	0.02883	0.11402	0.06537	0.01447	0.00710	0.00235	0.00456	0.66084	0.00480	0.00473
34	0.01080	0.00926	0.01080	0.00771	0.01234	0.00694	0.00617	0.01311	0.01080	0.01697	0.00926	0.01080	0.00771	0.00386	0.00386	0.00077	0.00386	0.00309	0.00309	0.84882
35	0.01229	0.01405	0.03073	0.02195	0.02722	0.01317	0.76558	0.01668	0.01229	0.01668	0.01054	0.01405	0.00790	0.00439	0.00615	0.00176	0.00878	0.00615	0.00263	0.00702
36	0.01392	0.82012	0.02729	0.00891	0.01337	0.02061	0.00891	0.01559	0.01058	0.01225	0.00724	0.00835	0.00668	0.00446	0.00334	0.00111	0.00557	0.00278	0.00223	0.00668
37	0.00757	0.00505	0.00568	0.00568	0.00568	0.00505	0.00316	0.00757	0.00757	0.01010	0.01641	0.03408	0.01893	0.81698	0.02651	0.00505	0.00505	0.00757	0.00316	0.00316
38	0.00983	0.00926	0.01562	0.80447	0.03587	0.01157	0.01446	0.01331	0.01041	0.01331	0.00926	0.01388	0.00694	0.00521	0.00521	0.00174	0.00694	0.00463	0.00231	0.00579
39	0.74702	0.00965	0.00785	0.00703	0.01013	0.01096	0.00572	0.01548	0.00933	0.07338	0.00944	0.05826	0.00788	0.00564	0.00357	0.00164	0.00399	0.00371	0.00353	0.00577
40	0.01404	0.01159	0.01261	0.03360	0.02868	0.01326	0.00879	0.13257	0.61742	0.03806	0.01940	0.01813	0.01444	0.00684	0.00528	0.00173	0.00447	0.00565	0.00517	0.00827
41	0.00640	0.00465	0.00613	0.00718	0.00762	0.00438	0.00487	0.00739	0.01001	0.01328	0.02954	0.71005	0.08710	0.01748	0.05486	0.00247	0.00366	0.01397	0.00471	0.00427
42	0.00618	0.00519	0.00537	0.00551	0.00710	0.00438	0.00406	0.00745	0.01165	0.01398	0.04992	0.14026	0.69408	0.01356	0.00621	0.00180	0.00268	0.01144	0.00484	0.00438
43	0.01036	0.00979	0.01657	0.67153	0.16469	0.01171	0.01472	0.01377	0.01066	0.01394	0.00935	0.01371	0.00717	0.00511	0.00520	0.00170	0.00681	0.00463	0.00236	0.00621
44	0.01212	0.01378	0.03003	0.02153	0.02666	0.01292	0.74408	0.01641	0.01223	0.01659	0.01105	0.03665	0.00865	0.00473	0.00616	0.00177	0.00862	0.00639	0.00270	0.00694
45	0.01200	0.01353	0.02936	0.02112	0.02612	0.01276	0.71921	0.01623	0.01205	0.01640	0.01074	0.01444	0.00821	0.00651	0.05442	0.00216	0.00910	0.00611	0.00264	0.00688
46	0.01041	0.00985	0.01666	0.65823	0.17758	0.01172	0.01475	0.01381	0.01069	0.01401	0.00936	0.01370	0.00719	0.00510	0.00520	0.00170	0.00680	0.00463	0.00236	0.00625
47	0.01089	0.12831	0.69252	0.01408	0.02137	0.01318	0.01792	0.01638	0.01094	0.01595	0.00908	0.01066	0.00661	0.00488	0.00474	0.00158	0.00742	0.00371	0.00220	0.00757
48	0.00983	0.00926	0.01562	0.80447	0.03587	0.01157	0.01446	0.01331	0.01041	0.01331	0.00926	0.01388	0.00694	0.00521	0.00521	0.00174	0.00694	0.00463	0.00231	0.00579
49	0.01980	0.01459	0.01563	0.01198	0.01615	0.01615	0.00990	0.76713	0.02448	0.03282	0.01250	0.01250	0.00886	0.00625	0.00521	0.00156	0.00573	0.00469	0.00521	0.00886
50	0.01045	0.02694	0.79000	0.01484	0.02254	0.01209	0.01924	0.01649	0.01099	0.01649	0.00935	0.01099	0.00660	0.00495	0.00495	0.00165	0.00770	0.00385	0.00220	0.00770
51	0.01036	0.00979	0.01657	0.67177	0.16446	0.01171	0.01472	0.01377	0.01066	0.01394	0.00935	0.01371	0.00717	0.00511	0.00520	0.00170	0.00681	0.00463	0.00236	0.00621
52	0.01832	0.02226	0.01545	0.01560	0.11380	0.63420	0.01072	0.04414	0.05102	0.01436	0.00904	0.01041	0.00741	0.00538	0.00480	0.00140	0.00862	0.00368	0.00287	0.00651
53	0.01231	0.01179	0.02010	0.17741	0.64355	0.01222	0.01570	0.01548	0.01159	0.01632	0.00969	0.01308	0.00800	0.00475	0.00517	0.00158	0.00633	0.00464	0.00253	0.00779
54	0.01229	0.01405	0.03073	0.02195	0.02722	0.01317	0.76558	0.01668	0.01229	0.01668	0.01054	0.01405	0.00790	0.00439	0.00615	0.00176	0.00878	0.00615	0.00263	0.00702
55	0.02336	0.00886	0.01209	0.00927	0.01329	0.00765	0.00765	0.02538	0.01491	0.78810	0.02055	0.01773	0.01289	0.00645	0.00524	0.00161	0.00443	0.00524	0.00645	0.00886
56	0.01091	0.04301	0.69135	0.01399	0.02104	0.01165	0.01764	0.01642	0.01126	0.05167	0.03478	0.03348	0.00897	0.00549	0.00501	0.00165	0.00721	0.00436	0.00258	0.00755
57	0.00722	0.00531	0.00672	0.00637	0.00764	0.00485	0.00476	0.00948	0.01423	0.01980	0.67317	0.04025	0.14288	0.02657	0.00654	0.00172	0.00253	0.00958	0.00557	0.00481
58	0.01375	0.73142	0.09426	0.00954	0.01424	0.03813	0.00985	0.01580	0.01072	0.01264	0.00744	0.00861	0.00668	0.00452	0.00352	0.00117	0.00585	0.00289	0.00224	0.00676
59	0.02100	0.01008	0.01203	0.00964	0.01332	0.05655	0.00780	0.02495	0.13200	0.59775	0.04462	0.01817	0.01415	0.00661	0.00524	0.00162	0.00462	0.00536	0.00602	0.00847
60	0.00646	0.00462	0.00616	0.00728	0.00766	0.00432	0.00494	0.00749	0.01029	0.01378	0.07004	0.74969	0.03512	0.01595	0.00663	0.00210	0.00304	0.03527	0.00488	0.00428
61	0.00728	0.00536	0.00659	0.00646	0.00783	0.00483	0.00489	0.00930	0.01343	0.03108	0.46256	0.09428	0.25798	0.01191	0.00623	0.00175	0.00272	0.05537	0.00537	0.00478
62	0.01906	0.02040	0.01539	0.01312	0.01624	0.50469	0.04321	0.19091	0.01665	0.06488	0.01024	0.02382	0.00808	0.00585	0.00522	0.00146	0.02630	0.00411	0.00351	0.00686
63	0.07546	0.01357	0.01465	0.01130	0.01539	0.01478	0.00933	0.62371	0.02224	0.12755	0.01317	0.01289	0.00915	0.00618	0.00508	0.00157	0.00545	0.00463	0.00523	0.00864
64	0.85377	0.01007	0.00765	0.00685	0.01007	0.01168	0.00564	0.01531	0.00886	0.02336	0.00725	0.00846	0.00564	0.00483	0.00322	0.00161	0.00403	0.00282	0.00322	0.00564
65	0.70784	0.00974	0.00830	0.00752	0.02459	0.01093	0.00598	0.01621	0.00976	0.10608	0.02663	0.01051	0.00766	0.00517	0.00355	0.00160	0.00404	0.00332	0.02456	0.00600
66	0.01936	0.01437	0.01538	0.01189	0.01598	0.01595	0.00979	0.71993	0.07240	0.03212	0.01306	0.01295	0.00931	0.00630	0.00522	0.00158	0.00563	0.00477	0.00522	0.00882
67	0.00616	0.00526	0.00529	0.00532	0.00705	0.00439	0.00398	0.00747	0.01183	0.01405	0.05219	0.06811	0.76475	0.01326	0.00617	0.00177	0.00265	0.01108	0.00484	0.00439
68	0.01057	0.01030	0.01678	0.45235	0.02695	0.01306	0.07653	0.01330	0.00975	0.01345	0.00870	0.01316	0.00712	0.00649	0.00930	0.00191	0.27987	0.00474	0.01982	0.00584
69	0.01401	0.71297	0.07689	0.00951	0.01405	0.03892	0.00964	0.01596	0.01077	0.03127	0.00771	0.00884	0.00683	0.00465	0.00379	0.00119	0.02094	0.00296	0.00234	0.00677
70	0.01056	0.00995	0.01642	0.58499	0.17250	0.01169	0.02492	0.01464	0.05891	0.01459	0.01095	0.01474	0.02242	0.00536	0.00523	0.00170	0.00657	0.00485	0.00260	0.00639
71	0.00744	0.00558	0.00837	0.00837	0.00930	0.00651	0.00651	0.00930	0.00837	0.01209	0.01395	0.02046	0.01302	0.03906	0.79635	0.00837	0.01395	0.00558	0.00279	0.00465
72	0.02152	0.02509	0.01263	0.01003	0.03087	0.06049	0.00798	0.06381	0.01525	0.61718	0.06530	0.01790	0.01426	0.00654	0.00522	0.00158	0.00477	0.00528	0.00592	0.00838
73	0.00637	0.00455	0.00607	0.00723	0.00756	0.00425	0.00484	0.00732	0.01011	0.01351	0.04999	0.79169	0.03486	0.01615	0.00663	0.00210	0.00301	0.01465	0.00486	0.00425
74	0.00645	0.00461	0.00616	0.00737	0.00772	0.00432	0.00502	0.00743	0.01007	0.01341	0.02864	0.77488	0.03421	0.01622	0.00667	0.00213	0.00311	0.05247	0.00483	0.00426
75	0.00905	0.00452	0.00678	0.00678	0.00678	0.00452	0.00452	0.00678	0.00678	0.00905	0.00905	0.01583	0.00905	0.01809	0.02035	0.84848	0.00452	0.00452	0.00226	0.00226
76	0.01440	0.01490	0.03950	0.04333	0.50396	0.14128	0.02744	0.08293	0.03750	0.01768	0.01005	0.01246	0.00819	0.00506	0.00529	0.00154	0.01930	0.00448	0.00289	0.00781
77	0.01229	0.01405	0.03073	0.02195	0.02722	0.01317	0.76558	0.01668	0.01229	0.01668	0.01054	0.01405	0.00790	0.00439	0.00615	0.00176	0.00878	0.00615	0.00263	0.00702
78	0.01229	0.01405	0.03073	0.02195	0.02722	0.01317	0.76558	0.01668	0.01229	0.01668	0.01054	0.01405	0.00790	0.00439	0.00615	0.00176	0.00878	0.00615	0.00263	0.00702
79	0.00839	0.00599	0.00839	0.00959	0.01079	0.00599	0.00839	0.01079	0.01199	0.01558	0.02757	0.05874	0.02997	0.01439	0.00719	0.00240	0.00480	0.74945	0.00480	0.00480
80	0.01137	0.23762	0.58741	0.01327	0.02010	0.01436	0.01650	0.01625	0.01088	0.01537	0.00879	0.01029	0.00662	0.00482	0.00452	0.00151	0.00713	0.00357	0.00221	0.00743
81	0.00983	0.00926	0.01562	0.80447	0.03587	0.01157	0.01446	0.01331	0.01041	0.01331	0.00926	0.01388	0.00694	0.00521	0.00521	0.00174	0.00694	0.00463	0.00231	0.00579
82	0.00983	0.00926	0.01562	0.80447	0.03587	0.01157	0.01446	0.01331	0.01041	0.01331	0.00926	0.01388	0.00694	0.00521	0.00521	0.00174	0.00694	0.00463	0.00231	0.00579
83	0.01047	0.00976	0.01564	0.57116	0.11642	0.02629	0.03107	0.03732	0.01162	0.01524	0.09360	0.01637	0.01177	0.00575	0.00532	0.00169	0.00642	0.00516	0.00282	0.00610
84	0.01192	0.01342	0.02907	0.02098	0.02592	0.01259	0.71273	0.01611	0.01218	0.01650	0.01177	0.05234	0.00965	0.00518	0.00619	0.00179	0.00842	0.02363	0.00279	0.00684
85	0.00634	0.00453	0.00604	0.00725	0.00755	0.00423	0.00483	0.00725	0.00997	0.01329	0.02870	0.81358	0.03444	0.01632	0.00665	0.00211	0.00302	0.01480	0.00483	0.00423
86	0.02192	0.00870	0.01174	0.00910	0.01289	0.00763	0.00748	0.04195	0.01512	0.70474	0.08499	0.01940	0.01587	0.00680	0.00531	0.00161	0.00429	0.00558	0.00636	0.00853
87	0.01198	0.01385	0.04923	0.02094	0.02601	0.01267	0.69581	0.01629	0.01224	0.01660	0.01163	0.01693	0.00933	0.00507	0.00618	0.00180	0.00849	0.05530	0.00277	0.00689
88	0.00634	0.00453	0.00604	0.00725	0.00755	0.00423	0.00483	0.00725	0.00997	0.01329	0.02870	0.81358	0.03444	0.01632	0.00665	0.00211	0.00302	0.01480	0.00483	0.00423
89	0.85377	0.01007	0.00765	0.00685	0.01007	0.01168	0.00564	0.01531	0.00886	0.02336	0.00725	0.00846	0.00564	0.00483	0.00322	0.00161	0.00403	0.00282	0.00322	0.00564
90	0.01988	0.01446	0.01555	0.01192	0.01608	0.01596	0.00985	0.75022	0.02427	0.05004	0.01269	0.01262	0.00895	0.00626	0.00521	0.00156	0.00570	0.00470	0.00524	0.00886
91	0.02336	0.00886	0.01209	0.00927	0.01329	0.00765	0.00765	0.02538	0.01491	0.78810	0.02055	0.01773	0.01289	0.00645	0.00524	0.00161	0.00443	0.00524	0.00645	0.00886
92	0.01421	0.01169	0.01285	0.01107	0.01428	0.01328	0.02862	0.13491	0.62487	0.04412	0.01963	0.01823	0.01458	0.00686	0.00531	0.00173	0.00449	0.00570	0.00525	0.00832
93	0.85377	0.01007	0.00765	0.00685	0.01007	0.01168	0.00564	0.01531	0.00886	0.02336	0.00725	0.00846	0.00564	0.00483	0.00322	0.00161	0.00403	0.00282	0.00322	0.00564
94	0.00737	0.00532	0.00696	0.00655	0.00778	0.00491	0.00491	0.00983	0.01474	0.02088	0.78175	0.03890	0.04914	0.01065	0.00614	0.00164	0.00246	0.00942	0.00573	0.00491
95	0.00745	0.00555	0.00821	0.00821	0.00908	0.00642	0.00630	0.00919	0.00832	0.01197	0.01410	0.02129	0.01338	0.08658	0.74931	0.00817	0.01341	0.00570	0.00281	0.00456
96	0.01270	0.01218	0.02080	0.07916	0.73876	0.01232	0.01589	0.01582	0.01177	0.01679	0.00976	0.01295	0.00817	0.00467	0.00516	0.00156	0.00623	0.00464	0.00256	0.00810
97	0.01381	0.01100	0.01180	0.01049	0.01352	0.01252	0.00819	0.02748	0.71240	0.08498	0.02114	0.01929	0.01565	0.00701	0.00529	0.00175	0.00415	0.00583	0.00539	0.00829
98	0.00637	0.00455	0.00607	0.00723	0.00756	0.00425	0.00484	0.00732	0.01010	0.01350	0.04874	0.79297	0.03483	0.01616	0.00663	0.00210	0.00301	0.01466	0.00486	0.00425
99	0.00732	0.00534	0.00689	0.00655	0.00781	0.00491	0.00494	0.00970	0.01448	0.02029	0.71364	0.04016	0.09718	0.01091	0.00617	0.00167	0.00253	0.02900	0.00565	0.00488
100	0.01235	0.01183	0.02017	0.16729	0.65336	0.01223	0.01572	0.01551	0.01160	0.01636	0.00970	0.01306	0.00802	0.00474	0.00516	0.00158	0.00632	0.00464	0.00253	0.00782
101	0.00745	0.00554	0.00819	0.00819	0.00906	0.00641	0.00629	0.00919	0.00832	0.01196	0.01411	0.02136	0.01341	0.09056	0.74538	0.00815	0.01336	0.00571	0.00281	0.00455
102	0.00634	0.00453	0.00604	0.00725	0.00755	0.00423	0.00483	0.00725	0.00997	0.01329	0.02870	0.81358	0.03444	0.01632	0.00665	0.00211	0.00302	0.01480	0.00483	0.00423
103	0.00732	0.00532	0.00689	0.00650	0.00775	0.00489	0.00488	0.00973	0.01463	0.02062	0.75311	0.03934	0.07794	0.01075	0.00614	0.00164	0.00246	0.00948	0.00570	0.00489
104	0.85377	0.01007	0.00765	0.00685	0.01007	0.01168	0.00564	0.01531	0.00886	0.02336	0.00725	0.00846	0.00564	0.00483	0.00322	0.00161	0.00403	0.00282	0.00322	0.00564
105	0.00751	0.00529	0.00683	0.00645	0.00768	0.00491	0.00484	0.00997	0.01451	0.02079	0.73503	0.03771	0.04695	0.01037	0.00599	0.00161	0.00246	0.00914	0.05706	0.00491
106	0.01080	0.00926	0.01080	0.00771	0.01234	0.00694	0.00617	0.01311	0.01080	0.01697	0.00926	0.01080	0.00771	0.00386	0.00386	0.00077	0.00386	0.00309	0.00309	0.84882
107	0.01217	0.01491	0.08178	0.02147	0.02690	0.01310	0.71540	0.01667	0.01220	0.01667	0.01046	0.01384	0.00781	0.00443	0.00607	0.00175	0.00871	0.00599	0.00260	0.00707
108	0.00737	0.00532	0.00696	0.00655	0.00778	0.00491	0.00491	0.00983	0.01474	0.02088	0.78175	0.03890	0.04914	0.01065	0.00614	0.00164	0.00246	0.00942	0.00573	0.00491
109	0.00634	0.00453	0.00604	0.00725	0.00755	0.00423	0.00483	0.00725	0.00997	0.01329	0.02870	0.81358	0.03444	0.01632	0.00665	0.00211	0.00302	0.01480	0.00483	0.00423
110	0.00640	0.00457	0.00610	0.00731	0.00764	0.00428	0.00493	0.00734	0.01002	0.01335	0.02867	0.79372	0.03433	0.01626	0.00666	0.00212	0.00307	0.03414	0.00483	0.00424
111	0.01363	0.75400	0.09086	0.00941	0.01413	0.01990	0.00977	0.01567	0.01062	0.01261	0.00742	0.00857	0.00668	0.00450	0.00348	0.00116	0.00575	0.00287	0.00223	0.00677
112	0.00757	0.00505	0.00568	0.00568	0.00568	0.00505	0.00316	0.00757	0.00757	0.01010	0.01641	0.03408	0.01893	0.81698	0.02651	0.00505	0.00505	0.00757	0.00316	0.00316
113	0.00694	0.00561	0.00621	0.00604	0.00766	0.00504	0.00453	0.00937	0.05622	0.01667	0.28338	0.06557	0.48391	0.01211	0.00612	0.00173	0.00267	0.01030	0.00515	0.00478
114	0.01041	0.00988	0.01742	0.58739	0.09597	0.01144	0.11294	0.01390	0.01081	0.01444	0.00994	0.01416	0.00757	0.00510	0.00523	0.00169	0.00684	0.00484	0.05392	0.00610
115	0.01243	0.01362	0.02816	0.02324	0.16254	0.01302	0.59735	0.01704	0.04613	0.01697	0.01088	0.01408	0.00832	0.00455	0.00593	0.00172	0.00811	0.00586	0.00274	0.00730
116	0.00617	0.00523	0.00532	0.00540	0.00707	0.00439	0.00401	0.00746	0.01175	0.01402	0.05127	0.09713	0.73633	0.01338	0.00619	0.00178	0.00266	0.01123	0.00484	0.00439
117	0.01945	0.02482	0.01476	0.01342	0.01610	0.79608	0.01006	0.02079	0.01476	0.01275	0.00805	0.00939	0.00671	0.00537	0.00470	0.00134	0.00939	0.00335	0.00268	0.00604
118	0.01378	0.80221	0.02687	0.00890	0.01328	0.02030	0.00886	0.01546	0.01053	0.01225	0.00739	0.00862	0.00682	0.00522	0.02077	0.00127	0.00575	0.00285	0.00224	0.00664
119	0.01409	0.73131	0.02596	0.00930	0.01345	0.01993	0.00907	0.03271	0.01082	0.02892	0.00761	0.00884	0.00687	0.00485	0.00433	0.00121	0.05864	0.00300	0.00239	0.00671
120	0.01420	0.38024	0.06967	0.01309	0.01706	0.16745	0.15139	0.01651	0.01144	0.01346	0.00809	0.01011	0.00693	0.00516	0.00573	0.00144	0.09529	0.00378	0.00240	0.00657
121	0.85377	0.01007	0.00765	0.00685	0.01007	0.01168	0.00564	0.01531	0.00886	0.02336	0.00725	0.00846	0.00564	0.00483	0.00322	0.00161	0.00403	0.00282	0.00322	0.00564
122	0.01080	0.00926	0.01080	0.00771	0.01234	0.00694	0.00617	0.01311	0.01080	0.01697	0.00926	0.01080	0.00771	0.00386	0.00386	0.00077	0.00386	0.00309	0.00309	0.84882
123	0.00834	0.00595	0.00833	0.00953	0.01070	0.00595	0.00829	0.01069	0.01193	0.01552	0.02760	0.07930	0.03009	0.01444	0.00718	0.00239	0.00475	0.72944	0.00480	0.00478
124	0.01052	0.04512	0.77252	0.01471	0.02233	0.01229	0.01900	0.01647	0.01099	0.01639	0.00930	0.01093	0.00660	0.00494	0.00491	0.00164	0.00765	0.00382	0.00220	0.00767
125	0.01031	0.02599	0.75584	0.01448	0.02190	0.01178	0.01862	0.01620	0.01116	0.01668	0.04305	0.01221	0.00845	0.00520	0.00500	0.00165	0.00747	0.00409	0.00235	0.00757
126	0.01229	0.01405	0.03073	0.02195	0.02722	0.01317	0.76558	0.01668	0.01229	0.01668	0.01054	0.01405	0.00790	0.00439	0.00615	0.00176	0.00878	0.00615	0.00263	0.00702
127	0.00983	0.00926	0.01562	0.80447	0.03587	0.01157	0.01446	0.01331	0.01041	0.01331	0.00926	0.01388	0.00694	0.00521	0.00521	0.00174	0.00694	0.00463	0.00231	0.00579
128	0.01153	0.01846	0.30505	0.01853	0.02414	0.01306	0.41794	0.01619	0.01138	0.01619	0.00973	0.01267	0.00732	0.00507	0.00682	0.00177	0.08942	0.00515	0.00244	0.00713
129	0.00983	0.00926	0.01562	0.80447	0.03587	0.01157	0.01446	0.01331	0.01041	0.01331	0.00926	0.01388	0.00694	0.00521	0.00521	0.00174	0.00694	0.00463	0.00231	0.00579
130	0.00744	0.00558	0.00837	0.00837	0.00930	0.00651	0.00651	0.00930	0.00837	0.01209	0.01395	0.02046	0.01302	0.03906	0.79635	0.00837	0.01395	0.00558	0.00279	0.00465
131	0.85377	0.01007	0.00765	0.00685	0.01007	0.01168	0.00564	0.01531	0.00886	0.02336	0.00725	0.00846	0.00564	0.00483	0.00322	0.00161	0.00403	0.00282	0.00322	0.00564
132	0.01080	0.00926	0.01080	0.00771	0.01234	0.00694	0.00617	0.01311	0.01080	0.01697	0.00926	0.01080	0.00771	0.00386	0.00386	0.00077	0.00386	0.00309	0.00309	0.84882
133	0.01427	0.01024	0.01192	0.00876	0.01321	0.00884	0.00710	0.16196	0.01403	0.12509	0.01143	0.01207	0.00864	0.00468	0.00431	0.00104	0.00430	0.00369	0.00396	0.57047
134	0.00638	0.00455	0.00603	0.00720	0.00749	0.00426	0.00478	0.00726	0.00989	0.01319	0.02831	0.78890	0.03395	0.04167	0.00728	0.00221	0.00309	0.01458	0.00478	0.00420
135	0.00750	0.00556	0.00827	0.00827	0.00921	0.00646	0.00643	0.00938	0.00844	0.01229	0.01403	0.02043	0.01303	0.03816	0.77476	0.00817	0.01364	0.00556	0.02575	0.00466
136	0.01687	0.01349	0.01612	0.05351	0.08117	0.03232	0.06020	0.46681	0.12853	0.02693	0.01329	0.01388	0.00977	0.00603	0.00521	0.00159	0.00576	0.00493	0.03534	0.00823
137	0.00634	0.00453	0.00604	0.00725	0.00755	0.00423	0.00483	0.00725	0.00997	0.01329	0.02870	0.81358	0.03444	0.01632	0.00665	0.00211	0.00302	0.01480	0.00483	0.00423
138	0.01295	0.01119	0.01178	0.01060	0.01354	0.01295	0.00824	0.02767	0.77509	0.02178	0.02120	0.01943	0.01590	0.00707	0.00530	0.00177	0.00412	0.00589	0.00530	0.00824
139	0.01406	0.01205	0.01837	0.03750	0.42198	0.01247	0.06271	0.09085	0.17274	0.06881	0.01349	0.01547	0.01056	0.00559	0.00530	0.00163	0.00576	0.01881	0.00369	0.00815
140	0.00791	0.00567	0.00768	0.00876	0.00969	0.00563	0.00713	0.01005	0.02858	0.01479	0.02704	0.25504	0.03015	0.06376	0.00819	0.00247	0.00433	0.49379	0.00472	0.00462
141	0.06579	0.00618	0.00770	0.00691	0.00873	0.00575	0.00533	0.01244	0.01421	0.13813	0.57239	0.03428	0.08248	0.00976	0.00581	0.00164	0.00287	0.00843	0.00562	0.00554
142	0.00688	0.00520	0.00677	0.02514	0.00862	0.00510	0.00538	0.00848	0.03500	0.01416	0.07557	0.60747	0.10023	0.01489	0.00679	0.00205	0.02430	0.03869	0.00478	0.00451
143	0.01642	0.01177	0.01191	0.01010	0.01268	0.13187	0.00789	0.18556	0.03386	0.21278	0.01660	0.08961	0.03078	0.08440	0.04698	0.00230	0.05897	0.00602	0.02265	0.00685
144	0.00624	0.00523	0.00542	0.00547	0.00711	0.00442	0.00407	0.00760	0.01192	0.01442	0.09442	0.09610	0.69331	0.01323	0.00618	0.00177	0.00265	0.01113	0.00489	0.00442
145	0.00986	0.00930	0.01563	0.78968	0.03545	0.01165	0.01441	0.01329	0.01037	0.01329	0.00921	0.01384	0.00694	0.00528	0.00543	0.00175	0.02191	0.00463	0.00231	0.00578
146	0.00662	0.00480	0.00618	0.00692	0.00753	0.00445	0.00477	0.00784	0.01096	0.01467	0.16912	0.54975	0.10447	0.05119	0.00742	0.00213	0.00301	0.02893	0.00492	0.00433
147	0.00804	0.00517	0.00613	0.00614	0.00644	0.00522	0.00379	0.00849	0.00821	0.03303	0.01713	0.08450	0.01887	0.61097	0.10720	0.00491	0.00572	0.00764	0.04877	0.00364
148	0.00632	0.00464	0.00593	0.00697	0.00748	0.00425	0.00471	0.00728	0.01024	0.01340	0.03213	0.70483	0.14099	0.01587	0.00658	0.00206	0.00297	0.01426	0.00483	0.00425
149	0.01418	0.01044	0.01202	0.01028	0.01265	0.01166	0.00807	0.30439	0.12890	0.06925	0.03074	0.18952	0.01681	0.05969	0.00818	0.00201	0.09208	0.00734	0.00478	0.00699
150	0.00649	0.00468	0.00615	0.00707	0.00757	0.00434	0.00481	0.00764	0.01076	0.01446	0.14209	0.66863	0.06529	0.01535	0.00655	0.00203	0.00292	0.01385	0.00497	0.00434
151	0.01515	0.01054	0.01197	0.01009	0.01277	0.01133	0.00797	0.43505	0.03151	0.05612	0.01659	0.18223	0.01543	0.01023	0.00753	0.10953	0.00489	0.03941	0.00479	0.00686
152	0.00872	0.00453	0.00664	0.00679	0.00686	0.00449	0.00454	0.00699	0.00730	0.00986	0.01174	0.11666	0.01237	0.01755	0.01818	0.71907	0.00428	0.00583	0.02504	0.00258
153	0.29899	0.01202	0.08300	0.13531	0.06849	0.02475	0.05387	0.06295	0.01184	0.16488	0.01100	0.01234	0.00790	0.00558	0.00493	0.02206	0.00552	0.00413	0.00361	0.00683
