[name]
unknown

[dist]
# distance from previous block
# <min> <max>
0	104

[block]
# block no. 0 follows, 48 sequences, length 169
# corresponding to MSA columns:
# 104-272
name=unknown_A
#
# <colnr> <probs for GDERKNQSTAVLIFYWHMCP>
#	G	D	E	R	K	N	Q	S	T	A	V	L	I	F	Y	W	H	M	C	P
0	0.03441	0.01012	0.01472	0.65962	0.03126	0.05787	0.01306	0.03053	0.01083	0.01404	0.00934	0.01373	0.00723	0.00521	0.00500	0.00163	0.00666	0.01581	0.00247	0.05644
1	0.05762	0.01098	0.03378	0.00881	0.01327	0.00952	0.00734	0.20419	0.01394	0.02098	0.00982	0.01095	0.00774	0.00448	0.00413	0.00102	0.00438	0.00345	0.00355	0.57004
2	0.01898	0.02411	0.01472	0.01374	0.03767	0.77684	0.01008	0.02036	0.01446	0.01268	0.00798	0.00935	0.00665	0.00527	0.00464	0.00133	0.00916	0.00334	0.00264	0.00601
3	0.00642	0.00532	0.00584	0.02813	0.00789	0.00464	0.00439	0.00802	0.01226	0.01527	0.20722	0.04601	0.60624	0.01224	0.00604	0.00171	0.00268	0.01032	0.00488	0.00448
4	0.00722	0.00584	0.02887	0.00654	0.00796	0.00499	0.00511	0.00958	0.01399	0.01954	0.67027	0.03865	0.12579	0.02545	0.00639	0.00169	0.00263	0.00926	0.00541	0.00483
5	0.01519	0.01214	0.01292	0.01088	0.01417	0.01374	0.00866	0.31503	0.46409	0.02545	0.01777	0.03902	0.01349	0.00691	0.00522	0.00167	0.00465	0.00559	0.00517	0.00824
6	0.01021	0.02593	0.77084	0.01437	0.02174	0.01172	0.01851	0.01600	0.01074	0.01607	0.00940	0.01148	0.00684	0.02789	0.00547	0.00172	0.00751	0.00390	0.00219	0.00746
7	0.02293	0.00888	0.01200	0.00920	0.01317	0.00776	0.00760	0.04464	0.01493	0.77123	0.02003	0.01733	0.01260	0.00635	0.00516	0.00159	0.00440	0.00515	0.00632	0.00873
8	0.64926	0.01087	0.00948	0.03139	0.01197	0.01246	0.00672	0.17921	0.01212	0.02475	0.00833	0.00936	0.00628	0.00508	0.00366	0.00158	0.00442	0.00323	0.00357	0.00625
9	0.00639	0.00466	0.00599	0.00682	0.00738	0.00429	0.00465	0.00752	0.01061	0.01413	0.13334	0.61644	0.11323	0.03034	0.00681	0.00204	0.00290	0.01334	0.00485	0.00426
10	0.01322	0.01166	0.01665	0.02539	0.01706	0.01108	0.19166	0.18871	0.09192	0.02065	0.01135	0.01271	0.00871	0.00481	0.00482	0.00129	0.00547	0.00444	0.00362	0.35479
11	0.01276	0.01102	0.01160	0.01044	0.01334	0.01276	0.00812	0.02727	0.77840	0.02146	0.02088	0.01914	0.01566	0.00696	0.00522	0.00174	0.00406	0.00580	0.00522	0.00812
12	0.00969	0.00912	0.01539	0.80734	0.03534	0.01140	0.01425	0.01311	0.01026	0.01311	0.00912	0.01368	0.00684	0.00513	0.00513	0.00171	0.00684	0.00456	0.00228	0.00570
13	0.00992	0.00565	0.00742	0.00740	0.00868	0.00521	0.00548	0.01137	0.01162	0.16029	0.15876	0.32796	0.06490	0.09707	0.00829	0.00223	0.00353	0.09409	0.00504	0.00510
14	0.36497	0.01596	0.01201	0.01083	0.03567	0.29233	0.00829	0.14729	0.01351	0.02041	0.00838	0.00956	0.00659	0.00531	0.00449	0.00150	0.02991	0.00339	0.00328	0.00632
15	0.01209	0.01377	0.02990	0.02141	0.02647	0.01305	0.74932	0.01633	0.01200	0.01633	0.01029	0.01377	0.00776	0.00445	0.00634	0.00174	0.02950	0.00601	0.00259	0.00689
16	0.00891	0.00446	0.00668	0.00668	0.00668	0.00446	0.00446	0.00668	0.00668	0.00891	0.00891	0.01560	0.00891	0.01783	0.02005	0.85071	0.00446	0.00446	0.00223	0.00223
17	0.00891	0.00446	0.00668	0.00668	0.00668	0.00446	0.00446	0.00668	0.00668	0.00891	0.00891	0.01560	0.00891	0.01783	0.02005	0.85071	0.00446	0.00446	0.00223	0.00223
18	0.04948	0.07073	0.33978	0.01203	0.01741	0.08359	0.01282	0.11861	0.01380	0.21533	0.01210	0.01231	0.00835	0.00542	0.00479	0.00154	0.00638	0.00410	0.00371	0.00773
19	0.35332	0.01201	0.01153	0.00936	0.01297	0.04793	0.00767	0.28858	0.03815	0.15481	0.01164	0.01166	0.00824	0.00562	0.00434	0.00156	0.00488	0.00395	0.00445	0.00732
20	0.00672	0.00558	0.00592	0.00577	0.00748	0.00497	0.00434	0.00907	0.06165	0.01558	0.18447	0.04540	0.60068	0.01215	0.00601	0.00171	0.00266	0.01022	0.00496	0.00467
21	0.01069	0.00916	0.01066	0.00766	0.01219	0.00697	0.00613	0.01325	0.02810	0.01683	0.00939	0.01083	0.00778	0.00387	0.00383	0.00078	0.00381	0.00310	0.00309	0.83187
22	0.00845	0.00521	0.00599	0.00580	0.00622	0.00509	0.00352	0.00887	0.00859	0.05799	0.06099	0.03258	0.04199	0.65859	0.02195	0.00429	0.00459	0.00738	0.04824	0.00367
23	0.00644	0.00481	0.00593	0.00649	0.00729	0.00436	0.00451	0.00768	0.01106	0.01456	0.17467	0.45832	0.21552	0.04481	0.00708	0.00202	0.00286	0.01243	0.00487	0.00429
24	0.01276	0.01102	0.01160	0.01044	0.01334	0.01276	0.00812	0.02727	0.77840	0.02146	0.02088	0.01914	0.01566	0.00696	0.00522	0.00174	0.00406	0.00580	0.00522	0.00812
25	0.07004	0.01347	0.01454	0.01120	0.01524	0.01471	0.00925	0.64157	0.02214	0.11698	0.01290	0.01266	0.00898	0.00610	0.00502	0.00155	0.00540	0.00457	0.00515	0.00854
26	0.29092	0.00937	0.01009	0.00840	0.01159	0.00969	0.00684	0.13824	0.01378	0.28344	0.06421	0.06360	0.01378	0.00686	0.00467	0.00162	0.00420	0.02675	0.02498	0.00697
27	0.00742	0.00554	0.00694	0.00662	0.00792	0.00523	0.00495	0.01037	0.05978	0.01956	0.62642	0.08435	0.11383	0.01084	0.00603	0.00166	0.00257	0.00953	0.00549	0.00495
28	0.00724	0.00542	0.00674	0.00647	0.00777	0.00504	0.00483	0.00989	0.04470	0.01914	0.59665	0.08588	0.15891	0.01106	0.00605	0.00167	0.00255	0.00969	0.00544	0.00486
29	0.03760	0.00572	0.00670	0.00636	0.00799	0.00515	0.00472	0.01049	0.01220	0.11518	0.23719	0.13421	0.31542	0.06912	0.00734	0.00195	0.00304	0.00964	0.00503	0.00497
30	0.00740	0.00551	0.00666	0.00649	0.00785	0.00511	0.00482	0.00999	0.05552	0.03101	0.44279	0.14158	0.23296	0.01160	0.00606	0.00171	0.00266	0.01011	0.00529	0.00487
31	0.00956	0.00478	0.00478	0.00478	0.00598	0.00478	0.00359	0.01196	0.01076	0.01913	0.01674	0.01913	0.01315	0.00598	0.00359	0.00120	0.00239	0.00478	0.84816	0.00478
32	0.62761	0.01007	0.00875	0.00757	0.01075	0.01137	0.00618	0.09043	0.05171	0.07019	0.05580	0.01165	0.00941	0.00546	0.00377	0.00159	0.00407	0.00365	0.00382	0.00615
33	0.01313	0.00725	0.00893	0.00766	0.01011	0.00681	0.00601	0.03621	0.09912	0.27135	0.27799	0.03059	0.16554	0.02835	0.00612	0.00172	0.00342	0.00766	0.00560	0.00645
34	0.00609	0.00520	0.00523	0.00522	0.00694	0.00434	0.00392	0.00741	0.01175	0.01398	0.06540	0.04918	0.77209	0.01295	0.00606	0.00173	0.00260	0.01080	0.00478	0.00434
35	0.00733	0.00550	0.00825	0.00825	0.00916	0.00641	0.00641	0.00916	0.00825	0.01191	0.01374	0.02016	0.01283	0.03848	0.79934	0.00825	0.01374	0.00550	0.00275	0.00458
36	0.00647	0.00467	0.00607	0.00685	0.00739	0.00433	0.00467	0.00765	0.01075	0.01446	0.17330	0.59619	0.08124	0.04162	0.00708	0.00207	0.00292	0.01311	0.00488	0.00427
37	0.00733	0.00527	0.00655	0.00630	0.00763	0.00475	0.00470	0.00938	0.01354	0.03881	0.54470	0.09935	0.20992	0.01136	0.00607	0.00168	0.00255	0.00992	0.00540	0.00478
38	0.00986	0.05511	0.05287	0.00561	0.00737	0.00614	0.00481	0.01242	0.01074	0.01854	0.01572	0.01798	0.01236	0.00582	0.00365	0.00122	0.00288	0.00460	0.74726	0.00506
39	0.00625	0.00447	0.00595	0.00714	0.00744	0.00417	0.00476	0.00714	0.00982	0.01310	0.02828	0.81633	0.03394	0.01608	0.00655	0.00208	0.00298	0.01459	0.00476	0.00417
40	0.00643	0.00454	0.00590	0.00692	0.00717	0.00428	0.00452	0.00719	0.00948	0.01264	0.02653	0.70299	0.03172	0.13243	0.00938	0.00250	0.00327	0.01356	0.00452	0.00401
41	0.00942	0.00669	0.00793	0.00729	0.00899	0.00663	0.00548	0.04809	0.12960	0.06589	0.39492	0.08016	0.12941	0.06768	0.00729	0.00191	0.00317	0.00867	0.00526	0.00553
42	0.85592	0.00992	0.00754	0.00675	0.00992	0.01151	0.00556	0.01508	0.00873	0.02302	0.00714	0.00834	0.00556	0.00476	0.00318	0.00159	0.00397	0.00278	0.00318	0.00556
43	0.00734	0.00547	0.00809	0.00809	0.00895	0.00633	0.00622	0.00906	0.00820	0.01179	0.01389	0.02095	0.01317	0.08482	0.75347	0.00805	0.01322	0.00561	0.00277	0.00449
44	0.01372	0.82276	0.02689	0.00878	0.01317	0.02030	0.00878	0.01536	0.01043	0.01207	0.00713	0.00823	0.00658	0.00439	0.00329	0.00110	0.00549	0.00274	0.00219	0.00658
45	0.01843	0.01384	0.01480	0.01159	0.01550	0.01541	0.00949	0.65258	0.14384	0.03061	0.01368	0.01340	0.00983	0.00629	0.00515	0.00157	0.00539	0.00481	0.00515	0.00863
46	0.00745	0.00502	0.00584	0.00584	0.00592	0.00511	0.00341	0.00762	0.00753	0.01013	0.01595	0.03235	0.01812	0.74837	0.09669	0.00527	0.00577	0.00728	0.00308	0.00324
47	0.01240	0.02185	0.04473	0.02557	0.01291	0.02358	0.07349	0.05601	0.01197	0.18949	0.07302	0.04216	0.08014	0.03109	0.25532	0.00378	0.02606	0.00621	0.00406	0.00614
48	0.01060	0.02435	0.66172	0.01583	0.02300	0.01210	0.14813	0.01628	0.01105	0.01628	0.00941	0.01135	0.00672	0.00478	0.00508	0.00164	0.00777	0.00418	0.00224	0.00747
49	0.00669	0.00522	0.00607	0.00586	0.00732	0.00460	0.00439	0.00858	0.01318	0.01738	0.43656	0.04358	0.39880	0.01168	0.00606	0.00167	0.00251	0.01002	0.00523	0.00460
50	0.00956	0.00478	0.00478	0.00478	0.00598	0.00478	0.00359	0.01196	0.01076	0.01913	0.01674	0.01913	0.01315	0.00598	0.00359	0.00120	0.00239	0.00478	0.84816	0.00478
51	0.00730	0.00491	0.00564	0.00580	0.00584	0.00487	0.00333	0.00742	0.00777	0.01036	0.01776	0.13669	0.02067	0.71382	0.02354	0.00459	0.00471	0.00840	0.00333	0.00325
52	0.00822	0.00566	0.00718	0.00761	0.00832	0.00562	0.00529	0.09822	0.01105	0.01476	0.02348	0.59540	0.02719	0.02963	0.00860	0.11953	0.00354	0.01187	0.00443	0.00442
53	0.01077	0.00923	0.01070	0.00777	0.01223	0.00719	0.00620	0.01378	0.05666	0.01700	0.00983	0.01115	0.00808	0.00399	0.00389	0.00082	0.00382	0.00321	0.00317	0.80051
54	0.01762	0.06206	0.03956	0.01228	0.05605	0.01461	0.00986	0.56230	0.02060	0.06306	0.03294	0.01345	0.00999	0.00797	0.05215	0.00192	0.00606	0.00468	0.00466	0.00818
55	0.01920	0.03118	0.05993	0.01056	0.02830	0.00870	0.05347	0.02230	0.05949	0.55145	0.03056	0.03061	0.01291	0.00803	0.04724	0.00195	0.00530	0.00534	0.00540	0.00809
56	0.00727	0.00529	0.00655	0.00622	0.00760	0.00476	0.00467	0.00940	0.01379	0.03388	0.58612	0.05261	0.22068	0.01108	0.00605	0.00165	0.00251	0.00965	0.00544	0.00479
57	0.00854	0.00557	0.00658	0.00626	0.00797	0.00485	0.00471	0.01018	0.01262	0.11328	0.24353	0.13304	0.40013	0.01185	0.00600	0.00172	0.00282	0.01014	0.00520	0.00500
58	0.06938	0.05647	0.01524	0.01110	0.01517	0.01521	0.00925	0.62685	0.02166	0.07543	0.01214	0.01214	0.00864	0.00595	0.00489	0.00151	0.00543	0.00441	0.00489	0.02421
59	0.01105	0.01120	0.01727	0.44747	0.07651	0.05982	0.08974	0.01388	0.01024	0.01347	0.00866	0.01280	0.00698	0.00591	0.00789	0.00180	0.19237	0.00462	0.00234	0.00597
60	0.00787	0.00509	0.00585	0.00578	0.00597	0.00502	0.00337	0.00808	0.00810	0.03319	0.05728	0.05200	0.02042	0.73417	0.02398	0.00463	0.00477	0.00766	0.00338	0.00339
61	0.01211	0.01384	0.03028	0.02163	0.02682	0.01298	0.76903	0.01644	0.01211	0.01644	0.01038	0.01384	0.00779	0.00433	0.00606	0.00173	0.00865	0.00606	0.00260	0.00692
62	0.00724	0.00522	0.00683	0.00647	0.00766	0.00482	0.00484	0.00962	0.01440	0.02038	0.76503	0.05882	0.04803	0.01064	0.00606	0.00163	0.00244	0.00942	0.00563	0.00482
63	0.00733	0.00550	0.00825	0.00825	0.00916	0.00641	0.00641	0.00916	0.00825	0.01191	0.01374	0.02016	0.01283	0.03848	0.79934	0.00825	0.01374	0.00550	0.00275	0.00458
64	0.00969	0.00912	0.01539	0.80734	0.03534	0.01140	0.01425	0.01311	0.01026	0.01311	0.00912	0.01368	0.00684	0.00513	0.00513	0.00171	0.00684	0.00456	0.00228	0.00570
65	0.00796	0.00568	0.00631	0.00603	0.00751	0.00508	0.00429	0.00937	0.03061	0.05994	0.05679	0.08575	0.39364	0.22726	0.01126	0.00257	0.00350	0.02288	0.00436	0.04921
66	0.00729	0.00536	0.00744	0.00744	0.00819	0.00595	0.00549	0.00866	0.00827	0.01157	0.01660	0.02506	0.06052	0.22009	0.57051	0.00709	0.01102	0.00628	0.00295	0.00422
67	0.01294	0.01111	0.01170	0.01048	0.01341	0.01285	0.00817	0.04720	0.75817	0.02176	0.02065	0.01896	0.01548	0.00694	0.00522	0.00173	0.00410	0.00577	0.00522	0.00814
68	0.02050	0.01277	0.01441	0.01105	0.01511	0.01354	0.00913	0.55918	0.02145	0.24750	0.01457	0.01378	0.00985	0.00621	0.00514	0.00155	0.00528	0.00477	0.00548	0.00873
69	0.00703	0.00532	0.00604	0.00580	0.00740	0.00462	0.00437	0.00879	0.01289	0.03934	0.33662	0.04414	0.47565	0.01182	0.00603	0.00168	0.00258	0.01006	0.00516	0.00466
70	0.00649	0.00485	0.00596	0.00644	0.00729	0.00440	0.00450	0.00780	0.01125	0.01486	0.20777	0.41603	0.21800	0.05094	0.00722	0.00202	0.00285	0.01213	0.00489	0.00431
71	0.00746	0.00497	0.00560	0.00560	0.00560	0.00497	0.00311	0.00746	0.00746	0.00995	0.01617	0.03358	0.01865	0.81967	0.02612	0.00497	0.00497	0.00746	0.00311	0.00311
72	0.01123	0.01123	0.01572	0.01347	0.01347	0.01572	0.01123	0.01235	0.00786	0.01235	0.00674	0.01123	0.00674	0.00898	0.01684	0.00225	0.81028	0.00449	0.00225	0.00561
73	0.69658	0.00970	0.00838	0.00720	0.01053	0.01075	0.00594	0.01698	0.00987	0.16999	0.00965	0.01008	0.00692	0.00507	0.00356	0.00159	0.00405	0.00323	0.00378	0.00616
74	0.01951	0.01437	0.01540	0.01181	0.01591	0.01591	0.00975	0.77056	0.02412	0.03234	0.01232	0.01232	0.00873	0.00616	0.00513	0.00154	0.00565	0.00462	0.00513	0.00873
75	0.00633	0.00461	0.00593	0.00690	0.00740	0.00426	0.00469	0.00732	0.01018	0.01342	0.05768	0.67266	0.11843	0.03348	0.00692	0.00210	0.00299	0.02575	0.00476	0.00420
76	0.00632	0.00450	0.00593	0.00705	0.00733	0.00422	0.00466	0.00716	0.00968	0.01291	0.02756	0.76989	0.03303	0.06375	0.00771	0.00226	0.00310	0.01416	0.00466	0.00410
77	0.01123	0.01123	0.01572	0.01347	0.01347	0.01572	0.01123	0.01235	0.00786	0.01235	0.00674	0.01123	0.00674	0.00898	0.01684	0.00225	0.81028	0.00449	0.00225	0.00561
78	0.00716	0.00516	0.00676	0.00653	0.00764	0.00477	0.00483	0.00942	0.01403	0.01979	0.70579	0.11972	0.04690	0.01107	0.00610	0.00166	0.00248	0.00983	0.00556	0.00477
79	0.00665	0.00473	0.00619	0.00696	0.00744	0.00445	0.00477	0.00781	0.01058	0.01432	0.17145	0.55903	0.03502	0.09325	0.00838	0.00229	0.00314	0.04457	0.00477	0.00422
80	0.00746	0.00497	0.00560	0.00560	0.00560	0.00497	0.00311	0.00746	0.00746	0.00995	0.01617	0.03358	0.01865	0.81967	0.02612	0.00497	0.00497	0.00746	0.00311	0.00311
81	0.01917	0.02445	0.01454	0.01322	0.01586	0.79907	0.00991	0.02049	0.01454	0.01256	0.00793	0.00925	0.00661	0.00529	0.00463	0.00132	0.00925	0.00330	0.00264	0.00595
82	0.00827	0.00591	0.00827	0.00945	0.01063	0.00591	0.00827	0.01063	0.01181	0.01536	0.02717	0.05788	0.02953	0.01417	0.00709	0.00236	0.00472	0.75313	0.00472	0.00472
83	0.00673	0.00481	0.00650	0.00769	0.00820	0.00458	0.00559	0.00797	0.01030	0.01363	0.02802	0.63644	0.03289	0.01562	0.00668	0.00215	0.00339	0.18975	0.00475	0.00430
84	0.02236	0.00888	0.01189	0.00921	0.01311	0.00788	0.00758	0.02515	0.06392	0.74159	0.02028	0.01757	0.01289	0.00639	0.00516	0.00160	0.00435	0.00520	0.00628	0.00869
85	0.00631	0.00449	0.00594	0.00707	0.00735	0.00421	0.00468	0.00716	0.00971	0.01294	0.02768	0.77780	0.03318	0.05563	0.00751	0.00223	0.00308	0.01424	0.00468	0.00412
86	0.00841	0.00550	0.00723	0.00665	0.00806	0.00504	0.00504	0.01080	0.01454	0.07655	0.72941	0.03681	0.04582	0.01019	0.00599	0.00161	0.00256	0.00898	0.00570	0.00512
87	0.01064	0.00912	0.01064	0.00760	0.01216	0.00684	0.00608	0.01292	0.01064	0.01672	0.00912	0.01064	0.00760	0.00380	0.00380	0.00076	0.00380	0.00304	0.00304	0.85104
88	0.00644	0.00475	0.00608	0.00706	0.00770	0.00439	0.00500	0.00756	0.01036	0.01348	0.03224	0.60118	0.16290	0.01534	0.00652	0.00205	0.00310	0.09482	0.00476	0.00426
89	0.85592	0.00992	0.00754	0.00675	0.00992	0.01151	0.00556	0.01508	0.00873	0.02302	0.00714	0.00834	0.00556	0.00476	0.00318	0.00159	0.00397	0.00278	0.00318	0.00556
90	0.01781	0.01317	0.01418	0.01126	0.01500	0.01460	0.00922	0.58043	0.15796	0.04684	0.01457	0.01516	0.01077	0.00654	0.00517	0.00159	0.00523	0.02686	0.02523	0.00841
91	0.10578	0.02395	0.65828	0.01357	0.02045	0.01211	0.01690	0.06134	0.01139	0.01797	0.00916	0.01064	0.00653	0.00494	0.00470	0.00162	0.00706	0.00373	0.00246	0.00742
92	0.00629	0.00449	0.00600	0.00719	0.00750	0.00420	0.00483	0.00721	0.00986	0.01314	0.02826	0.80184	0.03385	0.01604	0.00656	0.00209	0.00301	0.02869	0.00476	0.00418
93	0.01029	0.02654	0.79309	0.01462	0.02221	0.01192	0.01896	0.01625	0.01083	0.01625	0.00921	0.01083	0.00650	0.00487	0.00487	0.00162	0.00758	0.00379	0.00217	0.00758
94	0.00969	0.00912	0.01539	0.80734	0.03534	0.01140	0.01425	0.01311	0.01026	0.01311	0.00912	0.01368	0.00684	0.00513	0.00513	0.00171	0.00684	0.00456	0.00228	0.00570
95	0.00618	0.00518	0.00537	0.00536	0.00701	0.00437	0.00400	0.00756	0.01190	0.01444	0.11651	0.06835	0.70051	0.01285	0.00608	0.00173	0.00259	0.01079	0.00484	0.00437
96	0.00832	0.00601	0.00826	0.00936	0.01056	0.00606	0.00808	0.01104	0.03909	0.01545	0.02700	0.09665	0.02927	0.01402	0.00699	0.00233	0.00461	0.68733	0.00474	0.00482
97	0.85592	0.00992	0.00754	0.00675	0.00992	0.01151	0.00556	0.01508	0.00873	0.02302	0.00714	0.00834	0.00556	0.00476	0.00318	0.00159	0.00397	0.00278	0.00318	0.00556
98	0.01935	0.01430	0.01531	0.01178	0.01585	0.01584	0.00972	0.75393	0.04100	0.03209	0.01251	0.01247	0.00888	0.00618	0.00513	0.00154	0.00561	0.00465	0.00513	0.00871
99	0.00705	0.00524	0.00657	0.00624	0.00754	0.00475	0.00468	0.00928	0.01403	0.01941	0.65736	0.04025	0.17674	0.01093	0.00605	0.00163	0.00245	0.00955	0.00549	0.00475
100	0.00969	0.00912	0.01539	0.80734	0.03534	0.01140	0.01425	0.01311	0.01026	0.01311	0.00912	0.01368	0.00684	0.00513	0.00513	0.00171	0.00684	0.00456	0.00228	0.00570
101	0.00659	0.00473	0.00634	0.00731	0.00775	0.00460	0.00509	0.00764	0.00968	0.01295	0.02624	0.61274	0.04304	0.06609	0.09724	0.00297	0.00443	0.06595	0.00443	0.00419
102	0.00675	0.00481	0.00624	0.00721	0.00762	0.00459	0.00487	0.02773	0.01008	0.01344	0.02692	0.71643	0.03201	0.07568	0.00798	0.00229	0.00324	0.03324	0.00465	0.00423
103	0.00819	0.00668	0.00954	0.00905	0.00965	0.00826	0.00705	0.00964	0.00806	0.01176	0.01252	0.01990	0.01223	0.13024	0.53186	0.00653	0.18601	0.00553	0.00268	0.00462
104	0.00685	0.00521	0.00636	0.00676	0.00783	0.00483	0.00495	0.00885	0.04059	0.01561	0.21765	0.33282	0.23815	0.01340	0.00629	0.00188	0.00292	0.06949	0.00499	0.00457
105	0.00779	0.00642	0.00706	0.00712	0.00890	0.00625	0.00559	0.01183	0.16005	0.01558	0.03999	0.08575	0.45307	0.01221	0.00612	0.00187	0.00331	0.15110	0.00485	0.00513
106	0.00726	0.00517	0.00598	0.00597	0.00699	0.00472	0.00413	0.00840	0.01091	0.03629	0.18542	0.12746	0.29423	0.24799	0.01196	0.00270	0.00338	0.02234	0.00450	0.00419
107	0.00627	0.00454	0.00588	0.00694	0.00735	0.00420	0.00465	0.00717	0.00990	0.01307	0.02980	0.73250	0.09308	0.03946	0.00709	0.00214	0.00301	0.01408	0.00471	0.00415
108	0.00636	0.00454	0.00608	0.00727	0.00761	0.00426	0.00495	0.00733	0.00993	0.01322	0.02822	0.77617	0.03370	0.01597	0.00658	0.00210	0.00307	0.05369	0.00476	0.00420
109	0.02302	0.00873	0.01191	0.00913	0.01310	0.00754	0.00754	0.02501	0.01469	0.79122	0.02024	0.01746	0.01270	0.00635	0.00516	0.00159	0.00437	0.00516	0.00635	0.00873
110	0.01209	0.00979	0.01053	0.00947	0.01214	0.01090	0.00735	0.04093	0.56867	0.05482	0.08168	0.04147	0.10178	0.00804	0.00540	0.00173	0.00381	0.00675	0.00524	0.00742
111	0.01765	0.01332	0.01426	0.01137	0.01513	0.01486	0.00925	0.54554	0.23867	0.04291	0.01490	0.01435	0.01077	0.00639	0.00516	0.00160	0.00517	0.00497	0.00518	0.00855
112	0.01919	0.02374	0.01460	0.01312	0.01587	0.74342	0.00990	0.07379	0.01522	0.01396	0.00824	0.00947	0.00676	0.00535	0.00466	0.00134	0.00900	0.00340	0.00282	0.00615
113	0.07233	0.00897	0.01175	0.00907	0.01299	0.00802	0.00749	0.04634	0.01461	0.72333	0.01923	0.01677	0.01216	0.00625	0.00504	0.00159	0.00438	0.00500	0.00613	0.00854
114	0.00649	0.00516	0.00584	0.00600	0.00732	0.00457	0.00437	0.00819	0.02705	0.01522	0.19682	0.21968	0.44893	0.01306	0.00615	0.00179	0.00268	0.01126	0.00496	0.00447
115	0.00682	0.00486	0.00563	0.00599	0.00642	0.00460	0.00377	0.00735	0.00900	0.01166	0.02674	0.27563	0.17060	0.41938	0.01629	0.00347	0.00391	0.01028	0.00393	0.00367
116	0.01139	0.01239	0.05684	0.01353	0.01400	0.03652	0.01160	0.01277	0.00819	0.01256	0.00690	0.01115	0.00672	0.00866	0.01588	0.00219	0.74630	0.00442	0.00225	0.00573
117	0.00635	0.00471	0.00592	0.00668	0.00737	0.00429	0.00461	0.00752	0.01079	0.01421	0.13093	0.56723	0.18112	0.01476	0.00639	0.00196	0.00283	0.01317	0.00488	0.00429
118	0.05725	0.00548	0.00628	0.00673	0.00768	0.00534	0.00468	0.00919	0.06199	0.01444	0.07005	0.42719	0.18361	0.10577	0.00837	0.00227	0.00323	0.01143	0.00456	0.00447
119	0.00615	0.00515	0.00532	0.00537	0.00697	0.00436	0.00397	0.00745	0.01162	0.01403	0.08076	0.09412	0.69558	0.02819	0.00647	0.00181	0.00266	0.01092	0.00477	0.00432
120	0.02272	0.00880	0.01190	0.00917	0.01311	0.00769	0.00756	0.02507	0.03678	0.76895	0.02026	0.01751	0.01279	0.00637	0.00516	0.00159	0.00436	0.00518	0.00632	0.00871
121	0.00878	0.00611	0.00767	0.00768	0.00866	0.00627	0.00548	0.10317	0.01131	0.03601	0.05885	0.39228	0.02482	0.14869	0.14602	0.00351	0.00550	0.01011	0.00428	0.00479
122	0.00636	0.00468	0.00597	0.00677	0.00740	0.00428	0.00465	0.00753	0.01075	0.01425	0.13678	0.59775	0.14427	0.01486	0.00641	0.00197	0.00285	0.01331	0.00489	0.00428
123	0.02322	0.00625	0.00817	0.00721	0.00920	0.00565	0.00561	0.01378	0.01419	0.22977	0.49907	0.05396	0.06921	0.00962	0.00580	0.00164	0.00304	0.02302	0.00573	0.00587
124	0.09851	0.02741	0.01205	0.00906	0.01297	0.00867	0.00752	0.06689	0.01459	0.65998	0.01830	0.01613	0.01168	0.00615	0.00494	0.00157	0.00443	0.00486	0.00590	0.00839
125	0.03425	0.00851	0.01199	0.01083	0.01135	0.01125	0.00881	0.01094	0.00807	0.01246	0.01002	0.01531	0.00955	0.02264	0.38196	0.00503	0.41449	0.00491	0.00251	0.00513
126	0.01873	0.02381	0.01423	0.01295	0.01556	0.77249	0.00971	0.02005	0.01445	0.01260	0.00940	0.01060	0.03266	0.00555	0.00467	0.00134	0.00903	0.00356	0.00271	0.00589
127	0.01064	0.00912	0.01064	0.00760	0.01216	0.00684	0.00608	0.01292	0.01064	0.01672	0.00912	0.01064	0.00760	0.00380	0.00380	0.00076	0.00380	0.00304	0.00304	0.85104
128	0.00688	0.00494	0.00580	0.00602	0.00661	0.00464	0.00392	0.00772	0.00993	0.01311	0.14688	0.22289	0.17131	0.34985	0.01454	0.00315	0.00365	0.01007	0.00421	0.00386
129	0.00943	0.02334	0.01185	0.03143	0.01170	0.02225	0.00855	0.02397	0.00884	0.01280	0.03393	0.07681	0.01258	0.03350	0.31749	0.00452	0.34332	0.00578	0.00280	0.00512
130	0.01136	0.00946	0.01249	0.02405	0.01360	0.00866	0.07624	0.04098	0.09192	0.05583	0.06049	0.03545	0.05791	0.00596	0.00542	0.00127	0.05310	0.00499	0.00370	0.42711
131	0.00872	0.04564	0.00945	0.00829	0.00938	0.03396	0.00636	0.04181	0.00989	0.01360	0.09855	0.07274	0.01779	0.13001	0.41630	0.00549	0.05754	0.00644	0.00328	0.00477
132	0.01173	0.15010	0.06112	0.01173	0.07285	0.01100	0.08097	0.03134	0.02820	0.02834	0.00984	0.02501	0.00828	0.00562	0.02766	0.00136	0.03147	0.00388	0.00291	0.39660
133	0.05528	0.05746	0.01131	0.00939	0.01077	0.07658	0.00742	0.07173	0.01012	0.01406	0.01250	0.01827	0.03164	0.12784	0.31601	0.00467	0.15168	0.00516	0.00293	0.00518
134	0.00663	0.00467	0.00592	0.00666	0.00698	0.00443	0.00434	0.00743	0.00963	0.01290	0.08476	0.54400	0.04501	0.21833	0.01144	0.00277	0.00343	0.01231	0.00441	0.00396
135	0.00893	0.00627	0.00842	0.00908	0.01042	0.00628	0.00770	0.05559	0.01273	0.03027	0.10829	0.11107	0.03039	0.01331	0.00678	0.00220	0.00439	0.55800	0.00488	0.00500
136	0.01543	0.25226	0.01693	0.01094	0.01377	0.38917	0.00898	0.01701	0.01263	0.03327	0.05554	0.01445	0.01095	0.00778	0.04697	0.00174	0.03463	0.04865	0.00290	0.00598
137	0.01038	0.02593	0.75663	0.01496	0.02243	0.01197	0.05481	0.01626	0.01089	0.01626	0.00926	0.01098	0.00656	0.00485	0.00493	0.00163	0.00763	0.00390	0.00219	0.00755
138	0.00956	0.00478	0.00478	0.00478	0.00598	0.00478	0.00359	0.01196	0.01076	0.01913	0.01674	0.01913	0.01315	0.00598	0.00359	0.00120	0.00239	0.00478	0.84816	0.00478
139	0.11505	0.01050	0.01334	0.01024	0.01423	0.01029	0.05349	0.19927	0.01609	0.47949	0.01631	0.01501	0.01067	0.00601	0.00498	0.00158	0.00488	0.00482	0.00548	0.00827
140	0.00606	0.00520	0.00520	0.00520	0.00693	0.00433	0.00390	0.00736	0.01170	0.01386	0.05198	0.04938	0.78558	0.01299	0.00606	0.00173	0.00260	0.01083	0.00476	0.00433
141	0.85592	0.00992	0.00754	0.00675	0.00992	0.01151	0.00556	0.01508	0.00873	0.02302	0.00714	0.00834	0.00556	0.00476	0.00318	0.00159	0.00397	0.00278	0.00318	0.00556
142	0.00746	0.00497	0.00560	0.00560	0.00560	0.00497	0.00311	0.00746	0.00746	0.00995	0.01617	0.03358	0.01865	0.81967	0.02612	0.00497	0.00497	0.00746	0.00311	0.00311
143	0.01951	0.01437	0.01540	0.01181	0.01591	0.01591	0.00975	0.77056	0.02412	0.03234	0.01232	0.01232	0.00873	0.00616	0.00513	0.00154	0.00565	0.00462	0.00513	0.00873
144	0.85592	0.00992	0.00754	0.00675	0.00992	0.01151	0.00556	0.01508	0.00873	0.02302	0.00714	0.00834	0.00556	0.00476	0.00318	0.00159	0.00397	0.00278	0.00318	0.00556
145	0.00658	0.00522	0.00592	0.00574	0.00725	0.00455	0.00431	0.00837	0.01292	0.01676	0.36869	0.04460	0.46706	0.01191	0.00606	0.00168	0.00252	0.01016	0.00515	0.00455
146	0.00619	0.00472	0.00569	0.00648	0.00727	0.00422	0.00447	0.00722	0.01046	0.01336	0.03640	0.55360	0.29142	0.01502	0.00638	0.00196	0.00285	0.01330	0.00476	0.00422
147	0.00746	0.00497	0.00560	0.00560	0.00560	0.00497	0.00311	0.00746	0.00746	0.00995	0.01617	0.03358	0.01865	0.81967	0.02612	0.00497	0.00497	0.00746	0.00311	0.00311
148	0.01992	0.01370	0.01498	0.01149	0.01558	0.01491	0.00949	0.68164	0.02300	0.12285	0.01326	0.01293	0.00920	0.00618	0.00514	0.00155	0.00549	0.00468	0.00528	0.00873
149	0.00807	0.00577	0.00804	0.00923	0.01032	0.00574	0.00793	0.01029	0.01162	0.01514	0.02728	0.13167	0.02996	0.01436	0.00703	0.00234	0.00455	0.68127	0.00473	0.00467
150	0.00609	0.00520	0.00523	0.00522	0.00694	0.00434	0.00392	0.00741	0.01175	0.01399	0.06625	0.04917	0.77124	0.01295	0.00606	0.00173	0.00260	0.01080	0.00478	0.00434
151	0.00726	0.00524	0.00686	0.00646	0.00767	0.00484	0.00484	0.00968	0.01452	0.02058	0.78496	0.03833	0.04841	0.01049	0.00605	0.00161	0.00242	0.00928	0.00565	0.00484
152	0.00633	0.00528	0.00558	0.00572	0.00739	0.00452	0.00444	0.00777	0.01171	0.01404	0.04893	0.05042	0.69272	0.01314	0.00619	0.00181	0.00286	0.10200	0.00476	0.00438
153	0.01029	0.02654	0.79309	0.01462	0.02221	0.01192	0.01896	0.01625	0.01083	0.01625	0.00921	0.01083	0.00650	0.00487	0.00487	0.00162	0.00758	0.00379	0.00217	0.00758
154	0.06331	0.01096	0.01136	0.01022	0.01314	0.01269	0.00797	0.02654	0.73226	0.02156	0.02006	0.01850	0.01506	0.00683	0.00510	0.00173	0.00406	0.00562	0.00510	0.00797
155	0.01926	0.01433	0.01513	0.01166	0.01567	0.02975	0.00961	0.73899	0.02363	0.03167	0.01235	0.01243	0.00879	0.00614	0.00509	0.00153	0.00563	0.00460	0.02516	0.00858
156	0.00625	0.00447	0.00595	0.00714	0.00744	0.00417	0.00476	0.00714	0.00982	0.01310	0.02828	0.81633	0.03394	0.01608	0.00655	0.00208	0.00298	0.01459	0.00476	0.00417
157	0.01876	0.01437	0.01492	0.01167	0.01550	0.05681	0.00956	0.68520	0.02267	0.03007	0.01217	0.01263	0.00886	0.00805	0.05272	0.00193	0.00632	0.00460	0.00486	0.00833
158	0.76062	0.00995	0.00795	0.00701	0.01025	0.01134	0.00574	0.01570	0.05497	0.02259	0.00807	0.00911	0.00627	0.00484	0.00333	0.00155	0.00397	0.00297	0.00329	0.05048
159	0.06107	0.00668	0.00837	0.00739	0.00936	0.00643	0.01756	0.01348	0.05907	0.14625	0.46696	0.03221	0.11128	0.00939	0.00588	0.00164	0.01784	0.00803	0.00539	0.00571
160	0.01214	0.01382	0.04287	0.02048	0.02550	0.01294	0.68563	0.01742	0.08192	0.01689	0.01132	0.01427	0.00848	0.00458	0.00596	0.00173	0.00821	0.00599	0.00283	0.00704
161	0.01684	0.01390	0.01375	0.01130	0.01456	0.10764	0.00904	0.42446	0.18079	0.03901	0.01380	0.01452	0.01048	0.03168	0.05119	0.00206	0.02773	0.00485	0.00461	0.00779
162	0.00969	0.00912	0.01539	0.80734	0.03534	0.01140	0.01425	0.01311	0.01026	0.01311	0.00912	0.01368	0.00684	0.00513	0.00513	0.00171	0.00684	0.00456	0.00228	0.00570
163	0.01891	0.01435	0.01537	0.05904	0.01706	0.03830	0.01002	0.70392	0.02303	0.03062	0.01200	0.01231	0.00855	0.00607	0.00512	0.00154	0.00582	0.00458	0.00489	0.00847
164	0.00723	0.00524	0.00669	0.00638	0.00753	0.00485	0.00473	0.00939	0.01374	0.01923	0.66404	0.03907	0.08986	0.07361	0.00764	0.00190	0.00268	0.02615	0.00538	0.00467
165	0.00774	0.00532	0.00596	0.00592	0.00610	0.00542	0.00345	0.00863	0.05326	0.01071	0.01676	0.05308	0.01887	0.75056	0.02437	0.00471	0.00487	0.00755	0.00328	0.00343
166	0.80551	0.00960	0.00745	0.00677	0.00978	0.01108	0.00551	0.01461	0.00880	0.02243	0.00840	0.05627	0.00724	0.00543	0.00338	0.00162	0.00391	0.00348	0.00327	0.00547
167	0.00633	0.00451	0.00595	0.00705	0.00735	0.00422	0.00468	0.00721	0.00978	0.01306	0.04086	0.76129	0.03338	0.05852	0.00758	0.00223	0.00307	0.01412	0.00469	0.00412
168	0.00733	0.00498	0.00558	0.00561	0.00574	0.00491	0.00321	0.00745	0.00784	0.01032	0.01912	0.05511	0.07564	0.73925	0.02413	0.00466	0.00475	0.00790	0.00327	0.00323

[dist]
# distance from previous block
# <min> <max>
0	1

[block]
# block no. 1 follows, 48 sequences, length 6
# corresponding to MSA columns:
# 274-279
name=unknown_B
#
# <colnr> <probs for GDERKNQSTAVLIFYWHMCP>
#	G	D	E	R	K	N	Q	S	T	A	V	L	I	F	Y	W	H	M	C	P
0	0.00837	0.00651	0.00776	0.00723	0.00885	0.00654	0.00548	0.01336	0.18273	0.02020	0.55376	0.03504	0.10425	0.00993	0.00587	0.00165	0.00280	0.00864	0.00548	0.00552
1	0.01024	0.00870	0.01022	0.00756	0.01174	0.00660	0.00596	0.01240	0.01057	0.01639	0.01085	0.08318	0.00997	0.00491	0.00405	0.00088	0.00373	0.00408	0.00320	0.77479
2	0.01984	0.01040	0.01621	0.01215	0.01635	0.00964	0.17566	0.08014	0.05243	0.52454	0.01749	0.01636	0.01146	0.00592	0.00536	0.00162	0.00539	0.00535	0.00537	0.00830
3	0.01211	0.01150	0.01748	0.02271	0.46927	0.03860	0.04527	0.01534	0.03888	0.01665	0.01124	0.01585	0.00984	0.00523	0.00498	0.00143	0.00564	0.06144	0.00292	0.19362
4	0.00797	0.00446	0.00642	0.00685	0.00695	0.00435	0.00457	0.00685	0.00780	0.01040	0.01580	0.30023	0.01781	0.01720	0.01525	0.54905	0.00393	0.00806	0.00313	0.00292
5	0.00798	0.01014	0.18132	0.00965	0.01204	0.00763	0.00918	0.01073	0.00882	0.01287	0.01274	0.01810	0.01143	0.03107	0.62414	0.00679	0.01239	0.00512	0.00262	0.00524

[dist]
# distance from previous block
# <min> <max>
0	73

[block]
# block no. 2 follows, 48 sequences, length 52
# corresponding to MSA columns:
# 353-404
name=unknown_C
#
# <colnr> <probs for GDERKNQSTAVLIFYWHMCP>
#	G	D	E	R	K	N	Q	S	T	A	V	L	I	F	Y	W	H	M	C	P
0	0.01701	0.00847	0.01090	0.00830	0.01216	0.00700	0.00674	0.01915	0.01329	0.43987	0.10330	0.01751	0.01502	0.00595	0.00480	0.00131	0.00395	0.00491	0.00514	0.29522
1	0.00845	0.00452	0.00648	0.00660	0.00663	0.00449	0.00433	0.00683	0.00711	0.00948	0.01185	0.10326	0.01275	0.11389	0.01934	0.65857	0.00436	0.00590	0.00260	0.00254
2	0.00872	0.00565	0.00635	0.00600	0.00781	0.00486	0.00448	0.01006	0.01185	0.12732	0.08362	0.09559	0.52488	0.07062	0.00742	0.00196	0.00305	0.00993	0.00492	0.00490
3	0.00625	0.00447	0.00595	0.00714	0.00744	0.00417	0.00476	0.00714	0.00982	0.01310	0.02828	0.81633	0.03394	0.01608	0.00655	0.00208	0.00298	0.01459	0.00476	0.00417
4	0.00625	0.00447	0.00595	0.00714	0.00744	0.00417	0.00476	0.00714	0.00982	0.01310	0.02828	0.81633	0.03394	0.01608	0.00655	0.00208	0.00298	0.01459	0.00476	0.00417
5	0.00692	0.00522	0.00630	0.00604	0.00733	0.00470	0.00446	0.00887	0.01328	0.01798	0.52479	0.04128	0.26214	0.05952	0.00725	0.00185	0.00263	0.00962	0.00524	0.00459
6	0.00823	0.00530	0.00693	0.00691	0.00809	0.00485	0.00508	0.01004	0.01277	0.08314	0.41132	0.29407	0.08087	0.01221	0.00617	0.00179	0.00284	0.02915	0.00534	0.00492
7	0.00739	0.00497	0.00559	0.00562	0.00568	0.00493	0.00317	0.00745	0.00765	0.01015	0.01760	0.05282	0.04353	0.77466	0.02501	0.00480	0.00485	0.00774	0.00320	0.00317
8	0.01211	0.01384	0.03028	0.02163	0.02682	0.01298	0.76903	0.01644	0.01211	0.01644	0.01038	0.01384	0.00779	0.00433	0.00606	0.00173	0.00865	0.00606	0.00260	0.00692
9	0.00652	0.00463	0.00608	0.00709	0.00744	0.00437	0.00479	0.00746	0.00987	0.01318	0.05538	0.66549	0.03268	0.09763	0.00855	0.00238	0.00326	0.05447	0.00463	0.00412
10	0.00639	0.00462	0.00605	0.00694	0.00745	0.00428	0.00473	0.00753	0.01062	0.01424	0.14133	0.65906	0.07760	0.01508	0.00645	0.00200	0.00287	0.01360	0.00489	0.00428
11	0.01142	0.00651	0.00905	0.00938	0.01116	0.00626	0.00811	0.01370	0.01243	0.18100	0.02569	0.04925	0.02594	0.01250	0.00668	0.00220	0.00465	0.59344	0.00507	0.00558
12	0.01407	0.01177	0.01395	0.01151	0.03074	0.01248	0.06353	0.21640	0.36859	0.02294	0.01548	0.01527	0.01164	0.00593	0.00499	0.00150	0.00480	0.00497	0.00455	0.16489
13	0.01801	0.02191	0.01482	0.10050	0.03478	0.64896	0.01051	0.06435	0.01458	0.01389	0.00836	0.01000	0.00679	0.00531	0.00472	0.00138	0.00870	0.00355	0.00275	0.00613
14	0.00806	0.00543	0.00705	0.00654	0.00792	0.00496	0.00494	0.01040	0.01440	0.06207	0.70810	0.03773	0.08204	0.01039	0.00600	0.00162	0.00253	0.00913	0.00564	0.00503
15	0.01951	0.01437	0.01540	0.01181	0.01591	0.01591	0.00975	0.77056	0.02412	0.03234	0.01232	0.01232	0.00873	0.00616	0.00513	0.00154	0.00565	0.00462	0.00513	0.00873
16	0.00632	0.00449	0.00593	0.00706	0.00734	0.00421	0.00468	0.00716	0.00970	0.01293	0.02764	0.77499	0.03313	0.05851	0.00758	0.00224	0.00308	0.01421	0.00468	0.00411
17	0.00625	0.00447	0.00595	0.00714	0.00744	0.00417	0.00476	0.00714	0.00982	0.01310	0.02828	0.81633	0.03394	0.01608	0.00655	0.00208	0.00298	0.01459	0.00476	0.00417
18	0.85592	0.00992	0.00754	0.00675	0.00992	0.01151	0.00556	0.01508	0.00873	0.02302	0.00714	0.00834	0.00556	0.00476	0.00318	0.00159	0.00397	0.00278	0.00318	0.00556
19	0.01123	0.01123	0.01572	0.01347	0.01347	0.01572	0.01123	0.01235	0.00786	0.01235	0.00674	0.01123	0.00674	0.00898	0.01684	0.00225	0.81028	0.00449	0.00225	0.00561
20	0.00625	0.00447	0.00595	0.00714	0.00744	0.00417	0.00476	0.00714	0.00982	0.01310	0.02828	0.81633	0.03394	0.01608	0.00655	0.00208	0.00298	0.01459	0.00476	0.00417
21	0.01195	0.00660	0.00694	0.00619	0.00802	0.00679	0.00483	0.13925	0.01320	0.06323	0.01619	0.01790	0.01239	0.00603	0.00393	0.00127	0.00304	0.00478	0.66181	0.00565
22	0.85592	0.00992	0.00754	0.00675	0.00992	0.01151	0.00556	0.01508	0.00873	0.02302	0.00714	0.00834	0.00556	0.00476	0.00318	0.00159	0.00397	0.00278	0.00318	0.00556
23	0.00606	0.00520	0.00520	0.00520	0.00693	0.00433	0.00390	0.00736	0.01170	0.01386	0.05198	0.04938	0.78558	0.01299	0.00606	0.00173	0.00260	0.01083	0.00476	0.00433
24	0.00627	0.00456	0.00592	0.00695	0.00741	0.00421	0.00469	0.00726	0.01016	0.01344	0.05849	0.71962	0.10092	0.01560	0.00649	0.00204	0.00292	0.01406	0.00480	0.00421
25	0.01915	0.01420	0.01520	0.01173	0.01578	0.01575	0.00967	0.73131	0.06396	0.03176	0.01277	0.01268	0.00909	0.00620	0.00514	0.00155	0.00556	0.00468	0.00514	0.00869
26	0.85592	0.00992	0.00754	0.00675	0.00992	0.01151	0.00556	0.01508	0.00873	0.02302	0.00714	0.00834	0.00556	0.00476	0.00318	0.00159	0.00397	0.00278	0.00318	0.00556
27	0.00746	0.00499	0.00566	0.00566	0.00569	0.00501	0.00319	0.00751	0.00748	0.01000	0.01610	0.03323	0.01850	0.79947	0.04612	0.00506	0.00520	0.00741	0.00310	0.00315
28	0.02214	0.00936	0.01222	0.00940	0.01331	0.00854	0.00775	0.11978	0.01589	0.67325	0.04014	0.01738	0.01317	0.00644	0.00518	0.00158	0.00448	0.00520	0.00618	0.00863
29	0.00733	0.00550	0.00825	0.00825	0.00916	0.00641	0.00641	0.00916	0.00825	0.01191	0.01374	0.02016	0.01283	0.03848	0.79934	0.00825	0.01374	0.00550	0.00275	0.00458
30	0.01347	0.01119	0.01181	0.01030	0.01333	0.01271	0.00810	0.15793	0.58830	0.02284	0.02163	0.02014	0.07069	0.00726	0.00527	0.00170	0.00424	0.00596	0.00517	0.00795
31	0.00732	0.00541	0.00787	0.00790	0.00869	0.00619	0.00598	0.00891	0.00819	0.01171	0.01440	0.04205	0.01406	0.13089	0.68710	0.00770	0.01243	0.00596	0.00284	0.00440
32	0.85592	0.00992	0.00754	0.00675	0.00992	0.01151	0.00556	0.01508	0.00873	0.02302	0.00714	0.00834	0.00556	0.00476	0.00318	0.00159	0.00397	0.00278	0.00318	0.00556
33	0.00653	0.00453	0.00603	0.00708	0.00737	0.00427	0.00473	0.00722	0.00955	0.01272	0.02641	0.70644	0.03148	0.06156	0.00847	0.05291	0.00322	0.03096	0.00452	0.00401
34	0.00740	0.00495	0.00562	0.00568	0.00569	0.00493	0.00320	0.00745	0.00759	0.01012	0.01681	0.07491	0.01946	0.77724	0.02508	0.00482	0.00487	0.00784	0.00320	0.00316
35	0.01901	0.02382	0.01473	0.01364	0.03554	0.75399	0.01006	0.04434	0.01477	0.01330	0.00812	0.00944	0.00672	0.00530	0.00465	0.00133	0.00906	0.00338	0.00272	0.00609
36	0.00743	0.00518	0.00670	0.00680	0.00746	0.00533	0.00483	0.00873	0.00961	0.01348	0.14898	0.09445	0.03984	0.28567	0.23829	0.00467	0.00667	0.05222	0.04956	0.00412
37	0.05245	0.00482	0.00600	0.00696	0.00742	0.00463	0.00466	0.00760	0.00962	0.01340	0.02667	0.69486	0.04669	0.07885	0.00790	0.00228	0.00318	0.01331	0.00455	0.00416
38	0.00693	0.00523	0.00655	0.00731	0.00841	0.00485	0.00572	0.00851	0.01124	0.01432	0.05368	0.28140	0.27642	0.01427	0.00657	0.00206	0.00346	0.27387	0.00477	0.00443
39	0.00990	0.00833	0.00985	0.00752	0.01136	0.00639	0.00586	0.01194	0.01050	0.01611	0.01236	0.14696	0.01206	0.00588	0.00427	0.00098	0.00366	0.00499	0.00333	0.70775
40	0.69937	0.01042	0.00881	0.00754	0.01088	0.01184	0.00621	0.11217	0.01105	0.07006	0.00859	0.00939	0.00639	0.00504	0.00354	0.00158	0.00421	0.00316	0.00361	0.00615
41	0.01412	0.01172	0.01409	0.01100	0.01495	0.01200	0.07437	0.24576	0.26091	0.02291	0.01396	0.01415	0.01054	0.00557	0.00485	0.00139	0.00486	0.00466	0.00433	0.25385
42	0.01934	0.01388	0.01501	0.01159	0.01562	0.01528	0.00954	0.69012	0.06343	0.07369	0.01321	0.01296	0.00931	0.00621	0.00514	0.00155	0.00549	0.00471	0.00520	0.00869
43	0.00896	0.00593	0.00716	0.00750	0.04895	0.00595	0.00437	0.01009	0.05085	0.05779	0.03082	0.03078	0.01812	0.66674	0.02219	0.00434	0.00490	0.00711	0.00344	0.00403
44	0.00736	0.00538	0.00764	0.00764	0.00834	0.00608	0.00566	0.00877	0.00807	0.01146	0.01430	0.02323	0.01416	0.21757	0.62208	0.00750	0.01173	0.00595	0.00283	0.00424
45	0.03463	0.01333	0.01435	0.01129	0.01513	0.01472	0.00923	0.59646	0.13037	0.07145	0.01415	0.02755	0.01031	0.00643	0.00513	0.00158	0.00527	0.00496	0.00517	0.00850
46	0.06210	0.01064	0.01319	0.01218	0.10053	0.01081	0.00881	0.20334	0.11540	0.33443	0.06218	0.01667	0.01337	0.00635	0.00510	0.00159	0.00469	0.00517	0.00527	0.00819
47	0.00632	0.00524	0.00555	0.00557	0.00721	0.00447	0.00424	0.00780	0.01202	0.01471	0.13419	0.04857	0.66166	0.01277	0.00612	0.00175	0.00269	0.04985	0.00486	0.00441
48	0.01029	0.02654	0.79309	0.01462	0.02221	0.01192	0.01896	0.01625	0.01083	0.01625	0.00921	0.01083	0.00650	0.00487	0.00487	0.00162	0.00758	0.00379	0.00217	0.00758
49	0.16441	0.01331	0.01366	0.01070	0.01459	0.03572	0.00881	0.54396	0.02025	0.10705	0.01211	0.01207	0.00852	0.00591	0.00478	0.00155	0.00533	0.00432	0.00485	0.00810
50	0.01621	0.01105	0.01224	0.00997	0.01300	0.01187	0.00793	0.47326	0.03431	0.09435	0.01621	0.14029	0.01409	0.06265	0.00668	0.00184	0.00484	0.00645	0.05537	0.00739
51	0.01773	0.01306	0.01427	0.01114	0.01497	0.01421	0.00911	0.56786	0.09284	0.06028	0.01341	0.03192	0.00999	0.00634	0.00535	0.00152	0.02511	0.00485	0.00493	0.08111

[dist]
# distance from previous block
# <min> <max>
0	1

[block]
# block no. 3 follows, 48 sequences, length 18
# corresponding to MSA columns:
# 406-423
name=unknown_D
#
# <colnr> <probs for GDERKNQSTAVLIFYWHMCP>
#	G	D	E	R	K	N	Q	S	T	A	V	L	I	F	Y	W	H	M	C	P
0	0.00699	0.00474	0.00637	0.00744	0.00794	0.00445	0.00520	0.00806	0.01018	0.03818	0.02791	0.71538	0.03282	0.01558	0.00656	0.00210	0.00320	0.08773	0.00481	0.00437
1	0.08592	0.01313	0.01423	0.01098	0.01500	0.01424	0.00907	0.59307	0.02142	0.15173	0.01317	0.01282	0.00911	0.00608	0.00498	0.00155	0.00531	0.00456	0.00517	0.00848
2	0.01494	0.01057	0.01172	0.00964	0.01276	0.01121	0.00763	0.27454	0.22696	0.11320	0.06353	0.03354	0.05019	0.07104	0.00684	0.00184	0.00451	0.00586	0.00501	0.06448
3	0.00919	0.00477	0.00492	0.00501	0.00607	0.00475	0.00365	0.01133	0.01050	0.01813	0.01758	0.08028	0.01505	0.05460	0.00514	0.00149	0.00259	0.00568	0.73467	0.00464
4	0.00716	0.00526	0.00672	0.00650	0.00774	0.00483	0.00493	0.00941	0.01393	0.01932	0.63870	0.06057	0.13151	0.01113	0.00612	0.00168	0.00259	0.05169	0.00547	0.00476
5	0.00969	0.00912	0.01539	0.80734	0.03534	0.01140	0.01425	0.01311	0.01026	0.01311	0.00912	0.01368	0.00684	0.00513	0.00513	0.00171	0.00684	0.00456	0.00228	0.00570
6	0.00987	0.00941	0.01586	0.72682	0.03352	0.01176	0.03679	0.01316	0.01014	0.01316	0.00899	0.01351	0.00686	0.00538	0.00600	0.00175	0.06442	0.00460	0.00229	0.00573
7	0.01107	0.00937	0.01087	0.00780	0.01234	0.00728	0.00626	0.04942	0.01129	0.01747	0.00927	0.01072	0.00765	0.00391	0.00386	0.00080	0.00389	0.00312	0.00314	0.81047
8	0.37152	0.01107	0.01490	0.05921	0.41947	0.01186	0.01134	0.01533	0.01036	0.01925	0.00856	0.01089	0.00697	0.00468	0.00427	0.00156	0.00523	0.00381	0.00280	0.00691
9	0.00741	0.00500	0.00582	0.00586	0.00594	0.00507	0.00343	0.00759	0.00760	0.01021	0.01635	0.05699	0.01866	0.73148	0.08791	0.00515	0.00562	0.00753	0.00313	0.00326
10	0.00606	0.00520	0.00520	0.00520	0.00693	0.00433	0.00390	0.00736	0.01170	0.01386	0.05198	0.04938	0.78558	0.01299	0.00606	0.00173	0.00260	0.01083	0.00476	0.00433
