[name]
unknown

[dist]
# distance from previous block
# <min> <max>
51	122

[block]
# block no. 0 follows, 47 sequences, length 11
# corresponding to MSA columns:
# 162-172
name=unknown_A
#
# <colnr> <probs for GDERKNQSTAVLIFYWHMCP>
#	G	D	E	R	K	N	Q	S	T	A	V	L	I	F	Y	W	H	M	C	P
0	0.01242	0.01353	0.08475	0.08465	0.56261	0.03836	0.05186	0.01575	0.01181	0.01646	0.01063	0.01516	0.00909	0.00523	0.00528	0.00162	0.00653	0.04389	0.00265	0.00771
1	0.05212	0.01165	0.03608	0.12657	0.25544	0.04698	0.14346	0.03560	0.03453	0.04893	0.03742	0.06293	0.01123	0.00679	0.00644	0.06220	0.00624	0.00557	0.00311	0.00672
2	0.03858	0.00545	0.00667	0.00699	0.00768	0.00541	0.00482	0.00866	0.01006	0.03813	0.08283	0.41190	0.11501	0.18271	0.01105	0.00263	0.04145	0.01122	0.00442	0.00434
3	0.14517	0.03517	0.23301	0.09180	0.23542	0.01246	0.09330	0.04766	0.01162	0.03345	0.00956	0.01185	0.00730	0.00488	0.00486	0.00162	0.00654	0.00426	0.00274	0.00733
4	0.06519	0.01285	0.01476	0.10847	0.09161	0.04346	0.01027	0.41547	0.04126	0.08694	0.01249	0.01331	0.00905	0.00589	0.00500	0.00157	0.00566	0.00461	0.04422	0.00793
5	0.01379	0.00809	0.04738	0.00849	0.01098	0.00689	0.00687	0.04766	0.04747	0.29715	0.15322	0.24261	0.04462	0.03193	0.00637	0.00186	0.00387	0.00875	0.00544	0.00655
6	0.00821	0.00553	0.00658	0.00647	0.00796	0.00498	0.00491	0.00993	0.01240	0.07131	0.23423	0.09286	0.32073	0.06521	0.00745	0.00200	0.00311	0.08508	0.04622	0.00482
7	0.01983	0.00904	0.01161	0.00908	0.01273	0.00824	0.00735	0.08190	0.05279	0.54535	0.06914	0.01909	0.01503	0.04621	0.00624	0.00172	0.00438	0.00546	0.00584	0.06897
8	0.01373	0.00733	0.00936	0.00827	0.01069	0.00692	0.00658	0.01738	0.10754	0.29333	0.25455	0.07023	0.07928	0.00954	0.00585	0.00175	0.00364	0.08165	0.00573	0.00665
9	0.00724	0.00544	0.00638	0.00662	0.00790	0.00497	0.00491	0.00914	0.03727	0.03075	0.15410	0.22576	0.34629	0.05069	0.00727	0.00203	0.00310	0.08058	0.00494	0.00464
10	0.00869	0.00526	0.00682	0.00720	0.00821	0.00478	0.00506	0.00988	0.01111	0.11632	0.08700	0.54252	0.11243	0.04001	0.00701	0.00207	0.00319	0.01249	0.00506	0.00488

[dist]
# distance from previous block
# <min> <max>
0	10

[block]
# block no. 1 follows, 47 sequences, length 7
# corresponding to MSA columns:
# 184-190
name=unknown_B
#
# <colnr> <probs for GDERKNQSTAVLIFYWHMCP>
#	G	D	E	R	K	N	Q	S	T	A	V	L	I	F	Y	W	H	M	C	P
0	0.01051	0.00620	0.00775	0.00720	0.00879	0.00580	0.00529	0.01295	0.06115	0.16380	0.28313	0.16417	0.10454	0.12430	0.00887	0.00221	0.00342	0.00919	0.00524	0.00547
1	0.01111	0.01412	0.12309	0.01843	0.02301	0.01180	0.52008	0.01503	0.01157	0.01595	0.01297	0.13499	0.01172	0.00649	0.00657	0.00182	0.04462	0.00709	0.00290	0.00662
2	0.00883	0.00645	0.00762	0.00723	0.00878	0.00633	0.00549	0.05529	0.01235	0.07223	0.10247	0.21168	0.38289	0.01241	0.00706	0.00185	0.07073	0.01036	0.00484	0.00511
3	0.05445	0.00987	0.01115	0.00927	0.01212	0.01030	0.00735	0.31486	0.04677	0.14138	0.07045	0.10018	0.09698	0.00932	0.00676	0.07571	0.00446	0.00672	0.00501	0.00691
4	0.01537	0.01055	0.01183	0.00975	0.01255	0.01125	0.00764	0.40566	0.04753	0.09292	0.08786	0.12103	0.01783	0.11396	0.00827	0.00211	0.00481	0.00690	0.00506	0.00713
5	0.01235	0.00977	0.01147	0.00906	0.01263	0.00912	0.00726	0.13433	0.05912	0.04766	0.01336	0.09035	0.01199	0.00651	0.00551	0.00129	0.05862	0.03550	0.00387	0.46024
6	0.00692	0.00488	0.00594	0.00654	0.00725	0.00454	0.00451	0.00811	0.01062	0.01437	0.10300	0.41922	0.16094	0.11105	0.00868	0.00230	0.00316	0.03823	0.07547	0.00427

[dist]
# distance from previous block
# <min> <max>
1	13

[block]
# block no. 2 follows, 47 sequences, length 11
# corresponding to MSA columns:
# 205-215
name=unknown_C
#
# <colnr> <probs for GDERKNQSTAVLIFYWHMCP>
#	G	D	E	R	K	N	Q	S	T	A	V	L	I	F	Y	W	H	M	C	P
0	0.02336	0.00886	0.01209	0.00927	0.01329	0.00765	0.00765	0.02538	0.01491	0.78810	0.02055	0.01773	0.01289	0.00645	0.00524	0.00161	0.00443	0.00524	0.00645	0.00886
1	0.01396	0.06820	0.29264	0.05118	0.10768	0.28172	0.01402	0.01775	0.03457	0.01498	0.01011	0.01335	0.00832	0.00559	0.00493	0.00155	0.00769	0.04223	0.00264	0.00691
2	0.02336	0.00886	0.01209	0.00927	0.01329	0.00765	0.00765	0.02538	0.01491	0.78810	0.02055	0.01773	0.01289	0.00645	0.00524	0.00161	0.00443	0.00524	0.00645	0.00886
3	0.00716	0.00531	0.00667	0.00633	0.00765	0.00482	0.00475	0.00942	0.01425	0.01971	0.65636	0.04083	0.17526	0.01108	0.00614	0.00166	0.00249	0.00969	0.00558	0.00482
4	0.00634	0.00453	0.00604	0.00725	0.00755	0.00423	0.00483	0.00725	0.00997	0.01329	0.02870	0.81358	0.03444	0.01632	0.00665	0.00211	0.00302	0.01480	0.00483	0.00423
5	0.00745	0.00555	0.00820	0.00820	0.00907	0.00642	0.00629	0.00919	0.00832	0.01196	0.01411	0.02134	0.01340	0.08938	0.74655	0.00815	0.01337	0.00571	0.00281	0.00455
6	0.01980	0.01459	0.01563	0.01198	0.01615	0.01615	0.00990	0.76713	0.02448	0.03282	0.01250	0.01250	0.00886	0.00625	0.00521	0.00156	0.00573	0.00469	0.00521	0.00886
7	0.01080	0.00926	0.01080	0.00771	0.01234	0.00694	0.00617	0.01311	0.01080	0.01697	0.00926	0.01080	0.00771	0.00386	0.00386	0.00077	0.00386	0.00309	0.00309	0.84882
8	0.01302	0.61506	0.22447	0.01044	0.01574	0.01841	0.01158	0.01583	0.01069	0.01335	0.00778	0.00904	0.00666	0.00458	0.00376	0.00125	0.00612	0.00306	0.00222	0.00694
9	0.01295	0.01119	0.01178	0.01060	0.01354	0.01295	0.00824	0.02767	0.77509	0.02178	0.02120	0.01943	0.01590	0.00707	0.00530	0.00177	0.00412	0.00589	0.00530	0.00824
10	0.01401	0.01451	0.02004	0.02878	0.65269	0.14680	0.01497	0.01681	0.01236	0.01628	0.00950	0.01229	0.00798	0.00476	0.00508	0.00151	0.00674	0.00442	0.00260	0.00787

[dist]
# distance from previous block
# <min> <max>
0	1

[block]
# block no. 3 follows, 47 sequences, length 15
# corresponding to MSA columns:
# 217-231
name=unknown_D
#
# <colnr> <probs for GDERKNQSTAVLIFYWHMCP>
#	G	D	E	R	K	N	Q	S	T	A	V	L	I	F	Y	W	H	M	C	P
0	0.00708	0.00523	0.00662	0.00644	0.00765	0.00477	0.00477	0.00921	0.01381	0.01908	0.59550	0.12429	0.15297	0.01162	0.00620	0.00171	0.00254	0.01023	0.00551	0.00477
1	0.01080	0.00926	0.01080	0.00771	0.01234	0.00694	0.00617	0.01311	0.01080	0.01697	0.00926	0.01080	0.00771	0.00386	0.00386	0.00077	0.00386	0.00309	0.00309	0.84882
2	0.00983	0.00926	0.01562	0.80447	0.03587	0.01157	0.01446	0.01331	0.01041	0.01331	0.00926	0.01388	0.00694	0.00521	0.00521	0.00174	0.00694	0.00463	0.00231	0.00579
3	0.01426	0.01183	0.01251	0.01086	0.01404	0.01356	0.00856	0.16840	0.63225	0.02388	0.01954	0.01811	0.01456	0.00691	0.00528	0.00173	0.00443	0.00566	0.00528	0.00836
4	0.75371	0.00993	0.00819	0.00714	0.01046	0.01120	0.00588	0.01652	0.00959	0.11551	0.00885	0.00958	0.00651	0.00503	0.00347	0.00161	0.00408	0.00311	0.00361	0.00603
5	0.01045	0.02694	0.79000	0.01484	0.02254	0.01209	0.01924	0.01649	0.01099	0.01649	0.00935	0.01099	0.00660	0.00495	0.00495	0.00165	0.00770	0.00385	0.00220	0.00770
6	0.00656	0.00470	0.00624	0.00710	0.00760	0.00438	0.00485	0.00780	0.01099	0.01491	0.18930	0.64837	0.03758	0.01511	0.00654	0.00201	0.00290	0.01366	0.00503	0.00438
7	0.02336	0.00886	0.01209	0.00927	0.01329	0.00765	0.00765	0.02538	0.01491	0.78810	0.02055	0.01773	0.01289	0.00645	0.00524	0.00161	0.00443	0.00524	0.00645	0.00886
8	0.00634	0.00453	0.00604	0.00725	0.00755	0.00423	0.00483	0.00725	0.00997	0.01329	0.02870	0.81358	0.03444	0.01632	0.00665	0.00211	0.00302	0.01480	0.00483	0.00423
9	0.00983	0.00926	0.01562	0.80447	0.03587	0.01157	0.01446	0.01331	0.01041	0.01331	0.00926	0.01388	0.00694	0.00521	0.00521	0.00174	0.00694	0.00463	0.00231	0.00579
10	0.01055	0.00998	0.01690	0.62454	0.21023	0.01176	0.01482	0.01393	0.01075	0.01417	0.00938	0.01365	0.00725	0.00507	0.00519	0.00169	0.00677	0.00463	0.00238	0.00636
11	0.02336	0.00886	0.01209	0.00927	0.01329	0.00765	0.00765	0.02538	0.01491	0.78810	0.02055	0.01773	0.01289	0.00645	0.00524	0.00161	0.00443	0.00524	0.00645	0.00886
12	0.00615	0.00528	0.00528	0.00528	0.00703	0.00440	0.00396	0.00747	0.01187	0.01407	0.05276	0.05012	0.78238	0.01319	0.00615	0.00176	0.00264	0.01099	0.00484	0.00440
13	0.01080	0.00926	0.01080	0.00771	0.01234	0.00694	0.00617	0.01311	0.01080	0.01697	0.00926	0.01080	0.00771	0.00386	0.00386	0.00077	0.00386	0.00309	0.00309	0.84882
14	0.02214	0.00859	0.01169	0.00906	0.01287	0.00744	0.00744	0.02419	0.01489	0.72937	0.07881	0.01935	0.01567	0.00677	0.00531	0.00161	0.00428	0.00556	0.00639	0.00856

[dist]
# distance from previous block
# <min> <max>
0	1

[block]
# block no. 4 follows, 47 sequences, length 30
# corresponding to MSA columns:
# 233-262
name=unknown_E
#
# <colnr> <probs for GDERKNQSTAVLIFYWHMCP>
#	G	D	E	R	K	N	Q	S	T	A	V	L	I	F	Y	W	H	M	C	P
0	0.01945	0.02482	0.01476	0.01342	0.01610	0.79608	0.01006	0.02079	0.01476	0.01275	0.00805	0.00939	0.00671	0.00537	0.00470	0.00134	0.00939	0.00335	0.00268	0.00604
1	0.01438	0.00969	0.01133	0.00897	0.01281	0.00900	0.00715	0.03618	0.23812	0.19605	0.04653	0.01611	0.01301	0.00572	0.00472	0.00131	0.00405	0.00470	0.00466	0.35549
2	0.01837	0.03749	0.01525	0.01396	0.06898	0.52402	0.01016	0.17756	0.01646	0.01751	0.02967	0.01187	0.02454	0.00578	0.00488	0.00141	0.00800	0.00403	0.00332	0.00674
3	0.00839	0.00599	0.00839	0.00959	0.01079	0.00599	0.00839	0.01079	0.01199	0.01558	0.02757	0.05874	0.02997	0.01439	0.00719	0.00240	0.00480	0.74945	0.00480	0.00480
4	0.01271	0.01219	0.02081	0.07721	0.74065	0.01233	0.01589	0.01583	0.01177	0.01680	0.00976	0.01295	0.00817	0.00467	0.00516	0.00156	0.00623	0.00464	0.00256	0.00810
5	0.01731	0.01018	0.01267	0.01189	0.08936	0.01034	0.00859	0.07781	0.27745	0.34022	0.02131	0.01965	0.06533	0.00692	0.00531	0.00166	0.00447	0.00575	0.00547	0.00828
6	0.00724	0.00553	0.00607	0.00612	0.00788	0.00478	0.00480	0.00878	0.01209	0.04703	0.06759	0.04973	0.61823	0.01301	0.00627	0.00184	0.00303	0.12038	0.00492	0.00466
7	0.01229	0.01405	0.03073	0.02195	0.02722	0.01317	0.76558	0.01668	0.01229	0.01668	0.01054	0.01405	0.00790	0.00439	0.00615	0.00176	0.00878	0.00615	0.00263	0.00702
8	0.01473	0.36029	0.27354	0.01134	0.01665	0.07762	0.01223	0.03621	0.01201	0.12602	0.01004	0.01075	0.00761	0.00502	0.00429	0.00139	0.00641	0.00358	0.00294	0.00733
9	0.01930	0.01434	0.01535	0.01188	0.01596	0.01592	0.00978	0.71329	0.07914	0.03202	0.01314	0.01301	0.00937	0.00631	0.00522	0.00158	0.00561	0.00478	0.00522	0.00881
10	0.00634	0.00453	0.00604	0.00725	0.00755	0.00423	0.00483	0.00725	0.00997	0.01329	0.02870	0.81358	0.03444	0.01632	0.00665	0.00211	0.00302	0.01480	0.00483	0.00423
11	0.01045	0.02694	0.79000	0.01484	0.02254	0.01209	0.01924	0.01649	0.01099	0.01649	0.00935	0.01099	0.00660	0.00495	0.00495	0.00165	0.00770	0.00385	0.00220	0.00770
12	0.01349	0.72197	0.12167	0.00964	0.01450	0.01955	0.01019	0.01570	0.01063	0.01278	0.00750	0.00868	0.00667	0.00452	0.00354	0.00118	0.00583	0.00292	0.00222	0.00681
13	0.00616	0.00525	0.00531	0.00536	0.00706	0.00439	0.00399	0.00746	0.01179	0.01404	0.05177	0.08132	0.75181	0.01332	0.00617	0.00177	0.00265	0.01115	0.00484	0.00439
14	0.01775	0.01307	0.01408	0.01110	0.01463	0.01440	0.00895	0.63350	0.04589	0.02932	0.01391	0.05196	0.01126	0.08685	0.00738	0.00194	0.00549	0.00548	0.00499	0.00806
15	0.00745	0.00552	0.00806	0.00806	0.00888	0.00634	0.00612	0.00910	0.00828	0.01186	0.01423	0.02203	0.01370	0.12862	0.70771	0.00799	0.01292	0.00581	0.00283	0.00448
16	0.00646	0.00468	0.00635	0.03246	0.00845	0.00446	0.00514	0.00744	0.00998	0.01329	0.02809	0.78829	0.03357	0.01596	0.00660	0.00210	0.00315	0.01448	0.00475	0.00428
17	0.00634	0.00453	0.00604	0.00725	0.00755	0.00423	0.00483	0.00725	0.00997	0.01329	0.02870	0.81358	0.03444	0.01632	0.00665	0.00211	0.00302	0.01480	0.00483	0.00423
18	0.00983	0.00926	0.01562	0.80447	0.03587	0.01157	0.01446	0.01331	0.01041	0.01331	0.00926	0.01388	0.00694	0.00521	0.00521	0.00174	0.00694	0.00463	0.00231	0.00579
19	0.00615	0.00528	0.00528	0.00528	0.00703	0.00440	0.00396	0.00747	0.01187	0.01407	0.05276	0.05012	0.78238	0.01319	0.00615	0.00176	0.00264	0.01099	0.00484	0.00440
20	0.01080	0.00926	0.01080	0.00771	0.01234	0.00694	0.00617	0.01311	0.01080	0.01697	0.00926	0.01080	0.00771	0.00386	0.00386	0.00077	0.00386	0.00309	0.00309	0.84882
21	0.01229	0.01405	0.03073	0.02195	0.02722	0.01317	0.76558	0.01668	0.01229	0.01668	0.01054	0.01405	0.00790	0.00439	0.00615	0.00176	0.00878	0.00615	0.00263	0.00702
22	0.00983	0.00926	0.01562	0.80447	0.03587	0.01157	0.01446	0.01331	0.01041	0.01331	0.00926	0.01388	0.00694	0.00521	0.00521	0.00174	0.00694	0.00463	0.00231	0.00579
23	0.01289	0.01237	0.02114	0.03196	0.78450	0.01237	0.01598	0.01598	0.01186	0.01701	0.00980	0.01289	0.00825	0.00464	0.00516	0.00155	0.00619	0.00464	0.00258	0.00825
24	0.01133	0.00957	0.01108	0.00796	0.01256	0.00748	0.00639	0.05727	0.01160	0.01790	0.00945	0.01090	0.00778	0.00400	0.00394	0.00082	0.00397	0.00318	0.00321	0.79962
25	0.00746	0.00550	0.00794	0.00794	0.00873	0.00628	0.00598	0.00903	0.00824	0.01177	0.01434	0.02261	0.01395	0.16194	0.67474	0.00784	0.01254	0.00589	0.00285	0.00441
26	0.81884	0.01002	0.00784	0.00695	0.01021	0.01151	0.00572	0.01573	0.00912	0.05553	0.00781	0.00885	0.00594	0.00490	0.00331	0.00161	0.00405	0.00292	0.00336	0.00578
27	0.01452	0.01196	0.01266	0.01091	0.01414	0.01368	0.00862	0.19666	0.60355	0.02431	0.01921	0.01785	0.01429	0.00688	0.00528	0.00172	0.00449	0.00561	0.00528	0.00838
28	0.00839	0.00599	0.00839	0.00959	0.01079	0.00599	0.00839	0.01079	0.01199	0.01558	0.02757	0.05874	0.02997	0.01439	0.00719	0.00240	0.00480	0.74945	0.00480	0.00480
29	0.01068	0.08006	0.73892	0.01445	0.02192	0.01266	0.01855	0.01643	0.01097	0.01621	0.00920	0.01082	0.00660	0.00491	0.00484	0.00161	0.00755	0.00378	0.00220	0.00763

[dist]
# distance from previous block
# <min> <max>
0	1

[block]
# block no. 5 follows, 47 sequences, length 22
# corresponding to MSA columns:
# 264-285
name=unknown_F
#
# <colnr> <probs for GDERKNQSTAVLIFYWHMCP>
#	G	D	E	R	K	N	Q	S	T	A	V	L	I	F	Y	W	H	M	C	P
0	0.01670	0.42107	0.02100	0.01117	0.01474	0.40971	0.00949	0.01820	0.01268	0.01250	0.00765	0.00887	0.00670	0.00491	0.00402	0.00123	0.00749	0.00307	0.00246	0.00636
1	0.00831	0.00553	0.00726	0.00671	0.00810	0.00507	0.00507	0.01074	0.01475	0.06587	0.73711	0.03766	0.04701	0.01040	0.00609	0.00164	0.00257	0.00917	0.00577	0.00515
2	0.01289	0.01237	0.02114	0.03196	0.78450	0.01237	0.01598	0.01598	0.01186	0.01701	0.00980	0.01289	0.00825	0.00464	0.00516	0.00155	0.00619	0.00464	0.00258	0.00825
3	0.01268	0.01216	0.02077	0.08361	0.73445	0.01232	0.01588	0.01580	0.01176	0.01677	0.00976	0.01296	0.00816	0.00468	0.00516	0.00156	0.00624	0.00464	0.00256	0.00808
4	0.02183	0.00914	0.01202	0.00937	0.01321	0.00830	0.00769	0.06113	0.06490	0.66860	0.05259	0.01848	0.01443	0.00666	0.00528	0.00162	0.00439	0.00543	0.00628	0.00865
5	0.00668	0.00482	0.00639	0.00754	0.00807	0.00453	0.00538	0.00785	0.01041	0.01372	0.02978	0.64729	0.07311	0.01583	0.00671	0.00214	0.00330	0.13729	0.00483	0.00433
6	0.01284	0.01246	0.02144	0.02962	0.66190	0.01249	0.08711	0.01681	0.06163	0.01729	0.01061	0.01343	0.00871	0.00477	0.00526	0.00158	0.00630	0.00487	0.00276	0.00813
7	0.00696	0.00566	0.00625	0.00637	0.00795	0.00515	0.00485	0.00933	0.06172	0.01534	0.12057	0.12297	0.51015	0.01295	0.00625	0.00184	0.00296	0.08303	0.00495	0.00472
8	0.02254	0.00868	0.01182	0.00913	0.01301	0.00751	0.00751	0.02458	0.01490	0.74856	0.05978	0.01882	0.01476	0.00666	0.00528	0.00161	0.00433	0.00545	0.00641	0.00866
9	0.00939	0.00731	0.00949	0.01045	0.08064	0.00743	0.00745	0.01412	0.16262	0.03290	0.26117	0.08208	0.08371	0.01077	0.00617	0.00188	0.00380	0.19776	0.00502	0.00584
10	0.01334	0.49424	0.26811	0.01121	0.01653	0.09026	0.01230	0.01636	0.01110	0.01364	0.00798	0.00929	0.00666	0.00470	0.00398	0.00130	0.00660	0.00318	0.00226	0.00694
11	0.03485	0.12503	0.47744	0.01454	0.04174	0.14415	0.05972	0.01706	0.01162	0.01554	0.00889	0.01056	0.00672	0.00491	0.00473	0.00153	0.00764	0.00376	0.00235	0.00721
12	0.01276	0.01225	0.02091	0.06345	0.75399	0.01234	0.01592	0.01587	0.01180	0.01686	0.00977	0.01293	0.00820	0.00466	0.00516	0.00155	0.00622	0.00464	0.00257	0.00815
13	0.01300	0.41288	0.32314	0.01209	0.01783	0.01607	0.06216	0.01657	0.01110	0.05854	0.00903	0.01029	0.00708	0.00476	0.00426	0.00139	0.00654	0.00356	0.00248	0.00722
14	0.01955	0.01289	0.01461	0.01188	0.04017	0.01380	0.00941	0.52267	0.07358	0.18688	0.01502	0.03101	0.01070	0.00651	0.00525	0.00160	0.00531	0.00510	0.00538	0.00870
15	0.00637	0.00529	0.00546	0.00550	0.00710	0.00451	0.00409	0.00766	0.01164	0.01400	0.06545	0.04908	0.68453	0.06909	0.00761	0.00201	0.00288	0.03866	0.00474	0.00434
16	0.00642	0.00459	0.00611	0.00720	0.00757	0.00428	0.00484	0.00743	0.01030	0.01382	0.08109	0.75969	0.03547	0.01592	0.00661	0.00208	0.00298	0.01443	0.00490	0.00428
17	0.35843	0.01063	0.05053	0.00875	0.01260	0.01010	0.00756	0.05300	0.04365	0.37474	0.01426	0.01347	0.00958	0.00573	0.00441	0.00162	0.00448	0.00419	0.00482	0.00747
18	0.03638	0.01527	0.01505	0.01185	0.01578	0.10650	0.00966	0.60127	0.04489	0.07244	0.01259	0.01256	0.00898	0.00616	0.00511	0.00155	0.00600	0.00456	0.00495	0.00845
19	0.00674	0.00532	0.00604	0.00622	0.00754	0.00478	0.00456	0.00854	0.03336	0.01524	0.17328	0.19851	0.42523	0.04412	0.00705	0.00196	0.00290	0.03914	0.00494	0.00453
20	0.01147	0.00979	0.01180	0.00965	0.06628	0.00786	0.00707	0.05753	0.01167	0.01790	0.00948	0.01104	0.00782	0.00405	0.00403	0.00087	0.00413	0.00329	0.00317	0.74109
21	0.01663	0.09059	0.11127	0.01040	0.03229	0.01025	0.00926	0.06150	0.09715	0.34059	0.10960	0.01889	0.01607	0.00666	0.00512	0.00157	0.00478	0.01944	0.00499	0.03291

[dist]
# distance from previous block
# <min> <max>
0	2

[block]
# block no. 6 follows, 47 sequences, length 14
# corresponding to MSA columns:
# 288-301
name=unknown_G
#
# <colnr> <probs for GDERKNQSTAVLIFYWHMCP>
#	G	D	E	R	K	N	Q	S	T	A	V	L	I	F	Y	W	H	M	C	P
0	0.01194	0.01140	0.01942	0.27287	0.55103	0.01212	0.01551	0.01515	0.01141	0.01586	0.00963	0.01320	0.00784	0.00482	0.00517	0.00161	0.00642	0.00464	0.00250	0.00748
1	0.01088	0.11735	0.59929	0.01450	0.02137	0.01292	0.09008	0.01608	0.01110	0.01593	0.01076	0.01238	0.03440	0.00513	0.00492	0.00160	0.00737	0.00420	0.00234	0.00740
2	0.01262	0.09581	0.09426	0.05549	0.56997	0.01319	0.05261	0.01593	0.01162	0.01633	0.00951	0.01234	0.00787	0.00466	0.00500	0.00153	0.00642	0.00445	0.00250	0.00789
3	0.74609	0.00964	0.00782	0.00695	0.01005	0.01095	0.00568	0.01538	0.00962	0.06133	0.06852	0.01130	0.00941	0.00537	0.00355	0.00161	0.00393	0.00346	0.00358	0.00574
4	0.01692	0.03829	0.01379	0.01078	0.01419	0.01344	0.00871	0.49020	0.10123	0.07828	0.01644	0.14417	0.01398	0.00794	0.00539	0.00166	0.00502	0.00644	0.00514	0.00797
5	0.01129	0.09016	0.11095	0.01446	0.14595	0.01055	0.08031	0.04560	0.08154	0.05019	0.10157	0.17497	0.03065	0.00827	0.00552	0.00170	0.00516	0.02060	0.00389	0.00668
6	0.00646	0.00467	0.00612	0.00706	0.00756	0.00432	0.00480	0.00758	0.01066	0.01428	0.12380	0.67802	0.07448	0.01545	0.00656	0.00204	0.00293	0.01394	0.00495	0.00432
7	0.00811	0.00657	0.00966	0.00927	0.01004	0.00811	0.00734	0.00985	0.00830	0.01216	0.01274	0.01892	0.01197	0.03397	0.66384	0.00733	0.14888	0.00541	0.00270	0.00483
8	0.01714	0.03129	0.04168	0.01115	0.01468	0.14259	0.04644	0.03733	0.27450	0.26523	0.03666	0.01729	0.02722	0.00650	0.00520	0.00162	0.00546	0.00528	0.00491	0.00781
9	0.01738	0.14915	0.01707	0.01184	0.03923	0.01621	0.00963	0.48598	0.15523	0.02691	0.01308	0.01305	0.00972	0.00604	0.00491	0.00152	0.00543	0.00458	0.00464	0.00836
10	0.00642	0.00464	0.00594	0.00694	0.00736	0.00431	0.00462	0.00730	0.00997	0.01312	0.03008	0.67834	0.10597	0.07867	0.00815	0.00231	0.00314	0.01387	0.00470	0.00416
11	0.00691	0.00550	0.00626	0.00643	0.00785	0.00500	0.00481	0.00910	0.05025	0.01565	0.17604	0.18273	0.42640	0.01307	0.00627	0.00185	0.00290	0.06329	0.00502	0.00468
12	0.09508	0.42872	0.21245	0.01063	0.01553	0.07445	0.01119	0.01703	0.06483	0.01509	0.00881	0.00988	0.00721	0.00487	0.00397	0.00136	0.00613	0.00331	0.00257	0.00690
13	0.56903	0.01156	0.08123	0.00814	0.01195	0.01107	0.00730	0.01688	0.06963	0.07600	0.00967	0.01044	0.00725	0.00504	0.00375	0.00155	0.00439	0.00335	0.00350	0.08826

[dist]
# distance from previous block
# <min> <max>
1	4

[block]
# block no. 7 follows, 47 sequences, length 46
# corresponding to MSA columns:
# 306-351
name=unknown_H
#
# <colnr> <probs for GDERKNQSTAVLIFYWHMCP>
#	G	D	E	R	K	N	Q	S	T	A	V	L	I	F	Y	W	H	M	C	P
0	0.01215	0.01474	0.09382	0.03583	0.10974	0.03495	0.52100	0.01624	0.01203	0.01647	0.01054	0.02935	0.00829	0.00472	0.00575	0.00166	0.00797	0.00566	0.00266	0.05643
1	0.06605	0.07348	0.01497	0.01415	0.15894	0.09202	0.00962	0.08090	0.15398	0.22618	0.04698	0.01549	0.01224	0.00602	0.00495	0.00156	0.00530	0.00486	0.00448	0.00782
2	0.00650	0.00464	0.00622	0.00743	0.00779	0.00436	0.00510	0.00751	0.01012	0.01346	0.02862	0.75737	0.03411	0.01617	0.00669	0.00214	0.00315	0.06952	0.00483	0.00427
3	0.00647	0.00493	0.00625	0.00741	0.02805	0.00449	0.00491	0.00754	0.01050	0.01359	0.03422	0.60115	0.22104	0.01522	0.00648	0.00201	0.00301	0.01358	0.00477	0.00438
4	0.05637	0.06269	0.17155	0.01847	0.17529	0.03497	0.22011	0.01805	0.06369	0.09856	0.02321	0.01359	0.00919	0.00510	0.00520	0.00162	0.00676	0.00488	0.00318	0.00753
5	0.03587	0.00970	0.01112	0.00934	0.01194	0.02670	0.00743	0.28270	0.01541	0.13689	0.01459	0.01764	0.01168	0.07832	0.22916	0.00372	0.00754	0.00518	0.07831	0.00674
6	0.00624	0.00528	0.00540	0.00537	0.00709	0.00443	0.00403	0.00765	0.01208	0.01457	0.10671	0.04929	0.72812	0.01300	0.00615	0.00175	0.00262	0.01087	0.00490	0.00443
7	0.01368	0.01338	0.06498	0.06301	0.61454	0.04704	0.01522	0.01681	0.01210	0.07405	0.01047	0.01303	0.00837	0.00485	0.00513	0.00156	0.00632	0.00458	0.00284	0.00805
8	0.01361	0.34183	0.27713	0.01281	0.06865	0.08401	0.01271	0.01684	0.01151	0.07001	0.02251	0.01109	0.00807	0.00572	0.02177	0.00155	0.00670	0.00366	0.00266	0.00715
9	0.01394	0.01525	0.02294	0.02532	0.40202	0.16067	0.24978	0.01711	0.01254	0.01610	0.00970	0.01259	0.00785	0.00470	0.00538	0.00157	0.00760	0.00487	0.00262	0.00745
10	0.01395	0.76568	0.02626	0.00907	0.01336	0.05037	0.00889	0.01561	0.01068	0.01227	0.00746	0.00874	0.00687	0.00549	0.02627	0.00133	0.00596	0.00289	0.00226	0.00660
11	0.01359	0.00974	0.01118	0.00826	0.01262	0.03525	0.00663	0.02909	0.01206	0.16469	0.02898	0.01274	0.00963	0.00460	0.00423	0.00099	0.00416	0.00368	0.00381	0.62405
12	0.01392	0.82012	0.02729	0.00891	0.01337	0.02061	0.00891	0.01559	0.01058	0.01225	0.00724	0.00835	0.00668	0.00446	0.00334	0.00111	0.00557	0.00278	0.00223	0.00668
13	0.01220	0.01174	0.02021	0.20035	0.59918	0.01222	0.03728	0.01542	0.01155	0.01619	0.00970	0.01314	0.00795	0.00476	0.00520	0.00159	0.00643	0.00468	0.00252	0.00768
14	0.00712	0.00522	0.00667	0.00650	0.00767	0.00478	0.00480	0.00927	0.01387	0.01925	0.61442	0.13182	0.12602	0.01159	0.00620	0.00171	0.00254	0.01022	0.00553	0.00478
15	0.01980	0.01459	0.01563	0.01198	0.01615	0.01615	0.00990	0.76713	0.02448	0.03282	0.01250	0.01250	0.00886	0.00625	0.00521	0.00156	0.00573	0.00469	0.00521	0.00886
16	0.00711	0.00543	0.00654	0.00636	0.00772	0.00496	0.00473	0.00949	0.03749	0.01829	0.48198	0.10577	0.26149	0.01175	0.00616	0.00172	0.00261	0.01021	0.00538	0.00481
17	0.36730	0.04759	0.01136	0.13174	0.01534	0.05515	0.00796	0.04523	0.05025	0.16143	0.01146	0.01233	0.00833	0.00543	0.00419	0.00158	0.00491	0.00390	0.04798	0.00653
18	0.00634	0.00453	0.00604	0.00725	0.00755	0.00423	0.00483	0.00725	0.00997	0.01329	0.02870	0.81358	0.03444	0.01632	0.00665	0.00211	0.00302	0.01480	0.00483	0.00423
19	0.02207	0.00994	0.01371	0.01087	0.03565	0.00913	0.04600	0.11857	0.01590	0.63271	0.01873	0.01675	0.01200	0.00627	0.00528	0.00161	0.00486	0.00520	0.00599	0.00875
20	0.01980	0.01520	0.01518	0.01191	0.01588	0.09927	0.00972	0.61547	0.04440	0.08146	0.01282	0.01272	0.00910	0.00619	0.00516	0.00155	0.00599	0.00462	0.00502	0.00854
21	0.01756	0.01323	0.01419	0.01142	0.01516	0.01477	0.00926	0.48883	0.28186	0.05392	0.01575	0.01505	0.01141	0.00654	0.00524	0.00163	0.00514	0.00512	0.00528	0.00865
22	0.00634	0.00453	0.00604	0.00725	0.00755	0.00423	0.00483	0.00725	0.00997	0.01329	0.02870	0.81358	0.03444	0.01632	0.00665	0.00211	0.00302	0.01480	0.00483	0.00423
23	0.05634	0.69328	0.08256	0.00929	0.01384	0.03261	0.00947	0.01564	0.01066	0.01328	0.01968	0.00906	0.00730	0.00463	0.00352	0.00119	0.00567	0.00298	0.00234	0.00667
24	0.01308	0.01104	0.01229	0.01196	0.07074	0.01249	0.00866	0.04290	0.64954	0.04052	0.02147	0.02004	0.04766	0.00711	0.00532	0.00174	0.00426	0.00597	0.00510	0.00811
25	0.00684	0.00524	0.00626	0.00614	0.00749	0.00467	0.00455	0.00875	0.01329	0.01775	0.45133	0.10526	0.31948	0.01204	0.00619	0.00172	0.00257	0.01043	0.00533	0.00467
26	0.04022	0.00934	0.01228	0.00943	0.01345	0.00841	0.00779	0.08427	0.01554	0.71214	0.01963	0.01712	0.01242	0.00640	0.00519	0.00161	0.00453	0.00514	0.00628	0.00880
27	0.01105	0.08296	0.59004	0.01575	0.02275	0.01293	0.15977	0.01646	0.01121	0.01622	0.00942	0.01138	0.00685	0.00481	0.00506	0.00163	0.00774	0.00420	0.00228	0.00749
28	0.00648	0.00467	0.00618	0.00733	0.00776	0.00437	0.00505	0.00752	0.01021	0.01350	0.02978	0.72227	0.07003	0.01603	0.00666	0.00212	0.00313	0.06782	0.00483	0.00428
29	0.01045	0.02694	0.79000	0.01484	0.02254	0.01209	0.01924	0.01649	0.01099	0.01649	0.00935	0.01099	0.00660	0.00495	0.00495	0.00165	0.00770	0.00385	0.00220	0.00770
30	0.00667	0.00499	0.00647	0.03224	0.00857	0.00476	0.00514	0.00817	0.03127	0.01405	0.07459	0.63936	0.11428	0.01505	0.00648	0.00203	0.00310	0.01352	0.00482	0.00445
31	0.00645	0.00467	0.00612	0.00724	0.00770	0.00435	0.00498	0.00748	0.01023	0.01349	0.03043	0.71250	0.08989	0.01597	0.00664	0.00210	0.00310	0.05756	0.00483	0.00428
32	0.01229	0.01405	0.03073	0.02195	0.02722	0.01317	0.76558	0.01668	0.01229	0.01668	0.01054	0.01405	0.00790	0.00439	0.00615	0.00176	0.00878	0.00615	0.00263	0.00702
33	0.02336	0.00886	0.01209	0.00927	0.01329	0.00765	0.00765	0.02538	0.01491	0.78810	0.02055	0.01773	0.01289	0.00645	0.00524	0.00161	0.00443	0.00524	0.00645	0.00886
34	0.01173	0.00985	0.01129	0.00827	0.01275	0.00812	0.00663	0.08161	0.05681	0.01867	0.01025	0.01146	0.00830	0.00426	0.00406	0.00090	0.00404	0.00339	0.00341	0.72422
35	0.85377	0.01007	0.00765	0.00685	0.01007	0.01168	0.00564	0.01531	0.00886	0.02336	0.00725	0.00846	0.00564	0.00483	0.00322	0.00161	0.00403	0.00282	0.00322	0.00564
36	0.00634	0.00457	0.00600	0.00715	0.00753	0.00424	0.00479	0.00726	0.01007	0.01333	0.02993	0.77478	0.07246	0.01616	0.00662	0.00210	0.00300	0.01461	0.00483	0.00424
37	0.02013	0.01381	0.01545	0.01181	0.01598	0.01496	0.02409	0.65404	0.02298	0.13301	0.01354	0.01323	0.00937	0.00624	0.00523	0.00157	0.00562	0.00479	0.00532	0.00882
38	0.00757	0.00508	0.00582	0.00582	0.00586	0.00512	0.00333	0.00766	0.00761	0.01020	0.01628	0.03339	0.01863	0.77745	0.06563	0.00522	0.00550	0.00747	0.00314	0.00323
39	0.00634	0.00453	0.00604	0.00725	0.00755	0.00423	0.00483	0.00725	0.00997	0.01329	0.02870	0.81358	0.03444	0.01632	0.00665	0.00211	0.00302	0.01480	0.00483	0.00423
40	0.00668	0.00488	0.00640	0.00729	0.00791	0.00443	0.00493	0.00769	0.01003	0.01357	0.02725	0.75379	0.03245	0.01539	0.00644	0.00201	0.00308	0.01393	0.00470	0.06713
41	0.01080	0.00926	0.01080	0.00771	0.01234	0.00694	0.00617	0.01311	0.01080	0.01697	0.00926	0.01080	0.00771	0.00386	0.00386	0.00077	0.00386	0.00309	0.00309	0.84882
42	0.07971	0.02921	0.25586	0.01656	0.09247	0.01172	0.23046	0.01801	0.03704	0.13516	0.01163	0.01311	0.00836	0.00501	0.00517	0.00163	0.00681	0.00474	0.00322	0.03411
43	0.01223	0.01459	0.07380	0.02069	0.02592	0.01309	0.66545	0.01749	0.06903	0.01705	0.01126	0.01427	0.00842	0.00462	0.00601	0.00175	0.00837	0.00599	0.00281	0.00715
44	0.00744	0.00558	0.00837	0.00837	0.00930	0.00651	0.00651	0.00930	0.00837	0.01209	0.01395	0.02046	0.01302	0.03906	0.79635	0.00837	0.01395	0.00558	0.00279	0.00465
45	0.00890	0.00715	0.01150	0.01115	0.04722	0.00685	0.12826	0.04925	0.01150	0.03761	0.03798	0.53564	0.02710	0.01286	0.00640	0.00199	0.00434	0.04456	0.00446	0.00528

[dist]
# distance from previous block
# <min> <max>
4	11

[block]
# block no. 8 follows, 47 sequences, length 22
# corresponding to MSA columns:
# 364-385
name=unknown_I
#
# <colnr> <probs for GDERKNQSTAVLIFYWHMCP>
#	G	D	E	R	K	N	Q	S	T	A	V	L	I	F	Y	W	H	M	C	P
0	0.00648	0.00459	0.00600	0.00708	0.00735	0.00432	0.00466	0.00729	0.00972	0.01295	0.02740	0.73074	0.03279	0.10141	0.00876	0.00243	0.00324	0.01404	0.00466	0.00412
1	0.01525	0.01167	0.01212	0.01053	0.01366	0.05668	0.00827	0.07721	0.54061	0.14094	0.04143	0.01867	0.01537	0.00692	0.00527	0.00170	0.00453	0.00566	0.00533	0.00816
2	0.85377	0.01007	0.00765	0.00685	0.01007	0.01168	0.00564	0.01531	0.00886	0.02336	0.00725	0.00846	0.00564	0.00483	0.00322	0.00161	0.00403	0.00282	0.00322	0.00564
3	0.00983	0.00926	0.01562	0.80447	0.03587	0.01157	0.01446	0.01331	0.01041	0.01331	0.00926	0.01388	0.00694	0.00521	0.00521	0.00174	0.00694	0.00463	0.00231	0.00579
4	0.64565	0.00977	0.00876	0.00745	0.01088	0.01067	0.00614	0.01783	0.01038	0.21503	0.01058	0.01078	0.00746	0.00524	0.00373	0.00161	0.00413	0.00343	0.00403	0.00645
5	0.00973	0.00807	0.00885	0.00817	0.01033	0.00858	0.00627	0.01771	0.37220	0.01978	0.26064	0.03224	0.19735	0.00953	0.00575	0.00173	0.00328	0.00811	0.00533	0.00637
6	0.00792	0.00546	0.00703	0.00655	0.00794	0.00498	0.00494	0.01026	0.01451	0.05144	0.68941	0.03899	0.10948	0.01069	0.00611	0.00165	0.00255	0.00938	0.00569	0.00503
7	0.01151	0.02585	0.71678	0.01448	0.02178	0.04200	0.01824	0.01715	0.01136	0.05940	0.00992	0.01131	0.00695	0.00505	0.00495	0.00164	0.00758	0.00391	0.00245	0.00770
8	0.00716	0.00497	0.00577	0.00601	0.00629	0.00480	0.00366	0.00758	0.00878	0.01158	0.05154	0.20343	0.09811	0.53571	0.01948	0.00397	0.00428	0.00953	0.00378	0.00357
9	0.01271	0.01063	0.01166	0.01115	0.05571	0.02948	0.00817	0.04783	0.53980	0.04670	0.12388	0.02210	0.04223	0.00751	0.00541	0.00171	0.00415	0.00633	0.00517	0.00767
10	0.00650	0.00521	0.00577	0.00579	0.00723	0.00452	0.00425	0.00803	0.01228	0.01556	0.22666	0.12059	0.51434	0.03167	0.00668	0.00184	0.00269	0.01090	0.00501	0.00448
11	0.01098	0.02591	0.74017	0.01483	0.02232	0.01196	0.03926	0.01683	0.01118	0.04529	0.00980	0.01133	0.00687	0.00499	0.00499	0.00165	0.00760	0.00396	0.00237	0.00772
12	0.01270	0.01218	0.02080	0.07880	0.73911	0.01232	0.01589	0.01582	0.01177	0.01679	0.00976	0.01295	0.00817	0.00467	0.00516	0.00156	0.00623	0.00464	0.00256	0.00810
13	0.60645	0.00983	0.00866	0.00745	0.01063	0.01090	0.00608	0.07965	0.01133	0.07781	0.09410	0.01288	0.01128	0.00568	0.00388	0.00159	0.00402	0.00389	0.00389	0.03000
14	0.05345	0.78199	0.02636	0.00881	0.01321	0.02019	0.00876	0.01558	0.01050	0.01278	0.00724	0.00836	0.00663	0.00447	0.00334	0.00114	0.00550	0.00279	0.00227	0.00663
15	0.85377	0.01007	0.00765	0.00685	0.01007	0.01168	0.00564	0.01531	0.00886	0.02336	0.00725	0.00846	0.00564	0.00483	0.00322	0.00161	0.00403	0.00282	0.00322	0.00564
16	0.01946	0.01442	0.01544	0.01191	0.01602	0.01599	0.00982	0.73069	0.06148	0.03228	0.01293	0.01284	0.00920	0.00629	0.00521	0.00157	0.00565	0.00475	0.00521	0.00883
17	0.01507	0.01190	0.01275	0.01133	0.03346	0.02947	0.00871	0.15248	0.55295	0.08346	0.01911	0.01775	0.01408	0.00678	0.00526	0.00171	0.00458	0.00555	0.00525	0.00835
18	0.00757	0.00505	0.00568	0.00568	0.00568	0.00505	0.00316	0.00757	0.00757	0.01010	0.01641	0.03408	0.01893	0.81698	0.02651	0.00505	0.00505	0.00757	0.00316	0.00316
19	0.01508	0.01133	0.01298	0.01050	0.01341	0.01235	0.04403	0.38421	0.15364	0.03983	0.01516	0.01958	0.01280	0.21885	0.01085	0.00252	0.00538	0.00574	0.00459	0.00716
20	0.01211	0.00889	0.01062	0.00788	0.01206	0.00701	0.00630	0.01477	0.03443	0.11407	0.08547	0.01463	0.01260	0.00493	0.00429	0.00099	0.00380	0.00405	0.00383	0.63729
21	0.01494	0.01633	0.30166	0.01216	0.01724	0.01077	0.05124	0.08790	0.10863	0.22910	0.08346	0.01667	0.01355	0.00622	0.00526	0.00165	0.00577	0.00517	0.00435	0.00790

[dist]
# distance from previous block
# <min> <max>
1	2

[block]
# block no. 9 follows, 47 sequences, length 50
# corresponding to MSA columns:
# 388-437
name=unknown_J
#
# <colnr> <probs for GDERKNQSTAVLIFYWHMCP>
#	G	D	E	R	K	N	Q	S	T	A	V	L	I	F	Y	W	H	M	C	P
0	0.83042	0.01020	0.00788	0.00699	0.01024	0.01181	0.00576	0.03636	0.00930	0.02363	0.00740	0.00857	0.00573	0.00487	0.00328	0.00161	0.00408	0.00287	0.00328	0.00573
1	0.12944	0.08836	0.53713	0.01347	0.04337	0.01240	0.03140	0.01585	0.01084	0.01720	0.03189	0.01219	0.02455	0.00521	0.00466	0.00160	0.00672	0.00400	0.00252	0.00718
2	0.01273	0.01109	0.07178	0.01018	0.01484	0.00839	0.09091	0.03361	0.02999	0.11942	0.01187	0.03762	0.00940	0.00487	0.00453	0.00114	0.00479	0.00424	0.00357	0.51506
3	0.01161	0.01127	0.01983	0.33522	0.34649	0.01208	0.12055	0.03269	0.01165	0.01581	0.01068	0.01424	0.02445	0.00505	0.00534	0.00166	0.00676	0.00499	0.00259	0.00703
4	0.01537	0.01504	0.04218	0.02170	0.38926	0.13158	0.01290	0.20102	0.03399	0.02034	0.01043	0.01224	0.00827	0.00517	0.00502	0.00148	0.00641	0.00437	0.00333	0.05991
5	0.01265	0.00998	0.01096	0.00967	0.01229	0.01106	0.00752	0.13089	0.43774	0.04178	0.17916	0.05738	0.02261	0.02500	0.00596	0.00179	0.00399	0.00686	0.00534	0.00737
6	0.07435	0.00899	0.01180	0.00915	0.01310	0.00803	0.00754	0.02481	0.03315	0.72215	0.01974	0.01720	0.01252	0.00636	0.00511	0.00162	0.00440	0.00510	0.00622	0.00865
7	0.01245	0.01076	0.01336	0.01497	0.18568	0.01180	0.00973	0.06101	0.44689	0.02059	0.06358	0.02223	0.04362	0.00735	0.00546	0.00174	0.00456	0.05181	0.00466	0.00774
8	0.00628	0.00516	0.00553	0.00570	0.00718	0.00441	0.00417	0.00763	0.01180	0.01449	0.10751	0.17169	0.60344	0.01349	0.00623	0.00181	0.00268	0.01148	0.00491	0.00441
9	0.01210	0.01552	0.12100	0.02151	0.05771	0.01301	0.64572	0.01663	0.01212	0.01667	0.01036	0.01364	0.00776	0.00447	0.00596	0.00173	0.00854	0.00581	0.00258	0.00715
10	0.00722	0.00531	0.00676	0.00647	0.00775	0.00486	0.00487	0.00950	0.01423	0.01978	0.66067	0.05728	0.13825	0.01116	0.00618	0.00168	0.00254	0.02507	0.00558	0.00483
11	0.00734	0.00532	0.00692	0.00652	0.00776	0.00490	0.00489	0.00977	0.01467	0.02071	0.76349	0.03918	0.06751	0.01071	0.00614	0.00164	0.00246	0.00946	0.00571	0.00490
12	0.00644	0.00494	0.00590	0.00639	0.00739	0.00440	0.00451	0.00775	0.01147	0.01482	0.16036	0.39786	0.32062	0.01421	0.00638	0.00190	0.00278	0.01248	0.00498	0.00440
13	0.01392	0.82012	0.02729	0.00891	0.01337	0.02061	0.00891	0.01559	0.01058	0.01225	0.00724	0.00835	0.00668	0.00446	0.00334	0.00111	0.00557	0.00278	0.00223	0.00668
14	0.85377	0.01007	0.00765	0.00685	0.01007	0.01168	0.00564	0.01531	0.00886	0.02336	0.00725	0.00846	0.00564	0.00483	0.00322	0.00161	0.00403	0.00282	0.00322	0.00564
15	0.00745	0.00553	0.00814	0.00814	0.00899	0.00638	0.00622	0.00915	0.00830	0.01192	0.01416	0.02162	0.01352	0.10541	0.73068	0.00809	0.01319	0.00575	0.00282	0.00452
16	0.01980	0.01459	0.01563	0.01198	0.01615	0.01615	0.00990	0.76713	0.02448	0.03282	0.01250	0.01250	0.00886	0.00625	0.00521	0.00156	0.00573	0.00469	0.00521	0.00886
17	0.02286	0.00909	0.01215	0.00938	0.01337	0.00806	0.00773	0.04193	0.04652	0.73969	0.02039	0.01768	0.01293	0.00647	0.00524	0.00162	0.00445	0.00525	0.00637	0.00884
18	0.01080	0.00926	0.01080	0.00771	0.01234	0.00694	0.00617	0.01311	0.01080	0.01697	0.00926	0.01080	0.00771	0.00386	0.00386	0.00077	0.00386	0.00309	0.00309	0.84882
19	0.00634	0.00453	0.00604	0.00725	0.00755	0.00423	0.00483	0.00725	0.00997	0.01329	0.02870	0.81358	0.03444	0.01632	0.00665	0.00211	0.00302	0.01480	0.00483	0.00423
20	0.01295	0.01119	0.01178	0.01060	0.01354	0.01295	0.00824	0.02767	0.77509	0.02178	0.02120	0.01943	0.01590	0.00707	0.00530	0.00177	0.00412	0.00589	0.00530	0.00824
21	0.02229	0.00934	0.01223	0.00951	0.01345	0.00853	0.00781	0.06151	0.08128	0.68507	0.02021	0.01762	0.01296	0.00649	0.00524	0.00162	0.00447	0.00527	0.00629	0.00881
22	0.85377	0.01007	0.00765	0.00685	0.01007	0.01168	0.00564	0.01531	0.00886	0.02336	0.00725	0.00846	0.00564	0.00483	0.00322	0.00161	0.00403	0.00282	0.00322	0.00564
23	0.01946	0.02458	0.01478	0.01338	0.01610	0.77747	0.01006	0.03860	0.01499	0.01322	0.00816	0.00947	0.00676	0.00539	0.00471	0.00135	0.00930	0.00339	0.00274	0.00610
24	0.00752	0.00508	0.00577	0.00574	0.00589	0.00502	0.00332	0.00775	0.00827	0.01108	0.07979	0.03487	0.04051	0.73105	0.02433	0.00469	0.00478	0.00781	0.00341	0.00333
25	0.02195	0.00905	0.01199	0.00930	0.01315	0.00814	0.00764	0.06735	0.03673	0.67898	0.06383	0.01869	0.01482	0.00669	0.00529	0.00161	0.00438	0.00546	0.00630	0.00862
26	0.01301	0.10883	0.02187	0.02921	0.69241	0.01336	0.01514	0.01594	0.01171	0.01644	0.00949	0.01235	0.00806	0.00462	0.00494	0.00149	0.00611	0.00442	0.00254	0.00806
27	0.00667	0.00484	0.00660	0.03262	0.00879	0.00465	0.00552	0.00782	0.01020	0.01354	0.02797	0.70724	0.03310	0.01576	0.00666	0.00213	0.00334	0.09346	0.00475	0.00434
28	0.00726	0.00532	0.00681	0.00644	0.00771	0.00487	0.00483	0.00962	0.01448	0.02027	0.71636	0.03991	0.11491	0.01087	0.00614	0.00165	0.00247	0.00956	0.00565	0.00487
29	0.00810	0.00667	0.00856	0.00801	0.00976	0.00645	0.05222	0.02627	0.11339	0.01694	0.19014	0.19767	0.27772	0.01187	0.00617	0.00183	0.00342	0.04461	0.00495	0.00525
30	0.01427	0.63178	0.02485	0.05973	0.05957	0.04364	0.00978	0.07781	0.01193	0.01431	0.00797	0.00933	0.00697	0.00469	0.00376	0.00122	0.00582	0.00318	0.00251	0.00688
31	0.83016	0.01054	0.02955	0.00707	0.01042	0.01169	0.00602	0.01534	0.00892	0.02317	0.00731	0.00853	0.00567	0.00484	0.00327	0.00161	0.00413	0.00285	0.00319	0.00570
32	0.02122	0.00882	0.01218	0.01038	0.05735	0.00781	0.00792	0.02360	0.03040	0.66424	0.08300	0.01924	0.01569	0.00670	0.00531	0.00161	0.00436	0.00556	0.00614	0.00849
33	0.00744	0.00558	0.00837	0.00837	0.00930	0.00651	0.00651	0.00930	0.00837	0.01209	0.01395	0.02046	0.01302	0.03906	0.79635	0.00837	0.01395	0.00558	0.00279	0.00465
34	0.01559	0.58010	0.02351	0.01027	0.01419	0.25464	0.00926	0.01716	0.01184	0.01240	0.00748	0.00867	0.00669	0.00473	0.00375	0.00118	0.00672	0.00296	0.00237	0.00649
35	0.85377	0.01007	0.00765	0.00685	0.01007	0.01168	0.00564	0.01531	0.00886	0.02336	0.00725	0.00846	0.00564	0.00483	0.00322	0.00161	0.00403	0.00282	0.00322	0.00564
36	0.02673	0.00743	0.00918	0.00812	0.01058	0.00707	0.00651	0.03440	0.09929	0.25488	0.22307	0.03329	0.15179	0.00962	0.00583	0.00175	0.00366	0.09469	0.00559	0.00650
37	0.04710	0.01184	0.01883	0.09836	0.58139	0.01235	0.01438	0.01728	0.11380	0.01758	0.01117	0.01367	0.00905	0.00502	0.00510	0.00160	0.00589	0.00473	0.00294	0.00792
38	0.00638	0.00459	0.00606	0.00716	0.00755	0.00426	0.00481	0.00736	0.01022	0.01363	0.06029	0.75953	0.05688	0.01599	0.00661	0.00208	0.00299	0.01447	0.00487	0.00426
39	0.02922	0.01463	0.01680	0.16028	0.26588	0.16882	0.01250	0.17511	0.07176	0.01928	0.01073	0.01270	0.00836	0.00541	0.00506	0.00156	0.00667	0.00446	0.00332	0.00745
40	0.01229	0.00825	0.00881	0.02413	0.01040	0.00900	0.00619	0.16553	0.17821	0.02217	0.01706	0.03697	0.01337	0.00724	0.02097	0.00158	0.00380	0.00529	0.44234	0.00638
41	0.06308	0.00921	0.01041	0.00897	0.01193	0.00959	0.00709	0.03586	0.33395	0.23326	0.10574	0.02393	0.10876	0.00786	0.00535	0.00170	0.00388	0.00649	0.00549	0.00746
42	0.01703	0.19912	0.12688	0.01235	0.01641	0.36581	0.01107	0.16095	0.01515	0.01698	0.00890	0.00998	0.00710	0.00527	0.00453	0.00138	0.00761	0.00355	0.00299	0.00695
43	0.01229	0.01405	0.03073	0.02195	0.02722	0.01317	0.76558	0.01668	0.01229	0.01668	0.01054	0.01405	0.00790	0.00439	0.00615	0.00176	0.00878	0.00615	0.00263	0.00702
44	0.04015	0.00922	0.01220	0.00937	0.01339	0.00823	0.00774	0.06798	0.01533	0.72887	0.01981	0.01723	0.01251	0.00640	0.00519	0.00161	0.00450	0.00516	0.00631	0.00880
45	0.00659	0.00529	0.00587	0.00573	0.00730	0.00458	0.00430	0.00831	0.01289	0.01649	0.31179	0.04613	0.52184	0.01229	0.00615	0.00172	0.00257	0.01043	0.00515	0.00458
46	0.00657	0.00493	0.00605	0.00680	0.00758	0.00451	0.00470	0.02075	0.01091	0.01415	0.06544	0.57282	0.22556	0.01511	0.00648	0.00199	0.00295	0.01343	0.00488	0.00438
47	0.01782	0.01214	0.01334	0.01060	0.01421	0.01312	0.00863	0.47049	0.12438	0.12886	0.04879	0.01675	0.03489	0.00677	0.00520	0.00159	0.00492	0.00532	0.05391	0.00824
48	0.03790	0.61474	0.18580	0.01010	0.01519	0.01831	0.01095	0.01597	0.01070	0.02874	0.00794	0.00909	0.00676	0.00461	0.00371	0.00125	0.00595	0.00306	0.00233	0.00691
49	0.05576	0.13222	0.01636	0.01233	0.03060	0.39495	0.00967	0.20483	0.06317	0.01876	0.00985	0.01066	0.00779	0.00552	0.00461	0.00141	0.00732	0.00376	0.00343	0.00699

[dist]
# distance from previous block
# <min> <max>
2	5

[block]
# block no. 10 follows, 47 sequences, length 86
# corresponding to MSA columns:
# 443-528
name=unknown_K
#
# <colnr> <probs for GDERKNQSTAVLIFYWHMCP>
#	G	D	E	R	K	N	Q	S	T	A	V	L	I	F	Y	W	H	M	C	P
