[name]
unknown

[dist]
# distance from previous block
# <min> <max>
0	152

[block]
# block no. 0 follows, 50 sequences, length 20
# corresponding to MSA columns:
# 154-173
name=unknown_A
#
# <colnr> <probs for GDERKNQSTAVLIFYWHMCP>
#	G	D	E	R	K	N	Q	S	T	A	V	L	I	F	Y	W	H	M	C	P
0	0.01104	0.00854	0.01022	0.00766	0.01174	0.00661	0.00621	0.01324	0.01074	0.07535	0.01130	0.01508	0.00973	0.00481	0.00409	0.00094	0.00382	0.07312	0.00335	0.71241
1	0.00993	0.00471	0.00696	0.00671	0.00707	0.00461	0.00461	0.00814	0.00721	0.08157	0.00968	0.01532	0.00900	0.01629	0.01814	0.77607	0.00432	0.00439	0.00253	0.00275
2	0.05485	0.00891	0.04984	0.01115	0.08367	0.00829	0.06310	0.14908	0.01278	0.01775	0.05265	0.33840	0.09259	0.01035	0.00564	0.00176	0.00429	0.02504	0.00417	0.00569
3	0.01813	0.03623	0.01458	0.01145	0.01499	0.19315	0.00924	0.52663	0.06186	0.02568	0.01144	0.01173	0.00844	0.00579	0.00480	0.00144	0.00611	0.00422	0.02642	0.00768
4	0.08738	0.00482	0.00657	0.00650	0.00678	0.00496	0.00443	0.00725	0.00668	0.00993	0.00850	0.01450	0.00836	0.01614	0.01796	0.77607	0.00429	0.00418	0.00225	0.00246
5	0.01474	0.37542	0.13624	0.01161	0.05623	0.06060	0.04816	0.01758	0.03545	0.16946	0.01050	0.01110	0.00798	0.00493	0.00438	0.00134	0.02048	0.00369	0.00309	0.00704
6	0.08907	0.06183	0.53527	0.01422	0.02037	0.01226	0.13383	0.01551	0.01039	0.01606	0.00874	0.01064	0.00644	0.00478	0.00517	0.00159	0.04070	0.00391	0.00226	0.00696
7	0.00866	0.00433	0.00649	0.00649	0.00649	0.00433	0.00433	0.00649	0.00649	0.00866	0.00866	0.01515	0.00866	0.01732	0.01948	0.85498	0.00433	0.00433	0.00216	0.00216
8	0.01238	0.15911	0.07339	0.16602	0.05571	0.19773	0.09594	0.02803	0.01145	0.01350	0.01124	0.13148	0.01064	0.00636	0.00484	0.00151	0.00659	0.00539	0.00273	0.00595
9	0.01042	0.04780	0.00903	0.02605	0.00897	0.00830	0.00525	0.18051	0.01126	0.01525	0.01397	0.02463	0.01435	0.49389	0.03398	0.01734	0.02004	0.00606	0.04831	0.00462
10	0.00699	0.00509	0.00657	0.00620	0.00741	0.00468	0.00465	0.00928	0.01396	0.01963	0.74987	0.03783	0.08849	0.01033	0.00588	0.00157	0.00236	0.00910	0.00544	0.00468
11	0.01072	0.02449	0.03302	0.64213	0.09949	0.01135	0.01352	0.04725	0.01088	0.04653	0.00946	0.01314	0.00706	0.00501	0.00494	0.00162	0.00642	0.00441	0.00252	0.00606
12	0.01241	0.38188	0.18517	0.05070	0.06136	0.01524	0.05816	0.05555	0.02873	0.02565	0.00898	0.01056	0.00726	0.00480	0.00449	0.00135	0.03283	0.00362	0.04452	0.00672
13	0.19854	0.01180	0.01235	0.01028	0.03727	0.03844	0.00813	0.37934	0.01700	0.16525	0.01218	0.01226	0.00861	0.00569	0.00468	0.00150	0.01853	0.00416	0.04652	0.00747
14	0.00613	0.00447	0.00566	0.00657	0.00703	0.00413	0.00439	0.00699	0.00963	0.01261	0.02985	0.65609	0.13826	0.07369	0.00767	0.00218	0.00298	0.01316	0.00451	0.00400
15	0.00717	0.00480	0.00546	0.00553	0.00555	0.00478	0.00312	0.00723	0.00740	0.00986	0.01646	0.08302	0.01907	0.77313	0.02416	0.00465	0.00471	0.00769	0.00312	0.00309
16	0.01895	0.01396	0.01496	0.01147	0.01546	0.01546	0.00947	0.77711	0.02344	0.03141	0.01197	0.01197	0.00848	0.00598	0.00499	0.00150	0.00548	0.00449	0.00499	0.00848
17	0.01679	0.18397	0.01624	0.01028	0.01400	0.08931	0.00868	0.31568	0.03381	0.12392	0.01114	0.01145	0.00831	0.00548	0.00498	0.00135	0.04391	0.00392	0.00398	0.09281
18	0.01742	0.01270	0.01369	0.01069	0.01422	0.01402	0.00872	0.66992	0.02138	0.02892	0.01242	0.01359	0.00932	0.04572	0.03761	0.00189	0.00560	0.00466	0.04965	0.00786
19	0.01199	0.01007	0.01129	0.00837	0.01251	0.04102	0.01978	0.11354	0.01226	0.03619	0.00992	0.02386	0.00822	0.02041	0.00443	0.00100	0.00425	0.00352	0.00330	0.64406

[dist]
# distance from previous block
# <min> <max>
1	4

[block]
# block no. 1 follows, 50 sequences, length 7
# corresponding to MSA columns:
# 178-184
name=unknown_B
#
# <colnr> <probs for GDERKNQSTAVLIFYWHMCP>
#	G	D	E	R	K	N	Q	S	T	A	V	L	I	F	Y	W	H	M	C	P
0	0.03600	0.01082	0.03872	0.01087	0.06453	0.01070	0.00828	0.30237	0.05942	0.22506	0.01600	0.03558	0.03374	0.11588	0.00773	0.00199	0.00490	0.00538	0.00471	0.00735
1	0.02198	0.00910	0.01195	0.00916	0.01303	0.00825	0.00757	0.10972	0.01531	0.71028	0.01879	0.01640	0.01190	0.00615	0.00501	0.00154	0.00438	0.00495	0.00604	0.00848
2	0.00651	0.00514	0.00759	0.00786	0.00868	0.00475	0.06613	0.00768	0.00992	0.01306	0.02858	0.67310	0.11324	0.01438	0.00627	0.00196	0.00329	0.01311	0.00446	0.00428
3	0.03410	0.06926	0.09516	0.30121	0.07288	0.09815	0.12970	0.04142	0.04974	0.03062	0.00962	0.01226	0.00736	0.00499	0.00511	0.00156	0.02346	0.00435	0.00264	0.00640
4	0.00948	0.00891	0.01487	0.70094	0.09901	0.01077	0.01342	0.01266	0.01016	0.01308	0.01116	0.01508	0.04927	0.00535	0.00503	0.00165	0.00636	0.00476	0.00237	0.00567
5	0.00621	0.00506	0.00549	0.00538	0.00693	0.00434	0.00404	0.00776	0.01211	0.01523	0.25137	0.04506	0.58974	0.01196	0.00589	0.00165	0.00248	0.01011	0.00486	0.00434
6	0.01610	0.01137	0.01362	0.07077	0.07748	0.01226	0.00927	0.41615	0.07582	0.11801	0.09156	0.03783	0.01379	0.00655	0.00512	0.00155	0.00496	0.00535	0.00477	0.00767

[dist]
# distance from previous block
# <min> <max>
0	3

[block]
# block no. 2 follows, 50 sequences, length 15
# corresponding to MSA columns:
# 188-202
name=unknown_C
#
# <colnr> <probs for GDERKNQSTAVLIFYWHMCP>
#	G	D	E	R	K	N	Q	S	T	A	V	L	I	F	Y	W	H	M	C	P
0	0.01643	0.01185	0.01296	0.00997	0.01378	0.01234	0.00817	0.52584	0.01949	0.07703	0.01608	0.01587	0.09199	0.00634	0.00488	0.00140	0.00481	0.00492	0.00471	0.14113
1	0.00965	0.00918	0.01500	0.68714	0.03099	0.01173	0.01338	0.01262	0.00960	0.01262	0.00850	0.01291	0.00663	0.00557	0.00677	0.00174	0.13382	0.00442	0.00221	0.00552
2	0.67323	0.01024	0.00880	0.00748	0.01076	0.01160	0.00616	0.13513	0.01121	0.07429	0.00856	0.00928	0.00633	0.00494	0.00351	0.00154	0.00414	0.00313	0.00358	0.00608
3	0.06880	0.00775	0.00805	0.05948	0.01041	0.03723	0.00588	0.15246	0.02704	0.01970	0.01587	0.14217	0.01407	0.00724	0.00435	0.00143	0.00366	0.00593	0.40302	0.00547
4	0.00622	0.00462	0.00580	0.00643	0.00717	0.00420	0.00447	0.00744	0.01076	0.01423	0.17438	0.51790	0.19016	0.01400	0.00618	0.00187	0.00272	0.01247	0.00479	0.00420
5	0.01017	0.00875	0.01036	0.00762	0.01167	0.00692	0.00607	0.01228	0.01018	0.01590	0.00957	0.04604	0.00847	0.00444	0.00437	0.00086	0.03993	0.00351	0.00299	0.77990
6	0.03041	0.02947	0.02327	0.00634	0.00801	0.00534	0.00495	0.00961	0.01207	0.06714	0.29392	0.16089	0.30781	0.01122	0.00573	0.00166	0.00285	0.00964	0.00486	0.00479
7	0.01397	0.01151	0.14587	0.00990	0.01404	0.00822	0.05606	0.06317	0.01278	0.25882	0.09119	0.05604	0.02587	0.01853	0.00520	0.00146	0.00472	0.00532	0.00426	0.19308
8	0.00702	0.00501	0.00581	0.00561	0.00695	0.00453	0.00420	0.00900	0.01261	0.01758	0.42133	0.03790	0.29099	0.01032	0.00551	0.00154	0.00241	0.00883	0.13834	0.00453
9	0.01123	0.29105	0.34418	0.01144	0.01642	0.04074	0.03736	0.03309	0.01047	0.01402	0.00903	0.01118	0.00741	0.00974	0.13006	0.00241	0.00767	0.00368	0.00230	0.00653
10	0.00754	0.00537	0.00672	0.00637	0.00771	0.00497	0.00478	0.01008	0.04207	0.04406	0.59217	0.08131	0.14688	0.01057	0.00585	0.00161	0.00253	0.00926	0.00533	0.00484
11	0.01301	0.01057	0.01129	0.01006	0.01295	0.01208	0.00785	0.02635	0.73707	0.06888	0.02025	0.01850	0.01504	0.00673	0.00507	0.00168	0.00396	0.00560	0.00514	0.00793
12	0.01847	0.00789	0.01011	0.00803	0.01132	0.00702	0.00655	0.05864	0.01394	0.56771	0.02383	0.02173	0.13469	0.00714	0.00502	0.00153	0.00387	0.00582	0.07923	0.00748
13	0.01660	0.01263	0.03051	0.00998	0.01334	0.11188	0.00818	0.34572	0.04902	0.16696	0.04584	0.01928	0.13359	0.00710	0.00510	0.00152	0.00511	0.00555	0.00480	0.00729
14	0.00613	0.00482	0.00534	0.00566	0.00674	0.00425	0.00396	0.00716	0.01044	0.01298	0.05860	0.26558	0.46870	0.10669	0.00826	0.00214	0.00289	0.01114	0.00447	0.00404

[dist]
# distance from previous block
# <min> <max>
0	7

[block]
# block no. 3 follows, 50 sequences, length 6
# corresponding to MSA columns:
# 210-215
name=unknown_D
#
# <colnr> <probs for GDERKNQSTAVLIFYWHMCP>
#	G	D	E	R	K	N	Q	S	T	A	V	L	I	F	Y	W	H	M	C	P
0	0.13067	0.00975	0.01068	0.00809	0.01207	0.00888	0.00653	0.15776	0.01270	0.05447	0.01035	0.04065	0.00848	0.00481	0.00401	0.00108	0.00405	0.00371	0.00356	0.50771
1	0.00862	0.00661	0.00869	0.04501	0.00952	0.00745	0.02475	0.05738	0.00893	0.01238	0.01446	0.08725	0.01549	0.41673	0.12538	0.00417	0.10988	0.00675	0.02632	0.00421
2	0.00709	0.00490	0.00569	0.00585	0.00628	0.00481	0.00377	0.00768	0.00844	0.01124	0.02204	0.09719	0.12715	0.51821	0.06410	0.00405	0.00473	0.05570	0.03754	0.00351
3	0.01185	0.01249	0.04886	0.45474	0.02545	0.14724	0.01174	0.08500	0.01205	0.01488	0.01071	0.01349	0.04000	0.00529	0.00480	0.00149	0.00652	0.00431	0.00270	0.08639
4	0.03015	0.08351	0.03055	0.17190	0.21065	0.06385	0.05873	0.07806	0.07290	0.01631	0.04924	0.01446	0.01032	0.04368	0.00632	0.00169	0.04341	0.00470	0.00298	0.00658
5	0.07487	0.33260	0.20295	0.04178	0.04040	0.09798	0.01085	0.01604	0.04694	0.03081	0.03098	0.01088	0.00824	0.00490	0.00402	0.00134	0.00590	0.00352	0.02852	0.00651

[dist]
# distance from previous block
# <min> <max>
2	15

[block]
# block no. 4 follows, 50 sequences, length 28
# corresponding to MSA columns:
# 231-258
name=unknown_E
#
# <colnr> <probs for GDERKNQSTAVLIFYWHMCP>
#	G	D	E	R	K	N	Q	S	T	A	V	L	I	F	Y	W	H	M	C	P
0	0.09383	0.20937	0.13710	0.01160	0.07593	0.12197	0.00995	0.05167	0.02647	0.10375	0.02234	0.05668	0.00949	0.00555	0.00431	0.00138	0.00566	0.00420	0.00318	0.04558
1	0.07354	0.41348	0.06344	0.02798	0.02577	0.14726	0.00931	0.10916	0.01240	0.03156	0.00897	0.01000	0.02203	0.00498	0.00413	0.00128	0.02209	0.00334	0.00276	0.00652
2	0.11756	0.08406	0.03156	0.00951	0.05140	0.00935	0.00747	0.05527	0.04702	0.34376	0.08242	0.07526	0.01503	0.02362	0.00517	0.00159	0.00424	0.00547	0.00473	0.02550
3	0.05793	0.00738	0.02316	0.00799	0.00966	0.00725	0.00611	0.17095	0.01311	0.05395	0.07953	0.43458	0.04959	0.01157	0.00569	0.00180	0.00361	0.02722	0.02351	0.00540
4	0.00942	0.09107	0.11716	0.00979	0.01219	0.00904	0.05995	0.02835	0.02992	0.04688	0.08966	0.26443	0.04570	0.01217	0.07793	0.00230	0.07685	0.00800	0.00367	0.00551
5	0.01823	0.01318	0.01433	0.01093	0.01496	0.01418	0.00901	0.66365	0.02167	0.06581	0.01201	0.01204	0.00855	0.00576	0.00486	0.00142	0.00524	0.00436	0.00483	0.09501
6	0.04986	0.24600	0.54980	0.01229	0.01861	0.01380	0.01510	0.01550	0.01032	0.01497	0.00830	0.00972	0.00629	0.00460	0.00424	0.00144	0.00664	0.00336	0.00216	0.00701
7	0.01092	0.13168	0.47276	0.01521	0.05254	0.01314	0.14813	0.01542	0.01052	0.01502	0.00872	0.01079	0.00662	0.00484	0.00554	0.00156	0.06337	0.00401	0.00220	0.00701
8	0.00771	0.00544	0.00735	0.00829	0.00937	0.00527	0.00689	0.00962	0.01120	0.02970	0.04430	0.20223	0.10277	0.01380	0.00663	0.00215	0.00401	0.51409	0.00465	0.00453
9	0.00624	0.00460	0.00647	0.00735	0.00777	0.00430	0.02687	0.00720	0.00961	0.01282	0.02697	0.79826	0.03223	0.01529	0.00635	0.00201	0.00305	0.01393	0.00457	0.00413
10	0.01766	0.01074	0.01462	0.09017	0.01688	0.04302	0.10505	0.16392	0.05142	0.36546	0.05719	0.01606	0.01221	0.00597	0.00514	0.00156	0.00532	0.00514	0.00486	0.00763
11	0.00855	0.00651	0.00825	0.00919	0.01040	0.03628	0.00785	0.02957	0.01172	0.01505	0.02541	0.11601	0.02768	0.01340	0.00670	0.00221	0.00464	0.65136	0.00453	0.00469
12	0.00680	0.00467	0.00629	0.00732	0.00785	0.00440	0.00522	0.00795	0.01005	0.03271	0.04253	0.66721	0.03208	0.01499	0.00640	0.00205	0.00318	0.12938	0.00468	0.00426
13	0.00712	0.00534	0.00801	0.00801	0.00890	0.00623	0.00623	0.00890	0.00801	0.01157	0.01335	0.01958	0.01246	0.03738	0.80507	0.00801	0.01335	0.00534	0.00267	0.00445
14	0.01420	0.00837	0.00917	0.00771	0.01021	0.00877	0.00615	0.21653	0.10073	0.14280	0.01611	0.01659	0.01185	0.00602	0.00429	0.00137	0.00363	0.00477	0.40413	0.00661
15	0.00818	0.00591	0.00814	0.00921	0.01042	0.00597	0.00803	0.01089	0.03829	0.01512	0.02618	0.05492	0.02822	0.01353	0.00682	0.00227	0.00457	0.73402	0.00461	0.00470
16	0.09684	0.00905	0.01115	0.00883	0.01236	0.00865	0.00718	0.07759	0.08786	0.56407	0.01784	0.01660	0.01194	0.03998	0.00568	0.00169	0.00429	0.00492	0.00557	0.00792
17	0.00606	0.00508	0.00528	0.00531	0.00694	0.00431	0.00404	0.00743	0.01152	0.01390	0.09111	0.04775	0.71392	0.01254	0.00594	0.00171	0.00261	0.04562	0.00468	0.00425
18	0.00766	0.00601	0.00837	0.00856	0.00995	0.00583	0.04968	0.01025	0.05389	0.01491	0.07422	0.20123	0.16233	0.01280	0.00639	0.00202	0.00394	0.35265	0.00457	0.00472
19	0.00941	0.00886	0.01495	0.81285	0.03433	0.01107	0.01384	0.01274	0.00997	0.01274	0.00886	0.01329	0.00664	0.00498	0.00498	0.00166	0.00664	0.00443	0.00221	0.00554
20	0.00611	0.00437	0.00575	0.00684	0.00716	0.00408	0.00455	0.00696	0.00951	0.01264	0.02765	0.77621	0.05112	0.04257	0.00699	0.00211	0.00295	0.01385	0.00457	0.00402
21	0.00699	0.00509	0.00658	0.00621	0.00741	0.00468	0.00465	0.00929	0.01396	0.01964	0.75208	0.03780	0.08627	0.01032	0.00588	0.00157	0.00236	0.00909	0.00544	0.00468
22	0.01862	0.02376	0.01413	0.01284	0.01541	0.80482	0.00963	0.01990	0.01413	0.01220	0.00770	0.00899	0.00642	0.00514	0.00449	0.00128	0.00899	0.00321	0.00257	0.00578
23	0.58757	0.04227	0.00762	0.00626	0.00896	0.00981	0.00514	0.01430	0.00925	0.05053	0.00968	0.01096	0.00749	0.00496	0.00326	0.00143	0.00356	0.00326	0.20832	0.00538
24	0.00780	0.00536	0.00666	0.00638	0.00745	0.00512	0.00457	0.00987	0.04121	0.04972	0.41668	0.08709	0.09643	0.18426	0.04732	0.00260	0.00358	0.00864	0.00472	0.00453
25	0.00684	0.00507	0.00639	0.00618	0.00740	0.00462	0.00464	0.00894	0.01337	0.01842	0.61005	0.07395	0.17183	0.01094	0.00593	0.00163	0.00247	0.03145	0.00528	0.00459
26	0.01100	0.17729	0.62900	0.01297	0.01964	0.01299	0.01621	0.01588	0.01056	0.03834	0.00888	0.01024	0.00651	0.00469	0.00445	0.00148	0.00689	0.00353	0.00223	0.00722
27	0.01251	0.05528	0.01892	0.02307	0.48096	0.07109	0.06665	0.03725	0.01176	0.01613	0.05313	0.01312	0.00980	0.00502	0.00548	0.00145	0.05033	0.00452	0.00272	0.06081

[dist]
# distance from previous block
# <min> <max>
4	17

[block]
# block no. 5 follows, 50 sequences, length 40
# corresponding to MSA columns:
# 276-315
name=unknown_F
#
# <colnr> <probs for GDERKNQSTAVLIFYWHMCP>
#	G	D	E	R	K	N	Q	S	T	A	V	L	I	F	Y	W	H	M	C	P
0	0.10664	0.00752	0.00938	0.13083	0.05035	0.00789	0.00712	0.08548	0.01254	0.05479	0.21397	0.03974	0.18114	0.02631	0.04343	0.00197	0.00436	0.00693	0.00418	0.00545
1	0.01895	0.01396	0.01496	0.01147	0.01546	0.01546	0.00947	0.77711	0.02344	0.03141	0.01197	0.01197	0.00848	0.00598	0.00499	0.00150	0.00548	0.00449	0.00499	0.00848
2	0.00611	0.00503	0.00536	0.00533	0.00688	0.00429	0.00398	0.00755	0.01180	0.01461	0.18287	0.07159	0.63278	0.01228	0.00590	0.00167	0.00251	0.01037	0.00478	0.00429
3	0.10810	0.01017	0.01178	0.00922	0.01289	0.03451	0.00755	0.18527	0.01546	0.50583	0.01620	0.01513	0.01075	0.02758	0.00533	0.00161	0.00463	0.00466	0.00540	0.00793
4	0.04278	0.16252	0.35094	0.01126	0.01612	0.04878	0.02765	0.01653	0.11454	0.03315	0.11584	0.01479	0.01314	0.00569	0.00462	0.00149	0.00577	0.00450	0.00312	0.00677
5	0.01520	0.00757	0.01101	0.20809	0.01676	0.00746	0.00829	0.01722	0.01205	0.41220	0.01887	0.21108	0.01592	0.00816	0.00533	0.00169	0.00451	0.00709	0.00481	0.00668
6	0.02236	0.00848	0.01157	0.00887	0.01272	0.00733	0.00733	0.02429	0.01427	0.79719	0.01966	0.01697	0.01234	0.00617	0.00501	0.00154	0.00424	0.00501	0.00617	0.00848
7	0.03903	0.30684	0.21645	0.06547	0.02910	0.09686	0.01096	0.02664	0.01111	0.04358	0.03491	0.01141	0.00851	0.00496	0.00408	0.00133	0.00590	0.00362	0.07280	0.00642
8	0.01837	0.07923	0.03208	0.01122	0.03906	0.00991	0.10001	0.05999	0.06603	0.47739	0.04322	0.01606	0.01219	0.00586	0.00499	0.00153	0.00493	0.00503	0.00503	0.00788
9	0.00938	0.00570	0.00675	0.00624	0.00815	0.00494	0.00480	0.01099	0.01238	0.16668	0.19217	0.08499	0.42924	0.01108	0.00577	0.00167	0.00289	0.02598	0.00510	0.00514
10	0.68769	0.02805	0.07370	0.04494	0.02853	0.01120	0.00708	0.01458	0.00888	0.02090	0.00754	0.00896	0.00584	0.00468	0.00336	0.00153	0.00430	0.00296	0.02966	0.00562
11	0.00602	0.00488	0.00534	0.00560	0.00690	0.00420	0.00406	0.00725	0.01109	0.01372	0.09485	0.24014	0.55214	0.01321	0.00601	0.00176	0.00260	0.01133	0.00469	0.00420
12	0.01034	0.00886	0.01034	0.00738	0.01181	0.00664	0.00591	0.01255	0.01034	0.01624	0.00886	0.01034	0.00738	0.00369	0.00369	0.00074	0.00369	0.00295	0.00295	0.85530
13	0.00957	0.00903	0.01481	0.71683	0.03174	0.01126	0.01331	0.01267	0.00979	0.01280	0.00867	0.01298	0.00666	0.00524	0.00588	0.00167	0.07341	0.00437	0.00224	0.03709
14	0.00863	0.00679	0.00937	0.03012	0.10679	0.00684	0.00776	0.03723	0.06158	0.01627	0.13882	0.16951	0.07910	0.01139	0.00611	0.00192	0.00404	0.28800	0.00446	0.00527
15	0.00613	0.00436	0.00577	0.00687	0.00715	0.00408	0.00455	0.00695	0.00944	0.01258	0.02693	0.78512	0.03228	0.05301	0.00724	0.00215	0.00298	0.01385	0.00455	0.00400
16	0.00638	0.00507	0.00573	0.00557	0.00703	0.00442	0.00417	0.00810	0.01252	0.01622	0.36315	0.04344	0.47734	0.01160	0.00589	0.00163	0.00245	0.00988	0.00499	0.00442
17	0.01379	0.76055	0.02520	0.00877	0.01301	0.01937	0.00861	0.07793	0.01123	0.01335	0.00735	0.00832	0.00657	0.00441	0.00335	0.00110	0.00534	0.00282	0.00237	0.00657
18	0.00614	0.00501	0.00544	0.00544	0.00692	0.00430	0.00404	0.00760	0.01180	0.01476	0.20224	0.10075	0.58354	0.01233	0.00592	0.00168	0.00251	0.01047	0.00481	0.00430
19	0.00941	0.00886	0.01495	0.81285	0.03433	0.01107	0.01384	0.01274	0.00997	0.01274	0.00886	0.01329	0.00664	0.00498	0.00498	0.00166	0.00664	0.00443	0.00221	0.00554
20	0.01091	0.01091	0.01527	0.01309	0.01309	0.01527	0.01091	0.01200	0.00763	0.01200	0.00654	0.01091	0.00654	0.00872	0.01636	0.00218	0.81570	0.00436	0.00218	0.00545
21	0.01027	0.09208	0.73512	0.01374	0.02085	0.01225	0.01760	0.01571	0.01049	0.01545	0.00878	0.01031	0.00632	0.00470	0.00461	0.00154	0.00720	0.00360	0.00211	0.00729
22	0.45586	0.01070	0.00995	0.00832	0.01157	0.01206	0.00680	0.23865	0.08855	0.05343	0.01067	0.01113	0.00790	0.00535	0.00393	0.00152	0.00427	0.00370	0.04901	0.00661
23	0.01947	0.01313	0.01444	0.01107	0.01504	0.01422	0.00915	0.66267	0.02204	0.14783	0.01314	0.01273	0.00906	0.00601	0.00499	0.00150	0.00530	0.00457	0.00517	0.00848
24	0.01091	0.01091	0.01527	0.01309	0.01309	0.01527	0.01091	0.01200	0.00763	0.01200	0.00654	0.01091	0.00654	0.00872	0.01636	0.00218	0.81570	0.00436	0.00218	0.00545
25	0.08062	0.01027	0.01398	0.64839	0.02974	0.08801	0.01248	0.01356	0.01026	0.01362	0.00877	0.01257	0.00667	0.00499	0.00474	0.00160	0.00653	0.00417	0.02349	0.00553
26	0.04147	0.29142	0.40244	0.01160	0.01712	0.07116	0.01326	0.04022	0.02454	0.01505	0.00856	0.00984	0.00668	0.00470	0.00414	0.00138	0.00646	0.00336	0.01977	0.00685
27	0.00626	0.00457	0.00596	0.00690	0.00742	0.00417	0.00466	0.00720	0.00964	0.01291	0.02742	0.75798	0.05808	0.01497	0.00622	0.00195	0.00292	0.01353	0.00455	0.04268
28	0.01034	0.00886	0.01034	0.00738	0.01181	0.00664	0.00591	0.01255	0.01034	0.01624	0.00886	0.01034	0.00738	0.00369	0.00369	0.00074	0.00369	0.00295	0.00295	0.85530
29	0.06281	0.01206	0.01353	0.01042	0.01432	0.01274	0.00861	0.50674	0.01985	0.26650	0.01408	0.01331	0.00951	0.00597	0.00490	0.00151	0.00502	0.00456	0.00525	0.00832
30	0.00605	0.00441	0.00570	0.00674	0.00718	0.00407	0.00454	0.00696	0.00974	0.01280	0.02995	0.73837	0.11457	0.01529	0.00631	0.00199	0.00285	0.01378	0.00463	0.00407
31	0.01212	0.01144	0.03699	0.21520	0.07963	0.03602	0.14388	0.12587	0.05531	0.03105	0.01172	0.04003	0.02358	0.00541	0.00512	0.00148	0.01579	0.00491	0.00317	0.14128
32	0.00634	0.00458	0.00600	0.00672	0.00731	0.00425	0.00466	0.00761	0.01079	0.01458	0.21617	0.57673	0.07471	0.01410	0.00623	0.00190	0.00277	0.02548	0.00484	0.00423
33	0.00748	0.00496	0.00656	0.00670	0.00765	0.00457	0.00482	0.00917	0.01216	0.05993	0.42086	0.37250	0.03908	0.01229	0.00604	0.00176	0.00269	0.01100	0.00516	0.00463
34	0.00966	0.00926	0.01571	0.70680	0.03216	0.01150	0.05238	0.01284	0.00987	0.01284	0.00873	0.01310	0.00668	0.00525	0.00596	0.00170	0.07323	0.00450	0.00223	0.00559
35	0.01071	0.18267	0.01283	0.00877	0.01067	0.01052	0.00716	0.13581	0.01225	0.03213	0.05618	0.32342	0.02081	0.01038	0.00636	0.00174	0.07756	0.07046	0.00400	0.00557
36	0.02178	0.00891	0.01174	0.00902	0.01283	0.00803	0.00745	0.09395	0.01504	0.70994	0.01888	0.01653	0.01199	0.00614	0.00498	0.00153	0.00432	0.00496	0.02359	0.00840
37	0.01956	0.01298	0.01435	0.01100	0.01497	0.01401	0.00909	0.64286	0.02180	0.16797	0.01334	0.01286	0.00917	0.00602	0.00499	0.00150	0.00526	0.00458	0.00520	0.00848
38	0.00982	0.07631	0.01171	0.01167	0.15054	0.00843	0.02204	0.01338	0.10803	0.05579	0.20464	0.06807	0.17476	0.00941	0.02312	0.00174	0.00404	0.03633	0.00428	0.00590
39	0.01172	0.01355	0.11658	0.02518	0.49667	0.01168	0.16294	0.01554	0.03189	0.01644	0.04211	0.01353	0.00945	0.00473	0.00514	0.00154	0.00638	0.00485	0.00263	0.00747

[dist]
# distance from previous block
# <min> <max>
0	11

[block]
# block no. 6 follows, 50 sequences, length 18
# corresponding to MSA columns:
# 327-344
name=unknown_G
#
# <colnr> <probs for GDERKNQSTAVLIFYWHMCP>
#	G	D	E	R	K	N	Q	S	T	A	V	L	I	F	Y	W	H	M	C	P
0	0.02100	0.00818	0.01113	0.00864	0.01225	0.00709	0.00709	0.02296	0.01425	0.72774	0.08860	0.01878	0.01544	0.00653	0.00509	0.00154	0.00407	0.00537	0.00611	0.00815
1	0.00621	0.00446	0.00568	0.00659	0.00696	0.00416	0.00435	0.00700	0.00940	0.01240	0.02788	0.65806	0.09351	0.11780	0.00873	0.00235	0.00311	0.01299	0.00442	0.00393
2	0.01251	0.47236	0.19076	0.01025	0.01455	0.06398	0.01063	0.03794	0.01068	0.01343	0.00874	0.04961	0.00790	0.00535	0.00466	0.00132	0.05689	0.00369	0.01833	0.00642
3	0.00866	0.00433	0.00649	0.00649	0.00649	0.00433	0.00433	0.00649	0.00649	0.00866	0.00866	0.01515	0.00866	0.01732	0.01948	0.85498	0.00433	0.00433	0.00216	0.00216
4	0.00606	0.00440	0.00572	0.00677	0.00719	0.00406	0.00455	0.00696	0.00971	0.01279	0.02953	0.75245	0.10077	0.01535	0.00632	0.00199	0.00286	0.01384	0.00463	0.00406
5	0.01205	0.01170	0.02030	0.02896	0.71031	0.01161	0.06806	0.01504	0.01138	0.01616	0.01098	0.01376	0.03747	0.00473	0.00504	0.00150	0.00597	0.00477	0.00255	0.00767
6	0.01556	0.01065	0.01256	0.00994	0.01300	0.01137	0.04581	0.42701	0.01779	0.09628	0.04918	0.01647	0.03562	0.02781	0.02485	0.02563	0.02060	0.00510	0.12771	0.00707
7	0.00963	0.00913	0.00937	0.00889	0.01013	0.13439	0.00679	0.01217	0.07859	0.01253	0.01606	0.02082	0.08161	0.09608	0.39996	0.00505	0.07527	0.00558	0.00304	0.00490
8	0.00712	0.00534	0.00801	0.00801	0.00890	0.00623	0.00623	0.00890	0.00801	0.01157	0.01335	0.01958	0.01246	0.03738	0.80507	0.00801	0.01335	0.00534	0.00267	0.00445
9	0.00866	0.00433	0.00649	0.00649	0.00649	0.00433	0.00433	0.00649	0.00649	0.00866	0.00866	0.01515	0.00866	0.01732	0.01948	0.85498	0.00433	0.00433	0.00216	0.00216
10	0.01077	0.20918	0.55068	0.01303	0.01934	0.01329	0.05919	0.01539	0.01062	0.01500	0.03425	0.01099	0.00774	0.00478	0.00448	0.00147	0.00679	0.00375	0.00225	0.00702
11	0.01099	0.01041	0.05163	0.09980	0.01600	0.00859	0.05411	0.06790	0.03960	0.01706	0.00958	0.01128	0.00762	0.00420	0.00416	0.00103	0.00463	0.00354	0.00302	0.57486
12	0.01176	0.01345	0.02941	0.02101	0.02605	0.01261	0.77563	0.01597	0.01176	0.01597	0.01008	0.01345	0.00756	0.00420	0.00588	0.00168	0.00840	0.00588	0.00252	0.00672
13	0.01246	0.01338	0.10949	0.15571	0.35209	0.03437	0.01354	0.09883	0.12702	0.01782	0.01109	0.01308	0.00860	0.00510	0.00493	0.00155	0.00596	0.00450	0.00304	0.00744
14	0.04419	0.02997	0.06000	0.03293	0.26524	0.17582	0.08365	0.03186	0.05626	0.04118	0.01210	0.01445	0.04244	0.00711	0.04618	0.00185	0.02952	0.01557	0.00293	0.00673
15	0.01541	0.01030	0.05482	0.01298	0.08440	0.00916	0.13077	0.07425	0.05771	0.31693	0.04490	0.10850	0.01492	0.00714	0.00538	0.00165	0.00508	0.03378	0.00464	0.00728
16	0.00619	0.00501	0.00551	0.00559	0.00702	0.00433	0.00417	0.00764	0.01168	0.01462	0.18246	0.12532	0.55518	0.01252	0.00597	0.00172	0.00259	0.03341	0.00478	0.00429
17	0.04899	0.00944	0.01164	0.08951	0.01455	0.00867	0.02133	0.08090	0.01119	0.01712	0.00908	0.01105	0.00743	0.00541	0.02942	0.00126	0.05119	0.00344	0.00301	0.56538

[dist]
# distance from previous block
# <min> <max>
0	9

[block]
# block no. 7 follows, 50 sequences, length 25
# corresponding to MSA columns:
# 354-378
name=unknown_H
#
# <colnr> <probs for GDERKNQSTAVLIFYWHMCP>
#	G	D	E	R	K	N	Q	S	T	A	V	L	I	F	Y	W	H	M	C	P
0	0.04578	0.28437	0.03825	0.03022	0.08366	0.18701	0.00950	0.10736	0.05373	0.06385	0.01045	0.01139	0.02182	0.00599	0.02532	0.00150	0.00625	0.00374	0.00309	0.00673
1	0.01044	0.00714	0.00790	0.00718	0.00900	0.05095	0.00545	0.04246	0.03965	0.13853	0.33505	0.10130	0.17738	0.03726	0.00630	0.00172	0.00336	0.00845	0.00507	0.00540
2	0.02610	0.01029	0.03286	0.54905	0.12917	0.01151	0.12189	0.01360	0.01032	0.01387	0.00901	0.01298	0.00690	0.00489	0.00536	0.00165	0.02763	0.00459	0.00230	0.00604
3	0.05949	0.01122	0.07798	0.14279	0.33112	0.03230	0.01196	0.01480	0.03941	0.06429	0.10368	0.06347	0.01405	0.00611	0.00502	0.00157	0.00534	0.00544	0.00324	0.00671
4	0.01044	0.02242	0.61414	0.01481	0.05104	0.01194	0.05692	0.01643	0.07469	0.01600	0.00982	0.01144	0.00720	0.00511	0.00555	0.00163	0.05674	0.00403	0.00239	0.00728
5	0.00613	0.00487	0.00550	0.00574	0.00698	0.00425	0.00415	0.00746	0.01133	0.01432	0.16373	0.24682	0.47513	0.01301	0.00601	0.00175	0.00259	0.01122	0.00477	0.00425
6	0.01224	0.01163	0.03417	0.14525	0.57175	0.01180	0.01440	0.07759	0.01213	0.01694	0.01012	0.01400	0.00848	0.00499	0.00501	0.00154	0.00597	0.03182	0.00271	0.00746
7	0.01669	0.01199	0.01411	0.02612	0.05572	0.01313	0.02295	0.47520	0.07284	0.10338	0.01383	0.06106	0.01086	0.02945	0.00624	0.00168	0.04704	0.00528	0.00466	0.00775
8	0.01091	0.01007	0.01643	0.20515	0.45692	0.01058	0.01297	0.03479	0.02504	0.01582	0.05150	0.06556	0.03835	0.00606	0.00515	0.00158	0.00554	0.01787	0.00292	0.00679
9	0.00614	0.00444	0.00569	0.00666	0.00706	0.00412	0.00444	0.00698	0.00956	0.01259	0.02885	0.69469	0.10373	0.07041	0.00761	0.00218	0.00299	0.01335	0.00452	0.00399
10	0.00913	0.00826	0.01236	0.31565	0.01968	0.01016	0.01938	0.03224	0.00985	0.01328	0.01557	0.18120	0.05782	0.00910	0.00838	0.00190	0.21462	0.05318	0.00306	0.00518
11	0.01117	0.08228	0.51346	0.01568	0.12292	0.01174	0.05888	0.01581	0.01104	0.05699	0.04689	0.01236	0.00887	0.00497	0.00478	0.00153	0.00667	0.00416	0.00255	0.00726
12	0.00733	0.00572	0.00755	0.00797	0.00870	0.00607	0.00611	0.00900	0.02951	0.01356	0.06048	0.34816	0.10695	0.04434	0.05723	0.00251	0.09286	0.17728	0.00422	0.00445
13	0.01815	0.02083	0.01074	0.00850	0.01168	0.04412	0.00687	0.05636	0.04288	0.51077	0.08902	0.03997	0.05886	0.00704	0.00504	0.00153	0.00412	0.00576	0.05032	0.00742
14	0.02545	0.03093	0.01177	0.01017	0.03802	0.02663	0.10952	0.09217	0.05862	0.01532	0.01877	0.15793	0.08542	0.18752	0.07060	0.00285	0.02431	0.00748	0.02130	0.00524
15	0.00940	0.02863	0.00732	0.00667	0.00781	0.01718	0.00500	0.05525	0.01069	0.03755	0.06098	0.10595	0.01837	0.17109	0.06207	0.00259	0.02565	0.06630	0.29683	0.00467
16	0.00638	0.00461	0.00587	0.00665	0.00728	0.00427	0.00465	0.00755	0.01033	0.01378	0.11204	0.55120	0.13004	0.03847	0.00678	0.00201	0.00293	0.05518	0.02582	0.00415
17	0.01214	0.04852	0.04654	0.08343	0.40188	0.03117	0.10808	0.04295	0.01177	0.04690	0.05146	0.02425	0.01043	0.00691	0.05034	0.00188	0.00650	0.00492	0.00287	0.00706
18	0.09976	0.05303	0.10095	0.00963	0.05908	0.02654	0.00790	0.04313	0.03571	0.06768	0.21935	0.07446	0.06504	0.03154	0.02628	0.00183	0.00445	0.04138	0.00407	0.02818
19	0.01251	0.01204	0.01744	0.06139	0.48623	0.06957	0.03532	0.08723	0.01251	0.01677	0.01388	0.01598	0.09346	0.00572	0.00549	0.00153	0.03779	0.00506	0.00293	0.00715
20	0.06820	0.13067	0.02914	0.02433	0.03906	0.07761	0.27389	0.02622	0.01080	0.01466	0.01180	0.12251	0.01121	0.00846	0.05507	0.00202	0.06593	0.01963	0.00284	0.00593
21	0.09159	0.01272	0.03217	0.01004	0.01320	0.11525	0.00818	0.26551	0.15954	0.09527	0.11578	0.01635	0.01464	0.00700	0.01922	0.00164	0.00517	0.00501	0.00458	0.00714
22	0.01145	0.01120	0.08021	0.03845	0.07020	0.03714	0.01912	0.09550	0.07363	0.03156	0.05607	0.08096	0.01290	0.00612	0.00485	0.00131	0.01641	0.02219	0.00355	0.32719
23	0.04808	0.01304	0.09954	0.08928	0.12513	0.05812	0.21162	0.08149	0.01207	0.01686	0.01271	0.04742	0.05001	0.00576	0.00547	0.00157	0.03562	0.00529	0.05510	0.02580
24	0.01443	0.01117	0.06070	0.01022	0.01346	0.01069	0.05150	0.34677	0.03254	0.10438	0.04656	0.11270	0.03470	0.05989	0.01942	0.00188	0.00504	0.00624	0.02816	0.02956

[dist]
# distance from previous block
# <min> <max>
6	41

[block]
# block no. 8 follows, 50 sequences, length 30
# corresponding to MSA columns:
# 425-454
name=unknown_I
#
# <colnr> <probs for GDERKNQSTAVLIFYWHMCP>
#	G	D	E	R	K	N	Q	S	T	A	V	L	I	F	Y	W	H	M	C	P
0	0.38144	0.00847	0.00951	0.23250	0.01622	0.00971	0.00769	0.03409	0.01043	0.04961	0.10984	0.01468	0.01211	0.00564	0.00414	0.00154	0.00437	0.00431	0.07824	0.00548
1	0.01362	0.01022	0.01172	0.01010	0.03233	0.01073	0.00788	0.40279	0.02681	0.02354	0.07578	0.14214	0.01685	0.00929	0.03556	0.00181	0.00487	0.06236	0.00457	0.09704
2	0.02735	0.01416	0.12137	0.10501	0.43138	0.06972	0.04765	0.03015	0.06388	0.01622	0.01014	0.01292	0.00817	0.00489	0.00493	0.00153	0.00632	0.01426	0.00266	0.00730
3	0.01176	0.01141	0.01957	0.08282	0.55520	0.01186	0.08613	0.01498	0.03104	0.01593	0.04008	0.01353	0.00939	0.00508	0.00596	0.00158	0.06899	0.00478	0.00262	0.00730
4	0.01085	0.09873	0.07930	0.11577	0.06999	0.01219	0.31252	0.01422	0.02209	0.01458	0.01137	0.07397	0.01017	0.00606	0.00624	0.00167	0.07352	0.04188	0.00268	0.02219
5	0.00815	0.00674	0.00922	0.12986	0.01318	0.00661	0.06123	0.01081	0.06294	0.04651	0.04810	0.06564	0.43645	0.01042	0.00601	0.01954	0.00389	0.04554	0.00417	0.00499
6	0.09869	0.07502	0.01466	0.08288	0.03718	0.03404	0.06362	0.22598	0.21167	0.03100	0.04674	0.03316	0.01171	0.00604	0.00480	0.00155	0.00512	0.00495	0.00407	0.00711
7	0.01219	0.02760	0.01726	0.19346	0.46979	0.03981	0.01324	0.01490	0.01120	0.07088	0.01130	0.07559	0.00981	0.00557	0.00501	0.00155	0.00582	0.00515	0.00284	0.00703
8	0.01140	0.00804	0.00858	0.00794	0.01006	0.05387	0.00615	0.05098	0.14348	0.14578	0.05897	0.14894	0.23206	0.01010	0.00557	0.00171	0.00377	0.06413	0.02260	0.00587
9	0.00820	0.00600	0.00726	0.00743	0.00858	0.00598	0.00548	0.06266	0.08018	0.02855	0.12734	0.35777	0.10482	0.07292	0.00749	0.00210	0.00341	0.09426	0.00471	0.00485
10	0.01196	0.01265	0.07717	0.15977	0.47016	0.02634	0.07379	0.05465	0.01177	0.01629	0.00990	0.01362	0.00814	0.00490	0.00505	0.00155	0.00634	0.02608	0.00260	0.00726
11	0.02828	0.01365	0.12693	0.04330	0.07519	0.11073	0.00998	0.19570	0.02425	0.06872	0.03533	0.01718	0.08741	0.01082	0.12014	0.00245	0.00688	0.00506	0.01138	0.00662
12	0.00703	0.00499	0.00626	0.00670	0.00754	0.00469	0.00469	0.00882	0.04346	0.03651	0.19296	0.47097	0.12477	0.04785	0.00692	0.00198	0.00290	0.01172	0.00481	0.00445
13	0.00888	0.00613	0.00818	0.11601	0.01194	0.00608	0.00645	0.03110	0.02588	0.08927	0.22666	0.21077	0.15587	0.01083	0.00582	0.00175	0.00354	0.06506	0.00468	0.00509
14	0.03472	0.07311	0.12891	0.37163	0.11014	0.01232	0.08869	0.03077	0.01048	0.01444	0.00899	0.02175	0.00712	0.00515	0.00563	0.00162	0.06148	0.00440	0.00236	0.00627
15	0.00736	0.00468	0.00626	0.00707	0.00766	0.00432	0.00484	0.00835	0.01003	0.07391	0.04642	0.73891	0.03172	0.01474	0.00624	0.00198	0.00298	0.01333	0.00477	0.00441
16	0.00876	0.00661	0.00888	0.00842	0.00967	0.00770	0.00662	0.07025	0.06495	0.01432	0.01363	0.01843	0.01209	0.02905	0.58879	0.00627	0.04915	0.00520	0.06614	0.00507
17	0.01395	0.00964	0.01102	0.00927	0.01198	0.01028	0.00736	0.33001	0.08533	0.08819	0.01606	0.13752	0.01392	0.01165	0.11327	0.00242	0.00559	0.00615	0.06526	0.05113
18	0.01816	0.01157	0.01304	0.01032	0.01388	0.01232	0.00838	0.44187	0.11957	0.22036	0.01568	0.04629	0.01152	0.02646	0.00555	0.00163	0.00486	0.00522	0.00523	0.00810
19	0.07054	0.00702	0.00806	0.00733	0.00866	0.00766	0.00543	0.14247	0.01124	0.01662	0.07428	0.03924	0.01600	0.26500	0.18629	0.00395	0.02688	0.00596	0.09253	0.00483
20	0.01383	0.01083	0.01203	0.00929	0.01311	0.01061	0.00747	0.33860	0.07127	0.02277	0.01238	0.07190	0.01031	0.00577	0.00454	0.00122	0.00441	0.00463	0.00409	0.37092
21	0.01653	0.01208	0.01443	0.01130	0.01486	0.01292	0.06816	0.50666	0.06392	0.08091	0.01428	0.06850	0.01148	0.03164	0.00579	0.00166	0.00527	0.02462	0.00474	0.03025
22	0.01033	0.10492	0.72274	0.01365	0.02071	0.01238	0.01744	0.01570	0.01048	0.01538	0.00875	0.01027	0.00632	0.00469	0.00458	0.00153	0.00717	0.00358	0.00211	0.00727
23	0.00713	0.00515	0.00637	0.00623	0.00744	0.00471	0.00458	0.00919	0.02708	0.03547	0.47493	0.15290	0.19609	0.03232	0.00642	0.00174	0.00260	0.00987	0.00513	0.00461
24	0.00928	0.00604	0.00750	0.00675	0.00845	0.00564	0.00518	0.06473	0.01427	0.09951	0.53180	0.05736	0.14408	0.00997	0.00574	0.00159	0.00281	0.00864	0.00538	0.00527
25	0.01712	0.01241	0.01349	0.01061	0.01402	0.01367	0.00859	0.62286	0.04261	0.04761	0.01283	0.01466	0.00990	0.08644	0.04799	0.00216	0.00575	0.00484	0.00471	0.00773
26	0.00669	0.00498	0.00622	0.00612	0.00728	0.00452	0.00451	0.00862	0.01294	0.01770	0.54028	0.14731	0.19161	0.01142	0.00595	0.00165	0.00246	0.01002	0.00520	0.00452
27	0.00606	0.00437	0.00575	0.00685	0.00721	0.00406	0.00459	0.00695	0.00963	0.01276	0.02858	0.78430	0.06953	0.01547	0.00634	0.00201	0.00287	0.01399	0.00463	0.00406
28	0.00624	0.00453	0.00590	0.00674	0.00728	0.00419	0.00464	0.00738	0.01039	0.01388	0.14062	0.63266	0.09394	0.01456	0.00626	0.00194	0.00282	0.02713	0.00475	0.00417
29	0.01134	0.30241	0.43865	0.03477	0.07421	0.01443	0.02996	0.01537	0.01046	0.01434	0.00830	0.00991	0.00649	0.00455	0.00425	0.00140	0.00656	0.00345	0.00215	0.00701

[dist]
# distance from previous block
# <min> <max>
0	1

[block]
# block no. 9 follows, 50 sequences, length 6
# corresponding to MSA columns:
# 456-461
name=unknown_J
#
# <colnr> <probs for GDERKNQSTAVLIFYWHMCP>
#	G	D	E	R	K	N	Q	S	T	A	V	L	I	F	Y	W	H	M	C	P
0	0.10688	0.00566	0.00668	0.00676	0.00763	0.00584	0.00476	0.00958	0.00875	0.06086	0.01788	0.18857	0.01938	0.33728	0.12556	0.00391	0.00547	0.07076	0.00363	0.00417
1	0.00769	0.00726	0.04813	0.00979	0.01143	0.00636	0.12233	0.01013	0.04437	0.01418	0.04473	0.46862	0.04593	0.01310	0.02730	0.00211	0.00445	0.10305	0.00417	0.00488
2	0.00765	0.00554	0.00724	0.04828	0.00946	0.00557	0.00569	0.07424	0.01088	0.01450	0.04864	0.58041	0.02840	0.03933	0.00722	0.03022	0.00352	0.06431	0.00443	0.00447
3	0.05508	0.12769	0.13559	0.01811	0.22508	0.06376	0.17979	0.01593	0.05058	0.01601	0.05749	0.01313	0.00994	0.00493	0.00482	0.00149	0.00637	0.00457	0.00273	0.00689
4	0.01664	0.00940	0.01281	0.01110	0.06106	0.00927	0.04976	0.04746	0.14847	0.39029	0.06431	0.01813	0.03826	0.00655	0.00578	0.00158	0.05424	0.00540	0.00503	0.04446
5	0.01028	0.10908	0.05415	0.00865	0.03167	0.00841	0.00702	0.06591	0.01137	0.05322	0.06516	0.21421	0.03839	0.02914	0.04595	0.00182	0.00453	0.02023	0.00372	0.21710

[dist]
# distance from previous block
# <min> <max>
2	42

[block]
# block no. 10 follows, 50 sequences, length 39
# corresponding to MSA columns:
# 504-542
name=unknown_K
#
# <colnr> <probs for GDERKNQSTAVLIFYWHMCP>
#	G	D	E	R	K	N	Q	S	T	A	V	L	I	F	Y	W	H	M	C	P
0	0.01250	0.01058	0.05779	0.02660	0.04885	0.07033	0.03976	0.08737	0.09824	0.12887	0.05936	0.08904	0.12158	0.03706	0.00603	0.00172	0.00475	0.04805	0.00429	0.04722
1	0.03599	0.11867	0.09338	0.07828	0.01793	0.01300	0.17122	0.09119	0.07968	0.06505	0.01098	0.01356	0.00872	0.04551	0.01974	0.00187	0.11227	0.00468	0.01170	0.00659
2	0.07908	0.01034	0.01035	0.00945	0.03546	0.09011	0.00707	0.16196	0.13407	0.08609	0.12933	0.09121	0.09562	0.03056	0.00570	0.00168	0.00440	0.00661	0.00458	0.00635
3	0.01481	0.01110	0.06909	0.00980	0.01305	0.01048	0.02029	0.29074	0.10448	0.15801	0.09018	0.07402	0.04809	0.05488	0.00640	0.00178	0.00464	0.00617	0.00485	0.00715
4	0.01031	0.06821	0.00966	0.00818	0.00972	0.11081	0.00620	0.06383	0.01161	0.05212	0.09883	0.26293	0.05660	0.06263	0.10085	0.01864	0.00547	0.03440	0.00399	0.00501
5	0.04690	0.40141	0.03002	0.04795	0.01380	0.08997	0.00853	0.04933	0.06707	0.10558	0.01128	0.06988	0.00973	0.00581	0.00437	0.00135	0.02303	0.00426	0.00320	0.00652
6	0.03498	0.34321	0.10835	0.00925	0.01295	0.04320	0.00885	0.07072	0.02582	0.09625	0.09001	0.04733	0.01298	0.00835	0.06581	0.00186	0.00575	0.00456	0.00333	0.00644
7	0.00823	0.00449	0.00657	0.00686	0.00702	0.00445	0.00479	0.00698	0.00747	0.00992	0.01323	0.13031	0.01424	0.01669	0.01627	0.64239	0.00416	0.09047	0.00277	0.00269
8	0.01192	0.01234	0.06392	0.07553	0.67077	0.01165	0.03053	0.01507	0.01123	0.01601	0.00974	0.01335	0.00822	0.00471	0.00499	0.00152	0.00606	0.02234	0.00248	0.00762
9	0.01007	0.00861	0.04726	0.00841	0.01082	0.00787	0.00675	0.05302	0.12841	0.05114	0.03924	0.19687	0.04907	0.06943	0.04266	0.00205	0.05234	0.00705	0.00394	0.20498
10	0.00871	0.00626	0.00730	0.00682	0.00857	0.00605	0.00518	0.01267	0.14746	0.07459	0.33859	0.08285	0.25500	0.01033	0.00571	0.00165	0.00285	0.00888	0.00516	0.00535
11	0.00636	0.00502	0.00544	0.00558	0.00704	0.00437	0.00422	0.00782	0.01140	0.01436	0.10741	0.11069	0.56429	0.01235	0.00586	0.00172	0.00268	0.06422	0.05489	0.00429
12	0.01102	0.00960	0.02861	0.05393	0.06003	0.06690	0.00797	0.01728	0.28239	0.05429	0.07612	0.15000	0.04033	0.00872	0.00538	0.00171	0.00434	0.07313	0.04200	0.00625
13	0.01215	0.01186	0.05444	0.05875	0.58163	0.01119	0.05918	0.01544	0.02835	0.05127	0.02196	0.01474	0.04636	0.00506	0.00505	0.00152	0.00584	0.00489	0.00281	0.00751
14	0.00622	0.00446	0.00571	0.00661	0.00699	0.00417	0.00438	0.00705	0.00951	0.01258	0.04454	0.65474	0.08773	0.11000	0.00854	0.00232	0.00308	0.01298	0.00446	0.00395
15	0.01756	0.01301	0.01400	0.01098	0.01464	0.01443	0.00899	0.65712	0.08548	0.02926	0.01309	0.02724	0.00971	0.00713	0.02838	0.00170	0.00545	0.00478	0.02892	0.00812
16	0.01456	0.04708	0.14914	0.09172	0.08432	0.30508	0.01158	0.13224	0.02548	0.01629	0.01043	0.06990	0.00894	0.00588	0.00480	0.00147	0.00703	0.00453	0.00299	0.00655
17	0.04992	0.01155	0.05287	0.16420	0.48694	0.01154	0.01390	0.01530	0.01093	0.07271	0.00974	0.01249	0.00774	0.00494	0.00553	0.00157	0.05383	0.00436	0.00269	0.00724
18	0.00960	0.01881	0.49588	0.07038	0.10712	0.01019	0.01520	0.01404	0.01064	0.01536	0.03245	0.09889	0.01196	0.00665	0.00513	0.00167	0.00636	0.06032	0.00268	0.00668
19	0.01034	0.00886	0.01034	0.00738	0.01181	0.00664	0.00591	0.01255	0.01034	0.01624	0.00886	0.01034	0.00738	0.00369	0.00369	0.00074	0.00369	0.00295	0.00295	0.85530
20	0.01047	0.05809	0.32156	0.24971	0.05974	0.01223	0.10734	0.01507	0.04246	0.01471	0.00930	0.01200	0.00702	0.00503	0.00558	0.00162	0.05482	0.00427	0.00233	0.00663
21	0.00635	0.00462	0.00583	0.00663	0.00719	0.00430	0.00457	0.00734	0.00987	0.01293	0.05889	0.53837	0.14154	0.10360	0.00840	0.00228	0.00315	0.06561	0.00448	0.00402
22	0.00675	0.00511	0.00661	0.01944	0.00823	0.00468	0.00496	0.00791	0.00992	0.01353	0.06997	0.61527	0.06130	0.02466	0.00641	0.00187	0.01570	0.01204	0.00439	0.10125
23	0.00825	0.00527	0.00689	0.00714	0.00827	0.00469	0.00504	0.00946	0.01041	0.09474	0.07509	0.60575	0.02921	0.01309	0.00592	0.00182	0.00308	0.01176	0.00468	0.08946
24	0.07200	0.05108	0.01147	0.00951	0.01220	0.06514	0.00765	0.16358	0.24319	0.06940	0.03098	0.09079	0.04784	0.00808	0.00515	0.00167	0.00457	0.09442	0.00456	0.00673
25	0.00641	0.00468	0.00609	0.00704	0.00767	0.00437	0.00507	0.00762	0.01027	0.01348	0.06297	0.56910	0.12691	0.01472	0.00637	0.00201	0.00310	0.13329	0.00466	0.00418
26	0.00743	0.00483	0.00634	0.00713	0.00778	0.00452	0.00490	0.00875	0.03118	0.07028	0.02721	0.72385	0.04757	0.01462	0.00622	0.00197	0.00301	0.01319	0.00475	0.00448
27	0.05274	0.01177	0.03785	0.10436	0.40991	0.04787	0.08517	0.05951	0.01192	0.01678	0.04529	0.07235	0.01110	0.00569	0.00506	0.00156	0.00591	0.00533	0.00291	0.00692
28	0.09379	0.01249	0.14441	0.04131	0.01494	0.02930	0.00960	0.14111	0.01416	0.35110	0.02913	0.03495	0.01161	0.00635	0.00491	0.00159	0.00510	0.04204	0.00464	0.00747
29	0.00805	0.00578	0.00665	0.00626	0.00780	0.02544	0.00472	0.00993	0.01304	0.07420	0.44155	0.07104	0.28536	0.01078	0.00580	0.00162	0.00274	0.00928	0.00515	0.00482
30	0.00670	0.00500	0.00621	0.00681	0.00754	0.00480	0.00471	0.00873	0.06688	0.01422	0.13043	0.53767	0.11413	0.05290	0.00707	0.00204	0.00295	0.01214	0.00470	0.00438
31	0.01213	0.26194	0.30816	0.07198	0.08771	0.03359	0.03305	0.01559	0.01062	0.06033	0.00900	0.01074	0.00703	0.00548	0.02092	0.00157	0.03720	0.00368	0.00243	0.00687
32	0.01006	0.00837	0.01211	0.14113	0.16805	0.01841	0.01033	0.05800	0.05267	0.01632	0.05331	0.03478	0.01976	0.00945	0.00592	0.00191	0.00515	0.36462	0.00386	0.00581
