[name]
unknown

[dist]
# distance from previous block
# <min> <max>
66	128

[block]
# block no. 0 follows, 47 sequences, length 91
# corresponding to MSA columns:
# 173-263
name=unknown_A
#
# <colnr> <probs for GDERKNQSTAVLIFYWHMCP>
#	G	D	E	R	K	N	Q	S	T	A	V	L	I	F	Y	W	H	M	C	P
0	0.05381	0.20177	0.17205	0.00986	0.01391	0.02546	0.00966	0.07390	0.01217	0.09738	0.05443	0.09501	0.01334	0.05260	0.00610	0.00168	0.01847	0.00532	0.00354	0.07956
1	0.18527	0.06977	0.04724	0.06316	0.03233	0.07103	0.03988	0.16476	0.01383	0.06471	0.02927	0.02721	0.01012	0.00588	0.00455	0.00150	0.00534	0.02821	0.06749	0.06843
2	0.02666	0.18861	0.19346	0.01177	0.05876	0.04296	0.01085	0.07262	0.07146	0.02823	0.02514	0.03124	0.00982	0.03882	0.00565	0.00153	0.02325	0.00426	0.00311	0.15178
3	0.03257	0.10827	0.09825	0.09405	0.02955	0.02272	0.03720	0.12232	0.03291	0.09784	0.07981	0.08868	0.01445	0.01902	0.00557	0.00160	0.02015	0.00567	0.00386	0.08550
4	0.06814	0.04922	0.03148	0.04583	0.01573	0.04147	0.07883	0.20772	0.03127	0.10043	0.01330	0.02857	0.03396	0.00567	0.00476	0.00139	0.00529	0.00464	0.02341	0.20889
5	0.01546	0.01176	0.02757	0.01134	0.01508	0.01179	0.07720	0.30697	0.03423	0.10698	0.04612	0.03789	0.02484	0.00709	0.02175	0.00165	0.06136	0.00519	0.00440	0.17133
6	0.00634	0.00453	0.00604	0.00725	0.00755	0.00423	0.00483	0.00725	0.00997	0.01329	0.02870	0.81358	0.03444	0.01632	0.00665	0.00211	0.00302	0.01480	0.00483	0.00423
7	0.00731	0.00527	0.00690	0.00660	0.00777	0.00487	0.00491	0.00967	0.01444	0.02041	0.73444	0.08757	0.04821	0.01100	0.00617	0.00167	0.00249	0.00976	0.00568	0.00487
8	0.00737	0.00532	0.00696	0.00655	0.00778	0.00491	0.00491	0.00983	0.01474	0.02088	0.78175	0.03890	0.04914	0.01065	0.00614	0.00164	0.00246	0.00942	0.00573	0.00491
9	0.00734	0.00532	0.00692	0.00652	0.00776	0.00490	0.00489	0.00977	0.01468	0.02073	0.76514	0.03916	0.06585	0.01070	0.00614	0.00164	0.00246	0.00945	0.00571	0.00490
10	0.01980	0.01459	0.01563	0.01198	0.01615	0.01615	0.00990	0.76713	0.02448	0.03282	0.01250	0.01250	0.00886	0.00625	0.00521	0.00156	0.00573	0.00469	0.00521	0.00886
11	0.00752	0.00503	0.00570	0.00575	0.00576	0.00501	0.00323	0.00756	0.00768	0.01024	0.01695	0.06858	0.01962	0.78155	0.02563	0.00492	0.00496	0.00789	0.00323	0.00320
12	0.00744	0.00558	0.00837	0.00837	0.00930	0.00651	0.00651	0.00930	0.00837	0.01209	0.01395	0.02046	0.01302	0.03906	0.79635	0.00837	0.01395	0.00558	0.00279	0.00465
13	0.01229	0.01176	0.02005	0.18465	0.63653	0.01221	0.01568	0.01545	0.01157	0.01628	0.00969	0.01309	0.00799	0.00475	0.00517	0.00158	0.00634	0.00464	0.00253	0.00776
14	0.00757	0.00505	0.00568	0.00568	0.00568	0.00505	0.00316	0.00757	0.00757	0.01010	0.01641	0.03408	0.01893	0.81698	0.02651	0.00505	0.00505	0.00757	0.00316	0.00316
15	0.02313	0.00891	0.01208	0.00930	0.01330	0.00777	0.00767	0.02543	0.03201	0.77087	0.02056	0.01776	0.01296	0.00646	0.00524	0.00161	0.00442	0.00525	0.00642	0.00885
16	0.01321	0.63934	0.05804	0.00965	0.01357	0.03124	0.00946	0.01499	0.01041	0.01256	0.00931	0.01070	0.04103	0.00544	0.00522	0.00131	0.10228	0.00342	0.00236	0.00650
17	0.00736	0.00496	0.00574	0.00595	0.00600	0.00491	0.00344	0.00752	0.00798	0.01065	0.01852	0.16770	0.02159	0.67973	0.02310	0.00455	0.00470	0.00881	0.00344	0.00334
18	0.01135	0.00928	0.01097	0.00803	0.01238	0.00736	0.00643	0.01386	0.02746	0.05100	0.01024	0.02387	0.00851	0.00441	0.00443	0.00090	0.03023	0.00347	0.00328	0.75254
19	0.01410	0.77013	0.04095	0.00922	0.01366	0.05477	0.00915	0.01584	0.01077	0.01235	0.00732	0.00845	0.00668	0.00450	0.00343	0.00113	0.00578	0.00283	0.00225	0.00667
20	0.01065	0.01011	0.01419	0.01241	0.01271	0.01377	0.01023	0.02680	0.00839	0.01283	0.00859	0.01351	0.00831	0.01598	0.19695	0.00367	0.60810	0.00480	0.00246	0.00552
21	0.02150	0.01067	0.08129	0.01080	0.04825	0.00839	0.00906	0.02423	0.03322	0.66677	0.01909	0.01696	0.01220	0.00625	0.00521	0.00162	0.00479	0.00510	0.00587	0.00872
22	0.03283	0.41197	0.17244	0.04007	0.01591	0.05329	0.02753	0.01607	0.01118	0.07664	0.02346	0.06005	0.00962	0.00573	0.00455	0.00141	0.02336	0.00425	0.00284	0.00678
23	0.00777	0.00577	0.00805	0.00989	0.07696	0.00564	0.00663	0.00918	0.01035	0.01378	0.02453	0.37191	0.02803	0.15446	0.01015	0.00266	0.00421	0.24113	0.00433	0.00457
24	0.00953	0.00884	0.01477	0.73395	0.03336	0.01092	0.01361	0.01277	0.01037	0.01330	0.01098	0.08462	0.00937	0.00619	0.00533	0.00177	0.00660	0.00553	0.00254	0.00565
25	0.01399	0.01203	0.01849	0.14569	0.31946	0.05115	0.10328	0.05696	0.07257	0.10314	0.01235	0.03184	0.00967	0.00570	0.00557	0.01577	0.00630	0.00514	0.00338	0.00751
26	0.01080	0.00926	0.01080	0.00771	0.01234	0.00694	0.00617	0.01311	0.01080	0.01697	0.00926	0.01080	0.00771	0.00386	0.00386	0.00077	0.00386	0.00309	0.00309	0.84882
27	0.00634	0.00455	0.00602	0.00720	0.00754	0.00423	0.00481	0.00726	0.01002	0.01331	0.02932	0.79408	0.05355	0.01624	0.00663	0.00211	0.00301	0.01471	0.00483	0.00423
28	0.01264	0.01211	0.02068	0.09605	0.72239	0.01231	0.01586	0.01576	0.01174	0.01671	0.00975	0.01297	0.00814	0.00469	0.00516	0.00156	0.00625	0.00464	0.00256	0.00804
29	0.01191	0.19724	0.35172	0.03391	0.07241	0.01408	0.17183	0.01613	0.01121	0.02818	0.00963	0.02520	0.00760	0.00501	0.00514	0.00157	0.02317	0.00439	0.00244	0.00725
30	0.00634	0.00453	0.00604	0.00725	0.00755	0.00423	0.00483	0.00725	0.00997	0.01329	0.02870	0.81358	0.03444	0.01632	0.00665	0.00211	0.00302	0.01480	0.00483	0.00423
31	0.00971	0.00485	0.00485	0.00485	0.00607	0.00485	0.00364	0.01213	0.01092	0.01942	0.01699	0.01942	0.01335	0.00607	0.00364	0.00121	0.00243	0.00485	0.84589	0.00485
32	0.01062	0.02521	0.69443	0.03377	0.02333	0.01219	0.09553	0.01644	0.01111	0.01644	0.00947	0.01137	0.00674	0.00490	0.00508	0.00166	0.00779	0.00410	0.00225	0.00758
33	0.01227	0.09328	0.35933	0.08653	0.06969	0.02734	0.12940	0.01769	0.07904	0.06005	0.01101	0.01269	0.00812	0.00510	0.00506	0.00162	0.00703	0.00447	0.00283	0.00745
34	0.00723	0.00607	0.02491	0.00831	0.00879	0.00615	0.00611	0.00839	0.01000	0.01373	0.07266	0.63040	0.03075	0.01466	0.00809	0.00210	0.11989	0.01273	0.00446	0.00456
35	0.00961	0.00867	0.01408	0.64151	0.03017	0.01074	0.01263	0.01258	0.01001	0.01319	0.01026	0.01601	0.00846	0.07836	0.03434	0.00226	0.04044	0.00493	0.03628	0.00547
36	0.00724	0.00532	0.00677	0.00641	0.00770	0.00486	0.00481	0.00957	0.01442	0.02013	0.70089	0.04014	0.13047	0.01093	0.00614	0.00165	0.00248	0.00959	0.00563	0.00486
37	0.01936	0.01426	0.01532	0.01183	0.01587	0.01577	0.00974	0.74273	0.02402	0.03219	0.01302	0.03823	0.00968	0.00657	0.00526	0.00158	0.00564	0.00501	0.00520	0.00871
38	0.85377	0.01007	0.00765	0.00685	0.01007	0.01168	0.00564	0.01531	0.00886	0.02336	0.00725	0.00846	0.00564	0.00483	0.00322	0.00161	0.00403	0.00282	0.00322	0.00564
39	0.85377	0.01007	0.00765	0.00685	0.01007	0.01168	0.00564	0.01531	0.00886	0.02336	0.00725	0.00846	0.00564	0.00483	0.00322	0.00161	0.00403	0.00282	0.00322	0.00564
40	0.00615	0.00528	0.00528	0.00528	0.00703	0.00440	0.00396	0.00747	0.01187	0.01407	0.05276	0.05012	0.78238	0.01319	0.00615	0.00176	0.00264	0.01099	0.00484	0.00440
41	0.00635	0.00534	0.00555	0.00566	0.00737	0.00454	0.00435	0.00777	0.01188	0.01420	0.05053	0.05088	0.71583	0.01329	0.00625	0.00182	0.00283	0.07631	0.00483	0.00443
42	0.00634	0.00453	0.00604	0.00725	0.00755	0.00423	0.00483	0.00725	0.00997	0.01329	0.02870	0.81358	0.03444	0.01632	0.00665	0.00211	0.00302	0.01480	0.00483	0.00423
43	0.02336	0.00886	0.01209	0.00927	0.01329	0.00765	0.00765	0.02538	0.01491	0.78810	0.02055	0.01773	0.01289	0.00645	0.00524	0.00161	0.00443	0.00524	0.00645	0.00886
44	0.01211	0.00934	0.01102	0.00794	0.01251	0.00721	0.00638	0.03074	0.01146	0.08553	0.01033	0.01145	0.00820	0.00414	0.00401	0.00086	0.00395	0.00331	0.00343	0.75609
45	0.01045	0.02694	0.79000	0.01484	0.02254	0.01209	0.01924	0.01649	0.01099	0.01649	0.00935	0.01099	0.00660	0.00495	0.00495	0.00165	0.00770	0.00385	0.00220	0.00770
46	0.85377	0.01007	0.00765	0.00685	0.01007	0.01168	0.00564	0.01531	0.00886	0.02336	0.00725	0.00846	0.00564	0.00483	0.00322	0.00161	0.00403	0.00282	0.00322	0.00564
47	0.00615	0.00528	0.00528	0.00528	0.00703	0.00440	0.00396	0.00747	0.01187	0.01407	0.05276	0.05012	0.78238	0.01319	0.00615	0.00176	0.00264	0.01099	0.00484	0.00440
48	0.01945	0.02482	0.01476	0.01342	0.01610	0.79608	0.01006	0.02079	0.01476	0.01275	0.00805	0.00939	0.00671	0.00537	0.00470	0.00134	0.00939	0.00335	0.00268	0.00604
49	0.85377	0.01007	0.00765	0.00685	0.01007	0.01168	0.00564	0.01531	0.00886	0.02336	0.00725	0.00846	0.00564	0.00483	0.00322	0.00161	0.00403	0.00282	0.00322	0.00564
50	0.01980	0.01459	0.01563	0.01198	0.01615	0.01615	0.00990	0.76713	0.02448	0.03282	0.01250	0.01250	0.00886	0.00625	0.00521	0.00156	0.00573	0.00469	0.00521	0.00886
51	0.00619	0.00526	0.00533	0.00534	0.00706	0.00440	0.00400	0.00752	0.01190	0.01421	0.06911	0.06476	0.75087	0.01319	0.00616	0.00176	0.00264	0.01103	0.00486	0.00440
52	0.01060	0.00571	0.00581	0.00548	0.00696	0.00585	0.00419	0.07892	0.01212	0.02060	0.01659	0.01880	0.01295	0.00608	0.00378	0.00124	0.00272	0.00484	0.77153	0.00521
53	0.85377	0.01007	0.00765	0.00685	0.01007	0.01168	0.00564	0.01531	0.00886	0.02336	0.00725	0.00846	0.00564	0.00483	0.00322	0.00161	0.00403	0.00282	0.00322	0.00564
54	0.01294	0.01086	0.01161	0.02213	0.01352	0.01235	0.00815	0.10579	0.59693	0.02201	0.02249	0.04168	0.06693	0.00773	0.00542	0.00176	0.00422	0.02043	0.00519	0.00785
55	0.01018	0.00964	0.01605	0.61528	0.03143	0.01096	0.07287	0.01354	0.01062	0.01416	0.00936	0.01341	0.00714	0.00493	0.00507	0.00158	0.00660	0.00450	0.00246	0.14023
56	0.01144	0.12394	0.62727	0.01403	0.03480	0.01294	0.01708	0.02929	0.01139	0.04150	0.02457	0.01149	0.00771	0.00506	0.00479	0.00158	0.00716	0.00390	0.00247	0.00758
57	0.02022	0.01303	0.01452	0.01119	0.01523	0.01395	0.00922	0.57109	0.03704	0.19914	0.01456	0.01395	0.00999	0.00631	0.00518	0.00157	0.00534	0.00484	0.02488	0.00875
58	0.00731	0.00528	0.00691	0.00659	0.00777	0.00487	0.00491	0.00968	0.01447	0.02045	0.73903	0.08285	0.04830	0.01097	0.00617	0.00166	0.00249	0.00972	0.00568	0.00487
59	0.01093	0.11374	0.66688	0.01474	0.03616	0.01307	0.04201	0.01639	0.01101	0.01604	0.00916	0.01084	0.00668	0.00487	0.00481	0.00159	0.00747	0.00382	0.00222	0.00757
60	0.01222	0.03183	0.04974	0.23463	0.33322	0.02745	0.03318	0.06999	0.03390	0.03255	0.01409	0.01648	0.07658	0.00579	0.00523	0.00162	0.00613	0.00518	0.00303	0.00716
61	0.00737	0.00532	0.00696	0.00655	0.00778	0.00491	0.00491	0.00983	0.01474	0.02088	0.78175	0.03890	0.04914	0.01065	0.00614	0.00164	0.00246	0.00942	0.00573	0.00491
62	0.00659	0.00472	0.00619	0.00728	0.00771	0.00444	0.00501	0.00759	0.01010	0.01335	0.02900	0.66781	0.06723	0.06143	0.00780	0.00229	0.00328	0.07921	0.00474	0.00423
63	0.15752	0.03195	0.14204	0.02911	0.03849	0.10188	0.01018	0.08637	0.03129	0.28873	0.01357	0.01387	0.00949	0.00580	0.00478	0.00159	0.00573	0.01573	0.00430	0.00759
64	0.00897	0.00540	0.00632	0.00607	0.00645	0.00532	0.00364	0.00919	0.00824	0.07897	0.01671	0.03228	0.01824	0.72488	0.04482	0.00483	0.00523	0.00731	0.00344	0.00370
65	0.00657	0.00531	0.00553	0.00552	0.00722	0.00447	0.00412	0.00792	0.01194	0.03011	0.08081	0.09231	0.69398	0.01312	0.00616	0.00177	0.00269	0.01102	0.00491	0.00450
66	0.01207	0.01573	0.13340	0.02140	0.05794	0.01299	0.63323	0.01663	0.01210	0.01667	0.01034	0.01359	0.00774	0.00448	0.00594	0.00173	0.00853	0.00577	0.00257	0.00717
67	0.05572	0.01460	0.07320	0.03837	0.01653	0.03153	0.01023	0.49788	0.11823	0.07100	0.01339	0.01337	0.00956	0.00615	0.00510	0.00160	0.00564	0.00469	0.00482	0.00838
68	0.01395	0.76466	0.02648	0.00923	0.01345	0.03958	0.00905	0.01559	0.01057	0.01228	0.00724	0.00851	0.00669	0.00468	0.00398	0.00117	0.04115	0.00288	0.00224	0.00662
69	0.02471	0.28338	0.37075	0.01229	0.03439	0.08080	0.01348	0.02828	0.01161	0.01533	0.04967	0.01259	0.03128	0.00537	0.00448	0.00145	0.00661	0.00397	0.00258	0.00699
70	0.01031	0.00954	0.01563	0.75137	0.03449	0.01187	0.01419	0.04665	0.01098	0.01415	0.00934	0.01377	0.00702	0.00534	0.00548	0.00174	0.02513	0.00463	0.00244	0.00592
71	0.00641	0.00456	0.00602	0.00716	0.00745	0.00428	0.00474	0.00727	0.00983	0.01311	0.02801	0.76936	0.03356	0.06174	0.00777	0.00228	0.00314	0.01439	0.00474	0.00417
72	0.01374	0.01378	0.01879	0.07562	0.50018	0.12238	0.03043	0.04262	0.08012	0.01709	0.01104	0.01411	0.00914	0.00527	0.00518	0.00157	0.00651	0.02177	0.00296	0.00769
73	0.69979	0.01287	0.03916	0.00811	0.01143	0.12559	0.00681	0.01615	0.00980	0.02156	0.00745	0.00869	0.00583	0.00492	0.00350	0.00157	0.00495	0.00294	0.00310	0.00578
74	0.00634	0.00453	0.00604	0.00725	0.00755	0.00423	0.00483	0.00725	0.00997	0.01329	0.02870	0.81358	0.03444	0.01632	0.00665	0.00211	0.00302	0.01480	0.00483	0.00423
75	0.00953	0.00884	0.01477	0.73395	0.03336	0.01092	0.01361	0.01277	0.01037	0.01330	0.01098	0.08462	0.00937	0.00619	0.00533	0.00177	0.00660	0.00553	0.00254	0.00565
76	0.01022	0.01015	0.01937	0.19409	0.06642	0.01024	0.31579	0.01351	0.01159	0.01540	0.03150	0.10345	0.04876	0.00780	0.00609	0.00187	0.00665	0.11780	0.00326	0.00604
77	0.00760	0.00613	0.00688	0.00665	0.00833	0.00584	0.00503	0.01125	0.12356	0.01745	0.28884	0.07406	0.38005	0.01161	0.00607	0.00175	0.00286	0.02572	0.00520	0.00513
78	0.01072	0.04015	0.68778	0.01556	0.02291	0.01238	0.10563	0.01650	0.01114	0.01644	0.00944	0.01130	0.00675	0.00487	0.00506	0.00165	0.00778	0.00409	0.00225	0.00760
79	0.01927	0.01324	0.01453	0.01138	0.01534	0.01443	0.00932	0.54701	0.13721	0.14080	0.01499	0.01431	0.01051	0.00640	0.00523	0.00160	0.00530	0.00495	0.00540	0.00876
80	0.01109	0.00943	0.01095	0.00785	0.01246	0.00724	0.00629	0.03733	0.01124	0.01748	0.00936	0.01085	0.00775	0.00393	0.00390	0.00080	0.00392	0.00314	0.00315	0.82184
81	0.00969	0.00584	0.00771	0.00695	0.00858	0.00531	0.00531	0.01209	0.01476	0.13228	0.67123	0.03583	0.04387	0.01004	0.00601	0.00163	0.00274	0.00881	0.00584	0.00549
82	0.10893	0.01327	0.01382	0.01109	0.01485	0.01488	0.00903	0.50512	0.20566	0.02910	0.01405	0.01375	0.01022	0.00630	0.00502	0.00162	0.00515	0.00478	0.00502	0.00836
83	0.01052	0.00869	0.01055	0.05283	0.01308	0.00692	0.00650	0.01285	0.01118	0.03404	0.07870	0.04914	0.01263	0.00514	0.00429	0.00098	0.00388	0.00430	0.00343	0.67035
84	0.01075	0.09710	0.72253	0.01432	0.02173	0.01285	0.01833	0.01641	0.01096	0.01612	0.00916	0.01076	0.00660	0.00490	0.00481	0.00160	0.00751	0.00375	0.00220	0.00761
85	0.01203	0.34179	0.40296	0.01325	0.01939	0.01561	0.09664	0.01615	0.01097	0.01482	0.00864	0.01028	0.00677	0.00469	0.00444	0.00145	0.00697	0.00368	0.00226	0.00722
86	0.01075	0.09710	0.72253	0.01432	0.02173	0.01285	0.01833	0.01641	0.01096	0.01612	0.00916	0.01076	0.00660	0.00490	0.00481	0.00160	0.00751	0.00375	0.00220	0.00761
87	0.02157	0.05566	0.03363	0.01140	0.08175	0.00892	0.00876	0.02377	0.01429	0.65616	0.01855	0.01659	0.01197	0.00613	0.00511	0.00158	0.00473	0.00501	0.00576	0.00865
88	0.00621	0.00518	0.00541	0.00556	0.00712	0.00439	0.00409	0.00749	0.01168	0.01411	0.06521	0.15089	0.66771	0.01355	0.00622	0.00180	0.00268	0.01146	0.00485	0.00439
89	0.01139	0.01139	0.01595	0.01367	0.01367	0.01595	0.01139	0.01253	0.00798	0.01253	0.00684	0.01139	0.00684	0.00911	0.01709	0.00228	0.80745	0.00456	0.00228	0.00570
90	0.01251	0.05889	0.01645	0.01337	0.01395	0.11028	0.01109	0.01370	0.00894	0.01254	0.00701	0.01098	0.00681	0.00840	0.01482	0.00210	0.66573	0.00431	0.00232	0.00579

[dist]
# distance from previous block
# <min> <max>
0	3

[block]
# block no. 1 follows, 47 sequences, length 28
# corresponding to MSA columns:
# 267-294
name=unknown_B
#
# <colnr> <probs for GDERKNQSTAVLIFYWHMCP>
#	G	D	E	R	K	N	Q	S	T	A	V	L	I	F	Y	W	H	M	C	P
0	0.85377	0.01007	0.00765	0.00685	0.01007	0.01168	0.00564	0.01531	0.00886	0.02336	0.00725	0.00846	0.00564	0.00483	0.00322	0.00161	0.00403	0.00282	0.00322	0.00564
1	0.01139	0.01139	0.01595	0.01367	0.01367	0.01595	0.01139	0.01253	0.00798	0.01253	0.00684	0.01139	0.00684	0.00911	0.01709	0.00228	0.80745	0.00456	0.00228	0.00570
2	0.04146	0.01218	0.01297	0.01093	0.01430	0.01373	0.00877	0.30312	0.42581	0.04264	0.01774	0.01792	0.01340	0.00695	0.00527	0.00171	0.00475	0.03284	0.00521	0.00828
3	0.01876	0.01370	0.01500	0.01231	0.05119	0.03039	0.00963	0.59219	0.03721	0.07738	0.01291	0.01302	0.00924	0.00605	0.00508	0.00151	0.00552	0.00463	0.02820	0.05610
4	0.01689	0.01380	0.01737	0.01473	0.07547	0.05401	0.09611	0.39798	0.01793	0.06534	0.01136	0.01277	0.00854	0.00639	0.00737	0.00170	0.14859	0.00479	0.02104	0.00782
5	0.01980	0.01459	0.01563	0.01198	0.01615	0.01615	0.00990	0.76713	0.02448	0.03282	0.01250	0.01250	0.00886	0.00625	0.00521	0.00156	0.00573	0.00469	0.00521	0.00886
6	0.01080	0.00926	0.01080	0.00771	0.01234	0.00694	0.00617	0.01311	0.01080	0.01697	0.00926	0.01080	0.00771	0.00386	0.00386	0.00077	0.00386	0.00309	0.00309	0.84882
7	0.00652	0.00466	0.00620	0.00713	0.00759	0.00434	0.00485	0.00768	0.01077	0.01456	0.15455	0.68412	0.03690	0.01537	0.00656	0.00204	0.00293	0.01390	0.00498	0.00434
8	0.40752	0.00942	0.01004	0.00815	0.01180	0.00952	0.00672	0.02072	0.01211	0.43433	0.01440	0.01344	0.00954	0.00570	0.00431	0.00161	0.00424	0.00412	0.00495	0.00737
9	0.02244	0.00875	0.01187	0.00913	0.01308	0.00754	0.00752	0.02448	0.01478	0.73872	0.04630	0.01824	0.01398	0.00651	0.00523	0.00159	0.00435	0.00532	0.00632	0.03387
10	0.85377	0.01007	0.00765	0.00685	0.01007	0.01168	0.00564	0.01531	0.00886	0.02336	0.00725	0.00846	0.00564	0.00483	0.00322	0.00161	0.00403	0.00282	0.00322	0.00564
11	0.01089	0.12833	0.69250	0.01408	0.02137	0.01318	0.01792	0.01638	0.01094	0.01595	0.00908	0.01066	0.00661	0.00488	0.00474	0.00158	0.00742	0.00371	0.00220	0.00757
12	0.01414	0.75311	0.04781	0.00933	0.01378	0.06418	0.00926	0.01591	0.01083	0.01240	0.00734	0.00849	0.00668	0.00452	0.00346	0.00114	0.00584	0.00285	0.00225	0.00667
13	0.02232	0.00935	0.01226	0.00948	0.01341	0.00850	0.00780	0.09121	0.03916	0.67747	0.03936	0.01785	0.01355	0.00655	0.00526	0.00161	0.00449	0.00532	0.00628	0.00874
14	0.01080	0.00926	0.01080	0.00771	0.01234	0.00694	0.00617	0.01311	0.01080	0.01697	0.00926	0.01080	0.00771	0.00386	0.00386	0.00077	0.00386	0.00309	0.00309	0.84882
15	0.00847	0.00526	0.00604	0.00588	0.00611	0.00520	0.00341	0.00858	0.00799	0.05405	0.01664	0.03316	0.01859	0.77119	0.02530	0.00485	0.00501	0.00744	0.00334	0.00348
16	0.00992	0.00942	0.01613	0.77813	0.03558	0.01162	0.03975	0.01342	0.01048	0.01342	0.00930	0.01389	0.00697	0.00518	0.00524	0.00174	0.00700	0.00468	0.00232	0.00583
17	0.00905	0.00452	0.00678	0.00678	0.00678	0.00452	0.00452	0.00678	0.00678	0.00905	0.00905	0.01583	0.00905	0.01809	0.02035	0.84848	0.00452	0.00452	0.00226	0.00226
18	0.05302	0.78241	0.02637	0.00881	0.01321	0.02019	0.00876	0.01558	0.01050	0.01277	0.00724	0.00836	0.00663	0.00447	0.00334	0.00114	0.00550	0.00279	0.00227	0.00663
19	0.01139	0.01139	0.01595	0.01367	0.01367	0.01595	0.01139	0.01253	0.00798	0.01253	0.00684	0.01139	0.00684	0.00911	0.01709	0.00228	0.80745	0.00456	0.00228	0.00570
20	0.00737	0.00532	0.00696	0.00655	0.00778	0.00491	0.00491	0.00983	0.01474	0.02088	0.78175	0.03890	0.04914	0.01065	0.00614	0.00164	0.00246	0.00942	0.00573	0.00491
21	0.00983	0.00926	0.01562	0.80447	0.03587	0.01157	0.01446	0.01331	0.01041	0.01331	0.00926	0.01388	0.00694	0.00521	0.00521	0.00174	0.00694	0.00463	0.00231	0.00579
22	0.00737	0.00532	0.00696	0.00655	0.00778	0.00491	0.00491	0.00983	0.01474	0.02088	0.78175	0.03890	0.04914	0.01065	0.00614	0.00164	0.00246	0.00942	0.00573	0.00491
23	0.01289	0.01237	0.02114	0.03196	0.78450	0.01237	0.01598	0.01598	0.01186	0.01701	0.00980	0.01289	0.00825	0.00464	0.00516	0.00155	0.00619	0.00464	0.00258	0.00825
24	0.00640	0.00458	0.00610	0.00721	0.00757	0.00427	0.00484	0.00740	0.01024	0.01373	0.07195	0.76910	0.03529	0.01599	0.00662	0.00209	0.00299	0.01450	0.00489	0.00427
25	0.01289	0.01237	0.02114	0.03196	0.78450	0.01237	0.01598	0.01598	0.01186	0.01701	0.00980	0.01289	0.00825	0.00464	0.00516	0.00155	0.00619	0.00464	0.00258	0.00825
26	0.01332	0.01333	0.02074	0.04884	0.68672	0.07448	0.03415	0.01632	0.01206	0.01658	0.00966	0.01266	0.00809	0.00470	0.00515	0.00154	0.00652	0.00458	0.00258	0.00798
27	0.01045	0.02694	0.79000	0.01484	0.02254	0.01209	0.01924	0.01649	0.01099	0.01649	0.00935	0.01099	0.00660	0.00495	0.00495	0.00165	0.00770	0.00385	0.00220	0.00770

[dist]
# distance from previous block
# <min> <max>
0	1

[block]
# block no. 2 follows, 47 sequences, length 77
# corresponding to MSA columns:
# 296-372
name=unknown_C
#
# <colnr> <probs for GDERKNQSTAVLIFYWHMCP>
#	G	D	E	R	K	N	Q	S	T	A	V	L	I	F	Y	W	H	M	C	P
0	0.00622	0.00522	0.00540	0.00547	0.00710	0.00440	0.00406	0.00755	0.01184	0.01428	0.07985	0.10640	0.69776	0.01332	0.00619	0.00178	0.00266	0.01121	0.00487	0.00440
1	0.00737	0.00532	0.00696	0.00655	0.00778	0.00491	0.00491	0.00983	0.01474	0.02088	0.78175	0.03890	0.04914	0.01065	0.00614	0.00164	0.00246	0.00942	0.00573	0.00491
2	0.01561	0.01233	0.01318	0.01097	0.01446	0.01381	0.00877	0.30246	0.45093	0.04014	0.01747	0.01648	0.01289	0.00662	0.00521	0.00165	0.00472	0.00532	0.00520	0.04179
3	0.00677	0.00476	0.00614	0.00707	0.00737	0.00455	0.00472	0.00759	0.00958	0.01274	0.02585	0.58175	0.03061	0.19668	0.01116	0.00280	0.00361	0.06776	0.00445	0.00403
4	0.85377	0.01007	0.00765	0.00685	0.01007	0.01168	0.00564	0.01531	0.00886	0.02336	0.00725	0.00846	0.00564	0.00483	0.00322	0.00161	0.00403	0.00282	0.00322	0.00564
5	0.00955	0.20476	0.01274	0.00896	0.01094	0.00938	0.00797	0.01172	0.01191	0.01530	0.10898	0.06012	0.03930	0.01155	0.00610	0.00198	0.00464	0.45457	0.00428	0.00525
6	0.01191	0.00964	0.01120	0.00809	0.01266	0.00765	0.00650	0.06957	0.01196	0.04528	0.00989	0.01117	0.00798	0.00413	0.00401	0.00086	0.00402	0.00328	0.00336	0.75685
7	0.20132	0.04452	0.02698	0.03067	0.01443	0.04655	0.00865	0.32448	0.14900	0.04982	0.04470	0.01380	0.01091	0.00611	0.00473	0.00159	0.00511	0.00455	0.00450	0.00757
8	0.00716	0.00524	0.00673	0.00652	0.00770	0.00480	0.00483	0.00937	0.01401	0.01953	0.64356	0.12092	0.10729	0.01145	0.00620	0.00170	0.00253	0.01011	0.00557	0.00480
9	0.01670	0.07274	0.01461	0.01105	0.01445	0.04488	0.00921	0.48912	0.03431	0.03910	0.01530	0.04260	0.01329	0.02753	0.00594	0.00177	0.00556	0.12941	0.00478	0.00763
10	0.01080	0.00926	0.01080	0.00771	0.01234	0.00694	0.00617	0.01311	0.01080	0.01697	0.00926	0.01080	0.00771	0.00386	0.00386	0.00077	0.00386	0.00309	0.00309	0.84882
11	0.01101	0.00860	0.00897	0.00806	0.01055	0.02524	0.00626	0.06923	0.26987	0.07575	0.06642	0.03342	0.36601	0.00987	0.00570	0.00172	0.00362	0.00818	0.00513	0.00639
12	0.01139	0.08166	0.50588	0.01884	0.19938	0.01286	0.06551	0.01632	0.01125	0.01631	0.00937	0.01143	0.00707	0.00480	0.00495	0.00159	0.00726	0.00410	0.00232	0.00771
13	0.03039	0.00985	0.01626	0.41546	0.24127	0.01104	0.03649	0.01404	0.02547	0.01514	0.01280	0.01985	0.02713	0.00634	0.00544	0.00176	0.00631	0.09571	0.00283	0.00641
14	0.00852	0.00558	0.00729	0.00671	0.00817	0.00510	0.00509	0.01091	0.01467	0.07769	0.70303	0.03767	0.06873	0.01041	0.00608	0.00164	0.00261	0.00916	0.00576	0.00519
15	0.85377	0.01007	0.00765	0.00685	0.01007	0.01168	0.00564	0.01531	0.00886	0.02336	0.00725	0.00846	0.00564	0.00483	0.00322	0.00161	0.00403	0.00282	0.00322	0.00564
16	0.01291	0.02958	0.07774	0.02636	0.54473	0.01276	0.06555	0.04037	0.10452	0.01792	0.01122	0.01352	0.00902	0.00498	0.00519	0.00159	0.00620	0.00480	0.00296	0.00811
17	0.00744	0.00558	0.00837	0.00837	0.00930	0.00651	0.00651	0.00930	0.00837	0.01209	0.01395	0.02046	0.01302	0.03906	0.79635	0.00837	0.01395	0.00558	0.00279	0.00465
18	0.00713	0.00531	0.00663	0.00630	0.00763	0.00481	0.00473	0.00937	0.01418	0.01955	0.63864	0.04110	0.19308	0.01115	0.00614	0.00166	0.00249	0.00973	0.00556	0.00481
19	0.07321	0.01454	0.01740	0.04854	0.35583	0.12288	0.01248	0.25336	0.01599	0.02170	0.01021	0.01201	0.00800	0.00528	0.00498	0.00153	0.00637	0.00435	0.00346	0.00787
20	0.01080	0.00926	0.01080	0.00771	0.01234	0.00694	0.00617	0.01311	0.01080	0.01697	0.00926	0.01080	0.00771	0.00386	0.00386	0.00077	0.00386	0.00309	0.00309	0.84882
21	0.02745	0.01355	0.10240	0.22571	0.38101	0.04127	0.01475	0.05389	0.03517	0.04032	0.01030	0.01306	0.00803	0.00506	0.00510	0.00161	0.00649	0.00453	0.00282	0.00747
22	0.01297	0.60165	0.23736	0.01054	0.01589	0.01826	0.01176	0.01584	0.01070	0.01342	0.00782	0.00908	0.00666	0.00459	0.00378	0.00126	0.00616	0.00308	0.00222	0.00696
23	0.01177	0.00658	0.00877	0.00866	0.00892	0.00619	0.00576	0.00890	0.00862	0.01177	0.01172	0.01930	0.01151	0.01931	0.02085	0.81360	0.00543	0.00538	0.00320	0.00379
24	0.01945	0.02482	0.01476	0.01342	0.01610	0.79608	0.01006	0.02079	0.01476	0.01275	0.00805	0.00939	0.00671	0.00537	0.00470	0.00134	0.00939	0.00335	0.00268	0.00604
25	0.03500	0.01256	0.11485	0.01252	0.08745	0.02488	0.01025	0.10936	0.03461	0.46529	0.01678	0.01617	0.01127	0.00615	0.00517	0.00162	0.00526	0.01715	0.00519	0.00846
26	0.00634	0.00453	0.00604	0.00725	0.00755	0.00423	0.00483	0.00725	0.00997	0.01329	0.02870	0.81358	0.03444	0.01632	0.00665	0.00211	0.00302	0.01480	0.00483	0.00423
27	0.00615	0.00528	0.00528	0.00528	0.00703	0.00440	0.00396	0.00747	0.01187	0.01407	0.05276	0.05012	0.78238	0.01319	0.00615	0.00176	0.00264	0.01099	0.00484	0.00440
28	0.01938	0.03530	0.01574	0.01192	0.01598	0.05092	0.00982	0.68731	0.05164	0.03099	0.01249	0.01252	0.00897	0.00620	0.00514	0.00155	0.00583	0.00463	0.00502	0.00865
29	0.01384	0.80075	0.04591	0.00906	0.01359	0.02040	0.00916	0.01562	0.01059	0.01236	0.00729	0.00842	0.00668	0.00447	0.00338	0.00113	0.00562	0.00281	0.00223	0.00671
30	0.01130	0.00924	0.01085	0.00777	0.01238	0.00697	0.00623	0.01360	0.01096	0.04752	0.00970	0.01107	0.00792	0.00396	0.00391	0.00080	0.00388	0.00317	0.00322	0.81554
31	0.01370	0.64182	0.08768	0.01050	0.04006	0.06319	0.01003	0.01576	0.01092	0.01300	0.02572	0.00958	0.00773	0.00483	0.00405	0.00123	0.02798	0.00317	0.00235	0.00671
32	0.01192	0.01014	0.01086	0.00984	0.01249	0.01151	0.00762	0.02442	0.64007	0.02138	0.13050	0.02328	0.04759	0.00779	0.00545	0.00175	0.00383	0.00657	0.00534	0.00763
33	0.00738	0.00535	0.00698	0.00665	0.00789	0.00495	0.00504	0.00980	0.01454	0.02047	0.72924	0.04006	0.06850	0.01088	0.00619	0.00167	0.00256	0.04129	0.00567	0.00489
34	0.00755	0.00552	0.00712	0.00682	0.00805	0.00521	0.00511	0.01039	0.04451	0.02034	0.68925	0.08711	0.04651	0.01094	0.00616	0.00169	0.00261	0.02447	0.00564	0.00500
35	0.00659	0.00553	0.00576	0.00566	0.00740	0.00482	0.00425	0.00861	0.04410	0.01524	0.14227	0.04744	0.65900	0.01262	0.00612	0.00174	0.00268	0.01058	0.00497	0.00462
36	0.01392	0.82012	0.02729	0.00891	0.01337	0.02061	0.00891	0.01559	0.01058	0.01225	0.00724	0.00835	0.00668	0.00446	0.00334	0.00111	0.00557	0.00278	0.00223	0.00668
37	0.00737	0.00532	0.00696	0.00655	0.00778	0.00491	0.00491	0.00983	0.01474	0.02088	0.78175	0.03890	0.04914	0.01065	0.00614	0.00164	0.00246	0.00942	0.00573	0.00491
38	0.00994	0.00946	0.01625	0.77178	0.03551	0.01164	0.04583	0.01345	0.01049	0.01345	0.00931	0.01389	0.00698	0.00517	0.00525	0.00174	0.00702	0.00469	0.00233	0.00584
39	0.01945	0.02482	0.01476	0.01342	0.01610	0.79608	0.01006	0.02079	0.01476	0.01275	0.00805	0.00939	0.00671	0.00537	0.00470	0.00134	0.00939	0.00335	0.00268	0.00604
40	0.03037	0.26683	0.01692	0.01104	0.03680	0.18340	0.00902	0.01776	0.15199	0.01501	0.01436	0.01953	0.03325	0.00782	0.02387	0.00173	0.03961	0.11087	0.00338	0.00643
41	0.00744	0.00558	0.00837	0.00837	0.00930	0.00651	0.00651	0.00930	0.00837	0.01209	0.01395	0.02046	0.01302	0.03906	0.79635	0.00837	0.01395	0.00558	0.00279	0.00465
42	0.01045	0.02694	0.79000	0.01484	0.02254	0.01209	0.01924	0.01649	0.01099	0.01649	0.00935	0.01099	0.00660	0.00495	0.00495	0.00165	0.00770	0.00385	0.00220	0.00770
43	0.01054	0.00903	0.00961	0.00886	0.01131	0.00995	0.00685	0.02035	0.49305	0.01879	0.02996	0.02856	0.24172	0.01125	0.06433	0.00225	0.00441	0.00737	0.00498	0.00684
44	0.00983	0.00926	0.01562	0.80447	0.03587	0.01157	0.01446	0.01331	0.01041	0.01331	0.00926	0.01388	0.00694	0.00521	0.00521	0.00174	0.00694	0.00463	0.00231	0.00579
45	0.00637	0.00528	0.00558	0.00551	0.00717	0.00449	0.00413	0.00790	0.01239	0.01530	0.18400	0.04810	0.65038	0.01273	0.00615	0.00174	0.00261	0.01071	0.00500	0.00449
46	0.81855	0.01078	0.04033	0.00718	0.01059	0.01170	0.00621	0.01536	0.00895	0.02308	0.00734	0.00857	0.00568	0.00484	0.00329	0.00161	0.00418	0.00286	0.00318	0.00573
47	0.01232	0.01168	0.01982	0.10546	0.66470	0.01191	0.01537	0.01541	0.01173	0.01657	0.01083	0.01579	0.00945	0.00529	0.00528	0.00162	0.00617	0.05012	0.00269	0.00780
48	0.00757	0.00505	0.00568	0.00568	0.00568	0.00505	0.00316	0.00757	0.00757	0.01010	0.01641	0.03408	0.01893	0.81698	0.02651	0.00505	0.00505	0.00757	0.00316	0.00316
49	0.01272	0.01220	0.02083	0.07538	0.74243	0.01233	0.01590	0.01583	0.01178	0.01681	0.00977	0.01294	0.00818	0.00467	0.00516	0.00156	0.00623	0.00464	0.00256	0.00811
50	0.66485	0.01010	0.00950	0.12099	0.04545	0.01175	0.00742	0.01557	0.04121	0.02162	0.00822	0.00987	0.00636	0.00497	0.00367	0.00163	0.00453	0.00328	0.00315	0.00588
51	0.02336	0.00886	0.01209	0.00927	0.01329	0.00765	0.00765	0.02538	0.01491	0.78810	0.02055	0.01773	0.01289	0.00645	0.00524	0.00161	0.00443	0.00524	0.00645	0.00886
52	0.00724	0.00526	0.00682	0.00655	0.00773	0.00484	0.00487	0.00954	0.01427	0.02004	0.69541	0.09693	0.07861	0.01117	0.00618	0.00168	0.00251	0.00988	0.00563	0.00484
53	0.01409	0.79595	0.02691	0.00905	0.01345	0.04417	0.00895	0.01575	0.01071	0.01227	0.00726	0.00839	0.00668	0.00448	0.00338	0.00112	0.00569	0.00280	0.00224	0.00666
54	0.01080	0.00926	0.01080	0.00771	0.01234	0.00694	0.00617	0.01311	0.01080	0.01697	0.00926	0.01080	0.00771	0.00386	0.00386	0.00077	0.00386	0.00309	0.00309	0.84882
55	0.01062	0.00748	0.03941	0.03354	0.01034	0.00714	0.06197	0.06387	0.02849	0.01960	0.02846	0.01826	0.01271	0.00678	0.02225	0.00151	0.01717	0.00500	0.59989	0.00551
56	0.01246	0.01069	0.01135	0.01035	0.01310	0.01230	0.00799	0.02615	0.71824	0.02115	0.02175	0.07844	0.01727	0.00775	0.00540	0.00179	0.00404	0.00655	0.00526	0.00794
57	0.01363	0.07233	0.02658	0.02498	0.04290	0.06803	0.03888	0.04003	0.49629	0.05033	0.01888	0.01873	0.03704	0.00678	0.00519	0.00168	0.00498	0.02042	0.00460	0.00773
58	0.02227	0.01061	0.01317	0.01010	0.01417	0.01025	0.00834	0.25220	0.01783	0.55714	0.01809	0.01613	0.01166	0.00639	0.00523	0.00160	0.00483	0.00507	0.00607	0.00886
59	0.00757	0.00505	0.00568	0.00568	0.00568	0.00505	0.00316	0.00757	0.00757	0.01010	0.01641	0.03408	0.01893	0.81698	0.02651	0.00505	0.00505	0.00757	0.00316	0.00316
60	0.00989	0.00936	0.01596	0.78678	0.03567	0.01161	0.03144	0.01338	0.01046	0.01338	0.00928	0.01389	0.00696	0.00519	0.00523	0.00174	0.00698	0.00466	0.00232	0.00581
61	0.01233	0.26318	0.47731	0.01292	0.01905	0.08742	0.01517	0.01656	0.01117	0.01481	0.00855	0.01006	0.00664	0.00491	0.00465	0.00147	0.02082	0.00350	0.00225	0.00721
62	0.00757	0.00505	0.00568	0.00568	0.00568	0.00505	0.00316	0.00757	0.00757	0.01010	0.01641	0.03408	0.01893	0.81698	0.02651	0.00505	0.00505	0.00757	0.00316	0.00316
63	0.01145	0.00924	0.01087	0.00779	0.01239	0.00698	0.00625	0.01375	0.01101	0.05722	0.00985	0.01116	0.00798	0.00399	0.00393	0.00082	0.00389	0.00320	0.00326	0.80498
64	0.01895	0.01274	0.01424	0.01117	0.01497	0.01382	0.00914	0.48599	0.11878	0.16914	0.01494	0.01465	0.01059	0.01979	0.00591	0.00166	0.02968	0.00496	0.00529	0.02359
65	0.00905	0.00452	0.00678	0.00678	0.00678	0.00452	0.00452	0.00678	0.00678	0.00905	0.00905	0.01583	0.00905	0.01809	0.02035	0.84848	0.00452	0.00452	0.00226	0.00226
66	0.00734	0.00532	0.00692	0.00652	0.00776	0.00490	0.00489	0.00978	0.01468	0.02074	0.76599	0.03914	0.06499	0.01070	0.00614	0.00164	0.00246	0.00945	0.00571	0.00490
67	0.01206	0.30907	0.47155	0.01311	0.03833	0.04272	0.01516	0.01631	0.01100	0.01486	0.00856	0.01005	0.00667	0.00478	0.00437	0.00145	0.00696	0.00347	0.00224	0.00729
68	0.01461	0.39859	0.13856	0.01285	0.07276	0.18767	0.01141	0.04286	0.01201	0.01408	0.00809	0.00961	0.00687	0.00503	0.00476	0.00135	0.04623	0.00336	0.00245	0.00684
69	0.01254	0.01456	0.06613	0.14762	0.11960	0.08797	0.36709	0.01676	0.04809	0.01584	0.01027	0.01340	0.00793	0.00502	0.00613	0.00171	0.04454	0.00523	0.00267	0.00691
70	0.00739	0.00499	0.00579	0.00597	0.00603	0.00496	0.00347	0.00756	0.00794	0.01060	0.01813	0.14635	0.02104	0.68445	0.04036	0.00470	0.00495	0.00857	0.00339	0.00334
71	0.04716	0.06000	0.07645	0.06842	0.13021	0.01213	0.33567	0.01741	0.01212	0.13501	0.01143	0.01353	0.00840	0.00483	0.00534	0.00161	0.00696	0.00507	0.00318	0.04509
72	0.00865	0.00707	0.00756	0.00786	0.00904	0.07694	0.00559	0.00992	0.01111	0.04143	0.07604	0.53733	0.06129	0.01332	0.00614	0.00187	0.00372	0.03210	0.00460	0.07845
73	0.09910	0.07089	0.01353	0.01180	0.10429	0.07748	0.00844	0.09033	0.02813	0.23310	0.13115	0.01707	0.01547	0.00627	0.00487	0.00148	0.00488	0.00502	0.00452	0.07216
74	0.09565	0.11423	0.29085	0.03083	0.16394	0.01296	0.06276	0.03124	0.03086	0.08790	0.01038	0.01191	0.00778	0.00509	0.00499	0.00158	0.02248	0.00414	0.00293	0.00750
75	0.01553	0.03369	0.09083	0.01167	0.01579	0.01243	0.06575	0.30451	0.11583	0.09939	0.01483	0.06507	0.01176	0.00722	0.01981	0.00171	0.00560	0.01767	0.00451	0.08641
76	0.18641	0.29776	0.11097	0.03807	0.01517	0.11402	0.02602	0.01685	0.06110	0.01622	0.00881	0.01005	0.00718	0.00486	0.00398	0.00136	0.00589	0.00336	0.00276	0.06916

[dist]
# distance from previous block
# <min> <max>
0	30

[block]
# block no. 3 follows, 47 sequences, length 140
# corresponding to MSA columns:
# 403-542
name=unknown_D
#
# <colnr> <probs for GDERKNQSTAVLIFYWHMCP>
#	G	D	E	R	K	N	Q	S	T	A	V	L	I	F	Y	W	H	M	C	P
0	0.16883	0.03573	0.19193	0.01803	0.24279	0.07660	0.05724	0.06193	0.05026	0.01877	0.00978	0.01158	0.00762	0.00499	0.00471	0.00156	0.00635	0.00410	0.00292	0.02429
1	0.04467	0.04979	0.04996	0.06584	0.12242	0.06027	0.04291	0.05775	0.05784	0.04854	0.01187	0.06098	0.01003	0.00553	0.00467	0.00134	0.00528	0.00467	0.02489	0.27075
2	0.01307	0.01343	0.08201	0.03981	0.54723	0.01232	0.04221	0.08286	0.02962	0.01846	0.01041	0.01296	0.00839	0.00486	0.00510	0.00153	0.00615	0.00460	0.02160	0.04337
3	0.01201	0.01144	0.06254	0.09816	0.15033	0.01119	0.09877	0.08329	0.10614	0.03878	0.03095	0.03714	0.02769	0.00759	0.00636	0.00181	0.05194	0.13450	0.00373	0.02561
4	0.00889	0.00715	0.00875	0.00759	0.01027	0.00583	0.00579	0.01080	0.01107	0.01619	0.10197	0.26055	0.02207	0.00917	0.00521	0.00140	0.00352	0.06359	0.00404	0.43617
5	0.01124	0.01008	0.01415	0.07767	0.14795	0.00886	0.05478	0.02631	0.03078	0.01694	0.01035	0.03516	0.00876	0.00462	0.00447	0.00112	0.00482	0.00410	0.00305	0.52479
6	0.00996	0.00942	0.01603	0.77078	0.05486	0.01162	0.02787	0.01343	0.01048	0.01346	0.00929	0.01386	0.00699	0.00518	0.00522	0.00173	0.00696	0.00466	0.00233	0.00587
7	0.00709	0.00531	0.00657	0.00626	0.00761	0.00479	0.00469	0.00928	0.01408	0.01931	0.61323	0.04149	0.21864	0.01123	0.00615	0.00167	0.00250	0.00978	0.00553	0.00479
8	0.02336	0.00886	0.01209	0.00927	0.01329	0.00765	0.00765	0.02538	0.01491	0.78810	0.02055	0.01773	0.01289	0.00645	0.00524	0.00161	0.00443	0.00524	0.00645	0.00886
9	0.00839	0.00599	0.00839	0.00959	0.01079	0.00599	0.00839	0.01079	0.01199	0.01558	0.02757	0.05874	0.02997	0.01439	0.00719	0.00240	0.00480	0.74945	0.00480	0.00480
10	0.00744	0.00558	0.00837	0.00837	0.00930	0.00651	0.00651	0.00930	0.00837	0.01209	0.01395	0.02046	0.01302	0.03906	0.79635	0.00837	0.01395	0.00558	0.00279	0.00465
11	0.00971	0.00485	0.00485	0.00485	0.00607	0.00485	0.00364	0.01213	0.01092	0.01942	0.01699	0.01942	0.01335	0.00607	0.00364	0.00121	0.00243	0.00485	0.84589	0.00485
12	0.01295	0.01119	0.01178	0.01060	0.01354	0.01295	0.00824	0.02767	0.77509	0.02178	0.02120	0.01943	0.01590	0.00707	0.00530	0.00177	0.00412	0.00589	0.00530	0.00824
13	0.85377	0.01007	0.00765	0.00685	0.01007	0.01168	0.00564	0.01531	0.00886	0.02336	0.00725	0.00846	0.00564	0.00483	0.00322	0.00161	0.00403	0.00282	0.00322	0.00564
14	0.85377	0.01007	0.00765	0.00685	0.01007	0.01168	0.00564	0.01531	0.00886	0.02336	0.00725	0.00846	0.00564	0.00483	0.00322	0.00161	0.00403	0.00282	0.00322	0.00564
15	0.00615	0.00528	0.00528	0.00528	0.00703	0.00440	0.00396	0.00747	0.01187	0.01407	0.05276	0.05012	0.78238	0.01319	0.00615	0.00176	0.00264	0.01099	0.00484	0.00440
16	0.00983	0.00926	0.01562	0.80447	0.03587	0.01157	0.01446	0.01331	0.01041	0.01331	0.00926	0.01388	0.00694	0.00521	0.00521	0.00174	0.00694	0.00463	0.00231	0.00579
17	0.00971	0.00485	0.00485	0.00485	0.00607	0.00485	0.00364	0.01213	0.01092	0.01942	0.01699	0.01942	0.01335	0.00607	0.00364	0.00121	0.00243	0.00485	0.84589	0.00485
18	0.01045	0.02694	0.79000	0.01484	0.02254	0.01209	0.01924	0.01649	0.01099	0.01649	0.00935	0.01099	0.00660	0.00495	0.00495	0.00165	0.00770	0.00385	0.00220	0.00770
19	0.01289	0.01237	0.02114	0.03196	0.78450	0.01237	0.01598	0.01598	0.01186	0.01701	0.00980	0.01289	0.00825	0.00464	0.00516	0.00155	0.00619	0.00464	0.00258	0.00825
20	0.02336	0.00886	0.01209	0.00927	0.01329	0.00765	0.00765	0.02538	0.01491	0.78810	0.02055	0.01773	0.01289	0.00645	0.00524	0.00161	0.00443	0.00524	0.00645	0.00886
21	0.01859	0.01399	0.01495	0.01174	0.01569	0.01559	0.00961	0.63681	0.15677	0.03088	0.01403	0.01372	0.01010	0.00639	0.00523	0.00160	0.00545	0.00490	0.00523	0.00875
22	0.01980	0.01459	0.01563	0.01198	0.01615	0.01615	0.00990	0.76713	0.02448	0.03282	0.01250	0.01250	0.00886	0.00625	0.00521	0.00156	0.00573	0.00469	0.00521	0.00886
23	0.00741	0.00510	0.00628	0.00642	0.00664	0.00526	0.00404	0.00790	0.00800	0.01087	0.01725	0.11725	0.01941	0.56591	0.18534	0.00542	0.00669	0.00795	0.00326	0.00359
24	0.00646	0.00459	0.00607	0.00720	0.00750	0.00431	0.00480	0.00734	0.00987	0.01315	0.02794	0.75245	0.03343	0.06425	0.00785	0.00230	0.00318	0.02842	0.00473	0.00418
25	0.00635	0.00459	0.00601	0.00712	0.00753	0.00425	0.00478	0.00732	0.01018	0.01349	0.04495	0.75262	0.07954	0.01602	0.00661	0.00208	0.00299	0.01447	0.00485	0.00425
26	0.03847	0.03357	0.06185	0.04823	0.01713	0.11459	0.01049	0.53389	0.02081	0.05302	0.01163	0.01207	0.00837	0.00595	0.00504	0.00154	0.00628	0.00440	0.00451	0.00816
27	0.01291	0.01333	0.04046	0.02937	0.61808	0.03361	0.14261	0.01624	0.01199	0.01683	0.00986	0.01295	0.00811	0.00462	0.00531	0.00158	0.00675	0.00484	0.00258	0.00797
28	0.85377	0.01007	0.00765	0.00685	0.01007	0.01168	0.00564	0.01531	0.00886	0.02336	0.00725	0.00846	0.00564	0.00483	0.00322	0.00161	0.00403	0.00282	0.00322	0.00564
29	0.00757	0.00505	0.00568	0.00568	0.00568	0.00505	0.00316	0.00757	0.00757	0.01010	0.01641	0.03408	0.01893	0.81698	0.02651	0.00505	0.00505	0.00757	0.00316	0.00316
30	0.01233	0.15438	0.28941	0.02146	0.35308	0.02987	0.03599	0.01621	0.01141	0.01593	0.00919	0.01142	0.00737	0.00472	0.00479	0.00151	0.00674	0.00407	0.00239	0.00771
31	0.01045	0.02694	0.79000	0.01484	0.02254	0.01209	0.01924	0.01649	0.01099	0.01649	0.00935	0.01099	0.00660	0.00495	0.00495	0.00165	0.00770	0.00385	0.00220	0.00770
32	0.00737	0.00532	0.00696	0.00655	0.00778	0.00491	0.00491	0.00983	0.01474	0.02088	0.78175	0.03890	0.04914	0.01065	0.00614	0.00164	0.00246	0.00942	0.00573	0.00491
33	0.00744	0.00558	0.00837	0.00837	0.00930	0.00651	0.00651	0.00930	0.00837	0.01209	0.01395	0.02046	0.01302	0.03906	0.79635	0.00837	0.01395	0.00558	0.00279	0.00465
34	0.01145	0.01155	0.01685	0.01417	0.01449	0.01578	0.05716	0.01278	0.00824	0.01278	0.00706	0.01155	0.00690	0.00883	0.01643	0.00225	0.75899	0.00465	0.00230	0.00578
35	0.00634	0.00453	0.00604	0.00725	0.00755	0.00423	0.00483	0.00725	0.00997	0.01329	0.02870	0.81358	0.03444	0.01632	0.00665	0.00211	0.00302	0.01480	0.00483	0.00423
36	0.01083	0.02423	0.65008	0.03199	0.14750	0.01213	0.01862	0.01635	0.01113	0.01652	0.00942	0.01136	0.00687	0.00490	0.00499	0.00163	0.00744	0.00399	0.00226	0.00775
37	0.85377	0.01007	0.00765	0.00685	0.01007	0.01168	0.00564	0.01531	0.00886	0.02336	0.00725	0.00846	0.00564	0.00483	0.00322	0.00161	0.00403	0.00282	0.00322	0.00564
38	0.85377	0.01007	0.00765	0.00685	0.01007	0.01168	0.00564	0.01531	0.00886	0.02336	0.00725	0.00846	0.00564	0.00483	0.00322	0.00161	0.00403	0.00282	0.00322	0.00564
39	0.00615	0.00528	0.00528	0.00528	0.00703	0.00440	0.00396	0.00747	0.01187	0.01407	0.05276	0.05012	0.78238	0.01319	0.00615	0.00176	0.00264	0.01099	0.00484	0.00440
40	0.00634	0.00453	0.00604	0.00725	0.00755	0.00423	0.00483	0.00725	0.00997	0.01329	0.02870	0.81358	0.03444	0.01632	0.00665	0.00211	0.00302	0.01480	0.00483	0.00423
41	0.06293	0.01189	0.01972	0.11591	0.65529	0.01224	0.01519	0.01565	0.01152	0.01698	0.00958	0.01273	0.00795	0.00471	0.00505	0.00157	0.00614	0.00453	0.00259	0.00782
42	0.00744	0.00558	0.00837	0.00837	0.00930	0.00651	0.00651	0.00930	0.00837	0.01209	0.01395	0.02046	0.01302	0.03906	0.79635	0.00837	0.01395	0.00558	0.00279	0.00465
