[name]
unknown

[dist]
# distance from previous block
# <min> <max>
0	214

[block]
# block no. 0 follows, 48 sequences, length 10
# corresponding to MSA columns:
# 218-227
name=unknown_A
#
# <colnr> <probs for GDERKNQSTAVLIFYWHMCP>
#	G	D	E	R	K	N	Q	S	T	A	V	L	I	F	Y	W	H	M	C	P
0	0.01455	0.01063	0.01160	0.05318	0.03517	0.07516	0.00810	0.24425	0.02657	0.11436	0.01667	0.14796	0.01506	0.02521	0.00569	0.00168	0.00495	0.05741	0.07463	0.05717
1	0.09084	0.01104	0.03719	0.00950	0.01281	0.01103	0.00779	0.32156	0.07853	0.02360	0.05718	0.13622	0.03645	0.00762	0.00504	0.00154	0.00448	0.00621	0.00450	0.13688
2	0.01089	0.00709	0.00940	0.04573	0.04163	0.00718	0.00696	0.10035	0.01259	0.12520	0.07464	0.43432	0.02561	0.01189	0.00642	0.00189	0.03276	0.03495	0.00480	0.00569
3	0.01401	0.01055	0.01219	0.08330	0.01497	0.02472	0.00852	0.14190	0.29562	0.11464	0.01805	0.04087	0.05054	0.03623	0.00672	0.00178	0.05978	0.00568	0.00459	0.05532
4	0.10356	0.01106	0.01512	0.05568	0.03011	0.01312	0.08051	0.11475	0.01115	0.03802	0.00915	0.01279	0.00789	0.05063	0.01092	0.00198	0.34249	0.00452	0.00300	0.08356
5	0.01147	0.00808	0.00988	0.16341	0.01447	0.05014	0.00734	0.06226	0.01241	0.13092	0.15819	0.04650	0.09220	0.14173	0.04717	0.00249	0.00514	0.00682	0.02383	0.00554
6	0.00996	0.00923	0.01547	0.70476	0.10308	0.01121	0.01397	0.01331	0.01041	0.01368	0.00947	0.01380	0.00721	0.00511	0.00506	0.00167	0.00660	0.00457	0.03554	0.00589
7	0.06486	0.01000	0.01194	0.10630	0.01550	0.00933	0.00780	0.12772	0.01259	0.04995	0.00986	0.01141	0.00773	0.00463	0.00454	0.00112	0.02704	0.00357	0.00338	0.51072
8	0.00681	0.00459	0.00594	0.00670	0.00697	0.00437	0.00437	0.00716	0.00905	0.01200	0.02453	0.53083	0.06036	0.17219	0.01202	0.10896	0.00353	0.01177	0.00412	0.00373
9	0.01498	0.01058	0.01168	0.00994	0.01288	0.01168	0.00784	0.19693	0.40084	0.11141	0.01749	0.01704	0.01295	0.00764	0.00646	0.07938	0.00441	0.00527	0.05300	0.00760

[dist]
# distance from previous block
# <min> <max>
3	14

[block]
# block no. 1 follows, 48 sequences, length 28
# corresponding to MSA columns:
# 242-269
name=unknown_B
#
# <colnr> <probs for GDERKNQSTAVLIFYWHMCP>
#	G	D	E	R	K	N	Q	S	T	A	V	L	I	F	Y	W	H	M	C	P
0	0.01220	0.00984	0.01510	0.62755	0.03072	0.01172	0.01305	0.12232	0.01261	0.08032	0.01050	0.01380	0.00760	0.00538	0.00513	0.00168	0.00646	0.00462	0.00302	0.00638
1	0.00838	0.00568	0.00772	0.07371	0.01053	0.00567	0.00604	0.00969	0.01056	0.08751	0.04966	0.53510	0.10455	0.01343	0.00673	0.00196	0.04180	0.01184	0.00462	0.00483
2	0.01294	0.00740	0.02576	0.00777	0.01005	0.00667	0.00616	0.05118	0.04460	0.25426	0.39554	0.02894	0.03064	0.08587	0.00759	0.00193	0.00358	0.00738	0.00550	0.00623
3	0.01202	0.00883	0.01100	0.00848	0.01228	0.00734	0.03224	0.04027	0.04808	0.11459	0.01399	0.12785	0.01246	0.00613	0.00456	0.00116	0.00399	0.00525	0.00387	0.52559
4	0.01319	0.01279	0.01988	0.03591	0.04923	0.09278	0.27144	0.01570	0.01089	0.08816	0.01010	0.01331	0.00817	0.00871	0.06905	0.00232	0.26406	0.00505	0.00285	0.00642
5	0.01192	0.00980	0.01121	0.00831	0.01265	0.00829	0.00666	0.08673	0.08657	0.03317	0.01078	0.01175	0.00859	0.00438	0.00409	0.00095	0.00401	0.00350	0.00351	0.67314
6	0.01080	0.00907	0.01127	0.00826	0.01243	0.00725	0.03644	0.02814	0.01137	0.03186	0.08333	0.01358	0.01160	0.00465	0.00439	0.00094	0.01821	0.00385	0.00336	0.68921
7	0.01372	0.82276	0.02689	0.00878	0.01317	0.02030	0.00878	0.01536	0.01043	0.01207	0.00713	0.00823	0.00658	0.00439	0.00329	0.00110	0.00549	0.00274	0.00219	0.00658
8	0.00625	0.00447	0.00595	0.00714	0.00744	0.00417	0.00476	0.00714	0.00982	0.01310	0.02828	0.81633	0.03394	0.01608	0.00655	0.00208	0.00298	0.01459	0.00476	0.00417
9	0.00745	0.00592	0.00767	0.14870	0.01238	0.00578	0.00616	0.00937	0.01201	0.03464	0.22112	0.12021	0.36746	0.01114	0.00592	0.00173	0.00339	0.00959	0.00458	0.00479
10	0.09238	0.01134	0.01879	0.25659	0.37287	0.01214	0.09875	0.04698	0.01156	0.01690	0.00945	0.01269	0.00749	0.00479	0.00503	0.00161	0.00638	0.00457	0.00264	0.00705
11	0.00891	0.00446	0.00668	0.00668	0.00668	0.00446	0.00446	0.00668	0.00668	0.00891	0.00891	0.01560	0.00891	0.01783	0.02005	0.85071	0.00446	0.00446	0.00223	0.00223
12	0.00710	0.00522	0.00664	0.00633	0.00757	0.00477	0.00473	0.00935	0.01408	0.01961	0.68112	0.05880	0.13372	0.01092	0.00607	0.00164	0.00246	0.00959	0.00552	0.00477
13	0.01135	0.01234	0.08314	0.27889	0.32991	0.01188	0.09588	0.01565	0.06272	0.01590	0.02649	0.01395	0.00889	0.00504	0.00521	0.00163	0.00652	0.00484	0.00268	0.00710
14	0.02624	0.01195	0.01616	0.38955	0.17933	0.08718	0.02649	0.09818	0.05657	0.01660	0.01079	0.01368	0.02052	0.00542	0.00528	0.00163	0.02022	0.00462	0.00291	0.00668
15	0.01064	0.02349	0.62534	0.01587	0.05231	0.01234	0.08966	0.01592	0.01074	0.01596	0.00913	0.01123	0.00671	0.00515	0.00599	0.00168	0.07412	0.00410	0.00223	0.00738
16	0.83095	0.00990	0.00777	0.03037	0.01067	0.01151	0.00581	0.01502	0.00878	0.02273	0.00720	0.00849	0.00559	0.00477	0.00323	0.00159	0.00405	0.00283	0.00315	0.00556
17	0.85592	0.00992	0.00754	0.00675	0.00992	0.01151	0.00556	0.01508	0.00873	0.02302	0.00714	0.00834	0.00556	0.00476	0.00318	0.00159	0.00397	0.00278	0.00318	0.00556
18	0.00742	0.00501	0.00582	0.00585	0.00594	0.00507	0.00342	0.00759	0.00758	0.01019	0.01626	0.05169	0.01855	0.73522	0.08969	0.00517	0.00565	0.00747	0.00312	0.00326
19	0.00726	0.00524	0.00686	0.00646	0.00767	0.00484	0.00484	0.00968	0.01452	0.02058	0.78496	0.03833	0.04841	0.01049	0.00605	0.00161	0.00242	0.00928	0.00565	0.00484
20	0.01169	0.01084	0.01483	0.01269	0.01303	0.01466	0.01046	0.07462	0.00909	0.01368	0.00741	0.01173	0.00711	0.00959	0.01618	0.08304	0.66684	0.00450	0.00248	0.00555
21	0.01196	0.03746	0.07757	0.05418	0.12399	0.01096	0.05847	0.08602	0.01182	0.01731	0.00924	0.01146	0.00753	0.00495	0.00594	0.00131	0.10098	0.00390	0.00291	0.36205
22	0.21473	0.04949	0.01342	0.01079	0.05175	0.02700	0.03829	0.17041	0.01465	0.31517	0.01402	0.01451	0.00990	0.00589	0.00468	0.00157	0.00495	0.02646	0.00471	0.00761
23	0.00652	0.00490	0.00604	0.00643	0.00738	0.00442	0.00457	0.00800	0.01179	0.01566	0.27341	0.37299	0.23214	0.01352	0.00627	0.00184	0.00270	0.01194	0.00504	0.00442
24	0.01183	0.02788	0.09468	0.22364	0.33586	0.04724	0.05499	0.01537	0.03323	0.01521	0.00944	0.01264	0.00761	0.00525	0.00620	0.00165	0.08327	0.00451	0.00249	0.00703
25	0.00640	0.00509	0.00569	0.00578	0.00713	0.00444	0.00421	0.00784	0.01189	0.01508	0.20654	0.16444	0.48574	0.03817	0.00676	0.00186	0.00269	0.01096	0.00490	0.00438
26	0.03251	0.01082	0.01223	0.00977	0.01322	0.04772	0.00790	0.24125	0.07060	0.35600	0.11225	0.01840	0.01588	0.02062	0.00557	0.00163	0.00471	0.00547	0.00554	0.00792
27	0.01297	0.20902	0.05774	0.02954	0.01962	0.04818	0.31524	0.05153	0.01167	0.02925	0.00923	0.01179	0.00745	0.00569	0.02003	0.00168	0.10897	0.00459	0.00264	0.04316

[dist]
# distance from previous block
# <min> <max>
1	9

[block]
# block no. 2 follows, 48 sequences, length 9
# corresponding to MSA columns:
# 279-287
name=unknown_C
#
# <colnr> <probs for GDERKNQSTAVLIFYWHMCP>
#	G	D	E	R	K	N	Q	S	T	A	V	L	I	F	Y	W	H	M	C	P
0	0.03419	0.01364	0.09281	0.04778	0.01710	0.03397	0.08636	0.27635	0.11509	0.09337	0.01340	0.03745	0.01015	0.00668	0.01966	0.00171	0.03032	0.00501	0.00419	0.06077
1	0.01240	0.04407	0.01168	0.00991	0.01148	0.16042	0.00758	0.12107	0.05262	0.01538	0.01339	0.09022	0.01316	0.17289	0.10541	0.00312	0.12410	0.00592	0.01967	0.00552
2	0.79859	0.01023	0.00808	0.00709	0.01033	0.01181	0.00584	0.06687	0.00979	0.02366	0.00750	0.00861	0.00577	0.00486	0.00331	0.00158	0.00408	0.00290	0.00331	0.00577
3	0.00641	0.00463	0.00593	0.00690	0.00735	0.00432	0.00466	0.00732	0.00987	0.01298	0.02945	0.64588	0.10488	0.08668	0.00825	0.00232	0.00318	0.04026	0.00462	0.00411
4	0.77810	0.00945	0.00729	0.00657	0.00956	0.01089	0.00538	0.01480	0.00892	0.02266	0.00803	0.00933	0.00626	0.00487	0.00321	0.00155	0.00382	0.00296	0.08087	0.00549
5	0.00642	0.00464	0.00608	0.00692	0.00746	0.00430	0.00473	0.00761	0.01076	0.01448	0.16551	0.63710	0.07514	0.01491	0.00643	0.00198	0.00286	0.01344	0.00492	0.00430
6	0.00954	0.00671	0.00799	0.00734	0.00918	0.00647	0.00575	0.11633	0.01468	0.06004	0.34590	0.07804	0.22198	0.01092	0.00600	0.00172	0.00326	0.07747	0.00526	0.00542
7	0.02105	0.00944	0.01210	0.00938	0.01313	0.00880	0.00770	0.15602	0.01635	0.59063	0.08423	0.01834	0.01505	0.00667	0.00523	0.00158	0.00443	0.00542	0.00607	0.00840
8	0.03608	0.03331	0.01424	0.01219	0.06595	0.04545	0.00923	0.37543	0.18226	0.11634	0.01513	0.04635	0.01144	0.00653	0.00510	0.00159	0.00518	0.00519	0.00489	0.00814

[dist]
# distance from previous block
# <min> <max>
0	3

[block]
# block no. 3 follows, 48 sequences, length 23
# corresponding to MSA columns:
# 291-313
name=unknown_D
#
# <colnr> <probs for GDERKNQSTAVLIFYWHMCP>
#	G	D	E	R	K	N	Q	S	T	A	V	L	I	F	Y	W	H	M	C	P
0	0.17988	0.14536	0.24667	0.01348	0.01858	0.03515	0.18899	0.05291	0.01138	0.02928	0.00897	0.01077	0.00684	0.00485	0.00487	0.00156	0.02689	0.00402	0.00269	0.00685
1	0.02508	0.39405	0.16503	0.01189	0.05770	0.01496	0.06778	0.01479	0.01067	0.03357	0.03975	0.01241	0.02835	0.00593	0.00557	0.05151	0.03290	0.00397	0.00258	0.02150
2	0.00608	0.00514	0.00526	0.00535	0.00697	0.00432	0.00397	0.00735	0.01155	0.01380	0.05009	0.11052	0.72567	0.01324	0.00610	0.00176	0.00263	0.01113	0.00476	0.00432
3	0.01150	0.00981	0.03549	0.02802	0.01322	0.00743	0.00687	0.03721	0.01126	0.05564	0.00978	0.01111	0.00784	0.00407	0.00398	0.00088	0.00408	0.00326	0.00322	0.73535
4	0.01280	0.01176	0.03773	0.09217	0.30132	0.01106	0.12776	0.08222	0.01264	0.05549	0.01137	0.01358	0.02685	0.00487	0.00500	0.00143	0.00592	0.00465	0.00309	0.17829
5	0.81381	0.00988	0.00793	0.04658	0.01119	0.01151	0.00599	0.01498	0.00881	0.02253	0.00724	0.00860	0.00562	0.00478	0.00327	0.00159	0.00411	0.00287	0.00313	0.00556
6	0.01718	0.06365	0.03149	0.01177	0.01574	0.01489	0.05421	0.49573	0.15423	0.04675	0.01364	0.01363	0.00992	0.00606	0.00505	0.00155	0.00546	0.00480	0.02601	0.00826
7	0.01194	0.39649	0.17155	0.01001	0.01417	0.02887	0.01016	0.01627	0.11757	0.01529	0.10577	0.03800	0.01379	0.00606	0.00464	0.00141	0.02364	0.00458	0.00312	0.00667
8	0.00622	0.00458	0.00584	0.00684	0.00736	0.00419	0.00463	0.00718	0.01011	0.01322	0.03194	0.69805	0.14985	0.01560	0.00647	0.00203	0.00292	0.01401	0.00476	0.00419
9	0.00616	0.00520	0.00533	0.00530	0.00699	0.00437	0.00397	0.00755	0.01192	0.01440	0.11058	0.04850	0.72665	0.01279	0.00606	0.00172	0.00258	0.01071	0.00484	0.00437
10	0.07225	0.04282	0.01176	0.05607	0.01345	0.01009	0.00766	0.13996	0.13344	0.24695	0.16408	0.02074	0.04427	0.00717	0.00515	0.00160	0.00426	0.00585	0.00517	0.00726
11	0.00625	0.00447	0.00595	0.00714	0.00744	0.00417	0.00476	0.00714	0.00982	0.01310	0.02828	0.81633	0.03394	0.01608	0.00655	0.00208	0.00298	0.01459	0.00476	0.00417
12	0.01064	0.00912	0.01064	0.00760	0.01216	0.00684	0.00608	0.01292	0.01064	0.01672	0.00912	0.01064	0.00760	0.00380	0.00380	0.00076	0.00380	0.00304	0.00304	0.85104
13	0.13136	0.12031	0.06970	0.07646	0.07945	0.03125	0.08001	0.10165	0.02790	0.01792	0.00905	0.01112	0.00727	0.00529	0.00589	0.00151	0.10165	0.00396	0.00293	0.11533
14	0.01107	0.01108	0.01559	0.23454	0.01964	0.04088	0.01202	0.01283	0.00875	0.01257	0.00744	0.01184	0.00676	0.00778	0.01317	0.00207	0.55958	0.00447	0.00227	0.00565
15	0.00684	0.00502	0.00610	0.00636	0.00746	0.00449	0.00457	0.00834	0.01190	0.03202	0.25702	0.32484	0.27984	0.01324	0.00622	0.00182	0.00272	0.01162	0.00506	0.00451
16	0.01069	0.00935	0.01171	0.00853	0.01294	0.00736	0.05117	0.01353	0.04057	0.01679	0.01018	0.03318	0.00864	0.00429	0.00406	0.00089	0.00407	0.00364	0.00315	0.74526
17	0.00641	0.00458	0.00614	0.00733	0.00770	0.00431	0.00504	0.00742	0.00998	0.01328	0.02819	0.75587	0.03359	0.01592	0.00659	0.00211	0.00312	0.07346	0.00476	0.00421
18	0.06076	0.01017	0.01620	0.46916	0.17868	0.01151	0.04226	0.03758	0.01093	0.01541	0.00920	0.01283	0.00717	0.00499	0.00522	0.00160	0.02570	0.00439	0.00255	0.07370
19	0.00738	0.00502	0.00602	0.00638	0.00659	0.00497	0.00409	0.00785	0.00845	0.01121	0.01966	0.16370	0.02264	0.57778	0.02031	0.00414	0.00462	0.11208	0.00360	0.00350
20	0.14660	0.08994	0.12980	0.20930	0.02023	0.01190	0.06119	0.03623	0.05413	0.01700	0.02695	0.01221	0.00823	0.00504	0.00473	0.00148	0.02252	0.00403	0.00286	0.13566
21	0.03425	0.09603	0.03443	0.16081	0.01790	0.03093	0.00974	0.30215	0.04048	0.03613	0.02643	0.05275	0.01017	0.00663	0.00566	0.03455	0.02023	0.00482	0.00380	0.07210
22	0.06216	0.15735	0.02806	0.00925	0.02711	0.02625	0.00751	0.17345	0.01326	0.01864	0.01378	0.19810	0.01364	0.00739	0.00466	0.00139	0.00454	0.00604	0.00371	0.22373

[dist]
# distance from previous block
# <min> <max>
1	15

[block]
# block no. 4 follows, 48 sequences, length 7
# corresponding to MSA columns:
# 329-335
name=unknown_E
#
# <colnr> <probs for GDERKNQSTAVLIFYWHMCP>
#	G	D	E	R	K	N	Q	S	T	A	V	L	I	F	Y	W	H	M	C	P
0	0.08032	0.04657	0.06804	0.01085	0.01516	0.01380	0.00948	0.48535	0.01933	0.11348	0.01213	0.01219	0.00860	0.00572	0.00479	0.00147	0.00535	0.00428	0.00463	0.07844
1	0.01005	0.00772	0.00851	0.00779	0.00963	0.05111	0.00588	0.05847	0.08941	0.05711	0.36902	0.15764	0.05647	0.00986	0.00568	0.00162	0.00344	0.00855	0.02445	0.05760
2	0.00718	0.00523	0.00650	0.00720	0.00788	0.00501	0.00494	0.05844	0.01086	0.01432	0.02896	0.65171	0.10477	0.05198	0.00730	0.00215	0.00321	0.01322	0.00471	0.00444
3	0.01085	0.00796	0.00980	0.00870	0.01053	0.05190	0.05838	0.03377	0.05459	0.10780	0.17486	0.15254	0.09809	0.07485	0.00773	0.00198	0.03374	0.02920	0.06721	0.00552
4	0.01396	0.06660	0.09001	0.05154	0.07288	0.17033	0.20624	0.01771	0.06477	0.06402	0.01046	0.01239	0.00810	0.00525	0.00592	0.00155	0.06723	0.00453	0.00294	0.06357
5	0.00631	0.00466	0.00583	0.00668	0.00727	0.00426	0.00453	0.00731	0.01027	0.01342	0.06385	0.60522	0.17530	0.05045	0.00729	0.00212	0.00297	0.01335	0.00473	0.00418
6	0.02111	0.00930	0.01199	0.00935	0.01311	0.00863	0.00767	0.10942	0.05872	0.61560	0.06462	0.01821	0.01453	0.00661	0.00521	0.00159	0.00438	0.00538	0.00611	0.00847

[dist]
# distance from previous block
# <min> <max>
1	52

[block]
# block no. 5 follows, 48 sequences, length 73
# corresponding to MSA columns:
# 388-409,411-461
name=unknown_F
#
# <colnr> <probs for GDERKNQSTAVLIFYWHMCP>
#	G	D	E	R	K	N	Q	S	T	A	V	L	I	F	Y	W	H	M	C	P
0	0.01091	0.01099	0.01958	0.35046	0.12335	0.01264	0.19496	0.01402	0.01038	0.01420	0.00911	0.01323	0.00732	0.00623	0.02204	0.00191	0.16512	0.00492	0.00239	0.00626
1	0.00714	0.00522	0.00670	0.00637	0.00760	0.00478	0.00476	0.00943	0.01417	0.01983	0.70508	0.05855	0.10951	0.01084	0.00607	0.00164	0.00245	0.00954	0.00555	0.00478
2	0.01099	0.00915	0.01069	0.00770	0.01221	0.00698	0.00616	0.01351	0.02630	0.03603	0.00963	0.01098	0.00789	0.00393	0.00386	0.00080	0.00382	0.00315	0.00317	0.81306
3	0.01061	0.10044	0.72198	0.01408	0.02137	0.01269	0.01801	0.01617	0.01080	0.01586	0.00902	0.01059	0.00651	0.00483	0.00473	0.00158	0.00739	0.00369	0.00217	0.00749
4	0.01029	0.02654	0.79309	0.01462	0.02221	0.01192	0.01896	0.01625	0.01083	0.01625	0.00921	0.01083	0.00650	0.00487	0.00487	0.00162	0.00758	0.00379	0.00217	0.00758
5	0.00625	0.00447	0.00595	0.00714	0.00744	0.00417	0.00476	0.00714	0.00982	0.01310	0.02828	0.81633	0.03394	0.01608	0.00655	0.00208	0.00298	0.01459	0.00476	0.00417
6	0.00891	0.00446	0.00668	0.00668	0.00668	0.00446	0.00446	0.00668	0.00668	0.00891	0.00891	0.01560	0.00891	0.01783	0.02005	0.85071	0.00446	0.00446	0.00223	0.00223
7	0.02208	0.00941	0.01221	0.00939	0.01332	0.00861	0.00775	0.12735	0.01591	0.66557	0.02001	0.01762	0.03302	0.00650	0.00518	0.00159	0.00449	0.00524	0.00614	0.00861
8	0.00808	0.00577	0.00805	0.00923	0.01033	0.00574	0.00794	0.01030	0.01163	0.01514	0.02727	0.12916	0.02994	0.01435	0.00704	0.00234	0.00456	0.68372	0.00473	0.00467
9	0.01153	0.01100	0.01872	0.33199	0.49628	0.01188	0.01517	0.01473	0.01113	0.01535	0.00945	0.01308	0.00763	0.00479	0.00510	0.00160	0.00638	0.00457	0.00244	0.00719
10	0.00625	0.00447	0.00595	0.00714	0.00744	0.00417	0.00476	0.00714	0.00982	0.01310	0.02828	0.81633	0.03394	0.01608	0.00655	0.00208	0.00298	0.01459	0.00476	0.00417
11	0.85592	0.00992	0.00754	0.00675	0.00992	0.01151	0.00556	0.01508	0.00873	0.02302	0.00714	0.00834	0.00556	0.00476	0.00318	0.00159	0.00397	0.00278	0.00318	0.00556
12	0.00628	0.00449	0.00598	0.00713	0.00745	0.00418	0.00477	0.00721	0.00994	0.01329	0.04744	0.79662	0.03430	0.01593	0.00654	0.00207	0.00296	0.01445	0.00479	0.00418
13	0.01201	0.01140	0.01925	0.24159	0.56944	0.01204	0.01523	0.02888	0.01153	0.01606	0.00956	0.01296	0.00779	0.00475	0.00509	0.00157	0.00629	0.00457	0.00252	0.00748
14	0.00625	0.00447	0.00595	0.00714	0.00744	0.00417	0.00476	0.00714	0.00982	0.01310	0.02828	0.81633	0.03394	0.01608	0.00655	0.00208	0.00298	0.01459	0.00476	0.00417
15	0.00625	0.00447	0.00595	0.00714	0.00744	0.00417	0.00476	0.00714	0.00982	0.01310	0.02828	0.81633	0.03394	0.01608	0.00655	0.00208	0.00298	0.01459	0.00476	0.00417
16	0.02693	0.01365	0.02452	0.07805	0.06443	0.08643	0.49430	0.01580	0.01162	0.01542	0.00995	0.01348	0.00784	0.00693	0.05639	0.00212	0.05759	0.00542	0.00257	0.00655
17	0.01029	0.02654	0.79309	0.01462	0.02221	0.01192	0.01896	0.01625	0.01083	0.01625	0.00921	0.01083	0.00650	0.00487	0.00487	0.00162	0.00758	0.00379	0.00217	0.00758
18	0.01006	0.00950	0.01606	0.71127	0.12849	0.01150	0.01444	0.01344	0.01044	0.01356	0.00919	0.01356	0.00700	0.00506	0.00512	0.00169	0.00675	0.00456	0.00231	0.00600
19	0.02261	0.00882	0.01190	0.00918	0.01311	0.00775	0.00756	0.02510	0.04552	0.76015	0.02027	0.01753	0.01282	0.00638	0.00516	0.00159	0.00435	0.00519	0.00631	0.00871
20	0.01283	0.01261	0.01875	0.09245	0.47980	0.06823	0.06121	0.03142	0.11686	0.01699	0.01219	0.01441	0.02862	0.00523	0.00516	0.00157	0.00617	0.00490	0.00300	0.00760
21	0.02358	0.01010	0.08474	0.05213	0.13213	0.00875	0.00914	0.07952	0.06434	0.07256	0.27263	0.05163	0.07210	0.00792	0.00545	0.00160	0.00432	0.00685	0.00443	0.03609
22	0.55346	0.16812	0.01237	0.02881	0.01184	0.08724	0.00697	0.01542	0.00971	0.01931	0.02008	0.00912	0.00663	0.00497	0.00384	0.00149	0.02886	0.00303	0.00293	0.00579
23	0.01951	0.01437	0.01540	0.01181	0.01591	0.01591	0.00975	0.77056	0.02412	0.03234	0.01232	0.01232	0.00873	0.00616	0.00513	0.00154	0.00565	0.00462	0.00513	0.00873
24	0.00738	0.00501	0.00580	0.00584	0.00596	0.00505	0.00343	0.00758	0.00770	0.01029	0.01725	0.05462	0.03861	0.71520	0.08562	0.00507	0.00554	0.00759	0.00317	0.00329
25	0.00891	0.00446	0.00668	0.00668	0.00668	0.00446	0.00446	0.00668	0.00668	0.00891	0.00891	0.01560	0.00891	0.01783	0.02005	0.85071	0.00446	0.00446	0.00223	0.00223
26	0.00891	0.00446	0.00668	0.00668	0.00668	0.00446	0.00446	0.00668	0.00668	0.00891	0.00891	0.01560	0.00891	0.01783	0.02005	0.85071	0.00446	0.00446	0.00223	0.00223
27	0.01116	0.00910	0.01069	0.00766	0.01220	0.00687	0.00614	0.01343	0.01081	0.04909	0.00958	0.01093	0.00781	0.00391	0.00386	0.00079	0.00382	0.00313	0.00318	0.81584
28	0.00733	0.00550	0.00825	0.00825	0.00916	0.00641	0.00641	0.00916	0.00825	0.01191	0.01374	0.02016	0.01283	0.03848	0.79934	0.00825	0.01374	0.00550	0.00275	0.00458
29	0.00606	0.00520	0.00520	0.00520	0.00693	0.00433	0.00390	0.00736	0.01170	0.01386	0.05198	0.04938	0.78558	0.01299	0.00606	0.00173	0.00260	0.01083	0.00476	0.00433
30	0.07550	0.01310	0.01413	0.01093	0.01487	0.01427	0.00902	0.60672	0.02155	0.12369	0.01307	0.01288	0.00913	0.00608	0.00496	0.00154	0.00528	0.00457	0.03030	0.00840
31	0.01727	0.02122	0.01335	0.01238	0.01474	0.66019	0.00932	0.03221	0.01410	0.01314	0.01114	0.08823	0.01066	0.00688	0.00497	0.00146	0.00831	0.05164	0.00302	0.00575
32	0.00625	0.00447	0.00595	0.00714	0.00744	0.00417	0.00476	0.00714	0.00982	0.01310	0.02828	0.81633	0.03394	0.01608	0.00655	0.00208	0.00298	0.01459	0.00476	0.00417
33	0.01064	0.00912	0.01064	0.00760	0.01216	0.00684	0.00608	0.01292	0.01064	0.01672	0.00912	0.01064	0.00760	0.00380	0.00380	0.00076	0.00380	0.00304	0.00304	0.85104
34	0.01052	0.02438	0.67241	0.01521	0.02209	0.01226	0.08897	0.01602	0.01077	0.01602	0.00916	0.01114	0.00664	0.00508	0.00574	0.00167	0.05826	0.00405	0.00221	0.00740
35	0.01402	0.01081	0.01225	0.08525	0.01551	0.01225	0.00872	0.09819	0.53953	0.09743	0.03648	0.01824	0.01462	0.00673	0.00522	0.00170	0.00447	0.00559	0.00506	0.00794
36	0.00740	0.00523	0.00689	0.00689	0.00733	0.00568	0.00472	0.00829	0.00784	0.01091	0.01499	0.02704	0.01581	0.43890	0.40300	0.00657	0.00925	0.00650	0.00293	0.00383
37	0.02968	0.03709	0.01487	0.01180	0.01526	0.05848	0.08008	0.24693	0.38129	0.02342	0.01584	0.01553	0.01182	0.00624	0.00510	0.00162	0.00526	0.00516	0.02664	0.00789
38	0.00762	0.00573	0.00712	0.00684	0.00818	0.00551	0.00513	0.01095	0.08564	0.01938	0.57438	0.10097	0.10628	0.01090	0.00604	0.00169	0.00268	0.02447	0.00544	0.00505
39	0.01064	0.00912	0.01064	0.00760	0.01216	0.00684	0.00608	0.01292	0.01064	0.01672	0.00912	0.01064	0.00760	0.00380	0.00380	0.00076	0.00380	0.00304	0.00304	0.85104
40	0.00606	0.00520	0.00520	0.00520	0.00693	0.00433	0.00390	0.00736	0.01170	0.01386	0.05198	0.04938	0.78558	0.01299	0.00606	0.00173	0.00260	0.01083	0.00476	0.00433
41	0.00746	0.00497	0.00560	0.00560	0.00560	0.00497	0.00311	0.00746	0.00746	0.00995	0.01617	0.03358	0.01865	0.81967	0.02612	0.00497	0.00497	0.00746	0.00311	0.00311
42	0.00746	0.00497	0.00560	0.00560	0.00560	0.00497	0.00311	0.00746	0.00746	0.00995	0.01617	0.03358	0.01865	0.81967	0.02612	0.00497	0.00497	0.00746	0.00311	0.00311
43	0.03871	0.01088	0.01238	0.00917	0.01353	0.01000	0.02055	0.24670	0.03032	0.02181	0.01031	0.01132	0.00805	0.00463	0.00426	0.00106	0.00446	0.00363	0.00373	0.53451
44	0.79422	0.00985	0.00801	0.04169	0.01112	0.01139	0.00599	0.01529	0.00898	0.04551	0.00762	0.00884	0.00583	0.00483	0.00332	0.00159	0.00411	0.00293	0.00323	0.00566
45	0.03403	0.12850	0.59876	0.01334	0.01991	0.01259	0.03879	0.01569	0.01099	0.01617	0.05779	0.01225	0.00916	0.00515	0.00473	0.00156	0.00692	0.00404	0.00243	0.00720
46	0.03439	0.71158	0.11382	0.00940	0.01412	0.01913	0.00986	0.01546	0.01043	0.01282	0.00737	0.00853	0.00655	0.00445	0.00347	0.00117	0.00569	0.00286	0.00222	0.00667
47	0.00610	0.00520	0.00524	0.00523	0.00695	0.00435	0.00392	0.00743	0.01177	0.01405	0.07228	0.04907	0.76516	0.01293	0.00606	0.00173	0.00259	0.01079	0.00479	0.00435
48	0.01352	0.01277	0.06865	0.02833	0.66663	0.01174	0.01518	0.01665	0.01191	0.08952	0.01062	0.01303	0.00845	0.00476	0.00507	0.00154	0.00603	0.00458	0.00287	0.00815
49	0.01898	0.04197	0.01516	0.01315	0.03053	0.59218	0.00996	0.18538	0.01649	0.01698	0.00891	0.00997	0.00710	0.00544	0.00471	0.00137	0.00830	0.00360	0.00318	0.00662
50	0.00624	0.00451	0.00591	0.00702	0.00741	0.00418	0.00471	0.00716	0.00994	0.01315	0.02977	0.76800	0.08130	0.01588	0.00652	0.00206	0.00295	0.01435	0.00476	0.00418
51	0.01216	0.06466	0.02923	0.02035	0.02519	0.01359	0.67785	0.01614	0.01176	0.01593	0.00997	0.01334	0.00765	0.00460	0.00650	0.00172	0.05423	0.00576	0.00255	0.00682
52	0.00733	0.00550	0.00825	0.00825	0.00916	0.00641	0.00641	0.00916	0.00825	0.01191	0.01374	0.02016	0.01283	0.03848	0.79934	0.00825	0.01374	0.00550	0.00275	0.00458
53	0.02186	0.00877	0.01179	0.00899	0.01301	0.00748	0.00740	0.02387	0.01431	0.71843	0.01920	0.01682	0.01222	0.00611	0.00503	0.00151	0.00431	0.00496	0.00604	0.08790
54	0.01064	0.00912	0.01064	0.00760	0.01216	0.00684	0.00608	0.01292	0.01064	0.01672	0.00912	0.01064	0.00760	0.00380	0.00380	0.00076	0.00380	0.00304	0.00304	0.85104
55	0.00633	0.00455	0.00600	0.00703	0.00745	0.00423	0.00474	0.00736	0.01026	0.01373	0.09061	0.73004	0.05759	0.01553	0.00649	0.00204	0.00292	0.01404	0.00484	0.00423
56	0.00669	0.00503	0.00625	0.00703	0.00775	0.00477	0.00485	0.00859	0.05879	0.01416	0.07431	0.61057	0.14264	0.01474	0.00637	0.00198	0.00296	0.01319	0.00484	0.00448
57	0.00996	0.00941	0.01280	0.01145	0.01188	0.03555	0.00933	0.01136	0.00821	0.01219	0.00947	0.01461	0.00908	0.02025	0.31834	0.00453	0.47905	0.00484	0.00245	0.00522
58	0.01211	0.01384	0.03028	0.02163	0.02682	0.01298	0.76903	0.01644	0.01211	0.01644	0.01038	0.01384	0.00779	0.00433	0.00606	0.00173	0.00865	0.00606	0.00260	0.00692
59	0.00719	0.00524	0.00676	0.00638	0.00762	0.00481	0.00479	0.00955	0.01436	0.02018	0.74138	0.03899	0.09224	0.01064	0.00605	0.00162	0.00243	0.00937	0.00560	0.00481
60	0.01815	0.02253	0.01553	0.01609	0.13704	0.67553	0.01083	0.01974	0.01409	0.01322	0.00820	0.00979	0.00685	0.00518	0.00470	0.00135	0.00876	0.00350	0.00263	0.00629
61	0.01270	0.01219	0.02083	0.03149	0.78767	0.01219	0.01575	0.01575	0.01168	0.01676	0.00965	0.01270	0.00813	0.00457	0.00508	0.00152	0.00610	0.00457	0.00254	0.00813
62	0.00969	0.00912	0.01539	0.80734	0.03534	0.01140	0.01425	0.01311	0.01026	0.01311	0.00912	0.01368	0.00684	0.00513	0.00513	0.00171	0.00684	0.00456	0.00228	0.00570
63	0.00956	0.00478	0.00478	0.00478	0.00598	0.00478	0.00359	0.01196	0.01076	0.01913	0.01674	0.01913	0.01315	0.00598	0.00359	0.00120	0.00239	0.00478	0.84816	0.00478
64	0.01018	0.00962	0.01659	0.69659	0.03345	0.01154	0.08486	0.03385	0.01082	0.01406	0.00947	0.01376	0.00710	0.00510	0.00519	0.00170	0.00689	0.00471	0.01864	0.00588
65	0.00744	0.00500	0.00571	0.00568	0.00579	0.00496	0.00327	0.00767	0.00813	0.01095	0.08843	0.03402	0.02145	0.74362	0.02423	0.00466	0.00473	0.00763	0.00335	0.00327
66	0.00625	0.00447	0.00595	0.00714	0.00744	0.00417	0.00476	0.00714	0.00982	0.01310	0.02828	0.81633	0.03394	0.01608	0.00655	0.00208	0.00298	0.01459	0.00476	0.00417
67	0.00635	0.00456	0.00617	0.00725	0.00760	0.00438	0.00492	0.00733	0.00968	0.01299	0.02691	0.74149	0.03195	0.01818	0.08106	0.00266	0.00399	0.01373	0.00457	0.00421
68	0.01180	0.30786	0.40070	0.01364	0.01972	0.01507	0.13310	0.01596	0.01089	0.01479	0.00865	0.01038	0.00673	0.00462	0.00450	0.00145	0.00700	0.00377	0.00224	0.00712
69	0.00733	0.00500	0.00556	0.00556	0.00572	0.00491	0.00318	0.00745	0.00786	0.01032	0.01953	0.03506	0.09074	0.74386	0.02423	0.00467	0.00475	0.00778	0.00326	0.00322
70	0.02644	0.07287	0.61084	0.01369	0.02046	0.01305	0.01666	0.13460	0.01286	0.01864	0.00953	0.01086	0.00684	0.00505	0.00479	0.00158	0.00709	0.00384	0.00265	0.00767
71	0.01376	0.01244	0.02166	0.05079	0.47463	0.01240	0.18066	0.08734	0.01309	0.06684	0.01071	0.01325	0.00836	0.00480	0.00531	0.00158	0.00653	0.00494	0.00303	0.00788
72	0.01035	0.02066	0.52663	0.01573	0.10693	0.01089	0.07022	0.01515	0.01120	0.02915	0.03275	0.04861	0.06709	0.00604	0.00518	0.00165	0.00675	0.00518	0.00270	0.00716

[dist]
# distance from previous block
# <min> <max>
0	2

[block]
# block no. 6 follows, 48 sequences, length 41
# corresponding to MSA columns:
# 464-504
name=unknown_G
#
# <colnr> <probs for GDERKNQSTAVLIFYWHMCP>
#	G	D	E	R	K	N	Q	S	T	A	V	L	I	F	Y	W	H	M	C	P
0	0.01197	0.01166	0.03557	0.17664	0.43472	0.01167	0.08721	0.05721	0.01199	0.01670	0.01068	0.05361	0.00913	0.00530	0.00520	0.00158	0.00623	0.00514	0.00277	0.04502
1	0.01312	0.02614	0.01586	0.28795	0.02213	0.09946	0.07500	0.05479	0.02934	0.08857	0.01083	0.01369	0.02014	0.00657	0.00801	0.02376	0.17848	0.00469	0.01525	0.00621
2	0.01321	0.01169	0.14074	0.01298	0.13094	0.00916	0.01010	0.04455	0.11576	0.19317	0.08928	0.06641	0.09314	0.00781	0.00543	0.00168	0.00475	0.03754	0.00451	0.00716
3	0.00630	0.00456	0.00596	0.00698	0.00742	0.00422	0.00471	0.00732	0.01024	0.01362	0.07767	0.71814	0.08284	0.01553	0.00649	0.00203	0.00292	0.01401	0.00482	0.00422
4	0.05394	0.12510	0.43230	0.02950	0.07664	0.01284	0.01464	0.07427	0.01196	0.04018	0.03440	0.01325	0.00901	0.00548	0.00497	0.00158	0.02209	0.02779	0.00280	0.00726
5	0.03069	0.19889	0.04144	0.01140	0.01473	0.30020	0.00951	0.10215	0.18085	0.01684	0.01104	0.01162	0.00879	0.00566	0.00494	0.00143	0.03565	0.00392	0.00336	0.00690
6	0.00728	0.00548	0.00652	0.00680	0.00773	0.02149	0.00483	0.00926	0.03627	0.01641	0.31330	0.35565	0.10397	0.03514	0.00665	0.00189	0.00293	0.01110	0.04270	0.00460
7	0.02645	0.01221	0.05101	0.03574	0.44147	0.03280	0.01248	0.03211	0.05127	0.05371	0.01055	0.01256	0.00845	0.00469	0.00476	0.00137	0.00552	0.00422	0.00302	0.19562
8	0.01225	0.00926	0.04983	0.00844	0.01205	0.00728	0.00701	0.06729	0.01220	0.14043	0.03130	0.16669	0.01489	0.00719	0.00483	0.00130	0.00405	0.02677	0.00410	0.41284
9	0.05864	0.20117	0.20939	0.02897	0.04519	0.08128	0.04425	0.14121	0.01344	0.03064	0.02716	0.01452	0.05073	0.00581	0.00466	0.00149	0.00621	0.02515	0.00314	0.00696
10	0.01340	0.51798	0.05406	0.01102	0.06162	0.07908	0.00957	0.03666	0.03565	0.01388	0.04769	0.01125	0.00938	0.00636	0.03247	0.00153	0.04561	0.00361	0.00263	0.00657
11	0.01132	0.04040	0.01612	0.01330	0.01346	0.01588	0.01114	0.01246	0.00795	0.01234	0.00675	0.01112	0.00673	0.00882	0.01635	0.00220	0.78135	0.00443	0.00224	0.00565
12	0.01064	0.00912	0.01064	0.00760	0.01216	0.00684	0.00608	0.01292	0.01064	0.01672	0.00912	0.01064	0.00760	0.00380	0.00380	0.00076	0.00380	0.00304	0.00304	0.85104
13	0.00745	0.00500	0.00575	0.00575	0.00580	0.00506	0.00330	0.00756	0.00751	0.01006	0.01603	0.03281	0.01832	0.77500	0.07033	0.00516	0.00548	0.00735	0.00309	0.00319
14	0.49954	0.01022	0.03730	0.04677	0.01211	0.01092	0.00697	0.11206	0.01133	0.06138	0.00998	0.01144	0.00761	0.00730	0.05432	0.00197	0.00495	0.00362	0.08411	0.00607
15	0.77886	0.00998	0.00787	0.00695	0.01011	0.01150	0.00571	0.05637	0.00965	0.02339	0.00778	0.00895	0.00601	0.00488	0.00330	0.00157	0.00400	0.00295	0.03445	0.00570
16	0.01206	0.01367	0.02965	0.04345	0.04457	0.01291	0.73094	0.01633	0.01205	0.01635	0.01033	0.01381	0.00777	0.00435	0.00601	0.00172	0.00854	0.00598	0.00259	0.00691
17	0.01414	0.41561	0.13080	0.01122	0.01552	0.04891	0.04450	0.10587	0.03565	0.04330	0.00907	0.01032	0.00739	0.00528	0.00532	0.00141	0.08225	0.00363	0.00282	0.00700
18	0.00716	0.00530	0.00671	0.00635	0.00767	0.00480	0.00475	0.00938	0.01392	0.01940	0.65002	0.06533	0.13882	0.01083	0.00602	0.00162	0.00249	0.00951	0.00545	0.02445
19	0.03306	0.46164	0.04799	0.01071	0.01435	0.28587	0.00958	0.01698	0.01167	0.01263	0.00746	0.00883	0.00658	0.00497	0.00453	0.00126	0.05013	0.00307	0.00237	0.00633
20	0.05902	0.01073	0.01292	0.00995	0.01393	0.01061	0.00822	0.28204	0.01768	0.49482	0.01692	0.01528	0.01101	0.00621	0.00506	0.00157	0.00479	0.00487	0.00579	0.00859
21	0.09942	0.01375	0.01452	0.01123	0.01524	0.01519	0.00927	0.67180	0.02232	0.05861	0.01211	0.01212	0.00857	0.00603	0.00495	0.00155	0.00544	0.00446	0.00499	0.00842
22	0.02075	0.01238	0.01417	0.01086	0.01492	0.01296	0.00897	0.50726	0.02079	0.30034	0.01512	0.01414	0.01013	0.00623	0.00514	0.00156	0.00519	0.00481	0.00556	0.00873
23	0.00625	0.00447	0.00595	0.00714	0.00744	0.00417	0.00476	0.00714	0.00982	0.01310	0.02828	0.81633	0.03394	0.01608	0.00655	0.00208	0.00298	0.01459	0.00476	0.00417
24	0.85592	0.00992	0.00754	0.00675	0.00992	0.01151	0.00556	0.01508	0.00873	0.02302	0.00714	0.00834	0.00556	0.00476	0.00318	0.00159	0.00397	0.00278	0.00318	0.00556
25	0.00891	0.00446	0.00668	0.00668	0.00668	0.00446	0.00446	0.00668	0.00668	0.00891	0.00891	0.01560	0.00891	0.01783	0.02005	0.85071	0.00446	0.00446	0.00223	0.00223
26	0.02201	0.00896	0.01188	0.00926	0.01312	0.00806	0.00760	0.02523	0.09035	0.71496	0.02031	0.01763	0.01299	0.00641	0.00517	0.00160	0.00434	0.00522	0.00624	0.00867
27	0.00820	0.00586	0.00819	0.00937	0.01052	0.00584	0.00815	0.01051	0.01174	0.01528	0.02721	0.08454	0.02968	0.01424	0.00707	0.00235	0.00466	0.72717	0.00473	0.00471
28	0.01979	0.01391	0.01512	0.01159	0.01568	0.01523	0.00957	0.71004	0.02336	0.09394	0.01296	0.01274	0.00905	0.00618	0.00514	0.00154	0.00554	0.00466	0.00523	0.00873
29	0.02302	0.00873	0.01191	0.00913	0.01310	0.00754	0.00754	0.02501	0.01469	0.79122	0.02024	0.01746	0.01270	0.00635	0.00516	0.00159	0.00437	0.00516	0.00635	0.00873
30	0.00974	0.00596	0.00777	0.00696	0.00862	0.00550	0.00534	0.03151	0.01480	0.12650	0.66012	0.03479	0.04249	0.00981	0.00591	0.00161	0.00277	0.00859	0.00573	0.00548
31	0.01951	0.01437	0.01540	0.01181	0.01591	0.01591	0.00975	0.77056	0.02412	0.03234	0.01232	0.01232	0.00873	0.00616	0.00513	0.00154	0.00565	0.00462	0.00513	0.00873
32	0.01873	0.01399	0.01496	0.01165	0.01562	0.01555	0.00957	0.68531	0.11063	0.03109	0.01330	0.01310	0.00952	0.00625	0.00514	0.00156	0.00546	0.00476	0.00514	0.00866
33	0.00959	0.00901	0.01510	0.78418	0.03452	0.01120	0.01395	0.01294	0.01030	0.01313	0.01036	0.01471	0.02932	0.00536	0.00516	0.00171	0.00672	0.00474	0.00235	0.00566
34	0.02302	0.00873	0.01191	0.00913	0.01310	0.00754	0.00754	0.02501	0.01469	0.79122	0.02024	0.01746	0.01270	0.00635	0.00516	0.00159	0.00437	0.00516	0.00635	0.00873
35	0.00746	0.00497	0.00560	0.00560	0.00560	0.00497	0.00311	0.00746	0.00746	0.00995	0.01617	0.03358	0.01865	0.81967	0.02612	0.00497	0.00497	0.00746	0.00311	0.00311
36	0.01018	0.00957	0.01623	0.73449	0.03416	0.01165	0.05649	0.04064	0.01086	0.01399	0.00931	0.01364	0.00696	0.00512	0.00518	0.00170	0.00690	0.00465	0.00240	0.00588
37	0.00624	0.00450	0.00592	0.00705	0.00742	0.00418	0.00472	0.00716	0.00992	0.01314	0.02948	0.77742	0.07206	0.01592	0.00652	0.00207	0.00296	0.01440	0.00476	0.00418
38	0.00981	0.00906	0.01338	0.04013	0.01309	0.01183	0.04325	0.01144	0.00837	0.01265	0.00976	0.01480	0.00912	0.01871	0.28559	0.00424	0.44158	0.00492	0.03297	0.00529
39	0.76646	0.01117	0.00832	0.00740	0.01056	0.07187	0.00602	0.03850	0.00965	0.02250	0.00736	0.00853	0.00573	0.00485	0.00335	0.00157	0.00442	0.00287	0.00319	0.00568
40	0.03850	0.04699	0.26407	0.01683	0.20055	0.12056	0.01351	0.11410	0.01345	0.03942	0.04967	0.03827	0.01034	0.00569	0.00494	0.00154	0.00653	0.00461	0.00311	0.00732

[dist]
# distance from previous block
# <min> <max>
0	10

[block]
# block no. 7 follows, 48 sequences, length 26
# corresponding to MSA columns:
# 515-540
name=unknown_H
#
# <colnr> <probs for GDERKNQSTAVLIFYWHMCP>
#	G	D	E	R	K	N	Q	S	T	A	V	L	I	F	Y	W	H	M	C	P
0	0.00820	0.00773	0.06876	0.00736	0.00944	0.00631	0.00623	0.06006	0.04453	0.01897	0.41336	0.05343	0.23715	0.01050	0.00590	0.00167	0.00322	0.02684	0.00505	0.00529
1	0.01139	0.00915	0.01123	0.07049	0.01407	0.00748	0.00695	0.01371	0.01080	0.06703	0.00979	0.01134	0.00785	0.00421	0.00433	0.00093	0.02516	0.00334	0.00318	0.70758
2	0.00817	0.00584	0.00812	0.00914	0.01033	0.00580	0.00792	0.01053	0.01209	0.01589	0.10439	0.05589	0.03145	0.01380	0.00698	0.00229	0.00449	0.67733	0.00482	0.00474
3	0.00759	0.00542	0.00749	0.00867	0.00956	0.00532	0.00709	0.00946	0.01114	0.01459	0.02754	0.31366	0.03102	0.01482	0.00691	0.00227	0.00414	0.50406	0.00474	0.00454
4	0.00625	0.00447	0.00595	0.00714	0.00744	0.00417	0.00476	0.00714	0.00982	0.01310	0.02828	0.81633	0.03394	0.01608	0.00655	0.00208	0.00298	0.01459	0.00476	0.00417
5	0.01064	0.00912	0.01064	0.00760	0.01216	0.00684	0.00608	0.01292	0.01064	0.01672	0.00912	0.01064	0.00760	0.00380	0.00380	0.00076	0.00380	0.00304	0.00304	0.85104
6	0.00630	0.00452	0.00598	0.00706	0.00744	0.00420	0.00474	0.00727	0.01010	0.01348	0.06568	0.75739	0.05537	0.01572	0.00651	0.00205	0.00294	0.01423	0.00481	0.00420
7	0.00612	0.00520	0.00528	0.00526	0.00697	0.00436	0.00395	0.00748	0.01184	0.01420	0.08884	0.04882	0.74851	0.01287	0.00606	0.00173	0.00259	0.01075	0.00481	0.00436
8	0.01372	0.82276	0.02689	0.00878	0.01317	0.02030	0.00878	0.01536	0.01043	0.01207	0.00713	0.00823	0.00658	0.00439	0.00329	0.00110	0.00549	0.00274	0.00219	0.00658
9	0.00827	0.00591	0.00827	0.00945	0.01063	0.00591	0.00827	0.01063	0.01181	0.01536	0.02717	0.05788	0.02953	0.01417	0.00709	0.00236	0.00472	0.75313	0.00472	0.00472
10	0.00956	0.00478	0.00478	0.00478	0.00598	0.00478	0.00359	0.01196	0.01076	0.01913	0.01674	0.01913	0.01315	0.00598	0.00359	0.00120	0.00239	0.00478	0.84816	0.00478
11	0.01917	0.02445	0.01454	0.01322	0.01586	0.79907	0.00991	0.02049	0.01454	0.01256	0.00793	0.00925	0.00661	0.00529	0.00463	0.00132	0.00925	0.00330	0.00264	0.00595
12	0.01123	0.01123	0.01572	0.01347	0.01347	0.01572	0.01123	0.01235	0.00786	0.01235	0.00674	0.01123	0.00674	0.00898	0.01684	0.00225	0.81028	0.00449	0.00225	0.00561
13	0.01951	0.01437	0.01540	0.01181	0.01591	0.01591	0.00975	0.77056	0.02412	0.03234	0.01232	0.01232	0.00873	0.00616	0.00513	0.00154	0.00565	0.00462	0.00513	0.00873
14	0.00746	0.00497	0.00560	0.00560	0.00560	0.00497	0.00311	0.00746	0.00746	0.00995	0.01617	0.03358	0.01865	0.81967	0.02612	0.00497	0.00497	0.00746	0.00311	0.00311
15	0.01581	0.14060	0.01821	0.01442	0.09689	0.25335	0.09108	0.12909	0.02757	0.05052	0.01104	0.01249	0.02744	0.00615	0.01916	0.00158	0.04785	0.00429	0.02563	0.00684
16	0.01137	0.00955	0.01103	0.00794	0.01247	0.00758	0.00638	0.07492	0.01174	0.01800	0.00938	0.01078	0.00769	0.00399	0.00391	0.00082	0.00395	0.00317	0.00321	0.78212
17	0.01917	0.02445	0.01454	0.01322	0.01586	0.79907	0.00991	0.02049	0.01454	0.01256	0.00793	0.00925	0.00661	0.00529	0.00463	0.00132	0.00925	0.00330	0.00264	0.00595
18	0.02175	0.00912	0.01198	0.00925	0.01308	0.00825	0.00762	0.10121	0.01565	0.66856	0.06329	0.01813	0.01434	0.00657	0.00521	0.00158	0.00439	0.00534	0.00618	0.00851
19	0.01052	0.01352	0.16282	0.37999	0.09842	0.01197	0.14788	0.01434	0.01070	0.01458	0.01023	0.01374	0.02484	0.00532	0.00603	0.00172	0.05973	0.00482	0.00239	0.00645
20	0.00612	0.00514	0.00531	0.00539	0.00699	0.00433	0.00400	0.00742	0.01164	0.01401	0.07335	0.10910	0.70336	0.01316	0.00610	0.00176	0.00262	0.01107	0.00479	0.00433
21	0.00733	0.00821	0.11946	0.00745	0.00958	0.00567	0.00667	0.00985	0.01285	0.01768	0.43175	0.12845	0.19395	0.01086	0.00594	0.00170	0.00327	0.00944	0.00486	0.00505
22	0.01199	0.01467	0.08021	0.02117	0.02651	0.01291	0.71993	0.01642	0.01203	0.01642	0.01030	0.01364	0.00770	0.00436	0.00598	0.00172	0.00858	0.00591	0.00257	0.00696
23	0.01077	0.12809	0.56287	0.01348	0.01995	0.01259	0.06286	0.03549	0.01128	0.01595	0.01244	0.01374	0.06767	0.00545	0.00484	0.00157	0.00693	0.00437	0.00248	0.00719
24	0.11992	0.01415	0.13504	0.01631	0.05085	0.02854	0.36624	0.01516	0.01117	0.01693	0.02464	0.06519	0.00969	0.00548	0.00564	0.00164	0.03234	0.00551	0.00283	0.07273
25	0.09626	0.32634	0.10774	0.01057	0.01471	0.16940	0.00987	0.09302	0.07277	0.04170	0.00955	0.01030	0.00760	0.00510	0.00412	0.00136	0.00619	0.00348	0.00304	0.00688

[dist]
# distance from previous block
# <min> <max>
4	8

[block]
# block no. 8 follows, 48 sequences, length 62
# corresponding to MSA columns:
# 549-610
name=unknown_I
#
# <colnr> <probs for GDERKNQSTAVLIFYWHMCP>
#	G	D	E	R	K	N	Q	S	T	A	V	L	I	F	Y	W	H	M	C	P
0	0.00697	0.00517	0.00639	0.00618	0.00737	0.00471	0.00453	0.00892	0.01322	0.01809	0.54286	0.08300	0.19645	0.06459	0.00740	0.00189	0.00266	0.00977	0.00525	0.00459
1	0.01264	0.01237	0.02185	0.03042	0.70517	0.01228	0.09742	0.01582	0.01173	0.01673	0.00973	0.01282	0.00809	0.00455	0.00519	0.00155	0.00637	0.00473	0.00255	0.00800
2	0.00729	0.00526	0.00689	0.00653	0.00774	0.00487	0.00493	0.00971	0.01446	0.02045	0.76627	0.03881	0.04795	0.01058	0.00608	0.00163	0.00248	0.02763	0.00563	0.00484
3	0.00717	0.00524	0.00674	0.00636	0.00761	0.00480	0.00477	0.00951	0.01432	0.02008	0.73105	0.03914	0.10264	0.01067	0.00605	0.00162	0.00243	0.00939	0.00558	0.00480
4	0.02246	0.00886	0.01189	0.00920	0.01311	0.00783	0.00757	0.02513	0.05662	0.74895	0.02028	0.01756	0.01286	0.00638	0.00516	0.00160	0.00435	0.00520	0.00629	0.00870
5	0.15734	0.08749	0.53910	0.01362	0.06122	0.01247	0.01544	0.01609	0.01055	0.03010	0.00889	0.01040	0.00654	0.00482	0.00447	0.00157	0.00665	0.00360	0.00243	0.00720
6	0.01321	0.01080	0.01382	0.15433	0.13157	0.01213	0.01040	0.07143	0.41014	0.07034	0.01670	0.01766	0.01270	0.00638	0.00522	0.00170	0.00499	0.02443	0.00436	0.00769
7	0.02460	0.04079	0.20785	0.03326	0.09202	0.07593	0.17553	0.07952	0.01252	0.06089	0.02294	0.01247	0.00825	0.00540	0.00629	0.00161	0.08840	0.00456	0.00294	0.04424
8	0.00628	0.00512	0.00556	0.00571	0.00718	0.00441	0.00423	0.00767	0.01175	0.01452	0.12664	0.15177	0.58507	0.01317	0.00616	0.00178	0.00269	0.03107	0.00486	0.00437
9	0.02971	0.08424	0.27591	0.03953	0.40989	0.04177	0.01577	0.01599	0.01131	0.01610	0.00917	0.01152	0.00733	0.00470	0.00481	0.00152	0.00663	0.00408	0.00240	0.00763
10	0.04827	0.01461	0.13507	0.09275	0.13264	0.01251	0.40500	0.01595	0.01142	0.03239	0.00990	0.01296	0.00752	0.00477	0.00598	0.00170	0.04181	0.00516	0.00259	0.00700
11	0.11827	0.24351	0.03100	0.03139	0.01489	0.40562	0.00925	0.02883	0.02821	0.03447	0.00831	0.00946	0.00685	0.00504	0.00413	0.00133	0.00719	0.00324	0.00275	0.00626
12	0.01628	0.44089	0.01987	0.00925	0.01321	0.01515	0.00845	0.07800	0.05436	0.22517	0.01315	0.01491	0.01041	0.00584	0.00430	0.00138	0.00507	0.05312	0.00388	0.00730
13	0.01354	0.01000	0.01254	0.00946	0.01343	0.02177	0.05592	0.08167	0.04239	0.13666	0.01214	0.02714	0.00943	0.00511	0.00497	0.00117	0.04096	0.00415	0.03523	0.46230
