[name]
unknown

[dist]
# distance from previous block
# <min> <max>
0	280

[block]
# block no. 0 follows, 49 sequences, length 15
# corresponding to MSA columns:
# 281-295
name=unknown_A
#
# <colnr> <probs for GDERKNQSTAVLIFYWHMCP>
#	G	D	E	R	K	N	Q	S	T	A	V	L	I	F	Y	W	H	M	C	P
0	0.01099	0.01091	0.05610	0.10952	0.01847	0.01036	0.22527	0.11135	0.06733	0.01728	0.04463	0.03634	0.10012	0.08384	0.00757	0.00195	0.01753	0.02028	0.00350	0.04665
1	0.01267	0.01082	0.04419	0.33919	0.03482	0.01165	0.03514	0.23195	0.02502	0.04645	0.01252	0.01640	0.03274	0.09738	0.00769	0.00200	0.02442	0.00507	0.00342	0.00643
2	0.06938	0.01212	0.01645	0.09798	0.01860	0.03376	0.16671	0.26405	0.06348	0.05130	0.01161	0.02763	0.00882	0.00537	0.00495	0.00148	0.00583	0.00473	0.00379	0.13195
3	0.14082	0.01305	0.13093	0.01076	0.01444	0.03920	0.08105	0.19054	0.06043	0.03003	0.03040	0.09281	0.06245	0.04255	0.00587	0.00174	0.00529	0.00581	0.00381	0.03801
4	0.16537	0.01177	0.01342	0.17400	0.01825	0.01314	0.00953	0.40667	0.01723	0.08335	0.01110	0.01206	0.00793	0.00557	0.00468	0.00154	0.00537	0.00422	0.00418	0.03063
5	0.42329	0.01200	0.02827	0.00885	0.01251	0.04258	0.00740	0.26164	0.01418	0.05120	0.00941	0.01011	0.00699	0.00513	0.00398	0.00146	0.00473	0.00348	0.00381	0.08901
6	0.06060	0.01142	0.01446	0.08674	0.01670	0.01208	0.09398	0.36985	0.03525	0.03772	0.04476	0.04398	0.06939	0.00654	0.00510	0.00154	0.00527	0.00550	0.00425	0.07487
7	0.07939	0.01023	0.01138	0.00945	0.01251	0.01071	0.00765	0.34707	0.04032	0.09715	0.07100	0.10309	0.03443	0.00799	0.00521	0.00161	0.00449	0.07075	0.00483	0.07076
8	0.09217	0.01269	0.02478	0.01812	0.02253	0.01242	0.57520	0.07246	0.01226	0.01768	0.01103	0.06116	0.00905	0.00526	0.00596	0.00171	0.02995	0.00602	0.00292	0.00663
9	0.09857	0.01418	0.01441	0.01122	0.01512	0.04963	0.00923	0.66913	0.02193	0.03015	0.01147	0.01164	0.00821	0.00590	0.00485	0.00151	0.00556	0.00432	0.00477	0.00818
10	0.01049	0.00899	0.01049	0.00749	0.01198	0.00674	0.00599	0.01273	0.01049	0.01648	0.00899	0.01049	0.00749	0.00374	0.00374	0.00075	0.00374	0.00300	0.00300	0.85320
11	0.01048	0.01057	0.01649	0.67548	0.03259	0.07092	0.08547	0.01378	0.01060	0.01319	0.00902	0.01317	0.00681	0.00499	0.00510	0.00166	0.00709	0.00454	0.00230	0.00575
12	0.01939	0.01390	0.01501	0.01151	0.01555	0.01529	0.00951	0.73827	0.02333	0.06811	0.01251	0.01238	0.00879	0.00608	0.00506	0.00152	0.00550	0.00458	0.00512	0.00860
13	0.01049	0.00899	0.01049	0.00749	0.01198	0.00674	0.00599	0.01273	0.01049	0.01648	0.00899	0.01049	0.00749	0.00374	0.00374	0.00075	0.00374	0.00300	0.00300	0.85320
14	0.03672	0.01189	0.01442	0.01098	0.01497	0.01215	0.06750	0.40713	0.04252	0.15617	0.01330	0.02622	0.00973	0.01914	0.00525	0.00150	0.00516	0.00472	0.00468	0.13587

[dist]
# distance from previous block
# <min> <max>
0	6

[block]
# block no. 1 follows, 49 sequences, length 30
# corresponding to MSA columns:
# 302-331
name=unknown_B
#
# <colnr> <probs for GDERKNQSTAVLIFYWHMCP>
#	G	D	E	R	K	N	Q	S	T	A	V	L	I	F	Y	W	H	M	C	P
0	0.13469	0.03141	0.06560	0.01257	0.01672	0.08744	0.14480	0.29469	0.03441	0.11200	0.01148	0.01214	0.00823	0.00540	0.00485	0.00154	0.00613	0.00443	0.00401	0.00746
1	0.04226	0.01169	0.03362	0.01487	0.01868	0.03779	0.34283	0.04025	0.01242	0.17618	0.02815	0.01891	0.01161	0.00629	0.00639	0.00172	0.06491	0.08883	0.00369	0.03891
2	0.01004	0.00856	0.01022	0.03699	0.01239	0.00666	0.00617	0.01220	0.01040	0.01601	0.01077	0.08674	0.00991	0.00493	0.00405	0.00091	0.00378	0.00412	0.00313	0.74203
3	0.00731	0.00508	0.00641	0.00641	0.00672	0.00539	0.00418	0.00793	0.00762	0.01047	0.01511	0.02855	0.01641	0.55302	0.29231	0.00601	0.00787	0.00669	0.00294	0.00356
4	0.00616	0.00440	0.00587	0.00704	0.00733	0.00411	0.00469	0.00704	0.00968	0.01291	0.02787	0.81899	0.03344	0.01584	0.00645	0.00205	0.00293	0.01438	0.00469	0.00411
5	0.01764	0.01327	0.01444	0.03601	0.01571	0.01481	0.00942	0.62725	0.12014	0.02919	0.01318	0.01332	0.00956	0.00727	0.03339	0.00178	0.00568	0.00473	0.00490	0.00829
6	0.00717	0.00524	0.00638	0.00605	0.00746	0.00468	0.00455	0.00921	0.01347	0.03678	0.54453	0.04061	0.27329	0.01099	0.00595	0.00163	0.00249	0.00951	0.00532	0.00471
7	0.01832	0.01348	0.01450	0.01127	0.01508	0.01491	0.00926	0.70735	0.03914	0.03050	0.01278	0.02924	0.00945	0.00699	0.02277	0.00167	0.00558	0.00480	0.02458	0.00831
8	0.00716	0.00517	0.00676	0.00636	0.00755	0.00477	0.00477	0.00954	0.01431	0.02028	0.78808	0.03777	0.04771	0.01034	0.00596	0.00159	0.00239	0.00914	0.00557	0.00477
9	0.01303	0.01082	0.01162	0.01037	0.01323	0.01235	0.00823	0.12330	0.60970	0.02199	0.02006	0.02158	0.01583	0.00743	0.00531	0.00175	0.00427	0.07629	0.00509	0.00777
10	0.01332	0.77860	0.07150	0.00899	0.01350	0.01953	0.00924	0.01519	0.01030	0.01214	0.00715	0.00826	0.00648	0.00435	0.00334	0.00111	0.00553	0.00276	0.00216	0.00655
11	0.01049	0.00899	0.01049	0.00749	0.01198	0.00674	0.00599	0.01273	0.01049	0.01648	0.00899	0.01049	0.00749	0.00374	0.00374	0.00075	0.00374	0.00300	0.00300	0.85320
12	0.01104	0.08314	0.00967	0.00713	0.00920	0.00677	0.00570	0.01326	0.01397	0.18293	0.55231	0.03064	0.03640	0.00891	0.00552	0.00154	0.00308	0.00768	0.00539	0.00574
13	0.01252	0.01201	0.02053	0.03104	0.79074	0.01201	0.01552	0.01552	0.01151	0.01652	0.00951	0.01252	0.00801	0.00451	0.00501	0.00150	0.00601	0.00451	0.00250	0.00801
14	0.00713	0.00530	0.00749	0.08342	0.01095	0.00534	0.00671	0.00872	0.01036	0.01364	0.02573	0.49373	0.02951	0.01421	0.00650	0.00211	0.00386	0.25641	0.00445	0.00443
15	0.85801	0.00978	0.00743	0.00665	0.00978	0.01134	0.00548	0.01486	0.00861	0.02269	0.00704	0.00821	0.00548	0.00469	0.00313	0.00156	0.00391	0.00274	0.00313	0.00548
16	0.01722	0.02059	0.01356	0.01230	0.01497	0.59290	0.00930	0.02196	0.21755	0.01470	0.01120	0.01170	0.00888	0.00565	0.00471	0.00141	0.00776	0.00391	0.00328	0.00643
17	0.80512	0.01034	0.00790	0.00700	0.01015	0.03424	0.00574	0.04102	0.00929	0.02271	0.00724	0.00838	0.00561	0.00476	0.00324	0.00156	0.00412	0.00282	0.00318	0.00559
18	0.00716	0.00517	0.00676	0.00636	0.00755	0.00477	0.00477	0.00954	0.01431	0.02028	0.78808	0.03777	0.04771	0.01034	0.00596	0.00159	0.00239	0.00914	0.00557	0.00477
19	0.01194	0.01364	0.02984	0.02131	0.02643	0.01279	0.77238	0.01620	0.01194	0.01620	0.01023	0.01364	0.00767	0.00426	0.00597	0.00171	0.00853	0.00597	0.00256	0.00682
20	0.05274	0.00976	0.01226	0.00944	0.01335	0.00923	0.00780	0.17413	0.01612	0.61338	0.01791	0.01587	0.01147	0.00616	0.00501	0.00156	0.00454	0.00489	0.00590	0.00849
21	0.00722	0.00542	0.00813	0.00813	0.00903	0.00632	0.00632	0.00903	0.00813	0.01174	0.01354	0.01987	0.01264	0.03792	0.80225	0.00813	0.01354	0.00542	0.00271	0.00451
22	0.00618	0.00519	0.00541	0.00552	0.00717	0.00441	0.00425	0.00756	0.01154	0.01380	0.04892	0.04945	0.71715	0.01292	0.00607	0.00177	0.00276	0.08094	0.00469	0.00431
23	0.01922	0.01416	0.01518	0.01163	0.01568	0.01568	0.00961	0.77388	0.02378	0.03187	0.01214	0.01214	0.00860	0.00607	0.00506	0.00152	0.00556	0.00455	0.00506	0.00860
24	0.00722	0.00542	0.00813	0.00813	0.00903	0.00632	0.00632	0.00903	0.00813	0.01174	0.01354	0.01987	0.01264	0.03792	0.80225	0.00813	0.01354	0.00542	0.00271	0.00451
25	0.01019	0.00956	0.01573	0.58844	0.17443	0.01096	0.01356	0.01339	0.01041	0.01393	0.00909	0.01302	0.00705	0.00483	0.00492	0.00156	0.00632	0.00435	0.00237	0.08589
26	0.00716	0.00517	0.00676	0.00636	0.00755	0.00477	0.00477	0.00954	0.01431	0.02028	0.78808	0.03777	0.04771	0.01034	0.00596	0.00159	0.00239	0.00914	0.00557	0.00477
27	0.00685	0.00567	0.00584	0.00570	0.00746	0.00504	0.00431	0.04582	0.02778	0.01464	0.04669	0.07118	0.67881	0.02957	0.00637	0.00179	0.00284	0.02441	0.00469	0.00454
28	0.01305	0.01091	0.01156	0.01030	0.01323	0.01255	0.00804	0.05117	0.73723	0.04133	0.02029	0.01860	0.01514	0.00682	0.00514	0.00170	0.00406	0.00566	0.00517	0.00804
29	0.01228	0.01177	0.02010	0.09342	0.73022	0.01195	0.01540	0.01531	0.01140	0.01623	0.00947	0.01259	0.00791	0.00455	0.00501	0.00152	0.00607	0.00450	0.00248	0.00782

[dist]
# distance from previous block
# <min> <max>
0	39

[block]
# block no. 2 follows, 49 sequences, length 91
# corresponding to MSA columns:
# 371-461
name=unknown_C
#
# <colnr> <probs for GDERKNQSTAVLIFYWHMCP>
#	G	D	E	R	K	N	Q	S	T	A	V	L	I	F	Y	W	H	M	C	P
0	0.01258	0.01086	0.01143	0.01029	0.01315	0.01258	0.00800	0.02687	0.78161	0.02115	0.02058	0.01887	0.01544	0.00686	0.00515	0.00172	0.00400	0.00572	0.00515	0.00800
1	0.01889	0.02410	0.01433	0.01303	0.01563	0.80199	0.00977	0.02019	0.01433	0.01238	0.00782	0.00912	0.00651	0.00521	0.00456	0.00130	0.00912	0.00326	0.00261	0.00586
2	0.00680	0.00471	0.00599	0.00679	0.00711	0.00455	0.00456	0.00760	0.00921	0.01233	0.02396	0.48460	0.02808	0.25777	0.01225	0.00292	0.00370	0.09392	0.01928	0.00387
3	0.01090	0.00936	0.01209	0.00865	0.01318	0.00725	0.06832	0.01330	0.01070	0.03506	0.00935	0.01090	0.00762	0.00385	0.00396	0.00085	0.00415	0.00329	0.00304	0.76420
4	0.01063	0.14234	0.68420	0.01358	0.02059	0.01295	0.01722	0.01589	0.01062	0.01542	0.00878	0.01030	0.00642	0.00473	0.00458	0.00153	0.00717	0.00359	0.00214	0.00733
5	0.00725	0.00532	0.00763	0.00763	0.00836	0.00605	0.00570	0.00871	0.00798	0.01137	0.01400	0.02238	0.01373	0.18687	0.65479	0.00751	0.01190	0.00579	0.00278	0.00424
6	0.01124	0.01526	0.17438	0.10334	0.06834	0.01219	0.48886	0.01558	0.01143	0.01576	0.01023	0.03079	0.00792	0.00472	0.00561	0.00168	0.00787	0.00549	0.00249	0.00682
7	0.80419	0.03186	0.00811	0.00679	0.00998	0.01143	0.00563	0.01523	0.00887	0.05095	0.00752	0.00854	0.00576	0.00474	0.00320	0.00155	0.00397	0.00282	0.00322	0.00562
8	0.01224	0.01084	0.01333	0.01004	0.01401	0.06322	0.09093	0.07730	0.01200	0.04600	0.01047	0.04807	0.00887	0.00498	0.00492	0.00111	0.04227	0.00413	0.00326	0.52200
9	0.01014	0.02616	0.79609	0.01441	0.02189	0.01174	0.01868	0.01601	0.01068	0.01601	0.00907	0.01068	0.00641	0.00480	0.00480	0.00160	0.00747	0.00374	0.00214	0.00747
10	0.01215	0.01163	0.01967	0.02960	0.74734	0.01159	0.01487	0.01506	0.01151	0.01636	0.01182	0.01452	0.05123	0.00497	0.00506	0.00151	0.00582	0.00485	0.00262	0.00780
11	0.00634	0.00544	0.00547	0.00541	0.00718	0.00473	0.00407	0.00834	0.05416	0.01408	0.04953	0.04702	0.74588	0.01248	0.00593	0.00171	0.00264	0.01040	0.00472	0.00448
12	0.00716	0.00517	0.00676	0.00636	0.00755	0.00477	0.00477	0.00954	0.01431	0.02028	0.78808	0.03777	0.04771	0.01034	0.00596	0.00159	0.00239	0.00914	0.00557	0.00477
13	0.00621	0.00629	0.04892	0.00564	0.00766	0.00468	0.00466	0.00774	0.01148	0.01379	0.04889	0.04656	0.74538	0.01236	0.00591	0.00170	0.00283	0.01029	0.00455	0.00445
14	0.00955	0.00899	0.01517	0.81013	0.03483	0.01123	0.01404	0.01292	0.01011	0.01292	0.00899	0.01348	0.00674	0.00506	0.00506	0.00169	0.00674	0.00449	0.00225	0.00562
15	0.00955	0.00899	0.01517	0.81013	0.03483	0.01123	0.01404	0.01292	0.01011	0.01292	0.00899	0.01348	0.00674	0.00506	0.00506	0.00169	0.00674	0.00449	0.00225	0.00562
16	0.00722	0.00542	0.00813	0.00813	0.00903	0.00632	0.00632	0.00903	0.00813	0.01174	0.01354	0.01987	0.01264	0.03792	0.80225	0.00813	0.01354	0.00542	0.00271	0.00451
17	0.01895	0.01493	0.01496	0.01171	0.01559	0.08596	0.00957	0.67944	0.05029	0.02974	0.01206	0.01211	0.00866	0.00602	0.00502	0.00151	0.00583	0.00448	0.00484	0.00833
18	0.01352	0.82533	0.02650	0.00865	0.01298	0.02001	0.00865	0.01514	0.01027	0.01190	0.00703	0.00811	0.00649	0.00433	0.00324	0.00108	0.00541	0.00270	0.00216	0.00649
19	0.00735	0.00490	0.00552	0.00552	0.00552	0.00490	0.00306	0.00735	0.00735	0.00980	0.01593	0.03309	0.01838	0.82229	0.02574	0.00490	0.00490	0.00735	0.00306	0.00306
20	0.00762	0.00876	0.14179	0.00769	0.00998	0.00594	0.00712	0.01056	0.01358	0.01929	0.62585	0.03356	0.06971	0.00949	0.00577	0.00160	0.00326	0.00828	0.00495	0.00521
21	0.00878	0.00439	0.00659	0.00659	0.00659	0.00439	0.00439	0.00659	0.00659	0.00878	0.00878	0.01537	0.00878	0.01757	0.01976	0.85288	0.00439	0.00439	0.00220	0.00220
22	0.00616	0.00440	0.00587	0.00704	0.00733	0.00411	0.00469	0.00704	0.00968	0.01291	0.02787	0.81899	0.03344	0.01584	0.00645	0.00205	0.00293	0.01438	0.00469	0.00411
23	0.01026	0.00996	0.01532	0.43560	0.02470	0.01323	0.01264	0.01257	0.00900	0.01257	0.00788	0.01234	0.00669	0.00684	0.01048	0.00193	0.38571	0.00446	0.00223	0.00558
24	0.01337	0.78883	0.06164	0.00892	0.01339	0.01963	0.00911	0.01518	0.01029	0.01209	0.00712	0.00823	0.00649	0.00435	0.00332	0.00111	0.00550	0.00275	0.00216	0.00653
25	0.00955	0.00883	0.01479	0.78105	0.03378	0.01100	0.01366	0.01288	0.01013	0.01313	0.00926	0.01368	0.00697	0.00509	0.00500	0.00167	0.00658	0.00450	0.03287	0.00558
26	0.00615	0.00443	0.00584	0.00697	0.00731	0.00411	0.00466	0.00705	0.00975	0.01294	0.02877	0.78920	0.06265	0.01572	0.00644	0.00204	0.00292	0.01423	0.00469	0.00411
27	0.01152	0.00627	0.00757	0.00678	0.00802	0.00607	0.00461	0.02855	0.04522	0.20136	0.06130	0.04391	0.01859	0.50826	0.01786	0.00363	0.00455	0.00691	0.00415	0.00486
28	0.01036	0.05793	0.73699	0.01478	0.04929	0.01209	0.01816	0.01596	0.01069	0.01587	0.00901	0.01064	0.00647	0.00477	0.00475	0.00158	0.00734	0.00372	0.00215	0.00745
29	0.01229	0.01190	0.01972	0.12764	0.67950	0.02938	0.01521	0.01530	0.01140	0.01598	0.00941	0.01256	0.00782	0.00459	0.00500	0.00152	0.00617	0.00448	0.00247	0.00766
30	0.00737	0.00558	0.00821	0.00813	0.00894	0.00655	0.00626	0.00903	0.00806	0.01162	0.01346	0.02047	0.01283	0.09125	0.72045	0.00769	0.04142	0.00552	0.00272	0.00445
31	0.01245	0.01195	0.02041	0.04707	0.77519	0.01200	0.01549	0.01547	0.01149	0.01645	0.00950	0.01254	0.00798	0.00452	0.00501	0.00151	0.00602	0.00451	0.00250	0.00796
32	0.83794	0.00988	0.00762	0.00677	0.00992	0.01145	0.00558	0.03302	0.00897	0.02291	0.00716	0.00831	0.00555	0.00473	0.00318	0.00156	0.00395	0.00278	0.00318	0.00555
33	0.00623	0.00509	0.00542	0.00540	0.00689	0.00437	0.00398	0.00760	0.01168	0.01446	0.16105	0.07368	0.61141	0.05182	0.00695	0.00186	0.00266	0.01041	0.00475	0.00428
34	0.00729	0.00491	0.00550	0.00550	0.00558	0.00487	0.00310	0.00735	0.00754	0.00998	0.01754	0.03380	0.05356	0.78532	0.02484	0.00476	0.00480	0.00751	0.00314	0.00312
35	0.00604	0.00513	0.00521	0.00519	0.00687	0.00430	0.00389	0.00738	0.01168	0.01403	0.09244	0.04806	0.74725	0.01267	0.00598	0.00170	0.00255	0.01059	0.00474	0.00430
36	0.01049	0.00899	0.01049	0.00749	0.01198	0.00674	0.00599	0.01273	0.01049	0.01648	0.00899	0.01049	0.00749	0.00374	0.00374	0.00075	0.00374	0.00300	0.00300	0.85320
37	0.01067	0.00910	0.01059	0.00758	0.01206	0.00693	0.00607	0.02916	0.01077	0.01681	0.00906	0.01052	0.00751	0.00380	0.00377	0.00077	0.00378	0.00303	0.00304	0.83498
38	0.00621	0.00447	0.00589	0.00694	0.00733	0.00415	0.00467	0.00719	0.01000	0.01334	0.07070	0.75134	0.05815	0.01544	0.00641	0.00202	0.00289	0.01397	0.00474	0.00415
39	0.01049	0.00899	0.01049	0.00749	0.01198	0.00674	0.00599	0.01273	0.01049	0.01648	0.00899	0.01049	0.00749	0.00374	0.00374	0.00075	0.00374	0.00300	0.00300	0.85320
40	0.01014	0.02616	0.79609	0.01441	0.02189	0.01174	0.01868	0.01601	0.01068	0.01601	0.00907	0.01068	0.00641	0.00480	0.00480	0.00160	0.00747	0.00374	0.00214	0.00747
41	0.01252	0.01201	0.02053	0.03104	0.79074	0.01201	0.01552	0.01552	0.01151	0.01652	0.00951	0.01252	0.00801	0.00451	0.00501	0.00150	0.00601	0.00451	0.00250	0.00801
42	0.01916	0.01599	0.01502	0.01189	0.01567	0.16032	0.00964	0.63524	0.02204	0.02828	0.01135	0.01158	0.00822	0.00591	0.00497	0.00148	0.00622	0.00431	0.00461	0.00810
43	0.02051	0.00909	0.01167	0.00928	0.01296	0.00854	0.00756	0.02512	0.17983	0.62760	0.02009	0.01757	0.01315	0.00639	0.00510	0.00160	0.00424	0.00522	0.00602	0.00848
44	0.00716	0.00517	0.00676	0.00636	0.00755	0.00477	0.00477	0.00954	0.01431	0.02028	0.78808	0.03777	0.04771	0.01034	0.00596	0.00159	0.00239	0.00914	0.00557	0.00477
45	0.01014	0.02616	0.79609	0.01441	0.02189	0.01174	0.01868	0.01601	0.01068	0.01601	0.00907	0.01068	0.00641	0.00480	0.00480	0.00160	0.00747	0.00374	0.00214	0.00747
46	0.01252	0.01201	0.02053	0.03104	0.79074	0.01201	0.01552	0.01552	0.01151	0.01652	0.00951	0.01252	0.00801	0.00451	0.00501	0.00150	0.00601	0.00451	0.00250	0.00801
47	0.00735	0.00490	0.00552	0.00552	0.00552	0.00490	0.00306	0.00735	0.00735	0.00980	0.01593	0.03309	0.01838	0.82229	0.02574	0.00490	0.00490	0.00735	0.00306	0.00306
48	0.00955	0.00899	0.01517	0.81013	0.03483	0.01123	0.01404	0.01292	0.01011	0.01292	0.00899	0.01348	0.00674	0.00506	0.00506	0.00169	0.00674	0.00449	0.00225	0.00562
49	0.00735	0.00490	0.00552	0.00552	0.00552	0.00490	0.00306	0.00735	0.00735	0.00980	0.01593	0.03309	0.01838	0.82229	0.02574	0.00490	0.00490	0.00735	0.00306	0.00306
50	0.01922	0.01416	0.01518	0.01163	0.01568	0.01568	0.00961	0.77388	0.02378	0.03187	0.01214	0.01214	0.00860	0.00607	0.00506	0.00152	0.00556	0.00455	0.00506	0.00860
51	0.02103	0.00914	0.01300	0.01220	0.12494	0.00819	0.00861	0.02337	0.02843	0.66774	0.01846	0.01657	0.01192	0.00602	0.00507	0.00156	0.00454	0.00501	0.00570	0.00851
52	0.01014	0.02616	0.79609	0.01441	0.02189	0.01174	0.01868	0.01601	0.01068	0.01601	0.00907	0.01068	0.00641	0.00480	0.00480	0.00160	0.00747	0.00374	0.00214	0.00747
53	0.00735	0.00490	0.00552	0.00552	0.00552	0.00490	0.00306	0.00735	0.00735	0.00980	0.01593	0.03309	0.01838	0.82229	0.02574	0.00490	0.00490	0.00735	0.00306	0.00306
54	0.00598	0.00512	0.00512	0.00512	0.00683	0.00427	0.00384	0.00726	0.01153	0.01366	0.05123	0.04866	0.78869	0.01281	0.00598	0.00171	0.00256	0.01067	0.00470	0.00427
55	0.01043	0.09354	0.73120	0.01393	0.02113	0.01244	0.01784	0.01594	0.01064	0.01567	0.00890	0.01046	0.00641	0.00476	0.00467	0.00156	0.00730	0.00365	0.00214	0.00739
56	0.00792	0.00575	0.00778	0.00871	0.00979	0.00575	0.00724	0.01056	0.04833	0.01543	0.08856	0.19252	0.03075	0.01368	0.00672	0.00219	0.00413	0.52473	0.00476	0.00473
57	0.00955	0.00899	0.01517	0.81013	0.03483	0.01123	0.01404	0.01292	0.01011	0.01292	0.00899	0.01348	0.00674	0.00506	0.00506	0.00169	0.00674	0.00449	0.00225	0.00562
58	0.00955	0.00899	0.01517	0.81013	0.03483	0.01123	0.01404	0.01292	0.01011	0.01292	0.00899	0.01348	0.00674	0.00506	0.00506	0.00169	0.00674	0.00449	0.00225	0.00562
59	0.01259	0.01286	0.02721	0.08445	0.02604	0.01224	0.65019	0.01660	0.01199	0.07752	0.01090	0.01391	0.00798	0.00449	0.00582	0.00169	0.00805	0.00578	0.00283	0.00686
60	0.09748	0.00871	0.01135	0.00879	0.01263	0.00778	0.00726	0.02377	0.01395	0.72517	0.01879	0.01641	0.01189	0.00612	0.00491	0.00156	0.00427	0.00488	0.00598	0.00833
61	0.00616	0.00440	0.00587	0.00704	0.00733	0.00411	0.00469	0.00704	0.00968	0.01291	0.02787	0.81899	0.03344	0.01584	0.00645	0.00205	0.00293	0.01438	0.00469	0.00411
62	0.01382	0.78097	0.02582	0.00889	0.01313	0.06331	0.00871	0.01542	0.01050	0.01192	0.00707	0.00817	0.00649	0.00438	0.00332	0.00109	0.00561	0.00273	0.00219	0.00645
63	0.00726	0.00551	0.00662	0.00649	0.00783	0.00514	0.00484	0.03655	0.03156	0.01756	0.39447	0.16481	0.24881	0.01176	0.00602	0.00172	0.00274	0.03044	0.00513	0.00474
64	0.00734	0.00494	0.00572	0.00572	0.00579	0.00502	0.00332	0.00749	0.00742	0.00996	0.01574	0.03204	0.01793	0.75995	0.08745	0.00516	0.00559	0.00720	0.00304	0.00318
65	0.00677	0.00509	0.00626	0.00610	0.00735	0.00459	0.00452	0.00875	0.01322	0.01797	0.53574	0.10409	0.23817	0.01142	0.00601	0.00166	0.00248	0.00997	0.00527	0.00459
66	0.01889	0.02410	0.01433	0.01303	0.01563	0.80199	0.00977	0.02019	0.01433	0.01238	0.00782	0.00912	0.00651	0.00521	0.00456	0.00130	0.00912	0.00326	0.00261	0.00586
67	0.00955	0.00899	0.01517	0.81013	0.03483	0.01123	0.01404	0.01292	0.01011	0.01292	0.00899	0.01348	0.00674	0.00506	0.00506	0.00169	0.00674	0.00449	0.00225	0.00562
68	0.00607	0.00511	0.00527	0.00526	0.00690	0.00431	0.00393	0.00744	0.01171	0.01418	0.10982	0.06390	0.71348	0.01267	0.00599	0.00171	0.00256	0.01063	0.00477	0.00431
69	0.02269	0.00861	0.01174	0.00900	0.01291	0.00743	0.00743	0.02464	0.01447	0.79425	0.01995	0.01721	0.01252	0.00626	0.00509	0.00156	0.00430	0.00509	0.00626	0.00861
70	0.01763	0.01231	0.01356	0.01076	0.01425	0.01334	0.00873	0.60235	0.02099	0.09154	0.01504	0.12852	0.01249	0.00749	0.00526	0.00160	0.00508	0.00601	0.00510	0.00795
71	0.01106	0.01106	0.01549	0.01328	0.01328	0.01549	0.01106	0.01217	0.00774	0.01217	0.00664	0.01106	0.00664	0.00885	0.01659	0.00221	0.81303	0.00443	0.00221	0.00553
72	0.01136	0.01038	0.01294	0.03974	0.01369	0.04121	0.02043	0.01323	0.00978	0.03715	0.00844	0.01099	0.00727	0.00576	0.00851	0.00137	0.29427	0.00368	0.00276	0.44704
73	0.01010	0.03801	0.64741	0.01433	0.02107	0.01146	0.09177	0.01543	0.01094	0.01597	0.03362	0.01344	0.04345	0.00527	0.00498	0.00161	0.00717	0.00441	0.00239	0.00717
74	0.00616	0.00440	0.00587	0.00704	0.00733	0.00411	0.00469	0.00704	0.00968	0.01291	0.02787	0.81899	0.03344	0.01584	0.00645	0.00205	0.00293	0.01438	0.00469	0.00411
75	0.01124	0.01162	0.02228	0.28693	0.20302	0.01219	0.31813	0.01480	0.01107	0.01503	0.00952	0.01324	0.00740	0.00475	0.00584	0.00167	0.03713	0.00508	0.00243	0.00664
76	0.01220	0.01346	0.02818	0.02132	0.07640	0.01294	0.66739	0.04299	0.01218	0.01663	0.01012	0.01342	0.00769	0.00451	0.00626	0.00170	0.03730	0.00576	0.00263	0.00692
77	0.01922	0.01416	0.01518	0.01163	0.01568	0.01568	0.00961	0.77388	0.02378	0.03187	0.01214	0.01214	0.00860	0.00607	0.00506	0.00152	0.00556	0.00455	0.00506	0.00860
78	0.04587	0.21243	0.58356	0.01275	0.01930	0.01366	0.01579	0.01576	0.01050	0.01533	0.00851	0.00997	0.00639	0.00469	0.00437	0.00148	0.00684	0.00345	0.00218	0.00716
79	0.01313	0.77572	0.02530	0.00851	0.01265	0.01909	0.00842	0.01480	0.01052	0.01240	0.05427	0.00991	0.00898	0.00469	0.00341	0.00111	0.00522	0.00309	0.00237	0.00639
80	0.00621	0.00442	0.00585	0.00698	0.00726	0.00414	0.00462	0.00705	0.00958	0.01278	0.02736	0.78536	0.03280	0.05035	0.00728	0.00218	0.00302	0.01407	0.00462	0.00406
81	0.01033	0.00986	0.01695	0.59974	0.21102	0.01147	0.04177	0.01365	0.01050	0.01388	0.00915	0.01326	0.00707	0.00490	0.00508	0.00164	0.00663	0.00455	0.00232	0.00622
82	0.01131	0.00978	0.00998	0.00906	0.01155	0.03839	0.00700	0.07286	0.46690	0.01953	0.05661	0.06934	0.17912	0.00863	0.00540	0.00170	0.00387	0.00720	0.00495	0.00684
83	0.00735	0.00490	0.00552	0.00552	0.00552	0.00490	0.00306	0.00735	0.00735	0.00980	0.01593	0.03309	0.01838	0.82229	0.02574	0.00490	0.00490	0.00735	0.00306	0.00306
84	0.00616	0.00440	0.00587	0.00704	0.00733	0.00411	0.00469	0.00704	0.00968	0.01291	0.02787	0.81899	0.03344	0.01584	0.00645	0.00205	0.00293	0.01438	0.00469	0.00411
85	0.01190	0.01388	0.04467	0.02118	0.02634	0.01277	0.75779	0.01619	0.01191	0.01619	0.01021	0.01358	0.00765	0.00427	0.00595	0.00170	0.00850	0.00592	0.00255	0.00683
86	0.02004	0.05393	0.10786	0.00953	0.01379	0.00852	0.00876	0.02248	0.01378	0.62663	0.04901	0.01676	0.01288	0.00614	0.00499	0.00154	0.00467	0.00496	0.00551	0.00820
87	0.01330	0.71411	0.11092	0.00941	0.01404	0.04173	0.00979	0.01538	0.01044	0.01236	0.00728	0.00842	0.00648	0.00440	0.00345	0.00115	0.00574	0.00283	0.00217	0.00658
88	0.05709	0.02525	0.75242	0.01398	0.02122	0.01172	0.01795	0.01595	0.01056	0.01638	0.00896	0.01054	0.00635	0.00480	0.00471	0.00160	0.00728	0.00368	0.00219	0.00736
89	0.01063	0.06029	0.61656	0.01545	0.02234	0.01232	0.16024	0.01601	0.01089	0.01586	0.00920	0.01112	0.00665	0.00468	0.00495	0.00160	0.00758	0.00411	0.00222	0.00731
90	0.01256	0.01080	0.01264	0.01316	0.12955	0.01207	0.00896	0.07333	0.55523	0.02096	0.06330	0.01919	0.03203	0.00678	0.00518	0.00166	0.00428	0.00576	0.00476	0.00778

[dist]
# distance from previous block
# <min> <max>
0	2

[block]
# block no. 3 follows, 49 sequences, length 8
# corresponding to MSA columns:
# 464-471
name=unknown_D
#
# <colnr> <probs for GDERKNQSTAVLIFYWHMCP>
#	G	D	E	R	K	N	Q	S	T	A	V	L	I	F	Y	W	H	M	C	P
0	0.00800	0.00572	0.00795	0.00888	0.01005	0.00567	0.00765	0.01034	0.01203	0.01589	0.13829	0.05422	0.03183	0.01344	0.00683	0.00222	0.00432	0.64720	0.00479	0.00467
1	0.01095	0.21776	0.61157	0.01303	0.01975	0.01373	0.01628	0.01580	0.01058	0.01503	0.00858	0.01006	0.00643	0.00469	0.00443	0.00148	0.00698	0.00349	0.00214	0.00724
2	0.01019	0.00965	0.01633	0.64068	0.19924	0.01140	0.01436	0.01349	0.01042	0.01370	0.00910	0.01327	0.00702	0.00494	0.00504	0.00165	0.00658	0.00450	0.00230	0.00614
3	0.01484	0.00862	0.04721	0.00858	0.01126	0.00756	0.00698	0.12680	0.01375	0.32075	0.05175	0.21622	0.05854	0.07424	0.00713	0.00195	0.00419	0.00785	0.00514	0.00663
4	0.00955	0.00899	0.01517	0.81013	0.03483	0.01123	0.01404	0.01292	0.01011	0.01292	0.00899	0.01348	0.00674	0.00506	0.00506	0.00169	0.00674	0.00449	0.00225	0.00562
5	0.01449	0.01035	0.01135	0.00948	0.01209	0.01126	0.00731	0.34902	0.16786	0.07210	0.01629	0.07588	0.01420	0.19350	0.00990	0.00237	0.00484	0.00615	0.00467	0.00690
6	0.01188	0.01005	0.01901	0.01460	0.01772	0.00995	0.36274	0.01462	0.01096	0.12855	0.01417	0.11315	0.01252	0.03914	0.12556	0.00283	0.07631	0.00669	0.00337	0.00617
7	0.01053	0.11690	0.70870	0.01376	0.02087	0.01268	0.01754	0.01592	0.01063	0.01555	0.00884	0.01038	0.00642	0.00475	0.00463	0.00154	0.00724	0.00362	0.00214	0.00736

[dist]
# distance from previous block
# <min> <max>
5	6

[block]
# block no. 4 follows, 49 sequences, length 179
# corresponding to MSA columns:
# 478-656
name=unknown_E
#
# <colnr> <probs for GDERKNQSTAVLIFYWHMCP>
#	G	D	E	R	K	N	Q	S	T	A	V	L	I	F	Y	W	H	M	C	P
0	0.01252	0.01201	0.02053	0.03104	0.79074	0.01201	0.01552	0.01552	0.01151	0.01652	0.00951	0.01252	0.00801	0.00451	0.00501	0.00150	0.00601	0.00451	0.00250	0.00801
1	0.01049	0.00899	0.01049	0.00749	0.01198	0.00674	0.00599	0.01273	0.01049	0.01648	0.00899	0.01049	0.00749	0.00374	0.00374	0.00075	0.00374	0.00300	0.00300	0.85320
2	0.05892	0.01020	0.01233	0.00964	0.01345	0.01007	0.00792	0.20378	0.08901	0.50347	0.01755	0.01574	0.01154	0.00620	0.00500	0.00157	0.00456	0.00491	0.00572	0.00840
3	0.01352	0.82533	0.02650	0.00865	0.01298	0.02001	0.00865	0.01514	0.01027	0.01190	0.00703	0.00811	0.00649	0.00433	0.00324	0.00108	0.00541	0.00270	0.00216	0.00649
4	0.00655	0.00456	0.00575	0.00655	0.00675	0.00436	0.00417	0.00714	0.00893	0.01190	0.02401	0.56460	0.02857	0.27688	0.01270	0.00298	0.00357	0.01210	0.00417	0.00377
5	0.00739	0.00549	0.00714	0.00801	0.00922	0.00524	0.00669	0.00929	0.01140	0.01452	0.03305	0.13752	0.22087	0.01388	0.00667	0.00214	0.00394	0.48836	0.00467	0.00450
6	0.01194	0.01364	0.02984	0.02131	0.02643	0.01279	0.77238	0.01620	0.01194	0.01620	0.01023	0.01364	0.00767	0.00426	0.00597	0.00171	0.00853	0.00597	0.00256	0.00682
7	0.00676	0.00538	0.00622	0.00664	0.00815	0.00483	0.00540	0.00842	0.01157	0.01419	0.04236	0.05170	0.51316	0.01323	0.00634	0.00193	0.00332	0.28129	0.00468	0.00441
8	0.00733	0.00489	0.00552	0.00554	0.00555	0.00489	0.00309	0.00735	0.00739	0.00986	0.01614	0.04705	0.01865	0.80796	0.02540	0.00485	0.00487	0.00748	0.00309	0.00308
9	0.01221	0.01170	0.01998	0.11099	0.71317	0.01193	0.01537	0.01525	0.01137	0.01615	0.00946	0.01261	0.00788	0.00456	0.00501	0.00152	0.00608	0.00450	0.00248	0.00776
10	0.01326	0.76365	0.08589	0.00910	0.01367	0.01937	0.00943	0.01521	0.01031	0.01221	0.00719	0.00831	0.00648	0.00436	0.00337	0.00112	0.00557	0.00278	0.00216	0.00657
11	0.00718	0.00519	0.00679	0.00643	0.00763	0.00480	0.00485	0.00957	0.01425	0.02015	0.76924	0.03825	0.04725	0.01043	0.00599	0.00161	0.00244	0.02765	0.00554	0.00477
12	0.03301	0.01354	0.02928	0.02095	0.02601	0.01275	0.75327	0.01616	0.01185	0.01636	0.01015	0.01351	0.00762	0.00427	0.00590	0.00170	0.00841	0.00589	0.00257	0.00679
13	0.01846	0.01378	0.01474	0.01148	0.01539	0.01532	0.00943	0.68778	0.11113	0.03063	0.01311	0.01292	0.00939	0.00616	0.00507	0.00154	0.00538	0.00469	0.00507	0.00853
14	0.01226	0.01176	0.02007	0.09758	0.72618	0.01195	0.01539	0.01530	0.01139	0.01621	0.00947	0.01260	0.00790	0.00455	0.00501	0.00152	0.00607	0.00450	0.00248	0.00781
15	0.00716	0.00517	0.00676	0.00636	0.00755	0.00477	0.00477	0.00954	0.01431	0.02028	0.78808	0.03777	0.04771	0.01034	0.00596	0.00159	0.00239	0.00914	0.00557	0.00477
16	0.01835	0.01373	0.01468	0.01146	0.01535	0.01527	0.00940	0.67567	0.12341	0.03046	0.01325	0.01302	0.00950	0.00617	0.00507	0.00154	0.00536	0.00471	0.00507	0.00852
17	0.01352	0.82533	0.02650	0.00865	0.01298	0.02001	0.00865	0.01514	0.01027	0.01190	0.00703	0.00811	0.00649	0.00433	0.00324	0.00108	0.00541	0.00270	0.00216	0.00649
18	0.00877	0.00553	0.00725	0.00661	0.00810	0.00504	0.00503	0.01109	0.01427	0.10181	0.69184	0.03583	0.05927	0.00996	0.00587	0.00159	0.00259	0.00875	0.00562	0.00517
19	0.00714	0.00517	0.00673	0.00634	0.00754	0.00476	0.00475	0.00950	0.01426	0.02016	0.77472	0.03797	0.06114	0.01038	0.00596	0.00159	0.00239	0.00917	0.00555	0.00476
20	0.00616	0.00440	0.00587	0.00704	0.00733	0.00411	0.00469	0.00704	0.00968	0.01291	0.02787	0.81899	0.03344	0.01584	0.00645	0.00205	0.00293	0.01438	0.00469	0.00411
21	0.85801	0.00978	0.00743	0.00665	0.00978	0.01134	0.00548	0.01486	0.00861	0.02269	0.00704	0.00821	0.00548	0.00469	0.00313	0.00156	0.00391	0.00274	0.00313	0.00548
22	0.01252	0.01201	0.02053	0.03104	0.79074	0.01201	0.01552	0.01552	0.01151	0.01652	0.00951	0.01252	0.00801	0.00451	0.00501	0.00150	0.00601	0.00451	0.00250	0.00801
23	0.01034	0.07226	0.75169	0.01408	0.02137	0.01222	0.01810	0.01596	0.01065	0.01578	0.00896	0.01053	0.00641	0.00478	0.00471	0.00157	0.00735	0.00368	0.00214	0.00742
24	0.01252	0.01201	0.02053	0.03104	0.79074	0.01201	0.01552	0.01552	0.01151	0.01652	0.00951	0.01252	0.00801	0.00451	0.00501	0.00150	0.00601	0.00451	0.00250	0.00801
25	0.01049	0.00899	0.01049	0.00749	0.01198	0.00674	0.00599	0.01273	0.01049	0.01648	0.00899	0.01049	0.00749	0.00374	0.00374	0.00075	0.00374	0.00300	0.00300	0.85320
26	0.00699	0.00506	0.00661	0.00651	0.00757	0.00468	0.00482	0.00911	0.01344	0.01881	0.62998	0.16276	0.06332	0.01136	0.00607	0.00169	0.00253	0.02864	0.00538	0.00465
27	0.01014	0.02616	0.79609	0.01441	0.02189	0.01174	0.01868	0.01601	0.01068	0.01601	0.00907	0.01068	0.00641	0.00480	0.00480	0.00160	0.00747	0.00374	0.00214	0.00747
28	0.01014	0.02616	0.79609	0.01441	0.02189	0.01174	0.01868	0.01601	0.01068	0.01601	0.00907	0.01068	0.00641	0.00480	0.00480	0.00160	0.00747	0.00374	0.00214	0.00747
29	0.01777	0.01323	0.01420	0.01124	0.01501	0.01472	0.00917	0.57757	0.20053	0.05156	0.01434	0.01386	0.01031	0.00626	0.00508	0.00157	0.00516	0.00484	0.00511	0.00846
30	0.01523	0.15056	0.01527	0.01105	0.01411	0.25446	0.00888	0.09159	0.32983	0.01770	0.01330	0.01329	0.01037	0.00592	0.00494	0.00148	0.02679	0.00433	0.00379	0.00709
31	0.01129	0.00979	0.04828	0.00792	0.01252	0.00703	0.00670	0.01369	0.01076	0.06873	0.00973	0.01095	0.00778	0.00396	0.00389	0.00084	0.00396	0.00317	0.00317	0.75583
32	0.01081	0.05196	0.69785	0.01442	0.02153	0.01193	0.06142	0.01630	0.01087	0.04356	0.00946	0.01099	0.00670	0.00481	0.00483	0.00159	0.00735	0.00388	0.00231	0.00744
33	0.00722	0.00542	0.00813	0.00813	0.00903	0.00632	0.00632	0.00903	0.00813	0.01174	0.01354	0.01987	0.01264	0.03792	0.80225	0.00813	0.01354	0.00542	0.00271	0.00451
34	0.01014	0.02616	0.79609	0.01441	0.02189	0.01174	0.01868	0.01601	0.01068	0.01601	0.00907	0.01068	0.00641	0.00480	0.00480	0.00160	0.00747	0.00374	0.00214	0.00747
35	0.01252	0.01201	0.02053	0.03104	0.79074	0.01201	0.01552	0.01552	0.01151	0.01652	0.00951	0.01252	0.00801	0.00451	0.00501	0.00150	0.00601	0.00451	0.00250	0.00801
36	0.00675	0.00484	0.00652	0.00760	0.00820	0.00461	0.00563	0.00811	0.01048	0.01389	0.06449	0.55785	0.04685	0.01501	0.00657	0.00210	0.00337	0.21811	0.00473	0.00429
37	0.01252	0.01201	0.02053	0.03104	0.79074	0.01201	0.01552	0.01552	0.01151	0.01652	0.00951	0.01252	0.00801	0.00451	0.00501	0.00150	0.00601	0.00451	0.00250	0.00801
38	0.01327	0.01398	0.01516	0.11143	0.01665	0.19151	0.01103	0.07353	0.01077	0.01385	0.00762	0.01101	0.00678	0.00735	0.01157	0.00189	0.47005	0.00418	0.00253	0.00586
39	0.00722	0.00542	0.00813	0.00813	0.00903	0.00632	0.00632	0.00903	0.00813	0.01174	0.01354	0.01987	0.01264	0.03792	0.80225	0.00813	0.01354	0.00542	0.00271	0.00451
40	0.00620	0.00513	0.00543	0.00536	0.00697	0.00436	0.00402	0.00769	0.01206	0.01492	0.19176	0.04659	0.64737	0.01234	0.00597	0.00169	0.00253	0.01038	0.00486	0.00436
41	0.00796	0.05254	0.00710	0.00602	0.00643	0.00619	0.00374	0.00880	0.04471	0.01054	0.01556	0.03051	0.01736	0.70865	0.05049	0.00464	0.00519	0.00694	0.00310	0.00355
42	0.04056	0.07140	0.70637	0.01396	0.02104	0.01223	0.03460	0.01593	0.01061	0.01602	0.00891	0.01051	0.00641	0.00476	0.00468	0.00157	0.00725	0.00369	0.00218	0.00733
43	0.00616	0.00440	0.00587	0.00704	0.00733	0.00411	0.00469	0.00704	0.00968	0.01291	0.02787	0.81899	0.03344	0.01584	0.00645	0.00205	0.00293	0.01438	0.00469	0.00411
44	0.01014	0.02616	0.79609	0.01441	0.02189	0.01174	0.01868	0.01601	0.01068	0.01601	0.00907	0.01068	0.00641	0.00480	0.00480	0.00160	0.00747	0.00374	0.00214	0.00747
45	0.01616	0.35043	0.06790	0.01133	0.01494	0.43449	0.00987	0.01788	0.01245	0.01241	0.00757	0.00881	0.00650	0.00483	0.00404	0.00123	0.00751	0.00306	0.00240	0.00622
46	0.01112	0.02835	0.01572	0.01318	0.01327	0.01558	0.01101	0.01223	0.00780	0.01216	0.00665	0.01100	0.00663	0.00875	0.01631	0.00219	0.79588	0.00439	0.00221	0.00555
47	0.00616	0.00440	0.00587	0.00704	0.00733	0.00411	0.00469	0.00704	0.00968	0.01291	0.02787	0.81899	0.03344	0.01584	0.00645	0.00205	0.00293	0.01438	0.00469	0.00411
48	0.07713	0.00943	0.01175	0.00921	0.01299	0.00896	0.00756	0.09560	0.08683	0.59770	0.01840	0.01628	0.01195	0.00619	0.00496	0.00157	0.00437	0.00494	0.00583	0.00834
49	0.01014	0.02616	0.79609	0.01441	0.02189	0.01174	0.01868	0.01601	0.01068	0.01601	0.00907	0.01068	0.00641	0.00480	0.00480	0.00160	0.00747	0.00374	0.00214	0.00747
50	0.02223	0.00871	0.01172	0.00906	0.01292	0.00767	0.00746	0.02474	0.04938	0.75907	0.01998	0.01729	0.01265	0.00629	0.00509	0.00157	0.00429	0.00511	0.00621	0.00858
51	0.01194	0.01364	0.02984	0.02131	0.02643	0.01279	0.77238	0.01620	0.01194	0.01620	0.01023	0.01364	0.00767	0.00426	0.00597	0.00171	0.00853	0.00597	0.00256	0.00682
52	0.01240	0.01189	0.02031	0.06192	0.76078	0.01198	0.01546	0.01542	0.01146	0.01638	0.00949	0.01255	0.00796	0.00453	0.00501	0.00151	0.00604	0.00451	0.00249	0.00791
53	0.01146	0.01222	0.02194	0.01689	0.01919	0.01427	0.35351	0.01398	0.00963	0.01398	0.00825	0.01222	0.00710	0.00679	0.01181	0.00198	0.45116	0.00512	0.00237	0.00611
54	0.02232	0.00919	0.01210	0.00928	0.01320	0.00830	0.00766	0.10383	0.01546	0.71367	0.01912	0.01668	0.01210	0.00624	0.00508	0.00156	0.00444	0.00503	0.00613	0.00861
55	0.00726	0.00526	0.00732	0.00732	0.00794	0.00588	0.00531	0.00851	0.00789	0.01114	0.01428	0.02397	0.01442	0.28108	0.56153	0.00713	0.01087	0.00602	0.00282	0.00407
56	0.00955	0.00899	0.01517	0.81013	0.03483	0.01123	0.01404	0.01292	0.01011	0.01292	0.00899	0.01348	0.00674	0.00506	0.00506	0.00169	0.00674	0.00449	0.00225	0.00562
57	0.00623	0.00445	0.00595	0.00712	0.00744	0.00417	0.00481	0.00716	0.00975	0.01299	0.02783	0.79245	0.03329	0.01578	0.00647	0.00206	0.00299	0.04023	0.00469	0.00413
58	0.00713	0.00515	0.00674	0.00638	0.00755	0.00476	0.00477	0.00948	0.01420	0.02010	0.76965	0.05670	0.04737	0.01047	0.00598	0.00160	0.00240	0.00927	0.00555	0.00476
59	0.01252	0.01201	0.02053	0.03104	0.79074	0.01201	0.01552	0.01552	0.01151	0.01652	0.00951	0.01252	0.00801	0.00451	0.00501	0.00150	0.00601	0.00451	0.00250	0.00801
60	0.00955	0.00899	0.01517	0.81013	0.03483	0.01123	0.01404	0.01292	0.01011	0.01292	0.00899	0.01348	0.00674	0.00506	0.00506	0.00169	0.00674	0.00449	0.00225	0.00562
61	0.01111	0.01121	0.01632	0.01374	0.01403	0.01533	0.05498	0.01240	0.00799	0.01240	0.00685	0.01121	0.00670	0.00859	0.01598	0.00218	0.76662	0.00451	0.00223	0.00561
62	0.01023	0.00946	0.01556	0.71429	0.08971	0.01151	0.01394	0.04964	0.01087	0.01410	0.00918	0.01335	0.00692	0.00506	0.00505	0.00166	0.00663	0.00450	0.00240	0.00594
63	0.01014	0.02616	0.79609	0.01441	0.02189	0.01174	0.01868	0.01601	0.01068	0.01601	0.00907	0.01068	0.00641	0.00480	0.00480	0.00160	0.00747	0.00374	0.00214	0.00747
64	0.00616	0.00440	0.00587	0.00704	0.00733	0.00411	0.00469	0.00704	0.00968	0.01291	0.02787	0.81899	0.03344	0.01584	0.00645	0.00205	0.00293	0.01438	0.00469	0.00411
65	0.85801	0.00978	0.00743	0.00665	0.00978	0.01134	0.00548	0.01486	0.00861	0.02269	0.00704	0.00821	0.00548	0.00469	0.00313	0.00156	0.00391	0.00274	0.00313	0.00548
66	0.01178	0.02933	0.11235	0.02059	0.04540	0.01278	0.65788	0.01614	0.01176	0.01611	0.01003	0.01319	0.00752	0.00433	0.00577	0.00168	0.00829	0.00563	0.00250	0.00692
67	0.06795	0.01337	0.01439	0.01109	0.01507	0.01463	0.00916	0.65688	0.02199	0.10583	0.01261	0.01241	0.00880	0.00601	0.00495	0.00152	0.00535	0.00450	0.00506	0.00842
68	0.00627	0.00455	0.00609	0.00718	0.00747	0.00437	0.00484	0.00716	0.00964	0.01289	0.02738	0.80042	0.03283	0.01568	0.00669	0.00206	0.02156	0.01415	0.00464	0.00414
69	0.01856	0.01157	0.01318	0.01041	0.01398	0.01218	0.00847	0.49009	0.01971	0.22544	0.01602	0.10954	0.01257	0.00728	0.00523	0.00159	0.00493	0.00586	0.00532	0.00807
70	0.03330	0.64446	0.18118	0.00977	0.01470	0.01813	0.01060	0.01531	0.01032	0.01299	0.00744	0.00863	0.00645	0.00443	0.00356	0.00120	0.00579	0.00291	0.00218	0.00666
71	0.00735	0.00490	0.00552	0.00552	0.00552	0.00490	0.00306	0.00735	0.00735	0.00980	0.01593	0.03309	0.01838	0.82229	0.02574	0.00490	0.00490	0.00735	0.00306	0.00306
72	0.85801	0.00978	0.00743	0.00665	0.00978	0.01134	0.00548	0.01486	0.00861	0.02269	0.00704	0.00821	0.00548	0.00469	0.00313	0.00156	0.00391	0.00274	0.00313	0.00548
73	0.01268	0.01233	0.02037	0.03057	0.77076	0.03238	0.01537	0.01564	0.01159	0.01641	0.00947	0.01243	0.00797	0.00452	0.00499	0.00150	0.00609	0.00447	0.00251	0.00795
74	0.02252	0.00887	0.01190	0.00912	0.01304	0.00783	0.00754	0.06061	0.01492	0.75765	0.01957	0.01697	0.01233	0.00625	0.00508	0.00156	0.00436	0.00506	0.00620	0.00861
75	0.00895	0.00579	0.00708	0.00648	0.00822	0.00522	0.00499	0.02918	0.01366	0.11022	0.43769	0.03843	0.26876	0.01058	0.00586	0.00164	0.00279	0.02395	0.00535	0.00516
76	0.01252	0.01199	0.02032	0.03057	0.77324	0.01203	0.01535	0.01577	0.02885	0.01662	0.00976	0.01266	0.00818	0.00456	0.00501	0.00151	0.00596	0.00453	0.00256	0.00801
77	0.00784	0.00524	0.00681	0.00743	0.00815	0.00505	0.00518	0.04501	0.01075	0.05908	0.04550	0.69054	0.04239	0.01453	0.00645	0.00199	0.01565	0.01303	0.00478	0.00462
78	0.00616	0.00440	0.00587	0.00704	0.00733	0.00411	0.00469	0.00704	0.00968	0.01291	0.02787	0.81899	0.03344	0.01584	0.00645	0.00205	0.00293	0.01438	0.00469	0.00411
79	0.85801	0.00978	0.00743	0.00665	0.00978	0.01134	0.00548	0.01486	0.00861	0.02269	0.00704	0.00821	0.00548	0.00469	0.00313	0.00156	0.00391	0.00274	0.00313	0.00548
80	0.06051	0.09515	0.01319	0.00915	0.01292	0.02761	0.00764	0.04199	0.10044	0.55135	0.01758	0.01570	0.01164	0.00602	0.00479	0.00152	0.00451	0.00474	0.00544	0.00810
81	0.01043	0.00568	0.00578	0.00542	0.00689	0.00584	0.00416	0.08981	0.01195	0.02018	0.01605	0.01817	0.01251	0.00591	0.00369	0.00121	0.00268	0.00470	0.76382	0.00511
82	0.01035	0.07423	0.74979	0.01407	0.02135	0.01224	0.01808	0.01596	0.01065	0.01577	0.00895	0.01052	0.00641	0.00478	0.00471	0.00157	0.00735	0.00367	0.00214	0.00741
83	0.66372	0.10248	0.04646	0.00746	0.01094	0.01231	0.00661	0.01575	0.04613	0.03882	0.00808	0.00904	0.00627	0.00480	0.00336	0.00152	0.00426	0.00298	0.00314	0.00588
84	0.12514	0.30586	0.15796	0.01152	0.02761	0.23469	0.04252	0.01672	0.01135	0.01443	0.00779	0.00916	0.00642	0.00471	0.00402	0.00133	0.00675	0.00321	0.00243	0.00639
85	0.05963	0.01048	0.01263	0.00985	0.01351	0.01044	0.03000	0.29784	0.01688	0.30427	0.04524	0.06879	0.01291	0.00664	0.00502	0.00152	0.00466	0.00540	0.00515	0.07913
86	0.00705	0.00539	0.00658	0.00742	0.00809	0.01740	0.00519	0.00918	0.07507	0.01386	0.04340	0.63249	0.06491	0.02717	0.00661	0.00205	0.00322	0.05574	0.00469	0.00450
87	0.72983	0.01226	0.12666	0.00782	0.01161	0.01140	0.00747	0.01504	0.00892	0.02168	0.00735	0.00859	0.00562	0.00471	0.00338	0.00157	0.00445	0.00289	0.00298	0.00578
88	0.01264	0.01222	0.02024	0.03032	0.76198	0.02680	0.01527	0.01581	0.02569	0.01653	0.00968	0.01257	0.00812	0.00456	0.00500	0.00150	0.00603	0.00450	0.00255	0.00797
89	0.03579	0.00772	0.01034	0.00832	0.01148	0.00682	0.00675	0.02041	0.01418	0.57303	0.19535	0.03684	0.02109	0.00747	0.00531	0.00159	0.00384	0.02019	0.00598	0.00751
90	0.00735	0.00490	0.00552	0.00552	0.00552	0.00490	0.00306	0.00735	0.00735	0.00980	0.01593	0.03309	0.01838	0.82229	0.02574	0.00490	0.00490	0.00735	0.00306	0.00306
91	0.05929	0.03346	0.01496	0.01126	0.01524	0.01539	0.00933	0.69429	0.03504	0.04346	0.01204	0.01205	0.00858	0.00598	0.00492	0.00151	0.00543	0.00445	0.00492	0.00839
92	0.01084	0.19100	0.63735	0.01322	0.02005	0.01345	0.01661	0.01583	0.01059	0.01516	0.00865	0.01015	0.00642	0.00471	0.00448	0.00149	0.00705	0.00352	0.00214	0.00727
