[name]
unknown

[dist]
# distance from previous block
# <min> <max>
0	90

[block]
# block no. 0 follows, 41 sequences, length 32
# corresponding to MSA columns:
# 98-129
name=unknown_A
#
# <colnr> <probs for GDERKNQSTAVLIFYWHMCP>
#	G	D	E	R	K	N	Q	S	T	A	V	L	I	F	Y	W	H	M	C	P
0	0.01459	0.01086	0.01238	0.01046	0.01318	0.04752	0.03531	0.18733	0.08137	0.10250	0.12758	0.05006	0.13033	0.08501	0.00894	0.00222	0.03819	0.02979	0.00528	0.00709
1	0.05065	0.03785	0.01562	0.04785	0.01700	0.01500	0.01000	0.47910	0.03987	0.12427	0.01641	0.01806	0.03172	0.04071	0.00667	0.00192	0.00590	0.02714	0.00545	0.00882
2	0.03701	0.04364	0.03777	0.01148	0.01575	0.04030	0.00959	0.37522	0.07412	0.07991	0.03048	0.04781	0.01233	0.00692	0.00540	0.00160	0.00562	0.00540	0.02523	0.13443
3	0.01129	0.00836	0.01040	0.04767	0.01220	0.00893	0.00737	0.08440	0.06173	0.06695	0.28146	0.05966	0.14300	0.06234	0.02435	0.00230	0.08739	0.00873	0.00524	0.00622
4	0.04647	0.01239	0.01960	0.24849	0.06272	0.01328	0.17358	0.10618	0.06387	0.01980	0.01212	0.03317	0.00961	0.00607	0.00636	0.00178	0.04532	0.00553	0.00346	0.11021
5	0.01271	0.07047	0.08772	0.09698	0.26467	0.07232	0.01304	0.03765	0.01268	0.01669	0.01492	0.09261	0.01466	0.09060	0.00828	0.00223	0.00665	0.07467	0.00336	0.00708
6	0.00784	0.00560	0.00717	0.00796	0.00872	0.00523	0.00545	0.02860	0.01164	0.01593	0.05999	0.65619	0.03500	0.03267	0.00741	0.00224	0.00344	0.01446	0.03830	0.04618
7	0.00977	0.00629	0.00758	0.00822	0.03840	0.00647	0.00558	0.02854	0.04828	0.01785	0.02099	0.20450	0.02061	0.11190	0.10259	0.00310	0.00506	0.00841	0.34049	0.00535
8	0.01095	0.00957	0.01425	0.13516	0.07717	0.01050	0.06105	0.04462	0.05919	0.01723	0.03985	0.22765	0.01875	0.01200	0.05476	0.00242	0.10411	0.00842	0.02635	0.06598
9	0.01319	0.03673	0.02054	0.05149	0.01979	0.01392	0.23100	0.12386	0.01373	0.01884	0.01587	0.01890	0.08753	0.01076	0.07734	0.00261	0.19397	0.00627	0.00348	0.04017
10	0.00704	0.00501	0.00662	0.00788	0.00820	0.00469	0.00522	0.00798	0.01082	0.01443	0.03086	0.75807	0.03700	0.05624	0.00837	0.00248	0.00343	0.01587	0.00522	0.00459
11	0.00736	0.00608	0.00640	0.00633	0.00824	0.00527	0.00484	0.02609	0.01366	0.01671	0.12010	0.05340	0.64244	0.01411	0.00679	0.00195	0.00308	0.04672	0.00541	0.00502
12	0.04949	0.01246	0.01383	0.01128	0.01444	0.01393	0.00906	0.45644	0.02000	0.02778	0.01421	0.01767	0.01160	0.08874	0.14489	0.00342	0.03460	0.00555	0.04277	0.00785
13	0.01549	0.01048	0.01168	0.00988	0.01242	0.01124	0.00764	0.36352	0.01825	0.03854	0.01696	0.12332	0.01530	0.07079	0.00954	0.10663	0.00505	0.00692	0.13942	0.00693
14	0.02541	0.01014	0.01353	0.01037	0.01480	0.00901	0.00857	0.07416	0.01705	0.72002	0.02200	0.01910	0.01387	0.00707	0.00575	0.00177	0.00496	0.00571	0.00699	0.00973
15	0.00802	0.00598	0.00701	0.00687	0.00799	0.00570	0.00479	0.01005	0.04207	0.01683	0.27125	0.07756	0.21674	0.24330	0.04837	0.00329	0.00426	0.01011	0.00501	0.00479
16	0.01314	0.01472	0.03153	0.12609	0.03117	0.01423	0.64517	0.01783	0.01322	0.01783	0.01138	0.01541	0.00854	0.00494	0.00661	0.00193	0.00937	0.00653	0.00285	0.00753
17	0.01080	0.01017	0.01716	0.78523	0.03940	0.01271	0.01589	0.01461	0.01144	0.01461	0.01017	0.01525	0.00762	0.00572	0.00572	0.00191	0.00762	0.00508	0.00254	0.00635
18	0.01066	0.00533	0.00533	0.00533	0.00666	0.00533	0.00400	0.01333	0.01200	0.02132	0.01866	0.02132	0.01466	0.00666	0.00400	0.00133	0.00267	0.00533	0.83073	0.00533
19	0.01064	0.01001	0.01660	0.72674	0.03719	0.01244	0.01522	0.01427	0.01145	0.01463	0.01248	0.01716	0.04520	0.00627	0.00610	0.00192	0.02728	0.00543	0.00268	0.00628
20	0.00939	0.00596	0.00769	0.00819	0.00947	0.00552	0.00621	0.01115	0.01275	0.08418	0.10381	0.35801	0.13597	0.01486	0.00699	0.00218	0.00371	0.16186	0.04672	0.00537
21	0.02071	0.01357	0.01507	0.01180	0.01591	0.01449	0.00965	0.52603	0.02316	0.16189	0.01801	0.05493	0.04024	0.00772	0.00578	0.00175	0.00563	0.00607	0.03848	0.00912
22	0.12439	0.23602	0.43036	0.01365	0.03344	0.03869	0.01568	0.01780	0.01178	0.01776	0.00929	0.01090	0.00717	0.00528	0.00470	0.00163	0.00730	0.00376	0.00260	0.00780
23	0.01528	0.39362	0.10799	0.05086	0.01843	0.03545	0.06266	0.13437	0.06144	0.01872	0.01179	0.01309	0.02593	0.00648	0.01989	0.00168	0.00683	0.00438	0.00331	0.00782
24	0.00791	0.00606	0.00760	0.00790	0.00928	0.00524	0.00552	0.00924	0.01129	0.01546	0.02936	0.58520	0.08731	0.01498	0.00666	0.00200	0.00347	0.01342	0.00493	0.16718
25	0.01066	0.00533	0.00533	0.00533	0.00666	0.00533	0.00400	0.01333	0.01200	0.02132	0.01866	0.02132	0.01466	0.00666	0.00400	0.00133	0.00267	0.00533	0.83073	0.00533
26	0.01080	0.01017	0.01716	0.78523	0.03940	0.01271	0.01589	0.01461	0.01144	0.01461	0.01017	0.01525	0.00762	0.00572	0.00572	0.00191	0.00762	0.00508	0.00254	0.00635
27	0.00707	0.00505	0.00672	0.00790	0.00832	0.00471	0.00532	0.00821	0.01140	0.01532	0.09426	0.73047	0.03922	0.01738	0.00725	0.00228	0.00327	0.01575	0.00539	0.00471
28	0.02083	0.01517	0.01636	0.01279	0.01717	0.01677	0.01049	0.60484	0.13294	0.06962	0.01556	0.01513	0.01108	0.00701	0.00574	0.00175	0.00597	0.00537	0.00580	0.00963
29	0.00777	0.00580	0.00722	0.00694	0.00837	0.00525	0.00518	0.01014	0.01532	0.02105	0.58546	0.07707	0.19825	0.01253	0.00677	0.00185	0.00277	0.01095	0.00605	0.00525
30	0.02984	0.01037	0.01249	0.01216	0.08396	0.01073	0.00858	0.26665	0.03162	0.05988	0.19079	0.15184	0.08654	0.01023	0.00626	0.00186	0.00462	0.00873	0.00550	0.00736
31	0.00707	0.00511	0.00669	0.00777	0.00829	0.00473	0.00527	0.00825	0.01157	0.01545	0.10330	0.68246	0.07862	0.01713	0.00722	0.00225	0.00324	0.01546	0.00540	0.00473

[dist]
# distance from previous block
# <min> <max>
10	44

[block]
# block no. 1 follows, 41 sequences, length 20
# corresponding to MSA columns:
# 178-197
name=unknown_B
#
# <colnr> <probs for GDERKNQSTAVLIFYWHMCP>
#	G	D	E	R	K	N	Q	S	T	A	V	L	I	F	Y	W	H	M	C	P
0	0.00725	0.00580	0.00642	0.00627	0.00795	0.00504	0.00467	0.00907	0.01393	0.01780	0.28983	0.05039	0.50230	0.03895	0.00748	0.00200	0.00292	0.01138	0.00558	0.00497
1	0.02205	0.01553	0.01686	0.01293	0.01749	0.01700	0.01068	0.68790	0.02607	0.09355	0.01443	0.01418	0.01008	0.00688	0.00572	0.00172	0.00618	0.00520	0.00583	0.00973
2	0.01529	0.80242	0.02997	0.00979	0.01468	0.02263	0.00979	0.01713	0.01162	0.01346	0.00795	0.00918	0.00734	0.00489	0.00367	0.00122	0.00612	0.00306	0.00245	0.00734
3	0.01423	0.01229	0.01293	0.01164	0.01487	0.01423	0.00905	0.03039	0.75297	0.02393	0.02328	0.02134	0.01746	0.00776	0.00582	0.00194	0.00453	0.00647	0.00582	0.00905
4	0.83938	0.01106	0.00841	0.00752	0.01106	0.01283	0.00619	0.01681	0.00973	0.02566	0.00796	0.00929	0.00619	0.00531	0.00354	0.00177	0.00442	0.00310	0.00354	0.00619
5	0.00957	0.00662	0.00810	0.00745	0.00925	0.00621	0.00572	0.01211	0.03399	0.08612	0.42091	0.04278	0.27274	0.01200	0.00714	0.00187	0.03563	0.01017	0.00588	0.00573
6	0.79449	0.01099	0.00868	0.00767	0.01126	0.01259	0.00632	0.01742	0.01010	0.06658	0.00877	0.00985	0.00663	0.00541	0.00366	0.00177	0.00445	0.00324	0.00374	0.00639
7	0.01948	0.01394	0.01486	0.01168	0.01562	0.01535	0.00955	0.58845	0.04597	0.03298	0.01493	0.01536	0.01087	0.00686	0.00541	0.00165	0.00557	0.00522	0.15735	0.00890
8	0.01495	0.01231	0.01355	0.01567	0.20317	0.10910	0.00969	0.14227	0.03659	0.02232	0.01466	0.01677	0.01152	0.00623	0.00492	0.00153	0.00538	0.00506	0.34698	0.00731
9	0.00728	0.00534	0.00694	0.00788	0.00858	0.00485	0.00536	0.00844	0.01127	0.01516	0.05670	0.69349	0.06673	0.01678	0.00708	0.00220	0.00333	0.01514	0.00523	0.05222
10	0.01153	0.05771	0.56861	0.01596	0.04723	0.01277	0.06628	0.01724	0.01255	0.01850	0.07772	0.01532	0.01186	0.00596	0.00552	0.00177	0.00765	0.00496	0.03285	0.00799
11	0.01184	0.09031	0.68692	0.01604	0.02413	0.01406	0.04366	0.01804	0.01209	0.01775	0.01012	0.01196	0.00730	0.00537	0.00534	0.00177	0.00831	0.00422	0.00243	0.00834
12	0.00830	0.00563	0.00668	0.00668	0.00683	0.00578	0.00402	0.00860	0.00845	0.01142	0.01762	0.03520	0.01983	0.68618	0.14059	0.00609	0.00700	0.00799	0.00341	0.00371
13	0.03884	0.01426	0.07746	0.09513	0.04162	0.01278	0.48233	0.01645	0.01272	0.01768	0.01397	0.12286	0.01244	0.00678	0.00651	0.00196	0.00827	0.00758	0.00318	0.00719
14	0.10742	0.32260	0.12229	0.01092	0.01525	0.06022	0.03124	0.01719	0.04292	0.04245	0.01231	0.01421	0.03062	0.01113	0.11712	0.00264	0.00766	0.00436	0.02040	0.00705
15	0.00711	0.00512	0.00677	0.00796	0.00844	0.00477	0.00545	0.00828	0.01138	0.01516	0.06923	0.70222	0.06199	0.01740	0.00728	0.00230	0.00336	0.04571	0.00536	0.00472
16	0.01294	0.14971	0.04882	0.24106	0.35945	0.01443	0.01516	0.01623	0.01239	0.01665	0.03433	0.01542	0.02826	0.00569	0.00538	0.00169	0.00675	0.00504	0.00284	0.00776
17	0.03577	0.02089	0.00859	0.02593	0.00976	0.00717	0.00603	0.01223	0.01112	0.07038	0.07260	0.06456	0.06875	0.13674	0.21635	0.00430	0.03544	0.00724	0.18079	0.00537
18	0.12061	0.01165	0.01418	0.12283	0.01818	0.03176	0.04343	0.15537	0.03796	0.06279	0.01417	0.11057	0.01246	0.00753	0.00630	0.00173	0.05921	0.00603	0.00416	0.15909
19	0.01555	0.08044	0.04011	0.23799	0.05977	0.12550	0.03559	0.06398	0.01404	0.12778	0.04412	0.01810	0.01220	0.04966	0.03256	0.00219	0.00734	0.02213	0.00378	0.00718

[dist]
# distance from previous block
# <min> <max>
6	19

[block]
# block no. 2 follows, 41 sequences, length 6
# corresponding to MSA columns:
# 224-229
name=unknown_C
#
# <colnr> <probs for GDERKNQSTAVLIFYWHMCP>
#	G	D	E	R	K	N	Q	S	T	A	V	L	I	F	Y	W	H	M	C	P
0	0.17735	0.64680	0.02573	0.00934	0.01397	0.02071	0.00908	0.01707	0.01125	0.01586	0.00795	0.00920	0.00712	0.00498	0.00364	0.00133	0.00578	0.00307	0.00266	0.00712
1	0.63253	0.01170	0.01212	0.01444	0.19962	0.01302	0.00904	0.01700	0.01056	0.02391	0.00866	0.01051	0.00691	0.00526	0.00407	0.00175	0.00502	0.00360	0.00336	0.00691
2	0.01166	0.00957	0.03622	0.00995	0.01234	0.00940	0.00816	0.15752	0.12145	0.02211	0.13749	0.16469	0.10975	0.01214	0.00669	0.00207	0.00450	0.15212	0.00550	0.00666
3	0.00726	0.00538	0.00709	0.00785	0.00861	0.00522	0.00554	0.00864	0.01127	0.01506	0.08410	0.48529	0.13621	0.02190	0.15841	0.00358	0.00558	0.01326	0.00494	0.00482
4	0.01509	0.01116	0.01222	0.01067	0.01321	0.04314	0.00822	0.33722	0.01815	0.05387	0.01987	0.26076	0.01973	0.06170	0.08462	0.00288	0.00633	0.00888	0.00513	0.00717
5	0.00725	0.00568	0.00656	0.00663	0.00810	0.00499	0.00486	0.00904	0.01376	0.01785	0.29145	0.17490	0.40029	0.01412	0.00685	0.00195	0.00290	0.01219	0.00564	0.00499

[dist]
# distance from previous block
# <min> <max>
0	25

[block]
# block no. 3 follows, 41 sequences, length 22
# corresponding to MSA columns:
# 255-276
name=unknown_D
#
# <colnr> <probs for GDERKNQSTAVLIFYWHMCP>
#	G	D	E	R	K	N	Q	S	T	A	V	L	I	F	Y	W	H	M	C	P
0	0.01528	0.01149	0.01518	0.07141	0.16099	0.01233	0.02450	0.02447	0.36698	0.14306	0.02063	0.06479	0.02783	0.00764	0.00589	0.00189	0.00524	0.00665	0.00512	0.00862
1	0.01479	0.06532	0.01417	0.01157	0.01494	0.03678	0.00914	0.02923	0.66391	0.04134	0.02182	0.02016	0.01641	0.00750	0.00566	0.00187	0.00481	0.00614	0.00554	0.00889
2	0.01483	0.01313	0.05707	0.01181	0.01543	0.01378	0.00971	0.02951	0.66066	0.07313	0.02247	0.02068	0.01664	0.00758	0.00579	0.00192	0.00478	0.00629	0.00571	0.00906
3	0.33182	0.01286	0.01208	0.08514	0.01573	0.06865	0.00862	0.23966	0.01595	0.02632	0.01152	0.01300	0.00870	0.00606	0.00460	0.00168	0.00549	0.00428	0.12064	0.00720
4	0.00888	0.00704	0.00771	0.00770	0.02397	0.00671	0.00552	0.01269	0.13251	0.03771	0.08962	0.08869	0.45111	0.08416	0.00862	0.00227	0.00354	0.01065	0.00529	0.00563
5	0.10558	0.04714	0.01567	0.04304	0.01670	0.10381	0.07584	0.23428	0.08866	0.04277	0.01517	0.01715	0.02811	0.00730	0.01668	0.00182	0.00632	0.02562	0.10068	0.00768
6	0.01544	0.71578	0.06871	0.01042	0.01540	0.06617	0.01047	0.01751	0.01191	0.01374	0.00813	0.00940	0.00734	0.00498	0.00385	0.00127	0.00649	0.00316	0.00247	0.00736
7	0.01621	0.19278	0.07334	0.03314	0.22790	0.13651	0.01302	0.11838	0.05403	0.01932	0.01082	0.01250	0.00876	0.00555	0.00506	0.00153	0.00699	0.00434	0.00332	0.05651
8	0.01322	0.09045	0.54479	0.01612	0.07381	0.01343	0.01800	0.01895	0.03134	0.08530	0.03455	0.01382	0.00969	0.00576	0.00538	0.00175	0.00754	0.00457	0.00307	0.00844
9	0.00704	0.00576	0.00622	0.00620	0.00792	0.00493	0.00461	0.00871	0.01355	0.01691	0.19756	0.09584	0.57661	0.01413	0.00679	0.00193	0.00288	0.01197	0.00551	0.00493
10	0.01108	0.00949	0.01294	0.01159	0.01239	0.01208	0.00927	0.07226	0.01039	0.01514	0.01229	0.01922	0.01182	0.10334	0.32848	0.00548	0.32806	0.00581	0.00310	0.00579
11	0.01347	0.01358	0.01550	0.07818	0.01644	0.13621	0.01133	0.03568	0.01098	0.01504	0.00976	0.01410	0.00879	0.01193	0.08953	0.00284	0.43913	0.00494	0.06634	0.00624
12	0.00826	0.00623	0.00912	0.00924	0.01015	0.00716	0.00715	0.01016	0.00953	0.01356	0.01743	0.09095	0.01741	0.06379	0.61837	0.00790	0.03620	0.04895	0.00338	0.00506
13	0.01426	0.01623	0.04463	0.07158	0.10835	0.16034	0.19823	0.01706	0.01224	0.01575	0.01027	0.03612	0.00896	0.00771	0.02319	0.00212	0.23757	0.00553	0.00282	0.00703
14	0.00730	0.00541	0.00669	0.00735	0.00815	0.00506	0.00509	0.00850	0.01142	0.01492	0.08363	0.41288	0.20136	0.11557	0.05473	0.00301	0.00422	0.03506	0.00501	0.00464
15	0.02001	0.10924	0.01775	0.06556	0.01881	0.64436	0.01124	0.02168	0.01540	0.01398	0.00883	0.01052	0.00738	0.00578	0.00504	0.00148	0.00969	0.00371	0.00287	0.00669
16	0.00717	0.00519	0.00676	0.00796	0.00839	0.00491	0.00533	0.00853	0.02901	0.01476	0.03166	0.73851	0.05539	0.03714	0.00780	0.00238	0.00339	0.01572	0.00528	0.00473
17	0.03709	0.07021	0.04163	0.14398	0.38725	0.01394	0.12150	0.01779	0.01277	0.06760	0.01122	0.01429	0.00884	0.00538	0.00588	0.00176	0.02243	0.00515	0.00305	0.00822
18	0.05098	0.12386	0.58702	0.01566	0.02324	0.01451	0.07253	0.01795	0.01202	0.01790	0.00997	0.01183	0.00731	0.00532	0.00522	0.00174	0.00806	0.00422	0.00251	0.00815
19	0.04016	0.06023	0.06590	0.03466	0.05263	0.09136	0.01047	0.26278	0.01826	0.10991	0.10680	0.01799	0.01545	0.00929	0.05412	0.00215	0.00671	0.00554	0.02759	0.00801
20	0.05870	0.04815	0.01020	0.00860	0.01092	0.08747	0.00663	0.03131	0.04503	0.11040	0.18437	0.15320	0.20063	0.01120	0.00616	0.00185	0.00432	0.00939	0.00528	0.00620
21	0.02075	0.01401	0.01548	0.01191	0.01632	0.01484	0.00979	0.52671	0.03972	0.13912	0.01516	0.01494	0.01068	0.00668	0.00552	0.00164	0.00570	0.00512	0.04607	0.07983

[dist]
# distance from previous block
# <min> <max>
0	2

[block]
# block no. 4 follows, 41 sequences, length 25
# corresponding to MSA columns:
# 279-303
name=unknown_E
#
# <colnr> <probs for GDERKNQSTAVLIFYWHMCP>
#	G	D	E	R	K	N	Q	S	T	A	V	L	I	F	Y	W	H	M	C	P
0	0.09073	0.01247	0.01638	0.21235	0.14338	0.05364	0.03877	0.10156	0.09475	0.10955	0.03618	0.04009	0.01214	0.00662	0.00561	0.00181	0.00632	0.00563	0.00417	0.00784
1	0.01094	0.01017	0.01690	0.69376	0.06863	0.01245	0.01544	0.01495	0.02838	0.01514	0.01157	0.01798	0.00927	0.00628	0.00584	0.00194	0.00739	0.04373	0.00277	0.00647
2	0.00755	0.00545	0.00671	0.00740	0.00816	0.00501	0.00501	0.00862	0.01096	0.01465	0.03155	0.50053	0.12913	0.13652	0.01035	0.00268	0.00367	0.03122	0.03448	0.04035
3	0.01516	0.01318	0.01466	0.01530	0.13038	0.06490	0.01049	0.08854	0.43244	0.04589	0.02109	0.02254	0.04024	0.00784	0.00590	0.00189	0.00542	0.05038	0.00514	0.00860
4	0.01280	0.01337	0.06584	0.28244	0.28189	0.04159	0.06593	0.01719	0.07160	0.01690	0.01146	0.01514	0.00911	0.00656	0.00687	0.05850	0.00720	0.00520	0.00293	0.00747
5	0.00816	0.00635	0.00947	0.00965	0.01065	0.00605	0.06978	0.03595	0.01184	0.01580	0.02909	0.67267	0.03409	0.01630	0.00722	0.00228	0.00405	0.04038	0.00511	0.00512
6	0.01420	0.01013	0.01210	0.00884	0.01367	0.00798	0.00711	0.03851	0.01318	0.13717	0.03840	0.01419	0.01099	0.00502	0.00461	0.00105	0.00434	0.00406	0.00414	0.65030
7	0.01893	0.01442	0.01554	0.01227	0.01651	0.01572	0.00997	0.51749	0.16262	0.03145	0.01576	0.03927	0.01195	0.00713	0.00565	0.00170	0.00567	0.00558	0.00551	0.08688
8	0.01616	0.04436	0.01648	0.01452	0.06386	0.19043	0.07364	0.02519	0.37107	0.06096	0.01905	0.01875	0.04591	0.00706	0.00570	0.00178	0.00646	0.00584	0.00463	0.00817
9	0.01463	0.00979	0.01222	0.03951	0.03404	0.00942	0.00819	0.07753	0.09719	0.16195	0.01762	0.01889	0.04446	0.01332	0.15137	0.00292	0.00675	0.00539	0.03001	0.24482
10	0.01416	0.01359	0.02322	0.03511	0.76330	0.01359	0.01755	0.01755	0.01302	0.01869	0.01076	0.01416	0.00906	0.00510	0.00566	0.00170	0.00680	0.00510	0.00283	0.00906
11	0.01947	0.02281	0.01596	0.01421	0.01694	0.54156	0.01092	0.08819	0.07102	0.01671	0.01043	0.01209	0.00858	0.00780	0.03225	0.00190	0.09454	0.00425	0.00337	0.00700
12	0.50101	0.05893	0.01185	0.03654	0.01325	0.08631	0.00806	0.01632	0.01047	0.02085	0.00942	0.01329	0.00826	0.03089	0.02887	0.00216	0.10307	0.03096	0.00330	0.00617
13	0.15081	0.00986	0.01239	0.00996	0.01380	0.00938	0.02618	0.05119	0.03664	0.47783	0.08171	0.04229	0.01720	0.00769	0.00562	0.00182	0.00475	0.02626	0.00616	0.00848
14	0.01295	0.01334	0.07227	0.06401	0.43066	0.01259	0.01455	0.01888	0.15695	0.01910	0.01818	0.02106	0.08036	0.00693	0.00586	0.00182	0.00610	0.03237	0.00369	0.00835
15	0.00832	0.00555	0.00624	0.00624	0.00624	0.00555	0.00347	0.00832	0.00832	0.01109	0.01802	0.03743	0.02080	0.79898	0.02911	0.00555	0.00555	0.00832	0.00347	0.00347
16	0.02174	0.01602	0.01717	0.01316	0.01774	0.01774	0.01087	0.74423	0.02689	0.03605	0.01373	0.01373	0.00973	0.00687	0.00572	0.00172	0.00629	0.00515	0.00572	0.00973
17	0.83938	0.01106	0.00841	0.00752	0.01106	0.01283	0.00619	0.01681	0.00973	0.02566	0.00796	0.00929	0.00619	0.00531	0.00354	0.00177	0.00442	0.00310	0.00354	0.00619
18	0.01483	0.01259	0.01327	0.01176	0.01510	0.01451	0.00920	0.08772	0.69466	0.02490	0.02251	0.02073	0.01684	0.00769	0.00581	0.00192	0.00467	0.00636	0.00581	0.00911
19	0.01155	0.02904	0.74095	0.01660	0.02495	0.01333	0.04898	0.01812	0.01213	0.01812	0.01032	0.01221	0.00730	0.00541	0.00549	0.00182	0.00850	0.00432	0.00243	0.00842
20	0.00871	0.00601	0.00768	0.00716	0.00872	0.00546	0.00541	0.01125	0.01583	0.05484	0.64636	0.04313	0.13421	0.01181	0.00670	0.00181	0.00282	0.01034	0.00622	0.00552
21	0.01478	0.00975	0.01053	0.00891	0.01154	0.01052	0.00712	0.30815	0.01774	0.02628	0.01728	0.01921	0.03096	0.01076	0.08616	0.00233	0.00547	0.00551	0.38994	0.00707
22	0.00724	0.00517	0.00673	0.00779	0.00824	0.00485	0.00526	0.00832	0.01118	0.01491	0.07574	0.63091	0.05864	0.08876	0.00927	0.00259	0.00354	0.04106	0.00520	0.00461
23	0.01944	0.01389	0.01481	0.01163	0.01556	0.01529	0.00952	0.58608	0.04401	0.03292	0.01493	0.01538	0.01087	0.00685	0.00540	0.00165	0.00556	0.00522	0.16211	0.00888
24	0.01018	0.00796	0.00893	0.00858	0.01056	0.00818	0.00653	0.06801	0.19060	0.02034	0.14949	0.18135	0.20971	0.01226	0.00650	0.00198	0.00369	0.04689	0.04195	0.00629

[dist]
# distance from previous block
# <min> <max>
0	2

[block]
# block no. 5 follows, 41 sequences, length 17
# corresponding to MSA columns:
# 306-322
name=unknown_F
#
# <colnr> <probs for GDERKNQSTAVLIFYWHMCP>
#	G	D	E	R	K	N	Q	S	T	A	V	L	I	F	Y	W	H	M	C	P
0	0.01297	0.04759	0.17342	0.01149	0.01522	0.01134	0.06318	0.18556	0.01481	0.02059	0.04215	0.04716	0.03828	0.18320	0.01134	0.02878	0.00614	0.00646	0.07359	0.00675
1	0.08021	0.07583	0.38318	0.01451	0.07224	0.01244	0.01499	0.01897	0.01286	0.16083	0.04162	0.01617	0.04265	0.00639	0.00562	0.00177	0.02287	0.00498	0.00369	0.00817
2	0.01857	0.12653	0.05393	0.03535	0.04922	0.16553	0.01127	0.32291	0.09264	0.02476	0.01269	0.01341	0.00965	0.00631	0.00527	0.00162	0.00693	0.00466	0.03035	0.00840
3	0.00892	0.00648	0.00796	0.03579	0.01028	0.00596	0.00605	0.01120	0.02871	0.05444	0.23287	0.12096	0.27507	0.04623	0.00767	0.00211	0.00362	0.08939	0.00541	0.04090
4	0.07903	0.60102	0.08553	0.01052	0.01551	0.04234	0.01052	0.07019	0.01275	0.01642	0.00858	0.00978	0.00742	0.00514	0.00399	0.00135	0.00630	0.00332	0.00278	0.00749
5	0.08327	0.32777	0.05560	0.00910	0.01260	0.01374	0.00832	0.03068	0.01342	0.06557	0.23608	0.08249	0.02409	0.00820	0.00513	0.00160	0.00477	0.00656	0.00428	0.00671
6	0.00805	0.00553	0.00686	0.00764	0.00814	0.00536	0.00507	0.03618	0.01112	0.01522	0.02731	0.56328	0.03180	0.16743	0.01121	0.00285	0.00381	0.01351	0.06496	0.00466
7	0.00753	0.00635	0.03379	0.00779	0.00907	0.00532	0.00596	0.00937	0.01293	0.01723	0.22456	0.37132	0.18844	0.01502	0.00702	0.00211	0.00339	0.06229	0.00546	0.00505
8	0.06505	0.01095	0.05187	0.01122	0.03930	0.00991	0.00898	0.07462	0.11946	0.37156	0.02175	0.15460	0.01749	0.00881	0.00589	0.00189	0.00488	0.00741	0.00591	0.00845
9	0.03729	0.11567	0.25412	0.01124	0.01538	0.01077	0.03508	0.01368	0.01072	0.01534	0.03780	0.01847	0.01190	0.06730	0.01128	0.21338	0.00628	0.03897	0.00291	0.07239
10	0.00738	0.00580	0.00667	0.00700	0.00848	0.00516	0.00532	0.00905	0.01301	0.01638	0.13642	0.15663	0.43976	0.03977	0.00772	0.00219	0.00337	0.11963	0.00537	0.00490
11	0.01428	0.01168	0.01283	0.01228	0.06996	0.08016	0.00886	0.12797	0.12764	0.07748	0.19697	0.04168	0.08971	0.03181	0.00776	0.00195	0.06715	0.00742	0.00514	0.00727
12	0.15653	0.03366	0.01315	0.08880	0.01544	0.01225	0.03975	0.10082	0.05122	0.02134	0.04850	0.04107	0.01283	0.00792	0.01922	0.00192	0.13219	0.00544	0.16761	0.03035
13	0.00815	0.00552	0.00648	0.00663	0.00674	0.00555	0.00392	0.00840	0.00868	0.01164	0.01940	0.12402	0.02233	0.65859	0.07613	0.00541	0.00594	0.00909	0.00365	0.00371
14	0.00847	0.00564	0.00656	0.00661	0.00736	0.00534	0.00433	0.00950	0.01109	0.03436	0.13969	0.15060	0.13896	0.36789	0.01670	0.00355	0.00416	0.01008	0.06466	0.00444
15	0.04281	0.01596	0.14349	0.20582	0.02931	0.01408	0.35772	0.01691	0.01220	0.01724	0.01052	0.01436	0.00800	0.00564	0.00729	0.00195	0.08104	0.00565	0.00272	0.00731
16	0.01413	0.01367	0.02365	0.03466	0.73337	0.01363	0.04714	0.01759	0.01304	0.01867	0.01079	0.01421	0.00904	0.00509	0.00571	0.00171	0.00691	0.00516	0.00283	0.00901

[dist]
# distance from previous block
# <min> <max>
0	32

[block]
# block no. 6 follows, 41 sequences, length 8
# corresponding to MSA columns:
# 355-362
name=unknown_G
#
# <colnr> <probs for GDERKNQSTAVLIFYWHMCP>
#	G	D	E	R	K	N	Q	S	T	A	V	L	I	F	Y	W	H	M	C	P
0	0.00827	0.00624	0.00789	0.00858	0.01011	0.00586	0.00717	0.01050	0.01344	0.01715	0.11517	0.05905	0.28265	0.01493	0.00739	0.00231	0.00420	0.40859	0.00539	0.00513
1	0.00809	0.00666	0.00963	0.04825	0.01153	0.00666	0.06161	0.00949	0.01109	0.01456	0.03055	0.43191	0.15626	0.11047	0.01038	0.00261	0.04804	0.01265	0.00461	0.00494
2	0.00746	0.00565	0.00689	0.00707	0.00836	0.00509	0.00519	0.00937	0.01387	0.01844	0.34411	0.22354	0.26885	0.01417	0.00692	0.00199	0.00300	0.03925	0.00572	0.00504
3	0.00715	0.00517	0.00679	0.00787	0.00843	0.00480	0.00542	0.00840	0.01164	0.01552	0.10008	0.65358	0.08074	0.01706	0.00724	0.00226	0.00332	0.04436	0.00540	0.00475
4	0.01341	0.01323	0.02130	0.18984	0.44643	0.04960	0.06549	0.01674	0.01265	0.01723	0.01141	0.01675	0.00977	0.00605	0.00654	0.00184	0.04940	0.04148	0.00289	0.00794
5	0.01152	0.00709	0.00828	0.00746	0.00997	0.00620	0.00581	0.01394	0.04407	0.17577	0.12156	0.06945	0.41306	0.01205	0.00645	0.00187	0.00351	0.03283	0.00573	0.04339
6	0.01444	0.01029	0.01326	0.00983	0.01451	0.00841	0.04827	0.04479	0.01320	0.14932	0.01351	0.04362	0.01081	0.00654	0.02784	0.00141	0.00502	0.00463	0.00416	0.55614
7	0.01929	0.06622	0.01803	0.01825	0.17240	0.51505	0.01203	0.02126	0.01530	0.04951	0.03432	0.01252	0.00955	0.00592	0.00526	0.00153	0.00885	0.00425	0.00319	0.00728

[dist]
# distance from previous block
# <min> <max>
0	29

[block]
# block no. 7 follows, 41 sequences, length 11
# corresponding to MSA columns:
# 392-402
name=unknown_H
#
# <colnr> <probs for GDERKNQSTAVLIFYWHMCP>
#	G	D	E	R	K	N	Q	S	T	A	V	L	I	F	Y	W	H	M	C	P
0	0.00744	0.00562	0.00688	0.00698	0.00825	0.00505	0.00508	0.00938	0.01403	0.01880	0.38514	0.22710	0.25141	0.01399	0.00688	0.00196	0.00290	0.01226	0.00578	0.00505
1	0.05733	0.00924	0.01169	0.00966	0.01312	0.00872	0.00773	0.02375	0.12095	0.46201	0.13229	0.07880	0.02189	0.00857	0.00592	0.00184	0.00436	0.00717	0.00649	0.00846
2	0.00880	0.00608	0.00739	0.00763	0.00914	0.00567	0.00604	0.01083	0.01316	0.04296	0.15078	0.07540	0.26604	0.05997	0.02364	0.00242	0.00400	0.21308	0.08178	0.00518
3	0.01247	0.19582	0.54837	0.01554	0.02300	0.01541	0.07832	0.01792	0.01210	0.01712	0.00987	0.01173	0.00738	0.00527	0.00516	0.00169	0.00805	0.00418	0.00246	0.00815
4	0.00706	0.00508	0.00663	0.00776	0.00820	0.00472	0.00520	0.00812	0.01119	0.01489	0.06559	0.69569	0.07310	0.04753	0.00809	0.00240	0.00336	0.01548	0.00528	0.00464
5	0.05059	0.00733	0.00869	0.00828	0.01000	0.00729	0.00630	0.08106	0.03735	0.05095	0.28197	0.15222	0.10210	0.08512	0.00870	0.00232	0.00391	0.08453	0.00552	0.00578
6	0.01130	0.00661	0.00835	0.00748	0.00957	0.00587	0.00576	0.01362	0.01552	0.16973	0.45561	0.04085	0.20460	0.01140	0.00655	0.00182	0.00318	0.00982	0.00623	0.00613
7	0.08869	0.13246	0.41394	0.01592	0.07484	0.03846	0.07135	0.01804	0.01221	0.03710	0.01045	0.01231	0.00787	0.00538	0.00507	0.00170	0.00747	0.00428	0.03452	0.00793
8	0.15840	0.07609	0.03753	0.08267	0.05516	0.04756	0.23266	0.01706	0.02929	0.01815	0.01016	0.01333	0.00820	0.00616	0.00779	0.00189	0.15070	0.00503	0.03517	0.00700
9	0.32770	0.05517	0.03655	0.00959	0.01292	0.06881	0.04103	0.01733	0.09827	0.02123	0.04528	0.03555	0.07057	0.00734	0.00485	0.00174	0.00504	0.03751	0.06340	0.04013
10	0.09476	0.48539	0.08066	0.01050	0.01522	0.06313	0.01017	0.04806	0.05257	0.05478	0.01138	0.01211	0.02919	0.00565	0.00427	0.00144	0.00615	0.00384	0.00321	0.00752

[dist]
# distance from previous block
# <min> <max>
0	3

[block]
# block no. 8 follows, 41 sequences, length 13
# corresponding to MSA columns:
# 406-418
name=unknown_I
#
# <colnr> <probs for GDERKNQSTAVLIFYWHMCP>
#	G	D	E	R	K	N	Q	S	T	A	V	L	I	F	Y	W	H	M	C	P
0	0.05847	0.01381	0.01429	0.01176	0.01527	0.04904	0.00943	0.43693	0.11068	0.02898	0.04768	0.09578	0.04493	0.00855	0.00618	0.00183	0.02592	0.00674	0.00538	0.00836
1	0.06458	0.01240	0.02210	0.33403	0.03008	0.01347	0.28360	0.05285	0.04253	0.01838	0.01155	0.01531	0.00872	0.00564	0.00619	0.00189	0.02568	0.00564	0.03828	0.00708
2	0.01349	0.03641	0.01282	0.09161	0.01561	0.16371	0.00911	0.06663	0.10341	0.01776	0.01786	0.02021	0.07895	0.01381	0.14151	0.00304	0.06475	0.00576	0.11707	0.00650
3	0.08375	0.06976	0.29074	0.02863	0.03880	0.06928	0.10235	0.01732	0.01336	0.05749	0.15587	0.01835	0.01680	0.00664	0.00558	0.00175	0.00688	0.00562	0.00362	0.00741
4	0.01578	0.06814	0.01505	0.07212	0.05335	0.25499	0.01010	0.06628	0.01382	0.04620	0.01206	0.01485	0.00991	0.01093	0.10032	0.00255	0.08745	0.00469	0.13472	0.00668
5	0.00846	0.00650	0.00844	0.07765	0.01158	0.00637	0.00639	0.01106	0.04461	0.01816	0.30569	0.21073	0.09958	0.08811	0.00882	0.00229	0.00381	0.03415	0.00519	0.04241
6	0.00936	0.00709	0.00813	0.00757	0.00900	0.00688	0.00533	0.05609	0.03053	0.01597	0.07345	0.11858	0.16636	0.31686	0.01552	0.00328	0.02793	0.02777	0.00441	0.08987
7	0.01064	0.00888	0.01464	0.01242	0.01471	0.03218	0.20091	0.01301	0.01282	0.06607	0.11371	0.39562	0.02881	0.01223	0.00681	0.00206	0.00522	0.01157	0.03171	0.00597
8	0.08105	0.09604	0.13806	0.02965	0.04033	0.01097	0.01054	0.02025	0.02620	0.29313	0.09445	0.01965	0.01590	0.00771	0.02152	0.00186	0.00564	0.02800	0.00486	0.05418
9	0.01800	0.01874	0.01484	0.01367	0.05284	0.34073	0.01010	0.18996	0.12686	0.02105	0.01909	0.01920	0.11514	0.00756	0.00564	0.00167	0.00731	0.00568	0.00434	0.00758
10	0.07334	0.24028	0.34488	0.01309	0.01911	0.04959	0.03207	0.03648	0.02659	0.06663	0.01139	0.04236	0.00914	0.00596	0.00493	0.00165	0.00706	0.00449	0.00310	0.00786
11	0.12138	0.40180	0.01893	0.00858	0.01206	0.01572	0.00770	0.06648	0.01224	0.01800	0.01183	0.04461	0.01060	0.03743	0.00559	0.02780	0.00507	0.00444	0.16318	0.00656
12	0.01460	0.01298	0.01413	0.02802	0.10557	0.12455	0.03262	0.14956	0.06966	0.04599	0.15180	0.02681	0.09155	0.02889	0.00664	0.00187	0.00579	0.04976	0.00476	0.03444

[dist]
# distance from previous block
# <min> <max>
3	7

[block]
# block no. 9 follows, 41 sequences, length 20
# corresponding to MSA columns:
# 426-445
name=unknown_J
#
# <colnr> <probs for GDERKNQSTAVLIFYWHMCP>
#	G	D	E	R	K	N	Q	S	T	A	V	L	I	F	Y	W	H	M	C	P
0	0.01611	0.04195	0.01445	0.01125	0.01497	0.01359	0.00910	0.29688	0.18079	0.03974	0.01662	0.04977	0.01381	0.03917	0.00692	0.00184	0.03047	0.04013	0.00499	0.15745
1	0.01696	0.02725	0.03776	0.00973	0.01304	0.00880	0.00812	0.05819	0.08763	0.33614	0.10847	0.09002	0.10133	0.00983	0.00620	0.00190	0.00452	0.06022	0.00607	0.00783
2	0.01875	0.01624	0.11504	0.01274	0.01755	0.01505	0.01142	0.45926	0.09068	0.07947	0.01526	0.04591	0.01147	0.00706	0.00567	0.00172	0.00607	0.00553	0.00523	0.05989
3	0.02105	0.02227	0.01634	0.01397	0.01752	0.45531	0.01086	0.28205	0.06718	0.02254	0.01152	0.01225	0.00886	0.00636	0.00540	0.00159	0.00850	0.00439	0.00413	0.00790
4	0.00929	0.02704	0.00821	0.00765	0.00937	0.04234	0.00569	0.04541	0.01380	0.04324	0.14835	0.25989	0.33101	0.01379	0.00668	0.00197	0.00365	0.01185	0.00536	0.00541
5	0.01252	0.15289	0.52440	0.01798	0.11935	0.01489	0.04575	0.01789	0.01218	0.01744	0.01000	0.01200	0.00755	0.00528	0.00523	0.00171	0.00790	0.00424	0.00249	0.00832
6	0.01147	0.00952	0.01501	0.40837	0.02650	0.01104	0.07108	0.05857	0.01247	0.01772	0.01324	0.03567	0.01060	0.00838	0.04780	0.00218	0.02831	0.00561	0.20014	0.00631
7	0.00705	0.00506	0.00672	0.00801	0.00842	0.00473	0.00544	0.00813	0.01110	0.01473	0.03221	0.74561	0.05758	0.01774	0.00731	0.00232	0.00338	0.04448	0.00531	0.00468
8	0.01328	0.01312	0.10486	0.02191	0.35882	0.01121	0.01353	0.01800	0.08818	0.07971	0.14186	0.05794	0.01969	0.00756	0.00598	0.00181	0.00571	0.02453	0.00419	0.00812
9	0.01698	0.01239	0.01369	0.01120	0.01447	0.01345	0.00893	0.49242	0.02192	0.02968	0.10230	0.12919	0.01941	0.03600	0.02742	0.00213	0.00558	0.00746	0.02730	0.00806
10	0.70205	0.01146	0.00940	0.00815	0.01173	0.01315	0.00670	0.10922	0.01201	0.02681	0.00913	0.01034	0.00698	0.00556	0.00384	0.00175	0.00459	0.00345	0.03707	0.00661
11	0.00735	0.00522	0.00668	0.00770	0.00810	0.00494	0.00516	0.00828	0.01069	0.01414	0.03008	0.57750	0.06574	0.16319	0.01138	0.00293	0.00383	0.05766	0.00496	0.00447
12	0.01233	0.02163	0.40687	0.02121	0.22456	0.03369	0.08306	0.01741	0.01297	0.01864	0.08204	0.01582	0.01233	0.00590	0.00573	0.00178	0.00761	0.00526	0.00296	0.00821
13	0.01536	0.65091	0.11406	0.01086	0.01608	0.04611	0.01119	0.05165	0.01254	0.01507	0.00852	0.00976	0.00744	0.00508	0.00402	0.00132	0.00653	0.00331	0.00261	0.00756
14	0.00839	0.00630	0.00918	0.00909	0.01000	0.00736	0.00698	0.01026	0.00917	0.01329	0.01532	0.02328	0.01458	0.10143	0.67294	0.00849	0.04222	0.00625	0.02046	0.00502
15	0.01105	0.00720	0.00891	0.00795	0.00999	0.00684	0.00613	0.05793	0.05101	0.10665	0.52387	0.03864	0.11923	0.01099	0.00653	0.00181	0.00327	0.00951	0.00622	0.00626
16	0.00834	0.00616	0.00840	0.11048	0.01261	0.00630	0.00681	0.03315	0.01196	0.01628	0.08865	0.51858	0.03225	0.04534	0.00767	0.00228	0.00401	0.02399	0.05164	0.00510
17	0.03688	0.01259	0.01993	0.20865	0.45142	0.01343	0.01555	0.09550	0.01395	0.01957	0.01154	0.01609	0.00961	0.02570	0.00627	0.00187	0.00680	0.02329	0.00317	0.00817
18	0.01234	0.01227	0.01748	0.09474	0.01754	0.01702	0.01286	0.01385	0.00904	0.01385	0.00778	0.01280	0.00752	0.00957	0.01742	0.00244	0.70768	0.00501	0.00251	0.00627
19	0.51028	0.01116	0.02289	0.13805	0.01707	0.02912	0.04891	0.01617	0.01047	0.04236	0.00963	0.01226	0.00759	0.00880	0.06416	0.03118	0.00630	0.00403	0.00333	0.00624

[dist]
# distance from previous block
# <min> <max>
1	48

[block]
# block no. 10 follows, 41 sequences, length 18
# corresponding to MSA columns:
# 494-511
name=unknown_K
#
# <colnr> <probs for GDERKNQSTAVLIFYWHMCP>
#	G	D	E	R	K	N	Q	S	T	A	V	L	I	F	Y	W	H	M	C	P
0	0.01785	0.09127	0.03727	0.07430	0.05418	0.25053	0.01086	0.18600	0.03538	0.07160	0.02893	0.01759	0.08583	0.00705	0.00547	0.00164	0.00717	0.00533	0.00414	0.00762
1	0.12673	0.00977	0.01485	0.49365	0.08109	0.01160	0.01311	0.01423	0.01103	0.01615	0.01126	0.01793	0.00949	0.00771	0.00721	0.08440	0.00669	0.05414	0.00288	0.00606
2	0.01271	0.26162	0.51538	0.01467	0.02194	0.01615	0.04851	0.01783	0.01200	0.01672	0.00962	0.01135	0.00734	0.00525	0.00496	0.00164	0.00780	0.00398	0.00245	0.00809
3	0.01380	0.06563	0.06310	0.05823	0.05381	0.12994	0.10931	0.01619	0.01145	0.01520	0.01001	0.04533	0.00912	0.00780	0.01101	0.00202	0.33025	0.00532	0.01905	0.02345
4	0.00722	0.00512	0.00677	0.00799	0.00836	0.00484	0.00542	0.00824	0.01089	0.01449	0.03041	0.69053	0.03621	0.07794	0.00902	0.00259	0.00361	0.06060	0.00516	0.00459
5	0.01337	0.01260	0.02131	0.08389	0.63357	0.01280	0.01649	0.01670	0.01281	0.01813	0.01236	0.01836	0.01095	0.00708	0.02858	0.00201	0.00699	0.06055	0.00301	0.00847
6	0.00938	0.00676	0.00806	0.00757	0.00924	0.00647	0.00563	0.04298	0.06557	0.04689	0.40123	0.09928	0.18783	0.06759	0.00823	0.00214	0.00334	0.01036	0.00579	0.00568
7	0.80112	0.01129	0.00882	0.00779	0.01137	0.01306	0.00641	0.05086	0.01054	0.02615	0.00823	0.00950	0.00636	0.00538	0.00364	0.00177	0.00451	0.00319	0.00364	0.00636
8	0.05235	0.01328	0.01391	0.02689	0.01581	0.05638	0.00970	0.27929	0.23967	0.08375	0.01971	0.02359	0.02939	0.00833	0.00594	0.00191	0.00563	0.10055	0.00548	0.00846
9	0.83938	0.01106	0.00841	0.00752	0.01106	0.01283	0.00619	0.01681	0.00973	0.02566	0.00796	0.00929	0.00619	0.00531	0.00354	0.00177	0.00442	0.00310	0.00354	0.00619
10	0.01322	0.01000	0.04329	0.02354	0.01357	0.00971	0.03147	0.07941	0.12473	0.12513	0.26893	0.06550	0.04939	0.01001	0.00718	0.00194	0.05417	0.05611	0.00557	0.00712
11	0.02111	0.00872	0.01170	0.00936	0.01301	0.00758	0.00757	0.02330	0.01592	0.57916	0.13427	0.05277	0.07208	0.00865	0.00602	0.00180	0.00436	0.00724	0.00678	0.00858
12	0.01495	0.01178	0.01105	0.01053	0.05247	0.12999	0.00767	0.18526	0.01599	0.02290	0.01530	0.01751	0.01203	0.00904	0.05878	0.00202	0.00583	0.00507	0.40509	0.00675
13	0.04189	0.01504	0.04739	0.07501	0.04888	0.13677	0.04883	0.22160	0.02776	0.02258	0.01378	0.01827	0.01136	0.00789	0.02244	0.00192	0.04935	0.06034	0.10918	0.01972
14	0.01460	0.10758	0.09790	0.04462	0.01653	0.01320	0.03335	0.19981	0.10535	0.06196	0.09170	0.09897	0.03937	0.00869	0.00588	0.00183	0.00559	0.04054	0.00481	0.00773
15	0.08168	0.23336	0.19984	0.06503	0.13441	0.07413	0.03408	0.01789	0.01229	0.04879	0.01018	0.01228	0.00813	0.00689	0.03691	0.00192	0.00749	0.00418	0.00287	0.00768
16	0.03898	0.01450	0.01511	0.14018	0.07346	0.15071	0.01104	0.19429	0.06350	0.02159	0.07379	0.01988	0.08494	0.00772	0.00670	0.00180	0.06429	0.00595	0.00420	0.00736
17	0.08565	0.01244	0.01654	0.18516	0.10991	0.04516	0.04167	0.12169	0.01394	0.06713	0.01369	0.02797	0.04592	0.00718	0.00786	0.00189	0.14441	0.00543	0.01642	0.02995

[dist]
# distance from previous block
# <min> <max>
1	5

[block]
# block no. 11 follows, 41 sequences, length 13
# corresponding to MSA columns:
# 517-529
name=unknown_L
#
# <colnr> <probs for GDERKNQSTAVLIFYWHMCP>
#	G	D	E	R	K	N	Q	S	T	A	V	L	I	F	Y	W	H	M	C	P
0	0.56576	0.01363	0.09525	0.02674	0.06574	0.01317	0.00933	0.07196	0.02727	0.05176	0.00974	0.01101	0.00733	0.00555	0.00423	0.00177	0.00526	0.00372	0.00368	0.00710
1	0.06590	0.01041	0.01854	0.05006	0.04859	0.01029	0.28058	0.03511	0.03785	0.01753	0.01861	0.28918	0.01914	0.01061	0.00755	0.05398	0.00631	0.00954	0.00392	0.00631
2	0.01010	0.00773	0.00992	0.00957	0.02486	0.00797	0.02183	0.01477	0.14587	0.04711	0.31817	0.14863	0.08238	0.03089	0.00784	0.00209	0.04395	0.05459	0.00557	0.00616
3	0.00910	0.00619	0.00820	0.00831	0.00968	0.00587	0.00659	0.01149	0.01447	0.04963	0.40295	0.07082	0.06750	0.06238	0.00850	0.00232	0.00382	0.24107	0.00576	0.00537
4	0.01206	0.14778	0.65627	0.01531	0.02322	0.01471	0.01940	0.01796	0.01201	0.01740	0.00991	0.01163	0.00726	0.00535	0.00516	0.00172	0.00810	0.00405	0.00242	0.00828
5	0.01752	0.00826	0.01081	0.00895	0.01204	0.00748	0.00714	0.02075	0.06214	0.40854	0.29802	0.02992	0.06503	0.00919	0.00617	0.00180	0.00395	0.00780	0.00663	0.00785
6	0.01125	0.00654	0.00866	0.00773	0.00963	0.00594	0.00594	0.01386	0.01622	0.15658	0.62783	0.03855	0.04682	0.01087	0.00657	0.00179	0.00309	0.00952	0.00644	0.00618
7	0.00709	0.00577	0.00620	0.00616	0.00784	0.00496	0.00454	0.00870	0.01336	0.01667	0.19086	0.07726	0.56650	0.04922	0.00778	0.00208	0.00299	0.01171	0.00542	0.00487
8	0.00909	0.00617	0.00754	0.00732	0.00907	0.00552	0.00566	0.01120	0.01445	0.07970	0.32837	0.09031	0.30349	0.01311	0.00682	0.00196	0.00325	0.08563	0.00584	0.00549
9	0.00709	0.00579	0.00620	0.00623	0.00794	0.00499	0.00465	0.00867	0.01320	0.01628	0.14537	0.07700	0.59192	0.04473	0.00768	0.00209	0.00307	0.03688	0.00537	0.00486
10	0.02066	0.01383	0.01528	0.04201	0.01704	0.04240	0.01002	0.41890	0.08792	0.19633	0.06296	0.01745	0.01401	0.00722	0.00578	0.00175	0.00579	0.00567	0.00584	0.00915
11	0.01387	0.10010	0.32560	0.07678	0.02153	0.07870	0.03620	0.05020	0.01289	0.04752	0.01034	0.01237	0.00790	0.00581	0.00633	0.00167	0.07552	0.00427	0.00295	0.10946
12	0.01081	0.00824	0.00913	0.00877	0.01076	0.03529	0.00667	0.03297	0.14081	0.06552	0.14449	0.19571	0.16986	0.03431	0.00720	0.00209	0.00404	0.07331	0.00546	0.03453

[dist]
# distance from previous block
# <min> <max>
3	8

[block]
# block no. 12 follows, 41 sequences, length 46
# corresponding to MSA columns:
# 538-568,570-584
name=unknown_M
#
# <colnr> <probs for GDERKNQSTAVLIFYWHMCP>
#	G	D	E	R	K	N	Q	S	T	A	V	L	I	F	Y	W	H	M	C	P
0	0.01546	0.01193	0.01319	0.01084	0.01402	0.04323	0.02311	0.26716	0.06531	0.04251	0.01620	0.10879	0.01399	0.00796	0.00637	0.00166	0.06210	0.00629	0.13207	0.13781
1	0.01142	0.00619	0.00635	0.00607	0.00763	0.00631	0.00461	0.07263	0.01317	0.02225	0.01878	0.05185	0.01519	0.00713	0.00427	0.00140	0.00299	0.00576	0.73034	0.00566
2	0.01056	0.00705	0.00823	0.00776	0.00897	0.00708	0.00547	0.11929	0.01232	0.01660	0.02302	0.12415	0.12301	0.21523	0.01565	0.18775	0.00465	0.02162	0.06193	0.01968
3	0.04583	0.01029	0.01511	0.42558	0.07146	0.01189	0.01302	0.09227	0.03911	0.01837	0.01561	0.05469	0.02634	0.00796	0.00601	0.00197	0.00652	0.11158	0.00363	0.02275
4	0.01608	0.05012	0.16046	0.04377	0.01765	0.03512	0.03495	0.13852	0.09899	0.16748	0.10456	0.05163	0.01775	0.00779	0.00586	0.00182	0.00593	0.02842	0.00495	0.00815
5	0.07874	0.01481	0.04440	0.01171	0.01464	0.20284	0.08462	0.10408	0.01435	0.01982	0.01321	0.01660	0.01086	0.05563	0.06243	0.00237	0.02139	0.00505	0.21590	0.00652
6	0.17904	0.15607	0.07464	0.00947	0.01298	0.07599	0.00848	0.11386	0.01360	0.02123	0.01228	0.01461	0.00997	0.03289	0.03617	0.00195	0.00583	0.00435	0.20982	0.00675
7	0.10951	0.02750	0.01438	0.01167	0.01531	0.08381	0.03736	0.24860	0.03965	0.08392	0.01598	0.05828	0.01387	0.00802	0.00588	0.00178	0.02081	0.10014	0.00476	0.09878
8	0.01541	0.04553	0.03431	0.06414	0.34541	0.01383	0.02735	0.09811	0.16942	0.07599	0.01469	0.01669	0.01150	0.03478	0.00650	0.00189	0.00618	0.00548	0.00406	0.00872
9	0.01542	0.01251	0.01333	0.01171	0.01512	0.01429	0.00919	0.09492	0.65446	0.05809	0.02238	0.02057	0.01661	0.00765	0.00581	0.00191	0.00470	0.00632	0.00587	0.00914
10	0.01235	0.02384	0.48212	0.02081	0.12521	0.01363	0.20411	0.01809	0.01257	0.01824	0.01066	0.01321	0.00785	0.00523	0.00580	0.00183	0.00853	0.00499	0.00259	0.00835
11	0.00802	0.00584	0.00754	0.00711	0.00850	0.00536	0.00533	0.01064	0.01600	0.02249	0.71853	0.04346	0.09600	0.01186	0.00675	0.00181	0.00271	0.01045	0.00624	0.00536
12	0.00714	0.00516	0.00679	0.00800	0.00852	0.00481	0.00553	0.00832	0.01135	0.01501	0.04870	0.68252	0.08139	0.01743	0.00730	0.00231	0.00342	0.06626	0.00533	0.00472
13	0.00874	0.00672	0.00966	0.00939	0.01023	0.00803	0.00727	0.01055	0.00919	0.01347	0.01487	0.02266	0.01416	0.10262	0.60163	0.00786	0.09509	0.00617	0.03661	0.00510
14	0.00844	0.00558	0.00644	0.00644	0.00661	0.00567	0.00382	0.00878	0.00861	0.01189	0.01782	0.03518	0.01987	0.68640	0.09264	0.00561	0.00623	0.00795	0.05230	0.00372
15	0.01332	0.07400	0.14893	0.09251	0.28157	0.04005	0.19759	0.01743	0.01283	0.01756	0.02550	0.01448	0.00936	0.00611	0.02269	0.00192	0.00803	0.00529	0.00280	0.00801
16	0.01569	0.61981	0.10544	0.01112	0.01613	0.12063	0.01114	0.01798	0.01227	0.01402	0.00831	0.00963	0.00733	0.00508	0.00405	0.00132	0.00691	0.00326	0.00251	0.00736
17	0.00831	0.00556	0.00632	0.00632	0.00635	0.00559	0.00357	0.00837	0.00834	0.01115	0.01795	0.03701	0.02061	0.77791	0.04993	0.00565	0.00582	0.00826	0.00345	0.00351
18	0.01523	0.01102	0.01274	0.01125	0.03756	0.01166	0.00862	0.32739	0.07229	0.06023	0.20073	0.10798	0.05305	0.00984	0.00626	0.00186	0.00477	0.03404	0.00576	0.00772
19	0.01204	0.01014	0.01180	0.00866	0.01344	0.00793	0.00688	0.04839	0.01251	0.01922	0.01160	0.05822	0.01027	0.00517	0.00449	0.00098	0.00428	0.00423	0.00361	0.74615
