[name]
unknown

[dist]
# distance from previous block
# <min> <max>
28	110

[block]
# block no. 0 follows, 47 sequences, length 21
# corresponding to MSA columns:
# 136-156
name=unknown_A
#
# <colnr> <probs for GDERKNQSTAVLIFYWHMCP>
#	G	D	E	R	K	N	Q	S	T	A	V	L	I	F	Y	W	H	M	C	P
0	0.17753	0.00965	0.04015	0.11855	0.01443	0.02791	0.00790	0.07299	0.10907	0.06604	0.05712	0.13258	0.03873	0.07264	0.03087	0.00219	0.00498	0.00658	0.00406	0.00602
1	0.09957	0.01094	0.01327	0.17187	0.08554	0.05098	0.00981	0.17548	0.02650	0.13104	0.05872	0.06485	0.01269	0.00667	0.00538	0.00164	0.02640	0.00540	0.02255	0.02069
2	0.24110	0.01035	0.03611	0.24528	0.09569	0.01108	0.03700	0.07135	0.02770	0.05176	0.04012	0.03864	0.01038	0.03843	0.00559	0.00179	0.00544	0.00484	0.02104	0.00630
3	0.07345	0.00600	0.00662	0.00645	0.00762	0.00591	0.00446	0.02841	0.02811	0.06874	0.04495	0.17448	0.13421	0.28831	0.01267	0.00287	0.00385	0.00855	0.08972	0.00460
4	0.04250	0.00679	0.02843	0.02592	0.00972	0.00623	0.00598	0.01273	0.04488	0.11061	0.44160	0.06352	0.03429	0.06318	0.02830	0.00207	0.00363	0.02825	0.03587	0.00549
5	0.01193	0.00688	0.00918	0.00864	0.04681	0.00633	0.00626	0.01472	0.04513	0.21093	0.47050	0.04624	0.03465	0.02531	0.00619	0.00168	0.00330	0.00788	0.00559	0.03185
6	0.01050	0.00701	0.00859	0.05585	0.01071	0.00707	0.00600	0.09521	0.04739	0.08668	0.09863	0.23720	0.05269	0.19171	0.01043	0.00250	0.00413	0.00883	0.02784	0.03102
7	0.01888	0.01356	0.01459	0.01145	0.01524	0.03990	0.00938	0.60670	0.02179	0.09334	0.01317	0.01362	0.00953	0.00944	0.08249	0.00222	0.00654	0.00478	0.00499	0.00835
8	0.01618	0.01029	0.01302	0.01076	0.01395	0.01061	0.05915	0.20753	0.17180	0.23079	0.01962	0.14938	0.01640	0.00833	0.00562	0.00176	0.00477	0.03706	0.00531	0.00768
9	0.01155	0.01184	0.01846	0.01508	0.01598	0.01548	0.13963	0.01324	0.00871	0.01324	0.00747	0.01184	0.00702	0.00831	0.01523	0.00219	0.67165	0.00483	0.00234	0.00592
10	0.01815	0.01377	0.01470	0.01165	0.01552	0.01538	0.00950	0.58970	0.20459	0.03017	0.01459	0.01416	0.01055	0.00645	0.00523	0.00161	0.00534	0.00498	0.00523	0.00871
11	0.01948	0.02413	0.01482	0.01332	0.01610	0.74338	0.01005	0.07122	0.01541	0.01410	0.00835	0.00960	0.00685	0.00543	0.00473	0.00136	0.00914	0.00344	0.00285	0.00623
12	0.01292	0.00895	0.01183	0.00879	0.01287	0.00721	0.05598	0.01533	0.01226	0.17061	0.11822	0.01627	0.01447	0.00534	0.00460	0.00112	0.00410	0.00459	0.00409	0.51046
13	0.01181	0.01137	0.01821	0.31075	0.42953	0.03364	0.01466	0.01533	0.03757	0.01568	0.02621	0.01389	0.00882	0.00518	0.00547	0.00164	0.02569	0.00474	0.00264	0.00716
14	0.00631	0.00513	0.00560	0.00589	0.00728	0.00442	0.00431	0.00761	0.01156	0.01421	0.07621	0.22243	0.56311	0.01382	0.00629	0.00185	0.00278	0.03190	0.00487	0.00439
15	0.00709	0.00508	0.00664	0.00786	0.03532	0.00466	0.00517	0.00818	0.01052	0.03835	0.03183	0.63058	0.15922	0.01506	0.00647	0.00202	0.00311	0.01349	0.00481	0.00455
16	0.01374	0.01399	0.02031	0.02955	0.68439	0.11447	0.01521	0.01661	0.01224	0.01646	0.00957	0.01243	0.00805	0.00473	0.00510	0.00152	0.00660	0.00447	0.00259	0.00796
17	0.01416	0.01121	0.01249	0.00951	0.01365	0.01077	0.00768	0.29713	0.07724	0.02328	0.02697	0.03419	0.01032	0.00548	0.00460	0.00120	0.00453	0.00435	0.00416	0.42707
18	0.05691	0.02162	0.01549	0.01634	0.15229	0.60285	0.01087	0.01984	0.03099	0.01420	0.00862	0.01019	0.00714	0.00525	0.00472	0.00140	0.00845	0.00361	0.00275	0.00646
19	0.01019	0.00944	0.01589	0.61448	0.16145	0.01118	0.01401	0.01330	0.01052	0.01379	0.01009	0.04474	0.00830	0.00598	0.00577	0.03078	0.00658	0.00502	0.00245	0.00602
20	0.01096	0.01040	0.01765	0.52025	0.31130	0.01187	0.01502	0.01429	0.01094	0.01467	0.00945	0.01352	0.00742	0.00500	0.00519	0.00167	0.00666	0.00463	0.00241	0.00669

[dist]
# distance from previous block
# <min> <max>
6	7

[block]
# block no. 1 follows, 47 sequences, length 11
# corresponding to MSA columns:
# 164-174
name=unknown_B
#
# <colnr> <probs for GDERKNQSTAVLIFYWHMCP>
#	G	D	E	R	K	N	Q	S	T	A	V	L	I	F	Y	W	H	M	C	P
0	0.01652	0.01285	0.01370	0.01065	0.01460	0.03633	0.00863	0.48790	0.04863	0.02677	0.01293	0.06199	0.01037	0.00630	0.00496	0.00141	0.00516	0.00494	0.00460	0.21077
1	0.01172	0.00897	0.01051	0.00834	0.01198	0.00794	0.00659	0.04412	0.12624	0.07828	0.01560	0.06055	0.04817	0.00856	0.06710	0.00174	0.00471	0.00497	0.00392	0.46998
2	0.00796	0.04652	0.00866	0.00773	0.00873	0.00688	0.00592	0.00959	0.00857	0.01238	0.01420	0.02173	0.01358	0.14695	0.58342	0.00697	0.01134	0.00567	0.06864	0.00455
3	0.05008	0.61378	0.02379	0.00949	0.01337	0.01873	0.00900	0.04698	0.01107	0.06227	0.00825	0.00945	0.00713	0.00518	0.00502	0.00131	0.09246	0.00321	0.00266	0.00676
4	0.01417	0.22392	0.04528	0.01056	0.01392	0.01482	0.02997	0.23735	0.15146	0.02016	0.01346	0.05831	0.01167	0.08177	0.00743	0.00188	0.04762	0.00523	0.00390	0.00713
5	0.01259	0.44102	0.20062	0.01190	0.04417	0.01648	0.04292	0.01574	0.02770	0.01420	0.00840	0.01000	0.00707	0.00487	0.00483	0.00134	0.05582	0.00344	0.00239	0.07451
6	0.01371	0.26108	0.33069	0.01238	0.01757	0.09239	0.01341	0.07522	0.01221	0.04776	0.00910	0.01047	0.00709	0.00534	0.00545	0.00150	0.07109	0.00366	0.00267	0.00721
7	0.01275	0.34612	0.27852	0.07507	0.01843	0.09471	0.01271	0.01604	0.01115	0.01417	0.00834	0.00998	0.00676	0.00473	0.00421	0.00134	0.00664	0.00337	0.00234	0.07263
8	0.03667	0.24357	0.30926	0.07508	0.01824	0.06206	0.01279	0.01634	0.01130	0.08776	0.01118	0.07361	0.00940	0.00588	0.00461	0.00152	0.00637	0.00454	0.00288	0.00694
9	0.08627	0.20449	0.27088	0.01116	0.03280	0.01269	0.01144	0.01418	0.01040	0.02986	0.05262	0.07608	0.01208	0.04874	0.03958	0.00205	0.07040	0.00503	0.00286	0.00637
10	0.06597	0.31395	0.22717	0.01175	0.05193	0.01488	0.01155	0.08514	0.01190	0.01660	0.03191	0.08061	0.01048	0.00619	0.00496	0.00150	0.03911	0.00464	0.00291	0.00686

[dist]
# distance from previous block
# <min> <max>
7	34

[block]
# block no. 2 follows, 47 sequences, length 8
# corresponding to MSA columns:
# 209-216
name=unknown_C
#
# <colnr> <probs for GDERKNQSTAVLIFYWHMCP>
#	G	D	E	R	K	N	Q	S	T	A	V	L	I	F	Y	W	H	M	C	P
0	0.01367	0.33792	0.12447	0.01294	0.07974	0.14406	0.01120	0.01598	0.01109	0.01373	0.00798	0.00988	0.00691	0.00528	0.00586	0.00139	0.11661	0.00344	0.00240	0.07545
1	0.03337	0.48931	0.05289	0.07233	0.12711	0.01618	0.01020	0.01459	0.01085	0.01391	0.04129	0.07652	0.01090	0.00579	0.00419	0.00136	0.00547	0.00449	0.00267	0.00659
2	0.09892	0.27276	0.24177	0.01231	0.01735	0.06859	0.09304	0.01701	0.01127	0.08024	0.00936	0.01070	0.00721	0.00502	0.00483	0.00149	0.03461	0.00376	0.00275	0.00701
3	0.00894	0.02715	0.07318	0.00746	0.00891	0.00695	0.00579	0.07762	0.01030	0.01379	0.01950	0.12748	0.07129	0.45122	0.01707	0.00356	0.00489	0.03538	0.00362	0.02590
4	0.05155	0.01010	0.01279	0.08975	0.07342	0.01041	0.00894	0.18785	0.06789	0.29307	0.01723	0.05923	0.02899	0.00678	0.00514	0.00162	0.00483	0.00557	0.05709	0.00774
5	0.12828	0.18659	0.21225	0.06938	0.14056	0.01446	0.03507	0.12358	0.01269	0.01875	0.00917	0.01090	0.00713	0.00497	0.00450	0.00151	0.00620	0.00385	0.00286	0.00730
6	0.00900	0.00775	0.00921	0.03528	0.07336	0.05520	0.00678	0.01156	0.05860	0.01609	0.18368	0.29281	0.05584	0.03909	0.00657	0.00184	0.00395	0.03494	0.00441	0.09403
7	0.07659	0.01574	0.19974	0.17422	0.11806	0.07589	0.07053	0.03687	0.03875	0.07908	0.02407	0.01311	0.00856	0.00546	0.00556	0.00166	0.04155	0.00450	0.00302	0.00705

[dist]
# distance from previous block
# <min> <max>
36	163

[block]
# block no. 3 follows, 47 sequences, length 92
# corresponding to MSA columns:
# 383-474
name=unknown_D
#
# <colnr> <probs for GDERKNQSTAVLIFYWHMCP>
#	G	D	E	R	K	N	Q	S	T	A	V	L	I	F	Y	W	H	M	C	P
0	0.06353	0.07096	0.10248	0.03527	0.44580	0.01209	0.04121	0.01667	0.01182	0.10035	0.01199	0.01436	0.02868	0.00524	0.00499	0.00157	0.00598	0.01622	0.00306	0.00775
1	0.00895	0.01155	0.18163	0.11192	0.04364	0.00836	0.08231	0.01206	0.02518	0.01528	0.08763	0.25896	0.03805	0.00989	0.00644	0.03708	0.00529	0.02953	0.00360	0.02268
2	0.03840	0.01401	0.14795	0.02695	0.21014	0.05972	0.01197	0.08399	0.08301	0.09672	0.08160	0.01899	0.01427	0.00754	0.02902	0.00186	0.00599	0.05666	0.00385	0.00738
3	0.15243	0.01338	0.04125	0.06026	0.07611	0.14338	0.00925	0.10995	0.11641	0.10187	0.02815	0.04612	0.01102	0.00616	0.00478	0.00156	0.00555	0.00479	0.02917	0.03840
4	0.24609	0.08596	0.10798	0.22897	0.13442	0.01229	0.01159	0.03000	0.01081	0.03233	0.03241	0.01288	0.02372	0.00528	0.00449	0.00160	0.00569	0.00415	0.00287	0.00649
5	0.01625	0.01553	0.09909	0.01754	0.22749	0.11168	0.01220	0.22369	0.07160	0.09790	0.01275	0.01363	0.02094	0.00583	0.00548	0.00158	0.03027	0.00465	0.00388	0.00800
6	0.04617	0.00897	0.02960	0.00862	0.01088	0.02310	0.00688	0.15064	0.07309	0.04056	0.05077	0.10774	0.13696	0.10250	0.05072	0.00247	0.01664	0.07508	0.00440	0.05420
7	0.05202	0.01342	0.14444	0.05228	0.06720	0.02793	0.01071	0.12598	0.15545	0.13158	0.06756	0.01883	0.01410	0.00669	0.00522	0.00165	0.00531	0.05271	0.00435	0.04259
8	0.07809	0.09046	0.25855	0.11878	0.26773	0.04157	0.03011	0.01604	0.01122	0.02756	0.00926	0.01163	0.00723	0.00485	0.00478	0.00157	0.00667	0.00407	0.00251	0.00732
9	0.03059	0.16717	0.01679	0.01462	0.16625	0.10740	0.01024	0.17363	0.01459	0.01869	0.03446	0.02148	0.04649	0.00731	0.00538	0.00161	0.02196	0.13080	0.00364	0.00687
10	0.01160	0.07241	0.01488	0.32227	0.13839	0.01059	0.01132	0.04847	0.01173	0.08552	0.01500	0.15842	0.01413	0.00779	0.00544	0.00175	0.00560	0.05491	0.00347	0.00631
11	0.00736	0.00518	0.00665	0.00678	0.00718	0.00545	0.00453	0.00814	0.00822	0.01124	0.01778	0.11528	0.03703	0.43877	0.29192	0.00580	0.00787	0.00776	0.00325	0.00382
12	0.01210	0.01142	0.02975	0.05693	0.07822	0.01072	0.21499	0.12138	0.01324	0.01852	0.01485	0.01666	0.09164	0.00573	0.00558	0.00145	0.03436	0.00530	0.01660	0.24056
13	0.01179	0.01185	0.01996	0.28174	0.29514	0.03587	0.13263	0.01490	0.01103	0.01503	0.00929	0.01310	0.00753	0.00540	0.00688	0.00173	0.11200	0.00482	0.00246	0.00685
14	0.00658	0.00470	0.00630	0.00748	0.00789	0.00443	0.00520	0.00767	0.01028	0.01369	0.04478	0.71955	0.03430	0.01600	0.00669	0.00213	0.00319	0.08999	0.00485	0.00430
15	0.01858	0.01218	0.01646	0.01293	0.03916	0.01241	0.12397	0.36764	0.01867	0.24363	0.03281	0.01608	0.03395	0.00682	0.01848	0.00173	0.00581	0.00537	0.00505	0.00827
16	0.01060	0.07098	0.59180	0.07587	0.04128	0.01191	0.01674	0.01578	0.01094	0.01627	0.00992	0.01188	0.00729	0.00503	0.00476	0.00158	0.00699	0.00396	0.07919	0.00724
17	0.01078	0.11302	0.64524	0.07604	0.02257	0.01299	0.01773	0.01614	0.01090	0.01577	0.00911	0.01093	0.00663	0.00491	0.00479	0.00160	0.00740	0.00379	0.00221	0.00743
18	0.00648	0.00495	0.00607	0.00664	0.00752	0.00462	0.00467	0.00764	0.01039	0.01339	0.04603	0.40657	0.28877	0.05136	0.10688	0.00290	0.00434	0.01195	0.00452	0.00431
19	0.01406	0.51626	0.08226	0.04301	0.01525	0.08868	0.00984	0.07459	0.01221	0.01482	0.03132	0.01027	0.00819	0.00490	0.00393	0.00123	0.00596	0.00336	0.00266	0.05718
20	0.00666	0.00473	0.00595	0.00678	0.00713	0.00447	0.00444	0.00741	0.00956	0.01262	0.02739	0.56099	0.08185	0.20751	0.01137	0.00280	0.00351	0.02639	0.00443	0.00399
21	0.01373	0.72932	0.09658	0.00956	0.01427	0.03780	0.00988	0.01580	0.01072	0.01265	0.00745	0.00862	0.00668	0.00452	0.00352	0.00117	0.00585	0.00289	0.00224	0.00676
22	0.01137	0.12091	0.40054	0.01316	0.03140	0.02453	0.07279	0.02958	0.04324	0.01659	0.03322	0.02700	0.00914	0.00516	0.00475	0.00145	0.00647	0.00425	0.00273	0.14172
23	0.01207	0.01154	0.01966	0.23833	0.58451	0.01216	0.01558	0.01527	0.01147	0.01602	0.00965	0.01315	0.00790	0.00479	0.00517	0.00160	0.00639	0.00464	0.00251	0.00759
24	0.00918	0.00466	0.00668	0.00663	0.00676	0.00464	0.00441	0.00743	0.00720	0.02273	0.01031	0.01770	0.01023	0.09019	0.01983	0.71521	0.00447	0.00483	0.04435	0.00258
25	0.00726	0.00532	0.00671	0.06881	0.00902	0.00532	0.00487	0.00819	0.00952	0.01254	0.07593	0.23400	0.11706	0.35956	0.03814	0.00346	0.00446	0.02193	0.00392	0.00398
26	0.01080	0.00926	0.01080	0.00771	0.01234	0.00694	0.00617	0.01311	0.01080	0.01697	0.00926	0.01080	0.00771	0.00386	0.00386	0.00077	0.00386	0.00309	0.00309	0.84882
27	0.00638	0.00456	0.00601	0.00716	0.00749	0.00426	0.00476	0.00727	0.00994	0.01322	0.02888	0.77351	0.05068	0.03991	0.00722	0.00219	0.00307	0.01451	0.00478	0.00420
28	0.00642	0.00485	0.00590	0.00654	0.00738	0.00437	0.00454	0.00759	0.01099	0.01424	0.11336	0.48374	0.26416	0.03199	0.00687	0.00202	0.00289	0.01293	0.00489	0.00433
29	0.01417	0.56222	0.15856	0.01049	0.01538	0.06359	0.01087	0.08462	0.01216	0.01490	0.00813	0.00925	0.00687	0.00476	0.00387	0.00126	0.00618	0.00318	0.00252	0.00702
30	0.00744	0.00558	0.00837	0.00837	0.00930	0.00651	0.00651	0.00930	0.00837	0.01209	0.01395	0.02046	0.01302	0.03906	0.79635	0.00837	0.01395	0.00558	0.00279	0.00465
31	0.00634	0.00453	0.00604	0.00725	0.00755	0.00423	0.00483	0.00725	0.00997	0.01329	0.02870	0.81358	0.03444	0.01632	0.00665	0.00211	0.00302	0.01480	0.00483	0.00423
32	0.02717	0.01205	0.01444	0.02314	0.01495	0.01341	0.06796	0.41638	0.08316	0.02577	0.01405	0.01501	0.02649	0.00652	0.00611	0.00161	0.07837	0.00503	0.14085	0.00754
33	0.01375	0.01269	0.01394	0.01193	0.01512	0.07448	0.07757	0.06398	0.60752	0.02118	0.01875	0.01780	0.01409	0.00665	0.00532	0.00172	0.00504	0.00565	0.00485	0.00799
34	0.00736	0.00496	0.00574	0.00595	0.00600	0.00491	0.00344	0.00752	0.00798	0.01064	0.01849	0.16626	0.02156	0.68121	0.02314	0.00455	0.00470	0.00880	0.00344	0.00334
35	0.85377	0.01007	0.00765	0.00685	0.01007	0.01168	0.00564	0.01531	0.00886	0.02336	0.00725	0.00846	0.00564	0.00483	0.00322	0.00161	0.00403	0.00282	0.00322	0.00564
36	0.00671	0.00477	0.00619	0.00719	0.00758	0.00452	0.00491	0.00764	0.00988	0.01308	0.02756	0.60762	0.05423	0.13036	0.00952	0.00255	0.00347	0.08351	0.00459	0.00414
37	0.08965	0.01256	0.02027	0.05616	0.60451	0.03585	0.07352	0.01602	0.01165	0.01731	0.00955	0.01251	0.00789	0.00468	0.00504	0.00157	0.00632	0.00455	0.00263	0.00776
38	0.01080	0.11981	0.68529	0.01402	0.02121	0.01299	0.01778	0.01625	0.01090	0.01591	0.00919	0.01087	0.00673	0.00554	0.01996	0.00172	0.00757	0.00376	0.00221	0.00752
39	0.08439	0.01387	0.01459	0.01143	0.01539	0.01546	0.00939	0.62924	0.10345	0.03090	0.01302	0.01293	0.00936	0.00623	0.00506	0.00159	0.00543	0.00467	0.00506	0.00854
40	0.01208	0.22138	0.01934	0.01268	0.01400	0.01708	0.03337	0.01345	0.00878	0.01258	0.00705	0.01068	0.00683	0.00776	0.01319	0.00196	0.57537	0.00414	0.00228	0.00599
41	0.00755	0.00504	0.00569	0.00571	0.00572	0.00503	0.00319	0.00757	0.00762	0.01016	0.01666	0.04973	0.01924	0.80091	0.02611	0.00499	0.00501	0.00772	0.00319	0.00318
42	0.00884	0.00724	0.00838	0.07984	0.01153	0.00736	0.00625	0.07102	0.12794	0.01800	0.18927	0.06296	0.36031	0.01058	0.00588	0.00173	0.00347	0.00896	0.00489	0.00555
43	0.01290	0.01316	0.02413	0.08134	0.09354	0.03875	0.44619	0.11170	0.01338	0.01795	0.01085	0.01417	0.00842	0.00797	0.07920	0.00231	0.00851	0.00556	0.00295	0.00702
44	0.00718	0.00560	0.00670	0.00725	0.00875	0.00513	0.00599	0.00899	0.01192	0.01476	0.04123	0.05406	0.43805	0.01374	0.00663	0.00205	0.00363	0.34894	0.00482	0.00458
45	0.00889	0.00586	0.00860	0.00831	0.00954	0.00649	0.00649	0.01081	0.00946	0.08358	0.07469	0.02165	0.01584	0.03386	0.66227	0.00723	0.01218	0.00585	0.00335	0.00505
46	0.01069	0.08833	0.69801	0.04726	0.02238	0.01274	0.01823	0.01629	0.01094	0.01603	0.00918	0.01091	0.00662	0.00492	0.00483	0.00161	0.00750	0.00380	0.00221	0.00754
47	0.00983	0.00926	0.01562	0.80447	0.03587	0.01157	0.01446	0.01331	0.01041	0.01331	0.00926	0.01388	0.00694	0.00521	0.00521	0.00174	0.00694	0.00463	0.00231	0.00579
48	0.01136	0.01135	0.01594	0.02917	0.01411	0.01586	0.01145	0.01255	0.00802	0.01255	0.00688	0.01144	0.00684	0.00904	0.01686	0.00227	0.79176	0.00456	0.00228	0.00570
49	0.00978	0.00720	0.01071	0.01337	0.14209	0.00714	0.00965	0.01228	0.01209	0.04799	0.02427	0.04926	0.02558	0.01240	0.00677	0.00222	0.00502	0.59216	0.00449	0.00555
50	0.01477	0.01021	0.01215	0.00925	0.01340	0.04097	0.03483	0.04049	0.08218	0.21345	0.01374	0.03137	0.01037	0.00524	0.00456	0.00119	0.00448	0.00432	0.00421	0.44882
51	0.01595	0.01023	0.01102	0.00893	0.01190	0.01096	0.00722	0.39479	0.03579	0.08643	0.01510	0.01579	0.01110	0.00621	0.00460	0.00143	0.00429	0.00482	0.33615	0.00727
52	0.00660	0.00464	0.00597	0.00692	0.00716	0.00440	0.00448	0.00732	0.00947	0.01262	0.02612	0.64959	0.03118	0.18477	0.01083	0.00273	0.00345	0.01328	0.00448	0.00400
53	0.01217	0.01369	0.02877	0.02085	0.02542	0.01354	0.66537	0.01613	0.01172	0.01613	0.01004	0.01369	0.00776	0.00502	0.00760	0.00183	0.11490	0.00593	0.00259	0.00685
54	0.00817	0.00611	0.00647	0.00617	0.00820	0.00547	0.00474	0.01079	0.08174	0.07544	0.04679	0.04497	0.63538	0.01213	0.00603	0.00176	0.00296	0.02655	0.00500	0.00511
55	0.01948	0.02390	0.01484	0.01329	0.01610	0.72582	0.01005	0.08803	0.01563	0.01455	0.00845	0.00967	0.00690	0.00545	0.00474	0.00136	0.00906	0.00347	0.00291	0.00629
56	0.01005	0.00725	0.01128	0.03963	0.08966	0.00686	0.07518	0.01254	0.01351	0.10099	0.43277	0.12569	0.03409	0.00952	0.00597	0.00170	0.00385	0.00868	0.00498	0.00581
57	0.07217	0.00924	0.04227	0.01017	0.07166	0.00873	0.00763	0.11570	0.04686	0.18392	0.11980	0.04095	0.03971	0.02078	0.04927	0.00199	0.00469	0.00589	0.14181	0.00676
58	0.01787	0.01294	0.01420	0.01127	0.01494	0.01414	0.00932	0.62088	0.02235	0.04857	0.07433	0.01892	0.01404	0.00734	0.00546	0.00165	0.00536	0.07302	0.00524	0.00818
59	0.02180	0.00852	0.01159	0.00900	0.01276	0.00739	0.00739	0.02386	0.01489	0.71327	0.09479	0.01979	0.01643	0.00686	0.00533	0.00161	0.00424	0.00564	0.00638	0.00848
60	0.01192	0.01526	0.15266	0.09765	0.24159	0.01261	0.35842	0.01613	0.01178	0.01642	0.01001	0.01320	0.00769	0.00463	0.00558	0.00168	0.00769	0.00519	0.00252	0.00736
61	0.01050	0.02655	0.76728	0.01506	0.02268	0.01213	0.04157	0.01650	0.01103	0.01650	0.00938	0.01109	0.00664	0.00493	0.00498	0.00165	0.00773	0.00392	0.00221	0.00768
62	0.00983	0.00926	0.01562	0.80447	0.03587	0.01157	0.01446	0.01331	0.01041	0.01331	0.00926	0.01388	0.00694	0.00521	0.00521	0.00174	0.00694	0.00463	0.00231	0.00579
63	0.00656	0.00472	0.00623	0.00713	0.00765	0.00439	0.00491	0.00778	0.01089	0.01466	0.15709	0.64108	0.05926	0.01521	0.00656	0.00203	0.00296	0.03153	0.00499	0.00436
64	0.03461	0.20969	0.47782	0.01256	0.01878	0.02911	0.01485	0.01753	0.03415	0.09018	0.01021	0.01118	0.00748	0.00505	0.00456	0.00152	0.00672	0.00376	0.00274	0.00750
65	0.00750	0.00536	0.00725	0.00725	0.00779	0.00590	0.00511	0.00858	0.00804	0.01126	0.01498	0.02614	0.01549	0.36371	0.47507	0.00698	0.01023	0.00641	0.00294	0.00403
66	0.00634	0.00453	0.00604	0.00725	0.00755	0.00423	0.00483	0.00725	0.00997	0.01329	0.02870	0.81358	0.03444	0.01632	0.00665	0.00211	0.00302	0.01480	0.00483	0.00423
67	0.00663	0.00477	0.00626	0.00735	0.00779	0.00449	0.00502	0.01935	0.01033	0.01371	0.02913	0.75045	0.05625	0.01599	0.00663	0.00211	0.00312	0.04147	0.00484	0.00433
68	0.04430	0.01547	0.01558	0.01337	0.07059	0.11617	0.01017	0.57562	0.02161	0.04840	0.01179	0.01214	0.00854	0.00599	0.00508	0.00154	0.00615	0.00447	0.00467	0.00835
69	0.00838	0.00761	0.07862	0.00760	0.00953	0.00592	0.00641	0.02577	0.02831	0.04777	0.50428	0.13807	0.09007	0.01074	0.00603	0.00171	0.00319	0.00941	0.00524	0.00533
70	0.85377	0.01007	0.00765	0.00685	0.01007	0.01168	0.00564	0.01531	0.00886	0.02336	0.00725	0.00846	0.00564	0.00483	0.00322	0.00161	0.00403	0.00282	0.00322	0.00564
71	0.00737	0.00532	0.00696	0.00655	0.00778	0.00491	0.00491	0.00983	0.01474	0.02088	0.78175	0.03890	0.04914	0.01065	0.00614	0.00164	0.00246	0.00942	0.00573	0.00491
72	0.01267	0.01370	0.09129	0.03040	0.71498	0.01235	0.01628	0.01603	0.01178	0.01697	0.00975	0.01272	0.00810	0.00467	0.00514	0.00156	0.00632	0.00457	0.00254	0.00820
73	0.01438	0.01335	0.01757	0.01409	0.01626	0.06324	0.11528	0.23665	0.01407	0.01937	0.03200	0.01278	0.00882	0.00743	0.01097	0.00192	0.38680	0.00489	0.00332	0.00681
74	0.01165	0.01413	0.14884	0.34677	0.29640	0.04472	0.01552	0.03257	0.01153	0.01558	0.00949	0.01282	0.00738	0.00499	0.00512	0.00163	0.00688	0.00445	0.00247	0.00706
75	0.01443	0.74756	0.02615	0.00932	0.01362	0.09136	0.00902	0.01607	0.01096	0.01230	0.00731	0.00845	0.00669	0.00454	0.00347	0.00113	0.00592	0.00284	0.00227	0.00662
76	0.00661	0.00521	0.00602	0.00635	0.00767	0.00462	0.00478	0.00812	0.01187	0.01498	0.14071	0.20660	0.44496	0.01364	0.00637	0.00189	0.00294	0.09723	0.00495	0.00448
77	0.01217	0.01112	0.01769	0.32753	0.36387	0.01198	0.01407	0.08325	0.01237	0.01702	0.00979	0.01308	0.00776	0.00495	0.00508	0.00156	0.00626	0.00452	0.00276	0.07319
78	0.01105	0.01050	0.01782	0.49595	0.33485	0.01189	0.01507	0.01437	0.01099	0.01479	0.00947	0.01349	0.00746	0.00498	0.00519	0.00166	0.00664	0.00463	0.00242	0.00677
79	0.00656	0.00527	0.00593	0.00633	0.00775	0.00464	0.00485	0.00799	0.01157	0.01419	0.04446	0.18102	0.52949	0.01392	0.00641	0.00193	0.00306	0.13537	0.00483	0.00443
80	0.00630	0.00480	0.00579	0.00655	0.00738	0.00430	0.00453	0.00738	0.01072	0.01370	0.05096	0.53435	0.29425	0.01513	0.00647	0.00198	0.00288	0.01338	0.00485	0.00430
81	0.00736	0.00565	0.00689	0.00744	0.00824	0.02819	0.00532	0.00924	0.03162	0.01611	0.27301	0.47020	0.03765	0.01379	0.00642	0.00195	0.00316	0.05803	0.00507	0.00464
82	0.00983	0.00926	0.01562	0.80447	0.03587	0.01157	0.01446	0.01331	0.01041	0.01331	0.00926	0.01388	0.00694	0.00521	0.00521	0.00174	0.00694	0.00463	0.00231	0.00579
83	0.01214	0.01360	0.02822	0.02055	0.02492	0.01364	0.63770	0.01598	0.01156	0.01598	0.00991	0.01360	0.00772	0.00519	0.00800	0.00184	0.14421	0.00588	0.00257	0.00680
84	0.01080	0.00926	0.01080	0.00771	0.01234	0.00694	0.00617	0.01311	0.01080	0.01697	0.00926	0.01080	0.00771	0.00386	0.00386	0.00077	0.00386	0.00309	0.00309	0.84882
85	0.01229	0.01405	0.03073	0.02195	0.02722	0.01317	0.76558	0.01668	0.01229	0.01668	0.01054	0.01405	0.00790	0.00439	0.00615	0.00176	0.00878	0.00615	0.00263	0.00702
86	0.00621	0.00524	0.00538	0.00542	0.00709	0.00441	0.00404	0.00756	0.01190	0.01431	0.08194	0.08670	0.71556	0.01323	0.00618	0.00177	0.00265	0.01111	0.00487	0.00441
87	0.00634	0.00453	0.00604	0.00725	0.00755	0.00423	0.00483	0.00725	0.00997	0.01329	0.02870	0.81358	0.03444	0.01632	0.00665	0.00211	0.00302	0.01480	0.00483	0.00423
88	0.06135	0.02478	0.67566	0.01499	0.02220	0.01216	0.08455	0.01644	0.01098	0.01692	0.00932	0.01111	0.00665	0.00489	0.00495	0.00166	0.00757	0.00399	0.00230	0.00751
89	0.00744	0.00558	0.00837	0.00837	0.00930	0.00651	0.00651	0.00930	0.00837	0.01209	0.01395	0.02046	0.01302	0.03906	0.79635	0.00837	0.01395	0.00558	0.00279	0.00465
90	0.01265	0.01100	0.01215	0.08749	0.01570	0.01282	0.00885	0.02628	0.70102	0.02096	0.02004	0.01889	0.01503	0.00689	0.00529	0.00176	0.00439	0.00577	0.00501	0.00800
91	0.00711	0.00521	0.00668	0.00653	0.00768	0.00477	0.00482	0.00925	0.01380	0.01919	0.60869	0.14954	0.11396	0.01168	0.00621	0.00172	0.00255	0.01032	0.00552	0.00477

[dist]
# distance from previous block
# <min> <max>
0	1

[block]
# block no. 4 follows, 47 sequences, length 81
# corresponding to MSA columns:
# 476-556
name=unknown_E
#
# <colnr> <probs for GDERKNQSTAVLIFYWHMCP>
#	G	D	E	R	K	N	Q	S	T	A	V	L	I	F	Y	W	H	M	C	P
0	0.03457	0.02075	0.01626	0.08172	0.01869	0.53086	0.07884	0.12624	0.01543	0.01623	0.00900	0.01062	0.00712	0.00538	0.00492	0.00145	0.00850	0.00390	0.00302	0.00650
1	0.09139	0.02186	0.01393	0.01244	0.01533	0.63814	0.00946	0.03906	0.01450	0.08446	0.00922	0.01014	0.00723	0.00544	0.00463	0.00139	0.00839	0.00351	0.00313	0.00633
2	0.00685	0.00490	0.00663	0.00783	0.00836	0.00467	0.00572	0.00813	0.01047	0.01386	0.02842	0.62561	0.03333	0.01583	0.00678	0.00219	0.00346	0.19775	0.00482	0.00437
3	0.01263	0.01239	0.03663	0.03058	0.73320	0.01208	0.01570	0.01576	0.01185	0.01694	0.01060	0.01495	0.00921	0.00509	0.00524	0.00159	0.00615	0.03868	0.00267	0.00808
4	0.01820	0.01289	0.01423	0.01084	0.01505	0.01342	0.00890	0.52774	0.03833	0.10295	0.01284	0.01283	0.00919	0.00581	0.00495	0.00141	0.00519	0.00445	0.00491	0.17587
5	0.01107	0.01095	0.01588	0.17758	0.01827	0.01504	0.01203	0.01269	0.00848	0.01269	0.00734	0.01191	0.00686	0.00830	0.01463	0.00217	0.64153	0.00457	0.00229	0.00572
6	0.00709	0.00531	0.00658	0.00626	0.00761	0.00480	0.00469	0.00929	0.01408	0.01932	0.61490	0.04147	0.21696	0.01123	0.00615	0.00167	0.00250	0.00978	0.00553	0.00480
7	0.03510	0.05853	0.01723	0.04861	0.01747	0.01166	0.15635	0.14360	0.09150	0.34139	0.01578	0.01542	0.01078	0.00587	0.00526	0.00162	0.00563	0.00517	0.00488	0.00811
8	0.00755	0.00514	0.00615	0.00615	0.00632	0.00531	0.00375	0.00788	0.00771	0.01045	0.01597	0.03168	0.01789	0.67970	0.16236	0.00563	0.00662	0.00722	0.00309	0.00342
9	0.00634	0.00453	0.00604	0.00725	0.00755	0.00423	0.00483	0.00725	0.00997	0.01329	0.02870	0.81358	0.03444	0.01632	0.00665	0.00211	0.00302	0.01480	0.00483	0.00423
10	0.01141	0.00847	0.02332	0.10850	0.09255	0.00853	0.00902	0.07079	0.07599	0.09831	0.16001	0.09129	0.05215	0.00951	0.00593	0.00184	0.00457	0.15690	0.00465	0.00629
11	0.26631	0.05075	0.01379	0.07832	0.01590	0.02666	0.00898	0.43242	0.01784	0.02706	0.01035	0.01118	0.00760	0.00564	0.00452	0.00157	0.00538	0.00402	0.00419	0.00749
12	0.00628	0.00479	0.00578	0.00656	0.00737	0.00429	0.00453	0.00733	0.01063	0.01356	0.03707	0.54809	0.29454	0.01523	0.00648	0.00199	0.00289	0.01348	0.00483	0.00429
13	0.85377	0.01007	0.00765	0.00685	0.01007	0.01168	0.00564	0.01531	0.00886	0.02336	0.00725	0.00846	0.00564	0.00483	0.00322	0.00161	0.00403	0.00282	0.00322	0.00564
14	0.00662	0.00529	0.00592	0.00577	0.00732	0.00460	0.00433	0.00838	0.01298	0.01669	0.33349	0.04580	0.50001	0.01221	0.00615	0.00171	0.00257	0.01039	0.00518	0.00460
15	0.01077	0.01086	0.08146	0.00836	0.01327	0.00741	0.00736	0.01342	0.01082	0.01693	0.00926	0.01082	0.00761	0.00396	0.00396	0.00085	0.00420	0.00315	0.00300	0.77254
16	0.01582	0.21777	0.18167	0.01233	0.01666	0.23747	0.01176	0.17061	0.01455	0.01750	0.00897	0.01022	0.00712	0.00544	0.00521	0.00145	0.05173	0.00366	0.00296	0.00710
17	0.01933	0.01387	0.01502	0.01163	0.01566	0.01525	0.00957	0.66621	0.06764	0.07401	0.03005	0.01377	0.01036	0.00640	0.00524	0.00158	0.00549	0.00489	0.00529	0.00874
18	0.01111	0.01066	0.01841	0.47501	0.32007	0.01195	0.04938	0.01448	0.01105	0.01487	0.00952	0.01351	0.00748	0.00495	0.00523	0.00166	0.00674	0.00470	0.00243	0.00678
19	0.00646	0.00517	0.00581	0.00616	0.00752	0.00453	0.00459	0.00785	0.01163	0.01444	0.08922	0.21967	0.50783	0.01383	0.00635	0.00188	0.00290	0.07484	0.00489	0.00442
20	0.85377	0.01007	0.00765	0.00685	0.01007	0.01168	0.00564	0.01531	0.00886	0.02336	0.00725	0.00846	0.00564	0.00483	0.00322	0.00161	0.00403	0.00282	0.00322	0.00564
21	0.01156	0.01252	0.02535	0.22161	0.02812	0.01285	0.50121	0.01543	0.01146	0.01551	0.00990	0.01374	0.00757	0.00494	0.00668	0.00177	0.06837	0.00558	0.00253	0.02328
22	0.00655	0.00540	0.00577	0.00565	0.00732	0.00468	0.00425	0.00838	0.02760	0.01568	0.20824	0.04711	0.61018	0.01252	0.00614	0.00173	0.00263	0.01055	0.00504	0.00458
23	0.00630	0.00528	0.00547	0.00543	0.00712	0.00446	0.00407	0.00775	0.01221	0.01487	0.13834	0.04880	0.69630	0.01289	0.00615	0.00174	0.00262	0.01081	0.00494	0.00446
24	0.03862	0.01106	0.01258	0.01033	0.01391	0.01175	0.00832	0.18053	0.33683	0.28943	0.01882	0.01713	0.01314	0.00663	0.00521	0.00167	0.00456	0.00534	0.00563	0.00852
25	0.01841	0.00878	0.01120	0.00892	0.01219	0.00824	0.00723	0.13850	0.01632	0.45629	0.21797	0.02245	0.02172	0.00751	0.00544	0.00160	0.00409	0.00624	0.01913	0.00777
26	0.01890	0.00968	0.01179	0.00969	0.01321	0.00968	0.00779	0.02596	0.31599	0.46562	0.02072	0.01844	0.01409	0.00668	0.00522	0.00166	0.00426	0.00549	0.02660	0.00852
27	0.01080	0.00926	0.01080	0.00771	0.01234	0.00694	0.00617	0.01311	0.01080	0.01697	0.00926	0.01080	0.00771	0.00386	0.00386	0.00077	0.00386	0.00309	0.00309	0.84882
28	0.01918	0.01428	0.01528	0.01186	0.01591	0.01586	0.00975	0.70008	0.09255	0.03182	0.01329	0.01313	0.00949	0.00633	0.00522	0.00158	0.00558	0.00480	0.00522	0.00880
29	0.00653	0.00467	0.00614	0.00725	0.00762	0.00438	0.00493	0.00748	0.01001	0.01327	0.02860	0.70551	0.05339	0.06074	0.00777	0.00229	0.00323	0.05727	0.00474	0.00421
30	0.00728	0.00492	0.00577	0.00606	0.00613	0.00485	0.00356	0.00750	0.00815	0.01087	0.01937	0.22187	0.02267	0.62409	0.02172	0.00434	0.00456	0.00932	0.00356	0.00341
31	0.01815	0.01677	0.15228	0.01249	0.01728	0.01543	0.01155	0.63467	0.02210	0.02994	0.01195	0.01224	0.00846	0.00602	0.00516	0.00158	0.00608	0.00454	0.00468	0.00865
32	0.00784	0.00545	0.00775	0.00775	0.00873	0.00622	0.00600	0.00980	0.00882	0.01338	0.01449	0.02027	0.01308	0.03324	0.65646	0.00711	0.01192	0.00545	0.15157	0.00469
33	0.01980	0.01459	0.01563	0.01198	0.01615	0.01615	0.00990	0.76713	0.02448	0.03282	0.01250	0.01250	0.00886	0.00625	0.00521	0.00156	0.00573	0.00469	0.00521	0.00886
34	0.00704	0.00518	0.00659	0.00652	0.00765	0.00473	0.00478	0.00908	0.01354	0.01869	0.55788	0.17701	0.13806	0.01196	0.00623	0.00174	0.00258	0.01056	0.00546	0.00473
35	0.01069	0.02524	0.68994	0.01578	0.02316	0.01224	0.11759	0.01652	0.01117	0.01652	0.00950	0.01140	0.00677	0.00487	0.00511	0.00166	0.00784	0.00415	0.00226	0.00761
36	0.01523	0.01808	0.01735	0.15423	0.02078	0.41022	0.12784	0.01738	0.01256	0.01344	0.00894	0.02918	0.00757	0.00595	0.00678	0.00162	0.11973	0.00443	0.00260	0.00606
37	0.01980	0.01459	0.01563	0.01198	0.01615	0.01615	0.00990	0.76713	0.02448	0.03282	0.01250	0.01250	0.00886	0.00625	0.00521	0.00156	0.00573	0.00469	0.00521	0.00886
38	0.00633	0.00460	0.00597	0.00707	0.00751	0.00424	0.00475	0.00727	0.01014	0.01336	0.03088	0.74435	0.10227	0.01603	0.00660	0.00208	0.00299	0.01446	0.00483	0.00424
39	0.01201	0.01146	0.01924	0.10489	0.64491	0.01161	0.01480	0.01499	0.01172	0.01640	0.01343	0.01618	0.07453	0.00543	0.00525	0.00158	0.00596	0.00518	0.00275	0.00768
40	0.01080	0.00926	0.01080	0.00771	0.01234	0.00694	0.00617	0.01311	0.01080	0.01697	0.00926	0.01080	0.00771	0.00386	0.00386	0.00077	0.00386	0.00309	0.00309	0.84882
41	0.01256	0.01098	0.01297	0.15170	0.05279	0.01276	0.00973	0.04184	0.58775	0.02033	0.01836	0.01799	0.01380	0.00661	0.00527	0.00175	0.00475	0.00558	0.00465	0.00782
42	0.00731	0.00539	0.00649	0.00616	0.00765	0.00479	0.00464	0.00936	0.01373	0.03636	0.50656	0.04237	0.30724	0.01145	0.00613	0.00168	0.00257	0.00988	0.00543	0.00482
43	0.01184	0.01074	0.01686	0.50796	0.07527	0.01249	0.07777	0.11363	0.08907	0.01722	0.01102	0.01421	0.00825	0.00543	0.00529	0.00171	0.00661	0.00489	0.00303	0.00669
44	0.00745	0.00556	0.00825	0.00825	0.00913	0.00644	0.00636	0.00922	0.00833	0.01200	0.01406	0.02108	0.01329	0.07462	0.76115	0.00822	0.01354	0.00567	0.00281	0.00458
45	0.00634	0.00453	0.00604	0.00725	0.00755	0.00423	0.00483	0.00725	0.00997	0.01329	0.02870	0.81358	0.03444	0.01632	0.00665	0.00211	0.00302	0.01480	0.00483	0.00423
46	0.00717	0.00580	0.00732	0.00827	0.07406	0.00523	0.00544	0.00898	0.01259	0.01654	0.29447	0.14832	0.36272	0.01202	0.00613	0.00175	0.00293	0.01043	0.00495	0.00488
47	0.01080	0.10883	0.62651	0.08611	0.03541	0.01295	0.01766	0.01610	0.01091	0.01576	0.00912	0.01101	0.00666	0.00491	0.00481	0.00160	0.00738	0.00382	0.00222	0.00743
48	0.01041	0.02365	0.65225	0.01375	0.02046	0.01156	0.01701	0.01693	0.08061	0.01735	0.07668	0.01415	0.01109	0.00563	0.00508	0.00166	0.00692	0.00451	0.00278	0.00751
49	0.00733	0.00531	0.00691	0.00654	0.00776	0.00489	0.00489	0.00973	0.01459	0.02060	0.75290	0.05396	0.06336	0.01081	0.00615	0.00165	0.00247	0.00955	0.00570	0.00489
50	0.85377	0.01007	0.00765	0.00685	0.01007	0.01168	0.00564	0.01531	0.00886	0.02336	0.00725	0.00846	0.00564	0.00483	0.00322	0.00161	0.00403	0.00282	0.00322	0.00564
51	0.00618	0.00528	0.00531	0.00530	0.00705	0.00441	0.00398	0.00752	0.01193	0.01421	0.06840	0.04988	0.76665	0.01313	0.00615	0.00176	0.00263	0.01096	0.00486	0.00441
52	0.01376	0.03538	0.17467	0.02371	0.42007	0.17552	0.05000	0.01711	0.01228	0.01590	0.00932	0.01174	0.00755	0.00484	0.00502	0.00152	0.00726	0.00424	0.00252	0.00759
53	0.06892	0.08874	0.42427	0.02780	0.13968	0.01231	0.01503	0.01648	0.03920	0.03130	0.00973	0.01136	0.00737	0.00486	0.00465	0.00151	0.00647	0.00386	0.00261	0.08384
54	0.01632	0.06603	0.01813	0.03320	0.20167	0.15587	0.07954	0.17889	0.06647	0.08566	0.01174	0.01297	0.00894	0.00551	0.00523	0.00153	0.01899	0.00457	0.02107	0.00766
55	0.01451	0.61453	0.07325	0.01002	0.01433	0.13673	0.00971	0.03200	0.01148	0.01302	0.00776	0.00904	0.00687	0.00544	0.02143	0.00135	0.00647	0.00304	0.00237	0.00665
56	0.00670	0.00495	0.00628	0.00675	0.00762	0.00453	0.00480	0.00823	0.01193	0.01603	0.28661	0.41324	0.15951	0.01386	0.00641	0.00190	0.00281	0.02821	0.00514	0.00450
57	0.58527	0.01086	0.00987	0.02241	0.01210	0.01219	0.00687	0.16975	0.01268	0.10170	0.00969	0.01031	0.00705	0.00529	0.00387	0.00160	0.00447	0.00348	0.00393	0.00662
58	0.01233	0.01159	0.01899	0.02791	0.64793	0.01173	0.01432	0.01629	0.08091	0.01713	0.01245	0.08217	0.01119	0.00586	0.00530	0.00162	0.00573	0.00563	0.00302	0.00790
59	0.00713	0.00531	0.00663	0.00630	0.00763	0.00481	0.00472	0.00936	0.01417	0.01953	0.63746	0.04112	0.19427	0.01115	0.00614	0.00166	0.00249	0.00973	0.00556	0.00481
60	0.00729	0.00532	0.00684	0.00646	0.00773	0.00488	0.00485	0.00966	0.01454	0.02041	0.73085	0.03968	0.10033	0.01082	0.00614	0.00165	0.00247	0.00953	0.00567	0.00488
61	0.01305	0.01377	0.02722	0.01977	0.02467	0.01342	0.61176	0.08597	0.09930	0.01872	0.01191	0.01451	0.00889	0.00486	0.00597	0.00174	0.00798	0.00598	0.00317	0.00733
62	0.00696	0.00537	0.00773	0.14794	0.01255	0.00553	0.00653	0.00832	0.01005	0.01330	0.02527	0.67246	0.02959	0.01435	0.00639	0.00205	0.00371	0.01301	0.00439	0.00450
63	0.01980	0.01459	0.01563	0.01198	0.01615	0.01615	0.00990	0.76713	0.02448	0.03282	0.01250	0.01250	0.00886	0.00625	0.00521	0.00156	0.00573	0.00469	0.00521	0.00886
64	0.01080	0.00926	0.01080	0.00771	0.01234	0.00694	0.00617	0.01311	0.01080	0.01697	0.00926	0.01080	0.00771	0.00386	0.00386	0.00077	0.00386	0.00309	0.00309	0.84882
65	0.01229	0.01405	0.03073	0.02195	0.02722	0.01317	0.76558	0.01668	0.01229	0.01668	0.01054	0.01405	0.00790	0.00439	0.00615	0.00176	0.00878	0.00615	0.00263	0.00702
66	0.00636	0.00528	0.00556	0.00549	0.00716	0.00448	0.00412	0.00787	0.01236	0.01522	0.17612	0.04822	0.65830	0.01276	0.00615	0.00174	0.00261	0.01072	0.00499	0.00448
67	0.00634	0.00453	0.00604	0.00725	0.00755	0.00423	0.00483	0.00725	0.00997	0.01329	0.02870	0.81358	0.03444	0.01632	0.00665	0.00211	0.00302	0.01480	0.00483	0.00423
68	0.00832	0.00636	0.00776	0.00722	0.00877	0.00632	0.00547	0.01290	0.14883	0.02082	0.62379	0.03583	0.06715	0.01010	0.00599	0.00166	0.00276	0.00885	0.00563	0.00548
69	0.01229	0.01405	0.03073	0.02195	0.02722	0.01317	0.76558	0.01668	0.01229	0.01668	0.01054	0.01405	0.00790	0.00439	0.00615	0.00176	0.00878	0.00615	0.00263	0.00702
70	0.01177	0.01038	0.01594	0.61943	0.07618	0.01243	0.01375	0.14649	0.01298	0.01697	0.00986	0.01358	0.00736	0.00536	0.00520	0.00169	0.00668	0.00464	0.00284	0.00647
71	0.00627	0.00519	0.00549	0.00560	0.00715	0.00441	0.00413	0.00762	0.01186	0.01447	0.10282	0.13899	0.64133	0.01337	0.00621	0.00179	0.00267	0.01132	0.00490	0.00441
72	0.01333	0.62253	0.19400	0.01035	0.01546	0.04197	0.01121	0.01595	0.01080	0.01320	0.00773	0.00896	0.00666	0.00459	0.00373	0.00124	0.00615	0.00303	0.00224	0.00689
73	0.01275	0.20691	0.01435	0.02156	0.01239	0.15968	0.00758	0.08735	0.10349	0.01634	0.05298	0.02416	0.24456	0.00800	0.00500	0.00150	0.00515	0.00621	0.00389	0.00618
74	0.01920	0.01327	0.01454	0.01139	0.01535	0.01449	0.00933	0.54973	0.14163	0.13363	0.01497	0.01430	0.01052	0.00641	0.00523	0.00160	0.00530	0.00495	0.00539	0.00876
75	0.00853	0.00464	0.00664	0.00678	0.00700	0.00453	0.00462	0.00702	0.00769	0.01008	0.01530	0.08878	0.08203	0.01737	0.01746	0.67153	0.00423	0.03025	0.00280	0.00271
76	0.01511	0.01847	0.10709	0.01702	0.19013	0.31792	0.01205	0.03511	0.16526	0.01649	0.01220	0.01469	0.00998	0.00592	0.00507	0.00156	0.00713	0.03835	0.00327	0.00717
77	0.01505	0.03288	0.01336	0.01043	0.01409	0.01183	0.03279	0.21830	0.26090	0.10111	0.05097	0.01753	0.01373	0.00645	0.00509	0.00152	0.00467	0.02800	0.00484	0.15647
78	0.00972	0.00910	0.01531	0.77850	0.03494	0.01133	0.01415	0.01311	0.01040	0.01331	0.00989	0.03993	0.00784	0.00557	0.00525	0.00175	0.00681	0.00496	0.00240	0.00573
79	0.00879	0.00626	0.00791	0.00753	0.00861	0.00662	0.00553	0.08797	0.01143	0.01599	0.17609	0.07091	0.02311	0.22097	0.26985	0.00471	0.00728	0.02118	0.03452	0.00476
80	0.04214	0.10713	0.07912	0.01002	0.01287	0.09910	0.00878	0.13061	0.06372	0.01773	0.01946	0.13230	0.07205	0.02103	0.02347	0.00195	0.00554	0.14280	0.00402	0.00616

[dist]
# distance from previous block
# <min> <max>
0	1

[block]
# block no. 5 follows, 47 sequences, length 133
# corresponding to MSA columns:
# 558-690
name=unknown_F
#
# <colnr> <probs for GDERKNQSTAVLIFYWHMCP>
#	G	D	E	R	K	N	Q	S	T	A	V	L	I	F	Y	W	H	M	C	P
0	0.00781	0.00530	0.00614	0.00606	0.00624	0.00542	0.00361	0.02342	0.00800	0.01075	0.01610	0.03235	0.01817	0.72695	0.09859	0.00529	0.00590	0.00733	0.00316	0.00341
1	0.00685	0.00484	0.00617	0.00706	0.00738	0.00463	0.00463	0.02300	0.00983	0.01310	0.02609	0.65247	0.03104	0.16460	0.01030	0.00265	0.00345	0.01325	0.00453	0.00413
2	0.01543	0.01178	0.01271	0.01055	0.01377	0.01293	0.00847	0.44160	0.18426	0.02632	0.02007	0.09440	0.08406	0.00827	0.00551	0.00170	0.00481	0.03045	0.00515	0.00775
3	0.01396	0.01314	0.03366	0.16976	0.47666	0.09815	0.01435	0.01689	0.01217	0.08621	0.01048	0.01309	0.00823	0.00500	0.00512	0.00157	0.00655	0.00454	0.00289	0.00760
4	0.01052	0.04473	0.77289	0.01471	0.02233	0.01229	0.01901	0.01647	0.01099	0.01640	0.00930	0.01094	0.00660	0.00494	0.00491	0.00164	0.00765	0.00382	0.00220	0.00767
5	0.00641	0.00471	0.00602	0.00690	0.00750	0.00432	0.00471	0.00753	0.01070	0.01412	0.10314	0.62985	0.14433	0.01533	0.00653	0.00202	0.00291	0.01374	0.00492	0.00432
6	0.71562	0.05126	0.00954	0.08222	0.01278	0.02730	0.00672	0.01524	0.00921	0.02165	0.00745	0.00898	0.00584	0.00486	0.00344	0.00159	0.00448	0.00300	0.00308	0.00571
7	0.02030	0.00813	0.01105	0.00883	0.01225	0.00708	0.00714	0.02225	0.01443	0.64510	0.09078	0.09464	0.01823	0.00776	0.00545	0.00166	0.00412	0.00652	0.00623	0.00807
8	0.01244	0.01029	0.01166	0.00866	0.01306	0.00897	0.00696	0.13527	0.08274	0.01995	0.01087	0.01186	0.00864	0.00453	0.00421	0.00099	0.00418	0.00360	0.00363	0.63752
9	0.01114	0.01059	0.01798	0.47424	0.35589	0.01191	0.01511	0.01445	0.01103	0.01489	0.00949	0.01346	0.00750	0.00496	0.00518	0.00165	0.00662	0.00463	0.00243	0.00684
10	0.01283	0.55601	0.25641	0.01111	0.01657	0.01781	0.03636	0.01590	0.01076	0.01367	0.00798	0.00933	0.00670	0.00460	0.00391	0.00130	0.00631	0.00321	0.00223	0.00700
11	0.01904	0.03145	0.01582	0.01394	0.09940	0.13147	0.01025	0.47570	0.02024	0.09861	0.01227	0.01261	0.00888	0.00592	0.00506	0.00152	0.00615	0.00450	0.01893	0.00826
12	0.00649	0.00516	0.00584	0.00599	0.00736	0.00451	0.00440	0.00800	0.01214	0.01542	0.20501	0.18945	0.47221	0.01324	0.00626	0.00181	0.00271	0.02448	0.00503	0.00448
13	0.01066	0.00605	0.00801	0.00711	0.00891	0.00548	0.00548	0.01302	0.01477	0.17855	0.62532	0.03455	0.04169	0.00978	0.00596	0.00163	0.00286	0.00856	0.00588	0.00573
14	0.01289	0.01237	0.02114	0.03196	0.78450	0.01237	0.01598	0.01598	0.01186	0.01701	0.00980	0.01289	0.00825	0.00464	0.00516	0.00155	0.00619	0.00464	0.00258	0.00825
15	0.00839	0.00599	0.00839	0.00959	0.01079	0.00599	0.00839	0.01079	0.01199	0.01558	0.02757	0.05874	0.02997	0.01439	0.00719	0.00240	0.00480	0.74945	0.00480	0.00480
16	0.00737	0.00532	0.00696	0.00655	0.00778	0.00491	0.00491	0.00983	0.01474	0.02088	0.78175	0.03890	0.04914	0.01065	0.00614	0.00164	0.00246	0.00942	0.00573	0.00491
17	0.01231	0.01096	0.01400	0.15102	0.15177	0.01247	0.01067	0.02282	0.49503	0.01937	0.01728	0.01812	0.01330	0.00647	0.00530	0.00174	0.00498	0.02035	0.00430	0.00775
18	0.01255	0.01203	0.02053	0.11693	0.70215	0.01229	0.01582	0.01569	0.01170	0.01661	0.00974	0.01300	0.00811	0.00470	0.00516	0.00157	0.00627	0.00464	0.00255	0.00798
19	0.01139	0.01139	0.01595	0.01367	0.01367	0.01595	0.01139	0.01253	0.00798	0.01253	0.00684	0.01139	0.00684	0.00911	0.01709	0.00228	0.80745	0.00456	0.00228	0.00570
20	0.01080	0.00926	0.01080	0.00771	0.01234	0.00694	0.00617	0.01311	0.01080	0.01697	0.00926	0.01080	0.00771	0.00386	0.00386	0.00077	0.00386	0.00309	0.00309	0.84882
21	0.01229	0.01405	0.03073	0.02195	0.02722	0.01317	0.76558	0.01668	0.01229	0.01668	0.01054	0.01405	0.00790	0.00439	0.00615	0.00176	0.00878	0.00615	0.00263	0.00702
22	0.00640	0.00460	0.00598	0.00706	0.00742	0.00428	0.00470	0.00728	0.00994	0.01316	0.02925	0.73189	0.07168	0.06013	0.00771	0.00226	0.00311	0.01421	0.00474	0.00418
