[name]
unknown

[dist]
# distance from previous block
# <min> <max>
25	79

[block]
# block no. 0 follows, 45 sequences, length 37
# corresponding to MSA columns:
# 100-114,128-148,152
name=unknown_A
#
# <colnr> <probs for GDERKNQSTAVLIFYWHMCP>
#	G	D	E	R	K	N	Q	S	T	A	V	L	I	F	Y	W	H	M	C	P
0	0.20365	0.03233	0.05093	0.05908	0.18059	0.02964	0.01059	0.11020	0.04351	0.19586	0.02575	0.01385	0.00987	0.00572	0.00485	0.00164	0.00543	0.00453	0.00418	0.00780
1	0.10457	0.01192	0.04327	0.08642	0.05566	0.05345	0.00929	0.14648	0.14339	0.09429	0.03152	0.03475	0.05105	0.00683	0.00528	0.00166	0.01871	0.00541	0.07205	0.02403
2	0.17841	0.03712	0.04411	0.02826	0.06410	0.01254	0.06968	0.22386	0.05651	0.10587	0.09551	0.01596	0.01350	0.00627	0.00506	0.00163	0.00530	0.00510	0.00446	0.02675
3	0.38547	0.01098	0.01130	0.14077	0.01633	0.02787	0.00844	0.11804	0.09584	0.08113	0.04750	0.01369	0.01036	0.00592	0.00451	0.00169	0.00497	0.00435	0.00404	0.00681
4	0.50026	0.01081	0.01130	0.09082	0.09133	0.01215	0.00842	0.09154	0.03332	0.06416	0.03465	0.01203	0.00872	0.00550	0.00421	0.00167	0.00483	0.00393	0.00369	0.00667
5	0.72192	0.01033	0.00876	0.06802	0.01254	0.01199	0.00662	0.04639	0.01000	0.02355	0.00820	0.00971	0.00632	0.00512	0.00358	0.00165	0.00440	0.00320	0.03176	0.00593
6	0.36742	0.01000	0.01268	0.38429	0.06741	0.01180	0.01078	0.01497	0.01033	0.03607	0.02376	0.01246	0.00764	0.00531	0.00451	0.00172	0.00568	0.00409	0.00296	0.00610
7	0.10030	0.70605	0.05065	0.00916	0.01374	0.02001	0.00918	0.01607	0.01074	0.01395	0.00753	0.00871	0.00677	0.00465	0.00349	0.00122	0.00565	0.00291	0.00240	0.00681
8	0.01438	0.01272	0.01252	0.01117	0.01425	0.07609	0.00869	0.05058	0.66534	0.04113	0.02046	0.01893	0.01532	0.00710	0.00541	0.00177	0.00475	0.00580	0.00527	0.00835
9	0.00653	0.00469	0.00620	0.00741	0.00777	0.00437	0.00496	0.00748	0.01034	0.01373	0.03033	0.78510	0.05777	0.01672	0.00684	0.00217	0.00310	0.01514	0.00498	0.00437
10	0.78148	0.01179	0.07060	0.00773	0.01142	0.01208	0.00695	0.01588	0.00931	0.02351	0.00765	0.00893	0.00589	0.00499	0.00347	0.00166	0.00446	0.00299	0.00324	0.00598
11	0.08162	0.01023	0.01609	0.54309	0.14241	0.02633	0.03026	0.01416	0.01074	0.01498	0.00944	0.01371	0.00738	0.00595	0.00605	0.04751	0.00674	0.00462	0.00252	0.00616
12	0.01014	0.00954	0.01610	0.79845	0.03697	0.01193	0.01491	0.01371	0.01073	0.01371	0.00954	0.01431	0.00716	0.00537	0.00537	0.00179	0.00716	0.00477	0.00239	0.00596
13	0.00653	0.00470	0.00620	0.00739	0.00776	0.00437	0.00495	0.00748	0.01035	0.01373	0.03057	0.77793	0.06479	0.01669	0.00683	0.00217	0.00310	0.01510	0.00498	0.00437
14	0.00784	0.00565	0.00704	0.00770	0.00842	0.00550	0.00533	0.06849	0.01144	0.01516	0.02839	0.60540	0.07198	0.08779	0.00858	0.00240	0.00357	0.03977	0.00486	0.00468
15	0.07856	0.01353	0.01638	0.09587	0.12383	0.01488	0.02608	0.46810	0.04258	0.04935	0.01223	0.01318	0.00891	0.00599	0.00524	0.00164	0.00595	0.00476	0.00452	0.00842
16	0.00654	0.00467	0.00623	0.00747	0.00779	0.00436	0.00498	0.00747	0.01028	0.01370	0.02959	0.80785	0.03550	0.01682	0.00685	0.00218	0.00311	0.01526	0.00498	0.00436
17	0.00789	0.00641	0.00796	0.00864	0.07034	0.00596	0.00585	0.01071	0.05564	0.01830	0.36462	0.04190	0.33808	0.01141	0.00623	0.00175	0.00306	0.02471	0.00523	0.00532
18	0.00782	0.00592	0.00892	0.00868	0.00964	0.00672	0.02636	0.00958	0.00864	0.01235	0.01458	0.02255	0.01399	0.12950	0.67995	0.00804	0.01316	0.00601	0.00292	0.00468
19	0.01469	0.01009	0.01216	0.02187	0.03539	0.00895	0.00761	0.04834	0.13794	0.18272	0.01422	0.01431	0.01054	0.00524	0.00464	0.00122	0.00434	0.00427	0.00436	0.45710
20	0.01329	0.01275	0.02179	0.03295	0.77787	0.01275	0.01647	0.01647	0.01222	0.01754	0.01010	0.01329	0.00850	0.00478	0.00531	0.00159	0.00638	0.00478	0.00266	0.00850
21	0.01034	0.00994	0.01736	0.73573	0.03625	0.01206	0.07501	0.01400	0.01089	0.01400	0.00965	0.01432	0.00724	0.00530	0.00544	0.00179	0.00731	0.00490	0.00241	0.00607
22	0.02005	0.01558	0.01569	0.01224	0.01632	0.07879	0.01002	0.67698	0.02399	0.03173	0.01266	0.01285	0.00909	0.00636	0.00528	0.00158	0.00611	0.00473	0.03119	0.00877
23	0.02408	0.00914	0.01246	0.00955	0.01370	0.00789	0.00789	0.02616	0.01536	0.78158	0.02118	0.01827	0.01329	0.00664	0.00540	0.00166	0.00457	0.00540	0.00664	0.00914
24	0.00936	0.00586	0.00772	0.00708	0.00863	0.00535	0.00537	0.01179	0.01506	0.10383	0.67004	0.06154	0.04612	0.01068	0.00625	0.00170	0.00277	0.00941	0.00596	0.00549
25	0.00724	0.00562	0.00660	0.00633	0.00786	0.00506	0.00475	0.00961	0.03286	0.01872	0.46567	0.04426	0.34206	0.01194	0.00631	0.00174	0.00265	0.01027	0.00553	0.00494
26	0.01444	0.00880	0.01053	0.00907	0.01183	0.00896	0.00713	0.03752	0.27567	0.23397	0.27300	0.02670	0.04210	0.00844	0.00575	0.00173	0.00377	0.00717	0.00593	0.00747
27	0.00650	0.00527	0.00578	0.00608	0.00750	0.00455	0.00444	0.00785	0.01193	0.01472	0.08646	0.23108	0.54574	0.01425	0.00649	0.00191	0.00285	0.02704	0.00503	0.00453
28	0.05116	0.01072	0.01619	0.66356	0.05713	0.05141	0.03107	0.02946	0.01127	0.01479	0.00949	0.01375	0.00718	0.00534	0.00526	0.00175	0.00713	0.00465	0.00253	0.00614
29	0.01279	0.01225	0.02090	0.15260	0.66206	0.01262	0.01623	0.01604	0.01199	0.01694	0.01001	0.01345	0.00829	0.00487	0.00532	0.00162	0.00650	0.00478	0.00261	0.00811
30	0.00932	0.00466	0.00699	0.00699	0.00699	0.00466	0.00466	0.00699	0.00699	0.00932	0.00932	0.01632	0.00932	0.01865	0.02098	0.84382	0.00466	0.00466	0.00233	0.00233
31	0.01445	0.01090	0.01708	0.05381	0.39009	0.01078	0.04250	0.03356	0.06645	0.16766	0.01849	0.04476	0.09199	0.00670	0.00555	0.00168	0.00551	0.00609	0.00401	0.00793
32	0.01126	0.04634	0.71664	0.01484	0.02241	0.01262	0.01885	0.01764	0.04136	0.03448	0.01032	0.01177	0.00733	0.00521	0.00508	0.00169	0.00766	0.00405	0.00249	0.00796
33	0.01077	0.02777	0.78354	0.01530	0.02323	0.01247	0.01983	0.01700	0.01133	0.01700	0.00963	0.01133	0.00680	0.00510	0.00510	0.00170	0.00793	0.00397	0.00227	0.00793
34	0.82094	0.03766	0.00858	0.00713	0.01050	0.01235	0.00593	0.01579	0.00920	0.02370	0.00747	0.00872	0.00585	0.00497	0.00333	0.00164	0.00421	0.00291	0.00329	0.00585
35	0.04949	0.01142	0.01682	0.16573	0.13628	0.01482	0.01281	0.01375	0.00936	0.01429	0.00801	0.01233	0.00724	0.00772	0.01274	0.00209	0.49173	0.00464	0.00245	0.00629
36	0.01357	0.01070	0.01317	0.01342	0.13563	0.01104	0.00902	0.07955	0.31385	0.07651	0.09810	0.01942	0.01677	0.02810	0.00587	0.00167	0.00454	0.00570	0.00472	0.13862

[dist]
# distance from previous block
# <min> <max>
0	1

[block]
# block no. 1 follows, 45 sequences, length 71
# corresponding to MSA columns:
# 154-224
name=unknown_B
#
# <colnr> <probs for GDERKNQSTAVLIFYWHMCP>
#	G	D	E	R	K	N	Q	S	T	A	V	L	I	F	Y	W	H	M	C	P
0	0.00770	0.00577	0.00724	0.00668	0.00826	0.00515	0.00504	0.01007	0.01454	0.02036	0.63063	0.03945	0.13749	0.01080	0.00616	0.00164	0.00266	0.00944	0.00560	0.06532
1	0.02932	0.01158	0.03950	0.46070	0.03080	0.01295	0.20575	0.01464	0.01089	0.01482	0.00952	0.01383	0.00736	0.00565	0.00714	0.00186	0.10980	0.00510	0.00248	0.00633
2	0.01329	0.01275	0.02179	0.03295	0.77787	0.01275	0.01647	0.01647	0.01222	0.01754	0.01010	0.01329	0.00850	0.00478	0.00531	0.00159	0.00638	0.00478	0.00266	0.00850
3	0.00799	0.00623	0.00925	0.00906	0.00994	0.00749	0.00711	0.00985	0.00859	0.01250	0.01379	0.02034	0.01291	0.03780	0.72848	0.00813	0.07715	0.00567	0.00283	0.00488
4	0.02852	0.02128	0.44186	0.08016	0.02576	0.01280	0.27909	0.01678	0.01171	0.01695	0.01001	0.01262	0.00728	0.00492	0.00552	0.00174	0.00819	0.00484	0.00246	0.00749
5	0.00654	0.00467	0.00623	0.00747	0.00779	0.00436	0.00498	0.00747	0.01028	0.01370	0.02959	0.80785	0.03550	0.01682	0.00685	0.00218	0.00311	0.01526	0.00498	0.00436
6	0.01896	0.02398	0.01443	0.01316	0.01585	0.72718	0.00987	0.02034	0.01497	0.01325	0.01197	0.01303	0.06822	0.00617	0.00496	0.00142	0.00913	0.00408	0.00294	0.00609
7	0.01052	0.07380	0.01707	0.71430	0.03450	0.01279	0.01437	0.01388	0.01068	0.01361	0.00931	0.01379	0.00713	0.00541	0.00554	0.00175	0.02853	0.00462	0.00238	0.00603
8	0.00713	0.00599	0.00630	0.00618	0.00784	0.02499	0.00467	0.00887	0.01318	0.01657	0.26313	0.04747	0.52097	0.01266	0.00633	0.00179	0.00291	0.03308	0.00520	0.00474
9	0.00756	0.00549	0.00712	0.00671	0.00800	0.00505	0.00503	0.01006	0.01510	0.02131	0.75290	0.04045	0.07291	0.01105	0.00633	0.00169	0.00254	0.00976	0.00588	0.00505
10	0.01023	0.00971	0.01664	0.77149	0.03666	0.01198	0.04074	0.01384	0.01080	0.01384	0.00959	0.01432	0.00719	0.00534	0.00540	0.00179	0.00722	0.00482	0.00240	0.00601
11	0.01086	0.02597	0.70275	0.01651	0.08301	0.01228	0.01918	0.01671	0.01138	0.01696	0.01018	0.03203	0.00768	0.00538	0.00516	0.00170	0.00768	0.00432	0.00237	0.00789
12	0.00654	0.00467	0.00623	0.00747	0.00779	0.00436	0.00498	0.00747	0.01028	0.01370	0.02959	0.80785	0.03550	0.01682	0.00685	0.00218	0.00311	0.01526	0.00498	0.00436
13	0.01014	0.00954	0.01610	0.79845	0.03697	0.01193	0.01491	0.01371	0.01073	0.01371	0.00954	0.01431	0.00716	0.00537	0.00537	0.00179	0.00716	0.00477	0.00239	0.00596
14	0.01249	0.01194	0.02035	0.22592	0.59110	0.01255	0.01608	0.01578	0.01185	0.01657	0.00996	0.01354	0.00816	0.00493	0.00533	0.00164	0.00657	0.00478	0.00259	0.00786
15	0.00917	0.00868	0.04290	0.01045	0.01191	0.03221	0.06740	0.01100	0.01042	0.03133	0.03696	0.27100	0.08902	0.01792	0.17039	0.00342	0.14041	0.02630	0.00380	0.00529
16	0.07120	0.01220	0.02014	0.12271	0.63572	0.01261	0.01554	0.01610	0.01183	0.01754	0.00985	0.01309	0.00815	0.00487	0.00518	0.00162	0.00632	0.00465	0.00267	0.00801
17	0.00985	0.00915	0.01531	0.73537	0.03464	0.01132	0.01412	0.01322	0.01070	0.01371	0.01114	0.07759	0.00942	0.00628	0.00549	0.00182	0.00683	0.00561	0.00259	0.00584
18	0.00771	0.00560	0.00785	0.00785	0.00854	0.00629	0.00574	0.00909	0.00840	0.01188	0.01509	0.02503	0.01513	0.25670	0.57597	0.00767	0.01180	0.00633	0.00298	0.00436
19	0.01329	0.01275	0.02179	0.03295	0.77787	0.01275	0.01647	0.01647	0.01222	0.01754	0.01010	0.01329	0.00850	0.00478	0.00531	0.00159	0.00638	0.00478	0.00266	0.00850
20	0.01182	0.01196	0.01766	0.01477	0.01521	0.01621	0.07128	0.01326	0.00858	0.01326	0.00735	0.01196	0.00713	0.00901	0.01672	0.00231	0.73833	0.00483	0.00238	0.00598
21	0.02408	0.00914	0.01246	0.00955	0.01370	0.00789	0.00789	0.02616	0.01536	0.78158	0.02118	0.01827	0.01329	0.00664	0.00540	0.00166	0.00457	0.00540	0.00664	0.00914
22	0.00654	0.00467	0.00623	0.00747	0.00779	0.00436	0.00498	0.00747	0.01028	0.01370	0.02959	0.80785	0.03550	0.01682	0.00685	0.00218	0.00311	0.01526	0.00498	0.00436
23	0.01077	0.02777	0.78354	0.01530	0.02323	0.01247	0.01983	0.01700	0.01133	0.01700	0.00963	0.01133	0.00680	0.00510	0.00510	0.00170	0.00793	0.00397	0.00227	0.00793
24	0.00677	0.00545	0.00603	0.00589	0.00751	0.00471	0.00442	0.00853	0.01325	0.01690	0.30060	0.04771	0.52797	0.01270	0.00634	0.00177	0.00266	0.01077	0.00530	0.00471
25	0.00997	0.00503	0.00510	0.00513	0.00638	0.00503	0.00388	0.01247	0.01129	0.01991	0.01780	0.02108	0.01421	0.00648	0.00385	0.00128	0.00257	0.02432	0.81923	0.00500
26	0.01077	0.02777	0.78354	0.01530	0.02323	0.01247	0.01983	0.01700	0.01133	0.01700	0.00963	0.01133	0.00680	0.00510	0.00510	0.00170	0.00793	0.00397	0.00227	0.00793
27	0.00929	0.00469	0.00703	0.00703	0.00705	0.00471	0.00471	0.00705	0.00703	0.00940	0.00944	0.01643	0.00942	0.01916	0.03910	0.82415	0.00489	0.00469	0.00234	0.00239
28	0.00875	0.00630	0.00873	0.00991	0.01118	0.00634	0.00865	0.01151	0.02910	0.01621	0.02828	0.05965	0.03057	0.01466	0.00737	0.00246	0.00493	0.72544	0.00495	0.00502
29	0.01110	0.01044	0.03644	0.38833	0.06778	0.01168	0.01203	0.01834	0.25479	0.01760	0.08369	0.01946	0.01472	0.00668	0.00552	0.00179	0.00573	0.02322	0.00377	0.00687
30	0.00935	0.00766	0.00984	0.00955	0.02736	0.00793	0.04254	0.01531	0.24290	0.01886	0.23852	0.27688	0.04879	0.01132	0.00621	0.00189	0.00364	0.01013	0.00523	0.00605
31	0.01244	0.01476	0.06539	0.04134	0.02694	0.01371	0.64522	0.01676	0.01220	0.01676	0.01046	0.01411	0.00797	0.00496	0.00715	0.00185	0.07214	0.00605	0.00266	0.00713
32	0.07935	0.14731	0.12646	0.03270	0.10303	0.03677	0.09831	0.03677	0.03149	0.01723	0.00973	0.01180	0.00787	0.00588	0.02768	0.00161	0.02358	0.00404	0.00287	0.19552
33	0.01375	0.63270	0.15388	0.01067	0.01567	0.03265	0.02457	0.01625	0.01101	0.01346	0.00789	0.00928	0.00690	0.00483	0.00419	0.00129	0.02849	0.00318	0.00231	0.00703
34	0.00704	0.00557	0.00625	0.00657	0.00803	0.00498	0.00509	0.00851	0.01176	0.01443	0.04386	0.06977	0.50572	0.09558	0.00875	0.00232	0.00351	0.18293	0.00480	0.00449
35	0.01265	0.01302	0.04791	0.14386	0.54206	0.01273	0.11644	0.01618	0.01203	0.01691	0.01010	0.01353	0.00820	0.00484	0.00545	0.00166	0.00690	0.00496	0.00261	0.00794
36	0.00654	0.00467	0.00623	0.00747	0.00779	0.00436	0.00498	0.00747	0.01028	0.01370	0.02959	0.80785	0.03550	0.01682	0.00685	0.00218	0.00311	0.01526	0.00498	0.00436
37	0.00735	0.00575	0.00878	0.00878	0.00976	0.00537	0.07370	0.00894	0.01146	0.01553	0.16567	0.57523	0.03570	0.01457	0.00672	0.00206	0.00359	0.03134	0.00495	0.00477
38	0.01342	0.01148	0.06896	0.00927	0.01402	0.00891	0.00804	0.11835	0.01339	0.08711	0.01121	0.01237	0.00869	0.00590	0.03170	0.00132	0.00495	0.00375	0.00371	0.56345
39	0.84927	0.01038	0.00789	0.00706	0.01038	0.01204	0.00581	0.01578	0.00914	0.02408	0.00747	0.00872	0.00581	0.00498	0.00332	0.00166	0.00415	0.00291	0.00332	0.00581
40	0.01407	0.75184	0.08837	0.00967	0.01453	0.02054	0.01003	0.01615	0.01094	0.01298	0.00764	0.00883	0.00688	0.00463	0.00358	0.00119	0.00592	0.00296	0.00229	0.00697
41	0.00825	0.00661	0.00975	0.00941	0.01023	0.00811	0.00743	0.01006	0.00857	0.01253	0.01332	0.01975	0.01250	0.03582	0.67908	0.00772	0.12748	0.00560	0.00280	0.00495
42	0.02408	0.00914	0.01246	0.00955	0.01370	0.00789	0.00789	0.02616	0.01536	0.78158	0.02118	0.01827	0.01329	0.00664	0.00540	0.00166	0.00457	0.00540	0.00664	0.00914
43	0.00747	0.00546	0.00701	0.00667	0.00795	0.00501	0.00498	0.00987	0.01484	0.02077	0.69922	0.05991	0.10809	0.01133	0.00634	0.00171	0.00256	0.00997	0.00581	0.00501
44	0.01175	0.01214	0.03209	0.01435	0.01465	0.01629	0.03210	0.01312	0.00840	0.01312	0.00720	0.01181	0.00707	0.00918	0.01706	0.00232	0.76433	0.00473	0.00236	0.00595
45	0.00654	0.00467	0.00623	0.00747	0.00779	0.00436	0.00498	0.00747	0.01028	0.01370	0.02959	0.80785	0.03550	0.01682	0.00685	0.00218	0.00311	0.01526	0.00498	0.00436
46	0.01435	0.81458	0.02813	0.00918	0.01378	0.02124	0.00918	0.01607	0.01091	0.01263	0.00746	0.00861	0.00689	0.00459	0.00344	0.00115	0.00574	0.00287	0.00230	0.00689
47	0.00654	0.00467	0.00623	0.00747	0.00779	0.00436	0.00498	0.00747	0.01028	0.01370	0.02959	0.80785	0.03550	0.01682	0.00685	0.00218	0.00311	0.01526	0.00498	0.00436
48	0.00669	0.00545	0.00592	0.00581	0.00747	0.00468	0.00435	0.00838	0.01306	0.01647	0.25591	0.04843	0.57293	0.01286	0.00634	0.00178	0.00267	0.01088	0.00524	0.00468
49	0.03974	0.01081	0.01325	0.01030	0.01439	0.01057	0.00847	0.21015	0.07183	0.52354	0.01886	0.01685	0.01231	0.00660	0.00535	0.00166	0.00487	0.00525	0.00617	0.00902
50	0.01329	0.01275	0.02179	0.03295	0.77787	0.01275	0.01647	0.01647	0.01222	0.01754	0.01010	0.01329	0.00850	0.00478	0.00531	0.00159	0.00638	0.00478	0.00266	0.00850
51	0.00724	0.00546	0.00669	0.00642	0.00781	0.00491	0.00480	0.00942	0.01429	0.01947	0.56582	0.06096	0.24342	0.01181	0.00635	0.00173	0.00260	0.01027	0.00564	0.00491
52	0.01012	0.00905	0.01490	0.71298	0.03366	0.01118	0.01371	0.01358	0.01079	0.01439	0.01040	0.01493	0.00787	0.00546	0.00519	0.00173	0.00665	0.00480	0.09273	0.00586
53	0.82010	0.01019	0.00779	0.00699	0.01024	0.01180	0.00574	0.01567	0.00921	0.02394	0.00782	0.00911	0.00609	0.00503	0.00334	0.00165	0.00410	0.00298	0.03244	0.00579
54	0.00693	0.00492	0.00660	0.00775	0.00824	0.00465	0.00549	0.00805	0.01063	0.01410	0.04254	0.64699	0.05308	0.01639	0.00726	0.02292	0.00340	0.12072	0.00493	0.00441
55	0.01908	0.05521	0.03201	0.01220	0.02983	0.32793	0.00963	0.13874	0.05993	0.17339	0.03139	0.01342	0.01027	0.00597	0.00501	0.00147	0.00692	0.00437	0.00419	0.05905
56	0.02041	0.01504	0.01611	0.01235	0.01665	0.01665	0.01020	0.75997	0.02524	0.03383	0.01289	0.01289	0.00913	0.00644	0.00537	0.00161	0.00591	0.00483	0.00537	0.00913
57	0.02399	0.00928	0.01255	0.00962	0.01378	0.00811	0.00795	0.04463	0.01561	0.76277	0.02097	0.01814	0.01318	0.00664	0.00540	0.00166	0.00460	0.00538	0.00661	0.00914
58	0.01069	0.02533	0.68244	0.01553	0.04854	0.01200	0.03935	0.01651	0.01167	0.01734	0.06252	0.01347	0.00992	0.00548	0.00523	0.00170	0.00754	0.00446	0.00254	0.00774
59	0.01363	0.01341	0.02145	0.03197	0.73881	0.05262	0.01616	0.01673	0.01238	0.01731	0.01000	0.01310	0.00842	0.00482	0.00529	0.00158	0.00655	0.00471	0.00266	0.00839
60	0.00781	0.00520	0.00585	0.00585	0.00585	0.00520	0.00325	0.00781	0.00781	0.01041	0.01691	0.03513	0.01952	0.81135	0.02732	0.00520	0.00520	0.00781	0.00325	0.00325
61	0.00781	0.00520	0.00585	0.00585	0.00585	0.00520	0.00325	0.00781	0.00781	0.01041	0.01691	0.03513	0.01952	0.81135	0.02732	0.00520	0.00520	0.00781	0.00325	0.00325
62	0.01096	0.02656	0.73365	0.01516	0.02278	0.01221	0.03536	0.01695	0.01141	0.03171	0.01036	0.03057	0.00764	0.00540	0.00517	0.00171	0.00778	0.00432	0.00243	0.00786
63	0.01452	0.79167	0.02775	0.00932	0.01386	0.04356	0.00922	0.01623	0.01103	0.01264	0.00749	0.00864	0.00689	0.00462	0.00348	0.00115	0.00585	0.00289	0.00231	0.00687
64	0.00701	0.00501	0.00676	0.00794	0.00848	0.00476	0.00573	0.00832	0.01089	0.01449	0.05816	0.62564	0.03515	0.01619	0.00695	0.00222	0.00347	0.16333	0.00501	0.00451
65	0.01131	0.00966	0.01136	0.02754	0.01340	0.00748	0.00665	0.02967	0.01143	0.01775	0.00961	0.01125	0.00796	0.00406	0.00404	0.00084	0.00410	0.00326	0.00321	0.80542
66	0.01310	0.51486	0.26367	0.01138	0.01694	0.01780	0.02933	0.02829	0.01143	0.01469	0.02978	0.01054	0.00815	0.00496	0.00414	0.00136	0.00641	0.00351	0.00245	0.00721
67	0.01187	0.01359	0.09260	0.23636	0.24575	0.01269	0.23768	0.01577	0.01177	0.01619	0.01048	0.01480	0.00835	0.00524	0.00597	0.00176	0.02707	0.02223	0.00261	0.00723
68	0.01056	0.00648	0.00877	0.00929	0.01088	0.00625	0.00778	0.01300	0.03055	0.12580	0.02873	0.15973	0.06719	0.01369	0.00694	0.00226	0.00450	0.47688	0.00521	0.00553
69	0.01175	0.01114	0.01859	0.37017	0.40698	0.01224	0.01524	0.01549	0.03827	0.01596	0.01120	0.01478	0.02432	0.00531	0.00536	0.00169	0.00657	0.00496	0.00268	0.00730
70	0.48902	0.06319	0.03202	0.00990	0.07249	0.01150	0.00756	0.02962	0.01133	0.12969	0.08739	0.01374	0.01177	0.00581	0.00417	0.00162	0.00446	0.00416	0.00394	0.00661

[dist]
# distance from previous block
# <min> <max>
0	1

[block]
# block no. 2 follows, 45 sequences, length 34
# corresponding to MSA columns:
# 226-259
name=unknown_C
#
# <colnr> <probs for GDERKNQSTAVLIFYWHMCP>
#	G	D	E	R	K	N	Q	S	T	A	V	L	I	F	Y	W	H	M	C	P
0	0.03135	0.01339	0.09349	0.01590	0.04383	0.01154	0.30485	0.03602	0.01155	0.01690	0.00986	0.01296	0.00792	0.00600	0.00768	0.06004	0.08954	0.00485	0.00281	0.21952
1	0.01637	0.03255	0.04018	0.01196	0.01612	0.01248	0.09038	0.27060	0.08884	0.13269	0.01512	0.03703	0.02837	0.00640	0.00569	0.00156	0.03377	0.00527	0.00460	0.15002
2	0.01442	0.01113	0.01206	0.01068	0.01380	0.01255	0.00835	0.02785	0.66705	0.10731	0.03872	0.02028	0.01681	0.00729	0.00547	0.00180	0.00425	0.00608	0.00560	0.00849
3	0.00974	0.00500	0.00532	0.00537	0.00649	0.00503	0.00398	0.01186	0.01085	0.01881	0.01732	0.04900	0.01427	0.00881	0.03726	0.05385	0.00315	0.00539	0.72371	0.00480
4	0.01654	0.01545	0.01378	0.01191	0.01519	0.18338	0.00932	0.20666	0.42157	0.02322	0.01669	0.01602	0.01254	0.00669	0.00530	0.00167	0.00584	0.00520	0.00485	0.00816
5	0.02307	0.01076	0.01346	0.01032	0.01451	0.01030	0.00853	0.22787	0.01808	0.57604	0.01890	0.01679	0.01214	0.00659	0.00539	0.00165	0.00494	0.00524	0.00629	0.00913
6	0.00654	0.00467	0.00623	0.00747	0.00779	0.00436	0.00498	0.00747	0.01028	0.01370	0.02959	0.80785	0.03550	0.01682	0.00685	0.00218	0.00311	0.01526	0.00498	0.00436
7	0.00654	0.00467	0.00623	0.00747	0.00779	0.00436	0.00498	0.00747	0.01028	0.01370	0.02959	0.80785	0.03550	0.01682	0.00685	0.00218	0.00311	0.01526	0.00498	0.00436
8	0.01174	0.01174	0.01644	0.01409	0.01409	0.01644	0.01174	0.01292	0.00822	0.01292	0.00705	0.01174	0.00705	0.00940	0.01762	0.00235	0.80153	0.00470	0.00235	0.00587
9	0.01627	0.01192	0.01249	0.01063	0.01385	0.06413	0.00840	0.14571	0.37189	0.16261	0.10512	0.02012	0.01789	0.00733	0.00549	0.00171	0.00475	0.00598	0.00553	0.00817
10	0.00767	0.00575	0.00863	0.00863	0.00959	0.00671	0.00671	0.00959	0.00863	0.01246	0.01438	0.02109	0.01342	0.04026	0.79008	0.00863	0.01438	0.00575	0.00288	0.00479
11	0.03542	0.00589	0.00756	0.00696	0.00849	0.00548	0.00528	0.01142	0.01501	0.07406	0.69868	0.03760	0.04665	0.01049	0.00617	0.00169	0.00272	0.00919	0.00588	0.00537
12	0.01296	0.01458	0.02947	0.04537	0.11239	0.04403	0.62424	0.01718	0.01266	0.01697	0.01064	0.01415	0.00811	0.00462	0.00613	0.00177	0.00872	0.00600	0.00270	0.00731
13	0.01543	0.01745	0.01494	0.01442	0.07464	0.37628	0.01055	0.01701	0.01210	0.01401	0.00911	0.01202	0.00796	0.00816	0.03986	0.00199	0.26522	0.00419	0.07854	0.00612
14	0.13480	0.01545	0.03947	0.05204	0.40875	0.16988	0.03988	0.04662	0.01283	0.01806	0.00946	0.01191	0.00771	0.00505	0.00497	0.00158	0.00687	0.00428	0.00286	0.00753
15	0.01052	0.08624	0.05037	0.04338	0.03079	0.06213	0.00752	0.01220	0.01155	0.08810	0.06231	0.46356	0.02605	0.01217	0.00602	0.00189	0.00444	0.01071	0.00447	0.00559
16	0.01437	0.01083	0.01287	0.12336	0.01662	0.01185	0.00906	0.33032	0.08469	0.04539	0.13958	0.05152	0.04105	0.02494	0.03507	0.00201	0.00539	0.00640	0.00485	0.02983
17	0.03951	0.29191	0.15033	0.01062	0.01530	0.03622	0.01049	0.13959	0.01446	0.15064	0.05584	0.01469	0.03649	0.00603	0.00468	0.00148	0.00572	0.00450	0.00388	0.00759
18	0.01313	0.01368	0.06896	0.03186	0.73113	0.01274	0.01668	0.01651	0.01217	0.01750	0.01007	0.01316	0.00840	0.00480	0.00530	0.00160	0.00647	0.00473	0.00263	0.00847
19	0.02408	0.00914	0.01246	0.00955	0.01370	0.00789	0.00789	0.02616	0.01536	0.78158	0.02118	0.01827	0.01329	0.00664	0.00540	0.00166	0.00457	0.00540	0.00664	0.00914
20	0.01077	0.02777	0.78354	0.01530	0.02323	0.01247	0.01983	0.01700	0.01133	0.01700	0.00963	0.01133	0.00680	0.00510	0.00510	0.00170	0.00793	0.00397	0.00227	0.00793
21	0.02249	0.01009	0.01345	0.01036	0.01445	0.00935	0.03326	0.13037	0.03153	0.61328	0.01989	0.03866	0.01318	0.00683	0.00547	0.00168	0.00486	0.00563	0.00626	0.00893
22	0.00684	0.00491	0.00655	0.00776	0.00825	0.00463	0.00548	0.00800	0.01063	0.01406	0.03010	0.67975	0.05517	0.01644	0.00692	0.00221	0.00337	0.11950	0.00498	0.00445
23	0.00816	0.00582	0.00787	0.00893	0.00991	0.00574	0.00735	0.01009	0.01155	0.01504	0.02829	0.17135	0.05686	0.10041	0.00942	0.00270	0.00461	0.52648	0.00477	0.00466
24	0.03177	0.02185	0.51042	0.03369	0.11328	0.03618	0.01663	0.01716	0.01179	0.08495	0.01195	0.06525	0.00949	0.00600	0.00523	0.00171	0.00707	0.00492	0.00293	0.00772
25	0.01259	0.06619	0.21636	0.05569	0.51010	0.01318	0.01682	0.01648	0.01186	0.01695	0.00979	0.01254	0.00792	0.00487	0.00515	0.00160	0.00676	0.00446	0.00252	0.00816
26	0.00852	0.00609	0.00850	0.00974	0.01091	0.00607	0.00842	0.01090	0.01223	0.01592	0.02849	0.10690	0.03118	0.01495	0.00738	0.00245	0.00483	0.69668	0.00495	0.00491
27	0.05733	0.01243	0.01434	0.03580	0.05849	0.01332	0.00950	0.45420	0.01987	0.15061	0.01485	0.03841	0.01152	0.05672	0.00673	0.00189	0.00553	0.02514	0.00508	0.00824
28	0.03164	0.11354	0.43908	0.07357	0.05397	0.01312	0.03062	0.04280	0.03313	0.10312	0.01112	0.01240	0.00799	0.00531	0.00498	0.00164	0.00694	0.00421	0.00301	0.00782
29	0.01234	0.02236	0.00884	0.05616	0.01058	0.00737	0.02359	0.01476	0.01157	0.12817	0.01627	0.01833	0.01243	0.00646	0.00536	0.00145	0.07366	0.00501	0.55946	0.00582
30	0.75897	0.04265	0.00922	0.00757	0.01095	0.04320	0.00626	0.03835	0.00993	0.02350	0.00767	0.00888	0.00600	0.00503	0.00345	0.00163	0.00449	0.00298	0.00332	0.00597
31	0.00763	0.00527	0.00652	0.00666	0.00691	0.00545	0.00422	0.00817	0.00827	0.01124	0.01778	0.11947	0.01996	0.54878	0.19576	0.00563	0.00702	0.00819	0.00336	0.00372
32	0.00720	0.00527	0.00673	0.00752	0.00822	0.00502	0.00523	0.02555	0.03246	0.01545	0.12103	0.61275	0.08203	0.01537	0.00670	0.00208	0.00315	0.02844	0.00512	0.00469
33	0.01317	0.01254	0.01821	0.11118	0.38298	0.04114	0.04751	0.02030	0.25861	0.01853	0.01383	0.01552	0.01085	0.00568	0.00540	0.00169	0.00601	0.00522	0.00355	0.00807

[dist]
# distance from previous block
# <min> <max>
0	1

[block]
# block no. 3 follows, 45 sequences, length 52
# corresponding to MSA columns:
# 261-312
name=unknown_D
#
# <colnr> <probs for GDERKNQSTAVLIFYWHMCP>
#	G	D	E	R	K	N	Q	S	T	A	V	L	I	F	Y	W	H	M	C	P
0	0.01454	0.01192	0.01072	0.00935	0.01162	0.15696	0.00734	0.21359	0.01537	0.02141	0.01381	0.01591	0.01092	0.00946	0.07793	0.00210	0.03949	0.00472	0.34650	0.00635
1	0.01304	0.00867	0.01034	0.00781	0.01173	0.00704	0.00625	0.01537	0.01189	0.14533	0.02875	0.01442	0.01069	0.00504	0.00447	0.00106	0.01815	0.00402	0.14371	0.53222
2	0.00652	0.00474	0.00616	0.00730	0.00774	0.00438	0.00490	0.00749	0.01045	0.01377	0.03175	0.74175	0.10020	0.01654	0.00681	0.00215	0.00308	0.01492	0.00498	0.00438
3	0.01180	0.00974	0.01136	0.00816	0.01290	0.00754	0.00655	0.04287	0.01178	0.03640	0.00995	0.01137	0.00812	0.00414	0.00406	0.00085	0.00406	0.00330	0.00335	0.79170
4	0.00770	0.00562	0.00795	0.00795	0.00868	0.00634	0.00587	0.00915	0.00843	0.01196	0.01499	0.02450	0.01490	0.22776	0.60460	0.00779	0.01215	0.00625	0.00297	0.00442
5	0.02005	0.02558	0.01521	0.01383	0.01659	0.78980	0.01037	0.02143	0.01521	0.01314	0.00830	0.00968	0.00691	0.00553	0.00484	0.00138	0.00968	0.00346	0.00277	0.00622
6	0.01169	0.01167	0.01643	0.04121	0.01488	0.01629	0.01185	0.01295	0.00831	0.01295	0.00713	0.01183	0.00705	0.00926	0.01719	0.00233	0.77406	0.00470	0.00235	0.00588
7	0.00856	0.00615	0.00853	0.00972	0.01097	0.00612	0.00848	0.01099	0.01235	0.01600	0.02941	0.06021	0.05918	0.01478	0.00737	0.00245	0.00486	0.71399	0.00494	0.00493
8	0.00705	0.00513	0.00674	0.00776	0.00848	0.00482	0.00571	0.00845	0.01121	0.01473	0.07204	0.52285	0.11144	0.01573	0.00690	0.00218	0.00345	0.17579	0.00502	0.00454
9	0.01927	0.01506	0.01543	0.01221	0.01622	0.05871	0.00994	0.60325	0.14254	0.03089	0.01406	0.01384	0.01016	0.00653	0.00536	0.00163	0.00585	0.00495	0.00524	0.00887
10	0.00692	0.00497	0.00665	0.00786	0.00838	0.00470	0.00563	0.00815	0.01071	0.01416	0.03008	0.64991	0.05588	0.01636	0.00694	0.00222	0.00344	0.14761	0.00498	0.00447
11	0.00788	0.00596	0.00879	0.00870	0.00960	0.00702	0.00676	0.00974	0.00865	0.01260	0.01422	0.02102	0.01332	0.05574	0.72535	0.00814	0.04454	0.00574	0.02143	0.00480
12	0.00695	0.00555	0.00630	0.00646	0.00804	0.00489	0.00503	0.00870	0.01274	0.01602	0.18104	0.07241	0.50108	0.01341	0.00653	0.00191	0.00306	0.13007	0.00515	0.00469
13	0.02030	0.01458	0.03742	0.01206	0.01639	0.01539	0.01015	0.62656	0.05069	0.12021	0.01409	0.01373	0.00981	0.00646	0.00537	0.00163	0.00575	0.00492	0.00543	0.00907
14	0.03170	0.07627	0.03087	0.02946	0.07462	0.28720	0.09713	0.13443	0.12709	0.01898	0.03327	0.01342	0.01015	0.00582	0.00515	0.00156	0.00731	0.00465	0.00360	0.00733
15	0.76505	0.01041	0.00880	0.02735	0.04102	0.01191	0.00653	0.01615	0.00953	0.05235	0.00815	0.00940	0.00623	0.00505	0.00353	0.00166	0.00433	0.00312	0.00340	0.00605
16	0.01215	0.01844	0.26692	0.02163	0.12181	0.01312	0.43179	0.01704	0.01219	0.01718	0.01038	0.01334	0.00777	0.00474	0.00582	0.00175	0.00836	0.00539	0.00257	0.00762
17	0.00682	0.00480	0.00620	0.00714	0.00744	0.00455	0.00467	0.00765	0.01003	0.01343	0.05941	0.63231	0.03321	0.16301	0.01060	0.00272	0.00347	0.01365	0.00470	0.00419
18	0.02963	0.23038	0.50615	0.01355	0.02015	0.04000	0.03427	0.01721	0.03304	0.01605	0.00936	0.01085	0.00711	0.00503	0.00467	0.00155	0.00726	0.00376	0.00242	0.00756
19	0.01297	0.01319	0.05427	0.08282	0.69631	0.01269	0.01652	0.01631	0.01209	0.01726	0.01004	0.01327	0.00834	0.00484	0.00531	0.00161	0.00650	0.00475	0.00262	0.00831
20	0.00864	0.00572	0.00741	0.00689	0.00836	0.00521	0.00520	0.01103	0.01491	0.07371	0.66045	0.05812	0.09187	0.01098	0.00628	0.00171	0.00270	0.00964	0.00588	0.00530
21	0.01098	0.00965	0.02404	0.03694	0.03359	0.00755	0.00713	0.03004	0.01140	0.01741	0.01128	0.07668	0.01020	0.00517	0.00435	0.00100	0.00419	0.00432	0.00332	0.69077
22	0.09314	0.07174	0.31335	0.09553	0.14641	0.01206	0.02833	0.01639	0.01167	0.06416	0.05504	0.01384	0.01017	0.00545	0.00494	0.00162	0.00639	0.00447	0.01767	0.02762
23	0.00734	0.00543	0.00699	0.00769	0.00875	0.00508	0.00595	0.00912	0.01218	0.01599	0.16746	0.29295	0.18055	0.01453	0.00683	0.00211	0.00350	0.23769	0.00514	0.00470
24	0.00652	0.00538	0.00567	0.00572	0.00731	0.00459	0.00421	0.00791	0.01220	0.01493	0.11575	0.10731	0.62857	0.04118	0.00711	0.00195	0.00282	0.01136	0.00501	0.00452
25	0.04227	0.01557	0.15632	0.06948	0.37248	0.01286	0.21912	0.01658	0.01200	0.01737	0.01010	0.01317	0.00794	0.00481	0.00549	0.00168	0.00734	0.00500	0.00261	0.00782
26	0.03127	0.05026	0.62622	0.03845	0.08363	0.01246	0.01816	0.01654	0.01147	0.01716	0.03933	0.01254	0.00863	0.00529	0.00508	0.00167	0.00741	0.00422	0.00247	0.00773
27	0.00690	0.00494	0.00652	0.00766	0.00809	0.00468	0.00522	0.02317	0.01066	0.01420	0.02920	0.76480	0.03479	0.01653	0.00684	0.00218	0.00324	0.04091	0.00499	0.00448
28	0.01286	0.01232	0.02102	0.13577	0.67835	0.01264	0.01626	0.01610	0.01202	0.01702	0.01002	0.01342	0.00832	0.00486	0.00532	0.00162	0.00648	0.00478	0.00262	0.00816
29	0.01213	0.01102	0.01766	0.20508	0.42259	0.01166	0.01399	0.06242	0.02604	0.01765	0.04079	0.03094	0.03994	0.00650	0.00558	0.00173	0.00607	0.05765	0.00321	0.00737
30	0.01720	0.02001	0.01483	0.02891	0.07671	0.50855	0.01037	0.06667	0.03597	0.01496	0.00997	0.01243	0.00845	0.02488	0.09651	0.00238	0.03762	0.00414	0.00300	0.00642
31	0.01479	0.01181	0.01262	0.01101	0.01426	0.01343	0.00866	0.11421	0.63833	0.06682	0.02076	0.01909	0.01536	0.00715	0.00545	0.00179	0.00446	0.00589	0.00552	0.00861
32	0.01623	0.01263	0.01494	0.01333	0.08220	0.01365	0.03621	0.44555	0.11068	0.02739	0.06724	0.06583	0.05438	0.00763	0.00561	0.00169	0.00530	0.00632	0.00504	0.00813
33	0.01113	0.00954	0.01113	0.00795	0.01272	0.00716	0.00636	0.01352	0.01113	0.01749	0.00954	0.01113	0.00795	0.00398	0.00398	0.00080	0.00398	0.00318	0.00318	0.84417
34	0.01474	0.76053	0.02724	0.00950	0.01397	0.07389	0.00927	0.01644	0.01120	0.01266	0.00752	0.00868	0.00689	0.00466	0.00354	0.00116	0.00601	0.00291	0.00233	0.00684
35	0.00714	0.00674	0.05652	0.00699	0.00868	0.00521	0.00565	0.00917	0.01289	0.01715	0.31802	0.20044	0.30028	0.01272	0.00636	0.00183	0.00307	0.01105	0.00516	0.00492
36	0.00747	0.00544	0.00697	0.00666	0.00789	0.00500	0.00493	0.00977	0.01454	0.02034	0.66774	0.07387	0.10005	0.03716	0.00703	0.00183	0.00266	0.01000	0.00572	0.00494
37	0.01335	0.01153	0.01214	0.01092	0.01396	0.01335	0.00850	0.02852	0.76817	0.02245	0.02185	0.02003	0.01639	0.00728	0.00546	0.00182	0.00425	0.00607	0.00546	0.00850
38	0.00769	0.00568	0.00825	0.00825	0.00908	0.00651	0.00624	0.00934	0.00852	0.01218	0.01472	0.02299	0.01425	0.14483	0.68664	0.00816	0.01313	0.00603	0.00293	0.00458
39	0.02005	0.02558	0.01521	0.01383	0.01659	0.78980	0.01037	0.02143	0.01521	0.01314	0.00830	0.00968	0.00691	0.00553	0.00484	0.00138	0.00968	0.00346	0.00277	0.00622
40	0.00657	0.00482	0.00619	0.00727	0.00781	0.00443	0.00496	0.00761	0.01060	0.01388	0.03289	0.68497	0.13502	0.01633	0.00680	0.00214	0.00311	0.03522	0.00498	0.00440
41	0.00916	0.00684	0.07965	0.00778	0.00859	0.00537	0.00610	0.00812	0.00787	0.01079	0.01183	0.10501	0.01214	0.01687	0.01748	0.64980	0.00474	0.00580	0.02291	0.00315
42	0.00659	0.00471	0.00629	0.00754	0.00787	0.00441	0.00508	0.00757	0.01033	0.01376	0.02956	0.78871	0.03538	0.01677	0.00687	0.00219	0.00316	0.03386	0.00498	0.00437
43	0.01640	0.01280	0.01342	0.04523	0.01568	0.05984	0.00920	0.19072	0.43970	0.10945	0.01843	0.01737	0.01345	0.00684	0.00539	0.00173	0.00511	0.00550	0.00528	0.00846
44	0.01347	0.00726	0.00950	0.00832	0.01061	0.00692	0.00658	0.04406	0.03848	0.25901	0.28902	0.03048	0.06052	0.03624	0.11190	0.00276	0.00516	0.04768	0.00553	0.00649
45	0.00962	0.00504	0.00515	0.00515	0.00618	0.00504	0.00366	0.01169	0.01065	0.01833	0.01741	0.02266	0.01477	0.14711	0.00788	0.00194	0.00297	0.00549	0.69456	0.00470
46	0.02203	0.01078	0.01390	0.01139	0.04362	0.02897	0.03003	0.12414	0.06710	0.56045	0.01908	0.01716	0.01245	0.00650	0.00541	0.00166	0.00505	0.00532	0.00603	0.00894
47	0.01668	0.04020	0.07363	0.06592	0.13279	0.01464	0.01173	0.46205	0.01968	0.02658	0.01312	0.07426	0.01070	0.00677	0.00539	0.00166	0.00599	0.00550	0.00441	0.00830
48	0.07316	0.04171	0.02435	0.04183	0.21026	0.01256	0.39498	0.01586	0.01211	0.01743	0.03799	0.06955	0.01136	0.00572	0.00577	0.00174	0.00722	0.00627	0.00299	0.00713
49	0.07486	0.07524	0.01703	0.01482	0.03882	0.62609	0.01093	0.03941	0.01584	0.01640	0.01043	0.01260	0.00890	0.00678	0.00556	0.00178	0.00942	0.00415	0.00353	0.00742
50	0.01572	0.50731	0.02304	0.01094	0.04399	0.08499	0.00945	0.16709	0.01416	0.01731	0.00929	0.01084	0.00796	0.02823	0.00472	0.00140	0.00603	0.00360	0.02675	0.00719
51	0.00835	0.00587	0.00762	0.00738	0.02279	0.00535	0.00542	0.01069	0.01444	0.04975	0.59293	0.05804	0.10694	0.02552	0.00664	0.00177	0.00288	0.03305	0.00562	0.02895

[dist]
# distance from previous block
# <min> <max>
0	3

[block]
# block no. 4 follows, 45 sequences, length 11
# corresponding to MSA columns:
# 316-326
name=unknown_E
#
# <colnr> <probs for GDERKNQSTAVLIFYWHMCP>
#	G	D	E	R	K	N	Q	S	T	A	V	L	I	F	Y	W	H	M	C	P
0	0.01111	0.05198	0.47520	0.01575	0.13093	0.01133	0.01575	0.01581	0.01164	0.03492	0.01471	0.01714	0.07075	0.00615	0.00514	0.00166	0.00660	0.02756	0.06847	0.00741
1	0.23358	0.02922	0.01211	0.00967	0.01332	0.01231	0.00789	0.19032	0.17916	0.20273	0.01689	0.01606	0.04109	0.00654	0.00486	0.00168	0.00465	0.00495	0.00507	0.00790
2	0.02408	0.00914	0.01246	0.00955	0.01370	0.00789	0.00789	0.02616	0.01536	0.78158	0.02118	0.01827	0.01329	0.00664	0.00540	0.00166	0.00457	0.00540	0.00664	0.00914
3	0.04634	0.02643	0.72047	0.01565	0.05267	0.01246	0.01911	0.01693	0.01128	0.01732	0.00956	0.01130	0.00683	0.00508	0.00503	0.00169	0.00771	0.00395	0.00233	0.00787
4	0.01406	0.01382	0.06495	0.08256	0.52488	0.07225	0.01505	0.01720	0.01255	0.07669	0.01161	0.01556	0.00960	0.00552	0.00537	0.00164	0.00657	0.03908	0.00304	0.00799
5	0.00946	0.00622	0.00781	0.00721	0.00895	0.00582	0.00554	0.01242	0.05558	0.09921	0.49122	0.03835	0.15979	0.01198	0.03677	0.00200	0.00339	0.02704	0.00567	0.00558
6	0.00729	0.00519	0.00640	0.00673	0.00717	0.00518	0.00441	0.00802	0.00907	0.01207	0.02377	0.23802	0.10267	0.38110	0.15468	0.00465	0.00601	0.00978	0.00383	0.00395
7	0.00934	0.11047	0.01102	0.00881	0.00995	0.03891	0.00676	0.01067	0.01102	0.03353	0.10852	0.44800	0.02814	0.01289	0.00764	0.00198	0.10662	0.02620	0.00436	0.00516
8	0.01126	0.13552	0.44333	0.01638	0.12470	0.01293	0.05570	0.01575	0.01135	0.01609	0.01166	0.09965	0.01030	0.00625	0.00515	0.00167	0.00693	0.00530	0.00265	0.00743
9	0.00843	0.00559	0.00758	0.00848	0.00947	0.00533	0.00661	0.01013	0.01167	0.05884	0.06070	0.40814	0.05314	0.01510	0.00696	0.00224	0.00390	0.30769	0.00510	0.00490
10	0.05862	0.01270	0.04760	0.06398	0.58569	0.01231	0.01498	0.01754	0.04089	0.07775	0.01123	0.01366	0.00891	0.00507	0.00521	0.00162	0.00613	0.00475	0.00308	0.00827

[dist]
# distance from previous block
# <min> <max>
0	1

[block]
# block no. 5 follows, 45 sequences, length 21
# corresponding to MSA columns:
# 328-348
name=unknown_F
#
# <colnr> <probs for GDERKNQSTAVLIFYWHMCP>
#	G	D	E	R	K	N	Q	S	T	A	V	L	I	F	Y	W	H	M	C	P
0	0.01316	0.15198	0.10083	0.07200	0.45926	0.01428	0.06122	0.03514	0.01217	0.01680	0.00968	0.01241	0.00796	0.00484	0.00504	0.00155	0.00663	0.00447	0.00261	0.00795
1	0.01726	0.13002	0.10236	0.08336	0.01659	0.01121	0.01003	0.03695	0.07398	0.35717	0.01631	0.03374	0.01171	0.00887	0.06454	0.00215	0.00608	0.00510	0.00466	0.00789
2	0.01317	0.01306	0.02019	0.15862	0.57378	0.06617	0.01562	0.01622	0.01203	0.01643	0.00977	0.01315	0.00812	0.00510	0.00574	0.00164	0.03607	0.00469	0.00261	0.00783
3	0.00689	0.00529	0.00630	0.00640	0.00767	0.00471	0.00466	0.00862	0.01300	0.01713	0.33614	0.20838	0.32897	0.01324	0.00645	0.00184	0.00273	0.01152	0.00535	0.00471
4	0.01416	0.25394	0.10973	0.01073	0.01482	0.09422	0.04077	0.03453	0.05469	0.09203	0.09137	0.01575	0.01340	0.04177	0.00589	0.00159	0.01813	0.00468	0.00354	0.08426
5	0.06365	0.00960	0.01117	0.00824	0.01277	0.00777	0.00663	0.01609	0.03761	0.13443	0.01161	0.01238	0.00892	0.00456	0.00420	0.00101	0.00409	0.00360	0.00379	0.63785
6	0.01435	0.81458	0.02813	0.00918	0.01378	0.02124	0.00918	0.01607	0.01091	0.01263	0.00746	0.00861	0.00689	0.00459	0.00344	0.00115	0.00574	0.00287	0.00230	0.00689
7	0.00937	0.00468	0.00687	0.00687	0.00695	0.00468	0.00461	0.00733	0.00725	0.00997	0.00982	0.01654	0.00959	0.01790	0.01994	0.79308	0.00453	0.00468	0.05285	0.00249
8	0.00758	0.00566	0.00712	0.00743	0.00875	0.00526	0.00591	0.00964	0.01307	0.01726	0.29072	0.08162	0.23149	0.03752	0.00735	0.00210	0.00347	0.24802	0.00524	0.00480
9	0.01404	0.01187	0.01253	0.01106	0.01422	0.01367	0.00866	0.10032	0.69525	0.02357	0.02097	0.01933	0.01567	0.00720	0.00545	0.00180	0.00441	0.00595	0.00545	0.00856
10	0.00785	0.00548	0.00727	0.00727	0.00784	0.00599	0.00510	0.00899	0.00842	0.01200	0.01561	0.02693	0.01600	0.36258	0.42781	0.00680	0.00989	0.00658	0.04743	0.00416
11	0.01997	0.01482	0.01586	0.01226	0.01648	0.01644	0.01010	0.71470	0.07121	0.03313	0.01344	0.01333	0.00958	0.00650	0.00538	0.00162	0.00580	0.00491	0.00538	0.00909
12	0.01084	0.00783	0.00897	0.00851	0.01058	0.00806	0.00647	0.03021	0.26281	0.09098	0.09966	0.21046	0.17528	0.01126	0.00610	0.00189	0.00361	0.03470	0.00539	0.00639
13	0.00663	0.00474	0.00634	0.00758	0.00793	0.00444	0.00515	0.00764	0.01037	0.01381	0.02953	0.77456	0.03530	0.01673	0.00688	0.00219	0.00320	0.04762	0.00498	0.00439
14	0.07401	0.01075	0.01194	0.01026	0.01364	0.01167	0.00813	0.02696	0.49656	0.24378	0.02066	0.01874	0.01476	0.00694	0.00530	0.00176	0.00433	0.00566	0.00566	0.00850
15	0.01980	0.02173	0.01531	0.01324	0.01647	0.52090	0.01022	0.23938	0.05805	0.01973	0.01037	0.01117	0.00807	0.00589	0.00503	0.00147	0.00828	0.00400	0.00368	0.00720
16	0.00657	0.00510	0.00601	0.00669	0.00773	0.00454	0.00478	0.00778	0.01128	0.01420	0.04071	0.42406	0.36940	0.01525	0.00665	0.00203	0.00304	0.05471	0.00498	0.00447
17	0.00767	0.00575	0.00863	0.00863	0.00959	0.00671	0.00671	0.00959	0.00863	0.01246	0.01438	0.02109	0.01342	0.04026	0.79008	0.00863	0.01438	0.00575	0.00288	0.00479
18	0.00865	0.00620	0.00673	0.00649	0.00847	0.00556	0.00501	0.02851	0.04315	0.07547	0.04534	0.07630	0.55964	0.01252	0.00619	0.00183	0.00315	0.05559	0.04002	0.00520
19	0.01447	0.01520	0.02001	0.08390	0.56585	0.17483	0.01509	0.01731	0.01274	0.01634	0.00968	0.01261	0.00807	0.00498	0.00522	0.00156	0.00712	0.00451	0.00266	0.00784
20	0.07523	0.01379	0.01537	0.01426	0.10194	0.14238	0.05612	0.12211	0.09231	0.23949	0.01479	0.01568	0.01083	0.00635	0.00572	0.00167	0.03544	0.02400	0.00457	0.00794

[dist]
# distance from previous block
# <min> <max>
0	5

[block]
# block no. 6 follows, 45 sequences, length 15
# corresponding to MSA columns:
# 354-368
name=unknown_G
#
# <colnr> <probs for GDERKNQSTAVLIFYWHMCP>
#	G	D	E	R	K	N	Q	S	T	A	V	L	I	F	Y	W	H	M	C	P
0	0.32290	0.07341	0.05830	0.01165	0.06942	0.01315	0.03290	0.18885	0.01434	0.12974	0.01161	0.03189	0.00878	0.00580	0.00453	0.00163	0.00524	0.00431	0.00409	0.00745
1	0.01007	0.00900	0.03553	0.09866	0.01463	0.05597	0.06847	0.06347	0.01230	0.01651	0.02114	0.33055	0.02243	0.01124	0.00608	0.00193	0.00498	0.10980	0.10174	0.00549
2	0.01066	0.00828	0.01161	0.01042	0.02782	0.00881	0.05923	0.03333	0.04376	0.07682	0.13387	0.19355	0.07212	0.07740	0.01005	0.00218	0.15523	0.00857	0.00434	0.05194
3	0.01205	0.19577	0.37451	0.01232	0.01759	0.10107	0.01373	0.01599	0.01223	0.01608	0.10393	0.01796	0.01409	0.00653	0.00504	0.00160	0.00675	0.06284	0.00299	0.00692
4	0.01283	0.06083	0.07150	0.11713	0.59918	0.01314	0.01609	0.01617	0.01192	0.01678	0.00985	0.01300	0.00814	0.00486	0.00520	0.00160	0.00653	0.00461	0.00258	0.00808
5	0.14121	0.00931	0.01181	0.00920	0.01323	0.00848	0.00759	0.02469	0.01448	0.67407	0.01923	0.01691	0.01223	0.00641	0.00510	0.00166	0.00451	0.00504	0.00617	0.00866
6	0.06514	0.01217	0.05053	0.23092	0.22728	0.03144	0.01278	0.09370	0.04869	0.13532	0.03212	0.01484	0.01011	0.00572	0.00524	0.00168	0.00608	0.00488	0.00371	0.00764
7	0.01563	0.08936	0.10342	0.01446	0.12289	0.03592	0.01119	0.30224	0.04400	0.05870	0.03305	0.08943	0.01267	0.02213	0.00593	0.00171	0.01944	0.00574	0.00422	0.00787
