[name]
unknown

[dist]
# distance from previous block
# <min> <max>
0	67

[block]
# block no. 0 follows, 44 sequences, length 9
# corresponding to MSA columns:
# 97-105
name=unknown_A
#
# <colnr> <probs for GDERKNQSTAVLIFYWHMCP>
#	G	D	E	R	K	N	Q	S	T	A	V	L	I	F	Y	W	H	M	C	P
0	0.01255	0.09522	0.20338	0.07067	0.08725	0.03608	0.18369	0.03215	0.05278	0.03701	0.03210	0.01975	0.01221	0.00653	0.00568	0.00178	0.00712	0.09352	0.00324	0.00730
1	0.06078	0.01461	0.01488	0.01194	0.01588	0.05506	0.00969	0.49707	0.18876	0.05278	0.01486	0.01449	0.01076	0.00662	0.00534	0.00168	0.00569	0.00504	0.00527	0.00881
2	0.00932	0.00568	0.00728	0.00752	0.00849	0.00520	0.00512	0.01029	0.01058	0.10574	0.02518	0.50374	0.02837	0.18260	0.01102	0.00272	0.00384	0.01202	0.00479	0.05051
3	0.00869	0.00762	0.00992	0.00876	0.01101	0.03073	0.09572	0.01117	0.04157	0.03633	0.10465	0.08390	0.45528	0.01204	0.00644	0.00188	0.00403	0.06009	0.00485	0.00533
4	0.04234	0.12728	0.05706	0.03197	0.01582	0.09991	0.04905	0.07609	0.07110	0.06334	0.02654	0.01333	0.00974	0.00688	0.02582	0.00171	0.10671	0.00438	0.01800	0.15292
5	0.15886	0.01232	0.01802	0.13812	0.33793	0.03089	0.07065	0.04747	0.05074	0.01920	0.01042	0.01305	0.00829	0.00513	0.00505	0.00164	0.00621	0.00458	0.00307	0.05834
6	0.01108	0.00751	0.00858	0.00803	0.01012	0.00731	0.00607	0.10244	0.08607	0.10928	0.03530	0.26825	0.29358	0.01246	0.00628	0.00191	0.00365	0.01068	0.00536	0.00606
7	0.01155	0.00980	0.01356	0.01179	0.01367	0.02969	0.08451	0.09954	0.05221	0.01774	0.03801	0.02389	0.01507	0.01712	0.20872	0.00373	0.16030	0.11138	0.07159	0.00612
8	0.07955	0.05992	0.01038	0.00853	0.01069	0.07752	0.00657	0.11782	0.04775	0.05286	0.05791	0.19791	0.01900	0.04226	0.00609	0.00181	0.00444	0.00743	0.18548	0.00609

[dist]
# distance from previous block
# <min> <max>
7	13

[block]
# block no. 1 follows, 44 sequences, length 15
# corresponding to MSA columns:
# 120-134
name=unknown_B
#
# <colnr> <probs for GDERKNQSTAVLIFYWHMCP>
#	G	D	E	R	K	N	Q	S	T	A	V	L	I	F	Y	W	H	M	C	P
0	0.01542	0.01193	0.01353	0.05640	0.01572	0.01191	0.00861	0.36461	0.01791	0.02506	0.01233	0.03619	0.00996	0.03619	0.00577	0.00148	0.00515	0.00469	0.02079	0.32637
1	0.05081	0.06023	0.07448	0.01189	0.01638	0.03223	0.01042	0.45624	0.06377	0.14804	0.01407	0.01377	0.00988	0.00634	0.00524	0.00163	0.00585	0.00479	0.00511	0.00882
2	0.01042	0.00756	0.00920	0.05300	0.01147	0.00791	0.00662	0.11599	0.09495	0.04228	0.10073	0.35464	0.02724	0.12100	0.00925	0.00242	0.00419	0.01046	0.00493	0.00573
3	0.01184	0.01136	0.05563	0.43657	0.13173	0.01210	0.01386	0.10396	0.04008	0.01755	0.01292	0.06347	0.01108	0.00679	0.00564	0.00183	0.00657	0.04695	0.00323	0.00684
4	0.01296	0.01017	0.01104	0.00990	0.01274	0.01123	0.00770	0.02440	0.54268	0.07921	0.10387	0.02604	0.10745	0.00848	0.00574	0.00182	0.00398	0.00711	0.00563	0.00785
5	0.01642	0.13639	0.07458	0.01304	0.01684	0.30328	0.07090	0.08217	0.15599	0.01778	0.01208	0.01299	0.00947	0.00581	0.00496	0.00152	0.00732	0.00440	0.04682	0.00725
6	0.01093	0.02820	0.78016	0.01554	0.02360	0.01266	0.02014	0.01727	0.01151	0.01727	0.00978	0.01151	0.00691	0.00518	0.00518	0.00173	0.00806	0.00403	0.00230	0.00806
7	0.04222	0.03396	0.01095	0.01029	0.04375	0.00917	0.00759	0.05032	0.01191	0.06149	0.13936	0.22632	0.03525	0.07608	0.02546	0.00241	0.15458	0.04887	0.00438	0.00565
8	0.03739	0.25256	0.38074	0.01559	0.11634	0.01561	0.01540	0.06032	0.01220	0.01718	0.00928	0.01098	0.00727	0.00516	0.00494	0.00156	0.02327	0.00385	0.00258	0.00779
9	0.00676	0.00483	0.00643	0.00751	0.00793	0.00451	0.00507	0.00788	0.01098	0.01478	0.11070	0.72173	0.03773	0.01643	0.00690	0.00216	0.00310	0.01489	0.00516	0.00451
10	0.00779	0.00562	0.00739	0.00708	0.00837	0.00522	0.00540	0.01036	0.01523	0.02147	0.71952	0.04218	0.05004	0.01142	0.00651	0.00177	0.00274	0.06082	0.00593	0.00514
11	0.01211	0.01238	0.02066	0.40593	0.18529	0.05664	0.16273	0.01562	0.01175	0.01537	0.00989	0.01397	0.00773	0.00535	0.00615	0.00178	0.04213	0.00509	0.00257	0.00686
12	0.48546	0.01139	0.01011	0.00867	0.01180	0.05450	0.00706	0.10979	0.01243	0.09458	0.01065	0.01171	0.00800	0.00583	0.00482	0.00166	0.05139	0.00379	0.08976	0.00658
13	0.00732	0.00545	0.00682	0.00670	0.00796	0.00494	0.00494	0.00944	0.01417	0.01940	0.53194	0.14788	0.18798	0.01247	0.00651	0.00181	0.00269	0.01095	0.00569	0.00494
14	0.00696	0.00490	0.00630	0.00722	0.00752	0.00464	0.00471	0.00781	0.01020	0.01367	0.06813	0.60629	0.03360	0.17788	0.01116	0.00281	0.00356	0.01365	0.00475	0.00424

[dist]
# distance from previous block
# <min> <max>
0	3

[block]
# block no. 2 follows, 44 sequences, length 19
# corresponding to MSA columns:
# 138-156
name=unknown_C
#
# <colnr> <probs for GDERKNQSTAVLIFYWHMCP>
#	G	D	E	R	K	N	Q	S	T	A	V	L	I	F	Y	W	H	M	C	P
0	0.01287	0.01471	0.03217	0.02298	0.02849	0.01379	0.75460	0.01746	0.01287	0.01746	0.01103	0.01471	0.00827	0.00460	0.00643	0.00184	0.00919	0.00643	0.00276	0.00735
1	0.84691	0.01054	0.00801	0.00717	0.01054	0.01223	0.00590	0.01603	0.00928	0.02446	0.00759	0.00886	0.00590	0.00506	0.00337	0.00169	0.00422	0.00295	0.00337	0.00590
2	0.00816	0.00603	0.00685	0.00698	0.00718	0.02782	0.00439	0.00856	0.00870	0.01153	0.01888	0.18107	0.02171	0.55236	0.07596	0.00473	0.03271	0.00900	0.00357	0.00381
3	0.01849	0.09759	0.07147	0.01151	0.01585	0.01541	0.01017	0.51200	0.02113	0.06783	0.01319	0.01355	0.00956	0.00624	0.00506	0.00156	0.00571	0.00469	0.09048	0.00852
4	0.12835	0.01396	0.01448	0.01156	0.01554	0.01564	0.00944	0.51840	0.16588	0.03083	0.01412	0.01393	0.01025	0.00651	0.00520	0.00168	0.00544	0.00489	0.00520	0.00870
5	0.01525	0.02924	0.01296	0.01011	0.01363	0.01179	0.00813	0.32420	0.07104	0.05217	0.03445	0.10675	0.01408	0.00743	0.00551	0.00152	0.02475	0.00597	0.06034	0.19066
6	0.00730	0.00528	0.00697	0.00778	0.00810	0.00529	0.00533	0.00816	0.01016	0.01367	0.05229	0.57947	0.03194	0.12298	0.01075	0.02731	0.04459	0.04366	0.00464	0.00435
7	0.00741	0.00516	0.00601	0.00636	0.00665	0.00497	0.00389	0.00782	0.00912	0.01196	0.02492	0.25249	0.10630	0.50068	0.01962	0.00405	0.00442	0.01043	0.00399	0.00376
8	0.01003	0.00779	0.00968	0.00900	0.01057	0.03158	0.00691	0.10929	0.01157	0.01601	0.04130	0.05924	0.01554	0.10266	0.48324	0.00629	0.01093	0.00631	0.00352	0.04853
9	0.00947	0.00473	0.00710	0.00710	0.00710	0.00473	0.00473	0.00710	0.00710	0.00947	0.00947	0.01657	0.00947	0.01894	0.02131	0.84138	0.00473	0.00473	0.00237	0.00237
10	0.01405	0.68710	0.11049	0.01025	0.01506	0.02036	0.01064	0.01627	0.01099	0.01333	0.00780	0.00920	0.00699	0.00496	0.00438	0.00129	0.04432	0.00313	0.00233	0.00706
11	0.01261	0.06439	0.25731	0.03443	0.18368	0.03321	0.14540	0.05395	0.01267	0.01782	0.03173	0.01444	0.02506	0.00570	0.00609	0.00170	0.05198	0.00501	0.03525	0.00759
12	0.08254	0.05954	0.03362	0.04748	0.12065	0.17074	0.00986	0.09227	0.08356	0.04708	0.08688	0.06155	0.06705	0.00741	0.00530	0.00165	0.00590	0.00595	0.00403	0.00697
13	0.26582	0.04635	0.07559	0.07727	0.06427	0.05063	0.03449	0.01616	0.01221	0.10795	0.13034	0.01903	0.06538	0.00680	0.00494	0.00168	0.00517	0.00539	0.00397	0.00658
14	0.06814	0.01294	0.02073	0.08313	0.10392	0.06831	0.28743	0.01585	0.01197	0.01713	0.02446	0.04237	0.00981	0.00570	0.00636	0.00166	0.06426	0.00547	0.02670	0.12367
15	0.11960	0.01104	0.01451	0.19815	0.05225	0.01239	0.05979	0.15350	0.12014	0.05380	0.01395	0.01701	0.01083	0.00644	0.00549	0.00175	0.02412	0.03658	0.08147	0.00719
16	0.06378	0.00574	0.00662	0.00656	0.00697	0.00604	0.00414	0.00881	0.00818	0.01189	0.01605	0.03120	0.01772	0.60985	0.16957	0.00570	0.00698	0.00720	0.00324	0.00377
17	0.01022	0.00774	0.01137	0.23434	0.01789	0.00865	0.05252	0.05063	0.01152	0.01699	0.01580	0.12093	0.01432	0.03782	0.07357	0.00242	0.02989	0.00660	0.27119	0.00557
18	0.01308	0.01061	0.11841	0.06182	0.01470	0.00784	0.03570	0.01594	0.01356	0.21840	0.21865	0.02698	0.10629	0.04334	0.00670	0.00182	0.00469	0.00703	0.00489	0.06954

[dist]
# distance from previous block
# <min> <max>
0	1

[block]
# block no. 3 follows, 44 sequences, length 39
# corresponding to MSA columns:
# 158-196
name=unknown_D
#
# <colnr> <probs for GDERKNQSTAVLIFYWHMCP>
#	G	D	E	R	K	N	Q	S	T	A	V	L	I	F	Y	W	H	M	C	P
0	0.01357	0.01359	0.04847	0.14067	0.56426	0.05223	0.01590	0.01714	0.03024	0.03642	0.01063	0.01367	0.00860	0.00510	0.00538	0.00165	0.00672	0.00480	0.00282	0.00814
1	0.01824	0.07053	0.01630	0.04822	0.03615	0.14997	0.03733	0.28498	0.08405	0.11619	0.03909	0.01473	0.01125	0.00629	0.00524	0.00158	0.00630	0.00490	0.02468	0.02400
2	0.73358	0.01165	0.05634	0.00807	0.01162	0.01230	0.00710	0.01633	0.00959	0.04833	0.00817	0.00947	0.00627	0.00531	0.00416	0.00172	0.03730	0.00318	0.00338	0.00615
3	0.00693	0.00573	0.00613	0.00619	0.00788	0.00504	0.00464	0.00898	0.04222	0.01570	0.11806	0.11415	0.58915	0.01362	0.00648	0.00188	0.00291	0.03434	0.00517	0.00481
4	0.00851	0.00686	0.01020	0.09037	0.01282	0.00833	0.00796	0.01040	0.00887	0.01268	0.01348	0.02077	0.01274	0.09297	0.56346	0.00708	0.09890	0.00578	0.00284	0.00499
5	0.00837	0.00567	0.00745	0.00705	0.00838	0.00521	0.00526	0.01079	0.01503	0.05483	0.67688	0.10291	0.04848	0.01144	0.00643	0.00175	0.00271	0.01013	0.00596	0.00527
6	0.01808	0.01443	0.01418	0.01167	0.01529	0.10961	0.00936	0.37564	0.17935	0.07657	0.01593	0.03609	0.01227	0.00706	0.00542	0.00166	0.00576	0.02708	0.02935	0.03519
7	0.01193	0.01193	0.01670	0.01431	0.01431	0.01670	0.01193	0.01312	0.00835	0.01312	0.00716	0.01193	0.00716	0.00954	0.01789	0.00239	0.79843	0.00477	0.00239	0.00596
8	0.00663	0.00477	0.00630	0.00751	0.00789	0.00443	0.00503	0.00760	0.01051	0.01395	0.03098	0.77691	0.06339	0.01696	0.00694	0.00220	0.00315	0.01535	0.00506	0.00443
9	0.02072	0.01527	0.01636	0.01254	0.01691	0.01691	0.01036	0.75622	0.02563	0.03436	0.01309	0.01309	0.00927	0.00654	0.00545	0.00164	0.00600	0.00491	0.00545	0.00927
10	0.01080	0.01084	0.01947	0.12255	0.04564	0.01195	0.26207	0.01352	0.01082	0.01493	0.01462	0.12962	0.04066	0.03255	0.04804	0.00245	0.19300	0.00728	0.00306	0.00613
11	0.01569	0.01263	0.01416	0.01350	0.08732	0.02730	0.00978	0.21290	0.42949	0.05460	0.01876	0.03633	0.01442	0.00725	0.00557	0.00178	0.00505	0.01963	0.00523	0.00862
12	0.07898	0.01494	0.01577	0.01216	0.01646	0.01658	0.01005	0.70402	0.02448	0.03366	0.01270	0.01279	0.00903	0.00644	0.00531	0.00164	0.00587	0.00477	0.00531	0.00903
13	0.00667	0.00477	0.00635	0.00757	0.00791	0.00445	0.00506	0.00766	0.01057	0.01412	0.04934	0.78496	0.03646	0.01693	0.00694	0.00220	0.00315	0.01535	0.00509	0.00445
14	0.08600	0.03680	0.01491	0.12939	0.03720	0.07563	0.03147	0.05738	0.01106	0.04024	0.01083	0.04828	0.00984	0.04065	0.09220	0.00279	0.26087	0.00523	0.00305	0.00616
15	0.07146	0.03892	0.01315	0.02728	0.01401	0.07267	0.00854	0.23663	0.04589	0.16502	0.14500	0.01995	0.01773	0.00750	0.00594	0.00168	0.04076	0.02430	0.03606	0.00753
16	0.00686	0.00533	0.00624	0.00645	0.00773	0.00471	0.00467	0.00846	0.01275	0.01654	0.25214	0.24955	0.37120	0.01392	0.00658	0.00190	0.00281	0.01210	0.00533	0.00471
17	0.00674	0.00481	0.00636	0.00750	0.00785	0.00450	0.00501	0.00775	0.01062	0.01423	0.06951	0.73774	0.03634	0.04350	0.00763	0.00229	0.00320	0.01494	0.00505	0.00443
18	0.03888	0.07944	0.01674	0.01414	0.06993	0.34041	0.01057	0.20355	0.04456	0.07047	0.01094	0.01188	0.00846	0.00607	0.00572	0.00156	0.05119	0.00419	0.00378	0.00752
19	0.07727	0.01286	0.02420	0.03772	0.04486	0.01211	0.46284	0.01610	0.01207	0.01780	0.01149	0.01444	0.02819	0.00493	0.00598	0.00162	0.02980	0.00551	0.00294	0.17727
20	0.00784	0.00525	0.00597	0.00606	0.00609	0.00522	0.00343	0.00790	0.00811	0.01081	0.01810	0.09086	0.02099	0.75163	0.02626	0.00507	0.00513	0.00847	0.00343	0.00338
21	0.00799	0.00614	0.00739	0.00791	0.00916	0.00597	0.00592	0.02818	0.08374	0.01623	0.07142	0.37082	0.21031	0.01450	0.00673	0.00210	0.00352	0.13170	0.00516	0.00512
22	0.00919	0.00698	0.00927	0.00886	0.00965	0.02547	0.00667	0.01058	0.00892	0.04048	0.01450	0.02341	0.01424	0.21973	0.47155	0.00678	0.09966	0.00616	0.00309	0.00481
23	0.04942	0.01009	0.01266	0.00984	0.01392	0.00944	0.00807	0.11503	0.05841	0.56270	0.01941	0.01739	0.01267	0.00657	0.00530	0.00164	0.00469	0.00525	0.03043	0.04710
24	0.10541	0.00971	0.01238	0.00959	0.01374	0.00888	0.00792	0.06261	0.01549	0.66601	0.01971	0.01732	0.01253	0.00657	0.00527	0.00168	0.00467	0.00520	0.00635	0.00894
25	0.01356	0.01171	0.01233	0.01109	0.01418	0.01356	0.00863	0.02897	0.76455	0.02281	0.02219	0.02034	0.01664	0.00740	0.00555	0.00185	0.00431	0.00616	0.00555	0.00863
26	0.01050	0.00541	0.00544	0.00532	0.00669	0.00546	0.00402	0.03663	0.01189	0.02078	0.01763	0.02009	0.01382	0.00636	0.00386	0.00128	0.00265	0.00508	0.81185	0.00522
27	0.00664	0.00474	0.00633	0.00759	0.00791	0.00443	0.00506	0.00759	0.01044	0.01392	0.03005	0.80485	0.03606	0.01708	0.00696	0.00221	0.00316	0.01550	0.00506	0.00443
28	0.01266	0.01417	0.08390	0.12571	0.39369	0.01318	0.21352	0.01648	0.01212	0.01701	0.01024	0.01373	0.00817	0.00506	0.00613	0.00174	0.03683	0.00521	0.00264	0.00782
29	0.00847	0.00793	0.05008	0.07535	0.03556	0.00728	0.06383	0.02513	0.01107	0.01492	0.02378	0.51158	0.02706	0.02938	0.00749	0.00218	0.03487	0.05444	0.00433	0.00526
30	0.00782	0.00572	0.00735	0.00692	0.00826	0.00533	0.00520	0.01066	0.03318	0.02166	0.73112	0.04061	0.07330	0.01114	0.00641	0.00172	0.00262	0.00982	0.00596	0.00521
31	0.01190	0.06117	0.61711	0.01600	0.02342	0.01303	0.11562	0.01762	0.01183	0.04759	0.01032	0.01209	0.00735	0.00514	0.00528	0.00171	0.00797	0.00435	0.00254	0.00797
32	0.00921	0.00688	0.00779	0.00759	0.00929	0.00663	0.00562	0.11957	0.02840	0.03388	0.07151	0.32467	0.32122	0.01355	0.00645	0.00194	0.00345	0.01171	0.00521	0.00543
33	0.01033	0.00741	0.00861	0.06152	0.01087	0.02908	0.00599	0.04301	0.06790	0.07372	0.09905	0.10116	0.11732	0.28567	0.05192	0.00335	0.00513	0.00837	0.00439	0.00521
34	0.00767	0.00578	0.00731	0.02589	0.00892	0.00544	0.00535	0.01034	0.03963	0.01975	0.53805	0.12883	0.15276	0.01195	0.00644	0.00180	0.00284	0.01050	0.00565	0.00512
35	0.10917	0.08497	0.04393	0.04011	0.17605	0.13186	0.07956	0.09077	0.06959	0.08428	0.01179	0.01315	0.00901	0.00554	0.00500	0.00160	0.00654	0.00455	0.02488	0.00764
36	0.04906	0.01363	0.09482	0.17359	0.47209	0.01256	0.04020	0.01665	0.01205	0.04873	0.01048	0.01354	0.00828	0.00508	0.00534	0.00168	0.00670	0.00477	0.00281	0.00796
37	0.00733	0.00552	0.00678	0.00655	0.00793	0.00496	0.00488	0.00950	0.01438	0.01958	0.54545	0.08383	0.23903	0.01215	0.00646	0.00177	0.00265	0.01059	0.00571	0.00496
38	0.03523	0.04075	0.40748	0.12644	0.07454	0.09562	0.03497	0.03635	0.01238	0.05666	0.01023	0.01225	0.00751	0.00541	0.00541	0.00169	0.02248	0.00426	0.00275	0.00758

[dist]
# distance from previous block
# <min> <max>
1	12

[block]
# block no. 4 follows, 44 sequences, length 33
# corresponding to MSA columns:
# 209-235,246-251
name=unknown_E
#
# <colnr> <probs for GDERKNQSTAVLIFYWHMCP>
#	G	D	E	R	K	N	Q	S	T	A	V	L	I	F	Y	W	H	M	C	P
0	0.01378	0.01231	0.01671	0.13342	0.09794	0.03543	0.06664	0.18746	0.06651	0.02017	0.03455	0.04583	0.03623	0.00737	0.00810	0.00184	0.16682	0.00572	0.00372	0.03946
1	0.11123	0.01200	0.02855	0.12325	0.01735	0.03402	0.00917	0.19749	0.06840	0.03489	0.01160	0.01369	0.00913	0.03930	0.00599	0.00161	0.02254	0.00435	0.00386	0.25161
2	0.01195	0.00912	0.01065	0.00865	0.01219	0.00804	0.00684	0.06919	0.08373	0.06378	0.03907	0.07761	0.05975	0.03587	0.00591	0.00150	0.00419	0.06422	0.00428	0.42345
3	0.01130	0.00969	0.01130	0.00807	0.01292	0.00727	0.00646	0.01373	0.01130	0.01776	0.00969	0.01130	0.00807	0.00404	0.00404	0.00081	0.00404	0.00323	0.00323	0.84173
4	0.01356	0.01171	0.01233	0.01109	0.01418	0.01356	0.00863	0.02897	0.76455	0.02281	0.02219	0.02034	0.01664	0.00740	0.00555	0.00185	0.00431	0.00616	0.00555	0.00863
5	0.00664	0.00474	0.00633	0.00759	0.00791	0.00443	0.00506	0.00759	0.01044	0.01392	0.03005	0.80485	0.03606	0.01708	0.00696	0.00221	0.00316	0.01550	0.00506	0.00443
6	0.01287	0.06081	0.09207	0.33838	0.12618	0.08147	0.01394	0.09294	0.01329	0.01704	0.01188	0.01805	0.01008	0.00642	0.00547	0.00176	0.00702	0.08037	0.00306	0.00690
7	0.02446	0.00928	0.01265	0.00970	0.01392	0.00801	0.00801	0.02657	0.01560	0.77817	0.02151	0.01856	0.01350	0.00675	0.00548	0.00169	0.00464	0.00548	0.00675	0.00928
8	0.00793	0.00529	0.00595	0.00595	0.00595	0.00529	0.00330	0.00793	0.00793	0.01057	0.01718	0.03568	0.01982	0.80840	0.02775	0.00529	0.00529	0.00793	0.00330	0.00330
9	0.07243	0.00992	0.01178	0.00948	0.01297	0.00987	0.00767	0.16111	0.08030	0.37466	0.09735	0.01984	0.01661	0.02281	0.00576	0.00173	0.00448	0.00575	0.06731	0.00815
10	0.01787	0.04564	0.01412	0.01136	0.01460	0.24229	0.00902	0.31721	0.07560	0.02384	0.01308	0.01387	0.00996	0.00623	0.00492	0.00150	0.00635	0.00455	0.16051	0.00748
11	0.02095	0.01410	0.01549	0.01191	0.01616	0.01527	0.00983	0.62827	0.02376	0.14197	0.01445	0.01410	0.01002	0.00657	0.00541	0.00163	0.00570	0.00500	0.03027	0.00915
12	0.00936	0.00597	0.00763	0.00699	0.00867	0.00538	0.00532	0.01172	0.01505	0.10301	0.59352	0.03990	0.14450	0.01103	0.00633	0.00173	0.00282	0.00961	0.00596	0.00552
13	0.01857	0.10320	0.01671	0.01174	0.01563	0.01590	0.00984	0.48448	0.08006	0.08202	0.01387	0.01475	0.01039	0.00815	0.03853	0.00195	0.04246	0.01826	0.00495	0.00855
14	0.01967	0.01206	0.03104	0.01161	0.01564	0.01196	0.04681	0.29192	0.08662	0.30826	0.03791	0.02002	0.01410	0.00730	0.00569	0.00175	0.00538	0.05785	0.00573	0.00868
15	0.00973	0.00545	0.00831	0.06451	0.04154	0.00562	0.00595	0.00823	0.00778	0.01059	0.00987	0.01645	0.00946	0.01686	0.01877	0.71097	0.00490	0.00476	0.03724	0.00301
16	0.00680	0.00497	0.00660	0.00769	0.00806	0.00477	0.00522	0.00782	0.01058	0.01415	0.05142	0.74365	0.05427	0.01663	0.00721	0.00219	0.02350	0.01496	0.00502	0.00449
17	0.01267	0.01458	0.13151	0.06290	0.41870	0.01265	0.06506	0.01829	0.12753	0.01820	0.01308	0.01706	0.01079	0.00587	0.00558	0.00174	0.00652	0.04593	0.00320	0.00813
18	0.01035	0.00906	0.01494	0.61221	0.07335	0.01092	0.01344	0.01341	0.01080	0.01435	0.01092	0.01659	0.00878	0.00679	0.00657	0.06362	0.00662	0.02909	0.06234	0.00582
19	0.00678	0.00480	0.00634	0.00746	0.00782	0.00449	0.00498	0.00767	0.01045	0.01393	0.04955	0.72430	0.05124	0.04306	0.00795	0.02184	0.00325	0.01476	0.00497	0.00437
20	0.01035	0.00976	0.01636	0.76997	0.03679	0.01226	0.01504	0.01390	0.01082	0.01390	0.00961	0.01445	0.00726	0.00558	0.00585	0.00184	0.03293	0.00484	0.00242	0.00605
21	0.07774	0.36812	0.12607	0.01390	0.09657	0.16593	0.03033	0.03650	0.01240	0.01560	0.00856	0.01010	0.00717	0.00502	0.00432	0.00140	0.00694	0.00353	0.00263	0.00717
22	0.07126	0.00662	0.00738	0.00676	0.00902	0.00586	0.00517	0.01164	0.01277	0.11683	0.14235	0.11146	0.39043	0.01147	0.00597	0.00175	0.00322	0.00964	0.00516	0.06526
23	0.02428	0.00957	0.01283	0.00984	0.01406	0.00844	0.00813	0.06166	0.01609	0.74240	0.02110	0.01829	0.01329	0.00674	0.00548	0.00168	0.00470	0.00545	0.00669	0.00928
24	0.00664	0.00474	0.00633	0.00759	0.00791	0.00443	0.00506	0.00759	0.01044	0.01392	0.03005	0.80485	0.03606	0.01708	0.00696	0.00221	0.00316	0.01550	0.00506	0.00443
25	0.01379	0.01545	0.09544	0.02954	0.61959	0.07464	0.01635	0.01752	0.03332	0.01754	0.01039	0.01320	0.00856	0.00502	0.00534	0.00162	0.00684	0.00471	0.00275	0.00839
26	0.01098	0.02616	0.69341	0.01646	0.07665	0.01237	0.01927	0.01693	0.01174	0.01750	0.04187	0.01288	0.00890	0.00541	0.00525	0.00172	0.00771	0.00433	0.00249	0.00798
27	0.01093	0.02820	0.78016	0.01554	0.02360	0.01266	0.02014	0.01727	0.01151	0.01727	0.00978	0.01151	0.00691	0.00518	0.00518	0.00173	0.00806	0.00403	0.00230	0.00806
28	0.00889	0.01001	0.12682	0.03083	0.04450	0.00756	0.00903	0.01277	0.07386	0.01776	0.19965	0.11464	0.15310	0.01133	0.00637	0.00196	0.00442	0.15591	0.00472	0.00586
29	0.03825	0.01532	0.12206	0.04328	0.42062	0.03470	0.10421	0.07685	0.02745	0.01906	0.01128	0.01503	0.00924	0.00547	0.00551	0.00170	0.00692	0.03190	0.00303	0.00812
30	0.01058	0.00757	0.00908	0.00833	0.01045	0.00737	0.02167	0.11705	0.04406	0.07332	0.12460	0.15417	0.28409	0.01286	0.02819	0.00209	0.00410	0.06925	0.00526	0.00590
31	0.01440	0.02768	0.01130	0.00952	0.01194	0.13977	0.00730	0.17745	0.06093	0.07213	0.16784	0.04144	0.05816	0.11320	0.00843	0.00210	0.00523	0.00670	0.05800	0.00648
32	0.10004	0.12513	0.06033	0.03478	0.05539	0.24123	0.00992	0.09402	0.03068	0.07224	0.02945	0.05680	0.05441	0.00677	0.00496	0.00157	0.00657	0.00509	0.00368	0.00693

[dist]
# distance from previous block
# <min> <max>
3	6

[block]
# block no. 5 follows, 44 sequences, length 32
# corresponding to MSA columns:
# 259-290
name=unknown_F
#
# <colnr> <probs for GDERKNQSTAVLIFYWHMCP>
#	G	D	E	R	K	N	Q	S	T	A	V	L	I	F	Y	W	H	M	C	P
0	0.05133	0.01077	0.01248	0.13344	0.05139	0.02949	0.00934	0.06447	0.35054	0.02974	0.06942	0.02274	0.08144	0.00765	0.00554	0.00177	0.00486	0.02452	0.00467	0.03439
1	0.01403	0.01146	0.01241	0.02293	0.01444	0.01306	0.00876	0.08159	0.62005	0.04790	0.04011	0.02207	0.01739	0.00773	0.00565	0.00185	0.00449	0.04014	0.00552	0.00841
2	0.00999	0.00790	0.00933	0.00777	0.01093	0.00653	0.00604	0.01265	0.04561	0.04199	0.09975	0.12756	0.13497	0.00872	0.00531	0.00140	0.00365	0.04043	0.00434	0.41515
3	0.01411	0.01199	0.01264	0.01121	0.01439	0.01382	0.00876	0.08521	0.70741	0.02370	0.02149	0.01978	0.01607	0.00733	0.00554	0.00183	0.00444	0.00607	0.00554	0.00868
4	0.00667	0.00483	0.00624	0.00735	0.00779	0.00448	0.00492	0.00762	0.01051	0.01386	0.03168	0.71223	0.09740	0.04694	0.00771	0.00230	0.00321	0.01487	0.00499	0.00440
5	0.00673	0.00481	0.00643	0.00769	0.00805	0.00450	0.00521	0.00774	0.01052	0.01401	0.03000	0.77457	0.03587	0.01700	0.00698	0.00223	0.00324	0.04492	0.00506	0.00445
6	0.74009	0.01097	0.00940	0.00805	0.01158	0.01250	0.02578	0.07154	0.01077	0.04659	0.00849	0.00960	0.00643	0.00521	0.00367	0.00169	0.00449	0.00326	0.00361	0.00629
7	0.00674	0.00483	0.00635	0.00752	0.00790	0.00451	0.00505	0.00770	0.01046	0.01387	0.03033	0.73214	0.05913	0.04779	0.00777	0.00233	0.00328	0.03290	0.00499	0.00440
8	0.05863	0.01042	0.01203	0.01089	0.04280	0.01105	0.00822	0.10862	0.30809	0.19485	0.07457	0.07910	0.04045	0.00811	0.00560	0.00179	0.00441	0.00676	0.00557	0.00803
9	0.05319	0.11849	0.01687	0.01259	0.03581	0.27347	0.00995	0.29108	0.01832	0.07884	0.03358	0.01251	0.00964	0.00604	0.00497	0.00151	0.00700	0.00430	0.00413	0.00772
10	0.06788	0.01468	0.01564	0.01209	0.01636	0.01621	0.00997	0.66691	0.04385	0.06181	0.01334	0.01325	0.00943	0.00649	0.00534	0.00165	0.00580	0.00485	0.00539	0.00906
11	0.00707	0.00505	0.00682	0.00808	0.00859	0.00480	0.00581	0.00834	0.01086	0.01440	0.02981	0.65509	0.03511	0.01667	0.00707	0.00227	0.00354	0.16100	0.00505	0.00455
12	0.02036	0.01509	0.01615	0.01247	0.01677	0.01673	0.01027	0.71878	0.06367	0.03376	0.01356	0.01346	0.00965	0.00659	0.00546	0.00165	0.00591	0.00497	0.00546	0.00924
13	0.01935	0.01420	0.01567	0.05243	0.01724	0.01575	0.01019	0.66217	0.02349	0.03145	0.01264	0.01342	0.00918	0.00741	0.00664	0.06424	0.00597	0.00489	0.00507	0.00859
14	0.00685	0.00488	0.00644	0.00742	0.00785	0.00456	0.00499	0.00797	0.01099	0.01482	0.12856	0.66694	0.03736	0.05309	0.00785	0.00229	0.00318	0.01439	0.00510	0.00447
15	0.01015	0.00544	0.00577	0.02827	0.00751	0.00557	0.00430	0.02677	0.01137	0.01952	0.01734	0.02119	0.01412	0.06688	0.02308	0.00176	0.00322	0.00530	0.71740	0.00505
16	0.06325	0.01324	0.01466	0.01135	0.01553	0.01405	0.00933	0.51309	0.02166	0.18891	0.01492	0.03661	0.01070	0.00671	0.00534	0.00163	0.00546	0.00516	0.00552	0.04287
17	0.77630	0.01062	0.00899	0.03840	0.04710	0.01226	0.00676	0.01598	0.00949	0.02375	0.00779	0.00929	0.00608	0.00507	0.00355	0.00169	0.00444	0.00311	0.00331	0.00604
18	0.04317	0.00936	0.01254	0.00967	0.01385	0.00824	0.00798	0.02638	0.03262	0.74349	0.02120	0.01837	0.01339	0.00672	0.00544	0.00169	0.00462	0.00544	0.00664	0.00919
19	0.01110	0.06317	0.74661	0.01526	0.02317	0.01306	0.01966	0.01722	0.01149	0.01707	0.00969	0.01139	0.00691	0.00516	0.00510	0.00170	0.00796	0.00398	0.00230	0.00801
20	0.00891	0.00702	0.00950	0.00899	0.00955	0.00838	0.00676	0.02363	0.00913	0.01314	0.03904	0.05944	0.01616	0.23711	0.33161	0.00568	0.16937	0.00672	0.02513	0.00474
21	0.00664	0.00474	0.00633	0.00759	0.00791	0.00443	0.00506	0.00759	0.01044	0.01392	0.03005	0.80485	0.03606	0.01708	0.00696	0.00221	0.00316	0.01550	0.00506	0.00443
22	0.00869	0.00602	0.00799	0.04467	0.01016	0.00612	0.00618	0.05274	0.01104	0.03447	0.02373	0.42768	0.02673	0.11678	0.08600	0.04140	0.00517	0.07520	0.00445	0.00477
23	0.01350	0.01506	0.08287	0.05158	0.02741	0.01321	0.61829	0.01799	0.01290	0.07401	0.01167	0.01476	0.00853	0.00483	0.00624	0.00182	0.00870	0.00613	0.00301	0.00750
24	0.00722	0.00548	0.00664	0.00651	0.00788	0.00491	0.00482	0.00926	0.01402	0.01888	0.47700	0.11661	0.27583	0.01254	0.00648	0.00180	0.00269	0.01091	0.00562	0.00491
25	0.00780	0.00574	0.00767	0.04277	0.00948	0.00544	0.00560	0.01038	0.01508	0.02127	0.71536	0.06167	0.04898	0.01106	0.00640	0.00173	0.00280	0.00979	0.00581	0.00516
26	0.01200	0.09157	0.01808	0.08105	0.01719	0.01485	0.09136	0.04865	0.04474	0.01509	0.01094	0.07223	0.01033	0.01032	0.05707	0.00245	0.38710	0.00570	0.00294	0.00632
27	0.62094	0.01405	0.10493	0.00992	0.04391	0.07005	0.00856	0.03037	0.01053	0.03345	0.00833	0.00966	0.00639	0.00516	0.00386	0.00167	0.00524	0.00328	0.00326	0.00642
28	0.02346	0.00961	0.01272	0.00983	0.01394	0.00863	0.00809	0.07202	0.03497	0.69016	0.04316	0.01891	0.01443	0.00688	0.00551	0.00169	0.00466	0.00559	0.00661	0.00914
29	0.00689	0.00552	0.00615	0.00603	0.00765	0.00479	0.00451	0.00867	0.01343	0.01719	0.30340	0.06333	0.50736	0.01295	0.00645	0.00180	0.00270	0.01101	0.00539	0.00479
30	0.01130	0.00969	0.01130	0.00807	0.01292	0.00727	0.00646	0.01373	0.01130	0.01776	0.00969	0.01130	0.00807	0.00404	0.00404	0.00081	0.00404	0.00323	0.00323	0.84173
31	0.05448	0.17879	0.07800	0.02434	0.06756	0.10572	0.17370	0.04927	0.01266	0.02573	0.03691	0.03458	0.04908	0.00639	0.00634	0.00166	0.07953	0.00526	0.00308	0.00690

[dist]
# distance from previous block
# <min> <max>
4	7

[block]
# block no. 6 follows, 44 sequences, length 29
# corresponding to MSA columns:
# 298-326
name=unknown_G
#
# <colnr> <probs for GDERKNQSTAVLIFYWHMCP>
#	G	D	E	R	K	N	Q	S	T	A	V	L	I	F	Y	W	H	M	C	P
0	0.01629	0.01312	0.01528	0.07905	0.01772	0.06107	0.06041	0.28816	0.15865	0.06840	0.01470	0.02959	0.01116	0.00761	0.03120	0.00188	0.02143	0.00529	0.02850	0.07049
1	0.00735	0.00572	0.00709	0.04342	0.00952	0.00530	0.00561	0.00933	0.01321	0.01731	0.30299	0.13477	0.31571	0.01298	0.00657	0.00191	0.00319	0.08786	0.00527	0.00489
2	0.01683	0.01148	0.01365	0.02762	0.01521	0.01078	0.02195	0.24706	0.03455	0.17004	0.01335	0.01361	0.00968	0.00546	0.00487	0.00130	0.00494	0.00435	0.00463	0.36863
3	0.02221	0.01087	0.01343	0.01039	0.01459	0.01044	0.00853	0.19633	0.07024	0.51636	0.01904	0.01707	0.01248	0.00662	0.00541	0.00165	0.00491	0.00529	0.00620	0.04795
4	0.03398	0.01172	0.01330	0.01054	0.01448	0.05610	0.00858	0.19071	0.09027	0.45532	0.01857	0.01690	0.01237	0.00666	0.00536	0.00166	0.00514	0.00525	0.03422	0.00885
5	0.01243	0.15277	0.54765	0.01531	0.06539	0.01393	0.02859	0.01780	0.02825	0.05440	0.01033	0.01177	0.00758	0.00519	0.00496	0.00163	0.00737	0.00405	0.00263	0.00798
6	0.00752	0.00580	0.00690	0.00701	0.00837	0.00540	0.00523	0.01008	0.05597	0.01747	0.28739	0.18389	0.28108	0.03067	0.00703	0.00199	0.00308	0.06476	0.00536	0.00499
7	0.02364	0.01005	0.01306	0.01007	0.01427	0.00922	0.00830	0.10941	0.04402	0.66630	0.02058	0.01800	0.01313	0.00675	0.00548	0.00169	0.00478	0.00544	0.00656	0.00925
8	0.00952	0.00626	0.00797	0.00729	0.00892	0.00589	0.00552	0.01270	0.05984	0.08839	0.61466	0.03771	0.06559	0.03714	0.00700	0.00184	0.00296	0.00923	0.00592	0.00564
9	0.01109	0.01077	0.01548	0.01329	0.01378	0.01438	0.04288	0.01257	0.00890	0.01349	0.01129	0.01579	0.05295	0.01344	0.11280	0.00311	0.60278	0.00538	0.02005	0.00579
10	0.00756	0.00576	0.00653	0.00630	0.00799	0.00509	0.00474	0.00970	0.03042	0.03777	0.31820	0.06287	0.45233	0.01256	0.00640	0.00180	0.00278	0.01070	0.00547	0.00501
11	0.00672	0.00480	0.00639	0.00754	0.00792	0.00448	0.00507	0.00778	0.01079	0.01448	0.08291	0.75037	0.03715	0.01666	0.00692	0.00218	0.00312	0.01510	0.00513	0.00448
12	0.01619	0.52492	0.02357	0.01083	0.01484	0.24412	0.00963	0.01882	0.06659	0.01370	0.00888	0.00990	0.00770	0.00514	0.00406	0.00128	0.00689	0.00332	0.00270	0.00692
13	0.01204	0.01091	0.01378	0.01208	0.01307	0.04910	0.00979	0.10804	0.01102	0.01564	0.01062	0.01571	0.00985	0.04556	0.25359	0.00431	0.39076	0.00517	0.00300	0.00598
14	0.00663	0.00478	0.00629	0.00749	0.00788	0.00444	0.00502	0.00760	0.01054	0.01396	0.03130	0.76740	0.07269	0.01692	0.00693	0.00220	0.00314	0.01530	0.00506	0.00444
15	0.00821	0.00625	0.00871	0.00849	0.00911	0.00730	0.00631	0.00955	0.00849	0.01212	0.01463	0.02450	0.01475	0.25090	0.50549	0.00721	0.08415	0.00632	0.00298	0.00453
16	0.01304	0.05013	0.03913	0.02865	0.59678	0.02987	0.05571	0.01615	0.01233	0.01717	0.01235	0.05372	0.02596	0.00583	0.00549	0.00166	0.00644	0.01864	0.00288	0.00807
17	0.01318	0.01284	0.02252	0.09434	0.65092	0.01296	0.07964	0.01657	0.01233	0.01747	0.01028	0.01368	0.00849	0.00488	0.00549	0.00165	0.00677	0.00499	0.00268	0.00832
18	0.00664	0.00474	0.00633	0.00759	0.00791	0.00443	0.00506	0.00759	0.01044	0.01392	0.03005	0.80485	0.03606	0.01708	0.00696	0.00221	0.00316	0.01550	0.00506	0.00443
19	0.04127	0.27201	0.04448	0.01213	0.01574	0.42501	0.01016	0.02041	0.08396	0.01452	0.00947	0.01050	0.00788	0.00545	0.00449	0.00139	0.00783	0.00357	0.00291	0.00680
20	0.01178	0.08167	0.67263	0.01513	0.02271	0.01314	0.04365	0.01757	0.01169	0.04661	0.01013	0.01170	0.00722	0.00519	0.00512	0.00169	0.00781	0.00409	0.00249	0.00801
21	0.01052	0.03398	0.00877	0.00747	0.00941	0.00628	0.00586	0.01303	0.02814	0.13739	0.47020	0.05591	0.13259	0.01085	0.00624	0.00176	0.00320	0.04679	0.00579	0.00582
22	0.01002	0.00513	0.00530	0.00530	0.00655	0.00518	0.00399	0.01253	0.01128	0.01988	0.01760	0.02039	0.01395	0.00837	0.04966	0.00171	0.00325	0.00513	0.78974	0.00507
23	0.00685	0.00503	0.00673	0.00785	0.00816	0.00491	0.00533	0.00781	0.01036	0.01389	0.02915	0.77385	0.03493	0.01679	0.00739	0.00222	0.03425	0.01508	0.00496	0.00449
24	0.00763	0.00554	0.00720	0.00697	0.00822	0.00512	0.00523	0.01004	0.01485	0.02079	0.66042	0.09232	0.08317	0.01181	0.00651	0.00178	0.00272	0.03876	0.00586	0.00507
25	0.01221	0.01770	0.22058	0.04173	0.02659	0.01307	0.50356	0.01710	0.01238	0.01733	0.01060	0.01369	0.00789	0.00474	0.00595	0.00175	0.00855	0.00559	0.00266	0.05635
26	0.58728	0.16612	0.01280	0.03455	0.01254	0.04989	0.00717	0.01669	0.01021	0.05071	0.00824	0.00945	0.00651	0.00509	0.00362	0.00158	0.00491	0.00313	0.00325	0.00627
27	0.79013	0.06520	0.00942	0.00732	0.01078	0.01287	0.00614	0.01605	0.00940	0.02367	0.00759	0.00885	0.00598	0.00503	0.00338	0.00165	0.00433	0.00295	0.00330	0.00598
28	0.01158	0.02574	0.64691	0.01709	0.06643	0.01292	0.08239	0.04265	0.01216	0.01790	0.01003	0.01195	0.00720	0.00516	0.00531	0.00173	0.00799	0.00431	0.00247	0.00807

[dist]
# distance from previous block
# <min> <max>
0	9

[block]
# block no. 7 follows, 44 sequences, length 60
# corresponding to MSA columns:
# 336-395
name=unknown_H
#
# <colnr> <probs for GDERKNQSTAVLIFYWHMCP>
#	G	D	E	R	K	N	Q	S	T	A	V	L	I	F	Y	W	H	M	C	P
0	0.00837	0.00668	0.00888	0.00878	0.00970	0.03720	0.00669	0.01008	0.00893	0.01247	0.01449	0.02229	0.01390	0.11969	0.66199	0.00799	0.02821	0.00595	0.00295	0.00478
1	0.01132	0.01130	0.01903	0.18985	0.08527	0.01348	0.15929	0.01387	0.01037	0.01464	0.01119	0.09790	0.01061	0.00807	0.01065	0.00207	0.31572	0.00627	0.00278	0.00632
2	0.00976	0.00695	0.00928	0.01014	0.01168	0.00711	0.00875	0.01364	0.09347	0.03946	0.02793	0.05581	0.02927	0.01399	0.00726	0.00241	0.00493	0.63750	0.00513	0.00553
3	0.00675	0.00499	0.00632	0.00720	0.00790	0.00456	0.00498	0.00796	0.01130	0.01484	0.10173	0.58190	0.17255	0.01590	0.00683	0.00211	0.00307	0.02944	0.00515	0.00454
4	0.00665	0.00479	0.00631	0.00750	0.00789	0.00445	0.00503	0.00765	0.01060	0.01409	0.04386	0.76345	0.06385	0.01685	0.00693	0.00219	0.00314	0.01525	0.00508	0.00445
5	0.01101	0.00908	0.01345	0.01156	0.01294	0.01066	0.07464	0.05062	0.01125	0.05686	0.11741	0.08232	0.01807	0.04702	0.19520	0.00377	0.25773	0.00688	0.00368	0.00584
6	0.00819	0.00568	0.00677	0.00704	0.00853	0.00504	0.00532	0.00970	0.01224	0.07204	0.07149	0.26417	0.38390	0.01426	0.00665	0.00201	0.00329	0.10348	0.00522	0.00498
7	0.00789	0.00535	0.00636	0.00649	0.00666	0.00542	0.00399	0.00824	0.00838	0.01123	0.01826	0.07800	0.02077	0.65776	0.09125	0.00527	0.00596	0.04569	0.00345	0.00359
8	0.01120	0.00673	0.00860	0.00766	0.00964	0.00630	0.00591	0.01464	0.07333	0.16038	0.55181	0.03548	0.06613	0.01014	0.00619	0.00172	0.00309	0.00883	0.00607	0.00615
9	0.72454	0.01218	0.06464	0.00818	0.01197	0.01261	0.00727	0.07143	0.01066	0.02468	0.00816	0.00937	0.00623	0.00518	0.00366	0.00169	0.00463	0.00318	0.00345	0.00631
10	0.01881	0.01399	0.01492	0.01180	0.01574	0.01555	0.00963	0.58473	0.14756	0.03148	0.01492	0.01479	0.01082	0.00667	0.00536	0.00165	0.00548	0.00513	0.06210	0.00888
11	0.00717	0.00517	0.00673	0.00777	0.00832	0.00490	0.00537	0.02888	0.01118	0.01487	0.05130	0.69741	0.06036	0.01640	0.00691	0.00219	0.00331	0.05204	0.00510	0.00462
12	0.00711	0.00542	0.00785	0.07027	0.01084	0.00530	0.02720	0.00837	0.01054	0.01402	0.02790	0.71990	0.03299	0.01581	0.00682	0.00217	0.00366	0.01440	0.00479	0.00464
13	0.01130	0.00969	0.01130	0.00807	0.01292	0.00727	0.00646	0.01373	0.01130	0.01776	0.00969	0.01130	0.00807	0.00404	0.00404	0.00081	0.00404	0.00323	0.00323	0.84173
14	0.00777	0.00569	0.00834	0.00848	0.00939	0.00648	0.00650	0.00963	0.00906	0.01312	0.01640	0.10558	0.01605	0.03683	0.66909	0.00773	0.01285	0.00685	0.03931	0.00483
15	0.00711	0.00583	0.00633	0.00651	0.00807	0.00529	0.00476	0.00955	0.07152	0.01550	0.07903	0.22631	0.50687	0.01395	0.00649	0.00192	0.00297	0.01195	0.00514	0.00490
16	0.01142	0.02460	0.59367	0.01783	0.08312	0.01300	0.11111	0.01707	0.01161	0.01715	0.00986	0.01208	0.00722	0.00527	0.00591	0.00176	0.04256	0.00443	0.00239	0.00792
17	0.52893	0.01015	0.02678	0.02680	0.01133	0.01100	0.00654	0.07371	0.03054	0.02382	0.07894	0.01495	0.03138	0.00616	0.00409	0.00165	0.00415	0.00434	0.09863	0.00610
18	0.00664	0.00474	0.00633	0.00759	0.00791	0.00443	0.00506	0.00759	0.01044	0.01392	0.03005	0.80485	0.03606	0.01708	0.00696	0.00221	0.00316	0.01550	0.00506	0.00443
19	0.01458	0.81168	0.02857	0.00933	0.01399	0.02157	0.00933	0.01632	0.01108	0.01283	0.00758	0.00875	0.00700	0.00466	0.00350	0.00117	0.00583	0.00292	0.00233	0.00700
20	0.02030	0.01426	0.01555	0.01206	0.01621	0.01556	0.00990	0.66008	0.02406	0.09208	0.01463	0.05423	0.01098	0.00710	0.00553	0.00167	0.00575	0.00550	0.00554	0.00902
21	0.00949	0.00474	0.00705	0.00705	0.00708	0.00474	0.00471	0.00724	0.00721	0.00973	0.00967	0.01666	0.00958	0.01864	0.02089	0.82127	0.00468	0.00474	0.02239	0.00243
22	0.00665	0.00483	0.00628	0.00739	0.00787	0.00446	0.00498	0.00768	0.01073	0.01418	0.04977	0.72135	0.10043	0.01666	0.00690	0.00217	0.00311	0.01502	0.00508	0.00446
23	0.00826	0.00627	0.00924	0.00852	0.00938	0.00662	0.06419	0.00947	0.00868	0.01202	0.01557	0.02781	0.01621	0.41066	0.35662	0.00653	0.00965	0.00690	0.00309	0.00430
24	0.01223	0.20870	0.52391	0.01523	0.06252	0.03650	0.03566	0.01715	0.01160	0.01616	0.00929	0.01101	0.00706	0.00504	0.00483	0.00158	0.00753	0.00386	0.00236	0.00778
25	0.84691	0.01054	0.00801	0.00717	0.01054	0.01223	0.00590	0.01603	0.00928	0.02446	0.00759	0.00886	0.00590	0.00506	0.00337	0.00169	0.00422	0.00295	0.00337	0.00590
26	0.00988	0.00825	0.00870	0.00809	0.01036	0.00857	0.00618	0.04440	0.29877	0.01873	0.07618	0.03746	0.36539	0.05184	0.00718	0.00202	0.00364	0.02288	0.00522	0.00628
27	0.00664	0.00474	0.00633	0.00759	0.00791	0.00443	0.00506	0.00759	0.01044	0.01392	0.03005	0.80485	0.03606	0.01708	0.00696	0.00221	0.00316	0.01550	0.00506	0.00443
28	0.01523	0.72561	0.02722	0.00972	0.01431	0.04374	0.00945	0.07494	0.01236	0.01454	0.00804	0.00912	0.00718	0.00484	0.00369	0.00121	0.00596	0.00309	0.00259	0.00716
29	0.01458	0.81168	0.02857	0.00933	0.01399	0.02157	0.00933	0.01632	0.01108	0.01283	0.00758	0.00875	0.00700	0.00466	0.00350	0.00117	0.00583	0.00292	0.00233	0.00700
30	0.01130	0.00969	0.01130	0.00807	0.01292	0.00727	0.00646	0.01373	0.01130	0.01776	0.00969	0.01130	0.00807	0.00404	0.00404	0.00081	0.00404	0.00323	0.00323	0.84173
31	0.01003	0.00701	0.00795	0.00745	0.00844	0.02075	0.00519	0.10395	0.01095	0.01540	0.01600	0.02710	0.01608	0.41253	0.19344	0.00501	0.00720	0.00662	0.11418	0.00470
32	0.13811	0.04336	0.57695	0.01385	0.02072	0.04389	0.01681	0.03666	0.01179	0.03659	0.00971	0.01118	0.00698	0.00524	0.00487	0.00169	0.00736	0.00388	0.00267	0.00770
33	0.01093	0.02820	0.78016	0.01554	0.02360	0.01266	0.02014	0.01727	0.01151	0.01727	0.00978	0.01151	0.00691	0.00518	0.00518	0.00173	0.00806	0.00403	0.00230	0.00806
34	0.00819	0.00591	0.00803	0.00912	0.01017	0.00582	0.00746	0.01051	0.02757	0.01604	0.06786	0.26310	0.05097	0.01523	0.00725	0.00236	0.00432	0.47008	0.00509	0.00493
35	0.00792	0.00530	0.00603	0.00603	0.00606	0.00533	0.00341	0.00798	0.00795	0.01063	0.01710	0.03525	0.01964	0.78544	0.05046	0.00539	0.00556	0.00787	0.00329	0.00335
36	0.00788	0.00527	0.00596	0.00601	0.00602	0.00525	0.00337	0.00792	0.00802	0.01070	0.01766	0.06444	0.02043	0.77881	0.02697	0.00517	0.00521	0.00821	0.00337	0.00335
37	0.00856	0.00657	0.00909	0.02259	0.01028	0.00763	0.00684	0.01153	0.07609	0.01377	0.03430	0.02282	0.01516	0.11557	0.55977	0.00709	0.04070	0.00612	0.02042	0.00511
38	0.02316	0.03000	0.03322	0.01050	0.03348	0.00881	0.00861	0.02592	0.04446	0.69058	0.02060	0.01807	0.01316	0.00663	0.00543	0.00168	0.00479	0.00539	0.00637	0.00915
39	0.01974	0.11127	0.01690	0.01349	0.01654	0.68145	0.01040	0.04192	0.01526	0.01388	0.00847	0.00981	0.00708	0.00554	0.00478	0.00139	0.00929	0.00349	0.00283	0.00648
40	0.01355	0.05364	0.05603	0.14649	0.28311	0.11219	0.07948	0.05839	0.02569	0.01703	0.02987	0.01438	0.00966	0.00818	0.06710	0.00220	0.00780	0.00492	0.00294	0.00735
41	0.16479	0.05442	0.09809	0.05354	0.03528	0.01191	0.01004	0.13495	0.04560	0.31619	0.01486	0.01445	0.01012	0.00605	0.00497	0.00167	0.00539	0.00463	0.00485	0.00821
42	0.00722	0.00555	0.00660	0.00634	0.00784	0.00493	0.00476	0.00933	0.01427	0.01910	0.49384	0.04528	0.33085	0.01218	0.00644	0.00176	0.00265	0.01050	0.00564	0.00493
43	0.06718	0.01273	0.01399	0.01106	0.01513	0.01354	0.00901	0.37555	0.16438	0.17157	0.01586	0.01514	0.01121	0.00646	0.00524	0.00162	0.00516	0.00501	0.00542	0.07472
44	0.00737	0.00570	0.00673	0.00645	0.00799	0.00514	0.00484	0.00979	0.03253	0.01913	0.47666	0.04476	0.32891	0.01208	0.00641	0.00177	0.00269	0.01041	0.00563	0.00502
45	0.01487	0.52316	0.15125	0.01087	0.01578	0.09799	0.01110	0.01777	0.03306	0.05051	0.02393	0.01073	0.00843	0.00515	0.00413	0.00134	0.00645	0.00351	0.00275	0.00722
46	0.01245	0.22036	0.36217	0.01647	0.03699	0.01522	0.22859	0.01708	0.01181	0.01622	0.00960	0.01177	0.00735	0.00488	0.00512	0.00162	0.00779	0.00446	0.00245	0.00760
47	0.01889	0.01053	0.01280	0.00981	0.01398	0.00982	0.00801	0.15286	0.05641	0.35641	0.01637	0.01560	0.01130	0.00606	0.00533	0.00145	0.02341	0.00477	0.03028	0.23590
48	0.01505	0.09884	0.42444	0.01298	0.01918	0.01257	0.01473	0.03416	0.09125	0.20373	0.01379	0.01391	0.00958	0.00577	0.00513	0.00167	0.00657	0.00451	0.00379	0.00833
49	0.00792	0.00531	0.00609	0.00609	0.00614	0.00536	0.00348	0.00802	0.00797	0.01068	0.01705	0.03494	0.01950	0.76894	0.06678	0.00546	0.00576	0.00782	0.00328	0.00338
50	0.00947	0.00473	0.00710	0.00710	0.00710	0.00473	0.00473	0.00710	0.00710	0.00947	0.00947	0.01657	0.00947	0.01894	0.02131	0.84138	0.00473	0.00473	0.00237	0.00237
51	0.01128	0.06898	0.68092	0.01579	0.02347	0.01323	0.07759	0.01723	0.01159	0.01704	0.00976	0.01161	0.00702	0.00511	0.00519	0.00171	0.00803	0.00416	0.00234	0.00794
52	0.01229	0.01128	0.01830	0.10914	0.49634	0.01168	0.01447	0.01637	0.07004	0.01750	0.01454	0.02298	0.01330	0.00700	0.00581	0.00182	0.00613	0.14003	0.00332	0.00769
53	0.08600	0.01490	0.01570	0.01212	0.01640	0.01654	0.01001	0.69774	0.02434	0.03358	0.01265	0.01275	0.00901	0.00643	0.00529	0.00164	0.00586	0.00475	0.00529	0.00901
54	0.00788	0.00581	0.00862	0.00862	0.00961	0.00675	0.00670	0.00985	0.00886	0.01294	0.01472	0.02138	0.01364	0.03960	0.75752	0.00848	0.01415	0.00581	0.03417	0.00488
55	0.00889	0.00741	0.01195	0.01098	0.01257	0.00725	0.13598	0.04557	0.01208	0.01622	0.06126	0.46453	0.02931	0.01364	0.00713	0.00214	0.02445	0.11864	0.00465	0.00532
56	0.00714	0.00561	0.02489	0.00763	0.00837	0.00486	0.00539	0.00818	0.01037	0.01388	0.02845	0.62013	0.06729	0.07660	0.00876	0.02418	0.00355	0.03429	0.00472	0.03571
