[name]
unknown

[dist]
# distance from previous block
# <min> <max>
0	124

[block]
# block no. 0 follows, 48 sequences, length 13
# corresponding to MSA columns:
# 131-143
name=unknown_A
#
# <colnr> <probs for GDERKNQSTAVLIFYWHMCP>
#	G	D	E	R	K	N	Q	S	T	A	V	L	I	F	Y	W	H	M	C	P
0	0.00764	0.00520	0.00624	0.00632	0.00747	0.00468	0.00448	0.00894	0.01141	0.06529	0.18925	0.26493	0.27276	0.11133	0.00859	0.00220	0.00308	0.01082	0.00485	0.00453
1	0.01414	0.01127	0.01445	0.01139	0.01462	0.01191	0.11644	0.34889	0.09952	0.02289	0.01542	0.03913	0.04165	0.10773	0.04546	0.00230	0.00585	0.00578	0.02381	0.04733
2	0.00650	0.00467	0.00583	0.00661	0.00704	0.00436	0.00436	0.00732	0.00976	0.01286	0.05580	0.55383	0.11647	0.16743	0.01018	0.00257	0.00329	0.01263	0.00448	0.00401
3	0.05214	0.00723	0.00877	0.00775	0.00968	0.00738	0.00592	0.10411	0.01209	0.18139	0.04531	0.05890	0.04826	0.16022	0.18564	0.00367	0.00630	0.00626	0.08325	0.00574
4	0.00725	0.00501	0.00618	0.00651	0.00730	0.00470	0.00446	0.00827	0.01021	0.04223	0.09507	0.34907	0.18377	0.18145	0.06194	0.00295	0.00401	0.01095	0.00443	0.00424
5	0.00783	0.02161	0.00840	0.00794	0.00905	0.00669	0.00601	0.01007	0.05037	0.01254	0.01532	0.08935	0.01511	0.12404	0.54413	0.00648	0.01063	0.00635	0.00310	0.04500
6	0.00778	0.00552	0.00655	0.00657	0.00719	0.00541	0.00426	0.04390	0.00929	0.01250	0.02028	0.25739	0.04904	0.43696	0.05973	0.00383	0.00476	0.00918	0.00372	0.04616
7	0.01231	0.00980	0.01164	0.01021	0.01220	0.04617	0.04540	0.20311	0.08320	0.05146	0.05126	0.29496	0.02002	0.03898	0.00755	0.00194	0.08056	0.00852	0.00450	0.00621
8	0.01255	0.00947	0.01155	0.06729	0.01316	0.01072	0.00796	0.25386	0.01410	0.04994	0.04287	0.13111	0.03438	0.14919	0.02354	0.00244	0.13682	0.00682	0.00404	0.01818
9	0.01149	0.05010	0.05295	0.05086	0.01614	0.01391	0.11907	0.05897	0.00976	0.01406	0.00854	0.01309	0.00780	0.04728	0.02939	0.04465	0.43883	0.00477	0.00252	0.00582
10	0.01449	0.01312	0.01429	0.01134	0.01449	0.10902	0.03724	0.24687	0.01467	0.01994	0.00966	0.01153	0.00782	0.00691	0.03261	0.00165	0.17250	0.00405	0.00344	0.25434
11	0.01174	0.10021	0.03157	0.15366	0.04186	0.02531	0.02849	0.13095	0.01204	0.01621	0.01268	0.07076	0.04615	0.00923	0.05072	0.04439	0.12798	0.00528	0.00311	0.07767
12	0.01253	0.04406	0.05090	0.04745	0.01502	0.04249	0.04561	0.12561	0.07634	0.03797	0.02665	0.05148	0.01064	0.00914	0.06536	0.00211	0.19474	0.00499	0.00340	0.13350

[dist]
# distance from previous block
# <min> <max>
11	46

[block]
# block no. 1 follows, 48 sequences, length 19
# corresponding to MSA columns:
# 192-210
name=unknown_B
#
# <colnr> <probs for GDERKNQSTAVLIFYWHMCP>
#	G	D	E	R	K	N	Q	S	T	A	V	L	I	F	Y	W	H	M	C	P
0	0.01416	0.01288	0.05416	0.05961	0.01644	0.06645	0.08585	0.25006	0.06304	0.04358	0.02247	0.03624	0.01054	0.06618	0.01899	0.00189	0.05771	0.00507	0.00379	0.11090
1	0.02989	0.03388	0.01357	0.04586	0.01440	0.04332	0.03457	0.27563	0.02618	0.05488	0.01191	0.02672	0.00996	0.07465	0.09276	0.00251	0.08665	0.00483	0.00378	0.11405
2	0.01173	0.00954	0.01258	0.02465	0.03084	0.02122	0.08331	0.16730	0.11834	0.03713	0.09992	0.12609	0.05230	0.06662	0.06877	0.00247	0.04937	0.00726	0.00429	0.00627
3	0.11792	0.01008	0.01388	0.02679	0.01457	0.02359	0.15505	0.17276	0.04152	0.06715	0.11963	0.17946	0.01905	0.00823	0.00548	0.00171	0.00499	0.00737	0.00437	0.00640
4	0.01270	0.01219	0.02083	0.03149	0.78767	0.01219	0.01575	0.01575	0.01168	0.01676	0.00965	0.01270	0.00813	0.00457	0.00508	0.00152	0.00610	0.00457	0.00254	0.00813
5	0.01204	0.00993	0.01221	0.01059	0.09554	0.00828	0.00750	0.08436	0.01213	0.03990	0.00979	0.01121	0.00790	0.00417	0.00410	0.00094	0.00423	0.00341	0.00327	0.65850
6	0.00891	0.00446	0.00668	0.00668	0.00668	0.00446	0.00446	0.00668	0.00668	0.00891	0.00891	0.01560	0.00891	0.01783	0.02005	0.85071	0.00446	0.00446	0.00223	0.00223
7	0.01159	0.00968	0.01115	0.00805	0.01256	0.00781	0.00647	0.09401	0.01208	0.01839	0.00946	0.01082	0.00772	0.00405	0.00394	0.00084	0.00400	0.00321	0.00326	0.76089
8	0.00859	0.04132	0.00856	0.10511	0.01164	0.00676	0.00612	0.05302	0.01169	0.05380	0.03366	0.19760	0.36809	0.04119	0.02792	0.00205	0.00397	0.00958	0.00434	0.00500
9	0.00634	0.00463	0.00597	0.00686	0.00741	0.00426	0.00468	0.00744	0.01053	0.01398	0.11187	0.64880	0.11806	0.01514	0.00644	0.00199	0.00288	0.01361	0.00486	0.00426
10	0.09643	0.01105	0.09413	0.00833	0.01305	0.00788	0.00747	0.01401	0.01064	0.05054	0.00941	0.01072	0.00749	0.00412	0.00391	0.00097	0.00425	0.00319	0.00310	0.63931
11	0.01986	0.01380	0.01505	0.01154	0.01563	0.01507	0.00953	0.69533	0.02317	0.10891	0.01312	0.01284	0.00913	0.00618	0.00514	0.00154	0.00552	0.00467	0.00526	0.00873
12	0.00754	0.00557	0.00761	0.00754	0.00807	0.00630	0.00544	0.00865	0.00801	0.01129	0.01476	0.05297	0.01532	0.31041	0.45982	0.00657	0.05065	0.00646	0.00292	0.00410
13	0.00857	0.00647	0.00804	0.04847	0.01032	0.00671	0.00608	0.09130	0.08907	0.01625	0.05704	0.55702	0.02828	0.03255	0.00664	0.00202	0.00359	0.01173	0.00472	0.00514
14	0.01153	0.00965	0.01112	0.00802	0.01254	0.00776	0.00645	0.08937	0.01200	0.01830	0.00944	0.01081	0.00771	0.00404	0.00393	0.00084	0.00399	0.00320	0.00325	0.76605
15	0.00891	0.00446	0.00668	0.00668	0.00668	0.00446	0.00446	0.00668	0.00668	0.00891	0.00891	0.01560	0.00891	0.01783	0.02005	0.85071	0.00446	0.00446	0.00223	0.00223
16	0.01380	0.01077	0.01210	0.06578	0.01462	0.01191	0.00839	0.27032	0.29555	0.03869	0.05596	0.10329	0.03674	0.00777	0.00535	0.00167	0.00455	0.00648	0.00491	0.03136
17	0.03977	0.00928	0.01449	0.01119	0.01453	0.00848	0.18963	0.03719	0.01183	0.08980	0.09181	0.13888	0.01647	0.02598	0.00612	0.00156	0.03323	0.00656	0.00382	0.24939
18	0.06061	0.11302	0.02865	0.01105	0.01446	0.24473	0.02140	0.11385	0.09576	0.11250	0.01134	0.01187	0.00864	0.00562	0.00522	0.00143	0.05121	0.00397	0.00366	0.08101

[dist]
# distance from previous block
# <min> <max>
1	4

[block]
# block no. 2 follows, 48 sequences, length 23
# corresponding to MSA columns:
# 215-237
name=unknown_C
#
# <colnr> <probs for GDERKNQSTAVLIFYWHMCP>
#	G	D	E	R	K	N	Q	S	T	A	V	L	I	F	Y	W	H	M	C	P
0	0.00963	0.00705	0.00846	0.00754	0.00964	0.00662	0.00568	0.04430	0.10338	0.05701	0.28099	0.17102	0.05337	0.04707	0.00647	0.00171	0.00333	0.00823	0.00482	0.16368
1	0.05939	0.04416	0.01342	0.06568	0.04036	0.02793	0.03577	0.14835	0.01339	0.06083	0.03212	0.01223	0.00902	0.00479	0.00435	0.00117	0.00479	0.00386	0.00354	0.41484
2	0.01118	0.00772	0.00933	0.00845	0.02278	0.00748	0.00616	0.08482	0.10558	0.08522	0.03706	0.19868	0.01766	0.10052	0.03186	0.08084	0.00435	0.00721	0.00417	0.16892
3	0.10144	0.06654	0.01562	0.35697	0.10302	0.01297	0.01183	0.06636	0.01069	0.01557	0.00888	0.01282	0.00737	0.03558	0.00768	0.00184	0.15178	0.00434	0.00262	0.00610
4	0.01912	0.01418	0.01518	0.01173	0.01576	0.01573	0.00966	0.72780	0.06752	0.03171	0.01281	0.01271	0.00913	0.00621	0.00514	0.00155	0.00556	0.00469	0.00514	0.00869
5	0.00956	0.00478	0.00478	0.00478	0.00598	0.00478	0.00359	0.01196	0.01076	0.01913	0.01674	0.01913	0.01315	0.00598	0.00359	0.00120	0.00239	0.00478	0.84816	0.00478
6	0.01029	0.02654	0.79309	0.01462	0.02221	0.01192	0.01896	0.01625	0.01083	0.01625	0.00921	0.01083	0.00650	0.00487	0.00487	0.00162	0.00758	0.00379	0.00217	0.00758
7	0.27327	0.00935	0.01076	0.00854	0.01227	0.00912	0.00705	0.05660	0.01333	0.52506	0.01594	0.01448	0.01037	0.00586	0.00456	0.00159	0.00431	0.00442	0.00534	0.00778
8	0.00735	0.00540	0.00776	0.00776	0.00851	0.00615	0.00581	0.00885	0.00810	0.01155	0.01418	0.02260	0.01389	0.18052	0.65875	0.00765	0.01215	0.00585	0.00281	0.00431
9	0.00746	0.00497	0.00560	0.00560	0.00560	0.00497	0.00311	0.00746	0.00746	0.00995	0.01617	0.03358	0.01865	0.81967	0.02612	0.00497	0.00497	0.00746	0.00311	0.00311
10	0.85592	0.00992	0.00754	0.00675	0.00992	0.01151	0.00556	0.01508	0.00873	0.02302	0.00714	0.00834	0.00556	0.00476	0.00318	0.00159	0.00397	0.00278	0.00318	0.00556
11	0.01830	0.02292	0.01454	0.01314	0.01558	0.70821	0.00996	0.02005	0.03997	0.01284	0.00827	0.00975	0.00693	0.00565	0.00565	0.00141	0.07465	0.00349	0.00270	0.00599
12	0.82454	0.01009	0.00784	0.00694	0.01015	0.01168	0.00571	0.04342	0.00931	0.02337	0.00734	0.00848	0.00568	0.00482	0.00325	0.00159	0.00403	0.00285	0.00325	0.00568
13	0.00745	0.00503	0.00588	0.00588	0.00597	0.00513	0.00346	0.00764	0.00754	0.01016	0.01591	0.03216	0.01804	0.73690	0.10804	0.00532	0.00590	0.00725	0.00307	0.00327
14	0.03280	0.01267	0.01335	0.01157	0.03630	0.03200	0.00897	0.32081	0.42480	0.02546	0.01660	0.01581	0.01229	0.00649	0.00513	0.00164	0.00486	0.00518	0.00501	0.00826
15	0.01076	0.07437	0.03877	0.37039	0.12515	0.03380	0.05803	0.01392	0.03255	0.01392	0.01073	0.07486	0.00947	0.00685	0.02068	0.00183	0.08988	0.00527	0.00261	0.00614
16	0.01088	0.00916	0.01397	0.34609	0.15719	0.01022	0.01135	0.05193	0.04709	0.04768	0.06298	0.10003	0.01381	0.03734	0.00642	0.00180	0.02874	0.00606	0.00331	0.03395
17	0.00836	0.00568	0.00745	0.06971	0.00997	0.00540	0.00551	0.01026	0.01258	0.07650	0.38900	0.14618	0.15056	0.07087	0.00747	0.00195	0.00321	0.00944	0.00499	0.00491
18	0.03550	0.53197	0.07599	0.04289	0.01466	0.06824	0.00947	0.01641	0.07792	0.01372	0.00891	0.01015	0.00760	0.00585	0.02988	0.00147	0.00598	0.00330	0.00257	0.03754
19	0.03358	0.00506	0.00644	0.00680	0.00758	0.00479	0.00474	0.00876	0.01140	0.03458	0.29804	0.42706	0.03646	0.08080	0.00787	0.00213	0.00301	0.01149	0.00493	0.00447
20	0.00651	0.00471	0.00620	0.02801	0.00800	0.00448	0.00483	0.00751	0.01000	0.01333	0.07743	0.64282	0.06152	0.08893	0.00825	0.00229	0.00321	0.01318	0.00460	0.00416
21	0.03915	0.08919	0.01638	0.15740	0.22107	0.03762	0.01096	0.09183	0.01232	0.03714	0.00954	0.01173	0.00764	0.00478	0.00475	0.00134	0.02087	0.00393	0.00297	0.21938
22	0.03248	0.01095	0.04916	0.08958	0.01593	0.01008	0.00885	0.14916	0.05470	0.22763	0.01316	0.01351	0.00939	0.00548	0.00519	0.00139	0.03848	0.00428	0.00426	0.25633

[dist]
# distance from previous block
# <min> <max>
1	70

[block]
# block no. 3 follows, 48 sequences, length 65
# corresponding to MSA columns:
# 308-372
name=unknown_D
#
# <colnr> <probs for GDERKNQSTAVLIFYWHMCP>
#	G	D	E	R	K	N	Q	S	T	A	V	L	I	F	Y	W	H	M	C	P
0	0.35810	0.04977	0.06046	0.07735	0.04611	0.02943	0.00828	0.09470	0.01154	0.03615	0.05141	0.06260	0.01083	0.00724	0.03489	0.00181	0.00514	0.00453	0.00343	0.04622
1	0.51645	0.05339	0.01100	0.06165	0.03505	0.01230	0.00744	0.13011	0.02822	0.05483	0.00944	0.01112	0.00732	0.00527	0.00388	0.00156	0.00459	0.01929	0.00355	0.02353
2	0.67184	0.01064	0.00902	0.00774	0.01102	0.01217	0.00635	0.16111	0.01174	0.02457	0.00870	0.03020	0.00691	0.00533	0.00364	0.00159	0.00427	0.00344	0.00360	0.00613
3	0.03178	0.00539	0.00738	0.00711	0.00753	0.00554	0.00492	0.06787	0.00824	0.01130	0.00983	0.04358	0.00970	0.01649	0.01794	0.73065	0.00449	0.00479	0.00257	0.00290
4	0.00746	0.00497	0.00560	0.00560	0.00560	0.00497	0.00311	0.00746	0.00746	0.00995	0.01617	0.03358	0.01865	0.81967	0.02612	0.00497	0.00497	0.00746	0.00311	0.00311
5	0.00994	0.00955	0.01665	0.73059	0.05062	0.01154	0.07223	0.01342	0.01043	0.01344	0.00923	0.01367	0.00694	0.00506	0.00520	0.00171	0.00696	0.00468	0.00231	0.00585
6	0.00956	0.00478	0.00478	0.00478	0.00598	0.00478	0.00359	0.01196	0.01076	0.01913	0.01674	0.01913	0.01315	0.00598	0.00359	0.00120	0.00239	0.00478	0.84816	0.00478
7	0.00879	0.00685	0.00927	0.04134	0.00959	0.00829	0.00641	0.00910	0.00771	0.01086	0.01219	0.04222	0.01314	0.33831	0.09732	0.13483	0.23108	0.00603	0.00270	0.00395
8	0.00847	0.00701	0.01000	0.00976	0.03252	0.00863	0.00730	0.00985	0.00812	0.01182	0.01232	0.02005	0.01219	0.16483	0.45009	0.00601	0.20811	0.00556	0.00268	0.00469
9	0.01948	0.01507	0.01534	0.01190	0.01591	0.07047	0.00976	0.71831	0.02346	0.03096	0.01201	0.01211	0.00858	0.00610	0.00510	0.00152	0.00590	0.00453	0.00496	0.00853
10	0.02832	0.09641	0.54035	0.01507	0.07983	0.01232	0.05789	0.01602	0.01090	0.03395	0.00932	0.01108	0.00692	0.00499	0.00500	0.01623	0.00698	0.00387	0.00238	0.04219
11	0.01345	0.01087	0.01162	0.01035	0.01333	0.01241	0.00808	0.02711	0.72727	0.07299	0.02084	0.01903	0.01546	0.00692	0.00522	0.00173	0.00408	0.00576	0.00530	0.00816
12	0.00625	0.00448	0.00594	0.00710	0.00743	0.00417	0.00474	0.00715	0.00987	0.01312	0.02886	0.79762	0.05227	0.01600	0.00654	0.00208	0.00297	0.01450	0.00476	0.00417
13	0.11163	0.03182	0.06678	0.35923	0.09472	0.01168	0.13194	0.02957	0.01084	0.03007	0.01038	0.05724	0.00857	0.00559	0.00524	0.00168	0.01899	0.00506	0.00272	0.00627
14	0.01840	0.01383	0.01478	0.01158	0.01549	0.01540	0.00949	0.64925	0.14722	0.03056	0.01372	0.01343	0.00986	0.00629	0.00515	0.00157	0.00539	0.00481	0.00515	0.00863
15	0.01951	0.01437	0.01540	0.01181	0.01591	0.01591	0.00975	0.77056	0.02412	0.03234	0.01232	0.01232	0.00873	0.00616	0.00513	0.00154	0.00565	0.00462	0.00513	0.00873
16	0.00643	0.00521	0.00570	0.00558	0.00715	0.00449	0.00418	0.00807	0.01255	0.01590	0.27458	0.04602	0.56171	0.01223	0.00606	0.00170	0.00254	0.01036	0.00503	0.00449
17	0.00956	0.00478	0.00478	0.00478	0.00598	0.00478	0.00359	0.01196	0.01076	0.01913	0.01674	0.01913	0.01315	0.00598	0.00359	0.00120	0.00239	0.00478	0.84816	0.00478
18	0.01029	0.02654	0.79309	0.01462	0.02221	0.01192	0.01896	0.01625	0.01083	0.01625	0.00921	0.01083	0.00650	0.00487	0.00487	0.00162	0.00758	0.00379	0.00217	0.00758
19	0.85592	0.00992	0.00754	0.00675	0.00992	0.01151	0.00556	0.01508	0.00873	0.02302	0.00714	0.00834	0.00556	0.00476	0.00318	0.00159	0.00397	0.00278	0.00318	0.00556
20	0.59376	0.01008	0.00960	0.07150	0.04471	0.01147	0.00715	0.03440	0.08387	0.07744	0.00979	0.01073	0.00733	0.00514	0.00379	0.00161	0.00436	0.00350	0.00355	0.00622
21	0.09611	0.01146	0.01420	0.32935	0.12189	0.10129	0.01140	0.06575	0.02712	0.05327	0.03208	0.03712	0.03221	0.00605	0.00545	0.00164	0.03928	0.00489	0.00312	0.00631
22	0.00673	0.00513	0.00623	0.00644	0.00764	0.00463	0.00482	0.00844	0.01232	0.01622	0.30345	0.20251	0.30146	0.01285	0.00625	0.00182	0.00281	0.08066	0.00507	0.00451
23	0.00933	0.00859	0.01416	0.66851	0.04987	0.01040	0.01285	0.01250	0.01067	0.01382	0.07321	0.04413	0.03876	0.00619	0.00528	0.00171	0.00619	0.00550	0.00273	0.00559
24	0.00802	0.00573	0.00798	0.00916	0.01023	0.00569	0.00783	0.01019	0.01156	0.01507	0.02731	0.15294	0.03008	0.01441	0.00702	0.00233	0.00451	0.66057	0.00473	0.00465
25	0.01256	0.29208	0.01612	0.00932	0.01191	0.19432	0.00782	0.01446	0.02769	0.01448	0.20045	0.01862	0.05132	0.00829	0.03386	0.01988	0.05262	0.00513	0.00334	0.00572
26	0.01130	0.00918	0.01050	0.00783	0.01196	0.02650	0.00620	0.02585	0.01121	0.05784	0.02909	0.06296	0.01050	0.00495	0.00414	0.00094	0.00391	0.00407	0.00341	0.69768
27	0.10064	0.20021	0.22623	0.05762	0.04497	0.01348	0.05210	0.07784	0.02778	0.13716	0.01079	0.01169	0.00789	0.00510	0.00450	0.00150	0.00597	0.00396	0.00327	0.00730
28	0.01058	0.01067	0.05360	0.33676	0.34875	0.01085	0.01394	0.01366	0.01087	0.01485	0.01184	0.10218	0.01084	0.00628	0.00529	0.00168	0.00609	0.02193	0.00271	0.00663
29	0.00612	0.00520	0.00528	0.00526	0.00697	0.00436	0.00394	0.00747	0.01183	0.01418	0.08676	0.04886	0.75061	0.01288	0.00606	0.00173	0.00259	0.01076	0.00481	0.00436
30	0.05461	0.01022	0.04540	0.10109	0.10718	0.03280	0.05522	0.05837	0.04058	0.14412	0.09690	0.10884	0.01681	0.03809	0.00676	0.00184	0.04682	0.02378	0.00404	0.00651
31	0.00824	0.00589	0.00823	0.00937	0.01055	0.00588	0.00818	0.01061	0.01189	0.01550	0.04772	0.05735	0.03004	0.01407	0.00706	0.00234	0.00466	0.73296	0.00475	0.00473
32	0.01901	0.01382	0.01489	0.01156	0.01555	0.01526	0.00950	0.66860	0.09551	0.06309	0.01347	0.01318	0.00955	0.00624	0.00514	0.00156	0.00544	0.00475	0.00519	0.00867
33	0.01202	0.06914	0.03254	0.29714	0.25999	0.03408	0.01279	0.02819	0.02717	0.06047	0.04983	0.01602	0.02613	0.00578	0.00542	0.00161	0.02966	0.02230	0.00298	0.00674
34	0.85592	0.00992	0.00754	0.00675	0.00992	0.01151	0.00556	0.01508	0.00873	0.02302	0.00714	0.00834	0.00556	0.00476	0.00318	0.00159	0.00397	0.00278	0.00318	0.00556
35	0.85592	0.00992	0.00754	0.00675	0.00992	0.01151	0.00556	0.01508	0.00873	0.02302	0.00714	0.00834	0.00556	0.00476	0.00318	0.00159	0.00397	0.00278	0.00318	0.00556
36	0.01029	0.02654	0.79309	0.01462	0.02221	0.01192	0.01896	0.01625	0.01083	0.01625	0.00921	0.01083	0.00650	0.00487	0.00487	0.00162	0.00758	0.00379	0.00217	0.00758
37	0.02839	0.02919	0.06526	0.08513	0.29319	0.01020	0.01137	0.06733	0.01220	0.06135	0.04513	0.06802	0.02866	0.00759	0.03782	0.00179	0.00563	0.02561	0.00335	0.11281
38	0.00622	0.00460	0.00582	0.00680	0.00735	0.00420	0.00461	0.00718	0.01016	0.01323	0.03252	0.67906	0.16847	0.01552	0.00646	0.00202	0.00291	0.01391	0.00476	0.00420
39	0.03007	0.15949	0.54918	0.01275	0.01891	0.01305	0.01542	0.01599	0.04272	0.01570	0.02689	0.01211	0.00825	0.03403	0.00563	0.00167	0.02464	0.00394	0.00244	0.00713
40	0.03565	0.08742	0.17588	0.01428	0.07517	0.02854	0.12697	0.11587	0.10991	0.14044	0.01320	0.03210	0.00985	0.00565	0.00504	0.00159	0.00609	0.00489	0.00378	0.00767
41	0.00726	0.00524	0.00686	0.00646	0.00767	0.00484	0.00484	0.00968	0.01452	0.02058	0.78496	0.03833	0.04841	0.01049	0.00605	0.00161	0.00242	0.00928	0.00565	0.00484
42	0.00691	0.00545	0.00637	0.00677	0.00828	0.00492	0.00550	0.00864	0.01188	0.01472	0.07923	0.05185	0.48100	0.01329	0.00643	0.00195	0.00334	0.27419	0.00479	0.00450
43	0.85592	0.00992	0.00754	0.00675	0.00992	0.01151	0.00556	0.01508	0.00873	0.02302	0.00714	0.00834	0.00556	0.00476	0.00318	0.00159	0.00397	0.00278	0.00318	0.00556
44	0.00969	0.00912	0.01539	0.80734	0.03534	0.01140	0.01425	0.01311	0.01026	0.01311	0.00912	0.01368	0.00684	0.00513	0.00513	0.00171	0.00684	0.00456	0.00228	0.00570
45	0.24217	0.02769	0.10253	0.14757	0.10119	0.05454	0.01068	0.06427	0.05113	0.11774	0.01117	0.01310	0.00839	0.00545	0.00456	0.00160	0.00560	0.02033	0.00346	0.00685
46	0.01049	0.07335	0.74805	0.01428	0.02168	0.01241	0.01836	0.01620	0.01081	0.01600	0.00909	0.01068	0.00650	0.00485	0.00478	0.00159	0.00746	0.00373	0.00217	0.00752
47	0.03065	0.21003	0.54545	0.01332	0.01983	0.03705	0.04493	0.01615	0.01085	0.01533	0.00869	0.01024	0.00655	0.00475	0.00451	0.00150	0.00711	0.00360	0.00223	0.00723
48	0.01155	0.17345	0.57378	0.01295	0.01948	0.01297	0.01591	0.01633	0.01107	0.05942	0.02469	0.01226	0.00816	0.00518	0.00467	0.00154	0.00685	0.01987	0.00253	0.00735
49	0.01029	0.02654	0.79309	0.01462	0.02221	0.01192	0.01896	0.01625	0.01083	0.01625	0.00921	0.01083	0.00650	0.00487	0.00487	0.00162	0.00758	0.00379	0.00217	0.00758
50	0.00640	0.00457	0.00612	0.00731	0.00768	0.00430	0.00502	0.00740	0.00997	0.01326	0.02820	0.76040	0.03361	0.01594	0.00659	0.00210	0.00311	0.06905	0.00476	0.00421
51	0.01064	0.00912	0.01064	0.00760	0.01216	0.00684	0.00608	0.01292	0.01064	0.01672	0.00912	0.01064	0.00760	0.00380	0.00380	0.00076	0.00380	0.00304	0.00304	0.85104
52	0.01156	0.01334	0.16904	0.08023	0.14959	0.05335	0.04271	0.05175	0.05350	0.06103	0.15619	0.05436	0.03762	0.00804	0.03355	0.00186	0.00587	0.00602	0.00367	0.00670
53	0.00744	0.00507	0.00608	0.00608	0.00625	0.00524	0.00372	0.00777	0.00761	0.01031	0.01572	0.03112	0.01759	0.67634	0.16798	0.00557	0.00658	0.00710	0.00304	0.00338
54	0.02919	0.05752	0.31959	0.13268	0.06071	0.03677	0.19815	0.04738	0.03896	0.01653	0.00986	0.01220	0.00735	0.00488	0.00511	0.00162	0.00733	0.00451	0.00257	0.00710
55	0.01384	0.10328	0.06703	0.01095	0.03151	0.19000	0.03056	0.07842	0.10203	0.03250	0.04169	0.01412	0.03047	0.02184	0.00537	0.02123	0.00582	0.00430	0.00339	0.19165
56	0.83475	0.01004	0.00774	0.00688	0.01007	0.01162	0.00566	0.03421	0.00912	0.02326	0.00728	0.00844	0.00564	0.00480	0.00322	0.00159	0.00401	0.00283	0.00322	0.00564
57	0.02283	0.00904	0.01210	0.00928	0.01325	0.00800	0.00766	0.06575	0.01520	0.74975	0.01981	0.01718	0.01248	0.00634	0.00516	0.00159	0.00444	0.00513	0.00628	0.00873
58	0.00731	0.00491	0.00564	0.00579	0.00583	0.00487	0.00332	0.00742	0.00776	0.01034	0.01769	0.13168	0.02057	0.71896	0.02366	0.00461	0.00472	0.00835	0.00332	0.00324
59	0.01087	0.09594	0.46580	0.05837	0.02258	0.01263	0.19609	0.01573	0.01113	0.01577	0.02688	0.02670	0.00826	0.00504	0.00508	0.00161	0.00740	0.00459	0.00240	0.00711
60	0.00661	0.00512	0.00603	0.00602	0.00732	0.00453	0.00443	0.00835	0.01268	0.01669	0.36951	0.15043	0.35918	0.01232	0.00613	0.00173	0.00257	0.01067	0.00515	0.00453
61	0.01167	0.18617	0.33430	0.03983	0.05440	0.01214	0.04231	0.01536	0.01116	0.07605	0.01308	0.07244	0.01168	0.00670	0.00500	0.00163	0.00619	0.09004	0.00301	0.00684
62	0.32792	0.00962	0.07080	0.05137	0.01236	0.00894	0.02705	0.02886	0.01187	0.09773	0.26185	0.03728	0.02106	0.00707	0.00473	0.00162	0.00408	0.00568	0.00422	0.00588
63	0.24687	0.08251	0.09917	0.00999	0.03143	0.07230	0.00874	0.06507	0.08257	0.07987	0.02878	0.01247	0.02158	0.00547	0.00459	0.00146	0.02875	0.00392	0.00352	0.11095
64	0.12836	0.16302	0.22239	0.02965	0.03046	0.05233	0.04211	0.01621	0.01162	0.11378	0.11222	0.01463	0.01280	0.00579	0.00486	0.00152	0.02372	0.00447	0.00335	0.00672

[dist]
# distance from previous block
# <min> <max>
7	31

[block]
# block no. 4 follows, 48 sequences, length 10
# corresponding to MSA columns:
# 404-413
name=unknown_E
#
# <colnr> <probs for GDERKNQSTAVLIFYWHMCP>
#	G	D	E	R	K	N	Q	S	T	A	V	L	I	F	Y	W	H	M	C	P
0	0.22641	0.10288	0.23723	0.02956	0.10506	0.03205	0.03197	0.06498	0.01132	0.04743	0.00941	0.01117	0.00728	0.00701	0.05429	0.00195	0.00646	0.00379	0.00288	0.00686
1	0.00809	0.02497	0.03249	0.05120	0.01033	0.00648	0.06078	0.00932	0.00927	0.01233	0.05111	0.10846	0.03572	0.44637	0.01689	0.00357	0.00505	0.09997	0.00348	0.00414
2	0.00631	0.00457	0.00597	0.00698	0.00743	0.00423	0.00472	0.00734	0.01028	0.01369	0.08461	0.71404	0.07990	0.01549	0.00648	0.00203	0.00291	0.01398	0.00483	0.00423
3	0.01522	0.44380	0.07194	0.01099	0.01471	0.28869	0.00999	0.01700	0.01171	0.01253	0.00752	0.00894	0.00660	0.00502	0.00471	0.00128	0.05751	0.00312	0.00235	0.00637
4	0.01283	0.04460	0.18410	0.22360	0.16034	0.02852	0.03925	0.10434	0.03957	0.06971	0.01135	0.03924	0.00883	0.00555	0.00507	0.00161	0.00640	0.00477	0.00311	0.00721
5	0.00733	0.00548	0.00778	0.00782	0.00856	0.00612	0.00586	0.00890	0.00911	0.01292	0.10599	0.13301	0.02024	0.10652	0.49402	0.00609	0.03907	0.00735	0.00338	0.00445
6	0.00692	0.00514	0.00634	0.00648	0.00755	0.00472	0.00477	0.00861	0.01221	0.01634	0.34881	0.17209	0.21512	0.08317	0.00799	0.00208	0.00299	0.07924	0.00499	0.00445
7	0.01186	0.00987	0.01320	0.00950	0.01408	0.00798	0.09518	0.04644	0.01161	0.05932	0.01001	0.01145	0.00795	0.00410	0.00419	0.00095	0.00447	0.00357	0.00326	0.67101
8	0.01194	0.01371	0.17471	0.13184	0.04885	0.01105	0.18965	0.03211	0.10062	0.08705	0.09237	0.01747	0.03366	0.00606	0.00571	0.00168	0.02547	0.00560	0.00352	0.00694
9	0.63991	0.01104	0.00981	0.03669	0.08554	0.06527	0.00724	0.01604	0.00982	0.06727	0.00829	0.00954	0.00634	0.00489	0.00364	0.00157	0.00465	0.00319	0.00324	0.00602

[dist]
# distance from previous block
# <min> <max>
0	1

[block]
# block no. 5 follows, 48 sequences, length 22
# corresponding to MSA columns:
# 415-426,432-441
name=unknown_F
#
# <colnr> <probs for GDERKNQSTAVLIFYWHMCP>
#	G	D	E	R	K	N	Q	S	T	A	V	L	I	F	Y	W	H	M	C	P
0	0.26300	0.08811	0.11912	0.01015	0.01409	0.04647	0.05539	0.07159	0.01215	0.16421	0.02401	0.05703	0.01070	0.00623	0.00456	0.00160	0.00528	0.03577	0.00381	0.00673
1	0.05874	0.00550	0.00578	0.00563	0.00731	0.00491	0.00425	0.00845	0.01226	0.01620	0.24262	0.04394	0.54302	0.01183	0.00588	0.00169	0.00264	0.00992	0.00490	0.00454
2	0.15091	0.06322	0.02468	0.01060	0.01366	0.06027	0.07521	0.17163	0.10088	0.04561	0.06749	0.06583	0.02721	0.00798	0.02260	0.00181	0.02609	0.05360	0.00411	0.00662
3	0.00994	0.00917	0.01499	0.40217	0.16894	0.01037	0.04387	0.01315	0.03143	0.01427	0.01482	0.02126	0.06889	0.03379	0.02809	0.00204	0.02821	0.07576	0.00288	0.00596
4	0.01123	0.01123	0.01572	0.01347	0.01347	0.01572	0.01123	0.01235	0.00786	0.01235	0.00674	0.01123	0.00674	0.00898	0.01684	0.00225	0.81028	0.00449	0.00225	0.00561
5	0.06535	0.01101	0.01154	0.01017	0.01323	0.01254	0.00798	0.06608	0.64671	0.04687	0.01926	0.01785	0.01437	0.00668	0.00505	0.00169	0.00414	0.00546	0.00507	0.02892
6	0.00795	0.00571	0.00787	0.00896	0.01008	0.00564	0.00764	0.01012	0.01168	0.01520	0.04831	0.13372	0.06203	0.01422	0.00696	0.00229	0.00440	0.62782	0.00475	0.00466
7	0.00988	0.00935	0.01556	0.72948	0.05338	0.01173	0.01407	0.01312	0.01012	0.01315	0.00896	0.01348	0.00687	0.00539	0.00598	0.00174	0.06513	0.00456	0.00228	0.00576
8	0.08612	0.17809	0.19921	0.04423	0.01641	0.01361	0.01122	0.14213	0.01330	0.17299	0.01115	0.01182	0.00808	0.00558	0.00539	0.00154	0.06412	0.00399	0.00359	0.00741
9	0.00625	0.00447	0.00595	0.00714	0.00744	0.00417	0.00476	0.00714	0.00982	0.01310	0.02828	0.81633	0.03394	0.01608	0.00655	0.00208	0.00298	0.01459	0.00476	0.00417
10	0.00673	0.00504	0.00602	0.00636	0.00731	0.00461	0.00455	0.00802	0.01110	0.01442	0.17123	0.24558	0.27676	0.13417	0.00928	0.00234	0.00320	0.07438	0.00467	0.00423
11	0.17963	0.18554	0.19270	0.06330	0.07200	0.03758	0.03196	0.03354	0.04310	0.05727	0.01048	0.01340	0.00850	0.00544	0.00441	0.00154	0.00584	0.04401	0.00298	0.00678
12	0.01810	0.01398	0.01658	0.01368	0.06566	0.01526	0.06514	0.61976	0.07119	0.02949	0.01256	0.01289	0.00907	0.00598	0.00520	0.00157	0.00579	0.00480	0.00479	0.00852
13	0.02300	0.00570	0.00645	0.00631	0.00810	0.00503	0.00494	0.00978	0.01212	0.08471	0.11955	0.04547	0.50340	0.03093	0.00654	0.00187	0.00311	0.11324	0.00493	0.00483
14	0.00984	0.01075	0.07927	0.61094	0.04976	0.01118	0.07706	0.01344	0.01065	0.01402	0.03948	0.03183	0.00911	0.00547	0.00525	0.00170	0.00678	0.00502	0.00249	0.00595
15	0.00893	0.00633	0.00763	0.00729	0.00888	0.00621	0.00546	0.01299	0.14597	0.07046	0.36094	0.18275	0.13410	0.01099	0.00594	0.00174	0.00297	0.00961	0.00534	0.00548
16	0.00791	0.00540	0.00697	0.00649	0.00787	0.00493	0.00490	0.01023	0.01433	0.05615	0.69597	0.03815	0.10025	0.01048	0.00601	0.00162	0.00252	0.00920	0.00562	0.00499
17	0.28196	0.15320	0.10720	0.00890	0.01328	0.01231	0.00839	0.09976	0.01166	0.04412	0.00887	0.00991	0.00693	0.00468	0.00383	0.00130	0.00483	0.00324	0.00317	0.21245
18	0.04880	0.10610	0.06179	0.04254	0.03178	0.01091	0.00861	0.09884	0.07639	0.16969	0.07767	0.01501	0.01251	0.00577	0.00494	0.00138	0.02664	0.00452	0.00410	0.19199
19	0.20239	0.12169	0.09000	0.02600	0.16809	0.11468	0.04602	0.08488	0.04840	0.03894	0.00957	0.01098	0.00750	0.00501	0.00440	0.00149	0.00604	0.00384	0.00307	0.00700
20	0.01176	0.22247	0.41839	0.01324	0.03840	0.01395	0.05548	0.06244	0.04193	0.01625	0.01044	0.05415	0.00861	0.00548	0.00467	0.00152	0.00657	0.00438	0.00265	0.00722
21	0.00822	0.04946	0.00758	0.00663	0.00733	0.00626	0.00443	0.05507	0.01003	0.01342	0.10465	0.22621	0.02453	0.43501	0.01648	0.00346	0.00426	0.00901	0.00388	0.00410

[dist]
# distance from previous block
# <min> <max>
0	1

[block]
# block no. 6 follows, 48 sequences, length 107
# corresponding to MSA columns:
# 443-549
name=unknown_G
#
# <colnr> <probs for GDERKNQSTAVLIFYWHMCP>
#	G	D	E	R	K	N	Q	S	T	A	V	L	I	F	Y	W	H	M	C	P
0	0.01108	0.04866	0.12227	0.05900	0.02960	0.05534	0.12087	0.01490	0.08199	0.01531	0.08449	0.01767	0.07184	0.00731	0.00861	0.00180	0.23438	0.00554	0.00310	0.00624
1	0.00955	0.00478	0.00482	0.00482	0.00599	0.00478	0.00360	0.01186	0.01068	0.01894	0.01659	0.01906	0.01307	0.00620	0.00389	0.01700	0.00243	0.00478	0.83242	0.00473
2	0.01720	0.19222	0.07735	0.01159	0.01599	0.02850	0.05621	0.36248	0.05259	0.11850	0.01212	0.01230	0.00880	0.00561	0.00476	0.00147	0.00577	0.00433	0.00422	0.00798
3	0.01117	0.01910	0.36646	0.06971	0.05055	0.01238	0.36339	0.01612	0.01141	0.01615	0.00976	0.01246	0.00717	0.00463	0.00544	0.00168	0.00798	0.00491	0.00238	0.00717
4	0.00905	0.00520	0.00751	0.05391	0.00887	0.00542	0.00530	0.00858	0.05736	0.01074	0.05479	0.03510	0.01207	0.01592	0.01711	0.67794	0.00442	0.00506	0.00268	0.00301
5	0.00663	0.00522	0.00599	0.00579	0.00728	0.00457	0.00435	0.00846	0.01304	0.01705	0.39954	0.04414	0.43604	0.01181	0.00606	0.00168	0.00251	0.01009	0.00518	0.00457
6	0.01095	0.06288	0.61376	0.01340	0.01994	0.01216	0.01638	0.06068	0.05600	0.01757	0.06017	0.01305	0.00987	0.00541	0.00491	0.00160	0.00683	0.00426	0.00274	0.00745
7	0.01085	0.02474	0.67861	0.01531	0.06553	0.03644	0.01786	0.01700	0.05604	0.01647	0.00988	0.01138	0.00713	0.00499	0.00490	0.00162	0.00734	0.00394	0.00238	0.00760
8	0.01085	0.00924	0.01075	0.00770	0.01225	0.00705	0.00616	0.03046	0.01095	0.01708	0.00919	0.01068	0.00763	0.00385	0.00383	0.00078	0.00384	0.00308	0.00309	0.83154
9	0.01327	0.01122	0.01186	0.01049	0.01347	0.01290	0.00821	0.09430	0.69553	0.02243	0.03462	0.01889	0.01566	0.00696	0.00523	0.00172	0.00417	0.00576	0.00522	0.00811
10	0.00622	0.00457	0.00584	0.00686	0.00737	0.00419	0.00464	0.00718	0.01010	0.01321	0.03176	0.70384	0.14418	0.01562	0.00648	0.00203	0.00292	0.01404	0.00476	0.00419
11	0.00649	0.00459	0.00606	0.00696	0.00735	0.00430	0.00467	0.00747	0.01022	0.01377	0.12064	0.66206	0.03443	0.06165	0.00784	0.01620	0.00305	0.01335	0.00474	0.00416
12	0.00702	0.00520	0.00655	0.00628	0.00754	0.00473	0.00469	0.00919	0.01385	0.01915	0.63183	0.07574	0.16690	0.01115	0.00608	0.00165	0.00248	0.00977	0.00546	0.00473
13	0.01276	0.01102	0.01160	0.01044	0.01334	0.01276	0.00812	0.02727	0.77840	0.02146	0.02088	0.01914	0.01566	0.00696	0.00522	0.00174	0.00406	0.00580	0.00522	0.00812
14	0.00969	0.00912	0.01539	0.80734	0.03534	0.01140	0.01425	0.01311	0.01026	0.01311	0.00912	0.01368	0.00684	0.00513	0.00513	0.00171	0.00684	0.00456	0.00228	0.00570
15	0.00746	0.00499	0.00567	0.00567	0.00569	0.00501	0.00320	0.00751	0.00748	0.01000	0.01610	0.03321	0.01849	0.79822	0.04735	0.00506	0.00522	0.00741	0.00310	0.00315
16	0.01029	0.02654	0.79309	0.01462	0.02221	0.01192	0.01896	0.01625	0.01083	0.01625	0.00921	0.01083	0.00650	0.00487	0.00487	0.00162	0.00758	0.00379	0.00217	0.00758
17	0.00733	0.00550	0.00825	0.00825	0.00916	0.00641	0.00641	0.00916	0.00825	0.01191	0.01374	0.02016	0.01283	0.03848	0.79934	0.00825	0.01374	0.00550	0.00275	0.00458
18	0.02302	0.00873	0.01191	0.00913	0.01310	0.00754	0.00754	0.02501	0.01469	0.79122	0.02024	0.01746	0.01270	0.00635	0.00516	0.00159	0.00437	0.00516	0.00635	0.00873
19	0.01917	0.02445	0.01454	0.01322	0.01586	0.79907	0.00991	0.02049	0.01454	0.01256	0.00793	0.00925	0.00661	0.00529	0.00463	0.00132	0.00925	0.00330	0.00264	0.00595
20	0.00645	0.00461	0.00616	0.00721	0.00764	0.00432	0.00496	0.00755	0.01033	0.01386	0.09252	0.70857	0.03493	0.01550	0.00654	0.00206	0.00303	0.05468	0.00484	0.00426
21	0.00746	0.00499	0.00567	0.00567	0.00570	0.00502	0.00321	0.00751	0.00749	0.01001	0.01610	0.03318	0.01848	0.79650	0.04905	0.00507	0.00523	0.00740	0.00310	0.00315
22	0.01123	0.01123	0.01572	0.01347	0.01347	0.01572	0.01123	0.01235	0.00786	0.01235	0.00674	0.01123	0.00674	0.00898	0.01684	0.00225	0.81028	0.00449	0.00225	0.00561
23	0.01276	0.01102	0.01160	0.01044	0.01334	0.01276	0.00812	0.02727	0.77840	0.02146	0.02088	0.01914	0.01566	0.00696	0.00522	0.00174	0.00406	0.00580	0.00522	0.00812
24	0.00804	0.00602	0.00724	0.00677	0.00824	0.00579	0.00512	0.05891	0.03767	0.01906	0.48208	0.03792	0.18353	0.05898	0.02983	0.00204	0.00325	0.02939	0.00517	0.00498
25	0.01276	0.01102	0.01160	0.01044	0.01334	0.01276	0.00812	0.02727	0.77840	0.02146	0.02088	0.01914	0.01566	0.00696	0.00522	0.00174	0.00406	0.00580	0.00522	0.00812
26	0.01372	0.82276	0.02689	0.00878	0.01317	0.02030	0.00878	0.01536	0.01043	0.01207	0.00713	0.00823	0.00658	0.00439	0.00329	0.00110	0.00549	0.00274	0.00219	0.00658
27	0.00891	0.00446	0.00668	0.00668	0.00668	0.00446	0.00446	0.00668	0.00668	0.00891	0.00891	0.01560	0.00891	0.01783	0.02005	0.85071	0.00446	0.00446	0.00223	0.00223
28	0.00733	0.00550	0.00825	0.00825	0.00916	0.00641	0.00641	0.00916	0.00825	0.01191	0.01374	0.02016	0.01283	0.03848	0.79934	0.00825	0.01374	0.00550	0.00275	0.00458
29	0.01955	0.01506	0.01526	0.01187	0.01585	0.07753	0.00972	0.69693	0.02319	0.04549	0.01213	0.01218	0.00864	0.00609	0.00509	0.00152	0.00591	0.00453	0.00496	0.00851
30	0.04375	0.00913	0.01199	0.00925	0.01318	0.00822	0.00763	0.06769	0.02938	0.71366	0.01947	0.01697	0.01235	0.00631	0.00511	0.00159	0.00442	0.00508	0.00618	0.00864
31	0.00733	0.00550	0.00825	0.00825	0.00916	0.00641	0.00641	0.00916	0.00825	0.01191	0.01374	0.02016	0.01283	0.03848	0.79934	0.00825	0.01374	0.00550	0.00275	0.00458
32	0.01034	0.00636	0.00803	0.00710	0.00896	0.00592	0.00549	0.06105	0.01493	0.13777	0.55569	0.03443	0.10393	0.00980	0.00586	0.00162	0.00294	0.00849	0.00565	0.00564
33	0.01948	0.01243	0.01396	0.01092	0.01482	0.01329	0.00895	0.47236	0.12720	0.22849	0.01558	0.01461	0.01073	0.00632	0.00515	0.00158	0.00509	0.00493	0.00546	0.00864
34	0.01984	0.01383	0.01506	0.01155	0.01564	0.01511	0.00954	0.69867	0.02321	0.10551	0.01308	0.01282	0.00911	0.00618	0.00514	0.00154	0.00552	0.00467	0.00525	0.00873
35	0.00969	0.00912	0.01539	0.80734	0.03534	0.01140	0.01425	0.01311	0.01026	0.01311	0.00912	0.01368	0.00684	0.00513	0.00513	0.00171	0.00684	0.00456	0.00228	0.00570
36	0.00726	0.00524	0.00686	0.00646	0.00767	0.00484	0.00484	0.00968	0.01452	0.02058	0.78496	0.03833	0.04841	0.01049	0.00605	0.00161	0.00242	0.00928	0.00565	0.00484
37	0.01219	0.01016	0.01094	0.00985	0.01254	0.01154	0.00765	0.02474	0.65544	0.03652	0.12879	0.02182	0.02023	0.00745	0.00534	0.00172	0.00384	0.00628	0.00530	0.00767
38	0.57093	0.07224	0.04004	0.00868	0.01199	0.19360	0.00730	0.01639	0.01027	0.01957	0.00740	0.00863	0.00591	0.00486	0.00358	0.00149	0.00543	0.00294	0.00294	0.00580
39	0.00625	0.00447	0.00595	0.00714	0.00744	0.00417	0.00476	0.00714	0.00982	0.01310	0.02828	0.81633	0.03394	0.01608	0.00655	0.00208	0.00298	0.01459	0.00476	0.00417
40	0.01122	0.01071	0.05710	0.01112	0.10858	0.00815	0.00816	0.04303	0.01131	0.01731	0.00932	0.01097	0.00765	0.00405	0.00407	0.00093	0.00437	0.00333	0.00301	0.66563
41	0.03274	0.03245	0.05958	0.06042	0.07880	0.35709	0.01072	0.16581	0.03670	0.01743	0.00985	0.01165	0.00789	0.00813	0.06870	0.00201	0.02617	0.00402	0.00315	0.00670
42	0.00957	0.00896	0.01506	0.77953	0.03437	0.01115	0.01392	0.01290	0.01024	0.01311	0.00979	0.04157	0.00778	0.00551	0.00518	0.00172	0.00671	0.00491	0.00237	0.00565
43	0.01064	0.00912	0.01064	0.00760	0.01216	0.00684	0.00608	0.01292	0.01064	0.01672	0.00912	0.01064	0.00760	0.00380	0.00380	0.00076	0.00380	0.00304	0.00304	0.85104
44	0.01254	0.03859	0.01576	0.08925	0.01630	0.17345	0.04018	0.01415	0.00992	0.01278	0.00869	0.01395	0.00820	0.00851	0.02951	0.00209	0.45056	0.04736	0.00250	0.00570
45	0.00661	0.00474	0.00627	0.00690	0.00752	0.00441	0.00479	0.00804	0.01148	0.01574	0.29568	0.54139	0.03905	0.01410	0.00637	0.00192	0.00278	0.01271	0.00508	0.00441
46	0.00705	0.00524	0.00656	0.00623	0.00753	0.00475	0.00467	0.00927	0.01402	0.01937	0.65317	0.04032	0.18095	0.01094	0.00605	0.00164	0.00245	0.00956	0.00549	0.00475
47	0.00746	0.00499	0.00568	0.00568	0.00571	0.00502	0.00321	0.00752	0.00749	0.01001	0.01609	0.03315	0.01847	0.79491	0.05063	0.00508	0.00525	0.00740	0.00310	0.00316
48	0.00699	0.00509	0.00658	0.00650	0.00757	0.00468	0.00476	0.00905	0.01345	0.01871	0.59261	0.18556	0.09585	0.01171	0.00615	0.00171	0.00254	0.01038	0.00542	0.00468
49	0.01372	0.82276	0.02689	0.00878	0.01317	0.02030	0.00878	0.01536	0.01043	0.01207	0.00713	0.00823	0.00658	0.00439	0.00329	0.00110	0.00549	0.00274	0.00219	0.00658
50	0.85592	0.00992	0.00754	0.00675	0.00992	0.01151	0.00556	0.01508	0.00873	0.02302	0.00714	0.00834	0.00556	0.00476	0.00318	0.00159	0.00397	0.00278	0.00318	0.00556
51	0.01123	0.01123	0.01572	0.01347	0.01347	0.01572	0.01123	0.01235	0.00786	0.01235	0.00674	0.01123	0.00674	0.00898	0.01684	0.00225	0.81028	0.00449	0.00225	0.00561
52	0.00985	0.00506	0.00509	0.00498	0.00626	0.00510	0.00376	0.03362	0.01114	0.01951	0.01661	0.01894	0.01303	0.00598	0.00363	0.00121	0.00248	0.00478	0.82409	0.00490
53	0.01183	0.01364	0.14791	0.06200	0.43589	0.01151	0.01435	0.03369	0.09101	0.01702	0.01229	0.01711	0.01047	0.00611	0.00562	0.02318	0.00600	0.06993	0.00298	0.00748
54	0.01740	0.01110	0.01256	0.01036	0.01386	0.01191	0.00832	0.19698	0.37532	0.25594	0.01873	0.01707	0.01318	0.00659	0.00518	0.00165	0.00452	0.00534	0.00554	0.00844
55	0.01186	0.01146	0.01987	0.01426	0.01902	0.01007	0.35521	0.03817	0.01177	0.03346	0.01000	0.01231	0.00782	0.00424	0.00509	0.00127	0.01805	0.00453	0.00296	0.40857
56	0.00662	0.00473	0.00637	0.00756	0.00802	0.00448	0.00540	0.00778	0.01018	0.01351	0.02808	0.67909	0.03314	0.01573	0.00665	0.00213	0.00329	0.14822	0.00476	0.00427
57	0.01091	0.17061	0.65445	0.01357	0.02057	0.01343	0.01712	0.01609	0.01076	0.01549	0.00883	0.01036	0.00652	0.00479	0.00459	0.00153	0.00720	0.00360	0.00217	0.00740
58	0.01096	0.14110	0.60895	0.01444	0.02133	0.01324	0.08899	0.01614	0.01090	0.01566	0.00902	0.01074	0.00663	0.00475	0.00476	0.00156	0.00738	0.00386	0.00221	0.00737
59	0.11731	0.01056	0.01115	0.00980	0.01289	0.01186	0.00773	0.02545	0.57538	0.13144	0.01911	0.01758	0.01401	0.00661	0.00496	0.00170	0.00409	0.00534	0.00513	0.00790
60	0.00891	0.00446	0.00668	0.00668	0.00668	0.00446	0.00446	0.00668	0.00668	0.00891	0.00891	0.01560	0.00891	0.01783	0.02005	0.85071	0.00446	0.00446	0.00223	0.00223
61	0.01169	0.04026	0.32032	0.11964	0.24620	0.05004	0.06009	0.01655	0.05665	0.01603	0.00997	0.01226	0.00764	0.00492	0.00500	0.00159	0.00693	0.00432	0.00252	0.00739
62	0.02302	0.00873	0.01191	0.00913	0.01310	0.00754	0.00754	0.02501	0.01469	0.79122	0.02024	0.01746	0.01270	0.00635	0.00516	0.00159	0.00437	0.00516	0.00635	0.00873
63	0.00663	0.00472	0.00628	0.00737	0.00780	0.00448	0.00517	0.00771	0.01006	0.01338	0.04200	0.64800	0.03271	0.06193	0.00774	0.00228	0.00333	0.11953	0.00468	0.00420
64	0.00745	0.00501	0.00577	0.00577	0.00583	0.00507	0.00332	0.00757	0.00751	0.01008	0.01601	0.03271	0.01828	0.76912	0.07616	0.00519	0.00554	0.00733	0.00309	0.00320
65	0.01886	0.01405	0.01503	0.01167	0.01566	0.01561	0.00960	0.69889	0.09685	0.03129	0.01314	0.01298	0.00939	0.00624	0.00514	0.00156	0.00549	0.00473	0.00514	0.00867
66	0.23994	0.01389	0.01288	0.01048	0.01408	0.09224	0.00851	0.42703	0.08946	0.02690	0.01131	0.01160	0.00833	0.00578	0.00457	0.00155	0.00541	0.00411	0.00438	0.00756
67	0.00724	0.00502	0.00642	0.00664	0.00757	0.00461	0.00471	0.00880	0.01200	0.04077	0.34237	0.34988	0.11709	0.05381	0.00724	0.00198	0.00285	0.01134	0.00510	0.00455
68	0.01089	0.01000	0.01454	0.43366	0.09515	0.01197	0.01214	0.01740	0.23975	0.01591	0.01353	0.01591	0.02761	0.00603	0.00586	0.00173	0.05299	0.00507	0.00324	0.00661
69	0.00734	0.00545	0.00802	0.00802	0.00885	0.00629	0.00613	0.00901	0.00818	0.01174	0.01396	0.02133	0.01334	0.10663	0.73189	0.00796	0.01298	0.00567	0.00278	0.00445
70	0.02224	0.00856	0.01166	0.00900	0.01283	0.00741	0.00741	0.02424	0.01468	0.75285	0.05832	0.01850	0.01448	0.00656	0.00520	0.00159	0.00427	0.00537	0.00632	0.00854
71	0.01252	0.01201	0.02051	0.07702	0.74352	0.01214	0.01566	0.01559	0.01160	0.01655	0.00962	0.01276	0.00805	0.00460	0.00508	0.00153	0.00614	0.00457	0.00252	0.00799
72	0.01774	0.02188	0.01477	0.01324	0.01543	0.64338	0.01015	0.03239	0.01350	0.01287	0.00779	0.00966	0.00667	0.00597	0.00685	0.00149	0.15413	0.00354	0.00262	0.00594
73	0.00739	0.00494	0.00562	0.00569	0.00570	0.00493	0.00321	0.00744	0.00760	0.01013	0.01688	0.07951	0.01955	0.77252	0.02497	0.00480	0.00486	0.00788	0.00321	0.00317
74	0.07792	0.01287	0.01354	0.01095	0.01460	0.01443	0.00888	0.46256	0.26638	0.04172	0.01485	0.01433	0.01081	0.00632	0.00502	0.00161	0.00499	0.00488	0.00504	0.00830
75	0.60429	0.07599	0.01109	0.00948	0.07010	0.03697	0.00713	0.07672	0.01071	0.04645	0.00819	0.00930	0.00635	0.00490	0.00360	0.00153	0.00456	0.00315	0.00329	0.00620
76	0.01332	0.01090	0.01175	0.00876	0.01308	0.05410	0.00703	0.14275	0.02582	0.06021	0.01037	0.01134	0.00813	0.00447	0.00417	0.00098	0.00446	0.00348	0.00358	0.60126
77	0.00723	0.00524	0.00682	0.00642	0.00765	0.00483	0.00482	0.00962	0.01445	0.02041	0.76637	0.03861	0.06711	0.01055	0.00605	0.00162	0.00243	0.00932	0.00563	0.00483
78	0.00956	0.00478	0.00478	0.00478	0.00598	0.00478	0.00359	0.01196	0.01076	0.01913	0.01674	0.01913	0.01315	0.00598	0.00359	0.00120	0.00239	0.00478	0.84816	0.00478
79	0.00746	0.00497	0.00560	0.00560	0.00560	0.00497	0.00311	0.00746	0.00746	0.00995	0.01617	0.03358	0.01865	0.81967	0.02612	0.00497	0.00497	0.00746	0.00311	0.00311
80	0.01020	0.10481	0.06706	0.66323	0.03191	0.01247	0.01392	0.01358	0.01032	0.01319	0.00889	0.01286	0.00679	0.00503	0.00490	0.00163	0.00673	0.00430	0.00226	0.00592
81	0.01114	0.01110	0.01570	0.05915	0.01473	0.01547	0.01140	0.01239	0.00800	0.01239	0.00687	0.01137	0.00674	0.00876	0.01617	0.00221	0.76405	0.00449	0.00225	0.00562
