[name]
unknown

[dist]
# distance from previous block
# <min> <max>
18	66

[block]
# block no. 0 follows, 48 sequences, length 34
# corresponding to MSA columns:
# 87-120
name=unknown_A
#
# <colnr> <probs for GDERKNQSTAVLIFYWHMCP>
#	G	D	E	R	K	N	Q	S	T	A	V	L	I	F	Y	W	H	M	C	P
0	0.14783	0.04480	0.04817	0.05490	0.01420	0.03671	0.02353	0.12391	0.03049	0.06897	0.01159	0.06139	0.00966	0.00663	0.02701	0.00156	0.02140	0.00446	0.02200	0.24077
1	0.10154	0.07936	0.01288	0.02083	0.01268	0.08782	0.03248	0.11195	0.02661	0.04355	0.01616	0.07161	0.10179	0.00987	0.06938	0.00210	0.09794	0.00554	0.00355	0.09235
2	0.04536	0.00977	0.01169	0.10865	0.01499	0.01056	0.00822	0.17204	0.12739	0.08848	0.01699	0.06396	0.06768	0.05561	0.02190	0.00193	0.05935	0.00578	0.00417	0.10549
3	0.02324	0.00721	0.00924	0.12925	0.01322	0.00773	0.00702	0.02663	0.12209	0.04433	0.04715	0.25633	0.09025	0.07709	0.00837	0.03328	0.03933	0.00858	0.00410	0.04555
4	0.01368	0.01090	0.01128	0.00972	0.01248	0.05925	0.00763	0.19613	0.30390	0.06326	0.17697	0.03846	0.05825	0.00785	0.00540	0.00164	0.00434	0.00648	0.00516	0.00722
5	0.00719	0.00503	0.00575	0.00599	0.00679	0.00481	0.00411	0.00833	0.01015	0.01396	0.07119	0.23680	0.23007	0.19794	0.01065	0.00249	0.02211	0.00980	0.14270	0.00414
6	0.01906	0.01539	0.01529	0.04503	0.01671	0.11164	0.00996	0.64723	0.02238	0.02912	0.01165	0.01200	0.00839	0.00601	0.00507	0.00152	0.00614	0.00446	0.00471	0.00826
7	0.00726	0.00524	0.00686	0.00646	0.00767	0.00484	0.00484	0.00968	0.01452	0.02058	0.78496	0.03833	0.04841	0.01049	0.00605	0.00161	0.00242	0.00928	0.00565	0.00484
8	0.01275	0.00880	0.01047	0.02368	0.04694	0.00921	0.00733	0.06296	0.29756	0.15019	0.10403	0.11583	0.09496	0.02413	0.00592	0.00178	0.00392	0.00745	0.00514	0.00695
9	0.04729	0.68175	0.07626	0.01029	0.05193	0.03435	0.00969	0.01553	0.01053	0.01303	0.00741	0.00865	0.00661	0.00446	0.00351	0.00118	0.00567	0.00292	0.00226	0.00667
10	0.00751	0.00531	0.00675	0.00669	0.00700	0.00574	0.00443	0.00816	0.00774	0.01067	0.01511	0.02848	0.01638	0.53562	0.28642	0.00601	0.02862	0.00672	0.00297	0.00367
11	0.85592	0.00992	0.00754	0.00675	0.00992	0.01151	0.00556	0.01508	0.00873	0.02302	0.00714	0.00834	0.00556	0.00476	0.00318	0.00159	0.00397	0.00278	0.00318	0.00556
12	0.02302	0.00873	0.01191	0.00913	0.01310	0.00754	0.00754	0.02501	0.01469	0.79122	0.02024	0.01746	0.01270	0.00635	0.00516	0.00159	0.00437	0.00516	0.00635	0.00873
13	0.01484	0.00895	0.01107	0.01039	0.06574	0.00901	0.00759	0.02130	0.28268	0.28308	0.13226	0.02372	0.09134	0.00766	0.00539	0.00165	0.00393	0.00647	0.00544	0.00750
14	0.79218	0.00983	0.00788	0.00693	0.01017	0.01121	0.00571	0.01584	0.00919	0.08181	0.00815	0.00903	0.00610	0.00488	0.00333	0.00159	0.00400	0.00296	0.00342	0.00580
15	0.07293	0.62841	0.02333	0.00933	0.01334	0.13175	0.00870	0.01642	0.03252	0.01317	0.00764	0.00869	0.00677	0.00462	0.00353	0.00118	0.00588	0.00291	0.00241	0.00646
16	0.83234	0.00989	0.00767	0.00682	0.01001	0.01140	0.00561	0.01536	0.00890	0.04476	0.00752	0.00859	0.00576	0.00481	0.00323	0.00159	0.00398	0.00285	0.00327	0.00565
17	0.00929	0.00883	0.07803	0.06109	0.08416	0.00751	0.00796	0.07279	0.01271	0.03934	0.15855	0.13529	0.24026	0.02468	0.00628	0.00177	0.01845	0.00851	0.01888	0.00562
18	0.01211	0.07996	0.04699	0.13599	0.05448	0.05691	0.03222	0.06318	0.08080	0.01575	0.04205	0.01372	0.00983	0.00683	0.00891	0.00177	0.27924	0.00465	0.04830	0.00631
19	0.00725	0.00540	0.00782	0.00786	0.00871	0.00612	0.00597	0.00887	0.00837	0.01186	0.01593	0.05385	0.04258	0.10380	0.67239	0.00748	0.01215	0.00622	0.00293	0.00443
20	0.01374	0.76788	0.05680	0.00914	0.01361	0.04282	0.00922	0.01555	0.01056	0.01225	0.00724	0.00836	0.00658	0.00444	0.00339	0.00112	0.00568	0.00280	0.00221	0.00661
21	0.01301	0.01114	0.01174	0.01049	0.01344	0.01288	0.00818	0.05420	0.75106	0.02186	0.02057	0.01890	0.01541	0.00693	0.00522	0.00173	0.00412	0.00576	0.00522	0.00814
22	0.04455	0.01070	0.05968	0.02200	0.03891	0.02457	0.02375	0.18862	0.04581	0.19573	0.18363	0.02131	0.05571	0.01921	0.00591	0.02015	0.00460	0.00599	0.00489	0.02429
23	0.01906	0.00899	0.01169	0.00894	0.01285	0.00786	0.00732	0.05363	0.01374	0.52763	0.01673	0.01561	0.01121	0.00711	0.03752	0.00168	0.02126	0.00464	0.00528	0.20726
24	0.00619	0.00523	0.00538	0.00542	0.00712	0.00442	0.00412	0.00757	0.01177	0.01408	0.06749	0.04952	0.73391	0.01299	0.00611	0.00176	0.00269	0.04508	0.00478	0.00436
25	0.01201	0.01365	0.02968	0.05311	0.02716	0.01291	0.73879	0.01630	0.01204	0.01630	0.01033	0.01383	0.00775	0.00436	0.00602	0.00173	0.00858	0.00600	0.00258	0.00687
26	0.01915	0.01301	0.05106	0.01388	0.12159	0.01281	0.01037	0.41732	0.01908	0.24782	0.01409	0.01378	0.00968	0.00594	0.00512	0.00156	0.00543	0.00473	0.00499	0.00859
27	0.02165	0.00924	0.01202	0.00940	0.01324	0.00851	0.00770	0.05625	0.10642	0.66763	0.01999	0.01745	0.01289	0.00642	0.00517	0.00160	0.00438	0.00521	0.00617	0.00866
28	0.00624	0.00520	0.00544	0.00538	0.00704	0.00441	0.00404	0.00770	0.01211	0.01485	0.15949	0.04776	0.67746	0.01263	0.00606	0.00172	0.00257	0.01060	0.00489	0.00441
29	0.01521	0.57827	0.03888	0.01014	0.01412	0.22694	0.00931	0.03196	0.01180	0.01269	0.00749	0.00864	0.00663	0.00467	0.00372	0.00118	0.00653	0.00295	0.00237	0.00648
30	0.05173	0.08748	0.03101	0.01001	0.01374	0.03726	0.03833	0.10780	0.05357	0.40884	0.03166	0.01579	0.01173	0.00856	0.06712	0.00206	0.00569	0.00486	0.00497	0.00777
31	0.00943	0.00480	0.00480	0.00480	0.00602	0.00476	0.00360	0.01177	0.01080	0.01892	0.01814	0.02033	0.04387	0.00626	0.00369	0.00122	0.00240	0.00502	0.81462	0.00476
32	0.03328	0.01169	0.01299	0.02405	0.01411	0.07712	0.00841	0.20009	0.02817	0.29474	0.01368	0.01365	0.00963	0.00621	0.00618	0.01677	0.07773	0.00442	0.00462	0.14245
33	0.03726	0.02896	0.08664	0.07974	0.01557	0.05806	0.00928	0.15073	0.10114	0.19934	0.02632	0.01518	0.01084	0.02184	0.00597	0.03282	0.01604	0.00470	0.05746	0.04209

[dist]
# distance from previous block
# <min> <max>
0	8

[block]
# block no. 1 follows, 48 sequences, length 8
# corresponding to MSA columns:
# 129-136
name=unknown_B
#
# <colnr> <probs for GDERKNQSTAVLIFYWHMCP>
#	G	D	E	R	K	N	Q	S	T	A	V	L	I	F	Y	W	H	M	C	P
0	0.41443	0.01017	0.01104	0.16744	0.06025	0.01164	0.00849	0.10427	0.06381	0.03971	0.02808	0.01215	0.00846	0.00535	0.00417	0.00160	0.00478	0.00394	0.03391	0.00631
1	0.37040	0.03791	0.01115	0.05097	0.01320	0.01055	0.04432	0.04336	0.07248	0.09347	0.01302	0.01367	0.05550	0.00547	0.00413	0.00147	0.00440	0.00411	0.00368	0.14675
2	0.39849	0.00805	0.00706	0.00635	0.00873	0.00893	0.00508	0.08556	0.01110	0.02217	0.01192	0.01353	0.00925	0.00544	0.00355	0.00141	0.00342	0.00385	0.38061	0.00551
3	0.01072	0.00967	0.01482	0.33702	0.02262	0.01154	0.07100	0.08517	0.04761	0.01620	0.09423	0.04308	0.01321	0.00872	0.05169	0.00216	0.14576	0.00562	0.00318	0.00598
4	0.00701	0.00510	0.00660	0.00650	0.00758	0.00469	0.00477	0.00910	0.01353	0.01887	0.60907	0.17632	0.08840	0.01162	0.00614	0.00170	0.00253	0.01031	0.00544	0.00469
5	0.01040	0.00894	0.01106	0.09717	0.06416	0.04615	0.00833	0.04098	0.11760	0.04363	0.07523	0.10709	0.14185	0.01232	0.09256	0.00248	0.10306	0.00721	0.00392	0.00585
6	0.00731	0.00497	0.00583	0.00588	0.00610	0.00488	0.00354	0.00778	0.00880	0.01192	0.13764	0.11007	0.02479	0.61528	0.02108	0.00417	0.00438	0.00844	0.00367	0.00348
7	0.01160	0.00969	0.01115	0.00805	0.01256	0.00782	0.00648	0.09463	0.01209	0.01840	0.00946	0.01082	0.00772	0.00405	0.00394	0.00084	0.00400	0.00321	0.00327	0.76020

[dist]
# distance from previous block
# <min> <max>
1	2

[block]
# block no. 2 follows, 48 sequences, length 33
# corresponding to MSA columns:
# 139-171
name=unknown_C
#
# <colnr> <probs for GDERKNQSTAVLIFYWHMCP>
#	G	D	E	R	K	N	Q	S	T	A	V	L	I	F	Y	W	H	M	C	P
0	0.76516	0.00966	0.00801	0.03584	0.02652	0.01115	0.00603	0.01462	0.00890	0.02203	0.00835	0.04990	0.00711	0.00535	0.00346	0.00162	0.00406	0.00348	0.00321	0.00554
1	0.01397	0.14127	0.08886	0.02927	0.21337	0.12618	0.03739	0.07024	0.19494	0.01749	0.01184	0.01290	0.00932	0.00535	0.00479	0.00150	0.00617	0.00438	0.00328	0.00749
2	0.00809	0.00668	0.00851	0.00843	0.00941	0.05699	0.00647	0.00980	0.00861	0.01185	0.01350	0.02015	0.01273	0.07628	0.70905	0.00764	0.01301	0.00546	0.00276	0.00459
3	0.00625	0.00447	0.00595	0.00714	0.00744	0.00417	0.00476	0.00714	0.00982	0.01310	0.02828	0.81633	0.03394	0.01608	0.00655	0.00208	0.00298	0.01459	0.00476	0.00417
4	0.01276	0.01102	0.01160	0.01044	0.01334	0.01276	0.00812	0.02727	0.77840	0.02146	0.02088	0.01914	0.01566	0.00696	0.00522	0.00174	0.00406	0.00580	0.00522	0.00812
5	0.18198	0.00896	0.01107	0.00867	0.01249	0.00830	0.00716	0.02311	0.01355	0.64461	0.01774	0.01572	0.01134	0.00605	0.00478	0.00159	0.00429	0.00471	0.00574	0.00813
6	0.01350	0.01095	0.01232	0.01194	0.07179	0.01234	0.00866	0.02623	0.66552	0.07653	0.01999	0.01854	0.01488	0.00674	0.00521	0.00171	0.00424	0.00566	0.00510	0.00817
7	0.00660	0.00501	0.00607	0.00624	0.00737	0.00449	0.00452	0.00823	0.01231	0.01634	0.33878	0.25736	0.28238	0.01285	0.00619	0.00178	0.00263	0.01125	0.00512	0.00449
8	0.00858	0.00686	0.00926	0.07210	0.01048	0.00823	0.00653	0.00933	0.00803	0.01126	0.02820	0.03642	0.01441	0.38471	0.12664	0.04543	0.20034	0.00625	0.00282	0.00413
9	0.00629	0.00452	0.00597	0.00706	0.00744	0.00420	0.00474	0.00725	0.01007	0.01343	0.05977	0.76118	0.05756	0.01575	0.00651	0.00205	0.00294	0.01426	0.00480	0.00420
10	0.01232	0.01080	0.01816	0.31903	0.45152	0.01156	0.01460	0.01543	0.01137	0.07116	0.01022	0.01341	0.00798	0.00491	0.00510	0.00160	0.00625	0.00461	0.00272	0.00727
11	0.01882	0.01401	0.01502	0.01159	0.01564	0.01544	0.00954	0.70142	0.07080	0.03119	0.01276	0.01269	0.00913	0.00614	0.00510	0.00153	0.00549	0.00465	0.00508	0.03397
12	0.49565	0.01370	0.01063	0.08640	0.02754	0.22152	0.00791	0.01615	0.01045	0.01864	0.00772	0.00950	0.00619	0.00576	0.02094	0.00169	0.02779	0.00323	0.00290	0.00570
13	0.00737	0.00546	0.00692	0.00666	0.00797	0.00510	0.00509	0.01003	0.03695	0.01950	0.62848	0.04035	0.12550	0.01092	0.00610	0.00168	0.00266	0.06290	0.00547	0.00488
14	0.00940	0.00753	0.04241	0.00772	0.00975	0.00685	0.00622	0.01407	0.16439	0.07444	0.37767	0.07878	0.13505	0.01077	0.03012	0.00188	0.00352	0.00846	0.00520	0.00577
15	0.00632	0.00452	0.00602	0.00709	0.00746	0.00422	0.00477	0.00733	0.01016	0.01364	0.08276	0.76031	0.03498	0.01567	0.00651	0.00205	0.00294	0.01420	0.00483	0.00422
16	0.01194	0.30897	0.18786	0.01007	0.01394	0.11780	0.01007	0.01437	0.01141	0.01424	0.13339	0.01543	0.02663	0.00809	0.04029	0.05594	0.00621	0.00446	0.00287	0.00604
17	0.00672	0.00522	0.00611	0.00589	0.00733	0.00461	0.00442	0.00864	0.01325	0.01755	0.45479	0.04331	0.38047	0.01162	0.00606	0.00167	0.00250	0.00998	0.00525	0.00461
18	0.01240	0.12695	0.28552	0.01365	0.01858	0.01323	0.13899	0.03305	0.06909	0.06538	0.01046	0.01210	0.00797	0.00544	0.00633	0.00159	0.10706	0.00432	0.00287	0.06503
19	0.01162	0.02777	0.23755	0.11400	0.22721	0.01104	0.04454	0.03182	0.02272	0.03608	0.00983	0.01205	0.00760	0.00467	0.00478	0.00142	0.00614	0.00410	0.00270	0.18236
20	0.64601	0.03457	0.00997	0.00923	0.05294	0.14505	0.00693	0.01604	0.00992	0.02062	0.00741	0.00872	0.00590	0.00483	0.00353	0.00153	0.00502	0.00296	0.00302	0.00579
21	0.02287	0.00898	0.01206	0.00925	0.01322	0.00791	0.00764	0.05765	0.01510	0.75800	0.01990	0.01724	0.01253	0.00634	0.00516	0.00159	0.00442	0.00514	0.00630	0.00873
22	0.01106	0.00937	0.01179	0.21168	0.04146	0.01067	0.00917	0.01963	0.39066	0.03726	0.11605	0.02212	0.07269	0.00729	0.00536	0.00171	0.00452	0.00623	0.00444	0.00684
23	0.00623	0.00498	0.00558	0.00590	0.00715	0.00433	0.00424	0.00751	0.01140	0.01426	0.11310	0.27703	0.49289	0.01368	0.00621	0.00183	0.00270	0.01181	0.00485	0.00433
24	0.00635	0.00460	0.00607	0.00705	0.00751	0.00432	0.00480	0.00741	0.01015	0.01356	0.07720	0.69251	0.07234	0.01654	0.04126	0.00231	0.00339	0.01366	0.00473	0.00424
25	0.79402	0.00983	0.00787	0.00692	0.01016	0.01122	0.00570	0.01582	0.00917	0.08011	0.00812	0.00901	0.00609	0.00488	0.00332	0.00159	0.00400	0.00296	0.00341	0.00579
26	0.67724	0.01087	0.00922	0.00783	0.01120	0.01245	0.00645	0.17647	0.01202	0.02501	0.00825	0.00919	0.00623	0.00506	0.00359	0.00158	0.00433	0.00317	0.00359	0.00623
27	0.01377	0.01040	0.01189	0.05684	0.01440	0.01090	0.00804	0.11484	0.36198	0.10168	0.05567	0.01702	0.01398	0.00622	0.00495	0.00149	0.00432	0.00512	0.00473	0.18175
28	0.01113	0.01040	0.03324	0.51013	0.23075	0.02483	0.01406	0.01432	0.01090	0.04826	0.01038	0.04064	0.00834	0.00540	0.00515	0.00166	0.00646	0.00489	0.00261	0.00647
29	0.00877	0.01020	0.09679	0.01270	0.01573	0.00813	0.26848	0.01152	0.01114	0.01483	0.02405	0.28428	0.14774	0.01024	0.00615	0.00187	0.00544	0.05264	0.00375	0.00553
30	0.08589	0.02152	0.55547	0.06289	0.04671	0.01163	0.01600	0.04936	0.01142	0.05720	0.00993	0.01147	0.00708	0.00503	0.00474	0.00161	0.00679	0.00391	0.02403	0.00734
31	0.01372	0.82276	0.02689	0.00878	0.01317	0.02030	0.00878	0.01536	0.01043	0.01207	0.00713	0.00823	0.00658	0.00439	0.00329	0.00110	0.00549	0.00274	0.00219	0.00658
32	0.00734	0.00546	0.00808	0.00808	0.00893	0.00632	0.00620	0.00905	0.00820	0.01179	0.01390	0.02102	0.01320	0.08840	0.74994	0.00804	0.01318	0.00562	0.00277	0.00449

[dist]
# distance from previous block
# <min> <max>
3	5

[block]
# block no. 3 follows, 48 sequences, length 50
# corresponding to MSA columns:
# 177-226
name=unknown_D
#
# <colnr> <probs for GDERKNQSTAVLIFYWHMCP>
#	G	D	E	R	K	N	Q	S	T	A	V	L	I	F	Y	W	H	M	C	P
0	0.01573	0.03177	0.01617	0.05884	0.01682	0.05707	0.10890	0.37809	0.01701	0.04825	0.01135	0.01392	0.00893	0.05669	0.00818	0.05894	0.05695	0.00482	0.00391	0.02764
1	0.01499	0.07424	0.04361	0.19971	0.05504	0.04004	0.01070	0.29866	0.05548	0.06665	0.01182	0.03047	0.00909	0.00664	0.00595	0.05545	0.00584	0.00468	0.00381	0.00714
2	0.00999	0.05641	0.02914	0.62178	0.08722	0.01156	0.03145	0.01319	0.01040	0.01345	0.01029	0.06397	0.00865	0.00571	0.00513	0.00168	0.00652	0.00511	0.00246	0.00589
3	0.00891	0.00446	0.00668	0.00668	0.00668	0.00446	0.00446	0.00668	0.00668	0.00891	0.00891	0.01560	0.00891	0.01783	0.02005	0.85071	0.00446	0.00446	0.00223	0.00223
4	0.00733	0.00550	0.00825	0.00825	0.00916	0.00641	0.00641	0.00916	0.00825	0.01191	0.01374	0.02016	0.01283	0.03848	0.79934	0.00825	0.01374	0.00550	0.00275	0.00458
5	0.00783	0.00557	0.00716	0.00676	0.00807	0.00527	0.00507	0.01077	0.05376	0.03719	0.68068	0.08604	0.04501	0.01057	0.00602	0.00165	0.00258	0.00934	0.00559	0.00505
6	0.00722	0.00524	0.00648	0.00626	0.00758	0.00471	0.00466	0.00922	0.01341	0.03495	0.52010	0.10969	0.22849	0.01152	0.00608	0.00168	0.00256	0.01004	0.00537	0.00474
7	0.00723	0.00489	0.00650	0.00707	0.00780	0.00453	0.00497	0.00865	0.01144	0.04488	0.25037	0.53951	0.03728	0.01402	0.00636	0.00193	0.00291	0.03001	0.00508	0.00455
8	0.02290	0.00892	0.01202	0.00922	0.01319	0.00782	0.00762	0.04983	0.01500	0.76595	0.01998	0.01729	0.01257	0.00634	0.00516	0.00159	0.00441	0.00514	0.00631	0.00873
9	0.01117	0.07670	0.68680	0.01415	0.02116	0.07096	0.01764	0.01651	0.01108	0.01571	0.00898	0.01055	0.00651	0.00487	0.00476	0.00157	0.00757	0.00369	0.00220	0.00740
10	0.16520	0.18577	0.01619	0.01135	0.01450	0.48321	0.02545	0.01840	0.01262	0.01438	0.00768	0.00898	0.00644	0.00499	0.00413	0.00133	0.00754	0.00316	0.00264	0.00603
11	0.01850	0.00961	0.06046	0.00923	0.01287	0.00806	0.00792	0.02238	0.11106	0.52636	0.13720	0.02047	0.01817	0.00697	0.00529	0.00161	0.00423	0.00579	0.00584	0.00798
12	0.01311	0.01304	0.11193	0.03838	0.06422	0.02910	0.02866	0.09198	0.36999	0.06170	0.08532	0.01793	0.01523	0.00665	0.00557	0.00168	0.02792	0.00551	0.00445	0.00762
13	0.17872	0.40113	0.03768	0.04807	0.01451	0.21827	0.00895	0.01654	0.01116	0.01448	0.00749	0.00884	0.00640	0.00474	0.00374	0.00129	0.00628	0.00301	0.00250	0.00620
14	0.00978	0.00581	0.00764	0.00686	0.00853	0.00527	0.00526	0.01211	0.01449	0.14473	0.64616	0.03520	0.05820	0.00988	0.00591	0.00161	0.00274	0.00865	0.00574	0.00546
15	0.75639	0.01106	0.04914	0.00777	0.01127	0.01174	0.02814	0.04385	0.00952	0.02284	0.00754	0.00877	0.00579	0.00481	0.00342	0.00159	0.00435	0.00299	0.00318	0.00582
16	0.00625	0.00517	0.00548	0.00549	0.00707	0.00440	0.00408	0.00770	0.01202	0.01482	0.16011	0.08742	0.63670	0.01278	0.00609	0.00173	0.00259	0.01079	0.00490	0.00440
17	0.01271	0.01110	0.02975	0.06093	0.06357	0.01215	0.00904	0.07103	0.55005	0.03629	0.03245	0.01963	0.05455	0.00696	0.00525	0.00170	0.00444	0.00583	0.00480	0.00776
18	0.85592	0.00992	0.00754	0.00675	0.00992	0.01151	0.00556	0.01508	0.00873	0.02302	0.00714	0.00834	0.00556	0.00476	0.00318	0.00159	0.00397	0.00278	0.00318	0.00556
19	0.80263	0.01007	0.00838	0.00831	0.05907	0.01155	0.00620	0.01512	0.00892	0.02263	0.00730	0.00861	0.00572	0.00475	0.00330	0.00158	0.00410	0.00289	0.00314	0.00572
20	0.85592	0.00992	0.00754	0.00675	0.00992	0.01151	0.00556	0.01508	0.00873	0.02302	0.00714	0.00834	0.00556	0.00476	0.00318	0.00159	0.00397	0.00278	0.00318	0.00556
21	0.01022	0.01430	0.31758	0.00997	0.01415	0.00824	0.01072	0.01443	0.05129	0.09948	0.24721	0.02599	0.13915	0.00804	0.00545	0.00164	0.00477	0.00674	0.00419	0.00642
22	0.00647	0.00521	0.00576	0.00563	0.00718	0.00450	0.00422	0.00815	0.01266	0.01614	0.30117	0.04562	0.53497	0.01214	0.00606	0.00169	0.00254	0.01030	0.00507	0.00450
23	0.01582	0.46579	0.02123	0.01062	0.01424	0.32717	0.00919	0.01800	0.05179	0.01275	0.00816	0.00920	0.00706	0.00488	0.00392	0.00122	0.00690	0.00312	0.00253	0.00641
24	0.85592	0.00992	0.00754	0.00675	0.00992	0.01151	0.00556	0.01508	0.00873	0.02302	0.00714	0.00834	0.00556	0.00476	0.00318	0.00159	0.00397	0.00278	0.00318	0.00556
25	0.01182	0.01324	0.02810	0.10072	0.02706	0.01294	0.65764	0.01591	0.01173	0.01591	0.01008	0.01370	0.00764	0.00462	0.00646	0.00175	0.04554	0.00583	0.00255	0.00674
26	0.71712	0.00991	0.00838	0.00723	0.01055	0.01113	0.00596	0.04156	0.01004	0.12566	0.00906	0.00968	0.00661	0.00502	0.00350	0.00159	0.00408	0.00316	0.00366	0.00609
27	0.13291	0.03383	0.13387	0.02395	0.01241	0.00899	0.00842	0.12459	0.01213	0.01812	0.01831	0.34641	0.01950	0.01022	0.00543	0.00181	0.00452	0.05495	0.00401	0.02561
28	0.03444	0.01317	0.13550	0.02204	0.43371	0.01072	0.01372	0.01751	0.01215	0.18630	0.01295	0.01621	0.01017	0.00562	0.00515	0.00161	0.00581	0.05185	0.00347	0.00790
29	0.00746	0.00497	0.00560	0.00560	0.00560	0.00497	0.00311	0.00746	0.00746	0.00995	0.01617	0.03358	0.01865	0.81967	0.02612	0.00497	0.00497	0.00746	0.00311	0.00311
30	0.00726	0.00524	0.00686	0.00646	0.00767	0.00484	0.00484	0.00968	0.01452	0.02058	0.78496	0.03833	0.04841	0.01049	0.00605	0.00161	0.00242	0.00928	0.00565	0.00484
31	0.00985	0.01070	0.09573	0.04567	0.09545	0.02631	0.13818	0.04162	0.02775	0.01866	0.36202	0.03804	0.05247	0.00784	0.00572	0.00163	0.00491	0.00723	0.00416	0.00607
32	0.01045	0.01063	0.05582	0.57551	0.08785	0.01172	0.02996	0.01560	0.12184	0.01483	0.01090	0.01425	0.00822	0.00532	0.00515	0.00170	0.00646	0.00473	0.00273	0.00636
33	0.00867	0.00796	0.06230	0.05611	0.07357	0.00672	0.00648	0.00998	0.00886	0.01239	0.01453	0.03865	0.03113	0.47032	0.03468	0.00355	0.00528	0.00624	0.00299	0.13959
34	0.01453	0.54155	0.05862	0.01092	0.05400	0.09016	0.00967	0.10701	0.01241	0.01489	0.00813	0.00945	0.00701	0.00523	0.00444	0.03346	0.00594	0.00323	0.00261	0.00675
35	0.01142	0.09677	0.37309	0.01385	0.10704	0.01136	0.01349	0.04384	0.01164	0.03294	0.05257	0.01248	0.00948	0.00496	0.00460	0.00137	0.00598	0.00399	0.00279	0.18634
36	0.01091	0.01099	0.05762	0.36675	0.26787	0.01109	0.07361	0.01427	0.01133	0.03268	0.06887	0.01584	0.02497	0.00545	0.00526	0.00164	0.00632	0.00513	0.00277	0.00664
37	0.01270	0.01219	0.02083	0.03149	0.78767	0.01219	0.01575	0.01575	0.01168	0.01676	0.00965	0.01270	0.00813	0.00457	0.00508	0.00152	0.00610	0.00457	0.00254	0.00813
38	0.01917	0.02445	0.01454	0.01322	0.01586	0.79907	0.00991	0.02049	0.01454	0.01256	0.00793	0.00925	0.00661	0.00529	0.00463	0.00132	0.00925	0.00330	0.00264	0.00595
39	0.00698	0.00523	0.00647	0.00616	0.00749	0.00472	0.00462	0.00914	0.01387	0.01901	0.61450	0.04090	0.21984	0.01107	0.00605	0.00164	0.00246	0.00964	0.00544	0.00472
40	0.00827	0.00591	0.00827	0.00945	0.01063	0.00591	0.00827	0.01063	0.01181	0.01536	0.02717	0.05788	0.02953	0.01417	0.00709	0.00236	0.00472	0.75313	0.00472	0.00472
41	0.00726	0.00524	0.00686	0.00646	0.00767	0.00484	0.00484	0.00968	0.01452	0.02058	0.78496	0.03833	0.04841	0.01049	0.00605	0.00161	0.00242	0.00928	0.00565	0.00484
42	0.01951	0.01437	0.01540	0.01181	0.01591	0.01591	0.00975	0.77056	0.02412	0.03234	0.01232	0.01232	0.00873	0.00616	0.00513	0.00154	0.00565	0.00462	0.00513	0.00873
43	0.00891	0.00446	0.00668	0.00668	0.00668	0.00446	0.00446	0.00668	0.00668	0.00891	0.00891	0.01560	0.00891	0.01783	0.02005	0.85071	0.00446	0.00446	0.00223	0.00223
44	0.01917	0.02445	0.01454	0.01322	0.01586	0.79907	0.00991	0.02049	0.01454	0.01256	0.00793	0.00925	0.00661	0.00529	0.00463	0.00132	0.00925	0.00330	0.00264	0.00595
45	0.01283	0.01163	0.04717	0.06742	0.04948	0.01167	0.25382	0.04511	0.12021	0.10447	0.06954	0.01709	0.03069	0.00659	0.00733	0.01764	0.11101	0.00574	0.00366	0.00688
46	0.01318	0.01123	0.01184	0.01053	0.01350	0.01296	0.00822	0.07307	0.73192	0.02213	0.02036	0.01872	0.01524	0.00691	0.00522	0.00173	0.00416	0.00573	0.00522	0.00816
47	0.83533	0.00990	0.00773	0.02623	0.01054	0.01151	0.00577	0.01503	0.00877	0.02278	0.00719	0.00847	0.00559	0.00477	0.00322	0.00159	0.00404	0.00282	0.00315	0.00556
48	0.02026	0.18115	0.03011	0.00957	0.01354	0.06070	0.00830	0.04042	0.01380	0.52933	0.01603	0.01463	0.01070	0.00589	0.00497	0.00148	0.02157	0.00448	0.00505	0.00802
49	0.00956	0.00478	0.00478	0.00478	0.00598	0.00478	0.00359	0.01196	0.01076	0.01913	0.01674	0.01913	0.01315	0.00598	0.00359	0.00120	0.00239	0.00478	0.84816	0.00478

[dist]
# distance from previous block
# <min> <max>
0	1

[block]
# block no. 4 follows, 48 sequences, length 6
# corresponding to MSA columns:
# 228-233
name=unknown_E
#
# <colnr> <probs for GDERKNQSTAVLIFYWHMCP>
#	G	D	E	R	K	N	Q	S	T	A	V	L	I	F	Y	W	H	M	C	P
0	0.00909	0.00813	0.06025	0.04792	0.03542	0.03147	0.00726	0.06052	0.03532	0.03943	0.05930	0.43158	0.04827	0.01403	0.05877	0.02882	0.00473	0.01020	0.00425	0.00522
1	0.85592	0.00992	0.00754	0.00675	0.00992	0.01151	0.00556	0.01508	0.00873	0.02302	0.00714	0.00834	0.00556	0.00476	0.00318	0.00159	0.00397	0.00278	0.00318	0.00556
2	0.01372	0.82276	0.02689	0.00878	0.01317	0.02030	0.00878	0.01536	0.01043	0.01207	0.00713	0.00823	0.00658	0.00439	0.00329	0.00110	0.00549	0.00274	0.00219	0.00658
3	0.01029	0.02654	0.79309	0.01462	0.02221	0.01192	0.01896	0.01625	0.01083	0.01625	0.00921	0.01083	0.00650	0.00487	0.00487	0.00162	0.00758	0.00379	0.00217	0.00758
4	0.00956	0.00478	0.00478	0.00478	0.00598	0.00478	0.00359	0.01196	0.01076	0.01913	0.01674	0.01913	0.01315	0.00598	0.00359	0.00120	0.00239	0.00478	0.84816	0.00478
5	0.00969	0.00912	0.01539	0.80734	0.03534	0.01140	0.01425	0.01311	0.01026	0.01311	0.00912	0.01368	0.00684	0.00513	0.00513	0.00171	0.00684	0.00456	0.00228	0.00570

[dist]
# distance from previous block
# <min> <max>
0	1

[block]
# block no. 5 follows, 48 sequences, length 26
# corresponding to MSA columns:
# 235-247,251-254,256-264
name=unknown_F
#
# <colnr> <probs for GDERKNQSTAVLIFYWHMCP>
#	G	D	E	R	K	N	Q	S	T	A	V	L	I	F	Y	W	H	M	C	P
0	0.01064	0.00912	0.01064	0.00760	0.01216	0.00684	0.00608	0.01292	0.01064	0.01672	0.00912	0.01064	0.00760	0.00380	0.00380	0.00076	0.00380	0.00304	0.00304	0.85104
1	0.01009	0.04420	0.01629	0.71474	0.09102	0.01184	0.01413	0.01340	0.01037	0.01334	0.00907	0.01337	0.00693	0.00506	0.00505	0.00167	0.00673	0.00448	0.00230	0.00592
2	0.00625	0.00447	0.00595	0.00714	0.00744	0.00417	0.00476	0.00714	0.00982	0.01310	0.02828	0.81633	0.03394	0.01608	0.00655	0.00208	0.00298	0.01459	0.00476	0.00417
3	0.00698	0.00519	0.00650	0.00625	0.00752	0.00471	0.00466	0.00911	0.01374	0.01892	0.60686	0.08149	0.18659	0.01126	0.00608	0.00166	0.00248	0.00985	0.00544	0.00471
4	0.85592	0.00992	0.00754	0.00675	0.00992	0.01151	0.00556	0.01508	0.00873	0.02302	0.00714	0.00834	0.00556	0.00476	0.00318	0.00159	0.00397	0.00278	0.00318	0.00556
5	0.00746	0.00497	0.00560	0.00560	0.00560	0.00497	0.00311	0.00746	0.00746	0.00995	0.01617	0.03358	0.01865	0.81967	0.02612	0.00497	0.00497	0.00746	0.00311	0.00311
6	0.00635	0.00500	0.00573	0.00599	0.00722	0.00438	0.00432	0.00774	0.01170	0.01493	0.18508	0.26577	0.43079	0.01339	0.00620	0.00181	0.00267	0.01160	0.00493	0.00438
7	0.31114	0.39119	0.01790	0.04987	0.01352	0.09961	0.00807	0.03243	0.01056	0.01649	0.00744	0.00875	0.00629	0.00469	0.00353	0.00134	0.00543	0.00295	0.00266	0.00616
8	0.01484	0.00988	0.01042	0.00851	0.01125	0.01069	0.00686	0.41481	0.01786	0.02614	0.01439	0.01551	0.01080	0.00607	0.00441	0.00138	0.00412	0.00470	0.40047	0.00688
9	0.01211	0.01281	0.05655	0.23611	0.18303	0.09892	0.03999	0.01812	0.20651	0.01654	0.04442	0.01587	0.02499	0.00581	0.00516	0.00163	0.00610	0.00506	0.00331	0.00694
10	0.08113	0.17375	0.01634	0.01190	0.01491	0.59308	0.00937	0.01912	0.01333	0.01325	0.00772	0.00899	0.00653	0.00508	0.00427	0.00130	0.00815	0.00316	0.00260	0.00604
11	0.00715	0.00522	0.00661	0.00627	0.00747	0.00480	0.00464	0.00931	0.01383	0.01927	0.66470	0.03922	0.12411	0.05635	0.00718	0.00182	0.00258	0.00934	0.00541	0.00469
12	0.01146	0.01410	0.15148	0.32082	0.13964	0.06342	0.05661	0.04303	0.03673	0.01559	0.04108	0.01374	0.00905	0.00552	0.00586	0.00167	0.05623	0.00466	0.00268	0.00663
13	0.00679	0.00513	0.00627	0.00619	0.00743	0.00461	0.00457	0.00870	0.01312	0.01772	0.48052	0.14225	0.25412	0.01192	0.00612	0.00171	0.00254	0.01040	0.00528	0.00461
14	0.01267	0.01027	0.07013	0.05477	0.01314	0.01028	0.00852	0.25044	0.01285	0.01750	0.00979	0.01361	0.00832	0.01147	0.01299	0.37659	0.09380	0.00447	0.00315	0.00526
15	0.01615	0.33659	0.07819	0.01221	0.04142	0.40842	0.01035	0.01800	0.01255	0.01279	0.00777	0.00909	0.00664	0.00488	0.00414	0.00126	0.00755	0.00316	0.00243	0.00639
16	0.00654	0.00515	0.00590	0.00586	0.00726	0.00451	0.00434	0.00823	0.01261	0.01637	0.33073	0.11434	0.43527	0.01231	0.00610	0.00172	0.00256	0.01057	0.00510	0.00451
17	0.01354	0.01263	0.01367	0.13286	0.03648	0.11569	0.02475	0.12449	0.30913	0.01891	0.01422	0.01559	0.01109	0.02431	0.05112	0.00211	0.06343	0.00502	0.00391	0.00705
18	0.00637	0.00452	0.00592	0.00699	0.00725	0.00425	0.00459	0.00718	0.00958	0.01278	0.02705	0.73650	0.03238	0.09803	0.00854	0.00238	0.00318	0.01386	0.00459	0.00406
19	0.01277	0.01377	0.01281	0.24745	0.01954	0.27278	0.01001	0.04771	0.05124	0.01427	0.01647	0.07802	0.10702	0.00752	0.00589	0.00165	0.05187	0.02027	0.00322	0.00573
20	0.01155	0.05723	0.28882	0.01854	0.04083	0.01306	0.43227	0.01615	0.01143	0.01602	0.00967	0.01242	0.00726	0.00469	0.00590	0.00168	0.03793	0.00503	0.00242	0.00711
21	0.01073	0.00920	0.01068	0.00772	0.01221	0.00708	0.00616	0.01350	0.04183	0.01691	0.00960	0.01099	0.00793	0.00393	0.00386	0.00080	0.00381	0.00315	0.00313	0.81680
22	0.02262	0.00874	0.01187	0.00908	0.01307	0.00752	0.00749	0.02461	0.01455	0.76607	0.01988	0.01724	0.01254	0.00627	0.00512	0.00156	0.00435	0.00509	0.00624	0.03608
23	0.00742	0.00567	0.00839	0.00839	0.00922	0.00664	0.00650	0.00915	0.00835	0.01202	0.01454	0.07971	0.01416	0.03553	0.70615	0.00753	0.04705	0.00614	0.00288	0.00459
24	0.00891	0.00446	0.00668	0.00668	0.00668	0.00446	0.00446	0.00668	0.00668	0.00891	0.00891	0.01560	0.00891	0.01783	0.02005	0.85071	0.00446	0.00446	0.00223	0.00223
25	0.01009	0.00529	0.00534	0.00515	0.00650	0.00537	0.00391	0.05201	0.01147	0.01983	0.01651	0.01877	0.01292	0.00599	0.00367	0.00121	0.00256	0.00477	0.80365	0.00499

[dist]
# distance from previous block
# <min> <max>
0	38

[block]
# block no. 6 follows, 48 sequences, length 110
# corresponding to MSA columns:
# 303-412
name=unknown_G
#
# <colnr> <probs for GDERKNQSTAVLIFYWHMCP>
#	G	D	E	R	K	N	Q	S	T	A	V	L	I	F	Y	W	H	M	C	P
0	0.00625	0.00447	0.00595	0.00714	0.00744	0.00417	0.00476	0.00714	0.00982	0.01310	0.02828	0.81633	0.03394	0.01608	0.00655	0.00208	0.00298	0.01459	0.00476	0.00417
1	0.01123	0.01123	0.01572	0.01347	0.01347	0.01572	0.01123	0.01235	0.00786	0.01235	0.00674	0.01123	0.00674	0.00898	0.01684	0.00225	0.81028	0.00449	0.00225	0.00561
2	0.00630	0.00489	0.00573	0.00620	0.00724	0.00433	0.00439	0.00756	0.01125	0.01439	0.13509	0.37818	0.36812	0.01400	0.00627	0.00187	0.00274	0.01225	0.00488	0.00433
3	0.00845	0.00551	0.00724	0.00666	0.00808	0.00504	0.00504	0.01084	0.01454	0.07867	0.72731	0.03676	0.04572	0.01018	0.00598	0.00161	0.00257	0.00897	0.00570	0.00513
4	0.03826	0.02937	0.01633	0.62400	0.07294	0.07110	0.04920	0.01408	0.01070	0.01372	0.00901	0.01300	0.00689	0.00504	0.00503	0.00165	0.00694	0.00444	0.00236	0.00592
5	0.01236	0.00748	0.00777	0.00676	0.00877	0.00791	0.00532	0.22534	0.01452	0.02284	0.01550	0.01721	0.01191	0.00603	0.00402	0.00129	0.00331	0.00474	0.61103	0.00589
6	0.01418	0.31492	0.19432	0.01187	0.01638	0.18501	0.05003	0.07338	0.01258	0.01524	0.02736	0.01067	0.00796	0.00509	0.00454	0.00137	0.02190	0.00365	0.02278	0.00675
7	0.07990	0.08192	0.04402	0.01319	0.06509	0.49692	0.00996	0.03078	0.01308	0.01412	0.01036	0.01173	0.04892	0.00577	0.00526	0.00143	0.05487	0.00382	0.00276	0.00611
8	0.01176	0.00985	0.01043	0.00932	0.01199	0.01094	0.00726	0.09156	0.51260	0.02099	0.07795	0.02548	0.16138	0.00826	0.00543	0.00171	0.00382	0.00687	0.00516	0.00724
9	0.01363	0.00990	0.01142	0.00991	0.02742	0.01064	0.00763	0.36984	0.04262	0.04140	0.14764	0.10370	0.01986	0.06527	0.08026	0.00248	0.00543	0.01942	0.00480	0.00673
10	0.00620	0.00520	0.00538	0.00534	0.00701	0.00439	0.00400	0.00762	0.01201	0.01461	0.13399	0.04814	0.70311	0.01271	0.00606	0.00172	0.00258	0.01066	0.00486	0.00439
11	0.03930	0.02459	0.05903	0.10901	0.06138	0.01403	0.04823	0.04700	0.00962	0.01453	0.00828	0.01230	0.00735	0.02259	0.01212	0.00203	0.46739	0.00453	0.03067	0.00602
12	0.04279	0.61184	0.02340	0.00974	0.01368	0.19959	0.00893	0.01654	0.01132	0.01255	0.00732	0.00847	0.00656	0.00461	0.00360	0.00117	0.00631	0.00287	0.00233	0.00640
13	0.00703	0.00525	0.00653	0.00625	0.00757	0.00476	0.00471	0.00920	0.01385	0.01901	0.60941	0.04116	0.20734	0.01111	0.00608	0.00166	0.00251	0.02640	0.00544	0.00473
14	0.01781	0.01279	0.01389	0.01104	0.01473	0.01405	0.00899	0.52855	0.16614	0.08796	0.01558	0.01587	0.02444	0.02525	0.00568	0.00168	0.00516	0.01687	0.00518	0.00834
15	0.00620	0.00518	0.00542	0.00558	0.00717	0.00440	0.00420	0.00752	0.01156	0.01388	0.04885	0.10766	0.68791	0.01329	0.00616	0.00179	0.00274	0.05137	0.00476	0.00434
16	0.00842	0.00718	0.00885	0.00867	0.00950	0.06386	0.00659	0.00991	0.00871	0.01189	0.01410	0.07935	0.01405	0.10921	0.54566	0.00650	0.07394	0.00613	0.00289	0.00458
17	0.85592	0.00992	0.00754	0.00675	0.00992	0.01151	0.00556	0.01508	0.00873	0.02302	0.00714	0.00834	0.00556	0.00476	0.00318	0.00159	0.00397	0.00278	0.00318	0.00556
18	0.01415	0.73819	0.03857	0.00927	0.01356	0.08970	0.00905	0.01584	0.01080	0.01219	0.00724	0.00837	0.00659	0.00448	0.00344	0.00113	0.00586	0.00281	0.00223	0.00654
19	0.00742	0.00496	0.00561	0.00565	0.00567	0.00494	0.00317	0.00745	0.00755	0.01007	0.01662	0.06288	0.01923	0.78959	0.02538	0.00487	0.00490	0.00773	0.00317	0.00315
20	0.01785	0.17088	0.01665	0.01227	0.01520	0.62826	0.00961	0.01946	0.02665	0.01261	0.00811	0.00943	0.00687	0.00574	0.01849	0.00141	0.00855	0.00328	0.00261	0.00608
21	0.01423	0.01155	0.01222	0.01042	0.01359	0.01302	0.00827	0.24783	0.49051	0.02410	0.02086	0.01957	0.07628	0.00721	0.00526	0.00168	0.00442	0.00586	0.00516	0.00799
22	0.01064	0.00912	0.01064	0.00760	0.01216	0.00684	0.00608	0.01292	0.01064	0.01672	0.00912	0.01064	0.00760	0.00380	0.00380	0.00076	0.00380	0.00304	0.00304	0.85104
23	0.01917	0.02445	0.01454	0.01322	0.01586	0.79907	0.00991	0.02049	0.01454	0.01256	0.00793	0.00925	0.00661	0.00529	0.00463	0.00132	0.00925	0.00330	0.00264	0.00595
24	0.01882	0.02373	0.01438	0.01307	0.01573	0.75643	0.00982	0.02086	0.05597	0.01304	0.00863	0.00979	0.00710	0.00538	0.00466	0.00134	0.00897	0.00344	0.00278	0.00607
25	0.01372	0.82276	0.02689	0.00878	0.01317	0.02030	0.00878	0.01536	0.01043	0.01207	0.00713	0.00823	0.00658	0.00439	0.00329	0.00110	0.00549	0.00274	0.00219	0.00658
26	0.85592	0.00992	0.00754	0.00675	0.00992	0.01151	0.00556	0.01508	0.00873	0.02302	0.00714	0.00834	0.00556	0.00476	0.00318	0.00159	0.00397	0.00278	0.00318	0.00556
27	0.00613	0.00521	0.00528	0.00530	0.00701	0.00437	0.00400	0.00746	0.01174	0.01400	0.06376	0.04936	0.75907	0.01298	0.00608	0.00174	0.00264	0.02474	0.00478	0.00435
28	0.01372	0.82276	0.02689	0.00878	0.01317	0.02030	0.00878	0.01536	0.01043	0.01207	0.00713	0.00823	0.00658	0.00439	0.00329	0.00110	0.00549	0.00274	0.00219	0.00658
29	0.00609	0.00520	0.00523	0.00522	0.00694	0.00434	0.00392	0.00740	0.01175	0.01398	0.06488	0.04919	0.77261	0.01295	0.00606	0.00173	0.00260	0.01080	0.00478	0.00434
30	0.01102	0.17370	0.61706	0.01361	0.02045	0.01351	0.03406	0.01632	0.02681	0.01559	0.00909	0.01059	0.00674	0.00482	0.00462	0.00153	0.00715	0.00369	0.00225	0.00739
31	0.11630	0.68022	0.02392	0.00870	0.01292	0.01900	0.00844	0.05629	0.01096	0.01450	0.00742	0.00847	0.00658	0.00453	0.00338	0.00118	0.00531	0.00285	0.00247	0.00658
32	0.01925	0.01425	0.01526	0.01175	0.01582	0.01579	0.00969	0.74280	0.05229	0.03193	0.01264	0.01257	0.00899	0.00619	0.00514	0.00155	0.00559	0.00466	0.00514	0.00870
33	0.01917	0.02445	0.01454	0.01322	0.01586	0.79907	0.00991	0.02049	0.01454	0.01256	0.00793	0.00925	0.00661	0.00529	0.00463	0.00132	0.00925	0.00330	0.00264	0.00595
34	0.01898	0.02413	0.01457	0.01322	0.01580	0.78013	0.00995	0.02029	0.01438	0.01255	0.00790	0.00930	0.00661	0.00538	0.00492	0.00134	0.02862	0.00333	0.00263	0.00594
35	0.01276	0.01102	0.01160	0.01044	0.01334	0.01276	0.00812	0.02727	0.77840	0.02146	0.02088	0.01914	0.01566	0.00696	0.00522	0.00174	0.00406	0.00580	0.00522	0.00812
36	0.00774	0.00543	0.00722	0.03655	0.00883	0.00521	0.00526	0.00981	0.01293	0.04393	0.52341	0.11421	0.07184	0.05561	0.06690	0.00235	0.00370	0.00919	0.00507	0.00480
37	0.00606	0.00520	0.00520	0.00520	0.00693	0.00433	0.00390	0.00736	0.01170	0.01386	0.05198	0.04938	0.78558	0.01299	0.00606	0.00173	0.00260	0.01083	0.00476	0.00433
38	0.01255	0.01087	0.01193	0.01144	0.05513	0.01244	0.00841	0.02598	0.70829	0.02118	0.04880	0.01951	0.01648	0.00696	0.00524	0.00172	0.00411	0.00586	0.00509	0.00800
39	0.08710	0.11651	0.01604	0.49165	0.02671	0.13974	0.01202	0.01475	0.01080	0.01376	0.00846	0.01175	0.00665	0.00509	0.00484	0.00157	0.02037	0.00396	0.00241	0.00584
40	0.00951	0.00479	0.00483	0.00482	0.00602	0.00478	0.00362	0.01190	0.01085	0.01916	0.03407	0.01956	0.01395	0.00608	0.00364	0.00121	0.00239	0.00488	0.82915	0.00478
41	0.01247	0.01274	0.01580	0.10170	0.06069	0.11321	0.02844	0.05597	0.01037	0.01410	0.02286	0.01256	0.02002	0.00767	0.01207	0.00196	0.48422	0.00458	0.00259	0.00598
42	0.00608	0.00514	0.00525	0.00534	0.00697	0.00432	0.00396	0.00735	0.01155	0.01380	0.05019	0.10720	0.72892	0.01323	0.00610	0.00176	0.00263	0.01111	0.00476	0.00432
43	0.01459	0.69602	0.02496	0.00944	0.01360	0.11819	0.00895	0.04054	0.01139	0.01279	0.00740	0.00849	0.00666	0.00456	0.00352	0.00114	0.00597	0.00288	0.00235	0.00657
44	0.01276	0.01102	0.01160	0.01044	0.01334	0.01276	0.00812	0.02727	0.77840	0.02146	0.02088	0.01914	0.01566	0.00696	0.00522	0.00174	0.00406	0.00580	0.00522	0.00812
45	0.79313	0.00983	0.00787	0.00693	0.01016	0.01121	0.00571	0.01583	0.00918	0.08093	0.00813	0.00902	0.00610	0.00488	0.00332	0.00159	0.00400	0.00296	0.00341	0.00580
46	0.01372	0.82276	0.02689	0.00878	0.01317	0.02030	0.00878	0.01536	0.01043	0.01207	0.00713	0.00823	0.00658	0.00439	0.00329	0.00110	0.00549	0.00274	0.00219	0.00658
47	0.01372	0.82276	0.02689	0.00878	0.01317	0.02030	0.00878	0.01536	0.01043	0.01207	0.00713	0.00823	0.00658	0.00439	0.00329	0.00110	0.00549	0.00274	0.00219	0.00658
48	0.08570	0.00901	0.01169	0.00904	0.01295	0.00811	0.00746	0.04847	0.01454	0.70866	0.01900	0.01661	0.01203	0.00622	0.00501	0.00159	0.00438	0.00496	0.00607	0.00849
49	0.00607	0.00517	0.00523	0.00527	0.00695	0.00433	0.00393	0.00736	0.01162	0.01383	0.05106	0.07900	0.75656	0.01311	0.00608	0.00175	0.00261	0.01097	0.00476	0.00433
50	0.00939	0.00482	0.00494	0.00491	0.00611	0.00479	0.00368	0.01178	0.01104	0.01924	0.07465	0.02058	0.01581	0.00632	0.00377	0.00123	0.00239	0.00512	0.78465	0.00479
51	0.01107	0.00923	0.01072	0.00784	0.01211	0.00739	0.00627	0.07094	0.01197	0.01821	0.06785	0.01286	0.01076	0.00449	0.00407	0.00088	0.00384	0.00363	0.00340	0.72248
52	0.01270	0.01219	0.02083	0.03149	0.78767	0.01219	0.01575	0.01575	0.01168	0.01676	0.00965	0.01270	0.00813	0.00457	0.00508	0.00152	0.00610	0.00457	0.00254	0.00813
53	0.01608	0.01267	0.01347	0.01111	0.01461	0.01431	0.00892	0.39292	0.40734	0.02681	0.01667	0.01579	0.01225	0.00657	0.00518	0.00164	0.00484	0.00522	0.00518	0.00842
54	0.01150	0.00984	0.05295	0.00960	0.01201	0.02188	0.00801	0.23884	0.05499	0.01897	0.01659	0.03789	0.07006	0.02231	0.38480	0.00478	0.00930	0.00574	0.00376	0.00617
55	0.01475	0.03763	0.01211	0.01026	0.01314	0.11022	0.00803	0.03863	0.44988	0.13985	0.03258	0.06076	0.01515	0.00787	0.02409	0.00181	0.00498	0.00580	0.00490	0.00755
56	0.70505	0.00994	0.00835	0.02556	0.01096	0.01138	0.00609	0.04116	0.04949	0.06177	0.00894	0.00984	0.00674	0.00504	0.00350	0.00159	0.00408	0.00320	0.02139	0.00594
57	0.01064	0.00912	0.01064	0.00760	0.01216	0.00684	0.00608	0.01292	0.01064	0.01672	0.00912	0.01064	0.00760	0.00380	0.00380	0.00076	0.00380	0.00304	0.00304	0.85104
58	0.00678	0.00490	0.00642	0.00684	0.00763	0.00454	0.00489	0.00843	0.01211	0.01663	0.37629	0.40792	0.06625	0.01334	0.00632	0.00187	0.00277	0.03641	0.00517	0.00450
59	0.00893	0.00715	0.00997	0.00930	0.01027	0.00868	0.00736	0.06707	0.00947	0.01363	0.02796	0.01885	0.01237	0.05855	0.55847	0.00644	0.15220	0.00540	0.00291	0.00503
60	0.01917	0.02445	0.01454	0.01322	0.01586	0.79907	0.00991	0.02049	0.01454	0.01256	0.00793	0.00925	0.00661	0.00529	0.00463	0.00132	0.00925	0.00330	0.00264	0.00595
61	0.00635	0.00453	0.00602	0.00706	0.00743	0.00423	0.00474	0.00734	0.01014	0.01360	0.08510	0.74347	0.03475	0.03024	0.00687	0.00210	0.00297	0.01406	0.00480	0.00420
62	0.01338	0.01128	0.01190	0.01049	0.01350	0.01295	0.00822	0.10957	0.67922	0.02252	0.02055	0.01899	0.03021	0.00699	0.00523	0.00172	0.00421	0.00577	0.00520	0.00811
63	0.01646	0.00728	0.00980	0.00802	0.01084	0.00642	0.00642	0.01862	0.01462	0.47021	0.33879	0.02616	0.02758	0.00807	0.00553	0.00160	0.00356	0.00688	0.00606	0.00711
64	0.01305	0.01103	0.01213	0.03745	0.03952	0.01266	0.00860	0.04409	0.69260	0.03874	0.01991	0.01855	0.01489	0.00679	0.00521	0.00172	0.00426	0.00568	0.00506	0.00807
65	0.01682	0.36769	0.01985	0.01131	0.01470	0.46424	0.00943	0.01829	0.01277	0.01235	0.00759	0.00881	0.00660	0.00490	0.00405	0.00123	0.00763	0.00306	0.00245	0.00622
66	0.01181	0.00694	0.00718	0.00637	0.00822	0.00729	0.00498	0.18294	0.01377	0.02211	0.01574	0.01759	0.01215	0.00602	0.00394	0.00127	0.00312	0.00475	0.65814	0.00567
67	0.00893	0.00457	0.00689	0.02540	0.00735	0.00462	0.00469	0.00683	0.00677	0.00901	0.00892	0.01555	0.00886	0.01753	0.01970	0.83087	0.00451	0.00446	0.00223	0.00231
68	0.00607	0.00517	0.00522	0.00526	0.00695	0.00433	0.00393	0.00736	0.01163	0.01384	0.05121	0.07429	0.76117	0.01309	0.00608	0.00174	0.00261	0.01095	0.00476	0.00433
69	0.00992	0.00941	0.01598	0.73578	0.07354	0.01156	0.02940	0.01330	0.01032	0.01335	0.00913	0.01358	0.00692	0.00516	0.00538	0.00171	0.02282	0.00459	0.00230	0.00585
70	0.01388	0.01158	0.01223	0.01067	0.01377	0.01328	0.00839	0.15024	0.65361	0.02326	0.01947	0.01801	0.01452	0.00683	0.00521	0.00171	0.00432	0.00561	0.00521	0.00822
71	0.01260	0.01209	0.02065	0.05669	0.76323	0.01217	0.01570	0.01566	0.01164	0.01664	0.00963	0.01273	0.00809	0.00459	0.00508	0.00153	0.00612	0.00457	0.00253	0.00805
72	0.01951	0.01437	0.01540	0.01181	0.01591	0.01591	0.00975	0.77056	0.02412	0.03234	0.01232	0.01232	0.00873	0.00616	0.00513	0.00154	0.00565	0.00462	0.00513	0.00873
73	0.01688	0.01184	0.01260	0.00995	0.01329	0.01298	0.00813	0.57056	0.02060	0.02886	0.01348	0.01411	0.00989	0.00611	0.00473	0.00145	0.00479	0.00466	0.22739	0.00769
74	0.05053	0.00877	0.01176	0.00905	0.01299	0.00767	0.00748	0.02468	0.01449	0.76585	0.01981	0.01716	0.01247	0.00630	0.00509	0.00159	0.00435	0.00508	0.00625	0.00863
75	0.00633	0.00521	0.00557	0.00548	0.00710	0.00445	0.00411	0.00788	0.01233	0.01536	0.21604	0.04691	0.62059	0.01243	0.00606	0.00171	0.00256	0.01048	0.00496	0.00445
76	0.01270	0.01219	0.02083	0.03149	0.78767	0.01219	0.01575	0.01575	0.01168	0.01676	0.00965	0.01270	0.00813	0.00457	0.00508	0.00152	0.00610	0.00457	0.00254	0.00813
