[name]
unknown

[dist]
# distance from previous block
# <min> <max>
0	17

[block]
# block no. 0 follows, 46 sequences, length 11
# corresponding to MSA columns:
# 17-27
name=unknown_A
#
# <colnr> <probs for GDERKNQSTAVLIFYWHMCP>
#	G	D	E	R	K	N	Q	S	T	A	V	L	I	F	Y	W	H	M	C	P
0	0.00940	0.00721	0.01049	0.01075	0.01224	0.00750	0.04890	0.04338	0.01249	0.01644	0.02520	0.05243	0.02696	0.01340	0.00774	0.00236	0.05159	0.63169	0.00462	0.00522
1	0.00768	0.00517	0.00599	0.00599	0.00606	0.00525	0.00348	0.00783	0.00775	0.01041	0.01645	0.03347	0.01873	0.75143	0.08902	0.00540	0.00586	0.00752	0.00317	0.00333
2	0.02002	0.01382	0.01540	0.01191	0.01584	0.01522	0.00984	0.61547	0.02245	0.13272	0.01341	0.01333	0.00941	0.00656	0.00608	0.00164	0.05801	0.00483	0.00526	0.00878
3	0.00625	0.00536	0.00536	0.00536	0.00714	0.00446	0.00402	0.00759	0.01205	0.01428	0.05355	0.05088	0.77909	0.01339	0.00625	0.00179	0.00268	0.01116	0.00491	0.00446
4	0.02294	0.01024	0.01304	0.01000	0.01412	0.00962	0.00826	0.18390	0.01722	0.62381	0.01911	0.01686	0.01221	0.00650	0.00531	0.00163	0.00478	0.00520	0.00627	0.00900
5	0.02372	0.00900	0.01227	0.00941	0.01350	0.00777	0.00777	0.02576	0.01513	0.78489	0.02086	0.01799	0.01309	0.00654	0.00532	0.00164	0.00450	0.00532	0.00654	0.00900
6	0.00625	0.00536	0.00536	0.00536	0.00714	0.00446	0.00402	0.00759	0.01205	0.01428	0.05355	0.05088	0.77909	0.01339	0.00625	0.00179	0.00268	0.01116	0.00491	0.00446
7	0.01975	0.02520	0.01498	0.01362	0.01634	0.79299	0.01021	0.02111	0.01498	0.01294	0.00817	0.00953	0.00681	0.00545	0.00477	0.00136	0.00953	0.00340	0.00272	0.00613
8	0.01326	0.62241	0.21505	0.01053	0.01587	0.01879	0.01163	0.01606	0.01085	0.01350	0.00788	0.00914	0.00676	0.00465	0.00379	0.00126	0.00619	0.00309	0.00225	0.00704
9	0.01440	0.01182	0.01290	0.01162	0.04251	0.01335	0.00883	0.19859	0.51906	0.02450	0.06865	0.01913	0.01639	0.00713	0.00541	0.00173	0.00453	0.00588	0.00528	0.00829
10	0.01373	0.52972	0.23081	0.01101	0.01634	0.04606	0.01197	0.05971	0.01183	0.01483	0.00826	0.00948	0.00689	0.00480	0.00399	0.00131	0.00638	0.00325	0.00245	0.00717

[dist]
# distance from previous block
# <min> <max>
0	1

[block]
# block no. 1 follows, 46 sequences, length 56
# corresponding to MSA columns:
# 29-84
name=unknown_B
#
# <colnr> <probs for GDERKNQSTAVLIFYWHMCP>
#	G	D	E	R	K	N	Q	S	T	A	V	L	I	F	Y	W	H	M	C	P
0	0.01867	0.01384	0.01495	0.01158	0.01572	0.01506	0.00950	0.60370	0.10461	0.04873	0.01357	0.01344	0.00977	0.00624	0.00518	0.00154	0.00545	0.00477	0.00515	0.07851
1	0.12729	0.01115	0.03690	0.24377	0.27422	0.01176	0.02866	0.04769	0.06029	0.01829	0.06622	0.01569	0.02464	0.00572	0.00510	0.00167	0.00581	0.00501	0.00318	0.00697
2	0.35849	0.06534	0.08765	0.01028	0.01435	0.07108	0.00903	0.18148	0.02759	0.02375	0.01042	0.01179	0.00815	0.00587	0.00454	0.00167	0.00561	0.00387	0.02191	0.07713
3	0.01189	0.01242	0.02425	0.13331	0.15136	0.01238	0.42103	0.01597	0.03950	0.01619	0.01104	0.01538	0.00892	0.05583	0.00739	0.00194	0.02476	0.00573	0.00275	0.02796
4	0.00950	0.00536	0.00758	0.02804	0.00837	0.00548	0.00524	0.05481	0.00858	0.01143	0.01226	0.12936	0.01280	0.01701	0.01730	0.65031	0.00451	0.00610	0.00286	0.00310
5	0.01057	0.02641	0.74610	0.01502	0.02259	0.01211	0.03824	0.01656	0.01130	0.01687	0.03049	0.01201	0.00791	0.00517	0.00509	0.00168	0.00770	0.00412	0.00234	0.00772
6	0.01123	0.00964	0.01108	0.00819	0.01268	0.00780	0.00652	0.01512	0.10429	0.01783	0.01088	0.01204	0.00885	0.00431	0.00409	0.00091	0.00395	0.00348	0.00341	0.74370
7	0.00644	0.00460	0.00613	0.00736	0.00767	0.00429	0.00491	0.00736	0.01012	0.01350	0.02914	0.81076	0.03497	0.01656	0.00675	0.00215	0.00307	0.01503	0.00491	0.00429
8	0.02266	0.00903	0.01216	0.00927	0.01341	0.00771	0.00764	0.02473	0.01478	0.72111	0.01990	0.01741	0.01265	0.00632	0.00520	0.00156	0.00445	0.00513	0.00626	0.07859
9	0.01096	0.00940	0.01096	0.00783	0.01253	0.00705	0.00626	0.01331	0.01096	0.01723	0.00940	0.01096	0.00783	0.00392	0.00392	0.00078	0.00392	0.00313	0.00313	0.84653
10	0.01391	0.01173	0.01238	0.01091	0.01403	0.01350	0.00855	0.10811	0.69043	0.02333	0.02056	0.01896	0.01536	0.00708	0.00537	0.00177	0.00436	0.00584	0.00537	0.00844
11	0.01308	0.01256	0.02146	0.03245	0.78123	0.01256	0.01622	0.01622	0.01204	0.01727	0.00994	0.01308	0.00837	0.00471	0.00523	0.00157	0.00628	0.00471	0.00262	0.00837
12	0.01060	0.02735	0.78682	0.01507	0.02288	0.01228	0.01953	0.01674	0.01116	0.01674	0.00949	0.01116	0.00670	0.00502	0.00502	0.00167	0.00781	0.00391	0.00223	0.00781
13	0.02372	0.00900	0.01227	0.00941	0.01350	0.00777	0.00777	0.02576	0.01513	0.78489	0.02086	0.01799	0.01309	0.00654	0.00532	0.00164	0.00450	0.00532	0.00654	0.00900
14	0.01235	0.01405	0.03064	0.02195	0.02719	0.01317	0.74541	0.01672	0.01243	0.01686	0.01110	0.03174	0.00861	0.00472	0.00625	0.00179	0.00878	0.00643	0.00272	0.00707
15	0.01060	0.02735	0.78682	0.01507	0.02288	0.01228	0.01953	0.01674	0.01116	0.01674	0.00949	0.01116	0.00670	0.00502	0.00502	0.00167	0.00781	0.00391	0.00223	0.00781
16	0.01169	0.00753	0.00848	0.00745	0.00870	0.00777	0.00506	0.17214	0.01201	0.07959	0.01615	0.02849	0.01651	0.57295	0.02045	0.00407	0.00522	0.00686	0.00393	0.00493
17	0.01282	0.01095	0.01604	0.14668	0.01799	0.01433	0.03094	0.01457	0.00949	0.10808	0.00917	0.01285	0.00774	0.00813	0.01354	0.00212	0.55071	0.00477	0.00285	0.00623
18	0.00647	0.00465	0.00615	0.00728	0.00766	0.00432	0.00489	0.00746	0.01034	0.01378	0.05566	0.76333	0.05587	0.01628	0.00672	0.00212	0.00304	0.01473	0.00494	0.00432
19	0.01841	0.01334	0.01445	0.01153	0.01540	0.01475	0.00938	0.49239	0.23719	0.09257	0.01589	0.01514	0.01137	0.00660	0.00532	0.00165	0.00524	0.00515	0.00542	0.00881
20	0.01249	0.01401	0.02976	0.02281	0.09109	0.01341	0.66842	0.01670	0.01226	0.01679	0.01048	0.01405	0.00801	0.00467	0.00660	0.00179	0.04078	0.00604	0.00265	0.00718
21	0.01284	0.01124	0.04333	0.02678	0.10844	0.01173	0.00964	0.05321	0.46048	0.05155	0.02008	0.08829	0.01674	0.00796	0.00558	0.00182	0.00466	0.05302	0.00483	0.00779
22	0.00755	0.00566	0.00850	0.00850	0.00944	0.00661	0.00661	0.00944	0.00850	0.01227	0.01416	0.02077	0.01322	0.03965	0.79326	0.00850	0.01416	0.00566	0.00283	0.00472
23	0.06455	0.01180	0.01797	0.01472	0.01582	0.01524	0.13553	0.01350	0.00892	0.01413	0.00799	0.02613	0.00754	0.00831	0.01443	0.00218	0.60782	0.00497	0.00248	0.00598
24	0.01177	0.28910	0.53531	0.01307	0.01980	0.01514	0.01606	0.01644	0.01102	0.01532	0.00878	0.01027	0.00673	0.00486	0.00448	0.00149	0.00710	0.00355	0.00224	0.00747
25	0.68110	0.00997	0.00870	0.00746	0.01090	0.01102	0.00615	0.01765	0.01026	0.18045	0.01014	0.01052	0.00724	0.00524	0.00369	0.00164	0.00417	0.00337	0.00395	0.00640
26	0.00644	0.00460	0.00613	0.00736	0.00767	0.00429	0.00491	0.00736	0.01012	0.01350	0.02914	0.81076	0.03497	0.01656	0.00675	0.00215	0.00307	0.01503	0.00491	0.00429
27	0.00902	0.00687	0.00857	0.03772	0.01054	0.00725	0.00644	0.10244	0.07526	0.01678	0.04103	0.57138	0.02846	0.01372	0.00678	0.00203	0.03344	0.01213	0.00482	0.00534
28	0.01302	0.01383	0.08478	0.06339	0.53940	0.01301	0.06564	0.06066	0.01244	0.01770	0.00991	0.01293	0.00810	0.00513	0.00605	0.00165	0.05689	0.00474	0.00272	0.00800
29	0.00644	0.00460	0.00613	0.00736	0.00767	0.00429	0.00491	0.00736	0.01012	0.01350	0.02914	0.81076	0.03497	0.01656	0.00675	0.00215	0.00307	0.01503	0.00491	0.00429
30	0.01228	0.02970	0.11046	0.02106	0.02650	0.01346	0.64987	0.01678	0.01219	0.01672	0.01041	0.01376	0.00783	0.00465	0.00636	0.00177	0.03054	0.00589	0.00261	0.00716
31	0.02045	0.03278	0.07478	0.01110	0.01529	0.01053	0.04325	0.12334	0.03183	0.50338	0.01719	0.01596	0.01132	0.00644	0.00604	0.00167	0.05557	0.00508	0.00546	0.00855
32	0.18573	0.01208	0.01864	0.02720	0.62248	0.01242	0.01406	0.01608	0.01141	0.01860	0.00941	0.01216	0.00783	0.00475	0.00483	0.00158	0.00583	0.00433	0.00275	0.00783
33	0.01341	0.38122	0.30482	0.01264	0.01821	0.11063	0.06048	0.01687	0.01152	0.01436	0.00844	0.00996	0.00683	0.00481	0.00434	0.00140	0.00712	0.00351	0.00233	0.00710
34	0.00731	0.00549	0.00796	0.00814	0.00904	0.00614	0.00620	0.00903	0.00895	0.01257	0.01878	0.13555	0.06458	0.03470	0.63128	0.00717	0.01185	0.00735	0.00326	0.00464
35	0.02678	0.06686	0.29776	0.01522	0.13812	0.01205	0.01350	0.07174	0.09309	0.13988	0.06274	0.01519	0.01193	0.00588	0.00511	0.00162	0.00599	0.00482	0.00377	0.00795
36	0.01333	0.01317	0.02080	0.06805	0.69992	0.05919	0.01579	0.01639	0.01214	0.01683	0.00981	0.01292	0.00822	0.00478	0.00521	0.00157	0.00651	0.00463	0.00261	0.00812
37	0.02360	0.00919	0.01239	0.00950	0.01359	0.00806	0.00785	0.05041	0.01546	0.75978	0.02058	0.01782	0.01295	0.00654	0.00532	0.00163	0.00454	0.00530	0.00650	0.00900
38	0.01093	0.01040	0.01839	0.52021	0.03094	0.01181	0.18111	0.03528	0.03974	0.01557	0.01078	0.01469	0.00811	0.00526	0.00539	0.00173	0.00701	0.00511	0.06129	0.00627
39	0.01269	0.03688	0.54547	0.04587	0.02217	0.01331	0.05563	0.17039	0.01402	0.01996	0.01017	0.01171	0.00725	0.00527	0.00512	0.00166	0.00739	0.00422	0.00289	0.00793
40	0.00697	0.00542	0.00648	0.00761	0.00801	0.03552	0.00512	0.00791	0.01031	0.01347	0.02831	0.77904	0.03385	0.01612	0.00667	0.00212	0.00332	0.01457	0.00482	0.00437
41	0.00678	0.00474	0.00603	0.00693	0.00715	0.00452	0.00444	0.00745	0.00946	0.01261	0.02575	0.59995	0.03069	0.23321	0.01222	0.00296	0.00363	0.01303	0.00444	0.00400
42	0.01102	0.02442	0.61793	0.01668	0.02394	0.01252	0.18549	0.01678	0.01146	0.01678	0.00976	0.01185	0.00699	0.00490	0.00529	0.00170	0.00806	0.00443	0.00233	0.00766
43	0.01926	0.11227	0.03435	0.01094	0.01506	0.03197	0.00933	0.38807	0.06065	0.21695	0.03846	0.01462	0.01132	0.00630	0.00508	0.00155	0.00541	0.00483	0.00512	0.00847
44	0.00713	0.00539	0.00657	0.00628	0.00768	0.00484	0.00471	0.00929	0.01413	0.01921	0.57018	0.04276	0.25939	0.01155	0.00624	0.00170	0.00255	0.01002	0.00556	0.00484
45	0.00646	0.00467	0.00611	0.00722	0.00764	0.00432	0.00486	0.00744	0.01036	0.01374	0.04937	0.74599	0.07984	0.01623	0.00670	0.00211	0.00303	0.01466	0.00493	0.00432
46	0.01273	0.01271	0.02321	0.08586	0.56044	0.01268	0.18128	0.01618	0.01203	0.01692	0.01007	0.01342	0.00820	0.00470	0.00546	0.00163	0.00692	0.00505	0.00261	0.00792
47	0.01413	0.81739	0.02770	0.00905	0.01357	0.02092	0.00905	0.01583	0.01074	0.01244	0.00735	0.00848	0.00678	0.00452	0.00339	0.00113	0.00565	0.00283	0.00226	0.00678
48	0.01098	0.00945	0.01109	0.00798	0.01256	0.00728	0.00640	0.01330	0.01089	0.01711	0.00933	0.01098	0.00781	0.00405	0.00425	0.00082	0.02404	0.00317	0.00311	0.82539
49	0.00639	0.00479	0.00594	0.00686	0.00754	0.00434	0.00468	0.00742	0.01061	0.01369	0.03528	0.61972	0.22205	0.01576	0.00662	0.00206	0.00297	0.01406	0.00491	0.00434
50	0.00825	0.00651	0.00710	0.00670	0.00858	0.00607	0.00515	0.10094	0.01398	0.01776	0.16455	0.09189	0.48939	0.01235	0.00620	0.00179	0.00314	0.03943	0.00510	0.00511
51	0.01681	0.01153	0.04849	0.01016	0.01376	0.01111	0.00852	0.33879	0.04770	0.19915	0.02149	0.10561	0.10748	0.00828	0.00553	0.00168	0.00482	0.00676	0.00530	0.02705
52	0.01755	0.01949	0.03511	0.01722	0.13498	0.38146	0.10275	0.17320	0.03514	0.01861	0.01005	0.01160	0.00788	0.00543	0.00515	0.00151	0.00802	0.00430	0.00329	0.00728
53	0.03778	0.01031	0.01210	0.00967	0.01326	0.01034	0.00786	0.22818	0.09917	0.35113	0.06200	0.02123	0.09793	0.00749	0.00542	0.00166	0.00452	0.00604	0.00578	0.00814
54	0.01227	0.01385	0.04057	0.08751	0.08925	0.01323	0.60711	0.01647	0.01214	0.01656	0.01040	0.01403	0.00792	0.00469	0.00636	0.00178	0.03023	0.00591	0.00263	0.00710
55	0.00929	0.00641	0.00832	0.05468	0.01048	0.00626	0.00602	0.01279	0.07747	0.07881	0.58055	0.03518	0.07308	0.00996	0.00604	0.00168	0.00307	0.00872	0.00559	0.00561

[dist]
# distance from previous block
# <min> <max>
0	9

[block]
# block no. 2 follows, 46 sequences, length 126
# corresponding to MSA columns:
# 94-219
name=unknown_C
#
# <colnr> <probs for GDERKNQSTAVLIFYWHMCP>
#	G	D	E	R	K	N	Q	S	T	A	V	L	I	F	Y	W	H	M	C	P
0	0.18682	0.01002	0.01114	0.00902	0.01255	0.01018	0.00734	0.15902	0.07369	0.31113	0.06578	0.01890	0.07088	0.00695	0.00500	0.00163	0.00436	0.00543	0.00532	0.02483
1	0.06730	0.07540	0.01639	0.03144	0.06988	0.08589	0.01019	0.48754	0.06041	0.02716	0.01177	0.01228	0.00873	0.00595	0.00498	0.00155	0.00601	0.00444	0.00446	0.00823
2	0.01569	0.64250	0.02487	0.00953	0.01397	0.01931	0.00910	0.12535	0.01311	0.07101	0.00910	0.00978	0.00756	0.00493	0.00381	0.00123	0.00559	0.00329	0.00301	0.00726
3	0.39506	0.08597	0.01471	0.04123	0.01527	0.21178	0.10810	0.01699	0.01127	0.01855	0.00840	0.01013	0.00670	0.00500	0.00415	0.00153	0.00632	0.00358	0.02917	0.00609
4	0.01249	0.01121	0.01522	0.01289	0.01374	0.01469	0.01067	0.01479	0.06370	0.06799	0.00915	0.01256	0.00810	0.00851	0.01463	0.00211	0.63054	0.00466	0.00289	0.06945
5	0.00697	0.00498	0.00674	0.00796	0.00850	0.00475	0.00582	0.00827	0.01064	0.01408	0.02885	0.62033	0.03381	0.01607	0.00689	0.00222	0.00352	0.20025	0.00490	0.00444
6	0.00712	0.00558	0.00794	0.00849	0.00895	0.00569	0.03283	0.00819	0.01002	0.01355	0.02647	0.71001	0.03147	0.01547	0.00768	0.00215	0.07549	0.01377	0.00459	0.00453
7	0.01233	0.01383	0.02879	0.02093	0.02542	0.01382	0.64169	0.01626	0.01178	0.01626	0.01009	0.01383	0.00785	0.00523	0.00802	0.00187	0.13650	0.00598	0.00262	0.00691
8	0.00644	0.00460	0.00613	0.00736	0.00767	0.00429	0.00491	0.00736	0.01012	0.01350	0.02914	0.81076	0.03497	0.01656	0.00675	0.00215	0.00307	0.01503	0.00491	0.00429
9	0.01025	0.00967	0.01634	0.73457	0.10123	0.01182	0.01482	0.01374	0.01070	0.01383	0.00944	0.01401	0.00716	0.00524	0.00528	0.00175	0.00698	0.00470	0.00237	0.00609
10	0.00768	0.00517	0.00601	0.00601	0.00609	0.00526	0.00351	0.00784	0.00776	0.01043	0.01643	0.03336	0.01869	0.74526	0.09513	0.00543	0.00593	0.00751	0.00317	0.00334
11	0.00845	0.00610	0.00757	0.00807	0.00895	0.00607	0.00566	0.11863	0.01229	0.01641	0.02672	0.69334	0.03114	0.01506	0.00653	0.00206	0.00347	0.01352	0.00496	0.00498
12	0.01932	0.00995	0.01215	0.00986	0.01347	0.00989	0.00796	0.08597	0.23855	0.45222	0.06660	0.01938	0.01589	0.00697	0.00539	0.00168	0.00439	0.00572	0.00605	0.00857
13	0.00652	0.00468	0.00630	0.00744	0.00779	0.00446	0.00503	0.00751	0.01001	0.01341	0.02809	0.75525	0.03344	0.01818	0.06201	0.00259	0.00385	0.01437	0.00476	0.00432
14	0.01287	0.01234	0.02106	0.08648	0.72890	0.01250	0.01612	0.01603	0.01193	0.01701	0.00991	0.01316	0.00828	0.00475	0.00524	0.00158	0.00633	0.00471	0.00260	0.00820
15	0.01975	0.02520	0.01498	0.01362	0.01634	0.79299	0.01021	0.02111	0.01498	0.01294	0.00817	0.00953	0.00681	0.00545	0.00477	0.00136	0.00953	0.00340	0.00272	0.00613
16	0.00644	0.00460	0.00613	0.00736	0.00767	0.00429	0.00491	0.00736	0.01012	0.01350	0.02914	0.81076	0.03497	0.01656	0.00675	0.00215	0.00307	0.01503	0.00491	0.00429
17	0.02362	0.00916	0.01237	0.00948	0.01358	0.00801	0.00783	0.04617	0.01540	0.76410	0.02063	0.01785	0.01297	0.00654	0.00532	0.00163	0.00453	0.00530	0.00651	0.00900
18	0.01502	0.01635	0.18113	0.01195	0.01615	0.09425	0.01106	0.13685	0.31703	0.08757	0.02799	0.03480	0.01272	0.00662	0.00526	0.00168	0.00576	0.00529	0.00450	0.00801
19	0.00869	0.00670	0.00809	0.00752	0.00915	0.00675	0.00570	0.01386	0.17941	0.02125	0.59862	0.03543	0.05791	0.01007	0.00605	0.00169	0.00287	0.00882	0.00570	0.00571
20	0.00786	0.00532	0.00621	0.00623	0.00644	0.00541	0.00377	0.02245	0.00833	0.01128	0.01731	0.09110	0.01958	0.65645	0.09173	0.00506	0.00573	0.00796	0.01822	0.00356
21	0.00764	0.00546	0.00688	0.00749	0.00813	0.00531	0.00511	0.06198	0.01136	0.01526	0.09111	0.61014	0.03282	0.09444	0.00860	0.00236	0.00342	0.01309	0.00484	0.00458
22	0.01211	0.01520	0.12698	0.03771	0.14711	0.02526	0.46256	0.01636	0.01221	0.01675	0.01159	0.01684	0.00947	0.00533	0.00595	0.00177	0.00803	0.05876	0.00276	0.00722
23	0.01189	0.01330	0.02864	0.03593	0.02600	0.01252	0.67943	0.01601	0.01223	0.01656	0.01233	0.08602	0.01043	0.00556	0.00627	0.00181	0.00835	0.00700	0.00287	0.00685
24	0.76554	0.07108	0.00949	0.00725	0.01065	0.01267	0.00609	0.03625	0.00957	0.02314	0.00751	0.00869	0.00590	0.00492	0.00334	0.00160	0.00425	0.00291	0.00325	0.00590
25	0.01679	0.01183	0.01316	0.01025	0.01393	0.01221	0.00822	0.44971	0.01902	0.09059	0.01403	0.05672	0.01150	0.08657	0.00726	0.00182	0.00515	0.00534	0.00477	0.16112
26	0.08977	0.04730	0.12520	0.01169	0.04681	0.09754	0.01010	0.12490	0.09249	0.13489	0.01445	0.02816	0.02629	0.00630	0.00493	0.00155	0.00567	0.03499	0.00410	0.09285
27	0.00956	0.00843	0.01159	0.01045	0.01069	0.01094	0.00818	0.01061	0.00809	0.01198	0.01125	0.01976	0.01166	0.22184	0.21674	0.00460	0.40045	0.00567	0.00267	0.00486
28	0.00939	0.00775	0.01058	0.02502	0.01133	0.02438	0.00791	0.06329	0.00974	0.01386	0.01263	0.01830	0.01162	0.03086	0.57661	0.00670	0.14649	0.00536	0.00291	0.00525
29	0.01293	0.12791	0.42096	0.01489	0.09636	0.09004	0.01500	0.01715	0.01213	0.07014	0.06520	0.01336	0.01044	0.00549	0.00491	0.00156	0.00693	0.00430	0.00288	0.00745
30	0.03174	0.18676	0.12746	0.04121	0.01733	0.29025	0.01134	0.19964	0.01569	0.01854	0.00932	0.01046	0.00731	0.00540	0.00464	0.00143	0.00739	0.00372	0.00318	0.00718
31	0.08188	0.00908	0.01195	0.00923	0.01327	0.00806	0.00763	0.02505	0.01470	0.73141	0.01991	0.01733	0.01257	0.00643	0.00517	0.00164	0.00447	0.00514	0.00631	0.00877
32	0.00651	0.00468	0.00618	0.00726	0.00767	0.00435	0.00489	0.00755	0.01051	0.01407	0.08357	0.73766	0.05333	0.01607	0.00670	0.00210	0.00302	0.01455	0.00497	0.00435
33	0.01338	0.13245	0.01929	0.15895	0.03474	0.15562	0.10307	0.02787	0.01114	0.01396	0.00851	0.01176	0.00725	0.00635	0.00873	0.00175	0.25414	0.00436	0.02042	0.00626
34	0.00969	0.00498	0.00518	0.00518	0.00639	0.00505	0.00390	0.01212	0.01090	0.01919	0.01703	0.01978	0.01353	0.00851	0.05917	0.00174	0.00329	0.00498	0.78449	0.00491
35	0.00756	0.00563	0.00830	0.00830	0.00918	0.00650	0.00636	0.00931	0.00844	0.01213	0.01434	0.02176	0.01365	0.09533	0.73817	0.00825	0.01351	0.00581	0.00286	0.00461
36	0.00644	0.00460	0.00613	0.00736	0.00767	0.00429	0.00491	0.00736	0.01012	0.01350	0.02914	0.81076	0.03497	0.01656	0.00675	0.00215	0.00307	0.01503	0.00491	0.00429
37	0.01248	0.01426	0.03119	0.02228	0.02763	0.01337	0.76203	0.01693	0.01248	0.01693	0.01070	0.01426	0.00802	0.00446	0.00624	0.00178	0.00891	0.00624	0.00267	0.00713
38	0.02353	0.00930	0.01246	0.00955	0.01365	0.00822	0.00789	0.06438	0.01564	0.74555	0.02043	0.01772	0.01287	0.00653	0.00531	0.00163	0.00457	0.00529	0.00648	0.00900
39	0.00976	0.00593	0.00768	0.00694	0.00865	0.00535	0.00531	0.01208	0.01473	0.13294	0.60167	0.03735	0.11017	0.01041	0.00610	0.00167	0.00281	0.00908	0.00584	0.00553
40	0.01356	0.10737	0.53841	0.01341	0.02007	0.01286	0.01604	0.07412	0.01271	0.12673	0.01112	0.01196	0.00779	0.00529	0.00491	0.00160	0.00696	0.00406	0.00308	0.00796
41	0.00629	0.00520	0.00552	0.00578	0.00725	0.00443	0.00420	0.00754	0.01165	0.01412	0.04844	0.21017	0.62310	0.01405	0.00635	0.00186	0.00276	0.01197	0.00491	0.00443
42	0.01413	0.81739	0.02770	0.00905	0.01357	0.02092	0.00905	0.01583	0.01074	0.01244	0.00735	0.00848	0.00678	0.00452	0.00339	0.00113	0.00565	0.00283	0.00226	0.00678
43	0.09535	0.07076	0.03136	0.01174	0.01557	0.12120	0.06565	0.19569	0.16894	0.14991	0.01413	0.01397	0.01024	0.00599	0.00498	0.00159	0.00588	0.00469	0.00450	0.00785
44	0.01417	0.07516	0.02039	0.04163	0.55675	0.15173	0.01438	0.01687	0.01236	0.01596	0.00951	0.01229	0.00805	0.00558	0.02182	0.00165	0.00699	0.00436	0.00261	0.00773
45	0.01413	0.81739	0.02770	0.00905	0.01357	0.02092	0.00905	0.01583	0.01074	0.01244	0.00735	0.00848	0.00678	0.00452	0.00339	0.00113	0.00565	0.00283	0.00226	0.00678
46	0.01754	0.01246	0.01376	0.01082	0.01440	0.01346	0.00883	0.56115	0.02220	0.07002	0.17959	0.01880	0.01809	0.00733	0.00550	0.00161	0.00503	0.00583	0.00547	0.00812
47	0.00748	0.00540	0.00707	0.00665	0.00790	0.00499	0.00499	0.00998	0.01496	0.02120	0.77844	0.03949	0.04988	0.01081	0.00624	0.00166	0.00249	0.00956	0.00582	0.00499
48	0.00712	0.00516	0.00672	0.00682	0.00780	0.00475	0.00493	0.00908	0.01337	0.01857	0.52077	0.27708	0.07273	0.01267	0.00639	0.00182	0.00268	0.01130	0.00550	0.00475
49	0.00918	0.00459	0.00689	0.00689	0.00689	0.00459	0.00459	0.00689	0.00689	0.00918	0.00918	0.01607	0.00918	0.01837	0.02066	0.84619	0.00459	0.00459	0.00230	0.00230
50	0.01975	0.02520	0.01498	0.01362	0.01634	0.79299	0.01021	0.02111	0.01498	0.01294	0.00817	0.00953	0.00681	0.00545	0.00477	0.00136	0.00953	0.00340	0.00272	0.00613
51	0.01178	0.01237	0.02321	0.19067	0.10281	0.01362	0.34089	0.01509	0.01095	0.01520	0.00942	0.01345	0.00758	0.00583	0.00864	0.00189	0.20209	0.00536	0.00251	0.00666
52	0.00644	0.00460	0.00613	0.00736	0.00767	0.00429	0.00491	0.00736	0.01012	0.01350	0.02914	0.81076	0.03497	0.01656	0.00675	0.00215	0.00307	0.01503	0.00491	0.00429
53	0.85155	0.01022	0.00777	0.00695	0.01022	0.01186	0.00573	0.01554	0.00900	0.02372	0.00736	0.00859	0.00573	0.00491	0.00327	0.00164	0.00409	0.00286	0.00327	0.00573
54	0.01315	0.01136	0.01195	0.01076	0.01375	0.01315	0.00837	0.02809	0.77168	0.02211	0.02152	0.01972	0.01614	0.00717	0.00538	0.00179	0.00418	0.00598	0.00538	0.00837
55	0.00644	0.00460	0.00613	0.00736	0.00767	0.00429	0.00491	0.00736	0.01012	0.01350	0.02914	0.81076	0.03497	0.01656	0.00675	0.00215	0.00307	0.01503	0.00491	0.00429
56	0.02121	0.01302	0.01476	0.01132	0.01550	0.01375	0.00935	0.53703	0.02187	0.26411	0.01520	0.01432	0.01025	0.00641	0.00530	0.00160	0.00541	0.00493	0.00567	0.00899
57	0.00985	0.00493	0.00493	0.00493	0.00616	0.00493	0.00370	0.01232	0.01109	0.01971	0.01725	0.01971	0.01355	0.00616	0.00370	0.00123	0.00246	0.00493	0.84356	0.00493
58	0.01948	0.01334	0.01488	0.01194	0.03118	0.01449	0.00959	0.54679	0.09939	0.14193	0.01478	0.01439	0.01041	0.00720	0.02361	0.00178	0.00566	0.00499	0.00537	0.00882
59	0.00790	0.00571	0.00777	0.00890	0.00996	0.00558	0.00741	0.00993	0.01172	0.01520	0.03010	0.22229	0.08574	0.01494	0.00710	0.00232	0.00432	0.53352	0.00488	0.00471
60	0.85155	0.01022	0.00777	0.00695	0.01022	0.01186	0.00573	0.01554	0.00900	0.02372	0.00736	0.00859	0.00573	0.00491	0.00327	0.00164	0.00409	0.00286	0.00327	0.00573
61	0.01088	0.00913	0.01053	0.01107	0.06489	0.06480	0.00772	0.14978	0.01329	0.01745	0.02151	0.45195	0.02392	0.01239	0.00705	0.00197	0.06466	0.04682	0.00446	0.00572
62	0.00651	0.00464	0.00617	0.00737	0.00768	0.00435	0.00493	0.00743	0.01010	0.01346	0.02882	0.77880	0.03451	0.03561	0.00724	0.00222	0.00315	0.02788	0.00487	0.00428
63	0.01959	0.07686	0.01661	0.01216	0.01617	0.14088	0.01000	0.58865	0.02222	0.02849	0.01157	0.01187	0.00848	0.00607	0.00506	0.00152	0.00640	0.00440	0.00465	0.00837
64	0.00713	0.00597	0.00627	0.00609	0.00792	0.00542	0.00460	0.01001	0.08953	0.01608	0.15577	0.04606	0.59560	0.01238	0.00616	0.00177	0.00280	0.01040	0.00509	0.00494
65	0.02097	0.01341	0.01500	0.01150	0.01570	0.01432	0.00950	0.58606	0.02252	0.21417	0.01466	0.01397	0.00998	0.00639	0.00530	0.00160	0.00550	0.00489	0.00559	0.00899
66	0.00998	0.00940	0.01586	0.80150	0.03641	0.01175	0.01468	0.01351	0.01057	0.01351	0.00940	0.01409	0.00705	0.00529	0.00529	0.00176	0.00705	0.00470	0.00235	0.00587
67	0.01061	0.00583	0.00896	0.06600	0.06391	0.00590	0.00637	0.00944	0.00813	0.06843	0.01013	0.01586	0.00927	0.01558	0.01732	0.66259	0.00488	0.00466	0.00264	0.00348
68	0.02372	0.00900	0.01227	0.00941	0.01350	0.00777	0.00777	0.02576	0.01513	0.78489	0.02086	0.01799	0.01309	0.00654	0.00532	0.00164	0.00450	0.00532	0.00654	0.00900
69	0.00769	0.00513	0.00577	0.00577	0.00577	0.00513	0.00320	0.00769	0.00769	0.01025	0.01666	0.03460	0.01922	0.81421	0.02691	0.00513	0.00513	0.00769	0.00320	0.00320
70	0.01060	0.02735	0.78682	0.01507	0.02288	0.01228	0.01953	0.01674	0.01116	0.01674	0.00949	0.01116	0.00670	0.00502	0.00502	0.00167	0.00781	0.00391	0.00223	0.00781
71	0.01234	0.01520	0.08551	0.02176	0.02729	0.01329	0.70866	0.01692	0.01238	0.01692	0.01061	0.01404	0.00793	0.00450	0.00615	0.00177	0.00883	0.00607	0.00264	0.00718
72	0.85155	0.01022	0.00777	0.00695	0.01022	0.01186	0.00573	0.01554	0.00900	0.02372	0.00736	0.00859	0.00573	0.00491	0.00327	0.00164	0.00409	0.00286	0.00327	0.00573
73	0.00644	0.00460	0.00613	0.00736	0.00767	0.00429	0.00491	0.00736	0.01012	0.01350	0.02914	0.81076	0.03497	0.01656	0.00675	0.00215	0.00307	0.01503	0.00491	0.00429
74	0.00795	0.00618	0.00845	0.06523	0.01079	0.00672	0.00655	0.03819	0.01078	0.01474	0.09756	0.46912	0.02818	0.04054	0.08808	0.00280	0.07779	0.01122	0.00433	0.00481
75	0.00985	0.00493	0.00493	0.00493	0.00616	0.00493	0.00370	0.01232	0.01109	0.01971	0.01725	0.01971	0.01355	0.00616	0.00370	0.00123	0.00246	0.00493	0.84356	0.00493
76	0.02010	0.01481	0.01587	0.01216	0.01639	0.01639	0.01005	0.76360	0.02486	0.03332	0.01269	0.01269	0.00899	0.00635	0.00529	0.00159	0.00582	0.00476	0.00529	0.00899
77	0.01096	0.00940	0.01096	0.00783	0.01253	0.00705	0.00626	0.01331	0.01096	0.01723	0.00940	0.01096	0.00783	0.00392	0.00392	0.00078	0.00392	0.00313	0.00313	0.84653
78	0.01749	0.02129	0.01512	0.18481	0.02065	0.59302	0.01114	0.03251	0.03033	0.01361	0.00880	0.01080	0.00710	0.00546	0.00490	0.00146	0.00881	0.00376	0.00274	0.00617
79	0.01858	0.02326	0.01515	0.01366	0.01599	0.68256	0.01041	0.01992	0.01400	0.01291	0.00800	0.00982	0.00683	0.00599	0.00656	0.00150	0.12254	0.00358	0.00267	0.00608
80	0.00918	0.00459	0.00689	0.00689	0.00689	0.00459	0.00459	0.00689	0.00689	0.00918	0.00918	0.01607	0.00918	0.01837	0.02066	0.84619	0.00459	0.00459	0.00230	0.00230
81	0.01880	0.02217	0.01444	0.01294	0.01570	0.62325	0.00979	0.12562	0.01602	0.01588	0.01039	0.07027	0.00924	0.00641	0.00499	0.00145	0.00852	0.00447	0.00325	0.00640
82	0.00985	0.00493	0.00493	0.00493	0.00616	0.00493	0.00370	0.01232	0.01109	0.01971	0.01725	0.01971	0.01355	0.00616	0.00370	0.00123	0.00246	0.00493	0.84356	0.00493
83	0.00852	0.00608	0.00852	0.00974	0.01095	0.00608	0.00852	0.01095	0.01217	0.01582	0.02799	0.05963	0.03042	0.01460	0.00730	0.00243	0.00487	0.74565	0.00487	0.00487
84	0.01060	0.02735	0.78682	0.01507	0.02288	0.01228	0.01953	0.01674	0.01116	0.01674	0.00949	0.01116	0.00670	0.00502	0.00502	0.00167	0.00781	0.00391	0.00223	0.00781
85	0.01308	0.01256	0.02146	0.03245	0.78123	0.01256	0.01622	0.01622	0.01204	0.01727	0.00994	0.01308	0.00837	0.00471	0.00523	0.00157	0.00628	0.00471	0.00262	0.00837
86	0.00644	0.00460	0.00613	0.00736	0.00767	0.00429	0.00491	0.00736	0.01012	0.01350	0.02914	0.81076	0.03497	0.01656	0.00675	0.00215	0.00307	0.01503	0.00491	0.00429
87	0.00797	0.00511	0.00683	0.00751	0.00827	0.00473	0.00528	0.00926	0.01127	0.07273	0.13498	0.61100	0.03526	0.01491	0.00659	0.00205	0.00317	0.04316	0.00516	0.00477
88	0.01060	0.02735	0.78682	0.01507	0.02288	0.01228	0.01953	0.01674	0.01116	0.01674	0.00949	0.01116	0.00670	0.00502	0.00502	0.00167	0.00781	0.00391	0.00223	0.00781
89	0.00728	0.00538	0.00679	0.00647	0.00778	0.00490	0.00484	0.00957	0.01443	0.02001	0.65491	0.05605	0.15935	0.01131	0.00625	0.00169	0.00253	0.00991	0.00566	0.00490
90	0.00644	0.00460	0.00613	0.00736	0.00767	0.00429	0.00491	0.00736	0.01012	0.01350	0.02914	0.81076	0.03497	0.01656	0.00675	0.00215	0.00307	0.01503	0.00491	0.00429
91	0.00625	0.00536	0.00536	0.00536	0.00714	0.00446	0.00402	0.00759	0.01205	0.01428	0.05355	0.05088	0.77909	0.01339	0.00625	0.00179	0.00268	0.01116	0.00491	0.00446
92	0.02338	0.00921	0.01236	0.00951	0.01358	0.00813	0.00785	0.04622	0.03215	0.74721	0.02065	0.01789	0.01304	0.00655	0.00532	0.00164	0.00453	0.00532	0.00648	0.00898
93	0.00636	0.00536	0.00551	0.00547	0.00721	0.00451	0.00410	0.00780	0.01231	0.01491	0.11921	0.04985	0.71304	0.01315	0.00625	0.00177	0.00266	0.01101	0.00499	0.00451
94	0.66217	0.01006	0.00940	0.15797	0.01524	0.01180	0.00747	0.02870	0.00962	0.02188	0.00801	0.00990	0.00617	0.00503	0.00370	0.00165	0.00466	0.00328	0.01749	0.00580
95	0.01413	0.81739	0.02770	0.00905	0.01357	0.02092	0.00905	0.01583	0.01074	0.01244	0.00735	0.00848	0.00678	0.00452	0.00339	0.00113	0.00565	0.00283	0.00226	0.00678
96	0.01060	0.02735	0.78682	0.01507	0.02288	0.01228	0.01953	0.01674	0.01116	0.01674	0.00949	0.01116	0.00670	0.00502	0.00502	0.00167	0.00781	0.00391	0.00223	0.00781
97	0.00908	0.00827	0.06673	0.00799	0.01013	0.00708	0.00671	0.06620	0.08435	0.02147	0.55951	0.03421	0.07772	0.00985	0.00600	0.00168	0.00330	0.00854	0.00542	0.00577
98	0.08098	0.02464	0.01278	0.00967	0.01371	0.00970	0.00801	0.13774	0.02878	0.58972	0.01843	0.01638	0.01188	0.00637	0.00513	0.00162	0.00469	0.00502	0.00602	0.00872
99	0.01033	0.00539	0.00544	0.00527	0.00664	0.00546	0.00399	0.04746	0.01173	0.02035	0.01703	0.01938	0.01334	0.00617	0.00377	0.00125	0.00262	0.00492	0.80435	0.00512
100	0.00672	0.00503	0.00680	0.06694	0.00975	0.00489	0.00554	0.00785	0.01024	0.01348	0.02908	0.67969	0.08479	0.03372	0.00706	0.00216	0.00339	0.01381	0.00468	0.00440
101	0.01899	0.01404	0.01522	0.01186	0.01581	0.01558	0.00975	0.69005	0.04069	0.03148	0.01300	0.01346	0.00947	0.00887	0.06458	0.00211	0.00641	0.00486	0.00511	0.00865
102	0.00788	0.00585	0.00740	0.00693	0.00832	0.00559	0.00522	0.01129	0.07184	0.02112	0.70622	0.03824	0.06270	0.01059	0.00617	0.00168	0.00263	0.00932	0.00577	0.00523
103	0.03775	0.00871	0.01155	0.00906	0.01272	0.00776	0.00741	0.04989	0.01534	0.63145	0.13053	0.02074	0.01815	0.00712	0.00541	0.00164	0.00425	0.00586	0.00633	0.00835
104	0.01392	0.06220	0.34171	0.01880	0.21524	0.21029	0.01561	0.03279	0.01261	0.01604	0.00923	0.01114	0.00721	0.00505	0.00494	0.00154	0.00771	0.00395	0.00252	0.00750
105	0.00725	0.00567	0.00830	0.18005	0.01398	0.00595	0.00710	0.00877	0.01026	0.01354	0.02482	0.62258	0.02881	0.01407	0.00644	0.00207	0.00397	0.02737	0.00435	0.00465
106	0.00629	0.00519	0.00552	0.00579	0.00726	0.00443	0.00421	0.00754	0.01163	0.01411	0.04825	0.21607	0.61732	0.01408	0.00636	0.00186	0.00276	0.01200	0.00491	0.00443
107	0.00644	0.00460	0.00613	0.00736	0.00767	0.00429	0.00491	0.00736	0.01012	0.01350	0.02914	0.81076	0.03497	0.01656	0.00675	0.00215	0.00307	0.01503	0.00491	0.00429
108	0.01086	0.01017	0.01703	0.59036	0.21100	0.01190	0.01484	0.02734	0.01120	0.01479	0.00996	0.01475	0.00787	0.00536	0.00531	0.00173	0.00680	0.01971	0.00252	0.00650
109	0.01206	0.01144	0.01410	0.01226	0.01315	0.07220	0.03038	0.09699	0.01091	0.01511	0.01189	0.13101	0.01231	0.06678	0.03019	0.00245	0.44150	0.00636	0.00315	0.00579
110	0.01096	0.00658	0.00886	0.00815	0.00878	0.00714	0.00588	0.11863	0.00962	0.01298	0.00954	0.01526	0.00900	0.01596	0.01817	0.66263	0.06098	0.00462	0.00274	0.00353
111	0.01096	0.00940	0.01096	0.00783	0.01253	0.00705	0.00626	0.01331	0.01096	0.01723	0.00940	0.01096	0.00783	0.00392	0.00392	0.00078	0.00392	0.00313	0.00313	0.84653
112	0.01983	0.01461	0.01567	0.01207	0.01622	0.01616	0.00995	0.74865	0.02456	0.03293	0.01302	0.02847	0.00950	0.00655	0.00532	0.00160	0.00576	0.00496	0.00528	0.00890
113	0.01157	0.01157	0.01619	0.01388	0.01388	0.01619	0.01157	0.01272	0.00810	0.01272	0.00694	0.01157	0.00694	0.00925	0.01735	0.00231	0.80453	0.00463	0.00231	0.00578
114	0.01720	0.01244	0.01431	0.01126	0.01479	0.01355	0.00923	0.39731	0.07529	0.11193	0.01309	0.01365	0.00967	0.00739	0.02850	0.00178	0.11180	0.00469	0.00467	0.12746
115	0.01002	0.00944	0.01586	0.78406	0.03591	0.01184	0.01461	0.01349	0.01052	0.01349	0.00934	0.01404	0.00704	0.00537	0.00555	0.00177	0.02471	0.00470	0.00235	0.00587
116	0.02372	0.00900	0.01227	0.00941	0.01350	0.00777	0.00777	0.02576	0.01513	0.78489	0.02086	0.01799	0.01309	0.00654	0.00532	0.00164	0.00450	0.00532	0.00654	0.00900
117	0.00699	0.00516	0.00704	0.06717	0.00995	0.00510	0.00570	0.02177	0.01037	0.01379	0.02706	0.71838	0.03203	0.03375	0.00707	0.00218	0.00346	0.01389	0.00468	0.00447
118	0.01097	0.01083	0.01601	0.01389	0.02608	0.01433	0.06471	0.01239	0.00870	0.01316	0.00989	0.09797	0.01026	0.01065	0.04153	0.00246	0.62190	0.00590	0.00264	0.00572
119	0.00716	0.00539	0.00662	0.00631	0.00770	0.00485	0.00473	0.00935	0.01420	0.01939	0.58888	0.04247	0.24057	0.01148	0.00624	0.00169	0.00254	0.00998	0.00558	0.00485
120	0.01302	0.07314	0.02246	0.05350	0.64650	0.01322	0.06925	0.01616	0.01193	0.01677	0.00979	0.01285	0.00819	0.00470	0.00517	0.00156	0.00645	0.00468	0.00259	0.00809
121	0.01470	0.07555	0.03124	0.11904	0.18225	0.17225	0.02563	0.12299	0.03115	0.01713	0.00984	0.02611	0.00824	0.00615	0.00700	0.00166	0.13447	0.00452	0.00301	0.00705
122	0.01271	0.00941	0.01043	0.00928	0.01190	0.01025	0.00723	0.04740	0.44565	0.09190	0.17863	0.02473	0.05475	0.00804	0.00549	0.00171	0.00376	0.00678	0.05256	0.00739
123	0.00629	0.00530	0.00545	0.00553	0.00719	0.00446	0.00410	0.00761	0.01196	0.01435	0.06501	0.10784	0.70972	0.01358	0.00629	0.00181	0.00270	0.01142	0.00493	0.00446
124	0.01060	0.02735	0.78682	0.01507	0.02288	0.01228	0.01953	0.01674	0.01116	0.01674	0.00949	0.01116	0.00670	0.00502	0.00502	0.00167	0.00781	0.00391	0.00223	0.00781
125	0.13412	0.20240	0.39015	0.01239	0.01820	0.01379	0.06745	0.01632	0.01092	0.03196	0.00941	0.01098	0.00715	0.00494	0.00442	0.00153	0.00651	0.00376	0.04649	0.00710

[dist]
# distance from previous block
# <min> <max>
0	18

[block]
# block no. 3 follows, 46 sequences, length 35
# corresponding to MSA columns:
# 238-272
name=unknown_D
#
# <colnr> <probs for GDERKNQSTAVLIFYWHMCP>
#	G	D	E	R	K	N	Q	S	T	A	V	L	I	F	Y	W	H	M	C	P
0	0.01215	0.13017	0.47995	0.01507	0.09283	0.02975	0.01578	0.08033	0.01223	0.01716	0.00993	0.01253	0.00784	0.05498	0.00619	0.00179	0.00707	0.00413	0.00261	0.00751
1	0.01162	0.00974	0.01203	0.02942	0.06023	0.00926	0.00781	0.11113	0.02427	0.01880	0.07846	0.05586	0.03709	0.02410	0.00644	0.00139	0.08124	0.00516	0.00370	0.41227
2	0.00918	0.00633	0.00809	0.00766	0.00901	0.00633	0.00580	0.01131	0.03457	0.09217	0.31653	0.20609	0.16530	0.01186	0.00731	0.00185	0.08006	0.01005	0.00518	0.00531
3	0.09326	0.01090	0.01200	0.01047	0.07876	0.05697	0.00752	0.05707	0.01211	0.03595	0.03217	0.01192	0.00903	0.00457	0.00420	0.00106	0.00456	0.00359	0.00335	0.55053
4	0.00807	0.00579	0.00655	0.00641	0.00698	0.00591	0.00406	0.00988	0.08205	0.01252	0.06717	0.03413	0.08584	0.57669	0.06278	0.00448	0.00515	0.00783	0.00370	0.00400
5	0.17257	0.00917	0.01107	0.00894	0.01252	0.00875	0.00727	0.05966	0.03023	0.52159	0.01875	0.08821	0.01359	0.00716	0.00507	0.00168	0.00435	0.00574	0.00571	0.00796
6	0.01051	0.00901	0.01042	0.00759	0.01201	0.00680	0.00605	0.01276	0.01107	0.01694	0.01364	0.01480	0.08203	0.00483	0.00414	0.00088	0.00380	0.00390	0.00330	0.76552
7	0.01169	0.00975	0.01620	0.63067	0.12586	0.01146	0.01421	0.01502	0.01119	0.08818	0.01057	0.01435	0.00779	0.00534	0.00528	0.00173	0.00671	0.00476	0.00279	0.00648
8	0.85155	0.01022	0.00777	0.00695	0.01022	0.01186	0.00573	0.01554	0.00900	0.02372	0.00736	0.00859	0.00573	0.00491	0.00327	0.00164	0.00409	0.00286	0.00327	0.00573
9	0.00663	0.00536	0.00578	0.00597	0.00744	0.00468	0.00446	0.00796	0.01163	0.01419	0.06278	0.09695	0.57934	0.08251	0.00816	0.00215	0.00312	0.08172	0.00478	0.00439
10	0.01413	0.81739	0.02770	0.00905	0.01357	0.02092	0.00905	0.01583	0.01074	0.01244	0.00735	0.00848	0.00678	0.00452	0.00339	0.00113	0.00565	0.00283	0.00226	0.00678
11	0.09184	0.01028	0.01537	0.04070	0.45304	0.02333	0.01169	0.01365	0.01148	0.01675	0.01862	0.13575	0.12036	0.00773	0.00540	0.00169	0.00516	0.00694	0.00334	0.00687
12	0.00644	0.00460	0.00613	0.00736	0.00767	0.00429	0.00491	0.00736	0.01012	0.01350	0.02914	0.81076	0.03497	0.01656	0.00675	0.00215	0.00307	0.01503	0.00491	0.00429
13	0.01076	0.02622	0.72184	0.01569	0.02329	0.01237	0.08339	0.01676	0.01127	0.01676	0.00959	0.01143	0.00681	0.00497	0.00513	0.00168	0.00791	0.00411	0.00227	0.00775
14	0.01136	0.00938	0.01100	0.00788	0.01256	0.00707	0.00631	0.01370	0.01109	0.04107	0.00975	0.01118	0.00799	0.00400	0.00396	0.00081	0.00393	0.00320	0.00324	0.82052
15	0.01243	0.01392	0.11028	0.10045	0.47205	0.01266	0.05341	0.01732	0.09891	0.01726	0.01112	0.01373	0.00888	0.00520	0.00563	0.00166	0.02946	0.00484	0.00286	0.00793
16	0.01122	0.01106	0.01553	0.01342	0.01350	0.01537	0.01114	0.01244	0.00813	0.01268	0.00756	0.01236	0.00748	0.01187	0.08408	0.00284	0.73656	0.00472	0.00236	0.00569
17	0.01054	0.00681	0.00835	0.00766	0.00939	0.00667	0.00583	0.03568	0.09942	0.11358	0.36119	0.03539	0.07636	0.12886	0.00914	0.00225	0.00362	0.06825	0.00533	0.00568
18	0.08429	0.01166	0.01542	0.51589	0.09346	0.08732	0.01311	0.06143	0.03831	0.01617	0.00977	0.01321	0.00746	0.00535	0.00506	0.00169	0.00679	0.00447	0.00277	0.00638
19	0.00644	0.00460	0.00613	0.00736	0.00767	0.00429	0.00491	0.00736	0.01012	0.01350	0.02914	0.81076	0.03497	0.01656	0.00675	0.00215	0.00307	0.01503	0.00491	0.00429
20	0.01431	0.03001	0.03611	0.02280	0.42001	0.02780	0.05020	0.19837	0.04204	0.02090	0.01449	0.01614	0.07109	0.00590	0.00533	0.00160	0.00601	0.00528	0.00354	0.00806
21	0.00769	0.00513	0.00577	0.00577	0.00577	0.00513	0.00320	0.00769	0.00769	0.01025	0.01666	0.03460	0.01922	0.81421	0.02691	0.00513	0.00513	0.00769	0.00320	0.00320
22	0.01190	0.07919	0.01427	0.01006	0.01360	0.01007	0.09183	0.13650	0.01342	0.01890	0.03978	0.12013	0.05775	0.00710	0.00529	0.00138	0.02618	0.00608	0.04207	0.29450
23	0.08539	0.22795	0.18570	0.08969	0.08808	0.21020	0.01253	0.01714	0.01185	0.01500	0.00845	0.01029	0.00685	0.00499	0.00443	0.00145	0.00715	0.00356	0.00250	0.00681
24	0.01308	0.01256	0.02146	0.03245	0.78123	0.01256	0.01622	0.01622	0.01204	0.01727	0.00994	0.01308	0.00837	0.00471	0.00523	0.00157	0.00628	0.00471	0.00262	0.00837
25	0.00998	0.00940	0.01586	0.80150	0.03641	0.01175	0.01468	0.01351	0.01057	0.01351	0.00940	0.01409	0.00705	0.00529	0.00529	0.00176	0.00705	0.00470	0.00235	0.00587
26	0.01323	0.01302	0.02188	0.03130	0.71358	0.03419	0.06208	0.01640	0.01215	0.01713	0.00994	0.01306	0.00831	0.00472	0.00528	0.00158	0.00653	0.00477	0.00262	0.00824
27	0.01591	0.00841	0.01064	0.02632	0.01223	0.00815	0.00721	0.14667	0.02864	0.32117	0.09701	0.25234	0.02239	0.00986	0.00582	0.00179	0.00416	0.00850	0.00566	0.00713
28	0.07103	0.09052	0.13684	0.01051	0.02387	0.01179	0.00967	0.12825	0.14395	0.14225	0.08037	0.01908	0.06339	0.00688	0.00508	0.00161	0.00498	0.01531	0.00451	0.03011
29	0.09681	0.45991	0.03815	0.01013	0.01402	0.14389	0.04472	0.01636	0.01184	0.02896	0.08212	0.01216	0.01100	0.00536	0.00409	0.00132	0.00601	0.00380	0.00288	0.00648
30	0.01304	0.23887	0.23130	0.01157	0.04246	0.03051	0.01147	0.04544	0.01248	0.09661	0.11350	0.01812	0.01485	0.03159	0.00592	0.00167	0.02882	0.04134	0.00348	0.00696
31	0.01343	0.22422	0.14005	0.01159	0.03740	0.19948	0.01046	0.02515	0.01194	0.01451	0.02770	0.02781	0.02354	0.00857	0.07258	0.00197	0.02437	0.01489	0.00279	0.10753
32	0.00966	0.08848	0.13914	0.01023	0.01326	0.02361	0.07245	0.01273	0.04723	0.03884	0.03743	0.26332	0.13327	0.01122	0.02481	0.00198	0.00511	0.04478	0.00399	0.01846
33	0.07567	0.38631	0.08419	0.01018	0.01411	0.05636	0.00957	0.04227	0.14985	0.02881	0.01093	0.01186	0.00892	0.00668	0.03213	0.00168	0.04229	0.00384	0.01734	0.00701
34	0.03225	0.04065	0.30114	0.01460	0.04595	0.02974	0.13084	0.10164	0.02963	0.01905	0.10139	0.01836	0.01401	0.00660	0.00601	0.00173	0.04301	0.05287	0.00337	0.00714

[dist]
# distance from previous block
# <min> <max>
2	5

[block]
# block no. 4 follows, 46 sequences, length 32
# corresponding to MSA columns:
# 278-309
name=unknown_E
#
# <colnr> <probs for GDERKNQSTAVLIFYWHMCP>
#	G	D	E	R	K	N	Q	S	T	A	V	L	I	F	Y	W	H	M	C	P
0	0.01465	0.01119	0.01424	0.06748	0.16598	0.01194	0.01010	0.28182	0.09217	0.05653	0.02961	0.08677	0.01376	0.03592	0.00615	0.00178	0.00522	0.02427	0.04298	0.02745
1	0.01288	0.01235	0.02109	0.08270	0.73256	0.01251	0.01612	0.01605	0.01194	0.01703	0.00991	0.01315	0.00829	0.00475	0.00524	0.00158	0.00633	0.00471	0.00260	0.00821
2	0.01242	0.01157	0.01907	0.30833	0.46278	0.01252	0.01526	0.06408	0.01235	0.01696	0.00993	0.01342	0.00794	0.00502	0.00526	0.00164	0.00653	0.00471	0.00269	0.00751
3	0.01109	0.00871	0.01200	0.06090	0.14067	0.00903	0.02505	0.16896	0.01391	0.01899	0.03613	0.33724	0.02179	0.01075	0.00598	0.00187	0.00464	0.06248	0.04360	0.00620
4	0.03239	0.01605	0.01737	0.06755	0.31250	0.28132	0.05567	0.03249	0.01332	0.01597	0.04540	0.01549	0.05985	0.00585	0.00520	0.00154	0.00715	0.00494	0.00300	0.00693
5	0.01233	0.01359	0.02713	0.05243	0.10573	0.03557	0.55584	0.01623	0.01201	0.01627	0.01053	0.01425	0.00824	0.00679	0.05217	0.00216	0.04326	0.00583	0.00265	0.00699
6	0.05021	0.01797	0.01458	0.06820	0.04924	0.35447	0.01015	0.19954	0.12970	0.02000	0.01158	0.01247	0.00892	0.00587	0.00496	0.00152	0.00716	0.00427	0.02202	0.00719
7	0.01008	0.00633	0.00797	0.00790	0.03635	0.00571	0.00575	0.01225	0.03032	0.14686	0.25778	0.11977	0.27925	0.01140	0.00613	0.00178	0.00322	0.04014	0.00538	0.00561
8	0.01202	0.20335	0.32242	0.03761	0.05248	0.01437	0.13226	0.01768	0.10766	0.01634	0.01172	0.01318	0.02557	0.00527	0.00493	0.00158	0.00683	0.00451	0.00279	0.00743
