[name]
unknown

[dist]
# distance from previous block
# <min> <max>
3	82

[block]
# block no. 0 follows, 44 sequences, length 42
# corresponding to MSA columns:
# 127-168
name=unknown_A
#
# <colnr> <probs for GDERKNQSTAVLIFYWHMCP>
#	G	D	E	R	K	N	Q	S	T	A	V	L	I	F	Y	W	H	M	C	P
0	0.26544	0.09847	0.12080	0.02766	0.07648	0.03194	0.02400	0.08680	0.07634	0.04696	0.06956	0.01406	0.01151	0.00599	0.00493	0.00166	0.02205	0.00448	0.00369	0.00718
1	0.06292	0.11984	0.08159	0.01076	0.01414	0.18455	0.02381	0.04999	0.02828	0.09580	0.16282	0.03603	0.01869	0.00831	0.02651	0.00180	0.00622	0.04178	0.00410	0.02207
2	0.16280	0.19244	0.04408	0.02957	0.09937	0.06792	0.02609	0.06866	0.01240	0.01825	0.06777	0.04457	0.01268	0.06767	0.00635	0.00178	0.00559	0.00489	0.00335	0.06378
3	0.18264	0.06245	0.05519	0.00902	0.01195	0.04285	0.01874	0.06214	0.02830	0.06365	0.14179	0.10044	0.03270	0.06803	0.00707	0.00192	0.02375	0.00647	0.00419	0.07670
4	0.09128	0.03060	0.16914	0.03007	0.01805	0.03433	0.14902	0.04797	0.10257	0.11762	0.07235	0.08376	0.01505	0.00706	0.00555	0.00177	0.00610	0.00625	0.00411	0.00735
5	0.11016	0.04995	0.12909	0.01174	0.03572	0.10002	0.03004	0.10154	0.04428	0.12866	0.06613	0.03086	0.07680	0.00712	0.00574	0.00168	0.03934	0.00550	0.00417	0.02145
6	0.36532	0.01320	0.08127	0.04083	0.07177	0.04807	0.00931	0.14363	0.03365	0.02288	0.04266	0.02860	0.01042	0.03620	0.02945	0.00203	0.00569	0.00452	0.00371	0.00680
7	0.02936	0.01969	0.35306	0.06846	0.17974	0.03319	0.01596	0.09215	0.06285	0.03658	0.01117	0.01293	0.00835	0.00550	0.00545	0.00168	0.02109	0.00447	0.00309	0.03523
8	0.01236	0.01266	0.06386	0.26692	0.20464	0.01219	0.13102	0.07082	0.01281	0.01768	0.01083	0.01492	0.00865	0.00533	0.00546	0.00165	0.00686	0.02515	0.00294	0.11327
9	0.00664	0.00474	0.00633	0.00759	0.00791	0.00443	0.00506	0.00759	0.01044	0.01392	0.03005	0.80485	0.03606	0.01708	0.00696	0.00221	0.00316	0.01550	0.00506	0.00443
10	0.00780	0.00579	0.00849	0.00849	0.00937	0.00667	0.00648	0.00956	0.00868	0.01246	0.01485	0.02279	0.01422	0.11464	0.71386	0.00843	0.01371	0.00604	0.00296	0.00472
11	0.00752	0.00503	0.00674	0.00782	0.00836	0.00469	0.00540	0.00861	0.01078	0.04641	0.02962	0.72826	0.03483	0.01652	0.00693	0.00221	0.00333	0.05714	0.00513	0.00467
12	0.84691	0.01054	0.00801	0.00717	0.01054	0.01223	0.00590	0.01603	0.00928	0.02446	0.00759	0.00886	0.00590	0.00506	0.00337	0.00169	0.00422	0.00295	0.00337	0.00590
13	0.00800	0.00587	0.00748	0.00827	0.00942	0.00564	0.00670	0.00979	0.01173	0.01498	0.03328	0.10007	0.19972	0.12991	0.01018	0.00274	0.00443	0.42238	0.00478	0.00464
14	0.01458	0.81168	0.02857	0.00933	0.01399	0.02157	0.00933	0.01632	0.01108	0.01283	0.00758	0.00875	0.00700	0.00466	0.00350	0.00117	0.00583	0.00292	0.00233	0.00700
15	0.00793	0.00529	0.00595	0.00595	0.00595	0.00529	0.00330	0.00793	0.00793	0.01057	0.01718	0.03568	0.01982	0.80840	0.02775	0.00529	0.00529	0.00793	0.00330	0.00330
16	0.84691	0.01054	0.00801	0.00717	0.01054	0.01223	0.00590	0.01603	0.00928	0.02446	0.00759	0.00886	0.00590	0.00506	0.00337	0.00169	0.00422	0.00295	0.00337	0.00590
17	0.01356	0.01171	0.01233	0.01109	0.01418	0.01356	0.00863	0.02897	0.76455	0.02281	0.02219	0.02034	0.01664	0.00740	0.00555	0.00185	0.00431	0.00616	0.00555	0.00863
18	0.02072	0.01527	0.01636	0.01254	0.01691	0.01691	0.01036	0.75622	0.02563	0.03436	0.01309	0.01309	0.00927	0.00654	0.00545	0.00164	0.00600	0.00491	0.00545	0.00927
19	0.84691	0.01054	0.00801	0.00717	0.01054	0.01223	0.00590	0.01603	0.00928	0.02446	0.00759	0.00886	0.00590	0.00506	0.00337	0.00169	0.00422	0.00295	0.00337	0.00590
20	0.04977	0.00932	0.01251	0.00962	0.01381	0.00814	0.00795	0.02624	0.01541	0.75497	0.02108	0.01826	0.01326	0.00670	0.00542	0.00169	0.00463	0.00540	0.00664	0.00917
21	0.01030	0.00969	0.01635	0.79530	0.03755	0.01211	0.01514	0.01393	0.01090	0.01393	0.00969	0.01453	0.00727	0.00545	0.00545	0.00182	0.00727	0.00484	0.00242	0.00606
22	0.00783	0.00561	0.00759	0.00755	0.00820	0.00609	0.00537	0.00913	0.00913	0.01282	0.09167	0.02854	0.01968	0.31686	0.43242	0.00679	0.01001	0.00700	0.00337	0.00433
23	0.01955	0.00917	0.01178	0.00964	0.01313	0.00865	0.00784	0.04916	0.12584	0.49485	0.12299	0.02412	0.01998	0.00791	0.00574	0.00176	0.00438	0.04880	0.00632	0.00838
24	0.00686	0.00505	0.00643	0.00712	0.00788	0.00462	0.00495	0.00826	0.01189	0.01589	0.20706	0.51667	0.14681	0.01522	0.00676	0.00204	0.00297	0.01360	0.00528	0.00462
25	0.00655	0.00553	0.00567	0.00564	0.00743	0.00465	0.00423	0.00804	0.01268	0.01534	0.11676	0.05146	0.71027	0.01358	0.00644	0.00183	0.00275	0.01136	0.00514	0.00465
26	0.01505	0.74756	0.02750	0.00971	0.01423	0.08400	0.00943	0.01677	0.01143	0.01287	0.00765	0.00883	0.00700	0.00474	0.00361	0.00119	0.00616	0.00296	0.00237	0.00694
27	0.09079	0.03498	0.13821	0.06244	0.43918	0.06095	0.03947	0.01683	0.01196	0.01761	0.00966	0.01246	0.00785	0.00513	0.00551	0.00166	0.03030	0.00447	0.00268	0.00786
28	0.01209	0.14257	0.21482	0.06184	0.02375	0.01415	0.33944	0.01630	0.01178	0.01607	0.01076	0.03917	0.00876	0.00671	0.03520	0.00199	0.02940	0.00542	0.00263	0.00717
29	0.81607	0.01050	0.00819	0.00726	0.01067	0.01207	0.00598	0.01642	0.00952	0.05273	0.00811	0.00922	0.00619	0.00512	0.00345	0.00169	0.00423	0.00305	0.00350	0.00603
30	0.03025	0.03556	0.15820	0.01154	0.01577	0.05946	0.03827	0.06737	0.20597	0.17478	0.07468	0.02029	0.06938	0.00720	0.00549	0.00172	0.00552	0.00590	0.00477	0.00786
31	0.00673	0.00566	0.00586	0.00588	0.00764	0.00489	0.00438	0.00857	0.03476	0.01530	0.09102	0.09415	0.66901	0.01366	0.00645	0.00186	0.00282	0.01149	0.00513	0.00474
32	0.01107	0.01033	0.01600	0.13432	0.05500	0.01287	0.08353	0.01325	0.00989	0.01473	0.01117	0.06557	0.01036	0.01010	0.05533	0.00243	0.37592	0.00574	0.09640	0.00598
33	0.02340	0.01098	0.01370	0.01051	0.01476	0.01053	0.00868	0.23320	0.01844	0.56753	0.01912	0.01701	0.01230	0.00669	0.00547	0.00167	0.00502	0.00532	0.00638	0.00928
34	0.01145	0.07174	0.62025	0.01633	0.02380	0.01335	0.13354	0.01724	0.01170	0.01704	0.00985	0.01185	0.00712	0.00506	0.00528	0.00171	0.00810	0.00434	0.00237	0.00789
35	0.61957	0.01042	0.00987	0.05878	0.01323	0.01162	0.02178	0.03739	0.01086	0.13115	0.01090	0.01172	0.02280	0.00554	0.00399	0.00170	0.00459	0.00373	0.00387	0.00649
36	0.01341	0.01287	0.02198	0.05291	0.75559	0.01293	0.01669	0.01666	0.01238	0.01771	0.01024	0.01352	0.00860	0.00487	0.00540	0.00162	0.00650	0.00486	0.00269	0.00857
37	0.01054	0.01007	0.01732	0.67193	0.08701	0.01202	0.05796	0.01413	0.01117	0.01443	0.01129	0.01571	0.03230	0.00563	0.00554	0.00181	0.00718	0.00516	0.00255	0.00626
38	0.01320	0.10254	0.39573	0.01370	0.01938	0.04872	0.05673	0.01889	0.09765	0.08783	0.01316	0.05921	0.01043	0.00635	0.00566	0.00172	0.03298	0.00510	0.00330	0.00773
39	0.00779	0.00584	0.00876	0.00876	0.00974	0.00681	0.00681	0.00974	0.00876	0.01266	0.01460	0.02142	0.01363	0.04089	0.78680	0.00876	0.01460	0.00584	0.00292	0.00487
40	0.01194	0.00967	0.01137	0.00815	0.01297	0.00730	0.00654	0.01435	0.01151	0.05459	0.01026	0.01166	0.00834	0.00417	0.00411	0.00085	0.00407	0.00334	0.00340	0.80142
41	0.01136	0.00943	0.02519	0.08151	0.06435	0.02010	0.07223	0.02944	0.01179	0.07547	0.03029	0.25163	0.01778	0.02256	0.00663	0.00174	0.04362	0.00793	0.00394	0.21302

[dist]
# distance from previous block
# <min> <max>
2	24

[block]
# block no. 1 follows, 44 sequences, length 43
# corresponding to MSA columns:
# 194-236
name=unknown_B
#
# <colnr> <probs for GDERKNQSTAVLIFYWHMCP>
#	G	D	E	R	K	N	Q	S	T	A	V	L	I	F	Y	W	H	M	C	P
0	0.01483	0.05272	0.05850	0.05094	0.10460	0.05520	0.01050	0.16124	0.20527	0.06803	0.07600	0.01940	0.03772	0.00701	0.00544	0.00167	0.00547	0.02380	0.00455	0.03710
1	0.01087	0.00801	0.01057	0.06905	0.03264	0.00808	0.02359	0.01515	0.12621	0.08622	0.08022	0.07369	0.14809	0.01086	0.00651	0.00197	0.01792	0.21339	0.00489	0.05207
2	0.04737	0.49062	0.09298	0.01064	0.01518	0.13424	0.01024	0.01862	0.04933	0.07206	0.00969	0.01048	0.00792	0.00516	0.00411	0.00135	0.00641	0.00346	0.00293	0.00720
3	0.01015	0.00498	0.00737	0.00727	0.00752	0.00490	0.00493	0.00820	0.00773	0.05193	0.01115	0.05568	0.01101	0.01818	0.01973	0.75373	0.00465	0.00531	0.00274	0.00285
4	0.04564	0.00928	0.06730	0.00882	0.01221	0.00733	0.00763	0.01893	0.01459	0.40335	0.21723	0.04277	0.10409	0.00867	0.00576	0.00172	0.00412	0.00726	0.00589	0.00741
5	0.03744	0.01414	0.01844	0.15574	0.05468	0.05573	0.12368	0.36421	0.04555	0.02476	0.01211	0.02651	0.00918	0.00617	0.00586	0.00172	0.02679	0.00522	0.00411	0.00795
6	0.02025	0.01443	0.01573	0.01224	0.01642	0.01581	0.01014	0.67364	0.02434	0.07420	0.01445	0.01615	0.01076	0.00704	0.00557	0.00169	0.00587	0.04674	0.00550	0.00903
7	0.00947	0.00473	0.00710	0.00710	0.00710	0.00473	0.00473	0.00710	0.00710	0.00947	0.00947	0.01657	0.00947	0.01894	0.02131	0.84138	0.00473	0.00473	0.00237	0.00237
8	0.01255	0.01199	0.02042	0.25855	0.55669	0.01270	0.01626	0.01590	0.01197	0.01666	0.01009	0.01380	0.00823	0.00503	0.00541	0.00168	0.00671	0.00485	0.00262	0.00787
9	0.01572	0.13320	0.21678	0.01225	0.02789	0.03597	0.03769	0.05696	0.11794	0.20371	0.05600	0.03583	0.01322	0.00647	0.00522	0.00165	0.00593	0.00525	0.00430	0.00802
10	0.01557	0.01126	0.01239	0.01084	0.01413	0.01254	0.00852	0.02853	0.62633	0.16221	0.02206	0.02001	0.01606	0.00728	0.00554	0.00182	0.00437	0.00604	0.00577	0.00875
11	0.00664	0.00476	0.00631	0.00754	0.00789	0.00443	0.00504	0.00760	0.01049	0.01394	0.03068	0.78583	0.05466	0.01700	0.00695	0.00220	0.00315	0.01540	0.00506	0.00443
12	0.00789	0.00527	0.00596	0.00600	0.00601	0.00526	0.00336	0.00792	0.00801	0.01067	0.01758	0.05946	0.02032	0.78393	0.02711	0.00519	0.00522	0.00816	0.00336	0.00334
13	0.03157	0.05226	0.01627	0.01242	0.01582	0.03705	0.08862	0.35021	0.06090	0.06610	0.01604	0.15458	0.01423	0.00829	0.00635	0.00179	0.04817	0.00688	0.00474	0.00773
14	0.00664	0.00474	0.00633	0.00759	0.00791	0.00443	0.00506	0.00759	0.01044	0.01392	0.03005	0.80485	0.03606	0.01708	0.00696	0.00221	0.00316	0.01550	0.00506	0.00443
15	0.00663	0.00479	0.00628	0.00747	0.00788	0.00444	0.00501	0.00760	0.01055	0.01396	0.03148	0.76193	0.07804	0.01689	0.00693	0.00219	0.00314	0.01527	0.00506	0.00444
16	0.10537	0.16827	0.46321	0.01296	0.01942	0.01432	0.01527	0.07081	0.01241	0.05654	0.00996	0.01118	0.00731	0.00525	0.00471	0.00161	0.00690	0.00384	0.00288	0.00777
17	0.01554	0.66457	0.06788	0.00985	0.01460	0.04327	0.00983	0.01756	0.01169	0.08929	0.00911	0.00991	0.00764	0.00493	0.00383	0.00126	0.00596	0.00325	0.00278	0.00726
18	0.00692	0.00550	0.00621	0.00612	0.00768	0.00479	0.00456	0.00871	0.01341	0.01728	0.31487	0.08987	0.46874	0.01302	0.00647	0.00182	0.00271	0.01113	0.00540	0.00479
19	0.01130	0.00969	0.01130	0.00807	0.01292	0.00727	0.00646	0.01373	0.01130	0.01776	0.00969	0.01130	0.00807	0.00404	0.00404	0.00081	0.00404	0.00323	0.00323	0.84173
20	0.01212	0.00856	0.00959	0.00832	0.01077	0.04078	0.00646	0.10943	0.03013	0.11315	0.28104	0.08314	0.15148	0.01088	0.03008	0.00189	0.00418	0.00832	0.00534	0.07436
21	0.06460	0.07162	0.07688	0.01200	0.01525	0.04184	0.05243	0.17137	0.09312	0.05179	0.04695	0.01830	0.08941	0.00768	0.00778	0.00181	0.16029	0.00562	0.00404	0.00723
22	0.00773	0.00604	0.00796	0.00819	0.00876	0.00648	0.00594	0.00897	0.01058	0.01445	0.11779	0.37724	0.09234	0.10058	0.07858	0.00305	0.10850	0.02769	0.00445	0.00467
23	0.01029	0.00955	0.01601	0.77146	0.03661	0.01190	0.01480	0.01389	0.01092	0.01412	0.00993	0.01471	0.00747	0.00548	0.00540	0.00180	0.00712	0.00485	0.02765	0.00603
24	0.01554	0.01247	0.04085	0.03681	0.10820	0.01153	0.00988	0.24735	0.01621	0.08373	0.01173	0.01283	0.00887	0.00532	0.00509	0.00133	0.01923	0.00424	0.00407	0.34475
25	0.01072	0.00801	0.01051	0.09722	0.01358	0.00887	0.00785	0.13264	0.01293	0.04519	0.05959	0.28810	0.03607	0.06153	0.11491	0.00311	0.06990	0.00921	0.00433	0.00574
26	0.00706	0.00555	0.00638	0.00617	0.00774	0.00487	0.00463	0.00903	0.01389	0.01821	0.40456	0.04674	0.42068	0.01251	0.00644	0.00178	0.00267	0.01070	0.00552	0.00487
27	0.06454	0.01070	0.01257	0.01002	0.01359	0.01089	0.00816	0.27632	0.03541	0.29964	0.15860	0.02040	0.01881	0.00829	0.02523	0.00186	0.00494	0.00599	0.00585	0.00819
28	0.02113	0.01462	0.01596	0.01223	0.01658	0.01594	0.01011	0.67687	0.02454	0.11524	0.01400	0.01368	0.00973	0.00657	0.00546	0.00164	0.00585	0.00497	0.00559	0.00927
29	0.00652	0.00555	0.00563	0.00568	0.00750	0.00466	0.00430	0.00794	0.01243	0.01478	0.05433	0.05278	0.74686	0.01385	0.00648	0.00186	0.00284	0.03633	0.00506	0.00462
30	0.02031	0.01377	0.01503	0.01162	0.01572	0.01494	0.00957	0.61287	0.02334	0.11885	0.01443	0.01430	0.01013	0.00655	0.00533	0.00161	0.00557	0.00499	0.07213	0.00894
31	0.00653	0.00534	0.00578	0.00607	0.00752	0.00458	0.00440	0.00785	0.01205	0.01478	0.07365	0.23325	0.57028	0.01450	0.00657	0.00193	0.00285	0.01241	0.00509	0.00458
32	0.01458	0.81168	0.02857	0.00933	0.01399	0.02157	0.00933	0.01632	0.01108	0.01283	0.00758	0.00875	0.00700	0.00466	0.00350	0.00117	0.00583	0.00292	0.00233	0.00700
33	0.81813	0.01050	0.00818	0.00726	0.01066	0.01208	0.00598	0.01639	0.00950	0.05084	0.00808	0.00920	0.00617	0.00512	0.00345	0.00169	0.00423	0.00304	0.00349	0.00602
34	0.01356	0.01171	0.01233	0.01109	0.01418	0.01356	0.00863	0.02897	0.76455	0.02281	0.02219	0.02034	0.01664	0.00740	0.00555	0.00185	0.00431	0.00616	0.00555	0.00863
35	0.02072	0.01527	0.01636	0.01254	0.01691	0.01691	0.01036	0.75622	0.02563	0.03436	0.01309	0.01309	0.00927	0.00654	0.00545	0.00164	0.00600	0.00491	0.00545	0.00927
36	0.02380	0.01034	0.01331	0.01020	0.01445	0.00959	0.00843	0.15592	0.01738	0.64630	0.02002	0.01759	0.01275	0.00671	0.00548	0.00168	0.00488	0.00538	0.00652	0.00928
37	0.01356	0.01171	0.01233	0.01109	0.01418	0.01356	0.00863	0.02897	0.76455	0.02281	0.02219	0.02034	0.01664	0.00740	0.00555	0.00185	0.00431	0.00616	0.00555	0.00863
38	0.01410	0.01159	0.01234	0.01103	0.01416	0.01329	0.00860	0.02885	0.72749	0.06018	0.02216	0.02025	0.01649	0.00736	0.00554	0.00184	0.00433	0.00613	0.00561	0.00866
39	0.00704	0.00534	0.00653	0.00730	0.00834	0.00489	0.00543	0.00843	0.01149	0.01458	0.03830	0.36564	0.29454	0.03986	0.00753	0.00224	0.00346	0.15947	0.00500	0.00457
40	0.00654	0.00553	0.00566	0.00563	0.00742	0.00464	0.00422	0.00801	0.01266	0.01528	0.11040	0.05156	0.71667	0.01360	0.00644	0.00183	0.00275	0.01138	0.00513	0.00464
41	0.00710	0.00548	0.00651	0.00659	0.00797	0.00488	0.00492	0.00895	0.01333	0.01748	0.32925	0.15285	0.34719	0.01330	0.00657	0.00188	0.00287	0.05264	0.00543	0.00481
42	0.01518	0.72927	0.02719	0.00982	0.01429	0.10181	0.00945	0.01690	0.01154	0.01288	0.00767	0.00886	0.00700	0.00476	0.00365	0.00119	0.00625	0.00298	0.00238	0.00693

[dist]
# distance from previous block
# <min> <max>
0	27

[block]
# block no. 2 follows, 44 sequences, length 52
# corresponding to MSA columns:
# 264-315
name=unknown_C
#
# <colnr> <probs for GDERKNQSTAVLIFYWHMCP>
#	G	D	E	R	K	N	Q	S	T	A	V	L	I	F	Y	W	H	M	C	P
0	0.04325	0.01389	0.01611	0.18570	0.02129	0.01570	0.01129	0.56961	0.02188	0.02954	0.01217	0.01328	0.00873	0.00626	0.00539	0.00168	0.00623	0.00484	0.00472	0.00846
1	0.01527	0.05339	0.12781	0.05611	0.13929	0.26067	0.01236	0.02035	0.14525	0.04240	0.01231	0.01376	0.00964	0.00719	0.03696	0.00188	0.00758	0.00452	0.02588	0.00738
2	0.01577	0.03081	0.01384	0.01165	0.01501	0.08633	0.00920	0.18608	0.51829	0.02422	0.01862	0.01754	0.01394	0.00699	0.00542	0.00175	0.00523	0.00558	0.00520	0.00852
3	0.78625	0.01182	0.06405	0.00778	0.01149	0.01226	0.00694	0.01612	0.00944	0.02394	0.00775	0.00905	0.00598	0.00507	0.00350	0.00169	0.00450	0.00303	0.00330	0.00606
4	0.03610	0.04932	0.65511	0.04480	0.02378	0.01297	0.06938	0.01709	0.01150	0.01724	0.00973	0.01168	0.00699	0.00513	0.00517	0.00172	0.00792	0.00416	0.00237	0.00784
5	0.01006	0.00797	0.00956	0.00789	0.01110	0.00645	0.00601	0.01241	0.03089	0.03787	0.08434	0.21961	0.04228	0.00847	0.00515	0.00133	0.00367	0.00735	0.00416	0.48343
6	0.00671	0.00482	0.00634	0.00746	0.00787	0.00449	0.00500	0.00774	0.01070	0.01427	0.06744	0.72986	0.05837	0.03175	0.00731	0.00224	0.00316	0.01496	0.00507	0.00445
7	0.03693	0.00857	0.00985	0.00833	0.01083	0.00879	0.00654	0.17564	0.05210	0.18115	0.01622	0.01752	0.01208	0.00846	0.00732	0.13248	0.00420	0.00507	0.29127	0.00664
8	0.14463	0.01072	0.01725	0.50366	0.06707	0.01244	0.11121	0.01538	0.03653	0.01657	0.00998	0.01380	0.00757	0.00531	0.00525	0.00179	0.00690	0.00480	0.00274	0.00642
9	0.01198	0.00967	0.01137	0.00816	0.01297	0.00731	0.00654	0.01439	0.01153	0.05675	0.01030	0.01168	0.00835	0.00418	0.00411	0.00085	0.00407	0.00335	0.00341	0.79905
10	0.00773	0.00531	0.00645	0.00656	0.00684	0.00534	0.00411	0.00833	0.00909	0.01236	0.09484	0.12991	0.02433	0.54261	0.10905	0.00494	0.00580	0.00883	0.00375	0.00381
11	0.00664	0.00474	0.00633	0.00759	0.00791	0.00443	0.00506	0.00759	0.01044	0.01392	0.03005	0.80485	0.03606	0.01708	0.00696	0.00221	0.00316	0.01550	0.00506	0.00443
12	0.00779	0.00584	0.00876	0.00876	0.00974	0.00681	0.00681	0.00974	0.00876	0.01266	0.01460	0.02142	0.01363	0.04089	0.78680	0.00876	0.01460	0.00584	0.00292	0.00487
13	0.02037	0.02598	0.01545	0.01404	0.01685	0.78652	0.01053	0.02177	0.01545	0.01334	0.00843	0.00983	0.00702	0.00562	0.00492	0.00140	0.00983	0.00351	0.00281	0.00632
14	0.01136	0.04245	0.64210	0.01610	0.02356	0.01302	0.10648	0.01778	0.04451	0.01744	0.01043	0.01222	0.00749	0.00520	0.00531	0.00173	0.00798	0.00438	0.00250	0.00798
15	0.02050	0.01600	0.01618	0.01262	0.01683	0.07648	0.01033	0.67963	0.04481	0.03242	0.01297	0.01303	0.00930	0.00650	0.00541	0.00162	0.00625	0.00483	0.00525	0.00903
16	0.00955	0.00536	0.00596	0.04476	0.00800	0.00549	0.00442	0.01161	0.01066	0.01776	0.01769	0.05558	0.01560	0.15156	0.03156	0.00228	0.00365	0.00604	0.58770	0.00478
17	0.01366	0.01054	0.01214	0.00902	0.01355	0.00907	0.00725	0.14682	0.03121	0.06625	0.01198	0.03917	0.00976	0.00516	0.00451	0.00108	0.00440	0.00415	0.00395	0.59633
18	0.01420	0.68777	0.07041	0.01105	0.01599	0.02029	0.08536	0.01649	0.01128	0.01354	0.00805	0.00950	0.00712	0.00469	0.00389	0.00127	0.00629	0.00333	0.00237	0.00709
19	0.02416	0.00975	0.01295	0.00993	0.01415	0.00872	0.00820	0.08450	0.01640	0.71911	0.02084	0.01812	0.01316	0.00673	0.00548	0.00168	0.00475	0.00544	0.00664	0.00928
20	0.00668	0.00477	0.00636	0.00757	0.00791	0.00445	0.00506	0.00768	0.01060	0.01417	0.05366	0.78051	0.03655	0.01689	0.00694	0.00220	0.00314	0.01532	0.00509	0.00445
21	0.01235	0.01055	0.03789	0.00936	0.03601	0.00805	0.00746	0.04965	0.01222	0.05628	0.01092	0.02986	0.00901	0.00465	0.00432	0.00098	0.00435	0.00378	0.00350	0.68880
22	0.01117	0.00901	0.07677	0.00873	0.01122	0.00745	0.00736	0.01531	0.13170	0.13513	0.07577	0.16075	0.18884	0.07282	0.00785	0.00218	0.00418	0.06249	0.00508	0.00621
23	0.00769	0.00557	0.00724	0.00683	0.00813	0.00513	0.00512	0.01023	0.01536	0.02169	0.75412	0.04101	0.06894	0.01121	0.00643	0.00172	0.00258	0.00990	0.00598	0.00513
24	0.01318	0.01499	0.13595	0.07245	0.46454	0.01311	0.04826	0.03278	0.06146	0.03290	0.01108	0.01377	0.00883	0.00541	0.00607	0.00171	0.04746	0.00489	0.00293	0.00823
25	0.02062	0.01476	0.01688	0.01285	0.01726	0.01604	0.04848	0.65996	0.02418	0.09285	0.01365	0.01361	0.00956	0.00646	0.00551	0.00165	0.00605	0.00503	0.00542	0.00917
26	0.00650	0.00552	0.00557	0.00556	0.00735	0.00463	0.00414	0.00787	0.01238	0.01477	0.06825	0.05185	0.74058	0.03235	0.00694	0.00192	0.00282	0.01139	0.00504	0.00458
27	0.02446	0.00928	0.01265	0.00970	0.01392	0.00801	0.00801	0.02657	0.01560	0.77817	0.02151	0.01856	0.01350	0.00675	0.00548	0.00169	0.00464	0.00548	0.00675	0.00928
28	0.01130	0.00969	0.01130	0.00807	0.01292	0.00727	0.00646	0.01373	0.01130	0.01776	0.00969	0.01130	0.00807	0.00404	0.00404	0.00081	0.00404	0.00323	0.00323	0.84173
29	0.01772	0.01247	0.14236	0.01084	0.03451	0.00886	0.00981	0.04089	0.03031	0.39477	0.08389	0.01849	0.02711	0.00652	0.00530	0.00156	0.00499	0.00535	0.00518	0.13906
30	0.01941	0.02418	0.01637	0.01673	0.12174	0.67942	0.01139	0.02107	0.01503	0.01396	0.00868	0.01034	0.00725	0.00551	0.00498	0.00143	0.00937	0.00370	0.00279	0.00664
31	0.01193	0.01193	0.01670	0.01431	0.01431	0.01670	0.01193	0.01312	0.00835	0.01312	0.00716	0.01193	0.00716	0.00954	0.01789	0.00239	0.79843	0.00477	0.00239	0.00596
32	0.01356	0.01171	0.01233	0.01109	0.01418	0.01356	0.00863	0.02897	0.76455	0.02281	0.02219	0.02034	0.01664	0.00740	0.00555	0.00185	0.00431	0.00616	0.00555	0.00863
33	0.00772	0.00557	0.00729	0.00686	0.00814	0.00514	0.00514	0.01029	0.01543	0.02186	0.77152	0.04072	0.05144	0.01115	0.00643	0.00171	0.00257	0.00986	0.00600	0.00514
34	0.00970	0.00521	0.00564	0.02900	0.00752	0.00523	0.00433	0.01212	0.01149	0.01955	0.05166	0.10045	0.01764	0.00762	0.00429	0.00140	0.00275	0.00634	0.69301	0.00505
35	0.01915	0.01440	0.01542	0.01217	0.01621	0.01602	0.00993	0.61415	0.15011	0.03188	0.01506	0.03459	0.01120	0.00696	0.00551	0.00169	0.00564	0.00539	0.00546	0.00904
36	0.72187	0.01054	0.00884	0.00764	0.01115	0.01187	0.00630	0.04087	0.01056	0.11525	0.00944	0.01016	0.00692	0.00531	0.00369	0.00169	0.00432	0.00332	0.00385	0.00642
37	0.01916	0.01447	0.01548	0.01216	0.01630	0.01604	0.00994	0.60240	0.16260	0.03179	0.01469	0.01439	0.01061	0.00664	0.00544	0.00165	0.00564	0.00510	0.00542	0.03007
38	0.02072	0.01527	0.01636	0.01254	0.01691	0.01691	0.01036	0.75622	0.02563	0.03436	0.01309	0.01309	0.00927	0.00654	0.00545	0.00164	0.00600	0.00491	0.00545	0.00927
39	0.01356	0.01171	0.01233	0.01109	0.01418	0.01356	0.00863	0.02897	0.76455	0.02281	0.02219	0.02034	0.01664	0.00740	0.00555	0.00185	0.00431	0.00616	0.00555	0.00863
40	0.00664	0.00474	0.00633	0.00759	0.00791	0.00443	0.00506	0.00759	0.01044	0.01392	0.03005	0.80485	0.03606	0.01708	0.00696	0.00221	0.00316	0.01550	0.00506	0.00443
41	0.01062	0.00553	0.00557	0.00541	0.00681	0.00560	0.00410	0.04514	0.01205	0.02094	0.01758	0.02001	0.01377	0.00636	0.00388	0.00129	0.00269	0.00507	0.80232	0.00526
42	0.01349	0.01295	0.02213	0.03346	0.77440	0.01295	0.01673	0.01673	0.01241	0.01781	0.01025	0.01349	0.00864	0.00486	0.00540	0.00162	0.00648	0.00486	0.00270	0.00864
43	0.00678	0.00484	0.00648	0.00770	0.00809	0.00454	0.00525	0.00785	0.01068	0.01425	0.04914	0.74685	0.03621	0.01682	0.00697	0.00222	0.00324	0.05253	0.00508	0.00448
44	0.00759	0.00555	0.00712	0.00678	0.00808	0.00508	0.00506	0.01002	0.01506	0.02109	0.69581	0.06243	0.10690	0.01151	0.00645	0.00174	0.00260	0.01014	0.00590	0.00508
45	0.02118	0.01454	0.01591	0.01220	0.01654	0.01582	0.01007	0.66682	0.02440	0.12549	0.01412	0.01376	0.00979	0.00657	0.00546	0.00164	0.00583	0.00498	0.00561	0.00927
46	0.00947	0.00473	0.00710	0.00710	0.00710	0.00473	0.00473	0.00710	0.00710	0.00947	0.00947	0.01657	0.00947	0.01894	0.02131	0.84138	0.00473	0.00473	0.00237	0.00237
47	0.00947	0.00473	0.00710	0.00710	0.00710	0.00473	0.00473	0.00710	0.00710	0.00947	0.00947	0.01657	0.00947	0.01894	0.02131	0.84138	0.00473	0.00473	0.00237	0.00237
48	0.01776	0.02242	0.05635	0.01386	0.01693	0.56261	0.04893	0.03315	0.04924	0.01477	0.01237	0.01520	0.04215	0.00657	0.00559	0.00157	0.03014	0.04074	0.00315	0.00647
49	0.01737	0.01426	0.01538	0.07308	0.04811	0.07240	0.01058	0.43209	0.12689	0.02679	0.01449	0.04285	0.01150	0.00719	0.00605	0.00174	0.03832	0.02786	0.00477	0.00826
50	0.01423	0.10437	0.12836	0.01264	0.04175	0.09098	0.03292	0.09731	0.07179	0.08276	0.05496	0.01598	0.01224	0.01226	0.13725	0.00286	0.07145	0.00503	0.00367	0.00718
51	0.19607	0.24019	0.08152	0.00970	0.01381	0.05897	0.00892	0.11115	0.02721	0.01990	0.05115	0.03961	0.01088	0.00590	0.00432	0.00145	0.00538	0.00426	0.02073	0.08888

[dist]
# distance from previous block
# <min> <max>
2	6

[block]
# block no. 3 follows, 44 sequences, length 56
# corresponding to MSA columns:
# 322-377
name=unknown_D
#
# <colnr> <probs for GDERKNQSTAVLIFYWHMCP>
#	G	D	E	R	K	N	Q	S	T	A	V	L	I	F	Y	W	H	M	C	P
0	0.04894	0.03159	0.02044	0.17566	0.46115	0.03583	0.06263	0.03656	0.01240	0.01753	0.01002	0.01326	0.00814	0.00500	0.00528	0.00163	0.00668	0.00473	0.00277	0.03977
1	0.05743	0.17276	0.23063	0.03826	0.17144	0.03165	0.03321	0.07129	0.06274	0.04745	0.01125	0.01340	0.00886	0.00553	0.00494	0.00161	0.00656	0.01999	0.00314	0.00785
2	0.01868	0.01471	0.04936	0.01190	0.01605	0.05086	0.01002	0.49040	0.05047	0.08983	0.01420	0.05200	0.01086	0.00687	0.00563	0.00162	0.02178	0.00528	0.00504	0.07443
3	0.02250	0.00926	0.01231	0.00961	0.01354	0.00828	0.00787	0.04687	0.04868	0.66115	0.08278	0.02029	0.01662	0.00713	0.00556	0.00169	0.00450	0.00585	0.00660	0.00891
4	0.00793	0.00579	0.00707	0.00711	0.00845	0.00538	0.00523	0.01046	0.05340	0.03879	0.32875	0.24292	0.21581	0.01310	0.00652	0.00190	0.00298	0.02778	0.00550	0.00512
5	0.00674	0.00481	0.00644	0.00770	0.00806	0.00451	0.00523	0.00776	0.01053	0.01402	0.02999	0.77138	0.03585	0.01699	0.00698	0.00223	0.00325	0.04801	0.00506	0.00445
6	0.00762	0.00544	0.00745	0.00871	0.00945	0.00527	0.00676	0.00928	0.01140	0.01501	0.02951	0.46543	0.03392	0.01616	0.00722	0.00235	0.00401	0.34526	0.00504	0.00470
7	0.01193	0.01193	0.01670	0.01431	0.01431	0.01670	0.01193	0.01312	0.00835	0.01312	0.00716	0.01193	0.00716	0.00954	0.01789	0.00239	0.79843	0.00477	0.00239	0.00596
8	0.01287	0.01471	0.03217	0.02298	0.02849	0.01379	0.75460	0.01746	0.01287	0.01746	0.01103	0.01471	0.00827	0.00460	0.00643	0.00184	0.00919	0.00643	0.00276	0.00735
9	0.02336	0.01105	0.01375	0.01054	0.01480	0.01064	0.00871	0.24196	0.01856	0.55860	0.01902	0.01694	0.01225	0.00669	0.00547	0.00167	0.00504	0.00531	0.00637	0.00928
10	0.01458	0.81168	0.02857	0.00933	0.01399	0.02157	0.00933	0.01632	0.01108	0.01283	0.00758	0.00875	0.00700	0.00466	0.00350	0.00117	0.00583	0.00292	0.00233	0.00700
11	0.00947	0.00473	0.00710	0.00710	0.00710	0.00473	0.00473	0.00710	0.00710	0.00947	0.00947	0.01657	0.00947	0.01894	0.02131	0.84138	0.00473	0.00473	0.00237	0.00237
12	0.00664	0.00474	0.00633	0.00759	0.00791	0.00443	0.00506	0.00759	0.01044	0.01392	0.03005	0.80485	0.03606	0.01708	0.00696	0.00221	0.00316	0.01550	0.00506	0.00443
13	0.00664	0.00474	0.00633	0.00759	0.00791	0.00443	0.00506	0.00759	0.01044	0.01392	0.03005	0.80485	0.03606	0.01708	0.00696	0.00221	0.00316	0.01550	0.00506	0.00443
14	0.00986	0.00529	0.00763	0.00746	0.00773	0.00543	0.00513	0.04101	0.00805	0.01081	0.00999	0.01675	0.00975	0.01991	0.07374	0.74577	0.00548	0.00482	0.00254	0.00285
15	0.00683	0.00497	0.00662	0.00774	0.00804	0.00481	0.00521	0.00776	0.01030	0.01380	0.02901	0.75957	0.03474	0.03937	0.00787	0.00231	0.02669	0.01497	0.00493	0.00444
16	0.00664	0.00474	0.00633	0.00759	0.00791	0.00443	0.00506	0.00759	0.01044	0.01392	0.03005	0.80485	0.03606	0.01708	0.00696	0.00221	0.00316	0.01550	0.00506	0.00443
17	0.01193	0.01193	0.01670	0.01431	0.01431	0.01670	0.01193	0.01312	0.00835	0.01312	0.00716	0.01193	0.00716	0.00954	0.01789	0.00239	0.79843	0.00477	0.00239	0.00596
18	0.84691	0.01054	0.00801	0.00717	0.01054	0.01223	0.00590	0.01603	0.00928	0.02446	0.00759	0.00886	0.00590	0.00506	0.00337	0.00169	0.00422	0.00295	0.00337	0.00590
19	0.01306	0.01469	0.08997	0.13505	0.47787	0.04886	0.10787	0.01672	0.01232	0.01697	0.01015	0.01344	0.00817	0.00497	0.00549	0.00167	0.00722	0.00491	0.00264	0.00796
20	0.00699	0.00500	0.00658	0.00745	0.00785	0.00489	0.00502	0.00794	0.00989	0.01327	0.02667	0.56325	0.04974	0.13781	0.11728	0.00356	0.00504	0.01294	0.00451	0.00433
21	0.81525	0.01072	0.00833	0.00738	0.01079	0.01241	0.00608	0.04439	0.00990	0.02484	0.00780	0.00902	0.00603	0.00512	0.00345	0.00168	0.00429	0.00303	0.00345	0.00603
22	0.00742	0.00553	0.00683	0.00654	0.00788	0.00502	0.00485	0.00960	0.01438	0.01968	0.56886	0.05784	0.20968	0.04312	0.00728	0.00189	0.00273	0.01026	0.00567	0.00494
23	0.01922	0.01437	0.01535	0.01208	0.01614	0.01600	0.00988	0.61287	0.14848	0.03202	0.01475	0.01451	0.01064	0.00668	0.00542	0.00166	0.00562	0.00512	0.03015	0.00904
24	0.01458	0.81168	0.02857	0.00933	0.01399	0.02157	0.00933	0.01632	0.01108	0.01283	0.00758	0.00875	0.00700	0.00466	0.00350	0.00117	0.00583	0.00292	0.00233	0.00700
25	0.00779	0.00584	0.00876	0.00876	0.00974	0.00681	0.00681	0.00974	0.00876	0.01266	0.01460	0.02142	0.01363	0.04089	0.78680	0.00876	0.01460	0.00584	0.00292	0.00487
26	0.02037	0.02598	0.01545	0.01404	0.01685	0.78652	0.01053	0.02177	0.01545	0.01334	0.00843	0.00983	0.00702	0.00562	0.00492	0.00140	0.00983	0.00351	0.00281	0.00632
27	0.02037	0.02598	0.01545	0.01404	0.01685	0.78652	0.01053	0.02177	0.01545	0.01334	0.00843	0.00983	0.00702	0.00562	0.00492	0.00140	0.00983	0.00351	0.00281	0.00632
28	0.02300	0.00960	0.01261	0.00989	0.01395	0.00876	0.00810	0.02689	0.11585	0.67707	0.02160	0.01879	0.01392	0.00683	0.00549	0.00171	0.00460	0.00557	0.00659	0.00919
29	0.00664	0.00474	0.00633	0.00759	0.00791	0.00443	0.00506	0.00759	0.01044	0.01392	0.03005	0.80485	0.03606	0.01708	0.00696	0.00221	0.00316	0.01550	0.00506	0.00443
30	0.01349	0.01295	0.02213	0.03346	0.77440	0.01295	0.01673	0.01673	0.01241	0.01781	0.01025	0.01349	0.00864	0.00486	0.00540	0.00162	0.00648	0.00486	0.00270	0.00864
31	0.00812	0.00564	0.00736	0.00695	0.00828	0.00518	0.00520	0.01059	0.01516	0.04289	0.70402	0.07384	0.06341	0.01133	0.00643	0.00174	0.00266	0.01001	0.00596	0.00522
32	0.84691	0.01054	0.00801	0.00717	0.01054	0.01223	0.00590	0.01603	0.00928	0.02446	0.00759	0.00886	0.00590	0.00506	0.00337	0.00169	0.00422	0.00295	0.00337	0.00590
33	0.00780	0.00580	0.00855	0.00855	0.00945	0.00670	0.00655	0.00960	0.00870	0.01250	0.01480	0.02248	0.01409	0.09827	0.73005	0.00850	0.01391	0.00600	0.00295	0.00475
34	0.01476	0.78707	0.02816	0.00948	0.01408	0.04554	0.00937	0.01650	0.01121	0.01284	0.00761	0.00878	0.00700	0.00469	0.00354	0.00117	0.00596	0.00293	0.00235	0.00698
35	0.01117	0.00954	0.01116	0.00806	0.01277	0.00718	0.00642	0.01355	0.01128	0.01765	0.01029	0.03456	0.00890	0.00442	0.00412	0.00085	0.00401	0.00359	0.00328	0.81719
36	0.04373	0.02751	0.74987	0.01521	0.02308	0.01264	0.01958	0.01722	0.01142	0.01755	0.00970	0.01141	0.00687	0.00517	0.00511	0.00172	0.00791	0.00399	0.00234	0.00797
37	0.01189	0.00794	0.00955	0.00903	0.01104	0.00810	0.00697	0.07814	0.14681	0.12288	0.08454	0.25988	0.10690	0.01189	0.00656	0.00198	0.01995	0.08412	0.00543	0.00641
38	0.07044	0.43697	0.30385	0.01166	0.01731	0.01746	0.01318	0.01653	0.01101	0.01528	0.00838	0.00989	0.00689	0.00507	0.00466	0.00146	0.03691	0.00340	0.00239	0.00727
39	0.02030	0.01569	0.08636	0.01245	0.01714	0.01536	0.01096	0.59350	0.02303	0.12915	0.01387	0.01365	0.00960	0.00644	0.00543	0.00165	0.00601	0.00490	0.00533	0.00916
40	0.00779	0.00584	0.00876	0.00876	0.00974	0.00681	0.00681	0.00974	0.00876	0.01266	0.01460	0.02142	0.01363	0.04089	0.78680	0.00876	0.01460	0.00584	0.00292	0.00487
41	0.01130	0.00969	0.01130	0.00807	0.01292	0.00727	0.00646	0.01373	0.01130	0.01776	0.00969	0.01130	0.00807	0.00404	0.00404	0.00081	0.00404	0.00323	0.00323	0.84173
42	0.01676	0.06851	0.01578	0.02857	0.05320	0.01356	0.00944	0.37228	0.01836	0.05945	0.01168	0.01250	0.00881	0.00562	0.00519	0.00137	0.02520	0.00427	0.00433	0.26511
43	0.00947	0.00473	0.00710	0.00710	0.00710	0.00473	0.00473	0.00710	0.00710	0.00947	0.00947	0.01657	0.00947	0.01894	0.02131	0.84138	0.00473	0.00473	0.00237	0.00237
44	0.00664	0.00474	0.00633	0.00759	0.00791	0.00443	0.00506	0.00759	0.01044	0.01392	0.03005	0.80485	0.03606	0.01708	0.00696	0.00221	0.00316	0.01550	0.00506	0.00443
45	0.00790	0.00606	0.00804	0.04598	0.03024	0.00607	0.00660	0.01054	0.07395	0.01545	0.05826	0.50789	0.07279	0.01471	0.00676	0.00215	0.00375	0.11282	0.00495	0.00508
46	0.03690	0.01347	0.01592	0.01337	0.06874	0.01431	0.03197	0.50202	0.02157	0.17159	0.01449	0.01439	0.01011	0.00637	0.00538	0.00164	0.00570	0.00503	0.03811	0.00894
47	0.01287	0.01471	0.03217	0.02298	0.02849	0.01379	0.75460	0.01746	0.01287	0.01746	0.01103	0.01471	0.00827	0.00460	0.00643	0.00184	0.00919	0.00643	0.00276	0.00735
48	0.01157	0.01056	0.04767	0.00846	0.01345	0.00754	0.00714	0.01417	0.01141	0.03401	0.00995	0.01147	0.00814	0.00415	0.00412	0.00087	0.00424	0.00332	0.00326	0.78452
49	0.00781	0.00574	0.00824	0.00824	0.00903	0.00653	0.00616	0.00940	0.00861	0.01227	0.01508	0.02407	0.01478	0.18344	0.64582	0.00812	0.01287	0.00623	0.00299	0.00458
50	0.05920	0.01328	0.01464	0.01143	0.01539	0.01438	0.00937	0.54340	0.02180	0.14572	0.01433	0.01491	0.01034	0.03359	0.05080	0.00217	0.00618	0.00505	0.00534	0.00867
51	0.04540	0.04989	0.01891	0.09333	0.03151	0.04455	0.18430	0.08424	0.01220	0.01722	0.03259	0.01474	0.00982	0.01045	0.09709	0.00263	0.19614	0.00522	0.02479	0.02498
52	0.00779	0.00540	0.00726	0.00823	0.00902	0.00515	0.00619	0.00936	0.01160	0.03127	0.09570	0.46223	0.04921	0.03546	0.00756	0.00232	0.00375	0.23263	0.00512	0.00475
53	0.00664	0.00474	0.00633	0.00759	0.00791	0.00443	0.00506	0.00759	0.01044	0.01392	0.03005	0.80485	0.03606	0.01708	0.00696	0.00221	0.00316	0.01550	0.00506	0.00443
54	0.01130	0.00969	0.01130	0.00807	0.01292	0.00727	0.00646	0.01373	0.01130	0.01776	0.00969	0.01130	0.00807	0.00404	0.00404	0.00081	0.00404	0.00323	0.00323	0.84173
55	0.01778	0.01345	0.01453	0.02887	0.03095	0.05053	0.00972	0.49194	0.05739	0.05735	0.05624	0.05353	0.01444	0.00865	0.02789	0.00192	0.00596	0.04544	0.00518	0.00822

[dist]
# distance from previous block
# <min> <max>
0	1

[block]
# block no. 4 follows, 44 sequences, length 19
# corresponding to MSA columns:
# 379-397
name=unknown_E
#
# <colnr> <probs for GDERKNQSTAVLIFYWHMCP>
#	G	D	E	R	K	N	Q	S	T	A	V	L	I	F	Y	W	H	M	C	P
0	0.00764	0.00557	0.00718	0.00678	0.00810	0.00511	0.00509	0.01014	0.01526	0.02145	0.72969	0.04141	0.09353	0.01130	0.00643	0.00172	0.00258	0.00996	0.00595	0.00511
1	0.01103	0.01079	0.01886	0.12934	0.19939	0.01093	0.20678	0.01491	0.05686	0.01676	0.04395	0.05761	0.13676	0.00772	0.00632	0.00184	0.02383	0.03604	0.00352	0.00678
2	0.02216	0.06502	0.10097	0.01042	0.01511	0.00970	0.00955	0.04588	0.01513	0.61936	0.01901	0.01695	0.01219	0.00643	0.00532	0.00166	0.00515	0.00513	0.00591	0.00899
3	0.01130	0.00969	0.01130	0.00807	0.01292	0.00727	0.00646	0.01373	0.01130	0.01776	0.00969	0.01130	0.00807	0.00404	0.00404	0.00081	0.00404	0.00323	0.00323	0.84173
4	0.84691	0.01054	0.00801	0.00717	0.01054	0.01223	0.00590	0.01603	0.00928	0.02446	0.00759	0.00886	0.00590	0.00506	0.00337	0.00169	0.00422	0.00295	0.00337	0.00590
5	0.01652	0.01151	0.01315	0.01175	0.04518	0.01253	0.00893	0.13033	0.44565	0.17672	0.05257	0.01955	0.01614	0.00720	0.00555	0.00177	0.00463	0.00595	0.00568	0.00870
6	0.01481	0.01132	0.01353	0.01188	0.08531	0.01082	0.00861	0.25187	0.03384	0.06108	0.08366	0.01597	0.01333	0.02394	0.00548	0.00140	0.00482	0.00483	0.00438	0.33912
7	0.00662	0.00553	0.00576	0.00570	0.00747	0.00468	0.00428	0.00816	0.01283	0.01569	0.15218	0.05088	0.67462	0.01345	0.00644	0.00182	0.00274	0.01128	0.00519	0.00468
8	0.59031	0.03482	0.03051	0.00801	0.01170	0.01139	0.00684	0.01845	0.01091	0.19927	0.01110	0.01142	0.00790	0.00547	0.00393	0.00166	0.00443	0.00361	0.02150	0.00676
9	0.01348	0.01129	0.01183	0.02935	0.06114	0.12195	0.00836	0.09161	0.05316	0.06099	0.03208	0.07467	0.02965	0.04447	0.06985	0.00239	0.09620	0.00600	0.15852	0.02300
10	0.00703	0.00522	0.00659	0.00724	0.00815	0.00478	0.00523	0.00856	0.01211	0.01602	0.19594	0.42156	0.18655	0.01495	0.00679	0.00206	0.00312	0.07817	0.00526	0.00467
11	0.05463	0.01269	0.02094	0.06048	0.63151	0.01295	0.04255	0.01740	0.06036	0.01829	0.01089	0.01379	0.00895	0.00504	0.00535	0.00165	0.00636	0.00490	0.00291	0.00835
12	0.04190	0.12034	0.55868	0.01484	0.02190	0.01408	0.07109	0.06443	0.01238	0.01809	0.00974	0.01142	0.00713	0.00516	0.00502	0.00166	0.00760	0.00409	0.00258	0.00788
13	0.03008	0.48868	0.10408	0.01127	0.01602	0.04600	0.05396	0.07728	0.01277	0.06457	0.01014	0.01120	0.02007	0.00533	0.00463	0.00140	0.02841	0.00378	0.00297	0.00735
14	0.00687	0.00551	0.00609	0.00600	0.00758	0.00478	0.00445	0.00856	0.01315	0.01673	0.26817	0.07223	0.51335	0.03377	0.00701	0.00190	0.00278	0.01105	0.00530	0.00473
15	0.04892	0.00982	0.01412	0.44050	0.04059	0.01138	0.01182	0.06029	0.10016	0.10386	0.01391	0.04694	0.01071	0.00638	0.00533	0.00177	0.00595	0.00543	0.05529	0.00683
16	0.01490	0.01268	0.01449	0.05720	0.07631	0.07051	0.04008	0.18944	0.27486	0.04672	0.01852	0.09507	0.02872	0.00790	0.00570	0.00180	0.00554	0.02694	0.00477	0.00784
17	0.01289	0.02638	0.04899	0.05175	0.14858	0.02632	0.44069	0.01825	0.09789	0.01767	0.01230	0.03175	0.00973	0.00541	0.00630	0.00180	0.02660	0.00606	0.00307	0.00756
18	0.00788	0.00564	0.00723	0.00730	0.00761	0.00606	0.00488	0.00860	0.00852	0.01171	0.01778	0.13450	0.01976	0.45368	0.23760	0.00573	0.03988	0.00824	0.00340	0.00400

[dist]
# distance from previous block
# <min> <max>
0	27

[block]
# block no. 5 follows, 44 sequences, length 31
# corresponding to MSA columns:
# 425-455
name=unknown_F
#
# <colnr> <probs for GDERKNQSTAVLIFYWHMCP>
#	G	D	E	R	K	N	Q	S	T	A	V	L	I	F	Y	W	H	M	C	P
0	0.81358	0.04262	0.00884	0.00726	0.01068	0.01260	0.00604	0.01604	0.00935	0.02399	0.00759	0.00885	0.00595	0.00504	0.00338	0.00167	0.00428	0.00295	0.00333	0.00595
1	0.00769	0.00524	0.00628	0.00651	0.00666	0.00528	0.00395	0.00804	0.00845	0.01136	0.01922	0.17103	0.02212	0.59475	0.09625	0.00507	0.00579	0.00908	0.00358	0.00365
2	0.01408	0.01165	0.01455	0.07138	0.01702	0.01089	0.05782	0.23077	0.01556	0.02229	0.01077	0.01230	0.00837	0.00492	0.00472	0.00120	0.00520	0.00406	0.00379	0.47865
3	0.01384	0.10422	0.16182	0.04973	0.41300	0.09329	0.01545	0.03325	0.01262	0.01694	0.00972	0.01220	0.00792	0.00501	0.00507	0.00155	0.00699	0.00431	0.00266	0.03040
4	0.03372	0.58540	0.09754	0.01060	0.01525	0.09278	0.01051	0.05180	0.01211	0.01459	0.00812	0.00940	0.00708	0.00503	0.00427	0.00131	0.02763	0.00322	0.00255	0.00709
5	0.01016	0.00508	0.00508	0.00508	0.00635	0.00508	0.00381	0.01270	0.01143	0.02033	0.01778	0.02033	0.01397	0.00635	0.00381	0.00127	0.00254	0.00508	0.83867	0.00508
6	0.00889	0.00624	0.00845	0.00762	0.00940	0.00561	0.04242	0.01111	0.01419	0.07856	0.44331	0.10188	0.21819	0.01159	0.00640	0.00179	0.00316	0.01019	0.00560	0.00539
7	0.00803	0.00569	0.00709	0.00667	0.00818	0.00513	0.00503	0.01033	0.01478	0.04709	0.58848	0.04250	0.20755	0.01157	0.00640	0.00174	0.00269	0.01006	0.00582	0.00517
8	0.01004	0.00512	0.00526	0.00526	0.00652	0.00517	0.00396	0.01256	0.01130	0.01994	0.01763	0.02038	0.01396	0.00807	0.04278	0.00164	0.00314	0.00512	0.79707	0.00507
9	0.01465	0.01147	0.01236	0.01096	0.01415	0.01301	0.00857	0.02873	0.68979	0.09821	0.02212	0.02016	0.01633	0.00733	0.00554	0.00183	0.00435	0.00610	0.00567	0.00869
10	0.84691	0.01054	0.00801	0.00717	0.01054	0.01223	0.00590	0.01603	0.00928	0.02446	0.00759	0.00886	0.00590	0.00506	0.00337	0.00169	0.00422	0.00295	0.00337	0.00590
11	0.01356	0.01171	0.01233	0.01109	0.01418	0.01356	0.00863	0.02897	0.76455	0.02281	0.02219	0.02034	0.01664	0.00740	0.00555	0.00185	0.00431	0.00616	0.00555	0.00863
12	0.01356	0.01171	0.01233	0.01109	0.01418	0.01356	0.00863	0.02897	0.76455	0.02281	0.02219	0.02034	0.01664	0.00740	0.00555	0.00185	0.00431	0.00616	0.00555	0.00863
13	0.01458	0.81168	0.02857	0.00933	0.01399	0.02157	0.00933	0.01632	0.01108	0.01283	0.00758	0.00875	0.00700	0.00466	0.00350	0.00117	0.00583	0.00292	0.00233	0.00700
14	0.02072	0.01527	0.01636	0.01254	0.01691	0.01691	0.01036	0.75622	0.02563	0.03436	0.01309	0.01309	0.00927	0.00654	0.00545	0.00164	0.00600	0.00491	0.00545	0.00927
15	0.00644	0.00552	0.00552	0.00552	0.00736	0.00460	0.00414	0.00782	0.01243	0.01473	0.05523	0.05247	0.77218	0.01381	0.00644	0.00184	0.00276	0.01151	0.00506	0.00460
16	0.02446	0.00928	0.01265	0.00970	0.01392	0.00801	0.00801	0.02657	0.01560	0.77817	0.02151	0.01856	0.01350	0.00675	0.00548	0.00169	0.00464	0.00548	0.00675	0.00928
17	0.02446	0.00928	0.01265	0.00970	0.01392	0.00801	0.00801	0.02657	0.01560	0.77817	0.02151	0.01856	0.01350	0.00675	0.00548	0.00169	0.00464	0.00548	0.00675	0.00928
18	0.00793	0.00529	0.00595	0.00595	0.00595	0.00529	0.00330	0.00793	0.00793	0.01057	0.01718	0.03568	0.01982	0.80840	0.02775	0.00529	0.00529	0.00793	0.00330	0.00330
19	0.00664	0.00474	0.00633	0.00759	0.00791	0.00443	0.00506	0.00759	0.01044	0.01392	0.03005	0.80485	0.03606	0.01708	0.00696	0.00221	0.00316	0.01550	0.00506	0.00443
20	0.02446	0.00928	0.01265	0.00970	0.01392	0.00801	0.00801	0.02657	0.01560	0.77817	0.02151	0.01856	0.01350	0.00675	0.00548	0.00169	0.00464	0.00548	0.00675	0.00928
21	0.02446	0.00928	0.01265	0.00970	0.01392	0.00801	0.00801	0.02657	0.01560	0.77817	0.02151	0.01856	0.01350	0.00675	0.00548	0.00169	0.00464	0.00548	0.00675	0.00928
22	0.06689	0.00998	0.01652	0.70653	0.03531	0.01220	0.04858	0.01423	0.01088	0.01480	0.00961	0.01416	0.00722	0.00538	0.00536	0.00181	0.00715	0.00479	0.00250	0.00611
23	0.02123	0.00953	0.01226	0.00977	0.01357	0.00892	0.00794	0.04695	0.13480	0.57365	0.08366	0.02052	0.01702	0.00721	0.00557	0.00171	0.00446	0.00594	0.00646	0.00883
