[name]
unknown

[dist]
# distance from previous block
# <min> <max>
0	65

[block]
# block no. 0 follows, 46 sequences, length 52
# corresponding to MSA columns:
# 74-125
name=unknown_A
#
# <colnr> <probs for GDERKNQSTAVLIFYWHMCP>
#	G	D	E	R	K	N	Q	S	T	A	V	L	I	F	Y	W	H	M	C	P
0	0.00689	0.00597	0.04733	0.00778	0.00859	0.00490	0.00582	0.00818	0.01033	0.01380	0.03981	0.63656	0.05558	0.05915	0.00777	0.00229	0.00354	0.06655	0.00469	0.00448
1	0.01123	0.16711	0.65252	0.01400	0.02123	0.01381	0.01768	0.01658	0.01109	0.01598	0.00911	0.01069	0.00671	0.00493	0.00473	0.00158	0.00743	0.00372	0.00224	0.00763
2	0.17704	0.09074	0.02527	0.08681	0.05313	0.04658	0.02406	0.21939	0.01514	0.09182	0.05314	0.05366	0.02859	0.00653	0.00485	0.00160	0.00536	0.00511	0.00410	0.00710
3	0.00816	0.00534	0.00707	0.00748	0.00848	0.00494	0.00550	0.00981	0.01219	0.06936	0.24908	0.41617	0.06659	0.01384	0.00654	0.00199	0.00318	0.09410	0.00528	0.00489
4	0.56343	0.06863	0.12750	0.00841	0.01256	0.01192	0.00809	0.01540	0.00977	0.02117	0.02333	0.00983	0.00704	0.00492	0.00367	0.00152	0.00471	0.00318	0.00308	0.09184
5	0.36957	0.34878	0.05007	0.00834	0.01225	0.01509	0.00782	0.01590	0.01032	0.05832	0.03320	0.01049	0.00823	0.00602	0.02607	0.00162	0.00516	0.00332	0.00305	0.00638
6	0.00723	0.00545	0.00708	0.00787	0.00846	0.00541	0.00549	0.00893	0.04768	0.01401	0.02685	0.66980	0.03145	0.03285	0.00751	0.00217	0.03794	0.03739	0.00472	0.03169
7	0.03308	0.00777	0.00954	0.00806	0.01082	0.00723	0.00637	0.05512	0.06266	0.30814	0.19444	0.06909	0.14137	0.00900	0.00562	0.00166	0.00366	0.00757	0.02805	0.03075
8	0.00666	0.00488	0.00630	0.00735	0.00798	0.00453	0.00520	0.00781	0.01063	0.01388	0.03247	0.61534	0.14000	0.01588	0.00674	0.00213	0.00322	0.09971	0.00490	0.00438
9	0.05395	0.09772	0.11588	0.01458	0.01745	0.11957	0.13870	0.01552	0.01046	0.01447	0.00812	0.01124	0.00700	0.00671	0.01013	0.00186	0.34339	0.00438	0.00246	0.00641
10	0.01129	0.00967	0.04867	0.00883	0.01132	0.04694	0.00720	0.05258	0.20011	0.08345	0.08503	0.10485	0.22158	0.03164	0.00643	0.00189	0.00418	0.05308	0.00496	0.00630
11	0.00651	0.00537	0.00572	0.00563	0.00730	0.00457	0.00422	0.00810	0.01267	0.01575	0.20782	0.04845	0.62390	0.01284	0.00625	0.00176	0.00264	0.01082	0.00510	0.00457
12	0.00700	0.00497	0.00622	0.00699	0.00776	0.00453	0.00486	0.00810	0.01077	0.03437	0.05030	0.55128	0.19660	0.04434	0.00734	0.00216	0.00315	0.03990	0.00491	0.00445
13	0.03574	0.01320	0.06684	0.02491	0.03425	0.01297	0.00975	0.43398	0.04646	0.14638	0.01520	0.06977	0.01165	0.00693	0.00526	0.00163	0.00533	0.00552	0.04600	0.00822
14	0.03003	0.01211	0.02041	0.10185	0.68487	0.01234	0.01567	0.01582	0.01184	0.01701	0.01053	0.01368	0.02042	0.00490	0.00521	0.00159	0.00625	0.00477	0.00264	0.00803
15	0.00942	0.00570	0.00734	0.00769	0.00884	0.00532	0.00546	0.01133	0.05122	0.13081	0.05332	0.57201	0.08258	0.01415	0.00641	0.00201	0.00330	0.01264	0.00521	0.00525
16	0.48480	0.15914	0.07363	0.00871	0.01261	0.04166	0.00796	0.03845	0.04885	0.06915	0.00927	0.01008	0.00712	0.00512	0.00378	0.00154	0.00494	0.00332	0.00336	0.00653
17	0.03665	0.00944	0.01144	0.00858	0.01281	0.00795	0.00692	0.05456	0.02878	0.29278	0.01409	0.01445	0.01026	0.03118	0.00524	0.00131	0.00427	0.00419	0.00451	0.44060
18	0.01216	0.01550	0.19791	0.15162	0.24247	0.03618	0.08499	0.07733	0.01302	0.01796	0.07253	0.01591	0.01156	0.00572	0.00540	0.00167	0.00674	0.02095	0.00302	0.00734
19	0.01446	0.45873	0.10798	0.01104	0.01562	0.12290	0.04761	0.03831	0.02850	0.03093	0.00887	0.01016	0.00742	0.00545	0.01831	0.00140	0.00658	0.00344	0.00265	0.05963
20	0.01506	0.00896	0.01039	0.00889	0.01179	0.00918	0.00703	0.05764	0.27970	0.24948	0.11018	0.02381	0.08403	0.00779	0.00536	0.00166	0.00386	0.00647	0.09120	0.00751
21	0.03668	0.00895	0.01165	0.00912	0.01290	0.00803	0.00747	0.05969	0.03153	0.63148	0.05333	0.02083	0.06925	0.00718	0.00538	0.00165	0.00434	0.00585	0.00625	0.00843
22	0.01414	0.00944	0.01343	0.24764	0.10347	0.00993	0.01032	0.10246	0.03047	0.20064	0.10215	0.02163	0.09714	0.00717	0.00550	0.00168	0.00518	0.00611	0.00444	0.00705
23	0.00946	0.00584	0.00750	0.00705	0.00854	0.00536	0.00524	0.01167	0.02733	0.11838	0.46138	0.15293	0.09606	0.05045	0.00719	0.00191	0.00301	0.00980	0.00557	0.00534
24	0.05854	0.00986	0.01242	0.00960	0.01359	0.00924	0.00792	0.14332	0.01630	0.60763	0.01885	0.01679	0.01212	0.00643	0.00517	0.00162	0.00463	0.00511	0.03213	0.00873
25	0.03366	0.00508	0.00501	0.00498	0.00627	0.00512	0.00375	0.01241	0.01103	0.01982	0.01697	0.01939	0.01333	0.00612	0.00368	0.00124	0.00251	0.00487	0.81979	0.00495
26	0.01000	0.00604	0.00784	0.00714	0.00884	0.00553	0.00544	0.01255	0.03107	0.13839	0.56927	0.07738	0.07868	0.01050	0.00610	0.00169	0.00288	0.00920	0.00583	0.00562
27	0.01971	0.05705	0.01623	0.01238	0.01624	0.21158	0.01004	0.54028	0.02168	0.02717	0.01129	0.01169	0.00833	0.00603	0.00506	0.00151	0.00674	0.00432	0.00450	0.00816
28	0.01335	0.01237	0.01796	0.18282	0.40130	0.04100	0.01379	0.08668	0.14194	0.01865	0.01199	0.01425	0.00942	0.00542	0.00526	0.00164	0.00616	0.00488	0.00328	0.00784
29	0.04706	0.01031	0.01600	0.52328	0.10470	0.02969	0.04140	0.01429	0.03524	0.01470	0.01175	0.01545	0.04511	0.00592	0.00612	0.00177	0.06336	0.00500	0.00266	0.00617
30	0.00730	0.00479	0.00603	0.00666	0.00688	0.00463	0.00425	0.00766	0.00903	0.01228	0.02236	0.43209	0.02604	0.28244	0.01475	0.08916	0.00388	0.01102	0.04500	0.00376
31	0.01080	0.01071	0.03512	0.56793	0.19970	0.01211	0.03762	0.01426	0.01090	0.01449	0.00949	0.01374	0.00736	0.00524	0.00564	0.00173	0.02951	0.00473	0.00241	0.00650
32	0.01588	0.08905	0.03131	0.01001	0.01319	0.07378	0.04495	0.11354	0.04419	0.23813	0.14776	0.05112	0.02839	0.06666	0.00693	0.00185	0.00509	0.00624	0.00487	0.00705
33	0.01545	0.00964	0.01147	0.00951	0.01196	0.01018	0.00745	0.29331	0.01626	0.15375	0.09731	0.06072	0.01627	0.07032	0.00996	0.12837	0.04376	0.00611	0.02157	0.00664
34	0.02157	0.00912	0.01199	0.00939	0.01318	0.00827	0.00768	0.06162	0.05791	0.63994	0.08452	0.01964	0.01616	0.00693	0.00540	0.00164	0.00438	0.00568	0.00635	0.00862
35	0.03233	0.08523	0.01567	0.01120	0.01489	0.01522	0.00935	0.51924	0.04094	0.06413	0.01274	0.01333	0.00943	0.00780	0.04025	0.00188	0.04787	0.00465	0.04569	0.00817
36	0.04915	0.50763	0.29091	0.01105	0.01666	0.01752	0.01255	0.01613	0.01081	0.01442	0.00809	0.00942	0.00671	0.00471	0.00395	0.00134	0.00634	0.00320	0.00229	0.00710
37	0.01335	0.56818	0.23924	0.01089	0.01627	0.04636	0.01202	0.01628	0.01101	0.01366	0.00798	0.00927	0.00676	0.00470	0.00390	0.00129	0.00640	0.00315	0.00227	0.00705
38	0.05772	0.01214	0.01259	0.01044	0.01370	0.06298	0.00831	0.33301	0.12005	0.12779	0.04146	0.11459	0.01485	0.00773	0.00533	0.00166	0.00502	0.00623	0.02247	0.02191
39	0.00660	0.00476	0.00630	0.00724	0.00773	0.00446	0.00494	0.00777	0.01075	0.01446	0.12473	0.66347	0.06043	0.01644	0.03104	0.00227	0.00333	0.01392	0.00496	0.00440
40	0.00918	0.00459	0.00689	0.00689	0.00689	0.00459	0.00459	0.00689	0.00689	0.00918	0.00918	0.01607	0.00918	0.01837	0.02066	0.84619	0.00459	0.00459	0.00230	0.00230
41	0.01502	0.01118	0.01468	0.26870	0.07493	0.01244	0.01101	0.29679	0.03505	0.09148	0.01389	0.03279	0.02660	0.06394	0.00688	0.00192	0.00591	0.00538	0.00410	0.00731
42	0.01241	0.05269	0.03517	0.14512	0.16889	0.11144	0.10618	0.04417	0.03268	0.01601	0.05200	0.03361	0.08761	0.00677	0.00639	0.00169	0.07168	0.00574	0.00315	0.00661
43	0.00819	0.00624	0.00694	0.00679	0.00705	0.03034	0.00433	0.00854	0.00838	0.01102	0.01851	0.06823	0.06739	0.60345	0.06110	0.00462	0.06410	0.00779	0.00329	0.00369
44	0.00985	0.00493	0.00493	0.00493	0.00616	0.00493	0.00370	0.01232	0.01109	0.01971	0.01725	0.01971	0.01355	0.00616	0.00370	0.00123	0.00246	0.00493	0.84356	0.00493
45	0.01746	0.01084	0.03323	0.09018	0.01563	0.02661	0.00884	0.23714	0.01629	0.28037	0.04857	0.01803	0.01299	0.07346	0.02963	0.00210	0.01928	0.00537	0.04640	0.00756
46	0.01324	0.16524	0.12761	0.17060	0.04296	0.10273	0.15990	0.07269	0.01260	0.01595	0.01023	0.02360	0.01889	0.00545	0.00551	0.00160	0.03697	0.00464	0.00272	0.00684
47	0.01334	0.64065	0.19752	0.01039	0.01565	0.01899	0.01139	0.01603	0.01084	0.01340	0.00783	0.00908	0.00676	0.00463	0.00376	0.00125	0.00614	0.00307	0.00225	0.00701
48	0.00669	0.00474	0.00620	0.00718	0.00747	0.00454	0.00474	0.00752	0.00966	0.01293	0.02643	0.65005	0.03140	0.14024	0.05121	0.00294	0.00397	0.01341	0.00454	0.00415
49	0.16622	0.26877	0.01890	0.01151	0.03151	0.13685	0.06974	0.01783	0.01163	0.12691	0.00972	0.01092	0.00766	0.00550	0.00552	0.00151	0.08555	0.00378	0.00318	0.00678
50	0.00650	0.00479	0.00609	0.00698	0.00760	0.00438	0.00477	0.00762	0.01084	0.01427	0.09658	0.62427	0.15479	0.01557	0.00662	0.00205	0.00296	0.01395	0.00499	0.00438
51	0.01624	0.09767	0.01475	0.01064	0.01396	0.02822	0.00875	0.40194	0.11647	0.04114	0.01483	0.07540	0.01211	0.00760	0.01696	0.00170	0.03247	0.00551	0.07589	0.00775

[dist]
# distance from previous block
# <min> <max>
0	1

[block]
# block no. 1 follows, 46 sequences, length 28
# corresponding to MSA columns:
# 127-154
name=unknown_B
#
# <colnr> <probs for GDERKNQSTAVLIFYWHMCP>
#	G	D	E	R	K	N	Q	S	T	A	V	L	I	F	Y	W	H	M	C	P
0	0.01843	0.04295	0.01571	0.02875	0.01615	0.01236	0.08537	0.25640	0.13577	0.27333	0.01691	0.04733	0.01225	0.00666	0.00539	0.00166	0.00536	0.00561	0.00525	0.00837
1	0.01185	0.00937	0.01141	0.06413	0.01429	0.00743	0.00697	0.01426	0.01125	0.07466	0.01026	0.01171	0.00817	0.00421	0.00412	0.00092	0.00418	0.00341	0.00333	0.72407
2	0.00942	0.00775	0.04246	0.00918	0.01105	0.00701	0.06663	0.01256	0.08682	0.07361	0.08002	0.36002	0.12712	0.01193	0.00653	0.00191	0.03170	0.01056	0.03815	0.00558
3	0.05017	0.75822	0.02638	0.00897	0.01342	0.02013	0.00886	0.01612	0.01080	0.03653	0.00776	0.00878	0.00693	0.00460	0.00345	0.00117	0.00555	0.00290	0.00244	0.00681
4	0.01098	0.04349	0.01180	0.00839	0.01223	0.00855	0.00672	0.01345	0.03688	0.01625	0.01005	0.01299	0.00885	0.06545	0.00692	0.00130	0.07821	0.00370	0.00310	0.64068
5	0.01047	0.08051	0.07256	0.02556	0.01398	0.04248	0.06911	0.02912	0.01050	0.01425	0.01602	0.25331	0.01732	0.02217	0.00958	0.00206	0.23859	0.06334	0.00339	0.00567
6	0.76821	0.09055	0.00975	0.00716	0.01056	0.01276	0.00606	0.01557	0.00917	0.02260	0.00736	0.00858	0.00583	0.00487	0.00328	0.00159	0.00425	0.00286	0.00317	0.00583
7	0.03382	0.10830	0.01689	0.10845	0.04624	0.55584	0.02624	0.01925	0.01372	0.01340	0.00833	0.01017	0.00690	0.00527	0.00470	0.00141	0.00858	0.00359	0.00263	0.00626
8	0.01128	0.00925	0.01138	0.00850	0.01271	0.00736	0.03258	0.04305	0.01160	0.04092	0.01207	0.09818	0.01099	0.00548	0.00440	0.00102	0.00409	0.00466	0.00350	0.66697
9	0.02337	0.00647	0.00760	0.00736	0.00897	0.00643	0.00557	0.04563	0.06949	0.11709	0.04061	0.22779	0.03606	0.04566	0.00629	0.00187	0.00348	0.06375	0.27085	0.00565
10	0.01186	0.00982	0.01182	0.00868	0.01299	0.00825	0.03284	0.08838	0.01235	0.01891	0.01031	0.01192	0.00836	0.00446	0.00442	0.00097	0.02205	0.00357	0.06648	0.65155
11	0.01953	0.03211	0.01566	0.01179	0.01590	0.01601	0.00976	0.71535	0.02396	0.03228	0.01277	0.01290	0.00913	0.00630	0.00518	0.00156	0.00567	0.00472	0.04064	0.00877
12	0.00768	0.00516	0.00596	0.00596	0.00603	0.00523	0.00344	0.00781	0.00775	0.01039	0.01648	0.03362	0.01879	0.75939	0.08115	0.00536	0.00576	0.00754	0.00318	0.00331
13	0.01286	0.01237	0.02141	0.03097	0.70995	0.01233	0.05423	0.01604	0.01207	0.01719	0.01075	0.01511	0.00929	0.00512	0.00537	0.00162	0.00636	0.03610	0.00271	0.00816
14	0.01386	0.07025	0.25982	0.02882	0.01554	0.00975	0.01104	0.01779	0.05051	0.23572	0.13656	0.06423	0.01793	0.03732	0.00612	0.00179	0.00531	0.00602	0.00438	0.00724
15	0.03561	0.00982	0.01189	0.00966	0.01323	0.00976	0.00784	0.09714	0.19709	0.44543	0.01988	0.01876	0.01370	0.00680	0.00523	0.00166	0.00442	0.02206	0.06162	0.00842
16	0.00755	0.00566	0.00850	0.00850	0.00944	0.00661	0.00661	0.00944	0.00850	0.01227	0.01416	0.02077	0.01322	0.03965	0.79326	0.00850	0.01416	0.00566	0.00283	0.00472
17	0.09001	0.01350	0.06867	0.06250	0.16046	0.01250	0.36343	0.01794	0.06583	0.07551	0.01164	0.01400	0.00870	0.00497	0.00553	0.00171	0.00716	0.00534	0.00316	0.00743
18	0.01309	0.00869	0.02728	0.02739	0.02573	0.00838	0.02240	0.11046	0.09867	0.17561	0.11375	0.22653	0.05308	0.01030	0.00597	0.00184	0.00422	0.05469	0.00525	0.00667
19	0.00921	0.00461	0.00680	0.00680	0.00686	0.00461	0.00455	0.00712	0.00707	0.00963	0.00953	0.01623	0.00937	0.01784	0.01994	0.81012	0.00450	0.00461	0.03821	0.00241
20	0.01012	0.00953	0.01516	0.50965	0.02791	0.02886	0.06527	0.02684	0.01066	0.01385	0.01218	0.11213	0.01127	0.05556	0.00773	0.00204	0.06656	0.00621	0.00280	0.00567
21	0.03040	0.08258	0.53036	0.04690	0.15776	0.01280	0.01736	0.01630	0.01129	0.01664	0.02490	0.01193	0.00787	0.00505	0.00493	0.00162	0.00716	0.00409	0.00240	0.00766
22	0.01953	0.05020	0.09045	0.01117	0.01559	0.01300	0.00998	0.39266	0.01932	0.26574	0.03325	0.01479	0.01102	0.00630	0.00518	0.00158	0.00545	0.00488	0.02130	0.00860
23	0.00768	0.00514	0.00584	0.00584	0.00587	0.00517	0.00330	0.00774	0.00771	0.01031	0.01659	0.03420	0.01905	0.79222	0.04866	0.00522	0.00538	0.00763	0.00319	0.00325
24	0.33020	0.03185	0.01216	0.12716	0.01627	0.17479	0.00875	0.10217	0.03102	0.04133	0.02110	0.04653	0.00895	0.00602	0.00469	0.00162	0.02135	0.00427	0.00346	0.00631
25	0.00936	0.00742	0.01146	0.09170	0.01507	0.00762	0.07674	0.04150	0.01242	0.01624	0.02400	0.09450	0.02544	0.01253	0.00689	0.00226	0.00538	0.52974	0.00443	0.00530
26	0.00756	0.00563	0.00830	0.00830	0.00918	0.00650	0.00637	0.00932	0.00844	0.01213	0.01434	0.02175	0.01364	0.09447	0.73902	0.00826	0.01352	0.00581	0.00286	0.00461
27	0.07437	0.00959	0.01084	0.00787	0.01245	0.00764	0.00632	0.03182	0.01115	0.01811	0.00932	0.01083	0.00770	0.00405	0.00390	0.00087	0.00397	0.00315	0.00320	0.76285

[dist]
# distance from previous block
# <min> <max>
0	1

[block]
# block no. 2 follows, 46 sequences, length 65
# corresponding to MSA columns:
# 156-220
name=unknown_C
#
# <colnr> <probs for GDERKNQSTAVLIFYWHMCP>
#	G	D	E	R	K	N	Q	S	T	A	V	L	I	F	Y	W	H	M	C	P
0	0.07131	0.01167	0.05341	0.00912	0.01353	0.04430	0.00772	0.09942	0.01277	0.06559	0.01060	0.02655	0.00852	0.00489	0.00453	0.00111	0.02033	0.00374	0.00354	0.52736
1	0.00650	0.00464	0.00620	0.00743	0.00776	0.00434	0.00501	0.00746	0.01018	0.01356	0.02911	0.78959	0.03484	0.01651	0.00676	0.00216	0.00312	0.03562	0.00491	0.00431
2	0.00744	0.00539	0.00701	0.00664	0.00788	0.00496	0.00497	0.00987	0.01481	0.02090	0.74821	0.05473	0.06535	0.01098	0.00625	0.00167	0.00251	0.00970	0.00578	0.00496
3	0.01154	0.01063	0.01708	0.12014	0.46615	0.01107	0.01322	0.01550	0.07556	0.01707	0.07775	0.01867	0.03783	0.00840	0.06001	0.00212	0.00628	0.02042	0.00322	0.00733
4	0.00998	0.00940	0.01586	0.80150	0.03641	0.01175	0.01468	0.01351	0.01057	0.01351	0.00940	0.01409	0.00705	0.00529	0.00529	0.00176	0.00705	0.00470	0.00235	0.00587
5	0.01103	0.00648	0.00831	0.00739	0.00930	0.00608	0.00570	0.01430	0.06728	0.16533	0.55485	0.03333	0.03925	0.00958	0.00591	0.00165	0.00299	0.00834	0.03694	0.00598
6	0.01278	0.01227	0.02083	0.09458	0.69519	0.01261	0.01595	0.01589	0.01179	0.01681	0.00980	0.01312	0.00822	0.00491	0.00564	0.00161	0.03264	0.00471	0.00258	0.00808
7	0.03417	0.02925	0.06877	0.32598	0.12739	0.03715	0.13914	0.01455	0.02935	0.01526	0.01286	0.10694	0.02333	0.00652	0.00550	0.00175	0.00668	0.00611	0.00288	0.00642
8	0.00962	0.00569	0.00550	0.00554	0.00661	0.03407	0.00396	0.01159	0.01074	0.01766	0.01844	0.07677	0.03207	0.11346	0.00706	0.00182	0.00312	0.00607	0.62551	0.00469
9	0.00908	0.00459	0.00686	0.00690	0.00692	0.00458	0.00460	0.00690	0.00700	0.00934	0.00991	0.04498	0.01012	0.01830	0.02015	0.81548	0.00454	0.00497	0.00239	0.00237
10	0.13283	0.49364	0.02065	0.00883	0.01280	0.01694	0.00818	0.07765	0.04539	0.05898	0.03736	0.01146	0.00942	0.00525	0.00384	0.00132	0.00507	0.00360	0.03993	0.00686
11	0.08871	0.06856	0.01584	0.24485	0.08977	0.08333	0.01126	0.18570	0.09690	0.04808	0.01149	0.01316	0.00865	0.00565	0.00494	0.00161	0.00616	0.00447	0.00362	0.00726
12	0.00652	0.00496	0.00603	0.00684	0.00771	0.00447	0.00485	0.00768	0.01091	0.01392	0.03734	0.50235	0.28699	0.01535	0.00662	0.00204	0.00306	0.06306	0.00491	0.00439
13	0.01271	0.01241	0.02005	0.13907	0.59678	0.04058	0.03156	0.01608	0.02841	0.01661	0.01111	0.01417	0.02667	0.00507	0.00527	0.00160	0.00643	0.00488	0.00270	0.00782
14	0.10801	0.11887	0.05166	0.01233	0.04749	0.18885	0.03338	0.15430	0.15557	0.01997	0.01254	0.05217	0.01032	0.00623	0.00481	0.00156	0.00621	0.00474	0.00376	0.00722
15	0.00906	0.00465	0.00690	0.00687	0.00696	0.00462	0.00462	0.00710	0.00745	0.01002	0.06248	0.01769	0.01200	0.01784	0.01966	0.78768	0.00445	0.00494	0.00254	0.00248
16	0.00736	0.00497	0.00658	0.00750	0.00808	0.00465	0.00524	0.00850	0.01066	0.04252	0.06713	0.62887	0.04817	0.05058	0.00759	0.00225	0.00333	0.07658	0.00494	0.00451
17	0.04141	0.04705	0.01423	0.08236	0.01649	0.07744	0.00931	0.24160	0.14601	0.22794	0.01569	0.03226	0.01133	0.00647	0.00516	0.00163	0.00549	0.00509	0.00497	0.00808
18	0.01210	0.04334	0.15743	0.01069	0.03018	0.08371	0.00957	0.08811	0.10461	0.06036	0.10255	0.13022	0.11879	0.00891	0.00558	0.00171	0.00513	0.01606	0.00433	0.00662
19	0.01865	0.03906	0.01546	0.01384	0.02764	0.68137	0.01043	0.02002	0.01410	0.01297	0.00805	0.00979	0.00685	0.00583	0.00612	0.00146	0.09600	0.00355	0.00267	0.00614
20	0.00764	0.00517	0.00606	0.00610	0.00620	0.00526	0.00361	0.00786	0.00784	0.01055	0.01673	0.05390	0.01901	0.71130	0.10707	0.00540	0.00602	0.00767	0.00321	0.00339
21	0.01115	0.00969	0.01176	0.00853	0.01315	0.00765	0.03389	0.01434	0.05707	0.01751	0.01018	0.01161	0.00834	0.00413	0.00409	0.00088	0.00411	0.00342	0.00325	0.76525
22	0.01186	0.09067	0.64578	0.01442	0.02162	0.01271	0.04231	0.01730	0.01145	0.06961	0.01014	0.01152	0.00719	0.00507	0.00495	0.00163	0.00744	0.00399	0.00255	0.00779
23	0.03574	0.00772	0.01029	0.00836	0.01140	0.00685	0.00672	0.01983	0.01494	0.49224	0.29456	0.02556	0.02623	0.00805	0.00560	0.00165	0.00376	0.00680	0.00621	0.00748
24	0.02840	0.02267	0.11336	0.02464	0.09880	0.06459	0.01002	0.05744	0.01248	0.15830	0.03534	0.23318	0.01719	0.00997	0.02868	0.00199	0.06459	0.00754	0.00414	0.00669
25	0.01790	0.13633	0.03137	0.03963	0.07935	0.01262	0.00962	0.17736	0.03632	0.27849	0.01394	0.01387	0.00988	0.00581	0.00526	0.00149	0.03155	0.00450	0.00455	0.09015
26	0.01420	0.01188	0.01255	0.01097	0.01415	0.01364	0.00862	0.13952	0.65854	0.02381	0.02018	0.01866	0.01505	0.00705	0.00537	0.00176	0.00443	0.00579	0.00537	0.00846
27	0.00644	0.00460	0.00613	0.00736	0.00767	0.00429	0.00491	0.00736	0.01012	0.01350	0.02914	0.81076	0.03497	0.01656	0.00675	0.00215	0.00307	0.01503	0.00491	0.00429
28	0.02989	0.01203	0.01638	0.37819	0.02583	0.12612	0.12953	0.03035	0.01214	0.06876	0.01121	0.01427	0.00840	0.00539	0.00512	0.00163	0.00688	0.00479	0.10682	0.00626
29	0.01285	0.01308	0.03621	0.16343	0.49732	0.06801	0.04182	0.03074	0.02665	0.01659	0.01145	0.01437	0.03353	0.00523	0.00528	0.00161	0.00661	0.00489	0.00275	0.00760
30	0.79342	0.01050	0.00939	0.00801	0.01143	0.01196	0.05812	0.01564	0.00924	0.02325	0.00759	0.00898	0.00588	0.00488	0.00348	0.00165	0.00442	0.00310	0.00323	0.00582
31	0.02028	0.00837	0.01125	0.00891	0.01242	0.00738	0.00725	0.02277	0.03605	0.61573	0.16773	0.02221	0.02030	0.00739	0.00550	0.00165	0.00410	0.00616	0.00637	0.00820
32	0.01869	0.01395	0.01495	0.01180	0.01577	0.01552	0.00964	0.59048	0.18454	0.04687	0.01475	0.01431	0.01061	0.00653	0.00531	0.00163	0.00544	0.00503	0.00533	0.00886
33	0.01052	0.02597	0.73960	0.01457	0.02191	0.01181	0.01863	0.01615	0.01090	0.01628	0.00947	0.01146	0.00685	0.00583	0.00597	0.05280	0.00762	0.00395	0.00224	0.00748
34	0.01826	0.21605	0.09673	0.00997	0.01431	0.01209	0.00930	0.07654	0.02774	0.38411	0.04194	0.04459	0.01264	0.00639	0.00488	0.00153	0.00511	0.00501	0.00481	0.00799
35	0.01245	0.35437	0.32805	0.01428	0.04704	0.01606	0.12760	0.01637	0.01122	0.01499	0.00880	0.01058	0.00699	0.00472	0.00453	0.00146	0.00702	0.00384	0.00233	0.00730
36	0.00629	0.00518	0.00554	0.00583	0.00727	0.00442	0.00423	0.00753	0.01159	0.01409	0.04777	0.23099	0.60271	0.01414	0.00637	0.00187	0.00277	0.01207	0.00491	0.00442
37	0.01176	0.03445	0.16594	0.10478	0.19176	0.05042	0.23332	0.01562	0.01207	0.01643	0.06400	0.05183	0.01181	0.00576	0.00557	0.00169	0.00716	0.00571	0.00286	0.00706
38	0.01490	0.05593	0.26436	0.02806	0.05216	0.01235	0.06659	0.14395	0.02530	0.15647	0.01262	0.01467	0.00939	0.02325	0.00689	0.03218	0.05000	0.01958	0.00370	0.00766
39	0.01279	0.00629	0.00837	0.00787	0.00959	0.00567	0.00578	0.01417	0.01214	0.28778	0.09678	0.38484	0.02719	0.08508	0.00803	0.00219	0.00371	0.01039	0.00542	0.00593
40	0.01065	0.02705	0.76978	0.01523	0.02299	0.01230	0.03627	0.01675	0.01119	0.01675	0.00951	0.01123	0.00673	0.00501	0.00505	0.00168	0.00784	0.00396	0.00224	0.00780
41	0.01394	0.16313	0.11045	0.04933	0.20175	0.06724	0.08497	0.10059	0.10891	0.01830	0.02491	0.01319	0.00948	0.00536	0.00498	0.00155	0.00647	0.00458	0.00321	0.00765
42	0.03698	0.10741	0.07757	0.02766	0.08533	0.01203	0.02583	0.19075	0.06768	0.07656	0.08886	0.07812	0.06991	0.00752	0.00524	0.00162	0.00502	0.00624	0.02247	0.00720
43	0.00644	0.00460	0.00613	0.00736	0.00767	0.00429	0.00491	0.00736	0.01012	0.01350	0.02914	0.81076	0.03497	0.01656	0.00675	0.00215	0.00307	0.01503	0.00491	0.00429
44	0.38497	0.01193	0.02866	0.05787	0.35042	0.02582	0.01125	0.04050	0.01107	0.02039	0.00882	0.01103	0.00710	0.00490	0.00436	0.00161	0.00542	0.00386	0.00298	0.00705
45	0.00793	0.00532	0.00682	0.00657	0.00750	0.00500	0.00464	0.00946	0.01260	0.03504	0.49559	0.08356	0.05348	0.17236	0.01138	0.06090	0.00325	0.00911	0.00500	0.00448
46	0.01346	0.02914	0.06034	0.02770	0.60646	0.01206	0.03500	0.01664	0.01209	0.06361	0.01051	0.01307	0.00849	0.00477	0.00513	0.00152	0.00615	0.00460	0.00286	0.06638
47	0.00654	0.00464	0.00610	0.00723	0.00752	0.00436	0.00477	0.00739	0.00993	0.01324	0.02814	0.74859	0.03370	0.08046	0.00836	0.00239	0.00323	0.01444	0.00477	0.00421
48	0.01096	0.00940	0.01096	0.00783	0.01253	0.00705	0.00626	0.01331	0.01096	0.01723	0.00940	0.01096	0.00783	0.00392	0.00392	0.00078	0.00392	0.00313	0.00313	0.84653
49	0.00761	0.05521	0.03690	0.00787	0.00924	0.00600	0.00611	0.00910	0.01075	0.01436	0.05265	0.52628	0.07709	0.01393	0.00629	0.00196	0.00360	0.08745	0.00455	0.06302
50	0.01192	0.00972	0.01139	0.00846	0.01258	0.00835	0.00682	0.07608	0.01200	0.03139	0.01017	0.01180	0.00830	0.00467	0.00497	0.00100	0.05946	0.00352	0.05420	0.65322
51	0.01241	0.01058	0.01132	0.01023	0.01299	0.01209	0.00793	0.02574	0.67344	0.02200	0.11978	0.02229	0.02052	0.00764	0.00549	0.00178	0.00396	0.00644	0.00544	0.00793
52	0.01060	0.01003	0.01697	0.64830	0.18478	0.01191	0.01499	0.01405	0.01086	0.01426	0.00951	0.01389	0.00731	0.00517	0.00528	0.00172	0.00689	0.00470	0.00240	0.00637
53	0.00682	0.00504	0.00637	0.00675	0.00767	0.00459	0.00479	0.00843	0.01235	0.01666	0.32793	0.38189	0.16370	0.01377	0.00646	0.00190	0.00278	0.01224	0.00527	0.00459
54	0.00655	0.00472	0.00616	0.00726	0.00768	0.00440	0.00492	0.00752	0.01023	0.01351	0.03026	0.70516	0.08349	0.04530	0.00747	0.00224	0.00318	0.04083	0.00484	0.00429
55	0.00756	0.00564	0.00840	0.00840	0.00931	0.00655	0.00649	0.00938	0.00847	0.01220	0.01425	0.02127	0.01343	0.06755	0.76565	0.00837	0.01383	0.00574	0.00285	0.00467
56	0.01013	0.00969	0.01678	0.75433	0.03588	0.01184	0.05993	0.01371	0.01069	0.01371	0.00947	0.01410	0.00711	0.00524	0.00534	0.00176	0.00716	0.00479	0.00237	0.00595
57	0.00752	0.00511	0.00576	0.00584	0.00597	0.00503	0.00336	0.00766	0.00811	0.01070	0.01969	0.08508	0.06623	0.71486	0.02437	0.00473	0.00485	0.00837	0.00342	0.00335
58	0.00982	0.00634	0.00761	0.00712	0.00809	0.00729	0.00559	0.01198	0.01061	0.01786	0.07706	0.01980	0.01518	0.00982	0.06961	0.00206	0.16187	0.00530	0.54191	0.00508
59	0.01648	0.48571	0.02238	0.01096	0.01473	0.34417	0.00954	0.01804	0.01252	0.01265	0.00769	0.00892	0.00679	0.00491	0.00397	0.00123	0.00728	0.00307	0.00246	0.00651
60	0.79564	0.01014	0.00807	0.00712	0.01044	0.01158	0.00586	0.01623	0.00941	0.07513	0.00827	0.00922	0.00622	0.00502	0.00341	0.00164	0.00412	0.00303	0.00349	0.00595
61	0.01248	0.01426	0.03119	0.02228	0.02763	0.01337	0.76203	0.01693	0.01248	0.01693	0.01070	0.01426	0.00802	0.00446	0.00624	0.00178	0.00891	0.00624	0.00267	0.00713
62	0.01182	0.11166	0.34422	0.03051	0.01974	0.07827	0.13734	0.04326	0.01216	0.01628	0.03951	0.10725	0.01194	0.00654	0.00528	0.00166	0.00705	0.00570	0.00291	0.00692
63	0.00885	0.00714	0.00856	0.02348	0.01026	0.00694	0.02201	0.02499	0.14761	0.01582	0.02646	0.29094	0.14652	0.09994	0.00815	0.00213	0.00379	0.00961	0.01522	0.12158
64	0.04260	0.02897	0.08721	0.02672	0.02934	0.01059	0.07343	0.12066	0.12828	0.03793	0.09501	0.05572	0.01729	0.09008	0.00788	0.00205	0.02250	0.04818	0.02230	0.05325

[dist]
# distance from previous block
# <min> <max>
0	12

[block]
# block no. 3 follows, 46 sequences, length 33
# corresponding to MSA columns:
# 233-265
name=unknown_D
#
# <colnr> <probs for GDERKNQSTAVLIFYWHMCP>
#	G	D	E	R	K	N	Q	S	T	A	V	L	I	F	Y	W	H	M	C	P
0	0.33147	0.11947	0.01223	0.00891	0.01163	0.06478	0.02697	0.02915	0.02122	0.01811	0.01503	0.09595	0.07047	0.00773	0.00547	0.00170	0.06406	0.05825	0.00348	0.03391
1	0.15612	0.04485	0.01387	0.01143	0.05009	0.09942	0.03921	0.23560	0.01579	0.15341	0.01276	0.01384	0.00949	0.02885	0.03157	0.00187	0.00588	0.00449	0.06411	0.00735
2	0.01291	0.01007	0.01141	0.00968	0.01245	0.02304	0.00756	0.26467	0.06995	0.02127	0.01641	0.20121	0.01572	0.01195	0.08439	0.01947	0.02521	0.00700	0.00436	0.17126
3	0.00705	0.00517	0.00692	0.00785	0.00828	0.00517	0.00557	0.00822	0.01041	0.01413	0.05810	0.64736	0.03302	0.01547	0.00730	0.00214	0.04887	0.07762	0.02689	0.00447
4	0.85155	0.01022	0.00777	0.00695	0.01022	0.01186	0.00573	0.01554	0.00900	0.02372	0.00736	0.00859	0.00573	0.00491	0.00327	0.00164	0.00409	0.00286	0.00327	0.00573
5	0.00640	0.00489	0.00589	0.00664	0.00749	0.00437	0.00460	0.00751	0.01093	0.01398	0.05767	0.52423	0.29580	0.01530	0.00656	0.00201	0.00292	0.01353	0.00493	0.00437
6	0.00640	0.00534	0.00552	0.00560	0.00723	0.00454	0.00416	0.00772	0.01186	0.01427	0.06503	0.08131	0.68334	0.04546	0.00712	0.00195	0.00285	0.03102	0.00486	0.00443
7	0.85155	0.01022	0.00777	0.00695	0.01022	0.01186	0.00573	0.01554	0.00900	0.02372	0.00736	0.00859	0.00573	0.00491	0.00327	0.00164	0.00409	0.00286	0.00327	0.00573
8	0.85155	0.01022	0.00777	0.00695	0.01022	0.01186	0.00573	0.01554	0.00900	0.02372	0.00736	0.00859	0.00573	0.00491	0.00327	0.00164	0.00409	0.00286	0.00327	0.00573
9	0.00755	0.00566	0.00850	0.00850	0.00944	0.00661	0.00661	0.00944	0.00850	0.01227	0.01416	0.02077	0.01322	0.03965	0.79326	0.00850	0.01416	0.00566	0.00283	0.00472
10	0.01653	0.01357	0.09044	0.04273	0.01600	0.01308	0.01006	0.43112	0.06425	0.08276	0.06850	0.01609	0.01278	0.00836	0.04823	0.00198	0.00593	0.00519	0.04439	0.00800
11	0.00834	0.00533	0.00622	0.00604	0.00639	0.00522	0.00364	0.00877	0.00901	0.04456	0.12243	0.03457	0.02321	0.66866	0.02313	0.00450	0.00473	0.00785	0.00371	0.00370
12	0.00764	0.00563	0.00835	0.00835	0.00931	0.00654	0.00649	0.00956	0.00860	0.01257	0.01428	0.02073	0.01323	0.03831	0.76175	0.00821	0.01369	0.00563	0.03639	0.00473
13	0.10741	0.35817	0.05361	0.01081	0.01458	0.20769	0.00964	0.08658	0.03415	0.01621	0.00852	0.00975	0.00715	0.00532	0.00480	0.00139	0.05123	0.00339	0.00285	0.00675
14	0.01098	0.01075	0.01544	0.01329	0.01358	0.01467	0.03120	0.01234	0.00828	0.01277	0.00813	0.01303	0.00792	0.01372	0.13429	0.00323	0.66350	0.00483	0.00240	0.00566
15	0.00899	0.05397	0.03919	0.00827	0.00971	0.02539	0.00641	0.05096	0.05701	0.01505	0.04024	0.37770	0.09101	0.04719	0.05173	0.05053	0.02701	0.01012	0.02445	0.00507
16	0.00742	0.00540	0.00698	0.00659	0.00786	0.00496	0.00494	0.00986	0.01482	0.02086	0.74287	0.04005	0.08566	0.01093	0.00624	0.00167	0.00250	0.00964	0.00577	0.00496
17	0.01942	0.05145	0.01534	0.01341	0.01620	0.75055	0.01014	0.02108	0.03091	0.01312	0.00843	0.00971	0.00701	0.00545	0.00473	0.00136	0.00929	0.00344	0.00276	0.00620
18	0.00752	0.00543	0.00712	0.00677	0.00801	0.00503	0.00512	0.01001	0.01486	0.02100	0.75000	0.04025	0.04914	0.01095	0.00628	0.00169	0.00258	0.03746	0.00578	0.00498
19	0.01045	0.00906	0.01230	0.04225	0.01283	0.02748	0.03919	0.07856	0.01042	0.01474	0.01360	0.01902	0.04705	0.08223	0.28907	0.00453	0.24417	0.00561	0.03198	0.00547
20	0.00653	0.00460	0.00616	0.00735	0.00764	0.00430	0.00490	0.00735	0.01001	0.01335	0.02847	0.78430	0.03411	0.01662	0.00721	0.03025	0.00312	0.01468	0.00482	0.00423
21	0.00832	0.00608	0.00749	0.00791	0.00891	0.00593	0.00557	0.10481	0.01212	0.01618	0.02744	0.65531	0.06056	0.01477	0.00646	0.00202	0.00343	0.01322	0.00491	0.02857
22	0.01157	0.00975	0.01129	0.00812	0.01278	0.00767	0.00651	0.06297	0.01188	0.01829	0.00961	0.01108	0.00791	0.00408	0.00401	0.00084	0.00404	0.00324	0.00327	0.79109
23	0.00642	0.00467	0.00607	0.00718	0.00762	0.00431	0.00483	0.00738	0.01029	0.01356	0.03130	0.74348	0.10085	0.01628	0.00670	0.00211	0.00303	0.01469	0.00491	0.00431
24	0.01354	0.10585	0.14695	0.16876	0.12831	0.07544	0.04423	0.12674	0.01314	0.01740	0.00941	0.01197	0.00744	0.00569	0.00647	0.00166	0.10267	0.00432	0.00283	0.00717
25	0.01141	0.01475	0.14568	0.04915	0.08431	0.01234	0.40961	0.01532	0.01153	0.01607	0.01204	0.09878	0.01060	0.00631	0.00695	0.00183	0.07716	0.00649	0.00279	0.00687
26	0.00791	0.00565	0.00685	0.00669	0.00828	0.00506	0.00522	0.00993	0.01348	0.05390	0.36398	0.04554	0.32589	0.01210	0.00634	0.00181	0.00298	0.10807	0.00538	0.00496
27	0.00708	0.00576	0.00634	0.00617	0.00773	0.01909	0.00466	0.00894	0.01336	0.01726	0.36276	0.04546	0.43393	0.01217	0.00624	0.00174	0.00278	0.02856	0.00526	0.00473
28	0.01352	0.01235	0.12747	0.07217	0.05123	0.01046	0.03626	0.17290	0.06033	0.11388	0.01983	0.08154	0.08419	0.00864	0.00613	0.02552	0.00544	0.08670	0.00437	0.00705
29	0.02735	0.02164	0.53421	0.01479	0.06051	0.03024	0.05389	0.01573	0.01121	0.03476	0.02772	0.01433	0.03763	0.00795	0.05030	0.03576	0.00760	0.00459	0.00262	0.00717
30	0.01348	0.01152	0.01214	0.01082	0.01387	0.01330	0.00845	0.06283	0.73641	0.02264	0.02110	0.01939	0.01580	0.00713	0.00537	0.00178	0.00426	0.00592	0.00537	0.00840
31	0.03090	0.01393	0.03380	0.08379	0.50948	0.09930	0.07023	0.01674	0.02751	0.01671	0.00991	0.01277	0.00813	0.00484	0.00517	0.00155	0.00674	0.00459	0.00270	0.04123
32	0.01162	0.07934	0.29699	0.09352	0.03584	0.01279	0.09090	0.07157	0.06776	0.01743	0.04479	0.04505	0.01132	0.00706	0.02213	0.00187	0.06023	0.01963	0.00308	0.00709

[dist]
# distance from previous block
# <min> <max>
8	13

[block]
# block no. 4 follows, 46 sequences, length 8
# corresponding to MSA columns:
# 280-287
name=unknown_E
#
# <colnr> <probs for GDERKNQSTAVLIFYWHMCP>
#	G	D	E	R	K	N	Q	S	T	A	V	L	I	F	Y	W	H	M	C	P
0	0.01376	0.03050	0.01344	0.15228	0.01741	0.01215	0.00934	0.31217	0.06292	0.02202	0.01476	0.13688	0.01338	0.04278	0.02322	0.00196	0.03486	0.00636	0.00421	0.07559
1	0.01450	0.06618	0.01962	0.10788	0.46050	0.21014	0.01409	0.01715	0.01254	0.01547	0.00927	0.01200	0.00774	0.00495	0.00501	0.00151	0.00714	0.00426	0.00259	0.00744
2	0.00836	0.00647	0.00802	0.06481	0.01050	0.03892	0.00617	0.02801	0.01000	0.01370	0.01931	0.29623	0.02074	0.11917	0.25105	0.00432	0.00731	0.00893	0.07334	0.00465
3	0.00781	0.00564	0.00620	0.00590	0.00777	0.00481	0.00448	0.00942	0.01282	0.07435	0.18519	0.04626	0.58572	0.01239	0.00617	0.00175	0.00278	0.01042	0.00520	0.00491
4	0.00785	0.00538	0.00687	0.00677	0.00801	0.00489	0.00497	0.00981	0.01348	0.05481	0.47438	0.21657	0.14180	0.01227	0.00631	0.00179	0.00274	0.01082	0.00552	0.00495
5	0.00737	0.00542	0.00694	0.00677	0.00804	0.00498	0.00515	0.00965	0.01418	0.01960	0.59866	0.07677	0.13476	0.01167	0.00634	0.00176	0.00273	0.06871	0.00559	0.00488
6	0.11162	0.00913	0.01179	0.00915	0.01315	0.00820	0.00755	0.02468	0.01448	0.70407	0.01942	0.01699	0.01230	0.00637	0.00510	0.00164	0.00446	0.00506	0.00620	0.00865
7	0.01946	0.00992	0.01232	0.03229	0.01412	0.00984	0.00823	0.13489	0.14388	0.44333	0.04227	0.01981	0.01465	0.00704	0.00538	0.00168	0.00461	0.03635	0.03154	0.00838

[dist]
# distance from previous block
# <min> <max>
1	3

[block]
# block no. 5 follows, 46 sequences, length 22
# corresponding to MSA columns:
# 293-314
name=unknown_F
#
# <colnr> <probs for GDERKNQSTAVLIFYWHMCP>
#	G	D	E	R	K	N	Q	S	T	A	V	L	I	F	Y	W	H	M	C	P
0	0.08738	0.00891	0.00922	0.00853	0.01046	0.05028	0.00645	0.04032	0.24119	0.04099	0.12639	0.05795	0.01919	0.04175	0.03175	0.11719	0.00448	0.01639	0.07530	0.00590
1	0.05745	0.01003	0.02326	0.00926	0.01099	0.12924	0.00717	0.04701	0.01089	0.08564	0.01427	0.05841	0.01325	0.12845	0.34901	0.00506	0.02597	0.00577	0.00343	0.00544
2	0.03279	0.02237	0.01242	0.09681	0.01506	0.11361	0.01949	0.17963	0.06589	0.01885	0.06358	0.12786	0.05506	0.07715	0.00832	0.00204	0.07193	0.00688	0.00405	0.00621
3	0.04311	0.06001	0.32663	0.11523	0.02032	0.04740	0.05848	0.01484	0.01109	0.01590	0.01153	0.10293	0.01020	0.00616	0.00499	0.00157	0.00646	0.00518	0.00278	0.13518
4	0.01308	0.01256	0.02146	0.03245	0.78123	0.01256	0.01622	0.01622	0.01204	0.01727	0.00994	0.01308	0.00837	0.00471	0.00523	0.00157	0.00628	0.00471	0.00262	0.00837
5	0.00844	0.00630	0.00775	0.04957	0.02242	0.00638	0.00565	0.01120	0.10003	0.02923	0.11756	0.14922	0.16513	0.20518	0.03953	0.03577	0.00434	0.02715	0.00435	0.00482
6	0.00768	0.00514	0.00583	0.00581	0.00586	0.00512	0.00329	0.00779	0.00802	0.01076	0.05184	0.03482	0.02064	0.77711	0.02595	0.00497	0.00500	0.00777	0.00332	0.00329
7	0.00740	0.00497	0.00582	0.00618	0.00638	0.00485	0.00375	0.00784	0.00870	0.01183	0.02133	0.26338	0.04321	0.51409	0.01916	0.00395	0.00431	0.00980	0.04939	0.00365
8	0.00644	0.00460	0.00613	0.00736	0.00767	0.00429	0.00491	0.00736	0.01012	0.01350	0.02914	0.81076	0.03497	0.01656	0.00675	0.00215	0.00307	0.01503	0.00491	0.00429
9	0.01767	0.29793	0.01955	0.01243	0.03323	0.48389	0.00995	0.04257	0.01376	0.01351	0.00807	0.00935	0.00691	0.00514	0.00432	0.00129	0.00800	0.00328	0.00264	0.00650
10	0.00974	0.00494	0.00497	0.00497	0.00614	0.00494	0.00367	0.01207	0.01091	0.01921	0.01721	0.02050	0.01385	0.04901	0.00493	0.00144	0.00260	0.00507	0.79899	0.00484
11	0.01648	0.11873	0.03549	0.04081	0.01558	0.01448	0.00942	0.27794	0.27177	0.10512	0.01636	0.01578	0.02555	0.00646	0.00508	0.00161	0.00515	0.00507	0.00486	0.00826
12	0.01779	0.16007	0.03704	0.01212	0.01571	0.33897	0.00998	0.21245	0.11158	0.01936	0.01090	0.01148	0.00853	0.00572	0.00474	0.00144	0.00718	0.00399	0.00362	0.00731
13	0.77902	0.03740	0.00881	0.00738	0.01067	0.05458	0.00608	0.01585	0.00938	0.02277	0.00740	0.00864	0.00582	0.00492	0.00336	0.00160	0.00444	0.00289	0.00321	0.00578
14	0.01159	0.03227	0.08855	0.01927	0.02409	0.01219	0.56779	0.01569	0.01213	0.01646	0.01329	0.07856	0.01170	0.00623	0.00620	0.00184	0.00798	0.06443	0.00297	0.00678
15	0.00653	0.00467	0.00621	0.00730	0.00769	0.00435	0.00491	0.00758	0.01054	0.01415	0.09327	0.74475	0.03624	0.01607	0.00670	0.00211	0.00302	0.01456	0.00499	0.00435
16	0.00812	0.00649	0.00861	0.00852	0.00935	0.03516	0.00646	0.00969	0.00870	0.01214	0.01465	0.05844	0.01445	0.12651	0.60792	0.00730	0.04372	0.00621	0.00295	0.00462
17	0.00813	0.00609	0.00763	0.00712	0.00857	0.00592	0.00538	0.01205	0.10160	0.02130	0.69178	0.03723	0.04602	0.01039	0.00614	0.00168	0.00269	0.00915	0.00577	0.00538
18	0.77411	0.01110	0.02849	0.00741	0.01072	0.04120	0.00624	0.01562	0.00945	0.02306	0.02928	0.00957	0.00704	0.00510	0.00346	0.00163	0.00435	0.00310	0.00330	0.00577
19	0.01315	0.01136	0.01195	0.01076	0.01375	0.01315	0.00837	0.02809	0.77168	0.02211	0.02152	0.01972	0.01614	0.00717	0.00538	0.00179	0.00418	0.00598	0.00538	0.00837
20	0.01404	0.01232	0.01618	0.28782	0.21076	0.08967	0.01265	0.11464	0.05492	0.07324	0.01287	0.01514	0.03388	0.00646	0.02148	0.00178	0.00661	0.00493	0.00340	0.00721
21	0.01731	0.06312	0.01569	0.01500	0.10439	0.53721	0.01053	0.03463	0.04912	0.01438	0.01034	0.01357	0.00899	0.00720	0.03473	0.00173	0.00855	0.04407	0.00298	0.00646

[dist]
# distance from previous block
# <min> <max>
0	10

[block]
# block no. 6 follows, 46 sequences, length 9
# corresponding to MSA columns:
# 325-333
name=unknown_G
#
# <colnr> <probs for GDERKNQSTAVLIFYWHMCP>
#	G	D	E	R	K	N	Q	S	T	A	V	L	I	F	Y	W	H	M	C	P
0	0.42337	0.00919	0.01034	0.17874	0.06198	0.01047	0.00829	0.01411	0.00994	0.04636	0.01311	0.03522	0.06564	0.00939	0.08203	0.00236	0.00573	0.00466	0.00327	0.00580
1	0.03775	0.14701	0.52203	0.01442	0.02099	0.07196	0.08222	0.01691	0.01143	0.01603	0.00910	0.01082	0.00681	0.00492	0.00481	0.00158	0.00759	0.00388	0.00234	0.00740
2	0.00802	0.00591	0.00813	0.00938	0.03543	0.00574	0.00740	0.01015	0.01215	0.01601	0.11962	0.18068	0.09116	0.01405	0.00693	0.00221	0.00416	0.45308	0.00492	0.00487
3	0.00721	0.00543	0.00684	0.00768	0.00881	0.00506	0.00607	0.00887	0.01154	0.01467	0.03631	0.27349	0.26556	0.01479	0.00681	0.00215	0.00366	0.30557	0.00489	0.00458
4	0.01209	0.00951	0.01167	0.00852	0.01301	0.00749	0.02990	0.03812	0.01173	0.07489	0.01113	0.04119	0.00927	0.00467	0.00424	0.00095	0.00414	0.00388	0.00351	0.70008
5	0.01066	0.00570	0.00579	0.00549	0.00696	0.00583	0.00419	0.07123	0.01217	0.02078	0.01689	0.01916	0.01319	0.00617	0.00382	0.00126	0.00273	0.00491	0.77783	0.00525
6	0.00738	0.00532	0.00697	0.00672	0.00788	0.00492	0.00498	0.00972	0.01449	0.02044	0.70462	0.11547	0.04841	0.01137	0.00629	0.00171	0.00255	0.01010	0.00573	0.00492
7	0.01158	0.00976	0.01130	0.00813	0.01279	0.00768	0.00652	0.06438	0.01191	0.01832	0.00962	0.01108	0.00791	0.00408	0.00401	0.00084	0.00404	0.00324	0.00328	0.78952
8	0.11345	0.07871	0.03918	0.01345	0.10973	0.13877	0.07153	0.08572	0.01325	0.01808	0.08231	0.09540	0.07432	0.00743	0.00536	0.00161	0.02006	0.00615	0.00362	0.02185

[dist]
# distance from previous block
# <min> <max>
3	12

[block]
# block no. 7 follows, 46 sequences, length 26
# corresponding to MSA columns:
# 346-371
name=unknown_H
#
# <colnr> <probs for GDERKNQSTAVLIFYWHMCP>
#	G	D	E	R	K	N	Q	S	T	A	V	L	I	F	Y	W	H	M	C	P
0	0.01209	0.03920	0.05584	0.01619	0.03950	0.08378	0.33463	0.02602	0.08958	0.01637	0.01515	0.11579	0.01407	0.02753	0.00678	0.00191	0.02760	0.06799	0.00341	0.00657
1	0.01168	0.01170	0.02195	0.01639	0.03653	0.01047	0.42411	0.01514	0.01199	0.03084	0.01333	0.03447	0.03402	0.00554	0.00560	0.00153	0.00674	0.05356	0.00314	0.25126
2	0.07307	0.01337	0.02744	0.04988	0.07483	0.01287	0.60656	0.01651	0.01208	0.01741	0.01057	0.01395	0.00802	0.00459	0.00584	0.00174	0.00811	0.00580	0.03036	0.00699
3	0.06841	0.76508	0.02641	0.00891	0.01335	0.02033	0.00883	0.01581	0.01063	0.01317	0.00735	0.00849	0.00672	0.00455	0.00338	0.00116	0.00555	0.00283	0.00233	0.00672
4	0.40830	0.00957	0.01018	0.00827	0.01198	0.00967	0.00682	0.02101	0.01228	0.43128	0.01459	0.01362	0.00967	0.00578	0.00437	0.00164	0.00431	0.00418	0.00502	0.00748
5	0.00780	0.00556	0.00763	0.00871	0.00962	0.00544	0.00705	0.00971	0.01161	0.01532	0.07697	0.28600	0.03278	0.03620	0.00758	0.00237	0.00417	0.45594	0.00490	0.00466
6	0.00658	0.00470	0.00629	0.00751	0.00788	0.00441	0.00514	0.00759	0.01025	0.01365	0.02906	0.76208	0.03467	0.01644	0.00678	0.00217	0.00318	0.06238	0.00490	0.00433
7	0.00704	0.00537	0.00768	0.12764	0.01212	0.00548	0.00650	0.00840	0.01025	0.01357	0.02611	0.66666	0.03060	0.01479	0.00654	0.00210	0.00373	0.03634	0.00452	0.00455
8	0.00918	0.00459	0.00689	0.00689	0.00689	0.00459	0.00459	0.00689	0.00689	0.00918	0.00918	0.01607	0.00918	0.01837	0.02066	0.84619	0.00459	0.00459	0.00230	0.00230
9	0.00655	0.00464	0.00610	0.00723	0.00751	0.00436	0.00476	0.00739	0.00992	0.01322	0.02809	0.74535	0.03364	0.08378	0.00845	0.00240	0.00324	0.01441	0.00476	0.00420
10	0.01060	0.02735	0.78682	0.01507	0.02288	0.01228	0.01953	0.01674	0.01116	0.01674	0.00949	0.01116	0.00670	0.00502	0.00502	0.00167	0.00781	0.00391	0.00223	0.00781
11	0.01120	0.02721	0.73679	0.01497	0.02246	0.06288	0.01893	0.01703	0.01141	0.01650	0.00940	0.01106	0.00670	0.00505	0.00501	0.00165	0.00792	0.00387	0.00226	0.00770
12	0.01089	0.01055	0.01480	0.01288	0.01301	0.01452	0.01062	0.01211	0.00814	0.01258	0.00824	0.01357	0.00820	0.03931	0.12411	0.00325	0.67039	0.00487	0.00241	0.00555
13	0.37692	0.00893	0.00906	0.06507	0.01209	0.00985	0.00666	0.10169	0.01252	0.04673	0.15801	0.08900	0.03007	0.00804	0.01702	0.00179	0.00421	0.00590	0.03056	0.00590
14	0.01035	0.06797	0.01673	0.70886	0.03375	0.01261	0.01413	0.01364	0.01047	0.01339	0.00914	0.01357	0.00702	0.00541	0.00569	0.00174	0.04268	0.00456	0.00234	0.00593
15	0.07151	0.00922	0.01370	0.55732	0.02836	0.01107	0.01206	0.07636	0.01168	0.01645	0.01148	0.06569	0.00949	0.00615	0.00510	0.00172	0.00608	0.00526	0.07537	0.00594
