[name]
unknown

[dist]
# distance from previous block
# <min> <max>
0	33

[block]
# block no. 0 follows, 46 sequences, length 12
# corresponding to MSA columns:
# 33-44
name=unknown_A
#
# <colnr> <probs for GDERKNQSTAVLIFYWHMCP>
#	G	D	E	R	K	N	Q	S	T	A	V	L	I	F	Y	W	H	M	C	P
0	0.00991	0.00635	0.00886	0.00971	0.01119	0.00624	0.00845	0.01231	0.01244	0.08634	0.02734	0.05581	0.02883	0.01386	0.00712	0.00236	0.00483	0.67777	0.00502	0.00525
1	0.02273	0.01018	0.01251	0.00980	0.01375	0.04987	0.00801	0.04897	0.06301	0.67238	0.01997	0.01749	0.01282	0.00652	0.00529	0.00163	0.00479	0.00524	0.00623	0.00881
2	0.01979	0.02382	0.01510	0.01343	0.01635	0.69043	0.01019	0.11916	0.01629	0.01563	0.00877	0.00995	0.00710	0.00557	0.00484	0.00139	0.00904	0.00358	0.00306	0.00651
3	0.00768	0.00579	0.00709	0.00775	0.00871	0.00568	0.00556	0.03957	0.07571	0.01530	0.03103	0.55316	0.13200	0.01478	0.00655	0.00207	0.00335	0.06836	0.00496	0.00489
4	0.01781	0.01382	0.01669	0.01318	0.01695	0.16512	0.16807	0.06710	0.13080	0.26498	0.05826	0.01668	0.01306	0.00621	0.00546	0.00164	0.00635	0.00544	0.00468	0.00771
5	0.00685	0.00537	0.00627	0.00656	0.00794	0.00478	0.00502	0.00851	0.01231	0.01566	0.17789	0.16219	0.42165	0.01357	0.00648	0.00192	0.00304	0.12433	0.00507	0.00460
6	0.09159	0.01279	0.01228	0.01053	0.01389	0.08974	0.00829	0.11946	0.42753	0.04757	0.01650	0.01583	0.01239	0.00633	0.00496	0.00160	0.00490	0.00497	0.00472	0.09414
7	0.42540	0.01357	0.01027	0.00922	0.01217	0.21016	0.00721	0.03614	0.04498	0.09329	0.01161	0.08377	0.00992	0.00640	0.00431	0.00162	0.00547	0.00453	0.00374	0.00621
8	0.00640	0.00540	0.00556	0.00564	0.00739	0.00457	0.00431	0.00781	0.01206	0.01438	0.05189	0.05145	0.73029	0.01347	0.00632	0.00183	0.00282	0.05903	0.00491	0.00449
9	0.00642	0.00468	0.00606	0.00716	0.00761	0.00431	0.00482	0.00738	0.01031	0.01357	0.03159	0.73456	0.10958	0.01624	0.00670	0.00211	0.00303	0.01464	0.00491	0.00431
10	0.01060	0.02735	0.78682	0.01507	0.02288	0.01228	0.01953	0.01674	0.01116	0.01674	0.00949	0.01116	0.00670	0.00502	0.00502	0.00167	0.00781	0.00391	0.00223	0.00781
11	0.01308	0.01256	0.02146	0.03245	0.78123	0.01256	0.01622	0.01622	0.01204	0.01727	0.00994	0.01308	0.00837	0.00471	0.00523	0.00157	0.00628	0.00471	0.00262	0.00837

[dist]
# distance from previous block
# <min> <max>
0	2

[block]
# block no. 1 follows, 46 sequences, length 105
# corresponding to MSA columns:
# 47-151
name=unknown_B
#
# <colnr> <probs for GDERKNQSTAVLIFYWHMCP>
#	G	D	E	R	K	N	Q	S	T	A	V	L	I	F	Y	W	H	M	C	P
0	0.00822	0.00599	0.00810	0.00915	0.01045	0.00587	0.00792	0.01051	0.01215	0.01562	0.03139	0.05847	0.12992	0.01444	0.00716	0.00235	0.00458	0.64803	0.00487	0.00481
1	0.01424	0.01099	0.01192	0.01059	0.01367	0.01242	0.00830	0.02751	0.67313	0.10690	0.02157	0.02028	0.01607	0.00724	0.00541	0.00179	0.00423	0.01987	0.00550	0.00837
2	0.75900	0.01073	0.00867	0.00753	0.01091	0.01236	0.00621	0.09881	0.01076	0.02479	0.00795	0.00904	0.00609	0.00507	0.00350	0.00163	0.00428	0.00307	0.00350	0.00609
3	0.01308	0.01256	0.02146	0.03245	0.78123	0.01256	0.01622	0.01622	0.01204	0.01727	0.00994	0.01308	0.00837	0.00471	0.00523	0.00157	0.00628	0.00471	0.00262	0.00837
4	0.01413	0.81739	0.02770	0.00905	0.01357	0.02092	0.00905	0.01583	0.01074	0.01244	0.00735	0.00848	0.00678	0.00452	0.00339	0.00113	0.00565	0.00283	0.00226	0.00678
5	0.01308	0.01256	0.02146	0.03245	0.78123	0.01256	0.01622	0.01622	0.01204	0.01727	0.00994	0.01308	0.00837	0.00471	0.00523	0.00157	0.00628	0.00471	0.00262	0.00837
6	0.01413	0.81739	0.02770	0.00905	0.01357	0.02092	0.00905	0.01583	0.01074	0.01244	0.00735	0.00848	0.00678	0.00452	0.00339	0.00113	0.00565	0.00283	0.00226	0.00678
7	0.00757	0.00559	0.00813	0.00813	0.00895	0.00641	0.00615	0.00921	0.00839	0.01200	0.01449	0.02262	0.01402	0.14318	0.69083	0.00805	0.01295	0.00593	0.00288	0.00452
8	0.00998	0.00940	0.01586	0.80150	0.03641	0.01175	0.01468	0.01351	0.01057	0.01351	0.00940	0.01409	0.00705	0.00529	0.00529	0.00176	0.00705	0.00470	0.00235	0.00587
9	0.00755	0.00566	0.00850	0.00850	0.00944	0.00661	0.00661	0.00944	0.00850	0.01227	0.01416	0.02077	0.01322	0.03965	0.79326	0.00850	0.01416	0.00566	0.00283	0.00472
10	0.00852	0.00608	0.00852	0.00974	0.01095	0.00608	0.00852	0.01095	0.01217	0.01582	0.02799	0.05963	0.03042	0.01460	0.00730	0.00243	0.00487	0.74565	0.00487	0.00487
11	0.02372	0.00900	0.01227	0.00941	0.01350	0.00777	0.00777	0.02576	0.01513	0.78489	0.02086	0.01799	0.01309	0.00654	0.00532	0.00164	0.00450	0.00532	0.00654	0.00900
12	0.01315	0.01136	0.01195	0.01076	0.01375	0.01315	0.00837	0.02809	0.77168	0.02211	0.02152	0.01972	0.01614	0.00717	0.00538	0.00179	0.00418	0.00598	0.00538	0.00837
13	0.02010	0.01481	0.01587	0.01216	0.01639	0.01639	0.01005	0.76360	0.02486	0.03332	0.01269	0.01269	0.00899	0.00635	0.00529	0.00159	0.00582	0.00476	0.00529	0.00899
14	0.01413	0.81739	0.02770	0.00905	0.01357	0.02092	0.00905	0.01583	0.01074	0.01244	0.00735	0.00848	0.00678	0.00452	0.00339	0.00113	0.00565	0.00283	0.00226	0.00678
15	0.00644	0.00460	0.00613	0.00736	0.00767	0.00429	0.00491	0.00736	0.01012	0.01350	0.02914	0.81076	0.03497	0.01656	0.00675	0.00215	0.00307	0.01503	0.00491	0.00429
16	0.00643	0.00463	0.00611	0.00729	0.00765	0.00430	0.00488	0.00737	0.01019	0.01352	0.02998	0.78458	0.06060	0.01645	0.00673	0.00213	0.00305	0.01490	0.00491	0.00430
17	0.01951	0.02323	0.01491	0.01323	0.01616	0.66061	0.01006	0.13145	0.01639	0.01600	0.00980	0.01088	0.02345	0.00575	0.00488	0.00140	0.00883	0.00377	0.00315	0.00652
18	0.01060	0.02735	0.78682	0.01507	0.02288	0.01228	0.01953	0.01674	0.01116	0.01674	0.00949	0.01116	0.00670	0.00502	0.00502	0.00167	0.00781	0.00391	0.00223	0.00781
19	0.00644	0.00460	0.00613	0.00736	0.00767	0.00429	0.00491	0.00736	0.01012	0.01350	0.02914	0.81076	0.03497	0.01656	0.00675	0.00215	0.00307	0.01503	0.00491	0.00429
20	0.01874	0.02170	0.01682	0.01423	0.01751	0.54536	0.09380	0.14592	0.04556	0.01717	0.00973	0.01098	0.00767	0.00556	0.00504	0.00146	0.00863	0.00405	0.00325	0.00681
21	0.01293	0.01241	0.02118	0.07019	0.74468	0.01252	0.01615	0.01609	0.01197	0.01709	0.00992	0.01313	0.00831	0.00474	0.00524	0.00158	0.00632	0.00471	0.00260	0.00825
22	0.01227	0.28432	0.47921	0.01260	0.01908	0.01473	0.01514	0.01665	0.01117	0.04453	0.00922	0.01054	0.00701	0.00487	0.00446	0.00146	0.00683	0.00358	0.00244	0.03988
23	0.40025	0.01306	0.01159	0.00971	0.01322	0.07305	0.00786	0.26992	0.11256	0.02593	0.01104	0.01147	0.00824	0.00572	0.00434	0.00162	0.00510	0.00394	0.00418	0.00720
24	0.00765	0.00511	0.00578	0.00581	0.00582	0.00510	0.00325	0.00768	0.00775	0.01034	0.01699	0.05521	0.01964	0.79302	0.02637	0.00505	0.00507	0.00788	0.00325	0.00323
25	0.01290	0.01238	0.02113	0.07722	0.73787	0.01251	0.01613	0.01607	0.01195	0.01705	0.00991	0.01314	0.00830	0.00474	0.00524	0.00158	0.00633	0.00471	0.00260	0.00823
26	0.01678	0.00761	0.01003	0.00849	0.01136	0.00669	0.00665	0.03436	0.01362	0.45297	0.05066	0.22846	0.07197	0.00966	0.00572	0.00174	0.00393	0.00830	0.00580	0.04521
27	0.01413	0.81739	0.02770	0.00905	0.01357	0.02092	0.00905	0.01583	0.01074	0.01244	0.00735	0.00848	0.00678	0.00452	0.00339	0.00113	0.00565	0.00283	0.00226	0.00678
28	0.03421	0.01134	0.01489	0.01162	0.01539	0.01156	0.10505	0.25309	0.11700	0.21956	0.06959	0.03425	0.04808	0.00700	0.00550	0.00166	0.00517	0.00599	0.00522	0.02382
29	0.01360	0.69736	0.14303	0.00996	0.01498	0.01961	0.01064	0.01597	0.01081	0.01309	0.00767	0.00889	0.00677	0.00460	0.00364	0.00121	0.00598	0.00299	0.00226	0.00694
30	0.00718	0.00538	0.00675	0.00766	0.00832	0.00529	0.00526	0.00968	0.09497	0.01448	0.02922	0.69378	0.06119	0.01540	0.00658	0.00209	0.00318	0.01387	0.00496	0.00475
31	0.01060	0.02735	0.78682	0.01507	0.02288	0.01228	0.01953	0.01674	0.01116	0.01674	0.00949	0.01116	0.00670	0.00502	0.00502	0.00167	0.00781	0.00391	0.00223	0.00781
32	0.09417	0.00734	0.00869	0.09562	0.01245	0.00722	0.00667	0.05077	0.01244	0.03312	0.12827	0.09538	0.24276	0.01011	0.00566	0.00172	0.00387	0.08152	0.00443	0.09779
33	0.01272	0.01218	0.02079	0.12394	0.69262	0.01246	0.01604	0.01590	0.01186	0.01682	0.00988	0.01320	0.00822	0.00478	0.00524	0.00159	0.00637	0.00471	0.00258	0.00808
34	0.00660	0.00475	0.00625	0.00718	0.00769	0.00441	0.00489	0.00778	0.01094	0.01473	0.14712	0.66401	0.06293	0.01555	0.00665	0.00206	0.00296	0.01404	0.00505	0.00441
35	0.01835	0.01359	0.01496	0.01247	0.04512	0.01502	0.00976	0.51994	0.20293	0.06919	0.01513	0.01467	0.01089	0.00649	0.00531	0.00164	0.00537	0.00508	0.00527	0.00882
36	0.01833	0.02027	0.01673	0.01398	0.01728	0.45758	0.09371	0.19811	0.04565	0.01863	0.01085	0.01202	0.02208	0.00586	0.00541	0.00151	0.02726	0.00431	0.00346	0.00697
37	0.00848	0.00703	0.00730	0.00691	0.00905	0.00685	0.00528	0.01348	0.21405	0.03299	0.06168	0.04162	0.54254	0.01153	0.00600	0.00178	0.00311	0.00962	0.00509	0.00561
38	0.00706	0.00539	0.00648	0.00621	0.00764	0.00481	0.00466	0.00916	0.01397	0.01883	0.53012	0.04339	0.29969	0.01169	0.00624	0.00170	0.00256	0.01011	0.00551	0.00481
39	0.00642	0.00477	0.00600	0.00694	0.00757	0.00434	0.00473	0.00746	0.01062	0.01382	0.05028	0.63955	0.18664	0.01579	0.00663	0.00206	0.00298	0.01412	0.00493	0.00434
40	0.01249	0.01422	0.03096	0.02252	0.04543	0.01335	0.74441	0.01692	0.01247	0.01694	0.01068	0.01423	0.00803	0.00446	0.00622	0.00178	0.00885	0.00620	0.00267	0.00716
41	0.01248	0.01426	0.03119	0.02228	0.02763	0.01337	0.76203	0.01693	0.01248	0.01693	0.01070	0.01426	0.00802	0.00446	0.00624	0.00178	0.00891	0.00624	0.00267	0.00713
42	0.00644	0.00460	0.00613	0.00736	0.00767	0.00429	0.00491	0.00736	0.01012	0.01350	0.02914	0.81076	0.03497	0.01656	0.00675	0.00215	0.00307	0.01503	0.00491	0.00429
43	0.01351	0.61893	0.19656	0.01052	0.01572	0.04077	0.01142	0.01618	0.01095	0.01341	0.00785	0.00911	0.00677	0.00466	0.00379	0.00126	0.00624	0.00308	0.00227	0.00700
44	0.01413	0.81739	0.02770	0.00905	0.01357	0.02092	0.00905	0.01583	0.01074	0.01244	0.00735	0.00848	0.00678	0.00452	0.00339	0.00113	0.00565	0.00283	0.00226	0.00678
45	0.01864	0.00829	0.01094	0.00876	0.01201	0.00748	0.00708	0.06728	0.01569	0.50974	0.24658	0.02408	0.02382	0.00780	0.00559	0.00164	0.00398	0.00655	0.00625	0.00780
46	0.02253	0.01090	0.01345	0.01031	0.01445	0.01060	0.00852	0.26793	0.01832	0.53822	0.01818	0.01625	0.01174	0.00648	0.00531	0.00162	0.00493	0.00513	0.00613	0.00899
47	0.85155	0.01022	0.00777	0.00695	0.01022	0.01186	0.00573	0.01554	0.00900	0.02372	0.00736	0.00859	0.00573	0.00491	0.00327	0.00164	0.00409	0.00286	0.00327	0.00573
48	0.01413	0.81739	0.02770	0.00905	0.01357	0.02092	0.00905	0.01583	0.01074	0.01244	0.00735	0.00848	0.00678	0.00452	0.00339	0.00113	0.00565	0.00283	0.00226	0.00678
49	0.00734	0.00540	0.00688	0.00651	0.00781	0.00493	0.00488	0.00971	0.01464	0.02043	0.69775	0.04076	0.13105	0.01109	0.00624	0.00168	0.00251	0.00974	0.00572	0.00493
50	0.02010	0.01481	0.01587	0.01216	0.01639	0.01639	0.01005	0.76360	0.02486	0.03332	0.01269	0.01269	0.00899	0.00635	0.00529	0.00159	0.00582	0.00476	0.00529	0.00899
51	0.85155	0.01022	0.00777	0.00695	0.01022	0.01186	0.00573	0.01554	0.00900	0.02372	0.00736	0.00859	0.00573	0.00491	0.00327	0.00164	0.00409	0.00286	0.00327	0.00573
52	0.00643	0.00463	0.00610	0.00727	0.00764	0.00430	0.00487	0.00737	0.01020	0.01353	0.03019	0.77786	0.06718	0.01642	0.00673	0.00213	0.00305	0.01486	0.00491	0.00430
53	0.02372	0.00900	0.01227	0.00941	0.01350	0.00777	0.00777	0.02576	0.01513	0.78489	0.02086	0.01799	0.01309	0.00654	0.00532	0.00164	0.00450	0.00532	0.00654	0.00900
54	0.00748	0.00540	0.00707	0.00665	0.00790	0.00499	0.00499	0.00998	0.01496	0.02120	0.77844	0.03949	0.04988	0.01081	0.00624	0.00166	0.00249	0.00956	0.00582	0.00499
55	0.01308	0.01256	0.02146	0.03245	0.78123	0.01256	0.01622	0.01622	0.01204	0.01727	0.00994	0.01308	0.00837	0.00471	0.00523	0.00157	0.00628	0.00471	0.00262	0.00837
56	0.00985	0.00493	0.00493	0.00493	0.00616	0.00493	0.00370	0.01232	0.01109	0.01971	0.01725	0.01971	0.01355	0.00616	0.00370	0.00123	0.00246	0.00493	0.84356	0.00493
57	0.00644	0.00460	0.00613	0.00736	0.00767	0.00429	0.00491	0.00736	0.01012	0.01350	0.02914	0.81076	0.03497	0.01656	0.00675	0.00215	0.00307	0.01503	0.00491	0.00429
58	0.05887	0.00916	0.01204	0.00933	0.01330	0.00821	0.00769	0.04459	0.02957	0.69914	0.03819	0.01799	0.01360	0.00658	0.00525	0.00164	0.00446	0.00531	0.00633	0.00875
59	0.01084	0.00927	0.01084	0.00782	0.01240	0.00697	0.00623	0.01315	0.01094	0.01713	0.00992	0.03205	0.00855	0.00425	0.00399	0.00082	0.00389	0.00345	0.00318	0.82432
60	0.00644	0.00462	0.00611	0.00730	0.00765	0.00430	0.00488	0.00737	0.01018	0.01352	0.02987	0.78799	0.05726	0.01647	0.00673	0.00214	0.00306	0.01491	0.00491	0.00430
61	0.00912	0.00577	0.00759	0.00693	0.00846	0.00527	0.00527	0.01157	0.01498	0.09844	0.70182	0.03732	0.04616	0.01038	0.00614	0.00166	0.00270	0.00913	0.00589	0.00539
62	0.01285	0.01232	0.02103	0.09133	0.72421	0.01250	0.01611	0.01602	0.01193	0.01698	0.00990	0.01316	0.00827	0.00475	0.00524	0.00158	0.00634	0.00471	0.00260	0.00818
63	0.01308	0.01256	0.02146	0.03245	0.78123	0.01256	0.01622	0.01622	0.01204	0.01727	0.00994	0.01308	0.00837	0.00471	0.00523	0.00157	0.00628	0.00471	0.00262	0.00837
64	0.00735	0.00542	0.00688	0.00659	0.00791	0.00496	0.00499	0.00968	0.01445	0.02002	0.64712	0.04187	0.15211	0.01132	0.00628	0.00171	0.00261	0.03819	0.00565	0.00491
65	0.23893	0.01452	0.01352	0.06697	0.01590	0.13820	0.00935	0.31642	0.03246	0.02419	0.01004	0.01126	0.00762	0.00601	0.00567	0.00164	0.07220	0.00405	0.00389	0.00717
66	0.01065	0.02702	0.76798	0.01525	0.02300	0.01230	0.03804	0.01675	0.01119	0.01675	0.00952	0.01124	0.00673	0.00501	0.00505	0.00168	0.00784	0.00396	0.00224	0.00780
67	0.04447	0.17616	0.13078	0.01246	0.01711	0.07240	0.13190	0.04742	0.06771	0.13755	0.04105	0.01372	0.01040	0.00544	0.00486	0.00149	0.00620	0.00455	0.00361	0.07071
68	0.01063	0.01040	0.01849	0.60870	0.09349	0.01216	0.12121	0.01419	0.01089	0.01427	0.00956	0.01397	0.00729	0.00523	0.00574	0.00176	0.02844	0.00492	0.00242	0.00625
69	0.00706	0.00537	0.00650	0.00625	0.00765	0.00481	0.00467	0.00915	0.01393	0.01882	0.53014	0.05830	0.28458	0.01175	0.00625	0.00171	0.00256	0.01018	0.00551	0.00481
70	0.00710	0.00511	0.00672	0.00691	0.00781	0.00473	0.00496	0.00901	0.01317	0.01834	0.50039	0.32569	0.04435	0.01294	0.00643	0.00184	0.00271	0.01159	0.00548	0.00473
71	0.01098	0.11247	0.70502	0.01442	0.02188	0.01321	0.01840	0.01664	0.01112	0.01628	0.00926	0.01087	0.00671	0.00497	0.00485	0.00162	0.00758	0.00379	0.00224	0.00770
72	0.00821	0.00596	0.00810	0.00918	0.01044	0.00585	0.00792	0.01048	0.01210	0.01558	0.03087	0.07985	0.11389	0.01452	0.00717	0.00235	0.00457	0.64328	0.00487	0.00481
73	0.02845	0.01063	0.01155	0.01028	0.01321	0.01193	0.00808	0.05405	0.58291	0.08369	0.08055	0.02204	0.01858	0.00759	0.00547	0.00178	0.00416	0.03158	0.00545	0.00801
74	0.01784	0.08168	0.11127	0.01326	0.01681	0.53752	0.01123	0.07710	0.04088	0.01524	0.00905	0.01029	0.00728	0.00554	0.00502	0.00144	0.02532	0.00364	0.00291	0.00667
75	0.01319	0.01221	0.01990	0.12494	0.54441	0.01261	0.04366	0.09878	0.01330	0.01846	0.01187	0.01465	0.03760	0.00528	0.00532	0.00161	0.00629	0.00502	0.00297	0.00793
76	0.00644	0.00460	0.00613	0.00736	0.00767	0.00429	0.00491	0.00736	0.01012	0.01350	0.02914	0.81076	0.03497	0.01656	0.00675	0.00215	0.00307	0.01503	0.00491	0.00429
77	0.03508	0.00509	0.00501	0.00499	0.00628	0.00514	0.00376	0.01241	0.01102	0.01983	0.01695	0.01938	0.01332	0.00612	0.00368	0.00124	0.00251	0.00487	0.81838	0.00495
78	0.01357	0.60373	0.12903	0.01047	0.01528	0.04409	0.03691	0.01652	0.04397	0.01365	0.00939	0.01048	0.02389	0.00492	0.00391	0.00128	0.00606	0.00343	0.00248	0.00693
79	0.01289	0.01247	0.02078	0.10977	0.69219	0.02658	0.01596	0.01604	0.01194	0.01681	0.00986	0.01312	0.00821	0.00478	0.00523	0.00159	0.00642	0.00469	0.00259	0.00808
80	0.00643	0.00463	0.00610	0.00728	0.00765	0.00430	0.00487	0.00737	0.01020	0.01353	0.03008	0.78144	0.06368	0.01644	0.00673	0.00213	0.00305	0.01488	0.00491	0.00430
81	0.00643	0.00464	0.00609	0.00725	0.00764	0.00430	0.00486	0.00737	0.01023	0.01354	0.03046	0.76950	0.07537	0.01639	0.00672	0.00213	0.00305	0.01482	0.00491	0.00430
82	0.01745	0.02099	0.01510	0.01411	0.04697	0.55208	0.01047	0.02037	0.09801	0.01410	0.00954	0.01113	0.00793	0.00621	0.00683	0.00157	0.13383	0.00394	0.00295	0.00642
83	0.77150	0.01076	0.03975	0.00734	0.01076	0.01157	0.00632	0.01570	0.00942	0.04343	0.02956	0.00981	0.00720	0.00512	0.00348	0.00164	0.00421	0.00316	0.00339	0.00588
84	0.01308	0.01256	0.02146	0.03245	0.78123	0.01256	0.01622	0.01622	0.01204	0.01727	0.00994	0.01308	0.00837	0.00471	0.00523	0.00157	0.00628	0.00471	0.00262	0.00837
85	0.01308	0.58222	0.25367	0.01084	0.01634	0.01835	0.01217	0.01610	0.01087	0.01372	0.00799	0.00928	0.00676	0.00467	0.00388	0.00129	0.00630	0.00315	0.00225	0.00709
86	0.01244	0.01414	0.03054	0.02192	0.02703	0.01349	0.72954	0.01675	0.01229	0.01675	0.01053	0.01414	0.00797	0.00466	0.00672	0.00181	0.04336	0.00617	0.00266	0.00707
87	0.01183	0.01214	0.01784	0.01481	0.01546	0.03163	0.09508	0.01336	0.00872	0.01320	0.00738	0.01182	0.00706	0.00864	0.01586	0.00223	0.69985	0.00478	0.00236	0.00594
88	0.00998	0.00940	0.01586	0.80150	0.03641	0.01175	0.01468	0.01351	0.01057	0.01351	0.00940	0.01409	0.00705	0.00529	0.00529	0.00176	0.00705	0.00470	0.00235	0.00587
89	0.01413	0.81739	0.02770	0.00905	0.01357	0.02092	0.00905	0.01583	0.01074	0.01244	0.00735	0.00848	0.00678	0.00452	0.00339	0.00113	0.00565	0.00283	0.00226	0.00678
90	0.00833	0.00710	0.00738	0.00701	0.00911	0.00702	0.00534	0.01369	0.23252	0.01702	0.09318	0.04108	0.50865	0.01141	0.00600	0.00178	0.00310	0.00955	0.00511	0.00563
91	0.02303	0.00901	0.01215	0.00940	0.01339	0.00790	0.00773	0.02553	0.04119	0.74327	0.03610	0.01849	0.01393	0.00665	0.00534	0.00164	0.00445	0.00542	0.00649	0.00889
92	0.02010	0.01481	0.01587	0.01216	0.01639	0.01639	0.01005	0.76360	0.02486	0.03332	0.01269	0.01269	0.00899	0.00635	0.00529	0.00159	0.00582	0.00476	0.00529	0.00899
93	0.00625	0.00536	0.00536	0.00536	0.00714	0.00446	0.00402	0.00759	0.01205	0.01428	0.05355	0.05088	0.77909	0.01339	0.00625	0.00179	0.00268	0.01116	0.00491	0.00446
94	0.02372	0.00900	0.01227	0.00941	0.01350	0.00777	0.00777	0.02576	0.01513	0.78489	0.02086	0.01799	0.01309	0.00654	0.00532	0.00164	0.00450	0.00532	0.00654	0.00900
95	0.00664	0.00475	0.00636	0.00754	0.00795	0.00446	0.00522	0.00773	0.01042	0.01390	0.04880	0.72665	0.03497	0.01624	0.00678	0.00216	0.00320	0.07692	0.00493	0.00436
96	0.01272	0.01218	0.02079	0.12399	0.69258	0.01246	0.01604	0.01590	0.01186	0.01682	0.00988	0.01320	0.00822	0.00478	0.00524	0.00159	0.00637	0.00471	0.00258	0.00808
97	0.01388	0.01119	0.01198	0.01067	0.01373	0.01278	0.00833	0.02793	0.71945	0.07477	0.02147	0.01960	0.01593	0.00713	0.00537	0.00178	0.00421	0.00593	0.00546	0.00841
98	0.00665	0.00537	0.00591	0.00577	0.00738	0.00463	0.00433	0.00836	0.01299	0.01651	0.28732	0.04720	0.54392	0.01256	0.00624	0.00175	0.00262	0.01064	0.00520	0.00463
99	0.00712	0.00538	0.00653	0.00624	0.00763	0.00483	0.00466	0.00921	0.01394	0.01889	0.54472	0.04281	0.26820	0.02851	0.00667	0.00177	0.00260	0.01000	0.00549	0.00479
100	0.02056	0.01117	0.01326	0.01029	0.01415	0.01126	0.00845	0.34736	0.01927	0.37871	0.07345	0.01731	0.01404	0.00676	0.00533	0.00161	0.00487	0.00538	0.02817	0.00859
101	0.01087	0.02554	0.68587	0.01639	0.05008	0.01239	0.09210	0.01674	0.01132	0.01678	0.00962	0.01153	0.00689	0.00496	0.00515	0.00168	0.00787	0.00416	0.00229	0.00777
102	0.00718	0.00539	0.00665	0.00633	0.00771	0.00486	0.00475	0.00939	0.01425	0.01951	0.60148	0.04227	0.22790	0.01144	0.00624	0.00169	0.00254	0.00995	0.00560	0.00486
103	0.01639	0.01190	0.01296	0.01050	0.01428	0.02885	0.00842	0.22445	0.31118	0.13837	0.01669	0.01586	0.01214	0.00627	0.00508	0.00153	0.00474	0.00501	0.00509	0.15028
104	0.01507	0.01198	0.01289	0.01076	0.01427	0.01319	0.00856	0.23505	0.45263	0.04381	0.03154	0.01719	0.01383	0.00667	0.00522	0.00163	0.00460	0.00540	0.00517	0.09055

[dist]
# distance from previous block
# <min> <max>
0	1

[block]
# block no. 2 follows, 46 sequences, length 19
# corresponding to MSA columns:
# 153-171
name=unknown_C
#
# <colnr> <probs for GDERKNQSTAVLIFYWHMCP>
#	G	D	E	R	K	N	Q	S	T	A	V	L	I	F	Y	W	H	M	C	P
0	0.01917	0.01410	0.01491	0.01170	0.01572	0.04027	0.00955	0.56569	0.12262	0.08616	0.01422	0.01386	0.01014	0.00637	0.00525	0.00159	0.00557	0.00487	0.00525	0.03301
1	0.00803	0.00516	0.00666	0.00710	0.00804	0.00472	0.00501	0.00943	0.01165	0.07249	0.17601	0.50396	0.10419	0.01404	0.00639	0.00195	0.00300	0.01253	0.03481	0.00482
2	0.02266	0.00898	0.01201	0.00927	0.01324	0.00786	0.00764	0.04800	0.01527	0.71940	0.02237	0.01961	0.05455	0.00691	0.00537	0.00164	0.00444	0.00562	0.00641	0.00875
3	0.01158	0.01542	0.16467	0.06130	0.02467	0.01197	0.46638	0.01590	0.01186	0.01661	0.01098	0.04500	0.00878	0.00502	0.00571	0.00166	0.00779	0.00571	0.00272	0.10626
4	0.01649	0.01270	0.01531	0.15662	0.13056	0.05576	0.01101	0.35307	0.01784	0.07819	0.01247	0.01389	0.00917	0.00586	0.00510	0.00157	0.00589	0.00472	0.08599	0.00779
5	0.00660	0.00530	0.00589	0.00588	0.00739	0.00459	0.00436	0.00821	0.01266	0.01607	0.24665	0.11589	0.51598	0.01298	0.00629	0.00178	0.00266	0.01107	0.00515	0.00459
6	0.00677	0.00498	0.00666	0.00758	0.00796	0.00488	0.00521	0.00785	0.01050	0.01420	0.09971	0.70205	0.03516	0.01569	0.00716	0.00211	0.03817	0.01405	0.00488	0.00443
7	0.00943	0.05125	0.04041	0.00800	0.01008	0.00710	0.02510	0.03135	0.04745	0.06156	0.48516	0.07714	0.08894	0.01015	0.00597	0.00169	0.00340	0.02490	0.00528	0.00564
8	0.01863	0.01359	0.01467	0.01153	0.01545	0.01496	0.00943	0.58738	0.13072	0.06605	0.03287	0.01553	0.03080	0.00676	0.00535	0.00163	0.00537	0.00523	0.00536	0.00869
9	0.00648	0.00482	0.00604	0.00688	0.00757	0.00438	0.00472	0.00761	0.01091	0.01426	0.09241	0.58942	0.19433	0.01544	0.00660	0.00203	0.00294	0.01378	0.00498	0.00438
10	0.03869	0.01132	0.01241	0.01034	0.01371	0.01228	0.00826	0.25059	0.31594	0.13624	0.03672	0.04634	0.05591	0.00746	0.00538	0.00170	0.00457	0.00605	0.00540	0.02071
11	0.01154	0.00938	0.01102	0.00790	0.01257	0.00708	0.00633	0.01388	0.01115	0.05219	0.00992	0.01128	0.00807	0.00403	0.00398	0.00082	0.00394	0.00323	0.00329	0.80838
12	0.01247	0.01493	0.09059	0.02411	0.20614	0.01309	0.52435	0.01675	0.01227	0.01700	0.01042	0.01373	0.00800	0.00456	0.00590	0.00172	0.00820	0.00569	0.00262	0.00748
13	0.00675	0.00482	0.00649	0.00772	0.00816	0.00456	0.00545	0.00790	0.01043	0.01385	0.02896	0.69762	0.03428	0.01627	0.00683	0.00219	0.00334	0.12508	0.00490	0.00438
14	0.00667	0.00564	0.00581	0.00578	0.00758	0.00491	0.00438	0.00868	0.04549	0.01492	0.07753	0.04937	0.69569	0.01306	0.00624	0.00180	0.00281	0.03401	0.00496	0.00467
15	0.12606	0.01373	0.03960	0.08407	0.49513	0.09007	0.04387	0.01646	0.01181	0.01740	0.00940	0.01220	0.00770	0.00485	0.00496	0.00158	0.00651	0.00437	0.00269	0.00754
16	0.85155	0.01022	0.00777	0.00695	0.01022	0.01186	0.00573	0.01554	0.00900	0.02372	0.00736	0.00859	0.00573	0.00491	0.00327	0.00164	0.00409	0.00286	0.00327	0.00573
17	0.00716	0.00551	0.00595	0.00576	0.00753	0.00469	0.00435	0.00874	0.01272	0.04558	0.18849	0.04746	0.61225	0.01264	0.00621	0.00176	0.00271	0.01063	0.00514	0.00474
18	0.01476	0.01278	0.01282	0.01117	0.01436	0.06022	0.00877	0.15602	0.59623	0.02352	0.01918	0.01789	0.01433	0.00693	0.00533	0.00173	0.00479	0.00561	0.00521	0.00834

[dist]
# distance from previous block
# <min> <max>
0	1

[block]
# block no. 3 follows, 46 sequences, length 29
# corresponding to MSA columns:
# 173-201
name=unknown_D
#
# <colnr> <probs for GDERKNQSTAVLIFYWHMCP>
#	G	D	E	R	K	N	Q	S	T	A	V	L	I	F	Y	W	H	M	C	P
0	0.02499	0.01212	0.03934	0.01237	0.05887	0.05995	0.10207	0.08842	0.09252	0.06288	0.03760	0.05221	0.01170	0.00573	0.00494	0.00135	0.00531	0.00500	0.00380	0.31883
1	0.63487	0.12766	0.01105	0.00746	0.01094	0.01264	0.00637	0.01633	0.00994	0.08876	0.02865	0.01020	0.00768	0.00515	0.00355	0.00156	0.00431	0.00325	0.00348	0.00615
2	0.01076	0.00870	0.01221	0.03835	0.17058	0.00910	0.01019	0.06363	0.11176	0.01791	0.02193	0.07713	0.02214	0.01088	0.00641	0.00208	0.00511	0.39038	0.00443	0.00632
3	0.07902	0.01505	0.01540	0.01310	0.06305	0.07919	0.01006	0.57299	0.05268	0.02951	0.01213	0.01245	0.00883	0.00610	0.00510	0.00158	0.00596	0.00456	0.00477	0.00846
4	0.01598	0.01149	0.01295	0.01095	0.01436	0.01267	0.02359	0.13170	0.51732	0.15801	0.01993	0.01831	0.01442	0.00689	0.00537	0.00174	0.00457	0.00569	0.00552	0.00854
5	0.12663	0.04813	0.65719	0.01377	0.02086	0.01247	0.01732	0.01655	0.01085	0.01758	0.00913	0.01073	0.00657	0.00499	0.00473	0.00165	0.00724	0.00373	0.00238	0.00750
6	0.00647	0.00538	0.00567	0.00564	0.00734	0.00457	0.00426	0.00800	0.01245	0.01527	0.15276	0.04952	0.66036	0.01306	0.00627	0.00178	0.00271	0.02889	0.00503	0.00455
7	0.01296	0.01243	0.02123	0.06356	0.75111	0.01253	0.01616	0.01611	0.01198	0.01712	0.00992	0.01313	0.00832	0.00473	0.00524	0.00158	0.00631	0.00471	0.00261	0.00827
8	0.01093	0.00597	0.00608	0.00569	0.00724	0.00614	0.00436	0.09145	0.01254	0.02114	0.01677	0.01897	0.01307	0.00618	0.00386	0.00127	0.00282	0.00491	0.75526	0.00536
9	0.01047	0.02644	0.75461	0.01472	0.02226	0.01198	0.01893	0.01646	0.01132	0.01693	0.04125	0.01233	0.00848	0.00526	0.00507	0.00167	0.00759	0.00414	0.00238	0.00770
10	0.01146	0.00648	0.00664	0.00606	0.00776	0.00673	0.00469	0.13010	0.01325	0.02184	0.01653	0.01861	0.01284	0.00619	0.00395	0.00129	0.00299	0.00490	0.71214	0.00556
11	0.00644	0.00460	0.00613	0.00736	0.00767	0.00429	0.00491	0.00736	0.01012	0.01350	0.02914	0.81076	0.03497	0.01656	0.00675	0.00215	0.00307	0.01503	0.00491	0.00429
12	0.01365	0.70848	0.13235	0.00988	0.01485	0.01973	0.01049	0.01596	0.01080	0.01303	0.00764	0.00885	0.00677	0.00459	0.00362	0.00121	0.00595	0.00298	0.00226	0.00693
13	0.00674	0.00608	0.00571	0.00566	0.00748	0.03337	0.00424	0.00808	0.01216	0.01423	0.05189	0.04936	0.75077	0.01310	0.00619	0.00177	0.00293	0.01087	0.00483	0.00452
14	0.00673	0.00481	0.00646	0.00769	0.00812	0.00454	0.00541	0.00786	0.01040	0.01382	0.02898	0.70722	0.03434	0.01629	0.00682	0.00219	0.00332	0.11574	0.00490	0.00437
15	0.10564	0.00593	0.00577	0.00549	0.00711	0.00613	0.00422	0.03598	0.01137	0.03957	0.01608	0.01820	0.01251	0.00603	0.00374	0.00130	0.00280	0.00470	0.70219	0.00524
16	0.01396	0.77739	0.06614	0.00935	0.01404	0.02048	0.00958	0.01588	0.01076	0.01266	0.00746	0.00862	0.00678	0.00455	0.00347	0.00116	0.00576	0.00288	0.00226	0.00684
17	0.00736	0.00541	0.00690	0.00657	0.00788	0.00495	0.00496	0.00972	0.01455	0.02026	0.67495	0.04132	0.13493	0.01120	0.00626	0.00170	0.00257	0.02787	0.00569	0.00492
18	0.00658	0.00471	0.00626	0.00726	0.00770	0.00439	0.00492	0.00772	0.01079	0.01456	0.13243	0.70444	0.03702	0.01577	0.00668	0.00208	0.00299	0.01428	0.00503	0.00439
19	0.01196	0.01241	0.01859	0.01524	0.01619	0.03906	0.13345	0.01366	0.00901	0.01341	0.00759	0.01194	0.00711	0.00836	0.01517	0.00220	0.65140	0.00485	0.00238	0.00601
20	0.01174	0.01100	0.01831	0.34189	0.42502	0.01203	0.01490	0.01550	0.04279	0.01602	0.01042	0.01397	0.00831	0.00509	0.00521	0.00165	0.00639	0.00476	0.02775	0.00726
21	0.00765	0.00527	0.00648	0.00648	0.00672	0.00551	0.00409	0.00814	0.00790	0.01078	0.01601	0.03100	0.01766	0.61279	0.22620	0.00600	0.00747	0.00716	0.00311	0.00360
22	0.85155	0.01022	0.00777	0.00695	0.01022	0.01186	0.00573	0.01554	0.00900	0.02372	0.00736	0.00859	0.00573	0.00491	0.00327	0.00164	0.00409	0.00286	0.00327	0.00573
23	0.04407	0.02227	0.01479	0.01299	0.01604	0.60360	0.00994	0.14570	0.01647	0.05256	0.00950	0.01043	0.00744	0.00563	0.00484	0.00142	0.00852	0.00371	0.00335	0.00673
24	0.00651	0.00466	0.00613	0.00724	0.00759	0.00435	0.00483	0.00746	0.01022	0.01363	0.05213	0.74180	0.05142	0.04556	0.00746	0.00223	0.00312	0.01451	0.00487	0.00428
25	0.00795	0.00581	0.00776	0.00863	0.00987	0.00562	0.00727	0.01013	0.01231	0.01601	0.11026	0.10505	0.14040	0.01416	0.00700	0.00224	0.00419	0.51557	0.00498	0.00479
26	0.01657	0.03975	0.01206	0.00961	0.01288	0.01034	0.00772	0.05379	0.31833	0.30804	0.11244	0.02157	0.03831	0.00740	0.00540	0.00169	0.00418	0.00613	0.00574	0.00806
27	0.04384	0.12345	0.01694	0.01555	0.19475	0.05576	0.01040	0.11145	0.16898	0.13384	0.01365	0.01402	0.01030	0.00575	0.00508	0.00153	0.01899	0.00460	0.00409	0.04704
28	0.01388	0.73585	0.06208	0.00941	0.01393	0.03737	0.00948	0.01578	0.01078	0.01264	0.00769	0.00904	0.00699	0.00574	0.02980	0.00141	0.00612	0.00298	0.00229	0.00675

[dist]
# distance from previous block
# <min> <max>
0	1

[block]
# block no. 4 follows, 46 sequences, length 158
# corresponding to MSA columns:
# 203-360
name=unknown_E
#
# <colnr> <probs for GDERKNQSTAVLIFYWHMCP>
#	G	D	E	R	K	N	Q	S	T	A	V	L	I	F	Y	W	H	M	C	P
0	0.01157	0.01157	0.01619	0.01388	0.01388	0.01619	0.01157	0.01272	0.00810	0.01272	0.00694	0.01157	0.00694	0.00925	0.01735	0.00231	0.80453	0.00463	0.00231	0.00578
1	0.01147	0.05631	0.66759	0.01484	0.04250	0.02719	0.01797	0.01695	0.01140	0.05094	0.01038	0.03081	0.00772	0.00535	0.00502	0.00165	0.00746	0.00421	0.00251	0.00772
2	0.01149	0.01147	0.11329	0.03042	0.18688	0.02504	0.01074	0.09591	0.01304	0.05640	0.06891	0.18508	0.03433	0.01164	0.07116	0.00235	0.00598	0.05528	0.00396	0.00662
3	0.00677	0.00484	0.00652	0.00774	0.00820	0.00458	0.00549	0.00794	0.01045	0.01387	0.02895	0.69008	0.03424	0.01625	0.00684	0.00219	0.00336	0.13242	0.00490	0.00439
4	0.00657	0.00469	0.00627	0.00746	0.00784	0.00440	0.00509	0.00760	0.01034	0.01379	0.04688	0.75519	0.03509	0.01633	0.00676	0.00215	0.00314	0.05113	0.00493	0.00434
5	0.13675	0.01632	0.01328	0.05424	0.01580	0.28173	0.00922	0.14705	0.19854	0.05723	0.01272	0.01305	0.00959	0.00598	0.00484	0.00158	0.00646	0.00434	0.00404	0.00722
6	0.02220	0.01035	0.01297	0.01006	0.01410	0.00992	0.00828	0.17519	0.07345	0.57604	0.01925	0.01705	0.01249	0.00655	0.00532	0.00164	0.00474	0.00525	0.00620	0.00895
7	0.00644	0.00460	0.00613	0.00736	0.00767	0.00429	0.00491	0.00736	0.01012	0.01350	0.02914	0.81076	0.03497	0.01656	0.00675	0.00215	0.00307	0.01503	0.00491	0.00429
8	0.00644	0.00460	0.00613	0.00736	0.00767	0.00429	0.00491	0.00736	0.01012	0.01350	0.02914	0.81076	0.03497	0.01656	0.00675	0.00215	0.00307	0.01503	0.00491	0.00429
9	0.01525	0.01150	0.01277	0.01013	0.01366	0.01191	0.00814	0.43317	0.03800	0.02654	0.11523	0.09083	0.01680	0.00746	0.00529	0.00150	0.00472	0.00608	0.00492	0.16610
10	0.01248	0.01426	0.03119	0.02228	0.02763	0.01337	0.76203	0.01693	0.01248	0.01693	0.01070	0.01426	0.00802	0.00446	0.00624	0.00178	0.00891	0.00624	0.00267	0.00713
11	0.00644	0.00460	0.00613	0.00736	0.00767	0.00429	0.00491	0.00736	0.01012	0.01350	0.02914	0.81076	0.03497	0.01656	0.00675	0.00215	0.00307	0.01503	0.00491	0.00429
12	0.20693	0.01723	0.01375	0.01148	0.01499	0.27319	0.00913	0.34890	0.01801	0.02439	0.00999	0.01072	0.00753	0.00572	0.00466	0.00152	0.00666	0.00388	0.00398	0.00731
13	0.01582	0.01119	0.01220	0.00998	0.01298	0.01209	0.00794	0.48262	0.01963	0.04173	0.03802	0.12222	0.03656	0.04935	0.00646	0.00181	0.00483	0.00661	0.10060	0.00737
14	0.01831	0.02276	0.01691	0.01456	0.01765	0.63413	0.10963	0.02105	0.06862	0.01412	0.00946	0.01089	0.00764	0.00544	0.00501	0.00145	0.00907	0.00396	0.00291	0.00642
15	0.01211	0.01349	0.02849	0.12508	0.02817	0.01328	0.62929	0.01629	0.01203	0.01629	0.01035	0.01412	0.00784	0.00478	0.00661	0.00180	0.04448	0.00596	0.00261	0.00690
16	0.02372	0.00900	0.01227	0.00941	0.01350	0.00777	0.00777	0.02576	0.01513	0.78489	0.02086	0.01799	0.01309	0.00654	0.00532	0.00164	0.00450	0.00532	0.00654	0.00900
17	0.14248	0.01326	0.01369	0.01095	0.01476	0.01482	0.00894	0.50376	0.15120	0.02942	0.01457	0.01437	0.03133	0.00647	0.00503	0.00164	0.00519	0.00487	0.00499	0.00827
18	0.00726	0.00529	0.00682	0.00665	0.00781	0.00486	0.00491	0.00946	0.01411	0.01969	0.62744	0.14243	0.10000	0.01175	0.00630	0.00174	0.00258	0.01040	0.00563	0.00486
19	0.00998	0.00940	0.01586	0.80150	0.03641	0.01175	0.01468	0.01351	0.01057	0.01351	0.00940	0.01409	0.00705	0.00529	0.00529	0.00176	0.00705	0.00470	0.00235	0.00587
20	0.01308	0.01256	0.02146	0.03245	0.78123	0.01256	0.01622	0.01622	0.01204	0.01727	0.00994	0.01308	0.00837	0.00471	0.00523	0.00157	0.00628	0.00471	0.00262	0.00837
21	0.01253	0.01200	0.02046	0.16885	0.64912	0.01242	0.01595	0.01574	0.01178	0.01660	0.00985	0.01326	0.00814	0.00481	0.00524	0.00160	0.00642	0.00471	0.00257	0.00793
22	0.01700	0.01205	0.01322	0.01098	0.01453	0.01329	0.00879	0.25562	0.41859	0.14826	0.01868	0.01727	0.01343	0.00682	0.00534	0.00170	0.00474	0.00549	0.00554	0.00866
23	0.00712	0.00539	0.00657	0.00628	0.00768	0.00484	0.00471	0.00928	0.01412	0.01920	0.56856	0.04279	0.26102	0.01155	0.00624	0.00170	0.00255	0.01002	0.00556	0.00484
24	0.01829	0.01381	0.01707	0.01309	0.01724	0.01487	0.10920	0.53313	0.09221	0.07339	0.01416	0.03467	0.01045	0.00645	0.00546	0.00165	0.00593	0.00537	0.00501	0.00856
25	0.00985	0.00493	0.00493	0.00493	0.00616	0.00493	0.00370	0.01232	0.01109	0.01971	0.01725	0.01971	0.01355	0.00616	0.00370	0.00123	0.00246	0.00493	0.84356	0.00493
26	0.00642	0.00536	0.00561	0.00578	0.00736	0.00461	0.00425	0.00797	0.02723	0.01432	0.04905	0.17022	0.64604	0.01376	0.00631	0.00184	0.00277	0.01166	0.00492	0.00452
27	0.02372	0.00900	0.01227	0.00941	0.01350	0.00777	0.00777	0.02576	0.01513	0.78489	0.02086	0.01799	0.01309	0.00654	0.00532	0.00164	0.00450	0.00532	0.00654	0.00900
28	0.01918	0.01435	0.01535	0.01198	0.01604	0.01596	0.00983	0.66621	0.12375	0.03183	0.01386	0.01362	0.00994	0.00646	0.00530	0.00161	0.00560	0.00492	0.00530	0.00891
29	0.00644	0.00460	0.00613	0.00736	0.00767	0.00429	0.00491	0.00736	0.01012	0.01350	0.02914	0.81076	0.03497	0.01656	0.00675	0.00215	0.00307	0.01503	0.00491	0.00429
30	0.02282	0.01043	0.01316	0.01009	0.01421	0.00990	0.00833	0.20834	0.01754	0.59892	0.01884	0.01668	0.01207	0.00649	0.00531	0.00162	0.00482	0.00518	0.00623	0.00900
31	0.01977	0.01325	0.01474	0.01124	0.01550	0.01395	0.00927	0.55971	0.02176	0.16047	0.01375	0.01342	0.00957	0.00613	0.00515	0.00151	0.00539	0.00469	0.00528	0.09544
32	0.01821	0.01315	0.01403	0.01101	0.01472	0.01451	0.00901	0.61417	0.05982	0.03072	0.01381	0.01410	0.01003	0.00636	0.00505	0.00154	0.00523	0.00485	0.13133	0.00835
33	0.00672	0.00480	0.00645	0.00768	0.00810	0.00453	0.00539	0.00784	0.01039	0.01380	0.02899	0.71130	0.03436	0.01630	0.00682	0.00218	0.00331	0.11177	0.00490	0.00437
34	0.02010	0.01481	0.01587	0.01216	0.01639	0.01639	0.01005	0.76360	0.02486	0.03332	0.01269	0.01269	0.00899	0.00635	0.00529	0.00159	0.00582	0.00476	0.00529	0.00899
35	0.01413	0.81739	0.02770	0.00905	0.01357	0.02092	0.00905	0.01583	0.01074	0.01244	0.00735	0.00848	0.00678	0.00452	0.00339	0.00113	0.00565	0.00283	0.00226	0.00678
36	0.01406	0.80079	0.04366	0.00917	0.01376	0.02074	0.00927	0.01585	0.01075	0.01253	0.00739	0.00854	0.00678	0.00453	0.00343	0.00114	0.00570	0.00285	0.00226	0.00681
37	0.00644	0.00460	0.00613	0.00736	0.00767	0.00429	0.00491	0.00736	0.01012	0.01350	0.02914	0.81076	0.03497	0.01656	0.00675	0.00215	0.00307	0.01503	0.00491	0.00429
38	0.00644	0.00460	0.00613	0.00736	0.00767	0.00429	0.00491	0.00736	0.01012	0.01350	0.02914	0.81076	0.03497	0.01656	0.00675	0.00215	0.00307	0.01503	0.00491	0.00429
39	0.05876	0.00912	0.01207	0.00934	0.01336	0.00811	0.00770	0.02540	0.03751	0.72956	0.02030	0.01764	0.01286	0.00649	0.00523	0.00164	0.00447	0.00523	0.00637	0.00884
40	0.01287	0.01200	0.02039	0.14794	0.65019	0.01232	0.01579	0.01605	0.01189	0.03535	0.01013	0.01336	0.00829	0.00484	0.00524	0.00160	0.00635	0.00472	0.00267	0.00801
41	0.02276	0.00958	0.03065	0.00962	0.01373	0.00821	0.00809	0.02569	0.06138	0.71992	0.02063	0.01794	0.01312	0.00655	0.00531	0.00165	0.00456	0.00532	0.00637	0.00893
42	0.01315	0.01136	0.01195	0.01076	0.01375	0.01315	0.00837	0.02809	0.77168	0.02211	0.02152	0.01972	0.01614	0.00717	0.00538	0.00179	0.00418	0.00598	0.00538	0.00837
43	0.02202	0.00588	0.00704	0.00674	0.00812	0.00556	0.00495	0.02423	0.04415	0.03940	0.41138	0.11844	0.18264	0.08623	0.00809	0.00206	0.00305	0.00980	0.00526	0.00498
44	0.01196	0.02407	0.57696	0.01521	0.02191	0.05133	0.08879	0.07859	0.01265	0.01798	0.02934	0.01223	0.00812	0.00533	0.00543	0.00167	0.02379	0.00433	0.00265	0.00765
45	0.00748	0.00540	0.00707	0.00665	0.00790	0.00499	0.00499	0.00998	0.01496	0.02120	0.77844	0.03949	0.04988	0.01081	0.00624	0.00166	0.00249	0.00956	0.00582	0.00499
46	0.00745	0.00540	0.00702	0.00662	0.00788	0.00498	0.00496	0.00992	0.01489	0.02103	0.76053	0.03977	0.06791	0.01087	0.00624	0.00167	0.00250	0.00960	0.00580	0.00498
47	0.03707	0.04634	0.02225	0.27641	0.13380	0.01300	0.28658	0.04016	0.03124	0.01640	0.01050	0.02704	0.00830	0.00521	0.00575	0.00172	0.02330	0.00533	0.00274	0.00685
48	0.01089	0.01135	0.00907	0.00931	0.01054	0.25391	0.00663	0.02594	0.01205	0.01374	0.02369	0.49594	0.07109	0.01266	0.00606	0.00187	0.00514	0.01092	0.00422	0.00497
49	0.00646	0.00462	0.00615	0.00735	0.00767	0.00431	0.00491	0.00741	0.01022	0.01365	0.04447	0.79498	0.03527	0.01644	0.00674	0.00214	0.00306	0.01492	0.00493	0.00431
50	0.04877	0.01257	0.01860	0.17397	0.44233	0.03025	0.01417	0.16025	0.01417	0.01983	0.01022	0.01294	0.00810	0.00516	0.00516	0.00161	0.00632	0.00461	0.00311	0.00786
51	0.01843	0.02067	0.01501	0.03725	0.04772	0.51194	0.01028	0.17851	0.02875	0.01768	0.01141	0.01249	0.04110	0.00604	0.00520	0.00147	0.02168	0.00419	0.00339	0.00678
52	0.01249	0.01193	0.02020	0.16390	0.63140	0.01226	0.01568	0.01567	0.01175	0.01662	0.00983	0.01320	0.00813	0.00479	0.00521	0.00158	0.00634	0.00466	0.00259	0.03176
53	0.30942	0.12028	0.01386	0.04245	0.01416	0.15027	0.00827	0.15524	0.01398	0.08540	0.03500	0.01153	0.00878	0.00556	0.00427	0.00152	0.00567	0.00380	0.00373	0.00680
54	0.01482	0.00868	0.01056	0.00924	0.02714	0.00852	0.00711	0.08145	0.16267	0.26426	0.17581	0.07001	0.10108	0.00868	0.00566	0.00169	0.00390	0.00734	0.00565	0.02571
55	0.01300	0.01247	0.02130	0.05365	0.76070	0.01254	0.01618	0.01615	0.01200	0.01717	0.00993	0.01311	0.00834	0.00473	0.00524	0.00158	0.00630	0.00471	0.00261	0.00830
56	0.01631	0.01217	0.01356	0.01015	0.01457	0.01192	0.00829	0.40185	0.01835	0.06295	0.01166	0.01220	0.00869	0.00530	0.00469	0.00124	0.00493	0.00408	0.00441	0.37268
57	0.01132	0.18672	0.63368	0.01385	0.02100	0.01402	0.01742	0.01656	0.01108	0.01587	0.00906	0.01062	0.00671	0.00492	0.00469	0.00156	0.00738	0.00369	0.00224	0.00761
58	0.00766	0.00583	0.00730	0.00804	0.00940	0.00555	0.00661	0.00992	0.03348	0.01523	0.03642	0.14038	0.27900	0.01421	0.00683	0.00217	0.00392	0.39840	0.00490	0.00477
59	0.01269	0.01023	0.01064	0.00956	0.01238	0.03072	0.00743	0.02333	0.52866	0.08155	0.02799	0.02601	0.17926	0.00841	0.00554	0.00177	0.00402	0.00697	0.00530	0.00752
60	0.00998	0.00940	0.01586	0.80150	0.03641	0.01175	0.01468	0.01351	0.01057	0.01351	0.00940	0.01409	0.00705	0.00529	0.00529	0.00176	0.00705	0.00470	0.00235	0.00587
61	0.01315	0.01136	0.01195	0.01076	0.01375	0.01315	0.00837	0.02809	0.77168	0.02211	0.02152	0.01972	0.01614	0.00717	0.00538	0.00179	0.00418	0.00598	0.00538	0.00837
62	0.01975	0.02520	0.01498	0.01362	0.01634	0.79299	0.01021	0.02111	0.01498	0.01294	0.00817	0.00953	0.00681	0.00545	0.00477	0.00136	0.00953	0.00340	0.00272	0.00613
63	0.00625	0.00536	0.00536	0.00536	0.00714	0.00446	0.00402	0.00759	0.01205	0.01428	0.05355	0.05088	0.77909	0.01339	0.00625	0.00179	0.00268	0.01116	0.00491	0.00446
64	0.01248	0.01426	0.03119	0.02228	0.02763	0.01337	0.76203	0.01693	0.01248	0.01693	0.01070	0.01426	0.00802	0.00446	0.00624	0.00178	0.00891	0.00624	0.00267	0.00713
65	0.00852	0.00608	0.00852	0.00974	0.01095	0.00608	0.00852	0.01095	0.01217	0.01582	0.02799	0.05963	0.03042	0.01460	0.00730	0.00243	0.00487	0.74565	0.00487	0.00487
66	0.00631	0.00536	0.00544	0.00542	0.00718	0.00449	0.00406	0.00770	0.01219	0.01461	0.08765	0.05034	0.74478	0.01327	0.00625	0.00178	0.00267	0.01108	0.00495	0.00449
67	0.81560	0.01000	0.00765	0.00687	0.01005	0.01156	0.00564	0.01540	0.00909	0.02355	0.00778	0.00906	0.00606	0.00496	0.00329	0.00162	0.00402	0.00295	0.03916	0.00569
68	0.02351	0.00934	0.01248	0.00957	0.01366	0.00827	0.00790	0.06878	0.01570	0.74108	0.02038	0.01768	0.01285	0.00653	0.00531	0.00163	0.00458	0.00528	0.00647	0.00900
69	0.00667	0.00472	0.00605	0.00702	0.00730	0.00445	0.00457	0.00743	0.00972	0.01292	0.02746	0.64837	0.05102	0.16347	0.01045	0.00269	0.00344	0.01358	0.00459	0.00410
70	0.01819	0.01296	0.01383	0.01081	0.01449	0.01426	0.00886	0.62348	0.02229	0.03078	0.01354	0.01400	0.00984	0.00631	0.00499	0.00152	0.00519	0.00479	0.16164	0.00823
71	0.00998	0.00940	0.01586	0.80150	0.03641	0.01175	0.01468	0.01351	0.01057	0.01351	0.00940	0.01409	0.00705	0.00529	0.00529	0.00176	0.00705	0.00470	0.00235	0.00587
