[name]
unknown

[dist]
# distance from previous block
# <min> <max>
38	128

[block]
# block no. 0 follows, 47 sequences, length 9
# corresponding to MSA columns:
# 173-181
name=unknown_A
#
# <colnr> <probs for GDERKNQSTAVLIFYWHMCP>
#	G	D	E	R	K	N	Q	S	T	A	V	L	I	F	Y	W	H	M	C	P
0	0.01258	0.01171	0.06629	0.06122	0.10241	0.01162	0.07256	0.16437	0.01316	0.01909	0.01153	0.03550	0.00967	0.03811	0.00778	0.00173	0.14041	0.00496	0.11814	0.09714
1	0.01276	0.01081	0.01481	0.02539	0.05882	0.02565	0.10045	0.14638	0.05790	0.04231	0.09456	0.03324	0.01407	0.03185	0.02201	0.00183	0.13594	0.00549	0.03521	0.13051
2	0.04215	0.02699	0.01490	0.13442	0.03827	0.06707	0.10409	0.13563	0.05669	0.01783	0.01383	0.09251	0.02523	0.01101	0.10271	0.00253	0.06301	0.00593	0.03890	0.00631
3	0.07238	0.00970	0.01255	0.05575	0.03124	0.00954	0.03780	0.11996	0.06791	0.30981	0.10704	0.01922	0.01582	0.00668	0.00518	0.00158	0.00464	0.02785	0.00509	0.08026
4	0.06484	0.00606	0.00712	0.00703	0.00832	0.00590	0.00508	0.04003	0.02537	0.06875	0.18061	0.27640	0.11363	0.12235	0.00876	0.00227	0.00346	0.02596	0.02314	0.00493
5	0.03786	0.02393	0.00986	0.05848	0.06246	0.00757	0.00690	0.02806	0.08613	0.06011	0.41279	0.02975	0.08990	0.00875	0.00559	0.00160	0.00352	0.00756	0.00492	0.05425
6	0.00921	0.03022	0.00782	0.00688	0.00873	0.05820	0.00524	0.04552	0.01291	0.05659	0.17694	0.08312	0.40744	0.01173	0.00673	0.05030	0.00351	0.00921	0.00474	0.00498
7	0.01121	0.01121	0.05283	0.48037	0.14939	0.01213	0.04194	0.04273	0.11505	0.01601	0.01113	0.01430	0.00845	0.00536	0.00523	0.00170	0.00650	0.00482	0.00287	0.00675
8	0.01696	0.01607	0.01319	0.01118	0.01405	0.33728	0.04816	0.18660	0.01587	0.06423	0.01213	0.01331	0.00926	0.00575	0.00466	0.00140	0.00652	0.00428	0.21251	0.00659

[dist]
# distance from previous block
# <min> <max>
1	2

[block]
# block no. 1 follows, 47 sequences, length 34
# corresponding to MSA columns:
# 184-192,194-218
name=unknown_B
#
# <colnr> <probs for GDERKNQSTAVLIFYWHMCP>
#	G	D	E	R	K	N	Q	S	T	A	V	L	I	F	Y	W	H	M	C	P
0	0.01054	0.01030	0.01256	0.07133	0.01370	0.08816	0.00924	0.01216	0.00982	0.01354	0.07852	0.06604	0.03100	0.01435	0.15458	0.00311	0.35000	0.00577	0.00297	0.04231
1	0.03363	0.00932	0.01087	0.00796	0.01232	0.00748	0.00639	0.05203	0.01194	0.07455	0.04844	0.01272	0.01015	0.00453	0.00412	0.00094	0.00393	0.00363	0.00357	0.68147
2	0.01229	0.01405	0.03073	0.02195	0.02722	0.01317	0.76558	0.01668	0.01229	0.01668	0.01054	0.01405	0.00790	0.00439	0.00615	0.00176	0.00878	0.00615	0.00263	0.00702
3	0.01945	0.02482	0.01476	0.01342	0.01610	0.79608	0.01006	0.02079	0.01476	0.01275	0.00805	0.00939	0.00671	0.00537	0.00470	0.00134	0.00939	0.00335	0.00268	0.00604
4	0.02082	0.01026	0.07099	0.00961	0.01369	0.00824	0.00843	0.06569	0.01514	0.62105	0.08404	0.01872	0.01527	0.00668	0.00529	0.00161	0.00459	0.00546	0.00599	0.00844
5	0.01392	0.82012	0.02729	0.00891	0.01337	0.02061	0.00891	0.01559	0.01058	0.01225	0.00724	0.00835	0.00668	0.00446	0.00334	0.00111	0.00557	0.00278	0.00223	0.00668
6	0.00777	0.00500	0.00613	0.00652	0.00684	0.00481	0.00409	0.00825	0.00895	0.04734	0.02192	0.37053	0.02536	0.43327	0.01693	0.00362	0.00414	0.01059	0.00403	0.00388
7	0.01080	0.00926	0.01080	0.00771	0.01234	0.00694	0.00617	0.01311	0.01080	0.01697	0.00926	0.01080	0.00771	0.00386	0.00386	0.00077	0.00386	0.00309	0.00309	0.84882
8	0.01048	0.00983	0.01622	0.59382	0.17171	0.01132	0.01403	0.01378	0.01071	0.01430	0.00936	0.01344	0.00725	0.00499	0.00508	0.00162	0.00654	0.00450	0.00243	0.07860
9	0.01091	0.01099	0.01536	0.01386	0.06798	0.12208	0.18049	0.01393	0.04679	0.01399	0.01243	0.01712	0.01088	0.03834	0.39490	0.00500	0.01093	0.00538	0.00285	0.00578
10	0.00739	0.00551	0.00818	0.00824	0.00911	0.00636	0.00633	0.00915	0.00842	0.01209	0.01472	0.05851	0.01421	0.06076	0.73631	0.00798	0.01317	0.00608	0.00290	0.00459
11	0.01899	0.01392	0.01502	0.01160	0.01570	0.01523	0.00954	0.65710	0.07646	0.05381	0.01320	0.01307	0.00942	0.00620	0.00515	0.00154	0.00549	0.00471	0.00515	0.04869
12	0.01173	0.01115	0.01879	0.32607	0.47904	0.01208	0.01520	0.01526	0.03101	0.01572	0.00988	0.01344	0.00795	0.00492	0.00518	0.00162	0.00642	0.00467	0.00255	0.00731
13	0.01155	0.01101	0.01872	0.37055	0.45637	0.01202	0.01532	0.01481	0.01122	0.01539	0.00956	0.01333	0.00768	0.00489	0.00518	0.00163	0.00652	0.00463	0.00246	0.00717
14	0.01042	0.02601	0.74765	0.01485	0.02231	0.01195	0.04116	0.01633	0.01113	0.01661	0.02880	0.01179	0.00771	0.00507	0.00501	0.00165	0.00760	0.00406	0.00230	0.00761
15	0.01274	0.01223	0.02088	0.06864	0.74895	0.01234	0.01591	0.01586	0.01179	0.01684	0.00977	0.01294	0.00819	0.00467	0.00516	0.00156	0.00622	0.00464	0.00257	0.00813
16	0.01278	0.01226	0.02095	0.05894	0.75835	0.01235	0.01593	0.01589	0.01181	0.01688	0.00978	0.01292	0.00820	0.00466	0.00516	0.00155	0.00621	0.00464	0.00257	0.00816
17	0.01080	0.00926	0.01080	0.00771	0.01234	0.00694	0.00617	0.01311	0.01080	0.01697	0.00926	0.01080	0.00771	0.00386	0.00386	0.00077	0.00386	0.00309	0.00309	0.84882
18	0.00757	0.00505	0.00568	0.00568	0.00568	0.00505	0.00316	0.00757	0.00757	0.01010	0.01641	0.03408	0.01893	0.81698	0.02651	0.00505	0.00505	0.00757	0.00316	0.00316
19	0.01090	0.00940	0.01129	0.00886	0.04899	0.00720	0.00664	0.01325	0.01085	0.01697	0.00928	0.01090	0.00774	0.00389	0.00392	0.00081	0.00397	0.00316	0.00306	0.80893
20	0.00694	0.00546	0.00629	0.00606	0.00758	0.00489	0.00455	0.00919	0.03398	0.01767	0.41523	0.04370	0.39617	0.01176	0.00613	0.00170	0.00259	0.01007	0.00530	0.00476
21	0.01080	0.00926	0.01080	0.00771	0.01234	0.00694	0.00617	0.01311	0.01080	0.01697	0.00926	0.01080	0.00771	0.00386	0.00386	0.00077	0.00386	0.00309	0.00309	0.84882
22	0.00650	0.00529	0.00576	0.00564	0.00725	0.00455	0.00423	0.00815	0.01270	0.01603	0.26262	0.04689	0.57130	0.01246	0.00615	0.00172	0.00259	0.01054	0.00509	0.00455
23	0.00700	0.00509	0.00660	0.00669	0.00767	0.00469	0.00484	0.00895	0.01318	0.01829	0.52170	0.26802	0.08291	0.01245	0.00629	0.00178	0.00263	0.01109	0.00542	0.00469
24	0.01101	0.15500	0.66686	0.01389	0.02106	0.01347	0.01757	0.01635	0.01093	0.01581	0.00901	0.01057	0.00661	0.00487	0.00469	0.00156	0.00735	0.00368	0.00220	0.00753
25	0.00644	0.00460	0.00615	0.00736	0.00771	0.00431	0.00500	0.00742	0.01007	0.01340	0.02865	0.77776	0.03423	0.01622	0.00667	0.00213	0.00311	0.04967	0.00483	0.00426
26	0.00983	0.00926	0.01562	0.80447	0.03587	0.01157	0.01446	0.01331	0.01041	0.01331	0.00926	0.01388	0.00694	0.00521	0.00521	0.00174	0.00694	0.00463	0.00231	0.00579
27	0.00983	0.00926	0.01562	0.80447	0.03587	0.01157	0.01446	0.01331	0.01041	0.01331	0.00926	0.01388	0.00694	0.00521	0.00521	0.00174	0.00694	0.00463	0.00231	0.00579
28	0.02076	0.00935	0.01274	0.14385	0.01718	0.02672	0.00887	0.02328	0.03049	0.62263	0.01836	0.01692	0.01181	0.00622	0.00522	0.00163	0.00496	0.00510	0.00563	0.00826
29	0.02336	0.00886	0.01209	0.00927	0.01329	0.00765	0.00765	0.02538	0.01491	0.78810	0.02055	0.01773	0.01289	0.00645	0.00524	0.00161	0.00443	0.00524	0.00645	0.00886
30	0.01020	0.00963	0.01627	0.71291	0.12460	0.01167	0.01464	0.01362	0.01058	0.01375	0.00932	0.01377	0.00710	0.00514	0.00520	0.00171	0.00685	0.00463	0.00235	0.00608
31	0.01156	0.06197	0.60286	0.01529	0.02228	0.01242	0.12560	0.01695	0.01137	0.05740	0.01001	0.01167	0.00712	0.00492	0.00506	0.00164	0.00758	0.00420	0.00249	0.00761
32	0.00983	0.00926	0.01562	0.80447	0.03587	0.01157	0.01446	0.01331	0.01041	0.01331	0.00926	0.01388	0.00694	0.00521	0.00521	0.00174	0.00694	0.00463	0.00231	0.00579
33	0.00976	0.00645	0.00864	0.00868	0.01010	0.02175	0.03046	0.01161	0.01195	0.10666	0.11824	0.22920	0.05413	0.06708	0.00789	0.00226	0.00420	0.28092	0.00489	0.00513

[dist]
# distance from previous block
# <min> <max>
9	15

[block]
# block no. 2 follows, 47 sequences, length 75
# corresponding to MSA columns:
# 235-309
name=unknown_C
#
# <colnr> <probs for GDERKNQSTAVLIFYWHMCP>
#	G	D	E	R	K	N	Q	S	T	A	V	L	I	F	Y	W	H	M	C	P
0	0.02712	0.00992	0.01225	0.00896	0.01342	0.00821	0.05275	0.07557	0.02536	0.01837	0.01025	0.03083	0.00858	0.00446	0.00419	0.00096	0.00430	0.00373	0.00332	0.67746
1	0.01208	0.00922	0.01093	0.00787	0.01244	0.00701	0.00632	0.01436	0.01122	0.09548	0.01041	0.01150	0.00824	0.00412	0.00400	0.00086	0.00392	0.00330	0.00343	0.76330
2	0.01080	0.00926	0.01080	0.00771	0.01234	0.00694	0.00617	0.01311	0.01080	0.01697	0.00926	0.01080	0.00771	0.00386	0.00386	0.00077	0.00386	0.00309	0.00309	0.84882
3	0.01223	0.01170	0.01994	0.19902	0.62261	0.01220	0.01565	0.01540	0.01155	0.01621	0.00968	0.01310	0.00797	0.00476	0.00517	0.00159	0.00635	0.00464	0.00252	0.00772
4	0.01704	0.02082	0.01360	0.06307	0.01619	0.60913	0.00955	0.03632	0.03575	0.01367	0.01404	0.01499	0.10144	0.00638	0.00493	0.00143	0.00818	0.00447	0.00305	0.00595
5	0.85377	0.01007	0.00765	0.00685	0.01007	0.01168	0.00564	0.01531	0.00886	0.02336	0.00725	0.00846	0.00564	0.00483	0.00322	0.00161	0.00403	0.00282	0.00322	0.00564
6	0.00709	0.00506	0.00689	0.00810	0.00872	0.00487	0.00612	0.00853	0.01070	0.01412	0.02829	0.54044	0.03282	0.01562	0.00684	0.00222	0.00366	0.28064	0.00482	0.00443
7	0.00665	0.00480	0.00629	0.00695	0.00760	0.00444	0.00482	0.00804	0.01150	0.01563	0.25810	0.54499	0.07192	0.01446	0.00647	0.00195	0.00283	0.01300	0.00511	0.00444
8	0.00714	0.00529	0.00666	0.00637	0.00765	0.00481	0.00476	0.00936	0.01412	0.01954	0.63967	0.06600	0.16684	0.01124	0.00616	0.00167	0.00250	0.00985	0.00556	0.00481
9	0.01219	0.01236	0.04980	0.14647	0.56650	0.01209	0.07003	0.01540	0.01150	0.01619	0.00973	0.01313	0.00799	0.00508	0.00564	0.02456	0.00650	0.00471	0.00252	0.00760
10	0.03183	0.01435	0.01550	0.21807	0.05026	0.11895	0.01123	0.41644	0.03257	0.02411	0.01103	0.01251	0.00812	0.00579	0.00510	0.00158	0.00649	0.00448	0.00399	0.00759
11	0.00647	0.00462	0.00615	0.00733	0.00766	0.00434	0.00497	0.00743	0.01001	0.01333	0.02835	0.75824	0.03385	0.03553	0.00715	0.00220	0.00316	0.05019	0.00479	0.00423
12	0.00649	0.00526	0.00575	0.00569	0.00725	0.00453	0.00424	0.00810	0.01258	0.01587	0.24786	0.07293	0.56002	0.01261	0.00617	0.00174	0.00260	0.01070	0.00508	0.00453
13	0.01095	0.00911	0.01069	0.00773	0.01223	0.00688	0.00617	0.01322	0.01087	0.03403	0.01007	0.03399	0.00860	0.00427	0.00397	0.00083	0.00385	0.00347	0.00321	0.80589
14	0.00782	0.02092	0.04019	0.00744	0.00884	0.00574	0.00578	0.01044	0.05308	0.03315	0.35873	0.31341	0.07298	0.01276	0.02261	0.00195	0.00331	0.01072	0.00509	0.00505
15	0.02336	0.00886	0.01209	0.00927	0.01329	0.00765	0.00765	0.02538	0.01491	0.78810	0.02055	0.01773	0.01289	0.00645	0.00524	0.00161	0.00443	0.00524	0.00645	0.00886
16	0.00744	0.00557	0.00830	0.00830	0.00921	0.00647	0.00643	0.00926	0.00835	0.01204	0.01401	0.02080	0.01317	0.05840	0.77720	0.00829	0.01373	0.00563	0.00280	0.00461
17	0.01416	0.26828	0.15980	0.09803	0.14177	0.16995	0.01270	0.02887	0.01202	0.03676	0.00887	0.01068	0.00717	0.00492	0.00447	0.00141	0.00692	0.00368	0.00255	0.00699
18	0.00737	0.00532	0.00696	0.00655	0.00778	0.00491	0.00491	0.00983	0.01474	0.02088	0.78175	0.03890	0.04914	0.01065	0.00614	0.00164	0.00246	0.00942	0.00573	0.00491
19	0.00733	0.00522	0.00702	0.00739	0.00792	0.00550	0.00526	0.00845	0.00880	0.01205	0.01921	0.20283	0.02113	0.27485	0.30977	0.00541	0.00793	0.07627	0.00354	0.00410
20	0.01919	0.02440	0.01462	0.01331	0.01595	0.77889	0.00998	0.02054	0.01462	0.01273	0.00818	0.00963	0.00685	0.00610	0.02193	0.00149	0.00949	0.00340	0.00269	0.00601
21	0.02264	0.00938	0.03024	0.00945	0.01352	0.00797	0.00795	0.02527	0.04594	0.73871	0.02031	0.01764	0.01287	0.00644	0.00523	0.00162	0.00449	0.00523	0.00630	0.00881
22	0.00983	0.00926	0.01562	0.80447	0.03587	0.01157	0.01446	0.01331	0.01041	0.01331	0.00926	0.01388	0.00694	0.00521	0.00521	0.00174	0.00694	0.00463	0.00231	0.00579
23	0.00706	0.00594	0.00622	0.00611	0.00793	0.00542	0.00466	0.00994	0.09416	0.01546	0.10206	0.04632	0.61746	0.01239	0.00610	0.00177	0.00287	0.03833	0.00495	0.00486
24	0.01179	0.00984	0.01134	0.10828	0.01521	0.01116	0.00839	0.09957	0.42850	0.02002	0.02139	0.16830	0.04636	0.00872	0.00556	0.00181	0.00438	0.00747	0.00481	0.00710
25	0.00651	0.00466	0.00620	0.00721	0.00764	0.00435	0.00491	0.00763	0.01059	0.01426	0.12033	0.70452	0.03614	0.01559	0.00660	0.00206	0.00299	0.02853	0.00494	0.00432
26	0.00670	0.00564	0.00576	0.00570	0.00750	0.00492	0.00431	0.02656	0.03046	0.01473	0.05002	0.06352	0.71490	0.01296	0.00614	0.00177	0.00280	0.02614	0.00486	0.00460
27	0.01946	0.02453	0.01478	0.01338	0.01610	0.77413	0.01006	0.04180	0.01503	0.01331	0.00817	0.00948	0.00677	0.00539	0.00471	0.00135	0.00929	0.00339	0.00275	0.00612
28	0.01945	0.02482	0.01476	0.01342	0.01610	0.79608	0.01006	0.02079	0.01476	0.01275	0.00805	0.00939	0.00671	0.00537	0.00470	0.00134	0.00939	0.00335	0.00268	0.00604
29	0.00638	0.00456	0.00607	0.00723	0.00756	0.00425	0.00484	0.00734	0.01013	0.01354	0.05329	0.78829	0.03492	0.01613	0.00663	0.00210	0.00300	0.01463	0.00486	0.00425
30	0.01235	0.01187	0.01995	0.13452	0.61734	0.01257	0.01538	0.01533	0.01133	0.01613	0.00947	0.01289	0.00795	0.00510	0.00619	0.00164	0.07515	0.00463	0.00252	0.00770
31	0.01165	0.01108	0.01869	0.34627	0.46336	0.01206	0.01520	0.01514	0.02721	0.01560	0.00981	0.01343	0.00788	0.00492	0.00518	0.00163	0.00645	0.00466	0.00253	0.00724
32	0.00634	0.00453	0.00604	0.00725	0.00755	0.00423	0.00483	0.00725	0.00997	0.01329	0.02870	0.81358	0.03444	0.01632	0.00665	0.00211	0.00302	0.01480	0.00483	0.00423
33	0.00727	0.00516	0.00703	0.00818	0.00888	0.00498	0.00630	0.00873	0.01077	0.01416	0.02816	0.46227	0.04572	0.01550	0.00723	0.02440	0.00380	0.32231	0.00475	0.00442
34	0.01289	0.01233	0.02083	0.03127	0.75933	0.01239	0.01573	0.01636	0.03677	0.01717	0.01017	0.01310	0.00850	0.00472	0.00516	0.00155	0.00612	0.00468	0.00267	0.00825
35	0.00737	0.00532	0.00696	0.00655	0.00778	0.00491	0.00491	0.00983	0.01474	0.02088	0.78175	0.03890	0.04914	0.01065	0.00614	0.00164	0.00246	0.00942	0.00573	0.00491
36	0.00748	0.00552	0.00701	0.00663	0.00794	0.00517	0.00497	0.01028	0.04330	0.02028	0.68573	0.05702	0.09737	0.01082	0.00612	0.00166	0.00255	0.00952	0.00563	0.00499
37	0.01102	0.00941	0.01173	0.09499	0.04893	0.00797	0.00759	0.01415	0.05328	0.02986	0.01111	0.01270	0.02550	0.00447	0.00421	0.00100	0.00429	0.00369	0.00320	0.64091
38	0.00798	0.00546	0.00716	0.00665	0.00799	0.00502	0.00502	0.01042	0.01475	0.05001	0.75285	0.03810	0.04776	0.01049	0.00611	0.00164	0.00253	0.00926	0.00576	0.00506
39	0.01281	0.01391	0.01645	0.05064	0.08859	0.19308	0.08617	0.01461	0.01063	0.01350	0.01010	0.08361	0.00976	0.00897	0.04014	0.00213	0.33083	0.00541	0.00269	0.00598
40	0.24178	0.00940	0.01105	0.00873	0.01255	0.00904	0.00721	0.05089	0.01368	0.55816	0.01674	0.01509	0.01083	0.00601	0.00471	0.00161	0.00437	0.00458	0.00555	0.00801
41	0.00971	0.00485	0.00485	0.00485	0.00607	0.00485	0.00364	0.01213	0.01092	0.01942	0.01699	0.01942	0.01335	0.00607	0.00364	0.00121	0.00243	0.00485	0.84589	0.00485
42	0.27644	0.01133	0.01579	0.08551	0.41801	0.01210	0.01199	0.05662	0.01157	0.01967	0.02933	0.01224	0.00843	0.00499	0.00458	0.00159	0.00545	0.00420	0.00299	0.00718
43	0.00879	0.00567	0.00847	0.00802	0.00849	0.00622	0.03035	0.00850	0.00773	0.01091	0.01124	0.01845	0.01097	0.09249	0.22607	0.42392	0.06509	0.00514	0.03999	0.00350
44	0.00971	0.00485	0.00485	0.00485	0.00607	0.00485	0.00364	0.01213	0.01092	0.01942	0.01699	0.01942	0.01335	0.00607	0.00364	0.00121	0.00243	0.00485	0.84589	0.00485
45	0.05326	0.02116	0.01462	0.01270	0.01580	0.53821	0.00979	0.21670	0.03769	0.01869	0.00954	0.01044	0.00748	0.00562	0.00479	0.00142	0.00807	0.00375	0.00344	0.00682
46	0.01045	0.02694	0.79000	0.01484	0.02254	0.01209	0.01924	0.01649	0.01099	0.01649	0.00935	0.01099	0.00660	0.00495	0.00495	0.00165	0.00770	0.00385	0.00220	0.00770
47	0.00619	0.00528	0.00533	0.00532	0.00706	0.00441	0.00399	0.00755	0.01196	0.01429	0.07666	0.04975	0.75834	0.01311	0.00615	0.00175	0.00263	0.01094	0.00487	0.00441
48	0.01139	0.01139	0.01595	0.01367	0.01367	0.01595	0.01139	0.01253	0.00798	0.01253	0.00684	0.01139	0.00684	0.00911	0.01709	0.00228	0.80745	0.00456	0.00228	0.00570
49	0.00737	0.00532	0.00696	0.00655	0.00778	0.00491	0.00491	0.00983	0.01474	0.02088	0.78175	0.03890	0.04914	0.01065	0.00614	0.00164	0.00246	0.00942	0.00573	0.00491
50	0.85377	0.01007	0.00765	0.00685	0.01007	0.01168	0.00564	0.01531	0.00886	0.02336	0.00725	0.00846	0.00564	0.00483	0.00322	0.00161	0.00403	0.00282	0.00322	0.00564
51	0.01286	0.01032	0.01228	0.00904	0.01337	0.00903	0.02205	0.13873	0.01314	0.05086	0.01017	0.01146	0.00808	0.00461	0.00478	0.00102	0.04082	0.00357	0.00353	0.62029
52	0.00803	0.00613	0.00760	0.00715	0.00863	0.00609	0.00542	0.01200	0.11643	0.01970	0.55466	0.03559	0.10052	0.01281	0.07394	0.00224	0.00368	0.00874	0.00535	0.00530
53	0.85377	0.01007	0.00765	0.00685	0.01007	0.01168	0.00564	0.01531	0.00886	0.02336	0.00725	0.00846	0.00564	0.00483	0.00322	0.00161	0.00403	0.00282	0.00322	0.00564
54	0.01139	0.01139	0.01595	0.01367	0.01367	0.01595	0.01139	0.01253	0.00798	0.01253	0.00684	0.01139	0.00684	0.00911	0.01709	0.00228	0.80745	0.00456	0.00228	0.00570
55	0.01066	0.00913	0.01080	0.02855	0.01281	0.00700	0.00635	0.01301	0.01092	0.01700	0.03459	0.01180	0.00905	0.00411	0.00397	0.00083	0.00389	0.00333	0.00315	0.79906
56	0.00757	0.00505	0.00568	0.00568	0.00568	0.00505	0.00316	0.00757	0.00757	0.01010	0.01641	0.03408	0.01893	0.81698	0.02651	0.00505	0.00505	0.00757	0.00316	0.00316
57	0.01220	0.01169	0.01983	0.19397	0.60488	0.01231	0.01553	0.01532	0.01144	0.01610	0.00960	0.01306	0.00793	0.00489	0.00551	0.00161	0.02934	0.00464	0.00251	0.00766
58	0.01827	0.01383	0.01477	0.01167	0.01557	0.01544	0.00953	0.60248	0.19162	0.03036	0.01444	0.01405	0.01042	0.00643	0.00523	0.00161	0.00537	0.00496	0.00523	0.00872
59	0.00971	0.00485	0.00485	0.00485	0.00607	0.00485	0.00364	0.01213	0.01092	0.01942	0.01699	0.01942	0.01335	0.00607	0.00364	0.00121	0.00243	0.00485	0.84589	0.00485
60	0.01100	0.01051	0.01804	0.50474	0.30415	0.01190	0.03673	0.01436	0.01099	0.01473	0.00949	0.01353	0.00744	0.00498	0.00522	0.00167	0.00672	0.00468	0.00242	0.00670
61	0.85377	0.01007	0.00765	0.00685	0.01007	0.01168	0.00564	0.01531	0.00886	0.02336	0.00725	0.00846	0.00564	0.00483	0.00322	0.00161	0.00403	0.00282	0.00322	0.00564
62	0.01262	0.01001	0.01439	0.01243	0.06424	0.00947	0.11595	0.10627	0.04265	0.07750	0.01523	0.05619	0.01379	0.03034	0.00623	0.00165	0.02391	0.12857	0.00393	0.25464
63	0.03270	0.07108	0.01999	0.12384	0.09032	0.18563	0.21113	0.07666	0.01296	0.01610	0.01026	0.02948	0.00857	0.00678	0.03450	0.00186	0.04020	0.01847	0.00286	0.00660
64	0.02124	0.01028	0.01268	0.00989	0.01378	0.01001	0.00812	0.19646	0.08515	0.52422	0.01865	0.01672	0.01224	0.00645	0.00519	0.00160	0.00465	0.00516	0.02882	0.00870
65	0.05367	0.16637	0.06004	0.01125	0.01533	0.13653	0.00979	0.33414	0.05180	0.09516	0.01158	0.01179	0.00855	0.00570	0.00469	0.00147	0.00611	0.00411	0.00413	0.00778
66	0.01135	0.00951	0.01547	0.03112	0.13040	0.00942	0.17372	0.04873	0.03419	0.08082	0.06349	0.06660	0.16137	0.06250	0.02191	0.00209	0.04431	0.02283	0.00390	0.00628
67	0.00983	0.00926	0.01562	0.80447	0.03587	0.01157	0.01446	0.01331	0.01041	0.01331	0.00926	0.01388	0.00694	0.00521	0.00521	0.00174	0.00694	0.00463	0.00231	0.00579
68	0.01232	0.01193	0.01968	0.20025	0.58742	0.02859	0.01542	0.01542	0.01152	0.01601	0.00958	0.01300	0.00790	0.00488	0.00542	0.00160	0.02432	0.00461	0.00252	0.00761
69	0.85377	0.01007	0.00765	0.00685	0.01007	0.01168	0.00564	0.01531	0.00886	0.02336	0.00725	0.00846	0.00564	0.00483	0.00322	0.00161	0.00403	0.00282	0.00322	0.00564
70	0.00957	0.02881	0.10646	0.01100	0.03452	0.00899	0.04163	0.03597	0.01075	0.04415	0.05148	0.39617	0.02217	0.01147	0.00817	0.00198	0.15759	0.00963	0.00391	0.00559
71	0.01139	0.01139	0.01595	0.01367	0.01367	0.01595	0.01139	0.01253	0.00798	0.01253	0.00684	0.01139	0.00684	0.00911	0.01709	0.00228	0.80745	0.00456	0.00228	0.00570
72	0.01131	0.15945	0.64500	0.01373	0.02080	0.01342	0.01725	0.01654	0.01101	0.03283	0.00924	0.01070	0.00675	0.00490	0.00468	0.00156	0.00727	0.00370	0.00230	0.00755
73	0.00905	0.00452	0.00678	0.00678	0.00678	0.00452	0.00452	0.00678	0.00678	0.00905	0.00905	0.01583	0.00905	0.01809	0.02035	0.84848	0.00452	0.00452	0.00226	0.00226
74	0.28459	0.01037	0.01003	0.00901	0.01193	0.01185	0.00710	0.04841	0.42744	0.02214	0.03988	0.03665	0.04621	0.00690	0.00472	0.00171	0.00401	0.00539	0.00461	0.00707

[dist]
# distance from previous block
# <min> <max>
0	1

[block]
# block no. 3 follows, 47 sequences, length 80
# corresponding to MSA columns:
# 311-390
name=unknown_D
#
# <colnr> <probs for GDERKNQSTAVLIFYWHMCP>
#	G	D	E	R	K	N	Q	S	T	A	V	L	I	F	Y	W	H	M	C	P
0	0.03306	0.03566	0.03142	0.03196	0.17965	0.29375	0.03776	0.20137	0.03922	0.01923	0.01024	0.01187	0.00811	0.00672	0.03583	0.00175	0.00754	0.00423	0.00335	0.00728
1	0.02146	0.00973	0.01235	0.00971	0.01359	0.00922	0.00794	0.09198	0.13169	0.60378	0.01993	0.01752	0.01299	0.00652	0.00524	0.00163	0.00450	0.00529	0.00616	0.00877
2	0.01081	0.03721	0.01020	0.00891	0.01075	0.04600	0.00684	0.03082	0.25244	0.04367	0.18831	0.10883	0.04175	0.07739	0.03868	0.00230	0.04403	0.03027	0.00470	0.00608
3	0.00727	0.00523	0.00652	0.00649	0.00770	0.00472	0.00476	0.00913	0.01308	0.03637	0.44062	0.21044	0.20373	0.01234	0.00623	0.00177	0.00267	0.01084	0.00536	0.00475
4	0.01112	0.18172	0.64116	0.01369	0.02075	0.01376	0.01722	0.01632	0.01091	0.01566	0.00893	0.01048	0.00661	0.00485	0.00463	0.00154	0.00728	0.00364	0.00220	0.00750
5	0.01536	0.69640	0.02497	0.00896	0.01336	0.01863	0.00872	0.01709	0.01124	0.13057	0.00927	0.00978	0.00763	0.00476	0.00363	0.00119	0.00540	0.00316	0.00287	0.00702
6	0.00681	0.00530	0.00618	0.00596	0.00743	0.00467	0.00447	0.00874	0.01341	0.01773	0.44394	0.04410	0.38891	0.01182	0.00615	0.00169	0.00254	0.01015	0.00532	0.00467
7	0.00696	0.00501	0.00590	0.00633	0.00689	0.00472	0.00419	0.00771	0.00964	0.01248	0.04682	0.27160	0.18436	0.34051	0.01463	0.00324	0.00386	0.05708	0.00417	0.00388
8	0.00768	0.00557	0.00703	0.00711	0.00824	0.00528	0.00514	0.01034	0.06569	0.03224	0.38171	0.32888	0.07605	0.01246	0.00622	0.00182	0.00286	0.01109	0.00529	0.01932
9	0.01105	0.00972	0.01267	0.00914	0.01371	0.00768	0.07732	0.03149	0.01125	0.01724	0.00990	0.02974	0.00838	0.00425	0.00417	0.00091	0.00434	0.00368	0.00313	0.73020
10	0.00676	0.00513	0.00623	0.00631	0.00750	0.00460	0.00460	0.00851	0.01276	0.01703	0.38298	0.21856	0.27466	0.01273	0.00626	0.00178	0.00264	0.01113	0.00525	0.00460
11	0.01088	0.12722	0.69357	0.01409	0.02138	0.01317	0.01793	0.01638	0.01094	0.01596	0.00908	0.01066	0.00661	0.00489	0.00474	0.00158	0.00743	0.00371	0.00220	0.00757
12	0.02205	0.00972	0.01244	0.00964	0.01358	0.00909	0.00793	0.13007	0.05686	0.62628	0.01938	0.01711	0.01249	0.00644	0.00521	0.00161	0.00456	0.00519	0.02159	0.00876
13	0.00746	0.00550	0.00799	0.00799	0.00879	0.00630	0.00604	0.00906	0.00826	0.01181	0.01430	0.02238	0.01385	0.14883	0.68771	0.00790	0.01269	0.00586	0.00284	0.00444
14	0.01139	0.01139	0.01595	0.01367	0.01367	0.01595	0.01139	0.01253	0.00798	0.01253	0.00684	0.01139	0.00684	0.00911	0.01709	0.00228	0.80745	0.00456	0.00228	0.00570
15	0.00634	0.00453	0.00604	0.00725	0.00755	0.00423	0.00483	0.00725	0.00997	0.01329	0.02870	0.81358	0.03444	0.01632	0.00665	0.00211	0.00302	0.01480	0.00483	0.00423
16	0.00828	0.00893	0.12679	0.00847	0.01025	0.00710	0.00735	0.03309	0.00913	0.01281	0.01538	0.02432	0.04089	0.28956	0.36861	0.00580	0.00940	0.00614	0.00297	0.00474
17	0.01392	0.82012	0.02729	0.00891	0.01337	0.02061	0.00891	0.01559	0.01058	0.01225	0.00724	0.00835	0.00668	0.00446	0.00334	0.00111	0.00557	0.00278	0.00223	0.00668
18	0.00983	0.00926	0.01562	0.80447	0.03587	0.01157	0.01446	0.01331	0.01041	0.01331	0.00926	0.01388	0.00694	0.00521	0.00521	0.00174	0.00694	0.00463	0.00231	0.00579
19	0.00634	0.00453	0.00604	0.00725	0.00755	0.00423	0.00483	0.00725	0.00997	0.01329	0.02870	0.81358	0.03444	0.01632	0.00665	0.00211	0.00302	0.01480	0.00483	0.00423
20	0.82794	0.01005	0.00790	0.03126	0.01086	0.01168	0.00591	0.01525	0.00891	0.02306	0.00731	0.00863	0.00568	0.00485	0.00328	0.00162	0.00412	0.00288	0.00319	0.00564
21	0.01246	0.01213	0.01910	0.17556	0.55576	0.04682	0.01476	0.01549	0.01164	0.01612	0.00958	0.01278	0.00790	0.00473	0.00506	0.00152	0.00631	0.00447	0.00257	0.06525
22	0.00983	0.00926	0.01562	0.80447	0.03587	0.01157	0.01446	0.01331	0.01041	0.01331	0.00926	0.01388	0.00694	0.00521	0.00521	0.00174	0.00694	0.00463	0.00231	0.00579
23	0.00615	0.00528	0.00528	0.00528	0.00703	0.00440	0.00396	0.00747	0.01187	0.01407	0.05276	0.05012	0.78238	0.01319	0.00615	0.00176	0.00264	0.01099	0.00484	0.00440
24	0.01415	0.01104	0.01320	0.14849	0.01775	0.01140	0.00909	0.22035	0.15768	0.06338	0.01298	0.01379	0.00970	0.00548	0.00480	0.00139	0.00498	0.00443	0.00412	0.27181
25	0.01139	0.01139	0.01595	0.01367	0.01367	0.01595	0.01139	0.01253	0.00798	0.01253	0.00684	0.01139	0.00684	0.00911	0.01709	0.00228	0.80745	0.00456	0.00228	0.00570
26	0.01189	0.34447	0.46227	0.01267	0.01900	0.01554	0.03676	0.01614	0.01087	0.01480	0.00854	0.01002	0.00667	0.00473	0.00434	0.00144	0.00688	0.00349	0.00222	0.00727
27	0.01091	0.05268	0.62978	0.01611	0.04025	0.01257	0.13262	0.01648	0.01120	0.01638	0.00946	0.01141	0.00684	0.00484	0.00508	0.00164	0.00775	0.00418	0.00227	0.00757
28	0.00983	0.00926	0.01562	0.80447	0.03587	0.01157	0.01446	0.01331	0.01041	0.01331	0.00926	0.01388	0.00694	0.00521	0.00521	0.00174	0.00694	0.00463	0.00231	0.00579
29	0.00757	0.00508	0.00583	0.00583	0.00589	0.00513	0.00335	0.00767	0.00762	0.01021	0.01627	0.03330	0.01860	0.77266	0.07037	0.00524	0.00556	0.00746	0.00313	0.00324
30	0.01906	0.01437	0.05241	0.01214	0.01644	0.01478	0.03938	0.58414	0.06328	0.11010	0.01359	0.01342	0.00952	0.00618	0.00524	0.00159	0.00572	0.00483	0.00510	0.00870
31	0.00646	0.00529	0.00569	0.00559	0.00722	0.00452	0.00419	0.00806	0.01258	0.01575	0.23286	0.04735	0.60123	0.01256	0.00615	0.00173	0.00259	0.01060	0.00506	0.00452
32	0.01101	0.00940	0.01107	0.03119	0.01313	0.00732	0.00651	0.03316	0.01115	0.01728	0.00934	0.01093	0.00772	0.00396	0.00393	0.00082	0.00400	0.00317	0.00312	0.80178
33	0.00983	0.00926	0.01562	0.80447	0.03587	0.01157	0.01446	0.01331	0.01041	0.01331	0.00926	0.01388	0.00694	0.00521	0.00521	0.00174	0.00694	0.00463	0.00231	0.00579
34	0.00636	0.00525	0.00559	0.00558	0.00718	0.00447	0.00416	0.00785	0.01225	0.01514	0.17067	0.08508	0.62657	0.01292	0.00618	0.00176	0.00263	0.01092	0.00498	0.00447
35	0.01077	0.00926	0.01094	0.03108	0.01303	0.00708	0.00641	0.01312	0.01079	0.01686	0.00926	0.01089	0.00769	0.00390	0.00390	0.00080	0.00395	0.00313	0.00306	0.82410
36	0.02327	0.00902	0.01218	0.00934	0.01337	0.00789	0.00772	0.04611	0.01517	0.76699	0.02032	0.01758	0.01278	0.00644	0.00524	0.00161	0.00447	0.00522	0.00641	0.00886
37	0.00692	0.00514	0.00646	0.00657	0.00767	0.00468	0.00481	0.00878	0.01296	0.01761	0.44068	0.23201	0.18166	0.01261	0.00630	0.00180	0.00269	0.03070	0.00532	0.00465
38	0.00757	0.00563	0.00708	0.00666	0.00802	0.00530	0.00501	0.01058	0.05502	0.02036	0.68053	0.03880	0.10842	0.01067	0.00610	0.00165	0.00256	0.00936	0.00563	0.00505
39	0.01045	0.02694	0.79000	0.01484	0.02254	0.01209	0.01924	0.01649	0.01099	0.01649	0.00935	0.01099	0.00660	0.00495	0.00495	0.00165	0.00770	0.00385	0.00220	0.00770
40	0.00634	0.00453	0.00604	0.00725	0.00755	0.00423	0.00483	0.00725	0.00997	0.01329	0.02870	0.81358	0.03444	0.01632	0.00665	0.00211	0.00302	0.01480	0.00483	0.00423
41	0.00971	0.00485	0.00485	0.00485	0.00607	0.00485	0.00364	0.01213	0.01092	0.01942	0.01699	0.01942	0.01335	0.00607	0.00364	0.00121	0.00243	0.00485	0.84589	0.00485
42	0.00625	0.00528	0.00540	0.00537	0.00709	0.00444	0.00403	0.00765	0.01209	0.01459	0.10816	0.04927	0.72666	0.01300	0.00615	0.00175	0.00262	0.01087	0.00490	0.00444
43	0.01226	0.01395	0.03021	0.02166	0.02674	0.01327	0.73910	0.01654	0.01214	0.01654	0.01041	0.01395	0.00786	0.00456	0.00653	0.00177	0.03682	0.00609	0.00262	0.00698
44	0.09754	0.00897	0.01169	0.00905	0.01301	0.00801	0.00747	0.02448	0.01437	0.71980	0.01936	0.01690	0.01224	0.00630	0.00506	0.00161	0.00440	0.00502	0.00616	0.00857
45	0.85377	0.01007	0.00765	0.00685	0.01007	0.01168	0.00564	0.01531	0.00886	0.02336	0.00725	0.00846	0.00564	0.00483	0.00322	0.00161	0.00403	0.00282	0.00322	0.00564
46	0.00732	0.00528	0.00692	0.00659	0.00777	0.00488	0.00491	0.00970	0.01450	0.02050	0.74421	0.07751	0.04840	0.01093	0.00617	0.00166	0.00248	0.00969	0.00569	0.00488
47	0.01380	0.51185	0.20552	0.01117	0.01618	0.12034	0.02724	0.01651	0.01126	0.01341	0.00791	0.00923	0.00669	0.00469	0.00396	0.00128	0.00664	0.00318	0.00229	0.00684
48	0.00647	0.00494	0.00597	0.00670	0.00757	0.00449	0.00469	0.00782	0.02401	0.01393	0.05434	0.51245	0.28076	0.01495	0.00646	0.00199	0.00294	0.03028	0.00486	0.00438
49	0.01132	0.00942	0.01107	0.00799	0.01248	0.00739	0.00642	0.03086	0.01115	0.03553	0.00954	0.01102	0.00784	0.00410	0.00424	0.00085	0.02329	0.00321	0.00319	0.78910
50	0.01131	0.21190	0.59435	0.01385	0.03771	0.01409	0.01675	0.01627	0.01092	0.01551	0.00886	0.01042	0.00665	0.00483	0.00458	0.00152	0.00717	0.00362	0.00221	0.00747
51	0.00730	0.00520	0.00696	0.00716	0.00764	0.00557	0.00496	0.00830	0.00835	0.01155	0.01742	0.16251	0.01894	0.32791	0.37028	0.00604	0.00871	0.00792	0.00328	0.00401
52	0.01082	0.00933	0.01097	0.00792	0.01239	0.00725	0.00635	0.01309	0.01070	0.01682	0.00917	0.01082	0.00768	0.00404	0.00431	0.00082	0.03115	0.00314	0.00306	0.82019
53	0.01376	0.01078	0.01161	0.01030	0.01332	0.01217	0.00805	0.02683	0.67762	0.09612	0.02210	0.02021	0.03920	0.00719	0.00532	0.00175	0.00411	0.00598	0.00540	0.00818
54	0.01289	0.01237	0.02114	0.03196	0.78450	0.01237	0.01598	0.01598	0.01186	0.01701	0.00980	0.01289	0.00825	0.00464	0.00516	0.00155	0.00619	0.00464	0.00258	0.00825
55	0.00983	0.00926	0.01562	0.80447	0.03587	0.01157	0.01446	0.01331	0.01041	0.01331	0.00926	0.01388	0.00694	0.00521	0.00521	0.00174	0.00694	0.00463	0.00231	0.00579
56	0.00983	0.00926	0.01562	0.80447	0.03587	0.01157	0.01446	0.01331	0.01041	0.01331	0.00926	0.01388	0.00694	0.00521	0.00521	0.00174	0.00694	0.00463	0.00231	0.00579
57	0.00983	0.00926	0.01562	0.80447	0.03587	0.01157	0.01446	0.01331	0.01041	0.01331	0.00926	0.01388	0.00694	0.00521	0.00521	0.00174	0.00694	0.00463	0.00231	0.00579
58	0.01289	0.01237	0.02114	0.03196	0.78450	0.01237	0.01598	0.01598	0.01186	0.01701	0.00980	0.01289	0.00825	0.00464	0.00516	0.00155	0.00619	0.00464	0.00258	0.00825
59	0.01123	0.00929	0.01086	0.00782	0.01240	0.00709	0.00626	0.01380	0.02730	0.04068	0.00986	0.01120	0.00805	0.00400	0.00393	0.00082	0.00388	0.00321	0.00324	0.80510
60	0.00645	0.00529	0.00569	0.00559	0.00722	0.00452	0.00419	0.00805	0.01258	0.01574	0.23180	0.04736	0.60230	0.01256	0.00615	0.00173	0.00259	0.01060	0.00506	0.00452
61	0.00622	0.00528	0.00537	0.00535	0.00708	0.00442	0.00401	0.00760	0.01203	0.01444	0.09299	0.04950	0.74191	0.01305	0.00615	0.00175	0.00263	0.01090	0.00489	0.00442
62	0.01021	0.00919	0.01545	0.59576	0.14672	0.01089	0.01356	0.01297	0.01022	0.01339	0.00931	0.01395	0.00738	0.00659	0.00692	0.09820	0.00655	0.00462	0.00235	0.00576
63	0.00715	0.00606	0.00651	0.03317	0.00882	0.00565	0.00490	0.01013	0.09894	0.01538	0.09854	0.06810	0.59378	0.01214	0.00604	0.00176	0.00295	0.01020	0.00487	0.00491
64	0.68331	0.01076	0.00921	0.02491	0.01168	0.01232	0.00656	0.13707	0.01155	0.04071	0.00842	0.00942	0.00634	0.00511	0.00363	0.00161	0.00437	0.00321	0.00359	0.00623
65	0.01206	0.01153	0.01965	0.24092	0.58200	0.01216	0.01557	0.01526	0.01147	0.01601	0.00965	0.01316	0.00790	0.00479	0.00517	0.00160	0.00639	0.00464	0.00251	0.00758
66	0.01769	0.01684	0.01665	0.04904	0.19480	0.24214	0.01154	0.34552	0.01816	0.02253	0.01045	0.01174	0.00801	0.00558	0.00505	0.00150	0.00695	0.00429	0.00375	0.00777
67	0.01045	0.02694	0.79000	0.01484	0.02254	0.01209	0.01924	0.01649	0.01099	0.01649	0.00935	0.01099	0.00660	0.00495	0.00495	0.00165	0.00770	0.00385	0.00220	0.00770
68	0.00730	0.00512	0.00573	0.00571	0.00611	0.00496	0.00346	0.00768	0.00865	0.01127	0.04999	0.03684	0.16211	0.61628	0.04434	0.00441	0.00477	0.00822	0.00355	0.00349
69	0.00687	0.00530	0.00626	0.00602	0.00747	0.00470	0.00452	0.00885	0.01355	0.01806	0.48003	0.04354	0.35261	0.01170	0.00615	0.00169	0.00253	0.01007	0.00536	0.00470
70	0.01392	0.82012	0.02729	0.00891	0.01337	0.02061	0.00891	0.01559	0.01058	0.01225	0.00724	0.00835	0.00668	0.00446	0.00334	0.00111	0.00557	0.00278	0.00223	0.00668
71	0.02336	0.00886	0.01209	0.00927	0.01329	0.00765	0.00765	0.02538	0.01491	0.78810	0.02055	0.01773	0.01289	0.00645	0.00524	0.00161	0.00443	0.00524	0.00645	0.00886
72	0.01522	0.63343	0.02435	0.00997	0.01401	0.20264	0.00918	0.01681	0.01156	0.01237	0.00743	0.00860	0.00669	0.00467	0.00366	0.00117	0.00647	0.00292	0.00233	0.00653
73	0.01045	0.02694	0.79000	0.01484	0.02254	0.01209	0.01924	0.01649	0.01099	0.01649	0.00935	0.01099	0.00660	0.00495	0.00495	0.00165	0.00770	0.00385	0.00220	0.00770
74	0.01699	0.31554	0.01965	0.01071	0.01488	0.01753	0.00938	0.42001	0.08633	0.02414	0.01131	0.01157	0.00867	0.00565	0.00452	0.00141	0.00553	0.00408	0.00410	0.00799
75	0.01202	0.38706	0.44371	0.01215	0.01837	0.01596	0.01455	0.01608	0.01081	0.01457	0.00839	0.00980	0.00664	0.00472	0.00422	0.00141	0.00673	0.00337	0.00221	0.00724
76	0.00634	0.00453	0.00604	0.00725	0.00755	0.00423	0.00483	0.00725	0.00997	0.01329	0.02870	0.81358	0.03444	0.01632	0.00665	0.00211	0.00302	0.01480	0.00483	0.00423
77	0.01110	0.00944	0.01096	0.00786	0.01247	0.00725	0.00630	0.03872	0.01126	0.01751	0.00937	0.01086	0.00775	0.00394	0.00390	0.00080	0.00392	0.00314	0.00316	0.82029
78	0.01369	0.76759	0.07780	0.00930	0.01397	0.02004	0.00959	0.01565	0.01061	0.01253	0.00738	0.00853	0.00668	0.00449	0.00345	0.00115	0.00571	0.00286	0.00223	0.00675
79	0.01095	0.01050	0.06786	0.00950	0.05096	0.00760	0.00762	0.01379	0.02904	0.03216	0.01078	0.05192	0.00931	0.00473	0.00420	0.00098	0.00423	0.00392	0.00320	0.66674

[dist]
# distance from previous block
# <min> <max>
4	102

[block]
# block no. 4 follows, 47 sequences, length 17
# corresponding to MSA columns:
# 493-509
name=unknown_E
#
# <colnr> <probs for GDERKNQSTAVLIFYWHMCP>
#	G	D	E	R	K	N	Q	S	T	A	V	L	I	F	Y	W	H	M	C	P
0	0.03791	0.01277	0.12076	0.07872	0.27992	0.01077	0.06829	0.01476	0.03123	0.01691	0.06964	0.01597	0.04368	0.00568	0.00563	0.00153	0.04337	0.00501	0.00300	0.13445
1	0.01191	0.01082	0.05436	0.00910	0.01358	0.00864	0.02640	0.07957	0.07992	0.03489	0.01146	0.03643	0.00941	0.00485	0.00433	0.00106	0.00436	0.00399	0.00353	0.59139
2	0.00644	0.00505	0.00586	0.00636	0.00751	0.00447	0.00462	0.00774	0.01135	0.01429	0.08708	0.33383	0.41206	0.01427	0.00640	0.00192	0.00290	0.05856	0.00489	0.00439
3	0.00640	0.00461	0.00606	0.00712	0.00754	0.00428	0.00480	0.00742	0.01035	0.01379	0.07551	0.73172	0.06947	0.01583	0.00659	0.00207	0.00297	0.01430	0.00489	0.00428
4	0.01410	0.04866	0.12999	0.01094	0.01473	0.01227	0.00985	0.06071	0.39757	0.12598	0.01702	0.01680	0.01268	0.02924	0.00623	0.00177	0.04152	0.00517	0.00457	0.04021
5	0.01045	0.02694	0.79000	0.01484	0.02254	0.01209	0.01924	0.01649	0.01099	0.01649	0.00935	0.01099	0.00660	0.00495	0.00495	0.00165	0.00770	0.00385	0.00220	0.00770
6	0.00667	0.00630	0.04863	0.00675	0.00826	0.00497	0.00527	0.00844	0.02852	0.01438	0.07350	0.34470	0.39739	0.01370	0.00626	0.00189	0.00309	0.01190	0.00474	0.00462
7	0.01200	0.03666	0.01281	0.00940	0.01322	0.06913	0.03142	0.05560	0.01153	0.01669	0.00966	0.02787	0.00841	0.02489	0.00596	0.00118	0.08325	0.00378	0.00309	0.56344
8	0.01354	0.55907	0.06846	0.00950	0.01354	0.08989	0.00913	0.03926	0.01149	0.01364	0.04372	0.01193	0.02180	0.02668	0.03411	0.00158	0.00614	0.00362	0.00262	0.02028
9	0.01585	0.09699	0.03065	0.01042	0.01386	0.09257	0.00863	0.36370	0.03528	0.03952	0.06802	0.06895	0.01331	0.00716	0.00545	0.02706	0.00539	0.00530	0.02702	0.06487
10	0.01088	0.09358	0.62006	0.05838	0.05191	0.01286	0.04951	0.01623	0.01102	0.01598	0.00923	0.01113	0.00674	0.00488	0.00488	0.00161	0.00746	0.00393	0.00224	0.00750
11	0.00863	0.00630	0.00708	0.00671	0.00857	0.00589	0.00508	0.02753	0.09577	0.06986	0.19177	0.11244	0.41147	0.01169	0.00602	0.00175	0.00299	0.00994	0.00519	0.00531
12	0.00853	0.00924	0.10996	0.00843	0.01061	0.00752	0.00742	0.01253	0.10737	0.01798	0.35350	0.06518	0.14727	0.04678	0.00760	0.00189	0.05967	0.00830	0.00468	0.00556
13	0.01671	0.00911	0.01136	0.00865	0.01266	0.00777	0.00700	0.06163	0.03287	0.36369	0.05739	0.03339	0.01315	0.00588	0.00477	0.00129	0.00413	0.00481	0.00495	0.33877
14	0.01080	0.00926	0.01080	0.00771	0.01234	0.00694	0.00617	0.01311	0.01080	0.01697	0.00926	0.01080	0.00771	0.00386	0.00386	0.00077	0.00386	0.00309	0.00309	0.84882
15	0.01766	0.01245	0.01368	0.02896	0.01481	0.01357	0.00889	0.57749	0.02142	0.06657	0.05615	0.04840	0.01267	0.00689	0.00519	0.00157	0.00513	0.00541	0.07506	0.00804
16	0.04098	0.19947	0.01763	0.01205	0.03920	0.23525	0.00964	0.27631	0.08542	0.02078	0.01061	0.01121	0.00829	0.00558	0.00459	0.00142	0.00654	0.00394	0.00370	0.00741

[dist]
# distance from previous block
# <min> <max>
1	4

[block]
# block no. 5 follows, 47 sequences, length 83
# corresponding to MSA columns:
# 514-596
name=unknown_F
#
# <colnr> <probs for GDERKNQSTAVLIFYWHMCP>
#	G	D	E	R	K	N	Q	S	T	A	V	L	I	F	Y	W	H	M	C	P
0	0.04005	0.08079	0.71040	0.01416	0.02148	0.01266	0.01806	0.01639	0.01089	0.01644	0.00913	0.01073	0.00657	0.00491	0.00478	0.00161	0.00742	0.00374	0.00224	0.00756
1	0.01066	0.00895	0.01004	0.02492	0.03019	0.00978	0.00731	0.03430	0.42992	0.01966	0.12630	0.06359	0.14485	0.00921	0.00570	0.00179	0.00379	0.04715	0.00511	0.00679
2	0.01270	0.00714	0.00922	0.00861	0.04080	0.00662	0.00634	0.03065	0.06079	0.24812	0.30075	0.09246	0.13495	0.00965	0.00580	0.00169	0.00343	0.00831	0.00559	0.00638
3	0.01163	0.00817	0.03849	0.00903	0.01095	0.00763	0.01924	0.12342	0.01265	0.12788	0.02103	0.41023	0.02207	0.02778	0.00759	0.04298	0.04197	0.00974	0.00463	0.04289
4	0.00634	0.00456	0.00601	0.00718	0.00753	0.00424	0.00480	0.00726	0.01004	0.01332	0.02959	0.78529	0.06216	0.01620	0.00663	0.00210	0.00301	0.01466	0.00483	0.00424
5	0.04391	0.00967	0.01245	0.00957	0.01360	0.00891	0.00791	0.12549	0.01605	0.66654	0.01912	0.01678	0.01216	0.00638	0.00518	0.00160	0.00460	0.00510	0.00620	0.00878
6	0.01037	0.07648	0.63919	0.01401	0.03829	0.01195	0.01700	0.01562	0.01106	0.01615	0.03949	0.01348	0.03270	0.00664	0.03426	0.00186	0.00740	0.00429	0.00245	0.00732
7	0.01163	0.02504	0.70347	0.01451	0.02183	0.01173	0.03550	0.01728	0.01137	0.08488	0.01037	0.01166	0.00718	0.00507	0.00500	0.00165	0.00743	0.00402	0.00259	0.00778
8	0.01295	0.01119	0.01178	0.01060	0.01354	0.01295	0.00824	0.02767	0.77509	0.02178	0.02120	0.01943	0.01590	0.00707	0.00530	0.00177	0.00412	0.00589	0.00530	0.00824
9	0.00638	0.00458	0.00600	0.00712	0.00747	0.00426	0.00474	0.00727	0.00997	0.01323	0.02933	0.75728	0.06526	0.04120	0.00725	0.00219	0.00307	0.01442	0.00478	0.00420
10	0.01101	0.01806	0.33846	0.04883	0.11220	0.01174	0.26323	0.01566	0.01171	0.01663	0.05023	0.03024	0.01073	0.00557	0.00555	0.00171	0.00739	0.03118	0.00271	0.00716
11	0.04173	0.00891	0.01185	0.00926	0.01310	0.00793	0.00766	0.05179	0.01499	0.69277	0.03713	0.01950	0.01409	0.00683	0.00529	0.00164	0.00444	0.03631	0.00624	0.00853
12	0.00905	0.00452	0.00678	0.00678	0.00678	0.00452	0.00452	0.00678	0.00678	0.00905	0.00905	0.01583	0.00905	0.01809	0.02035	0.84848	0.00452	0.00452	0.00226	0.00226
13	0.01098	0.13591	0.66377	0.01422	0.02140	0.01330	0.03856	0.01637	0.01097	0.01591	0.00909	0.01072	0.00664	0.00486	0.00476	0.00158	0.00743	0.00377	0.00221	0.00754
14	0.01204	0.01304	0.09828	0.09059	0.24280	0.01190	0.16080	0.01824	0.18456	0.03369	0.04538	0.04069	0.01224	0.00587	0.00546	0.00169	0.00616	0.00566	0.00342	0.00748
15	0.00789	0.00565	0.00778	0.00873	0.00979	0.00553	0.00727	0.01005	0.01208	0.01602	0.14385	0.18099	0.03366	0.01413	0.00694	0.00223	0.00414	0.51358	0.00495	0.00472
16	0.00985	0.00920	0.01547	0.75788	0.05141	0.01138	0.01427	0.01327	0.01050	0.01347	0.00995	0.01553	0.00783	0.00554	0.00528	0.00176	0.00685	0.03235	0.00241	0.00580
17	0.10445	0.09910	0.06361	0.12972	0.14993	0.02867	0.06981	0.01568	0.01162	0.10398	0.09141	0.01592	0.02884	0.00605	0.00574	0.00162	0.05881	0.00498	0.00335	0.00673
18	0.85377	0.01007	0.00765	0.00685	0.01007	0.01168	0.00564	0.01531	0.00886	0.02336	0.00725	0.00846	0.00564	0.00483	0.00322	0.00161	0.00403	0.00282	0.00322	0.00564
19	0.02255	0.00916	0.01215	0.00942	0.01338	0.00823	0.00775	0.04322	0.06863	0.71617	0.02040	0.01772	0.01301	0.00648	0.00524	0.00162	0.00444	0.00527	0.00634	0.00882
20	0.03252	0.03245	0.04053	0.03803	0.36266	0.16369	0.02679	0.01539	0.01203	0.03363	0.01349	0.15145	0.01318	0.00721	0.00533	0.00164	0.00622	0.03379	0.00315	0.00682
