[name]
unknown

[dist]
# distance from previous block
# <min> <max>
0	8

[block]
# block no. 0 follows, 45 sequences, length 46
# corresponding to MSA columns:
# 8-53
name=unknown_A
#
# <colnr> <probs for GDERKNQSTAVLIFYWHMCP>
#	G	D	E	R	K	N	Q	S	T	A	V	L	I	F	Y	W	H	M	C	P
0	0.05964	0.00827	0.07681	0.00825	0.01061	0.00655	0.00723	0.01266	0.01332	0.10985	0.29155	0.07484	0.14896	0.01094	0.00615	0.00187	0.00383	0.13779	0.00516	0.00571
1	0.01515	0.72245	0.02644	0.00934	0.01378	0.01993	0.00914	0.01689	0.01123	0.08100	0.00867	0.00955	0.00746	0.00490	0.00398	0.00122	0.02598	0.00314	0.00268	0.00706
2	0.24971	0.01426	0.08959	0.03747	0.06408	0.01296	0.42121	0.01665	0.01148	0.01906	0.00972	0.01250	0.00736	0.00474	0.00529	0.00175	0.00737	0.00503	0.00284	0.00693
3	0.05597	0.70322	0.02743	0.01027	0.01488	0.02010	0.07562	0.01616	0.01098	0.01361	0.00777	0.00914	0.00695	0.00461	0.00370	0.00123	0.00596	0.00318	0.00238	0.00687
4	0.01211	0.01385	0.04638	0.02152	0.05583	0.01270	0.64496	0.01630	0.01241	0.01689	0.01247	0.08489	0.01056	0.00564	0.00631	0.00183	0.00839	0.00701	0.00290	0.00705
5	0.01148	0.01312	0.07475	0.13267	0.09337	0.01214	0.39366	0.01543	0.01240	0.01710	0.11650	0.01756	0.01380	0.00584	0.00656	0.00179	0.04573	0.00620	0.00306	0.00685
6	0.00932	0.00466	0.00699	0.00699	0.00699	0.00466	0.00466	0.00699	0.00699	0.00932	0.00932	0.01632	0.00932	0.01865	0.02098	0.84382	0.00466	0.00466	0.00233	0.00233
7	0.00654	0.00467	0.00623	0.00747	0.00779	0.00436	0.00498	0.00747	0.01028	0.01370	0.02959	0.80785	0.03550	0.01682	0.00685	0.00218	0.00311	0.01526	0.00498	0.00436
8	0.00757	0.00586	0.00699	0.00723	0.00845	0.00563	0.00521	0.01068	0.10032	0.01695	0.22974	0.34375	0.20463	0.01345	0.00644	0.00193	0.00300	0.01184	0.00528	0.00507
9	0.08421	0.08862	0.13344	0.01383	0.04703	0.48381	0.01159	0.04931	0.01406	0.01557	0.00862	0.01004	0.00696	0.00535	0.00468	0.00145	0.00837	0.00355	0.00280	0.00671
10	0.01004	0.00529	0.00547	0.00534	0.00666	0.00529	0.00403	0.03040	0.01195	0.02048	0.08474	0.02163	0.01693	0.00668	0.00402	0.00130	0.00259	0.00542	0.74665	0.00511
11	0.00654	0.00467	0.00623	0.00747	0.00779	0.00436	0.00498	0.00747	0.01028	0.01370	0.02959	0.80785	0.03550	0.01682	0.00685	0.00218	0.00311	0.01526	0.00498	0.00436
12	0.01732	0.01680	0.01500	0.01416	0.08338	0.25040	0.01028	0.23951	0.23260	0.02234	0.01423	0.01531	0.01108	0.00649	0.00529	0.00162	0.00660	0.02533	0.00435	0.00789
13	0.02408	0.00914	0.01246	0.00955	0.01370	0.00789	0.00789	0.02616	0.01536	0.78158	0.02118	0.01827	0.01329	0.00664	0.00540	0.00166	0.00457	0.00540	0.00664	0.00914
14	0.01430	0.01200	0.01267	0.01112	0.01432	0.01379	0.00873	0.12696	0.66819	0.02399	0.02064	0.01907	0.01541	0.00717	0.00545	0.00179	0.00447	0.00590	0.00545	0.00858
15	0.00654	0.00467	0.00623	0.00747	0.00779	0.00436	0.00498	0.00747	0.01028	0.01370	0.02959	0.80785	0.03550	0.01682	0.00685	0.00218	0.00311	0.01526	0.00498	0.00436
16	0.01435	0.81458	0.02813	0.00918	0.01378	0.02124	0.00918	0.01607	0.01091	0.01263	0.00746	0.00861	0.00689	0.00459	0.00344	0.00115	0.00574	0.00287	0.00230	0.00689
17	0.01269	0.01032	0.01153	0.00940	0.01321	0.01001	0.00740	0.02098	0.36442	0.05793	0.01641	0.03745	0.01291	0.00600	0.00482	0.00135	0.00411	0.00497	0.00447	0.38963
18	0.02054	0.03796	0.01510	0.01306	0.01612	0.62986	0.00998	0.05262	0.01557	0.12514	0.01033	0.01104	0.00793	0.00571	0.00492	0.00143	0.00871	0.00378	0.00343	0.00678
19	0.01167	0.01210	0.02254	0.21654	0.02613	0.01251	0.35589	0.01519	0.01137	0.01581	0.00983	0.01356	0.00772	0.00527	0.00716	0.00171	0.10881	0.00523	0.00266	0.13830
20	0.08727	0.16925	0.29986	0.01536	0.02113	0.07797	0.22289	0.01714	0.01175	0.01655	0.00927	0.01134	0.00712	0.00487	0.00496	0.00160	0.00764	0.00429	0.00253	0.00722
21	0.00825	0.00564	0.00713	0.00673	0.00820	0.00509	0.00505	0.01047	0.01443	0.06250	0.56930	0.08531	0.16867	0.01151	0.00631	0.00174	0.00271	0.01006	0.00574	0.00516
22	0.01014	0.00954	0.01610	0.79845	0.03697	0.01193	0.01491	0.01371	0.01073	0.01371	0.00954	0.01431	0.00716	0.00537	0.00537	0.00179	0.00716	0.00477	0.00239	0.00596
23	0.01874	0.01250	0.01391	0.01099	0.01475	0.01343	0.00896	0.46956	0.10174	0.15236	0.08311	0.01720	0.01443	0.00696	0.00541	0.00164	0.00509	0.00550	0.03517	0.00856
24	0.01006	0.00577	0.00689	0.00649	0.00711	0.00564	0.00405	0.01043	0.00889	0.11764	0.01739	0.03216	0.01838	0.66534	0.05812	0.00486	0.00552	0.00738	0.00371	0.00414
25	0.02408	0.00914	0.01246	0.00955	0.01370	0.00789	0.00789	0.02616	0.01536	0.78158	0.02118	0.01827	0.01329	0.00664	0.00540	0.00166	0.00457	0.00540	0.00664	0.00914
26	0.01077	0.02777	0.78354	0.01530	0.02323	0.01247	0.01983	0.01700	0.01133	0.01700	0.00963	0.01133	0.00680	0.00510	0.00510	0.00170	0.00793	0.00397	0.00227	0.00793
27	0.01779	0.08487	0.16379	0.01091	0.01552	0.01121	0.01042	0.02376	0.19273	0.37082	0.03127	0.01687	0.01285	0.00639	0.00520	0.00166	0.00522	0.00513	0.00511	0.00848
28	0.02092	0.01422	0.01560	0.01196	0.01624	0.01543	0.00988	0.65802	0.02387	0.13771	0.01404	0.01364	0.00971	0.00647	0.00537	0.00162	0.00572	0.00491	0.00555	0.00913
29	0.00654	0.00467	0.00623	0.00747	0.00779	0.00436	0.00498	0.00747	0.01028	0.01370	0.02959	0.80785	0.03550	0.01682	0.00685	0.00218	0.00311	0.01526	0.00498	0.00436
30	0.01465	0.06680	0.02050	0.11637	0.14793	0.25359	0.17459	0.01759	0.02695	0.01508	0.00975	0.01259	0.00793	0.00609	0.02200	0.00176	0.05521	0.00463	0.01919	0.00680
31	0.01322	0.01599	0.06263	0.02135	0.02654	0.08259	0.64443	0.01748	0.01275	0.01674	0.01050	0.01386	0.00795	0.00474	0.00638	0.00178	0.02528	0.00594	0.00269	0.00715
32	0.02408	0.00914	0.01246	0.00955	0.01370	0.00789	0.00789	0.02616	0.01536	0.78158	0.02118	0.01827	0.01329	0.00664	0.00540	0.00166	0.00457	0.00540	0.00664	0.00914
33	0.01948	0.01427	0.01534	0.01193	0.01596	0.01577	0.00976	0.66196	0.07782	0.04795	0.01387	0.01440	0.01015	0.03838	0.00625	0.00177	0.00573	0.00505	0.00532	0.00885
34	0.00764	0.00580	0.00758	0.05114	0.00997	0.00581	0.00591	0.04243	0.01166	0.01557	0.11550	0.54674	0.09940	0.01452	0.00694	0.00205	0.02877	0.01288	0.00488	0.00481
35	0.01178	0.01285	0.02621	0.05053	0.02429	0.01292	0.54428	0.01542	0.01172	0.01609	0.01229	0.09931	0.01089	0.00656	0.00792	0.00192	0.11843	0.00700	0.00289	0.00669
36	0.01150	0.00982	0.01149	0.00831	0.01291	0.00781	0.00668	0.04140	0.01157	0.01796	0.00959	0.01122	0.00797	0.00424	0.00446	0.00088	0.02943	0.00329	0.00324	0.78628
37	0.84927	0.01038	0.00789	0.00706	0.01038	0.01204	0.00581	0.01578	0.00914	0.02408	0.00747	0.00872	0.00581	0.00498	0.00332	0.00166	0.00415	0.00291	0.00332	0.00581
38	0.00776	0.00538	0.00676	0.00676	0.00707	0.00570	0.00438	0.00839	0.00807	0.01108	0.01609	0.03054	0.01752	0.55954	0.27641	0.00632	0.00820	0.00714	0.00313	0.00376
39	0.84927	0.01038	0.00789	0.00706	0.01038	0.01204	0.00581	0.01578	0.00914	0.02408	0.00747	0.00872	0.00581	0.00498	0.00332	0.00166	0.00415	0.00291	0.00332	0.00581
40	0.05635	0.01065	0.01266	0.06739	0.01506	0.01110	0.00853	0.29263	0.03307	0.23335	0.16543	0.01993	0.01840	0.00726	0.00544	0.00165	0.00478	0.00588	0.02258	0.00785
41	0.06138	0.00967	0.01254	0.00966	0.01379	0.00878	0.00798	0.08474	0.01587	0.68689	0.01989	0.01740	0.01261	0.00655	0.00530	0.00166	0.00466	0.00524	0.00639	0.00898
42	0.00654	0.00467	0.00623	0.00747	0.00779	0.00436	0.00498	0.00747	0.01028	0.01370	0.02959	0.80785	0.03550	0.01682	0.00685	0.00218	0.00311	0.01526	0.00498	0.00436
43	0.01677	0.01083	0.01190	0.00982	0.01306	0.01165	0.00788	0.27500	0.21417	0.15153	0.01767	0.01729	0.01278	0.00665	0.00502	0.00159	0.00447	0.00529	0.19863	0.00801
44	0.01246	0.01175	0.01988	0.20766	0.52450	0.01232	0.03602	0.03426	0.01223	0.01697	0.01107	0.01616	0.00944	0.00551	0.00547	0.00169	0.00654	0.04557	0.00279	0.00770
45	0.00829	0.00583	0.00717	0.00670	0.00829	0.00531	0.00507	0.01087	0.03553	0.05792	0.54631	0.04117	0.21885	0.01127	0.00626	0.00172	0.00273	0.00977	0.00572	0.00524

[dist]
# distance from previous block
# <min> <max>
2	41

[block]
# block no. 1 follows, 45 sequences, length 124
# corresponding to MSA columns:
# 95-107,111-118,133-235
name=unknown_B
#
# <colnr> <probs for GDERKNQSTAVLIFYWHMCP>
#	G	D	E	R	K	N	Q	S	T	A	V	L	I	F	Y	W	H	M	C	P
0	0.00763	0.00566	0.00734	0.00692	0.00816	0.00537	0.00521	0.01002	0.01470	0.02068	0.69365	0.05889	0.08854	0.01121	0.00669	0.00173	0.02706	0.00978	0.00573	0.00504
1	0.00672	0.00501	0.00661	0.00802	0.03134	0.00464	0.00523	0.00778	0.01056	0.01391	0.03186	0.69588	0.12043	0.01607	0.00675	0.00212	0.00317	0.01448	0.00491	0.00451
2	0.00670	0.00489	0.00654	0.00768	0.00798	0.00473	0.00519	0.00764	0.01021	0.01368	0.02889	0.78343	0.03463	0.01659	0.00718	0.00219	0.02760	0.01494	0.00490	0.00441
3	0.01319	0.01266	0.02161	0.05642	0.75514	0.01273	0.01643	0.01639	0.01218	0.01742	0.01008	0.01332	0.00846	0.00480	0.00532	0.00160	0.00640	0.00478	0.00265	0.00842
4	0.01248	0.01408	0.03024	0.02175	0.02678	0.01344	0.70348	0.01672	0.01233	0.01680	0.01088	0.01500	0.00845	0.02948	0.00746	0.00194	0.04261	0.00631	0.00272	0.00706
5	0.00775	0.00527	0.00626	0.00629	0.00644	0.00540	0.00379	0.00805	0.00799	0.01078	0.01687	0.05251	0.01905	0.68137	0.13566	0.00562	0.00646	0.00770	0.00324	0.00350
6	0.00662	0.00545	0.00582	0.00573	0.00742	0.00465	0.00430	0.00824	0.01289	0.01606	0.21429	0.04909	0.61480	0.01301	0.00634	0.00179	0.00268	0.01097	0.00519	0.00465
7	0.01309	0.01255	0.02143	0.08132	0.73104	0.01270	0.01638	0.01630	0.01213	0.01730	0.01006	0.01335	0.00842	0.00482	0.00532	0.00161	0.00643	0.00478	0.00264	0.00834
8	0.01289	0.01345	0.04302	0.04861	0.49702	0.01315	0.21516	0.01641	0.01206	0.01708	0.01011	0.01350	0.00825	0.00499	0.00626	0.00170	0.05058	0.00517	0.00264	0.00794
9	0.01174	0.01174	0.01644	0.01409	0.01409	0.01644	0.01174	0.01292	0.00822	0.01292	0.00705	0.01174	0.00705	0.00940	0.01762	0.00235	0.80153	0.00470	0.00235	0.00587
10	0.00932	0.00466	0.00699	0.00699	0.00699	0.00466	0.00466	0.00699	0.00699	0.00932	0.00932	0.01632	0.00932	0.01865	0.02098	0.84382	0.00466	0.00466	0.00233	0.00233
11	0.01274	0.04714	0.09252	0.09686	0.02631	0.06380	0.49553	0.01679	0.01217	0.01612	0.01008	0.01348	0.00773	0.00504	0.00666	0.00178	0.06011	0.00555	0.00261	0.00701
12	0.01162	0.02600	0.70358	0.01586	0.06020	0.01223	0.01901	0.01747	0.01160	0.05879	0.01029	0.01181	0.00724	0.00517	0.00513	0.00169	0.00767	0.00409	0.00253	0.00803
13	0.30075	0.41121	0.01909	0.00910	0.01303	0.10926	0.00818	0.03612	0.01126	0.03028	0.00794	0.00905	0.00669	0.00492	0.00365	0.00137	0.00565	0.00305	0.00286	0.00654
14	0.01162	0.21492	0.60385	0.01385	0.02098	0.01455	0.01730	0.01678	0.01123	0.01596	0.00912	0.01069	0.00682	0.00498	0.00471	0.00157	0.00741	0.00371	0.00227	0.00768
15	0.01195	0.22542	0.48435	0.01532	0.09916	0.01453	0.01629	0.01658	0.01131	0.01596	0.00913	0.01084	0.00704	0.00490	0.00466	0.00152	0.00707	0.00374	0.00235	0.03786
16	0.13088	0.09576	0.01445	0.01093	0.01431	0.25678	0.00876	0.15260	0.08747	0.10454	0.01402	0.03467	0.03976	0.00643	0.00482	0.00155	0.00633	0.00466	0.00409	0.00718
17	0.00780	0.00522	0.00595	0.00595	0.00599	0.00526	0.00338	0.00787	0.00784	0.01048	0.01682	0.03462	0.01930	0.78357	0.05481	0.00533	0.00553	0.00773	0.00324	0.00331
18	0.00963	0.01966	0.49487	0.01255	0.01807	0.00988	0.03302	0.01440	0.01229	0.01781	0.19720	0.06409	0.04706	0.00760	0.00560	0.00174	0.00616	0.01806	0.00344	0.00686
19	0.01129	0.01150	0.05296	0.01243	0.01423	0.01294	0.03722	0.03146	0.00966	0.01474	0.00922	0.03077	0.00859	0.01100	0.08933	0.00256	0.44904	0.00475	0.00272	0.18358
20	0.01113	0.00954	0.01113	0.00795	0.01272	0.00716	0.00636	0.01352	0.01113	0.01749	0.00954	0.01113	0.00795	0.00398	0.00398	0.00080	0.00398	0.00318	0.00318	0.84417
21	0.01062	0.00855	0.08906	0.00822	0.01064	0.00650	0.00713	0.03249	0.01468	0.13420	0.49445	0.08298	0.05881	0.01005	0.00607	0.00172	0.00353	0.00874	0.00554	0.00602
22	0.00850	0.00569	0.00746	0.00691	0.00833	0.00522	0.00522	0.01101	0.01520	0.06304	0.73386	0.03890	0.04861	0.01074	0.00628	0.00169	0.00264	0.00947	0.00595	0.00529
23	0.01979	0.01444	0.01562	0.01193	0.01626	0.01566	0.00984	0.68132	0.02386	0.05357	0.01286	0.01290	0.00915	0.00626	0.00526	0.00155	0.00572	0.00472	0.00524	0.07405
24	0.03939	0.02924	0.01384	0.02286	0.01490	0.07022	0.00874	0.34250	0.01854	0.18994	0.01651	0.01665	0.05894	0.00660	0.00516	0.00152	0.00540	0.01661	0.00497	0.11747
25	0.01421	0.27181	0.31276	0.01303	0.01884	0.04524	0.06949	0.09819	0.01319	0.06084	0.01000	0.01121	0.00758	0.00512	0.00468	0.00149	0.00688	0.00394	0.00294	0.02857
26	0.01114	0.10983	0.70475	0.01466	0.02225	0.01338	0.01872	0.01690	0.01129	0.01654	0.00941	0.01105	0.00681	0.00505	0.00493	0.00164	0.00770	0.00385	0.00227	0.00782
27	0.01329	0.01275	0.02179	0.03295	0.77787	0.01275	0.01647	0.01647	0.01222	0.01754	0.01010	0.01329	0.00850	0.00478	0.00531	0.00159	0.00638	0.00478	0.00266	0.00850
28	0.05237	0.01123	0.13868	0.03535	0.01422	0.00812	0.00915	0.01904	0.01411	0.37593	0.20872	0.02337	0.05104	0.00763	0.00553	0.00168	0.00461	0.00635	0.00538	0.00749
29	0.01067	0.00654	0.00825	0.00766	0.00942	0.00615	0.00577	0.04158	0.04860	0.14193	0.37085	0.20085	0.09757	0.01141	0.00622	0.00180	0.00321	0.00999	0.00571	0.00584
30	0.00652	0.00547	0.00568	0.00569	0.00744	0.00463	0.00431	0.00801	0.01248	0.01512	0.11225	0.05101	0.69224	0.01342	0.00638	0.00182	0.00278	0.03510	0.00506	0.00459
31	0.01035	0.00977	0.01639	0.73475	0.07303	0.01211	0.01488	0.01383	0.01073	0.01388	0.00949	0.01418	0.00722	0.00547	0.00576	0.00180	0.03311	0.00477	0.00240	0.00609
32	0.25937	0.02471	0.05681	0.16054	0.12831	0.04079	0.20667	0.03136	0.01147	0.01876	0.00935	0.01214	0.00722	0.00496	0.00495	0.00170	0.00674	0.00452	0.00285	0.00679
33	0.00693	0.00526	0.00765	0.00830	0.00895	0.00495	0.04438	0.00813	0.01046	0.01393	0.02882	0.71002	0.05198	0.01665	0.02677	0.00232	0.00374	0.03140	0.00481	0.00454
34	0.00654	0.00467	0.00623	0.00747	0.00779	0.00436	0.00498	0.00747	0.01028	0.01370	0.02959	0.80785	0.03550	0.01682	0.00685	0.00218	0.00311	0.01526	0.00498	0.00436
35	0.00729	0.00547	0.00703	0.00754	0.00858	0.00482	0.00521	0.00849	0.01050	0.01445	0.03953	0.66659	0.03135	0.01466	0.00638	0.00195	0.00324	0.01323	0.00471	0.13899
36	0.12681	0.00905	0.01093	0.00934	0.01218	0.00897	0.04766	0.08185	0.09456	0.08250	0.01767	0.20512	0.01697	0.04747	0.02673	0.00201	0.00468	0.02593	0.00438	0.16518
37	0.01814	0.01227	0.01359	0.01095	0.01454	0.01326	0.00885	0.44664	0.12938	0.13462	0.01709	0.08742	0.01339	0.00753	0.00544	0.00168	0.00506	0.00605	0.04569	0.00841
38	0.00654	0.00467	0.00623	0.00747	0.00779	0.00436	0.00498	0.00747	0.01028	0.01370	0.02959	0.80785	0.03550	0.01682	0.00685	0.00218	0.00311	0.01526	0.00498	0.00436
39	0.01412	0.71281	0.10660	0.00994	0.01483	0.03952	0.01033	0.01630	0.01106	0.01310	0.00771	0.00892	0.00688	0.00467	0.00365	0.00121	0.00607	0.00300	0.00230	0.00698
40	0.01435	0.81458	0.02813	0.00918	0.01378	0.02124	0.00918	0.01607	0.01091	0.01263	0.00746	0.00861	0.00689	0.00459	0.00344	0.00115	0.00574	0.00287	0.00230	0.00689
41	0.01543	0.01233	0.01342	0.01007	0.01455	0.02747	0.00818	0.34161	0.03464	0.02469	0.01126	0.01207	0.00864	0.00517	0.00464	0.00119	0.00495	0.00398	0.00418	0.44153
42	0.01252	0.01312	0.01621	0.01395	0.01448	0.10893	0.03029	0.01385	0.00920	0.01303	0.00774	0.01213	0.00745	0.01069	0.06284	0.00260	0.63802	0.00465	0.00244	0.00588
43	0.26743	0.01009	0.01400	0.45094	0.10017	0.01188	0.01201	0.01510	0.01057	0.04746	0.00942	0.01266	0.00712	0.00524	0.00474	0.00173	0.00606	0.00423	0.00287	0.00629
44	0.01329	0.01275	0.02179	0.03295	0.77787	0.01275	0.01647	0.01647	0.01222	0.01754	0.01010	0.01329	0.00850	0.00478	0.00531	0.00159	0.00638	0.00478	0.00266	0.00850
45	0.00635	0.00540	0.00547	0.00553	0.00727	0.00452	0.00412	0.00769	0.01215	0.01447	0.05328	0.08532	0.74274	0.01374	0.00637	0.00183	0.00274	0.01150	0.00498	0.00452
46	0.01005	0.00642	0.00846	0.25229	0.01583	0.00716	0.00723	0.01288	0.01109	0.01805	0.01503	0.01824	0.01170	0.00598	0.00426	0.00142	0.00395	0.00493	0.57974	0.00530
47	0.01314	0.01131	0.01196	0.01077	0.01374	0.01305	0.00837	0.02786	0.74104	0.02242	0.04899	0.02075	0.01762	0.00742	0.00549	0.00182	0.00419	0.00620	0.00548	0.00837
48	0.02408	0.00914	0.01246	0.00955	0.01370	0.00789	0.00789	0.02616	0.01536	0.78158	0.02118	0.01827	0.01329	0.00664	0.00540	0.00166	0.00457	0.00540	0.00664	0.00914
49	0.00666	0.00545	0.00587	0.00577	0.00744	0.00467	0.00433	0.00831	0.01298	0.01626	0.23477	0.04877	0.59420	0.01294	0.00634	0.00178	0.00267	0.01092	0.00522	0.00467
50	0.38965	0.01296	0.01245	0.00999	0.01386	0.01460	0.00825	0.42845	0.01806	0.02949	0.01048	0.01103	0.00765	0.00579	0.00446	0.00163	0.00513	0.00397	0.00446	0.00765
51	0.00861	0.00615	0.00859	0.00977	0.01100	0.00614	0.00851	0.01108	0.01247	0.01627	0.05710	0.05976	0.03165	0.01468	0.00737	0.00244	0.00485	0.71362	0.00498	0.00495
52	0.04368	0.08869	0.01394	0.00949	0.01367	0.00944	0.00800	0.03608	0.01492	0.67545	0.01936	0.01700	0.01241	0.00640	0.00515	0.00161	0.00469	0.00508	0.00611	0.00883
53	0.00715	0.00547	0.00656	0.00629	0.00775	0.00488	0.00471	0.00927	0.01414	0.01903	0.51904	0.04420	0.30820	0.01190	0.00634	0.00173	0.00260	0.01028	0.00558	0.00488
54	0.02265	0.00982	0.01272	0.00982	0.01384	0.00905	0.00808	0.13517	0.01683	0.62890	0.06033	0.01863	0.01467	0.00685	0.00544	0.00165	0.00466	0.00554	0.00641	0.00892
55	0.02024	0.01392	0.01525	0.01184	0.01600	0.01517	0.00973	0.59386	0.09304	0.13269	0.01483	0.01427	0.01036	0.00655	0.00538	0.00164	0.00557	0.00502	0.00555	0.00907
56	0.00640	0.00544	0.00551	0.00549	0.00728	0.00455	0.00412	0.00780	0.01236	0.01479	0.08388	0.05119	0.74601	0.01349	0.00634	0.00181	0.00271	0.01126	0.00502	0.00455
57	0.11390	0.00927	0.01196	0.00928	0.01334	0.00834	0.00766	0.02503	0.01469	0.69913	0.01969	0.01723	0.01247	0.00646	0.00517	0.00166	0.00452	0.00513	0.00628	0.00877
58	0.03437	0.01245	0.01758	0.01410	0.01690	0.09296	0.21983	0.03222	0.11908	0.03528	0.14889	0.01986	0.01728	0.00868	0.03867	0.00210	0.14018	0.01914	0.00382	0.00660
59	0.00931	0.00751	0.01114	0.01007	0.01145	0.02033	0.06462	0.05138	0.00985	0.01390	0.01338	0.01969	0.01234	0.06204	0.54888	0.04848	0.06001	0.00566	0.01484	0.00512
60	0.01419	0.78004	0.06129	0.00945	0.01419	0.02085	0.00965	0.01611	0.01093	0.01282	0.00756	0.00873	0.00688	0.00461	0.00352	0.00117	0.00584	0.00292	0.00229	0.00693
61	0.00932	0.00466	0.00699	0.00699	0.00699	0.00466	0.00466	0.00699	0.00699	0.00932	0.00932	0.01632	0.00932	0.01865	0.02098	0.84382	0.00466	0.00466	0.00233	0.00233
62	0.01113	0.00954	0.01113	0.00795	0.01272	0.00716	0.00636	0.01352	0.01113	0.01749	0.00954	0.01113	0.00795	0.00398	0.00398	0.00080	0.00398	0.00318	0.00318	0.84417
63	0.01109	0.09985	0.71433	0.01474	0.02237	0.01327	0.01886	0.01691	0.01129	0.01660	0.00943	0.01108	0.00681	0.00505	0.00495	0.00165	0.00773	0.00387	0.00227	0.00784
64	0.06226	0.40172	0.24797	0.01159	0.01690	0.03298	0.03905	0.06796	0.01214	0.01642	0.02224	0.02913	0.00842	0.00531	0.00432	0.00144	0.00639	0.00388	0.00271	0.00720
65	0.00932	0.00466	0.00699	0.00699	0.00699	0.00466	0.00466	0.00699	0.00699	0.00932	0.00932	0.01632	0.00932	0.01865	0.02098	0.84382	0.00466	0.00466	0.00233	0.00233
66	0.01186	0.00952	0.01121	0.00804	0.01278	0.00720	0.00645	0.01422	0.01137	0.06026	0.01019	0.01153	0.00825	0.00412	0.00405	0.00084	0.00401	0.00330	0.00337	0.79742
67	0.05397	0.36533	0.42008	0.01226	0.01853	0.01622	0.01456	0.01654	0.01104	0.01547	0.00859	0.01003	0.00679	0.00488	0.00430	0.00146	0.00680	0.00344	0.00233	0.00738
68	0.00659	0.00469	0.00621	0.00741	0.00771	0.00439	0.00491	0.00749	0.01018	0.01357	0.02909	0.77746	0.03487	0.04807	0.00766	0.00230	0.00320	0.01497	0.00491	0.00432
69	0.00693	0.00495	0.00666	0.00782	0.00832	0.00468	0.00557	0.00819	0.01086	0.01448	0.06828	0.64974	0.03556	0.01620	0.00691	0.00220	0.00337	0.12974	0.00502	0.00449
70	0.05326	0.01046	0.01119	0.00823	0.01282	0.05015	0.00655	0.01406	0.01125	0.01758	0.00937	0.01093	0.00779	0.00411	0.00399	0.00087	0.00430	0.00318	0.00316	0.75675
71	0.00979	0.00719	0.00808	0.00755	0.00836	0.02710	0.00514	0.10237	0.01058	0.01429	0.02730	0.05099	0.01742	0.49469	0.13977	0.00487	0.02735	0.00710	0.02562	0.00447
72	0.00658	0.00470	0.00628	0.00752	0.00786	0.00440	0.00506	0.00755	0.01032	0.01375	0.02956	0.79217	0.03541	0.01678	0.00686	0.00219	0.00315	0.03051	0.00498	0.00437
73	0.00691	0.00493	0.00665	0.00786	0.00834	0.00467	0.00559	0.00812	0.01071	0.01423	0.04217	0.67096	0.03500	0.01639	0.00694	0.00222	0.00341	0.13544	0.00499	0.00447
74	0.06007	0.03543	0.03941	0.04098	0.54893	0.08165	0.01467	0.08232	0.01338	0.01873	0.00995	0.01253	0.00816	0.00502	0.00511	0.00158	0.00654	0.00450	0.00292	0.00811
75	0.00692	0.00473	0.00610	0.00716	0.00754	0.00446	0.00478	0.00795	0.01023	0.01410	0.02779	0.69390	0.03265	0.05925	0.00769	0.00226	0.00317	0.01392	0.08104	0.00436
76	0.00651	0.00548	0.00567	0.00571	0.00747	0.00463	0.00434	0.00797	0.01236	0.01487	0.08322	0.05161	0.70898	0.01355	0.00640	0.00184	0.00282	0.04696	0.00502	0.00457
77	0.10852	0.01713	0.01472	0.01256	0.03479	0.23835	0.00976	0.37548	0.08203	0.03801	0.01180	0.01221	0.00879	0.00606	0.00500	0.00157	0.00666	0.00434	0.00436	0.00787
78	0.03130	0.66142	0.05023	0.00965	0.01401	0.09760	0.00937	0.01650	0.01133	0.01334	0.00801	0.00926	0.00714	0.00478	0.00365	0.00120	0.00605	0.00305	0.03535	0.00676
79	0.01218	0.01366	0.04286	0.14281	0.05308	0.01293	0.56440	0.01643	0.01225	0.01668	0.01054	0.01418	0.00797	0.00465	0.00600	0.00174	0.00838	0.00583	0.00268	0.05075
80	0.03738	0.01388	0.01369	0.01208	0.03976	0.10203	0.00925	0.23890	0.36590	0.06181	0.01779	0.01702	0.03256	0.00684	0.00533	0.00169	0.00539	0.00540	0.00503	0.00828
81	0.01909	0.12269	0.01709	0.01395	0.04549	0.64547	0.01045	0.03888	0.01481	0.01376	0.00838	0.00977	0.00703	0.00541	0.00470	0.00137	0.00897	0.00347	0.00277	0.00647
82	0.09981	0.00680	0.00797	0.02797	0.01057	0.00690	0.00694	0.02319	0.05297	0.01685	0.03187	0.12869	0.21847	0.01287	0.00644	0.00212	0.00412	0.32553	0.00475	0.00515
83	0.06349	0.04278	0.01443	0.01272	0.01541	0.66032	0.00964	0.02022	0.01438	0.01420	0.00888	0.01038	0.00735	0.00559	0.00484	0.00140	0.02112	0.00354	0.06318	0.00612
84	0.58665	0.01021	0.01015	0.08465	0.05163	0.01136	0.00757	0.01738	0.01050	0.15185	0.01014	0.01111	0.00735	0.00529	0.00397	0.00167	0.00462	0.00360	0.00377	0.00653
85	0.02723	0.00560	0.00719	0.00676	0.00807	0.00523	0.00508	0.01026	0.01505	0.02159	0.75713	0.03937	0.04960	0.01083	0.00626	0.00169	0.00257	0.00955	0.00585	0.00508
86	0.01184	0.01211	0.01653	0.17501	0.01934	0.07219	0.04667	0.01368	0.00953	0.01331	0.00863	0.03483	0.00805	0.00896	0.03071	0.00227	0.50292	0.00502	0.00249	0.00591
87	0.84927	0.01038	0.00789	0.00706	0.01038	0.01204	0.00581	0.01578	0.00914	0.02408	0.00747	0.00872	0.00581	0.00498	0.00332	0.00166	0.00415	0.00291	0.00332	0.00581
88	0.09776	0.00958	0.01225	0.00948	0.01357	0.00875	0.00783	0.06632	0.01536	0.67190	0.01949	0.01711	0.01239	0.00648	0.00521	0.00166	0.00461	0.00514	0.00628	0.00884
89	0.00668	0.00478	0.00638	0.00756	0.00796	0.00448	0.00516	0.00776	0.01057	0.01412	0.05885	0.74147	0.03588	0.01649	0.00686	0.00217	0.00318	0.05022	0.00502	0.00442
90	0.01052	0.00993	0.01680	0.70459	0.12781	0.01203	0.01510	0.01405	0.01092	0.01418	0.00961	0.01419	0.00732	0.00530	0.00536	0.00177	0.00706	0.00477	0.00242	0.00627
91	0.01001	0.00500	0.00500	0.00500	0.00625	0.00500	0.00375	0.01251	0.01126	0.02001	0.01751	0.02001	0.01376	0.00625	0.00375	0.00125	0.00250	0.00500	0.84115	0.00500
92	0.00660	0.00470	0.00621	0.00740	0.00769	0.00440	0.00490	0.00749	0.01016	0.01355	0.02899	0.77131	0.03475	0.05438	0.00782	0.00232	0.00321	0.01491	0.00490	0.00431
93	0.02212	0.03598	0.01273	0.00954	0.01341	0.03906	0.00785	0.04298	0.01545	0.64297	0.08368	0.01932	0.01588	0.00689	0.00539	0.00163	0.00467	0.00559	0.00625	0.00860
94	0.00658	0.00470	0.00626	0.00745	0.00779	0.00439	0.00499	0.00757	0.01045	0.01398	0.05645	0.78018	0.03605	0.01661	0.00683	0.00216	0.00309	0.01506	0.00502	0.00439
95	0.00678	0.00484	0.00627	0.00717	0.00759	0.00453	0.00479	0.00780	0.01060	0.01422	0.10862	0.62396	0.05625	0.09897	0.00892	0.00243	0.00326	0.01378	0.00490	0.00432
96	0.02069	0.01400	0.01540	0.01187	0.01610	0.01519	0.00979	0.62023	0.05228	0.14715	0.01449	0.01398	0.01004	0.00651	0.00538	0.00163	0.00564	0.00497	0.00557	0.00911
97	0.39738	0.14597	0.03049	0.00864	0.01246	0.01288	0.00754	0.09180	0.01266	0.18257	0.04400	0.01254	0.00985	0.00567	0.00415	0.00157	0.00470	0.00393	0.00414	0.00704
98	0.01380	0.70884	0.11174	0.00985	0.01474	0.01994	0.01031	0.01603	0.01090	0.01311	0.00786	0.00919	0.00703	0.00545	0.02133	0.00138	0.00618	0.00306	0.00231	0.00696
99	0.00666	0.00478	0.00635	0.00756	0.00797	0.00448	0.00518	0.00770	0.01046	0.01387	0.03021	0.74108	0.05602	0.01661	0.00687	0.00219	0.00321	0.05940	0.00498	0.00440
100	0.01458	0.78355	0.02762	0.00937	0.01389	0.05147	0.00923	0.01628	0.01108	0.01265	0.00750	0.00865	0.00689	0.00463	0.00350	0.00116	0.00590	0.00289	0.00231	0.00686
101	0.01424	0.79322	0.02752	0.00907	0.01358	0.02081	0.00904	0.01598	0.01092	0.01282	0.00773	0.00891	0.00707	0.00464	0.00345	0.00115	0.00566	0.00293	0.02443	0.00684
102	0.01364	0.01219	0.03482	0.06598	0.19176	0.04885	0.01097	0.03881	0.36100	0.06223	0.05486	0.01990	0.01528	0.00690	0.00551	0.00175	0.00528	0.03784	0.00447	0.00794
103	0.00976	0.03290	0.06243	0.00940	0.01153	0.00742	0.04486	0.04161	0.03018	0.03956	0.17034	0.15186	0.03990	0.01120	0.00619	0.00193	0.00434	0.22310	0.09586	0.00562
104	0.00829	0.00561	0.00715	0.00681	0.00823	0.00509	0.00509	0.01047	0.01429	0.06450	0.55506	0.12046	0.14532	0.01168	0.00633	0.00175	0.00274	0.01025	0.00573	0.00516
105	0.01113	0.00954	0.01113	0.00795	0.01272	0.00716	0.00636	0.01352	0.01113	0.01749	0.00954	0.01113	0.00795	0.00398	0.00398	0.00080	0.00398	0.00318	0.00318	0.84417
106	0.01347	0.01145	0.01596	0.05631	0.31605	0.01189	0.01160	0.04121	0.26589	0.05908	0.04468	0.01667	0.01294	0.00595	0.00527	0.00160	0.00519	0.00527	0.00405	0.09546
107	0.00653	0.00472	0.00618	0.00735	0.00775	0.00437	0.00493	0.00749	0.01039	0.01375	0.03105	0.76331	0.07910	0.01663	0.00682	0.00216	0.00309	0.01503	0.00498	0.00437
108	0.00746	0.00547	0.00700	0.00672	0.00801	0.00501	0.00505	0.00981	0.01465	0.02038	0.65464	0.06698	0.12670	0.01154	0.00638	0.00174	0.00263	0.02909	0.00576	0.00498
109	0.01113	0.00954	0.01113	0.00795	0.01272	0.00716	0.00636	0.01352	0.01113	0.01749	0.00954	0.01113	0.00795	0.00398	0.00398	0.00080	0.00398	0.00318	0.00318	0.84417
110	0.01166	0.00916	0.09307	0.00847	0.01118	0.00710	0.00743	0.04783	0.03385	0.16215	0.44503	0.03171	0.07444	0.02517	0.00637	0.00176	0.00376	0.00802	0.00551	0.00634
111	0.00654	0.00467	0.00623	0.00747	0.00779	0.00436	0.00498	0.00747	0.01028	0.01370	0.02959	0.80785	0.03550	0.01682	0.00685	0.00218	0.00311	0.01526	0.00498	0.00436
112	0.00781	0.00520	0.00585	0.00585	0.00585	0.00520	0.00325	0.00781	0.00781	0.01041	0.01691	0.03513	0.01952	0.81135	0.02732	0.00520	0.00520	0.00781	0.00325	0.00325
113	0.01113	0.00954	0.01113	0.00795	0.01272	0.00716	0.00636	0.01352	0.01113	0.01749	0.00954	0.01113	0.00795	0.00398	0.00398	0.00080	0.00398	0.00318	0.00318	0.84417
114	0.01359	0.00817	0.00929	0.00802	0.01010	0.00883	0.00639	0.16046	0.03342	0.10134	0.03334	0.01824	0.01313	0.00812	0.03761	0.00178	0.07110	0.00515	0.44552	0.00640
115	0.00654	0.00467	0.00623	0.00747	0.00779	0.00436	0.00498	0.00747	0.01028	0.01370	0.02959	0.80785	0.03550	0.01682	0.00685	0.00218	0.00311	0.01526	0.00498	0.00436
116	0.00984	0.00902	0.01219	0.01116	0.01150	0.02755	0.00885	0.01107	0.00878	0.01278	0.01320	0.14834	0.01410	0.07102	0.19572	0.00395	0.41586	0.00689	0.00298	0.00520
117	0.01599	0.01220	0.02865	0.06150	0.05997	0.04026	0.05066	0.13476	0.30242	0.15906	0.03483	0.01907	0.01407	0.00690	0.00554	0.00175	0.00537	0.03383	0.00500	0.00818
118	0.00648	0.00544	0.00563	0.00558	0.00733	0.00459	0.00419	0.00797	0.01256	0.01527	0.13280	0.05040	0.69679	0.01331	0.00634	0.00180	0.00270	0.01115	0.00509	0.00459
119	0.00729	0.00546	0.00676	0.00647	0.00784	0.00493	0.00484	0.00953	0.01442	0.01978	0.59673	0.05873	0.21407	0.01169	0.00634	0.00173	0.00259	0.01019	0.00568	0.00493
120	0.02026	0.01454	0.01571	0.01213	0.01635	0.01600	0.00999	0.68355	0.06161	0.07411	0.01379	0.01354	0.00972	0.00650	0.00538	0.00162	0.00575	0.00493	0.00544	0.00910
121	0.01970	0.01478	0.01673	0.01276	0.01702	0.01622	0.05091	0.70228	0.02415	0.03239	0.01287	0.01348	0.00931	0.02466	0.00592	0.00170	0.00606	0.00498	0.00518	0.00889
122	0.01257	0.01053	0.01248	0.00995	0.05132	0.00898	0.00752	0.12020	0.01314	0.01973	0.00999	0.01150	0.00813	0.00448	0.00453	0.00098	0.02111	0.00353	0.00345	0.66586
123	0.01245	0.05424	0.07626	0.01902	0.04195	0.01455	0.43067	0.01669	0.05266	0.01621	0.01026	0.01359	0.00819	0.00591	0.00878	0.00190	0.20137	0.00555	0.00272	0.00704

[dist]
# distance from previous block
# <min> <max>
0	1

[block]
# block no. 2 follows, 45 sequences, length 156
# corresponding to MSA columns:
# 237-392
name=unknown_C
#
# <colnr> <probs for GDERKNQSTAVLIFYWHMCP>
#	G	D	E	R	K	N	Q	S	T	A	V	L	I	F	Y	W	H	M	C	P
0	0.00968	0.00706	0.00821	0.00798	0.00976	0.00694	0.00611	0.09196	0.07979	0.05173	0.11446	0.23608	0.24682	0.01264	0.00636	0.00194	0.00359	0.08802	0.00524	0.00563
1	0.00767	0.00575	0.00863	0.00863	0.00959	0.00671	0.00671	0.00959	0.00863	0.01246	0.01438	0.02109	0.01342	0.04026	0.79008	0.00863	0.01438	0.00575	0.00288	0.00479
2	0.01348	0.50011	0.28347	0.01154	0.01715	0.06473	0.01287	0.01671	0.01131	0.01414	0.00825	0.00960	0.00686	0.00482	0.00409	0.00135	0.00672	0.00328	0.00231	0.00720
3	0.01586	0.01565	0.01873	0.04286	0.44564	0.19748	0.01366	0.08102	0.03034	0.05222	0.01063	0.01274	0.00852	0.00523	0.00518	0.00154	0.00696	0.00449	0.00316	0.02811
4	0.03477	0.01161	0.01284	0.01063	0.01358	0.06755	0.02375	0.28856	0.01566	0.02146	0.01231	0.01546	0.01026	0.03747	0.25374	0.00381	0.03248	0.00485	0.00383	0.12538
5	0.00675	0.00491	0.00641	0.00750	0.00807	0.00457	0.00526	0.00792	0.01079	0.01420	0.04969	0.64381	0.10647	0.01617	0.00685	0.00216	0.00324	0.08579	0.00500	0.00445
6	0.01020	0.00955	0.01622	0.75832	0.03596	0.01179	0.03389	0.01377	0.01080	0.01396	0.00978	0.01446	0.00735	0.00537	0.00535	0.00178	0.00709	0.00482	0.02356	0.00597
7	0.08590	0.01021	0.01222	0.10516	0.01614	0.01104	0.00893	0.09241	0.25146	0.22037	0.01865	0.02163	0.01439	0.02809	0.00600	0.00189	0.00493	0.07777	0.00510	0.00771
8	0.01294	0.01240	0.02117	0.11680	0.69671	0.01266	0.01630	0.01617	0.01206	0.01712	0.01004	0.01340	0.00836	0.00485	0.00532	0.00162	0.00646	0.00478	0.00263	0.00822
9	0.02393	0.00937	0.01261	0.00966	0.01382	0.00824	0.00798	0.05589	0.01576	0.75129	0.02084	0.01805	0.01312	0.00664	0.00540	0.00166	0.00462	0.00538	0.00659	0.00913
10	0.00677	0.00488	0.00642	0.00752	0.00792	0.00465	0.00506	0.00807	0.02778	0.01401	0.04806	0.73777	0.03468	0.03533	0.02138	0.00235	0.00338	0.01456	0.00494	0.00446
11	0.06859	0.01310	0.01414	0.01104	0.01502	0.01413	0.00907	0.54309	0.03462	0.12649	0.01746	0.01690	0.07775	0.00703	0.00534	0.00164	0.00532	0.00539	0.00538	0.00851
12	0.00649	0.00544	0.00564	0.00559	0.00734	0.00459	0.00419	0.00798	0.01258	0.01531	0.13728	0.05033	0.69228	0.01329	0.00634	0.00180	0.00270	0.01114	0.00509	0.00459
13	0.00740	0.00540	0.00690	0.00669	0.00785	0.00499	0.00491	0.00956	0.01402	0.01950	0.59421	0.10881	0.11144	0.05144	0.02130	0.00204	0.00294	0.01018	0.00556	0.00486
14	0.00943	0.00834	0.01200	0.01098	0.01153	0.01091	0.00888	0.01102	0.00845	0.01266	0.01122	0.01706	0.01067	0.02695	0.45689	0.00592	0.35390	0.00530	0.00265	0.00526
15	0.04663	0.01443	0.01538	0.01188	0.01609	0.03536	0.00978	0.62677	0.02325	0.12573	0.01363	0.01334	0.00948	0.00640	0.00530	0.00161	0.00578	0.00481	0.00540	0.00895
16	0.00995	0.00501	0.00502	0.00502	0.00624	0.00501	0.00374	0.01239	0.01117	0.01978	0.01750	0.02039	0.01390	0.02614	0.00433	0.00135	0.00257	0.00507	0.82046	0.00496
17	0.00995	0.00788	0.00837	0.00775	0.01011	0.00798	0.00596	0.01648	0.29003	0.05981	0.07800	0.03762	0.41760	0.01076	0.00597	0.00180	0.00337	0.00899	0.00530	0.00627
18	0.02014	0.01448	0.01571	0.01211	0.01629	0.01595	0.00999	0.70443	0.02428	0.06448	0.01328	0.01338	0.00944	0.00757	0.03126	0.00184	0.00613	0.00489	0.00534	0.00899
19	0.00890	0.00661	0.00862	0.00906	0.01052	0.00671	0.00754	0.01292	0.10441	0.01850	0.25470	0.04944	0.03515	0.01275	0.00685	0.00215	0.00413	0.43033	0.00530	0.00541
20	0.00656	0.00471	0.00623	0.00741	0.00778	0.00438	0.00496	0.00755	0.01045	0.01392	0.04942	0.76950	0.05405	0.01659	0.00683	0.00216	0.00309	0.01502	0.00501	0.00438
21	0.84927	0.01038	0.00789	0.00706	0.01038	0.01204	0.00581	0.01578	0.00914	0.02408	0.00747	0.00872	0.00581	0.00498	0.00332	0.00166	0.00415	0.00291	0.00332	0.00581
22	0.01645	0.05677	0.01257	0.00951	0.01271	0.01039	0.00776	0.19218	0.09039	0.24886	0.23731	0.02399	0.02351	0.00800	0.00560	0.00166	0.00434	0.02462	0.00572	0.00766
23	0.00853	0.00614	0.00848	0.00965	0.01092	0.00609	0.00841	0.01094	0.01235	0.01598	0.02979	0.06008	0.07005	0.01476	0.00736	0.00244	0.00483	0.70334	0.00495	0.00492
24	0.03886	0.01460	0.01566	0.02632	0.01669	0.01624	0.01007	0.68143	0.07329	0.03250	0.01329	0.01329	0.00949	0.00645	0.00533	0.00163	0.00578	0.00487	0.00527	0.00895
25	0.81251	0.01022	0.00794	0.00712	0.01038	0.01177	0.00583	0.01577	0.00928	0.03846	0.00829	0.02864	0.00669	0.00531	0.00345	0.00167	0.00413	0.00326	0.00343	0.00584
26	0.00849	0.00582	0.00755	0.00708	0.00850	0.00544	0.00535	0.01133	0.03838	0.05532	0.67705	0.06934	0.04701	0.01095	0.00630	0.00172	0.00274	0.02042	0.00588	0.00532
27	0.00773	0.00571	0.00843	0.00843	0.00935	0.00661	0.00650	0.00958	0.00866	0.01256	0.01456	0.02163	0.01367	0.07068	0.74036	0.00831	0.01372	0.00582	0.02296	0.00474
28	0.01322	0.01371	0.05268	0.04575	0.65393	0.02948	0.07903	0.01661	0.01226	0.01732	0.01009	0.01325	0.00834	0.00480	0.00538	0.00162	0.00675	0.00485	0.00264	0.00828
29	0.01468	0.04421	0.05086	0.12683	0.01830	0.01235	0.04292	0.07037	0.34824	0.14334	0.03475	0.01902	0.01407	0.00682	0.00545	0.00176	0.00526	0.02805	0.00479	0.00794
30	0.01106	0.07376	0.70576	0.01526	0.02289	0.01303	0.05168	0.01695	0.01137	0.01675	0.00956	0.01131	0.00686	0.00504	0.00506	0.00167	0.00785	0.00401	0.00229	0.00784
31	0.01328	0.01138	0.01203	0.01083	0.01383	0.01310	0.00846	0.04459	0.71956	0.02242	0.02238	0.02139	0.03002	0.00756	0.00552	0.00183	0.00428	0.02374	0.00544	0.00836
32	0.01617	0.01279	0.01349	0.04719	0.04869	0.08462	0.00926	0.29045	0.15910	0.08542	0.06532	0.02076	0.06492	0.02670	0.00605	0.00177	0.00545	0.02917	0.00494	0.00774
33	0.06319	0.01255	0.07030	0.01094	0.01500	0.03874	0.03292	0.17929	0.09596	0.33414	0.03366	0.01649	0.01232	0.00749	0.02966	0.00187	0.00558	0.00517	0.02641	0.00831
34	0.00689	0.00492	0.00663	0.00788	0.00834	0.00466	0.00559	0.00808	0.01062	0.01410	0.02939	0.68334	0.03473	0.01649	0.00695	0.00223	0.00342	0.13629	0.00498	0.00446
35	0.00794	0.00585	0.00769	0.00846	0.00976	0.00560	0.00707	0.01011	0.01258	0.01633	0.13149	0.10128	0.17861	0.01420	0.00703	0.00222	0.00408	0.45978	0.00508	0.00484
36	0.03382	0.01144	0.04308	0.01138	0.04386	0.05354	0.00906	0.16530	0.15702	0.11851	0.04995	0.09326	0.03741	0.00917	0.00586	0.00186	0.00507	0.13814	0.00503	0.00727
37	0.01330	0.01075	0.01219	0.00908	0.01352	0.00953	0.00730	0.19894	0.02980	0.02150	0.01142	0.04344	0.00951	0.00517	0.00447	0.00107	0.00443	0.00413	0.00384	0.58662
38	0.00833	0.00594	0.00820	0.00922	0.01034	0.00587	0.00779	0.01060	0.01234	0.01627	0.10760	0.12285	0.03306	0.03851	0.00785	0.00244	0.00453	0.57841	0.00500	0.00485
39	0.00665	0.00480	0.00625	0.00725	0.00772	0.00445	0.00489	0.00771	0.01073	0.01430	0.09171	0.67842	0.08047	0.03823	0.00735	0.00220	0.00310	0.01436	0.00501	0.00440
40	0.01374	0.16276	0.03643	0.03599	0.43990	0.01472	0.09873	0.06757	0.01275	0.01750	0.00977	0.01243	0.00810	0.00498	0.00545	0.00155	0.03127	0.00457	0.00277	0.01903
41	0.01404	0.01085	0.01269	0.00955	0.01369	0.01004	0.02595	0.24630	0.01591	0.04689	0.07544	0.01537	0.01253	0.03755	0.00564	0.00135	0.00465	0.00458	0.00419	0.43278
42	0.00854	0.00466	0.00678	0.00713	0.00722	0.00458	0.00475	0.00713	0.00791	0.01055	0.01500	0.23803	0.01666	0.01814	0.01702	0.60807	0.00423	0.00763	0.00307	0.00290
43	0.00874	0.00606	0.00809	0.00892	0.01031	0.00583	0.00755	0.01091	0.01238	0.04679	0.04956	0.10722	0.15076	0.01434	0.00710	0.00229	0.00439	0.52868	0.00504	0.00501
44	0.01333	0.20658	0.37260	0.01471	0.05083	0.14533	0.07145	0.01736	0.01212	0.01549	0.02779	0.01145	0.00809	0.00514	0.00481	0.00152	0.00761	0.00398	0.00250	0.00730
45	0.01254	0.01514	0.07233	0.02202	0.02746	0.01358	0.70021	0.01708	0.01249	0.01708	0.01070	0.01424	0.00805	0.00467	0.00654	0.00182	0.02796	0.00617	0.00268	0.00724
46	0.00777	0.00519	0.00587	0.00590	0.00591	0.00518	0.00331	0.00780	0.00788	0.01051	0.01731	0.05916	0.02001	0.78664	0.02668	0.00511	0.00514	0.00804	0.00331	0.00329
47	0.02084	0.01464	0.01564	0.01206	0.01629	0.03882	0.00993	0.64972	0.02375	0.12295	0.01374	0.01344	0.00956	0.00644	0.00536	0.00161	0.00586	0.00486	0.00544	0.00904
48	0.01110	0.00813	0.00887	0.00840	0.02346	0.03094	0.00622	0.14162	0.03897	0.07211	0.05311	0.20160	0.27889	0.04389	0.00691	0.00196	0.00394	0.02245	0.03157	0.00585
49	0.00645	0.00544	0.00559	0.00555	0.00732	0.00458	0.00416	0.00791	0.01249	0.01511	0.11641	0.05066	0.71328	0.01337	0.00634	0.00180	0.00270	0.01119	0.00506	0.00458
50	0.00654	0.00467	0.00623	0.00747	0.00779	0.00436	0.00498	0.00747	0.01028	0.01370	0.02959	0.80785	0.03550	0.01682	0.00685	0.00218	0.00311	0.01526	0.00498	0.00436
51	0.05288	0.03569	0.22490	0.04047	0.07583	0.14085	0.19101	0.08817	0.04691	0.03682	0.01071	0.01256	0.00802	0.00526	0.00531	0.00165	0.00770	0.00467	0.00307	0.00752
52	0.01414	0.03079	0.05616	0.01229	0.01510	0.05265	0.03824	0.17726	0.01367	0.04980	0.01275	0.01472	0.05877	0.00739	0.00961	0.00176	0.29346	0.00489	0.00351	0.13303
53	0.01132	0.00965	0.01123	0.00804	0.01280	0.00735	0.00644	0.02850	0.01141	0.01782	0.00961	0.01117	0.00797	0.00402	0.00400	0.00081	0.00401	0.00321	0.00322	0.82740
54	0.00771	0.00556	0.00735	0.00723	0.00846	0.00520	0.00558	0.01018	0.01461	0.02047	0.64171	0.07015	0.04728	0.01173	0.00650	0.00182	0.00290	0.11480	0.00574	0.00502
55	0.01191	0.01274	0.02535	0.08982	0.02504	0.01215	0.51081	0.01572	0.01197	0.01661	0.01115	0.04640	0.00910	0.00522	0.00635	0.00168	0.03993	0.00599	0.00284	0.13921
56	0.01719	0.01288	0.01439	0.05106	0.01616	0.01381	0.00932	0.49418	0.05777	0.04519	0.01344	0.03794	0.01049	0.03904	0.00630	0.00169	0.01808	0.00509	0.00479	0.13120
57	0.01117	0.07044	0.62901	0.01529	0.02240	0.01311	0.07560	0.01669	0.01126	0.01659	0.00948	0.01144	0.00695	0.00520	0.00566	0.00169	0.04464	0.00410	0.00233	0.02696
58	0.01535	0.64105	0.04664	0.01025	0.01458	0.16873	0.00971	0.01713	0.01175	0.01285	0.00768	0.00889	0.00689	0.00479	0.00376	0.00121	0.00656	0.00301	0.00239	0.00679
59	0.01207	0.00956	0.01124	0.00813	0.01282	0.00734	0.00651	0.01472	0.02834	0.07007	0.01061	0.01182	0.00851	0.00423	0.00411	0.00088	0.00402	0.00340	0.00347	0.76815
60	0.01414	0.76899	0.07190	0.00954	0.01433	0.02073	0.00980	0.01613	0.01093	0.01288	0.00759	0.00877	0.00688	0.00462	0.00354	0.00118	0.00587	0.00293	0.00229	0.00695
61	0.03543	0.74263	0.05734	0.00949	0.01414	0.04048	0.00955	0.01624	0.01099	0.01311	0.00757	0.00875	0.00686	0.00465	0.00354	0.00119	0.00589	0.00293	0.00233	0.00689
62	0.00932	0.00466	0.00699	0.00699	0.00699	0.00466	0.00466	0.00699	0.00699	0.00932	0.00932	0.01632	0.00932	0.01865	0.02098	0.84382	0.00466	0.00466	0.00233	0.00233
63	0.10385	0.01479	0.01526	0.01185	0.01601	0.03256	0.00976	0.66940	0.02340	0.03241	0.01225	0.01240	0.00875	0.00628	0.00515	0.00161	0.00581	0.00461	0.00511	0.00873
64	0.00693	0.00544	0.00637	0.00691	0.00825	0.00487	0.00532	0.00847	0.01190	0.01483	0.05864	0.21796	0.43224	0.01452	0.00669	0.00204	0.00330	0.17574	0.00499	0.00460
65	0.01066	0.01042	0.01866	0.64790	0.07124	0.01221	0.12403	0.01436	0.01109	0.01441	0.00976	0.01429	0.00737	0.00522	0.00551	0.00178	0.00740	0.00500	0.00245	0.00627
66	0.00894	0.00651	0.00887	0.00995	0.01130	0.00663	0.00864	0.01221	0.05957	0.01646	0.02801	0.05802	0.02999	0.01436	0.00729	0.00243	0.00490	0.69578	0.00498	0.00516
67	0.01077	0.02777	0.78354	0.01530	0.02323	0.01247	0.01983	0.01700	0.01133	0.01700	0.00963	0.01133	0.00680	0.00510	0.00510	0.00170	0.00793	0.00397	0.00227	0.00793
68	0.00850	0.00601	0.00768	0.00713	0.00860	0.00572	0.00539	0.01189	0.06678	0.04523	0.70000	0.03804	0.04714	0.01059	0.00624	0.00170	0.00271	0.00932	0.00590	0.00543
69	0.00665	0.00480	0.00620	0.00726	0.00770	0.00447	0.00489	0.00760	0.01034	0.01362	0.03085	0.67869	0.09630	0.06577	0.00809	0.00234	0.00325	0.03197	0.00487	0.00432
