[name]
unknown

[dist]
# distance from previous block
# <min> <max>
6	23

[block]
# block no. 0 follows, 44 sequences, length 16
# corresponding to MSA columns:
# 27-42
name=unknown_A
#
# <colnr> <probs for GDERKNQSTAVLIFYWHMCP>
#	G	D	E	R	K	N	Q	S	T	A	V	L	I	F	Y	W	H	M	C	P
0	0.00989	0.00742	0.01051	0.07735	0.01312	0.00748	0.06702	0.04196	0.07403	0.06288	0.05727	0.34038	0.08249	0.11154	0.00905	0.00240	0.00452	0.01053	0.00463	0.00555
1	0.02825	0.00914	0.01000	0.00901	0.01120	0.06056	0.00678	0.10507	0.05562	0.20067	0.07056	0.25816	0.02249	0.08098	0.00781	0.00213	0.00451	0.00879	0.04173	0.00653
2	0.00839	0.00593	0.00673	0.00681	0.00752	0.00587	0.00445	0.05209	0.03109	0.01409	0.02547	0.23433	0.12287	0.39790	0.01669	0.00357	0.00431	0.01002	0.03755	0.00433
3	0.01638	0.01058	0.01203	0.00990	0.01288	0.01108	0.00780	0.35885	0.01803	0.13455	0.01733	0.12287	0.01505	0.08790	0.04295	0.00234	0.00539	0.00671	0.07411	0.03328
4	0.01472	0.01060	0.01188	0.01003	0.01251	0.01154	0.00777	0.36490	0.04580	0.04746	0.03785	0.15288	0.03317	0.14150	0.00996	0.00238	0.04058	0.00753	0.02999	0.00696
5	0.04279	0.00744	0.00803	0.02723	0.00972	0.04193	0.00571	0.03370	0.09131	0.01594	0.06436	0.32942	0.04021	0.18895	0.01086	0.00266	0.00424	0.01006	0.03745	0.02798
6	0.00867	0.00639	0.00760	0.00702	0.00869	0.00555	0.00487	0.00986	0.01048	0.03220	0.06192	0.23781	0.09809	0.25123	0.01236	0.00271	0.00399	0.00917	0.00415	0.21724
7	0.03736	0.01192	0.01355	0.04184	0.05725	0.06177	0.00932	0.15552	0.11500	0.08475	0.01566	0.04011	0.04293	0.00881	0.04421	0.00200	0.09864	0.01804	0.00422	0.13710
8	0.01503	0.04390	0.01516	0.01203	0.03482	0.04330	0.07316	0.20244	0.08982	0.08673	0.01563	0.12146	0.01368	0.02763	0.00651	0.00171	0.03920	0.00630	0.00443	0.14708
9	0.01778	0.00963	0.01163	0.00947	0.01280	0.00941	0.00761	0.17704	0.07469	0.34073	0.13103	0.05577	0.10094	0.00856	0.00578	0.00173	0.00435	0.00709	0.00602	0.00794
10	0.03374	0.00884	0.05146	0.00829	0.01035	0.04233	0.00658	0.04245	0.03127	0.11819	0.06745	0.21017	0.20095	0.11519	0.00916	0.00232	0.02130	0.00951	0.00478	0.00567
11	0.02303	0.01004	0.01349	0.01143	0.06104	0.00920	0.00875	0.07795	0.04994	0.64428	0.02025	0.01794	0.01304	0.00665	0.00548	0.00169	0.00483	0.00543	0.00635	0.00921
12	0.01120	0.01095	0.01692	0.67038	0.11499	0.05547	0.01505	0.01467	0.01132	0.01431	0.00968	0.01416	0.00740	0.00540	0.00542	0.00177	0.00733	0.00477	0.00247	0.00635
13	0.75587	0.01043	0.00875	0.05590	0.01237	0.01202	0.00657	0.01640	0.00968	0.05996	0.00839	0.00967	0.00635	0.00517	0.00360	0.00169	0.00443	0.00319	0.00348	0.00608
14	0.54335	0.04258	0.01061	0.05202	0.01312	0.01192	0.00714	0.06330	0.01157	0.12860	0.02588	0.01156	0.00834	0.00547	0.00401	0.00163	0.00458	0.00369	0.00393	0.04671
15	0.03266	0.05910	0.19920	0.02357	0.01573	0.01172	0.05327	0.06940	0.01164	0.07185	0.01439	0.07424	0.03443	0.11223	0.05918	0.00274	0.13869	0.00604	0.00338	0.00653

[dist]
# distance from previous block
# <min> <max>
2	27

[block]
# block no. 1 follows, 44 sequences, length 11
# corresponding to MSA columns:
# 70-80
name=unknown_B
#
# <colnr> <probs for GDERKNQSTAVLIFYWHMCP>
#	G	D	E	R	K	N	Q	S	T	A	V	L	I	F	Y	W	H	M	C	P
0	0.10825	0.01015	0.01152	0.02779	0.01240	0.06845	0.02502	0.03154	0.05384	0.01558	0.01212	0.01807	0.01131	0.14107	0.20370	0.00404	0.15213	0.00520	0.00316	0.08468
1	0.21427	0.06502	0.08490	0.02997	0.01396	0.01148	0.00892	0.03520	0.09991	0.19535	0.09449	0.04163	0.01504	0.00707	0.00580	0.00174	0.05813	0.00535	0.00452	0.00723
2	0.23371	0.01238	0.08270	0.00936	0.01244	0.08821	0.00797	0.09158	0.01314	0.10605	0.07192	0.11891	0.04884	0.07160	0.00690	0.00202	0.00515	0.00648	0.00429	0.00637
3	0.01304	0.01030	0.01264	0.05585	0.08548	0.03609	0.03283	0.20813	0.03667	0.03344	0.04123	0.08641	0.04425	0.19773	0.01146	0.03355	0.00550	0.00687	0.00412	0.04438
4	0.16994	0.01311	0.08578	0.06274	0.05190	0.01246	0.01017	0.22069	0.08310	0.16838	0.03234	0.04112	0.01163	0.00657	0.00513	0.00171	0.00539	0.00515	0.00470	0.00798
5	0.00999	0.00895	0.01484	0.66506	0.03262	0.01093	0.01346	0.01310	0.01106	0.01437	0.08179	0.01716	0.01160	0.00694	0.00666	0.06104	0.00664	0.00531	0.00276	0.00571
6	0.03030	0.01306	0.01571	0.20731	0.03473	0.14221	0.03516	0.01449	0.01075	0.01406	0.02396	0.06947	0.02423	0.00817	0.01056	0.00200	0.32947	0.00557	0.00281	0.00599
7	0.00677	0.00480	0.00629	0.00742	0.00771	0.00452	0.00488	0.00763	0.01018	0.01358	0.02874	0.72671	0.03441	0.09747	0.00907	0.00253	0.00338	0.01473	0.00488	0.00431
8	0.00829	0.00611	0.00771	0.00785	0.00835	0.00651	0.00541	0.04502	0.01001	0.01357	0.02179	0.32935	0.04104	0.29022	0.11435	0.00408	0.06159	0.01030	0.00402	0.00445
9	0.04791	0.07007	0.27156	0.01523	0.09968	0.01215	0.08092	0.04276	0.08401	0.10744	0.05856	0.05953	0.01322	0.00651	0.00538	0.00172	0.00626	0.00561	0.00374	0.00776
10	0.04807	0.29955	0.29787	0.01364	0.03552	0.03327	0.09489	0.04391	0.01212	0.01664	0.03470	0.01201	0.00879	0.00589	0.02017	0.00167	0.00711	0.00413	0.00268	0.00737

[dist]
# distance from previous block
# <min> <max>
2	15

[block]
# block no. 2 follows, 44 sequences, length 33
# corresponding to MSA columns:
# 96-128
name=unknown_C
#
# <colnr> <probs for GDERKNQSTAVLIFYWHMCP>
#	G	D	E	R	K	N	Q	S	T	A	V	L	I	F	Y	W	H	M	C	P
0	0.03746	0.01042	0.03645	0.10152	0.10501	0.00999	0.02919	0.13296	0.04866	0.03120	0.03821	0.02648	0.23736	0.00822	0.00558	0.00165	0.00491	0.02056	0.00418	0.11000
1	0.02603	0.01103	0.03903	0.07414	0.06367	0.01149	0.00938	0.20113	0.20885	0.02234	0.06824	0.20282	0.01988	0.00927	0.00585	0.00185	0.00485	0.00797	0.00486	0.00731
2	0.04015	0.15043	0.32605	0.01133	0.01620	0.04422	0.01235	0.03492	0.02464	0.01775	0.16360	0.05435	0.04070	0.01955	0.00554	0.00168	0.00593	0.00579	0.00348	0.02136
3	0.01350	0.32598	0.32236	0.01422	0.08640	0.01636	0.01425	0.09405	0.01301	0.01752	0.02973	0.01157	0.00854	0.00526	0.00462	0.00149	0.00670	0.00392	0.00278	0.00775
4	0.00797	0.02771	0.00946	0.02845	0.05577	0.00629	0.03706	0.00961	0.01138	0.01508	0.07761	0.45411	0.09273	0.03620	0.00729	0.00219	0.00400	0.10736	0.00470	0.00501
5	0.01851	0.00983	0.01225	0.01012	0.01341	0.00995	0.00821	0.06890	0.18235	0.40280	0.07613	0.02267	0.04785	0.00795	0.00647	0.00180	0.05514	0.03144	0.00594	0.00828
6	0.01192	0.01160	0.02006	0.37674	0.17429	0.01319	0.14147	0.04547	0.01182	0.01603	0.01019	0.02676	0.00824	0.00591	0.00713	0.00185	0.10246	0.00529	0.00270	0.00687
7	0.75206	0.10184	0.01036	0.00742	0.01094	0.01329	0.00629	0.01606	0.00948	0.02313	0.00759	0.00884	0.00603	0.00502	0.00339	0.00163	0.00440	0.00295	0.00326	0.00603
8	0.00779	0.00584	0.00876	0.00876	0.00974	0.00681	0.00681	0.00974	0.00876	0.01266	0.01460	0.02142	0.01363	0.04089	0.78680	0.00876	0.01460	0.00584	0.00292	0.00487
9	0.00882	0.00645	0.00919	0.06012	0.01287	0.00659	0.00908	0.01135	0.01238	0.01609	0.02768	0.08137	0.02998	0.01451	0.00738	0.00246	0.00511	0.66866	0.00486	0.00507
10	0.01756	0.01370	0.01458	0.01190	0.01570	0.01543	0.00960	0.43536	0.35163	0.02926	0.01710	0.01629	0.01252	0.00692	0.00550	0.00173	0.00526	0.00546	0.00550	0.00899
11	0.02037	0.02598	0.01545	0.01404	0.01685	0.78652	0.01053	0.02177	0.01545	0.01334	0.00843	0.00983	0.00702	0.00562	0.00492	0.00140	0.00983	0.00351	0.00281	0.00632
12	0.01831	0.07177	0.06477	0.01235	0.04209	0.01466	0.01030	0.42068	0.09466	0.11961	0.04967	0.01577	0.01233	0.02102	0.00575	0.00170	0.00563	0.00519	0.00509	0.00865
13	0.01297	0.43979	0.33672	0.01274	0.01885	0.01742	0.06136	0.01678	0.01137	0.01494	0.00870	0.01026	0.00704	0.00487	0.00437	0.00144	0.00696	0.00360	0.00235	0.00745
14	0.00663	0.00477	0.00630	0.00752	0.00789	0.00443	0.00503	0.00760	0.01051	0.01395	0.03097	0.77739	0.06292	0.01696	0.00694	0.00220	0.00315	0.01535	0.00506	0.00443
15	0.01098	0.02534	0.66119	0.01657	0.09132	0.01222	0.01875	0.01662	0.01136	0.01689	0.01030	0.01324	0.00789	0.05646	0.00664	0.00194	0.00774	0.00435	0.00240	0.00781
16	0.04852	0.01658	0.09076	0.08215	0.24701	0.20717	0.01287	0.07574	0.02567	0.01757	0.01406	0.01732	0.06424	0.00661	0.00558	0.01372	0.00702	0.03702	0.00322	0.00718
17	0.02358	0.00944	0.01258	0.00970	0.01375	0.00839	0.00795	0.06561	0.01584	0.70628	0.02087	0.01896	0.01352	0.03945	0.00639	0.00183	0.00474	0.00555	0.00654	0.00903
18	0.00745	0.00566	0.00694	0.00706	0.00848	0.00515	0.00551	0.00954	0.01365	0.01806	0.35597	0.08146	0.28854	0.01305	0.00667	0.00193	0.00313	0.15138	0.00546	0.00491
19	0.01215	0.01264	0.06799	0.04528	0.47354	0.01199	0.05373	0.01533	0.01204	0.01695	0.01453	0.02142	0.04685	0.00700	0.00674	0.00183	0.06832	0.10100	0.00306	0.00760
20	0.04092	0.13698	0.27049	0.03467	0.04383	0.01336	0.02639	0.10406	0.04807	0.20960	0.01330	0.01357	0.00934	0.00573	0.00504	0.00163	0.00629	0.00448	0.00398	0.00826
21	0.00762	0.00525	0.00609	0.00626	0.00651	0.00515	0.00378	0.00799	0.00886	0.01173	0.04117	0.14602	0.08312	0.58814	0.04604	0.00459	0.00500	0.00928	0.00375	0.00366
22	0.46411	0.01351	0.01078	0.00944	0.01263	0.15010	0.00754	0.07776	0.07492	0.05894	0.04548	0.01235	0.00977	0.00595	0.00462	0.00167	0.02600	0.00396	0.00388	0.00660
23	0.05110	0.01338	0.03373	0.19581	0.22113	0.03632	0.18782	0.10980	0.06181	0.01941	0.01125	0.01405	0.00863	0.00534	0.00556	0.00173	0.00712	0.00518	0.00320	0.00763
24	0.01072	0.01012	0.01711	0.69508	0.13448	0.01222	0.01535	0.01430	0.01110	0.01444	0.00976	0.01440	0.00745	0.00537	0.00544	0.00179	0.00716	0.00485	0.00246	0.00640
25	0.01008	0.00511	0.00521	0.00521	0.00647	0.00514	0.00391	0.01260	0.01134	0.02007	0.01768	0.02036	0.01396	0.00752	0.03021	0.00152	0.00295	0.00511	0.81049	0.00507
26	0.07077	0.01361	0.01526	0.06797	0.01740	0.01498	0.01008	0.51983	0.02110	0.08997	0.01270	0.01321	0.00909	0.00638	0.00582	0.00164	0.04262	0.00472	0.00494	0.05792
27	0.06798	0.02087	0.01617	0.03559	0.07541	0.49092	0.03662	0.07379	0.04218	0.01637	0.00939	0.01113	0.00765	0.00592	0.00598	0.00157	0.06862	0.00401	0.00308	0.00677
28	0.00651	0.00553	0.00562	0.00559	0.00740	0.00463	0.00419	0.00795	0.01258	0.01510	0.09291	0.05185	0.73426	0.01367	0.00644	0.00183	0.00275	0.01142	0.00511	0.00463
29	0.02040	0.01511	0.01618	0.01248	0.01678	0.01676	0.01028	0.72337	0.05901	0.03384	0.01350	0.01342	0.00960	0.00658	0.00546	0.00165	0.00592	0.00497	0.00546	0.00924
30	0.01100	0.01063	0.01632	0.70351	0.05831	0.04823	0.01471	0.01499	0.04191	0.01438	0.01016	0.01452	0.00768	0.00552	0.00543	0.00179	0.00724	0.00484	0.00258	0.00625
31	0.00692	0.00549	0.00625	0.00641	0.00789	0.00482	0.00482	0.00860	0.01286	0.01634	0.21044	0.14323	0.46626	0.01371	0.00658	0.00191	0.00293	0.06453	0.00527	0.00473
32	0.00779	0.00584	0.00876	0.00876	0.00974	0.00681	0.00681	0.00974	0.00876	0.01266	0.01460	0.02142	0.01363	0.04089	0.78680	0.00876	0.01460	0.00584	0.00292	0.00487

[dist]
# distance from previous block
# <min> <max>
4	13

[block]
# block no. 3 follows, 44 sequences, length 26
# corresponding to MSA columns:
# 148-173
name=unknown_D
#
# <colnr> <probs for GDERKNQSTAVLIFYWHMCP>
#	G	D	E	R	K	N	Q	S	T	A	V	L	I	F	Y	W	H	M	C	P
0	0.02072	0.01527	0.01636	0.01254	0.01691	0.01691	0.01036	0.75622	0.02563	0.03436	0.01309	0.01309	0.00927	0.00654	0.00545	0.00164	0.00600	0.00491	0.00545	0.00927
1	0.00938	0.00594	0.00782	0.00714	0.00872	0.00543	0.00543	0.01191	0.01545	0.09722	0.69679	0.03851	0.04766	0.01071	0.00634	0.00171	0.00278	0.00942	0.00608	0.00556
2	0.09885	0.01789	0.01579	0.05024	0.11992	0.38338	0.07014	0.03236	0.01348	0.01589	0.01168	0.10711	0.01092	0.00745	0.02022	0.00176	0.00786	0.00545	0.00316	0.00647
3	0.69979	0.05136	0.01001	0.00817	0.01145	0.08996	0.00671	0.01653	0.00995	0.02246	0.00766	0.00904	0.00611	0.00523	0.00395	0.00165	0.02769	0.00306	0.00324	0.00600
4	0.01012	0.00642	0.00775	0.00707	0.00841	0.00618	0.00502	0.05555	0.01282	0.09286	0.28224	0.03558	0.10283	0.30370	0.03745	0.00324	0.00436	0.00846	0.00487	0.00507
5	0.01149	0.00942	0.01084	0.00796	0.01240	0.00744	0.00635	0.03308	0.02915	0.01856	0.01087	0.01246	0.00889	0.00441	0.00409	0.00090	0.00395	0.00353	0.08658	0.71764
6	0.00842	0.00520	0.00696	0.00780	0.00851	0.00479	0.00535	0.00948	0.01095	0.09006	0.02920	0.72650	0.03381	0.01605	0.00681	0.00216	0.00331	0.01450	0.00523	0.00491
7	0.00902	0.00474	0.00698	0.00718	0.00723	0.00469	0.00479	0.00718	0.00764	0.01018	0.01277	0.14299	0.01373	0.01864	0.01901	0.70680	0.00448	0.00646	0.00280	0.00270
8	0.00869	0.00579	0.00760	0.00702	0.00848	0.00531	0.00531	0.01124	0.01544	0.06602	0.72773	0.03943	0.04922	0.01089	0.00637	0.00171	0.00269	0.00960	0.00604	0.00539
9	0.00704	0.00564	0.00640	0.00683	0.00839	0.00500	0.00537	0.00866	0.01228	0.01505	0.04641	0.12324	0.52185	0.01442	0.00676	0.00204	0.00336	0.19152	0.00505	0.00469
10	0.01093	0.02820	0.78016	0.01554	0.02360	0.01266	0.02014	0.01727	0.01151	0.01727	0.00978	0.01151	0.00691	0.00518	0.00518	0.00173	0.00806	0.00403	0.00230	0.00806
11	0.00649	0.00550	0.00560	0.00562	0.00740	0.00461	0.00420	0.00789	0.01246	0.01491	0.07539	0.07386	0.72990	0.01382	0.00646	0.00185	0.00277	0.01157	0.00509	0.00461
12	0.02001	0.01492	0.01596	0.01240	0.01663	0.01657	0.01019	0.68376	0.09925	0.03321	0.01400	0.01381	0.01001	0.00663	0.00546	0.00166	0.00583	0.00503	0.00546	0.00921
13	0.01485	0.77441	0.02795	0.00955	0.01413	0.05786	0.00939	0.01658	0.01128	0.01285	0.00762	0.00880	0.00700	0.00471	0.00357	0.00118	0.00602	0.00294	0.00235	0.00696
14	0.01380	0.01368	0.02135	0.07324	0.68192	0.06672	0.01621	0.01693	0.01254	0.01729	0.01010	0.01329	0.00845	0.00494	0.00537	0.00161	0.00675	0.00476	0.00269	0.00834
15	0.01130	0.00969	0.01130	0.00807	0.01292	0.00727	0.00646	0.01373	0.01130	0.01776	0.00969	0.01130	0.00807	0.00404	0.00404	0.00081	0.00404	0.00323	0.00323	0.84173
16	0.76035	0.01060	0.00888	0.06857	0.01281	0.01234	0.00674	0.03515	0.00983	0.02390	0.00790	0.00941	0.00610	0.00513	0.00359	0.00170	0.00450	0.00315	0.00335	0.00600
17	0.01138	0.01945	0.36771	0.05040	0.11715	0.01218	0.22197	0.01627	0.01217	0.01735	0.05276	0.03956	0.02476	0.00583	0.00571	0.00176	0.00760	0.00564	0.00282	0.00752
18	0.01146	0.02164	0.49428	0.06050	0.13156	0.01198	0.04224	0.03666	0.01216	0.03229	0.01381	0.03505	0.06022	0.00608	0.00541	0.00174	0.00722	0.00513	0.00281	0.00774
19	0.01093	0.02820	0.78016	0.01554	0.02360	0.01266	0.02014	0.01727	0.01151	0.01727	0.00978	0.01151	0.00691	0.00518	0.00518	0.00173	0.00806	0.00403	0.00230	0.00806
20	0.02095	0.00965	0.01245	0.00948	0.01379	0.00834	0.00776	0.04522	0.04678	0.55472	0.01866	0.01686	0.01230	0.00617	0.00516	0.00150	0.00453	0.00499	0.00587	0.19482
21	0.01124	0.02636	0.68866	0.01770	0.11422	0.01270	0.01973	0.01720	0.01162	0.01733	0.00984	0.01175	0.00711	0.00514	0.00521	0.00171	0.00787	0.00413	0.00235	0.00813
22	0.01130	0.00969	0.01130	0.00807	0.01292	0.00727	0.00646	0.01373	0.01130	0.01776	0.00969	0.01130	0.00807	0.00404	0.00404	0.00081	0.00404	0.00323	0.00323	0.84173
23	0.02425	0.00961	0.01286	0.00986	0.01408	0.00851	0.00814	0.06726	0.01616	0.73669	0.02104	0.01825	0.01326	0.00674	0.00548	0.00168	0.00471	0.00545	0.00668	0.00928
24	0.00793	0.00529	0.00595	0.00595	0.00595	0.00529	0.00330	0.00793	0.00793	0.01057	0.01718	0.03568	0.01982	0.80840	0.02775	0.00529	0.00529	0.00793	0.00330	0.00330
25	0.01349	0.01295	0.02213	0.03346	0.77440	0.01295	0.01673	0.01673	0.01241	0.01781	0.01025	0.01349	0.00864	0.00486	0.00540	0.00162	0.00648	0.00486	0.00270	0.00864

[dist]
# distance from previous block
# <min> <max>
0	21

[block]
# block no. 4 follows, 44 sequences, length 122
# corresponding to MSA columns:
# 195-251,256-271,293-341
name=unknown_E
#
# <colnr> <probs for GDERKNQSTAVLIFYWHMCP>
#	G	D	E	R	K	N	Q	S	T	A	V	L	I	F	Y	W	H	M	C	P
0	0.00781	0.00553	0.00729	0.00734	0.00781	0.00597	0.00503	0.00877	0.00842	0.01169	0.01646	0.05910	0.01753	0.41441	0.38588	0.00681	0.00961	0.00724	0.00319	0.00409
1	0.00667	0.00550	0.00585	0.00583	0.00752	0.00469	0.00435	0.00823	0.01286	0.01590	0.17534	0.07999	0.62146	0.01349	0.00646	0.00183	0.00275	0.01138	0.00522	0.00469
2	0.78824	0.01045	0.00834	0.00735	0.01078	0.01193	0.00605	0.01678	0.00973	0.07823	0.00858	0.00955	0.00645	0.00518	0.00352	0.00169	0.00425	0.00313	0.00361	0.00614
3	0.02037	0.02598	0.01545	0.01404	0.01685	0.78652	0.01053	0.02177	0.01545	0.01334	0.00843	0.00983	0.00702	0.00562	0.00492	0.00140	0.00983	0.00351	0.00281	0.00632
4	0.00788	0.00568	0.00751	0.00733	0.00861	0.00531	0.00569	0.01044	0.01500	0.02104	0.66100	0.04381	0.04845	0.01173	0.00659	0.00183	0.00294	0.11817	0.00586	0.00513
5	0.01193	0.01193	0.01670	0.01431	0.01431	0.01670	0.01193	0.01312	0.00835	0.01312	0.00716	0.01193	0.00716	0.00954	0.01789	0.00239	0.79843	0.00477	0.00239	0.00596
6	0.84691	0.01054	0.00801	0.00717	0.01054	0.01223	0.00590	0.01603	0.00928	0.02446	0.00759	0.00886	0.00590	0.00506	0.00337	0.00169	0.00422	0.00295	0.00337	0.00590
7	0.01458	0.81168	0.02857	0.00933	0.01399	0.02157	0.00933	0.01632	0.01108	0.01283	0.00758	0.00875	0.00700	0.00466	0.00350	0.00117	0.00583	0.00292	0.00233	0.00700
8	0.01093	0.02820	0.78016	0.01554	0.02360	0.01266	0.02014	0.01727	0.01151	0.01727	0.00978	0.01151	0.00691	0.00518	0.00518	0.00173	0.00806	0.00403	0.00230	0.00806
9	0.01130	0.00969	0.01130	0.00807	0.01292	0.00727	0.00646	0.01373	0.01130	0.01776	0.00969	0.01130	0.00807	0.00404	0.00404	0.00081	0.00404	0.00323	0.00323	0.84173
10	0.00847	0.00613	0.00781	0.00719	0.00865	0.00582	0.00545	0.05332	0.01602	0.02258	0.72776	0.03913	0.04901	0.01088	0.00637	0.00171	0.00277	0.00957	0.00597	0.00538
11	0.84691	0.01054	0.00801	0.00717	0.01054	0.01223	0.00590	0.01603	0.00928	0.02446	0.00759	0.00886	0.00590	0.00506	0.00337	0.00169	0.00422	0.00295	0.00337	0.00590
12	0.01030	0.00969	0.01635	0.79530	0.03755	0.01211	0.01514	0.01393	0.01090	0.01393	0.00969	0.01453	0.00727	0.00545	0.00545	0.00182	0.00727	0.00484	0.00242	0.00606
13	0.01093	0.02820	0.78016	0.01554	0.02360	0.01266	0.02014	0.01727	0.01151	0.01727	0.00978	0.01151	0.00691	0.00518	0.00518	0.00173	0.00806	0.00403	0.00230	0.00806
14	0.00683	0.00491	0.00649	0.00749	0.00800	0.00457	0.00513	0.00804	0.01121	0.01506	0.13009	0.66434	0.05842	0.01615	0.00689	0.00214	0.00312	0.03139	0.00519	0.00454
15	0.00664	0.00474	0.00633	0.00759	0.00791	0.00443	0.00506	0.00759	0.01044	0.01392	0.03005	0.80485	0.03606	0.01708	0.00696	0.00221	0.00316	0.01550	0.00506	0.00443
16	0.00707	0.00537	0.00660	0.00730	0.00839	0.00490	0.00547	0.00860	0.01192	0.01528	0.09683	0.34421	0.28823	0.01510	0.00685	0.00210	0.00334	0.15265	0.00513	0.00466
17	0.00905	0.00787	0.01170	0.18599	0.03095	0.02189	0.05523	0.02451	0.01071	0.01423	0.02015	0.40065	0.02246	0.07973	0.00921	0.00234	0.07389	0.01036	0.00387	0.00522
18	0.00667	0.00476	0.00632	0.00755	0.00786	0.00445	0.00502	0.00760	0.01038	0.01384	0.02976	0.78747	0.03569	0.03495	0.00743	0.00228	0.00321	0.01533	0.00502	0.00440
19	0.02431	0.00952	0.01280	0.00982	0.01404	0.00837	0.00811	0.05621	0.01601	0.74796	0.02117	0.01833	0.01332	0.00674	0.00548	0.00168	0.00469	0.00546	0.00670	0.00928
20	0.01919	0.04228	0.05958	0.01382	0.01689	0.69400	0.01091	0.02091	0.01486	0.01353	0.00874	0.01037	0.00728	0.00699	0.03632	0.00171	0.00983	0.00362	0.00277	0.00638
21	0.00947	0.00473	0.00710	0.00710	0.00710	0.00473	0.00473	0.00710	0.00710	0.00947	0.00947	0.01657	0.00947	0.01894	0.02131	0.84138	0.00473	0.00473	0.00237	0.00237
22	0.00657	0.00501	0.00605	0.00688	0.00772	0.00449	0.00474	0.00767	0.01113	0.01420	0.03876	0.54454	0.29074	0.01595	0.00678	0.00208	0.00302	0.01412	0.00506	0.00449
23	0.01016	0.00508	0.00508	0.00508	0.00635	0.00508	0.00381	0.01270	0.01143	0.02033	0.01778	0.02033	0.01397	0.00635	0.00381	0.00127	0.00254	0.00508	0.83867	0.00508
24	0.01519	0.67970	0.05642	0.01009	0.01474	0.07479	0.00990	0.05943	0.01224	0.01428	0.00804	0.00918	0.00713	0.00486	0.00378	0.00123	0.00621	0.00312	0.00254	0.00712
25	0.02037	0.02598	0.01545	0.01404	0.01685	0.78652	0.01053	0.02177	0.01545	0.01334	0.00843	0.00983	0.00702	0.00562	0.00492	0.00140	0.00983	0.00351	0.00281	0.00632
26	0.00834	0.00664	0.00974	0.00942	0.01024	0.00809	0.00739	0.01013	0.00868	0.01266	0.01368	0.02057	0.01295	0.05909	0.66204	0.00781	0.11894	0.00576	0.00286	0.00497
27	0.00862	0.00734	0.02673	0.03008	0.09168	0.02795	0.00813	0.01055	0.01170	0.01551	0.06528	0.40433	0.03044	0.01401	0.00680	0.00217	0.00442	0.22434	0.00466	0.00526
28	0.01353	0.01283	0.02125	0.05645	0.65527	0.01308	0.03275	0.03290	0.07381	0.01842	0.01128	0.01410	0.00925	0.00511	0.00544	0.00165	0.00638	0.00500	0.00298	0.00853
29	0.01471	0.79387	0.02827	0.00944	0.01406	0.03891	0.00936	0.01645	0.01118	0.01284	0.00760	0.00877	0.00700	0.00469	0.00353	0.00117	0.00592	0.00293	0.00234	0.00698
30	0.01204	0.01023	0.01189	0.00875	0.01329	0.00855	0.00703	0.06221	0.04702	0.01888	0.01039	0.01186	0.00851	0.00457	0.00474	0.00097	0.03534	0.00353	0.00345	0.71674
31	0.00670	0.00479	0.00640	0.00766	0.00801	0.00448	0.00517	0.00770	0.01050	0.01399	0.03001	0.78316	0.03592	0.01702	0.00698	0.00222	0.00322	0.03657	0.00506	0.00445
32	0.02272	0.00889	0.01209	0.00940	0.01332	0.00771	0.00771	0.02487	0.01559	0.69935	0.09968	0.02087	0.01745	0.00721	0.00558	0.00169	0.00442	0.00594	0.00667	0.00885
33	0.01331	0.03870	0.01588	0.06912	0.11638	0.01366	0.06449	0.02506	0.53394	0.02081	0.01846	0.01824	0.01401	0.00663	0.00552	0.00179	0.00521	0.00581	0.00465	0.00830
34	0.00802	0.00613	0.00870	0.00902	0.00999	0.00601	0.04900	0.03709	0.03545	0.01528	0.02711	0.58939	0.03121	0.03114	0.03786	0.00250	0.00432	0.08197	0.00484	0.00496
35	0.00644	0.00552	0.00552	0.00552	0.00736	0.00460	0.00414	0.00782	0.01243	0.01473	0.05523	0.05247	0.77218	0.01381	0.00644	0.00184	0.00276	0.01151	0.00506	0.00460
36	0.00764	0.00557	0.00718	0.00677	0.00810	0.00511	0.00508	0.01013	0.01524	0.02141	0.72601	0.04147	0.09723	0.01131	0.00643	0.00172	0.00258	0.00996	0.00594	0.00511
37	0.01241	0.17933	0.37950	0.07972	0.14995	0.03286	0.01614	0.01747	0.05308	0.01642	0.01007	0.01199	0.00779	0.00518	0.00492	0.00160	0.00712	0.00412	0.00258	0.00777
38	0.08373	0.05215	0.01562	0.01396	0.04154	0.63811	0.01037	0.03755	0.01478	0.01481	0.00847	0.00996	0.00704	0.00562	0.00507	0.00145	0.02688	0.00355	0.00288	0.00645
39	0.00828	0.00587	0.00759	0.00731	0.00873	0.00549	0.00566	0.01103	0.03044	0.03836	0.60949	0.04292	0.08883	0.01158	0.00652	0.00182	0.00296	0.09602	0.00584	0.00527
40	0.01193	0.01193	0.01670	0.01431	0.01431	0.01670	0.01193	0.01312	0.00835	0.01312	0.00716	0.01193	0.00716	0.00954	0.01789	0.00239	0.79843	0.00477	0.00239	0.00596
41	0.00664	0.00474	0.00633	0.00759	0.00791	0.00443	0.00506	0.00759	0.01044	0.01392	0.03005	0.80485	0.03606	0.01708	0.00696	0.00221	0.00316	0.01550	0.00506	0.00443
42	0.01193	0.01193	0.01670	0.01431	0.01431	0.01670	0.01193	0.01312	0.00835	0.01312	0.00716	0.01193	0.00716	0.00954	0.01789	0.00239	0.79843	0.00477	0.00239	0.00596
43	0.00651	0.00539	0.00570	0.00590	0.00747	0.00459	0.00432	0.00784	0.01216	0.01476	0.06799	0.17887	0.63113	0.01429	0.00653	0.00190	0.00282	0.01214	0.00508	0.00459
44	0.00675	0.00482	0.00645	0.00771	0.00808	0.00452	0.00525	0.00778	0.01054	0.01404	0.02999	0.76756	0.03582	0.01698	0.00699	0.00223	0.00326	0.05172	0.00506	0.00446
45	0.01104	0.00940	0.01102	0.00805	0.01263	0.00710	0.00638	0.01337	0.01125	0.01754	0.01086	0.05709	0.00969	0.00479	0.00421	0.00089	0.00399	0.00394	0.00334	0.79342
46	0.01871	0.01382	0.01489	0.01193	0.01588	0.01535	0.00969	0.48746	0.25535	0.07367	0.01641	0.01566	0.01181	0.00682	0.00548	0.00171	0.00540	0.00533	0.00556	0.00907
47	0.00858	0.00613	0.00855	0.00981	0.01097	0.00610	0.00843	0.01094	0.01235	0.01609	0.02898	0.13241	0.03182	0.01525	0.00748	0.00248	0.00484	0.66881	0.00502	0.00496
48	0.02037	0.02598	0.01545	0.01404	0.01685	0.78652	0.01053	0.02177	0.01545	0.01334	0.00843	0.00983	0.00702	0.00562	0.00492	0.00140	0.00983	0.00351	0.00281	0.00632
49	0.01130	0.00969	0.01130	0.00807	0.01292	0.00727	0.00646	0.01373	0.01130	0.01776	0.00969	0.01130	0.00807	0.00404	0.00404	0.00081	0.00404	0.00323	0.00323	0.84173
50	0.01458	0.81168	0.02857	0.00933	0.01399	0.02157	0.00933	0.01632	0.01108	0.01283	0.00758	0.00875	0.00700	0.00466	0.00350	0.00117	0.00583	0.00292	0.00233	0.00700
51	0.84691	0.01054	0.00801	0.00717	0.01054	0.01223	0.00590	0.01603	0.00928	0.02446	0.00759	0.00886	0.00590	0.00506	0.00337	0.00169	0.00422	0.00295	0.00337	0.00590
52	0.00791	0.00535	0.00628	0.00628	0.00640	0.00547	0.00372	0.00814	0.00803	0.01082	0.01687	0.03397	0.01908	0.71674	0.11840	0.00570	0.00640	0.00768	0.00326	0.00349
53	0.02064	0.01399	0.05903	0.01176	0.01617	0.01379	0.01009	0.46534	0.05143	0.24069	0.01596	0.03044	0.01114	0.00676	0.00548	0.00168	0.00561	0.00528	0.00563	0.00908
54	0.00682	0.00491	0.00643	0.00751	0.00798	0.00458	0.00513	0.00791	0.01078	0.01432	0.06437	0.67190	0.07291	0.04301	0.00763	0.00229	0.00327	0.04872	0.00504	0.00446
55	0.02698	0.00985	0.01645	0.74545	0.07015	0.01215	0.01503	0.01410	0.01094	0.01431	0.00967	0.01438	0.00730	0.00542	0.00541	0.00181	0.00717	0.00481	0.00245	0.00617
56	0.01111	0.01124	0.06079	0.50686	0.17975	0.01197	0.01476	0.01518	0.05611	0.01517	0.01054	0.01462	0.00821	0.00621	0.00634	0.05015	0.00683	0.00487	0.00265	0.00662
57	0.01030	0.00969	0.01635	0.79530	0.03755	0.01211	0.01514	0.01393	0.01090	0.01393	0.00969	0.01453	0.00727	0.00545	0.00545	0.00182	0.00727	0.00484	0.00242	0.00606
58	0.67486	0.01382	0.03412	0.00865	0.01207	0.14826	0.00717	0.01707	0.01043	0.02228	0.00781	0.00911	0.00613	0.00516	0.00370	0.00164	0.00533	0.00308	0.00324	0.00605
59	0.02037	0.02598	0.01545	0.01404	0.01685	0.78652	0.01053	0.02177	0.01545	0.01334	0.00843	0.00983	0.00702	0.00562	0.00492	0.00140	0.00983	0.00351	0.00281	0.00632
60	0.02446	0.00928	0.01265	0.00970	0.01392	0.00801	0.00801	0.02657	0.01560	0.77817	0.02151	0.01856	0.01350	0.00675	0.00548	0.00169	0.00464	0.00548	0.00675	0.00928
61	0.02016	0.02560	0.01565	0.01462	0.03923	0.76367	0.01072	0.02162	0.01536	0.01347	0.00848	0.00994	0.00707	0.00560	0.00493	0.00141	0.00973	0.00355	0.00281	0.00639
62	0.03666	0.10171	0.01676	0.01398	0.03745	0.67471	0.01049	0.02098	0.01481	0.01365	0.00838	0.00981	0.00704	0.00549	0.00476	0.00139	0.00923	0.00348	0.00277	0.00644
63	0.00704	0.00555	0.00635	0.00615	0.00773	0.00486	0.00461	0.00898	0.01384	0.01809	0.39267	0.04693	0.43264	0.01255	0.00644	0.00178	0.00267	0.01073	0.00550	0.00486
64	0.01458	0.81168	0.02857	0.00933	0.01399	0.02157	0.00933	0.01632	0.01108	0.01283	0.00758	0.00875	0.00700	0.00466	0.00350	0.00117	0.00583	0.00292	0.00233	0.00700
65	0.00664	0.00474	0.00633	0.00759	0.00791	0.00443	0.00506	0.00759	0.01044	0.01392	0.03005	0.80485	0.03606	0.01708	0.00696	0.00221	0.00316	0.01550	0.00506	0.00443
66	0.02037	0.02598	0.01545	0.01404	0.01685	0.78652	0.01053	0.02177	0.01545	0.01334	0.00843	0.00983	0.00702	0.00562	0.00492	0.00140	0.00983	0.00351	0.00281	0.00632
67	0.01030	0.00969	0.01635	0.79530	0.03755	0.01211	0.01514	0.01393	0.01090	0.01393	0.00969	0.01453	0.00727	0.00545	0.00545	0.00182	0.00727	0.00484	0.00242	0.00606
68	0.01458	0.81168	0.02857	0.00933	0.01399	0.02157	0.00933	0.01632	0.01108	0.01283	0.00758	0.00875	0.00700	0.00466	0.00350	0.00117	0.00583	0.00292	0.00233	0.00700
69	0.00793	0.00529	0.00595	0.00595	0.00595	0.00529	0.00330	0.00793	0.00793	0.01057	0.01718	0.03568	0.01982	0.80840	0.02775	0.00529	0.00529	0.00793	0.00330	0.00330
70	0.01174	0.00968	0.01135	0.00813	0.01295	0.00729	0.00651	0.01416	0.01145	0.04319	0.01009	0.01155	0.00826	0.00413	0.00409	0.00084	0.00406	0.00331	0.00335	0.81390
71	0.01458	0.81168	0.02857	0.00933	0.01399	0.02157	0.00933	0.01632	0.01108	0.01283	0.00758	0.00875	0.00700	0.00466	0.00350	0.00117	0.00583	0.00292	0.00233	0.00700
72	0.01287	0.01471	0.03217	0.02298	0.02849	0.01379	0.75460	0.01746	0.01287	0.01746	0.01103	0.01471	0.00827	0.00460	0.00643	0.00184	0.00919	0.00643	0.00276	0.00735
73	0.00793	0.00529	0.00595	0.00595	0.00595	0.00529	0.00330	0.00793	0.00793	0.01057	0.01718	0.03568	0.01982	0.80840	0.02775	0.00529	0.00529	0.00793	0.00330	0.00330
74	0.00791	0.00534	0.00624	0.00623	0.00634	0.00542	0.00367	0.00815	0.00816	0.01100	0.03277	0.03446	0.01991	0.72030	0.09789	0.00553	0.00609	0.00777	0.00332	0.00349
75	0.01341	0.01110	0.01249	0.00954	0.01358	0.03247	0.00765	0.12832	0.05724	0.04250	0.02843	0.01354	0.01006	0.02375	0.00604	0.00128	0.06382	0.00410	0.00380	0.51687
76	0.00962	0.05411	0.03957	0.02412	0.01093	0.03771	0.00736	0.01151	0.01234	0.04676	0.12739	0.08728	0.16623	0.05254	0.00835	0.04756	0.00455	0.24229	0.00460	0.00517
77	0.02037	0.02598	0.01545	0.01404	0.01685	0.78652	0.01053	0.02177	0.01545	0.01334	0.00843	0.00983	0.00702	0.00562	0.00492	0.00140	0.00983	0.00351	0.00281	0.00632
78	0.03121	0.52711	0.09281	0.01101	0.01552	0.19611	0.01054	0.03482	0.01242	0.01406	0.00810	0.00935	0.00703	0.00498	0.00402	0.00129	0.00692	0.00320	0.00253	0.00697
79	0.01347	0.53415	0.08621	0.00980	0.01400	0.08765	0.00956	0.01556	0.01176	0.01384	0.04801	0.03776	0.07009	0.00689	0.01969	0.00149	0.00608	0.00449	0.00285	0.00663
80	0.00892	0.04330	0.20151	0.01002	0.03011	0.00793	0.00961	0.01191	0.01219	0.01669	0.13421	0.15232	0.17010	0.01052	0.00598	0.00180	0.00468	0.08710	0.00419	0.07689
81	0.10637	0.30675	0.03720	0.01129	0.03047	0.15237	0.00966	0.15992	0.01454	0.05408	0.00986	0.01106	0.00796	0.00712	0.04047	0.00178	0.02472	0.00377	0.00337	0.00724
82	0.02988	0.02839	0.05901	0.01005	0.01318	0.00963	0.02365	0.15112	0.05653	0.22552	0.05555	0.17585	0.04091	0.02721	0.06549	0.00240	0.00551	0.00769	0.00515	0.00727
83	0.01043	0.00977	0.01612	0.71047	0.03485	0.01234	0.01460	0.01383	0.01070	0.01401	0.00966	0.01445	0.00741	0.00582	0.00647	0.00185	0.07440	0.00484	0.02195	0.00603
84	0.01287	0.01471	0.03217	0.02298	0.02849	0.01379	0.75460	0.01746	0.01287	0.01746	0.01103	0.01471	0.00827	0.00460	0.00643	0.00184	0.00919	0.00643	0.00276	0.00735
85	0.01130	0.00969	0.01130	0.00807	0.01292	0.00727	0.00646	0.01373	0.01130	0.01776	0.00969	0.01130	0.00807	0.00404	0.00404	0.00081	0.00404	0.00323	0.00323	0.84173
86	0.01093	0.02820	0.78016	0.01554	0.02360	0.01266	0.02014	0.01727	0.01151	0.01727	0.00978	0.01151	0.00691	0.00518	0.00518	0.00173	0.00806	0.00403	0.00230	0.00806
87	0.01376	0.01181	0.01244	0.01113	0.01425	0.01365	0.00868	0.04913	0.74406	0.02313	0.02194	0.02014	0.01644	0.00737	0.00554	0.00184	0.00436	0.00613	0.00554	0.00865
88	0.01185	0.01120	0.01880	0.39301	0.38723	0.01238	0.01558	0.01553	0.02867	0.01604	0.01077	0.01547	0.00880	0.00548	0.00548	0.00174	0.00676	0.02519	0.00270	0.00731
89	0.02446	0.00928	0.01265	0.00970	0.01392	0.00801	0.00801	0.02657	0.01560	0.77817	0.02151	0.01856	0.01350	0.00675	0.00548	0.00169	0.00464	0.00548	0.00675	0.00928
90	0.00655	0.00553	0.00567	0.00564	0.00743	0.00465	0.00423	0.00803	0.01268	0.01534	0.11640	0.05146	0.71063	0.01358	0.00644	0.00183	0.00275	0.01137	0.00514	0.00465
91	0.00855	0.00620	0.00846	0.00959	0.01091	0.00611	0.00833	0.01095	0.01254	0.01616	0.03146	0.06061	0.10441	0.01494	0.00742	0.00244	0.00480	0.66611	0.00502	0.00498
92	0.01636	0.08111	0.01756	0.13369	0.15274	0.25896	0.01195	0.12993	0.11095	0.01852	0.01132	0.01292	0.00890	0.00575	0.00513	0.00158	0.00726	0.00445	0.00344	0.00748
93	0.00947	0.00473	0.00710	0.00710	0.00710	0.00473	0.00473	0.00710	0.00710	0.00947	0.00947	0.01657	0.00947	0.01894	0.02131	0.84138	0.00473	0.00473	0.00237	0.00237
94	0.00744	0.00545	0.00693	0.00758	0.00847	0.00512	0.00547	0.03058	0.01226	0.01633	0.17073	0.47768	0.12722	0.01507	0.00681	0.00209	0.00326	0.08148	0.00524	0.00478
95	0.01160	0.03970	0.08972	0.38493	0.28353	0.01259	0.03754	0.01527	0.01160	0.01571	0.01061	0.01555	0.00866	0.00555	0.00545	0.00175	0.00699	0.03350	0.00261	0.00714
96	0.06282	0.16347	0.32534	0.04057	0.11931	0.03201	0.14889	0.01699	0.01173	0.01682	0.00951	0.01174	0.00735	0.00495	0.00502	0.00162	0.00744	0.00432	0.00252	0.00759
97	0.02827	0.01129	0.11367	0.10971	0.04018	0.05300	0.04695	0.01244	0.02935	0.01579	0.04574	0.03538	0.35632	0.01008	0.00603	0.00184	0.00515	0.06900	0.00402	0.00578
98	0.01152	0.01148	0.01892	0.23752	0.05278	0.01424	0.13610	0.01410	0.01005	0.01437	0.00907	0.01364	0.00776	0.00833	0.03642	0.00229	0.37259	0.00511	0.01745	0.00627
99	0.00793	0.00529	0.00595	0.00595	0.00595	0.00529	0.00330	0.00793	0.00793	0.01057	0.01718	0.03568	0.01982	0.80840	0.02775	0.00529	0.00529	0.00793	0.00330	0.00330
100	0.01328	0.01147	0.01206	0.01088	0.01391	0.01321	0.00845	0.02814	0.73504	0.02249	0.02349	0.02160	0.04628	0.00765	0.00558	0.00185	0.00425	0.00637	0.00553	0.00847
101	0.04331	0.00931	0.01255	0.00964	0.01384	0.00811	0.00796	0.02633	0.01546	0.76090	0.02119	0.01833	0.01332	0.00671	0.00543	0.00169	0.00463	0.00542	0.00667	0.00920
102	0.02072	0.01527	0.01636	0.01254	0.01691	0.01691	0.01036	0.75622	0.02563	0.03436	0.01309	0.01309	0.00927	0.00654	0.00545	0.00164	0.00600	0.00491	0.00545	0.00927
103	0.02446	0.00928	0.01265	0.00970	0.01392	0.00801	0.00801	0.02657	0.01560	0.77817	0.02151	0.01856	0.01350	0.00675	0.00548	0.00169	0.00464	0.00548	0.00675	0.00928
104	0.01959	0.01471	0.01572	0.01231	0.01648	0.01638	0.01009	0.64136	0.14233	0.03253	0.01453	0.01423	0.01044	0.00668	0.00547	0.00167	0.00573	0.00511	0.00547	0.00917
105	0.00667	0.00476	0.00632	0.00756	0.00787	0.00445	0.00502	0.00760	0.01038	0.01385	0.02977	0.78831	0.03571	0.03410	0.00741	0.00228	0.00321	0.01534	0.00502	0.00440
106	0.01193	0.01193	0.01670	0.01431	0.01431	0.01670	0.01193	0.01312	0.00835	0.01312	0.00716	0.01193	0.00716	0.00954	0.01789	0.00239	0.79843	0.00477	0.00239	0.00596
107	0.79868	0.01156	0.05256	0.00765	0.01130	0.01225	0.00673	0.01610	0.00941	0.02405	0.00772	0.00901	0.00596	0.00507	0.00348	0.00169	0.00444	0.00301	0.00331	0.00603
108	0.84691	0.01054	0.00801	0.00717	0.01054	0.01223	0.00590	0.01603	0.00928	0.02446	0.00759	0.00886	0.00590	0.00506	0.00337	0.00169	0.00422	0.00295	0.00337	0.00590
109	0.02446	0.00928	0.01265	0.00970	0.01392	0.00801	0.00801	0.02657	0.01560	0.77817	0.02151	0.01856	0.01350	0.00675	0.00548	0.00169	0.00464	0.00548	0.00675	0.00928
110	0.00667	0.00477	0.00635	0.00757	0.00791	0.00445	0.00506	0.00767	0.01058	0.01415	0.05168	0.78255	0.03651	0.01691	0.00694	0.00220	0.00315	0.01533	0.00509	0.00445
111	0.00772	0.00557	0.00729	0.00686	0.00814	0.00514	0.00514	0.01029	0.01543	0.02186	0.77152	0.04072	0.05144	0.01115	0.00643	0.00171	0.00257	0.00986	0.00600	0.00514
112	0.02392	0.00916	0.01248	0.00961	0.01373	0.00792	0.00792	0.02605	0.01560	0.75388	0.04560	0.01927	0.01471	0.00689	0.00551	0.00169	0.00457	0.00562	0.00672	0.00915
113	0.02039	0.02537	0.01550	0.01396	0.01686	0.74211	0.01052	0.06414	0.01604	0.01456	0.00870	0.01002	0.00715	0.00567	0.00495	0.00142	0.00961	0.00359	0.00296	0.00649
114	0.00780	0.00579	0.00849	0.00849	0.00937	0.00667	0.00648	0.00956	0.00868	0.01246	0.01485	0.02278	0.01422	0.11410	0.71439	0.00843	0.01371	0.00604	0.00296	0.00472
115	0.05951	0.00974	0.01111	0.00802	0.01278	0.00755	0.00643	0.01386	0.01119	0.01815	0.00957	0.01116	0.00795	0.00410	0.00400	0.00086	0.00405	0.00321	0.00324	0.79351
116	0.00947	0.00473	0.00710	0.00710	0.00710	0.00473	0.00473	0.00710	0.00710	0.00947	0.00947	0.01657	0.00947	0.01894	0.02131	0.84138	0.00473	0.00473	0.00237	0.00237
117	0.01458	0.81168	0.02857	0.00933	0.01399	0.02157	0.00933	0.01632	0.01108	0.01283	0.00758	0.00875	0.00700	0.00466	0.00350	0.00117	0.00583	0.00292	0.00233	0.00700
118	0.81941	0.01050	0.00817	0.00725	0.01066	0.01209	0.00597	0.01638	0.00949	0.04966	0.00806	0.00918	0.00616	0.00512	0.00344	0.00169	0.00423	0.00304	0.00349	0.00602
119	0.01602	0.01275	0.01357	0.01151	0.01501	0.01446	0.00915	0.25219	0.51987	0.04432	0.01938	0.01807	0.01430	0.00712	0.00552	0.00178	0.00484	0.00576	0.00555	0.00884
120	0.01316	0.04699	0.31248	0.10471	0.06427	0.01243	0.18789	0.01762	0.01220	0.11203	0.01210	0.04002	0.00917	0.00573	0.00584	0.00176	0.02559	0.00527	0.00310	0.00764
121	0.01550	0.68897	0.02658	0.00997	0.01444	0.09604	0.00951	0.05954	0.01234	0.01412	0.00798	0.00910	0.00713	0.00487	0.00375	0.00122	0.00623	0.00309	0.00256	0.00706

[dist]
# distance from previous block
# <min> <max>
0	2

[block]
# block no. 5 follows, 44 sequences, length 99
# corresponding to MSA columns:
# 344,345,347-443
name=unknown_F
#
# <colnr> <probs for GDERKNQSTAVLIFYWHMCP>
#	G	D	E	R	K	N	Q	S	T	A	V	L	I	F	Y	W	H	M	C	P
0	0.11073	0.01230	0.01832	0.08554	0.43007	0.01307	0.04028	0.04074	0.15799	0.01972	0.01232	0.01439	0.00976	0.00546	0.00523	0.00170	0.00594	0.00495	0.00339	0.00808
1	0.04163	0.01050	0.01662	0.59241	0.13213	0.01245	0.01446	0.07014	0.01218	0.01638	0.01078	0.01478	0.02163	0.00559	0.00539	0.00177	0.00687	0.00491	0.00277	0.00661
2	0.01292	0.01207	0.01886	0.16945	0.46764	0.01293	0.01462	0.01896	0.18070	0.01821	0.01283	0.01522	0.01018	0.00554	0.00544	0.00171	0.00614	0.00515	0.00329	0.00816
3	0.09436	0.04781	0.06386	0.02845	0.04894	0.12498	0.12656	0.04443	0.02880	0.01648	0.01220	0.01625	0.02721	0.01369	0.17124	0.00324	0.09685	0.02517	0.00305	0.00642
4	0.00779	0.00584	0.00876	0.00876	0.00974	0.00681	0.00681	0.00974	0.00876	0.01266	0.01460	0.02142	0.01363	0.04089	0.78680	0.00876	0.01460	0.00584	0.00292	0.00487
5	0.01032	0.00692	0.00908	0.00864	0.00999	0.02739	0.00656	0.01253	0.04029	0.10245	0.02973	0.02325	0.01519	0.15043	0.51408	0.00681	0.01127	0.00614	0.00359	0.00534
6	0.35023	0.01105	0.04175	0.02945	0.08794	0.01074	0.00872	0.03377	0.02963	0.32563	0.01399	0.01377	0.00959	0.00581	0.00462	0.00169	0.00486	0.00435	0.00468	0.00773
7	0.01258	0.00648	0.00691	0.00625	0.00811	0.00651	0.00486	0.08593	0.01321	0.09581	0.01769	0.01945	0.01347	0.00641	0.00413	0.00135	0.00308	0.00510	0.67675	0.00590
8	0.01130	0.00969	0.01130	0.00807	0.01292	0.00727	0.00646	0.01373	0.01130	0.01776	0.00969	0.01130	0.00807	0.00404	0.00404	0.00081	0.00404	0.00323	0.00323	0.84173
9	0.01458	0.81168	0.02857	0.00933	0.01399	0.02157	0.00933	0.01632	0.01108	0.01283	0.00758	0.00875	0.00700	0.00466	0.00350	0.00117	0.00583	0.00292	0.00233	0.00700
10	0.01458	0.81168	0.02857	0.00933	0.01399	0.02157	0.00933	0.01632	0.01108	0.01283	0.00758	0.00875	0.00700	0.00466	0.00350	0.00117	0.00583	0.00292	0.00233	0.00700
11	0.12258	0.10005	0.26774	0.02079	0.30151	0.03146	0.04782	0.01692	0.01166	0.01788	0.00947	0.01172	0.00749	0.00498	0.00490	0.00162	0.00682	0.00418	0.00263	0.00781
12	0.01606	0.01094	0.01222	0.01060	0.01392	0.01194	0.00835	0.02779	0.55840	0.20959	0.02293	0.02078	0.03669	0.00741	0.00556	0.00181	0.00435	0.00614	0.00583	0.00868
13	0.00793	0.00529	0.00595	0.00595	0.00595	0.00529	0.00330	0.00793	0.00793	0.01057	0.01718	0.03568	0.01982	0.80840	0.02775	0.00529	0.00529	0.00793	0.00330	0.00330
14	0.01212	0.01029	0.01767	0.60130	0.08881	0.01191	0.07299	0.01565	0.01163	0.08925	0.01099	0.01486	0.00806	0.00547	0.00553	0.00179	0.00710	0.00503	0.00289	0.00666
15	0.00843	0.00655	0.00848	0.00828	0.00882	0.02269	0.00599	0.00954	0.00860	0.01198	0.01527	0.05094	0.01594	0.32123	0.39572	0.00654	0.08073	0.00678	0.00308	0.00440
16	0.00813	0.00581	0.00804	0.00930	0.01027	0.00571	0.00765	0.01017	0.01191	0.01559	0.02922	0.28742	0.03280	0.01567	0.00736	0.00242	0.00446	0.51820	0.00503	0.00484
17	0.02446	0.00928	0.01265	0.00970	0.01392	0.00801	0.00801	0.02657	0.01560	0.77817	0.02151	0.01856	0.01350	0.00675	0.00548	0.00169	0.00464	0.00548	0.00675	0.00928
18	0.01936	0.01475	0.01706	0.05280	0.04791	0.01627	0.03976	0.63570	0.05008	0.03162	0.01305	0.01350	0.00937	0.00638	0.00549	0.00166	0.00615	0.00501	0.00509	0.00899
19	0.00713	0.00549	0.00654	0.00674	0.00800	0.00497	0.00491	0.00914	0.03025	0.01711	0.28639	0.24941	0.30325	0.01367	0.00658	0.00191	0.00288	0.02540	0.00539	0.00484
20	0.00779	0.00584	0.00876	0.00876	0.00974	0.00681	0.00681	0.00974	0.00876	0.01266	0.01460	0.02142	0.01363	0.04089	0.78680	0.00876	0.01460	0.00584	0.00292	0.00487
21	0.02109	0.01468	0.01600	0.01227	0.01661	0.01604	0.01013	0.68485	0.02465	0.10712	0.01391	0.01362	0.00968	0.00656	0.00546	0.00164	0.00587	0.00496	0.00558	0.00927
22	0.05807	0.01130	0.01880	0.38510	0.12230	0.01343	0.11304	0.01470	0.01072	0.01530	0.00928	0.01355	0.00747	0.00612	0.00813	0.00191	0.17679	0.00494	0.00255	0.00652
23	0.01954	0.01421	0.01553	0.01211	0.01614	0.01572	0.00996	0.66669	0.02376	0.04907	0.01343	0.01403	0.00979	0.00991	0.08188	0.00233	0.00681	0.00501	0.00524	0.00884
24	0.01275	0.01330	0.01658	0.01429	0.01456	0.09200	0.01179	0.01397	0.00904	0.01314	0.00728	0.01172	0.00714	0.00916	0.01662	0.00229	0.72129	0.00465	0.00243	0.00600
25	0.00973	0.00831	0.01196	0.13827	0.01556	0.00994	0.00914	0.03099	0.00969	0.01395	0.01186	0.01771	0.01086	0.05422	0.37589	0.00523	0.17141	0.00526	0.00284	0.08720
26	0.02077	0.02435	0.01518	0.01362	0.01657	0.71037	0.01029	0.02224	0.01546	0.08816	0.00971	0.01068	0.00766	0.00573	0.00497	0.00143	0.00932	0.00370	0.00319	0.00661
