[name]
unknown

[dist]
# distance from previous block
# <min> <max>
0	34

[block]
# block no. 0 follows, 43 sequences, length 10
# corresponding to MSA columns:
# 37-46
name=unknown_A
#
# <colnr> <probs for GDERKNQSTAVLIFYWHMCP>
#	G	D	E	R	K	N	Q	S	T	A	V	L	I	F	Y	W	H	M	C	P
0	0.01438	0.12092	0.40967	0.01380	0.01995	0.04030	0.01543	0.21135	0.01563	0.02137	0.01171	0.01487	0.00921	0.00620	0.00526	0.00170	0.00722	0.04952	0.00338	0.00813
1	0.21296	0.10322	0.35848	0.01188	0.01742	0.01308	0.01323	0.06896	0.01218	0.04793	0.01175	0.08419	0.00994	0.00645	0.00484	0.00172	0.00627	0.00491	0.00326	0.00734
2	0.01454	0.01005	0.01182	0.03277	0.03605	0.01049	0.00817	0.17710	0.18638	0.13185	0.04958	0.17325	0.09102	0.00966	0.00595	0.00184	0.00451	0.00821	0.00542	0.03135
3	0.00700	0.00547	0.00639	0.00697	0.00812	0.00496	0.00498	0.00875	0.03550	0.01524	0.07686	0.39749	0.34946	0.01526	0.00679	0.00206	0.00311	0.03563	0.00520	0.00476
4	0.01674	0.01266	0.06268	0.01174	0.01583	0.01186	0.05632	0.26354	0.07906	0.16082	0.01608	0.06451	0.01256	0.01017	0.07836	0.00232	0.00644	0.00579	0.00488	0.10762
5	0.04136	0.01015	0.01555	0.47869	0.02882	0.01163	0.04928	0.03649	0.08343	0.11808	0.01562	0.01804	0.05652	0.00640	0.00559	0.00182	0.00641	0.00557	0.00365	0.00689
6	0.00876	0.00637	0.00701	0.00667	0.00854	0.00580	0.00497	0.01144	0.07487	0.07044	0.14647	0.06755	0.47001	0.07654	0.00816	0.00214	0.00326	0.01040	0.00529	0.00532
7	0.00910	0.00627	0.00754	0.00744	0.00891	0.00586	0.00543	0.06265	0.01359	0.06408	0.19702	0.31125	0.22839	0.03729	0.00724	0.00206	0.00334	0.01180	0.00543	0.00532
8	0.01943	0.01460	0.01445	0.01183	0.01563	0.11355	0.00948	0.31864	0.21044	0.16425	0.01783	0.01690	0.03332	0.00699	0.00553	0.00170	0.00581	0.00543	0.00545	0.00873
9	0.08957	0.23954	0.47165	0.01322	0.01981	0.04579	0.01574	0.01734	0.01152	0.01683	0.00907	0.01061	0.00695	0.00513	0.00462	0.00158	0.00728	0.00366	0.00247	0.00762

[dist]
# distance from previous block
# <min> <max>
6	23

[block]
# block no. 1 follows, 43 sequences, length 14
# corresponding to MSA columns:
# 72-85
name=unknown_B
#
# <colnr> <probs for GDERKNQSTAVLIFYWHMCP>
#	G	D	E	R	K	N	Q	S	T	A	V	L	I	F	Y	W	H	M	C	P
0	0.00986	0.04960	0.00938	0.00812	0.01003	0.00772	0.00627	0.03767	0.09236	0.06202	0.07626	0.22882	0.25870	0.01367	0.03715	0.00221	0.02571	0.03871	0.00502	0.02072
1	0.01847	0.01371	0.01513	0.01188	0.01582	0.01502	0.00974	0.59467	0.02255	0.03052	0.01333	0.01449	0.01003	0.01186	0.12501	0.00272	0.00732	0.00503	0.00501	0.05769
2	0.01222	0.03457	0.28445	0.07507	0.08414	0.01238	0.06765	0.01613	0.01145	0.05106	0.01073	0.03555	0.00869	0.00611	0.00720	0.00171	0.12736	0.00476	0.00287	0.14589
3	0.01669	0.04205	0.14503	0.01324	0.01831	0.07922	0.06982	0.35120	0.01863	0.02501	0.01221	0.01317	0.02235	0.00584	0.00525	0.00152	0.00664	0.00462	0.00408	0.14512
4	0.01383	0.00987	0.01158	0.01044	0.01274	0.01087	0.00807	0.12582	0.25730	0.11505	0.02238	0.26865	0.02092	0.01064	0.00713	0.00199	0.07112	0.00891	0.00534	0.00735
5	0.00927	0.00682	0.00818	0.00819	0.00953	0.00674	0.00594	0.13205	0.01418	0.01893	0.14392	0.46794	0.11837	0.01426	0.00667	0.00203	0.00355	0.01261	0.00535	0.00545
6	0.01231	0.01060	0.04387	0.02797	0.07405	0.02300	0.07139	0.12935	0.11502	0.05360	0.02200	0.32082	0.03932	0.02189	0.00655	0.00200	0.00508	0.00962	0.00473	0.00685
7	0.03975	0.59221	0.05012	0.00960	0.01437	0.04083	0.00932	0.01681	0.01156	0.04430	0.00866	0.00977	0.00749	0.00479	0.00381	0.00120	0.00576	0.00317	0.00272	0.12378
8	0.00927	0.00639	0.00796	0.00838	0.00942	0.00627	0.00592	0.10425	0.01284	0.04551	0.02869	0.64998	0.05260	0.01549	0.00680	0.00214	0.00363	0.01386	0.00526	0.00532
9	0.01180	0.05979	0.05336	0.06463	0.13769	0.01264	0.34254	0.01526	0.01219	0.01646	0.01653	0.08758	0.08337	0.00710	0.00682	0.00185	0.05317	0.00710	0.00314	0.00699
10	0.01595	0.04813	0.01393	0.05589	0.01562	0.01350	0.00903	0.24508	0.30150	0.08796	0.02024	0.02053	0.06469	0.05447	0.00689	0.00197	0.00513	0.00606	0.00521	0.00820
11	0.00702	0.00504	0.00642	0.00729	0.00775	0.00476	0.00485	0.00797	0.01051	0.01395	0.05904	0.56141	0.09570	0.14079	0.03783	0.00292	0.00390	0.01363	0.00482	0.00438
12	0.00745	0.00506	0.00660	0.00751	0.00795	0.00475	0.00499	0.00842	0.01070	0.03404	0.07115	0.63788	0.03479	0.11918	0.00974	0.00261	0.00350	0.01415	0.00501	0.00452
13	0.06419	0.36816	0.04831	0.01204	0.03236	0.05200	0.05967	0.21706	0.01555	0.02056	0.00976	0.01090	0.00786	0.00530	0.00448	0.00141	0.00627	0.00388	0.00340	0.05683

[dist]
# distance from previous block
# <min> <max>
14	36

[block]
# block no. 2 follows, 43 sequences, length 13
# corresponding to MSA columns:
# 124-136
name=unknown_C
#
# <colnr> <probs for GDERKNQSTAVLIFYWHMCP>
#	G	D	E	R	K	N	Q	S	T	A	V	L	I	F	Y	W	H	M	C	P
0	0.09996	0.01443	0.01469	0.01165	0.01572	0.05650	0.00950	0.47916	0.09071	0.09362	0.01493	0.01468	0.02645	0.00665	0.00531	0.00166	0.00573	0.00499	0.00525	0.02839
1	0.01976	0.01371	0.01491	0.03222	0.01611	0.04180	0.00967	0.50745	0.02172	0.13366	0.01480	0.03112	0.01099	0.03428	0.00658	0.00181	0.02677	0.00534	0.04871	0.00861
2	0.00692	0.00501	0.00638	0.00730	0.00782	0.00465	0.00489	0.00796	0.01093	0.01448	0.08387	0.60614	0.10719	0.08802	0.00889	0.00246	0.00333	0.01425	0.00505	0.00446
3	0.00885	0.00644	0.00776	0.00784	0.00929	0.00623	0.00580	0.03396	0.08739	0.04525	0.19866	0.31381	0.18277	0.01355	0.00663	0.00200	0.00335	0.04947	0.00548	0.00548
4	0.01453	0.07827	0.11031	0.19361	0.02189	0.10323	0.04789	0.07905	0.02602	0.08691	0.01191	0.04026	0.00939	0.00583	0.00514	0.00155	0.00666	0.00476	0.00345	0.14933
5	0.03893	0.00942	0.01070	0.03513	0.01285	0.00854	0.00685	0.12877	0.01387	0.04132	0.01749	0.06750	0.08472	0.00676	0.00479	0.00129	0.00417	0.00550	0.10958	0.39180
6	0.00680	0.00526	0.00615	0.00675	0.00780	0.00468	0.00475	0.00802	0.01164	0.01474	0.07000	0.39642	0.35789	0.04637	0.00766	0.00219	0.00314	0.03005	0.00511	0.00457
7	0.04918	0.01376	0.07537	0.01152	0.01582	0.01319	0.01000	0.33079	0.13400	0.22046	0.05581	0.01703	0.01359	0.00691	0.00552	0.00172	0.00540	0.00545	0.00559	0.00888
8	0.10068	0.01194	0.01339	0.01061	0.01451	0.01250	0.00864	0.31500	0.08847	0.28486	0.01685	0.01659	0.01182	0.03857	0.00621	0.00184	0.00516	0.00524	0.02847	0.00867
9	0.02065	0.01171	0.01372	0.01101	0.01499	0.01210	0.00894	0.21404	0.23531	0.36588	0.01985	0.01795	0.01354	0.00699	0.00558	0.00175	0.00497	0.00562	0.00616	0.00923
10	0.00862	0.00613	0.00844	0.00962	0.01070	0.00609	0.00810	0.01081	0.01217	0.01588	0.02860	0.14242	0.03155	0.07255	0.00907	0.00272	0.00491	0.60171	0.00498	0.00491
11	0.01550	0.52686	0.08446	0.01190	0.01693	0.01959	0.08236	0.15133	0.01417	0.01783	0.00923	0.01049	0.00765	0.00512	0.00434	0.00138	0.00646	0.00376	0.00299	0.00765
12	0.01971	0.01364	0.03987	0.01387	0.08911	0.01382	0.01056	0.44947	0.02119	0.18337	0.04956	0.04267	0.01304	0.00706	0.00563	0.00170	0.00567	0.00567	0.00545	0.00896

[dist]
# distance from previous block
# <min> <max>
0	6

[block]
# block no. 3 follows, 43 sequences, length 44
# corresponding to MSA columns:
# 143-186
name=unknown_D
#
# <colnr> <probs for GDERKNQSTAVLIFYWHMCP>
#	G	D	E	R	K	N	Q	S	T	A	V	L	I	F	Y	W	H	M	C	P
0	0.01012	0.00784	0.00998	0.00951	0.01046	0.02231	0.00723	0.01205	0.04148	0.07256	0.10626	0.31401	0.09710	0.03500	0.02286	0.00232	0.19847	0.01031	0.00460	0.00553
1	0.11549	0.01294	0.01405	0.01088	0.01518	0.01351	0.00892	0.40320	0.05447	0.14823	0.01390	0.01374	0.00986	0.00615	0.00508	0.00156	0.00528	0.00464	0.00516	0.13776
2	0.00683	0.00508	0.00636	0.00718	0.00794	0.00462	0.00495	0.00807	0.01161	0.01523	0.11976	0.55482	0.19543	0.01595	0.00690	0.00211	0.00306	0.01422	0.00525	0.00462
3	0.00907	0.00674	0.00872	0.06730	0.01177	0.00637	0.00650	0.05238	0.01185	0.03672	0.02517	0.53441	0.04613	0.01342	0.00635	0.00194	0.00386	0.01200	0.00472	0.13458
4	0.02414	0.00995	0.01310	0.01011	0.01436	0.00900	0.00833	0.07758	0.04661	0.69285	0.02128	0.01854	0.01354	0.00687	0.00557	0.00172	0.00480	0.00556	0.00671	0.00940
5	0.04268	0.01302	0.01456	0.01139	0.01537	0.01386	0.00932	0.50362	0.02219	0.18007	0.07247	0.04643	0.01445	0.00741	0.00562	0.00170	0.00540	0.00584	0.00577	0.00882
6	0.01311	0.12520	0.09157	0.10448	0.28719	0.05944	0.01354	0.01783	0.10695	0.01732	0.05992	0.03261	0.01249	0.00619	0.00565	0.00167	0.02873	0.00522	0.00325	0.00766
7	0.01267	0.00680	0.00896	0.00791	0.01002	0.00617	0.00610	0.02764	0.01541	0.23052	0.46982	0.10074	0.05348	0.01058	0.00629	0.00178	0.00331	0.00922	0.00620	0.00639
8	0.00792	0.00590	0.00872	0.00872	0.00964	0.00682	0.00669	0.00977	0.00885	0.01272	0.01500	0.02270	0.01425	0.09112	0.73439	0.00867	0.01422	0.00607	0.00299	0.00484
9	0.00675	0.00482	0.00643	0.00771	0.00803	0.00450	0.00514	0.00771	0.01060	0.01414	0.03053	0.80175	0.03663	0.01735	0.00707	0.00225	0.00321	0.01574	0.00514	0.00450
10	0.01886	0.01424	0.01618	0.13344	0.02006	0.01599	0.01105	0.59075	0.05326	0.03087	0.01325	0.01400	0.00952	0.00651	0.00550	0.00169	0.00614	0.00503	0.02488	0.00878
11	0.00677	0.00488	0.00637	0.00754	0.00794	0.00453	0.00503	0.00774	0.01065	0.01409	0.03169	0.73512	0.08006	0.03953	0.00764	0.00232	0.00325	0.01528	0.00509	0.00448
12	0.00678	0.00487	0.00638	0.00758	0.00795	0.00453	0.00505	0.00773	0.01061	0.01407	0.03116	0.74808	0.06565	0.04138	0.00770	0.00233	0.00326	0.01535	0.00509	0.00447
13	0.00694	0.00496	0.00664	0.00788	0.00830	0.00466	0.00543	0.00806	0.01089	0.01451	0.04793	0.72789	0.03664	0.01705	0.00710	0.00226	0.00334	0.06980	0.00516	0.00456
14	0.02094	0.01312	0.01483	0.01165	0.01582	0.01395	0.00953	0.41826	0.14637	0.24991	0.01736	0.01616	0.01193	0.00685	0.00556	0.00171	0.00540	0.00537	0.00594	0.00931
15	0.01193	0.04259	0.01246	0.00877	0.01331	0.00892	0.00708	0.03019	0.07039	0.01837	0.01111	0.02606	0.00934	0.00485	0.00471	0.00101	0.02849	0.00380	0.00348	0.68314
16	0.05425	0.08084	0.01621	0.01331	0.03591	0.48399	0.01017	0.08874	0.01599	0.13415	0.01100	0.01164	0.00836	0.00585	0.00497	0.00149	0.00819	0.00397	0.00370	0.00726
17	0.01958	0.01146	0.01304	0.01028	0.01392	0.01190	0.00837	0.37921	0.01990	0.24114	0.03641	0.01748	0.01287	0.02748	0.00587	0.00171	0.00498	0.00539	0.15060	0.00841
18	0.01148	0.00984	0.01148	0.00820	0.01312	0.00738	0.00656	0.01395	0.01148	0.01805	0.00984	0.01148	0.00820	0.00410	0.00410	0.00082	0.00410	0.00328	0.00328	0.83922
19	0.00756	0.00548	0.00714	0.00708	0.00820	0.00505	0.00518	0.00978	0.01449	0.02024	0.58672	0.20544	0.07147	0.01271	0.00665	0.00186	0.00275	0.01130	0.00586	0.00505
20	0.00846	0.00549	0.00687	0.00705	0.00755	0.00551	0.00464	0.00930	0.00950	0.04180	0.04395	0.21337	0.02347	0.39940	0.14675	0.00478	0.00620	0.00935	0.04229	0.00426
21	0.01606	0.01303	0.01381	0.01173	0.01527	0.01484	0.00932	0.25636	0.53015	0.02685	0.01964	0.01835	0.01456	0.00724	0.00561	0.00181	0.00492	0.00586	0.00561	0.00897
22	0.00688	0.00487	0.00639	0.00755	0.00784	0.00458	0.00496	0.00775	0.01035	0.01380	0.02923	0.72615	0.03500	0.09517	0.00915	0.00256	0.00343	0.01498	0.00496	0.00439
23	0.00805	0.00537	0.00604	0.00604	0.00604	0.00537	0.00336	0.00805	0.00805	0.01074	0.01745	0.03624	0.02013	0.80536	0.02819	0.00537	0.00537	0.00805	0.00336	0.00336
24	0.01767	0.01477	0.01441	0.01210	0.01572	0.10157	0.00961	0.29582	0.37637	0.05540	0.01752	0.01667	0.01291	0.00696	0.00553	0.00174	0.00566	0.00546	0.00533	0.00877
25	0.01160	0.01023	0.01308	0.00935	0.01432	0.00788	0.06274	0.01423	0.01160	0.01802	0.00995	0.01175	0.00822	0.00414	0.00429	0.00090	0.00450	0.00353	0.00324	0.77643
26	0.00775	0.00569	0.00746	0.00836	0.00943	0.00540	0.00661	0.00962	0.01235	0.01613	0.10950	0.29277	0.15136	0.01534	0.00718	0.00227	0.00389	0.31883	0.00522	0.00486
27	0.07636	0.04645	0.01354	0.00981	0.01411	0.01046	0.00812	0.15326	0.01625	0.40103	0.03688	0.01603	0.01218	0.00624	0.00509	0.00152	0.00482	0.00489	0.00553	0.15743
28	0.00805	0.00537	0.00604	0.00604	0.00604	0.00537	0.00336	0.00805	0.00805	0.01074	0.01745	0.03624	0.02013	0.80536	0.02819	0.00537	0.00537	0.00805	0.00336	0.00336
29	0.00770	0.06593	0.00866	0.00801	0.00878	0.00648	0.00574	0.00884	0.01073	0.01426	0.05991	0.59326	0.06201	0.03821	0.04003	0.00250	0.03613	0.01331	0.00472	0.00478
30	0.02132	0.01471	0.01608	0.01237	0.01675	0.01603	0.01020	0.64937	0.04323	0.12118	0.01453	0.01413	0.01011	0.00669	0.00555	0.00167	0.00589	0.00509	0.00570	0.00940
31	0.00705	0.00496	0.00639	0.00735	0.00765	0.00470	0.00480	0.00789	0.01032	0.01381	0.05859	0.62030	0.03405	0.17138	0.01118	0.00284	0.00361	0.01400	0.00483	0.00430
32	0.00820	0.00523	0.00702	0.00798	0.00864	0.00485	0.00552	0.00932	0.01109	0.07165	0.02982	0.71194	0.03470	0.01647	0.00698	0.00222	0.00340	0.04479	0.00527	0.00490
33	0.09291	0.00977	0.01496	0.47218	0.02786	0.01170	0.04631	0.04324	0.01135	0.01615	0.01287	0.13609	0.01191	0.00762	0.00649	0.00193	0.06101	0.00648	0.00311	0.00607
34	0.02050	0.01320	0.01463	0.01138	0.01543	0.01414	0.00935	0.51951	0.04165	0.17489	0.01566	0.01530	0.01092	0.00669	0.00538	0.00164	0.00543	0.00515	0.09019	0.00897
35	0.00675	0.00534	0.00608	0.00657	0.00783	0.00468	0.00472	0.00808	0.01204	0.01507	0.08168	0.32611	0.44634	0.01514	0.00676	0.00202	0.00300	0.03194	0.00519	0.00465
36	0.01046	0.00984	0.01661	0.79205	0.03814	0.01230	0.01538	0.01415	0.01107	0.01415	0.00984	0.01477	0.00738	0.00554	0.00554	0.00185	0.00738	0.00492	0.00246	0.00615
37	0.01276	0.01289	0.01886	0.36412	0.22140	0.10182	0.08518	0.03027	0.01248	0.01597	0.01120	0.05226	0.00940	0.00593	0.00560	0.00175	0.00735	0.00545	0.01836	0.00695
38	0.10218	0.01064	0.01207	0.00982	0.01309	0.01121	0.00791	0.28242	0.01709	0.21590	0.01581	0.01755	0.01188	0.06488	0.10299	0.00279	0.00627	0.00527	0.08251	0.00771
39	0.01041	0.00579	0.00724	0.00722	0.00825	0.00544	0.00496	0.01158	0.01117	0.13249	0.07764	0.31763	0.02696	0.24037	0.01250	0.00292	0.00395	0.01035	0.09804	0.00506
40	0.01445	0.01303	0.02094	0.08036	0.60557	0.01338	0.01576	0.08632	0.04233	0.03741	0.01138	0.01412	0.00917	0.00528	0.00550	0.00167	0.00646	0.00500	0.00319	0.00868
41	0.01554	0.04363	0.01607	0.08474	0.01794	0.10285	0.07323	0.15003	0.04422	0.08262	0.01312	0.01453	0.02901	0.00605	0.00603	0.00151	0.06219	0.00474	0.02940	0.20254
42	0.03877	0.01086	0.01385	0.21658	0.02004	0.03356	0.02946	0.14107	0.08571	0.05438	0.07194	0.07115	0.03273	0.02327	0.00695	0.00185	0.06379	0.00627	0.01786	0.05991
43	0.05059	0.04257	0.01606	0.06517	0.08094	0.03454	0.04692	0.20055	0.03508	0.11010	0.01249	0.01438	0.00963	0.03718	0.00680	0.00170	0.05466	0.00473	0.00411	0.17180

[dist]
# distance from previous block
# <min> <max>
15	52

[block]
# block no. 4 follows, 43 sequences, length 48
# corresponding to MSA columns:
# 242-289
name=unknown_E
#
# <colnr> <probs for GDERKNQSTAVLIFYWHMCP>
#	G	D	E	R	K	N	Q	S	T	A	V	L	I	F	Y	W	H	M	C	P
0	0.07494	0.14240	0.11136	0.03318	0.07492	0.05839	0.18095	0.12120	0.04276	0.01982	0.02492	0.04718	0.01038	0.00598	0.00527	0.00166	0.00687	0.00528	0.02502	0.00749
1	0.09158	0.10489	0.18503	0.12503	0.02025	0.01374	0.03320	0.16074	0.04523	0.02104	0.02577	0.01291	0.00897	0.00554	0.00491	0.00156	0.00623	0.00432	0.00345	0.12562
2	0.10428	0.06325	0.14093	0.06820	0.01880	0.03851	0.11905	0.07895	0.05244	0.07934	0.08971	0.01694	0.01358	0.00729	0.02886	0.00189	0.00651	0.01348	0.00384	0.05414
3	0.04622	0.17140	0.17778	0.01217	0.01723	0.12341	0.05017	0.07425	0.01360	0.08978	0.01111	0.02875	0.00875	0.00551	0.00478	0.00144	0.00663	0.00421	0.00338	0.14944
4	0.04537	0.07475	0.23318	0.02956	0.01857	0.01261	0.07172	0.12715	0.05489	0.16791	0.04250	0.01588	0.02856	0.00618	0.00532	0.00166	0.00624	0.00508	0.00420	0.04867
5	0.20124	0.07855	0.13297	0.05182	0.01828	0.01302	0.11552	0.11782	0.01370	0.09482	0.01281	0.01397	0.03721	0.00571	0.00494	0.00164	0.00611	0.00464	0.00372	0.07152
6	0.18791	0.03124	0.17867	0.07029	0.04727	0.01277	0.05944	0.10329	0.09939	0.04286	0.01185	0.01351	0.00899	0.02251	0.00541	0.00173	0.00604	0.00449	0.00362	0.08872
7	0.01111	0.07193	0.01032	0.05061	0.01066	0.04125	0.00614	0.01221	0.01066	0.09538	0.08636	0.08010	0.03645	0.37312	0.04525	0.00367	0.03823	0.00757	0.00394	0.00504
8	0.04229	0.48924	0.02253	0.00987	0.01410	0.03542	0.00904	0.12498	0.01418	0.10786	0.04376	0.04247	0.01127	0.00607	0.00438	0.00140	0.00560	0.00438	0.00368	0.00749
9	0.04900	0.00864	0.02667	0.04150	0.01267	0.00755	0.00719	0.04373	0.01452	0.18970	0.29069	0.02697	0.05594	0.00823	0.00561	0.00157	0.00398	0.02397	0.00526	0.17661
10	0.01426	0.04811	0.05201	0.29217	0.19325	0.05161	0.08195	0.16407	0.01486	0.01959	0.01064	0.01364	0.00815	0.00551	0.00549	0.00171	0.00722	0.00490	0.00318	0.00765
11	0.00954	0.12398	0.01121	0.00841	0.01011	0.00828	0.02377	0.03924	0.02527	0.03593	0.13355	0.35406	0.08942	0.05610	0.00748	0.00212	0.00402	0.04731	0.00479	0.00543
12	0.00689	0.00499	0.00643	0.00743	0.00796	0.00463	0.00504	0.00798	0.01104	0.01463	0.08040	0.63939	0.10400	0.05117	0.00792	0.00232	0.00326	0.02487	0.00512	0.00452
13	0.00902	0.00672	0.00793	0.00721	0.00893	0.00597	0.00510	0.01026	0.01006	0.01430	0.01927	0.09471	0.05520	0.34615	0.03854	0.00333	0.00486	0.07388	0.03558	0.24298
14	0.01330	0.01142	0.03812	0.16750	0.05639	0.01151	0.07402	0.19325	0.05556	0.03723	0.03298	0.05005	0.08864	0.03850	0.00651	0.00184	0.00575	0.00634	0.03801	0.07305
15	0.01172	0.00711	0.00904	0.00806	0.01006	0.00674	0.00621	0.08093	0.01612	0.14487	0.48986	0.10195	0.05288	0.01080	0.00635	0.00179	0.00337	0.01988	0.00605	0.00622
16	0.00689	0.00490	0.00643	0.00755	0.00788	0.00460	0.00500	0.00784	0.01060	0.01418	0.05771	0.71222	0.03593	0.07933	0.00872	0.00248	0.00336	0.01492	0.00504	0.00444
17	0.04862	0.10366	0.47229	0.01345	0.01974	0.01345	0.01562	0.11540	0.01349	0.04094	0.01229	0.08418	0.01021	0.00654	0.00522	0.00173	0.00695	0.00516	0.00320	0.00784
18	0.01093	0.01015	0.01520	0.20639	0.28836	0.04750	0.01232	0.01349	0.01180	0.01566	0.01723	0.25093	0.01794	0.00939	0.00607	0.00191	0.00585	0.04880	0.00352	0.00655
19	0.00683	0.00488	0.00652	0.00780	0.00816	0.00457	0.00528	0.00785	0.01068	0.01423	0.03048	0.77435	0.03645	0.01728	0.00709	0.00226	0.00328	0.04235	0.00514	0.00452
20	0.10318	0.16449	0.13894	0.01359	0.08580	0.01266	0.08633	0.01734	0.01275	0.14110	0.10761	0.01813	0.04847	0.00654	0.00538	0.00165	0.01936	0.00542	0.00388	0.00737
21	0.01329	0.09619	0.03337	0.04457	0.08333	0.02694	0.00937	0.21661	0.01556	0.03361	0.02023	0.21052	0.05730	0.04049	0.00678	0.00199	0.00530	0.07324	0.00447	0.00683
22	0.01267	0.00671	0.00893	0.00782	0.00994	0.00604	0.00606	0.01510	0.01557	0.23730	0.53207	0.05794	0.04075	0.01023	0.00627	0.00175	0.00323	0.00892	0.00628	0.00641
23	0.01025	0.00597	0.00811	0.00863	0.00986	0.00557	0.00654	0.01185	0.01216	0.13875	0.05704	0.46863	0.03236	0.01492	0.00694	0.00221	0.00388	0.18540	0.00545	0.00547
24	0.29371	0.13791	0.04285	0.03657	0.01347	0.02352	0.00839	0.13161	0.01265	0.02110	0.01148	0.08390	0.01033	0.00745	0.00611	0.03708	0.06054	0.00492	0.04991	0.00648
25	0.00915	0.00779	0.01024	0.24596	0.01757	0.04527	0.00840	0.02736	0.01146	0.01485	0.08864	0.33181	0.02487	0.12052	0.00932	0.00246	0.00511	0.01004	0.00407	0.00511
26	0.00700	0.00539	0.00641	0.00666	0.00789	0.00479	0.00480	0.00865	0.01295	0.01694	0.26725	0.27650	0.32641	0.01420	0.00670	0.00195	0.00287	0.01240	0.00544	0.00479
27	0.01157	0.01112	0.01570	0.14717	0.01820	0.01422	0.01158	0.01344	0.00943	0.01422	0.00842	0.01284	0.00769	0.00929	0.04299	0.00231	0.50101	0.00465	0.00259	0.14157
28	0.00675	0.00482	0.00643	0.00771	0.00803	0.00450	0.00514	0.00771	0.01060	0.01414	0.03053	0.80175	0.03663	0.01735	0.00707	0.00225	0.00321	0.01574	0.00514	0.00450
29	0.18752	0.41017	0.03246	0.12418	0.01752	0.09387	0.00994	0.04092	0.01178	0.01649	0.00832	0.01007	0.00699	0.00511	0.00405	0.00144	0.00624	0.00340	0.00275	0.00676
30	0.08843	0.03855	0.12570	0.45935	0.02935	0.04233	0.01419	0.07000	0.01253	0.05399	0.01038	0.01352	0.00764	0.00559	0.00522	0.00176	0.00705	0.00455	0.00298	0.00687
31	0.00964	0.00756	0.00964	0.08022	0.01143	0.00875	0.00664	0.04182	0.03810	0.01322	0.01555	0.06097	0.01670	0.46721	0.05854	0.00431	0.13441	0.00727	0.00336	0.00464
32	0.01226	0.01039	0.01363	0.00997	0.01447	0.00868	0.07510	0.04175	0.01201	0.04166	0.01073	0.01333	0.00898	0.04360	0.00619	0.00126	0.03818	0.00401	0.00340	0.63039
33	0.01409	0.65759	0.17385	0.01070	0.01610	0.02016	0.01160	0.01677	0.01134	0.01390	0.00813	0.00943	0.00709	0.00484	0.00388	0.00129	0.00636	0.00318	0.00236	0.00732
34	0.08883	0.01128	0.01224	0.00995	0.01344	0.01204	0.00806	0.29592	0.11741	0.17820	0.01675	0.01653	0.01197	0.00664	0.00504	0.00163	0.00471	0.00514	0.17606	0.00817
35	0.00740	0.00562	0.00797	0.11636	0.01230	0.00568	0.00665	0.00891	0.01113	0.01485	0.08752	0.61530	0.03375	0.01518	0.00683	0.00216	0.00378	0.02900	0.00485	0.00480
36	0.01282	0.01226	0.02088	0.24026	0.57145	0.01293	0.01656	0.01622	0.01219	0.01702	0.01026	0.01400	0.00839	0.00510	0.00550	0.00170	0.00680	0.00493	0.00267	0.00806
37	0.01927	0.01357	0.01498	0.01186	0.01572	0.01481	0.00966	0.58509	0.03334	0.08546	0.01570	0.08654	0.01255	0.00936	0.04358	0.00208	0.00613	0.00608	0.00548	0.00874
38	0.00685	0.00490	0.00652	0.00764	0.00806	0.00457	0.00515	0.00796	0.01107	0.01488	0.09817	0.73200	0.03806	0.01680	0.00702	0.00220	0.00316	0.01522	0.00523	0.00457
39	0.00734	0.00557	0.00676	0.00661	0.00801	0.00499	0.00490	0.00942	0.01426	0.01921	0.47877	0.11483	0.27372	0.01272	0.00659	0.00183	0.00273	0.01106	0.00571	0.00499
40	0.01286	0.17775	0.22134	0.01805	0.02378	0.01549	0.36683	0.01717	0.01205	0.01646	0.00992	0.01271	0.00771	0.00516	0.00637	0.00174	0.05947	0.00508	0.00257	0.00749
41	0.01331	0.01084	0.01173	0.01067	0.01351	0.01227	0.00823	0.02641	0.62421	0.05406	0.05955	0.09325	0.02030	0.00857	0.00581	0.00190	0.00420	0.00729	0.00566	0.00823
42	0.01040	0.00620	0.00803	0.00750	0.00922	0.00562	0.00571	0.01256	0.01449	0.14239	0.43417	0.12295	0.12159	0.03051	0.00700	0.00193	0.00323	0.04488	0.00590	0.00572
43	0.06343	0.00913	0.01135	0.00915	0.01249	0.00867	0.00740	0.11705	0.01664	0.40686	0.22003	0.02370	0.02309	0.00792	0.00565	0.00170	0.00423	0.00653	0.03703	0.00795
44	0.01340	0.04882	0.59037	0.01551	0.05078	0.01314	0.01804	0.08570	0.01339	0.08355	0.01121	0.01244	0.00788	0.00550	0.00527	0.00172	0.00757	0.00430	0.00303	0.00839
45	0.00688	0.00550	0.00620	0.00659	0.00802	0.00482	0.00491	0.00835	0.01233	0.01531	0.08622	0.22774	0.49182	0.01477	0.00677	0.00201	0.00310	0.07876	0.00519	0.00470
46	0.01286	0.00865	0.01057	0.00848	0.01215	0.00704	0.00658	0.01532	0.03485	0.15446	0.01727	0.19892	0.01615	0.00782	0.00511	0.00135	0.00401	0.00672	0.00444	0.46725
47	0.04367	0.04200	0.01115	0.00927	0.01143	0.00900	0.00745	0.07481	0.03055	0.16687	0.26062	0.12564	0.02910	0.01043	0.00724	0.00190	0.07654	0.07041	0.00539	0.00654

[dist]
# distance from previous block
# <min> <max>
0	41

[block]
# block no. 5 follows, 43 sequences, length 8
# corresponding to MSA columns:
# 331-338
name=unknown_F
#
# <colnr> <probs for GDERKNQSTAVLIFYWHMCP>
#	G	D	E	R	K	N	Q	S	T	A	V	L	I	F	Y	W	H	M	C	P
0	0.07630	0.01259	0.01233	0.01034	0.01309	0.08832	0.00795	0.32576	0.05280	0.04716	0.01432	0.01971	0.01252	0.21575	0.06430	0.00311	0.00663	0.00564	0.00443	0.00697
1	0.05808	0.07409	0.06626	0.23655	0.12611	0.03161	0.18813	0.01551	0.01172	0.01621	0.01228	0.05752	0.03134	0.00624	0.00619	0.00180	0.04488	0.00575	0.00285	0.00687
2	0.00696	0.00558	0.00622	0.00617	0.00776	0.00484	0.00458	0.00872	0.01345	0.01718	0.27702	0.09657	0.49867	0.01339	0.00657	0.00185	0.00277	0.01142	0.00544	0.00484
3	0.00698	0.00499	0.00670	0.00798	0.00841	0.00470	0.00555	0.00812	0.01084	0.01440	0.03039	0.72142	0.03611	0.01713	0.00713	0.00228	0.00342	0.09374	0.00514	0.00456
4	0.07433	0.01211	0.08276	0.13259	0.03080	0.02570	0.01015	0.18899	0.04357	0.08136	0.03224	0.06680	0.04541	0.03783	0.06934	0.00246	0.00638	0.00607	0.04402	0.00708
5	0.11294	0.01736	0.28150	0.11106	0.10052	0.01215	0.05100	0.06176	0.01317	0.16836	0.01232	0.01363	0.00865	0.00561	0.00524	0.00174	0.00671	0.00462	0.00362	0.00802
6	0.00908	0.00587	0.00763	0.00736	0.00880	0.00535	0.00551	0.01127	0.01448	0.08625	0.49500	0.17282	0.10037	0.01232	0.00658	0.00186	0.00300	0.03514	0.00589	0.00542
7	0.00705	0.00502	0.00663	0.00763	0.00809	0.00472	0.00521	0.00822	0.01113	0.01497	0.11506	0.63359	0.03721	0.06545	0.00834	0.00240	0.00336	0.04626	0.00514	0.00454

[dist]
# distance from previous block
# <min> <max>
5	8

[block]
# block no. 6 follows, 43 sequences, length 17
# corresponding to MSA columns:
# 347-363
name=unknown_G
#
# <colnr> <probs for GDERKNQSTAVLIFYWHMCP>
#	G	D	E	R	K	N	Q	S	T	A	V	L	I	F	Y	W	H	M	C	P
0	0.09911	0.01112	0.03580	0.01179	0.06177	0.01078	0.00911	0.12454	0.12744	0.32649	0.01927	0.07415	0.01479	0.00772	0.00556	0.00180	0.00495	0.03988	0.00556	0.00837
1	0.03726	0.03337	0.20176	0.01402	0.09167	0.16453	0.01187	0.03910	0.04229	0.04778	0.04526	0.12545	0.08490	0.00831	0.00594	0.00176	0.02736	0.00673	0.00371	0.00692
2	0.01729	0.01221	0.01275	0.01079	0.01421	0.06628	0.00855	0.15483	0.31276	0.19951	0.02307	0.04245	0.08443	0.00795	0.00568	0.00178	0.00498	0.00644	0.00565	0.00838
3	0.02086	0.00909	0.01202	0.00967	0.01330	0.00826	0.00793	0.06683	0.03248	0.55453	0.12831	0.02478	0.02028	0.00808	0.00585	0.00178	0.00451	0.05640	0.00652	0.00851
4	0.01598	0.00909	0.01373	0.01076	0.01422	0.00821	0.11302	0.01931	0.05078	0.32485	0.27100	0.02546	0.02572	0.00789	0.00593	0.00169	0.00461	0.00708	0.00572	0.06494
5	0.01174	0.19218	0.56422	0.01406	0.02102	0.01432	0.01732	0.01691	0.01167	0.01652	0.01083	0.01468	0.00879	0.00586	0.00507	0.00169	0.00749	0.05535	0.00254	0.00774
6	0.00740	0.00559	0.00683	0.00664	0.00803	0.00502	0.00493	0.00956	0.01447	0.01961	0.51688	0.09718	0.25260	0.01250	0.00657	0.00181	0.00271	0.01088	0.00576	0.00502
7	0.00808	0.00588	0.00722	0.00764	0.00855	0.00566	0.00532	0.06550	0.01247	0.01662	0.12863	0.49832	0.11250	0.08006	0.00856	0.00235	0.00349	0.01310	0.00515	0.00490
8	0.01247	0.01189	0.02024	0.32321	0.49128	0.01283	0.01638	0.01591	0.01202	0.01659	0.01020	0.01411	0.00824	0.00516	0.00550	0.00172	0.00689	0.00493	0.00263	0.00777
9	0.02052	0.01354	0.06823	0.01163	0.01596	0.01282	0.01011	0.38911	0.02026	0.28157	0.01703	0.01868	0.01236	0.03114	0.00634	0.00185	0.00569	0.04861	0.00567	0.00889
10	0.00675	0.00482	0.00643	0.00771	0.00803	0.00450	0.00514	0.00771	0.01060	0.01414	0.03053	0.80175	0.03663	0.01735	0.00707	0.00225	0.00321	0.01574	0.00514	0.00450
11	0.05190	0.01131	0.01278	0.01052	0.01411	0.01198	0.00846	0.19554	0.26417	0.24334	0.06958	0.01933	0.01606	0.00724	0.00550	0.00174	0.00469	0.00584	0.03728	0.00862
12	0.01170	0.01003	0.01217	0.08689	0.01577	0.00820	0.00758	0.03840	0.01192	0.01821	0.00996	0.01187	0.00816	0.00433	0.00429	0.00095	0.00450	0.00350	0.00327	0.72829
13	0.01023	0.00712	0.00878	0.00865	0.01015	0.00714	0.00646	0.09984	0.06703	0.05580	0.20626	0.38112	0.03437	0.01328	0.00662	0.00202	0.00369	0.06005	0.00553	0.00584
14	0.00883	0.00597	0.00687	0.00655	0.00842	0.00516	0.00494	0.01056	0.01353	0.09801	0.21736	0.10447	0.46332	0.01288	0.00648	0.00185	0.00300	0.01095	0.00555	0.00530
15	0.00682	0.00492	0.00643	0.00760	0.00803	0.00458	0.00513	0.00783	0.01071	0.01416	0.03166	0.71955	0.07922	0.03771	0.00760	0.00232	0.00329	0.03285	0.00509	0.00449
16	0.01348	0.01014	0.01209	0.02654	0.01367	0.03073	0.03783	0.26874	0.03300	0.03520	0.02150	0.24730	0.02167	0.01117	0.00629	0.00198	0.00508	0.14225	0.05461	0.00673

[dist]
# distance from previous block
# <min> <max>
0	6

[block]
# block no. 7 follows, 43 sequences, length 14
# corresponding to MSA columns:
# 372-385
name=unknown_H
#
# <colnr> <probs for GDERKNQSTAVLIFYWHMCP>
#	G	D	E	R	K	N	Q	S	T	A	V	L	I	F	Y	W	H	M	C	P
0	0.15551	0.00928	0.01086	0.00956	0.01199	0.00994	0.02697	0.08118	0.11502	0.09717	0.14670	0.17999	0.02297	0.00960	0.00654	0.00187	0.05939	0.00792	0.00498	0.03257
1	0.01341	0.01285	0.02193	0.10442	0.70275	0.01308	0.01685	0.01673	0.01247	0.01773	0.01036	0.01381	0.00864	0.00499	0.00549	0.00166	0.00665	0.00493	0.00272	0.00853
2	0.01944	0.01478	0.01577	0.01241	0.01624	0.03588	0.01018	0.60408	0.05754	0.03143	0.01344	0.01389	0.00983	0.00687	0.00635	0.00170	0.06316	0.00501	0.05318	0.00882
3	0.06043	0.01338	0.05917	0.01629	0.02127	0.01189	0.35468	0.03764	0.03395	0.15862	0.01294	0.01465	0.00938	0.00533	0.00606	0.00167	0.03250	0.00542	0.00378	0.14093
4	0.03723	0.00855	0.01098	0.00899	0.01228	0.00778	0.00721	0.05157	0.03794	0.46774	0.14945	0.07467	0.08338	0.00883	0.00586	0.00177	0.00415	0.00740	0.00631	0.00792
5	0.01081	0.01025	0.01704	0.67855	0.08674	0.01273	0.01523	0.01428	0.01098	0.01436	0.00968	0.01448	0.00747	0.00582	0.00653	0.00188	0.06944	0.00492	0.00248	0.00633
6	0.08228	0.01181	0.01259	0.01057	0.01396	0.03710	0.00851	0.23102	0.21206	0.14618	0.09755	0.02211	0.04093	0.00788	0.00562	0.00178	0.00490	0.03953	0.00555	0.00810
7	0.01243	0.00779	0.00889	0.00793	0.00938	0.00796	0.00553	0.16178	0.01299	0.09562	0.01847	0.10939	0.01870	0.43368	0.01769	0.00369	0.00507	0.00782	0.04977	0.00544
8	0.11112	0.01017	0.01261	0.00988	0.01402	0.00962	0.00813	0.07990	0.06314	0.59224	0.01975	0.01750	0.01277	0.00670	0.00534	0.00172	0.00475	0.00530	0.00631	0.00902
9	0.00710	0.00514	0.00674	0.00765	0.00831	0.00478	0.00539	0.00850	0.01178	0.01578	0.16008	0.56400	0.08536	0.01593	0.00699	0.00216	0.00323	0.07108	0.00530	0.00468
10	0.27609	0.03330	0.17737	0.04607	0.01814	0.01326	0.10927	0.09872	0.01251	0.03797	0.01101	0.05908	0.00911	0.00641	0.00599	0.00182	0.06846	0.00497	0.00338	0.00707
11	0.00805	0.00537	0.00604	0.00604	0.00604	0.00537	0.00336	0.00805	0.00805	0.01074	0.01745	0.03624	0.02013	0.80536	0.02819	0.00537	0.00537	0.00805	0.00336	0.00336
12	0.00760	0.00550	0.00713	0.00712	0.00821	0.00510	0.00522	0.00974	0.01418	0.01970	0.53972	0.19424	0.08045	0.03925	0.00740	0.00200	0.00291	0.03381	0.00574	0.00499
13	0.03844	0.00902	0.01074	0.01043	0.05588	0.00931	0.00765	0.07121	0.20914	0.09853	0.24113	0.03185	0.11797	0.00956	0.00604	0.00183	0.00401	0.05467	0.00555	0.00703

[dist]
# distance from previous block
# <min> <max>
4	12

[block]
# block no. 8 follows, 43 sequences, length 85
# corresponding to MSA columns:
# 401-485
name=unknown_I
#
# <colnr> <probs for GDERKNQSTAVLIFYWHMCP>
#	G	D	E	R	K	N	Q	S	T	A	V	L	I	F	Y	W	H	M	C	P
0	0.17996	0.18698	0.32976	0.04725	0.04364	0.05166	0.01388	0.04459	0.02431	0.01847	0.00930	0.01089	0.00716	0.00524	0.00456	0.00161	0.00678	0.00374	0.00278	0.00742
1	0.08767	0.01766	0.12657	0.01182	0.01574	0.19015	0.01048	0.27288	0.01727	0.02335	0.01255	0.04739	0.01017	0.02333	0.00553	0.00168	0.00659	0.00489	0.09667	0.01762
2	0.04351	0.33601	0.16624	0.01163	0.01667	0.04251	0.03117	0.17227	0.01487	0.03593	0.03819	0.01227	0.00956	0.00560	0.00460	0.00146	0.00630	0.00409	0.02014	0.02698
3	0.31806	0.08128	0.15419	0.04307	0.01603	0.01296	0.03010	0.10999	0.01318	0.09385	0.04417	0.03878	0.01058	0.00616	0.00467	0.00170	0.00557	0.00459	0.00385	0.00722
4	0.00770	0.00621	0.00698	0.00689	0.00828	0.03059	0.00508	0.00966	0.01400	0.01850	0.41486	0.15220	0.27312	0.01284	0.00656	0.00184	0.00300	0.01114	0.00555	0.00499
5	0.01243	0.01199	0.02095	0.27724	0.44241	0.01270	0.07889	0.01594	0.01216	0.01673	0.01100	0.01596	0.00915	0.00549	0.00567	0.00176	0.00702	0.03209	0.00274	0.00768
6	0.01342	0.03522	0.07023	0.05440	0.59855	0.01293	0.01595	0.03107	0.01263	0.01812	0.01030	0.01328	0.00853	0.00493	0.00530	0.00158	0.00647	0.00469	0.00280	0.07960
7	0.02137	0.00901	0.01198	0.00950	0.01320	0.00806	0.00772	0.05362	0.02957	0.59411	0.13209	0.04816	0.02006	0.00787	0.00576	0.00174	0.00440	0.00656	0.00661	0.00863
8	0.00758	0.00553	0.00716	0.00724	0.00838	0.00511	0.00538	0.00975	0.01417	0.01954	0.50428	0.20091	0.10727	0.01307	0.00672	0.00191	0.00293	0.06228	0.00575	0.00502
9	0.08924	0.00806	0.02650	0.03394	0.01129	0.00764	0.00673	0.07551	0.01493	0.13016	0.36318	0.09926	0.05695	0.02979	0.00650	0.00186	0.00377	0.00843	0.02000	0.00622
10	0.01712	0.01782	0.01376	0.01235	0.01477	0.40811	0.00954	0.07027	0.01418	0.07991	0.01164	0.01427	0.00967	0.01576	0.21542	0.00354	0.05745	0.00455	0.00339	0.00647
11	0.00715	0.00503	0.00650	0.00746	0.00777	0.00483	0.00493	0.00799	0.01007	0.01344	0.02715	0.58292	0.03217	0.19336	0.03268	0.00313	0.00408	0.04039	0.00468	0.00428
12	0.01155	0.00982	0.01145	0.00828	0.01307	0.00750	0.00660	0.02869	0.01175	0.01828	0.01047	0.03265	0.00899	0.00451	0.00421	0.00088	0.00412	0.00365	0.00338	0.80014
13	0.01134	0.01063	0.01800	0.55955	0.24175	0.01234	0.01555	0.01476	0.01140	0.01513	0.01000	0.01453	0.00783	0.00574	0.00595	0.02417	0.00709	0.00492	0.00254	0.00678
14	0.00789	0.00582	0.00842	0.00847	0.00929	0.00663	0.00637	0.00956	0.00884	0.01261	0.01572	0.04984	0.01548	0.14644	0.65294	0.00819	0.01314	0.00656	0.00309	0.00471
15	0.00671	0.00496	0.00628	0.00734	0.00794	0.00453	0.00498	0.00775	0.01096	0.01428	0.03500	0.67071	0.16478	0.01677	0.00698	0.00218	0.00314	0.01503	0.00514	0.00453
16	0.01406	0.00710	0.00920	0.00790	0.01028	0.00645	0.00619	0.03292	0.01544	0.27709	0.40050	0.04764	0.05256	0.00948	0.00597	0.00171	0.00342	0.00814	0.07724	0.00671
17	0.01336	0.01217	0.01996	0.01652	0.06142	0.04307	0.27682	0.05719	0.04999	0.05909	0.06084	0.02087	0.01425	0.00820	0.02959	0.00209	0.10797	0.06474	0.07488	0.00700
18	0.01393	0.01366	0.02254	0.03302	0.72426	0.03931	0.03754	0.01719	0.01273	0.01793	0.01038	0.01362	0.00871	0.00495	0.00550	0.00164	0.00677	0.00493	0.00275	0.00866
19	0.02471	0.00965	0.01299	0.00996	0.01425	0.00848	0.00823	0.05389	0.01623	0.74721	0.02153	0.01864	0.01355	0.00685	0.00557	0.00171	0.00476	0.00555	0.00681	0.00943
20	0.01148	0.00984	0.01148	0.00820	0.01312	0.00738	0.00656	0.01395	0.01148	0.01805	0.00984	0.01148	0.00820	0.00410	0.00410	0.00082	0.00410	0.00328	0.00328	0.83922
21	0.01151	0.11235	0.69644	0.01511	0.02292	0.01383	0.01928	0.01744	0.01165	0.01706	0.00970	0.01139	0.00703	0.00521	0.00508	0.00169	0.00794	0.00397	0.00234	0.00807
22	0.01339	0.01283	0.02190	0.10872	0.69860	0.01307	0.01684	0.01672	0.01246	0.01770	0.01036	0.01381	0.00864	0.00499	0.00549	0.00166	0.00666	0.00493	0.00271	0.00851
23	0.02170	0.01210	0.01422	0.01116	0.01532	0.01242	0.00914	0.30039	0.13543	0.37946	0.01874	0.01704	0.01259	0.00688	0.00557	0.00172	0.00518	0.00546	0.00617	0.00932
24	0.01170	0.15294	0.65753	0.01478	0.02242	0.01430	0.01871	0.01739	0.01162	0.01682	0.00958	0.01125	0.00703	0.00518	0.00499	0.00166	0.00782	0.00391	0.00234	0.00801
25	0.10680	0.00949	0.01114	0.00851	0.01279	0.00795	0.00683	0.01729	0.01237	0.22216	0.01424	0.06678	0.01137	0.00586	0.00462	0.00126	0.00423	0.00471	0.00439	0.46723
26	0.01046	0.00984	0.01661	0.79205	0.03814	0.01230	0.01538	0.01415	0.01107	0.01415	0.00984	0.01477	0.00738	0.00554	0.00554	0.00185	0.00738	0.00492	0.00246	0.00615
27	0.23804	0.00938	0.01082	0.00895	0.01246	0.00921	0.00723	0.03592	0.04437	0.42530	0.05971	0.08437	0.01580	0.00757	0.00519	0.00177	0.00437	0.00602	0.00569	0.00784
28	0.02193	0.00619	0.00793	0.00813	0.00933	0.00586	0.00578	0.04226	0.01196	0.14067	0.02671	0.53466	0.02937	0.07852	0.00836	0.00237	0.00379	0.02705	0.02367	0.00547
29	0.02387	0.00938	0.01260	0.00976	0.01393	0.00822	0.00803	0.02645	0.04102	0.72424	0.02300	0.02004	0.03858	0.00711	0.00560	0.00172	0.00464	0.00579	0.00676	0.00925
30	0.00773	0.00566	0.00725	0.00685	0.00821	0.00518	0.00514	0.01024	0.01542	0.02159	0.70705	0.04239	0.11348	0.01155	0.00653	0.00175	0.00263	0.01016	0.00602	0.00518
31	0.01240	0.30166	0.51500	0.01358	0.02056	0.01603	0.01662	0.01720	0.01154	0.01596	0.00916	0.01071	0.00705	0.00508	0.00466	0.00155	0.00739	0.00370	0.00235	0.00781
32	0.02222	0.01223	0.01442	0.01112	0.01532	0.01243	0.00914	0.38115	0.02069	0.37821	0.03765	0.01706	0.01277	0.02172	0.00600	0.00176	0.00534	0.00545	0.00613	0.00920
33	0.00825	0.00594	0.00642	0.00612	0.00813	0.00503	0.00465	0.00984	0.01322	0.08066	0.12811	0.04910	0.62863	0.01313	0.00646	0.00184	0.00295	0.01099	0.00539	0.00514
34	0.00833	0.00608	0.00806	0.00863	0.00988	0.00591	0.00699	0.01106	0.03795	0.01823	0.27128	0.15042	0.07489	0.01395	0.00709	0.00219	0.00391	0.34453	0.00545	0.00516
35	0.01200	0.07330	0.60259	0.01484	0.02203	0.01320	0.03871	0.01866	0.07596	0.04269	0.02808	0.01327	0.00913	0.00559	0.00526	0.00173	0.00752	0.00446	0.00287	0.00812
36	0.00705	0.00566	0.00631	0.00623	0.00790	0.00492	0.00473	0.00888	0.01358	0.01730	0.27746	0.04996	0.51327	0.01324	0.00659	0.00186	0.00284	0.04192	0.00544	0.00487
37	0.00771	0.00558	0.00723	0.00696	0.00817	0.00515	0.00514	0.01008	0.01496	0.02101	0.66354	0.10663	0.07365	0.03094	0.00710	0.00188	0.00274	0.01051	0.00592	0.00510
38	0.05663	0.01177	0.01941	0.31115	0.36965	0.01316	0.03993	0.01562	0.01153	0.01657	0.00982	0.01375	0.00797	0.00557	0.00651	0.00180	0.07425	0.00487	0.00265	0.00738
39	0.01993	0.00910	0.01189	0.02359	0.01336	0.00842	0.00773	0.08585	0.03205	0.49910	0.17663	0.02359	0.02155	0.03325	0.00649	0.00184	0.00446	0.00653	0.00637	0.00828
40	0.00827	0.00589	0.00810	0.00928	0.01025	0.00579	0.00759	0.01030	0.01210	0.01589	0.05269	0.26279	0.03342	0.04254	0.00815	0.00254	0.00451	0.48996	0.00508	0.00488
41	0.06569	0.22899	0.46238	0.01383	0.03657	0.05126	0.01587	0.01771	0.03038	0.01680	0.00948	0.01098	0.00727	0.00519	0.00470	0.00159	0.00730	0.00378	0.00253	0.00771
42	0.01091	0.00812	0.01033	0.00960	0.03637	0.01935	0.03776	0.07474	0.03730	0.06236	0.12582	0.13224	0.08693	0.19736	0.05209	0.00299	0.02180	0.00847	0.00450	0.06098
43	0.03203	0.14713	0.33953	0.04043	0.09901	0.01332	0.02340	0.04951	0.03692	0.01787	0.02698	0.05633	0.03194	0.00631	0.00509	0.00165	0.00649	0.00512	0.03710	0.02383
44	0.04900	0.52666	0.19159	0.01137	0.01681	0.01872	0.03653	0.04439	0.01201	0.03597	0.00890	0.01014	0.00735	0.00500	0.00415	0.00139	0.00644	0.00348	0.00266	0.00746
45	0.01190	0.01282	0.02640	0.17625	0.02836	0.01276	0.50905	0.01594	0.01236	0.01660	0.01287	0.08306	0.01106	0.00624	0.00664	0.00192	0.02431	0.02162	0.00297	0.00687
46	0.01080	0.05646	0.12379	0.00927	0.01235	0.05541	0.00860	0.08733	0.01438	0.01901	0.14875	0.03424	0.22821	0.01001	0.00588	0.00177	0.00475	0.08724	0.07565	0.00610
47	0.43754	0.05718	0.14823	0.06158	0.01715	0.02867	0.07339	0.05012	0.01150	0.05582	0.00945	0.01101	0.00706	0.00528	0.00438	0.00171	0.00591	0.00383	0.00330	0.00690
48	0.00805	0.00540	0.00620	0.00620	0.00625	0.00546	0.00355	0.00816	0.00810	0.01086	0.01731	0.03544	0.01979	0.76301	0.07006	0.00557	0.00589	0.00794	0.00333	0.00344
49	0.01690	0.00770	0.01033	0.00863	0.01154	0.00682	0.00694	0.01922	0.01553	0.42180	0.31151	0.03085	0.05199	0.00923	0.00608	0.00177	0.00386	0.04544	0.00642	0.00744
50	0.12399	0.29891	0.19760	0.03390	0.07388	0.01597	0.01231	0.08325	0.01287	0.06866	0.01038	0.01226	0.00824	0.00548	0.00453	0.00155	0.00624	0.01917	0.00317	0.00763
51	0.00813	0.00608	0.00862	0.00852	0.00925	0.00702	0.00637	0.00964	0.00870	0.01241	0.01508	0.02452	0.01494	0.20786	0.58423	0.00784	0.04678	0.00635	0.00303	0.00464
52	0.00852	0.00603	0.00765	0.00728	0.00876	0.00564	0.00550	0.01148	0.04715	0.04569	0.58649	0.08234	0.10918	0.01170	0.00653	0.00181	0.00289	0.03401	0.00594	0.00543
53	0.00810	0.00609	0.00825	0.07444	0.01120	0.00593	0.00652	0.01067	0.01455	0.02008	0.53812	0.06581	0.08897	0.01171	0.00661	0.00188	0.00338	0.10688	0.00556	0.00523
54	0.01550	0.01375	0.02100	0.04793	0.56848	0.06218	0.03865	0.05783	0.01381	0.09022	0.01155	0.01400	0.00912	0.00526	0.00550	0.00165	0.00670	0.00496	0.00328	0.00861
55	0.00870	0.00622	0.00848	0.00959	0.01076	0.00617	0.00816	0.01095	0.01230	0.01595	0.02949	0.07589	0.06276	0.08282	0.00934	0.00276	0.00498	0.62480	0.00495	0.00492
56	0.04907	0.01223	0.01331	0.01099	0.01464	0.01340	0.00884	0.26938	0.31792	0.14912	0.01849	0.01746	0.01330	0.00696	0.00540	0.00174	0.00489	0.00553	0.05857	0.00876
57	0.01265	0.03657	0.04578	0.10302	0.10213	0.01400	0.48295	0.01667	0.01233	0.01683	0.01146	0.01512	0.02418	0.00543	0.00721	0.00187	0.07577	0.00601	0.00275	0.00729
58	0.77410	0.01112	0.00886	0.00775	0.01126	0.01283	0.00638	0.07919	0.01085	0.02571	0.00819	0.00936	0.00629	0.00527	0.00361	0.00171	0.00444	0.00317	0.00361	0.00629
59	0.01357	0.01302	0.02224	0.06500	0.74084	0.01312	0.01693	0.01688	0.01255	0.01793	0.01039	0.01375	0.00872	0.00496	0.00549	0.00165	0.00661	0.00493	0.00273	0.00867
60	0.05021	0.01088	0.01308	0.01014	0.01422	0.01048	0.00827	0.17302	0.05997	0.34794	0.01632	0.01568	0.01128	0.00673	0.00609	0.02995	0.02720	0.00488	0.00538	0.17827
61	0.01551	0.01726	0.02065	0.13187	0.13431	0.25850	0.16956	0.05675	0.01366	0.01630	0.00967	0.01272	0.00782	0.00589	0.00713	0.00175	0.10588	0.00483	0.00286	0.00707
62	0.13188	0.00642	0.00751	0.00793	0.00862	0.00690	0.00554	0.00953	0.00978	0.01504	0.02275	0.47611	0.02655	0.15941	0.01135	0.00276	0.07146	0.01151	0.00433	0.00464
