[name]
unknown

[dist]
# distance from previous block
# <min> <max>
15	197

[block]
# block no. 0 follows, 47 sequences, length 18
# corresponding to MSA columns:
# 285-302
name=unknown_A
#
# <colnr> <probs for GDERKNQSTAVLIFYWHMCP>
#	G	D	E	R	K	N	Q	S	T	A	V	L	I	F	Y	W	H	M	C	P
0	0.08530	0.01056	0.01671	0.36529	0.09324	0.03568	0.13964	0.01502	0.05811	0.01602	0.04686	0.01517	0.01008	0.00707	0.04468	0.00202	0.00688	0.00504	0.02040	0.00624
1	0.05710	0.03517	0.01415	0.29056	0.04093	0.02332	0.02411	0.07590	0.03716	0.05523	0.04631	0.06000	0.01124	0.00650	0.00634	0.00164	0.09511	0.00516	0.00331	0.11075
2	0.00905	0.04861	0.00943	0.00767	0.00990	0.00712	0.03481	0.06905	0.04000	0.03137	0.12092	0.18696	0.30252	0.01093	0.00576	0.00167	0.00352	0.00940	0.00463	0.08668
3	0.01126	0.10768	0.36317	0.01582	0.14738	0.01178	0.04780	0.01563	0.03613	0.04407	0.04059	0.11090	0.01243	0.00654	0.00513	0.00164	0.00625	0.00563	0.00299	0.00718
4	0.01337	0.72769	0.07612	0.00927	0.01376	0.01935	0.00946	0.01534	0.01050	0.01252	0.00771	0.00913	0.00699	0.00621	0.04303	0.00151	0.00613	0.00299	0.00225	0.00665
5	0.01046	0.02603	0.75008	0.01448	0.02202	0.01183	0.01857	0.01632	0.01098	0.01652	0.00934	0.01098	0.00665	0.00489	0.00489	0.00160	0.00750	0.00381	0.00224	0.05079
6	0.85377	0.01007	0.00765	0.00685	0.01007	0.01168	0.00564	0.01531	0.00886	0.02336	0.00725	0.00846	0.00564	0.00483	0.00322	0.00161	0.00403	0.00282	0.00322	0.00564
7	0.01435	0.70704	0.02564	0.00947	0.01364	0.04531	0.00912	0.06195	0.01145	0.01355	0.00757	0.00878	0.00682	0.00481	0.00414	0.00120	0.04297	0.00300	0.00243	0.00675
8	0.00905	0.00452	0.00678	0.00678	0.00678	0.00452	0.00452	0.00678	0.00678	0.00905	0.00905	0.01583	0.00905	0.01809	0.02035	0.84848	0.00452	0.00452	0.00226	0.00226
9	0.01333	0.01012	0.01173	0.01056	0.05118	0.03819	0.03639	0.29466	0.01512	0.03821	0.01577	0.08960	0.02688	0.27233	0.03228	0.00292	0.00560	0.00665	0.02235	0.00613
10	0.00745	0.00552	0.00807	0.00807	0.00889	0.00634	0.00613	0.00910	0.00828	0.01186	0.01423	0.02199	0.01369	0.12673	0.70959	0.00800	0.01295	0.00580	0.00283	0.00448
11	0.01780	0.01248	0.01424	0.01128	0.01466	0.01386	0.00926	0.52297	0.02014	0.10896	0.04096	0.01472	0.01100	0.00994	0.08502	0.00231	0.07250	0.00500	0.00488	0.00803
12	0.01612	0.01267	0.01505	0.07740	0.05194	0.01322	0.03101	0.45116	0.03530	0.02596	0.01146	0.01241	0.00852	0.00548	0.00491	0.00139	0.00545	0.00436	0.00427	0.21192
13	0.01045	0.02694	0.79000	0.01484	0.02254	0.01209	0.01924	0.01649	0.01099	0.01649	0.00935	0.01099	0.00660	0.00495	0.00495	0.00165	0.00770	0.00385	0.00220	0.00770
14	0.00905	0.00452	0.00678	0.00678	0.00678	0.00452	0.00452	0.00678	0.00678	0.00905	0.00905	0.01583	0.00905	0.01809	0.02035	0.84848	0.00452	0.00452	0.00226	0.00226
15	0.00905	0.00452	0.00678	0.00678	0.00678	0.00452	0.00452	0.00678	0.00678	0.00905	0.00905	0.01583	0.00905	0.01809	0.02035	0.84848	0.00452	0.00452	0.00226	0.00226
16	0.59667	0.12952	0.01187	0.00878	0.04970	0.01306	0.00694	0.05910	0.01035	0.03750	0.00802	0.00916	0.00632	0.00485	0.00351	0.00151	0.00446	0.00307	0.00322	0.03238
17	0.01398	0.14319	0.11254	0.01159	0.04702	0.03985	0.01004	0.14312	0.24252	0.03332	0.01324	0.01346	0.01013	0.00557	0.00467	0.00143	0.00529	0.00435	0.00387	0.14081

[dist]
# distance from previous block
# <min> <max>
0	9

[block]
# block no. 1 follows, 47 sequences, length 45
# corresponding to MSA columns:
# 312-356
name=unknown_B
#
# <colnr> <probs for GDERKNQSTAVLIFYWHMCP>
#	G	D	E	R	K	N	Q	S	T	A	V	L	I	F	Y	W	H	M	C	P
0	0.24193	0.32851	0.05353	0.03331	0.04687	0.08227	0.00912	0.04902	0.01131	0.06225	0.00857	0.00978	0.00694	0.00504	0.00429	0.00142	0.03297	0.00331	0.00293	0.00662
1	0.65640	0.01069	0.03276	0.00776	0.01129	0.01139	0.00661	0.06294	0.01076	0.13457	0.00956	0.01013	0.00692	0.00516	0.00369	0.00161	0.00430	0.00332	0.00378	0.00637
2	0.01222	0.14044	0.05079	0.06778	0.06183	0.06858	0.11021	0.01439	0.00994	0.01350	0.00823	0.01178	0.00731	0.00820	0.04674	0.00214	0.35287	0.00443	0.00238	0.00624
3	0.01306	0.01059	0.01165	0.01025	0.01321	0.01185	0.02335	0.05044	0.60815	0.06502	0.03947	0.02206	0.08259	0.00755	0.00540	0.00175	0.00413	0.00633	0.00528	0.00787
4	0.00731	0.00531	0.00682	0.00645	0.00765	0.00489	0.00479	0.00961	0.01429	0.02008	0.71138	0.03930	0.08686	0.04411	0.00698	0.00179	0.00257	0.00943	0.00558	0.00481
5	0.00836	0.00577	0.00667	0.00662	0.00707	0.00586	0.00418	0.07319	0.00958	0.01281	0.01874	0.20451	0.02138	0.55449	0.03528	0.00416	0.00483	0.00889	0.00370	0.00392
6	0.01036	0.01226	0.11636	0.56869	0.06551	0.01188	0.11285	0.01427	0.01079	0.01431	0.00946	0.01349	0.00708	0.00504	0.00529	0.00172	0.00724	0.00473	0.00235	0.00630
7	0.01720	0.01275	0.03546	0.10519	0.01767	0.01353	0.01020	0.49436	0.03493	0.09161	0.03515	0.01794	0.01198	0.00695	0.00540	0.00167	0.00562	0.06954	0.00487	0.00799
8	0.01094	0.01019	0.03179	0.00967	0.01185	0.04267	0.00774	0.03853	0.26379	0.01795	0.12702	0.05514	0.09914	0.03915	0.00811	0.00186	0.13392	0.00669	0.00434	0.07952
9	0.01887	0.01403	0.01502	0.01169	0.01564	0.01557	0.00957	0.68222	0.08921	0.03124	0.01336	0.01369	0.00974	0.02841	0.00580	0.00168	0.00557	0.00487	0.00516	0.00865
10	0.07919	0.33357	0.19091	0.01012	0.01443	0.05839	0.01029	0.03752	0.04202	0.03902	0.03631	0.01346	0.00989	0.07655	0.02685	0.00189	0.00612	0.00403	0.00288	0.00656
11	0.01139	0.02541	0.01596	0.07499	0.34577	0.03256	0.01195	0.01409	0.03174	0.01576	0.04570	0.08561	0.01327	0.00738	0.00757	0.00176	0.15986	0.03578	0.05679	0.00665
12	0.85377	0.01007	0.00765	0.00685	0.01007	0.01168	0.00564	0.01531	0.00886	0.02336	0.00725	0.00846	0.00564	0.00483	0.00322	0.00161	0.00403	0.00282	0.00322	0.00564
13	0.01945	0.02482	0.01476	0.01342	0.01610	0.79608	0.01006	0.02079	0.01476	0.01275	0.00805	0.00939	0.00671	0.00537	0.00470	0.00134	0.00939	0.00335	0.00268	0.00604
14	0.85377	0.01007	0.00765	0.00685	0.01007	0.01168	0.00564	0.01531	0.00886	0.02336	0.00725	0.00846	0.00564	0.00483	0.00322	0.00161	0.00403	0.00282	0.00322	0.00564
15	0.00758	0.04073	0.00771	0.00663	0.00804	0.00567	0.00504	0.01005	0.02945	0.01938	0.61326	0.07806	0.12726	0.01088	0.00603	0.00166	0.00267	0.00951	0.00543	0.00497
16	0.00727	0.00532	0.00682	0.00644	0.00772	0.00487	0.00483	0.00963	0.01450	0.02030	0.71932	0.03986	0.11193	0.01086	0.00614	0.00165	0.00247	0.00955	0.00566	0.00487
17	0.01962	0.01450	0.01553	0.01195	0.01608	0.01607	0.00985	0.74775	0.04416	0.03253	0.01273	0.01268	0.00904	0.00627	0.00521	0.00157	0.00569	0.00472	0.00521	0.00884
18	0.00737	0.00532	0.00696	0.00655	0.00778	0.00491	0.00491	0.00983	0.01474	0.02088	0.78175	0.03890	0.04914	0.01065	0.00614	0.00164	0.00246	0.00942	0.00573	0.00491
19	0.00997	0.00718	0.00868	0.00796	0.00965	0.00736	0.00603	0.07345	0.13780	0.05681	0.42362	0.13198	0.03512	0.03776	0.00685	0.00184	0.01793	0.00881	0.00539	0.00582
20	0.02291	0.00921	0.01225	0.00943	0.01344	0.00821	0.00778	0.06197	0.03563	0.73049	0.02017	0.01751	0.01277	0.00645	0.00524	0.00161	0.00449	0.00523	0.00635	0.00885
21	0.00921	0.00779	0.01099	0.01010	0.01078	0.00992	0.00808	0.03360	0.00874	0.01293	0.01165	0.01768	0.01104	0.05910	0.46173	0.00583	0.28225	0.00527	0.01822	0.00508
22	0.01100	0.00950	0.01123	0.00819	0.01250	0.00772	0.00659	0.02625	0.01085	0.01694	0.00915	0.01087	0.00767	0.00426	0.00478	0.00089	0.05876	0.00321	0.00307	0.77657
23	0.02034	0.01253	0.01414	0.01089	0.01488	0.01324	0.00898	0.52334	0.02116	0.24542	0.01498	0.01429	0.01020	0.00630	0.00515	0.00156	0.00521	0.00485	0.04387	0.00868
24	0.01980	0.01459	0.01563	0.01198	0.01615	0.01615	0.00990	0.76713	0.02448	0.03282	0.01250	0.01250	0.00886	0.00625	0.00521	0.00156	0.00573	0.00469	0.00521	0.00886
25	0.01043	0.00987	0.01650	0.41647	0.12566	0.01108	0.10449	0.01490	0.09677	0.01517	0.01383	0.10205	0.02711	0.00661	0.00550	0.00176	0.00624	0.00619	0.00305	0.00633
26	0.01080	0.00926	0.01080	0.00771	0.01234	0.00694	0.00617	0.01311	0.01080	0.01697	0.00926	0.01080	0.00771	0.00386	0.00386	0.00077	0.00386	0.00309	0.00309	0.84882
27	0.03253	0.05305	0.09821	0.01074	0.01458	0.13013	0.00944	0.17588	0.10750	0.17335	0.01555	0.01548	0.04131	0.00721	0.02917	0.00173	0.00593	0.00476	0.04088	0.03255
28	0.03664	0.02594	0.06899	0.19281	0.09698	0.07223	0.01074	0.06540	0.02479	0.16800	0.04436	0.04968	0.02358	0.00615	0.00504	0.00154	0.00567	0.00511	0.00379	0.09255
29	0.01190	0.11996	0.19822	0.06153	0.01539	0.03754	0.01039	0.09989	0.01334	0.06281	0.12635	0.08069	0.05757	0.00768	0.00518	0.00161	0.00527	0.03366	0.04454	0.00650
30	0.01231	0.03097	0.11896	0.02670	0.03079	0.10468	0.12599	0.07935	0.01150	0.01546	0.00995	0.01351	0.00844	0.01318	0.17359	0.00317	0.20763	0.00476	0.00273	0.00632
31	0.00910	0.00658	0.07498	0.02524	0.00882	0.00533	0.00603	0.00779	0.00733	0.00991	0.00966	0.03908	0.00954	0.01661	0.01827	0.73095	0.00481	0.00477	0.00233	0.00287
32	0.05880	0.01058	0.04581	0.00968	0.01334	0.00963	0.02011	0.07036	0.05996	0.17903	0.01253	0.02561	0.00959	0.00618	0.00654	0.03032	0.09881	0.00430	0.00394	0.32486
33	0.06684	0.01386	0.19846	0.08776	0.11466	0.01046	0.01168	0.07412	0.06007	0.10782	0.08592	0.03078	0.03014	0.00616	0.00504	0.00157	0.00542	0.00513	0.00376	0.08036
34	0.01077	0.00861	0.01003	0.01001	0.04043	0.00935	0.00752	0.01889	0.38098	0.03444	0.10833	0.03235	0.06228	0.07954	0.00767	0.00216	0.00416	0.16101	0.00495	0.00653
35	0.03256	0.02454	0.70107	0.01397	0.02091	0.01140	0.01763	0.01566	0.01085	0.01640	0.01097	0.08063	0.00899	0.00593	0.00505	0.00169	0.00719	0.00477	0.00246	0.00734
36	0.05472	0.01381	0.01640	0.33560	0.22970	0.18703	0.01314	0.03677	0.03551	0.01546	0.00949	0.01248	0.00750	0.00516	0.00498	0.00159	0.00702	0.00430	0.00268	0.00665
37	0.00970	0.00655	0.04077	0.00858	0.00947	0.00593	0.07137	0.03064	0.00796	0.01072	0.00929	0.01538	0.00884	0.01602	0.01805	0.71556	0.00506	0.00464	0.00238	0.00309
38	0.07998	0.00505	0.00615	0.00710	0.00769	0.00491	0.00482	0.00797	0.00984	0.01408	0.02711	0.69283	0.05361	0.04413	0.00705	0.00217	0.00317	0.01339	0.00463	0.00432
39	0.02812	0.03810	0.10234	0.01907	0.04450	0.01319	0.51580	0.05567	0.07886	0.01787	0.01163	0.02962	0.00897	0.00502	0.00575	0.00172	0.00775	0.00579	0.00299	0.00723
40	0.03000	0.05126	0.17482	0.05038	0.19641	0.03590	0.28453	0.08158	0.01285	0.01782	0.00997	0.01255	0.00764	0.00479	0.00535	0.00163	0.00743	0.00487	0.00274	0.00748
41	0.08326	0.00946	0.01517	0.70169	0.06609	0.01161	0.01376	0.01360	0.01034	0.01434	0.00911	0.01337	0.00689	0.00515	0.00503	0.00172	0.00666	0.00447	0.00240	0.00588
42	0.08295	0.00883	0.01025	0.00945	0.01104	0.10085	0.05050	0.01194	0.00961	0.01407	0.01255	0.01740	0.01120	0.02638	0.49717	0.00577	0.03283	0.00502	0.07712	0.00508
43	0.04966	0.01332	0.18561	0.01116	0.03141	0.00975	0.01054	0.09881	0.04730	0.36136	0.01782	0.03570	0.02601	0.00702	0.00531	0.00170	0.00528	0.06942	0.00491	0.00791
44	0.01253	0.03530	0.35244	0.09634	0.23785	0.08033	0.01603	0.04679	0.01214	0.03237	0.01001	0.01273	0.00777	0.00518	0.00504	0.00160	0.00710	0.01831	0.00262	0.00752

[dist]
# distance from previous block
# <min> <max>
2	9

[block]
# block no. 2 follows, 47 sequences, length 33
# corresponding to MSA columns:
# 366-398
name=unknown_C
#
# <colnr> <probs for GDERKNQSTAVLIFYWHMCP>
#	G	D	E	R	K	N	Q	S	T	A	V	L	I	F	Y	W	H	M	C	P
0	0.09247	0.12502	0.21487	0.01223	0.03193	0.18774	0.01162	0.04357	0.05057	0.07393	0.02543	0.01187	0.00860	0.00642	0.02358	0.00170	0.06451	0.00395	0.00308	0.00690
1	0.40772	0.13780	0.16648	0.01011	0.01452	0.02998	0.05502	0.04580	0.02543	0.03583	0.02419	0.01047	0.00749	0.00503	0.00401	0.00155	0.00543	0.00354	0.00306	0.00652
2	0.01314	0.03034	0.10129	0.17010	0.13342	0.11904	0.17037	0.08351	0.01284	0.01662	0.02798	0.01340	0.00862	0.01886	0.00639	0.00171	0.05790	0.00482	0.00281	0.00686
3	0.00736	0.00496	0.00574	0.00595	0.00600	0.00491	0.00344	0.00752	0.00798	0.01064	0.01850	0.16644	0.02157	0.68103	0.02313	0.00455	0.00470	0.00880	0.00344	0.00334
4	0.02820	0.01108	0.01730	0.41108	0.32083	0.03803	0.01434	0.03316	0.02685	0.01561	0.01015	0.01441	0.00820	0.00527	0.00518	0.00166	0.00654	0.02265	0.00264	0.00684
5	0.00661	0.00529	0.00591	0.00576	0.00732	0.00459	0.00432	0.00836	0.01295	0.01664	0.32772	0.04589	0.50582	0.01223	0.00615	0.00171	0.00257	0.01040	0.00517	0.00459
6	0.00639	0.00461	0.00605	0.00711	0.00754	0.00428	0.00479	0.00740	0.01033	0.01374	0.07031	0.73079	0.07572	0.01584	0.00659	0.00207	0.00297	0.01431	0.00488	0.00428
7	0.85377	0.01007	0.00765	0.00685	0.01007	0.01168	0.00564	0.01531	0.00886	0.02336	0.00725	0.00846	0.00564	0.00483	0.00322	0.00161	0.00403	0.00282	0.00322	0.00564
8	0.00744	0.00558	0.00837	0.00837	0.00930	0.00651	0.00651	0.00930	0.00837	0.01209	0.01395	0.02046	0.01302	0.03906	0.79635	0.00837	0.01395	0.00558	0.00279	0.00465
9	0.01189	0.01687	0.19686	0.02039	0.02619	0.01293	0.60228	0.01664	0.01201	0.01664	0.01028	0.01338	0.00762	0.00451	0.00588	0.00173	0.00854	0.00564	0.00254	0.00717
10	0.00905	0.00452	0.00678	0.00678	0.00678	0.00452	0.00452	0.00678	0.00678	0.00905	0.00905	0.01583	0.00905	0.01809	0.02035	0.84848	0.00452	0.00452	0.00226	0.00226
11	0.00983	0.00926	0.01562	0.80447	0.03587	0.01157	0.01446	0.01331	0.01041	0.01331	0.00926	0.01388	0.00694	0.00521	0.00521	0.00174	0.00694	0.00463	0.00231	0.00579
12	0.01120	0.00880	0.00916	0.00821	0.01020	0.08249	0.00631	0.06235	0.12000	0.07269	0.46332	0.02997	0.05121	0.00901	0.00569	0.00161	0.00369	0.00767	0.03043	0.00598
13	0.00662	0.00473	0.00636	0.00756	0.00798	0.00446	0.00531	0.00772	0.01024	0.01360	0.02855	0.71320	0.03385	0.01606	0.00672	0.00215	0.00326	0.11250	0.00483	0.00431
14	0.01018	0.00974	0.01569	0.62690	0.03088	0.01255	0.01377	0.01313	0.00987	0.01313	0.00871	0.01332	0.00692	0.00608	0.00787	0.00186	0.18669	0.00461	0.00231	0.00577
15	0.00757	0.00505	0.00568	0.00568	0.00568	0.00505	0.00316	0.00757	0.00757	0.01010	0.01641	0.03408	0.01893	0.81698	0.02651	0.00505	0.00505	0.00757	0.00316	0.00316
16	0.01945	0.02482	0.01476	0.01342	0.01610	0.79608	0.01006	0.02079	0.01476	0.01275	0.00805	0.00939	0.00671	0.00537	0.00470	0.00134	0.00939	0.00335	0.00268	0.00604
17	0.04231	0.61931	0.11918	0.00983	0.01458	0.01876	0.01012	0.06850	0.03009	0.01482	0.00821	0.00924	0.00701	0.00472	0.00371	0.00124	0.00575	0.00312	0.00254	0.00696
18	0.01206	0.27486	0.08486	0.00997	0.01291	0.10632	0.00905	0.03238	0.02883	0.01430	0.08503	0.01810	0.08361	0.04868	0.05015	0.00206	0.11269	0.00506	0.00307	0.00599
19	0.01295	0.01119	0.01178	0.01060	0.01354	0.01295	0.00824	0.02767	0.77509	0.02178	0.02120	0.01943	0.01590	0.00707	0.00530	0.00177	0.00412	0.00589	0.00530	0.00824
20	0.00983	0.00926	0.01562	0.80447	0.03587	0.01157	0.01446	0.01331	0.01041	0.01331	0.00926	0.01388	0.00694	0.00521	0.00521	0.00174	0.00694	0.00463	0.00231	0.00579
21	0.01219	0.01475	0.07183	0.02156	0.02696	0.01311	0.72518	0.01667	0.01222	0.01667	0.01047	0.01388	0.00783	0.00442	0.00608	0.00175	0.00872	0.00602	0.00261	0.00706
22	0.01980	0.01459	0.01563	0.01198	0.01615	0.01615	0.00990	0.76713	0.02448	0.03282	0.01250	0.01250	0.00886	0.00625	0.00521	0.00156	0.00573	0.00469	0.00521	0.00886
23	0.01261	0.01025	0.01106	0.00992	0.01269	0.01155	0.00771	0.02497	0.63164	0.05747	0.10612	0.02245	0.04329	0.00762	0.00542	0.00174	0.00391	0.00641	0.00539	0.00778
24	0.01409	0.00697	0.00922	0.00780	0.01023	0.00631	0.00615	0.01678	0.04084	0.33389	0.44519	0.02960	0.03321	0.00881	0.00574	0.00163	0.00332	0.00759	0.00601	0.00664
25	0.01289	0.01237	0.02114	0.03196	0.78450	0.01237	0.01598	0.01598	0.01186	0.01701	0.00980	0.01289	0.00825	0.00464	0.00516	0.00155	0.00619	0.00464	0.00258	0.00825
26	0.00724	0.00549	0.00669	0.00639	0.00779	0.00504	0.00479	0.00980	0.03967	0.01908	0.56122	0.05851	0.22646	0.01127	0.00613	0.00168	0.00257	0.00980	0.00548	0.00488
27	0.00810	0.00579	0.00806	0.00926	0.01033	0.00574	0.00788	0.01029	0.01170	0.01526	0.02773	0.16632	0.03061	0.01466	0.00712	0.00236	0.00454	0.64475	0.00480	0.00471
28	0.02106	0.00868	0.01156	0.00914	0.01279	0.00778	0.00744	0.02402	0.07201	0.65902	0.06533	0.04634	0.01597	0.00708	0.00534	0.00164	0.00424	0.00586	0.00626	0.00843
29	0.01856	0.00867	0.01084	0.00881	0.01209	0.00828	0.00711	0.04878	0.14220	0.47741	0.07308	0.01953	0.01585	0.00679	0.00510	0.00158	0.00402	0.00557	0.11780	0.00795
30	0.04165	0.00594	0.00792	0.05055	0.00998	0.00674	0.00614	0.01082	0.03230	0.01437	0.01445	0.02018	0.01291	0.07368	0.48087	0.00580	0.00986	0.00539	0.18566	0.00482
31	0.01113	0.01155	0.03797	0.55227	0.04801	0.09412	0.02843	0.01475	0.04110	0.01402	0.01029	0.01495	0.00818	0.00574	0.00573	0.00172	0.04305	0.02775	0.02327	0.00599
32	0.04624	0.11207	0.28586	0.01453	0.07548	0.04977	0.09727	0.06084	0.09776	0.05386	0.03386	0.01358	0.00978	0.02046	0.00533	0.00164	0.00652	0.00455	0.00318	0.00740

[dist]
# distance from previous block
# <min> <max>
0	2

[block]
# block no. 3 follows, 47 sequences, length 18
# corresponding to MSA columns:
# 401-418
name=unknown_D
#
# <colnr> <probs for GDERKNQSTAVLIFYWHMCP>
#	G	D	E	R	K	N	Q	S	T	A	V	L	I	F	Y	W	H	M	C	P
0	0.03872	0.01479	0.08505	0.01297	0.03022	0.06204	0.09177	0.39637	0.06550	0.03680	0.01354	0.08273	0.01103	0.00669	0.00530	0.00162	0.00602	0.00556	0.00434	0.02893
1	0.16185	0.25016	0.17469	0.01206	0.05483	0.03408	0.07039	0.01544	0.01072	0.02784	0.00981	0.03889	0.00853	0.00546	0.00458	0.00147	0.02234	0.02855	0.00276	0.06555
2	0.01258	0.08709	0.01415	0.00916	0.01376	0.00884	0.06897	0.01497	0.01134	0.09977	0.01039	0.01158	0.00819	0.00424	0.00414	0.00098	0.00449	0.00354	0.00333	0.60850
3	0.29700	0.01266	0.05448	0.11747	0.01757	0.04841	0.07687	0.13257	0.09411	0.06312	0.01096	0.01224	0.00813	0.00553	0.00492	0.00166	0.02755	0.00423	0.00364	0.00686
4	0.05305	0.01328	0.06825	0.01272	0.08347	0.01315	0.00994	0.44638	0.03942	0.06666	0.06015	0.03822	0.01247	0.02320	0.00559	0.00166	0.00532	0.00525	0.03390	0.00793
5	0.00683	0.00513	0.00625	0.00639	0.00749	0.00465	0.00463	0.00849	0.01241	0.01654	0.34557	0.22113	0.24926	0.05291	0.00730	0.00197	0.00283	0.03058	0.00512	0.00452
6	0.00864	0.00552	0.00714	0.02854	0.00828	0.00579	0.00499	0.00997	0.00935	0.05174	0.08411	0.02686	0.01838	0.32697	0.26715	0.00505	0.00735	0.00655	0.11326	0.00437
7	0.00734	0.00534	0.00665	0.00713	0.00784	0.00523	0.00491	0.04717	0.01057	0.01403	0.04852	0.46841	0.11652	0.13540	0.08685	0.00308	0.00447	0.01171	0.00443	0.00439
8	0.00819	0.00594	0.00836	0.03953	0.01125	0.00597	0.00806	0.01050	0.01194	0.01566	0.07971	0.12311	0.03083	0.01395	0.00699	0.00229	0.00456	0.60358	0.00477	0.00479
9	0.01229	0.01405	0.03073	0.02195	0.02722	0.01317	0.76558	0.01668	0.01229	0.01668	0.01054	0.01405	0.00790	0.00439	0.00615	0.00176	0.00878	0.00615	0.00263	0.00702
10	0.01197	0.01411	0.05841	0.02091	0.02594	0.01286	0.68896	0.01621	0.01204	0.01644	0.01109	0.04447	0.00884	0.00499	0.00639	0.00178	0.02864	0.00635	0.00269	0.00691
11	0.01448	0.00933	0.01131	0.00827	0.01273	0.00744	0.00670	0.04191	0.01236	0.22454	0.01240	0.01272	0.00914	0.00463	0.00427	0.00102	0.00407	0.00372	0.00406	0.59490
12	0.01392	0.01630	0.08035	0.05555	0.01750	0.19179	0.05896	0.01560	0.01070	0.01400	0.00852	0.01233	0.00765	0.00793	0.01220	0.00210	0.46089	0.00459	0.00268	0.00645
13	0.00938	0.00491	0.00507	0.00503	0.00626	0.00485	0.00377	0.01178	0.01132	0.01940	0.09150	0.02218	0.03926	0.00672	0.00395	0.00127	0.00244	0.00547	0.74061	0.00485
14	0.00631	0.00465	0.00592	0.00694	0.00747	0.00426	0.00469	0.00729	0.01027	0.01342	0.03253	0.69196	0.15360	0.01582	0.00657	0.00206	0.00296	0.01420	0.00483	0.00426
15	0.02279	0.00888	0.01203	0.00919	0.01325	0.00762	0.00759	0.02482	0.01472	0.75302	0.02003	0.01741	0.01266	0.00633	0.00517	0.00157	0.00441	0.00514	0.00629	0.04708
16	0.00781	0.00548	0.00687	0.00648	0.00765	0.00514	0.00471	0.01006	0.03022	0.03586	0.58086	0.03793	0.08825	0.13909	0.00935	0.00219	0.00296	0.00905	0.00527	0.00476
17	0.01074	0.01207	0.13493	0.00885	0.01397	0.00776	0.00825	0.01365	0.01083	0.01689	0.00927	0.01083	0.00754	0.00403	0.00403	0.00091	0.00447	0.00321	0.00294	0.71482

[dist]
# distance from previous block
# <min> <max>
0	19

[block]
# block no. 4 follows, 47 sequences, length 13
# corresponding to MSA columns:
# 438-450
name=unknown_E
#
# <colnr> <probs for GDERKNQSTAVLIFYWHMCP>
#	G	D	E	R	K	N	Q	S	T	A	V	L	I	F	Y	W	H	M	C	P
0	0.00744	0.00558	0.00837	0.00837	0.00930	0.00651	0.00651	0.00930	0.00837	0.01209	0.01395	0.02046	0.01302	0.03906	0.79635	0.00837	0.01395	0.00558	0.00279	0.00465
1	0.00729	0.00538	0.00687	0.00721	0.00810	0.00518	0.00513	0.00990	0.07006	0.01719	0.35054	0.42166	0.03933	0.01319	0.00633	0.00188	0.00286	0.01182	0.00525	0.00483
2	0.01266	0.01214	0.02072	0.09057	0.72770	0.01231	0.01587	0.01578	0.01175	0.01673	0.00975	0.01296	0.00815	0.00468	0.00516	0.00156	0.00624	0.00464	0.00256	0.00806
3	0.01980	0.01459	0.01563	0.01198	0.01615	0.01615	0.00990	0.76713	0.02448	0.03282	0.01250	0.01250	0.00886	0.00625	0.00521	0.00156	0.00573	0.00469	0.00521	0.00886
4	0.00825	0.00589	0.00821	0.00934	0.01050	0.00586	0.00807	0.01057	0.01201	0.01570	0.06026	0.09509	0.03102	0.01432	0.00712	0.00235	0.00461	0.68121	0.00484	0.00477
5	0.00751	0.00532	0.00665	0.00647	0.00778	0.00480	0.00479	0.00950	0.01348	0.04426	0.49878	0.14709	0.20054	0.01182	0.00618	0.00173	0.00264	0.01035	0.00544	0.00484
6	0.01980	0.01459	0.01563	0.01198	0.01615	0.01615	0.00990	0.76713	0.02448	0.03282	0.01250	0.01250	0.00886	0.00625	0.00521	0.00156	0.00573	0.00469	0.00521	0.00886
7	0.03860	0.00800	0.01030	0.00845	0.01145	0.00736	0.00677	0.05157	0.04457	0.44681	0.22494	0.05705	0.04480	0.00814	0.00551	0.00165	0.00383	0.00686	0.00596	0.00738
8	0.85377	0.01007	0.00765	0.00685	0.01007	0.01168	0.00564	0.01531	0.00886	0.02336	0.00725	0.00846	0.00564	0.00483	0.00322	0.00161	0.00403	0.00282	0.00322	0.00564
9	0.00641	0.00456	0.00602	0.00717	0.00745	0.00427	0.00474	0.00727	0.00984	0.01312	0.02805	0.77212	0.03362	0.05890	0.00770	0.00227	0.00313	0.01442	0.00474	0.00417
10	0.01722	0.01031	0.01200	0.00997	0.01344	0.01068	0.00801	0.10331	0.34364	0.31077	0.02065	0.01962	0.03490	0.00699	0.00529	0.00167	0.00438	0.02483	0.00562	0.03670
11	0.01702	0.01144	0.01275	0.01061	0.01410	0.01245	0.00849	0.20096	0.41912	0.20535	0.01900	0.01740	0.01353	0.00673	0.00526	0.00168	0.00457	0.00545	0.00555	0.00853
12	0.00638	0.00488	0.00586	0.00647	0.00739	0.00436	0.00453	0.00760	0.01116	0.01437	0.11684	0.45765	0.30456	0.01459	0.00642	0.00194	0.00282	0.01287	0.00493	0.00436

[dist]
# distance from previous block
# <min> <max>
0	1

[block]
# block no. 5 follows, 47 sequences, length 7
# corresponding to MSA columns:
# 452-458
name=unknown_F
#
# <colnr> <probs for GDERKNQSTAVLIFYWHMCP>
#	G	D	E	R	K	N	Q	S	T	A	V	L	I	F	Y	W	H	M	C	P
0	0.01530	0.01019	0.01131	0.00932	0.01204	0.01084	0.00732	0.39931	0.01787	0.08955	0.04828	0.10840	0.01556	0.10393	0.00774	0.00200	0.00467	0.00644	0.11292	0.00698
1	0.01631	0.00975	0.01076	0.00875	0.01172	0.01024	0.00706	0.31824	0.05065	0.16041	0.01600	0.01634	0.01158	0.00625	0.00462	0.00145	0.00418	0.00490	0.32347	0.00732
2	0.20913	0.08270	0.01533	0.04469	0.17269	0.11513	0.01004	0.17857	0.01404	0.04181	0.00979	0.01130	0.00766	0.00537	0.00482	0.00152	0.03044	0.00393	0.03396	0.00708
3	0.05476	0.00560	0.00749	0.00759	0.00838	0.00622	0.00556	0.00903	0.00842	0.01245	0.01584	0.11689	0.01638	0.19623	0.49793	0.00656	0.01024	0.00694	0.00313	0.00434
4	0.01492	0.67645	0.02503	0.00972	0.01386	0.16069	0.00912	0.01653	0.01134	0.01234	0.00739	0.00854	0.00669	0.00462	0.00359	0.00115	0.00626	0.00289	0.00231	0.00657
5	0.00670	0.00491	0.00634	0.00719	0.00792	0.00456	0.00517	0.00804	0.01105	0.01459	0.12138	0.52073	0.13882	0.01497	0.00659	0.00204	0.00313	0.10653	0.00494	0.00441
6	0.03001	0.05893	0.17835	0.09850	0.06305	0.01014	0.01080	0.04599	0.05740	0.01716	0.11630	0.06959	0.07254	0.00777	0.00568	0.00166	0.03073	0.05223	0.00362	0.06955

[dist]
# distance from previous block
# <min> <max>
0	4

[block]
# block no. 6 follows, 47 sequences, length 58
# corresponding to MSA columns:
# 463-520
name=unknown_G
#
# <colnr> <probs for GDERKNQSTAVLIFYWHMCP>
#	G	D	E	R	K	N	Q	S	T	A	V	L	I	F	Y	W	H	M	C	P
0	0.01273	0.01231	0.03276	0.09866	0.01643	0.10840	0.06521	0.11974	0.11880	0.01778	0.01571	0.06457	0.06225	0.00854	0.03272	0.00195	0.13277	0.00582	0.06642	0.00641
1	0.76084	0.01044	0.02907	0.05455	0.01202	0.01159	0.00658	0.01547	0.00916	0.04126	0.00775	0.00908	0.00592	0.00490	0.00344	0.00162	0.00431	0.00301	0.00322	0.00578
2	0.01239	0.06815	0.06339	0.09348	0.37311	0.05131	0.09816	0.01615	0.05695	0.01606	0.01108	0.05299	0.00953	0.00553	0.00547	0.00159	0.02699	0.00511	0.00280	0.02976
3	0.01373	0.04207	0.03444	0.17219	0.37170	0.15752	0.08156	0.01667	0.01218	0.03513	0.00962	0.01247	0.00772	0.00491	0.00511	0.00155	0.00712	0.00447	0.00263	0.00721
4	0.01441	0.01513	0.03133	0.04154	0.07421	0.21990	0.06422	0.07171	0.23879	0.01809	0.01398	0.02799	0.02512	0.00593	0.00502	0.00150	0.00622	0.00485	0.00372	0.11635
5	0.00821	0.00586	0.00818	0.00938	0.01050	0.00584	0.00808	0.01048	0.01181	0.01538	0.02767	0.12581	0.03037	0.01456	0.00714	0.00237	0.00464	0.68417	0.00480	0.00475
6	0.01322	0.01386	0.01760	0.27533	0.26576	0.17028	0.03220	0.03503	0.01189	0.01487	0.00904	0.01236	0.00737	0.00549	0.00640	0.00165	0.09397	0.00441	0.00255	0.00672
7	0.00640	0.00529	0.00561	0.00553	0.00718	0.00450	0.00415	0.00795	0.01245	0.01544	0.19926	0.04786	0.63503	0.01268	0.00615	0.00173	0.00260	0.01067	0.00502	0.00450
8	0.00634	0.00453	0.00604	0.00725	0.00755	0.00423	0.00483	0.00725	0.00997	0.01329	0.02870	0.81358	0.03444	0.01632	0.00665	0.00211	0.00302	0.01480	0.00483	0.00423
9	0.00971	0.00485	0.00485	0.00485	0.00607	0.00485	0.00364	0.01213	0.01092	0.01942	0.01699	0.01942	0.01335	0.00607	0.00364	0.00121	0.00243	0.00485	0.84589	0.00485
10	0.00631	0.00528	0.00549	0.00544	0.00713	0.00446	0.00408	0.00777	0.01223	0.01493	0.14525	0.04869	0.68935	0.01287	0.00615	0.00174	0.00261	0.01079	0.00495	0.00446
11	0.85377	0.01007	0.00765	0.00685	0.01007	0.01168	0.00564	0.01531	0.00886	0.02336	0.00725	0.00846	0.00564	0.00483	0.00322	0.00161	0.00403	0.00282	0.00322	0.00564
12	0.01084	0.01064	0.01486	0.01297	0.01300	0.01467	0.01067	0.01195	0.00819	0.01262	0.00923	0.09935	0.00986	0.00990	0.01595	0.00226	0.71925	0.00568	0.00256	0.00554
13	0.85377	0.01007	0.00765	0.00685	0.01007	0.01168	0.00564	0.01531	0.00886	0.02336	0.00725	0.00846	0.00564	0.00483	0.00322	0.00161	0.00403	0.00282	0.00322	0.00564
14	0.85377	0.01007	0.00765	0.00685	0.01007	0.01168	0.00564	0.01531	0.00886	0.02336	0.00725	0.00846	0.00564	0.00483	0.00322	0.00161	0.00403	0.00282	0.00322	0.00564
15	0.85377	0.01007	0.00765	0.00685	0.01007	0.01168	0.00564	0.01531	0.00886	0.02336	0.00725	0.00846	0.00564	0.00483	0.00322	0.00161	0.00403	0.00282	0.00322	0.00564
16	0.01909	0.01424	0.01523	0.01184	0.01588	0.01582	0.00973	0.69117	0.10160	0.03169	0.01340	0.01321	0.00958	0.00634	0.00522	0.00158	0.00557	0.00481	0.00522	0.00879
17	0.00631	0.00466	0.00591	0.00690	0.00746	0.00426	0.00468	0.00729	0.01031	0.01343	0.03299	0.67738	0.16788	0.01576	0.00656	0.00205	0.00295	0.01412	0.00483	0.00426
18	0.01080	0.00926	0.01080	0.00771	0.01234	0.00694	0.00617	0.01311	0.01080	0.01697	0.00926	0.01080	0.00771	0.00386	0.00386	0.00077	0.00386	0.00309	0.00309	0.84882
19	0.00634	0.00453	0.00604	0.00725	0.00755	0.00423	0.00483	0.00725	0.00997	0.01329	0.02870	0.81358	0.03444	0.01632	0.00665	0.00211	0.00302	0.01480	0.00483	0.00423
20	0.00757	0.00506	0.00572	0.00570	0.00574	0.00504	0.00321	0.00764	0.00778	0.01041	0.03836	0.03422	0.01980	0.79385	0.02592	0.00495	0.00497	0.00763	0.00323	0.00321
21	0.00645	0.00463	0.00615	0.00728	0.00768	0.00433	0.00497	0.00747	0.01023	0.01360	0.04825	0.74243	0.05366	0.01601	0.00664	0.00211	0.00307	0.04590	0.00486	0.00428
22	0.04113	0.00904	0.01200	0.00925	0.01319	0.00803	0.00763	0.05637	0.01518	0.71805	0.04069	0.01788	0.01355	0.00652	0.00522	0.00161	0.00442	0.00527	0.00630	0.00868
23	0.01772	0.04066	0.01591	0.01291	0.05147	0.04423	0.01016	0.54001	0.06472	0.02742	0.01195	0.01270	0.00894	0.00706	0.02117	0.00176	0.09384	0.00465	0.00453	0.00819
24	0.01315	0.01334	0.01930	0.02614	0.54486	0.10493	0.03696	0.01581	0.01168	0.01580	0.00988	0.01363	0.00858	0.00705	0.04599	0.00196	0.08205	0.01881	0.00262	0.00746
25	0.00640	0.00515	0.00544	0.00559	0.00689	0.00448	0.00394	0.00746	0.01095	0.01334	0.04396	0.14457	0.56676	0.14057	0.00943	0.00232	0.00307	0.01094	0.00457	0.00418
26	0.01133	0.01132	0.02081	0.14223	0.10203	0.01089	0.33197	0.03493	0.01178	0.01636	0.01177	0.08812	0.01026	0.00561	0.00548	0.00157	0.00666	0.00593	0.00294	0.16803
27	0.85377	0.01007	0.00765	0.00685	0.01007	0.01168	0.00564	0.01531	0.00886	0.02336	0.00725	0.00846	0.00564	0.00483	0.00322	0.00161	0.00403	0.00282	0.00322	0.00564
28	0.02336	0.00886	0.01209	0.00927	0.01329	0.00765	0.00765	0.02538	0.01491	0.78810	0.02055	0.01773	0.01289	0.00645	0.00524	0.00161	0.00443	0.00524	0.00645	0.00886
29	0.01006	0.03151	0.09175	0.00870	0.01139	0.02342	0.00759	0.06085	0.17058	0.03357	0.24237	0.05799	0.18515	0.00954	0.00572	0.00171	0.00394	0.03316	0.00485	0.00614
30	0.00706	0.00527	0.00656	0.00633	0.00761	0.00477	0.00471	0.00919	0.01387	0.01903	0.58719	0.08727	0.19892	0.01151	0.00617	0.00169	0.00253	0.01006	0.00549	0.00477
31	0.01241	0.33485	0.02049	0.01177	0.01355	0.01781	0.01040	0.01376	0.00902	0.01242	0.00700	0.01018	0.00677	0.00725	0.01159	0.00181	0.48673	0.00385	0.00226	0.00609
32	0.00862	0.00628	0.00686	0.00632	0.00834	0.00568	0.00486	0.06073	0.02918	0.07082	0.16392	0.04288	0.54300	0.01171	0.00601	0.00172	0.00297	0.00981	0.00513	0.00517
33	0.00881	0.00564	0.00742	0.00680	0.00828	0.00516	0.00516	0.01123	0.01476	0.09012	0.71305	0.03699	0.04587	0.01027	0.00606	0.00164	0.00264	0.00904	0.00580	0.00527
34	0.01062	0.06789	0.75062	0.01454	0.02207	0.01253	0.01871	0.01645	0.01097	0.01627	0.00924	0.01086	0.00660	0.00492	0.00486	0.00162	0.00759	0.00379	0.00220	0.00764
35	0.00617	0.00522	0.00534	0.00543	0.00708	0.00438	0.00403	0.00746	0.01172	0.01401	0.05084	0.11099	0.72275	0.01344	0.00619	0.00179	0.00267	0.01129	0.00484	0.00438
36	0.01392	0.82012	0.02729	0.00891	0.01337	0.02061	0.00891	0.01559	0.01058	0.01225	0.00724	0.00835	0.00668	0.00446	0.00334	0.00111	0.00557	0.00278	0.00223	0.00668
37	0.06138	0.00957	0.01085	0.00788	0.01240	0.00769	0.00633	0.05108	0.01137	0.01815	0.00930	0.01075	0.00765	0.00403	0.00389	0.00086	0.00396	0.00315	0.00320	0.75653
38	0.00866	0.00593	0.00747	0.00724	0.00857	0.00565	0.00534	0.05511	0.02947	0.05747	0.41772	0.27080	0.07653	0.01194	0.00618	0.00179	0.00296	0.01056	0.00541	0.00518
39	0.00737	0.00532	0.00696	0.00655	0.00778	0.00491	0.00491	0.00983	0.01474	0.02088	0.78175	0.03890	0.04914	0.01065	0.00614	0.00164	0.00246	0.00942	0.00573	0.00491
40	0.00724	0.00544	0.00589	0.00574	0.00749	0.00463	0.00431	0.00873	0.01232	0.05662	0.14228	0.07951	0.61618	0.01264	0.00612	0.00175	0.00273	0.01064	0.00504	0.00470
41	0.01885	0.01506	0.06144	0.01207	0.01636	0.01562	0.01039	0.69075	0.03833	0.03124	0.01283	0.01359	0.00934	0.00637	0.00524	0.00159	0.00579	0.02144	0.00502	0.00868
42	0.02189	0.01061	0.08493	0.00982	0.01417	0.00820	0.00875	0.02461	0.03381	0.69642	0.01951	0.01714	0.01238	0.00632	0.00521	0.00162	0.00473	0.00512	0.00602	0.00874
43	0.01982	0.01368	0.01498	0.01156	0.01560	0.01489	0.00951	0.66507	0.02304	0.11510	0.01383	0.03494	0.01000	0.00655	0.00525	0.00158	0.00551	0.00502	0.00533	0.00873
44	0.00721	0.00570	0.00654	0.00626	0.00784	0.00523	0.00471	0.00999	0.06511	0.01791	0.40559	0.04257	0.37327	0.01153	0.00609	0.00170	0.00265	0.00988	0.00530	0.00491
45	0.04778	0.03891	0.16862	0.13829	0.07588	0.05189	0.34914	0.01603	0.01172	0.01622	0.02952	0.01337	0.00840	0.00487	0.00543	0.00167	0.00770	0.00509	0.00260	0.00687
46	0.02154	0.00986	0.01247	0.00977	0.01367	0.00938	0.00800	0.11399	0.11796	0.59545	0.01967	0.01733	0.01281	0.00651	0.00524	0.00163	0.00454	0.00526	0.00614	0.00878
47	0.00839	0.00599	0.00839	0.00959	0.01079	0.00599	0.00839	0.01079	0.01199	0.01558	0.02757	0.05874	0.02997	0.01439	0.00719	0.00240	0.00480	0.74945	0.00480	0.00480
48	0.82643	0.01003	0.00780	0.00693	0.01018	0.01155	0.00571	0.01564	0.00906	0.04854	0.00769	0.00876	0.00588	0.00489	0.00329	0.00161	0.00404	0.00290	0.00333	0.00575
49	0.00757	0.00505	0.00568	0.00568	0.00568	0.00505	0.00316	0.00757	0.00757	0.01010	0.01641	0.03408	0.01893	0.81698	0.02651	0.00505	0.00505	0.00757	0.00316	0.00316
50	0.01080	0.00926	0.01080	0.00771	0.01234	0.00694	0.00617	0.01311	0.01080	0.01697	0.00926	0.01080	0.00771	0.00386	0.00386	0.00077	0.00386	0.00309	0.00309	0.84882
51	0.04291	0.01044	0.01250	0.00976	0.01354	0.01024	0.00803	0.25319	0.01698	0.35825	0.05207	0.01748	0.01309	0.00658	0.00530	0.00154	0.01781	0.03208	0.01778	0.10042
52	0.01061	0.00738	0.00854	0.00781	0.00921	0.00794	0.00572	0.18016	0.03125	0.01753	0.01641	0.09927	0.01609	0.26383	0.17405	0.00404	0.00644	0.00679	0.12171	0.00521
53	0.01806	0.01379	0.06056	0.01140	0.01547	0.01391	0.00979	0.50810	0.04086	0.10941	0.01300	0.01316	0.00927	0.00617	0.00565	0.00155	0.04566	0.00461	0.02725	0.07234
54	0.00869	0.00603	0.00782	0.00788	0.04001	0.00563	0.00559	0.01141	0.04754	0.07113	0.51032	0.11491	0.12130	0.01081	0.00606	0.00170	0.00289	0.00950	0.00545	0.00534
55	0.04588	0.00848	0.03132	0.01455	0.19426	0.00828	0.00974	0.01246	0.01173	0.03609	0.10390	0.10613	0.02336	0.01041	0.00677	0.00197	0.05244	0.29140	0.00409	0.02674
56	0.16926	0.03241	0.04986	0.09161	0.02790	0.05213	0.00922	0.09328	0.34492	0.03400	0.03407	0.01534	0.01194	0.00617	0.00482	0.00166	0.00502	0.00483	0.00423	0.00732
57	0.01275	0.01010	0.01354	0.02353	0.08407	0.04237	0.08639	0.08377	0.04943	0.10261	0.03681	0.18797	0.01574	0.00762	0.00528	0.00151	0.00489	0.00682	0.00409	0.22073

[dist]
# distance from previous block
# <min> <max>
0	27

[block]
# block no. 7 follows, 47 sequences, length 31
# corresponding to MSA columns:
# 548-578
name=unknown_H
#
# <colnr> <probs for GDERKNQSTAVLIFYWHMCP>
#	G	D	E	R	K	N	Q	S	T	A	V	L	I	F	Y	W	H	M	C	P
0	0.03750	0.03858	0.01436	0.06918	0.01598	0.01181	0.05891	0.23724	0.07153	0.06976	0.01440	0.05891	0.01233	0.00713	0.00593	0.00162	0.05352	0.07710	0.00418	0.14004
1	0.01154	0.01528	0.20702	0.08905	0.19515	0.01212	0.14240	0.01744	0.14318	0.01700	0.01251	0.05106	0.01016	0.00582	0.00574	0.00170	0.03286	0.00536	0.00305	0.02157
2	0.01181	0.01013	0.01142	0.06104	0.01411	0.05289	0.00717	0.03977	0.02363	0.04358	0.01016	0.01194	0.00827	0.00637	0.05183	0.00140	0.00507	0.00353	0.00322	0.62264
3	0.04569	0.22763	0.13253	0.03292	0.01601	0.09702	0.01048	0.15790	0.03869	0.15549	0.01153	0.01186	0.00847	0.00541	0.00453	0.00144	0.00601	0.00395	0.00373	0.02870
4	0.01073	0.15887	0.05782	0.01010	0.06278	0.02233	0.00804	0.01446	0.11402	0.03367	0.02172	0.06849	0.17032	0.03146	0.03293	0.00185	0.02412	0.03068	0.00370	0.12191
5	0.07760	0.05478	0.00978	0.00823	0.01991	0.05531	0.00653	0.01343	0.03026	0.13408	0.05810	0.04870	0.31871	0.01008	0.00633	0.00176	0.05714	0.07905	0.00452	0.00569
6	0.01517	0.50989	0.06802	0.01121	0.01562	0.13672	0.07833	0.03284	0.01197	0.06474	0.00877	0.00989	0.00725	0.00479	0.00406	0.00128	0.00649	0.00344	0.00267	0.00686
7	0.01164	0.14075	0.49421	0.01637	0.09297	0.01361	0.10821	0.03439	0.01150	0.01633	0.00930	0.01119	0.00698	0.00481	0.00488	0.00157	0.00733	0.00407	0.00236	0.00754
8	0.00840	0.00543	0.00703	0.00684	0.00814	0.00494	0.00505	0.01034	0.01334	0.08478	0.46835	0.22631	0.10740	0.01189	0.00619	0.00176	0.00278	0.01050	0.00550	0.00504
9	0.00735	0.00564	0.00836	0.00878	0.00971	0.00537	0.05889	0.00888	0.01065	0.01405	0.02748	0.49813	0.05674	0.04623	0.00752	0.00227	0.00397	0.21086	0.00460	0.00454
10	0.00905	0.00452	0.00678	0.00678	0.00678	0.00452	0.00452	0.00678	0.00678	0.00905	0.00905	0.01583	0.00905	0.01809	0.02035	0.84848	0.00452	0.00452	0.00226	0.00226
11	0.25283	0.04929	0.10639	0.10993	0.32965	0.03734	0.01273	0.01568	0.01077	0.01799	0.00879	0.01120	0.00704	0.00481	0.00449	0.00157	0.00591	0.00390	0.00268	0.00702
12	0.68087	0.01137	0.00953	0.00903	0.04879	0.05712	0.00688	0.06531	0.01035	0.02270	0.00775	0.00910	0.00608	0.00510	0.00401	0.00161	0.03202	0.00312	0.00326	0.00600
13	0.00697	0.00571	0.00623	0.00634	0.00790	0.00523	0.00472	0.00954	0.08068	0.01517	0.09756	0.18063	0.50331	0.01304	0.00620	0.00183	0.00290	0.03633	0.00494	0.00477
14	0.01071	0.05660	0.01498	0.01233	0.01267	0.01427	0.01018	0.01188	0.00840	0.01259	0.00997	0.11305	0.01062	0.01122	0.05306	0.00249	0.62104	0.00580	0.00262	0.00552
15	0.06042	0.15046	0.47610	0.06551	0.02045	0.11120	0.01536	0.01661	0.01124	0.01553	0.00872	0.01042	0.00659	0.00493	0.00458	0.00153	0.00731	0.00361	0.00233	0.00708
16	0.01003	0.00956	0.01649	0.74787	0.05323	0.01167	0.05121	0.01353	0.01054	0.01356	0.00933	0.01387	0.00702	0.00515	0.00525	0.00173	0.00701	0.00470	0.00234	0.00590
17	0.00636	0.00476	0.00591	0.00673	0.00744	0.00431	0.00463	0.00746	0.01072	0.01394	0.07987	0.58217	0.21633	0.01522	0.00650	0.00200	0.00289	0.01356	0.00489	0.00431
18	0.01049	0.00838	0.01118	0.00964	0.01127	0.01864	0.08930	0.11668	0.07291	0.01613	0.01636	0.12160	0.01641	0.28175	0.09460	0.00355	0.04352	0.00725	0.04501	0.00531
19	0.00642	0.00470	0.00603	0.00694	0.00751	0.00431	0.00473	0.00752	0.01065	0.01410	0.10177	0.64719	0.12817	0.01540	0.00654	0.00203	0.00292	0.01383	0.00492	0.00431
20	0.00853	0.00709	0.01008	0.00945	0.01002	0.00887	0.00740	0.00998	0.00829	0.01214	0.02744	0.02001	0.01277	0.12505	0.47513	0.00618	0.22844	0.00562	0.00275	0.00476
21	0.01059	0.02109	0.49742	0.11822	0.03522	0.07153	0.01574	0.01517	0.01126	0.01539	0.01462	0.01620	0.10387	0.00614	0.00541	0.00166	0.02618	0.00484	0.00259	0.00686
22	0.01932	0.01306	0.03878	0.01111	0.01512	0.01343	0.00934	0.50880	0.05672	0.19329	0.01510	0.03630	0.01081	0.00656	0.00521	0.00159	0.00528	0.00512	0.02649	0.00856
23	0.01370	0.74882	0.06912	0.01002	0.04020	0.01986	0.00972	0.01566	0.01065	0.01265	0.00744	0.00865	0.00673	0.00449	0.00349	0.00116	0.00571	0.00291	0.00224	0.00679
24	0.12831	0.00902	0.01153	0.00896	0.01289	0.00816	0.00740	0.02411	0.01414	0.69145	0.01886	0.01655	0.01197	0.00624	0.00498	0.00161	0.00438	0.00493	0.00604	0.00846
25	0.01100	0.02554	0.72205	0.01560	0.06423	0.01196	0.01868	0.01676	0.01117	0.04188	0.00974	0.01132	0.00689	0.00498	0.00497	0.00164	0.00751	0.00394	0.00236	0.00777
26	0.01307	0.32001	0.19605	0.01589	0.17965	0.08244	0.01297	0.01594	0.01104	0.01425	0.00844	0.01067	0.00721	0.01808	0.00573	0.00151	0.07395	0.00369	0.00235	0.00705
27	0.00757	0.00506	0.00576	0.00576	0.00578	0.00509	0.00325	0.00762	0.00760	0.01016	0.01634	0.03369	0.01876	0.79451	0.04875	0.00514	0.00531	0.00752	0.00314	0.00320
28	0.00670	0.00523	0.00608	0.00600	0.00740	0.00461	0.00445	0.00848	0.01295	0.01697	0.36791	0.11222	0.39766	0.01236	0.00619	0.00174	0.00259	0.01064	0.00523	0.00461
29	0.00979	0.00807	0.05715	0.00952	0.01159	0.00687	0.08894	0.03289	0.04894	0.08637	0.12467	0.33238	0.08191	0.01183	0.00706	0.05788	0.00418	0.00994	0.00457	0.00546
30	0.04088	0.10689	0.23154	0.04138	0.08843	0.24851	0.01281	0.05390	0.01280	0.01593	0.05301	0.01211	0.00933	0.00559	0.00535	0.00152	0.04638	0.00405	0.00277	0.00681

[dist]
# distance from previous block
# <min> <max>
1	12

[block]
# block no. 8 follows, 47 sequences, length 57
# corresponding to MSA columns:
# 591-647
name=unknown_I
#
# <colnr> <probs for GDERKNQSTAVLIFYWHMCP>
#	G	D	E	R	K	N	Q	S	T	A	V	L	I	F	Y	W	H	M	C	P
0	0.01561	0.01423	0.01591	0.07440	0.17186	0.13503	0.02966	0.20907	0.18577	0.04005	0.01293	0.01385	0.00984	0.00585	0.00536	0.00158	0.02149	0.00474	0.00395	0.02880
1	0.05605	0.05268	0.01616	0.01515	0.10438	0.51545	0.04508	0.05406	0.04461	0.01516	0.00918	0.01075	0.00751	0.00613	0.02451	0.00159	0.00833	0.00380	0.00290	0.00653
2	0.00813	0.00688	0.02386	0.00877	0.01040	0.00640	0.06687	0.04062	0.04711	0.01623	0.13782	0.29959	0.16463	0.01377	0.04268	0.00222	0.00427	0.08997	0.00468	0.00510
3	0.00744	0.00558	0.00837	0.00837	0.00930	0.00651	0.00651	0.00930	0.00837	0.01209	0.01395	0.02046	0.01302	0.03906	0.79635	0.00837	0.01395	0.00558	0.00279	0.00465
4	0.01392	0.82012	0.02729	0.00891	0.01337	0.02061	0.00891	0.01559	0.01058	0.01225	0.00724	0.00835	0.00668	0.00446	0.00334	0.00111	0.00557	0.00278	0.00223	0.00668
5	0.00693	0.00510	0.00661	0.00761	0.00844	0.00479	0.00575	0.00836	0.01091	0.01412	0.03262	0.45116	0.16545	0.01518	0.00672	0.00214	0.00349	0.23536	0.00482	0.00443
6	0.00691	0.00531	0.00633	0.00607	0.00750	0.00472	0.00455	0.00894	0.01366	0.01831	0.50701	0.04313	0.32547	0.01160	0.00615	0.00168	0.00253	0.01001	0.00539	0.00472
7	0.00752	0.00502	0.00570	0.00575	0.00577	0.00501	0.00323	0.00756	0.00768	0.01025	0.01698	0.07022	0.01965	0.77986	0.02559	0.00491	0.00495	0.00791	0.00323	0.00321
