[name]
unknown

[dist]
# distance from previous block
# <min> <max>
0	46

[block]
# block no. 0 follows, 46 sequences, length 45
# corresponding to MSA columns:
# 48-92
name=unknown_A
#
# <colnr> <probs for GDERKNQSTAVLIFYWHMCP>
#	G	D	E	R	K	N	Q	S	T	A	V	L	I	F	Y	W	H	M	C	P
0	0.26056	0.00952	0.01063	0.06606	0.06878	0.02310	0.00845	0.08579	0.07999	0.02034	0.04505	0.06239	0.03281	0.00869	0.00532	0.00188	0.00478	0.19557	0.00414	0.00614
1	0.02754	0.08940	0.53137	0.01322	0.01948	0.01254	0.01574	0.04291	0.07755	0.03508	0.04648	0.01501	0.01062	0.00588	0.00504	0.00166	0.00675	0.03318	0.00299	0.00756
2	0.12204	0.01276	0.01357	0.01082	0.01460	0.04341	0.03427	0.35727	0.12820	0.07138	0.01438	0.02868	0.02441	0.00629	0.00496	0.00156	0.00520	0.00489	0.01855	0.08272
3	0.11359	0.01284	0.13175	0.18241	0.06166	0.01104	0.10728	0.06662	0.01192	0.01797	0.04124	0.08408	0.01140	0.00627	0.00537	0.00164	0.02179	0.00548	0.00316	0.10248
4	0.00644	0.00460	0.00613	0.00736	0.00767	0.00429	0.00491	0.00736	0.01012	0.01350	0.02914	0.81076	0.03497	0.01656	0.00675	0.00215	0.00307	0.01503	0.00491	0.00429
5	0.00756	0.00557	0.00710	0.00682	0.00808	0.00524	0.00507	0.01037	0.04550	0.02020	0.64394	0.10790	0.08407	0.01130	0.00625	0.00172	0.00262	0.00998	0.00567	0.00504
6	0.08710	0.14849	0.23123	0.27835	0.04699	0.01323	0.01356	0.04411	0.01141	0.01646	0.04080	0.01291	0.00878	0.00532	0.00473	0.00160	0.00642	0.00421	0.01760	0.00670
7	0.00789	0.00631	0.00936	0.19186	0.04331	0.00666	0.00823	0.00980	0.01076	0.01411	0.02463	0.42443	0.05625	0.01303	0.00644	0.00208	0.00443	0.15127	0.00423	0.00492
8	0.00985	0.00493	0.00493	0.00493	0.00616	0.00493	0.00370	0.01232	0.01109	0.01971	0.01725	0.01971	0.01355	0.00616	0.00370	0.00123	0.00246	0.00493	0.84356	0.00493
9	0.00650	0.00531	0.00578	0.00603	0.00754	0.00458	0.00453	0.00791	0.01190	0.01457	0.07792	0.15948	0.58565	0.01383	0.00640	0.00188	0.00289	0.06786	0.00494	0.00449
10	0.01213	0.19793	0.44702	0.01534	0.08505	0.05556	0.05308	0.01654	0.01142	0.01565	0.02263	0.01132	0.00770	0.00507	0.00500	0.00155	0.02325	0.00394	0.00238	0.00742
11	0.02168	0.01142	0.07643	0.01028	0.01464	0.00955	0.00907	0.15047	0.01646	0.57760	0.03444	0.01698	0.01264	0.00647	0.00531	0.00163	0.00495	0.00519	0.00596	0.00881
12	0.02372	0.00900	0.01227	0.00941	0.01350	0.00777	0.00777	0.02576	0.01513	0.78489	0.02086	0.01799	0.01309	0.00654	0.00532	0.00164	0.00450	0.00532	0.00654	0.00900
13	0.01405	0.00861	0.00941	0.00822	0.01076	0.00916	0.00646	0.09048	0.26377	0.13987	0.01878	0.01879	0.01390	0.00657	0.00465	0.00151	0.00366	0.00532	0.35895	0.00707
14	0.02623	0.04039	0.22490	0.19404	0.17647	0.01222	0.12025	0.01640	0.01166	0.07753	0.02512	0.01361	0.00862	0.00525	0.00554	0.00168	0.02519	0.00476	0.00283	0.00732
15	0.06311	0.15002	0.01670	0.01124	0.01508	0.12991	0.00936	0.43105	0.04933	0.02535	0.01138	0.01186	0.00859	0.00586	0.00473	0.00147	0.00605	0.00419	0.03689	0.00784
16	0.10812	0.00968	0.01395	0.30618	0.14644	0.01038	0.01111	0.04096	0.01181	0.12224	0.01391	0.06537	0.03990	0.00628	0.00507	0.00164	0.00553	0.00536	0.00350	0.07256
17	0.03219	0.21535	0.31534	0.01212	0.01732	0.01381	0.04364	0.08097	0.01254	0.07319	0.05412	0.02779	0.01064	0.00712	0.03585	0.00183	0.03127	0.00450	0.00314	0.00727
18	0.01959	0.01136	0.01310	0.01039	0.01415	0.01181	0.00847	0.31172	0.14396	0.31310	0.01754	0.01634	0.01203	0.00654	0.00520	0.00161	0.00482	0.00518	0.06447	0.00861
19	0.00736	0.00540	0.00690	0.00652	0.00782	0.00494	0.00489	0.00974	0.01468	0.02052	0.70760	0.04060	0.12115	0.01106	0.00624	0.00167	0.00251	0.00972	0.00573	0.00494
20	0.03039	0.09733	0.59070	0.01591	0.07496	0.02881	0.05725	0.01669	0.01128	0.01648	0.00931	0.01112	0.00687	0.00493	0.00491	0.00162	0.00752	0.00395	0.00232	0.00764
21	0.01538	0.01049	0.01644	0.12369	0.36695	0.01043	0.01234	0.01851	0.03805	0.24769	0.01653	0.01798	0.05808	0.00611	0.00537	0.00165	0.00553	0.01681	0.00403	0.00794
22	0.00918	0.00459	0.00689	0.00689	0.00689	0.00459	0.00459	0.00689	0.00689	0.00918	0.00918	0.01607	0.00918	0.01837	0.02066	0.84619	0.00459	0.00459	0.00230	0.00230
23	0.01008	0.00957	0.01642	0.77289	0.03609	0.01180	0.04213	0.01363	0.01064	0.01363	0.00944	0.01410	0.00708	0.00525	0.00532	0.00176	0.00712	0.00475	0.00236	0.00592
24	0.00969	0.00899	0.01535	0.58097	0.04469	0.01058	0.06543	0.01288	0.01079	0.01398	0.01318	0.11284	0.01215	0.00723	0.00567	0.00185	0.00653	0.05859	0.00286	0.00575
25	0.01252	0.01414	0.03051	0.02299	0.08039	0.01331	0.70982	0.01688	0.01245	0.01696	0.01064	0.01418	0.00805	0.00447	0.00617	0.00177	0.00873	0.00613	0.00267	0.00722
26	0.01007	0.00935	0.01576	0.74547	0.06327	0.01153	0.01439	0.01338	0.01050	0.01350	0.00941	0.01412	0.00717	0.00571	0.00581	0.03072	0.00693	0.00469	0.00236	0.00584
27	0.00998	0.00940	0.01586	0.80150	0.03641	0.01175	0.01468	0.01351	0.01057	0.01351	0.00940	0.01409	0.00705	0.00529	0.00529	0.00176	0.00705	0.00470	0.00235	0.00587
28	0.01613	0.01284	0.01363	0.01136	0.01488	0.01454	0.00909	0.34397	0.45095	0.02693	0.01773	0.01670	0.01307	0.00682	0.00534	0.00170	0.00489	0.00545	0.00534	0.00864
29	0.00656	0.00466	0.00614	0.00723	0.00754	0.00438	0.00479	0.00747	0.01012	0.01353	0.05396	0.72997	0.03437	0.07221	0.00814	0.00234	0.00319	0.01433	0.00482	0.00424
30	0.01107	0.10720	0.66823	0.01485	0.02219	0.01322	0.05893	0.01666	0.01119	0.01631	0.00933	0.01106	0.00678	0.00494	0.00492	0.00162	0.00765	0.00392	0.00226	0.00767
31	0.01127	0.01006	0.01500	0.54596	0.05655	0.02943	0.01312	0.10139	0.01251	0.01618	0.01223	0.04237	0.01055	0.00675	0.00571	0.00181	0.01900	0.08087	0.00305	0.00618
32	0.00692	0.00498	0.00666	0.00784	0.00841	0.00472	0.00572	0.00821	0.01068	0.01407	0.02984	0.60501	0.06347	0.01598	0.00686	0.00220	0.00347	0.18564	0.00490	0.00443
33	0.01096	0.00940	0.01096	0.00783	0.01253	0.00705	0.00626	0.01331	0.01096	0.01723	0.00940	0.01096	0.00783	0.00392	0.00392	0.00078	0.00392	0.00313	0.00313	0.84653
34	0.05258	0.01500	0.01583	0.01270	0.01676	0.03312	0.01008	0.52682	0.03841	0.10752	0.01593	0.01694	0.01196	0.00785	0.00614	0.00201	0.00623	0.00549	0.05267	0.04596
35	0.01129	0.01247	0.07237	0.01450	0.01746	0.01252	0.20759	0.01392	0.01015	0.01506	0.00971	0.04415	0.00869	0.00780	0.03370	0.00199	0.31864	0.00513	0.00269	0.18017
36	0.00717	0.00481	0.00641	0.00742	0.00791	0.00446	0.00503	0.00819	0.01049	0.04486	0.05443	0.75242	0.03459	0.01596	0.00667	0.00211	0.00311	0.01445	0.00500	0.00451
37	0.05527	0.00928	0.01237	0.04136	0.01440	0.00842	0.00806	0.05296	0.01508	0.69553	0.01956	0.01727	0.01240	0.00642	0.00523	0.00164	0.00464	0.00517	0.00620	0.00874
38	0.04797	0.46130	0.19399	0.01143	0.01627	0.04791	0.04017	0.04351	0.01133	0.01484	0.00815	0.00971	0.00686	0.00508	0.00496	0.00141	0.06228	0.00342	0.00244	0.00697
39	0.05527	0.02443	0.06674	0.00989	0.01409	0.00947	0.00867	0.12282	0.01578	0.54334	0.04823	0.01764	0.02582	0.00659	0.00523	0.00163	0.00480	0.00526	0.00581	0.00851
40	0.00643	0.00463	0.00610	0.00728	0.00765	0.00430	0.00487	0.00737	0.01020	0.01353	0.03011	0.78057	0.06453	0.01644	0.00673	0.00213	0.00305	0.01488	0.00491	0.00430
41	0.00675	0.00477	0.00600	0.00685	0.00715	0.00452	0.00442	0.00746	0.00959	0.01269	0.02711	0.57253	0.06759	0.22272	0.01194	0.00290	0.00358	0.01294	0.00447	0.00402
42	0.01172	0.01107	0.01598	0.48319	0.02782	0.06712	0.04038	0.02864	0.01088	0.04491	0.00998	0.03797	0.00819	0.00651	0.00783	0.00185	0.17222	0.00499	0.00268	0.00605
43	0.01086	0.01049	0.03247	0.59661	0.03053	0.04143	0.01335	0.06585	0.01160	0.01491	0.01107	0.07852	0.00943	0.00647	0.00595	0.00179	0.04440	0.00547	0.00277	0.00601
44	0.00713	0.00480	0.00636	0.00738	0.00789	0.00444	0.00500	0.00811	0.01038	0.04462	0.02954	0.75595	0.05645	0.01606	0.00667	0.00212	0.00311	0.01452	0.00497	0.00449

[dist]
# distance from previous block
# <min> <max>
2	5

[block]
# block no. 1 follows, 46 sequences, length 132
# corresponding to MSA columns:
# 98-160,163-231
name=unknown_B
#
# <colnr> <probs for GDERKNQSTAVLIFYWHMCP>
#	G	D	E	R	K	N	Q	S	T	A	V	L	I	F	Y	W	H	M	C	P
0	0.00658	0.00486	0.00634	0.00734	0.00778	0.00462	0.00500	0.00758	0.01035	0.01373	0.04840	0.70732	0.09832	0.01597	0.00696	0.00211	0.02321	0.01431	0.00486	0.00436
1	0.00660	0.00482	0.00627	0.00730	0.00785	0.00443	0.00499	0.00764	0.01035	0.01372	0.03038	0.71254	0.08809	0.01595	0.00666	0.00210	0.00312	0.03680	0.00486	0.02554
2	0.00992	0.00739	0.00840	0.00779	0.00877	0.02614	0.00543	0.11739	0.03331	0.01454	0.01564	0.04656	0.01624	0.45185	0.19004	0.00505	0.02058	0.00681	0.00350	0.00466
3	0.01198	0.00936	0.01107	0.00796	0.01261	0.00710	0.00638	0.01430	0.01129	0.07835	0.01031	0.01152	0.00825	0.00412	0.00403	0.00085	0.00396	0.00331	0.00340	0.77984
4	0.01962	0.01441	0.01548	0.01199	0.01612	0.01596	0.00987	0.68959	0.08412	0.04816	0.01357	0.01336	0.00965	0.00642	0.00530	0.00160	0.00566	0.00487	0.00532	0.00894
5	0.00650	0.00463	0.00613	0.00728	0.00763	0.00431	0.00487	0.00736	0.01011	0.01342	0.02949	0.76549	0.05984	0.01650	0.00707	0.02256	0.00309	0.01464	0.00484	0.00425
6	0.00643	0.00466	0.00607	0.00720	0.00763	0.00431	0.00484	0.00738	0.01028	0.01356	0.03108	0.75025	0.09422	0.01631	0.00671	0.00212	0.00304	0.01472	0.00491	0.00431
7	0.07751	0.02562	0.71181	0.01428	0.02162	0.01212	0.01819	0.01653	0.01105	0.01737	0.02211	0.01143	0.00734	0.00511	0.00490	0.00167	0.00743	0.00392	0.00237	0.00760
8	0.05421	0.00559	0.00693	0.00667	0.00797	0.00527	0.00497	0.00991	0.01401	0.02023	0.62491	0.11426	0.08313	0.01118	0.00612	0.00172	0.00265	0.00981	0.00554	0.00493
9	0.00769	0.00513	0.00577	0.00577	0.00577	0.00513	0.00320	0.00769	0.00769	0.01025	0.01666	0.03460	0.01922	0.81421	0.02691	0.00513	0.00513	0.00769	0.00320	0.00320
10	0.01303	0.01302	0.02388	0.04611	0.53685	0.01286	0.22232	0.03540	0.01245	0.01750	0.01021	0.01342	0.00826	0.00469	0.00551	0.00163	0.00701	0.00513	0.00269	0.00799
11	0.01146	0.01043	0.01316	0.04459	0.01362	0.07375	0.05516	0.08349	0.03339	0.01471	0.01193	0.04443	0.01138	0.11670	0.17374	0.04495	0.22890	0.00564	0.00305	0.00551
12	0.01743	0.01382	0.01316	0.01071	0.01402	0.11437	0.00860	0.46181	0.06457	0.02708	0.01361	0.01421	0.01011	0.00624	0.00488	0.00149	0.00548	0.00469	0.18602	0.00771
13	0.00970	0.00585	0.00758	0.00701	0.00864	0.00528	0.00530	0.01183	0.01416	0.13511	0.50708	0.12241	0.11734	0.01106	0.00615	0.00172	0.00288	0.00969	0.00574	0.00546
14	0.01091	0.05056	0.68445	0.01563	0.02309	0.01266	0.09658	0.01673	0.01129	0.01663	0.00955	0.01140	0.00684	0.00495	0.00510	0.00167	0.00786	0.00412	0.00228	0.00771
15	0.03773	0.05844	0.46169	0.02685	0.08562	0.08723	0.01542	0.01632	0.01197	0.03005	0.08195	0.01544	0.01179	0.00591	0.00509	0.00163	0.00696	0.02983	0.00285	0.00721
16	0.00736	0.00549	0.00628	0.00604	0.00767	0.00478	0.00454	0.00916	0.01325	0.04456	0.33315	0.05956	0.45476	0.01220	0.00622	0.00174	0.00268	0.01040	0.00532	0.00483
17	0.01466	0.72090	0.03949	0.00963	0.01402	0.10150	0.00935	0.01640	0.01119	0.01256	0.00747	0.00864	0.00679	0.00463	0.00356	0.00116	0.00610	0.00291	0.00231	0.00673
18	0.00654	0.00467	0.00619	0.00727	0.00764	0.00436	0.00487	0.00754	0.01038	0.01393	0.07877	0.74028	0.03557	0.03579	0.00721	0.00219	0.00308	0.01448	0.00493	0.00431
19	0.01382	0.01167	0.01680	0.38727	0.13187	0.01329	0.03179	0.26546	0.01566	0.02083	0.01116	0.01484	0.00860	0.00582	0.00536	0.00170	0.00651	0.02682	0.00346	0.00727
20	0.80565	0.03800	0.00860	0.00716	0.01047	0.02852	0.00593	0.01567	0.00918	0.02311	0.00738	0.00860	0.00578	0.00491	0.00331	0.00161	0.00426	0.00287	0.00323	0.00577
21	0.01206	0.07085	0.56845	0.01474	0.03492	0.07593	0.03977	0.05321	0.01201	0.01676	0.00958	0.01169	0.00722	0.02578	0.00579	0.00172	0.02552	0.00404	0.00247	0.00750
22	0.04565	0.01459	0.01316	0.01107	0.01423	0.18634	0.00875	0.31751	0.08068	0.08386	0.01750	0.07543	0.07722	0.00760	0.00554	0.00163	0.02138	0.00585	0.00464	0.00739
23	0.01729	0.01143	0.01259	0.01024	0.01348	0.03173	0.00822	0.36448	0.09148	0.16092	0.01592	0.03203	0.01209	0.04745	0.06874	0.00230	0.00579	0.00537	0.08067	0.00779
24	0.00742	0.00540	0.00698	0.00658	0.00786	0.00496	0.00494	0.00985	0.01481	0.02083	0.73996	0.04009	0.08860	0.01094	0.00624	0.00167	0.00250	0.00965	0.00577	0.00496
25	0.01479	0.72417	0.02621	0.00958	0.01390	0.11177	0.00918	0.01645	0.01124	0.01250	0.00745	0.00860	0.00679	0.00463	0.00355	0.00116	0.00611	0.00289	0.00232	0.00671
26	0.10882	0.00968	0.02788	0.00933	0.01320	0.00876	0.00779	0.06290	0.04069	0.58074	0.03738	0.04141	0.01363	0.00676	0.00516	0.00166	0.00449	0.00542	0.00594	0.00837
27	0.01060	0.02735	0.78682	0.01507	0.02288	0.01228	0.01953	0.01674	0.01116	0.01674	0.00949	0.01116	0.00670	0.00502	0.00502	0.00167	0.00781	0.00391	0.00223	0.00781
28	0.00918	0.00459	0.00689	0.00689	0.00689	0.00459	0.00459	0.00689	0.00689	0.00918	0.00918	0.01607	0.00918	0.01837	0.02066	0.84619	0.00459	0.00459	0.00230	0.00230
29	0.00807	0.00579	0.00794	0.00909	0.01014	0.00571	0.00763	0.01015	0.01171	0.01524	0.02876	0.18460	0.05613	0.03524	0.00767	0.00243	0.00450	0.57965	0.00483	0.00472
30	0.02299	0.00916	0.01227	0.00945	0.01345	0.00810	0.00779	0.06128	0.01560	0.72200	0.04642	0.01847	0.01415	0.00668	0.00535	0.00163	0.00449	0.00543	0.00646	0.00886
31	0.00755	0.00566	0.00850	0.00850	0.00944	0.00661	0.00661	0.00944	0.00850	0.01227	0.01416	0.02077	0.01322	0.03965	0.79326	0.00850	0.01416	0.00566	0.00283	0.00472
32	0.00642	0.00482	0.00596	0.00682	0.00754	0.00436	0.00468	0.00749	0.01074	0.01389	0.05441	0.59462	0.22790	0.01560	0.00661	0.00204	0.00295	0.01389	0.00493	0.00436
33	0.85155	0.01022	0.00777	0.00695	0.01022	0.01186	0.00573	0.01554	0.00900	0.02372	0.00736	0.00859	0.00573	0.00491	0.00327	0.00164	0.00409	0.00286	0.00327	0.00573
34	0.25674	0.01021	0.01154	0.00913	0.01301	0.01021	0.00753	0.13304	0.01485	0.45793	0.01583	0.01455	0.01040	0.00605	0.00474	0.00163	0.00458	0.00454	0.00543	0.00807
35	0.00786	0.00513	0.00578	0.00578	0.00591	0.00515	0.00334	0.00811	0.00798	0.01106	0.01663	0.03300	0.01859	0.72681	0.04788	0.00492	0.00518	0.00741	0.07011	0.00339
36	0.01074	0.07671	0.02760	0.54311	0.04803	0.01186	0.01273	0.02809	0.01128	0.02844	0.07040	0.01556	0.01076	0.00579	0.00551	0.00167	0.03236	0.00488	0.02271	0.03178
37	0.01064	0.01008	0.01145	0.01051	0.01135	0.11293	0.00829	0.01216	0.00936	0.01293	0.01138	0.01701	0.01069	0.06781	0.33355	0.00481	0.27084	0.00509	0.06394	0.00518
38	0.00644	0.00460	0.00613	0.00736	0.00767	0.00429	0.00491	0.00736	0.01012	0.01350	0.02914	0.81076	0.03497	0.01656	0.00675	0.00215	0.00307	0.01503	0.00491	0.00429
39	0.03076	0.00918	0.01469	0.48660	0.02689	0.01108	0.05607	0.02412	0.01059	0.01462	0.02653	0.04273	0.02397	0.02793	0.03284	0.00210	0.09035	0.00542	0.05782	0.00572
40	0.01631	0.01134	0.01281	0.02940	0.01408	0.01227	0.00847	0.43691	0.05235	0.08769	0.10606	0.01869	0.03401	0.00984	0.07091	0.00217	0.00568	0.00567	0.05765	0.00769
41	0.00649	0.00463	0.00619	0.00741	0.00774	0.00433	0.00499	0.00744	0.01017	0.01355	0.02911	0.79398	0.03486	0.01652	0.00676	0.00215	0.00311	0.03135	0.00491	0.00431
42	0.01762	0.02143	0.01568	0.07868	0.12139	0.58750	0.01122	0.01977	0.03351	0.01399	0.02605	0.01131	0.00824	0.00550	0.00492	0.00144	0.00860	0.00389	0.00282	0.00644
43	0.00797	0.00521	0.00667	0.00709	0.00809	0.00472	0.00502	0.00933	0.01167	0.07641	0.16560	0.49567	0.14812	0.01426	0.00647	0.00197	0.00302	0.01270	0.00520	0.00482
44	0.03326	0.01117	0.01340	0.01041	0.01445	0.01118	0.00856	0.27591	0.07858	0.45872	0.01795	0.01620	0.01184	0.00650	0.00528	0.00163	0.00491	0.00515	0.00598	0.00890
45	0.03979	0.68266	0.07567	0.00965	0.01422	0.06043	0.00968	0.01641	0.02687	0.01329	0.00783	0.00895	0.00694	0.00467	0.00361	0.00121	0.00592	0.00299	0.00238	0.00682
46	0.00985	0.00493	0.00493	0.00493	0.00616	0.00493	0.00370	0.01232	0.01109	0.01971	0.01725	0.01971	0.01355	0.00616	0.00370	0.00123	0.00246	0.00493	0.84356	0.00493
47	0.01258	0.01292	0.01864	0.15644	0.25862	0.09276	0.08443	0.01518	0.01104	0.01494	0.00906	0.01267	0.00767	0.00659	0.02327	0.00187	0.20042	0.00463	0.00255	0.05373
48	0.03540	0.01238	0.01599	0.37801	0.17220	0.13084	0.01289	0.01733	0.01227	0.14584	0.01122	0.01373	0.00826	0.00540	0.00515	0.00164	0.00677	0.00456	0.00320	0.00692
49	0.00653	0.00525	0.00583	0.00593	0.00738	0.00455	0.00435	0.00805	0.01236	0.01559	0.19977	0.16413	0.51505	0.01334	0.00632	0.00181	0.00270	0.01142	0.00510	0.00455
50	0.01726	0.09886	0.01540	0.01224	0.01530	0.44052	0.00954	0.06636	0.23868	0.01680	0.01230	0.01263	0.00969	0.00592	0.00484	0.00148	0.00735	0.00419	0.00361	0.00702
51	0.01916	0.04396	0.01555	0.01281	0.01608	0.42925	0.01006	0.28927	0.05821	0.02076	0.01045	0.01123	0.00809	0.00593	0.00526	0.00148	0.02734	0.00404	0.00377	0.00729
52	0.05971	0.03501	0.01488	0.01143	0.01521	0.07711	0.00929	0.56660	0.03591	0.04913	0.01258	0.01381	0.00950	0.05792	0.00649	0.00179	0.00591	0.00474	0.00481	0.00816
53	0.04608	0.00957	0.01233	0.00961	0.01360	0.00883	0.00790	0.07023	0.07534	0.65768	0.02003	0.01754	0.01287	0.00653	0.00526	0.00165	0.00454	0.00527	0.00628	0.00885
54	0.00649	0.00492	0.00599	0.00666	0.00753	0.00442	0.00464	0.00771	0.01124	0.01457	0.11741	0.49145	0.26794	0.01496	0.00654	0.00198	0.00288	0.01324	0.00501	0.00442
55	0.00925	0.00497	0.00760	0.07016	0.00924	0.00516	0.00539	0.00741	0.00718	0.00953	0.00920	0.01591	0.00901	0.01732	0.01944	0.77895	0.00479	0.00460	0.00230	0.00258
56	0.01730	0.01119	0.01402	0.01072	0.01474	0.05045	0.06793	0.13370	0.01473	0.29010	0.01442	0.03046	0.01048	0.00665	0.02447	0.00158	0.03277	0.00477	0.00461	0.24493
57	0.00641	0.00500	0.00583	0.00645	0.00748	0.00442	0.00455	0.00758	0.01116	0.01406	0.05586	0.42480	0.38478	0.01492	0.00651	0.00197	0.00290	0.02598	0.00493	0.00440
58	0.01649	0.01164	0.01282	0.01069	0.01413	0.01276	0.00855	0.23655	0.39656	0.14714	0.04265	0.01878	0.03271	0.00709	0.00539	0.00170	0.00461	0.00576	0.00554	0.00845
59	0.85155	0.01022	0.00777	0.00695	0.01022	0.01186	0.00573	0.01554	0.00900	0.02372	0.00736	0.00859	0.00573	0.00491	0.00327	0.00164	0.00409	0.00286	0.00327	0.00573
60	0.00811	0.00591	0.00819	0.00929	0.01024	0.00599	0.00773	0.01013	0.01152	0.01514	0.02755	0.24371	0.03074	0.01490	0.00751	0.00236	0.03183	0.53960	0.00479	0.00476
61	0.01480	0.04864	0.04812	0.02989	0.03880	0.18101	0.00975	0.08039	0.41131	0.01976	0.01608	0.01650	0.01246	0.00650	0.00514	0.00163	0.00582	0.02150	0.00432	0.02757
62	0.01753	0.01520	0.01370	0.02638	0.01511	0.20826	0.00926	0.27089	0.16205	0.08353	0.01433	0.01528	0.01087	0.00656	0.00551	0.00160	0.03221	0.02292	0.06119	0.00762
63	0.00661	0.00472	0.00632	0.00755	0.00793	0.00444	0.00519	0.00765	0.01028	0.01368	0.02905	0.75095	0.03460	0.01641	0.00679	0.00217	0.00321	0.07321	0.00490	0.00434
64	0.01247	0.01323	0.08135	0.07540	0.53595	0.01224	0.06295	0.01664	0.06605	0.01708	0.01111	0.01459	0.00917	0.00549	0.00573	0.02313	0.00640	0.02034	0.00281	0.00787
65	0.01079	0.08168	0.71018	0.01449	0.02187	0.01269	0.01847	0.01650	0.01116	0.01641	0.00990	0.01246	0.00743	0.00528	0.00498	0.00166	0.00757	0.02652	0.00231	0.00765
66	0.00659	0.00473	0.00627	0.00735	0.00778	0.00441	0.00501	0.00768	0.01060	0.01418	0.08711	0.71224	0.05041	0.01599	0.00672	0.00211	0.00307	0.03842	0.00498	0.00437
67	0.01432	0.75281	0.02650	0.00926	0.01361	0.06602	0.00902	0.01601	0.01108	0.01266	0.02444	0.00923	0.00774	0.00472	0.00354	0.00116	0.00581	0.00301	0.00237	0.00671
68	0.00647	0.00462	0.00616	0.00734	0.00767	0.00431	0.00491	0.00744	0.01026	0.01371	0.05033	0.78895	0.03539	0.01640	0.00673	0.00213	0.00305	0.01487	0.00493	0.00431
69	0.02038	0.01435	0.01558	0.01194	0.01616	0.01571	0.00987	0.70485	0.02408	0.09316	0.01334	0.01311	0.00932	0.00636	0.00529	0.00159	0.00571	0.00480	0.00539	0.00899
70	0.00998	0.00940	0.01586	0.80150	0.03641	0.01175	0.01468	0.01351	0.01057	0.01351	0.00940	0.01409	0.00705	0.00529	0.00529	0.00176	0.00705	0.00470	0.00235	0.00587
71	0.01002	0.00509	0.00511	0.00505	0.00633	0.00512	0.00380	0.02478	0.01131	0.01993	0.01717	0.01959	0.01347	0.00616	0.00372	0.00124	0.00252	0.00492	0.82965	0.00499
72	0.01415	0.01072	0.01251	0.07358	0.03439	0.01152	0.00870	0.33724	0.08322	0.03495	0.05601	0.07915	0.04876	0.06605	0.00710	0.00194	0.00504	0.05609	0.00470	0.05418
73	0.01268	0.01215	0.02073	0.13253	0.68430	0.01245	0.01602	0.01587	0.01185	0.01678	0.00987	0.01322	0.00820	0.00479	0.00524	0.00160	0.00638	0.00471	0.00258	0.00805
74	0.00694	0.00538	0.00628	0.00606	0.00751	0.00476	0.00452	0.00886	0.01350	0.01788	0.43943	0.04442	0.37203	0.03099	0.00673	0.00180	0.00264	0.01022	0.00535	0.00471
75	0.01552	0.01385	0.01320	0.01143	0.01466	0.11118	0.00897	0.19062	0.51135	0.02346	0.01789	0.01689	0.01339	0.00677	0.00528	0.00169	0.00521	0.00539	0.00503	0.00823
76	0.01404	0.79741	0.04690	0.00920	0.01380	0.02070	0.00931	0.01585	0.01075	0.01255	0.00740	0.00855	0.00678	0.00454	0.00343	0.00114	0.00571	0.00285	0.00226	0.00681
77	0.06331	0.10204	0.03156	0.01025	0.03657	0.01036	0.00847	0.06376	0.03866	0.55346	0.01764	0.01590	0.01159	0.00615	0.00499	0.00158	0.00480	0.00485	0.00557	0.00851
78	0.77204	0.01020	0.00826	0.00723	0.01059	0.01161	0.00596	0.02858	0.00974	0.08449	0.00852	0.00940	0.00636	0.00506	0.00347	0.00163	0.00415	0.00309	0.00357	0.00604
79	0.00656	0.00531	0.00584	0.00595	0.00746	0.00459	0.00444	0.00809	0.01234	0.01543	0.17370	0.13134	0.54759	0.01333	0.00634	0.00183	0.00277	0.03748	0.00506	0.00455
80	0.04832	0.01127	0.01719	0.25652	0.34264	0.03685	0.02656	0.02816	0.01191	0.05257	0.02551	0.01483	0.00935	0.00533	0.00514	0.00159	0.00618	0.02309	0.00296	0.07404
81	0.01157	0.01157	0.01619	0.01388	0.01388	0.01619	0.01157	0.01272	0.00810	0.01272	0.00694	0.01157	0.00694	0.00925	0.01735	0.00231	0.80453	0.00463	0.00231	0.00578
82	0.00644	0.00484	0.00597	0.00679	0.00754	0.00437	0.00467	0.00754	0.01086	0.01405	0.06909	0.57238	0.23539	0.01545	0.00659	0.00203	0.00294	0.01375	0.00495	0.00437
83	0.00818	0.00647	0.00931	0.00891	0.01030	0.00622	0.07848	0.01108	0.08621	0.03297	0.11946	0.47129	0.10373	0.01324	0.00642	0.00197	0.00367	0.01203	0.00488	0.00518
84	0.01947	0.01413	0.01524	0.01187	0.01595	0.01561	0.00974	0.64322	0.11077	0.06800	0.01410	0.01376	0.01001	0.00645	0.00530	0.00161	0.00557	0.00493	0.00536	0.00892
85	0.00701	0.00588	0.00604	0.00591	0.00745	0.02575	0.00434	0.00851	0.01245	0.01552	0.21639	0.04585	0.52992	0.07635	0.00785	0.00201	0.00301	0.01031	0.00492	0.00453
86	0.01337	0.04971	0.05316	0.06837	0.09369	0.01159	0.08715	0.17586	0.04822	0.03289	0.07309	0.01480	0.01185	0.00549	0.00498	0.00139	0.00547	0.00477	0.00373	0.24041
87	0.01635	0.03394	0.01377	0.02681	0.01514	0.26356	0.00932	0.22027	0.19427	0.02086	0.01659	0.01910	0.05398	0.00724	0.00531	0.00163	0.00640	0.06391	0.00431	0.00724
88	0.00643	0.00463	0.00611	0.00730	0.00765	0.00430	0.00488	0.00737	0.01018	0.01352	0.02994	0.78592	0.05929	0.01646	0.00673	0.00214	0.00305	0.01490	0.00491	0.00430
89	0.01079	0.02438	0.64025	0.07888	0.05301	0.01233	0.07426	0.01648	0.01125	0.01652	0.00959	0.01170	0.00689	0.00499	0.00514	0.00169	0.00778	0.00417	0.00229	0.00763
90	0.01259	0.01256	0.04328	0.06465	0.63269	0.02241	0.01518	0.01611	0.03688	0.01723	0.04298	0.01495	0.02299	0.00530	0.00546	0.00160	0.01730	0.00502	0.00285	0.00797
91	0.00644	0.00460	0.00613	0.00736	0.00767	0.00429	0.00491	0.00736	0.01012	0.01350	0.02914	0.81076	0.03497	0.01656	0.00675	0.00215	0.00307	0.01503	0.00491	0.00429
92	0.10034	0.00810	0.01029	0.11546	0.01321	0.00965	0.00770	0.06744	0.01021	0.01636	0.01082	0.01479	0.00917	0.00994	0.02454	0.19579	0.16523	0.00454	0.20142	0.00501
93	0.00682	0.00523	0.00597	0.00618	0.00752	0.00456	0.00448	0.00825	0.01208	0.02882	0.16870	0.25118	0.44401	0.01368	0.00636	0.00186	0.00278	0.01182	0.00509	0.00459
94	0.01893	0.01326	0.01464	0.01113	0.01542	0.01387	0.00916	0.55636	0.02144	0.11168	0.01301	0.01297	0.00924	0.00595	0.00506	0.00146	0.00535	0.00454	0.00506	0.15146
95	0.05209	0.02382	0.59614	0.01646	0.04780	0.01245	0.14418	0.01670	0.01131	0.01713	0.00960	0.01162	0.00693	0.00491	0.00515	0.00169	0.00777	0.00428	0.00237	0.00761
96	0.01291	0.01115	0.01173	0.01057	0.01352	0.01285	0.00822	0.02739	0.74565	0.02185	0.02261	0.02079	0.04229	0.00739	0.00541	0.00179	0.00413	0.00615	0.00536	0.00823
97	0.64980	0.01112	0.02954	0.04520	0.05129	0.01219	0.00747	0.08332	0.01089	0.04628	0.00852	0.00978	0.00646	0.00510	0.00375	0.00163	0.00460	0.00331	0.00345	0.00631
98	0.00695	0.00503	0.00656	0.00692	0.00776	0.00465	0.00491	0.00867	0.01261	0.01735	0.40189	0.39429	0.07557	0.01357	0.00647	0.00189	0.00277	0.01214	0.00536	0.00465
99	0.01382	0.01172	0.01257	0.01144	0.03341	0.01345	0.00873	0.09866	0.68051	0.02307	0.02037	0.01888	0.01525	0.00703	0.00537	0.00177	0.00439	0.00583	0.00530	0.00843
100	0.01837	0.10763	0.07433	0.01084	0.02940	0.06225	0.00932	0.10492	0.11362	0.34134	0.06138	0.01661	0.01347	0.00639	0.00509	0.00158	0.00524	0.00505	0.00505	0.00813
101	0.01590	0.21803	0.06149	0.01511	0.14708	0.30348	0.01103	0.01803	0.01302	0.05976	0.05884	0.01247	0.01022	0.00558	0.00500	0.00142	0.02964	0.00406	0.00298	0.00686
102	0.85155	0.01022	0.00777	0.00695	0.01022	0.01186	0.00573	0.01554	0.00900	0.02372	0.00736	0.00859	0.00573	0.00491	0.00327	0.00164	0.00409	0.00286	0.00327	0.00573
103	0.00714	0.00533	0.00663	0.00643	0.00772	0.00482	0.00477	0.00926	0.01396	0.01911	0.56385	0.10334	0.20455	0.01182	0.00628	0.00173	0.00258	0.01034	0.00555	0.00482
104	0.02872	0.00901	0.01114	0.01162	0.08908	0.02741	0.00833	0.10405	0.08142	0.11839	0.05542	0.14360	0.09557	0.01035	0.00636	0.00190	0.02834	0.15791	0.00485	0.00652
105	0.00733	0.00511	0.00671	0.02285	0.00850	0.00500	0.00529	0.00866	0.02236	0.03129	0.02771	0.67981	0.04825	0.01508	0.00673	0.00206	0.02313	0.01350	0.05604	0.00457
106	0.00646	0.00479	0.00599	0.00689	0.00751	0.00437	0.00468	0.00748	0.01057	0.01375	0.05159	0.61515	0.18820	0.03713	0.00717	0.00214	0.00303	0.01391	0.00488	0.00432
107	0.01922	0.01268	0.01460	0.03582	0.03639	0.01334	0.00946	0.45506	0.06776	0.19293	0.01458	0.01420	0.01016	0.00617	0.00519	0.00155	0.00533	0.00482	0.00523	0.07553
108	0.09883	0.01379	0.01469	0.01140	0.01550	0.01515	0.00940	0.61124	0.04153	0.09622	0.01311	0.01294	0.00921	0.00625	0.00510	0.00160	0.00550	0.00466	0.00521	0.00867
109	0.00648	0.00462	0.00612	0.00731	0.00760	0.00432	0.00485	0.00737	0.01004	0.01338	0.02871	0.78416	0.03443	0.04390	0.00744	0.00225	0.00314	0.01478	0.00485	0.00426
110	0.03450	0.01241	0.04352	0.08894	0.27757	0.01269	0.07449	0.10585	0.20816	0.02024	0.04048	0.01650	0.02885	0.00598	0.00537	0.00168	0.00576	0.00540	0.00378	0.00783
111	0.01732	0.02089	0.01600	0.09849	0.13360	0.55107	0.01157	0.01955	0.03529	0.01390	0.00891	0.01089	0.00734	0.00547	0.00525	0.00147	0.02992	0.00384	0.00273	0.00649
112	0.00643	0.00463	0.00611	0.00730	0.00765	0.00430	0.00488	0.00737	0.01018	0.01352	0.02994	0.78592	0.05929	0.01646	0.00673	0.00214	0.00305	0.01490	0.00491	0.00430
113	0.01626	0.03056	0.01421	0.09309	0.01673	0.05165	0.00954	0.45246	0.06559	0.02659	0.09604	0.03703	0.01472	0.00712	0.00537	0.00163	0.00549	0.02205	0.02617	0.00770
114	0.00743	0.00544	0.00725	0.00806	0.03324	0.00524	0.00551	0.00923	0.02618	0.01601	0.26302	0.36861	0.03585	0.09657	0.03204	0.00248	0.00368	0.06461	0.00489	0.00467
115	0.00644	0.00460	0.00613	0.00736	0.00767	0.00429	0.00491	0.00736	0.01012	0.01350	0.02914	0.81076	0.03497	0.01656	0.00675	0.00215	0.00307	0.01503	0.00491	0.00429
116	0.01416	0.77141	0.05219	0.00936	0.01394	0.04028	0.00942	0.01599	0.01086	0.01259	0.00744	0.00859	0.00678	0.00456	0.00348	0.00115	0.00582	0.00288	0.00227	0.00680
117	0.00644	0.00462	0.00612	0.00732	0.00766	0.00430	0.00489	0.00737	0.01016	0.01351	0.02964	0.79527	0.05013	0.01650	0.00674	0.00214	0.00306	0.01495	0.00491	0.00430
118	0.85155	0.01022	0.00777	0.00695	0.01022	0.01186	0.00573	0.01554	0.00900	0.02372	0.00736	0.00859	0.00573	0.00491	0.00327	0.00164	0.00409	0.00286	0.00327	0.00573
119	0.85155	0.01022	0.00777	0.00695	0.01022	0.01186	0.00573	0.01554	0.00900	0.02372	0.00736	0.00859	0.00573	0.00491	0.00327	0.00164	0.00409	0.00286	0.00327	0.00573
120	0.00669	0.00482	0.00588	0.00669	0.00743	0.00440	0.00461	0.00787	0.01075	0.01434	0.05059	0.55599	0.20448	0.01488	0.00638	0.00198	0.00292	0.01321	0.07171	0.00440
121	0.01112	0.00950	0.01169	0.08855	0.01482	0.00843	0.00750	0.05398	0.01137	0.01708	0.01044	0.04376	0.00920	0.03150	0.00582	0.00122	0.05380	0.00409	0.00319	0.60294
122	0.00743	0.00544	0.00696	0.00672	0.00799	0.00501	0.00510	0.00974	0.01429	0.01983	0.63057	0.04204	0.12490	0.02935	0.00678	0.00181	0.00274	0.06280	0.00560	0.00488
123	0.01403	0.06548	0.01346	0.01081	0.01405	0.01405	0.00861	0.11380	0.63311	0.02279	0.01953	0.01815	0.01467	0.00690	0.00524	0.00172	0.00447	0.00562	0.00516	0.00834
124	0.01413	0.81739	0.02770	0.00905	0.01357	0.02092	0.00905	0.01583	0.01074	0.01244	0.00735	0.00848	0.00678	0.00452	0.00339	0.00113	0.00565	0.00283	0.00226	0.00678
125	0.01447	0.01157	0.03564	0.01692	0.18027	0.01151	0.12145	0.15079	0.05172	0.12643	0.04144	0.10445	0.01459	0.00754	0.00643	0.00177	0.05417	0.03713	0.00421	0.00751
126	0.02016	0.07538	0.01368	0.00992	0.01368	0.08572	0.00814	0.07974	0.08006	0.46431	0.06114	0.01723	0.01391	0.00650	0.00513	0.00156	0.00502	0.00514	0.00552	0.02808
127	0.00644	0.00460	0.00613	0.00736	0.00767	0.00429	0.00491	0.00736	0.01012	0.01350	0.02914	0.81076	0.03497	0.01656	0.00675	0.00215	0.00307	0.01503	0.00491	0.00429
128	0.02498	0.04314	0.01323	0.11697	0.01612	0.06339	0.02787	0.26428	0.04205	0.04683	0.04316	0.01980	0.11476	0.00719	0.00546	0.00160	0.02661	0.00570	0.11000	0.00684
129	0.01971	0.03574	0.01601	0.01242	0.02774	0.08094	0.01004	0.63880	0.04191	0.04522	0.01252	0.01261	0.00900	0.00622	0.00520	0.00156	0.00606	0.00464	0.00498	0.00867
130	0.00654	0.00464	0.00610	0.00723	0.00752	0.00436	0.00477	0.00739	0.00993	0.01324	0.02814	0.74896	0.03371	0.08008	0.00835	0.00238	0.00323	0.01444	0.00477	0.00421
131	0.01251	0.01324	0.02753	0.08865	0.11490	0.01273	0.56945	0.01657	0.01228	0.03945	0.01129	0.03555	0.00885	0.00494	0.00603	0.00176	0.00816	0.00614	0.00281	0.00715

[dist]
# distance from previous block
# <min> <max>
0	45

[block]
# block no. 2 follows, 46 sequences, length 45
# corresponding to MSA columns:
# 277-321
name=unknown_C
#
# <colnr> <probs for GDERKNQSTAVLIFYWHMCP>
#	G	D	E	R	K	N	Q	S	T	A	V	L	I	F	Y	W	H	M	C	P
0	0.04666	0.00709	0.02591	0.00759	0.00971	0.00636	0.00605	0.01433	0.04866	0.17369	0.54336	0.03237	0.03819	0.00941	0.00586	0.00166	0.00316	0.00814	0.00576	0.00603
1	0.00644	0.00460	0.00613	0.00736	0.00767	0.00429	0.00491	0.00736	0.01012	0.01350	0.02914	0.81076	0.03497	0.01656	0.00675	0.00215	0.00307	0.01503	0.00491	0.00429
2	0.06616	0.01193	0.02668	0.05769	0.14299	0.02684	0.02152	0.02404	0.51752	0.02061	0.01743	0.01720	0.01324	0.00641	0.00521	0.00173	0.00491	0.00542	0.00448	0.00800
3	0.01320	0.04961	0.01997	0.15830	0.43192	0.11348	0.06489	0.01616	0.01215	0.01576	0.01044	0.01496	0.00894	0.00537	0.00527	0.00161	0.00691	0.04104	0.00268	0.00733
4	0.00644	0.00460	0.00613	0.00736	0.00767	0.00429	0.00491	0.00736	0.01012	0.01350	0.02914	0.81076	0.03497	0.01656	0.00675	0.00215	0.00307	0.01503	0.00491	0.00429
5	0.01165	0.02112	0.43814	0.03251	0.02494	0.01263	0.33214	0.01695	0.01179	0.03261	0.01023	0.01266	0.00739	0.00482	0.00555	0.00172	0.00819	0.00493	0.00251	0.00751
6	0.00970	0.00879	0.01268	0.01182	0.03209	0.01155	0.00934	0.01126	0.00839	0.01263	0.01044	0.01597	0.00995	0.02354	0.38487	0.00522	0.40870	0.00512	0.00257	0.00535
7	0.00642	0.00468	0.00606	0.00716	0.00762	0.00431	0.00482	0.00738	0.01031	0.01357	0.03156	0.73522	0.10894	0.01625	0.00670	0.00211	0.00303	0.01464	0.00491	0.00431
8	0.01375	0.73177	0.10997	0.00970	0.01458	0.01998	0.01018	0.01593	0.01079	0.01290	0.00758	0.00877	0.00677	0.00458	0.00357	0.00119	0.00589	0.00294	0.00226	0.00690
9	0.00641	0.00486	0.00592	0.00671	0.00751	0.00437	0.00463	0.00751	0.01087	0.01397	0.05884	0.54758	0.27098	0.01539	0.00657	0.00202	0.00293	0.01364	0.00493	0.00437
10	0.00918	0.00459	0.00689	0.00689	0.00689	0.00459	0.00459	0.00689	0.00689	0.00918	0.00918	0.01607	0.00918	0.01837	0.02066	0.84619	0.00459	0.00459	0.00230	0.00230
11	0.81915	0.04145	0.00854	0.00703	0.01035	0.01221	0.00585	0.01555	0.00906	0.02328	0.00736	0.00858	0.00577	0.00489	0.00328	0.00162	0.00415	0.00286	0.00323	0.00577
12	0.01989	0.01470	0.01575	0.01212	0.01632	0.01630	0.01000	0.74157	0.04723	0.03298	0.01296	0.01290	0.00920	0.00637	0.00529	0.00159	0.00577	0.00480	0.00529	0.00897
13	0.01357	0.06958	0.24847	0.02135	0.31997	0.15813	0.02836	0.01713	0.01208	0.01581	0.00920	0.01152	0.00742	0.00512	0.00550	0.00157	0.04102	0.00413	0.00249	0.00756
14	0.00692	0.00558	0.00618	0.00606	0.00767	0.00497	0.00453	0.00915	0.04396	0.01669	0.27382	0.07816	0.49253	0.01248	0.00623	0.00176	0.00270	0.01062	0.00521	0.00478
15	0.01709	0.01332	0.01418	0.01156	0.01525	0.01499	0.00932	0.44579	0.34756	0.02848	0.01651	0.01573	0.01208	0.00670	0.00533	0.00168	0.00511	0.00529	0.00533	0.00872
16	0.01897	0.13516	0.01675	0.01298	0.01596	0.68582	0.01005	0.02038	0.01439	0.01287	0.00806	0.00939	0.00681	0.00532	0.00458	0.00133	0.00899	0.00332	0.00266	0.00622
17	0.01232	0.04991	0.19467	0.04913	0.27221	0.05396	0.12432	0.04584	0.01251	0.01707	0.03459	0.03580	0.02585	0.00599	0.00542	0.00167	0.00684	0.04161	0.00293	0.00736
18	0.82581	0.01019	0.00791	0.00703	0.01033	0.01173	0.00579	0.01586	0.00919	0.04739	0.00778	0.00888	0.00595	0.00496	0.00334	0.00164	0.00410	0.00294	0.00337	0.00583
19	0.02168	0.00882	0.01178	0.00920	0.01299	0.00782	0.00754	0.03841	0.03877	0.67077	0.08097	0.02031	0.03180	0.00704	0.00541	0.00164	0.00432	0.00578	0.00639	0.00857
20	0.01719	0.02572	0.01245	0.04860	0.01421	0.01059	0.00814	0.24369	0.07920	0.26836	0.06562	0.04659	0.08284	0.00757	0.00539	0.00164	0.00462	0.00617	0.02763	0.02378
21	0.01001	0.02372	0.02948	0.00801	0.00975	0.02057	0.00631	0.07467	0.05952	0.04162	0.32672	0.08821	0.06571	0.07441	0.03946	0.00223	0.03925	0.00806	0.06673	0.00558
22	0.00653	0.00472	0.00607	0.00707	0.00751	0.00438	0.00473	0.00746	0.01025	0.01354	0.04848	0.67926	0.09666	0.06675	0.00797	0.00229	0.00315	0.01411	0.00482	0.00426
23	0.02755	0.01448	0.10516	0.02003	0.27277	0.08917	0.13124	0.05278	0.04684	0.01745	0.04197	0.10070	0.02832	0.00674	0.00573	0.00169	0.02076	0.00618	0.00327	0.00718
24	0.03813	0.00974	0.01315	0.07573	0.15186	0.03263	0.02666	0.08316	0.08849	0.09750	0.04491	0.06250	0.01636	0.00933	0.00725	0.08678	0.00527	0.13984	0.00415	0.00655
25	0.00763	0.00510	0.00578	0.00584	0.00585	0.00509	0.00328	0.00767	0.00780	0.01040	0.01722	0.06947	0.01993	0.77837	0.02600	0.00499	0.00503	0.00802	0.00328	0.00325
26	0.01328	0.01053	0.01234	0.01014	0.05105	0.00954	0.00765	0.14775	0.09264	0.05202	0.02823	0.02666	0.01048	0.00519	0.00453	0.00114	0.00437	0.00422	0.00395	0.50429
27	0.03554	0.01367	0.03384	0.22440	0.36358	0.12413	0.01393	0.04300	0.04980	0.01657	0.01051	0.02865	0.00863	0.00539	0.00516	0.00162	0.00674	0.00472	0.00285	0.00727
28	0.00644	0.00460	0.00613	0.00736	0.00767	0.00429	0.00491	0.00736	0.01012	0.01350	0.02914	0.81076	0.03497	0.01656	0.00675	0.00215	0.00307	0.01503	0.00491	0.00429
29	0.01664	0.01381	0.01461	0.09226	0.05490	0.08559	0.01009	0.41456	0.12817	0.02560	0.01559	0.01599	0.05493	0.00660	0.00527	0.00162	0.00581	0.00518	0.02485	0.00793
30	0.00902	0.00644	0.00755	0.00708	0.00754	0.00695	0.00463	0.07510	0.00930	0.01262	0.01548	0.03002	0.01702	0.62559	0.08969	0.00492	0.05668	0.00706	0.00330	0.00401
31	0.00644	0.00460	0.00613	0.00736	0.00767	0.00429	0.00491	0.00736	0.01012	0.01350	0.02914	0.81076	0.03497	0.01656	0.00675	0.00215	0.00307	0.01503	0.00491	0.00429
32	0.01976	0.02476	0.01502	0.01356	0.01635	0.76022	0.01021	0.05243	0.01540	0.01380	0.00836	0.00967	0.00690	0.00549	0.00479	0.00137	0.00938	0.00346	0.00283	0.00625
33	0.00646	0.00473	0.00607	0.00708	0.00761	0.00434	0.00480	0.00749	0.01055	0.01389	0.06105	0.68457	0.13007	0.01594	0.00666	0.00208	0.00300	0.01433	0.00494	0.00434
34	0.05153	0.04159	0.03231	0.00986	0.01391	0.00992	0.00836	0.14700	0.01596	0.54852	0.01790	0.01636	0.01174	0.00783	0.04064	0.00192	0.00527	0.00502	0.00578	0.00857
35	0.00904	0.00467	0.00694	0.00705	0.00712	0.00465	0.00480	0.00711	0.00728	0.00969	0.01093	0.05075	0.01128	0.01811	0.01943	0.77009	0.00454	0.04151	0.00253	0.00250
36	0.01315	0.01136	0.01195	0.01076	0.01375	0.01315	0.00837	0.02809	0.77168	0.02211	0.02152	0.01972	0.01614	0.00717	0.00538	0.00179	0.00418	0.00598	0.00538	0.00837
37	0.03150	0.03126	0.03125	0.06486	0.18438	0.16229	0.01157	0.28573	0.01691	0.05943	0.01106	0.01288	0.00857	0.02718	0.00614	0.00167	0.03733	0.00450	0.00378	0.00772
38	0.00738	0.00540	0.00693	0.00655	0.00784	0.00495	0.00491	0.00978	0.01473	0.02064	0.71986	0.04041	0.10882	0.01102	0.00624	0.00167	0.00251	0.00969	0.00575	0.00495
39	0.01411	0.01274	0.01244	0.01108	0.01412	0.08038	0.00862	0.06904	0.66444	0.02196	0.01987	0.01845	0.01493	0.00698	0.00532	0.00174	0.00474	0.00569	0.00515	0.00821
40	0.01269	0.02459	0.08701	0.12581	0.22562	0.03489	0.08149	0.01601	0.02676	0.08622	0.02681	0.01924	0.02276	0.00675	0.00673	0.00178	0.08800	0.07951	0.02029	0.00703
41	0.00772	0.00535	0.00676	0.00743	0.00817	0.00513	0.00510	0.00967	0.06183	0.04553	0.06682	0.59502	0.06913	0.07013	0.00794	0.00227	0.00329	0.01305	0.00493	0.00473
42	0.01128	0.00955	0.01107	0.00807	0.01260	0.00752	0.00644	0.04427	0.03168	0.01792	0.01034	0.03085	0.00876	0.00441	0.00408	0.00088	0.00398	0.00357	0.00332	0.76940
43	0.06557	0.03208	0.01314	0.01126	0.01388	0.36687	0.04528	0.05963	0.04080	0.01585	0.06126	0.01712	0.05857	0.04735	0.09440	0.00242	0.00793	0.00497	0.00337	0.03826
44	0.00696	0.00520	0.00654	0.00718	0.00809	0.00467	0.00500	0.00809	0.01043	0.01388	0.02999	0.57314	0.12807	0.05081	0.00737	0.00213	0.00327	0.04779	0.00468	0.07670

[dist]
# distance from previous block
# <min> <max>
0	1

[block]
# block no. 3 follows, 46 sequences, length 19
# corresponding to MSA columns:
# 323-341
name=unknown_D
#
# <colnr> <probs for GDERKNQSTAVLIFYWHMCP>
#	G	D	E	R	K	N	Q	S	T	A	V	L	I	F	Y	W	H	M	C	P
0	0.01767	0.01429	0.01537	0.01238	0.01554	0.06242	0.01013	0.47297	0.10347	0.04150	0.01241	0.01316	0.00932	0.00697	0.00768	0.00174	0.16549	0.00480	0.00457	0.00811
1	0.00685	0.00504	0.00648	0.00742	0.00807	0.00476	0.00521	0.00846	0.03451	0.01449	0.07818	0.61245	0.10251	0.01547	0.00667	0.00209	0.00317	0.06866	0.00498	0.00452
2	0.01241	0.01861	0.39687	0.10007	0.07128	0.01144	0.03985	0.03411	0.08912	0.10198	0.01335	0.06458	0.01041	0.00617	0.00529	0.00172	0.00658	0.00522	0.00332	0.00760
3	0.01046	0.00611	0.00665	0.00629	0.00771	0.00653	0.00485	0.06077	0.04120	0.01967	0.01646	0.01910	0.01310	0.00980	0.08657	0.00207	0.03057	0.00502	0.64175	0.00533
4	0.00644	0.00460	0.00613	0.00736	0.00767	0.00429	0.00491	0.00736	0.01012	0.01350	0.02914	0.81076	0.03497	0.01656	0.00675	0.00215	0.00307	0.01503	0.00491	0.00429
5	0.01797	0.04605	0.01514	0.01325	0.01558	0.63676	0.01013	0.01929	0.01376	0.01292	0.00888	0.04373	0.00802	0.00638	0.00643	0.00151	0.11139	0.00404	0.00275	0.00603
6	0.00820	0.00586	0.00815	0.00937	0.01045	0.00581	0.00797	0.01040	0.01186	0.01547	0.02817	0.17437	0.03112	0.01490	0.00722	0.00239	0.00459	0.63404	0.00487	0.00478
7	0.01938	0.01595	0.01501	0.01195	0.01573	0.14846	0.00967	0.58851	0.02229	0.02896	0.01221	0.01260	0.00891	0.00618	0.00510	0.00153	0.00624	0.00454	0.05854	0.00824
8	0.01736	0.04523	0.01675	0.03135	0.13614	0.53950	0.04038	0.01963	0.03779	0.01414	0.00956	0.01226	0.00814	0.00567	0.00519	0.00148	0.02288	0.02716	0.00283	0.00656
9	0.00985	0.00493	0.00493	0.00493	0.00616	0.00493	0.00370	0.01232	0.01109	0.01971	0.01725	0.01971	0.01355	0.00616	0.00370	0.00123	0.00246	0.00493	0.84356	0.00493
10	0.01473	0.08257	0.03804	0.01148	0.05066	0.01295	0.00902	0.08936	0.44555	0.11547	0.03780	0.01870	0.03650	0.00687	0.00522	0.00168	0.00462	0.00562	0.00501	0.00815
11	0.00664	0.00555	0.00581	0.00571	0.00745	0.00480	0.00429	0.00856	0.03558	0.01554	0.16001	0.04824	0.64782	0.01282	0.00622	0.00177	0.00270	0.01076	0.00506	0.00466
12	0.01171	0.11194	0.09608	0.01178	0.02787	0.07582	0.01032	0.04268	0.01125	0.01536	0.11041	0.01807	0.04580	0.00995	0.05627	0.00222	0.29398	0.02129	0.02113	0.00606
13	0.01916	0.04121	0.01565	0.01169	0.01571	0.01590	0.00964	0.68523	0.03863	0.03139	0.01290	0.01353	0.00948	0.03257	0.00590	0.00168	0.00569	0.00482	0.02055	0.00864
14	0.00728	0.00715	0.05523	0.00668	0.00877	0.00562	0.00553	0.03251	0.03431	0.01558	0.08529	0.12165	0.55750	0.01266	0.00618	0.00181	0.00321	0.02330	0.00482	0.00495
15	0.00981	0.00703	0.00854	0.05526	0.01054	0.00725	0.00597	0.12312	0.01164	0.01605	0.01818	0.21239	0.01930	0.25353	0.06286	0.02507	0.00516	0.03050	0.06004	0.05776
16	0.10423	0.08543	0.31933	0.02561	0.11512	0.08128	0.01374	0.04749	0.01157	0.01696	0.01004	0.03842	0.00834	0.00798	0.05992	0.00210	0.03838	0.00433	0.00271	0.00703
