[name]
unknown

[dist]
# distance from previous block
# <min> <max>
0	48

[block]
# block no. 0 follows, 42 sequences, length 14
# corresponding to MSA columns:
# 52-65
name=unknown_A
#
# <colnr> <probs for GDERKNQSTAVLIFYWHMCP>
#	G	D	E	R	K	N	Q	S	T	A	V	L	I	F	Y	W	H	M	C	P
0	0.11676	0.02976	0.01602	0.08504	0.08933	0.12795	0.04663	0.18279	0.07505	0.07523	0.01317	0.03289	0.01038	0.00638	0.00529	0.00168	0.00644	0.01871	0.00416	0.05635
1	0.03929	0.02860	0.15434	0.01122	0.01527	0.01053	0.04863	0.09111	0.06407	0.12523	0.13028	0.05415	0.07523	0.00806	0.00617	0.00175	0.03569	0.00667	0.03175	0.06197
2	0.18669	0.08215	0.23630	0.01216	0.01735	0.03097	0.05042	0.11888	0.03769	0.08347	0.01183	0.01335	0.00888	0.02989	0.00559	0.00178	0.00632	0.00440	0.02801	0.03389
3	0.00790	0.00537	0.00637	0.00664	0.00675	0.00535	0.00397	0.00821	0.00876	0.01173	0.02033	0.19260	0.02358	0.60209	0.06269	0.00499	0.00550	0.00968	0.00376	0.00373
4	0.01191	0.01132	0.04715	0.24930	0.23637	0.01176	0.01325	0.05950	0.05720	0.01779	0.05935	0.08823	0.02992	0.00798	0.00703	0.03420	0.04070	0.00650	0.00348	0.00707
5	0.00720	0.00543	0.00669	0.00719	0.00827	0.00492	0.00521	0.00881	0.01274	0.01674	0.21579	0.35830	0.24888	0.01506	0.00693	0.00207	0.00311	0.05638	0.00546	0.00484
6	0.77827	0.04025	0.00935	0.00777	0.01128	0.04458	0.00642	0.01680	0.00991	0.02434	0.00787	0.00918	0.00618	0.00523	0.00355	0.00171	0.00465	0.00307	0.00342	0.00615
7	0.01332	0.01507	0.03258	0.02438	0.07413	0.01418	0.70247	0.01798	0.01325	0.01805	0.01134	0.01510	0.00856	0.00476	0.00658	0.00188	0.00932	0.00654	0.00284	0.00767
8	0.01063	0.01000	0.01688	0.78870	0.03876	0.01250	0.01563	0.01438	0.01125	0.01438	0.01000	0.01500	0.00750	0.00563	0.00563	0.00188	0.00750	0.00500	0.00250	0.00625
9	0.00796	0.00575	0.00752	0.00708	0.00841	0.00531	0.00531	0.01062	0.01593	0.02257	0.76415	0.04204	0.05310	0.01150	0.00664	0.00177	0.00265	0.01018	0.00619	0.00531
10	0.01265	0.01230	0.01719	0.07875	0.01690	0.01686	0.01250	0.05217	0.00977	0.01476	0.00793	0.01260	0.00751	0.00934	0.01673	0.00237	0.68575	0.00494	0.00263	0.00634
11	0.01932	0.01168	0.01344	0.01073	0.01417	0.01217	0.00852	0.38577	0.01961	0.22462	0.01733	0.06566	0.01391	0.11854	0.00947	0.02952	0.00550	0.00631	0.00555	0.00818
12	0.01663	0.00905	0.01118	0.00951	0.01241	0.00880	0.00746	0.14168	0.06129	0.29580	0.15472	0.17765	0.04902	0.01012	0.00616	0.00186	0.00426	0.00864	0.00613	0.00764
13	0.55971	0.01438	0.01078	0.04369	0.01389	0.17196	0.00782	0.04158	0.05615	0.02261	0.00919	0.01045	0.00717	0.00555	0.00411	0.00170	0.00576	0.00351	0.00352	0.00647

[dist]
# distance from previous block
# <min> <max>
0	2

[block]
# block no. 1 follows, 42 sequences, length 11
# corresponding to MSA columns:
# 70-80
name=unknown_B
#
# <colnr> <probs for GDERKNQSTAVLIFYWHMCP>
#	G	D	E	R	K	N	Q	S	T	A	V	L	I	F	Y	W	H	M	C	P
0	0.01489	0.60071	0.07950	0.01358	0.10230	0.05653	0.03278	0.01727	0.01189	0.01431	0.00844	0.01002	0.00745	0.00492	0.00411	0.00133	0.00655	0.00345	0.00248	0.00747
1	0.10919	0.01033	0.01155	0.00900	0.01316	0.00953	0.00723	0.08406	0.07931	0.08592	0.01293	0.01408	0.01008	0.00770	0.05618	0.00176	0.00512	0.00418	0.03578	0.43291
2	0.01204	0.01069	0.01780	0.55878	0.03306	0.01205	0.09050	0.03670	0.01219	0.05240	0.01084	0.01480	0.00808	0.00546	0.00557	0.00175	0.00716	0.00501	0.00294	0.10219
3	0.01112	0.01096	0.01988	0.64789	0.03704	0.01282	0.15019	0.01505	0.01163	0.01505	0.01026	0.01504	0.00769	0.00546	0.00581	0.00188	0.00787	0.00530	0.00256	0.00650
4	0.00878	0.00647	0.00741	0.00726	0.00902	0.00600	0.00544	0.03134	0.06289	0.05378	0.18344	0.18406	0.36936	0.01338	0.00664	0.00195	0.00324	0.02854	0.00554	0.00548
5	0.84197	0.01088	0.00827	0.00740	0.01088	0.01262	0.00609	0.01654	0.00958	0.02525	0.00784	0.00914	0.00609	0.00522	0.00348	0.00174	0.00435	0.00305	0.00348	0.00609
6	0.01464	0.01210	0.01300	0.01157	0.01477	0.01378	0.00920	0.13820	0.57137	0.02471	0.02215	0.02405	0.01752	0.00828	0.00591	0.00194	0.00479	0.07770	0.00566	0.00864
7	0.00796	0.00575	0.00752	0.00708	0.00841	0.00531	0.00531	0.01062	0.01593	0.02257	0.76415	0.04204	0.05310	0.01150	0.00664	0.00177	0.00265	0.01018	0.00619	0.00531
8	0.01337	0.01165	0.01949	0.25722	0.44871	0.01231	0.01564	0.01670	0.01257	0.06695	0.01246	0.01790	0.01039	0.00603	0.00574	0.00180	0.00670	0.05332	0.00314	0.00791
9	0.00807	0.00591	0.00844	0.00844	0.00924	0.00671	0.00628	0.00966	0.00887	0.01262	0.01562	0.02516	0.01539	0.19969	0.62425	0.00830	0.01308	0.00648	0.00310	0.00469
10	0.00755	0.00561	0.00703	0.00694	0.00822	0.00509	0.00511	0.00971	0.01454	0.01991	0.51747	0.16397	0.18212	0.01298	0.00673	0.00188	0.00279	0.01141	0.00586	0.00509

[dist]
# distance from previous block
# <min> <max>
0	10

[block]
# block no. 2 follows, 42 sequences, length 7
# corresponding to MSA columns:
# 91-97
name=unknown_C
#
# <colnr> <probs for GDERKNQSTAVLIFYWHMCP>
#	G	D	E	R	K	N	Q	S	T	A	V	L	I	F	Y	W	H	M	C	P
0	0.00961	0.00612	0.00768	0.00718	0.00891	0.00547	0.00542	0.01179	0.01479	0.10867	0.45165	0.10920	0.20782	0.01213	0.00657	0.00184	0.00301	0.01054	0.00598	0.00562
1	0.84197	0.01088	0.00827	0.00740	0.01088	0.01262	0.00609	0.01654	0.00958	0.02525	0.00784	0.00914	0.00609	0.00522	0.00348	0.00174	0.00435	0.00305	0.00348	0.00609
2	0.00774	0.00574	0.00721	0.00685	0.00827	0.00521	0.00513	0.01019	0.01540	0.02132	0.64399	0.04410	0.17404	0.01197	0.00664	0.00179	0.00269	0.01047	0.00603	0.00521
3	0.05606	0.63547	0.11568	0.01052	0.01559	0.05840	0.01084	0.01723	0.01162	0.01441	0.00814	0.00943	0.00716	0.00495	0.00388	0.00131	0.00641	0.00318	0.00248	0.00726
4	0.00978	0.00489	0.00733	0.00733	0.00733	0.00489	0.00489	0.00733	0.00733	0.00978	0.00978	0.01711	0.00978	0.01955	0.02199	0.83627	0.00489	0.00489	0.00244	0.00244
5	0.01505	0.80561	0.02949	0.00963	0.01444	0.02227	0.00963	0.01685	0.01143	0.01324	0.00782	0.00903	0.00722	0.00481	0.00361	0.00120	0.00602	0.00301	0.00241	0.00722
6	0.05923	0.11471	0.01816	0.01366	0.01716	0.44283	0.07475	0.05819	0.01507	0.07792	0.01047	0.01193	0.00832	0.00757	0.04469	0.00190	0.00893	0.00415	0.00334	0.00701

[dist]
# distance from previous block
# <min> <max>
1	2

[block]
# block no. 3 follows, 42 sequences, length 28
# corresponding to MSA columns:
# 100-127
name=unknown_D
#
# <colnr> <probs for GDERKNQSTAVLIFYWHMCP>
#	G	D	E	R	K	N	Q	S	T	A	V	L	I	F	Y	W	H	M	C	P
0	0.14530	0.29929	0.27341	0.01325	0.01905	0.04395	0.10015	0.01747	0.01167	0.01726	0.00904	0.01076	0.00717	0.00508	0.00458	0.00157	0.00708	0.00385	0.00264	0.00743
1	0.74419	0.01105	0.00904	0.00787	0.01146	0.01258	0.00648	0.05555	0.01090	0.07588	0.00910	0.01004	0.00680	0.00542	0.00374	0.00174	0.00448	0.00333	0.00383	0.00651
2	0.01314	0.01256	0.02141	0.21551	0.59234	0.01316	0.01688	0.01658	0.01244	0.01742	0.01045	0.01419	0.00858	0.00516	0.00558	0.00172	0.00688	0.00501	0.00272	0.00828
3	0.01231	0.01231	0.01724	0.01477	0.01477	0.01724	0.01231	0.01354	0.00862	0.01354	0.00739	0.01231	0.00739	0.00985	0.01847	0.00246	0.79192	0.00492	0.00246	0.00616
4	0.04310	0.67295	0.02694	0.01022	0.01473	0.12550	0.00968	0.01761	0.01199	0.01371	0.00794	0.00918	0.00719	0.00496	0.00381	0.00126	0.00653	0.00309	0.00251	0.00709
5	0.84197	0.01088	0.00827	0.00740	0.01088	0.01262	0.00609	0.01654	0.00958	0.02525	0.00784	0.00914	0.00609	0.00522	0.00348	0.00174	0.00435	0.00305	0.00348	0.00609
6	0.01977	0.01431	0.01548	0.01216	0.01627	0.01575	0.00994	0.58079	0.10784	0.06400	0.05115	0.01617	0.01284	0.00709	0.00564	0.00171	0.00567	0.00549	0.02875	0.00917
7	0.00831	0.00670	0.00866	0.00834	0.00928	0.00714	0.00631	0.01008	0.01276	0.01758	0.32789	0.18354	0.15700	0.05065	0.00984	0.00220	0.13767	0.02587	0.00506	0.00513
8	0.04248	0.09369	0.01649	0.01313	0.01646	0.56289	0.01020	0.02264	0.01540	0.14029	0.01085	0.01152	0.00833	0.00589	0.00500	0.00148	0.00873	0.00389	0.00355	0.00708
9	0.80080	0.01179	0.04618	0.00783	0.01155	0.01265	0.00682	0.01661	0.00969	0.02488	0.00795	0.00928	0.00615	0.00523	0.00358	0.00174	0.00455	0.00310	0.00343	0.00620
10	0.00883	0.00661	0.00918	0.14896	0.01393	0.00666	0.00711	0.01147	0.01453	0.04037	0.52263	0.03722	0.09689	0.04263	0.00732	0.00195	0.00372	0.00916	0.00536	0.00548
11	0.01174	0.01104	0.01655	0.55270	0.08647	0.05091	0.03275	0.05081	0.01208	0.01541	0.01101	0.01693	0.00910	0.09039	0.00807	0.00221	0.00734	0.00532	0.00280	0.00636
12	0.00804	0.00603	0.00904	0.00904	0.01005	0.00703	0.00703	0.01005	0.00904	0.01306	0.01507	0.02211	0.01407	0.04221	0.77992	0.00904	0.01507	0.00603	0.00301	0.00502
13	0.00818	0.00546	0.00614	0.00614	0.00614	0.00546	0.00341	0.00818	0.00818	0.01091	0.01773	0.03683	0.02046	0.80222	0.02864	0.00546	0.00546	0.00818	0.00341	0.00341
14	0.01406	0.05388	0.12327	0.03615	0.02077	0.07931	0.24326	0.03375	0.10857	0.07050	0.07198	0.03378	0.02829	0.00675	0.00660	0.00182	0.04976	0.00616	0.00380	0.00752
15	0.13032	0.00987	0.01242	0.00974	0.01393	0.00911	0.00802	0.02614	0.05087	0.63865	0.02038	0.01795	0.01307	0.00677	0.00538	0.00175	0.00472	0.00536	0.00646	0.00909
16	0.01427	0.01148	0.01875	0.30051	0.17094	0.01246	0.09749	0.05605	0.04682	0.12307	0.04888	0.01677	0.01152	0.00620	0.00633	0.00183	0.03971	0.00559	0.00370	0.00763
17	0.41283	0.01283	0.04240	0.00979	0.01359	0.01357	0.00825	0.26399	0.03526	0.05870	0.01188	0.03035	0.00937	0.04790	0.00583	0.00194	0.00519	0.00453	0.00440	0.00741
18	0.01354	0.10981	0.34466	0.01547	0.02181	0.01376	0.16667	0.05401	0.01298	0.06345	0.01092	0.01275	0.00811	0.00532	0.00567	0.00164	0.02879	0.00460	0.00303	0.10302
19	0.01380	0.05239	0.01928	0.26853	0.28739	0.06769	0.03312	0.06250	0.08728	0.01813	0.01173	0.01463	0.00924	0.00565	0.00547	0.00172	0.00689	0.00500	0.02184	0.00773
20	0.02053	0.01533	0.01640	0.01277	0.01712	0.01705	0.01049	0.66422	0.11201	0.03407	0.01461	0.01439	0.01046	0.00686	0.00564	0.00171	0.00599	0.00522	0.00564	0.00949
21	0.38117	0.01015	0.01097	0.00887	0.01285	0.01017	0.00732	0.02268	0.01326	0.44602	0.01594	0.01479	0.01052	0.00621	0.00471	0.00174	0.00460	0.00452	0.00545	0.00806
22	0.02139	0.01576	0.01689	0.01295	0.01745	0.01745	0.01070	0.74835	0.02646	0.03547	0.01351	0.01351	0.00957	0.00676	0.00563	0.00169	0.00619	0.00507	0.00563	0.00957
23	0.00811	0.00543	0.00616	0.00623	0.00624	0.00541	0.00350	0.00817	0.00832	0.01109	0.01843	0.07667	0.02134	0.76119	0.02752	0.00529	0.00534	0.00859	0.00350	0.00347
24	0.01070	0.00637	0.00840	0.00766	0.00946	0.00580	0.00590	0.01320	0.01564	0.14097	0.58089	0.05692	0.06445	0.01116	0.00654	0.00181	0.00312	0.03883	0.00623	0.00595
25	0.01063	0.01000	0.01688	0.78870	0.03876	0.01250	0.01563	0.01438	0.01125	0.01438	0.01000	0.01500	0.00750	0.00563	0.00563	0.00188	0.00750	0.00500	0.00250	0.00625
26	0.01310	0.01031	0.01187	0.00908	0.01328	0.00902	0.00722	0.14733	0.02849	0.04047	0.07191	0.06569	0.03404	0.00646	0.00495	0.00122	0.00435	0.00532	0.00428	0.51163
27	0.01384	0.01376	0.04091	0.01899	0.11437	0.01507	0.21068	0.07034	0.08497	0.03496	0.01129	0.01435	0.00917	0.00709	0.01048	0.00202	0.28946	0.00550	0.00327	0.02946

[dist]
# distance from previous block
# <min> <max>
0	1

[block]
# block no. 4 follows, 42 sequences, length 17
# corresponding to MSA columns:
# 129-145
name=unknown_E
#
# <colnr> <probs for GDERKNQSTAVLIFYWHMCP>
#	G	D	E	R	K	N	Q	S	T	A	V	L	I	F	Y	W	H	M	C	P
0	0.02112	0.02090	0.01560	0.01425	0.05237	0.47609	0.01053	0.08989	0.06169	0.16488	0.01273	0.01306	0.00945	0.00619	0.00530	0.00157	0.00823	0.00439	0.00411	0.00766
1	0.00692	0.00492	0.00651	0.00776	0.00807	0.00461	0.00514	0.00785	0.01066	0.01421	0.03042	0.76425	0.03647	0.05296	0.00815	0.00243	0.00336	0.01565	0.00514	0.00452
2	0.02024	0.01537	0.01576	0.01236	0.01648	0.05641	0.01010	0.62603	0.05054	0.03275	0.01398	0.01420	0.01011	0.00672	0.00547	0.00165	0.00605	0.00505	0.07169	0.00904
3	0.08082	0.01197	0.01490	0.09572	0.05993	0.01242	0.03907	0.20729	0.10813	0.13563	0.01528	0.01617	0.02461	0.02338	0.00581	0.00171	0.00555	0.00515	0.00467	0.13180
4	0.84197	0.01088	0.00827	0.00740	0.01088	0.01262	0.00609	0.01654	0.00958	0.02525	0.00784	0.00914	0.00609	0.00522	0.00348	0.00174	0.00435	0.00305	0.00348	0.00609
5	0.00716	0.00569	0.00623	0.00618	0.00778	0.00495	0.00458	0.00866	0.01301	0.01628	0.19136	0.04992	0.53936	0.05831	0.00839	0.02786	0.00309	0.03123	0.00523	0.00473
6	0.06122	0.01358	0.01461	0.01153	0.01576	0.01457	0.00938	0.41410	0.17968	0.07070	0.01522	0.01495	0.01109	0.00652	0.00534	0.00162	0.00536	0.00503	0.00529	0.12443
7	0.00713	0.00503	0.00656	0.00768	0.00799	0.00477	0.00510	0.00802	0.01048	0.01396	0.02906	0.66285	0.03464	0.13055	0.01029	0.00275	0.00365	0.04010	0.00496	0.00443
8	0.00777	0.00591	0.00746	0.00776	0.00907	0.00515	0.00543	0.00914	0.01132	0.01555	0.06643	0.57298	0.07657	0.01468	0.00658	0.00197	0.00337	0.01317	0.00493	0.15474
9	0.01321	0.25073	0.28630	0.01869	0.14240	0.01604	0.16247	0.01749	0.01218	0.01661	0.00977	0.01204	0.00773	0.00502	0.00514	0.00162	0.00762	0.00446	0.00255	0.00795
10	0.08749	0.00968	0.01270	0.00981	0.01410	0.00860	0.00811	0.02660	0.01561	0.71418	0.02111	0.01839	0.01333	0.00683	0.00549	0.00174	0.00476	0.00546	0.00670	0.00931
11	0.00685	0.00494	0.00649	0.00773	0.00813	0.00458	0.00518	0.00785	0.01088	0.01441	0.03232	0.76110	0.07382	0.01746	0.00716	0.00227	0.00324	0.01579	0.00522	0.00458
12	0.01144	0.04734	0.30686	0.15508	0.07480	0.02608	0.02687	0.01639	0.05679	0.01676	0.03569	0.05158	0.01192	0.00842	0.03721	0.00217	0.07333	0.03099	0.00303	0.00726
13	0.00991	0.00812	0.00920	0.03800	0.03228	0.04602	0.00683	0.09543	0.04145	0.01772	0.07021	0.42215	0.13545	0.03120	0.00711	0.00211	0.00420	0.01195	0.00502	0.00563
14	0.01083	0.01021	0.01724	0.74300	0.08290	0.01256	0.01573	0.01455	0.01135	0.01462	0.01004	0.01494	0.00759	0.00559	0.00562	0.00186	0.00745	0.00500	0.00252	0.00641
15	0.00804	0.00603	0.00904	0.00904	0.01005	0.00703	0.00703	0.01005	0.00904	0.01306	0.01507	0.02211	0.01407	0.04221	0.77992	0.00904	0.01507	0.00603	0.00301	0.00502
16	0.01156	0.01094	0.01788	0.47318	0.11908	0.01320	0.04880	0.03741	0.01156	0.01555	0.01091	0.05504	0.00931	0.00685	0.00782	0.00196	0.13389	0.00564	0.00278	0.00663

[dist]
# distance from previous block
# <min> <max>
1	3

[block]
# block no. 5 follows, 42 sequences, length 19
# corresponding to MSA columns:
# 149-167
name=unknown_F
#
# <colnr> <probs for GDERKNQSTAVLIFYWHMCP>
#	G	D	E	R	K	N	Q	S	T	A	V	L	I	F	Y	W	H	M	C	P
0	0.01559	0.20317	0.17510	0.01314	0.01769	0.13447	0.03527	0.11257	0.10509	0.03264	0.01243	0.01348	0.02573	0.00634	0.00617	0.00166	0.07370	0.00453	0.00346	0.00775
1	0.01574	0.01186	0.01373	0.08254	0.01658	0.01318	0.00967	0.38841	0.08259	0.02572	0.01668	0.02404	0.01455	0.10629	0.05869	0.00277	0.00652	0.09798	0.00486	0.00761
2	0.01530	0.01286	0.01439	0.01383	0.08412	0.01455	0.00999	0.15581	0.55954	0.02518	0.02011	0.01902	0.01508	0.00724	0.00569	0.00185	0.00497	0.00601	0.00544	0.00903
3	0.01388	0.08683	0.06041	0.03102	0.63880	0.01420	0.03952	0.01728	0.01266	0.01787	0.01033	0.01342	0.00866	0.00500	0.00541	0.00164	0.00679	0.00484	0.00273	0.00869
4	0.01236	0.23056	0.54338	0.01475	0.02202	0.01552	0.05333	0.01758	0.01183	0.01664	0.00957	0.01130	0.00722	0.00518	0.00496	0.00164	0.00778	0.00398	0.00241	0.00800
5	0.01212	0.19232	0.54529	0.01397	0.02124	0.01451	0.01713	0.01728	0.01177	0.01690	0.00961	0.01126	0.00726	0.00513	0.00487	0.00157	0.00745	0.00384	0.00247	0.08403
6	0.01369	0.09588	0.50550	0.01575	0.02287	0.01346	0.11869	0.01899	0.01257	0.11350	0.01161	0.01300	0.00820	0.00542	0.00541	0.00174	0.00782	0.00459	0.00303	0.00828
7	0.04386	0.56876	0.22808	0.01127	0.01697	0.01945	0.01249	0.01710	0.01149	0.01490	0.00843	0.00980	0.00716	0.00497	0.00407	0.00138	0.00657	0.00332	0.00244	0.00747
8	0.01186	0.14676	0.66040	0.01507	0.02285	0.01446	0.01910	0.01768	0.01181	0.01713	0.00975	0.01145	0.00714	0.00527	0.00508	0.00169	0.00797	0.00398	0.00238	0.00815
9	0.00907	0.00648	0.00907	0.01036	0.01166	0.00648	0.00907	0.01166	0.01296	0.01684	0.02980	0.06348	0.03239	0.01555	0.00777	0.00259	0.00518	0.72924	0.00518	0.00518
10	0.00804	0.00603	0.00904	0.00904	0.01005	0.00703	0.00703	0.01005	0.00904	0.01306	0.01507	0.02211	0.01407	0.04221	0.77992	0.00904	0.01507	0.00603	0.00301	0.00502
11	0.00782	0.00564	0.00740	0.00718	0.00838	0.00522	0.00530	0.01026	0.01527	0.02152	0.67064	0.13853	0.05107	0.01229	0.00671	0.00184	0.00273	0.01092	0.00607	0.00522
12	0.00735	0.00519	0.00679	0.00789	0.00829	0.00495	0.00543	0.00838	0.01064	0.01414	0.02876	0.58436	0.03395	0.14142	0.01065	0.00283	0.00386	0.10573	0.00493	0.00447
13	0.02139	0.01576	0.01689	0.01295	0.01745	0.01745	0.01070	0.74835	0.02646	0.03547	0.01351	0.01351	0.00957	0.00676	0.00563	0.00169	0.00619	0.00507	0.00563	0.00957
14	0.01857	0.01062	0.03053	0.01037	0.01402	0.01030	0.00848	0.04441	0.28214	0.37041	0.11658	0.02242	0.01982	0.00774	0.00580	0.00180	0.00452	0.00644	0.00628	0.00876
15	0.13831	0.01337	0.01549	0.18585	0.04804	0.01520	0.01121	0.39073	0.08142	0.02765	0.01258	0.01385	0.00921	0.00629	0.00532	0.00176	0.00609	0.00486	0.00452	0.00824
16	0.01755	0.03804	0.02176	0.05034	0.10847	0.43598	0.21148	0.02022	0.01458	0.01548	0.00968	0.01212	0.00780	0.00539	0.00555	0.00161	0.00937	0.00465	0.00285	0.00709
17	0.01346	0.01321	0.02151	0.20094	0.55610	0.04399	0.03557	0.01686	0.01261	0.01730	0.01040	0.01405	0.00852	0.00517	0.00559	0.00171	0.00708	0.00500	0.00273	0.00819
18	0.01129	0.01071	0.01795	0.61816	0.16660	0.01288	0.01576	0.01485	0.01140	0.01505	0.00998	0.01468	0.00775	0.00572	0.00623	0.00187	0.04484	0.00500	0.00255	0.00672

[dist]
# distance from previous block
# <min> <max>
0	3

[block]
# block no. 6 follows, 42 sequences, length 36
# corresponding to MSA columns:
# 171-206
name=unknown_G
#
# <colnr> <probs for GDERKNQSTAVLIFYWHMCP>
#	G	D	E	R	K	N	Q	S	T	A	V	L	I	F	Y	W	H	M	C	P
0	0.00790	0.00575	0.00743	0.00701	0.00837	0.00528	0.00526	0.01049	0.01577	0.02220	0.72842	0.04265	0.08906	0.01164	0.00664	0.00178	0.00266	0.01026	0.00615	0.00528
1	0.01995	0.01493	0.01563	0.01219	0.01644	0.05105	0.00992	0.54749	0.06896	0.07291	0.01419	0.01465	0.01039	0.02916	0.00614	0.00173	0.00600	0.00506	0.00533	0.07790
2	0.00750	0.00573	0.00688	0.00659	0.00812	0.00511	0.00494	0.00972	0.01483	0.01996	0.51341	0.04634	0.30547	0.01248	0.00664	0.00182	0.00272	0.01078	0.00585	0.00511
3	0.01193	0.02015	0.34286	0.01948	0.04762	0.01291	0.35696	0.01707	0.01247	0.01765	0.01245	0.07881	0.01034	0.00608	0.00611	0.00187	0.00839	0.00632	0.00284	0.00769
4	0.00706	0.00498	0.00647	0.00758	0.00786	0.00470	0.00495	0.00789	0.01039	0.01385	0.02902	0.68409	0.03470	0.13553	0.01041	0.00276	0.00359	0.01482	0.00495	0.00440
5	0.00749	0.00539	0.00710	0.00740	0.00830	0.00499	0.00527	0.00943	0.01373	0.01906	0.45082	0.36536	0.04631	0.01412	0.00687	0.00199	0.00292	0.01267	0.00578	0.00499
6	0.84197	0.01088	0.00827	0.00740	0.01088	0.01262	0.00609	0.01654	0.00958	0.02525	0.00784	0.00914	0.00609	0.00522	0.00348	0.00174	0.00435	0.00305	0.00348	0.00609
7	0.08553	0.01288	0.02113	0.02894	0.57073	0.01304	0.07113	0.01757	0.05036	0.01911	0.01247	0.01615	0.02431	0.00562	0.00556	0.00174	0.00647	0.02574	0.00312	0.00838
8	0.01596	0.41245	0.12066	0.01389	0.07901	0.18754	0.01210	0.04709	0.01311	0.01526	0.00875	0.01033	0.00745	0.00535	0.00485	0.00143	0.03110	0.00360	0.00267	0.00741
9	0.01359	0.01385	0.04591	0.03199	0.63480	0.01325	0.10758	0.01715	0.01279	0.01822	0.01118	0.03348	0.00952	0.00530	0.00574	0.00172	0.00700	0.00546	0.00284	0.00862
10	0.00707	0.00566	0.00633	0.00629	0.00789	0.00491	0.00467	0.00884	0.01363	0.01741	0.27308	0.10730	0.48976	0.01366	0.00669	0.00189	0.00282	0.01167	0.00552	0.00491
11	0.01272	0.01745	0.18133	0.04265	0.06385	0.01377	0.50424	0.01746	0.01264	0.01757	0.01089	0.01441	0.00824	0.00541	0.00702	0.02203	0.03209	0.00592	0.00272	0.00760
12	0.01480	0.49995	0.19063	0.01211	0.01733	0.10954	0.02987	0.01766	0.01202	0.01443	0.00850	0.01003	0.00724	0.00520	0.00469	0.00141	0.03127	0.00348	0.00247	0.00736
13	0.01313	0.01249	0.02112	0.13086	0.62590	0.01278	0.01641	0.01644	0.01262	0.01772	0.01253	0.01683	0.03271	0.00570	0.00568	0.00173	0.00663	0.02751	0.00290	0.00833
14	0.00771	0.00620	0.00982	0.00972	0.01073	0.00580	0.09609	0.00918	0.01117	0.01498	0.05049	0.66083	0.03377	0.03518	0.00763	0.00230	0.00406	0.01448	0.00492	0.00493
15	0.11310	0.01584	0.01691	0.03573	0.15583	0.09994	0.01153	0.43176	0.02048	0.02823	0.01171	0.01276	0.00875	0.00613	0.00531	0.00167	0.00654	0.00467	0.00448	0.00864
16	0.01296	0.01360	0.01946	0.37631	0.09482	0.12566	0.13629	0.01616	0.01213	0.01524	0.01028	0.01473	0.00827	0.02760	0.00737	0.00193	0.07346	0.00516	0.02191	0.00664
17	0.00788	0.00533	0.00623	0.00653	0.00661	0.00525	0.00383	0.00810	0.00878	0.01171	0.02080	0.21271	0.02433	0.62106	0.02369	0.00472	0.00495	0.00999	0.00383	0.00368
18	0.08215	0.11248	0.47889	0.01519	0.04341	0.11793	0.03983	0.01823	0.01226	0.01741	0.00952	0.01127	0.00717	0.00531	0.00501	0.00167	0.00797	0.00397	0.00257	0.00776
19	0.01139	0.12705	0.61368	0.01436	0.02169	0.01356	0.01798	0.01689	0.01190	0.01702	0.01370	0.01503	0.07007	0.00602	0.00523	0.00172	0.00757	0.00465	0.00262	0.00788
20	0.00686	0.00490	0.00653	0.00784	0.00816	0.00457	0.00522	0.00784	0.01077	0.01437	0.03102	0.79855	0.03722	0.01763	0.00718	0.00229	0.00326	0.01600	0.00522	0.00457
21	0.01336	0.01120	0.01377	0.10861	0.09504	0.01247	0.01016	0.06256	0.41577	0.04028	0.05445	0.07888	0.01757	0.00789	0.00580	0.00185	0.00498	0.00679	0.00496	0.03360
22	0.17336	0.01281	0.01341	0.01081	0.01457	0.01401	0.00879	0.43572	0.03657	0.09271	0.01509	0.07891	0.01200	0.00740	0.00527	0.00174	0.00527	0.00568	0.04761	0.00827
23	0.02270	0.00901	0.01224	0.00958	0.01349	0.00783	0.00783	0.02495	0.01608	0.66072	0.13154	0.02253	0.01970	0.00763	0.00580	0.00175	0.00447	0.00633	0.00685	0.00895
24	0.02193	0.01491	0.01636	0.01254	0.01702	0.01618	0.01036	0.64855	0.02503	0.13730	0.01471	0.01429	0.01017	0.00678	0.00563	0.00170	0.00600	0.00515	0.00581	0.00957
25	0.00728	0.00535	0.00684	0.00754	0.00832	0.00499	0.00524	0.00905	0.02951	0.01667	0.21310	0.52757	0.10645	0.01559	0.00697	0.00212	0.00311	0.01397	0.00547	0.00487
26	0.01898	0.01339	0.01479	0.01152	0.01570	0.01414	0.00937	0.46353	0.09467	0.10665	0.04469	0.01631	0.01261	0.02658	0.00607	0.00171	0.00546	0.00532	0.00546	0.11306
27	0.00806	0.00593	0.00854	0.00854	0.00937	0.00676	0.00640	0.00972	0.00889	0.01269	0.01554	0.02468	0.01518	0.17478	0.64888	0.00842	0.01340	0.00641	0.00308	0.00474
28	0.01005	0.00622	0.00844	0.00905	0.01017	0.00604	0.00698	0.01167	0.01197	0.10778	0.02831	0.40646	0.03123	0.04954	0.00843	0.00246	0.02573	0.24882	0.00527	0.00538
29	0.84197	0.01088	0.00827	0.00740	0.01088	0.01262	0.00609	0.01654	0.00958	0.02525	0.00784	0.00914	0.00609	0.00522	0.00348	0.00174	0.00435	0.00305	0.00348	0.00609
30	0.00780	0.00575	0.00730	0.00691	0.00831	0.00524	0.00518	0.01030	0.01554	0.02165	0.67625	0.04354	0.14157	0.01185	0.00664	0.00179	0.00268	0.01039	0.00607	0.00524
31	0.04506	0.01526	0.01562	0.01221	0.01635	0.05199	0.01001	0.63137	0.02424	0.03294	0.01352	0.01384	0.00976	0.00665	0.00540	0.00165	0.00603	0.00495	0.07419	0.00896
32	0.01961	0.01434	0.01533	0.01201	0.01602	0.01585	0.00980	0.61859	0.07175	0.03275	0.01465	0.01532	0.01079	0.03089	0.00619	0.00179	0.00576	0.00526	0.07432	0.00898
33	0.01372	0.00825	0.01002	0.00842	0.01155	0.00720	0.00654	0.03864	0.04943	0.21239	0.06063	0.16384	0.13753	0.00956	0.00572	0.00163	0.00392	0.00813	0.02595	0.21692
34	0.77840	0.01228	0.06680	0.00806	0.01191	0.01266	0.00722	0.01664	0.00975	0.02468	0.00801	0.00935	0.00617	0.00523	0.00363	0.00174	0.00466	0.00313	0.00340	0.00626
35	0.02671	0.06716	0.03416	0.00909	0.01313	0.04138	0.00757	0.07516	0.03619	0.07852	0.12398	0.02025	0.07722	0.00675	0.00503	0.00132	0.00456	0.00544	0.00433	0.36203

[dist]
# distance from previous block
# <min> <max>
0	2

[block]
# block no. 7 follows, 42 sequences, length 53
# corresponding to MSA columns:
# 209-261
name=unknown_H
#
# <colnr> <probs for GDERKNQSTAVLIFYWHMCP>
#	G	D	E	R	K	N	Q	S	T	A	V	L	I	F	Y	W	H	M	C	P
0	0.01267	0.12807	0.33078	0.01616	0.03989	0.03724	0.11449	0.01672	0.01135	0.01609	0.00927	0.01204	0.00747	0.00627	0.00846	0.00185	0.19916	0.00451	0.00251	0.02500
1	0.00675	0.00550	0.00598	0.00630	0.00778	0.00472	0.00456	0.00811	0.01241	0.01526	0.07630	0.24624	0.55046	0.01503	0.00679	0.00200	0.00295	0.01288	0.00526	0.00472
2	0.17400	0.01473	0.01556	0.09593	0.10440	0.12490	0.02688	0.24998	0.01648	0.02362	0.01093	0.01297	0.00850	0.00796	0.04683	0.00210	0.03517	0.00454	0.01695	0.00757
3	0.03768	0.07477	0.01570	0.01175	0.01567	0.11731	0.00956	0.27168	0.16820	0.17697	0.03340	0.01594	0.01243	0.00678	0.00540	0.00168	0.00595	0.00517	0.00528	0.00868
4	0.01171	0.00876	0.00965	0.00895	0.01117	0.02414	0.00679	0.09219	0.18778	0.07303	0.12766	0.20913	0.18295	0.01167	0.00635	0.00193	0.00393	0.01001	0.00559	0.00663
5	0.00951	0.00598	0.00769	0.00741	0.00892	0.00541	0.00549	0.01157	0.01437	0.10487	0.42043	0.21439	0.13689	0.01275	0.00665	0.00190	0.00306	0.01122	0.00593	0.00555
6	0.01174	0.01006	0.01170	0.00842	0.01337	0.00769	0.00673	0.01462	0.03291	0.01849	0.01037	0.01194	0.00859	0.00427	0.00421	0.00086	0.00418	0.00342	0.00340	0.81303
7	0.01976	0.02335	0.01637	0.09512	0.04347	0.58604	0.01155	0.10696	0.01660	0.01654	0.00946	0.01117	0.00760	0.00587	0.00521	0.00153	0.00930	0.00398	0.00318	0.00693
8	0.00688	0.00505	0.00647	0.00758	0.00816	0.00464	0.00517	0.00796	0.01113	0.01455	0.03488	0.67007	0.14597	0.01708	0.00712	0.00223	0.00325	0.03198	0.00522	0.00461
9	0.01294	0.01487	0.12369	0.12729	0.55169	0.01297	0.01717	0.01672	0.01249	0.01771	0.01176	0.01493	0.02994	0.00540	0.00558	0.00172	0.00690	0.00509	0.00276	0.00838
10	0.01096	0.04260	0.55611	0.01558	0.02233	0.01218	0.10306	0.01636	0.01187	0.01723	0.01327	0.12777	0.01172	0.00707	0.00573	0.00186	0.00766	0.00616	0.00285	0.00766
11	0.00686	0.00490	0.00653	0.00784	0.00816	0.00457	0.00522	0.00784	0.01077	0.01437	0.03102	0.79855	0.03722	0.01763	0.00718	0.00229	0.00326	0.01600	0.00522	0.00457
12	0.01536	0.76413	0.02877	0.00989	0.01460	0.06261	0.00970	0.01715	0.01168	0.01327	0.00787	0.00909	0.00722	0.00487	0.00369	0.00122	0.00624	0.00304	0.00243	0.00718
13	0.00697	0.00498	0.00667	0.00797	0.00835	0.00467	0.00543	0.00804	0.01089	0.01450	0.03095	0.75940	0.03696	0.01752	0.00721	0.00230	0.00337	0.05399	0.00522	0.00460
14	0.01521	0.01219	0.01307	0.01150	0.01483	0.01385	0.00906	0.10078	0.62690	0.06438	0.02210	0.02118	0.01662	0.00770	0.00576	0.00189	0.00466	0.02363	0.00577	0.00892
15	0.84197	0.01088	0.00827	0.00740	0.01088	0.01262	0.00609	0.01654	0.00958	0.02525	0.00784	0.00914	0.00609	0.00522	0.00348	0.00174	0.00435	0.00305	0.00348	0.00609
16	0.02102	0.02682	0.01595	0.01450	0.01740	0.77963	0.01087	0.02247	0.01595	0.01377	0.00870	0.01015	0.00725	0.00580	0.00507	0.00145	0.01015	0.00362	0.00290	0.00652
17	0.00686	0.00490	0.00653	0.00784	0.00816	0.00457	0.00522	0.00784	0.01077	0.01437	0.03102	0.79855	0.03722	0.01763	0.00718	0.00229	0.00326	0.01600	0.00522	0.00457
18	0.00689	0.00516	0.00627	0.00713	0.00787	0.00468	0.00484	0.00793	0.01117	0.01436	0.03730	0.54169	0.23707	0.06949	0.00848	0.00239	0.00330	0.01433	0.00510	0.00454
19	0.02054	0.01491	0.01613	0.01240	0.01681	0.01622	0.01019	0.64776	0.04249	0.06077	0.01394	0.01426	0.01006	0.02269	0.00601	0.00172	0.00597	0.00508	0.00551	0.05653
20	0.01428	0.39781	0.19783	0.03129	0.03749	0.08649	0.10643	0.01761	0.01221	0.01524	0.00905	0.01089	0.00745	0.00502	0.00463	0.00146	0.00735	0.00389	0.00254	0.03101
21	0.00978	0.00489	0.00733	0.00733	0.00733	0.00489	0.00489	0.00733	0.00733	0.00978	0.00978	0.01711	0.00978	0.01955	0.02199	0.83627	0.00489	0.00489	0.00244	0.00244
22	0.01339	0.01645	0.12904	0.09370	0.27934	0.05726	0.22576	0.01775	0.03414	0.01746	0.01076	0.01400	0.00849	0.00543	0.00656	0.00181	0.05264	0.00531	0.00279	0.00792
23	0.01366	0.55503	0.22459	0.01112	0.01659	0.01888	0.01222	0.01662	0.01137	0.01432	0.00899	0.01136	0.00795	0.05025	0.00549	0.00160	0.00659	0.00361	0.00246	0.00729
24	0.00731	0.00573	0.00662	0.00640	0.00801	0.00503	0.00480	0.00936	0.01439	0.01892	0.41357	0.04805	0.40596	0.01287	0.00664	0.00183	0.00275	0.01102	0.00571	0.00503
25	0.42645	0.03573	0.01157	0.01018	0.05515	0.01229	0.00763	0.10306	0.05512	0.14004	0.01261	0.01459	0.00981	0.07632	0.00655	0.00205	0.00492	0.00444	0.00432	0.00716
26	0.04442	0.01094	0.01293	0.05475	0.01552	0.01142	0.00885	0.15799	0.20120	0.29361	0.02089	0.02055	0.04145	0.00743	0.00559	0.00178	0.00492	0.02429	0.05289	0.00858
27	0.00682	0.00540	0.00614	0.00667	0.00792	0.00473	0.00477	0.00812	0.01211	0.01511	0.06579	0.34618	0.44519	0.01553	0.00688	0.00206	0.00305	0.02757	0.00525	0.00470
28	0.03442	0.00570	0.00568	0.00555	0.00697	0.00580	0.00417	0.03336	0.01204	0.02121	0.01791	0.02090	0.01423	0.02953	0.00468	0.00145	0.00285	0.00526	0.76295	0.00534
29	0.03887	0.08911	0.41306	0.01725	0.09891	0.03150	0.10112	0.03995	0.01279	0.01845	0.06214	0.01425	0.01071	0.00576	0.00566	0.00174	0.02311	0.00485	0.00289	0.00788
30	0.07247	0.03260	0.20852	0.01614	0.02178	0.01238	0.26467	0.02070	0.03235	0.22826	0.01400	0.01504	0.00970	0.00571	0.00594	0.00181	0.02034	0.00540	0.00398	0.00822
31	0.00686	0.00490	0.00653	0.00784	0.00816	0.00457	0.00522	0.00784	0.01077	0.01437	0.03102	0.79855	0.03722	0.01763	0.00718	0.00229	0.00326	0.01600	0.00522	0.00457
32	0.01406	0.01080	0.03466	0.00938	0.01439	0.00825	0.02843	0.03725	0.01282	0.13429	0.01202	0.01298	0.00920	0.00472	0.00454	0.00105	0.00459	0.00386	0.00391	0.63879
33	0.09811	0.03765	0.01406	0.05481	0.01584	0.01196	0.00912	0.19041	0.05303	0.35468	0.01756	0.05766	0.01273	0.00732	0.00599	0.00179	0.03746	0.00571	0.00559	0.00854
34	0.00689	0.00492	0.00656	0.00782	0.00817	0.00459	0.00523	0.00791	0.01092	0.01459	0.05135	0.77757	0.03766	0.01746	0.00717	0.00227	0.00325	0.01584	0.00525	0.00459
35	0.01294	0.01483	0.22034	0.11492	0.03583	0.01091	0.01229	0.03919	0.15701	0.11123	0.13776	0.02243	0.05451	0.02355	0.00625	0.00189	0.00571	0.00635	0.00447	0.00760
36	0.04099	0.00852	0.01025	0.00878	0.01169	0.00824	0.00693	0.02017	0.16490	0.28247	0.22493	0.03064	0.13899	0.00936	0.00602	0.00181	0.00384	0.00787	0.00614	0.00746
37	0.00690	0.00501	0.00652	0.00763	0.00813	0.00463	0.00516	0.00801	0.01122	0.01489	0.07460	0.70002	0.09243	0.01703	0.00711	0.00223	0.00320	0.01536	0.00528	0.00463
38	0.01887	0.18099	0.06146	0.01337	0.01693	0.56362	0.01100	0.02068	0.01473	0.01394	0.00998	0.01127	0.02872	0.00582	0.00484	0.00143	0.00902	0.00377	0.00284	0.00671
39	0.00685	0.00492	0.00650	0.00777	0.00814	0.00458	0.00519	0.00784	0.01084	0.01439	0.03184	0.77487	0.06037	0.01752	0.00717	0.00227	0.00325	0.01587	0.00522	0.00458
40	0.01910	0.01462	0.01560	0.01248	0.01658	0.01638	0.01014	0.52574	0.25280	0.03177	0.01642	0.01583	0.01193	0.00703	0.00566	0.00176	0.00565	0.00547	0.00566	0.00937
41	0.06010	0.01781	0.01293	0.01189	0.01406	0.41811	0.00910	0.03062	0.01330	0.01533	0.01113	0.01419	0.00956	0.01462	0.18664	0.00329	0.05895	0.00443	0.08788	0.00605
42	0.02064	0.04033	0.01610	0.01405	0.01714	0.66451	0.01069	0.10206	0.01695	0.01618	0.01023	0.01143	0.02351	0.00606	0.00514	0.00148	0.00948	0.00395	0.00324	0.00684
43	0.01114	0.00865	0.01111	0.15758	0.01644	0.00943	0.00872	0.09944	0.10889	0.04630	0.04877	0.25791	0.10987	0.01149	0.00674	0.00203	0.02746	0.04687	0.00483	0.00633
44	0.00833	0.00604	0.00804	0.00911	0.01023	0.00587	0.00748	0.01034	0.01227	0.01586	0.03253	0.19569	0.11876	0.06057	0.00872	0.00262	0.00457	0.47296	0.00509	0.00492
45	0.01679	0.07997	0.19303	0.03257	0.01848	0.01498	0.01249	0.36351	0.04942	0.05296	0.01361	0.03936	0.01057	0.00669	0.00542	0.00168	0.00635	0.02187	0.00443	0.05582
46	0.01371	0.01312	0.01585	0.02694	0.05614	0.11659	0.09347	0.10519	0.01344	0.01800	0.01487	0.06376	0.05403	0.05316	0.00984	0.00203	0.18729	0.00612	0.06957	0.06688
47	0.05877	0.39367	0.13161	0.05586	0.03875	0.07829	0.01147	0.01757	0.02445	0.05818	0.01101	0.01250	0.02737	0.00691	0.03256	0.00176	0.02510	0.00399	0.00293	0.00725
48	0.00886	0.00647	0.00779	0.00777	0.03587	0.00571	0.00556	0.01077	0.01355	0.06048	0.25545	0.04394	0.35764	0.06708	0.00799	0.00206	0.00340	0.04180	0.00529	0.05252
49	0.01388	0.01165	0.05480	0.01051	0.02557	0.02873	0.00852	0.12865	0.25040	0.07797	0.12714	0.02539	0.09748	0.03750	0.00660	0.00188	0.00467	0.00690	0.03164	0.05013
50	0.33388	0.07301	0.14012	0.01235	0.05381	0.05571	0.04428	0.07617	0.01289	0.08786	0.01153	0.01448	0.00913	0.00608	0.00475	0.00174	0.00604	0.04517	0.00370	0.00731
51	0.01074	0.00784	0.00997	0.01051	0.05387	0.00765	0.00743	0.11135	0.02833	0.04617	0.02585	0.41795	0.05018	0.01332	0.00660	0.00205	0.00425	0.10419	0.00505	0.07672
52	0.01257	0.01056	0.01284	0.05354	0.01539	0.00898	0.02477	0.10074	0.01339	0.01994	0.01146	0.04996	0.00983	0.00522	0.00463	0.00109	0.00468	0.00432	0.00364	0.63247

[dist]
# distance from previous block
# <min> <max>
2	5

[block]
# block no. 8 follows, 42 sequences, length 41
# corresponding to MSA columns:
# 267-307
name=unknown_I
#
# <colnr> <probs for GDERKNQSTAVLIFYWHMCP>
#	G	D	E	R	K	N	Q	S	T	A	V	L	I	F	Y	W	H	M	C	P
0	0.04050	0.02078	0.01558	0.03045	0.01683	0.45796	0.01067	0.12940	0.01609	0.04840	0.01164	0.01310	0.03690	0.00688	0.00714	0.00168	0.12108	0.00444	0.00351	0.00697
1	0.00669	0.00555	0.00586	0.00611	0.00771	0.00472	0.00446	0.00803	0.01243	0.01504	0.05197	0.19843	0.62381	0.01491	0.00675	0.00197	0.00293	0.01268	0.00523	0.00472
2	0.01153	0.01095	0.01796	0.55173	0.12940	0.01309	0.04312	0.01610	0.07170	0.01573	0.01102	0.01519	0.00850	0.00593	0.00645	0.00189	0.05488	0.00517	0.00281	0.00686
3	0.07533	0.00647	0.00728	0.00690	0.00867	0.00616	0.00523	0.01128	0.05133	0.02057	0.44835	0.04206	0.26666	0.01165	0.00634	0.00181	0.00294	0.00993	0.00565	0.00538
4	0.00708	0.00507	0.00673	0.00769	0.00821	0.00472	0.00524	0.00839	0.01180	0.01599	0.17644	0.64849	0.04037	0.01642	0.00707	0.00218	0.00314	0.01484	0.00542	0.00472
5	0.00936	0.00606	0.00797	0.00732	0.00889	0.00555	0.00555	0.01198	0.01594	0.08312	0.70413	0.04019	0.04993	0.01114	0.00656	0.00177	0.00283	0.00981	0.00626	0.00566
6	0.00689	0.00495	0.00655	0.00776	0.00816	0.00460	0.00521	0.00795	0.01102	0.01470	0.05972	0.75220	0.05479	0.01732	0.00715	0.00226	0.00323	0.01568	0.00526	0.00460
7	0.02103	0.02648	0.01598	0.01445	0.01740	0.75642	0.01087	0.04457	0.01627	0.01443	0.00885	0.01025	0.00732	0.00583	0.00509	0.00146	0.01003	0.00367	0.00298	0.00662
8	0.01734	0.02023	0.01548	0.01378	0.01599	0.47086	0.02572	0.05098	0.01400	0.01483	0.00974	0.01258	0.00843	0.01133	0.10829	0.00264	0.15775	0.00434	0.01930	0.00639
9	0.01261	0.00902	0.00941	0.00859	0.01096	0.00997	0.00664	0.06373	0.35479	0.02291	0.03400	0.02164	0.03241	0.00732	0.00496	0.00163	0.00368	0.00598	0.37259	0.00717
10	0.75564	0.01113	0.00906	0.03003	0.01210	0.01290	0.00667	0.05324	0.03018	0.02540	0.00858	0.00984	0.00660	0.00538	0.00371	0.00175	0.00454	0.00329	0.00362	0.00635
11	0.00710	0.00555	0.00643	0.00658	0.00797	0.00488	0.00479	0.00880	0.01334	0.01728	0.26793	0.20890	0.39209	0.01413	0.00676	0.00194	0.00288	0.01223	0.00552	0.00488
12	0.05810	0.04655	0.01520	0.01351	0.06386	0.19689	0.01001	0.17695	0.28411	0.02302	0.03067	0.01577	0.01244	0.00668	0.00533	0.00169	0.00630	0.00512	0.01965	0.00814
13	0.00978	0.00489	0.00733	0.00733	0.00733	0.00489	0.00489	0.00733	0.00733	0.00978	0.00978	0.01711	0.00978	0.01955	0.02199	0.83627	0.00489	0.00489	0.00244	0.00244
14	0.01451	0.01894	0.27861	0.01734	0.15002	0.03154	0.01484	0.14776	0.18352	0.03550	0.01459	0.01659	0.01120	0.00647	0.00561	0.00180	0.00665	0.03189	0.00397	0.00864
15	0.01216	0.01385	0.06211	0.01999	0.02473	0.01239	0.54931	0.03540	0.01308	0.01777	0.01519	0.16710	0.01407	0.00733	0.00666	0.00196	0.00814	0.00830	0.00336	0.00709
16	0.00779	0.00575	0.00728	0.00690	0.00830	0.00524	0.00517	0.01028	0.01552	0.02158	0.66967	0.04366	0.14820	0.01187	0.00664	0.00179	0.00268	0.01040	0.00607	0.00524
17	0.01195	0.16588	0.64209	0.01491	0.02261	0.01469	0.01883	0.01765	0.01180	0.01702	0.00970	0.01138	0.00715	0.00525	0.00504	0.00168	0.00791	0.00396	0.00238	0.00812
18	0.01007	0.00948	0.02571	0.01350	0.15529	0.06215	0.00881	0.01294	0.04957	0.01701	0.09590	0.12070	0.24723	0.01174	0.00651	0.00197	0.00472	0.13602	0.00464	0.00605
19	0.00689	0.00505	0.00638	0.00743	0.00798	0.00464	0.00499	0.00789	0.01097	0.01434	0.03444	0.64812	0.14936	0.05307	0.00808	0.00237	0.00330	0.01500	0.00514	0.00455
20	0.01445	0.01408	0.05411	0.14380	0.52547	0.04505	0.01621	0.05387	0.01348	0.04965	0.01103	0.01404	0.00880	0.00532	0.00556	0.00170	0.00692	0.00495	0.00304	0.00845
21	0.01220	0.19199	0.05203	0.06047	0.09571	0.01469	0.09894	0.01477	0.01173	0.01610	0.12006	0.01810	0.03090	0.02900	0.00911	0.00191	0.19373	0.00565	0.00317	0.01974
22	0.01831	0.01364	0.01501	0.01181	0.01579	0.01470	0.00961	0.56211	0.02245	0.03044	0.01447	0.06774	0.01170	0.01010	0.06822	0.00224	0.00650	0.00571	0.00515	0.09430
23	0.00707	0.00506	0.00640	0.00738	0.00777	0.00474	0.00484	0.00791	0.01049	0.01383	0.03075	0.60888	0.09110	0.15291	0.01085	0.00280	0.00361	0.01433	0.00491	0.00438
24	0.01373	0.01066	0.01280	0.00947	0.01419	0.00898	0.02679	0.09279	0.04595	0.07748	0.01247	0.03438	0.01007	0.00518	0.00465	0.00111	0.00456	0.00426	0.00399	0.60649
25	0.06314	0.00977	0.02633	0.00889	0.01136	0.07027	0.00703	0.05060	0.05909	0.18543	0.10234	0.10644	0.02060	0.04887	0.02264	0.00206	0.00475	0.02760	0.16611	0.00668
26	0.00697	0.00551	0.00628	0.00652	0.00791	0.00482	0.00472	0.00853	0.01294	0.01648	0.19368	0.23839	0.43824	0.01454	0.00678	0.00197	0.00291	0.01257	0.00542	0.00482
27	0.03181	0.02579	0.54894	0.01595	0.02302	0.07863	0.07718	0.07320	0.03911	0.01918	0.01073	0.01238	0.00776	0.00552	0.00542	0.00176	0.00819	0.00443	0.00284	0.00817
28	0.01172	0.11875	0.68723	0.01530	0.02321	0.01413	0.01950	0.01771	0.01183	0.01729	0.00984	0.01155	0.00714	0.00529	0.00515	0.00172	0.00805	0.00403	0.00238	0.00819
29	0.00690	0.00493	0.00657	0.00780	0.00817	0.00460	0.00523	0.00795	0.01099	0.01471	0.06144	0.76716	0.03788	0.01738	0.00716	0.00226	0.00324	0.01576	0.00526	0.00460
30	0.01305	0.01259	0.01721	0.01463	0.01499	0.01725	0.01218	0.07299	0.01006	0.01532	0.00788	0.01241	0.00756	0.00960	0.01743	0.00240	0.72836	0.00494	0.00272	0.00643
31	0.00690	0.00498	0.00655	0.00778	0.00822	0.00463	0.00527	0.00795	0.01095	0.01448	0.03248	0.73675	0.07888	0.01738	0.00717	0.00227	0.00329	0.03425	0.00522	0.00460
32	0.00874	0.00660	0.00904	0.06915	0.01298	0.00662	0.00868	0.01120	0.01280	0.01635	0.03333	0.05804	0.16629	0.01455	0.00740	0.00241	0.00493	0.54073	0.00498	0.00518
33	0.54036	0.01139	0.02983	0.00889	0.01220	0.01249	0.00741	0.08407	0.05123	0.07566	0.01033	0.01170	0.00792	0.00694	0.00615	0.06524	0.04388	0.00385	0.00388	0.00659
34	0.02102	0.02682	0.01595	0.01450	0.01740	0.77963	0.01087	0.02247	0.01595	0.01377	0.00870	0.01015	0.00725	0.00580	0.00507	0.00145	0.01015	0.00362	0.00290	0.00652
35	0.04972	0.01589	0.01736	0.05794	0.31483	0.23415	0.02924	0.03260	0.03373	0.01771	0.01236	0.01714	0.01066	0.00628	0.00540	0.00167	0.00718	0.05838	0.07035	0.00739
36	0.00677	0.00535	0.00610	0.00665	0.00786	0.00469	0.00471	0.00803	0.01201	0.01500	0.06141	0.37552	0.43473	0.01565	0.00688	0.00206	0.00303	0.01362	0.00525	0.00469
37	0.03546	0.01479	0.01761	0.22357	0.15027	0.08962	0.01304	0.34141	0.01869	0.02460	0.01148	0.01356	0.00860	0.00603	0.00552	0.00171	0.00697	0.00485	0.00400	0.00820
38	0.07014	0.01481	0.12667	0.05596	0.01640	0.10744	0.01049	0.04451	0.20364	0.08635	0.02144	0.06167	0.09182	0.00840	0.00573	0.00186	0.00583	0.05495	0.00452	0.00736
39	0.00688	0.00564	0.00592	0.00606	0.00765	0.00485	0.00443	0.00820	0.01234	0.01496	0.06329	0.11476	0.61258	0.07826	0.00850	0.00224	0.00315	0.03055	0.00509	0.00465
40	0.03213	0.01151	0.04592	0.01623	0.14968	0.01135	0.08071	0.02040	0.26384	0.06114	0.04011	0.07157	0.01898	0.00886	0.00620	0.00199	0.00552	0.14147	0.00469	0.00769

[dist]
# distance from previous block
# <min> <max>
4	9

[block]
# block no. 9 follows, 42 sequences, length 51
# corresponding to MSA columns:
# 317-367
name=unknown_J
#
# <colnr> <probs for GDERKNQSTAVLIFYWHMCP>
#	G	D	E	R	K	N	Q	S	T	A	V	L	I	F	Y	W	H	M	C	P
0	0.01133	0.10649	0.01127	0.00821	0.01052	0.00910	0.00651	0.04154	0.07813	0.08523	0.09635	0.03311	0.19593	0.13006	0.09511	0.00310	0.00555	0.04209	0.00462	0.02574
1	0.02992	0.10774	0.01063	0.00755	0.00960	0.00781	0.00603	0.01257	0.01510	0.07099	0.57326	0.03600	0.07104	0.01031	0.00611	0.00170	0.00327	0.00886	0.00566	0.00583
2	0.03502	0.01581	0.11537	0.03519	0.09143	0.01402	0.44528	0.01761	0.04116	0.01785	0.01153	0.03217	0.00919	0.00578	0.00745	0.00192	0.08661	0.00611	0.00292	0.00757
3	0.70034	0.01115	0.02787	0.02652	0.01231	0.01209	0.00695	0.01787	0.01048	0.11743	0.00973	0.01059	0.00713	0.00545	0.00385	0.00175	0.00458	0.00345	0.00386	0.00659
