[name]
unknown

[dist]
# distance from previous block
# <min> <max>
0	49

[block]
# block no. 0 follows, 46 sequences, length 24
# corresponding to MSA columns:
# 60-83
name=unknown_A
#
# <colnr> <probs for GDERKNQSTAVLIFYWHMCP>
#	G	D	E	R	K	N	Q	S	T	A	V	L	I	F	Y	W	H	M	C	P
0	0.09634	0.01526	0.20348	0.05821	0.05315	0.04372	0.05620	0.06301	0.11087	0.15243	0.02983	0.01671	0.01135	0.00631	0.00544	0.00172	0.02230	0.04222	0.00395	0.00751
1	0.10532	0.00994	0.01325	0.05441	0.15008	0.01035	0.03961	0.07576	0.13613	0.12724	0.12233	0.04671	0.04162	0.02224	0.00577	0.00176	0.00477	0.02104	0.00453	0.00715
2	0.01155	0.00921	0.02654	0.02391	0.03901	0.03353	0.00769	0.07058	0.20479	0.07280	0.21631	0.11668	0.06242	0.00976	0.00591	0.00180	0.00412	0.07172	0.00515	0.00652
3	0.00998	0.00940	0.01586	0.80150	0.03641	0.01175	0.01468	0.01351	0.01057	0.01351	0.00940	0.01409	0.00705	0.00529	0.00529	0.00176	0.00705	0.00470	0.00235	0.00587
4	0.00633	0.00527	0.00553	0.00565	0.00724	0.00447	0.00417	0.00768	0.01197	0.01454	0.08776	0.13867	0.65528	0.01363	0.00631	0.00182	0.00271	0.01153	0.00496	0.00447
5	0.00859	0.00682	0.00900	0.00844	0.00869	0.00819	0.00612	0.00936	0.00800	0.01138	0.01366	0.02540	0.01468	0.41621	0.22618	0.00533	0.20042	0.00642	0.00289	0.00422
6	0.00730	0.00539	0.00683	0.00659	0.00788	0.00492	0.00496	0.00957	0.01427	0.01974	0.62180	0.07137	0.15257	0.01152	0.00629	0.00172	0.00262	0.03414	0.00562	0.00488
7	0.80119	0.01050	0.00826	0.00727	0.01060	0.01213	0.00599	0.06085	0.00996	0.02430	0.00768	0.00884	0.00592	0.00499	0.00339	0.00163	0.00419	0.00298	0.00339	0.00592
8	0.85155	0.01022	0.00777	0.00695	0.01022	0.01186	0.00573	0.01554	0.00900	0.02372	0.00736	0.00859	0.00573	0.00491	0.00327	0.00164	0.00409	0.00286	0.00327	0.00573
9	0.00655	0.00475	0.00619	0.00714	0.00766	0.00439	0.00486	0.00769	0.01084	0.01448	0.12123	0.66645	0.08691	0.01565	0.00665	0.00206	0.00297	0.01411	0.00502	0.00439
10	0.55504	0.01106	0.01017	0.00843	0.01203	0.01229	0.00696	0.18110	0.01332	0.13071	0.01039	0.01078	0.00746	0.00545	0.00400	0.00162	0.00452	0.00362	0.00416	0.00689
11	0.09441	0.02135	0.44195	0.01400	0.04432	0.08906	0.04163	0.03891	0.03634	0.09653	0.02653	0.01252	0.00861	0.00540	0.00495	0.00164	0.00699	0.00422	0.00311	0.00755
12	0.13314	0.01331	0.01350	0.04335	0.04368	0.08464	0.00912	0.34474	0.08630	0.10225	0.02636	0.01486	0.03527	0.00635	0.00499	0.00160	0.00550	0.00482	0.01842	0.00780
13	0.00752	0.00543	0.00713	0.00678	0.00802	0.00503	0.00513	0.01002	0.01485	0.02098	0.74781	0.04031	0.04909	0.01096	0.00628	0.00169	0.00259	0.03961	0.00578	0.00498
14	0.14232	0.01174	0.01280	0.01192	0.06031	0.02889	0.02952	0.09434	0.45220	0.05721	0.01734	0.01732	0.01313	0.00661	0.00509	0.00173	0.00472	0.02011	0.00479	0.00790
15	0.03233	0.05245	0.20514	0.08226	0.03202	0.01103	0.01171	0.09800	0.01416	0.34915	0.01555	0.01532	0.02753	0.00609	0.00539	0.00164	0.02285	0.00480	0.00451	0.00808
16	0.01574	0.37181	0.22407	0.01100	0.01622	0.04520	0.01162	0.04491	0.01248	0.18437	0.01111	0.01147	0.00823	0.00520	0.00437	0.00141	0.00612	0.00375	0.00332	0.00760
17	0.01413	0.81739	0.02770	0.00905	0.01357	0.02092	0.00905	0.01583	0.01074	0.01244	0.00735	0.00848	0.00678	0.00452	0.00339	0.00113	0.00565	0.00283	0.00226	0.00678
18	0.00647	0.00478	0.00606	0.00698	0.00759	0.00436	0.00476	0.00756	0.01074	0.01409	0.07862	0.63657	0.16070	0.01568	0.00663	0.00206	0.00297	0.01405	0.00496	0.00436
19	0.03155	0.01512	0.24011	0.23213	0.08822	0.03374	0.05236	0.01491	0.02322	0.03084	0.04098	0.07514	0.01131	0.00651	0.00602	0.00175	0.05506	0.00548	0.02893	0.00663
20	0.03506	0.01234	0.01854	0.13207	0.47331	0.05114	0.01404	0.04795	0.01266	0.10717	0.01100	0.01344	0.00858	0.00527	0.00561	0.00162	0.03450	0.00467	0.00316	0.00786
21	0.00964	0.00786	0.00888	0.00862	0.01052	0.00837	0.00660	0.01700	0.33574	0.01880	0.15611	0.16490	0.13578	0.01095	0.00606	0.00189	0.00356	0.07723	0.00526	0.00622
22	0.00761	0.00509	0.00579	0.00586	0.00588	0.00508	0.00331	0.00767	0.00783	0.01044	0.01740	0.08103	0.02016	0.76649	0.02570	0.00495	0.00500	0.00813	0.00331	0.00327
23	0.09257	0.01348	0.04612	0.01128	0.01520	0.01406	0.00956	0.47230	0.05678	0.13549	0.01395	0.03856	0.01027	0.00667	0.00565	0.00166	0.03800	0.00501	0.00503	0.00834

[dist]
# distance from previous block
# <min> <max>
3	5

[block]
# block no. 1 follows, 46 sequences, length 8
# corresponding to MSA columns:
# 90-97
name=unknown_B
#
# <colnr> <probs for GDERKNQSTAVLIFYWHMCP>
#	G	D	E	R	K	N	Q	S	T	A	V	L	I	F	Y	W	H	M	C	P
0	0.05607	0.01203	0.04892	0.17686	0.09504	0.04516	0.02756	0.11079	0.21473	0.01967	0.03003	0.02036	0.01327	0.02236	0.00583	0.00184	0.00573	0.08267	0.00396	0.00711
1	0.00728	0.00534	0.00673	0.00648	0.00768	0.00489	0.00477	0.00941	0.01395	0.01933	0.60606	0.08471	0.13824	0.05292	0.00733	0.00188	0.00269	0.00998	0.00552	0.00479
2	0.03478	0.08405	0.22805	0.01647	0.08338	0.03234	0.19399	0.05501	0.01225	0.08210	0.01062	0.01268	0.00802	0.00551	0.00649	0.00169	0.09376	0.00468	0.02675	0.00737
3	0.24456	0.04443	0.04096	0.00980	0.01353	0.06759	0.00828	0.19294	0.05861	0.20311	0.05628	0.01429	0.01146	0.00612	0.00469	0.00160	0.00509	0.00451	0.00466	0.00751
4	0.00741	0.00539	0.00702	0.00693	0.00812	0.00500	0.00526	0.00969	0.01409	0.01958	0.59616	0.11277	0.08902	0.01185	0.00638	0.00179	0.00278	0.08028	0.00559	0.00488
5	0.01230	0.30498	0.37393	0.01252	0.01834	0.01467	0.06373	0.01630	0.01156	0.04818	0.06808	0.01287	0.01039	0.00531	0.00463	0.00149	0.00657	0.00417	0.00273	0.00724
6	0.00739	0.00587	0.00619	0.00613	0.00744	0.00554	0.00427	0.00971	0.08876	0.01386	0.03815	0.08161	0.43904	0.24866	0.01227	0.00279	0.00357	0.00980	0.00446	0.00448
7	0.00705	0.00541	0.00640	0.00626	0.00767	0.00484	0.00472	0.00896	0.01332	0.01763	0.40944	0.04507	0.34492	0.04474	0.00714	0.00190	0.00281	0.05172	0.00529	0.00469

[dist]
# distance from previous block
# <min> <max>
0	1

[block]
# block no. 2 follows, 46 sequences, length 14
# corresponding to MSA columns:
# 99-101,110-120
name=unknown_C
#
# <colnr> <probs for GDERKNQSTAVLIFYWHMCP>
#	G	D	E	R	K	N	Q	S	T	A	V	L	I	F	Y	W	H	M	C	P
0	0.01016	0.00957	0.01617	0.75831	0.07824	0.01179	0.01477	0.01366	0.01065	0.01372	0.00943	0.01404	0.00712	0.00525	0.00528	0.00175	0.00700	0.00470	0.00236	0.00601
1	0.01453	0.05220	0.01328	0.01078	0.01409	0.05272	0.00855	0.10820	0.54911	0.04677	0.01851	0.01736	0.01388	0.00667	0.00516	0.00166	0.00470	0.00539	0.00500	0.05140
2	0.01467	0.05664	0.01909	0.02431	0.48126	0.19461	0.01346	0.05530	0.01332	0.01667	0.01195	0.01409	0.05065	0.00544	0.00509	0.00151	0.00678	0.00467	0.00289	0.00758
3	0.72253	0.10630	0.01043	0.00739	0.01084	0.01310	0.00627	0.04212	0.00977	0.02272	0.00755	0.00872	0.00597	0.00491	0.00336	0.00157	0.00434	0.00293	0.00322	0.00597
4	0.00998	0.00940	0.01586	0.80150	0.03641	0.01175	0.01468	0.01351	0.01057	0.01351	0.00940	0.01409	0.00705	0.00529	0.00529	0.00176	0.00705	0.00470	0.00235	0.00587
5	0.04180	0.01438	0.01500	0.05232	0.01670	0.05389	0.00983	0.62683	0.02245	0.03028	0.01240	0.01288	0.00894	0.00620	0.00512	0.00157	0.00583	0.00465	0.05055	0.00838
6	0.00782	0.00545	0.00675	0.00646	0.00667	0.00541	0.03220	0.00803	0.00796	0.01063	0.01691	0.06341	0.01939	0.75292	0.02535	0.00488	0.00519	0.00791	0.00325	0.00339
7	0.08368	0.00909	0.01194	0.00923	0.01326	0.00807	0.00762	0.02502	0.01469	0.72976	0.01988	0.01731	0.01255	0.00642	0.00517	0.00164	0.00447	0.00514	0.00631	0.00876
8	0.00757	0.00559	0.00814	0.00814	0.00896	0.00641	0.00616	0.00921	0.00839	0.01201	0.01449	0.02258	0.01400	0.14122	0.69277	0.00805	0.01298	0.00593	0.00288	0.00452
9	0.00723	0.00533	0.00680	0.00725	0.00831	0.00496	0.00551	0.00902	0.01237	0.01648	0.26938	0.24289	0.17185	0.03783	0.00723	0.00208	0.00327	0.17243	0.00514	0.00464
10	0.01418	0.65736	0.11684	0.01014	0.01491	0.08437	0.01039	0.01638	0.01115	0.01299	0.00767	0.00889	0.00678	0.00466	0.00370	0.00121	0.00623	0.00300	0.00230	0.00685
11	0.00750	0.00509	0.00578	0.00589	0.00601	0.00501	0.00340	0.00765	0.00814	0.01076	0.01976	0.10710	0.06088	0.69821	0.02395	0.00467	0.00481	0.00855	0.00345	0.00337
12	0.00970	0.01158	0.15237	0.01131	0.03864	0.02822	0.03925	0.05845	0.01160	0.01599	0.08312	0.28551	0.04248	0.06280	0.00883	0.00214	0.10640	0.02203	0.00386	0.00572
13	0.01182	0.00940	0.01070	0.00792	0.01211	0.00779	0.00634	0.09575	0.01251	0.01933	0.01080	0.01231	0.00872	0.00448	0.00404	0.00093	0.00393	0.00355	0.11498	0.64260

[dist]
# distance from previous block
# <min> <max>
0	1

[block]
# block no. 3 follows, 46 sequences, length 47
# corresponding to MSA columns:
# 122-168
name=unknown_D
#
# <colnr> <probs for GDERKNQSTAVLIFYWHMCP>
#	G	D	E	R	K	N	Q	S	T	A	V	L	I	F	Y	W	H	M	C	P
0	0.01944	0.06442	0.01626	0.01188	0.01600	0.04591	0.00984	0.63022	0.06356	0.05029	0.01288	0.01283	0.00926	0.00625	0.00516	0.00156	0.00583	0.00467	0.00504	0.00871
1	0.01353	0.39047	0.05566	0.01208	0.06057	0.01601	0.06077	0.04114	0.03697	0.05175	0.02912	0.01250	0.02609	0.00562	0.00572	0.00142	0.09436	0.00408	0.00295	0.07918
2	0.01487	0.01551	0.01953	0.04954	0.54592	0.19414	0.01449	0.05225	0.01328	0.01690	0.00964	0.01227	0.00800	0.00498	0.00513	0.00153	0.00704	0.00441	0.00276	0.00781
3	0.04058	0.03704	0.01536	0.01145	0.01564	0.01485	0.00950	0.58975	0.02230	0.16903	0.01389	0.01343	0.00959	0.00629	0.00519	0.00158	0.00553	0.00476	0.00538	0.00885
4	0.00643	0.00463	0.00611	0.00729	0.00765	0.00430	0.00488	0.00737	0.01019	0.01352	0.02996	0.78517	0.06002	0.01646	0.00673	0.00213	0.00305	0.01490	0.00491	0.00430
5	0.01881	0.03201	0.01362	0.01023	0.01433	0.02726	0.00839	0.28654	0.07700	0.27866	0.01609	0.01527	0.02513	0.00614	0.00503	0.00147	0.00494	0.00481	0.00522	0.14904
6	0.01308	0.01256	0.02146	0.03245	0.78123	0.01256	0.01622	0.01622	0.01204	0.01727	0.00994	0.01308	0.00837	0.00471	0.00523	0.00157	0.00628	0.00471	0.00262	0.00837
7	0.00643	0.00463	0.00611	0.00729	0.00765	0.00430	0.00487	0.00737	0.01019	0.01352	0.03003	0.78289	0.06226	0.01645	0.00673	0.00213	0.00305	0.01489	0.00491	0.00430
8	0.00768	0.00516	0.00593	0.00593	0.00599	0.00521	0.00341	0.00779	0.00774	0.01037	0.01651	0.03377	0.01886	0.76792	0.07271	0.00533	0.00567	0.00757	0.00318	0.00329
9	0.02052	0.01425	0.01511	0.01173	0.01583	0.05374	0.00963	0.58274	0.04109	0.15993	0.01407	0.01361	0.00975	0.00636	0.00527	0.00159	0.00574	0.00482	0.00538	0.00883
10	0.01327	0.01102	0.01277	0.01291	0.09498	0.01233	0.00920	0.05824	0.55802	0.04383	0.03748	0.02226	0.01679	0.00753	0.00553	0.00180	0.00451	0.06440	0.00509	0.00806
11	0.00756	0.00564	0.00840	0.00840	0.00931	0.00655	0.00648	0.00938	0.00847	0.01220	0.01425	0.02128	0.01344	0.06806	0.76515	0.00837	0.01383	0.00574	0.00285	0.00466
12	0.01916	0.02398	0.01438	0.01310	0.01573	0.74589	0.00982	0.02058	0.01475	0.01334	0.00871	0.01014	0.00721	0.00549	0.00470	0.00135	0.00911	0.00350	0.05298	0.00606
13	0.85155	0.01022	0.00777	0.00695	0.01022	0.01186	0.00573	0.01554	0.00900	0.02372	0.00736	0.00859	0.00573	0.00491	0.00327	0.00164	0.00409	0.00286	0.00327	0.00573
14	0.00985	0.00493	0.00493	0.00493	0.00616	0.00493	0.00370	0.01232	0.01109	0.01971	0.01725	0.01971	0.01355	0.00616	0.00370	0.00123	0.00246	0.00493	0.84356	0.00493
15	0.00996	0.00733	0.00973	0.01072	0.09542	0.00727	0.00734	0.03187	0.09976	0.06172	0.29642	0.11022	0.07834	0.02833	0.00662	0.00191	0.00379	0.12224	0.00509	0.00592
16	0.00918	0.00459	0.00689	0.00689	0.00689	0.00459	0.00459	0.00689	0.00689	0.00918	0.00918	0.01607	0.00918	0.01837	0.02066	0.84619	0.00459	0.00459	0.00230	0.00230
17	0.01308	0.01256	0.02146	0.03245	0.78123	0.01256	0.01622	0.01622	0.01204	0.01727	0.00994	0.01308	0.00837	0.00471	0.00523	0.00157	0.00628	0.00471	0.00262	0.00837
18	0.85155	0.01022	0.00777	0.00695	0.01022	0.01186	0.00573	0.01554	0.00900	0.02372	0.00736	0.00859	0.00573	0.00491	0.00327	0.00164	0.00409	0.00286	0.00327	0.00573
19	0.85155	0.01022	0.00777	0.00695	0.01022	0.01186	0.00573	0.01554	0.00900	0.02372	0.00736	0.00859	0.00573	0.00491	0.00327	0.00164	0.00409	0.00286	0.00327	0.00573
20	0.01182	0.01127	0.01918	0.34563	0.47792	0.01223	0.01560	0.01512	0.01144	0.01574	0.00972	0.01350	0.00783	0.00494	0.00525	0.00165	0.00659	0.00471	0.00251	0.00736
21	0.00643	0.00465	0.00609	0.00724	0.00764	0.00430	0.00485	0.00737	0.01024	0.01354	0.03060	0.76535	0.07944	0.01637	0.00672	0.00213	0.00304	0.01480	0.00491	0.00430
22	0.01093	0.01036	0.01757	0.56691	0.26361	0.01199	0.01515	0.01434	0.01102	0.01466	0.00956	0.01379	0.00745	0.00511	0.00527	0.00170	0.00681	0.00470	0.00243	0.00664
23	0.00647	0.00470	0.00610	0.00715	0.00763	0.00434	0.00483	0.00749	0.01050	0.01390	0.06323	0.70803	0.10410	0.01603	0.00668	0.00209	0.00301	0.01444	0.00495	0.00434
24	0.03244	0.04436	0.65141	0.01506	0.02201	0.01281	0.06276	0.01643	0.01097	0.01656	0.00928	0.01124	0.00677	0.00526	0.00584	0.00171	0.06120	0.00404	0.00229	0.00756
25	0.01284	0.01230	0.02093	0.05838	0.73965	0.01237	0.01592	0.01595	0.01199	0.01708	0.01082	0.01390	0.02419	0.00491	0.00526	0.00158	0.00623	0.00484	0.00265	0.00821
26	0.02372	0.00900	0.01227	0.00941	0.01350	0.00777	0.00777	0.02576	0.01513	0.78489	0.02086	0.01799	0.01309	0.00654	0.00532	0.00164	0.00450	0.00532	0.00654	0.00900
27	0.01308	0.01256	0.02146	0.03245	0.78123	0.01256	0.01622	0.01622	0.01204	0.01727	0.00994	0.01308	0.00837	0.00471	0.00523	0.00157	0.00628	0.00471	0.00262	0.00837
28	0.01068	0.02679	0.75471	0.01537	0.02308	0.01232	0.05109	0.01675	0.01122	0.01675	0.00954	0.01129	0.00675	0.00500	0.00507	0.00168	0.00786	0.00401	0.00225	0.00778
29	0.01202	0.05086	0.01670	0.01364	0.01397	0.04821	0.01139	0.01322	0.00851	0.01272	0.00701	0.01133	0.00693	0.00887	0.01616	0.00222	0.73360	0.00449	0.00233	0.00585
30	0.00757	0.00559	0.00812	0.00812	0.00893	0.00640	0.00613	0.00920	0.00838	0.01199	0.01451	0.02270	0.01405	0.14761	0.68645	0.00803	0.01290	0.00595	0.00288	0.00451
31	0.00666	0.00479	0.00611	0.00708	0.00751	0.00448	0.00475	0.00756	0.01005	0.01324	0.02956	0.62068	0.09507	0.11696	0.00927	0.00250	0.00336	0.04147	0.00469	0.00419
32	0.01354	0.14065	0.01236	0.02292	0.01145	0.00932	0.00689	0.01687	0.10113	0.22886	0.16260	0.14981	0.06404	0.02846	0.00598	0.00175	0.00401	0.00769	0.00506	0.00662
33	0.01044	0.00978	0.01653	0.68820	0.05079	0.01188	0.05393	0.03049	0.01098	0.01436	0.00970	0.01414	0.00733	0.00536	0.00556	0.00175	0.02427	0.00479	0.02370	0.00604
34	0.00667	0.00477	0.00640	0.00763	0.00804	0.00449	0.00531	0.00776	0.01035	0.01376	0.02901	0.72645	0.03446	0.01634	0.00681	0.00218	0.00327	0.09704	0.00490	0.00436
35	0.01294	0.01290	0.03894	0.12787	0.62168	0.03132	0.02805	0.03246	0.01219	0.01703	0.00989	0.01309	0.00814	0.00484	0.00524	0.00160	0.00652	0.00468	0.00264	0.00798
36	0.01014	0.00957	0.01608	0.75443	0.06414	0.01188	0.01467	0.01359	0.01057	0.01363	0.00936	0.01400	0.00710	0.00535	0.00556	0.00177	0.02515	0.00470	0.00236	0.00597
37	0.03322	0.02688	0.76587	0.01485	0.02254	0.01227	0.01916	0.01671	0.01110	0.01693	0.00943	0.01109	0.00667	0.00502	0.00498	0.00167	0.00771	0.00388	0.00226	0.00776
38	0.00918	0.00459	0.00689	0.00689	0.00689	0.00459	0.00459	0.00689	0.00689	0.00918	0.00918	0.01607	0.00918	0.01837	0.02066	0.84619	0.00459	0.00459	0.00230	0.00230
39	0.01550	0.03806	0.36139	0.01196	0.01738	0.00993	0.02952	0.01934	0.01270	0.31869	0.03470	0.06288	0.01231	0.02471	0.00575	0.00175	0.00600	0.00538	0.00421	0.00785
40	0.01161	0.04366	0.53574	0.01653	0.04228	0.01276	0.16444	0.01685	0.01142	0.04221	0.00994	0.01200	0.00723	0.00514	0.00583	0.00171	0.04612	0.00444	0.00248	0.00761
41	0.01464	0.42992	0.18544	0.01114	0.03276	0.01637	0.01124	0.09492	0.01276	0.09477	0.01073	0.04466	0.00887	0.00554	0.00432	0.00140	0.00592	0.00407	0.00313	0.00739
42	0.03839	0.04727	0.12039	0.01036	0.01490	0.01010	0.00959	0.12216	0.01547	0.48564	0.04326	0.01632	0.01238	0.00628	0.00515	0.00160	0.00509	0.00499	0.00543	0.02522
43	0.01568	0.01477	0.19915	0.01419	0.07051	0.02335	0.10563	0.09164	0.04774	0.24493	0.01653	0.05572	0.02707	0.00678	0.00553	0.00172	0.00607	0.04078	0.00434	0.00785
44	0.01199	0.04862	0.05884	0.01066	0.01342	0.02627	0.10204	0.05951	0.07667	0.12098	0.05168	0.30424	0.03820	0.02807	0.00634	0.00189	0.00483	0.00903	0.00454	0.02216
45	0.01733	0.07834	0.09867	0.02840	0.01534	0.04409	0.04133	0.12018	0.03175	0.31565	0.04921	0.05116	0.03317	0.00675	0.00520	0.00159	0.00534	0.00553	0.02064	0.03035
46	0.03414	0.09463	0.04125	0.01168	0.03293	0.09186	0.05599	0.13571	0.12091	0.12157	0.03138	0.05164	0.06315	0.00724	0.00577	0.00164	0.04196	0.02432	0.00429	0.02794

[dist]
# distance from previous block
# <min> <max>
7	36

[block]
# block no. 4 follows, 46 sequences, length 37
# corresponding to MSA columns:
# 233-248,262-264,267-284
name=unknown_E
#
# <colnr> <probs for GDERKNQSTAVLIFYWHMCP>
#	G	D	E	R	K	N	Q	S	T	A	V	L	I	F	Y	W	H	M	C	P
0	0.01360	0.06237	0.01532	0.01291	0.07637	0.01136	0.08695	0.17908	0.01418	0.09709	0.02863	0.19220	0.03355	0.03608	0.00756	0.00188	0.08730	0.00738	0.00420	0.03199
1	0.01402	0.12321	0.05557	0.01252	0.11075	0.06661	0.00929	0.10308	0.02844	0.12030	0.12558	0.06104	0.05555	0.03218	0.00626	0.00168	0.03160	0.00604	0.00416	0.03211
2	0.01283	0.04013	0.04893	0.01290	0.07839	0.05899	0.06797	0.14022	0.12067	0.04481	0.01874	0.20664	0.03174	0.00900	0.00571	0.00177	0.00530	0.05461	0.00431	0.03634
3	0.01258	0.18529	0.21747	0.03082	0.10533	0.09661	0.05220	0.03804	0.01216	0.01590	0.03622	0.04039	0.04442	0.00579	0.00480	0.00146	0.00642	0.00469	0.00286	0.08654
4	0.04419	0.09602	0.11154	0.03488	0.16983	0.10077	0.05409	0.17034	0.07671	0.05935	0.01176	0.01349	0.00910	0.00562	0.00503	0.00157	0.00647	0.01787	0.00358	0.00777
5	0.03328	0.01268	0.06320	0.01719	0.22884	0.03538	0.03622	0.12847	0.13231	0.07425	0.01508	0.03206	0.01262	0.00674	0.00539	0.00167	0.00561	0.08716	0.00404	0.06778
6	0.05518	0.01336	0.02295	0.02004	0.14536	0.04635	0.34080	0.01596	0.02647	0.01617	0.00950	0.01291	0.00779	0.00586	0.00870	0.00184	0.21640	0.00520	0.00267	0.02650
7	0.00646	0.00484	0.00596	0.00678	0.00749	0.00438	0.00464	0.00752	0.01071	0.01387	0.06016	0.56936	0.22554	0.03716	0.00715	0.00212	0.00300	0.01366	0.00489	0.00433
8	0.01445	0.01625	0.01616	0.32480	0.11261	0.33437	0.03766	0.01702	0.01265	0.01410	0.00935	0.01235	0.00743	0.00530	0.00503	0.00155	0.00784	0.00423	0.04058	0.00627
9	0.00642	0.00531	0.00566	0.00590	0.00746	0.00455	0.00443	0.00778	0.01181	0.01428	0.04876	0.14817	0.63503	0.01387	0.00638	0.00187	0.00287	0.06006	0.00491	0.00447
10	0.00765	0.00526	0.00645	0.00645	0.00668	0.00550	0.00405	0.00813	0.00789	0.01076	0.01603	0.03114	0.01772	0.62049	0.21857	0.00597	0.00738	0.00718	0.00311	0.00358
11	0.00764	0.00513	0.00575	0.00575	0.00581	0.00510	0.00323	0.00768	0.00782	0.01037	0.01779	0.03510	0.04257	0.78961	0.02627	0.00502	0.00505	0.00779	0.00326	0.00324
12	0.01096	0.00940	0.01096	0.00783	0.01253	0.00705	0.00626	0.01331	0.01096	0.01723	0.00940	0.01096	0.00783	0.00392	0.00392	0.00078	0.00392	0.00313	0.00313	0.84653
13	0.01324	0.01186	0.01814	0.29581	0.38149	0.04196	0.01439	0.06255	0.03775	0.05610	0.01080	0.01375	0.00839	0.00521	0.00525	0.00164	0.00648	0.00473	0.00298	0.00749
14	0.00695	0.00498	0.00650	0.00748	0.00797	0.00473	0.00508	0.03254	0.01086	0.01454	0.06660	0.74521	0.03486	0.01593	0.00667	0.00210	0.00313	0.01441	0.00497	0.00448
15	0.21101	0.01103	0.01511	0.41071	0.09032	0.03713	0.05196	0.06491	0.02889	0.01793	0.00949	0.01260	0.00723	0.00522	0.00484	0.00169	0.00631	0.00434	0.00288	0.00639
16	0.01281	0.01315	0.06745	0.10046	0.59298	0.01260	0.01558	0.03431	0.06622	0.01761	0.01075	0.01352	0.00871	0.00500	0.00524	0.00161	0.00629	0.00475	0.00283	0.00812
17	0.00731	0.00536	0.00689	0.00685	0.00805	0.00494	0.00517	0.00949	0.01384	0.01906	0.54545	0.13122	0.12974	0.01209	0.00639	0.00180	0.00278	0.07321	0.00553	0.00484
18	0.01308	0.01256	0.02146	0.03245	0.78123	0.01256	0.01622	0.01622	0.01204	0.01727	0.00994	0.01308	0.00837	0.00471	0.00523	0.00157	0.00628	0.00471	0.00262	0.00837
19	0.01794	0.01171	0.01329	0.01035	0.01424	0.01198	0.00843	0.39207	0.06043	0.18754	0.05479	0.03494	0.03362	0.00677	0.00523	0.00152	0.00488	0.00538	0.00528	0.11960
20	0.00672	0.00490	0.00636	0.00727	0.00792	0.00455	0.00513	0.00799	0.01106	0.01465	0.11629	0.57520	0.11745	0.01540	0.00668	0.00208	0.00312	0.07778	0.00501	0.00444
21	0.05002	0.00980	0.01121	0.00815	0.01273	0.00795	0.00655	0.06670	0.01199	0.04308	0.00990	0.01120	0.00798	0.00421	0.00403	0.00091	0.00408	0.00330	0.00340	0.72282
22	0.00753	0.00546	0.00713	0.00700	0.00748	0.00535	0.03814	0.00812	0.00877	0.01165	0.02136	0.20972	0.06892	0.50404	0.06304	0.00428	0.00518	0.00939	0.00365	0.00379
23	0.04927	0.01232	0.01608	0.11934	0.21649	0.01334	0.01156	0.33016	0.04558	0.06311	0.04678	0.01468	0.01085	0.00597	0.00521	0.00161	0.00569	0.00496	0.01898	0.00802
24	0.85155	0.01022	0.00777	0.00695	0.01022	0.01186	0.00573	0.01554	0.00900	0.02372	0.00736	0.00859	0.00573	0.00491	0.00327	0.00164	0.00409	0.00286	0.00327	0.00573
25	0.01322	0.01111	0.01170	0.01042	0.01338	0.01271	0.00813	0.07843	0.65926	0.02247	0.02220	0.02064	0.05004	0.00736	0.00536	0.00176	0.00417	0.00609	0.03344	0.00812
26	0.85155	0.01022	0.00777	0.00695	0.01022	0.01186	0.00573	0.01554	0.00900	0.02372	0.00736	0.00859	0.00573	0.00491	0.00327	0.00164	0.00409	0.00286	0.00327	0.00573
27	0.01309	0.01249	0.02087	0.03111	0.73378	0.01260	0.01574	0.01696	0.05900	0.01757	0.01066	0.01349	0.00885	0.00486	0.00524	0.00158	0.00615	0.00479	0.00279	0.00837
28	0.01157	0.01157	0.01619	0.01388	0.01388	0.01619	0.01157	0.01272	0.00810	0.01272	0.00694	0.01157	0.00694	0.00925	0.01735	0.00231	0.80453	0.00463	0.00231	0.00578
29	0.01299	0.01246	0.02129	0.05586	0.75856	0.01254	0.01618	0.01614	0.01199	0.01716	0.00993	0.01311	0.00833	0.00473	0.00524	0.00158	0.00630	0.00471	0.00261	0.00830
30	0.00755	0.00566	0.00850	0.00850	0.00944	0.00661	0.00661	0.00944	0.00850	0.01227	0.01416	0.02077	0.01322	0.03965	0.79326	0.00850	0.01416	0.00566	0.00283	0.00472
31	0.01973	0.06443	0.01660	0.01197	0.01622	0.01667	0.00999	0.71737	0.02398	0.03203	0.01236	0.01243	0.00885	0.00623	0.00517	0.00156	0.00581	0.00464	0.00510	0.00885
32	0.00769	0.00513	0.00577	0.00577	0.00577	0.00513	0.00320	0.00769	0.00769	0.01025	0.01666	0.03460	0.01922	0.81421	0.02691	0.00513	0.00513	0.00769	0.00320	0.00320
33	0.01190	0.01291	0.02640	0.14852	0.02737	0.01239	0.55433	0.01596	0.01199	0.01640	0.01034	0.01386	0.00784	0.00453	0.00582	0.00167	0.00804	0.00564	0.00267	0.10140
34	0.01147	0.01173	0.01580	0.57422	0.03022	0.11042	0.01361	0.01433	0.01072	0.01331	0.00884	0.01311	0.00700	0.00595	0.00719	0.00180	0.13746	0.00452	0.00239	0.00589
35	0.00725	0.00556	0.00668	0.00651	0.00795	0.00507	0.00493	0.00964	0.03420	0.01842	0.45683	0.06689	0.28953	0.01193	0.00629	0.00176	0.00274	0.04750	0.00543	0.00488
36	0.01180	0.07534	0.47732	0.01572	0.07725	0.01268	0.08803	0.04004	0.05046	0.03064	0.02657	0.01261	0.00858	0.00516	0.00505	0.00160	0.00706	0.00436	0.00275	0.04699

[dist]
# distance from previous block
# <min> <max>
3	4

[block]
# block no. 5 follows, 46 sequences, length 16
# corresponding to MSA columns:
# 292-295,299-310
name=unknown_F
#
# <colnr> <probs for GDERKNQSTAVLIFYWHMCP>
#	G	D	E	R	K	N	Q	S	T	A	V	L	I	F	Y	W	H	M	C	P
0	0.00671	0.00481	0.00636	0.00732	0.00773	0.00464	0.00498	0.00769	0.00986	0.01317	0.02732	0.61964	0.05483	0.09265	0.08223	0.00301	0.00433	0.03388	0.00455	0.00425
1	0.01096	0.00940	0.01096	0.00783	0.01253	0.00705	0.00626	0.01331	0.01096	0.01723	0.00940	0.01096	0.00783	0.00392	0.00392	0.00078	0.00392	0.00313	0.00313	0.84653
2	0.00836	0.00709	0.00944	0.03373	0.14441	0.00688	0.00716	0.01132	0.07880	0.01615	0.12570	0.21269	0.29502	0.01150	0.00608	0.00182	0.00363	0.01008	0.00459	0.00556
3	0.01218	0.01139	0.01528	0.01309	0.01373	0.01524	0.01081	0.09216	0.04502	0.01532	0.00924	0.03644	0.00873	0.01060	0.05422	0.00252	0.61995	0.00507	0.00287	0.00614
4	0.00762	0.00514	0.00575	0.00575	0.00584	0.00509	0.00324	0.00768	0.00791	0.01045	0.01852	0.03542	0.05752	0.77385	0.02587	0.00496	0.00500	0.00786	0.00329	0.00327
5	0.00985	0.00493	0.00493	0.00493	0.00616	0.00493	0.00370	0.01232	0.01109	0.01971	0.01725	0.01971	0.01355	0.00616	0.00370	0.00123	0.00246	0.00493	0.84356	0.00493
6	0.01413	0.81739	0.02770	0.00905	0.01357	0.02092	0.00905	0.01583	0.01074	0.01244	0.00735	0.00848	0.00678	0.00452	0.00339	0.00113	0.00565	0.00283	0.00226	0.00678
7	0.00985	0.00493	0.00493	0.00493	0.00616	0.00493	0.00370	0.01232	0.01109	0.01971	0.01725	0.01971	0.01355	0.00616	0.00370	0.00123	0.00246	0.00493	0.84356	0.00493
8	0.01124	0.02558	0.71135	0.01444	0.02192	0.01180	0.01831	0.01699	0.01134	0.05284	0.01002	0.01147	0.00705	0.00504	0.00498	0.00163	0.00746	0.00393	0.00248	0.05013
9	0.01044	0.02622	0.74691	0.01464	0.02211	0.01190	0.01879	0.01640	0.01136	0.01697	0.04884	0.01261	0.00891	0.00532	0.00508	0.00167	0.00754	0.00420	0.00242	0.00767
10	0.01157	0.01157	0.01619	0.01388	0.01388	0.01619	0.01157	0.01272	0.00810	0.01272	0.00694	0.01157	0.00694	0.00925	0.01735	0.00231	0.80453	0.00463	0.00231	0.00578
11	0.01621	0.03502	0.01234	0.00957	0.01270	0.01219	0.00780	0.44878	0.01909	0.05119	0.01460	0.03427	0.01119	0.00762	0.03167	0.00172	0.00498	0.00505	0.25657	0.00745
12	0.28242	0.05381	0.04972	0.01080	0.06432	0.14611	0.00834	0.07530	0.01299	0.07224	0.10186	0.03430	0.05444	0.00661	0.00464	0.00158	0.00532	0.00495	0.00384	0.00642
13	0.01487	0.01082	0.01252	0.04678	0.01455	0.03077	0.00804	0.18321	0.04408	0.13195	0.01340	0.06407	0.01081	0.00610	0.00529	0.00134	0.03666	0.00483	0.00423	0.35569
14	0.01188	0.03444	0.01091	0.00882	0.01110	0.00944	0.00674	0.17150	0.04268	0.03988	0.05417	0.14958	0.01743	0.17872	0.01072	0.00233	0.06330	0.00699	0.00413	0.16527
15	0.01175	0.09863	0.14921	0.01236	0.04113	0.06241	0.04845	0.01561	0.08435	0.03324	0.05909	0.08394	0.02809	0.00851	0.03405	0.00192	0.14135	0.00569	0.00331	0.07692

[dist]
# distance from previous block
# <min> <max>
5	23

[block]
# block no. 6 follows, 46 sequences, length 29
# corresponding to MSA columns:
# 337-350,360-374
name=unknown_G
#
# <colnr> <probs for GDERKNQSTAVLIFYWHMCP>
#	G	D	E	R	K	N	Q	S	T	A	V	L	I	F	Y	W	H	M	C	P
0	0.04073	0.01163	0.14808	0.01388	0.10358	0.00880	0.11867	0.03966	0.01179	0.03522	0.05743	0.32145	0.04684	0.00999	0.00594	0.00186	0.00524	0.00916	0.00389	0.00617
1	0.07016	0.10878	0.01463	0.02450	0.01443	0.32614	0.00883	0.16432	0.03745	0.03218	0.08112	0.01528	0.04568	0.00640	0.00482	0.00146	0.00660	0.00464	0.02594	0.00664
2	0.33995	0.06578	0.01109	0.03657	0.02642	0.01127	0.00709	0.07886	0.05612	0.07920	0.10886	0.01637	0.01399	0.05084	0.00605	0.00180	0.03330	0.00473	0.02319	0.02850
3	0.50488	0.00967	0.00899	0.00839	0.03876	0.03712	0.00639	0.01599	0.01138	0.12565	0.16896	0.01646	0.01600	0.00636	0.00429	0.00163	0.00408	0.00467	0.00420	0.00613
4	0.00981	0.00632	0.00814	0.05746	0.01098	0.00590	0.00652	0.01190	0.01305	0.12691	0.19473	0.04351	0.28408	0.01164	0.00630	0.00189	0.00370	0.18659	0.00517	0.00541
5	0.06432	0.11737	0.01563	0.03107	0.01517	0.38952	0.02967	0.04029	0.03506	0.03394	0.00974	0.01190	0.00819	0.01044	0.11699	0.00246	0.05513	0.00396	0.00293	0.00621
6	0.01213	0.13054	0.53654	0.01599	0.09954	0.01326	0.04292	0.01707	0.01146	0.05888	0.00992	0.01149	0.00728	0.00499	0.00488	0.00159	0.00722	0.00400	0.00253	0.00777
7	0.04202	0.08142	0.32160	0.02076	0.29720	0.05605	0.05280	0.01694	0.01176	0.03739	0.00971	0.01181	0.00752	0.00490	0.00497	0.00158	0.00702	0.00420	0.00258	0.00777
8	0.01060	0.02735	0.78682	0.01507	0.02288	0.01228	0.01953	0.01674	0.01116	0.01674	0.00949	0.01116	0.00670	0.00502	0.00502	0.00167	0.00781	0.00391	0.00223	0.00781
9	0.00725	0.00577	0.00804	0.16156	0.01322	0.00587	0.00669	0.00897	0.01121	0.01474	0.13833	0.42781	0.14463	0.01305	0.00631	0.00195	0.00370	0.01163	0.00454	0.00473
10	0.01857	0.11588	0.03605	0.01265	0.01605	0.47272	0.01018	0.18033	0.05761	0.01785	0.00980	0.01068	0.00778	0.00561	0.00476	0.00141	0.00794	0.00378	0.00335	0.00699
11	0.00704	0.00549	0.00650	0.00681	0.00825	0.00495	0.00536	0.00883	0.01247	0.01586	0.17642	0.10299	0.41185	0.01344	0.00654	0.00195	0.00321	0.19233	0.00506	0.00465
12	0.00852	0.00608	0.00852	0.00974	0.01095	0.00608	0.00852	0.01095	0.01217	0.01582	0.02799	0.05963	0.03042	0.01460	0.00730	0.00243	0.00487	0.74565	0.00487	0.00487
13	0.01731	0.02079	0.03359	0.04198	0.08115	0.52581	0.01064	0.04629	0.11275	0.01535	0.01186	0.01290	0.03505	0.00590	0.00498	0.00148	0.00807	0.00422	0.00320	0.00668
14	0.03762	0.01434	0.01537	0.01301	0.06362	0.06006	0.00999	0.56903	0.02182	0.09654	0.01337	0.03752	0.00992	0.00649	0.00526	0.00160	0.00582	0.00500	0.00503	0.00857
15	0.00741	0.00540	0.00697	0.00658	0.00786	0.00496	0.00493	0.00984	0.01480	0.02082	0.73844	0.04012	0.09013	0.01095	0.00624	0.00167	0.00250	0.00965	0.00577	0.00496
16	0.00801	0.00578	0.00791	0.00906	0.01014	0.00567	0.00761	0.01011	0.01180	0.01531	0.02968	0.19387	0.07475	0.01488	0.00714	0.00234	0.00442	0.57189	0.00488	0.00474
17	0.04843	0.15022	0.01764	0.01372	0.05649	0.49998	0.03035	0.09441	0.01485	0.01564	0.00863	0.00996	0.00710	0.00530	0.00461	0.00138	0.00815	0.00357	0.00292	0.00665
18	0.01248	0.01189	0.02024	0.14855	0.64606	0.01225	0.01577	0.01566	0.01182	0.01666	0.01038	0.01457	0.00881	0.00508	0.00530	0.00162	0.00636	0.02596	0.00264	0.00789
19	0.00641	0.00472	0.00601	0.00704	0.00758	0.00432	0.00476	0.00740	0.01043	0.01362	0.03308	0.68813	0.15505	0.01605	0.00667	0.00209	0.00300	0.01440	0.00491	0.00432
20	0.00744	0.00506	0.00601	0.00637	0.00651	0.00499	0.00391	0.00780	0.00852	0.01133	0.02023	0.21759	0.02355	0.58117	0.02105	0.00427	0.00463	0.05230	0.00370	0.00356
21	0.05428	0.06583	0.45978	0.06170	0.04633	0.04154	0.14949	0.01679	0.01147	0.03089	0.00965	0.01173	0.00708	0.00494	0.00508	0.00165	0.00761	0.00429	0.00248	0.00739
22	0.06028	0.01092	0.01718	0.34455	0.34940	0.02734	0.01411	0.01464	0.01124	0.01577	0.01151	0.01581	0.03503	0.00566	0.00549	0.00170	0.02337	0.02648	0.00269	0.00685
23	0.01271	0.11212	0.53718	0.01462	0.04842	0.10496	0.01652	0.01742	0.01170	0.04713	0.00953	0.01103	0.00705	0.00516	0.00509	0.00159	0.02394	0.00383	0.00249	0.00753
24	0.01596	0.04692	0.06599	0.01524	0.13828	0.33836	0.01090	0.06033	0.08569	0.04782	0.03944	0.01478	0.01093	0.00704	0.02932	0.00173	0.00736	0.02430	0.03267	0.00695
25	0.01237	0.08870	0.10866	0.00983	0.01299	0.11452	0.00881	0.09706	0.02832	0.05382	0.18015	0.03681	0.09709	0.01085	0.07425	0.00219	0.00604	0.02791	0.00413	0.02551
26	0.01419	0.07301	0.10611	0.04179	0.05826	0.01351	0.02365	0.29907	0.01604	0.02200	0.04506	0.08714	0.01244	0.01987	0.00696	0.00172	0.09754	0.00563	0.00390	0.05210
27	0.04214	0.04814	0.07085	0.01304	0.10678	0.12352	0.03850	0.10733	0.07126	0.03150	0.06290	0.04143	0.12454	0.05108	0.00648	0.00180	0.00564	0.01988	0.00388	0.02931
28	0.01542	0.10441	0.04752	0.01106	0.02726	0.04048	0.05076	0.16579	0.15051	0.13769	0.08176	0.01762	0.03435	0.00650	0.00508	0.00153	0.00511	0.00532	0.03049	0.06134

[dist]
# distance from previous block
# <min> <max>
7	72

[block]
# block no. 7 follows, 46 sequences, length 15
# corresponding to MSA columns:
# 468-482
name=unknown_H
#
# <colnr> <probs for GDERKNQSTAVLIFYWHMCP>
#	G	D	E	R	K	N	Q	S	T	A	V	L	I	F	Y	W	H	M	C	P
0	0.01336	0.57402	0.09355	0.00982	0.01411	0.04846	0.00968	0.01670	0.08588	0.01388	0.01060	0.06958	0.00980	0.00576	0.00404	0.00133	0.00567	0.00417	0.00278	0.00682
1	0.01308	0.33873	0.25022	0.01250	0.05297	0.03277	0.04328	0.03330	0.01172	0.05219	0.02761	0.03712	0.00921	0.00533	0.00446	0.00140	0.00623	0.00412	0.00279	0.06096
2	0.01429	0.72519	0.04723	0.00921	0.01368	0.01950	0.00918	0.01614	0.01090	0.05213	0.00834	0.00948	0.00733	0.00589	0.03168	0.00143	0.00596	0.00309	0.00250	0.00685
3	0.05360	0.29460	0.01838	0.01120	0.01447	0.44387	0.00920	0.01849	0.01302	0.01367	0.00844	0.00978	0.00719	0.00515	0.00416	0.00129	0.00751	0.00328	0.05642	0.00626
4	0.00653	0.00474	0.00600	0.00696	0.00743	0.00439	0.00464	0.00742	0.01015	0.01330	0.03114	0.64368	0.12889	0.08781	0.00849	0.00237	0.00320	0.01387	0.00475	0.00422
5	0.00728	0.00574	0.00718	0.00763	0.05053	0.00518	0.00524	0.00930	0.01348	0.01802	0.42860	0.07877	0.32024	0.01171	0.00621	0.00173	0.00280	0.01015	0.00526	0.00495
6	0.00760	0.00630	0.00682	0.00689	0.00862	0.00601	0.00523	0.01122	0.13763	0.01559	0.04265	0.15656	0.48471	0.01292	0.00626	0.00189	0.00316	0.06984	0.00498	0.00512
7	0.01975	0.02520	0.01498	0.01362	0.01634	0.79299	0.01021	0.02111	0.01498	0.01294	0.00817	0.00953	0.00681	0.00545	0.00477	0.00136	0.00953	0.00340	0.00272	0.00613
8	0.00792	0.00591	0.00683	0.00669	0.00833	0.00542	0.00515	0.01044	0.05499	0.04415	0.25137	0.04513	0.38751	0.04312	0.00708	0.00195	0.00312	0.09470	0.00518	0.00499
9	0.15585	0.00802	0.04136	0.00776	0.01007	0.00740	0.00638	0.01435	0.06193	0.11744	0.41889	0.02957	0.03201	0.03195	0.00613	0.00179	0.00352	0.03450	0.00518	0.00590
10	0.03209	0.01042	0.01170	0.00973	0.01293	0.01089	0.00784	0.24620	0.18138	0.11378	0.13062	0.02357	0.06733	0.00790	0.00548	0.00165	0.00439	0.04681	0.00528	0.07002
11	0.37134	0.02796	0.06208	0.12792	0.09845	0.07604	0.00991	0.09232	0.02817	0.02081	0.00930	0.01113	0.00718	0.00522	0.00428	0.00160	0.00559	0.00377	0.03035	0.00658
12	0.23917	0.05375	0.09776	0.09050	0.16618	0.05233	0.04904	0.04645	0.03123	0.09356	0.02656	0.01260	0.00873	0.00530	0.00466	0.00161	0.00587	0.00424	0.00334	0.00712
13	0.03429	0.07393	0.08053	0.01444	0.08332	0.28685	0.04674	0.15517	0.04828	0.04286	0.01050	0.01173	0.00816	0.00558	0.00522	0.00149	0.03008	0.00413	0.02233	0.03439
14	0.03867	0.29048	0.09204	0.08816	0.16157	0.14083	0.01179	0.01627	0.01164	0.02844	0.00981	0.05505	0.00876	0.00563	0.00476	0.00146	0.02082	0.00431	0.00266	0.00684

[dist]
# distance from previous block
# <min> <max>
94	429

[block]
# block no. 8 follows, 46 sequences, length 27
# corresponding to MSA columns:
# 1173-1199
name=unknown_I
#
# <colnr> <probs for GDERKNQSTAVLIFYWHMCP>
#	G	D	E	R	K	N	Q	S	T	A	V	L	I	F	Y	W	H	M	C	P
0	0.03948	0.11397	0.05246	0.01121	0.02792	0.29033	0.00901	0.09388	0.02532	0.04508	0.03636	0.13780	0.03229	0.00745	0.00500	0.00151	0.00639	0.00580	0.00362	0.05511
1	0.07446	0.05073	0.04760	0.03209	0.07777	0.02907	0.00882	0.06322	0.13043	0.16940	0.11698	0.04094	0.03690	0.02267	0.00574	0.00175	0.00473	0.05911	0.00469	0.02289
2	0.05248	0.03761	0.01175	0.00916	0.01252	0.05969	0.00733	0.10714	0.09179	0.20761	0.12734	0.05313	0.03461	0.00711	0.00509	0.00149	0.00447	0.00578	0.00491	0.15901
3	0.01492	0.05071	0.01281	0.03230	0.01378	0.07371	0.00804	0.21030	0.10728	0.09730	0.08560	0.05004	0.03719	0.00780	0.02542	0.00166	0.00515	0.00559	0.02707	0.13334
4	0.03188	0.10713	0.03525	0.01218	0.07231	0.14821	0.00928	0.15106	0.08509	0.11562	0.08013	0.01667	0.02920	0.03371	0.00600	0.00165	0.02375	0.00502	0.00417	0.03169
5	0.01234	0.06924	0.16128	0.01889	0.26691	0.05581	0.07987	0.02650	0.04287	0.03884	0.01571	0.05413	0.08634	0.00634	0.00526	0.00159	0.00619	0.00563	0.00315	0.04311
6	0.04270	0.01147	0.04529	0.01067	0.03224	0.01126	0.00861	0.23653	0.15832	0.07405	0.01545	0.06014	0.01270	0.02450	0.06671	0.00215	0.00559	0.02472	0.00449	0.15239
7	0.27973	0.01042	0.01184	0.03105	0.10658	0.01101	0.00831	0.09553	0.10706	0.16777	0.05500	0.01601	0.03763	0.00620	0.00470	0.00162	0.00456	0.00483	0.00445	0.03570
8	0.09990	0.00988	0.01527	0.48885	0.17063	0.01152	0.01312	0.01442	0.03905	0.01562	0.01174	0.01527	0.04058	0.00644	0.02543	0.00189	0.00648	0.00485	0.00273	0.00633
9	0.71430	0.01086	0.00848	0.00749	0.01068	0.04506	0.00610	0.06305	0.01047	0.02367	0.02679	0.01002	0.00732	0.00521	0.00355	0.00161	0.00434	0.00324	0.03187	0.00590
10	0.04323	0.01264	0.01532	0.04595	0.03457	0.06176	0.07108	0.31500	0.01803	0.24971	0.03062	0.03267	0.01132	0.00721	0.02473	0.00180	0.00601	0.00525	0.00498	0.00812
11	0.01872	0.01224	0.01376	0.01093	0.01463	0.01303	0.00894	0.49064	0.04901	0.17356	0.03476	0.06508	0.03064	0.00757	0.00550	0.00167	0.00516	0.03032	0.00550	0.00835
12	0.00918	0.00459	0.00689	0.00689	0.00689	0.00459	0.00459	0.00689	0.00689	0.00918	0.00918	0.01607	0.00918	0.01837	0.02066	0.84619	0.00459	0.00459	0.00230	0.00230
13	0.00858	0.00711	0.00967	0.21970	0.01634	0.00779	0.00812	0.01241	0.12238	0.01506	0.04176	0.28461	0.11328	0.04547	0.00698	0.00209	0.00446	0.06462	0.00424	0.00535
14	0.01241	0.01395	0.02945	0.02180	0.05046	0.01361	0.66631	0.01651	0.01204	0.01654	0.01031	0.01396	0.00793	0.00492	0.00727	0.00183	0.08497	0.00604	0.00264	0.00704
15	0.01298	0.01251	0.02154	0.05407	0.74135	0.01256	0.03468	0.01616	0.01201	0.01716	0.00995	0.01314	0.00833	0.00472	0.00526	0.00158	0.00637	0.00475	0.00261	0.00827
16	0.01904	0.01356	0.01596	0.01282	0.04075	0.01458	0.05049	0.57231	0.03789	0.10769	0.01430	0.05123	0.01072	0.00671	0.00541	0.00163	0.00570	0.00541	0.00517	0.00864
17	0.02024	0.01372	0.01513	0.01157	0.01580	0.01473	0.00955	0.62340	0.02284	0.14292	0.01375	0.01340	0.00954	0.00627	0.00523	0.00156	0.00554	0.00477	0.00538	0.04464
18	0.00918	0.00459	0.00689	0.00689	0.00689	0.00459	0.00459	0.00689	0.00689	0.00918	0.00918	0.01607	0.00918	0.01837	0.02066	0.84619	0.00459	0.00459	0.00230	0.00230
19	0.01173	0.01038	0.01338	0.22019	0.09189	0.01194	0.01054	0.02127	0.42612	0.01867	0.01876	0.04084	0.03981	0.00717	0.00548	0.00180	0.00508	0.03335	0.00427	0.00734
20	0.01273	0.26710	0.13662	0.01713	0.02257	0.01557	0.42204	0.01656	0.01175	0.01550	0.00948	0.01202	0.00745	0.00456	0.00518	0.00156	0.00774	0.00484	0.00248	0.00712
21	0.00653	0.00466	0.00623	0.00746	0.00780	0.00437	0.00506	0.00751	0.01021	0.01359	0.02909	0.77987	0.03478	0.01648	0.00677	0.00216	0.00314	0.04508	0.00491	0.00432
22	0.00744	0.00540	0.00701	0.00661	0.00787	0.00497	0.00496	0.00990	0.01488	0.02099	0.75636	0.03984	0.07209	0.01089	0.00624	0.00167	0.00250	0.00961	0.00579	0.00497
23	0.36198	0.01347	0.01214	0.08476	0.01554	0.11972	0.00858	0.23072	0.03272	0.05973	0.01016	0.01112	0.00752	0.00556	0.00439	0.00160	0.00563	0.00384	0.00389	0.00694
24	0.19575	0.32089	0.26234	0.01077	0.01604	0.01581	0.01173	0.08228	0.01174	0.01810	0.00850	0.00972	0.00672	0.00493	0.00405	0.00145	0.00601	0.00335	0.00274	0.00707
25	0.03189	0.03048	0.03265	0.05629	0.09830	0.16913	0.02287	0.08537	0.08311	0.13606	0.01697	0.04319	0.03113	0.00773	0.00552	0.00173	0.00610	0.13024	0.00421	0.00703
26	0.19844	0.04536	0.01317	0.01137	0.04329	0.23873	0.00863	0.14645	0.12478	0.02075	0.03796	0.01352	0.02854	0.00598	0.00464	0.00152	0.00602	0.00430	0.00382	0.04273

[dist]
# distance from previous block
# <min> <max>
0	1

[block]
# block no. 9 follows, 46 sequences, length 10
# corresponding to MSA columns:
# 1201-1210
name=unknown_J
#
# <colnr> <probs for GDERKNQSTAVLIFYWHMCP>
#	G	D	E	R	K	N	Q	S	T	A	V	L	I	F	Y	W	H	M	C	P
0	0.01803	0.03515	0.01484	0.01246	0.05671	0.10773	0.00944	0.42206	0.09114	0.08276	0.01366	0.01523	0.01053	0.07770	0.00710	0.00188	0.00597	0.00496	0.00467	0.00798
1	0.01853	0.01393	0.01535	0.01265	0.05043	0.01522	0.00989	0.63113	0.06421	0.03060	0.01350	0.04151	0.01023	0.00658	0.00529	0.00158	0.00557	0.00512	0.00507	0.04358
2	0.00769	0.00513	0.00577	0.00577	0.00577	0.00513	0.00320	0.00769	0.00769	0.01025	0.01666	0.03460	0.01922	0.81421	0.02691	0.00513	0.00513	0.00769	0.00320	0.00320
3	0.01873	0.07831	0.01681	0.08178	0.01794	0.01634	0.01038	0.63760	0.02247	0.02990	0.01197	0.01248	0.00864	0.00611	0.00514	0.00157	0.00591	0.00460	0.00479	0.00854
4	0.00629	0.00521	0.00551	0.00575	0.00724	0.00443	0.00419	0.00754	0.01167	0.01413	0.04880	0.19889	0.63415	0.01401	0.00635	0.00186	0.00275	0.01191	0.00491	0.00443
5	0.01915	0.01361	0.01511	0.01241	0.04359	0.01489	0.00979	0.54942	0.13732	0.10715	0.01477	0.01432	0.01047	0.00643	0.00530	0.00162	0.00545	0.00500	0.00533	0.00887
6	0.01304	0.08625	0.04812	0.01845	0.02288	0.10051	0.49267	0.01660	0.01237	0.01600	0.05176	0.01431	0.00995	0.00530	0.00663	0.00171	0.06828	0.00562	0.00278	0.00679
7	0.00697	0.00546	0.00627	0.00622	0.00761	0.00491	0.00456	0.00903	0.03483	0.01677	0.31108	0.12884	0.38046	0.04459	0.00710	0.00191	0.00280	0.01072	0.00518	0.00470
8	0.00745	0.00556	0.00720	0.00832	0.04986	0.00529	0.00532	0.02823	0.01100	0.01469	0.11268	0.46028	0.11172	0.13561	0.00957	0.00246	0.00352	0.01205	0.00464	0.00457
9	0.01172	0.00992	0.01157	0.00843	0.01289	0.00817	0.00678	0.07310	0.01195	0.01832	0.00956	0.01113	0.00789	0.00433	0.00458	0.00091	0.03708	0.00332	0.00327	0.74509

[dist]
# distance from previous block
# <min> <max>
1	7

[block]
# block no. 10 follows, 46 sequences, length 9
# corresponding to MSA columns:
# 1218-1226
name=unknown_K
#
# <colnr> <probs for GDERKNQSTAVLIFYWHMCP>
#	G	D	E	R	K	N	Q	S	T	A	V	L	I	F	Y	W	H	M	C	P
0	0.06947	0.01253	0.02013	0.03457	0.01973	0.03206	0.31585	0.06126	0.08853	0.04483	0.01134	0.01347	0.00872	0.00531	0.00636	0.00160	0.07816	0.00502	0.00332	0.16771
