[name]
unknown

[dist]
# distance from previous block
# <min> <max>
0	15

[block]
# block no. 0 follows, 46 sequences, length 20
# corresponding to MSA columns:
# 15-34
name=unknown_A
#
# <colnr> <probs for GDERKNQSTAVLIFYWHMCP>
#	G	D	E	R	K	N	Q	S	T	A	V	L	I	F	Y	W	H	M	C	P
0	0.06220	0.02867	0.10327	0.01320	0.04497	0.26702	0.05700	0.11538	0.08077	0.01853	0.03430	0.01650	0.02759	0.00638	0.00512	0.00157	0.00690	0.05324	0.00355	0.05385
1	0.01329	0.01151	0.10107	0.01119	0.01513	0.00920	0.10117	0.01656	0.03720	0.17775	0.12355	0.03485	0.01568	0.00649	0.00622	0.00151	0.07398	0.00547	0.00412	0.23406
2	0.01938	0.00902	0.01201	0.01029	0.05201	0.00825	0.00784	0.06976	0.04200	0.51608	0.15203	0.02103	0.01898	0.00713	0.00544	0.00162	0.00430	0.00596	0.00600	0.03087
3	0.02401	0.01885	0.36351	0.03730	0.03064	0.05617	0.04311	0.10804	0.07130	0.04859	0.08510	0.01746	0.05985	0.00646	0.00530	0.00166	0.00640	0.00528	0.00358	0.00737
4	0.01223	0.05823	0.22628	0.05552	0.29310	0.01244	0.13577	0.01654	0.03318	0.04021	0.01156	0.03954	0.00956	0.00555	0.00536	0.00167	0.00686	0.02595	0.00283	0.00762
5	0.02348	0.00937	0.01250	0.00958	0.01368	0.00833	0.00792	0.07369	0.01576	0.73607	0.02033	0.01765	0.01282	0.00653	0.00531	0.00163	0.00458	0.00528	0.00646	0.00900
6	0.00901	0.00797	0.01363	0.01261	0.06437	0.00758	0.18612	0.03926	0.01221	0.01661	0.14771	0.39254	0.04516	0.01148	0.00637	0.00191	0.00467	0.01086	0.00439	0.00554
7	0.02965	0.03443	0.01237	0.01028	0.01325	0.23970	0.00807	0.06281	0.08566	0.24008	0.06485	0.03956	0.10516	0.00756	0.00552	0.00160	0.02183	0.00586	0.00472	0.00703
8	0.00703	0.00526	0.00689	0.00751	0.00803	0.00524	0.00528	0.00820	0.01074	0.01450	0.13807	0.53800	0.07897	0.06090	0.00847	0.00224	0.05276	0.03267	0.00478	0.00445
9	0.00657	0.00492	0.00633	0.00726	0.00778	0.00468	0.00498	0.00756	0.01034	0.01359	0.03207	0.67402	0.14416	0.01587	0.00700	0.00210	0.02743	0.01414	0.00483	0.00436
10	0.00998	0.00940	0.01586	0.80150	0.03641	0.01175	0.01468	0.01351	0.01057	0.01351	0.00940	0.01409	0.00705	0.00529	0.00529	0.00176	0.00705	0.00470	0.00235	0.00587
11	0.18784	0.01217	0.01342	0.17070	0.03157	0.06112	0.02894	0.20034	0.13518	0.05762	0.01250	0.01361	0.00925	0.00584	0.00482	0.00164	0.00558	0.00453	0.03612	0.00720
12	0.01035	0.00977	0.01652	0.70992	0.12511	0.01184	0.01487	0.01383	0.01075	0.01396	0.00946	0.01397	0.00721	0.00522	0.00528	0.00174	0.00696	0.00470	0.00238	0.00617
13	0.00640	0.00476	0.00597	0.00695	0.00756	0.00433	0.00472	0.00741	0.01052	0.01366	0.03419	0.65354	0.18892	0.01591	0.00664	0.00207	0.00299	0.01423	0.00491	0.00433
14	0.01157	0.00658	0.00676	0.00614	0.00787	0.00685	0.00476	0.13798	0.01339	0.02199	0.01648	0.01854	0.01279	0.00619	0.00396	0.00129	0.00302	0.00490	0.70334	0.00561
15	0.09401	0.41648	0.02045	0.01036	0.01417	0.25601	0.00902	0.03487	0.01255	0.07652	0.00881	0.00968	0.00725	0.00505	0.00400	0.00130	0.00661	0.00325	0.00291	0.00671
16	0.06056	0.00998	0.01228	0.05796	0.01480	0.00866	0.03666	0.05739	0.03867	0.07632	0.01081	0.01208	0.00842	0.00453	0.00429	0.00108	0.00447	0.00369	0.00353	0.57382
17	0.04014	0.01558	0.01431	0.04290	0.05498	0.22754	0.00977	0.24139	0.12117	0.09467	0.05694	0.01477	0.01187	0.00639	0.00542	0.00159	0.02379	0.00482	0.00438	0.00758
18	0.00956	0.00699	0.00743	0.00704	0.00769	0.05102	0.00460	0.05587	0.00964	0.02933	0.04509	0.02928	0.01780	0.55088	0.09419	0.05316	0.00612	0.00692	0.00339	0.00401
19	0.00894	0.00775	0.05325	0.00790	0.01029	0.00632	0.04909	0.03953	0.01350	0.06765	0.26742	0.03846	0.36257	0.01169	0.03024	0.00193	0.00386	0.00917	0.00497	0.00545

[dist]
# distance from previous block
# <min> <max>
2	11

[block]
# block no. 1 follows, 46 sequences, length 38
# corresponding to MSA columns:
# 46-83
name=unknown_B
#
# <colnr> <probs for GDERKNQSTAVLIFYWHMCP>
#	G	D	E	R	K	N	Q	S	T	A	V	L	I	F	Y	W	H	M	C	P
0	0.01554	0.28266	0.03118	0.01015	0.01439	0.03829	0.02028	0.20063	0.01476	0.08047	0.02357	0.01164	0.00883	0.00532	0.00481	0.00128	0.03485	0.00384	0.00363	0.19389
1	0.01774	0.17044	0.01721	0.01099	0.01496	0.01621	0.00934	0.53037	0.03951	0.02745	0.01218	0.01273	0.00914	0.00722	0.03363	0.00174	0.00586	0.00446	0.05068	0.00816
2	0.01305	0.02515	0.01168	0.00849	0.01268	0.00850	0.00685	0.12253	0.01376	0.08560	0.09504	0.01489	0.01303	0.00526	0.00448	0.00108	0.00412	0.00425	0.00401	0.54554
3	0.01310	0.56320	0.22972	0.01137	0.01682	0.01821	0.05322	0.01613	0.01095	0.01383	0.00810	0.00951	0.00683	0.00465	0.00398	0.00131	0.00641	0.00330	0.00228	0.00708
4	0.06363	0.01382	0.01548	0.01390	0.09945	0.01527	0.01025	0.53698	0.12822	0.02945	0.01335	0.01351	0.00976	0.00621	0.00519	0.00162	0.00554	0.00482	0.00490	0.00866
5	0.01975	0.02520	0.01498	0.01362	0.01634	0.79299	0.01021	0.02111	0.01498	0.01294	0.00817	0.00953	0.00681	0.00545	0.00477	0.00136	0.00953	0.00340	0.00272	0.00613
6	0.00801	0.00590	0.00874	0.07598	0.01139	0.00686	0.00698	0.01010	0.00896	0.01319	0.01409	0.02008	0.01272	0.03304	0.63934	0.00712	0.01227	0.00550	0.09487	0.00484
7	0.01837	0.01455	0.01630	0.10042	0.08404	0.05475	0.01109	0.58002	0.02170	0.02875	0.01187	0.01272	0.00861	0.00604	0.00526	0.00159	0.00618	0.00468	0.00461	0.00845
8	0.01376	0.01409	0.02158	0.02952	0.63296	0.09810	0.07940	0.01682	0.01240	0.01677	0.00981	0.01280	0.00817	0.00477	0.00527	0.00157	0.00686	0.00470	0.00263	0.00802
9	0.00644	0.00460	0.00613	0.00736	0.00767	0.00429	0.00491	0.00736	0.01012	0.01350	0.02914	0.81076	0.03497	0.01656	0.00675	0.00215	0.00307	0.01503	0.00491	0.00429
10	0.01262	0.01403	0.10472	0.04500	0.61696	0.01282	0.01616	0.01592	0.01157	0.01675	0.00963	0.01276	0.00804	0.00515	0.00625	0.00165	0.07478	0.00461	0.00254	0.00804
11	0.00990	0.07515	0.00893	0.00709	0.00813	0.00702	0.00499	0.01070	0.00906	0.09587	0.01650	0.07039	0.01713	0.45519	0.17718	0.00492	0.00682	0.00700	0.00351	0.00451
12	0.00703	0.00527	0.00593	0.00637	0.00761	0.00480	0.00464	0.00882	0.03445	0.01493	0.03909	0.30260	0.38361	0.01354	0.00616	0.00188	0.00294	0.04895	0.09677	0.00460
13	0.00689	0.00527	0.00635	0.00660	0.00783	0.00473	0.00492	0.00860	0.01257	0.01648	0.28044	0.21667	0.31351	0.01336	0.00645	0.00188	0.00289	0.07473	0.00520	0.00463
14	0.01911	0.01292	0.01419	0.01101	0.01496	0.01382	0.00905	0.57254	0.02203	0.14151	0.01837	0.01765	0.09394	0.00715	0.00540	0.00162	0.00528	0.00554	0.00543	0.00850
15	0.10971	0.01527	0.01450	0.01183	0.01524	0.13318	0.00957	0.43458	0.09165	0.02635	0.01178	0.01234	0.00881	0.00638	0.00603	0.00164	0.07439	0.00445	0.00443	0.00787
16	0.01874	0.01413	0.01510	0.01189	0.01588	0.01576	0.00972	0.62010	0.17057	0.03113	0.01441	0.01406	0.01038	0.00651	0.00531	0.00163	0.00550	0.00500	0.00531	0.00887
17	0.00695	0.00542	0.00633	0.00620	0.00770	0.00480	0.00472	0.00889	0.01342	0.01760	0.39068	0.04604	0.39739	0.01225	0.00630	0.00176	0.00271	0.05078	0.00533	0.00473
18	0.01466	0.01287	0.09697	0.01125	0.03102	0.03456	0.00947	0.09891	0.37929	0.13174	0.08321	0.01947	0.01646	0.02870	0.00595	0.00180	0.00488	0.00578	0.00503	0.00797
19	0.01258	0.07035	0.59450	0.01445	0.02109	0.16508	0.01714	0.01754	0.01188	0.01576	0.00911	0.01070	0.00672	0.00508	0.00488	0.00158	0.00803	0.00375	0.00233	0.00743
20	0.19595	0.00975	0.01160	0.00913	0.01304	0.00940	0.00753	0.08077	0.02943	0.55298	0.01742	0.01565	0.01129	0.00620	0.00489	0.00164	0.00451	0.00477	0.00574	0.00830
21	0.01065	0.00611	0.00663	0.00622	0.00774	0.00642	0.00480	0.09420	0.01223	0.02015	0.01631	0.01909	0.01300	0.01089	0.11484	0.00229	0.00447	0.00501	0.63359	0.00534
22	0.01975	0.02520	0.01498	0.01362	0.01634	0.79299	0.01021	0.02111	0.01498	0.01294	0.00817	0.00953	0.00681	0.00545	0.00477	0.00136	0.00953	0.00340	0.00272	0.00613
23	0.01975	0.02520	0.01498	0.01362	0.01634	0.79299	0.01021	0.02111	0.01498	0.01294	0.00817	0.00953	0.00681	0.00545	0.00477	0.00136	0.00953	0.00340	0.00272	0.00613
24	0.02010	0.01481	0.01587	0.01216	0.01639	0.01639	0.01005	0.76360	0.02486	0.03332	0.01269	0.01269	0.00899	0.00635	0.00529	0.00159	0.00582	0.00476	0.00529	0.00899
25	0.01009	0.00606	0.00751	0.00682	0.00875	0.00536	0.00527	0.01214	0.01402	0.15874	0.39718	0.03954	0.27081	0.01091	0.00609	0.00171	0.00297	0.02482	0.00565	0.00556
26	0.00644	0.00460	0.00613	0.00736	0.00767	0.00429	0.00491	0.00736	0.01012	0.01350	0.02914	0.81076	0.03497	0.01656	0.00675	0.00215	0.00307	0.01503	0.00491	0.00429
27	0.00644	0.00460	0.00613	0.00736	0.00767	0.00429	0.00491	0.00736	0.01012	0.01350	0.02914	0.81076	0.03497	0.01656	0.00675	0.00215	0.00307	0.01503	0.00491	0.00429
28	0.00647	0.00463	0.00616	0.00734	0.00767	0.00432	0.00491	0.00744	0.01027	0.01373	0.05197	0.78726	0.03542	0.01639	0.00673	0.00213	0.00305	0.01486	0.00494	0.00432
29	0.85155	0.01022	0.00777	0.00695	0.01022	0.01186	0.00573	0.01554	0.00900	0.02372	0.00736	0.00859	0.00573	0.00491	0.00327	0.00164	0.00409	0.00286	0.00327	0.00573
30	0.01142	0.00967	0.01121	0.00805	0.01272	0.00752	0.00646	0.05117	0.01166	0.01804	0.00956	0.01105	0.00789	0.00404	0.00398	0.00082	0.00401	0.00321	0.00324	0.80426
31	0.00998	0.00940	0.01586	0.80150	0.03641	0.01175	0.01468	0.01351	0.01057	0.01351	0.00940	0.01409	0.00705	0.00529	0.00529	0.00176	0.00705	0.00470	0.00235	0.00587
32	0.85155	0.01022	0.00777	0.00695	0.01022	0.01186	0.00573	0.01554	0.00900	0.02372	0.00736	0.00859	0.00573	0.00491	0.00327	0.00164	0.00409	0.00286	0.00327	0.00573
33	0.01542	0.01062	0.01086	0.00891	0.01173	0.03396	0.00716	0.39988	0.01830	0.02653	0.01463	0.01579	0.01100	0.00623	0.00455	0.00142	0.00440	0.00480	0.38675	0.00706
34	0.85155	0.01022	0.00777	0.00695	0.01022	0.01186	0.00573	0.01554	0.00900	0.02372	0.00736	0.00859	0.00573	0.00491	0.00327	0.00164	0.00409	0.00286	0.00327	0.00573
35	0.01305	0.01265	0.02195	0.03194	0.74320	0.01260	0.05386	0.01626	0.01206	0.01725	0.00998	0.01314	0.00836	0.00470	0.00528	0.00158	0.00641	0.00479	0.00262	0.00831
36	0.05819	0.00851	0.00931	0.00827	0.01078	0.02322	0.00647	0.05220	0.20257	0.13851	0.18798	0.04440	0.19716	0.00937	0.00568	0.00173	0.00369	0.02005	0.00536	0.00657
37	0.01844	0.00973	0.06963	0.00946	0.01310	0.00773	0.00810	0.03704	0.03425	0.50602	0.02095	0.17178	0.01664	0.00828	0.00551	0.00170	0.00446	0.00702	0.00569	0.04445

[dist]
# distance from previous block
# <min> <max>
0	47

[block]
# block no. 2 follows, 46 sequences, length 89
# corresponding to MSA columns:
# 136-224
name=unknown_C
#
# <colnr> <probs for GDERKNQSTAVLIFYWHMCP>
#	G	D	E	R	K	N	Q	S	T	A	V	L	I	F	Y	W	H	M	C	P
0	0.00736	0.00540	0.00690	0.00652	0.00782	0.00494	0.00489	0.00974	0.01467	0.02051	0.70585	0.04063	0.12291	0.01107	0.00624	0.00167	0.00251	0.00972	0.00573	0.00494
1	0.00739	0.00523	0.00676	0.00750	0.00820	0.00501	0.00519	0.00942	0.05681	0.03223	0.14413	0.62663	0.03565	0.01489	0.00655	0.00204	0.00308	0.01343	0.00511	0.00475
2	0.01193	0.31496	0.49403	0.01303	0.01959	0.01545	0.03160	0.01641	0.01104	0.01518	0.00873	0.01025	0.00676	0.00483	0.00445	0.00148	0.00705	0.00356	0.00225	0.00742
3	0.00734	0.00553	0.00781	0.10164	0.01174	0.00558	0.00678	0.00898	0.01093	0.01445	0.07265	0.50068	0.04777	0.01441	0.00665	0.00212	0.00386	0.16178	0.00465	0.00464
4	0.00883	0.00640	0.00800	0.00755	0.00891	0.00579	0.00556	0.01090	0.01564	0.02214	0.74775	0.04097	0.06653	0.01162	0.00677	0.00190	0.00299	0.00991	0.00619	0.00567
5	0.00785	0.00581	0.00702	0.00782	0.00861	0.00520	0.00533	0.00858	0.01162	0.01533	0.07616	0.59547	0.19159	0.01622	0.00714	0.00227	0.00343	0.01413	0.00536	0.00508
6	0.12471	0.07723	0.20405	0.05523	0.10058	0.06935	0.07153	0.06164	0.02970	0.14049	0.01136	0.01247	0.00825	0.00530	0.00485	0.00160	0.00644	0.00428	0.00342	0.00752
7	0.01512	0.66822	0.06507	0.01144	0.04217	0.03691	0.01052	0.01667	0.01156	0.01412	0.00889	0.01085	0.00811	0.00574	0.00500	0.00150	0.05437	0.00352	0.00275	0.00748
8	0.00644	0.00460	0.00613	0.00736	0.00767	0.00429	0.00491	0.00736	0.01012	0.01350	0.02914	0.81076	0.03497	0.01656	0.00675	0.00215	0.00307	0.01503	0.00491	0.00429
9	0.00948	0.00874	0.01469	0.03205	0.20325	0.02178	0.14013	0.01165	0.01114	0.01506	0.02040	0.43035	0.02256	0.01107	0.00623	0.00193	0.00511	0.02465	0.00386	0.00587
10	0.01304	0.01247	0.08454	0.06472	0.14623	0.01107	0.21775	0.08086	0.04040	0.09652	0.08524	0.07891	0.03019	0.00677	0.00574	0.00172	0.00622	0.00655	0.00383	0.00724
11	0.01197	0.08637	0.56666	0.01466	0.02148	0.01285	0.08492	0.01789	0.05725	0.06133	0.01081	0.01214	0.00776	0.00515	0.00504	0.00165	0.00733	0.00424	0.00271	0.00777
12	0.00894	0.00758	0.01066	0.00987	0.01034	0.00962	0.00773	0.01027	0.00823	0.01209	0.01212	0.01992	0.01207	0.15684	0.40370	0.00584	0.28099	0.00564	0.00272	0.00483
13	0.01126	0.00917	0.01081	0.00785	0.01234	0.00696	0.00626	0.01358	0.01122	0.04662	0.03207	0.02785	0.00976	0.00446	0.00409	0.00087	0.00388	0.00363	0.00337	0.77395
14	0.04804	0.58871	0.19751	0.01032	0.01553	0.01831	0.01124	0.01624	0.01086	0.03060	0.00812	0.00929	0.00686	0.00469	0.00380	0.00128	0.00605	0.00313	0.00239	0.00702
15	0.01373	0.00972	0.02923	0.13173	0.01674	0.00990	0.02426	0.14184	0.10180	0.15130	0.02241	0.03019	0.09251	0.00902	0.00592	0.00188	0.00515	0.19099	0.00480	0.00689
16	0.00652	0.00532	0.00566	0.00564	0.00719	0.00457	0.00415	0.00794	0.01217	0.01506	0.15923	0.07509	0.59935	0.05959	0.00746	0.00197	0.00281	0.01085	0.00495	0.00446
17	0.01836	0.01347	0.01437	0.01130	0.01510	0.01491	0.00924	0.61314	0.09986	0.03081	0.01405	0.01411	0.01018	0.00641	0.00514	0.00157	0.00531	0.00490	0.08925	0.00852
18	0.00749	0.00550	0.00703	0.00671	0.00798	0.00511	0.00501	0.01012	0.03236	0.02039	0.67681	0.08263	0.09058	0.01119	0.00624	0.00170	0.00258	0.00987	0.00571	0.00500
19	0.00661	0.00537	0.00586	0.00574	0.00736	0.00462	0.00430	0.00829	0.01291	0.01632	0.26700	0.04752	0.56437	0.01263	0.00624	0.00175	0.00262	0.01069	0.00518	0.00462
20	0.01068	0.01010	0.01711	0.62959	0.20290	0.01193	0.01503	0.01411	0.01090	0.01435	0.00952	0.01387	0.00734	0.00516	0.00527	0.00172	0.00688	0.00470	0.00241	0.00643
21	0.00644	0.00460	0.00613	0.00736	0.00767	0.00429	0.00491	0.00736	0.01012	0.01350	0.02914	0.81076	0.03497	0.01656	0.00675	0.00215	0.00307	0.01503	0.00491	0.00429
22	0.01964	0.04733	0.01553	0.01321	0.01627	0.62397	0.01015	0.16010	0.01670	0.01674	0.00899	0.01009	0.00722	0.00559	0.00482	0.00140	0.00872	0.00364	0.00319	0.00668
23	0.85155	0.01022	0.00777	0.00695	0.01022	0.01186	0.00573	0.01554	0.00900	0.02372	0.00736	0.00859	0.00573	0.00491	0.00327	0.00164	0.00409	0.00286	0.00327	0.00573
24	0.00672	0.00480	0.00645	0.00763	0.00807	0.00453	0.00534	0.00787	0.01052	0.01401	0.05178	0.69690	0.03487	0.01615	0.00680	0.00217	0.00327	0.10281	0.00493	0.00438
25	0.00644	0.00460	0.00613	0.00736	0.00767	0.00429	0.00491	0.00736	0.01012	0.01350	0.02914	0.81076	0.03497	0.01656	0.00675	0.00215	0.00307	0.01503	0.00491	0.00429
26	0.01157	0.01157	0.01619	0.01388	0.01388	0.01619	0.01157	0.01272	0.00810	0.01272	0.00694	0.01157	0.00694	0.00925	0.01735	0.00231	0.80453	0.00463	0.00231	0.00578
27	0.08959	0.01286	0.01397	0.01092	0.01476	0.01403	0.00899	0.51727	0.03570	0.14122	0.01374	0.01364	0.00967	0.00633	0.00532	0.00160	0.02436	0.00471	0.05293	0.00840
28	0.01402	0.73957	0.08332	0.00957	0.01432	0.02017	0.00984	0.03419	0.01112	0.01327	0.00764	0.00878	0.00683	0.00460	0.00356	0.00118	0.00582	0.00295	0.00233	0.00691
29	0.01413	0.68834	0.10306	0.00994	0.01468	0.06857	0.01017	0.01625	0.01105	0.01290	0.00762	0.00882	0.00678	0.00463	0.00364	0.00120	0.00611	0.00297	0.00229	0.00685
30	0.01683	0.02040	0.01401	0.08832	0.03508	0.57603	0.01004	0.01878	0.02965	0.01347	0.01172	0.01347	0.05110	0.00790	0.05066	0.00185	0.00883	0.00421	0.02164	0.00600
31	0.02989	0.00660	0.00621	0.00587	0.00739	0.03837	0.00445	0.06658	0.01209	0.02023	0.01631	0.01896	0.01293	0.02906	0.00450	0.00138	0.00311	0.00488	0.70593	0.00524
32	0.05782	0.00905	0.01208	0.00930	0.01336	0.00794	0.00769	0.02534	0.01488	0.75354	0.02030	0.01761	0.01278	0.00648	0.00523	0.00164	0.00448	0.00522	0.00641	0.00886
33	0.00750	0.00546	0.00683	0.00739	0.00788	0.00549	0.00503	0.00921	0.05622	0.01372	0.06966	0.44052	0.02947	0.23319	0.01243	0.00293	0.02294	0.05533	0.00446	0.00436
34	0.01308	0.01256	0.02146	0.03245	0.78123	0.01256	0.01622	0.01622	0.01204	0.01727	0.00994	0.01308	0.00837	0.00471	0.00523	0.00157	0.00628	0.00471	0.00262	0.00837
35	0.01147	0.04386	0.72327	0.01459	0.02211	0.01220	0.01859	0.01726	0.01139	0.06288	0.01012	0.01151	0.00708	0.00510	0.00500	0.00166	0.00757	0.00397	0.00249	0.00786
36	0.00625	0.00536	0.00536	0.00536	0.00714	0.00446	0.00402	0.00759	0.01205	0.01428	0.05355	0.05088	0.77909	0.01339	0.00625	0.00179	0.00268	0.01116	0.00491	0.00446
37	0.02275	0.00892	0.01206	0.00931	0.01325	0.00780	0.00767	0.04068	0.01533	0.72668	0.06247	0.01907	0.01503	0.00677	0.00537	0.00164	0.00442	0.00554	0.00648	0.00878
38	0.01024	0.01070	0.06266	0.69891	0.08912	0.01184	0.01508	0.01390	0.01071	0.01397	0.00944	0.01385	0.00712	0.00523	0.00527	0.00174	0.00704	0.00465	0.00236	0.00617
39	0.01248	0.01426	0.03119	0.02228	0.02763	0.01337	0.76203	0.01693	0.01248	0.01693	0.01070	0.01426	0.00802	0.00446	0.00624	0.00178	0.00891	0.00624	0.00267	0.00713
40	0.00644	0.00460	0.00613	0.00736	0.00767	0.00429	0.00491	0.00736	0.01012	0.01350	0.02914	0.81076	0.03497	0.01656	0.00675	0.00215	0.00307	0.01503	0.00491	0.00429
41	0.00985	0.00493	0.00493	0.00493	0.00616	0.00493	0.00370	0.01232	0.01109	0.01971	0.01725	0.01971	0.01355	0.00616	0.00370	0.00123	0.00246	0.00493	0.84356	0.00493
42	0.00908	0.00634	0.00805	0.00837	0.00972	0.00624	0.00654	0.05086	0.05580	0.05158	0.13715	0.29823	0.08366	0.01340	0.00659	0.00207	0.00377	0.23213	0.00515	0.00527
43	0.01098	0.10253	0.69744	0.01465	0.02210	0.01313	0.03509	0.01666	0.01115	0.01634	0.00931	0.01097	0.00673	0.00496	0.00489	0.00162	0.00763	0.00386	0.00224	0.00770
44	0.01248	0.01311	0.01542	0.01339	0.01380	0.12642	0.01092	0.01364	0.00907	0.01264	0.00768	0.01243	0.00757	0.04255	0.03342	0.00243	0.64031	0.00460	0.00242	0.00570
45	0.01233	0.06182	0.09888	0.03649	0.04503	0.03048	0.44736	0.01602	0.01139	0.01568	0.00955	0.01297	0.00757	0.00550	0.00805	0.00182	0.16426	0.00537	0.00253	0.00690
46	0.00644	0.00460	0.00613	0.00736	0.00767	0.00429	0.00491	0.00736	0.01012	0.01350	0.02914	0.81076	0.03497	0.01656	0.00675	0.00215	0.00307	0.01503	0.00491	0.00429
47	0.00892	0.00655	0.00794	0.00790	0.00921	0.00641	0.00578	0.11707	0.01306	0.01758	0.13085	0.41684	0.07844	0.05974	0.00752	0.00211	0.00362	0.05581	0.00491	0.03974
48	0.00769	0.00513	0.00577	0.00577	0.00577	0.00513	0.00320	0.00769	0.00769	0.01025	0.01666	0.03460	0.01922	0.81421	0.02691	0.00513	0.00513	0.00769	0.00320	0.00320
49	0.02010	0.01481	0.01587	0.01216	0.01639	0.01639	0.01005	0.76360	0.02486	0.03332	0.01269	0.01269	0.00899	0.00635	0.00529	0.00159	0.00582	0.00476	0.00529	0.00899
50	0.01301	0.01248	0.02132	0.05126	0.76301	0.01254	0.01619	0.01616	0.01200	0.01718	0.00993	0.01311	0.00834	0.00472	0.00523	0.00157	0.00630	0.00471	0.00261	0.00831
51	0.01045	0.00668	0.00905	0.00960	0.01123	0.00662	0.00822	0.01356	0.05827	0.10429	0.05198	0.06949	0.02834	0.01315	0.00691	0.00227	0.00466	0.57455	0.00512	0.00554
52	0.02372	0.00900	0.01227	0.00941	0.01350	0.00777	0.00777	0.02576	0.01513	0.78489	0.02086	0.01799	0.01309	0.00654	0.00532	0.00164	0.00450	0.00532	0.00654	0.00900
53	0.02031	0.01446	0.01565	0.01200	0.01622	0.01588	0.00991	0.71920	0.02427	0.07855	0.01318	0.01301	0.00924	0.00636	0.00529	0.00159	0.00574	0.00479	0.00536	0.00899
54	0.01143	0.00798	0.00874	0.00767	0.00897	0.00845	0.00528	0.23232	0.01295	0.01749	0.01573	0.04198	0.01627	0.53093	0.01929	0.00388	0.00520	0.00686	0.03357	0.00500
55	0.01448	0.77081	0.02702	0.00923	0.01373	0.02066	0.00910	0.05923	0.01156	0.01365	0.00766	0.00872	0.00691	0.00463	0.00350	0.00116	0.00566	0.00294	0.00244	0.00691
56	0.01346	0.66744	0.17178	0.01019	0.01534	0.01928	0.01104	0.01600	0.01082	0.01325	0.00776	0.00899	0.00677	0.00462	0.00370	0.00123	0.00606	0.00303	0.00226	0.00698
57	0.01975	0.02520	0.01498	0.01362	0.01634	0.79299	0.01021	0.02111	0.01498	0.01294	0.00817	0.00953	0.00681	0.00545	0.00477	0.00136	0.00953	0.00340	0.00272	0.00613
58	0.01735	0.01313	0.01395	0.01133	0.01485	0.03252	0.00911	0.51468	0.15126	0.04424	0.01622	0.10829	0.01333	0.00768	0.00546	0.00168	0.00527	0.00616	0.00522	0.00826
59	0.01206	0.01625	0.16317	0.02035	0.04231	0.01346	0.53465	0.01644	0.01177	0.01646	0.01007	0.01340	0.00768	0.00507	0.00717	0.00181	0.09256	0.00562	0.00256	0.00714
60	0.00764	0.00510	0.00578	0.00583	0.00584	0.00509	0.00327	0.00767	0.00779	0.01038	0.01717	0.06657	0.01987	0.78135	0.02608	0.00500	0.00504	0.00799	0.00327	0.00325
61	0.00764	0.00557	0.00741	0.00825	0.00934	0.00534	0.00668	0.00961	0.01209	0.01587	0.13615	0.22165	0.12508	0.01436	0.00690	0.00218	0.00387	0.39227	0.00501	0.00471
62	0.00731	0.00603	0.00653	0.00654	0.00823	0.00560	0.00493	0.01038	0.10194	0.01587	0.11583	0.12466	0.50581	0.01279	0.00625	0.00184	0.00298	0.04642	0.00505	0.00498
63	0.03698	0.23437	0.03378	0.00948	0.01363	0.01248	0.00840	0.11348	0.01472	0.39692	0.01751	0.01632	0.05663	0.00630	0.00478	0.00150	0.00494	0.00482	0.00493	0.00801
64	0.00824	0.00598	0.00813	0.00914	0.01041	0.00587	0.00789	0.01056	0.01230	0.01594	0.06841	0.05773	0.10708	0.01429	0.00714	0.00233	0.00453	0.63429	0.00492	0.00483
65	0.00649	0.00464	0.00619	0.00742	0.00775	0.00434	0.00499	0.00745	0.01017	0.01355	0.02911	0.79279	0.03486	0.01652	0.00676	0.00215	0.00311	0.03250	0.00491	0.00431
66	0.01057	0.01004	0.01714	0.65185	0.16626	0.01192	0.02972	0.01405	0.01086	0.01423	0.00952	0.01392	0.00730	0.00517	0.00530	0.00173	0.00695	0.00473	0.00240	0.00633
67	0.01087	0.02697	0.77088	0.01495	0.02269	0.01218	0.01929	0.01693	0.01124	0.03255	0.00972	0.01130	0.00683	0.00505	0.00503	0.00167	0.00774	0.00394	0.00232	0.00784
68	0.01040	0.00554	0.00569	0.00547	0.00687	0.00567	0.00417	0.05745	0.01184	0.02030	0.01688	0.01932	0.01327	0.00719	0.02779	0.00147	0.00302	0.00494	0.76755	0.00517
69	0.72441	0.01004	0.00846	0.00733	0.01073	0.01123	0.00604	0.01711	0.00994	0.14062	0.00943	0.01003	0.00686	0.00516	0.00359	0.00164	0.00415	0.00324	0.00377	0.00623
70	0.00644	0.00460	0.00613	0.00736	0.00767	0.00429	0.00491	0.00736	0.01012	0.01350	0.02914	0.81076	0.03497	0.01656	0.00675	0.00215	0.00307	0.01503	0.00491	0.00429
71	0.02329	0.00968	0.01269	0.00973	0.01384	0.00879	0.00804	0.11299	0.01628	0.69604	0.01989	0.01737	0.01260	0.00652	0.00531	0.00163	0.00465	0.00525	0.00639	0.00900
72	0.01172	0.05833	0.01686	0.01360	0.01386	0.01647	0.01142	0.01290	0.00825	0.01271	0.00696	0.01139	0.00693	0.00898	0.01654	0.00224	0.75817	0.00452	0.00231	0.00584
73	0.01308	0.01256	0.02146	0.03245	0.78123	0.01256	0.01622	0.01622	0.01204	0.01727	0.00994	0.01308	0.00837	0.00471	0.00523	0.00157	0.00628	0.00471	0.00262	0.00837
74	0.01459	0.01128	0.01221	0.01072	0.01387	0.01272	0.00846	0.08925	0.61664	0.09412	0.02090	0.02010	0.01566	0.00726	0.00542	0.00178	0.00437	0.02682	0.00547	0.00838
75	0.00673	0.00546	0.00599	0.00592	0.00751	0.00478	0.00441	0.00864	0.02946	0.01619	0.23811	0.09136	0.53127	0.01277	0.00625	0.00177	0.00269	0.01086	0.00515	0.00467
76	0.00657	0.00533	0.00583	0.00578	0.00736	0.00459	0.00431	0.00818	0.01269	0.01600	0.23618	0.08526	0.55766	0.01289	0.00627	0.00177	0.00265	0.01094	0.00514	0.00459
77	0.00765	0.00514	0.00578	0.00577	0.00583	0.00511	0.00325	0.00773	0.00791	0.01053	0.03122	0.03502	0.03563	0.78295	0.02610	0.00499	0.00503	0.00779	0.00329	0.00326
78	0.00854	0.00597	0.00735	0.00682	0.00844	0.00556	0.00518	0.01157	0.06140	0.06428	0.55093	0.03916	0.18303	0.01082	0.00613	0.00169	0.00275	0.00939	0.00566	0.00533
79	0.00646	0.00462	0.00615	0.00735	0.00767	0.00431	0.00491	0.00742	0.01023	0.01366	0.04550	0.79391	0.03529	0.01644	0.00674	0.00214	0.00305	0.01491	0.00493	0.00431
80	0.01304	0.53704	0.28389	0.01116	0.01676	0.03116	0.01261	0.01623	0.01096	0.01390	0.00809	0.00940	0.00676	0.00471	0.00397	0.00132	0.00645	0.00320	0.00226	0.00712
81	0.01060	0.02735	0.78682	0.01507	0.02288	0.01228	0.01953	0.01674	0.01116	0.01674	0.00949	0.01116	0.00670	0.00502	0.00502	0.00167	0.00781	0.00391	0.00223	0.00781
82	0.00769	0.00513	0.00577	0.00577	0.00577	0.00513	0.00320	0.00769	0.00769	0.01025	0.01666	0.03460	0.01922	0.81421	0.02691	0.00513	0.00513	0.00769	0.00320	0.00320
83	0.01413	0.81739	0.02770	0.00905	0.01357	0.02092	0.00905	0.01583	0.01074	0.01244	0.00735	0.00848	0.00678	0.00452	0.00339	0.00113	0.00565	0.00283	0.00226	0.00678
84	0.00679	0.00495	0.00686	0.00784	0.00832	0.00467	0.02099	0.00789	0.01028	0.01367	0.02826	0.70241	0.03350	0.04111	0.00742	0.00226	0.00342	0.08019	0.00480	0.00437
85	0.00769	0.00513	0.00577	0.00577	0.00577	0.00513	0.00320	0.00769	0.00769	0.01025	0.01666	0.03460	0.01922	0.81421	0.02691	0.00513	0.00513	0.00769	0.00320	0.00320
86	0.02034	0.00975	0.01217	0.00984	0.01358	0.00949	0.00796	0.02651	0.25680	0.54123	0.02107	0.01855	0.01406	0.00674	0.00534	0.00169	0.00440	0.00553	0.00617	0.00880
87	0.01210	0.01355	0.02903	0.03645	0.02635	0.01270	0.68585	0.01630	0.01228	0.01672	0.01147	0.05067	0.00923	0.00501	0.00616	0.00176	0.00843	0.00650	0.00279	0.03665
88	0.73683	0.01010	0.00881	0.10093	0.01338	0.01177	0.00682	0.01549	0.00930	0.03651	0.00785	0.00941	0.00602	0.00498	0.00355	0.00165	0.00445	0.00312	0.00322	0.00580

[dist]
# distance from previous block
# <min> <max>
0	1

[block]
# block no. 3 follows, 46 sequences, length 9
# corresponding to MSA columns:
# 226-234
name=unknown_D
#
# <colnr> <probs for GDERKNQSTAVLIFYWHMCP>
#	G	D	E	R	K	N	Q	S	T	A	V	L	I	F	Y	W	H	M	C	P
0	0.01308	0.01256	0.02146	0.03245	0.78123	0.01256	0.01622	0.01622	0.01204	0.01727	0.00994	0.01308	0.00837	0.00471	0.00523	0.00157	0.00628	0.00471	0.00262	0.00837
1	0.01248	0.01426	0.03119	0.02228	0.02763	0.01337	0.76203	0.01693	0.01248	0.01693	0.01070	0.01426	0.00802	0.00446	0.00624	0.00178	0.00891	0.00624	0.00267	0.00713
2	0.01014	0.00928	0.01545	0.70888	0.07417	0.01135	0.01405	0.01358	0.01068	0.01411	0.00993	0.01440	0.00754	0.00531	0.00518	0.00172	0.00671	0.00471	0.05687	0.00594
3	0.00658	0.00468	0.00618	0.00723	0.00758	0.00439	0.00482	0.00756	0.01033	0.01386	0.08061	0.71572	0.03516	0.05868	0.00779	0.00227	0.00314	0.01426	0.00488	0.00428
4	0.00644	0.00460	0.00613	0.00736	0.00767	0.00429	0.00491	0.00736	0.01012	0.01350	0.02914	0.81076	0.03497	0.01656	0.00675	0.00215	0.00307	0.01503	0.00491	0.00429
5	0.00755	0.00566	0.00850	0.00850	0.00944	0.00661	0.00661	0.00944	0.00850	0.01227	0.01416	0.02077	0.01322	0.03965	0.79326	0.00850	0.01416	0.00566	0.00283	0.00472
6	0.02025	0.01577	0.01557	0.01219	0.01623	0.11066	0.00995	0.63372	0.02313	0.07088	0.01258	0.01259	0.00894	0.00625	0.00523	0.00156	0.00620	0.00462	0.00504	0.00864
7	0.00743	0.00532	0.00684	0.00801	0.00841	0.00488	0.00533	0.00809	0.01072	0.01439	0.02978	0.80032	0.03545	0.01701	0.00712	0.00231	0.00341	0.01517	0.00520	0.00480
8	0.00644	0.00460	0.00613	0.00736	0.00767	0.00429	0.00491	0.00736	0.01012	0.01350	0.02914	0.81076	0.03497	0.01656	0.00675	0.00215	0.00307	0.01503	0.00491	0.00429

[dist]
# distance from previous block
# <min> <max>
0	1

[block]
# block no. 4 follows, 46 sequences, length 62
# corresponding to MSA columns:
# 236-297
name=unknown_E
#
# <colnr> <probs for GDERKNQSTAVLIFYWHMCP>
#	G	D	E	R	K	N	Q	S	T	A	V	L	I	F	Y	W	H	M	C	P
0	0.01413	0.81739	0.02770	0.00905	0.01357	0.02092	0.00905	0.01583	0.01074	0.01244	0.00735	0.00848	0.00678	0.00452	0.00339	0.00113	0.00565	0.00283	0.00226	0.00678
1	0.02351	0.00933	0.01248	0.00957	0.01366	0.00827	0.00790	0.06847	0.01569	0.74139	0.02038	0.01769	0.01285	0.00653	0.00531	0.00163	0.00457	0.00528	0.00647	0.00900
2	0.00835	0.00597	0.00833	0.00955	0.01069	0.00594	0.00823	0.01067	0.01201	0.01563	0.02808	0.11971	0.03079	0.01476	0.00726	0.00241	0.00472	0.68722	0.00487	0.00482
3	0.01269	0.01457	0.03073	0.02203	0.02730	0.03581	0.74039	0.01705	0.01255	0.01682	0.01062	0.01412	0.00799	0.00448	0.00620	0.00177	0.00893	0.00616	0.00268	0.00710
4	0.01877	0.01404	0.01502	0.01177	0.01570	0.01560	0.00960	0.64156	0.12333	0.03108	0.01399	0.01434	0.01027	0.03266	0.00600	0.00173	0.00558	0.00502	0.00523	0.00872
5	0.00762	0.00573	0.00713	0.00713	0.00832	0.00551	0.00520	0.01074	0.08335	0.01861	0.44384	0.25280	0.09943	0.01227	0.00630	0.00182	0.00282	0.01087	0.00545	0.00507
6	0.01326	0.01148	0.01221	0.01084	0.01377	0.03192	0.02317	0.08052	0.62039	0.02193	0.02152	0.06537	0.03452	0.00771	0.00547	0.00179	0.00443	0.00648	0.00521	0.00801
7	0.01969	0.01461	0.01564	0.01208	0.01624	0.01621	0.00995	0.72103	0.06808	0.03267	0.01320	0.01310	0.00940	0.00639	0.00529	0.00160	0.00572	0.00483	0.00529	0.00895
8	0.01248	0.01426	0.03119	0.02228	0.02763	0.01337	0.76203	0.01693	0.01248	0.01693	0.01070	0.01426	0.00802	0.00446	0.00624	0.00178	0.00891	0.00624	0.00267	0.00713
9	0.02297	0.00910	0.01217	0.00937	0.01339	0.00799	0.00773	0.05370	0.01540	0.72916	0.02167	0.01893	0.03940	0.00677	0.00535	0.00164	0.00449	0.00550	0.00644	0.00884
10	0.00958	0.00587	0.00771	0.00698	0.00861	0.00534	0.00533	0.01199	0.01492	0.12120	0.66230	0.03693	0.06193	0.01031	0.00611	0.00166	0.00276	0.00904	0.00589	0.00550
11	0.00748	0.00540	0.00707	0.00665	0.00790	0.00499	0.00499	0.00998	0.01496	0.02120	0.77844	0.03949	0.04988	0.01081	0.00624	0.00166	0.00249	0.00956	0.00582	0.00499
12	0.00656	0.00533	0.00582	0.00579	0.00736	0.00458	0.00431	0.00817	0.01267	0.01595	0.23198	0.08953	0.55765	0.01292	0.00627	0.00177	0.00265	0.01097	0.00513	0.00458
13	0.85155	0.01022	0.00777	0.00695	0.01022	0.01186	0.00573	0.01554	0.00900	0.02372	0.00736	0.00859	0.00573	0.00491	0.00327	0.00164	0.00409	0.00286	0.00327	0.00573
14	0.00708	0.00535	0.00656	0.00656	0.00786	0.00483	0.00494	0.00906	0.01339	0.01796	0.43275	0.12897	0.26045	0.01245	0.00637	0.00180	0.00277	0.06071	0.00539	0.00475
15	0.02010	0.01481	0.01587	0.01216	0.01639	0.01639	0.01005	0.76360	0.02486	0.03332	0.01269	0.01269	0.00899	0.00635	0.00529	0.00159	0.00582	0.00476	0.00529	0.00899
16	0.01123	0.00593	0.00614	0.00571	0.00731	0.00603	0.00439	0.07843	0.01243	0.04735	0.01697	0.01904	0.01314	0.00619	0.00389	0.00128	0.00283	0.00493	0.74138	0.00542
17	0.01010	0.00952	0.01607	0.77188	0.06510	0.01178	0.01474	0.01361	0.01063	0.01365	0.00942	0.01406	0.00710	0.00526	0.00528	0.00175	0.00702	0.00470	0.00236	0.00597
18	0.00652	0.00466	0.00623	0.00745	0.00779	0.00436	0.00505	0.00750	0.01020	0.01359	0.02909	0.78168	0.03479	0.01649	0.00677	0.00216	0.00314	0.04331	0.00491	0.00432
19	0.01413	0.81739	0.02770	0.00905	0.01357	0.02092	0.00905	0.01583	0.01074	0.01244	0.00735	0.00848	0.00678	0.00452	0.00339	0.00113	0.00565	0.00283	0.00226	0.00678
20	0.02256	0.00874	0.01190	0.00921	0.01309	0.00757	0.00757	0.02463	0.01512	0.73021	0.07510	0.01953	0.01572	0.00685	0.00538	0.00164	0.00435	0.00562	0.00649	0.00871
21	0.01413	0.81739	0.02770	0.00905	0.01357	0.02092	0.00905	0.01583	0.01074	0.01244	0.00735	0.00848	0.00678	0.00452	0.00339	0.00113	0.00565	0.00283	0.00226	0.00678
22	0.01225	0.01478	0.07427	0.02150	0.02687	0.01309	0.69702	0.01675	0.01239	0.01689	0.01113	0.01541	0.00860	0.00479	0.00620	0.00180	0.00873	0.02773	0.00271	0.00710
23	0.00644	0.00460	0.00613	0.00736	0.00767	0.00429	0.00491	0.00736	0.01012	0.01350	0.02914	0.81076	0.03497	0.01656	0.00675	0.00215	0.00307	0.01503	0.00491	0.00429
24	0.00644	0.00460	0.00613	0.00736	0.00767	0.00429	0.00491	0.00736	0.01012	0.01350	0.02914	0.81076	0.03497	0.01656	0.00675	0.00215	0.00307	0.01503	0.00491	0.00429
25	0.01071	0.05045	0.76462	0.01489	0.02261	0.01253	0.01923	0.01672	0.01115	0.01662	0.00942	0.01108	0.00670	0.00501	0.00497	0.00166	0.00775	0.00387	0.00223	0.00778
26	0.01308	0.01256	0.02146	0.03245	0.78123	0.01256	0.01622	0.01622	0.01204	0.01727	0.00994	0.01308	0.00837	0.00471	0.00523	0.00157	0.00628	0.00471	0.00262	0.00837
27	0.00998	0.00940	0.01586	0.80150	0.03641	0.01175	0.01468	0.01351	0.01057	0.01351	0.00940	0.01409	0.00705	0.00529	0.00529	0.00176	0.00705	0.00470	0.00235	0.00587
28	0.00742	0.00540	0.00698	0.00658	0.00786	0.00496	0.00494	0.00985	0.01481	0.02084	0.74028	0.04009	0.08828	0.01094	0.00624	0.00167	0.00250	0.00964	0.00577	0.00496
29	0.01008	0.00949	0.01594	0.73744	0.07949	0.01162	0.01452	0.01353	0.01069	0.01375	0.01047	0.01491	0.02542	0.00544	0.00531	0.00175	0.00690	0.00485	0.00243	0.00599
30	0.02010	0.01481	0.01587	0.01216	0.01639	0.01639	0.01005	0.76360	0.02486	0.03332	0.01269	0.01269	0.00899	0.00635	0.00529	0.00159	0.00582	0.00476	0.00529	0.00899
31	0.00998	0.00940	0.01586	0.80150	0.03641	0.01175	0.01468	0.01351	0.01057	0.01351	0.00940	0.01409	0.00705	0.00529	0.00529	0.00176	0.00705	0.00470	0.00235	0.00587
32	0.00764	0.00511	0.00578	0.00583	0.00584	0.00509	0.00327	0.00768	0.00778	0.01038	0.01714	0.06449	0.01983	0.78348	0.02613	0.00501	0.00505	0.00797	0.00327	0.00325
33	0.02010	0.01481	0.01587	0.01216	0.01639	0.01639	0.01005	0.76360	0.02486	0.03332	0.01269	0.01269	0.00899	0.00635	0.00529	0.00159	0.00582	0.00476	0.00529	0.00899
34	0.01243	0.01300	0.01606	0.01385	0.01414	0.09809	0.01142	0.01361	0.00882	0.01275	0.00707	0.01135	0.00693	0.00885	0.01602	0.00221	0.72072	0.00450	0.00236	0.00582
35	0.00998	0.00940	0.01586	0.80150	0.03641	0.01175	0.01468	0.01351	0.01057	0.01351	0.00940	0.01409	0.00705	0.00529	0.00529	0.00176	0.00705	0.00470	0.00235	0.00587
36	0.01308	0.01256	0.02146	0.03245	0.78123	0.01256	0.01622	0.01622	0.01204	0.01727	0.00994	0.01308	0.00837	0.00471	0.00523	0.00157	0.00628	0.00471	0.00262	0.00837
37	0.00652	0.00470	0.00609	0.00712	0.00754	0.00437	0.00476	0.00746	0.01025	0.01358	0.05043	0.69632	0.08511	0.05923	0.00779	0.00227	0.00314	0.01422	0.00484	0.00427
38	0.00649	0.00464	0.00619	0.00742	0.00775	0.00434	0.00499	0.00745	0.01017	0.01355	0.02911	0.79306	0.03486	0.01652	0.00676	0.00215	0.00311	0.03224	0.00491	0.00431
39	0.00769	0.00513	0.00577	0.00577	0.00577	0.00513	0.00320	0.00769	0.00769	0.01025	0.01666	0.03460	0.01922	0.81421	0.02691	0.00513	0.00513	0.00769	0.00320	0.00320
40	0.00705	0.00519	0.00655	0.00722	0.00794	0.00500	0.00504	0.00884	0.04046	0.01519	0.13345	0.55132	0.11055	0.01455	0.00666	0.00200	0.01811	0.01295	0.03731	0.00462
41	0.01143	0.00970	0.01121	0.00811	0.01274	0.00765	0.00650	0.04656	0.03624	0.01809	0.00993	0.01132	0.00815	0.00413	0.00402	0.00085	0.00401	0.00330	0.00330	0.78276
42	0.01208	0.01006	0.01156	0.00836	0.01300	0.00819	0.00673	0.10526	0.01266	0.01920	0.00980	0.01117	0.00797	0.00421	0.00408	0.00088	0.00415	0.00333	0.00340	0.74389
43	0.01912	0.01380	0.01493	0.01160	0.01557	0.01510	0.00951	0.67312	0.02326	0.05370	0.01379	0.05238	0.01048	0.00681	0.00530	0.00159	0.00553	0.00526	0.02467	0.02449
44	0.02812	0.01105	0.03120	0.11203	0.25016	0.04723	0.07116	0.05802	0.04227	0.03591	0.08635	0.10035	0.04595	0.00770	0.00567	0.00174	0.00568	0.04892	0.00370	0.00678
45	0.01146	0.21297	0.57945	0.02788	0.02102	0.01433	0.03136	0.01647	0.01108	0.01567	0.00901	0.01064	0.00675	0.00490	0.00467	0.00155	0.00731	0.00371	0.00225	0.00752
46	0.01379	0.65268	0.15409	0.01018	0.01524	0.01929	0.01084	0.04642	0.01139	0.01401	0.00792	0.00910	0.00686	0.00468	0.00374	0.00124	0.00602	0.00309	0.00238	0.00705
47	0.00871	0.00634	0.00757	0.00769	0.00913	0.00617	0.00582	0.05174	0.07219	0.04306	0.10302	0.27981	0.21587	0.04116	0.00712	0.00208	0.00354	0.11874	0.00504	0.00519
48	0.01213	0.11557	0.10485	0.03463	0.05081	0.01335	0.44903	0.01647	0.03811	0.01647	0.01125	0.02802	0.00891	0.00566	0.02131	0.00179	0.00772	0.00554	0.05138	0.00699
49	0.06885	0.01043	0.01684	0.56502	0.11878	0.01222	0.05722	0.05994	0.01161	0.01605	0.00960	0.01352	0.00728	0.00521	0.00520	0.00172	0.00679	0.00467	0.00264	0.00641
50	0.00648	0.00469	0.00604	0.00710	0.00754	0.00435	0.00475	0.00740	0.01020	0.01343	0.03091	0.70566	0.10466	0.05042	0.00756	0.00224	0.00312	0.01435	0.00483	0.00426
51	0.00685	0.00499	0.00644	0.00736	0.00794	0.00473	0.00510	0.00834	0.03070	0.01437	0.08565	0.61104	0.08273	0.04364	0.00738	0.00220	0.00321	0.05794	0.00493	0.00446
52	0.03067	0.03744	0.49777	0.03153	0.06165	0.01228	0.11312	0.01587	0.01130	0.01668	0.03871	0.01432	0.02342	0.00572	0.00595	0.00173	0.05350	0.01848	0.00257	0.00731
53	0.01163	0.11856	0.01747	0.01286	0.01391	0.01541	0.05446	0.01317	0.00892	0.01334	0.00827	0.01234	0.00775	0.00987	0.05790	0.00241	0.55644	0.00456	0.05484	0.00588
54	0.00814	0.00543	0.00671	0.00692	0.00822	0.00489	0.00512	0.00970	0.01218	0.07559	0.18024	0.31048	0.25410	0.01343	0.00638	0.00191	0.00307	0.06343	0.01918	0.00490
55	0.00647	0.00461	0.00612	0.00732	0.00762	0.00432	0.00486	0.00737	0.01006	0.01341	0.02880	0.78973	0.03454	0.03818	0.00729	0.00223	0.00312	0.01483	0.00486	0.00426
56	0.01282	0.00955	0.01100	0.00985	0.01215	0.01038	0.00778	0.27357	0.11287	0.03682	0.02154	0.19955	0.06076	0.02872	0.06960	0.00248	0.02442	0.08461	0.00487	0.00666
57	0.00644	0.00460	0.00613	0.00736	0.00767	0.00429	0.00491	0.00736	0.01012	0.01350	0.02914	0.81076	0.03497	0.01656	0.00675	0.00215	0.00307	0.01503	0.00491	0.00429
58	0.01181	0.04650	0.01180	0.00797	0.01263	0.00772	0.00647	0.01411	0.01118	0.05914	0.00993	0.01123	0.00807	0.00409	0.00397	0.00085	0.00403	0.00324	0.00328	0.76198
59	0.01291	0.01214	0.08894	0.01502	0.16222	0.02528	0.04333	0.05815	0.22424	0.08724	0.06552	0.05173	0.07534	0.00769	0.00560	0.00174	0.00514	0.04587	0.00442	0.00746
60	0.01411	0.63409	0.12297	0.01090	0.04457	0.04889	0.01067	0.01643	0.01112	0.03354	0.00811	0.00929	0.00700	0.00468	0.00377	0.00124	0.00607	0.00312	0.00240	0.00701
61	0.06781	0.01434	0.01516	0.01178	0.01588	0.01594	0.00970	0.67652	0.06840	0.03210	0.01291	0.01287	0.00923	0.00631	0.00518	0.00160	0.00562	0.00472	0.00518	0.00876

[dist]
# distance from previous block
# <min> <max>
0	5

[block]
# block no. 5 follows, 46 sequences, length 16
# corresponding to MSA columns:
# 303-318
name=unknown_F
#
# <colnr> <probs for GDERKNQSTAVLIFYWHMCP>
#	G	D	E	R	K	N	Q	S	T	A	V	L	I	F	Y	W	H	M	C	P
0	0.12922	0.24313	0.03367	0.01462	0.13543	0.06080	0.11442	0.06561	0.01229	0.03087	0.01077	0.01234	0.03578	0.00509	0.00448	0.00142	0.00600	0.00416	0.00299	0.07693
1	0.00757	0.00558	0.00808	0.00808	0.00888	0.00638	0.00609	0.00917	0.00837	0.01196	0.01454	0.02288	0.01413	0.15791	0.67625	0.00798	0.01278	0.00597	0.00289	0.00449
2	0.01227	0.00674	0.00847	0.00738	0.00967	0.00609	0.00576	0.01499	0.05105	0.24461	0.36218	0.03466	0.19488	0.00993	0.00593	0.00169	0.00321	0.00848	0.00581	0.00622
3	0.01328	0.00943	0.01145	0.02782	0.06472	0.00985	0.00802	0.15665	0.18008	0.10947	0.21835	0.05323	0.07070	0.00866	0.00574	0.00172	0.00418	0.03425	0.00529	0.00711
4	0.01320	0.08291	0.36842	0.06814	0.07324	0.01176	0.05341	0.01771	0.02964	0.14485	0.01313	0.01682	0.01018	0.00605	0.00523	0.00169	0.00665	0.06609	0.00331	0.00757
5	0.00778	0.00522	0.00657	0.00657	0.00682	0.00547	0.00421	0.00808	0.00783	0.01069	0.01538	0.02945	0.01682	0.54609	0.22610	0.07603	0.00744	0.00690	0.00303	0.00352
6	0.01975	0.02520	0.01498	0.01362	0.01634	0.79299	0.01021	0.02111	0.01498	0.01294	0.00817	0.00953	0.00681	0.00545	0.00477	0.00136	0.00953	0.00340	0.00272	0.00613
7	0.06680	0.04821	0.15294	0.05069	0.08520	0.04297	0.01156	0.17711	0.05921	0.17349	0.01425	0.01686	0.01085	0.00640	0.00517	0.00167	0.00588	0.05865	0.00424	0.00784
8	0.01267	0.01346	0.04903	0.25925	0.41239	0.09320	0.01505	0.01577	0.01168	0.01546	0.00943	0.01287	0.00768	0.00519	0.00577	0.00165	0.04515	0.00454	0.00252	0.00725
9	0.00747	0.00572	0.00685	0.00734	0.00830	0.00560	0.00514	0.01041	0.11069	0.01537	0.10924	0.46673	0.14864	0.05751	0.00753	0.00216	0.00321	0.01227	0.00497	0.00487
10	0.01231	0.01127	0.01745	0.05041	0.26910	0.01222	0.09676	0.08651	0.11103	0.01798	0.01405	0.11807	0.01281	0.00858	0.03604	0.00206	0.10626	0.00642	0.00349	0.00720
11	0.01739	0.01909	0.01638	0.01769	0.20409	0.41553	0.01145	0.14249	0.01572	0.01777	0.04543	0.01239	0.00958	0.00576	0.00535	0.00149	0.02777	0.00427	0.00326	0.00709
12	0.00711	0.00576	0.00641	0.00655	0.00812	0.00527	0.00497	0.00960	0.06626	0.01565	0.12569	0.14313	0.48109	0.01317	0.00635	0.00188	0.00302	0.08012	0.00504	0.00482
13	0.00733	0.00542	0.00672	0.00762	0.02781	0.00527	0.00488	0.00894	0.05514	0.01332	0.02709	0.46928	0.09625	0.22571	0.01190	0.00286	0.00373	0.01193	0.00443	0.00437
14	0.03351	0.06195	0.17537	0.03910	0.01753	0.11154	0.01158	0.27844	0.01715	0.18385	0.01267	0.01283	0.00885	0.00584	0.00503	0.00157	0.00642	0.00438	0.00429	0.00810
15	0.05452	0.59244	0.02395	0.01052	0.05041	0.05029	0.00927	0.04427	0.01172	0.07830	0.00882	0.00977	0.00742	0.00494	0.00410	0.00127	0.02489	0.00326	0.00281	0.00703

[dist]
# distance from previous block
# <min> <max>
0	1

[block]
# block no. 6 follows, 46 sequences, length 24
# corresponding to MSA columns:
# 320-343
name=unknown_G
#
# <colnr> <probs for GDERKNQSTAVLIFYWHMCP>
#	G	D	E	R	K	N	Q	S	T	A	V	L	I	F	Y	W	H	M	C	P
