[name]
unknown

[dist]
# distance from previous block
# <min> <max>
0	68

[block]
# block no. 0 follows, 46 sequences, length 7
# corresponding to MSA columns:
# 68-74
name=unknown_A
#
# <colnr> <probs for GDERKNQSTAVLIFYWHMCP>
#	G	D	E	R	K	N	Q	S	T	A	V	L	I	F	Y	W	H	M	C	P
0	0.10115	0.05003	0.01104	0.00954	0.01216	0.00890	0.00816	0.06648	0.04913	0.21405	0.02164	0.03606	0.02012	0.01012	0.00595	0.00199	0.00476	0.35711	0.00505	0.00655
1	0.07024	0.19848	0.01496	0.00895	0.01257	0.01213	0.00767	0.13443	0.04182	0.27776	0.05756	0.01583	0.01274	0.00615	0.00459	0.00147	0.00458	0.00471	0.10584	0.00753
2	0.30589	0.29389	0.06987	0.00894	0.01312	0.01464	0.00839	0.04300	0.04832	0.11390	0.01011	0.01064	0.00775	0.00512	0.00388	0.00145	0.00500	0.00345	0.00342	0.02921
3	0.04542	0.08090	0.04571	0.00995	0.01384	0.03302	0.00855	0.17576	0.04228	0.37078	0.10355	0.01777	0.01534	0.00669	0.00516	0.00158	0.00490	0.00530	0.00540	0.00809
4	0.00804	0.00566	0.00626	0.00612	0.00668	0.00557	0.00380	0.04825	0.00949	0.01236	0.02346	0.07791	0.15030	0.59015	0.02111	0.00420	0.00463	0.00852	0.00370	0.00379
5	0.01236	0.23300	0.32427	0.01398	0.10915	0.01338	0.01345	0.01612	0.01167	0.05903	0.07183	0.01333	0.01086	0.00532	0.00464	0.00144	0.00613	0.00419	0.00289	0.07295
6	0.01268	0.60090	0.13908	0.00975	0.01426	0.01762	0.01012	0.01495	0.01073	0.01321	0.01029	0.10548	0.01016	0.00605	0.00404	0.00133	0.00567	0.00446	0.00258	0.00664

[dist]
# distance from previous block
# <min> <max>
1	5

[block]
# block no. 1 follows, 46 sequences, length 12
# corresponding to MSA columns:
# 80-91
name=unknown_B
#
# <colnr> <probs for GDERKNQSTAVLIFYWHMCP>
#	G	D	E	R	K	N	Q	S	T	A	V	L	I	F	Y	W	H	M	C	P
0	0.06975	0.01292	0.03303	0.03820	0.01786	0.09457	0.20731	0.01627	0.03818	0.04354	0.01024	0.01218	0.00803	0.00467	0.00501	0.00131	0.02187	0.00424	0.00311	0.35771
1	0.01326	0.01038	0.01121	0.00991	0.01256	0.01165	0.00759	0.09047	0.52270	0.05930	0.05343	0.02203	0.01728	0.12412	0.00852	0.00224	0.00441	0.00624	0.00513	0.00756
2	0.00804	0.00549	0.00673	0.00649	0.00767	0.00512	0.00470	0.00971	0.01231	0.05054	0.35310	0.06470	0.18277	0.17039	0.05226	0.00275	0.00383	0.02433	0.02441	0.00467
3	0.01460	0.01162	0.01253	0.01062	0.01377	0.01303	0.00843	0.26626	0.41757	0.02565	0.12827	0.02028	0.01869	0.00743	0.00547	0.00171	0.00447	0.00610	0.00541	0.00808
4	0.00693	0.00522	0.00559	0.00584	0.00730	0.00460	0.00436	0.00843	0.01163	0.01504	0.04320	0.15947	0.51481	0.01288	0.00601	0.00180	0.00283	0.05314	0.12638	0.00453
5	0.19526	0.23933	0.07036	0.01222	0.04016	0.15204	0.07340	0.08883	0.01255	0.01780	0.00850	0.01007	0.00693	0.00522	0.00492	0.00149	0.04762	0.00364	0.00290	0.00675
6	0.13266	0.05622	0.60282	0.01403	0.02092	0.01263	0.05675	0.01654	0.01090	0.01759	0.00916	0.01085	0.00663	0.00496	0.00477	0.00165	0.00724	0.00384	0.00241	0.00743
7	0.00757	0.00560	0.00818	0.00818	0.00901	0.00643	0.00621	0.00923	0.00840	0.01204	0.01445	0.02239	0.01392	0.13041	0.70346	0.00810	0.01310	0.00590	0.00288	0.00454
8	0.00710	0.00560	0.00664	0.00682	0.00830	0.00481	0.00491	0.00842	0.01097	0.01438	0.03462	0.40993	0.28623	0.01358	0.00618	0.00183	0.00311	0.03554	0.00465	0.12637
9	0.01190	0.16796	0.31642	0.01609	0.13795	0.06196	0.06196	0.01572	0.01116	0.01515	0.00983	0.01245	0.00801	0.00989	0.11899	0.00253	0.00827	0.00420	0.00244	0.00711
10	0.31734	0.21202	0.11575	0.03855	0.05799	0.03054	0.00989	0.09896	0.01206	0.05104	0.00900	0.01020	0.00699	0.00507	0.00405	0.00151	0.00550	0.00348	0.00316	0.00691
11	0.00944	0.00583	0.00738	0.00724	0.00884	0.00525	0.00555	0.01125	0.01295	0.12788	0.24546	0.19615	0.22339	0.01245	0.00634	0.00188	0.00323	0.09882	0.00540	0.00528

[dist]
# distance from previous block
# <min> <max>
0	1

[block]
# block no. 2 follows, 46 sequences, length 11
# corresponding to MSA columns:
# 93-96,116-122
name=unknown_C
#
# <colnr> <probs for GDERKNQSTAVLIFYWHMCP>
#	G	D	E	R	K	N	Q	S	T	A	V	L	I	F	Y	W	H	M	C	P
0	0.01623	0.08861	0.38630	0.01236	0.01830	0.01192	0.01376	0.09240	0.01379	0.27534	0.01342	0.01337	0.00907	0.00562	0.00501	0.00161	0.00632	0.00437	0.00398	0.00823
1	0.01157	0.01501	0.23232	0.22949	0.04161	0.01106	0.17873	0.01565	0.01183	0.08352	0.03183	0.01777	0.08383	0.00604	0.00554	0.00173	0.00690	0.00561	0.00309	0.00686
2	0.01030	0.02521	0.71090	0.01425	0.02142	0.01157	0.01812	0.01608	0.01153	0.01718	0.08436	0.01392	0.01090	0.00559	0.00514	0.00167	0.00730	0.00446	0.00258	0.00754
3	0.00697	0.00508	0.00700	0.04347	0.00955	0.00495	0.00599	0.00828	0.01051	0.01391	0.02805	0.64081	0.03290	0.01571	0.00678	0.00218	0.00357	0.14505	0.00479	0.00447
4	0.01110	0.04301	0.53579	0.01347	0.03965	0.01067	0.01546	0.01573	0.01131	0.08051	0.01403	0.15946	0.01250	0.00726	0.00533	0.00174	0.00656	0.00607	0.00310	0.00725
5	0.02020	0.01215	0.15504	0.01027	0.01485	0.00842	0.00976	0.02304	0.01439	0.59165	0.06965	0.01818	0.01438	0.00655	0.00532	0.00164	0.00498	0.00534	0.00570	0.00851
6	0.03940	0.59977	0.06299	0.00898	0.01286	0.01710	0.00873	0.01430	0.01059	0.01322	0.01149	0.15687	0.01195	0.00679	0.00409	0.00136	0.00524	0.00514	0.00278	0.00634
7	0.00689	0.00493	0.00660	0.00753	0.00812	0.00465	0.00537	0.00829	0.01127	0.01521	0.16745	0.57474	0.03716	0.01526	0.00672	0.00209	0.00319	0.10497	0.00507	0.00449
8	0.00724	0.00525	0.00682	0.00673	0.00782	0.00484	0.00493	0.00939	0.01394	0.01947	0.60828	0.18250	0.07902	0.01198	0.00633	0.00176	0.00261	0.01064	0.00561	0.00484
9	0.00644	0.00460	0.00613	0.00736	0.00767	0.00429	0.00491	0.00736	0.01012	0.01350	0.02914	0.81076	0.03497	0.01656	0.00675	0.00215	0.00307	0.01503	0.00491	0.00429
10	0.69559	0.00933	0.00764	0.00690	0.00979	0.01059	0.00559	0.01451	0.01010	0.02325	0.14984	0.01430	0.01388	0.00600	0.00382	0.00164	0.00379	0.00410	0.00374	0.00559

[dist]
# distance from previous block
# <min> <max>
0	27

[block]
# block no. 3 follows, 46 sequences, length 46
# corresponding to MSA columns:
# 150-195
name=unknown_D
#
# <colnr> <probs for GDERKNQSTAVLIFYWHMCP>
#	G	D	E	R	K	N	Q	S	T	A	V	L	I	F	Y	W	H	M	C	P
0	0.80850	0.00999	0.00781	0.00703	0.01018	0.01159	0.00577	0.01523	0.00897	0.02314	0.00771	0.00921	0.00611	0.00668	0.04356	0.00199	0.00460	0.00301	0.00325	0.00567
1	0.03272	0.75935	0.02662	0.00923	0.01364	0.06010	0.00903	0.01609	0.01092	0.01271	0.00739	0.00854	0.00676	0.00458	0.00346	0.00115	0.00582	0.00286	0.00231	0.00673
2	0.01244	0.24992	0.51195	0.01306	0.01966	0.01481	0.01577	0.05482	0.01185	0.03680	0.00935	0.01066	0.00701	0.00499	0.00458	0.00151	0.00701	0.00368	0.00251	0.00761
3	0.80863	0.01018	0.00818	0.04748	0.01156	0.01185	0.00618	0.01544	0.00908	0.02320	0.00746	0.00887	0.00579	0.00493	0.00337	0.00164	0.00424	0.00296	0.00322	0.00573
4	0.01361	0.14181	0.06128	0.02611	0.53960	0.07320	0.03781	0.01658	0.01202	0.01614	0.00940	0.01202	0.00791	0.00474	0.00493	0.00150	0.00659	0.00432	0.00255	0.00788
5	0.01081	0.07291	0.74304	0.01472	0.02234	0.01278	0.01893	0.01669	0.01114	0.01649	0.00936	0.01101	0.00670	0.00499	0.00493	0.00164	0.00769	0.00384	0.00223	0.00775
6	0.00985	0.00493	0.00493	0.00493	0.00616	0.00493	0.00370	0.01232	0.01109	0.01971	0.01725	0.01971	0.01355	0.00616	0.00370	0.00123	0.00246	0.00493	0.84356	0.00493
7	0.01315	0.01136	0.01195	0.01076	0.01375	0.01315	0.00837	0.02809	0.77168	0.02211	0.02152	0.01972	0.01614	0.00717	0.00538	0.00179	0.00418	0.00598	0.00538	0.00837
8	0.00756	0.00563	0.00832	0.00832	0.00920	0.00651	0.00638	0.00932	0.00844	0.01214	0.01433	0.02168	0.01361	0.09097	0.74248	0.00827	0.01356	0.00580	0.00286	0.00462
9	0.08502	0.02939	0.02574	0.03991	0.01478	0.16460	0.00853	0.19186	0.02963	0.12149	0.01471	0.03182	0.05853	0.00623	0.00483	0.00144	0.00568	0.00472	0.00415	0.15693
10	0.12787	0.01365	0.01849	0.03927	0.43244	0.10874	0.06686	0.03301	0.02648	0.03484	0.02406	0.01282	0.00876	0.00516	0.00530	0.00160	0.02563	0.00453	0.00297	0.00750
11	0.85155	0.01022	0.00777	0.00695	0.01022	0.01186	0.00573	0.01554	0.00900	0.02372	0.00736	0.00859	0.00573	0.00491	0.00327	0.00164	0.00409	0.00286	0.00327	0.00573
12	0.00755	0.00566	0.00850	0.00850	0.00944	0.00661	0.00661	0.00944	0.00850	0.01227	0.01416	0.02077	0.01322	0.03965	0.79326	0.00850	0.01416	0.00566	0.00283	0.00472
13	0.00803	0.00574	0.00795	0.00910	0.01013	0.00566	0.00761	0.01015	0.01184	0.01554	0.05826	0.21935	0.03217	0.01487	0.00714	0.00234	0.00439	0.56005	0.00491	0.00475
14	0.01329	0.01295	0.02126	0.03187	0.75764	0.03663	0.01604	0.01638	0.01213	0.01714	0.00989	0.01297	0.00833	0.00473	0.00522	0.00156	0.00638	0.00467	0.00262	0.00830
15	0.00998	0.00940	0.01586	0.80150	0.03641	0.01175	0.01468	0.01351	0.01057	0.01351	0.00940	0.01409	0.00705	0.00529	0.00529	0.00176	0.00705	0.00470	0.00235	0.00587
16	0.01248	0.01426	0.03119	0.02228	0.02763	0.01337	0.76203	0.01693	0.01248	0.01693	0.01070	0.01426	0.00802	0.00446	0.00624	0.00178	0.00891	0.00624	0.00267	0.00713
17	0.02372	0.00900	0.01227	0.00941	0.01350	0.00777	0.00777	0.02576	0.01513	0.78489	0.02086	0.01799	0.01309	0.00654	0.00532	0.00164	0.00450	0.00532	0.00654	0.00900
18	0.00652	0.00535	0.00574	0.00568	0.00732	0.00457	0.00425	0.00810	0.01263	0.01575	0.20880	0.06695	0.60418	0.01291	0.00626	0.00177	0.00265	0.01091	0.00510	0.00457
19	0.00769	0.00513	0.00577	0.00577	0.00577	0.00513	0.00320	0.00769	0.00769	0.01025	0.01666	0.03460	0.01922	0.81421	0.02691	0.00513	0.00513	0.00769	0.00320	0.00320
20	0.02023	0.01459	0.01573	0.01206	0.01629	0.01607	0.00996	0.73593	0.02449	0.06151	0.01300	0.01289	0.00914	0.00635	0.00529	0.00159	0.00577	0.00478	0.00534	0.00899
21	0.00985	0.00493	0.00493	0.00493	0.00616	0.00493	0.00370	0.01232	0.01109	0.01971	0.01725	0.01971	0.01355	0.00616	0.00370	0.00123	0.00246	0.00493	0.84356	0.00493
22	0.00640	0.00477	0.00596	0.00692	0.00755	0.00433	0.00471	0.00741	0.01055	0.01367	0.03450	0.64379	0.19847	0.01587	0.00664	0.00207	0.00298	0.01418	0.00491	0.00433
23	0.01315	0.01136	0.01195	0.01076	0.01375	0.01315	0.00837	0.02809	0.77168	0.02211	0.02152	0.01972	0.01614	0.00717	0.00538	0.00179	0.00418	0.00598	0.00538	0.00837
24	0.00985	0.00493	0.00493	0.00493	0.00616	0.00493	0.00370	0.01232	0.01109	0.01971	0.01725	0.01971	0.01355	0.00616	0.00370	0.00123	0.00246	0.00493	0.84356	0.00493
25	0.01207	0.01018	0.01113	0.01055	0.04108	0.03164	0.00782	0.02271	0.51109	0.03708	0.21725	0.02430	0.02430	0.00797	0.00558	0.00174	0.00397	0.00678	0.00534	0.00744
26	0.01090	0.00931	0.01090	0.00788	0.01249	0.00702	0.00632	0.01325	0.01099	0.01719	0.00988	0.01222	0.00842	0.00419	0.00400	0.00083	0.00394	0.02236	0.00318	0.82473
27	0.04961	0.51103	0.16583	0.01046	0.01542	0.05653	0.01088	0.04934	0.01185	0.06369	0.00888	0.00982	0.00722	0.00489	0.00396	0.00132	0.00612	0.00330	0.00272	0.00713
28	0.82252	0.01006	0.00775	0.00694	0.01014	0.01162	0.00570	0.01535	0.00920	0.02363	0.03388	0.00965	0.00724	0.00511	0.00337	0.00164	0.00403	0.00309	0.00336	0.00570
29	0.06417	0.03913	0.01336	0.01178	0.01429	0.54712	0.00895	0.01878	0.04370	0.01522	0.13097	0.01535	0.02764	0.00652	0.00516	0.00146	0.02244	0.00459	0.00337	0.00599
30	0.06475	0.00906	0.01205	0.00928	0.01333	0.00797	0.00767	0.02526	0.01483	0.74717	0.02019	0.01753	0.01272	0.00646	0.00521	0.00164	0.00448	0.00519	0.00638	0.00883
31	0.85155	0.01022	0.00777	0.00695	0.01022	0.01186	0.00573	0.01554	0.00900	0.02372	0.00736	0.00859	0.00573	0.00491	0.00327	0.00164	0.00409	0.00286	0.00327	0.00573
32	0.00727	0.00537	0.00661	0.00632	0.00755	0.00490	0.00463	0.00930	0.01371	0.01882	0.56647	0.04120	0.18639	0.08865	0.00823	0.00202	0.00278	0.00969	0.00539	0.00472
33	0.00985	0.00493	0.00493	0.00493	0.00616	0.00493	0.00370	0.01232	0.01109	0.01971	0.01725	0.01971	0.01355	0.00616	0.00370	0.00123	0.00246	0.00493	0.84356	0.00493
34	0.01315	0.01136	0.01195	0.01076	0.01375	0.01315	0.00837	0.02809	0.77168	0.02211	0.02152	0.01972	0.01614	0.00717	0.00538	0.00179	0.00418	0.00598	0.00538	0.00837
35	0.02372	0.00900	0.01227	0.00941	0.01350	0.00777	0.00777	0.02576	0.01513	0.78489	0.02086	0.01799	0.01309	0.00654	0.00532	0.00164	0.00450	0.00532	0.00654	0.00900
36	0.00985	0.00493	0.00493	0.00493	0.00616	0.00493	0.00370	0.01232	0.01109	0.01971	0.01725	0.01971	0.01355	0.00616	0.00370	0.00123	0.00246	0.00493	0.84356	0.00493
37	0.01769	0.01248	0.01329	0.01046	0.01399	0.01370	0.00855	0.58697	0.02162	0.03012	0.01376	0.01434	0.01006	0.00630	0.00491	0.00150	0.00503	0.00480	0.20237	0.00804
38	0.00647	0.00464	0.00610	0.00725	0.00759	0.00433	0.00483	0.00738	0.01011	0.01342	0.02954	0.76178	0.05862	0.04145	0.00736	0.00223	0.00312	0.01467	0.00485	0.00427
39	0.01987	0.01346	0.01482	0.01155	0.01561	0.01461	0.00948	0.55751	0.11051	0.15442	0.01505	0.01438	0.01049	0.00647	0.00530	0.00162	0.00541	0.00499	0.00550	0.00892
40	0.00985	0.00493	0.00493	0.00493	0.00616	0.00493	0.00370	0.01232	0.01109	0.01971	0.01725	0.01971	0.01355	0.00616	0.00370	0.00123	0.00246	0.00493	0.84356	0.00493
41	0.01157	0.01157	0.01619	0.01388	0.01388	0.01619	0.01157	0.01272	0.00810	0.01272	0.00694	0.01157	0.00694	0.00925	0.01735	0.00231	0.80453	0.00463	0.00231	0.00578
42	0.01387	0.75751	0.08524	0.00950	0.01427	0.02026	0.00984	0.01590	0.01077	0.01276	0.00751	0.00868	0.00678	0.00456	0.00352	0.00117	0.00582	0.00291	0.00226	0.00686
43	0.85155	0.01022	0.00777	0.00695	0.01022	0.01186	0.00573	0.01554	0.00900	0.02372	0.00736	0.00859	0.00573	0.00491	0.00327	0.00164	0.00409	0.00286	0.00327	0.00573
44	0.01157	0.01157	0.01619	0.01388	0.01388	0.01619	0.01157	0.01272	0.00810	0.01272	0.00694	0.01157	0.00694	0.00925	0.01735	0.00231	0.80453	0.00463	0.00231	0.00578
45	0.01093	0.05061	0.67706	0.01570	0.02313	0.01267	0.10369	0.01674	0.01130	0.01663	0.00956	0.01143	0.00685	0.00494	0.00511	0.00167	0.00787	0.00414	0.00228	0.00770

[dist]
# distance from previous block
# <min> <max>
0	15

[block]
# block no. 4 follows, 46 sequences, length 58
# corresponding to MSA columns:
# 211-268
name=unknown_E
#
# <colnr> <probs for GDERKNQSTAVLIFYWHMCP>
#	G	D	E	R	K	N	Q	S	T	A	V	L	I	F	Y	W	H	M	C	P
0	0.00677	0.00530	0.00614	0.00616	0.00757	0.00467	0.00458	0.00851	0.01289	0.01675	0.31457	0.13411	0.40974	0.01284	0.00633	0.00180	0.00271	0.02865	0.00524	0.00464
1	0.00714	0.00518	0.00673	0.00679	0.00780	0.00477	0.00492	0.00914	0.01349	0.01875	0.53767	0.25333	0.07949	0.01252	0.00638	0.00180	0.00266	0.01115	0.00553	0.00477
2	0.01060	0.02735	0.78682	0.01507	0.02288	0.01228	0.01953	0.01674	0.01116	0.01674	0.00949	0.01116	0.00670	0.00502	0.00502	0.00167	0.00781	0.00391	0.00223	0.00781
3	0.00644	0.00460	0.00613	0.00736	0.00767	0.00429	0.00491	0.00736	0.01012	0.01350	0.02914	0.81076	0.03497	0.01656	0.00675	0.00215	0.00307	0.01503	0.00491	0.00429
4	0.00918	0.00459	0.00689	0.00689	0.00689	0.00459	0.00459	0.00689	0.00689	0.00918	0.00918	0.01607	0.00918	0.01837	0.02066	0.84619	0.00459	0.00459	0.00230	0.00230
5	0.01315	0.01136	0.01195	0.01076	0.01375	0.01315	0.00837	0.02809	0.77168	0.02211	0.02152	0.01972	0.01614	0.00717	0.00538	0.00179	0.00418	0.00598	0.00538	0.00837
6	0.01289	0.01237	0.02111	0.07974	0.73544	0.01251	0.01613	0.01606	0.01195	0.01704	0.00991	0.01315	0.00829	0.00475	0.00524	0.00158	0.00633	0.00471	0.00260	0.00822
7	0.00998	0.00940	0.01586	0.80150	0.03641	0.01175	0.01468	0.01351	0.01057	0.01351	0.00940	0.01409	0.00705	0.00529	0.00529	0.00176	0.00705	0.00470	0.00235	0.00587
8	0.01738	0.02089	0.01667	0.03593	0.20529	0.53524	0.01188	0.01922	0.01373	0.01401	0.00856	0.01064	0.00721	0.00550	0.00567	0.00148	0.05756	0.00383	0.00266	0.00666
9	0.00769	0.00513	0.00577	0.00577	0.00577	0.00513	0.00320	0.00769	0.00769	0.01025	0.01666	0.03460	0.01922	0.81421	0.02691	0.00513	0.00513	0.00769	0.00320	0.00320
10	0.01014	0.00942	0.01580	0.73811	0.07299	0.01158	0.01442	0.01361	0.01066	0.01389	0.00967	0.01422	0.00732	0.00528	0.00523	0.00174	0.00687	0.00471	0.02840	0.00597
11	0.00985	0.00493	0.00493	0.00493	0.00616	0.00493	0.00370	0.01232	0.01109	0.01971	0.01725	0.01971	0.01355	0.00616	0.00370	0.00123	0.00246	0.00493	0.84356	0.00493
12	0.01413	0.81739	0.02770	0.00905	0.01357	0.02092	0.00905	0.01583	0.01074	0.01244	0.00735	0.00848	0.00678	0.00452	0.00339	0.00113	0.00565	0.00283	0.00226	0.00678
13	0.00985	0.00493	0.00493	0.00493	0.00616	0.00493	0.00370	0.01232	0.01109	0.01971	0.01725	0.01971	0.01355	0.00616	0.00370	0.00123	0.00246	0.00493	0.84356	0.00493
14	0.85155	0.01022	0.00777	0.00695	0.01022	0.01186	0.00573	0.01554	0.00900	0.02372	0.00736	0.00859	0.00573	0.00491	0.00327	0.00164	0.00409	0.00286	0.00327	0.00573
15	0.01975	0.02520	0.01498	0.01362	0.01634	0.79299	0.01021	0.02111	0.01498	0.01294	0.00817	0.00953	0.00681	0.00545	0.00477	0.00136	0.00953	0.00340	0.00272	0.00613
16	0.02010	0.01481	0.01587	0.01216	0.01639	0.01639	0.01005	0.76360	0.02486	0.03332	0.01269	0.01269	0.00899	0.00635	0.00529	0.00159	0.00582	0.00476	0.00529	0.00899
17	0.01301	0.01248	0.02132	0.05134	0.76294	0.01254	0.01619	0.01616	0.01200	0.01718	0.00993	0.01311	0.00834	0.00472	0.00523	0.00157	0.00630	0.00471	0.00261	0.00831
18	0.00768	0.00516	0.00593	0.00593	0.00599	0.00522	0.00341	0.00780	0.00774	0.01037	0.01650	0.03375	0.01885	0.76658	0.07403	0.00533	0.00568	0.00756	0.00318	0.00330
19	0.75490	0.01023	0.00838	0.02255	0.01107	0.01162	0.00608	0.03211	0.00966	0.04806	0.00804	0.00919	0.00615	0.00496	0.00345	0.00160	0.00419	0.00303	0.00340	0.04133
20	0.12734	0.06018	0.38359	0.01217	0.01752	0.07790	0.01334	0.04572	0.09487	0.04205	0.06696	0.01381	0.01104	0.00577	0.00483	0.00162	0.00638	0.00438	0.00327	0.00727
21	0.09008	0.00741	0.00818	0.00767	0.00829	0.02754	0.00531	0.04139	0.00921	0.01355	0.03862	0.09284	0.01770	0.47483	0.01946	0.00379	0.11924	0.00723	0.00338	0.00428
22	0.01069	0.00649	0.00797	0.00739	0.00874	0.00638	0.00528	0.06958	0.01163	0.12806	0.09839	0.13679	0.08281	0.28937	0.10345	0.00370	0.00538	0.00835	0.00445	0.00511
23	0.00986	0.00504	0.00519	0.02442	0.00690	0.00509	0.00396	0.01235	0.01107	0.01956	0.01705	0.01957	0.01339	0.00614	0.00373	0.00124	0.00258	0.00492	0.82297	0.00495
24	0.01308	0.01256	0.02146	0.03245	0.78123	0.01256	0.01622	0.01622	0.01204	0.01727	0.00994	0.01308	0.00837	0.00471	0.00523	0.00157	0.00628	0.00471	0.00262	0.00837
25	0.00653	0.00484	0.00635	0.03247	0.00852	0.00455	0.00512	0.00758	0.01036	0.01359	0.03134	0.69727	0.12032	0.01583	0.00664	0.00209	0.00315	0.01425	0.00483	0.00436
26	0.01032	0.07735	0.01103	0.00849	0.01009	0.02338	0.06576	0.08964	0.01122	0.01550	0.01661	0.15011	0.01709	0.26950	0.05210	0.02201	0.00533	0.00736	0.13213	0.00499
27	0.01536	0.00928	0.01141	0.00843	0.01281	0.00745	0.00682	0.03507	0.01280	0.27522	0.03482	0.01416	0.01080	0.00505	0.00448	0.00111	0.00412	0.00408	0.00440	0.52232
28	0.04379	0.07881	0.12684	0.01353	0.04036	0.31249	0.03026	0.22988	0.01658	0.04441	0.01008	0.01105	0.00765	0.00554	0.00487	0.00149	0.00751	0.00397	0.00348	0.00740
29	0.01308	0.01256	0.02146	0.03245	0.78123	0.01256	0.01622	0.01622	0.01204	0.01727	0.00994	0.01308	0.00837	0.00471	0.00523	0.00157	0.00628	0.00471	0.00262	0.00837
30	0.01379	0.74003	0.10204	0.00964	0.01448	0.02007	0.01007	0.01592	0.01078	0.01286	0.00756	0.00874	0.00678	0.00457	0.00355	0.00118	0.00587	0.00293	0.00226	0.00688
31	0.00904	0.00715	0.00834	0.00716	0.00958	0.00637	0.00552	0.06219	0.03734	0.01937	0.33920	0.05219	0.19871	0.00948	0.00561	0.00149	0.00317	0.00809	0.00490	0.20510
32	0.01082	0.05134	0.73092	0.01561	0.05454	0.01256	0.01907	0.01669	0.01119	0.01663	0.00944	0.01116	0.00677	0.00499	0.00498	0.00165	0.00768	0.00391	0.00225	0.00780
33	0.01975	0.02520	0.01498	0.01362	0.01634	0.79299	0.01021	0.02111	0.01498	0.01294	0.00817	0.00953	0.00681	0.00545	0.00477	0.00136	0.00953	0.00340	0.00272	0.00613
34	0.05370	0.01007	0.03246	0.00903	0.01228	0.00969	0.00739	0.18701	0.10753	0.11064	0.14126	0.05364	0.04950	0.00743	0.00515	0.00152	0.00416	0.00610	0.05653	0.13493
35	0.03981	0.06723	0.54435	0.01565	0.08644	0.01232	0.04827	0.01720	0.01159	0.07771	0.02531	0.01232	0.00822	0.00517	0.00499	0.00163	0.00712	0.00420	0.00273	0.00774
36	0.01975	0.02520	0.01498	0.01362	0.01634	0.79299	0.01021	0.02111	0.01498	0.01294	0.00817	0.00953	0.00681	0.00545	0.00477	0.00136	0.00953	0.00340	0.00272	0.00613
37	0.01887	0.01376	0.01446	0.01141	0.01516	0.04727	0.00928	0.60438	0.02225	0.07280	0.01432	0.06922	0.01116	0.00703	0.00530	0.00160	0.00556	0.00546	0.04234	0.00836
38	0.00755	0.00566	0.00850	0.00850	0.00944	0.00661	0.00661	0.00944	0.00850	0.01227	0.01416	0.02077	0.01322	0.03965	0.79326	0.00850	0.01416	0.00566	0.00283	0.00472
39	0.01975	0.02520	0.01498	0.01362	0.01634	0.79299	0.01021	0.02111	0.01498	0.01294	0.00817	0.00953	0.00681	0.00545	0.00477	0.00136	0.00953	0.00340	0.00272	0.00613
40	0.01179	0.01224	0.01996	0.01599	0.01733	0.01548	0.19981	0.01378	0.00920	0.01378	0.00788	0.01224	0.00721	0.00805	0.01456	0.00218	0.60496	0.00503	0.00240	0.00612
41	0.01975	0.02520	0.01498	0.01362	0.01634	0.79299	0.01021	0.02111	0.01498	0.01294	0.00817	0.00953	0.00681	0.00545	0.00477	0.00136	0.00953	0.00340	0.00272	0.00613
42	0.00768	0.00516	0.00593	0.00593	0.00599	0.00522	0.00341	0.00780	0.00774	0.01037	0.01650	0.03375	0.01885	0.76658	0.07403	0.00533	0.00568	0.00756	0.00318	0.00330
43	0.01281	0.01230	0.02082	0.09379	0.64118	0.01256	0.04703	0.01676	0.05864	0.01725	0.01064	0.01362	0.00873	0.00490	0.00529	0.00161	0.00633	0.00485	0.00277	0.00812
44	0.85155	0.01022	0.00777	0.00695	0.01022	0.01186	0.00573	0.01554	0.00900	0.02372	0.00736	0.00859	0.00573	0.00491	0.00327	0.00164	0.00409	0.00286	0.00327	0.00573
45	0.01450	0.01061	0.01245	0.06367	0.03586	0.01147	0.00856	0.37888	0.04643	0.05030	0.07601	0.20019	0.01878	0.03928	0.00651	0.00188	0.00489	0.00767	0.00494	0.00713
46	0.00755	0.00566	0.00850	0.00850	0.00944	0.00661	0.00661	0.00944	0.00850	0.01227	0.01416	0.02077	0.01322	0.03965	0.79326	0.00850	0.01416	0.00566	0.00283	0.00472
47	0.00985	0.00493	0.00493	0.00493	0.00616	0.00493	0.00370	0.01232	0.01109	0.01971	0.01725	0.01971	0.01355	0.00616	0.00370	0.00123	0.00246	0.00493	0.84356	0.00493
48	0.01315	0.01122	0.01181	0.01054	0.01353	0.01285	0.00822	0.06834	0.68720	0.02231	0.02281	0.02107	0.05838	0.00747	0.00542	0.00178	0.00419	0.00620	0.00535	0.00818
49	0.00985	0.00493	0.00493	0.00493	0.00616	0.00493	0.00370	0.01232	0.01109	0.01971	0.01725	0.01971	0.01355	0.00616	0.00370	0.00123	0.00246	0.00493	0.84356	0.00493
50	0.46287	0.12628	0.03942	0.00905	0.01224	0.08649	0.00784	0.05401	0.01068	0.02007	0.00814	0.00972	0.00662	0.00548	0.00507	0.00159	0.08791	0.00331	0.03710	0.00613
51	0.03913	0.00942	0.01572	0.68547	0.05697	0.01144	0.03665	0.01345	0.01060	0.01408	0.01040	0.05485	0.00851	0.00581	0.00532	0.00177	0.00677	0.00521	0.00253	0.00590
52	0.01059	0.00898	0.01056	0.00774	0.01208	0.00683	0.00614	0.01290	0.01118	0.01734	0.05737	0.04043	0.01136	0.00478	0.00416	0.00088	0.00380	0.00394	0.00336	0.76560
53	0.00755	0.00566	0.00850	0.00850	0.00944	0.00661	0.00661	0.00944	0.00850	0.01227	0.01416	0.02077	0.01322	0.03965	0.79326	0.00850	0.01416	0.00566	0.00283	0.00472
54	0.01096	0.00940	0.01096	0.00783	0.01253	0.00705	0.00626	0.01331	0.01096	0.01723	0.00940	0.01096	0.00783	0.00392	0.00392	0.00078	0.00392	0.00313	0.00313	0.84653
55	0.01430	0.79329	0.02732	0.00918	0.01365	0.04440	0.00908	0.01599	0.01087	0.01245	0.00737	0.00851	0.00679	0.00455	0.00343	0.00114	0.00577	0.00284	0.00228	0.00676
56	0.01082	0.00924	0.01081	0.00782	0.01237	0.00696	0.00622	0.01312	0.01094	0.01711	0.01003	0.03649	0.00870	0.00432	0.00401	0.00083	0.00389	0.00351	0.00319	0.81965
57	0.01424	0.52181	0.19080	0.01107	0.01603	0.13966	0.01151	0.01685	0.01150	0.01345	0.00794	0.00923	0.00677	0.00478	0.00396	0.00129	0.00673	0.00315	0.00233	0.00691

[dist]
# distance from previous block
# <min> <max>
0	2

[block]
# block no. 5 follows, 46 sequences, length 28
# corresponding to MSA columns:
# 271-298
name=unknown_F
#
# <colnr> <probs for GDERKNQSTAVLIFYWHMCP>
#	G	D	E	R	K	N	Q	S	T	A	V	L	I	F	Y	W	H	M	C	P
0	0.04033	0.00785	0.00989	0.00834	0.01100	0.00742	0.00659	0.07329	0.04633	0.31951	0.31349	0.07438	0.04121	0.00888	0.00571	0.00168	0.00368	0.00756	0.00590	0.00696
1	0.01132	0.04565	0.62979	0.01698	0.10068	0.03701	0.05247	0.01681	0.01142	0.01657	0.00949	0.01138	0.00694	0.00496	0.00505	0.00164	0.00770	0.00405	0.00231	0.00776
2	0.01240	0.12311	0.57432	0.01461	0.05012	0.06243	0.01691	0.01736	0.01159	0.05622	0.00975	0.01116	0.00711	0.00506	0.00483	0.00158	0.00742	0.00385	0.00251	0.00766
3	0.01203	0.01437	0.06953	0.02086	0.02592	0.01292	0.66038	0.01630	0.01215	0.01662	0.01148	0.05573	0.00933	0.00526	0.00654	0.00181	0.03251	0.00653	0.00276	0.00698
4	0.07767	0.02667	0.11888	0.00804	0.01043	0.00703	0.00724	0.01156	0.03025	0.01950	0.46162	0.11382	0.06727	0.00999	0.00579	0.00171	0.00356	0.00862	0.00488	0.00547
5	0.01083	0.07725	0.73887	0.01469	0.02229	0.01282	0.01887	0.01668	0.01113	0.01647	0.00935	0.01099	0.00670	0.00499	0.00492	0.00164	0.00768	0.00384	0.00223	0.00775
6	0.00971	0.00811	0.00920	0.01015	0.01152	0.08930	0.00870	0.01203	0.01247	0.01552	0.02589	0.05433	0.02793	0.01364	0.00703	0.00232	0.00536	0.66715	0.00464	0.00500
7	0.00640	0.00526	0.00565	0.00586	0.00737	0.00451	0.00433	0.00777	0.01190	0.01457	0.08748	0.17067	0.60270	0.01379	0.00635	0.00185	0.00279	0.03133	0.00496	0.00447
8	0.01248	0.01426	0.03119	0.02228	0.02763	0.01337	0.76203	0.01693	0.01248	0.01693	0.01070	0.01426	0.00802	0.00446	0.00624	0.00178	0.00891	0.00624	0.00267	0.00713
9	0.00983	0.00492	0.00500	0.00500	0.00618	0.00492	0.00373	0.01213	0.01094	0.01934	0.01696	0.01958	0.01340	0.00659	0.00429	0.03076	0.00254	0.00492	0.81415	0.00484
10	0.00994	0.00521	0.00523	0.00514	0.00647	0.00520	0.00388	0.03169	0.01149	0.01980	0.01891	0.02106	0.05111	0.00652	0.00386	0.00127	0.00256	0.00523	0.78040	0.00501
11	0.00775	0.00558	0.00636	0.00647	0.00808	0.00490	0.00495	0.00923	0.01201	0.06320	0.07029	0.14128	0.49816	0.03482	0.00694	0.00199	0.00318	0.10505	0.00499	0.00477
12	0.00985	0.00493	0.00493	0.00493	0.00616	0.00493	0.00370	0.01232	0.01109	0.01971	0.01725	0.01971	0.01355	0.00616	0.00370	0.00123	0.00246	0.00493	0.84356	0.00493
13	0.01060	0.02735	0.78682	0.01507	0.02288	0.01228	0.01953	0.01674	0.01116	0.01674	0.00949	0.01116	0.00670	0.00502	0.00502	0.00167	0.00781	0.00391	0.00223	0.00781
14	0.01413	0.81739	0.02770	0.00905	0.01357	0.02092	0.00905	0.01583	0.01074	0.01244	0.00735	0.00848	0.00678	0.00452	0.00339	0.00113	0.00565	0.00283	0.00226	0.00678
15	0.00918	0.00459	0.00689	0.00689	0.00689	0.00459	0.00459	0.00689	0.00689	0.00918	0.00918	0.01607	0.00918	0.01837	0.02066	0.84619	0.00459	0.00459	0.00230	0.00230
16	0.00765	0.00514	0.00592	0.00595	0.00601	0.00518	0.00343	0.00777	0.00779	0.01044	0.01683	0.05268	0.01928	0.75376	0.06709	0.00523	0.00555	0.00776	0.00322	0.00331
17	0.01157	0.01157	0.01619	0.01388	0.01388	0.01619	0.01157	0.01272	0.00810	0.01272	0.00694	0.01157	0.00694	0.00925	0.01735	0.00231	0.80453	0.00463	0.00231	0.00578
18	0.06369	0.02531	0.69670	0.05629	0.02280	0.01222	0.01840	0.01649	0.01099	0.01701	0.00935	0.01115	0.00665	0.00503	0.00493	0.00168	0.00754	0.00388	0.00230	0.00758
19	0.01283	0.14507	0.48598	0.05508	0.02095	0.16128	0.01593	0.01726	0.01179	0.01520	0.00891	0.01060	0.00675	0.00504	0.00474	0.00154	0.00777	0.00369	0.00234	0.00724
20	0.01157	0.01157	0.01619	0.01388	0.01388	0.01619	0.01157	0.01272	0.00810	0.01272	0.00694	0.01157	0.00694	0.00925	0.01735	0.00231	0.80453	0.00463	0.00231	0.00578
21	0.00637	0.00487	0.00586	0.00665	0.00748	0.00435	0.00459	0.00744	0.01081	0.01377	0.03782	0.54047	0.29965	0.01543	0.00657	0.00202	0.00293	0.01365	0.00491	0.00435
22	0.68388	0.03494	0.00895	0.00736	0.01064	0.01191	0.00609	0.07229	0.01057	0.04766	0.00881	0.00989	0.00673	0.00513	0.00352	0.00159	0.00418	0.00321	0.05657	0.00606
23	0.00648	0.00462	0.00612	0.00731	0.00761	0.00432	0.00485	0.00737	0.01005	0.01340	0.02875	0.78684	0.03448	0.04114	0.00737	0.00224	0.00313	0.01480	0.00485	0.00426
24	0.06614	0.10628	0.34620	0.01461	0.08609	0.12676	0.03534	0.02910	0.04629	0.01687	0.02954	0.01187	0.00849	0.00519	0.00475	0.00152	0.00695	0.00400	0.00275	0.05125
25	0.01824	0.01403	0.01485	0.01133	0.01561	0.03809	0.00929	0.58943	0.02175	0.02945	0.01189	0.01225	0.00869	0.00583	0.00500	0.00142	0.00555	0.00439	0.00477	0.17817
26	0.02953	0.01282	0.03645	0.01051	0.01423	0.03704	0.00870	0.42998	0.07280	0.04942	0.01936	0.04931	0.11904	0.00750	0.00531	0.00158	0.00510	0.00592	0.00487	0.08053
27	0.01266	0.38236	0.25623	0.01141	0.01631	0.07507	0.02502	0.01609	0.03248	0.01461	0.04584	0.05333	0.01054	0.00584	0.00469	0.00145	0.02218	0.00434	0.00269	0.00686

[dist]
# distance from previous block
# <min> <max>
1	9

[block]
# block no. 6 follows, 46 sequences, length 40
# corresponding to MSA columns:
# 308-347
name=unknown_G
#
# <colnr> <probs for GDERKNQSTAVLIFYWHMCP>
#	G	D	E	R	K	N	Q	S	T	A	V	L	I	F	Y	W	H	M	C	P
0	0.00653	0.00532	0.00567	0.00570	0.00724	0.00458	0.00420	0.00792	0.01206	0.01486	0.13649	0.08401	0.60101	0.05964	0.00748	0.00199	0.00285	0.02306	0.00492	0.00445
1	0.01096	0.00940	0.01096	0.00783	0.01253	0.00705	0.00626	0.01331	0.01096	0.01723	0.00940	0.01096	0.00783	0.00392	0.00392	0.00078	0.00392	0.00313	0.00313	0.84653
2	0.01011	0.00938	0.01548	0.67492	0.07817	0.01139	0.01396	0.01390	0.03501	0.01444	0.04961	0.01637	0.01005	0.00577	0.00537	0.00176	0.00664	0.01894	0.00269	0.00604
3	0.01442	0.77676	0.02705	0.00928	0.01371	0.06052	0.00911	0.01610	0.01096	0.01246	0.00739	0.00853	0.00679	0.00457	0.00346	0.00114	0.00585	0.00286	0.00229	0.00675
4	0.05028	0.16444	0.61814	0.01364	0.02067	0.01377	0.01706	0.01653	0.01099	0.01631	0.00902	0.01057	0.00667	0.00493	0.00466	0.00158	0.00726	0.00367	0.00229	0.00754
5	0.01145	0.10272	0.63856	0.01543	0.06561	0.04412	0.01796	0.01680	0.01132	0.01621	0.00925	0.01095	0.00681	0.00497	0.00487	0.00160	0.00758	0.00383	0.00228	0.00768
6	0.80545	0.01046	0.00870	0.00756	0.01092	0.01201	0.02977	0.03317	0.00948	0.02373	0.00759	0.00886	0.00587	0.00493	0.00341	0.00164	0.00428	0.00301	0.00330	0.00585
7	0.01052	0.02675	0.76561	0.01484	0.02247	0.01208	0.01914	0.01656	0.01126	0.01686	0.03040	0.01193	0.00787	0.00518	0.00506	0.00167	0.00767	0.00406	0.00233	0.00774
8	0.01167	0.00942	0.01105	0.00798	0.01261	0.00723	0.00639	0.01429	0.02878	0.05672	0.01026	0.01153	0.00829	0.00413	0.00402	0.00085	0.00395	0.00331	0.00336	0.78417
9	0.00777	0.00634	0.00919	0.00900	0.01028	0.00612	0.07917	0.01051	0.08105	0.01518	0.06583	0.51511	0.10441	0.01384	0.00652	0.00203	0.00375	0.04410	0.00478	0.00502
10	0.00757	0.00558	0.00807	0.00807	0.00887	0.00638	0.00608	0.00917	0.00837	0.01196	0.01455	0.02292	0.01415	0.16009	0.67410	0.00797	0.01276	0.00598	0.00289	0.00448
11	0.01087	0.08627	0.73020	0.01462	0.02219	0.01292	0.01875	0.01667	0.01113	0.01642	0.00933	0.01096	0.00670	0.00499	0.00490	0.00163	0.00765	0.00383	0.00223	0.00774
12	0.01345	0.66329	0.17577	0.01022	0.01538	0.01923	0.01109	0.01601	0.01082	0.01328	0.00777	0.00900	0.00677	0.00462	0.00371	0.00124	0.00607	0.00304	0.00226	0.00698
13	0.00739	0.00505	0.00581	0.00602	0.00618	0.00494	0.00355	0.00763	0.00836	0.01105	0.02097	0.17061	0.06598	0.62900	0.02220	0.00441	0.00463	0.00917	0.00360	0.00347
14	0.00629	0.00536	0.00541	0.00539	0.00716	0.00448	0.00405	0.00766	0.01214	0.01449	0.07549	0.05053	0.75702	0.01331	0.00625	0.00178	0.00267	0.01111	0.00494	0.00448
15	0.00985	0.00493	0.00493	0.00493	0.00616	0.00493	0.00370	0.01232	0.01109	0.01971	0.01725	0.01971	0.01355	0.00616	0.00370	0.00123	0.00246	0.00493	0.84356	0.00493
16	0.01281	0.01278	0.02441	0.03837	0.17150	0.01247	0.40995	0.01633	0.01189	0.05223	0.01050	0.01358	0.00818	0.00501	0.00676	0.00167	0.08200	0.00536	0.00285	0.10136
17	0.18175	0.06512	0.06318	0.01263	0.09606	0.09320	0.03501	0.03923	0.04738	0.27482	0.01442	0.01433	0.02881	0.00581	0.00476	0.00158	0.00554	0.00451	0.00427	0.00756
18	0.00985	0.00493	0.00493	0.00493	0.00616	0.00493	0.00370	0.01232	0.01109	0.01971	0.01725	0.01971	0.01355	0.00616	0.00370	0.00123	0.00246	0.00493	0.84356	0.00493
19	0.02012	0.01259	0.01426	0.01106	0.01504	0.01330	0.00909	0.49761	0.04524	0.23508	0.05953	0.01590	0.01269	0.00668	0.00535	0.00161	0.00522	0.00523	0.00566	0.00874
20	0.04513	0.01018	0.06449	0.00976	0.04806	0.02204	0.00781	0.01677	0.07323	0.18880	0.11249	0.04441	0.08204	0.00699	0.00505	0.00143	0.00425	0.00582	0.00452	0.24674
21	0.01130	0.00836	0.01034	0.05534	0.04876	0.02799	0.01907	0.07806	0.09283	0.09325	0.33458	0.04529	0.13472	0.00927	0.00585	0.00169	0.00390	0.00798	0.00517	0.00625
22	0.00953	0.00493	0.00505	0.00509	0.00617	0.00492	0.00369	0.01171	0.01073	0.01861	0.01760	0.04835	0.01482	0.08244	0.00598	0.00163	0.00273	0.00553	0.73572	0.00474
23	0.01701	0.01263	0.01389	0.01091	0.01444	0.01375	0.00884	0.54971	0.02043	0.02787	0.01278	0.01483	0.00999	0.06462	0.06276	0.00226	0.02734	0.00489	0.03118	0.07987
24	0.00769	0.00513	0.00577	0.00577	0.00577	0.00513	0.00320	0.00769	0.00769	0.01025	0.01666	0.03460	0.01922	0.81421	0.02691	0.00513	0.00513	0.00769	0.00320	0.00320
25	0.00644	0.00460	0.00613	0.00736	0.00767	0.00429	0.00491	0.00736	0.01012	0.01350	0.02914	0.81076	0.03497	0.01656	0.00675	0.00215	0.00307	0.01503	0.00491	0.00429
26	0.03229	0.01167	0.01648	0.07248	0.34270	0.01252	0.01221	0.10432	0.19703	0.05927	0.01443	0.04313	0.01169	0.00633	0.00563	0.00170	0.02559	0.01866	0.00390	0.00798
27	0.00802	0.00655	0.02795	0.02423	0.05408	0.00612	0.00650	0.04627	0.02766	0.01501	0.04018	0.57598	0.02869	0.04298	0.04747	0.00245	0.00425	0.01220	0.00451	0.01890
28	0.00755	0.00566	0.00850	0.00850	0.00944	0.00661	0.00661	0.00944	0.00850	0.01227	0.01416	0.02077	0.01322	0.03965	0.79326	0.00850	0.01416	0.00566	0.00283	0.00472
29	0.01122	0.00960	0.01124	0.02979	0.01332	0.00765	0.00667	0.02898	0.04656	0.01767	0.01003	0.01149	0.00822	0.00415	0.00405	0.00087	0.00405	0.00334	0.00326	0.76785
30	0.01191	0.10844	0.22073	0.06484	0.05398	0.01257	0.20331	0.02586	0.01159	0.03165	0.01111	0.01331	0.03188	0.00513	0.00553	0.00153	0.03848	0.00463	0.00273	0.14080
31	0.01499	0.07499	0.01433	0.01215	0.07609	0.08681	0.00900	0.24602	0.18101	0.04198	0.08221	0.01979	0.08657	0.00788	0.02114	0.00174	0.00540	0.00578	0.00460	0.00751
32	0.00631	0.00523	0.00549	0.00569	0.00720	0.00445	0.00414	0.00755	0.01164	0.01407	0.04877	0.17430	0.64135	0.03133	0.00678	0.00192	0.00279	0.01171	0.00487	0.00441
33	0.00867	0.00518	0.00701	0.02764	0.00793	0.00519	0.00485	0.02815	0.00849	0.01119	0.01638	0.12705	0.05956	0.16854	0.01802	0.45949	0.00449	0.02586	0.00311	0.00320
34	0.01874	0.00933	0.04815	0.00978	0.01347	0.00767	0.05137	0.02122	0.01475	0.52989	0.19318	0.02238	0.02092	0.00733	0.00557	0.00165	0.00445	0.00628	0.00595	0.00792
35	0.03218	0.01082	0.02556	0.03728	0.01480	0.01031	0.02470	0.21061	0.05736	0.29988	0.05777	0.01731	0.03601	0.00642	0.00515	0.00151	0.00480	0.00521	0.00519	0.13712
36	0.21476	0.03135	0.04712	0.06583	0.01396	0.05424	0.00797	0.10109	0.01354	0.14407	0.11581	0.01810	0.05849	0.00661	0.00477	0.00155	0.00474	0.00512	0.02169	0.06918
37	0.06206	0.01251	0.01831	0.11296	0.28347	0.05655	0.11354	0.08951	0.07293	0.06300	0.01217	0.03187	0.00980	0.03114	0.00598	0.00176	0.00637	0.00520	0.00341	0.00747
38	0.01219	0.07598	0.02538	0.03641	0.08651	0.01308	0.45864	0.03609	0.01256	0.01718	0.09071	0.01606	0.01228	0.00550	0.00650	0.00170	0.05622	0.00594	0.00302	0.02805
39	0.01417	0.14825	0.07640	0.04638	0.16636	0.06171	0.07375	0.11211	0.04598	0.04457	0.01091	0.01273	0.00861	0.00544	0.00550	0.00151	0.05159	0.00439	0.05815	0.05149

[dist]
# distance from previous block
# <min> <max>
34	116

[block]
# block no. 7 follows, 46 sequences, length 12
# corresponding to MSA columns:
# 482-493
name=unknown_H
#
# <colnr> <probs for GDERKNQSTAVLIFYWHMCP>
#	G	D	E	R	K	N	Q	S	T	A	V	L	I	F	Y	W	H	M	C	P
0	0.06950	0.00999	0.01245	0.03229	0.02655	0.00996	0.05586	0.21139	0.03847	0.05720	0.07462	0.17885	0.01733	0.00807	0.00532	0.00158	0.00463	0.00695	0.00445	0.17456
1	0.10440	0.12240	0.01568	0.01084	0.01406	0.05310	0.04931	0.13703	0.04266	0.12891	0.01200	0.03328	0.00948	0.00637	0.00661	0.00159	0.13186	0.00455	0.03932	0.07654
2	0.20304	0.10674	0.01265	0.00913	0.01225	0.03742	0.00745	0.07476	0.18011	0.09950	0.07609	0.04423	0.01428	0.02542	0.00555	0.00168	0.02926	0.00512	0.00432	0.05102
3	0.10862	0.03333	0.01468	0.01523	0.18985	0.07553	0.00996	0.14555	0.17973	0.05129	0.01429	0.01484	0.03597	0.00589	0.00489	0.00154	0.00534	0.00473	0.00402	0.08472
4	0.00985	0.00493	0.00493	0.00493	0.00616	0.00493	0.00370	0.01232	0.01109	0.01971	0.01725	0.01971	0.01355	0.00616	0.00370	0.00123	0.00246	0.00493	0.84356	0.00493
5	0.01065	0.00756	0.01045	0.01220	0.16077	0.00721	0.00752	0.05380	0.01335	0.09908	0.23088	0.16087	0.14394	0.04915	0.00698	0.00190	0.00389	0.00896	0.00482	0.00602
6	0.00736	0.00531	0.00652	0.00688	0.00800	0.00471	0.00482	0.00859	0.01103	0.03843	0.08637	0.47259	0.20318	0.04554	0.00715	0.00204	0.00312	0.01236	0.00484	0.06115
7	0.65431	0.06513	0.03792	0.03781	0.04141	0.01227	0.00729	0.01615	0.00972	0.06621	0.00839	0.00959	0.00641	0.00499	0.00361	0.00161	0.00454	0.00318	0.00330	0.00617
8	0.00971	0.06451	0.03100	0.00859	0.01049	0.00853	0.00698	0.01391	0.13843	0.03932	0.29135	0.12780	0.05491	0.02825	0.00714	0.00187	0.05752	0.06754	0.00484	0.02733
9	0.06897	0.43456	0.02066	0.01031	0.01396	0.26072	0.00898	0.04588	0.01277	0.01468	0.05784	0.01099	0.00961	0.00531	0.00407	0.00129	0.00657	0.00352	0.00282	0.00648
10	0.00744	0.00564	0.00681	0.00713	0.00834	0.00520	0.00519	0.02968	0.03017	0.01534	0.09897	0.38441	0.23857	0.01404	0.00679	0.02548	0.00321	0.06132	0.00486	0.04141
11	0.05504	0.04599	0.03207	0.04138	0.03892	0.19528	0.00831	0.10695	0.01431	0.06663	0.14698	0.09184	0.03864	0.05193	0.00651	0.00181	0.00562	0.02702	0.01864	0.00616

[dist]
# distance from previous block
# <min> <max>
2	24

[block]
# block no. 8 follows, 46 sequences, length 54
# corresponding to MSA columns:
# 518-571
name=unknown_I
#
# <colnr> <probs for GDERKNQSTAVLIFYWHMCP>
#	G	D	E	R	K	N	Q	S	T	A	V	L	I	F	Y	W	H	M	C	P
0	0.02414	0.07049	0.24405	0.09232	0.29335	0.02743	0.03677	0.02667	0.02502	0.01660	0.01008	0.02834	0.00820	0.00520	0.00523	0.00158	0.02168	0.00448	0.00263	0.05576
1	0.08329	0.01581	0.04090	0.01668	0.20139	0.18973	0.01119	0.23810	0.04446	0.03876	0.01161	0.01380	0.00920	0.00588	0.00501	0.00156	0.00647	0.02799	0.03056	0.00761
2	0.03942	0.01227	0.07115	0.08572	0.48026	0.01142	0.05489	0.01518	0.01188	0.01704	0.03252	0.02000	0.01215	0.00628	0.00552	0.00173	0.00622	0.10595	0.00299	0.00742
3	0.01209	0.00973	0.01133	0.00817	0.01282	0.00768	0.00657	0.06180	0.01203	0.05116	0.01010	0.01137	0.00813	0.00418	0.00406	0.00087	0.00406	0.00333	0.00342	0.75710
4	0.00751	0.00531	0.00697	0.00780	0.00847	0.00515	0.00585	0.00893	0.01082	0.01436	0.09015	0.31338	0.04566	0.17059	0.01082	0.00278	0.00405	0.27242	0.00464	0.00435
5	0.00769	0.00513	0.00577	0.00577	0.00577	0.00513	0.00320	0.00769	0.00769	0.01025	0.01666	0.03460	0.01922	0.81421	0.02691	0.00513	0.00513	0.00769	0.00320	0.00320
6	0.00674	0.00482	0.00647	0.00766	0.00811	0.00455	0.00539	0.00790	0.01051	0.01398	0.04656	0.69302	0.03471	0.01617	0.00681	0.00217	0.00329	0.11183	0.00492	0.00439
7	0.01856	0.01346	0.01455	0.01145	0.01532	0.01477	0.00935	0.60128	0.09484	0.06625	0.01621	0.04133	0.04372	0.00707	0.00539	0.00164	0.00537	0.00551	0.00533	0.00858
8	0.01324	0.01295	0.02102	0.05698	0.72673	0.04318	0.01594	0.01633	0.01210	0.01698	0.00986	0.01298	0.00827	0.00476	0.00522	0.00157	0.00643	0.00466	0.00261	0.00820
9	0.14891	0.10166	0.01589	0.01356	0.08235	0.39280	0.00993	0.12409	0.01457	0.01784	0.00872	0.01009	0.00709	0.00543	0.00482	0.00145	0.02737	0.00360	0.00311	0.00673
10	0.00918	0.00459	0.00689	0.00689	0.00689	0.00459	0.00459	0.00689	0.00689	0.00918	0.00918	0.01607	0.00918	0.01837	0.02066	0.84619	0.00459	0.00459	0.00230	0.00230
11	0.00998	0.00940	0.01586	0.80150	0.03641	0.01175	0.01468	0.01351	0.01057	0.01351	0.00940	0.01409	0.00705	0.00529	0.00529	0.00176	0.00705	0.00470	0.00235	0.00587
12	0.05108	0.41099	0.22204	0.01115	0.01628	0.08565	0.01174	0.06633	0.01231	0.05581	0.00904	0.01005	0.00719	0.00498	0.00416	0.00137	0.00644	0.00342	0.00276	0.00721
13	0.01124	0.00825	0.03241	0.02729	0.01183	0.00776	0.03837	0.04879	0.11099	0.12913	0.17996	0.13438	0.17194	0.01033	0.00624	0.00181	0.02062	0.03734	0.00512	0.00620
14	0.00649	0.00466	0.00618	0.00738	0.00774	0.00434	0.00498	0.00746	0.01022	0.01357	0.02963	0.77475	0.05074	0.01644	0.00675	0.00215	0.00311	0.03418	0.00491	0.00431
15	0.00985	0.00493	0.00493	0.00493	0.00616	0.00493	0.00370	0.01232	0.01109	0.01971	0.01725	0.01971	0.01355	0.00616	0.00370	0.00123	0.00246	0.00493	0.84356	0.00493
16	0.03521	0.01031	0.01720	0.56196	0.24538	0.01198	0.01486	0.01433	0.01094	0.01486	0.00949	0.01365	0.00738	0.00511	0.00521	0.00170	0.00675	0.00465	0.00245	0.00657
