[name]
unknown

[dist]
# distance from previous block
# <min> <max>
0	122

[block]
# block no. 0 follows, 41 sequences, length 18
# corresponding to MSA columns:
# 130-147
name=unknown_A
#
# <colnr> <probs for GDERKNQSTAVLIFYWHMCP>
#	G	D	E	R	K	N	Q	S	T	A	V	L	I	F	Y	W	H	M	C	P
0	0.01600	0.01416	0.01490	0.05300	0.01700	0.14137	0.06074	0.17669	0.08251	0.05934	0.01655	0.04150	0.04559	0.03116	0.00628	0.00173	0.00629	0.03146	0.02346	0.16027
1	0.04168	0.04542	0.03184	0.01062	0.01481	0.01162	0.02412	0.16825	0.13167	0.10639	0.01629	0.09077	0.01349	0.00708	0.00529	0.00154	0.00499	0.00582	0.00478	0.26351
2	0.07151	0.02954	0.01452	0.03598	0.07178	0.02883	0.03744	0.16125	0.11835	0.05751	0.01832	0.04227	0.08206	0.00703	0.00536	0.00159	0.00525	0.00578	0.00449	0.20114
3	0.01373	0.03664	0.03576	0.01311	0.05372	0.06417	0.11840	0.05029	0.06991	0.07097	0.06029	0.06526	0.01525	0.08150	0.00775	0.00191	0.00591	0.00616	0.00405	0.22521
4	0.01347	0.03398	0.09663	0.08590	0.01981	0.01135	0.12696	0.08665	0.06532	0.06307	0.01501	0.08342	0.02491	0.00665	0.00554	0.00159	0.00606	0.00596	0.00391	0.24380
5	0.01479	0.04748	0.13239	0.01140	0.01669	0.01132	0.04125	0.11722	0.06988	0.09500	0.01390	0.01461	0.02634	0.00561	0.00503	0.00137	0.00554	0.00454	0.00408	0.36157
6	0.01422	0.11510	0.03785	0.00997	0.01407	0.01070	0.02541	0.09122	0.01365	0.11495	0.01487	0.10588	0.01315	0.01027	0.07792	0.00212	0.00597	0.00571	0.00413	0.31283
7	0.01388	0.24083	0.08382	0.08458	0.01775	0.01416	0.06817	0.07411	0.06693	0.07006	0.01580	0.14169	0.01433	0.00777	0.00534	0.00171	0.00586	0.00655	0.05937	0.00728
8	0.01610	0.16577	0.01602	0.00957	0.01422	0.01172	0.00808	0.07893	0.04062	0.17107	0.01367	0.03719	0.01072	0.00570	0.00471	0.00126	0.00489	0.00445	0.00429	0.38102
9	0.03836	0.01229	0.01362	0.10178	0.01743	0.08344	0.00954	0.12755	0.13739	0.26872	0.07333	0.04358	0.03208	0.00767	0.00579	0.00180	0.00560	0.00624	0.00552	0.00827
10	0.04014	0.03523	0.03813	0.01147	0.01490	0.01079	0.08253	0.05824	0.17651	0.21323	0.06304	0.10152	0.06006	0.03353	0.01996	0.00213	0.01794	0.00753	0.00534	0.00780
11	0.00760	0.00624	0.00672	0.00685	0.00851	0.00572	0.00501	0.01036	0.08254	0.01627	0.07592	0.20080	0.49922	0.03288	0.00731	0.00209	0.00319	0.01223	0.00535	0.00518
12	0.02156	0.01073	0.01379	0.08378	0.01703	0.01063	0.00933	0.13137	0.09477	0.46817	0.03996	0.01911	0.01433	0.00710	0.00573	0.00178	0.00518	0.00579	0.03076	0.00909
13	0.05166	0.04954	0.01734	0.01587	0.11611	0.23654	0.05813	0.03962	0.10895	0.22709	0.01497	0.01510	0.01086	0.00624	0.00547	0.00168	0.00706	0.00498	0.00451	0.00828
14	0.00857	0.00604	0.00854	0.00891	0.00983	0.00570	0.04061	0.03102	0.01192	0.04724	0.05750	0.65862	0.03491	0.03179	0.00757	0.00231	0.00379	0.01466	0.00528	0.00516
15	0.00770	0.00804	0.07864	0.00736	0.00965	0.00583	0.00634	0.01008	0.01404	0.01841	0.30907	0.06704	0.41162	0.01271	0.00664	0.00188	0.00336	0.01082	0.00540	0.00537
16	0.00746	0.00565	0.00799	0.10800	0.01230	0.00568	0.00667	0.00882	0.01101	0.01460	0.02878	0.69486	0.03394	0.01635	0.00710	0.00227	0.00387	0.01482	0.00495	0.00487
17	0.01586	0.01759	0.10663	0.04942	0.12423	0.17524	0.08149	0.11375	0.10544	0.04272	0.08355	0.01706	0.01398	0.00657	0.00574	0.00173	0.00719	0.00554	0.01834	0.00793

[dist]
# distance from previous block
# <min> <max>
11	27

[block]
# block no. 1 follows, 41 sequences, length 30
# corresponding to MSA columns:
# 175-204
name=unknown_B
#
# <colnr> <probs for GDERKNQSTAVLIFYWHMCP>
#	G	D	E	R	K	N	Q	S	T	A	V	L	I	F	Y	W	H	M	C	P
0	0.01451	0.03284	0.07946	0.01502	0.03224	0.02989	0.20458	0.05471	0.05123	0.10803	0.06144	0.01787	0.03686	0.00673	0.00728	0.00176	0.09690	0.00585	0.02194	0.12088
1	0.00912	0.00515	0.00701	0.00713	0.00730	0.00505	0.00465	0.00773	0.00834	0.01098	0.01701	0.08983	0.07136	0.17533	0.02126	0.53467	0.00479	0.00713	0.00313	0.00304
2	0.01486	0.01208	0.01314	0.01098	0.01485	0.01279	0.00867	0.10342	0.46755	0.04971	0.01901	0.01813	0.01431	0.00678	0.00542	0.00164	0.00466	0.00555	0.00526	0.21120
3	0.01367	0.01131	0.03759	0.01012	0.01469	0.00957	0.02588	0.01814	0.11279	0.09627	0.01310	0.01407	0.01018	0.00542	0.00562	0.00125	0.05398	0.00426	0.00400	0.53807
4	0.01481	0.17517	0.08321	0.01286	0.01729	0.05449	0.09276	0.11339	0.01401	0.04308	0.01141	0.04915	0.00973	0.00634	0.00653	0.00156	0.09192	0.00488	0.00346	0.19396
5	0.00749	0.00542	0.00701	0.00786	0.00853	0.00509	0.00541	0.02615	0.01228	0.01650	0.14909	0.61848	0.07638	0.01648	0.00715	0.00220	0.00327	0.01483	0.00548	0.00490
6	0.01177	0.00667	0.00875	0.00776	0.00979	0.00601	0.00598	0.01430	0.01607	0.18090	0.56776	0.03840	0.08132	0.01085	0.00654	0.00180	0.00317	0.00945	0.00641	0.00629
7	0.01729	0.38008	0.02383	0.01314	0.01693	0.31416	0.06109	0.01914	0.01329	0.01403	0.00851	0.01033	0.00746	0.00571	0.00574	0.00148	0.07439	0.00372	0.00268	0.00700
8	0.01791	0.01309	0.01817	0.13946	0.16630	0.03904	0.06708	0.16180	0.10362	0.19162	0.01539	0.01626	0.01102	0.00631	0.00579	0.00179	0.00646	0.00549	0.00467	0.00873
9	0.00877	0.00688	0.00806	0.00758	0.00938	0.00670	0.00574	0.01335	0.13535	0.02127	0.46921	0.04225	0.22027	0.01173	0.00660	0.00185	0.00304	0.01013	0.00598	0.00585
10	0.00703	0.00509	0.00666	0.00790	0.00837	0.00472	0.00537	0.00811	0.01117	0.01474	0.03333	0.71993	0.08815	0.01761	0.00728	0.00231	0.00335	0.03890	0.00531	0.00468
11	0.01416	0.01359	0.02322	0.03511	0.76330	0.01359	0.01755	0.01755	0.01302	0.01869	0.01076	0.01416	0.00906	0.00510	0.00566	0.00170	0.00680	0.00510	0.00283	0.00906
12	0.00993	0.00904	0.01446	0.50028	0.02887	0.01074	0.02934	0.01320	0.02916	0.01494	0.01803	0.18655	0.06184	0.00911	0.00669	0.00202	0.03841	0.00801	0.00340	0.00598
13	0.00696	0.00501	0.00660	0.00788	0.00827	0.00465	0.00527	0.00797	0.01103	0.01463	0.03255	0.76649	0.06592	0.01779	0.00728	0.00231	0.00330	0.01610	0.00531	0.00465
14	0.00994	0.00497	0.00745	0.00745	0.00745	0.00497	0.00497	0.00745	0.00745	0.00994	0.00994	0.01739	0.00994	0.01987	0.02235	0.83358	0.00497	0.00497	0.00248	0.00248
15	0.01944	0.04654	0.01656	0.01442	0.01688	0.61331	0.01106	0.02085	0.01468	0.01387	0.00884	0.01133	0.00773	0.02683	0.00791	0.00174	0.13464	0.00400	0.00287	0.00651
16	0.01299	0.14668	0.01963	0.01413	0.01496	0.01839	0.01205	0.01434	0.00925	0.01371	0.00758	0.01195	0.00748	0.00914	0.01621	0.00229	0.65562	0.00467	0.00249	0.00644
17	0.62123	0.01071	0.00971	0.00823	0.01201	0.01165	0.00679	0.01978	0.01151	0.22449	0.01188	0.01202	0.00833	0.00578	0.00413	0.00177	0.00454	0.00381	0.00449	0.00714
18	0.01165	0.00995	0.01164	0.00845	0.01333	0.00750	0.00672	0.01413	0.01182	0.01847	0.01108	0.04523	0.00972	0.00482	0.00437	0.00091	0.00420	0.00394	0.00347	0.79862
19	0.01309	0.01247	0.02099	0.21702	0.52348	0.01334	0.01662	0.01646	0.01242	0.01739	0.01109	0.01599	0.00941	0.00585	0.00641	0.00182	0.04655	0.02865	0.00282	0.00813
20	0.02566	0.00973	0.01327	0.01018	0.01460	0.00841	0.00841	0.02788	0.01637	0.76726	0.02257	0.01947	0.01416	0.00708	0.00575	0.00177	0.00487	0.00575	0.00708	0.00973
21	0.00696	0.00502	0.00660	0.00786	0.00827	0.00465	0.00526	0.00798	0.01105	0.01464	0.03283	0.75866	0.07358	0.01775	0.00727	0.00230	0.00330	0.01605	0.00531	0.00465
22	0.01085	0.01084	0.03499	0.03427	0.01825	0.01086	0.26898	0.03699	0.01193	0.01636	0.01855	0.29585	0.01970	0.06036	0.01000	0.00237	0.11900	0.00986	0.00381	0.00619
23	0.00831	0.00556	0.00633	0.00633	0.00636	0.00559	0.00358	0.00838	0.00834	0.01116	0.01794	0.03698	0.02060	0.77598	0.05184	0.00566	0.00584	0.00825	0.00345	0.00352
24	0.00832	0.00555	0.00624	0.00624	0.00624	0.00555	0.00347	0.00832	0.00832	0.01109	0.01802	0.03743	0.02080	0.79898	0.02911	0.00555	0.00555	0.00832	0.00347	0.00347
25	0.01457	0.06457	0.03713	0.13218	0.13890	0.12992	0.01323	0.01798	0.07144	0.04028	0.01048	0.01357	0.00876	0.00725	0.00993	0.00196	0.27272	0.00483	0.00304	0.00724
26	0.01452	0.00981	0.01159	0.01014	0.01239	0.02834	0.00792	0.14238	0.05089	0.15869	0.08975	0.18213	0.10727	0.03821	0.00871	0.00212	0.10394	0.00890	0.00534	0.00698
27	0.00711	0.00508	0.00680	0.00813	0.00852	0.00477	0.00556	0.00821	0.01109	0.01476	0.03145	0.74925	0.03752	0.01779	0.00734	0.00234	0.00344	0.06086	0.00531	0.00469
28	0.01212	0.30047	0.08937	0.00989	0.01323	0.01353	0.00905	0.09243	0.01342	0.01740	0.06551	0.28065	0.04095	0.01027	0.00557	0.00176	0.00511	0.00859	0.00409	0.00660
29	0.01188	0.06117	0.01724	0.34499	0.02534	0.05116	0.03056	0.01474	0.02435	0.01453	0.01112	0.03499	0.00992	0.01014	0.06199	0.00255	0.23096	0.03323	0.00282	0.00632

[dist]
# distance from previous block
# <min> <max>
4	10

[block]
# block no. 2 follows, 41 sequences, length 27
# corresponding to MSA columns:
# 215-241
name=unknown_C
#
# <colnr> <probs for GDERKNQSTAVLIFYWHMCP>
#	G	D	E	R	K	N	Q	S	T	A	V	L	I	F	Y	W	H	M	C	P
0	0.01488	0.03255	0.05434	0.05174	0.01516	0.01059	0.03073	0.07210	0.14948	0.18598	0.13530	0.02627	0.11665	0.00868	0.00652	0.00184	0.03991	0.00715	0.03248	0.00764
1	0.01142	0.01060	0.01420	0.01203	0.01340	0.01279	0.00979	0.01311	0.01049	0.01599	0.09336	0.08009	0.01537	0.00949	0.01308	0.00202	0.45267	0.00614	0.00336	0.20058
2	0.04524	0.03482	0.01637	0.01239	0.01645	0.01513	0.03396	0.44636	0.04086	0.16222	0.03011	0.01555	0.01146	0.00704	0.00639	0.00176	0.05307	0.00533	0.03647	0.00901
3	0.01961	0.01049	0.01302	0.02426	0.01481	0.00965	0.00831	0.09091	0.09789	0.39027	0.03534	0.04097	0.01426	0.00688	0.00547	0.00159	0.00477	0.00563	0.00581	0.20005
4	0.01951	0.01384	0.01510	0.03483	0.01657	0.01518	0.00986	0.53436	0.07847	0.07184	0.01645	0.01650	0.02985	0.00708	0.00557	0.00171	0.00565	0.00547	0.09316	0.00899
5	0.02015	0.01370	0.01514	0.01214	0.01627	0.01492	0.00985	0.39094	0.24902	0.16805	0.01832	0.01715	0.01294	0.00718	0.00576	0.00180	0.00548	0.00567	0.00600	0.00952
6	0.00806	0.00554	0.00646	0.00658	0.00686	0.00544	0.00399	0.00853	0.00954	0.01276	0.08266	0.12391	0.06484	0.58158	0.04585	0.00479	0.00521	0.00952	0.00399	0.00388
7	0.01521	0.72393	0.06169	0.01036	0.01521	0.04246	0.01040	0.01723	0.01168	0.01369	0.00806	0.00943	0.00734	0.00510	0.00424	0.00129	0.02969	0.00318	0.00246	0.00734
8	0.01043	0.00967	0.01343	0.01236	0.01250	0.01267	0.00981	0.01161	0.00955	0.01405	0.01621	0.28884	0.01840	0.01378	0.03726	0.00264	0.48861	0.00901	0.00351	0.00565
9	0.02468	0.00952	0.01296	0.01001	0.01426	0.00824	0.00824	0.02692	0.01636	0.72574	0.06372	0.02077	0.01638	0.00734	0.00581	0.00177	0.00475	0.00601	0.00704	0.00949
10	0.00697	0.00562	0.00621	0.00645	0.00795	0.00486	0.00469	0.00847	0.01296	0.01618	0.13847	0.21866	0.51266	0.01491	0.00688	0.00200	0.00297	0.01279	0.00543	0.00486
11	0.01529	0.80242	0.02997	0.00979	0.01468	0.02263	0.00979	0.01713	0.01162	0.01346	0.00795	0.00918	0.00734	0.00489	0.00367	0.00122	0.00612	0.00306	0.00245	0.00734
12	0.00687	0.00553	0.00612	0.00655	0.00794	0.00478	0.00469	0.00820	0.01244	0.01538	0.06915	0.29885	0.50240	0.01554	0.00694	0.00206	0.00303	0.01340	0.00534	0.00478
13	0.02443	0.01078	0.01375	0.01058	0.01493	0.01007	0.00873	0.16294	0.01822	0.60442	0.02077	0.01844	0.01334	0.00703	0.00569	0.00175	0.00506	0.00562	0.03386	0.00959
14	0.11866	0.01006	0.01282	0.00995	0.01428	0.00917	0.00822	0.04627	0.01590	0.66234	0.02065	0.01815	0.01313	0.00687	0.00550	0.00177	0.00486	0.00543	0.00664	0.00933
15	0.01080	0.01017	0.01716	0.78523	0.03940	0.01271	0.01589	0.01461	0.01144	0.01461	0.01017	0.01525	0.00762	0.00572	0.00572	0.00191	0.00762	0.00508	0.00254	0.00635
16	0.00733	0.00528	0.00702	0.00824	0.00882	0.00497	0.00586	0.00865	0.01153	0.01526	0.05291	0.62958	0.06996	0.01727	0.00735	0.00234	0.00358	0.12395	0.00533	0.00477
17	0.01119	0.01074	0.01773	0.62593	0.03480	0.01361	0.03768	0.01458	0.01103	0.01458	0.00974	0.01477	0.00764	0.00645	0.00805	0.00201	0.14542	0.00512	0.00255	0.00638
18	0.01372	0.53865	0.04306	0.05483	0.01577	0.01934	0.01040	0.01562	0.01116	0.01382	0.01099	0.06428	0.02956	0.00690	0.00654	0.00157	0.12954	0.00464	0.00273	0.00689
19	0.00979	0.00816	0.01138	0.09660	0.01442	0.00896	0.00835	0.01186	0.00989	0.01444	0.01295	0.01955	0.01208	0.09504	0.36595	0.00545	0.10288	0.00549	0.00305	0.18372
20	0.08167	0.01254	0.01680	0.27367	0.23688	0.07443	0.01331	0.01813	0.06969	0.05588	0.01207	0.01484	0.00934	0.00572	0.00534	0.00172	0.00658	0.00488	0.04040	0.04611
21	0.01710	0.01268	0.01757	0.03729	0.01874	0.01338	0.15077	0.09908	0.36307	0.17680	0.01952	0.01886	0.01401	0.00690	0.00597	0.00188	0.00586	0.00620	0.00541	0.00892
22	0.01004	0.00649	0.00869	0.00851	0.00997	0.00613	0.02027	0.01279	0.05682	0.10068	0.29913	0.35361	0.03934	0.01353	0.00684	0.00205	0.00350	0.02994	0.00585	0.00581
23	0.01150	0.00774	0.01020	0.08155	0.01261	0.00860	0.00726	0.05388	0.15277	0.01470	0.01308	0.01861	0.01163	0.05456	0.01691	0.48198	0.02892	0.00545	0.00336	0.00468
24	0.01794	0.01361	0.01489	0.07413	0.08256	0.09718	0.01028	0.19148	0.16913	0.15639	0.01665	0.01857	0.01278	0.08906	0.00811	0.00216	0.00619	0.00569	0.00494	0.00827
25	0.00991	0.00720	0.00859	0.00872	0.00993	0.00725	0.00619	0.15000	0.01395	0.01852	0.02856	0.54670	0.07148	0.07386	0.00859	0.00242	0.00404	0.01329	0.00525	0.00555
26	0.00751	0.00566	0.00696	0.00707	0.00835	0.00510	0.00518	0.00949	0.01410	0.01893	0.39198	0.21517	0.23925	0.01393	0.00690	0.00197	0.00295	0.02863	0.00579	0.00507

[dist]
# distance from previous block
# <min> <max>
5	11

[block]
# block no. 3 follows, 41 sequences, length 19
# corresponding to MSA columns:
# 253-258,261-273
name=unknown_D
#
# <colnr> <probs for GDERKNQSTAVLIFYWHMCP>
#	G	D	E	R	K	N	Q	S	T	A	V	L	I	F	Y	W	H	M	C	P
0	0.01146	0.00850	0.01235	0.23399	0.01926	0.00963	0.00988	0.01357	0.01155	0.10523	0.02064	0.27038	0.05471	0.01091	0.00828	0.00207	0.13042	0.00906	0.02054	0.03757
1	0.10724	0.01092	0.01680	0.52290	0.07426	0.01307	0.03448	0.03950	0.01197	0.05317	0.01054	0.01450	0.00795	0.00597	0.00628	0.00190	0.05382	0.00493	0.00300	0.00680
2	0.00723	0.00548	0.00725	0.05977	0.01031	0.00524	0.00588	0.00855	0.01148	0.01502	0.05972	0.60676	0.14345	0.01637	0.00709	0.00222	0.00352	0.01468	0.00516	0.00481
3	0.47713	0.01068	0.01037	0.00846	0.01239	0.01103	0.00693	0.01793	0.01129	0.14471	0.01086	0.01169	0.00809	0.00551	0.00463	0.00158	0.03343	0.00367	0.00404	0.20556
4	0.01159	0.00946	0.01095	0.00836	0.01230	0.00772	0.00640	0.05705	0.01214	0.01822	0.01294	0.06300	0.01231	0.13431	0.00855	0.00175	0.00452	0.00507	0.00366	0.59971
5	0.04867	0.01574	0.01600	0.01356	0.01745	0.05319	0.01059	0.30235	0.36450	0.05610	0.02011	0.02011	0.01527	0.00859	0.00658	0.00221	0.00624	0.00633	0.00626	0.01015
6	0.01232	0.01076	0.01327	0.00974	0.01437	0.00910	0.03141	0.04035	0.01217	0.01881	0.01010	0.01210	0.00844	0.00487	0.00568	0.00106	0.07511	0.00371	0.00338	0.70327
7	0.01203	0.01136	0.01922	0.44409	0.33640	0.01274	0.01614	0.01555	0.01207	0.01629	0.01129	0.04697	0.00946	0.00597	0.00576	0.00184	0.00711	0.00555	0.00278	0.00740
8	0.01423	0.01229	0.01293	0.01164	0.01487	0.01423	0.00905	0.03039	0.75297	0.02393	0.02328	0.02134	0.01746	0.00776	0.00582	0.00194	0.00453	0.00647	0.00582	0.00905
9	0.00832	0.00555	0.00624	0.00624	0.00624	0.00555	0.00347	0.00832	0.00832	0.01109	0.01802	0.03743	0.02080	0.79898	0.02911	0.00555	0.00555	0.00832	0.00347	0.00347
10	0.04150	0.01077	0.01347	0.01029	0.01479	0.00982	0.00845	0.12514	0.03404	0.50947	0.01900	0.01724	0.01251	0.00656	0.00545	0.00162	0.00494	0.00524	0.00618	0.14352
11	0.00686	0.00572	0.00599	0.00609	0.00783	0.00485	0.00450	0.00834	0.01302	0.01582	0.09772	0.12675	0.64756	0.01465	0.00681	0.00196	0.00293	0.01238	0.00537	0.00485
12	0.00706	0.00548	0.00645	0.00701	0.00819	0.00487	0.00502	0.00848	0.01246	0.01586	0.11246	0.36855	0.36156	0.01572	0.00703	0.00211	0.00314	0.03834	0.00540	0.00482
13	0.04229	0.00900	0.01092	0.00930	0.01221	0.00877	0.00723	0.03821	0.13763	0.34676	0.02400	0.02831	0.06860	0.17501	0.01082	0.00266	0.00486	0.05012	0.00574	0.00758
14	0.01147	0.02959	0.76934	0.01630	0.02476	0.01328	0.02113	0.01811	0.01208	0.01811	0.01026	0.01208	0.00725	0.00543	0.00543	0.00181	0.00845	0.00423	0.00242	0.00845
15	0.01080	0.01017	0.01716	0.78523	0.03940	0.01271	0.01589	0.01461	0.01144	0.01461	0.01017	0.01525	0.00762	0.00572	0.00572	0.00191	0.00762	0.00508	0.00254	0.00635
16	0.00844	0.00638	0.00882	0.00876	0.00935	0.00731	0.00642	0.00976	0.00912	0.01289	0.01719	0.11171	0.01808	0.23726	0.43027	0.00691	0.07552	0.00774	0.00337	0.00472
17	0.01582	0.00778	0.01026	0.00870	0.01141	0.00708	0.00685	0.01890	0.05163	0.33891	0.38604	0.05792	0.03474	0.00976	0.00630	0.00181	0.00373	0.00841	0.00657	0.00739
18	0.04873	0.01282	0.01324	0.01097	0.01445	0.10289	0.00872	0.21805	0.05030	0.26621	0.09446	0.09825	0.01849	0.00843	0.00586	0.00179	0.00550	0.00682	0.00577	0.00824

[dist]
# distance from previous block
# <min> <max>
0	1

[block]
# block no. 4 follows, 41 sequences, length 15
# corresponding to MSA columns:
# 275-289
name=unknown_E
#
# <colnr> <probs for GDERKNQSTAVLIFYWHMCP>
#	G	D	E	R	K	N	Q	S	T	A	V	L	I	F	Y	W	H	M	C	P
0	0.05710	0.01293	0.01681	0.01324	0.01710	0.06617	0.10807	0.13317	0.03252	0.33819	0.01706	0.01869	0.01232	0.00734	0.00713	0.00188	0.08296	0.04356	0.00529	0.00849
1	0.64669	0.01085	0.01044	0.18838	0.01765	0.01280	0.00845	0.01630	0.01013	0.02309	0.00848	0.01068	0.00653	0.00540	0.00405	0.00180	0.00517	0.00356	0.00331	0.00623
2	0.01338	0.01279	0.02181	0.20955	0.59495	0.01339	0.01717	0.01687	0.01266	0.01774	0.01062	0.01441	0.00873	0.00524	0.00568	0.00175	0.00699	0.00509	0.00276	0.00843
3	0.01515	0.01006	0.01220	0.00888	0.01380	0.00781	0.00717	0.01762	0.01294	0.19722	0.01312	0.01368	0.00983	0.00491	0.00460	0.00107	0.00439	0.00395	0.00427	0.63733
4	0.01473	0.64212	0.02745	0.01085	0.01475	0.02160	0.01034	0.01645	0.01104	0.01352	0.00786	0.00985	0.00737	0.00593	0.00673	0.00148	0.16489	0.00345	0.00246	0.00712
5	0.01098	0.01025	0.01663	0.41887	0.21164	0.01168	0.01408	0.01409	0.01183	0.01567	0.01692	0.08196	0.08935	0.00767	0.00656	0.00192	0.04334	0.00672	0.00313	0.00672
6	0.02499	0.01008	0.01340	0.01035	0.01473	0.00902	0.00853	0.05406	0.05083	0.70627	0.02228	0.01935	0.01415	0.00710	0.00575	0.00178	0.00490	0.00576	0.00697	0.00970
7	0.00792	0.00578	0.00744	0.00715	0.00847	0.00530	0.00532	0.01040	0.01557	0.02178	0.65529	0.10016	0.10331	0.01236	0.00679	0.00185	0.00276	0.01091	0.00615	0.00530
8	0.01297	0.01285	0.01877	0.42258	0.26392	0.07718	0.01555	0.01704	0.05154	0.01632	0.01087	0.01474	0.00857	0.00576	0.00601	0.00182	0.02824	0.00504	0.00284	0.00737
9	0.00877	0.00640	0.00776	0.00776	0.00910	0.00615	0.00562	0.03421	0.06618	0.03462	0.28979	0.28905	0.14747	0.05069	0.00787	0.00217	0.00335	0.01192	0.00566	0.00546
10	0.00832	0.00555	0.00624	0.00624	0.00624	0.00555	0.00347	0.00832	0.00832	0.01109	0.01802	0.03743	0.02080	0.79898	0.02911	0.00555	0.00555	0.00832	0.00347	0.00347
11	0.00717	0.00512	0.00686	0.00819	0.00861	0.00482	0.00565	0.00830	0.01114	0.01482	0.03142	0.73142	0.03740	0.01773	0.00735	0.00235	0.00349	0.07815	0.00531	0.00470
12	0.02132	0.01695	0.01686	0.01324	0.01759	0.09283	0.01080	0.63622	0.06285	0.03324	0.01373	0.01378	0.00989	0.00682	0.00567	0.00170	0.00660	0.00507	0.00545	0.00939
13	0.00923	0.00661	0.00894	0.01002	0.01124	0.00661	0.00833	0.04403	0.01324	0.01735	0.02984	0.24258	0.03308	0.01592	0.00765	0.00252	0.00483	0.51735	0.00530	0.00532
14	0.01239	0.01223	0.01707	0.04853	0.01598	0.01655	0.01222	0.01385	0.00912	0.01418	0.00783	0.01258	0.00759	0.00938	0.01708	0.00235	0.69383	0.00488	0.00257	0.06979

[dist]
# distance from previous block
# <min> <max>
0	3

[block]
# block no. 5 follows, 41 sequences, length 27
# corresponding to MSA columns:
# 293-319
name=unknown_F
#
# <colnr> <probs for GDERKNQSTAVLIFYWHMCP>
#	G	D	E	R	K	N	Q	S	T	A	V	L	I	F	Y	W	H	M	C	P
0	0.66109	0.01144	0.01030	0.10052	0.01508	0.01330	0.00780	0.08755	0.01161	0.02536	0.00879	0.01043	0.00671	0.00551	0.00401	0.00178	0.00499	0.00353	0.00363	0.00656
1	0.01118	0.00649	0.00699	0.00650	0.00816	0.00656	0.00498	0.08411	0.01437	0.02312	0.18108	0.02528	0.02281	0.00779	0.00477	0.00147	0.00303	0.00641	0.56912	0.00577
2	0.01288	0.00927	0.01230	0.13492	0.01663	0.02548	0.03485	0.02861	0.01250	0.13440	0.04411	0.09793	0.07248	0.11272	0.00928	0.00218	0.03562	0.00706	0.00426	0.19253
3	0.01337	0.01505	0.03166	0.02294	0.02797	0.01486	0.64836	0.01773	0.01289	0.01773	0.01105	0.01505	0.00853	0.00549	0.00830	0.00200	0.11012	0.00653	0.00284	0.00753
4	0.01551	0.68638	0.02768	0.01013	0.01485	0.02157	0.00977	0.05442	0.08473	0.01560	0.00973	0.01059	0.00845	0.00527	0.00398	0.00132	0.00597	0.00349	0.00294	0.00763
5	0.00745	0.00548	0.00715	0.00801	0.00881	0.00494	0.00545	0.00859	0.01104	0.01500	0.02944	0.71879	0.03497	0.01658	0.00700	0.00218	0.00341	0.01500	0.00512	0.08559
6	0.01795	0.01709	0.01564	0.12640	0.01969	0.27013	0.01091	0.14255	0.01598	0.08978	0.01127	0.01293	0.00864	0.00623	0.00643	0.00159	0.07570	0.00440	0.00378	0.14292
7	0.01738	0.01264	0.01388	0.01148	0.01489	0.01378	0.00914	0.44684	0.11644	0.05327	0.03970	0.16529	0.01762	0.00923	0.00602	0.00185	0.00525	0.00761	0.02926	0.00842
8	0.00832	0.00555	0.00624	0.00624	0.00624	0.00555	0.00347	0.00832	0.00832	0.01109	0.01802	0.03743	0.02080	0.79898	0.02911	0.00555	0.00555	0.00832	0.00347	0.00347
9	0.02137	0.02726	0.01621	0.01474	0.01768	0.77602	0.01105	0.02284	0.01621	0.01400	0.00884	0.01031	0.00737	0.00589	0.00516	0.00147	0.01031	0.00368	0.00295	0.00663
10	0.01780	0.01316	0.01435	0.01202	0.01576	0.01463	0.00967	0.29315	0.38181	0.09555	0.02003	0.02045	0.01505	0.00776	0.00588	0.00188	0.00525	0.04077	0.00587	0.00918
11	0.00718	0.00536	0.00639	0.00701	0.00782	0.00489	0.00474	0.00826	0.01147	0.01480	0.08067	0.41302	0.25026	0.13837	0.01051	0.00268	0.00350	0.01343	0.00508	0.00456
12	0.00697	0.00498	0.00664	0.00796	0.00830	0.00465	0.00531	0.00796	0.01095	0.01460	0.03153	0.79525	0.03783	0.01792	0.00730	0.00232	0.00332	0.01626	0.00531	0.00465
13	0.01529	0.80242	0.02997	0.00979	0.01468	0.02263	0.00979	0.01713	0.01162	0.01346	0.00795	0.00918	0.00734	0.00489	0.00367	0.00122	0.00612	0.00306	0.00245	0.00734
14	0.01373	0.00725	0.00939	0.00819	0.01060	0.00655	0.00637	0.01650	0.03953	0.26009	0.39548	0.07305	0.10842	0.01067	0.00643	0.00183	0.00350	0.00921	0.00639	0.00681
15	0.00708	0.00505	0.00676	0.00809	0.00847	0.00474	0.00550	0.00815	0.01106	0.01472	0.03147	0.76050	0.03760	0.01782	0.00733	0.00234	0.00341	0.04995	0.00531	0.00468
16	0.06561	0.00736	0.00750	0.00680	0.00877	0.00771	0.00529	0.12444	0.01442	0.02396	0.07080	0.02094	0.01621	0.00697	0.00443	0.00145	0.00333	0.00552	0.59244	0.00606
17	0.01416	0.01359	0.02322	0.03511	0.76330	0.01359	0.01755	0.01755	0.01302	0.01869	0.01076	0.01416	0.00906	0.00510	0.00566	0.00170	0.00680	0.00510	0.00283	0.00906
18	0.02099	0.01636	0.07014	0.01310	0.01788	0.01658	0.01134	0.60937	0.05540	0.08882	0.01454	0.01436	0.01020	0.00682	0.00571	0.00174	0.00627	0.00518	0.00559	0.00961
19	0.05195	0.01200	0.01990	0.35676	0.41586	0.01317	0.01630	0.01625	0.01218	0.01727	0.01037	0.01440	0.00831	0.00537	0.00559	0.00179	0.00704	0.00500	0.00274	0.00776
20	0.01133	0.01084	0.01753	0.58433	0.07005	0.01377	0.01525	0.01458	0.01095	0.01464	0.00963	0.01461	0.00767	0.00660	0.00849	0.00202	0.17362	0.00507	0.00255	0.00647
21	0.01349	0.00704	0.00937	0.00811	0.01041	0.00632	0.00632	0.01604	0.01625	0.25159	0.53366	0.03558	0.04174	0.01028	0.00644	0.00179	0.00336	0.00893	0.00654	0.00673
22	0.11702	0.02353	0.50568	0.06129	0.02250	0.01389	0.01742	0.06415	0.01237	0.01959	0.00992	0.01206	0.00732	0.00597	0.00653	0.00187	0.08389	0.00427	0.00279	0.00791
23	0.01248	0.01121	0.01846	0.02675	0.50780	0.01121	0.01472	0.01561	0.01307	0.01815	0.01740	0.03128	0.01717	0.00874	0.00642	0.00202	0.00628	0.24980	0.00366	0.00777
24	0.02566	0.00973	0.01327	0.01018	0.01460	0.00841	0.00841	0.02788	0.01637	0.76726	0.02257	0.01947	0.01416	0.00708	0.00575	0.00177	0.00487	0.00575	0.00708	0.00973
25	0.01373	0.00842	0.01109	0.00995	0.01192	0.00926	0.00784	0.03284	0.10475	0.18411	0.01797	0.05170	0.01497	0.04626	0.29328	0.02262	0.08678	0.00635	0.05943	0.00674
26	0.05323	0.02004	0.06737	0.01530	0.07569	0.26337	0.01187	0.34538	0.05063	0.02540	0.01184	0.01268	0.00892	0.00629	0.00543	0.00165	0.00764	0.00458	0.00429	0.00841

[dist]
# distance from previous block
# <min> <max>
0	1

[block]
# block no. 6 follows, 41 sequences, length 7
# corresponding to MSA columns:
# 321-327
name=unknown_G
#
# <colnr> <probs for GDERKNQSTAVLIFYWHMCP>
#	G	D	E	R	K	N	Q	S	T	A	V	L	I	F	Y	W	H	M	C	P
0	0.00711	0.00504	0.00660	0.00779	0.00809	0.00474	0.00512	0.00800	0.01068	0.01424	0.03015	0.71819	0.03610	0.09734	0.00952	0.00265	0.00354	0.01545	0.00512	0.00453
1	0.00808	0.00552	0.00657	0.00668	0.00699	0.00538	0.00412	0.00875	0.01025	0.01393	0.16548	0.14985	0.02980	0.52989	0.02152	0.00434	0.00466	0.00988	0.00429	0.00402
2	0.01311	0.01253	0.02133	0.26836	0.53820	0.01332	0.01704	0.01664	0.01253	0.01742	0.01057	0.01450	0.00861	0.00529	0.00568	0.00176	0.00705	0.00509	0.00274	0.00822
3	0.01568	0.03253	0.03495	0.00954	0.01264	0.00867	0.00799	0.04325	0.09754	0.28117	0.21895	0.03266	0.08258	0.00975	0.00626	0.00189	0.00435	0.08596	0.00608	0.00755
4	0.00758	0.00524	0.00646	0.00718	0.00736	0.00505	0.00447	0.00812	0.00976	0.01301	0.02540	0.45123	0.03010	0.37249	0.01720	0.00379	0.00433	0.01266	0.00447	0.00411
5	0.04602	0.01556	0.16564	0.38873	0.20952	0.04537	0.01672	0.01645	0.01208	0.01671	0.01018	0.01391	0.00783	0.00550	0.00554	0.00181	0.00757	0.00478	0.00264	0.00743
6	0.37039	0.04706	0.01502	0.17087	0.01991	0.05062	0.05888	0.13897	0.01358	0.02311	0.00965	0.01184	0.00740	0.00581	0.00522	0.00179	0.03512	0.00419	0.00354	0.00700

[dist]
# distance from previous block
# <min> <max>
0	1

[block]
# block no. 7 follows, 41 sequences, length 73
# corresponding to MSA columns:
# 329-401
name=unknown_H
#
# <colnr> <probs for GDERKNQSTAVLIFYWHMCP>
#	G	D	E	R	K	N	Q	S	T	A	V	L	I	F	Y	W	H	M	C	P
0	0.01129	0.01067	0.01804	0.67535	0.14543	0.01284	0.01613	0.01504	0.01167	0.01521	0.01025	0.01509	0.00784	0.00563	0.00571	0.00188	0.00750	0.00509	0.00258	0.00675
1	0.00832	0.00555	0.00624	0.00624	0.00624	0.00555	0.00347	0.00832	0.00832	0.01109	0.01802	0.03743	0.02080	0.79898	0.02911	0.00555	0.00555	0.00832	0.00347	0.00347
2	0.11268	0.01194	0.01735	0.17190	0.28788	0.01236	0.03132	0.05846	0.04431	0.01983	0.01140	0.03164	0.00938	0.00560	0.00524	0.00163	0.00609	0.00491	0.00331	0.15276
3	0.01792	0.00888	0.01136	0.00893	0.01272	0.00746	0.00711	0.02013	0.01423	0.38958	0.07516	0.06471	0.01727	0.03956	0.00636	0.00168	0.00435	0.00614	0.05028	0.23617
4	0.01529	0.80242	0.02997	0.00979	0.01468	0.02263	0.00979	0.01713	0.01162	0.01346	0.00795	0.00918	0.00734	0.00489	0.00367	0.00122	0.00612	0.00306	0.00245	0.00734
5	0.01472	0.00875	0.01027	0.00888	0.01154	0.00888	0.00697	0.07954	0.17026	0.18117	0.24257	0.02673	0.02653	0.00851	0.00572	0.00172	0.00383	0.00715	0.16885	0.00742
6	0.00857	0.00603	0.00732	0.00688	0.00859	0.00536	0.00520	0.01082	0.01513	0.05975	0.48322	0.04567	0.29150	0.01240	0.00670	0.00184	0.00288	0.01069	0.00600	0.00543
7	0.01830	0.01431	0.01523	0.01246	0.01643	0.01613	0.01004	0.41746	0.35926	0.03050	0.01810	0.01722	0.01327	0.00728	0.00577	0.00182	0.00549	0.00575	0.00577	0.00942
8	0.00818	0.00609	0.00901	0.00901	0.00997	0.00705	0.00693	0.01010	0.00914	0.01315	0.01548	0.02337	0.01469	0.08850	0.73125	0.00897	0.01473	0.00626	0.00309	0.00501
9	0.02137	0.02726	0.01621	0.01474	0.01768	0.77602	0.01105	0.02284	0.01621	0.01400	0.00884	0.01031	0.00737	0.00589	0.00516	0.00147	0.01031	0.00368	0.00295	0.00663
10	0.00859	0.00723	0.00763	0.00728	0.00942	0.00698	0.00553	0.01346	0.17617	0.01840	0.15166	0.04586	0.49551	0.01260	0.00655	0.00191	0.00323	0.01059	0.00557	0.00584
11	0.00697	0.00555	0.00628	0.00683	0.00815	0.00486	0.00495	0.00832	0.01230	0.01524	0.04702	0.31984	0.46342	0.01578	0.00701	0.00211	0.00318	0.05210	0.00531	0.00479
12	0.02271	0.00930	0.01248	0.00979	0.01372	0.00821	0.00800	0.04694	0.01666	0.62481	0.14141	0.02305	0.02045	0.00782	0.00591	0.00177	0.00456	0.00648	0.00691	0.00903
13	0.01901	0.22484	0.08178	0.01357	0.01750	0.50305	0.01156	0.03815	0.01495	0.01472	0.00885	0.01025	0.00741	0.00562	0.00481	0.00144	0.00900	0.00360	0.00284	0.00704
14	0.83938	0.01106	0.00841	0.00752	0.01106	0.01283	0.00619	0.01681	0.00973	0.02566	0.00796	0.00929	0.00619	0.00531	0.00354	0.00177	0.00442	0.00310	0.00354	0.00619
15	0.00956	0.00513	0.00735	0.00735	0.00741	0.00519	0.00484	0.00776	0.00770	0.01032	0.01162	0.02108	0.01203	0.15336	0.06699	0.64556	0.00566	0.00560	0.00268	0.00280
16	0.01066	0.00533	0.00533	0.00533	0.00666	0.00533	0.00400	0.01333	0.01200	0.02132	0.01866	0.02132	0.01466	0.00666	0.00400	0.00133	0.00267	0.00533	0.83073	0.00533
17	0.00860	0.00691	0.01019	0.24639	0.01812	0.00752	0.00872	0.03269	0.01159	0.01527	0.02443	0.53206	0.02771	0.01384	0.00677	0.00218	0.00473	0.01249	0.00447	0.00533
18	0.00739	0.00600	0.00696	0.00744	0.03347	0.00528	0.00525	0.00916	0.01351	0.01714	0.20559	0.12923	0.48602	0.01396	0.00681	0.00196	0.00309	0.03121	0.00544	0.00509
19	0.01416	0.01359	0.02322	0.03511	0.76330	0.01359	0.01755	0.01755	0.01302	0.01869	0.01076	0.01416	0.00906	0.00510	0.00566	0.00170	0.00680	0.00510	0.00283	0.00906
20	0.01172	0.14108	0.01999	0.58006	0.03358	0.01422	0.06321	0.01523	0.01162	0.01490	0.01018	0.01446	0.00788	0.00555	0.00539	0.00178	0.00734	0.00487	0.03035	0.00657
21	0.01392	0.01202	0.01264	0.01140	0.01458	0.01384	0.00886	0.02949	0.72278	0.02358	0.02469	0.02272	0.04780	0.00803	0.00586	0.00194	0.00446	0.00670	0.00580	0.00888
22	0.01565	0.01324	0.01365	0.01029	0.01503	0.08295	0.00826	0.19911	0.01619	0.04466	0.01130	0.01241	0.00885	0.00514	0.00474	0.00115	0.00535	0.00393	0.00404	0.52405
23	0.01241	0.01189	0.01966	0.27498	0.31896	0.03473	0.07813	0.01589	0.01266	0.01693	0.01375	0.02270	0.01238	0.00704	0.00612	0.00193	0.00717	0.12215	0.00314	0.00737
24	0.04841	0.00977	0.01314	0.01010	0.01450	0.00853	0.00835	0.02757	0.01619	0.74653	0.02216	0.01918	0.01394	0.00703	0.00569	0.00177	0.00485	0.00568	0.00698	0.00964
25	0.00757	0.00591	0.00891	0.00930	0.01016	0.00552	0.06565	0.00895	0.01130	0.01502	0.03074	0.68221	0.05947	0.01666	0.00726	0.00229	0.00389	0.03916	0.00511	0.00492
26	0.01342	0.25084	0.42813	0.01458	0.02131	0.03801	0.07628	0.01813	0.01243	0.04184	0.02892	0.01248	0.00880	0.00545	0.00507	0.00164	0.00766	0.00429	0.00273	0.00798
27	0.00837	0.00641	0.00776	0.00756	0.00909	0.00613	0.00565	0.01201	0.09060	0.02053	0.45152	0.13546	0.17648	0.01265	0.00675	0.00192	0.00305	0.02655	0.00592	0.00557
28	0.00722	0.00514	0.00685	0.00812	0.00853	0.00485	0.00558	0.00832	0.01104	0.01468	0.03086	0.69954	0.03670	0.04960	0.00824	0.00248	0.00358	0.07876	0.00523	0.00465
29	0.02885	0.01206	0.02027	0.29912	0.46925	0.01299	0.01636	0.01620	0.01233	0.01726	0.01113	0.03852	0.00938	0.00572	0.00569	0.00179	0.00694	0.00540	0.00282	0.00791
30	0.01198	0.11610	0.56142	0.01616	0.02354	0.01415	0.10805	0.01760	0.01215	0.01746	0.01105	0.04488	0.00871	0.00582	0.00547	0.00178	0.00812	0.00491	0.00260	0.00807
31	0.00914	0.00653	0.00913	0.01045	0.01173	0.00652	0.00909	0.01172	0.01309	0.01703	0.03033	0.08908	0.03308	0.01587	0.00788	0.00262	0.00520	0.70098	0.00527	0.00525
32	0.00942	0.00614	0.00807	0.00742	0.00900	0.00562	0.00562	0.01208	0.01620	0.07897	0.70474	0.04098	0.05097	0.01135	0.00667	0.00180	0.00286	0.01000	0.00636	0.00572
33	0.01292	0.14507	0.57467	0.01544	0.02299	0.01451	0.06035	0.01849	0.01232	0.05703	0.01064	0.01222	0.00771	0.00540	0.00526	0.00173	0.00798	0.00428	0.00269	0.00831
34	0.01446	0.01210	0.01712	0.46601	0.06810	0.01414	0.01396	0.25542	0.01660	0.02190	0.01209	0.04087	0.00941	0.00648	0.00577	0.00185	0.00700	0.00548	0.00370	0.00755
35	0.83938	0.01106	0.00841	0.00752	0.01106	0.01283	0.00619	0.01681	0.00973	0.02566	0.00796	0.00929	0.00619	0.00531	0.00354	0.00177	0.00442	0.00310	0.00354	0.00619
36	0.00692	0.00545	0.00625	0.00678	0.00801	0.00478	0.00481	0.00824	0.01233	0.01549	0.08400	0.36485	0.42029	0.01578	0.00699	0.00209	0.00306	0.01374	0.00536	0.00478
37	0.01672	0.10586	0.18681	0.01266	0.01737	0.16414	0.01202	0.05820	0.17869	0.12488	0.01705	0.01686	0.05050	0.00676	0.00540	0.00170	0.00678	0.00516	0.00426	0.00816
38	0.01186	0.01017	0.01186	0.00847	0.01356	0.00762	0.00678	0.01440	0.01186	0.01864	0.01017	0.01186	0.00847	0.00424	0.00424	0.00085	0.00424	0.00339	0.00339	0.83395
39	0.01690	0.01597	0.01429	0.01252	0.01591	0.17167	0.00976	0.14337	0.48475	0.02383	0.01878	0.01785	0.01414	0.00723	0.00567	0.00181	0.00600	0.00568	0.00521	0.00866
40	0.00938	0.00768	0.01127	0.01499	0.19871	0.00746	0.00887	0.02934	0.01233	0.01653	0.02837	0.42313	0.10205	0.01384	0.00686	0.00215	0.00444	0.09193	0.00469	0.00597
41	0.01470	0.01203	0.01271	0.02998	0.03433	0.05553	0.00892	0.05502	0.47305	0.07552	0.10002	0.02316	0.04083	0.00803	0.00584	0.00185	0.00479	0.00667	0.02868	0.00832
42	0.01502	0.01247	0.01322	0.01170	0.01506	0.01431	0.00916	0.07755	0.68606	0.04377	0.02263	0.02079	0.01686	0.00768	0.00581	0.00192	0.00465	0.00636	0.00585	0.00912
43	0.00818	0.00611	0.00910	0.00910	0.01009	0.00710	0.00704	0.01016	0.00917	0.01321	0.01540	0.02293	0.01450	0.06593	0.75355	0.00908	0.01502	0.00620	0.00308	0.00506
44	0.02137	0.02726	0.01621	0.01474	0.01768	0.77602	0.01105	0.02284	0.01621	0.01400	0.00884	0.01031	0.00737	0.00589	0.00516	0.00147	0.01031	0.00368	0.00295	0.00663
45	0.00862	0.00738	0.00759	0.00726	0.00949	0.00714	0.00552	0.01370	0.19388	0.01772	0.06825	0.04648	0.56044	0.01277	0.00653	0.00193	0.00329	0.01066	0.00546	0.00588
46	0.00779	0.00580	0.00743	0.00836	0.00948	0.00543	0.00652	0.00957	0.01248	0.01608	0.06794	0.32068	0.20712	0.01607	0.00737	0.00232	0.00391	0.27536	0.00534	0.00495
47	0.00697	0.00498	0.00664	0.00796	0.00830	0.00465	0.00531	0.00796	0.01095	0.01460	0.03153	0.79525	0.03783	0.01792	0.00730	0.00232	0.00332	0.01626	0.00531	0.00465
48	0.01516	0.01567	0.02206	0.03069	0.59402	0.13095	0.03128	0.01818	0.01330	0.01770	0.01031	0.01351	0.00871	0.00547	0.00630	0.00171	0.04873	0.00491	0.00283	0.00851
49	0.83938	0.01106	0.00841	0.00752	0.01106	0.01283	0.00619	0.01681	0.00973	0.02566	0.00796	0.00929	0.00619	0.00531	0.00354	0.00177	0.00442	0.00310	0.00354	0.00619
50	0.00818	0.00577	0.00755	0.00762	0.00808	0.00620	0.00517	0.00912	0.00884	0.01223	0.01756	0.07098	0.01887	0.42853	0.35325	0.00696	0.00968	0.00778	0.00339	0.00424
51	0.00828	0.00555	0.00632	0.00633	0.00641	0.00552	0.00361	0.00844	0.00880	0.01181	0.05859	0.05459	0.02297	0.73889	0.02741	0.00527	0.00534	0.00860	0.00366	0.00360
52	0.01089	0.01026	0.01732	0.76547	0.05847	0.01273	0.01593	0.01469	0.01148	0.01472	0.01018	0.01522	0.00766	0.00570	0.00572	0.00190	0.00760	0.00508	0.00255	0.00643
53	0.02397	0.01104	0.01386	0.01073	0.01506	0.01052	0.00883	0.17819	0.04852	0.56309	0.02063	0.01839	0.01338	0.00705	0.00570	0.00175	0.00509	0.00564	0.02896	0.00959
54	0.70894	0.03822	0.01005	0.00828	0.01182	0.03554	0.00685	0.03808	0.01072	0.05514	0.00874	0.00995	0.00673	0.00556	0.00416	0.00176	0.02597	0.00333	0.00366	0.00649
55	0.01350	0.01543	0.03375	0.02411	0.02989	0.01446	0.74253	0.01832	0.01350	0.01832	0.01157	0.01543	0.00868	0.00482	0.00675	0.00193	0.00964	0.00675	0.00289	0.00771
56	0.00792	0.00638	0.00715	0.00720	0.00883	0.00598	0.00530	0.01121	0.09862	0.01768	0.18267	0.20717	0.38513	0.01391	0.00676	0.00199	0.00314	0.01199	0.00556	0.00539
57	0.01418	0.03579	0.07553	0.16729	0.38487	0.10648	0.09903	0.01777	0.01307	0.01715	0.01040	0.01376	0.00838	0.00530	0.00567	0.00173	0.00780	0.00500	0.00276	0.00803
58	0.01199	0.04577	0.53166	0.01676	0.02328	0.01444	0.09888	0.01732	0.01162	0.01722	0.00985	0.01245	0.00745	0.00618	0.00795	0.00193	0.15020	0.00462	0.00248	0.00794
59	0.13435	0.00991	0.01262	0.00982	0.01413	0.00900	0.00811	0.02640	0.01548	0.66821	0.02062	0.01811	0.01310	0.00684	0.00546	0.00177	0.00481	0.00540	0.00661	0.00926
60	0.00959	0.00502	0.00742	0.00761	0.00769	0.00499	0.00515	0.00766	0.00803	0.01069	0.01298	0.10398	0.01376	0.01952	0.02022	0.71484	0.00480	0.03036	0.00289	0.00281
61	0.03105	0.18863	0.42999	0.05731	0.06077	0.05356	0.06781	0.01791	0.01225	0.01695	0.00977	0.01183	0.00746	0.00530	0.00513	0.00168	0.00792	0.00420	0.00253	0.00795
62	0.00832	0.00555	0.00624	0.00624	0.00624	0.00555	0.00347	0.00832	0.00832	0.01109	0.01802	0.03743	0.02080	0.79898	0.02911	0.00555	0.00555	0.00832	0.00347	0.00347
63	0.00831	0.00558	0.00641	0.00641	0.00647	0.00564	0.00368	0.00843	0.00837	0.01122	0.01787	0.03657	0.02042	0.75537	0.07222	0.00576	0.00611	0.00819	0.00344	0.00356
64	0.00931	0.00664	0.00931	0.05373	0.06705	0.00655	0.00739	0.02765	0.02551	0.05551	0.02769	0.57862	0.03146	0.01515	0.00698	0.00222	0.00410	0.05448	0.00508	0.00557
65	0.01252	0.02229	0.39045	0.02032	0.02740	0.01389	0.39272	0.01822	0.01281	0.01822	0.01094	0.01380	0.00798	0.00512	0.00611	0.00187	0.00907	0.00553	0.00266	0.00807
66	0.00922	0.00658	0.00922	0.01053	0.01185	0.00658	0.00922	0.01185	0.01317	0.01712	0.03029	0.06452	0.03292	0.01580	0.00790	0.00263	0.00527	0.72480	0.00527	0.00527
67	0.01416	0.01359	0.02322	0.03511	0.76330	0.01359	0.01755	0.01755	0.01302	0.01869	0.01076	0.01416	0.00906	0.00510	0.00566	0.00170	0.00680	0.00510	0.00283	0.00906
68	0.01337	0.01278	0.02167	0.15408	0.62227	0.01316	0.01685	0.01677	0.01277	0.01793	0.01224	0.01570	0.03398	0.00551	0.00571	0.00174	0.00680	0.00533	0.00287	0.00849
69	0.01080	0.01017	0.01716	0.78523	0.03940	0.01271	0.01589	0.01461	0.01144	0.01461	0.01017	0.01525	0.00762	0.00572	0.00572	0.00191	0.00762	0.00508	0.00254	0.00635
70	0.23710	0.01406	0.03133	0.07297	0.36745	0.08147	0.01306	0.05592	0.01300	0.02087	0.01021	0.01275	0.00823	0.00542	0.00499	0.00170	0.00639	0.00442	0.03085	0.00779
71	0.01169	0.00731	0.00864	0.07491	0.05082	0.00752	0.00652	0.07866	0.01364	0.03873	0.03581	0.02413	0.10307	0.00756	0.00481	0.00153	0.00371	0.00619	0.50871	0.00605
72	0.05434	0.12311	0.38815	0.03431	0.13721	0.05323	0.01643	0.01872	0.06739	0.01825	0.03059	0.01337	0.00949	0.00567	0.00520	0.00171	0.00733	0.00448	0.00293	0.00812

[dist]
# distance from previous block
# <min> <max>
0	10

[block]
# block no. 8 follows, 41 sequences, length 69
# corresponding to MSA columns:
# 412-480
name=unknown_I
#
# <colnr> <probs for GDERKNQSTAVLIFYWHMCP>
#	G	D	E	R	K	N	Q	S	T	A	V	L	I	F	Y	W	H	M	C	P
0	0.00922	0.00753	0.00841	0.00716	0.01025	0.00602	0.00557	0.01113	0.01261	0.03471	0.03723	0.06410	0.40847	0.01064	0.00585	0.00156	0.00355	0.03579	0.00463	0.31557
1	0.01529	0.80242	0.02997	0.00979	0.01468	0.02263	0.00979	0.01713	0.01162	0.01346	0.00795	0.00918	0.00734	0.00489	0.00367	0.00122	0.00612	0.00306	0.00245	0.00734
2	0.00805	0.00584	0.00758	0.00715	0.00852	0.00538	0.00536	0.01070	0.01608	0.02266	0.73472	0.04317	0.07971	0.01180	0.00675	0.00180	0.00271	0.01041	0.00626	0.00538
3	0.00800	0.00584	0.00751	0.00710	0.00849	0.00536	0.00532	0.01061	0.01597	0.02240	0.71031	0.04360	0.10428	0.01189	0.00675	0.00181	0.00271	0.01047	0.00623	0.00536
4	0.01737	0.01385	0.01470	0.01228	0.01607	0.01570	0.00981	0.32893	0.44931	0.02900	0.01929	0.01816	0.01423	0.00739	0.00578	0.00185	0.00527	0.00592	0.00578	0.00934
5	0.00817	0.00613	0.00919	0.00919	0.01021	0.00715	0.00715	0.01021	0.00919	0.01328	0.01532	0.02247	0.01430	0.04290	0.77631	0.00919	0.01532	0.00613	0.00306	0.00511
6	0.01423	0.01229	0.01293	0.01164	0.01487	0.01423	0.00905	0.03039	0.75297	0.02393	0.02328	0.02134	0.01746	0.00776	0.00582	0.00194	0.00453	0.00647	0.00582	0.00905
7	0.01464	0.01249	0.01317	0.01172	0.01503	0.01442	0.00915	0.06992	0.71276	0.02460	0.02275	0.02092	0.01703	0.00771	0.00581	0.00193	0.00462	0.00639	0.00581	0.00909
8	0.00803	0.00591	0.00762	0.00783	0.00914	0.00550	0.00609	0.01035	0.01450	0.01968	0.41924	0.13266	0.14631	0.01369	0.00707	0.00206	0.00337	0.16994	0.00582	0.00521
9	0.00771	0.00573	0.00718	0.00703	0.00836	0.00520	0.00519	0.00997	0.01496	0.02053	0.54048	0.13649	0.18411	0.01297	0.00682	0.00189	0.00281	0.01139	0.00599	0.00520
10	0.01251	0.01251	0.01752	0.01502	0.01502	0.01752	0.01251	0.01377	0.00876	0.01377	0.00751	0.01251	0.00751	0.01001	0.01877	0.00250	0.78851	0.00501	0.00250	0.00626
11	0.83938	0.01106	0.00841	0.00752	0.01106	0.01283	0.00619	0.01681	0.00973	0.02566	0.00796	0.00929	0.00619	0.00531	0.00354	0.00177	0.00442	0.00310	0.00354	0.00619
12	0.00764	0.00526	0.00644	0.00710	0.00727	0.00509	0.00439	0.00814	0.00964	0.01285	0.02479	0.41717	0.02933	0.40759	0.01818	0.00393	0.00443	0.01230	0.00439	0.00406
13	0.83938	0.01106	0.00841	0.00752	0.01106	0.01283	0.00619	0.01681	0.00973	0.02566	0.00796	0.00929	0.00619	0.00531	0.00354	0.00177	0.00442	0.00310	0.00354	0.00619
14	0.00795	0.00571	0.00738	0.00720	0.00843	0.00527	0.00531	0.01036	0.01523	0.02143	0.61252	0.14840	0.07857	0.01256	0.00676	0.00187	0.00279	0.01112	0.02589	0.00527
