[name]
unknown

[dist]
# distance from previous block
# <min> <max>
0	68

[block]
# block no. 0 follows, 48 sequences, length 27
# corresponding to MSA columns:
# 69-95
name=unknown_A
#
# <colnr> <probs for GDERKNQSTAVLIFYWHMCP>
#	G	D	E	R	K	N	Q	S	T	A	V	L	I	F	Y	W	H	M	C	P
0	0.03945	0.05347	0.07624	0.03929	0.01291	0.04520	0.00818	0.12449	0.02718	0.09859	0.27212	0.05051	0.02358	0.00791	0.00553	0.00158	0.02143	0.03388	0.01538	0.04307
1	0.12258	0.05730	0.05789	0.26151	0.07090	0.04294	0.01069	0.04727	0.03597	0.17718	0.05774	0.01464	0.01075	0.00567	0.00480	0.00159	0.00557	0.00458	0.00366	0.00678
2	0.01095	0.21504	0.06963	0.00833	0.01134	0.01072	0.00748	0.01519	0.14013	0.06955	0.20927	0.02612	0.14142	0.02216	0.00544	0.00159	0.00409	0.02105	0.00430	0.00618
3	0.01059	0.00775	0.00905	0.00799	0.01001	0.00789	0.00622	0.18921	0.06159	0.03614	0.41078	0.08849	0.09958	0.00988	0.00583	0.00166	0.00341	0.02264	0.00536	0.00592
4	0.01117	0.01063	0.01805	0.42705	0.40410	0.01179	0.01498	0.01440	0.01096	0.01490	0.00938	0.01320	0.00747	0.00486	0.00511	0.00162	0.00648	0.00457	0.00241	0.00689
5	0.20649	0.00654	0.00808	0.00789	0.00934	0.00761	0.00621	0.01055	0.00836	0.01452	0.01220	0.01738	0.01112	0.03057	0.61248	0.00668	0.01145	0.00486	0.00285	0.00481
6	0.85592	0.00992	0.00754	0.00675	0.00992	0.01151	0.00556	0.01508	0.00873	0.02302	0.00714	0.00834	0.00556	0.00476	0.00318	0.00159	0.00397	0.00278	0.00318	0.00556
7	0.00786	0.19708	0.01029	0.00604	0.00839	0.00808	0.00504	0.00924	0.01140	0.01344	0.04145	0.03972	0.60276	0.01098	0.00541	0.00158	0.00328	0.00893	0.00416	0.00486
8	0.00824	0.19709	0.01081	0.00643	0.00863	0.00824	0.00534	0.00997	0.01229	0.01556	0.27230	0.03624	0.37059	0.01019	0.00541	0.00155	0.00322	0.00844	0.00444	0.00502
9	0.85592	0.00992	0.00754	0.00675	0.00992	0.01151	0.00556	0.01508	0.00873	0.02302	0.00714	0.00834	0.00556	0.00476	0.00318	0.00159	0.00397	0.00278	0.00318	0.00556
10	0.00810	0.01035	0.19132	0.00837	0.01114	0.00664	0.00818	0.01150	0.02761	0.01898	0.49836	0.03198	0.08469	0.00919	0.00570	0.00163	0.00372	0.02325	0.03380	0.00551
11	0.85592	0.00992	0.00754	0.00675	0.00992	0.01151	0.00556	0.01508	0.00873	0.02302	0.00714	0.00834	0.00556	0.00476	0.00318	0.00159	0.00397	0.00278	0.00318	0.00556
12	0.01173	0.00657	0.00912	0.00937	0.01121	0.00629	0.00810	0.01400	0.01249	0.19745	0.02554	0.04839	0.02558	0.01234	0.00663	0.00218	0.00464	0.57759	0.00511	0.00567
13	0.00882	0.00666	0.00882	0.00902	0.01099	0.00613	0.00775	0.01117	0.01154	0.01568	0.02293	0.04679	0.02438	0.01174	0.00632	0.00199	0.00451	0.57709	0.00433	0.20335
14	0.65754	0.00973	0.00827	0.00695	0.01045	0.01041	0.00568	0.01458	0.00918	0.02154	0.00761	0.00888	0.00604	0.00454	0.00332	0.00139	0.00393	0.00284	0.00314	0.20399
15	0.01034	0.01039	0.01940	0.59585	0.03305	0.01182	0.21742	0.01401	0.01076	0.01401	0.00946	0.01372	0.00709	0.00491	0.00538	0.00172	0.00733	0.00496	0.00236	0.00603
16	0.01037	0.02245	0.60945	0.01298	0.01985	0.01072	0.01594	0.01547	0.01079	0.01636	0.00919	0.01079	0.00676	0.00462	0.00462	0.00142	0.00670	0.00362	0.00237	0.20554
17	0.01087	0.01073	0.01564	0.19979	0.01860	0.01470	0.01194	0.01253	0.00842	0.01253	0.00730	0.01180	0.00676	0.00808	0.01409	0.00212	0.62172	0.00451	0.00225	0.00563
18	0.00760	0.00581	0.00732	0.00739	0.00887	0.00507	0.00542	0.00902	0.01037	0.01432	0.04157	0.45037	0.05964	0.04237	0.00666	0.00189	0.00344	0.10556	0.00431	0.20298
19	0.00798	0.00661	0.00791	0.00719	0.00910	0.00614	0.00556	0.00959	0.01082	0.01477	0.07842	0.13259	0.28362	0.03148	0.03251	0.00191	0.07551	0.05460	0.02049	0.20319
20	0.01694	0.02086	0.01474	0.19960	0.02043	0.61421	0.01093	0.01876	0.01354	0.01269	0.00821	0.01029	0.00666	0.00525	0.00474	0.00141	0.00869	0.00360	0.00256	0.00589
21	0.00705	0.00558	0.00815	0.19489	0.01398	0.00587	0.00697	0.00855	0.00998	0.01312	0.02443	0.60699	0.04812	0.01342	0.00620	0.00199	0.00387	0.01213	0.00418	0.00453
22	0.01292	0.00880	0.01259	0.19715	0.01730	0.01030	0.00953	0.06647	0.01108	0.18203	0.01267	0.01643	0.01019	0.05885	0.18357	0.00340	0.17201	0.00505	0.00350	0.00616
23	0.20958	0.01044	0.01311	0.01132	0.01227	0.01376	0.00938	0.01320	0.00858	0.04018	0.04127	0.01215	0.00861	0.00870	0.03221	0.00219	0.54031	0.00434	0.00276	0.00564
24	0.00710	0.00562	0.00818	0.19485	0.01398	0.00590	0.00696	0.00866	0.01020	0.01345	0.05753	0.56670	0.05509	0.01315	0.00618	0.00196	0.00385	0.01187	0.00422	0.00456
25	0.01496	0.01033	0.04928	0.33903	0.09371	0.01007	0.06167	0.01796	0.01213	0.29277	0.01324	0.01474	0.00913	0.00541	0.00514	0.00162	0.00594	0.00479	0.00380	0.03428
26	0.39018	0.09855	0.03027	0.00900	0.01249	0.03778	0.00768	0.17615	0.06852	0.05385	0.01061	0.01123	0.02049	0.00553	0.00445	0.00154	0.03276	0.00372	0.00371	0.02148

[dist]
# distance from previous block
# <min> <max>
0	10

[block]
# block no. 1 follows, 48 sequences, length 24
# corresponding to MSA columns:
# 106-129
name=unknown_B
#
# <colnr> <probs for GDERKNQSTAVLIFYWHMCP>
#	G	D	E	R	K	N	Q	S	T	A	V	L	I	F	Y	W	H	M	C	P
0	0.01445	0.00680	0.00913	0.00772	0.01015	0.00604	0.00608	0.01658	0.01433	0.37446	0.39020	0.07313	0.03117	0.00891	0.00567	0.00163	0.00335	0.00769	0.00592	0.00659
1	0.13810	0.01030	0.04832	0.09244	0.01594	0.00988	0.06345	0.09690	0.05335	0.26895	0.05243	0.04243	0.01349	0.00673	0.00509	0.00167	0.00499	0.04780	0.02065	0.00711
2	0.00973	0.00576	0.00762	0.00692	0.00852	0.00524	0.00527	0.01199	0.01428	0.14365	0.61936	0.07924	0.04187	0.01014	0.00594	0.00164	0.00276	0.00892	0.00571	0.00543
3	0.00886	0.00680	0.00817	0.00750	0.00917	0.00692	0.00571	0.03891	0.18001	0.02116	0.59393	0.03331	0.04001	0.00958	0.00584	0.00164	0.00288	0.00837	0.00554	0.00568
4	0.07894	0.00757	0.00890	0.00735	0.01014	0.00724	0.00592	0.06635	0.01324	0.37095	0.01734	0.01714	0.01210	0.00607	0.00437	0.00142	0.00361	0.00480	0.34967	0.00688
5	0.00735	0.00577	0.00738	0.12248	0.01143	0.00557	0.00582	0.00921	0.01203	0.03264	0.24437	0.12455	0.35001	0.03077	0.00644	0.00181	0.00330	0.00970	0.00464	0.00472
6	0.05313	0.00914	0.01229	0.00967	0.01303	0.00888	0.00800	0.02279	0.01347	0.64863	0.01778	0.01621	0.01156	0.00667	0.00678	0.00168	0.12152	0.00497	0.00563	0.00816
7	0.01263	0.70379	0.02384	0.00854	0.01234	0.01796	0.00820	0.01417	0.01034	0.01222	0.01021	0.12572	0.01056	0.00609	0.00377	0.00124	0.00512	0.00447	0.00257	0.00623
8	0.01130	0.00956	0.01098	0.00804	0.01246	0.00778	0.00644	0.05710	0.06682	0.01795	0.01015	0.01135	0.00825	0.00416	0.00398	0.00088	0.00392	0.00333	0.00332	0.74224
9	0.01174	0.01138	0.01501	0.12832	0.01651	0.05066	0.01105	0.06729	0.00968	0.01380	0.00808	0.01273	0.00753	0.04563	0.02604	0.00229	0.54940	0.00461	0.00252	0.00574
10	0.00936	0.00860	0.04705	0.18242	0.01680	0.00755	0.05140	0.01190	0.01126	0.03614	0.13862	0.16428	0.04037	0.00780	0.00523	0.00149	0.00452	0.00696	0.00368	0.24457
11	0.05943	0.03585	0.09756	0.00886	0.01329	0.00848	0.02431	0.03830	0.01144	0.05335	0.06578	0.02175	0.01083	0.00488	0.00438	0.00109	0.01482	0.00391	0.00333	0.51836
12	0.01822	0.01361	0.01471	0.01119	0.01537	0.01459	0.00922	0.66041	0.02216	0.03007	0.01185	0.01207	0.00856	0.00582	0.00494	0.00143	0.00538	0.00439	0.00483	0.13119
13	0.00958	0.00939	0.01748	0.06735	0.01814	0.00874	0.32626	0.01229	0.01093	0.01503	0.01669	0.30827	0.01730	0.00862	0.00585	0.00172	0.00574	0.00865	0.00344	0.12855
14	0.13436	0.07611	0.07710	0.09222	0.12230	0.01187	0.20618	0.01576	0.06632	0.04040	0.01269	0.08884	0.02166	0.00603	0.00507	0.00165	0.00604	0.00563	0.00312	0.00664
15	0.00998	0.00696	0.01036	0.00928	0.01099	0.00679	0.08790	0.05336	0.01204	0.10807	0.13390	0.35914	0.06166	0.01358	0.06470	0.00233	0.02881	0.01008	0.00464	0.00544
16	0.09950	0.00910	0.01167	0.00903	0.01294	0.00829	0.00746	0.05854	0.01457	0.68547	0.01867	0.01639	0.01186	0.00620	0.00498	0.00159	0.00439	0.00492	0.00600	0.00844
17	0.00802	0.00639	0.00888	0.00817	0.00989	0.00582	0.06857	0.01034	0.04638	0.01562	0.10934	0.39022	0.08679	0.01129	0.00574	0.00170	0.00348	0.01019	0.06533	0.12784
18	0.01371	0.11830	0.15932	0.05798	0.13569	0.05485	0.10206	0.01864	0.12324	0.11614	0.01245	0.02631	0.00952	0.00550	0.00522	0.00158	0.02403	0.00472	0.00334	0.00740
19	0.00778	0.00546	0.00763	0.12341	0.01170	0.00548	0.00617	0.00910	0.01020	0.05739	0.03837	0.56105	0.06259	0.05955	0.00735	0.00214	0.00370	0.01192	0.00441	0.00461
20	0.01998	0.00947	0.01212	0.00934	0.01322	0.00869	0.00766	0.08581	0.05817	0.54709	0.01758	0.01594	0.01161	0.00608	0.00532	0.00149	0.02896	0.00482	0.00558	0.13106
21	0.01384	0.06632	0.09497	0.10673	0.04662	0.08002	0.08991	0.01745	0.06688	0.13801	0.01139	0.01291	0.00858	0.00553	0.00616	0.00153	0.09576	0.00437	0.00330	0.12973
22	0.06580	0.01383	0.08638	0.06959	0.04307	0.01339	0.02432	0.43992	0.01881	0.15498	0.01271	0.01295	0.00883	0.00583	0.00502	0.00157	0.00567	0.00455	0.00461	0.00817
23	0.00824	0.00614	0.00788	0.12310	0.01135	0.00648	0.00580	0.06331	0.00996	0.01315	0.01989	0.25221	0.05554	0.35579	0.03601	0.00337	0.00485	0.00896	0.00367	0.00429

[dist]
# distance from previous block
# <min> <max>
4	11

[block]
# block no. 2 follows, 48 sequences, length 113
# corresponding to MSA columns:
# 141-253
name=unknown_C
#
# <colnr> <probs for GDERKNQSTAVLIFYWHMCP>
#	G	D	E	R	K	N	Q	S	T	A	V	L	I	F	Y	W	H	M	C	P
0	0.01245	0.01403	0.10237	0.02368	0.33908	0.01231	0.29394	0.01664	0.04233	0.03888	0.01055	0.01324	0.00822	0.00475	0.00568	0.00162	0.02627	0.00507	0.00274	0.02615
1	0.00824	0.00608	0.00763	0.02456	0.00902	0.00595	0.00544	0.01204	0.10414	0.03671	0.62424	0.03564	0.08044	0.01000	0.00592	0.00164	0.00276	0.00876	0.00549	0.00530
2	0.00776	0.00518	0.00593	0.00585	0.00597	0.00525	0.00340	0.02431	0.00783	0.01048	0.01581	0.03218	0.01798	0.75405	0.05120	0.02793	0.00527	0.00725	0.00312	0.00326
3	0.01760	0.01358	0.04291	0.05172	0.01630	0.03962	0.00963	0.47499	0.08301	0.10076	0.01307	0.01314	0.00933	0.00589	0.00499	0.00149	0.00547	0.00454	0.00472	0.08723
4	0.72814	0.04063	0.00907	0.00751	0.01057	0.05209	0.00620	0.01541	0.00915	0.03468	0.00739	0.00867	0.00583	0.00500	0.00393	0.00159	0.04243	0.00293	0.00312	0.00567
5	0.01123	0.01123	0.01572	0.01347	0.01347	0.01572	0.01123	0.01235	0.00786	0.01235	0.00674	0.01123	0.00674	0.00898	0.01684	0.00225	0.81028	0.00449	0.00225	0.00561
6	0.11304	0.01276	0.09260	0.16777	0.26747	0.01188	0.18126	0.01516	0.01097	0.01673	0.00960	0.01266	0.00752	0.00481	0.00521	0.00162	0.02133	0.00462	0.03612	0.00687
7	0.01176	0.06343	0.56579	0.01477	0.02143	0.01202	0.12382	0.01687	0.01134	0.08122	0.01052	0.01254	0.00763	0.00506	0.00503	0.00162	0.00731	0.01775	0.00263	0.00748
8	0.00635	0.00454	0.00607	0.00726	0.00760	0.00425	0.00494	0.00732	0.00992	0.01321	0.02823	0.77876	0.03372	0.01598	0.00658	0.00210	0.00306	0.05117	0.00476	0.00420
9	0.00625	0.00447	0.00595	0.00714	0.00744	0.00417	0.00476	0.00714	0.00982	0.01310	0.02828	0.81633	0.03394	0.01608	0.00655	0.00208	0.00298	0.01459	0.00476	0.00417
10	0.01307	0.58199	0.18312	0.01173	0.07140	0.03625	0.01140	0.01569	0.01070	0.01328	0.00776	0.00911	0.00668	0.00452	0.00378	0.00124	0.00605	0.00310	0.00222	0.00689
11	0.01951	0.01437	0.01540	0.01181	0.01591	0.01591	0.00975	0.77056	0.02412	0.03234	0.01232	0.01232	0.00873	0.00616	0.00513	0.00154	0.00565	0.00462	0.00513	0.00873
12	0.71971	0.01124	0.08192	0.02523	0.01154	0.01122	0.00698	0.01480	0.00901	0.02172	0.00832	0.04437	0.00693	0.00528	0.00353	0.00162	0.00433	0.00344	0.00313	0.00569
13	0.03786	0.00493	0.00630	0.00731	0.00784	0.00477	0.00506	0.00817	0.02675	0.01391	0.04476	0.68567	0.03224	0.03110	0.00681	0.00212	0.00318	0.06217	0.00470	0.00434
14	0.00956	0.00478	0.00478	0.00478	0.00598	0.00478	0.00359	0.01196	0.01076	0.01913	0.01674	0.01913	0.01315	0.00598	0.00359	0.00120	0.00239	0.00478	0.84816	0.00478
15	0.01372	0.82276	0.02689	0.00878	0.01317	0.02030	0.00878	0.01536	0.01043	0.01207	0.00713	0.00823	0.00658	0.00439	0.00329	0.00110	0.00549	0.00274	0.00219	0.00658
16	0.01006	0.00587	0.00769	0.00688	0.00861	0.00531	0.00529	0.01235	0.01442	0.15973	0.61190	0.03507	0.07681	0.00986	0.00589	0.00161	0.00278	0.00861	0.00573	0.00552
17	0.00695	0.00512	0.00650	0.00639	0.00753	0.00467	0.00470	0.00899	0.01343	0.01854	0.57162	0.15924	0.14391	0.01168	0.00613	0.00170	0.00253	0.01030	0.00540	0.00467
18	0.00694	0.00523	0.00641	0.00611	0.00747	0.00470	0.00459	0.00906	0.01376	0.01876	0.58660	0.04132	0.24791	0.01117	0.00606	0.00165	0.00247	0.00970	0.00541	0.00470
19	0.00707	0.00522	0.00660	0.00629	0.00756	0.00476	0.00471	0.00931	0.01403	0.01948	0.66635	0.05399	0.15366	0.01095	0.00606	0.00164	0.00246	0.00960	0.00551	0.00476
20	0.01983	0.01385	0.01508	0.01156	0.01565	0.01514	0.00955	0.70151	0.02325	0.10262	0.01305	0.01280	0.00909	0.00618	0.00514	0.00154	0.00553	0.00467	0.00525	0.00873
21	0.01655	0.01266	0.01355	0.01109	0.01465	0.01420	0.00894	0.40675	0.36788	0.05257	0.01649	0.01560	0.01202	0.00653	0.00517	0.00163	0.00488	0.00518	0.00521	0.00845
22	0.01064	0.00912	0.01064	0.00760	0.01216	0.00684	0.00608	0.01292	0.01064	0.01672	0.00912	0.01064	0.00760	0.00380	0.00380	0.00076	0.00380	0.00304	0.00304	0.85104
23	0.01917	0.02445	0.01454	0.01322	0.01586	0.79907	0.00991	0.02049	0.01454	0.01256	0.00793	0.00925	0.00661	0.00529	0.00463	0.00132	0.00925	0.00330	0.00264	0.00595
24	0.00827	0.00591	0.00827	0.00945	0.01063	0.00591	0.00827	0.01063	0.01181	0.01536	0.02717	0.05788	0.02953	0.01417	0.00709	0.00236	0.00472	0.75313	0.00472	0.00472
25	0.01276	0.01102	0.01160	0.01044	0.01334	0.01276	0.00812	0.02727	0.77840	0.02146	0.02088	0.01914	0.01566	0.00696	0.00522	0.00174	0.00406	0.00580	0.00522	0.00812
26	0.01123	0.01123	0.01572	0.01347	0.01347	0.01572	0.01123	0.01235	0.00786	0.01235	0.00674	0.01123	0.00674	0.00898	0.01684	0.00225	0.81028	0.00449	0.00225	0.00561
27	0.01054	0.00701	0.00963	0.00879	0.00991	0.00811	0.00686	0.02689	0.00942	0.11785	0.01387	0.01976	0.01244	0.12946	0.38361	0.00526	0.15160	0.00547	0.05829	0.00523
28	0.01102	0.01789	0.32483	0.13071	0.03681	0.01249	0.29734	0.01582	0.02469	0.01574	0.00970	0.01256	0.00723	0.00499	0.00608	0.00171	0.05619	0.00484	0.00241	0.00697
29	0.00606	0.00520	0.00520	0.00520	0.00693	0.00433	0.00390	0.00736	0.01170	0.01386	0.05198	0.04938	0.78558	0.01299	0.00606	0.00173	0.00260	0.01083	0.00476	0.00433
30	0.00624	0.00450	0.00592	0.00705	0.00742	0.00418	0.00472	0.00716	0.00992	0.01314	0.02949	0.77725	0.07223	0.01592	0.00652	0.00207	0.00296	0.01440	0.00476	0.00418
31	0.00796	0.00573	0.00789	0.00902	0.01013	0.00566	0.00771	0.01012	0.01160	0.01506	0.02843	0.13532	0.06483	0.01432	0.00698	0.00230	0.00445	0.64313	0.00473	0.00465
32	0.01372	0.82276	0.02689	0.00878	0.01317	0.02030	0.00878	0.01536	0.01043	0.01207	0.00713	0.00823	0.00658	0.00439	0.00329	0.00110	0.00549	0.00274	0.00219	0.00658
33	0.00624	0.00520	0.00544	0.00538	0.00704	0.00440	0.00403	0.00770	0.01210	0.01482	0.15689	0.04780	0.68007	0.01264	0.00606	0.00172	0.00257	0.01061	0.00489	0.00440
34	0.00610	0.00506	0.00534	0.00556	0.00702	0.00430	0.00406	0.00732	0.01135	0.01372	0.04761	0.19064	0.64714	0.01356	0.00615	0.00180	0.00267	0.01152	0.00476	0.00430
35	0.05127	0.01865	0.01414	0.02656	0.01551	0.43996	0.00950	0.18412	0.01610	0.12941	0.01061	0.01123	0.00792	0.00575	0.00523	0.00146	0.03803	0.00391	0.00372	0.00692
36	0.01071	0.01047	0.01472	0.01278	0.01290	0.01448	0.01059	0.01193	0.00791	0.01229	0.00767	0.01241	0.00754	0.01290	0.12070	0.00304	0.70456	0.00462	0.00231	0.00548
37	0.01181	0.00967	0.01173	0.05336	0.01389	0.00854	0.00730	0.06919	0.01155	0.04969	0.00962	0.01127	0.00778	0.00459	0.00512	0.00103	0.07159	0.00345	0.00322	0.63561
38	0.05510	0.01216	0.04864	0.14639	0.57320	0.01205	0.02862	0.01561	0.02914	0.01661	0.00970	0.01273	0.00791	0.00473	0.00500	0.00157	0.00616	0.00450	0.00258	0.00759
39	0.01138	0.00926	0.01101	0.04872	0.01343	0.00771	0.00677	0.04259	0.05752	0.04672	0.01101	0.03838	0.00916	0.00465	0.00415	0.00097	0.00403	0.00381	0.00339	0.66535
40	0.01123	0.01123	0.01572	0.01347	0.01347	0.01572	0.01123	0.01235	0.00786	0.01235	0.00674	0.01123	0.00674	0.00898	0.01684	0.00225	0.81028	0.00449	0.00225	0.00561
41	0.01123	0.01123	0.01572	0.01347	0.01347	0.01572	0.01123	0.01235	0.00786	0.01235	0.00674	0.01123	0.00674	0.00898	0.01684	0.00225	0.81028	0.00449	0.00225	0.00561
42	0.00689	0.00523	0.00634	0.00606	0.00744	0.00468	0.00455	0.00896	0.01365	0.01849	0.55721	0.04176	0.27746	0.01127	0.00606	0.00165	0.00248	0.00976	0.00537	0.00468
43	0.00625	0.00447	0.00595	0.00714	0.00744	0.00417	0.00476	0.00714	0.00982	0.01310	0.02828	0.81633	0.03394	0.01608	0.00655	0.00208	0.00298	0.01459	0.00476	0.00417
44	0.00726	0.00524	0.00686	0.00646	0.00767	0.00484	0.00484	0.00968	0.01452	0.02058	0.78496	0.03833	0.04841	0.01049	0.00605	0.00161	0.00242	0.00928	0.00565	0.00484
45	0.01029	0.02654	0.79309	0.01462	0.02221	0.01192	0.01896	0.01625	0.01083	0.01625	0.00921	0.01083	0.00650	0.00487	0.00487	0.00162	0.00758	0.00379	0.00217	0.00758
46	0.01270	0.01219	0.02083	0.03149	0.78767	0.01219	0.01575	0.01575	0.01168	0.01676	0.00965	0.01270	0.00813	0.00457	0.00508	0.00152	0.00610	0.00457	0.00254	0.00813
47	0.01064	0.00912	0.01064	0.00760	0.01216	0.00684	0.00608	0.01292	0.01064	0.01672	0.00912	0.01064	0.00760	0.00380	0.00380	0.00076	0.00380	0.00304	0.00304	0.85104
48	0.00625	0.00447	0.00595	0.00714	0.00744	0.00417	0.00476	0.00714	0.00982	0.01310	0.02828	0.81633	0.03394	0.01608	0.00655	0.00208	0.00298	0.01459	0.00476	0.00417
49	0.00956	0.00478	0.00478	0.00478	0.00598	0.00478	0.00359	0.01196	0.01076	0.01913	0.01674	0.01913	0.01315	0.00598	0.00359	0.00120	0.00239	0.00478	0.84816	0.00478
50	0.01276	0.01102	0.01160	0.01044	0.01334	0.01276	0.00812	0.02727	0.77840	0.02146	0.02088	0.01914	0.01566	0.00696	0.00522	0.00174	0.00406	0.00580	0.00522	0.00812
51	0.01341	0.01256	0.01214	0.01091	0.01363	0.10204	0.00848	0.02574	0.65255	0.01999	0.01869	0.01762	0.01418	0.00687	0.00575	0.00172	0.04573	0.00545	0.00478	0.00775
52	0.00716	0.00524	0.00672	0.00635	0.00760	0.00480	0.00476	0.00948	0.01428	0.02000	0.72238	0.03927	0.11135	0.01070	0.00605	0.00162	0.00244	0.00941	0.00557	0.00480
53	0.01821	0.01280	0.09271	0.01345	0.04303	0.01095	0.16309	0.17729	0.01556	0.35681	0.01491	0.01469	0.01000	0.00564	0.00527	0.00159	0.00586	0.00502	0.00473	0.02840
54	0.01323	0.66270	0.02468	0.00970	0.01323	0.01940	0.00926	0.01477	0.00992	0.01213	0.00705	0.00882	0.00661	0.00530	0.00596	0.00132	0.16422	0.00309	0.00220	0.00639
55	0.00956	0.00478	0.00478	0.00478	0.00598	0.00478	0.00359	0.01196	0.01076	0.01913	0.01674	0.01913	0.01315	0.00598	0.00359	0.00120	0.00239	0.00478	0.84816	0.00478
56	0.01174	0.01183	0.03555	0.16762	0.47282	0.01203	0.11182	0.01494	0.01129	0.01576	0.01076	0.01445	0.02630	0.00520	0.00582	0.00164	0.04451	0.01610	0.00256	0.00727
57	0.01203	0.01595	0.21241	0.02602	0.49741	0.01223	0.11713	0.01596	0.01153	0.01659	0.00964	0.01239	0.00768	0.00461	0.00516	0.00158	0.00680	0.00458	0.00246	0.00783
58	0.00723	0.00524	0.00681	0.00642	0.00764	0.00483	0.00481	0.00962	0.01444	0.02038	0.76394	0.03864	0.06955	0.01056	0.00605	0.00162	0.00243	0.00932	0.00562	0.00483
59	0.00666	0.00512	0.00612	0.00624	0.00749	0.00458	0.00463	0.00837	0.01244	0.01635	0.32475	0.18263	0.33292	0.01265	0.00620	0.00178	0.00271	0.04873	0.00510	0.00452
60	0.01295	0.20064	0.36541	0.01335	0.05914	0.12466	0.01372	0.03027	0.06200	0.02984	0.01003	0.01172	0.00786	0.00516	0.00454	0.00147	0.00681	0.01563	0.01765	0.00714
61	0.02268	0.00897	0.01202	0.00925	0.01320	0.00793	0.00763	0.04981	0.03191	0.74899	0.01999	0.01733	0.01264	0.00636	0.00516	0.00159	0.00440	0.00516	0.00629	0.00872
62	0.02265	0.00892	0.01198	0.00923	0.01317	0.00788	0.00761	0.04164	0.03679	0.75228	0.02009	0.01740	0.01270	0.00636	0.00516	0.00159	0.00439	0.00517	0.00629	0.00871
63	0.02685	0.01125	0.01873	0.22613	0.54223	0.01187	0.01477	0.01563	0.03213	0.03674	0.01006	0.01317	0.00808	0.00483	0.00507	0.00158	0.00615	0.00459	0.00266	0.00748
64	0.01338	0.01175	0.01915	0.19089	0.37024	0.02760	0.10168	0.06195	0.03791	0.08275	0.01097	0.01354	0.00843	0.00509	0.00544	0.00161	0.02229	0.00481	0.00306	0.00746
65	0.00969	0.00912	0.01539	0.80734	0.03534	0.01140	0.01425	0.01311	0.01026	0.01311	0.00912	0.01368	0.00684	0.00513	0.00513	0.00171	0.00684	0.00456	0.00228	0.00570
66	0.01296	0.01084	0.01375	0.01009	0.01451	0.00973	0.08451	0.20722	0.01423	0.02061	0.01049	0.02898	0.00848	0.00473	0.00443	0.00109	0.00475	0.00400	0.00357	0.53103
67	0.01311	0.68229	0.16206	0.00981	0.01476	0.01882	0.01058	0.01552	0.01050	0.01281	0.00750	0.00869	0.00657	0.00448	0.00357	0.00119	0.00586	0.00293	0.00219	0.00676
68	0.00695	0.00543	0.00645	0.00694	0.00838	0.00494	0.00562	0.00866	0.01175	0.01462	0.06639	0.08848	0.43980	0.01350	0.00647	0.00198	0.00341	0.29098	0.00478	0.00449
69	0.00644	0.00464	0.00611	0.00703	0.00753	0.00431	0.00483	0.00760	0.01062	0.01426	0.13849	0.65665	0.06444	0.01511	0.00647	0.00201	0.00292	0.03136	0.00489	0.00428
70	0.00722	0.00522	0.00683	0.00648	0.00766	0.00482	0.00484	0.00959	0.01435	0.02030	0.75710	0.06697	0.04788	0.01070	0.00607	0.00163	0.00244	0.00947	0.00562	0.00482
71	0.01209	0.01378	0.02994	0.02144	0.02651	0.01304	0.75139	0.01634	0.01201	0.01634	0.01030	0.01378	0.00776	0.00443	0.00631	0.00174	0.02731	0.00602	0.00259	0.00689
72	0.00726	0.00524	0.00686	0.00646	0.00767	0.00484	0.00484	0.00968	0.01452	0.02058	0.78496	0.03833	0.04841	0.01049	0.00605	0.00161	0.00242	0.00928	0.00565	0.00484
73	0.85592	0.00992	0.00754	0.00675	0.00992	0.01151	0.00556	0.01508	0.00873	0.02302	0.00714	0.00834	0.00556	0.00476	0.00318	0.00159	0.00397	0.00278	0.00318	0.00556
74	0.00625	0.00447	0.00595	0.00714	0.00744	0.00417	0.00476	0.00714	0.00982	0.01310	0.02828	0.81633	0.03394	0.01608	0.00655	0.00208	0.00298	0.01459	0.00476	0.00417
75	0.01029	0.02654	0.79309	0.01462	0.02221	0.01192	0.01896	0.01625	0.01083	0.01625	0.00921	0.01083	0.00650	0.00487	0.00487	0.00162	0.00758	0.00379	0.00217	0.00758
76	0.00733	0.00550	0.00825	0.00825	0.00916	0.00641	0.00641	0.00916	0.00825	0.01191	0.01374	0.02016	0.01283	0.03848	0.79934	0.00825	0.01374	0.00550	0.00275	0.00458
77	0.00969	0.00912	0.01539	0.80734	0.03534	0.01140	0.01425	0.01311	0.01026	0.01311	0.00912	0.01368	0.00684	0.00513	0.00513	0.00171	0.00684	0.00456	0.00228	0.00570
78	0.00733	0.00550	0.00825	0.00825	0.00916	0.00641	0.00641	0.00916	0.00825	0.01191	0.01374	0.02016	0.01283	0.03848	0.79934	0.00825	0.01374	0.00550	0.00275	0.00458
79	0.00816	0.00587	0.00812	0.00925	0.01046	0.00583	0.00806	0.01048	0.01181	0.01528	0.02834	0.05748	0.06528	0.01412	0.00704	0.00233	0.00462	0.71803	0.00473	0.00471
80	0.01064	0.00912	0.01064	0.00760	0.01216	0.00684	0.00608	0.01292	0.01064	0.01672	0.00912	0.01064	0.00760	0.00380	0.00380	0.00076	0.00380	0.00304	0.00304	0.85104
81	0.01164	0.00909	0.01074	0.00772	0.01224	0.00690	0.00620	0.01389	0.01097	0.07905	0.01002	0.01119	0.00801	0.00401	0.00391	0.00083	0.00385	0.00321	0.00331	0.78325
82	0.00738	0.00543	0.00692	0.00652	0.00781	0.00508	0.00490	0.01014	0.03973	0.02023	0.71903	0.03830	0.08812	0.01051	0.00602	0.00162	0.00249	0.00925	0.00559	0.00492
83	0.02292	0.00889	0.01201	0.00921	0.01318	0.00778	0.00760	0.04638	0.01496	0.76946	0.02002	0.01732	0.01259	0.00635	0.00516	0.00159	0.00440	0.00514	0.00632	0.00873
84	0.01247	0.01276	0.05714	0.05926	0.72377	0.01215	0.01584	0.01567	0.01159	0.01660	0.00961	0.01265	0.00800	0.00461	0.00507	0.00154	0.00619	0.00453	0.00251	0.00801
85	0.00625	0.00447	0.00595	0.00714	0.00744	0.00417	0.00476	0.00714	0.00982	0.01310	0.02828	0.81633	0.03394	0.01608	0.00655	0.00208	0.00298	0.01459	0.00476	0.00417
86	0.00616	0.00514	0.00540	0.00558	0.00712	0.00437	0.00415	0.00745	0.01148	0.01383	0.04833	0.13933	0.67085	0.01340	0.00616	0.00180	0.00272	0.03766	0.00476	0.00433
87	0.01285	0.31816	0.35872	0.01367	0.08537	0.03611	0.02610	0.01656	0.01112	0.06419	0.00917	0.01046	0.00709	0.00477	0.00434	0.00141	0.00653	0.00358	0.00250	0.00728
88	0.00768	0.00743	0.03746	0.00980	0.10446	0.00655	0.02090	0.00980	0.02859	0.01507	0.11129	0.05990	0.49870	0.01100	0.00644	0.00173	0.04450	0.00923	0.00432	0.00516
89	0.00727	0.00524	0.00683	0.00643	0.00761	0.00484	0.00480	0.00962	0.01434	0.02029	0.76445	0.03820	0.04762	0.03208	0.00659	0.00170	0.00249	0.00923	0.00558	0.00480
90	0.01297	0.01289	0.02069	0.05074	0.69225	0.05808	0.04540	0.01598	0.01183	0.01641	0.00957	0.01257	0.00799	0.00462	0.00509	0.00153	0.00640	0.00456	0.00254	0.00789
91	0.34046	0.04562	0.08944	0.01013	0.01410	0.02721	0.04456	0.24121	0.01435	0.08136	0.01082	0.04047	0.00834	0.00570	0.00437	0.00158	0.00520	0.00420	0.00388	0.00700
92	0.71220	0.01078	0.00884	0.06553	0.01236	0.04897	0.00661	0.05369	0.00990	0.02228	0.00759	0.00897	0.00586	0.00489	0.00349	0.00158	0.00451	0.00303	0.00318	0.00575
93	0.01503	0.05671	0.06297	0.06996	0.04113	0.05515	0.00941	0.12754	0.24873	0.16092	0.01883	0.01824	0.07940	0.00669	0.00510	0.00161	0.00508	0.00539	0.00457	0.00757
94	0.00653	0.00466	0.00597	0.00676	0.00718	0.00436	0.00449	0.00747	0.01007	0.01348	0.10929	0.58547	0.06552	0.13226	0.00932	0.00244	0.00319	0.01282	0.00462	0.00409
95	0.85592	0.00992	0.00754	0.00675	0.00992	0.01151	0.00556	0.01508	0.00873	0.02302	0.00714	0.00834	0.00556	0.00476	0.00318	0.00159	0.00397	0.00278	0.00318	0.00556
96	0.01227	0.04553	0.02313	0.19748	0.04895	0.08847	0.39034	0.01613	0.03982	0.01515	0.00990	0.01310	0.00766	0.00491	0.00598	0.00166	0.04502	0.00512	0.00260	0.02677
97	0.00711	0.00524	0.00665	0.00630	0.00757	0.00478	0.00472	0.00939	0.01417	0.01974	0.69338	0.03971	0.14052	0.01080	0.00605	0.00163	0.00244	0.00947	0.00554	0.00478
98	0.01166	0.01118	0.01876	0.26662	0.49595	0.01223	0.01493	0.01467	0.01094	0.01529	0.00925	0.01288	0.00762	0.00510	0.00604	0.00164	0.07105	0.00456	0.00244	0.00718
99	0.00827	0.00591	0.00827	0.00945	0.01063	0.00591	0.00827	0.01063	0.01181	0.01536	0.02717	0.05788	0.02953	0.01417	0.00709	0.00236	0.00472	0.75313	0.00472	0.00472
100	0.00720	0.00524	0.00677	0.00639	0.00763	0.00482	0.00479	0.00956	0.01438	0.02023	0.74761	0.03889	0.08597	0.01062	0.00605	0.00162	0.00243	0.00936	0.00560	0.00482
101	0.02224	0.00999	0.01269	0.00973	0.01373	0.00941	0.00803	0.19110	0.01679	0.62215	0.01848	0.01632	0.01182	0.00631	0.00515	0.00158	0.00465	0.00504	0.00608	0.00873
102	0.00610	0.00519	0.00521	0.00521	0.00690	0.00435	0.00388	0.00737	0.01160	0.01377	0.05118	0.04903	0.76854	0.03092	0.00651	0.00180	0.00265	0.01075	0.00473	0.00430
103	0.00984	0.00928	0.01567	0.76781	0.07367	0.01144	0.01433	0.01324	0.01033	0.01330	0.00915	0.01363	0.00691	0.00510	0.00513	0.00170	0.00680	0.00456	0.00229	0.00582
104	0.01029	0.02654	0.79309	0.01462	0.02221	0.01192	0.01896	0.01625	0.01083	0.01625	0.00921	0.01083	0.00650	0.00487	0.00487	0.00162	0.00758	0.00379	0.00217	0.00758
105	0.01123	0.01123	0.01572	0.01347	0.01347	0.01572	0.01123	0.01235	0.00786	0.01235	0.00674	0.01123	0.00674	0.00898	0.01684	0.00225	0.81028	0.00449	0.00225	0.00561
106	0.00969	0.00912	0.01539	0.80734	0.03534	0.01140	0.01425	0.01311	0.01026	0.01311	0.00912	0.01368	0.00684	0.00513	0.00513	0.00171	0.00684	0.00456	0.00228	0.00570
107	0.00746	0.00497	0.00560	0.00560	0.00560	0.00497	0.00311	0.00746	0.00746	0.00995	0.01617	0.03358	0.01865	0.81967	0.02612	0.00497	0.00497	0.00746	0.00311	0.00311
108	0.01064	0.00912	0.01064	0.00760	0.01216	0.00684	0.00608	0.01292	0.01064	0.01672	0.00912	0.01064	0.00760	0.00380	0.00380	0.00076	0.00380	0.00304	0.00304	0.85104
109	0.00746	0.00497	0.00560	0.00560	0.00560	0.00497	0.00311	0.00746	0.00746	0.00995	0.01617	0.03358	0.01865	0.81967	0.02612	0.00497	0.00497	0.00746	0.00311	0.00311
110	0.00625	0.00447	0.00595	0.00714	0.00744	0.00417	0.00476	0.00714	0.00982	0.01310	0.02828	0.81633	0.03394	0.01608	0.00655	0.00208	0.00298	0.01459	0.00476	0.00417
111	0.00723	0.00524	0.00681	0.00642	0.00765	0.00483	0.00482	0.00962	0.01445	0.02039	0.76509	0.03863	0.06840	0.01056	0.00605	0.00162	0.00243	0.00932	0.00562	0.00483
112	0.01270	0.01219	0.02083	0.03149	0.78767	0.01219	0.01575	0.01575	0.01168	0.01676	0.00965	0.01270	0.00813	0.00457	0.00508	0.00152	0.00610	0.00457	0.00254	0.00813

[dist]
# distance from previous block
# <min> <max>
0	7

[block]
# block no. 3 follows, 48 sequences, length 116
# corresponding to MSA columns:
# 261-376
name=unknown_D
#
# <colnr> <probs for GDERKNQSTAVLIFYWHMCP>
#	G	D	E	R	K	N	Q	S	T	A	V	L	I	F	Y	W	H	M	C	P
0	0.00726	0.00524	0.00686	0.00646	0.00767	0.00484	0.00484	0.00968	0.01452	0.02058	0.78496	0.03833	0.04841	0.01049	0.00605	0.00161	0.00242	0.00928	0.00565	0.00484
1	0.03372	0.20928	0.01763	0.01284	0.04726	0.51414	0.00990	0.01842	0.01288	0.01281	0.00772	0.00928	0.00665	0.00529	0.00515	0.00135	0.06370	0.00330	0.00252	0.00616
2	0.01837	0.14079	0.01634	0.01257	0.01547	0.68559	0.00975	0.01974	0.01394	0.01249	0.00782	0.00910	0.00661	0.00516	0.00443	0.00129	0.00870	0.00322	0.00258	0.00604
3	0.00891	0.00446	0.00668	0.00668	0.00668	0.00446	0.00446	0.00668	0.00668	0.00891	0.00891	0.01560	0.00891	0.01783	0.02005	0.85071	0.00446	0.00446	0.00223	0.00223
4	0.01917	0.02445	0.01454	0.01322	0.01586	0.79907	0.00991	0.02049	0.01454	0.01256	0.00793	0.00925	0.00661	0.00529	0.00463	0.00132	0.00925	0.00330	0.00264	0.00595
5	0.00969	0.00912	0.01539	0.80734	0.03534	0.01140	0.01425	0.01311	0.01026	0.01311	0.00912	0.01368	0.00684	0.00513	0.00513	0.00171	0.00684	0.00456	0.00228	0.00570
6	0.00746	0.00497	0.00560	0.00560	0.00560	0.00497	0.00311	0.00746	0.00746	0.00995	0.01617	0.03358	0.01865	0.81967	0.02612	0.00497	0.00497	0.00746	0.00311	0.00311
7	0.01917	0.02445	0.01454	0.01322	0.01586	0.79907	0.00991	0.02049	0.01454	0.01256	0.00793	0.00925	0.00661	0.00529	0.00463	0.00132	0.00925	0.00330	0.00264	0.00595
8	0.01180	0.00862	0.06550	0.02984	0.10039	0.00746	0.00766	0.06434	0.01310	0.12642	0.18311	0.02262	0.05670	0.00781	0.02238	0.00163	0.00406	0.00600	0.25437	0.00619
9	0.01917	0.02445	0.01454	0.01322	0.01586	0.79907	0.00991	0.02049	0.01454	0.01256	0.00793	0.00925	0.00661	0.00529	0.00463	0.00132	0.00925	0.00330	0.00264	0.00595
10	0.01544	0.01235	0.01311	0.01098	0.01436	0.01401	0.00877	0.32271	0.47859	0.02579	0.01748	0.01643	0.01291	0.00664	0.00519	0.00166	0.00469	0.00533	0.00519	0.00836
11	0.85592	0.00992	0.00754	0.00675	0.00992	0.01151	0.00556	0.01508	0.00873	0.02302	0.00714	0.00834	0.00556	0.00476	0.00318	0.00159	0.00397	0.00278	0.00318	0.00556
12	0.85592	0.00992	0.00754	0.00675	0.00992	0.01151	0.00556	0.01508	0.00873	0.02302	0.00714	0.00834	0.00556	0.00476	0.00318	0.00159	0.00397	0.00278	0.00318	0.00556
13	0.01276	0.01102	0.01160	0.01044	0.01334	0.01276	0.00812	0.02727	0.77840	0.02146	0.02088	0.01914	0.01566	0.00696	0.00522	0.00174	0.00406	0.00580	0.00522	0.00812
14	0.00630	0.00450	0.00601	0.00720	0.00752	0.00421	0.00485	0.00723	0.00987	0.01315	0.02825	0.79833	0.03383	0.01603	0.00656	0.00209	0.00302	0.03211	0.00476	0.00418
15	0.00726	0.00524	0.00686	0.00646	0.00767	0.00484	0.00484	0.00968	0.01452	0.02058	0.78496	0.03833	0.04841	0.01049	0.00605	0.00161	0.00242	0.00928	0.00565	0.00484
16	0.01029	0.02654	0.79309	0.01462	0.02221	0.01192	0.01896	0.01625	0.01083	0.01625	0.00921	0.01083	0.00650	0.00487	0.00487	0.00162	0.00758	0.00379	0.00217	0.00758
17	0.01270	0.01219	0.02083	0.03149	0.78767	0.01219	0.01575	0.01575	0.01168	0.01676	0.00965	0.01270	0.00813	0.00457	0.00508	0.00152	0.00610	0.00457	0.00254	0.00813
18	0.00956	0.00478	0.00478	0.00478	0.00598	0.00478	0.00359	0.01196	0.01076	0.01913	0.01674	0.01913	0.01315	0.00598	0.00359	0.00120	0.00239	0.00478	0.84816	0.00478
19	0.00956	0.00478	0.00478	0.00478	0.00598	0.00478	0.00359	0.01196	0.01076	0.01913	0.01674	0.01913	0.01315	0.00598	0.00359	0.00120	0.00239	0.00478	0.84816	0.00478
20	0.01123	0.01123	0.01572	0.01347	0.01347	0.01572	0.01123	0.01235	0.00786	0.01235	0.00674	0.01123	0.00674	0.00898	0.01684	0.00225	0.81028	0.00449	0.00225	0.00561
21	0.00746	0.00497	0.00560	0.00560	0.00560	0.00497	0.00311	0.00746	0.00746	0.00995	0.01617	0.03358	0.01865	0.81967	0.02612	0.00497	0.00497	0.00746	0.00311	0.00311
22	0.00746	0.00497	0.00560	0.00560	0.00560	0.00497	0.00311	0.00746	0.00746	0.00995	0.01617	0.03358	0.01865	0.81967	0.02612	0.00497	0.00497	0.00746	0.00311	0.00311
23	0.01372	0.82276	0.02689	0.00878	0.01317	0.02030	0.00878	0.01536	0.01043	0.01207	0.00713	0.00823	0.00658	0.00439	0.00329	0.00110	0.00549	0.00274	0.00219	0.00658
24	0.00625	0.00447	0.00595	0.00714	0.00744	0.00417	0.00476	0.00714	0.00982	0.01310	0.02828	0.81633	0.03394	0.01608	0.00655	0.00208	0.00298	0.01459	0.00476	0.00417
25	0.00822	0.00589	0.00820	0.00936	0.01055	0.00587	0.00817	0.01056	0.01181	0.01532	0.02771	0.05769	0.04617	0.01415	0.00706	0.00235	0.00468	0.73680	0.00473	0.00472
26	0.01078	0.01070	0.01507	0.68239	0.03212	0.08642	0.01346	0.01469	0.05828	0.01358	0.00974	0.01360	0.00736	0.00526	0.00509	0.00167	0.00690	0.00452	0.00250	0.00587
27	0.00625	0.00447	0.00595	0.00714	0.00744	0.00417	0.00476	0.00714	0.00982	0.01310	0.02828	0.81633	0.03394	0.01608	0.00655	0.00208	0.00298	0.01459	0.00476	0.00417
28	0.00733	0.00504	0.00566	0.00572	0.00598	0.00494	0.00343	0.00759	0.00817	0.01066	0.02100	0.03656	0.11225	0.68647	0.02285	0.00447	0.00468	0.04050	0.00338	0.00333
29	0.01751	0.00775	0.01008	0.00820	0.01135	0.00686	0.00663	0.01998	0.04693	0.51776	0.12389	0.02617	0.14465	0.00814	0.00546	0.00164	0.00382	0.01983	0.00592	0.00741
30	0.56175	0.07815	0.01052	0.00779	0.01123	0.04537	0.00651	0.03471	0.01068	0.17758	0.00995	0.01031	0.00721	0.00511	0.00369	0.00153	0.00444	0.00332	0.00376	0.00638
31	0.02230	0.00990	0.01263	0.00968	0.01368	0.00927	0.00800	0.17872	0.01663	0.63476	0.01861	0.01640	0.01188	0.00631	0.00515	0.00158	0.00463	0.00505	0.00610	0.00873
32	0.01770	0.05431	0.01578	0.04811	0.01700	0.63999	0.04901	0.01984	0.04671	0.01314	0.00860	0.01011	0.00707	0.00536	0.00499	0.00139	0.02844	0.00361	0.00271	0.00610
33	0.01064	0.00912	0.01064	0.00760	0.01216	0.00684	0.00608	0.01292	0.01064	0.01672	0.00912	0.01064	0.00760	0.00380	0.00380	0.00076	0.00380	0.00304	0.00304	0.85104
34	0.00733	0.00541	0.00720	0.04158	0.00893	0.00512	0.00532	0.00971	0.01403	0.01967	0.68442	0.06452	0.06555	0.01062	0.00606	0.00166	0.00270	0.02992	0.00542	0.00484
35	0.01008	0.00884	0.01417	0.68232	0.03117	0.01083	0.01284	0.04436	0.01089	0.01460	0.01013	0.01425	0.00764	0.00527	0.00495	0.00164	0.00628	0.00459	0.09942	0.00572
36	0.00725	0.00524	0.00686	0.00653	0.00772	0.00484	0.00491	0.00963	0.01434	0.02027	0.74955	0.05979	0.04765	0.01071	0.00609	0.00164	0.00248	0.02406	0.00561	0.00482
37	0.00827	0.00591	0.00827	0.00945	0.01063	0.00591	0.00827	0.01063	0.01181	0.01536	0.02717	0.05788	0.02953	0.01417	0.00709	0.00236	0.00472	0.75313	0.00472	0.00472
38	0.02302	0.00873	0.01191	0.00913	0.01310	0.00754	0.00754	0.02501	0.01469	0.79122	0.02024	0.01746	0.01270	0.00635	0.00516	0.00159	0.00437	0.00516	0.00635	0.00873
39	0.01951	0.01437	0.01540	0.01181	0.01591	0.01591	0.00975	0.77056	0.02412	0.03234	0.01232	0.01232	0.00873	0.00616	0.00513	0.00154	0.00565	0.00462	0.00513	0.00873
40	0.85592	0.00992	0.00754	0.00675	0.00992	0.01151	0.00556	0.01508	0.00873	0.02302	0.00714	0.00834	0.00556	0.00476	0.00318	0.00159	0.00397	0.00278	0.00318	0.00556
41	0.16661	0.02556	0.01173	0.00893	0.01278	0.00916	0.00740	0.08376	0.01434	0.58113	0.01707	0.01528	0.01102	0.00602	0.00478	0.00157	0.00442	0.00466	0.00562	0.00814
42	0.00761	0.00659	0.00965	0.00874	0.01076	0.00600	0.11084	0.00971	0.01203	0.01520	0.10196	0.04586	0.40761	0.01191	0.00634	0.00190	0.00400	0.21392	0.00453	0.00484
43	0.01397	0.78804	0.02639	0.00891	0.01329	0.02011	0.00882	0.04780	0.01101	0.01294	0.00736	0.00841	0.00668	0.00447	0.00337	0.00112	0.00549	0.00282	0.00232	0.00668
44	0.00713	0.00514	0.00674	0.00655	0.00764	0.00475	0.00483	0.00935	0.01391	0.01960	0.68622	0.13984	0.04653	0.01122	0.00612	0.00168	0.00249	0.00997	0.00553	0.00475
45	0.01917	0.02445	0.01454	0.01322	0.01586	0.79907	0.00991	0.02049	0.01454	0.01256	0.00793	0.00925	0.00661	0.00529	0.00463	0.00132	0.00925	0.00330	0.00264	0.00595
46	0.01123	0.01123	0.01572	0.01347	0.01347	0.01572	0.01123	0.01235	0.00786	0.01235	0.00674	0.01123	0.00674	0.00898	0.01684	0.00225	0.81028	0.00449	0.00225	0.00561
47	0.01175	0.01106	0.01866	0.04390	0.66463	0.01107	0.01420	0.01451	0.01140	0.01618	0.01221	0.12369	0.01167	0.00617	0.00528	0.00161	0.00568	0.00595	0.00284	0.00753
48	0.01376	0.78636	0.04448	0.00902	0.01344	0.03751	0.00904	0.01550	0.01053	0.01218	0.00720	0.00831	0.00658	0.00442	0.00336	0.00111	0.00562	0.00278	0.00220	0.00659
49	0.01029	0.02654	0.79309	0.01462	0.02221	0.01192	0.01896	0.01625	0.01083	0.01625	0.00921	0.01083	0.00650	0.00487	0.00487	0.00162	0.00758	0.00379	0.00217	0.00758
50	0.00773	0.00597	0.00779	0.09209	0.02367	0.00578	0.00611	0.01014	0.02772	0.03197	0.38292	0.05205	0.25269	0.01075	0.00599	0.00172	0.00324	0.06179	0.00491	0.00496
51	0.00733	0.00548	0.00817	0.00817	0.00907	0.00637	0.00632	0.00912	0.00823	0.01186	0.01381	0.02052	0.01299	0.05965	0.77839	0.00816	0.01351	0.00555	0.00276	0.00454
52	0.03105	0.69912	0.07374	0.00942	0.01386	0.07528	0.00943	0.01578	0.01071	0.01259	0.00732	0.00847	0.00656	0.00449	0.00348	0.00116	0.00586	0.00285	0.00225	0.00658
53	0.85592	0.00992	0.00754	0.00675	0.00992	0.01151	0.00556	0.01508	0.00873	0.02302	0.00714	0.00834	0.00556	0.00476	0.00318	0.00159	0.00397	0.00278	0.00318	0.00556
54	0.01225	0.01214	0.03911	0.13232	0.67068	0.01208	0.01563	0.01542	0.01148	0.01627	0.00957	0.01278	0.00792	0.00465	0.00508	0.00155	0.00623	0.00455	0.00250	0.00780
55	0.00759	0.00532	0.00696	0.00651	0.00778	0.00490	0.00490	0.01000	0.01453	0.03647	0.76918	0.03790	0.04768	0.01040	0.00603	0.00161	0.00246	0.00919	0.00566	0.00492
56	0.01064	0.00912	0.01064	0.00760	0.01216	0.00684	0.00608	0.01292	0.01064	0.01672	0.00912	0.01064	0.00760	0.00380	0.00380	0.00076	0.00380	0.00304	0.00304	0.85104
57	0.01372	0.82276	0.02689	0.00878	0.01317	0.02030	0.00878	0.01536	0.01043	0.01207	0.00713	0.00823	0.00658	0.00439	0.00329	0.00110	0.00549	0.00274	0.00219	0.00658
58	0.00612	0.00521	0.00527	0.00530	0.00702	0.00437	0.00400	0.00744	0.01170	0.01390	0.05140	0.04958	0.76786	0.01302	0.00609	0.00175	0.00265	0.02823	0.00476	0.00434
59	0.00608	0.00515	0.00525	0.00533	0.00697	0.00432	0.00396	0.00735	0.01156	0.01381	0.05032	0.10310	0.73293	0.01321	0.00610	0.00176	0.00263	0.01109	0.00476	0.00432
60	0.01372	0.82276	0.02689	0.00878	0.01317	0.02030	0.00878	0.01536	0.01043	0.01207	0.00713	0.00823	0.00658	0.00439	0.00329	0.00110	0.00549	0.00274	0.00219	0.00658
61	0.01917	0.02445	0.01454	0.01322	0.01586	0.79907	0.00991	0.02049	0.01454	0.01256	0.00793	0.00925	0.00661	0.00529	0.00463	0.00132	0.00925	0.00330	0.00264	0.00595
62	0.02302	0.00873	0.01191	0.00913	0.01310	0.00754	0.00754	0.02501	0.01469	0.79122	0.02024	0.01746	0.01270	0.00635	0.00516	0.00159	0.00437	0.00516	0.00635	0.00873
63	0.00734	0.00545	0.00799	0.00799	0.00882	0.00627	0.00609	0.00900	0.00817	0.01172	0.01398	0.02145	0.01339	0.11384	0.72475	0.00793	0.01290	0.00569	0.00278	0.00444
64	0.00738	0.00537	0.00696	0.00654	0.00779	0.00501	0.00491	0.01006	0.03102	0.02060	0.76846	0.03791	0.04771	0.01041	0.00603	0.00162	0.00246	0.00920	0.00564	0.00491
65	0.00612	0.00520	0.00527	0.00526	0.00696	0.00435	0.00394	0.00747	0.01183	0.01417	0.08557	0.04887	0.75180	0.01288	0.00606	0.00173	0.00259	0.01076	0.00481	0.00435
66	0.00705	0.00524	0.00656	0.00623	0.00753	0.00475	0.00467	0.00927	0.01402	0.01938	0.65442	0.04030	0.17970	0.01094	0.00605	0.00163	0.00245	0.00956	0.00549	0.00475
67	0.01047	0.06745	0.75372	0.01432	0.02174	0.01235	0.01843	0.01620	0.01081	0.01603	0.00910	0.01070	0.00650	0.00485	0.00479	0.00160	0.00748	0.00374	0.00217	0.00753
68	0.00744	0.00505	0.00596	0.00596	0.00609	0.00517	0.00357	0.00770	0.00757	0.01022	0.01583	0.03172	0.01785	0.71180	0.13289	0.00543	0.00619	0.00719	0.00306	0.00331
69	0.01349	0.61167	0.17117	0.01015	0.01509	0.03674	0.01078	0.05445	0.01130	0.01392	0.00781	0.00896	0.00668	0.00459	0.00372	0.00123	0.00598	0.00305	0.00235	0.00687
70	0.01918	0.02394	0.01458	0.01315	0.01587	0.75884	0.00991	0.05902	0.01503	0.01357	0.00816	0.00941	0.00672	0.00533	0.00465	0.00133	0.00907	0.00337	0.00277	0.00609
71	0.83680	0.01002	0.00772	0.00686	0.01006	0.01161	0.00565	0.03235	0.00908	0.02323	0.00726	0.00843	0.00563	0.00479	0.00322	0.00159	0.00401	0.00282	0.00322	0.00563
72	0.01656	0.01081	0.01175	0.00941	0.01262	0.01156	0.00764	0.43342	0.05007	0.11333	0.01640	0.01650	0.04456	0.00647	0.00479	0.00148	0.00449	0.00504	0.21558	0.00753
73	0.00969	0.00912	0.01539	0.80734	0.03534	0.01140	0.01425	0.01311	0.01026	0.01311	0.00912	0.01368	0.00684	0.00513	0.00513	0.00171	0.00684	0.00456	0.00228	0.00570
74	0.77650	0.01010	0.00814	0.00711	0.01037	0.01156	0.00586	0.05433	0.00978	0.05712	0.00798	0.00894	0.00603	0.00490	0.00336	0.00159	0.00407	0.00298	0.00341	0.00586
