[name]
unknown

[dist]
# distance from previous block
# <min> <max>
0	64

[block]
# block no. 0 follows, 47 sequences, length 52
# corresponding to MSA columns:
# 64-115
name=unknown_A
#
# <colnr> <probs for GDERKNQSTAVLIFYWHMCP>
#	G	D	E	R	K	N	Q	S	T	A	V	L	I	F	Y	W	H	M	C	P
0	0.12121	0.02673	0.01121	0.00827	0.01244	0.02401	0.00671	0.08125	0.01217	0.07883	0.01083	0.02562	0.00885	0.00488	0.00413	0.00109	0.00424	0.01996	0.00359	0.53400
1	0.15329	0.05269	0.01773	0.02586	0.08152	0.12198	0.17256	0.08943	0.04479	0.15316	0.01169	0.01276	0.00858	0.00540	0.00522	0.00160	0.02622	0.00456	0.00372	0.00724
2	0.00933	0.00587	0.00758	0.00689	0.00852	0.00539	0.00526	0.01194	0.03131	0.11181	0.63404	0.03657	0.08475	0.01021	0.00602	0.00164	0.00274	0.00893	0.00576	0.00543
3	0.00617	0.00523	0.00532	0.00539	0.00706	0.00439	0.00401	0.00746	0.01176	0.01402	0.05134	0.09496	0.73845	0.01337	0.00618	0.00178	0.00266	0.01121	0.00484	0.00439
4	0.01288	0.01121	0.01237	0.02824	0.05669	0.01289	0.00880	0.02673	0.71698	0.02134	0.02032	0.01895	0.01529	0.00689	0.00529	0.00175	0.00429	0.00579	0.00509	0.00819
5	0.00971	0.00485	0.00485	0.00485	0.00607	0.00485	0.00364	0.01213	0.01092	0.01942	0.01699	0.01942	0.01335	0.00607	0.00364	0.00121	0.00243	0.00485	0.84589	0.00485
6	0.01265	0.04320	0.02020	0.16179	0.59980	0.04098	0.01524	0.01569	0.01167	0.01605	0.00954	0.01276	0.00791	0.00476	0.00508	0.00155	0.00641	0.00452	0.00252	0.00769
7	0.02336	0.00886	0.01209	0.00927	0.01329	0.00765	0.00765	0.02538	0.01491	0.78810	0.02055	0.01773	0.01289	0.00645	0.00524	0.00161	0.00443	0.00524	0.00645	0.00886
8	0.02249	0.00870	0.01187	0.00928	0.01315	0.00756	0.00770	0.02453	0.01474	0.74308	0.02095	0.02012	0.01389	0.00691	0.00535	0.00166	0.00445	0.04861	0.00635	0.00863
9	0.00737	0.00532	0.00696	0.00655	0.00778	0.00491	0.00491	0.00983	0.01474	0.02088	0.78175	0.03890	0.04914	0.01065	0.00614	0.00164	0.00246	0.00942	0.00573	0.00491
10	0.05232	0.00890	0.01193	0.00918	0.01318	0.00779	0.00758	0.02503	0.01469	0.76144	0.02008	0.01740	0.01264	0.00639	0.00517	0.00161	0.00442	0.00515	0.00633	0.00875
11	0.00925	0.00480	0.00705	0.00696	0.00710	0.00487	0.00472	0.02518	0.00727	0.00972	0.00930	0.01591	0.00918	0.01854	0.04705	0.79880	0.00488	0.00456	0.00235	0.00250
12	0.57054	0.01227	0.12014	0.08878	0.01475	0.01135	0.00865	0.01622	0.00989	0.09324	0.00900	0.01024	0.00659	0.00504	0.00386	0.00163	0.00488	0.00338	0.00329	0.00625
13	0.01590	0.00910	0.01132	0.00834	0.01273	0.00723	0.00677	0.01809	0.01247	0.33013	0.01384	0.01361	0.00982	0.00491	0.00442	0.00111	0.00409	0.00396	0.00445	0.50771
14	0.73363	0.01126	0.05475	0.00943	0.07581	0.01176	0.00731	0.01543	0.00924	0.02243	0.00759	0.00898	0.00592	0.00482	0.00349	0.00161	0.00443	0.00303	0.00311	0.00598
15	0.08182	0.02100	0.47564	0.04364	0.09857	0.01228	0.16151	0.01627	0.01113	0.01705	0.00944	0.01166	0.00694	0.00481	0.00506	0.00166	0.00742	0.00431	0.00241	0.00739
16	0.01501	0.03311	0.05243	0.01064	0.07785	0.00818	0.00818	0.01741	0.01221	0.27065	0.01371	0.04392	0.01040	0.00532	0.00457	0.00122	0.00446	0.00440	0.00415	0.40217
17	0.00676	0.00480	0.00637	0.00748	0.00789	0.00457	0.00524	0.00782	0.01008	0.01338	0.02750	0.63284	0.03246	0.08323	0.00840	0.00240	0.00346	0.12642	0.00469	0.00423
18	0.00752	0.00558	0.00705	0.00669	0.00803	0.00523	0.00506	0.01039	0.04570	0.02022	0.67061	0.03953	0.10885	0.01081	0.00613	0.00167	0.00260	0.02772	0.00562	0.00500
19	0.00718	0.00543	0.00679	0.00742	0.00866	0.00504	0.00593	0.00896	0.01189	0.01522	0.11340	0.18163	0.28839	0.01392	0.00664	0.00205	0.00352	0.29842	0.00491	0.00458
20	0.01060	0.02586	0.72626	0.01544	0.02293	0.01218	0.08189	0.01651	0.01110	0.01651	0.00945	0.01125	0.00671	0.00490	0.00505	0.00166	0.00779	0.00404	0.00224	0.00764
21	0.01099	0.11922	0.65221	0.01498	0.05073	0.01313	0.03638	0.01637	0.01101	0.01602	0.00914	0.01083	0.00670	0.00486	0.00480	0.00159	0.00742	0.00381	0.00223	0.00758
22	0.00737	0.00532	0.00696	0.00655	0.00778	0.00491	0.00491	0.00983	0.01474	0.02088	0.78175	0.03890	0.04914	0.01065	0.00614	0.00164	0.00246	0.00942	0.00573	0.00491
23	0.01130	0.06234	0.62057	0.01537	0.02242	0.02705	0.11876	0.01675	0.01130	0.03291	0.00962	0.01140	0.00691	0.00489	0.00503	0.00163	0.00770	0.00413	0.00236	0.00755
24	0.00723	0.00521	0.00683	0.00665	0.00775	0.00482	0.00490	0.00947	0.01408	0.01983	0.67721	0.14644	0.04710	0.01143	0.00621	0.00170	0.00254	0.01017	0.00561	0.00482
25	0.03645	0.22387	0.03468	0.01086	0.01504	0.06342	0.00946	0.39384	0.01836	0.12782	0.01177	0.01182	0.00859	0.00570	0.00465	0.00144	0.00574	0.00413	0.00434	0.00803
26	0.01110	0.00943	0.01096	0.00786	0.01247	0.00725	0.00630	0.03832	0.01126	0.01750	0.00936	0.01086	0.00775	0.00394	0.00390	0.00080	0.00392	0.00314	0.00316	0.82074
27	0.01080	0.00926	0.01080	0.00771	0.01234	0.00694	0.00617	0.01311	0.01080	0.01697	0.00926	0.01080	0.00771	0.00386	0.00386	0.00077	0.00386	0.00309	0.00309	0.84882
28	0.08195	0.01311	0.06231	0.07773	0.08582	0.03958	0.41092	0.01529	0.01156	0.01646	0.01206	0.08193	0.01061	0.00605	0.00593	0.00177	0.02292	0.03455	0.00289	0.00657
29	0.01502	0.00950	0.01149	0.00845	0.01287	0.00776	0.00685	0.06697	0.01290	0.24027	0.01273	0.01291	0.00928	0.00476	0.00434	0.00107	0.00415	0.00381	0.00420	0.55068
30	0.00924	0.00750	0.02385	0.00999	0.01147	0.02339	0.03380	0.06198	0.01224	0.01609	0.02419	0.18448	0.02621	0.01447	0.04363	0.00251	0.02926	0.45606	0.00450	0.00514
31	0.01045	0.02694	0.79000	0.01484	0.02254	0.01209	0.01924	0.01649	0.01099	0.01649	0.00935	0.01099	0.00660	0.00495	0.00495	0.00165	0.00770	0.00385	0.00220	0.00770
32	0.00630	0.00525	0.00549	0.00550	0.00714	0.00445	0.00410	0.00773	0.01211	0.01479	0.13249	0.08027	0.67044	0.01304	0.00617	0.00176	0.00263	0.01097	0.00494	0.00445
33	0.00983	0.00926	0.01562	0.80447	0.03587	0.01157	0.01446	0.01331	0.01041	0.01331	0.00926	0.01388	0.00694	0.00521	0.00521	0.00174	0.00694	0.00463	0.00231	0.00579
34	0.00666	0.00530	0.00598	0.00581	0.00734	0.00461	0.00436	0.00845	0.01307	0.01691	0.35643	0.04544	0.47694	0.01213	0.00615	0.00171	0.00256	0.01034	0.00521	0.00461
35	0.01289	0.01253	0.02066	0.07475	0.72197	0.03332	0.01574	0.01596	0.01185	0.01669	0.00972	0.01285	0.00813	0.00469	0.00515	0.00155	0.00631	0.00460	0.00257	0.00805
36	0.00730	0.00532	0.00686	0.00647	0.00773	0.00488	0.00486	0.00968	0.01457	0.02047	0.73737	0.03958	0.09377	0.01080	0.00614	0.00165	0.00247	0.00951	0.00568	0.00488
37	0.00812	0.00591	0.00740	0.00695	0.00841	0.00564	0.00528	0.01152	0.07831	0.03662	0.63301	0.03810	0.09392	0.01053	0.00608	0.00168	0.00271	0.02896	0.00563	0.00524
38	0.01410	0.00891	0.00985	0.00826	0.01054	0.00973	0.00664	0.26477	0.01546	0.07346	0.01487	0.01633	0.01127	0.00641	0.00540	0.00145	0.07124	0.00480	0.44000	0.00652
39	0.01323	0.01133	0.01193	0.01065	0.01365	0.01308	0.00831	0.05808	0.74422	0.02224	0.02084	0.01914	0.01561	0.00703	0.00530	0.00176	0.00419	0.00584	0.00530	0.00827
40	0.01991	0.01441	0.01552	0.01190	0.01606	0.01588	0.00983	0.74393	0.02419	0.05645	0.01275	0.01267	0.00898	0.00626	0.00521	0.00156	0.00569	0.00471	0.00525	0.00886
41	0.00638	0.00465	0.00601	0.00701	0.00751	0.00428	0.00474	0.00740	0.01041	0.01376	0.06896	0.69331	0.11502	0.01570	0.00657	0.00205	0.00295	0.01413	0.00488	0.00428
42	0.00971	0.00485	0.00485	0.00485	0.00607	0.00485	0.00364	0.01213	0.01092	0.01942	0.01699	0.01942	0.01335	0.00607	0.00364	0.00121	0.00243	0.00485	0.84589	0.00485
43	0.03849	0.00928	0.01535	0.77738	0.03499	0.01157	0.01416	0.01337	0.01036	0.01365	0.00919	0.01370	0.00690	0.00519	0.00514	0.00173	0.00684	0.00457	0.00234	0.00578
44	0.01940	0.01439	0.01540	0.01190	0.01600	0.01596	0.00980	0.72404	0.06823	0.03218	0.01301	0.01291	0.00927	0.00630	0.00521	0.00157	0.00564	0.00476	0.00521	0.00882
45	0.01392	0.82012	0.02729	0.00891	0.01337	0.02061	0.00891	0.01559	0.01058	0.01225	0.00724	0.00835	0.00668	0.00446	0.00334	0.00111	0.00557	0.00278	0.00223	0.00668
46	0.00676	0.00507	0.00617	0.00636	0.00740	0.00458	0.00454	0.00833	0.01222	0.01629	0.32742	0.26291	0.24408	0.05487	0.00735	0.00198	0.00280	0.01129	0.00510	0.00449
47	0.01437	0.01268	0.01225	0.01072	0.01360	0.09391	0.00829	0.15439	0.50089	0.02179	0.01792	0.01841	0.01397	0.07474	0.00700	0.00196	0.00503	0.00556	0.00483	0.00769
48	0.01891	0.01001	0.01682	0.01255	0.01659	0.00899	0.22146	0.02143	0.01355	0.50480	0.01737	0.01806	0.01199	0.07391	0.00728	0.00194	0.00571	0.00569	0.00509	0.00786
49	0.00905	0.00452	0.00678	0.00678	0.00678	0.00452	0.00452	0.00678	0.00678	0.00905	0.00905	0.01583	0.00905	0.01809	0.02035	0.84848	0.00452	0.00452	0.00226	0.00226
50	0.01067	0.01851	0.39750	0.01461	0.01997	0.01118	0.17686	0.04204	0.07571	0.01699	0.01407	0.15166	0.01257	0.00702	0.00554	0.00176	0.00675	0.00645	0.00312	0.00704
51	0.01868	0.01518	0.01540	0.01216	0.01596	0.11064	0.03589	0.56371	0.07153	0.04012	0.01272	0.01345	0.00943	0.03366	0.00591	0.00168	0.00613	0.00476	0.00477	0.00821

[dist]
# distance from previous block
# <min> <max>
0	3

[block]
# block no. 1 follows, 47 sequences, length 49
# corresponding to MSA columns:
# 119-167
name=unknown_B
#
# <colnr> <probs for GDERKNQSTAVLIFYWHMCP>
#	G	D	E	R	K	N	Q	S	T	A	V	L	I	F	Y	W	H	M	C	P
0	0.06532	0.01082	0.01714	0.03558	0.01740	0.01039	0.22690	0.03269	0.04023	0.14881	0.02716	0.03044	0.01011	0.00557	0.00609	0.00151	0.07532	0.00500	0.00366	0.22986
1	0.01749	0.14744	0.01628	0.01074	0.01423	0.03563	0.02848	0.20691	0.01513	0.24802	0.01332	0.03045	0.00995	0.00730	0.02845	0.00175	0.10678	0.00467	0.00438	0.05260
2	0.00666	0.00528	0.00605	0.00656	0.00769	0.00484	0.00465	0.00861	0.05785	0.01417	0.03915	0.41840	0.37263	0.01433	0.00634	0.00193	0.00291	0.01253	0.00486	0.00455
3	0.00744	0.00506	0.00602	0.00613	0.00627	0.00513	0.00369	0.00773	0.00790	0.01063	0.01734	0.10888	0.01979	0.65182	0.11043	0.00513	0.00584	0.00806	0.00328	0.00343
4	0.01080	0.00926	0.01080	0.00771	0.01234	0.00694	0.00617	0.01311	0.01080	0.01697	0.00926	0.01080	0.00771	0.00386	0.00386	0.00077	0.00386	0.00309	0.00309	0.84882
5	0.00983	0.00926	0.01562	0.80447	0.03587	0.01157	0.01446	0.01331	0.01041	0.01331	0.00926	0.01388	0.00694	0.00521	0.00521	0.00174	0.00694	0.00463	0.00231	0.00579
6	0.00619	0.00528	0.00532	0.00531	0.00705	0.00441	0.00398	0.00753	0.01194	0.01424	0.07104	0.04984	0.76399	0.01313	0.00615	0.00176	0.00263	0.01095	0.00486	0.00441
7	0.00757	0.00505	0.00568	0.00568	0.00568	0.00505	0.00316	0.00757	0.00757	0.01010	0.01641	0.03408	0.01893	0.81698	0.02651	0.00505	0.00505	0.00757	0.00316	0.00316
8	0.85377	0.01007	0.00765	0.00685	0.01007	0.01168	0.00564	0.01531	0.00886	0.02336	0.00725	0.00846	0.00564	0.00483	0.00322	0.00161	0.00403	0.00282	0.00322	0.00564
9	0.01139	0.01139	0.01595	0.01367	0.01367	0.01595	0.01139	0.01253	0.00798	0.01253	0.00684	0.01139	0.00684	0.00911	0.01709	0.00228	0.80745	0.00456	0.00228	0.00570
10	0.01045	0.02694	0.79000	0.01484	0.02254	0.01209	0.01924	0.01649	0.01099	0.01649	0.00935	0.01099	0.00660	0.00495	0.00495	0.00165	0.00770	0.00385	0.00220	0.00770
11	0.05840	0.00891	0.01190	0.00916	0.01316	0.00782	0.00757	0.02495	0.01465	0.75584	0.01998	0.01733	0.01259	0.00638	0.00515	0.00161	0.00441	0.00514	0.00631	0.00873
12	0.02036	0.01313	0.01466	0.01130	0.01539	0.01405	0.00931	0.56653	0.05113	0.20771	0.01470	0.01398	0.01006	0.00633	0.00522	0.00158	0.00537	0.00486	0.00550	0.00883
13	0.85377	0.01007	0.00765	0.00685	0.01007	0.01168	0.00564	0.01531	0.00886	0.02336	0.00725	0.00846	0.00564	0.00483	0.00322	0.00161	0.00403	0.00282	0.00322	0.00564
14	0.00645	0.00527	0.00569	0.00562	0.00722	0.00452	0.00420	0.00803	0.01251	0.01568	0.22600	0.06388	0.59150	0.01265	0.00616	0.00174	0.00260	0.01070	0.00505	0.00452
15	0.00732	0.00532	0.00689	0.00650	0.00775	0.00489	0.00487	0.00972	0.01461	0.02058	0.74962	0.03939	0.08145	0.01076	0.00614	0.00164	0.00246	0.00949	0.00569	0.00489
16	0.01045	0.02694	0.79000	0.01484	0.02254	0.01209	0.01924	0.01649	0.01099	0.01649	0.00935	0.01099	0.00660	0.00495	0.00495	0.00165	0.00770	0.00385	0.00220	0.00770
17	0.01980	0.01459	0.01563	0.01198	0.01615	0.01615	0.00990	0.76713	0.02448	0.03282	0.01250	0.01250	0.00886	0.00625	0.00521	0.00156	0.00573	0.00469	0.00521	0.00886
18	0.00710	0.00531	0.00658	0.00626	0.00761	0.00480	0.00470	0.00930	0.01409	0.01935	0.61770	0.04142	0.21414	0.01122	0.00614	0.00167	0.00250	0.00977	0.00553	0.00480
19	0.85377	0.01007	0.00765	0.00685	0.01007	0.01168	0.00564	0.01531	0.00886	0.02336	0.00725	0.00846	0.00564	0.00483	0.00322	0.00161	0.00403	0.00282	0.00322	0.00564
20	0.04611	0.02246	0.57496	0.01507	0.03819	0.01160	0.10863	0.01585	0.01102	0.01668	0.01037	0.05100	0.00818	0.00538	0.00506	0.00164	0.00724	0.00461	0.00247	0.04345
21	0.83124	0.01052	0.02855	0.00706	0.01040	0.01169	0.00600	0.01534	0.00892	0.02318	0.00731	0.00853	0.00567	0.00484	0.00327	0.00161	0.00413	0.00285	0.00320	0.00569
22	0.00727	0.00532	0.00682	0.00644	0.00772	0.00487	0.00483	0.00962	0.01449	0.02030	0.71905	0.03986	0.11220	0.01087	0.00614	0.00165	0.00247	0.00955	0.00566	0.00487
23	0.01268	0.06074	0.01253	0.02763	0.01368	0.02722	0.00822	0.02531	0.64899	0.02066	0.05397	0.01990	0.03145	0.00711	0.00522	0.00171	0.00427	0.00588	0.00501	0.00783
24	0.04790	0.09193	0.69231	0.01400	0.02123	0.01278	0.01779	0.01637	0.01087	0.01644	0.00908	0.01066	0.00656	0.00490	0.00474	0.00160	0.00736	0.00371	0.00225	0.00752
25	0.00744	0.00499	0.00572	0.00585	0.00588	0.00496	0.00333	0.00754	0.00783	0.01043	0.01771	0.11634	0.02057	0.73249	0.02441	0.00474	0.00483	0.00834	0.00333	0.00327
26	0.03455	0.03296	0.23429	0.01856	0.22684	0.03069	0.12068	0.03007	0.04174	0.04842	0.11652	0.01623	0.01370	0.00573	0.00528	0.00162	0.00632	0.00524	0.00323	0.00734
27	0.01028	0.01812	0.41442	0.01546	0.15174	0.01026	0.01442	0.01501	0.03180	0.01772	0.18034	0.01770	0.01659	0.00614	0.00519	0.00158	0.00595	0.00522	0.00318	0.05889
28	0.85377	0.01007	0.00765	0.00685	0.01007	0.01168	0.00564	0.01531	0.00886	0.02336	0.00725	0.00846	0.00564	0.00483	0.00322	0.00161	0.00403	0.00282	0.00322	0.00564
29	0.01392	0.82012	0.02729	0.00891	0.01337	0.02061	0.00891	0.01559	0.01058	0.01225	0.00724	0.00835	0.00668	0.00446	0.00334	0.00111	0.00557	0.00278	0.00223	0.00668
30	0.01153	0.01164	0.01576	0.01355	0.01365	0.03752	0.01125	0.01269	0.00817	0.01253	0.00702	0.01153	0.00696	0.00965	0.03335	0.00238	0.76828	0.00455	0.00230	0.00568
31	0.00800	0.00546	0.00716	0.00666	0.00800	0.00502	0.00502	0.01044	0.01475	0.05125	0.75162	0.03806	0.04770	0.01048	0.00611	0.00164	0.00253	0.00925	0.00576	0.00507
32	0.00634	0.00453	0.00604	0.00725	0.00755	0.00423	0.00483	0.00725	0.00997	0.01329	0.02870	0.81358	0.03444	0.01632	0.00665	0.00211	0.00302	0.01480	0.00483	0.00423
33	0.01384	0.01084	0.01175	0.01029	0.01344	0.01206	0.00806	0.02655	0.65369	0.09652	0.02040	0.01873	0.01510	0.00681	0.00520	0.00169	0.00414	0.00565	0.00528	0.05996
34	0.00708	0.00510	0.00670	0.00675	0.00772	0.00472	0.00489	0.00910	0.01340	0.01875	0.56973	0.25701	0.04500	0.01224	0.00628	0.00177	0.00262	0.01093	0.00548	0.00472
35	0.00757	0.00505	0.00568	0.00568	0.00568	0.00505	0.00316	0.00757	0.00757	0.01010	0.01641	0.03408	0.01893	0.81698	0.02651	0.00505	0.00505	0.00757	0.00316	0.00316
36	0.01033	0.00887	0.00930	0.00862	0.01108	0.00962	0.00668	0.01979	0.47365	0.01878	0.03294	0.03180	0.29705	0.00952	0.00567	0.00178	0.00360	0.02908	0.00511	0.00674
37	0.85377	0.01007	0.00765	0.00685	0.01007	0.01168	0.00564	0.01531	0.00886	0.02336	0.00725	0.00846	0.00564	0.00483	0.00322	0.00161	0.00403	0.00282	0.00322	0.00564
38	0.01045	0.02694	0.79000	0.01484	0.02254	0.01209	0.01924	0.01649	0.01099	0.01649	0.00935	0.01099	0.00660	0.00495	0.00495	0.00165	0.00770	0.00385	0.00220	0.00770
39	0.00971	0.00485	0.00485	0.00485	0.00607	0.00485	0.00364	0.01213	0.01092	0.01942	0.01699	0.01942	0.01335	0.00607	0.00364	0.00121	0.00243	0.00485	0.84589	0.00485
40	0.14342	0.00934	0.01381	0.06218	0.19867	0.00977	0.07425	0.01442	0.06118	0.01747	0.01721	0.04668	0.01689	0.00873	0.00574	0.00193	0.00539	0.28297	0.00372	0.00621
41	0.01624	0.01361	0.06212	0.07372	0.05985	0.02865	0.01052	0.33591	0.24703	0.07505	0.01497	0.01491	0.01088	0.00624	0.00521	0.00164	0.00547	0.00500	0.00471	0.00828
42	0.00971	0.00485	0.00485	0.00485	0.00607	0.00485	0.00364	0.01213	0.01092	0.01942	0.01699	0.01942	0.01335	0.00607	0.00364	0.00121	0.00243	0.00485	0.84589	0.00485
43	0.01141	0.01099	0.01763	0.41304	0.35501	0.03368	0.01460	0.01491	0.03104	0.01512	0.01072	0.01427	0.02481	0.00519	0.00519	0.00164	0.00652	0.00477	0.00257	0.00688
44	0.01133	0.01155	0.01859	0.01497	0.01637	0.01443	0.17880	0.01328	0.00906	0.01359	0.00818	0.01252	0.00748	0.00971	0.06207	0.00248	0.55202	0.00492	0.00242	0.03622
45	0.00971	0.00485	0.00485	0.00485	0.00607	0.00485	0.00364	0.01213	0.01092	0.01942	0.01699	0.01942	0.01335	0.00607	0.00364	0.00121	0.00243	0.00485	0.84589	0.00485
46	0.01166	0.00888	0.02531	0.01054	0.07301	0.00891	0.00761	0.03277	0.28045	0.10376	0.20723	0.07501	0.10001	0.00893	0.00568	0.00173	0.00382	0.02270	0.00517	0.00681
47	0.01944	0.01445	0.01564	0.01205	0.01605	0.01614	0.00996	0.73530	0.02379	0.03196	0.01226	0.01246	0.00877	0.00637	0.00571	0.00159	0.03955	0.00468	0.00509	0.00872
48	0.64910	0.05190	0.02584	0.00811	0.02591	0.03451	0.00664	0.03166	0.04199	0.02197	0.00819	0.00931	0.00642	0.00489	0.00351	0.00153	0.00441	0.00307	0.00324	0.05779

[dist]
# distance from previous block
# <min> <max>
0	1

[block]
# block no. 2 follows, 47 sequences, length 13
# corresponding to MSA columns:
# 169-181
name=unknown_C
#
# <colnr> <probs for GDERKNQSTAVLIFYWHMCP>
#	G	D	E	R	K	N	Q	S	T	A	V	L	I	F	Y	W	H	M	C	P
0	0.01274	0.01222	0.02086	0.07033	0.74732	0.01233	0.01591	0.01585	0.01179	0.01683	0.00977	0.01294	0.00818	0.00467	0.00516	0.00156	0.00622	0.00464	0.00256	0.00813
1	0.04440	0.01417	0.01469	0.01163	0.01551	0.03917	0.00949	0.59327	0.15355	0.03001	0.01371	0.01348	0.00991	0.00632	0.00515	0.00159	0.00551	0.00480	0.00509	0.00856
2	0.01945	0.02482	0.01476	0.01342	0.01610	0.79608	0.01006	0.02079	0.01476	0.01275	0.00805	0.00939	0.00671	0.00537	0.00470	0.00134	0.00939	0.00335	0.00268	0.00604
3	0.00750	0.00564	0.00715	0.00788	0.00909	0.00540	0.00633	0.00974	0.03792	0.01524	0.07827	0.21695	0.21631	0.01404	0.00669	0.00211	0.00372	0.34044	0.00489	0.00470
4	0.00971	0.00485	0.00485	0.00485	0.00607	0.00485	0.00364	0.01213	0.01092	0.01942	0.01699	0.01942	0.01335	0.00607	0.00364	0.00121	0.00243	0.00485	0.84589	0.00485
5	0.01344	0.01517	0.08887	0.01966	0.02493	0.01360	0.57515	0.14648	0.01430	0.01946	0.01078	0.01354	0.00796	0.00476	0.00589	0.00171	0.00817	0.00571	0.00304	0.00739
6	0.01049	0.00855	0.01220	0.01540	0.26634	0.02880	0.00893	0.01342	0.03934	0.06042	0.37879	0.04539	0.07369	0.00844	0.00571	0.00162	0.00407	0.00753	0.00456	0.00633
7	0.00656	0.00462	0.00598	0.00698	0.00723	0.00437	0.00454	0.00731	0.00956	0.01274	0.02658	0.67874	0.03176	0.15482	0.01008	0.00262	0.00337	0.01355	0.00454	0.00404
8	0.85377	0.01007	0.00765	0.00685	0.01007	0.01168	0.00564	0.01531	0.00886	0.02336	0.00725	0.00846	0.00564	0.00483	0.00322	0.00161	0.00403	0.00282	0.00322	0.00564
9	0.00765	0.00580	0.00722	0.00802	0.00885	0.00588	0.00571	0.01107	0.14249	0.01495	0.02731	0.61595	0.03088	0.01456	0.00646	0.00208	0.00335	0.07191	0.00491	0.00497
10	0.01064	0.02580	0.73012	0.01618	0.08189	0.01212	0.01899	0.01645	0.01106	0.01653	0.00938	0.01114	0.00673	0.00492	0.00496	0.00164	0.00758	0.00391	0.00223	0.00774
11	0.01156	0.01018	0.01562	0.66738	0.03246	0.01236	0.01367	0.14371	0.01285	0.01668	0.00982	0.01365	0.00727	0.00539	0.00521	0.00171	0.00673	0.00464	0.00281	0.00632
12	0.01110	0.07340	0.01740	0.25539	0.32678	0.03397	0.03066	0.01380	0.01110	0.01476	0.01267	0.15127	0.01222	0.00683	0.00530	0.00167	0.00597	0.00625	0.00287	0.00660

[dist]
# distance from previous block
# <min> <max>
0	1

[block]
# block no. 3 follows, 47 sequences, length 23
# corresponding to MSA columns:
# 183-205
name=unknown_D
#
# <colnr> <probs for GDERKNQSTAVLIFYWHMCP>
#	G	D	E	R	K	N	Q	S	T	A	V	L	I	F	Y	W	H	M	C	P
0	0.71980	0.01025	0.00831	0.00745	0.01062	0.01188	0.00605	0.01728	0.13095	0.02311	0.00947	0.01021	0.00727	0.00519	0.00355	0.00164	0.00404	0.00331	0.00355	0.00605
1	0.14199	0.00589	0.00686	0.00676	0.00809	0.00583	0.00501	0.01010	0.01268	0.01949	0.48132	0.21616	0.03875	0.01105	0.00580	0.00175	0.00284	0.00963	0.00512	0.00487
2	0.00839	0.00599	0.00839	0.00959	0.01079	0.00599	0.00839	0.01079	0.01199	0.01558	0.02757	0.05874	0.02997	0.01439	0.00719	0.00240	0.00480	0.74945	0.00480	0.00480
3	0.01163	0.01155	0.01678	0.01659	0.13649	0.01538	0.01212	0.01308	0.00859	0.01325	0.00731	0.01163	0.00706	0.00840	0.01519	0.00216	0.67978	0.00457	0.00233	0.00610
4	0.18727	0.01301	0.01328	0.01048	0.01427	0.01446	0.00862	0.55270	0.03567	0.02965	0.01319	0.01337	0.03641	0.00623	0.00480	0.00157	0.00515	0.00457	0.02736	0.00793
5	0.01392	0.82012	0.02729	0.00891	0.01337	0.02061	0.00891	0.01559	0.01058	0.01225	0.00724	0.00835	0.00668	0.00446	0.00334	0.00111	0.00557	0.00278	0.00223	0.00668
6	0.14640	0.01330	0.02534	0.05677	0.04848	0.02943	0.55107	0.01627	0.01159	0.01742	0.00979	0.01295	0.00746	0.00464	0.00583	0.00173	0.02670	0.00540	0.00270	0.00673
7	0.04547	0.01173	0.01965	0.14670	0.56394	0.01216	0.04974	0.01589	0.03783	0.01682	0.01038	0.01401	0.00860	0.00499	0.00518	0.00161	0.00624	0.01871	0.00270	0.00765
8	0.01406	0.01166	0.01238	0.01082	0.01394	0.01335	0.00854	0.15885	0.62219	0.02359	0.01981	0.01919	0.01500	0.00711	0.00533	0.00175	0.00442	0.02449	0.00527	0.00826
9	0.00983	0.00926	0.01562	0.80447	0.03587	0.01157	0.01446	0.01331	0.01041	0.01331	0.00926	0.01388	0.00694	0.00521	0.00521	0.00174	0.00694	0.00463	0.00231	0.00579
10	0.00757	0.00505	0.00568	0.00568	0.00568	0.00505	0.00316	0.00757	0.00757	0.01010	0.01641	0.03408	0.01893	0.81698	0.02651	0.00505	0.00505	0.00757	0.00316	0.00316
11	0.01844	0.01346	0.01464	0.03124	0.01568	0.01487	0.00939	0.64415	0.05198	0.04847	0.01325	0.01456	0.00994	0.06734	0.00682	0.00184	0.00562	0.00496	0.00502	0.00833
12	0.00665	0.00530	0.00598	0.00591	0.00744	0.00463	0.00446	0.00839	0.01281	0.01643	0.30005	0.06463	0.48733	0.01244	0.00620	0.00175	0.00266	0.03722	0.00514	0.00458
13	0.04568	0.01591	0.03445	0.10223	0.44156	0.24024	0.01379	0.01710	0.01243	0.01563	0.00913	0.01177	0.00754	0.00492	0.00495	0.00151	0.00715	0.00418	0.00260	0.00725
14	0.85377	0.01007	0.00765	0.00685	0.01007	0.01168	0.00564	0.01531	0.00886	0.02336	0.00725	0.00846	0.00564	0.00483	0.00322	0.00161	0.00403	0.00282	0.00322	0.00564
15	0.01274	0.01309	0.05369	0.09318	0.62831	0.03731	0.01544	0.01649	0.04816	0.01678	0.01022	0.01309	0.00838	0.00484	0.00514	0.00157	0.00632	0.00462	0.00267	0.00795
16	0.01082	0.00933	0.01097	0.00791	0.01239	0.00724	0.00635	0.01309	0.01070	0.01682	0.00918	0.01082	0.00768	0.00403	0.00430	0.00082	0.03070	0.00313	0.00306	0.82066
17	0.00753	0.00540	0.00674	0.00635	0.00776	0.00487	0.00478	0.00973	0.01414	0.03930	0.60742	0.04073	0.20373	0.01108	0.00612	0.00166	0.00255	0.00964	0.00556	0.00491
18	0.01083	0.00798	0.01024	0.00961	0.01108	0.00871	0.00731	0.13090	0.01176	0.01652	0.01520	0.02214	0.01408	0.10757	0.58135	0.00707	0.01206	0.00603	0.00367	0.00590
19	0.01115	0.01105	0.01590	0.13967	0.01721	0.01525	0.01188	0.01266	0.00836	0.01266	0.00722	0.01179	0.00685	0.00849	0.01520	0.00219	0.67990	0.00457	0.00228	0.00571
20	0.00746	0.00550	0.00794	0.00794	0.00872	0.00628	0.00598	0.00902	0.00824	0.01177	0.01434	0.02263	0.01396	0.16301	0.67368	0.00784	0.01253	0.00590	0.00285	0.00441
21	0.00901	0.00479	0.00510	0.00535	0.00637	0.00472	0.00389	0.01112	0.01072	0.01815	0.01941	0.18379	0.01771	0.00819	0.00426	0.00140	0.00255	0.00691	0.67181	0.00472
22	0.21456	0.00914	0.01107	0.00871	0.01255	0.00858	0.00719	0.02306	0.01351	0.61203	0.01748	0.01559	0.01122	0.00607	0.00477	0.00161	0.00434	0.00468	0.00570	0.00812

[dist]
# distance from previous block
# <min> <max>
0	1

[block]
# block no. 4 follows, 47 sequences, length 60
# corresponding to MSA columns:
# 207-266
name=unknown_E
#
# <colnr> <probs for GDERKNQSTAVLIFYWHMCP>
#	G	D	E	R	K	N	Q	S	T	A	V	L	I	F	Y	W	H	M	C	P
0	0.01980	0.01459	0.01563	0.01198	0.01615	0.01615	0.00990	0.76713	0.02448	0.03282	0.01250	0.01250	0.00886	0.00625	0.00521	0.00156	0.00573	0.00469	0.00521	0.00886
1	0.01890	0.01414	0.01512	0.01180	0.01581	0.01573	0.00968	0.67040	0.12267	0.03138	0.01364	0.01341	0.00978	0.00636	0.00522	0.00159	0.00552	0.00485	0.00522	0.00878
2	0.00757	0.00505	0.00568	0.00568	0.00568	0.00505	0.00316	0.00757	0.00757	0.01010	0.01641	0.03408	0.01893	0.81698	0.02651	0.00505	0.00505	0.00757	0.00316	0.00316
3	0.01980	0.01459	0.01563	0.01198	0.01615	0.01615	0.00990	0.76713	0.02448	0.03282	0.01250	0.01250	0.00886	0.00625	0.00521	0.00156	0.00573	0.00469	0.00521	0.00886
4	0.01045	0.02694	0.79000	0.01484	0.02254	0.01209	0.01924	0.01649	0.01099	0.01649	0.00935	0.01099	0.00660	0.00495	0.00495	0.00165	0.00770	0.00385	0.00220	0.00770
5	0.00744	0.00558	0.00837	0.00837	0.00930	0.00651	0.00651	0.00930	0.00837	0.01209	0.01395	0.02046	0.01302	0.03906	0.79635	0.00837	0.01395	0.00558	0.00279	0.00465
6	0.01324	0.01112	0.01178	0.01056	0.01353	0.01280	0.00823	0.02761	0.75377	0.04327	0.02118	0.01938	0.01581	0.00705	0.00530	0.00176	0.00413	0.00587	0.00533	0.00826
7	0.00731	0.00532	0.00687	0.00648	0.00774	0.00489	0.00486	0.00970	0.01459	0.02053	0.74369	0.03949	0.08742	0.01078	0.00614	0.00164	0.00247	0.00950	0.00569	0.00489
8	0.00733	0.00532	0.00690	0.00651	0.00775	0.00490	0.00488	0.00975	0.01464	0.02065	0.75662	0.03929	0.07441	0.01073	0.00614	0.00164	0.00246	0.00947	0.00570	0.00490
9	0.01150	0.01380	0.11717	0.01382	0.01490	0.03739	0.01238	0.01328	0.00856	0.01306	0.00720	0.01128	0.00680	0.00846	0.01515	0.00217	0.68038	0.00443	0.00228	0.00597
10	0.01793	0.01329	0.01454	0.01146	0.01516	0.01477	0.00940	0.64145	0.04933	0.02971	0.01300	0.01379	0.00965	0.01057	0.10870	0.00246	0.00675	0.00485	0.00490	0.00828
11	0.72189	0.01035	0.00825	0.00713	0.01052	0.03138	0.00582	0.01516	0.00927	0.02225	0.00753	0.00879	0.00594	0.00472	0.00334	0.00149	0.00414	0.00287	0.00319	0.11595
12	0.00965	0.00518	0.00556	0.00548	0.00672	0.00533	0.00416	0.02932	0.01090	0.01877	0.01649	0.01939	0.01320	0.01039	0.10737	0.00216	0.00401	0.00494	0.71605	0.00492
13	0.02127	0.00840	0.01141	0.00891	0.01257	0.00730	0.00730	0.02334	0.01488	0.68774	0.12012	0.02050	0.01763	0.00700	0.00536	0.00161	0.00417	0.00578	0.00635	0.00835
14	0.00798	0.00545	0.00715	0.00667	0.00799	0.00501	0.00502	0.01039	0.01465	0.05119	0.73615	0.05388	0.04740	0.01060	0.00612	0.00165	0.00255	0.00936	0.00574	0.00506
15	0.01289	0.01237	0.02114	0.03196	0.78450	0.01237	0.01598	0.01598	0.01186	0.01701	0.00980	0.01289	0.00825	0.00464	0.00516	0.00155	0.00619	0.00464	0.00258	0.00825
16	0.00685	0.00526	0.00627	0.00611	0.00748	0.00468	0.00455	0.00879	0.01338	0.01787	0.46232	0.08658	0.32716	0.01193	0.00618	0.00171	0.00256	0.01032	0.00534	0.00468
17	0.09725	0.10467	0.01570	0.03631	0.01557	0.15153	0.00942	0.40919	0.03986	0.02458	0.01077	0.01147	0.00812	0.00581	0.00493	0.00150	0.02153	0.00410	0.02015	0.00757
18	0.01229	0.01027	0.01269	0.01034	0.05307	0.00914	0.03341	0.14976	0.01326	0.01947	0.01121	0.06718	0.00979	0.00534	0.00477	0.00112	0.02407	0.00441	0.00353	0.54487
19	0.01170	0.07393	0.01209	0.00988	0.03010	0.04891	0.02169	0.07085	0.18558	0.05533	0.15568	0.11035	0.11315	0.00911	0.00641	0.00172	0.06506	0.00748	0.00460	0.00638
20	0.01832	0.00776	0.01050	0.00849	0.01163	0.00682	0.00688	0.02047	0.01478	0.54464	0.24080	0.02500	0.02385	0.00788	0.00555	0.00164	0.00387	0.02732	0.00619	0.00761
21	0.01100	0.00939	0.01106	0.03018	0.01310	0.00731	0.00650	0.03265	0.01114	0.01728	0.00934	0.01093	0.00772	0.00396	0.00393	0.00082	0.00399	0.00317	0.00312	0.80340
22	0.00687	0.00491	0.00665	0.00786	0.00839	0.00469	0.00576	0.00817	0.01049	0.01389	0.02841	0.61819	0.03329	0.01582	0.00679	0.00219	0.00348	0.20497	0.00482	0.00438
23	0.01280	0.48005	0.24389	0.01160	0.01662	0.03555	0.04212	0.01577	0.01066	0.01367	0.00796	0.00960	0.00672	0.00498	0.00502	0.00139	0.06909	0.00337	0.00225	0.00689
24	0.01215	0.01162	0.01981	0.21772	0.60449	0.01218	0.01562	0.01534	0.01151	0.01612	0.00967	0.01313	0.00793	0.00478	0.00517	0.00159	0.00637	0.00464	0.00251	0.00766
25	0.00696	0.00539	0.00591	0.00573	0.00741	0.00462	0.00431	0.00860	0.01271	0.03759	0.24470	0.04624	0.56681	0.01233	0.00613	0.00172	0.00264	0.01041	0.00512	0.00466
26	0.00971	0.00485	0.00485	0.00485	0.00607	0.00485	0.00364	0.01213	0.01092	0.01942	0.01699	0.01942	0.01335	0.00607	0.00364	0.00121	0.00243	0.00485	0.84589	0.00485
27	0.00634	0.00456	0.00601	0.00717	0.00753	0.00424	0.00480	0.00726	0.01005	0.01332	0.02966	0.78327	0.06414	0.01619	0.00663	0.00210	0.00301	0.01465	0.00483	0.00424
28	0.00638	0.00455	0.00603	0.00720	0.00749	0.00426	0.00478	0.00726	0.00989	0.01319	0.02831	0.78895	0.03395	0.04162	0.00727	0.00221	0.00309	0.01458	0.00478	0.00420
29	0.12889	0.01400	0.01459	0.01131	0.01535	0.01557	0.00934	0.66878	0.02244	0.03158	0.01182	0.01197	0.00844	0.00607	0.00495	0.00157	0.00551	0.00444	0.00495	0.00844
30	0.00971	0.00485	0.00485	0.00485	0.00607	0.00485	0.00364	0.01213	0.01092	0.01942	0.01699	0.01942	0.01335	0.00607	0.00364	0.00121	0.00243	0.00485	0.84589	0.00485
31	0.85377	0.01007	0.00765	0.00685	0.01007	0.01168	0.00564	0.01531	0.00886	0.02336	0.00725	0.00846	0.00564	0.00483	0.00322	0.00161	0.00403	0.00282	0.00322	0.00564
32	0.01121	0.00629	0.00827	0.00731	0.00921	0.00576	0.00564	0.01388	0.03608	0.19828	0.57098	0.04710	0.03956	0.00967	0.00592	0.00164	0.00297	0.00845	0.00587	0.00591
33	0.02127	0.01034	0.01277	0.01000	0.01391	0.01009	0.00819	0.17811	0.11632	0.53265	0.01898	0.01687	0.01246	0.00649	0.00524	0.00162	0.00466	0.00521	0.00604	0.00878
34	0.02295	0.00895	0.01207	0.00932	0.01330	0.00786	0.00768	0.02547	0.04509	0.75768	0.02057	0.01779	0.01301	0.00647	0.00524	0.00162	0.00442	0.00526	0.00640	0.00884
35	0.85377	0.01007	0.00765	0.00685	0.01007	0.01168	0.00564	0.01531	0.00886	0.02336	0.00725	0.00846	0.00564	0.00483	0.00322	0.00161	0.00403	0.00282	0.00322	0.00564
36	0.00634	0.00466	0.00591	0.00690	0.00743	0.00428	0.00466	0.00729	0.01022	0.01334	0.03224	0.67401	0.15291	0.03459	0.00703	0.00213	0.00301	0.01403	0.00480	0.00423
37	0.85377	0.01007	0.00765	0.00685	0.01007	0.01168	0.00564	0.01531	0.00886	0.02336	0.00725	0.00846	0.00564	0.00483	0.00322	0.00161	0.00403	0.00282	0.00322	0.00564
38	0.02336	0.00886	0.01209	0.00927	0.01329	0.00765	0.00765	0.02538	0.01491	0.78810	0.02055	0.01773	0.01289	0.00645	0.00524	0.00161	0.00443	0.00524	0.00645	0.00886
39	0.02029	0.00818	0.01110	0.00874	0.01223	0.00713	0.00713	0.02239	0.01487	0.64072	0.16678	0.02179	0.01985	0.00725	0.00541	0.00162	0.00405	0.00604	0.00631	0.00810
40	0.00915	0.00514	0.00794	0.11113	0.01059	0.00544	0.00582	0.00764	0.00726	0.00960	0.00907	0.01558	0.00877	0.01641	0.01837	0.73772	0.00484	0.00454	0.00227	0.00272
41	0.01591	0.01850	0.01695	0.13600	0.26760	0.42692	0.01263	0.01813	0.01318	0.01421	0.00879	0.01118	0.00724	0.00511	0.00492	0.00147	0.00799	0.00396	0.00259	0.00672
42	0.00721	0.00532	0.00674	0.00638	0.00768	0.00485	0.00479	0.00952	0.01437	0.01999	0.68639	0.04037	0.14506	0.01098	0.00614	0.00165	0.00248	0.00962	0.00562	0.00485
43	0.02336	0.00886	0.01209	0.00927	0.01329	0.00765	0.00765	0.02538	0.01491	0.78810	0.02055	0.01773	0.01289	0.00645	0.00524	0.00161	0.00443	0.00524	0.00645	0.00886
44	0.01489	0.51668	0.02464	0.02756	0.01625	0.19669	0.10827	0.01688	0.01176	0.01297	0.00790	0.00945	0.00685	0.00467	0.00406	0.00126	0.00689	0.00339	0.00239	0.00656
45	0.00661	0.00520	0.00597	0.00598	0.00737	0.00456	0.00441	0.00827	0.01263	0.01637	0.30678	0.14603	0.42587	0.01270	0.00621	0.00176	0.00262	0.01093	0.00515	0.00456
46	0.01751	0.01616	0.11799	0.01316	0.01779	0.03054	0.07638	0.54564	0.06582	0.02824	0.01235	0.01279	0.00885	0.00595	0.00525	0.00160	0.00623	0.00475	0.00455	0.00845
47	0.01214	0.01621	0.22167	0.03829	0.42701	0.03961	0.02956	0.01587	0.01158	0.01664	0.00955	0.01203	0.00766	0.00465	0.00493	0.00147	0.00646	0.00421	0.00254	0.11791
48	0.81043	0.01053	0.02392	0.00748	0.01086	0.01174	0.02992	0.01537	0.00901	0.02302	0.00740	0.00869	0.00573	0.00482	0.00335	0.00162	0.00425	0.00295	0.00318	0.00572
49	0.02026	0.01384	0.01517	0.01163	0.01578	0.01504	0.00960	0.67010	0.02323	0.13162	0.01355	0.01319	0.00938	0.00628	0.00521	0.00157	0.00556	0.00476	0.00537	0.00886
50	0.01482	0.01240	0.01383	0.01335	0.10126	0.02855	0.00953	0.22922	0.45356	0.02396	0.01786	0.01717	0.02736	0.00665	0.00526	0.00168	0.00487	0.00546	0.00491	0.00830
51	0.00721	0.00532	0.00674	0.00638	0.00768	0.00485	0.00479	0.00952	0.01437	0.01999	0.68639	0.04037	0.14506	0.01098	0.00614	0.00165	0.00248	0.00962	0.00562	0.00485
52	0.01115	0.00616	0.00817	0.00719	0.00908	0.00556	0.00556	0.01351	0.01478	0.20233	0.60173	0.03389	0.04057	0.00965	0.00593	0.00163	0.00292	0.00843	0.00590	0.00585
53	0.00631	0.00528	0.00550	0.00544	0.00713	0.00446	0.00408	0.00778	0.01225	0.01496	0.14812	0.04865	0.68646	0.01286	0.00615	0.00174	0.00261	0.01078	0.00495	0.00446
54	0.00757	0.00507	0.00579	0.00579	0.00583	0.00511	0.00330	0.00765	0.00761	0.01018	0.01630	0.03350	0.01868	0.78388	0.05927	0.00519	0.00543	0.00749	0.00314	0.00322
55	0.85377	0.01007	0.00765	0.00685	0.01007	0.01168	0.00564	0.01531	0.00886	0.02336	0.00725	0.00846	0.00564	0.00483	0.00322	0.00161	0.00403	0.00282	0.00322	0.00564
56	0.00634	0.00453	0.00604	0.00725	0.00755	0.00423	0.00483	0.00725	0.00997	0.01329	0.02870	0.81358	0.03444	0.01632	0.00665	0.00211	0.00302	0.01480	0.00483	0.00423
57	0.85377	0.01007	0.00765	0.00685	0.01007	0.01168	0.00564	0.01531	0.00886	0.02336	0.00725	0.00846	0.00564	0.00483	0.00322	0.00161	0.00403	0.00282	0.00322	0.00564
58	0.01295	0.01119	0.01178	0.01060	0.01354	0.01295	0.00824	0.02767	0.77509	0.02178	0.02120	0.01943	0.01590	0.00707	0.00530	0.00177	0.00412	0.00589	0.00530	0.00824
59	0.00735	0.00530	0.00694	0.00657	0.00777	0.00490	0.00491	0.00977	0.01463	0.02070	0.76373	0.05744	0.04879	0.01078	0.00615	0.00165	0.00247	0.00955	0.00571	0.00490

[dist]
# distance from previous block
# <min> <max>
0	4

[block]
# block no. 5 follows, 47 sequences, length 24
# corresponding to MSA columns:
# 271-294
name=unknown_F
#
# <colnr> <probs for GDERKNQSTAVLIFYWHMCP>
#	G	D	E	R	K	N	Q	S	T	A	V	L	I	F	Y	W	H	M	C	P
0	0.02174	0.00850	0.01157	0.00899	0.01274	0.00738	0.00738	0.02380	0.01489	0.71036	0.09768	0.01987	0.01656	0.00687	0.00533	0.00161	0.00423	0.00566	0.00637	0.00846
1	0.01221	0.01363	0.02907	0.02252	0.10340	0.01285	0.66777	0.01641	0.01232	0.01684	0.03262	0.01464	0.00912	0.00459	0.00605	0.00173	0.00834	0.00609	0.00272	0.00709
2	0.67424	0.01164	0.08744	0.00793	0.01170	0.01127	0.00725	0.01657	0.00976	0.10930	0.00897	0.00977	0.00656	0.00503	0.00363	0.00162	0.00445	0.00320	0.00348	0.00621
3	0.02323	0.00908	0.01222	0.00937	0.01340	0.00797	0.00774	0.05317	0.01526	0.75980	0.02024	0.01753	0.01274	0.00644	0.00524	0.00161	0.00448	0.00522	0.00640	0.00886
4	0.01265	0.01236	0.02178	0.07718	0.66296	0.01241	0.09185	0.01589	0.01182	0.01676	0.00984	0.01307	0.00814	0.00465	0.00526	0.00158	0.00649	0.00479	0.00257	0.00798
5	0.00781	0.00618	0.00899	0.09014	0.05799	0.00619	0.02408	0.02372	0.01104	0.01460	0.05000	0.46304	0.07723	0.01336	0.00641	0.00203	0.00402	0.12386	0.00442	0.00490
6	0.00983	0.00926	0.01562	0.80447	0.03587	0.01157	0.01446	0.01331	0.01041	0.01331	0.00926	0.01388	0.00694	0.00521	0.00521	0.00174	0.00694	0.00463	0.00231	0.00579
7	0.85377	0.01007	0.00765	0.00685	0.01007	0.01168	0.00564	0.01531	0.00886	0.02336	0.00725	0.00846	0.00564	0.00483	0.00322	0.00161	0.00403	0.00282	0.00322	0.00564
8	0.02336	0.00886	0.01209	0.00927	0.01329	0.00765	0.00765	0.02538	0.01491	0.78810	0.02055	0.01773	0.01289	0.00645	0.00524	0.00161	0.00443	0.00524	0.00645	0.00886
9	0.02032	0.01375	0.01511	0.01159	0.01573	0.01491	0.00957	0.65922	0.02309	0.14270	0.01367	0.01326	0.00944	0.00628	0.00521	0.00157	0.00554	0.00477	0.00539	0.00886
10	0.01118	0.01127	0.02173	0.34765	0.09807	0.01181	0.32555	0.01483	0.01145	0.02997	0.01201	0.03480	0.03462	0.00538	0.00566	0.00173	0.00735	0.00574	0.00270	0.00650
11	0.00624	0.00528	0.00539	0.00537	0.00709	0.00443	0.00402	0.00764	0.01207	0.01455	0.10430	0.04932	0.73054	0.01301	0.00615	0.00175	0.00262	0.01088	0.00490	0.00443
12	0.00623	0.00526	0.00540	0.00541	0.00709	0.00442	0.00404	0.00761	0.01199	0.01445	0.09566	0.07221	0.71621	0.01313	0.00617	0.00176	0.00264	0.01101	0.00489	0.00442
13	0.85377	0.01007	0.00765	0.00685	0.01007	0.01168	0.00564	0.01531	0.00886	0.02336	0.00725	0.00846	0.00564	0.00483	0.00322	0.00161	0.00403	0.00282	0.00322	0.00564
14	0.00737	0.00532	0.00696	0.00655	0.00778	0.00491	0.00491	0.00983	0.01474	0.02088	0.78175	0.03890	0.04914	0.01065	0.00614	0.00164	0.00246	0.00942	0.00573	0.00491
15	0.01364	0.75592	0.08902	0.00939	0.01411	0.01992	0.00975	0.01567	0.01061	0.01260	0.00741	0.00857	0.00668	0.00450	0.00347	0.00116	0.00574	0.00287	0.00223	0.00677
16	0.01135	0.01056	0.00987	0.00912	0.01157	0.09868	0.00706	0.03664	0.37581	0.01825	0.04598	0.03018	0.26008	0.00923	0.00561	0.00174	0.00428	0.04260	0.00484	0.00655
17	0.01809	0.02253	0.01416	0.03641	0.01617	0.69600	0.01003	0.01960	0.01436	0.01304	0.00999	0.01433	0.00898	0.00624	0.00495	0.00146	0.00887	0.07601	0.00288	0.00591
18	0.01143	0.00984	0.01315	0.00962	0.01399	0.00816	0.10260	0.06855	0.01218	0.03346	0.01429	0.01546	0.08643	0.00510	0.00451	0.00107	0.00451	0.00444	0.00343	0.57778
19	0.01292	0.04665	0.49361	0.02938	0.04411	0.09172	0.07557	0.03414	0.01201	0.07679	0.01014	0.01168	0.00732	0.00518	0.00531	0.00162	0.02753	0.00413	0.00270	0.00749
20	0.01289	0.01237	0.02114	0.03196	0.78450	0.01237	0.01598	0.01598	0.01186	0.01701	0.00980	0.01289	0.00825	0.00464	0.00516	0.00155	0.00619	0.00464	0.00258	0.00825
21	0.05449	0.00950	0.03939	0.01069	0.03310	0.02025	0.08849	0.09219	0.01247	0.17344	0.01482	0.01836	0.01182	0.05676	0.17662	0.00323	0.02588	0.02185	0.13023	0.00643
22	0.01596	0.04684	0.61549	0.01658	0.03965	0.01373	0.01839	0.01998	0.01385	0.11307	0.01446	0.01704	0.01107	0.00765	0.00657	0.00232	0.00832	0.00527	0.00406	0.00968
23	0.03390	0.01485	0.09780	0.02430	0.45448	0.09167	0.09000	0.01691	0.05771	0.01681	0.01209	0.01432	0.04123	0.00523	0.00519	0.00158	0.00660	0.00488	0.00283	0.00762

[dist]
# distance from previous block
# <min> <max>
0	7

[block]
# block no. 6 follows, 47 sequences, length 67
# corresponding to MSA columns:
# 302-368
name=unknown_G
#
# <colnr> <probs for GDERKNQSTAVLIFYWHMCP>
#	G	D	E	R	K	N	Q	S	T	A	V	L	I	F	Y	W	H	M	C	P
0	0.31331	0.00928	0.01054	0.00842	0.01217	0.00906	0.00695	0.02186	0.01280	0.52109	0.01590	0.01449	0.01036	0.00588	0.00453	0.00161	0.00429	0.00439	0.00532	0.00774
1	0.01334	0.01337	0.02024	0.07265	0.67131	0.08583	0.01534	0.01629	0.01205	0.01641	0.00960	0.01262	0.00803	0.00474	0.00512	0.00154	0.00653	0.00452	0.00257	0.00791
2	0.04093	0.00882	0.01080	0.00882	0.01190	0.00851	0.00696	0.10021	0.08825	0.43073	0.02019	0.05919	0.03888	0.11298	0.00802	0.00209	0.00444	0.00612	0.02465	0.00751
3	0.00757	0.00505	0.00568	0.00568	0.00568	0.00505	0.00316	0.00757	0.00757	0.01010	0.01641	0.03408	0.01893	0.81698	0.02651	0.00505	0.00505	0.00757	0.00316	0.00316
4	0.85377	0.01007	0.00765	0.00685	0.01007	0.01168	0.00564	0.01531	0.00886	0.02336	0.00725	0.00846	0.00564	0.00483	0.00322	0.00161	0.00403	0.00282	0.00322	0.00564
5	0.00706	0.00531	0.00654	0.00623	0.00759	0.00478	0.00467	0.00923	0.01402	0.01916	0.59776	0.04173	0.23420	0.01129	0.00615	0.00167	0.00250	0.00981	0.00551	0.00478
6	0.01285	0.04080	0.01224	0.01050	0.01345	0.01302	0.00827	0.02671	0.72349	0.02124	0.02088	0.02023	0.01599	0.00719	0.00529	0.00176	0.00420	0.02863	0.00517	0.00808
7	0.01313	0.39581	0.24108	0.01206	0.01716	0.05276	0.07627	0.03920	0.01164	0.03112	0.03709	0.01117	0.00853	0.00508	0.00468	0.00141	0.02845	0.00380	0.00259	0.00699
8	0.00750	0.00511	0.00608	0.00610	0.00630	0.00517	0.00371	0.00791	0.00828	0.01124	0.07326	0.06331	0.02113	0.64181	0.10768	0.00504	0.00574	0.00778	0.00337	0.00349
9	0.00652	0.00507	0.00577	0.00601	0.00715	0.00450	0.00425	0.00779	0.01143	0.01456	0.15619	0.23911	0.40890	0.08897	0.00819	0.00214	0.00293	0.01139	0.00482	0.00432
10	0.01892	0.10110	0.01596	0.01298	0.01584	0.72169	0.00995	0.02030	0.01436	0.01270	0.00797	0.00929	0.00671	0.00528	0.00457	0.00132	0.00902	0.00330	0.00264	0.00610
11	0.01158	0.00972	0.01122	0.00808	0.01267	0.00774	0.00649	0.07855	0.01199	0.01835	0.00954	0.01095	0.00781	0.00406	0.00397	0.00084	0.00402	0.00322	0.00327	0.77592
12	0.02934	0.17478	0.04252	0.01416	0.09501	0.42957	0.01058	0.03417	0.04301	0.03902	0.00906	0.01038	0.00745	0.00535	0.00496	0.00140	0.03613	0.00361	0.00284	0.00666
