[name]
unknown

[dist]
# distance from previous block
# <min> <max>
0	40

[block]
# block no. 0 follows, 42 sequences, length 20
# corresponding to MSA columns:
# 40-59
name=unknown_A
#
# <colnr> <probs for GDERKNQSTAVLIFYWHMCP>
#	G	D	E	R	K	N	Q	S	T	A	V	L	I	F	Y	W	H	M	C	P
0	0.01241	0.00878	0.01104	0.11346	0.01546	0.00916	0.00852	0.06396	0.15827	0.11046	0.05468	0.14560	0.11482	0.01067	0.00630	0.00198	0.00466	0.10904	0.00516	0.03556
1	0.08669	0.26043	0.01757	0.01148	0.06032	0.12283	0.00892	0.09243	0.01368	0.01817	0.05150	0.11309	0.02985	0.00762	0.00529	0.00159	0.02992	0.00583	0.05605	0.00674
2	0.01042	0.00684	0.00923	0.00869	0.01026	0.00723	0.00664	0.03371	0.02740	0.09500	0.01929	0.05208	0.06243	0.12305	0.46584	0.00650	0.01078	0.00685	0.00385	0.03392
3	0.14982	0.01343	0.01456	0.01200	0.04669	0.01421	0.00939	0.41252	0.04473	0.08774	0.01296	0.01326	0.00941	0.00610	0.00508	0.00158	0.00545	0.00458	0.00494	0.13155
4	0.01312	0.12160	0.14220	0.15998	0.26610	0.03908	0.09627	0.01680	0.01209	0.01640	0.00986	0.01306	0.00796	0.00545	0.00620	0.00173	0.05703	0.00474	0.00261	0.00772
5	0.01419	0.01165	0.01262	0.01065	0.01434	0.01238	0.00839	0.08706	0.48285	0.04461	0.02039	0.01937	0.04002	0.00700	0.00540	0.00165	0.00449	0.00575	0.00521	0.19198
6	0.01316	0.01442	0.02460	0.19366	0.02735	0.08181	0.36059	0.01664	0.01207	0.01587	0.00999	0.01409	0.00795	0.00612	0.00879	0.00197	0.17569	0.00564	0.00269	0.00689
7	0.01063	0.01000	0.01688	0.78870	0.03876	0.01250	0.01563	0.01438	0.01125	0.01438	0.01000	0.01500	0.00750	0.00563	0.00563	0.00188	0.00750	0.00500	0.00250	0.00625
8	0.00716	0.00568	0.00634	0.00623	0.00780	0.00496	0.00459	0.00889	0.01353	0.01734	0.28217	0.07230	0.47563	0.05305	0.00777	0.00205	0.00293	0.01127	0.00545	0.00486
9	0.00778	0.00569	0.00730	0.00701	0.00832	0.00521	0.00522	0.01022	0.01532	0.02139	0.65501	0.09328	0.11292	0.01215	0.00667	0.00182	0.00271	0.01071	0.00605	0.00521
10	0.00696	0.00494	0.00650	0.00770	0.00800	0.00464	0.00508	0.00786	0.01057	0.01409	0.02994	0.73703	0.03587	0.08099	0.00892	0.00254	0.00344	0.01537	0.00508	0.00448
11	0.00705	0.00502	0.00667	0.00792	0.00830	0.00473	0.00539	0.00809	0.01080	0.01438	0.03040	0.72118	0.03623	0.04973	0.00810	0.00243	0.00348	0.06039	0.00515	0.00456
12	0.00720	0.00585	0.00642	0.00644	0.00814	0.00515	0.00485	0.00924	0.03123	0.01688	0.19414	0.09797	0.52913	0.01381	0.00671	0.00193	0.00297	0.04155	0.00543	0.00497
13	0.01505	0.80561	0.02949	0.00963	0.01444	0.02227	0.00963	0.01685	0.01143	0.01324	0.00782	0.00903	0.00722	0.00481	0.00361	0.00120	0.00602	0.00301	0.00241	0.00722
14	0.00706	0.00506	0.00671	0.00770	0.00821	0.00471	0.00524	0.00835	0.01173	0.01589	0.16746	0.65775	0.04018	0.01649	0.00708	0.00219	0.00315	0.01492	0.00540	0.00471
15	0.01601	0.19150	0.01810	0.01235	0.01486	0.26748	0.03173	0.01730	0.01228	0.06087	0.01057	0.04985	0.00961	0.00937	0.03537	0.07332	0.15530	0.00473	0.00304	0.00634
16	0.01297	0.01077	0.01237	0.00895	0.01389	0.00883	0.00721	0.11219	0.01364	0.02062	0.01047	0.01192	0.00850	0.00451	0.00436	0.00095	0.00444	0.00357	0.00364	0.72620
17	0.00764	0.00547	0.00704	0.00789	0.00847	0.00523	0.00537	0.03898	0.01183	0.01591	0.10441	0.65087	0.03686	0.05550	0.00813	0.00237	0.00343	0.01456	0.00525	0.00480
18	0.04751	0.00751	0.07239	0.00844	0.00973	0.00601	0.00663	0.00942	0.01113	0.01562	0.07462	0.56792	0.07231	0.03867	0.00764	0.00226	0.01899	0.01333	0.00485	0.00502
19	0.01254	0.15443	0.01602	0.02669	0.01403	0.05607	0.02083	0.03968	0.07470	0.01670	0.05282	0.04688	0.09961	0.00808	0.00811	0.00168	0.18251	0.00583	0.00362	0.15917

[dist]
# distance from previous block
# <min> <max>
10	23

[block]
# block no. 1 follows, 42 sequences, length 10
# corresponding to MSA columns:
# 83-92
name=unknown_B
#
# <colnr> <probs for GDERKNQSTAVLIFYWHMCP>
#	G	D	E	R	K	N	Q	S	T	A	V	L	I	F	Y	W	H	M	C	P
0	0.02123	0.01019	0.01278	0.01013	0.01394	0.00968	0.00823	0.18152	0.01786	0.47753	0.07305	0.07275	0.04850	0.00824	0.00586	0.00177	0.00477	0.00679	0.00643	0.00875
1	0.01519	0.04213	0.12335	0.10882	0.18687	0.02953	0.05016	0.09819	0.17637	0.09104	0.01444	0.01557	0.01073	0.00607	0.00557	0.00176	0.00648	0.00524	0.00402	0.00848
2	0.01574	0.01235	0.01444	0.13987	0.07320	0.05085	0.01054	0.14996	0.26300	0.10958	0.02052	0.02041	0.07982	0.00739	0.00572	0.00180	0.00560	0.00609	0.00493	0.00818
3	0.00734	0.00548	0.00687	0.00752	0.00844	0.00491	0.00513	0.00845	0.01095	0.01462	0.03150	0.59360	0.12160	0.06195	0.00811	0.00229	0.00342	0.01391	0.00495	0.07894
4	0.00919	0.00635	0.00773	0.00832	0.00915	0.03112	0.00581	0.01029	0.01137	0.08192	0.02954	0.61413	0.06864	0.04213	0.00804	0.00230	0.02989	0.01383	0.00515	0.00511
5	0.02075	0.01404	0.01525	0.03848	0.01693	0.05385	0.00998	0.42448	0.09921	0.20213	0.01659	0.03574	0.01190	0.00709	0.00566	0.00173	0.00586	0.00555	0.00569	0.00910
6	0.01227	0.00706	0.00834	0.00755	0.00874	0.00696	0.00504	0.07774	0.01139	0.14680	0.01909	0.08613	0.01954	0.53533	0.02101	0.00424	0.00525	0.00802	0.00436	0.00513
7	0.01518	0.01200	0.03967	0.01000	0.01470	0.01040	0.00834	0.22040	0.01611	0.08039	0.01294	0.05098	0.01047	0.00580	0.00488	0.00125	0.00488	0.00464	0.00431	0.47266
8	0.01341	0.01108	0.01316	0.03698	0.01521	0.00988	0.02503	0.15385	0.04764	0.02150	0.01220	0.04734	0.01021	0.00547	0.00476	0.00117	0.00477	0.00449	0.00392	0.55793
9	0.01089	0.00766	0.00906	0.00883	0.01038	0.00774	0.00643	0.17998	0.01463	0.04448	0.02819	0.49181	0.08973	0.05258	0.00777	0.00225	0.00407	0.01240	0.00529	0.00585

[dist]
# distance from previous block
# <min> <max>
1	4

[block]
# block no. 2 follows, 42 sequences, length 23
# corresponding to MSA columns:
# 101-123
name=unknown_C
#
# <colnr> <probs for GDERKNQSTAVLIFYWHMCP>
#	G	D	E	R	K	N	Q	S	T	A	V	L	I	F	Y	W	H	M	C	P
0	0.02042	0.01485	0.01659	0.08206	0.01913	0.01648	0.01097	0.62919	0.04373	0.06877	0.01386	0.01411	0.00980	0.00669	0.00563	0.00171	0.00620	0.00512	0.00542	0.00926
1	0.00729	0.00535	0.00699	0.00788	0.00862	0.00483	0.00535	0.00840	0.01085	0.01472	0.02914	0.72827	0.03464	0.01643	0.00691	0.00216	0.00335	0.01487	0.00506	0.07889
2	0.01123	0.00778	0.00862	0.00782	0.00895	0.00814	0.00528	0.17950	0.01281	0.01738	0.01797	0.09871	0.01915	0.50985	0.02021	0.00410	0.00529	0.00802	0.04414	0.00503
3	0.02186	0.01127	0.01370	0.01083	0.01482	0.01116	0.00881	0.25861	0.05217	0.43240	0.02021	0.08703	0.01475	0.00788	0.00579	0.00178	0.00509	0.00642	0.00632	0.00910
4	0.05273	0.00609	0.00705	0.00684	0.00750	0.00608	0.00432	0.01043	0.00925	0.08159	0.01869	0.10114	0.02032	0.58347	0.05765	0.00480	0.00558	0.00829	0.00388	0.00429
5	0.01370	0.01374	0.02223	0.17246	0.51922	0.06099	0.08172	0.01712	0.01276	0.01732	0.01043	0.01400	0.00851	0.00515	0.00565	0.00172	0.00730	0.00507	0.00275	0.00815
6	0.00801	0.00573	0.00693	0.00711	0.00782	0.00531	0.00455	0.00871	0.00968	0.01323	0.02253	0.35902	0.02624	0.37699	0.01671	0.00358	0.00438	0.01097	0.00418	0.09832
7	0.00818	0.00546	0.00614	0.00614	0.00614	0.00546	0.00341	0.00818	0.00818	0.01091	0.01773	0.03683	0.02046	0.80222	0.02864	0.00546	0.00546	0.00818	0.00341	0.00341
8	0.00809	0.00544	0.00614	0.00618	0.00625	0.00540	0.00350	0.00817	0.00842	0.01116	0.01943	0.06306	0.04465	0.75076	0.02722	0.00524	0.00530	0.00856	0.00353	0.00349
9	0.02139	0.01576	0.01689	0.01295	0.01745	0.01745	0.01070	0.74835	0.02646	0.03547	0.01351	0.01351	0.00957	0.00676	0.00563	0.00169	0.00619	0.00507	0.00563	0.00957
10	0.02139	0.01576	0.01689	0.01295	0.01745	0.01745	0.01070	0.74835	0.02646	0.03547	0.01351	0.01351	0.00957	0.00676	0.00563	0.00169	0.00619	0.00507	0.00563	0.00957
11	0.00686	0.00490	0.00653	0.00784	0.00816	0.00457	0.00522	0.00784	0.01077	0.01437	0.03102	0.79855	0.03722	0.01763	0.00718	0.00229	0.00326	0.01600	0.00522	0.00457
12	0.02079	0.01540	0.01656	0.01266	0.01719	0.01683	0.01044	0.70249	0.02554	0.03440	0.01329	0.01340	0.00949	0.00659	0.00554	0.00164	0.00607	0.00496	0.00549	0.06123
13	0.01322	0.01092	0.01250	0.00907	0.01399	0.00908	0.00731	0.13096	0.01402	0.02106	0.01056	0.01196	0.00853	0.00458	0.00440	0.00097	0.00449	0.00361	0.00370	0.70506
14	0.00720	0.00563	0.00698	0.00760	0.00837	0.00546	0.00535	0.00835	0.01130	0.01469	0.05661	0.49828	0.24153	0.03616	0.00827	0.00225	0.05245	0.01378	0.00503	0.00471
15	0.00791	0.03672	0.00941	0.16345	0.01446	0.00685	0.00739	0.00951	0.01106	0.01439	0.02807	0.55092	0.08983	0.01447	0.00669	0.00213	0.00418	0.01297	0.00457	0.00502
16	0.02063	0.01523	0.01629	0.01263	0.01696	0.01688	0.01039	0.68379	0.06906	0.03433	0.01421	0.01418	0.01017	0.00680	0.00558	0.00169	0.00598	0.00515	0.03066	0.00940
17	0.01861	0.01309	0.01432	0.01139	0.01500	0.01424	0.00910	0.48894	0.09460	0.08862	0.04453	0.01904	0.01386	0.11803	0.00889	0.00224	0.00567	0.00587	0.00546	0.00848
18	0.02162	0.01540	0.01666	0.01278	0.01727	0.01691	0.01055	0.70587	0.02585	0.07881	0.01402	0.01384	0.00983	0.00677	0.00563	0.00169	0.00611	0.00510	0.00571	0.00957
19	0.01387	0.01090	0.01669	0.14095	0.32709	0.01132	0.01274	0.05022	0.07942	0.10744	0.06000	0.11342	0.01613	0.00758	0.00587	0.00181	0.00571	0.00686	0.00412	0.00786
20	0.00700	0.00518	0.00655	0.00734	0.00810	0.00472	0.00507	0.00833	0.01196	0.01584	0.15414	0.54696	0.16608	0.01605	0.00700	0.00214	0.00309	0.01434	0.00538	0.00472
21	0.01402	0.01280	0.01493	0.07684	0.01704	0.07815	0.03423	0.14970	0.01409	0.01950	0.01152	0.06769	0.01024	0.00704	0.00786	0.00160	0.16705	0.00514	0.00359	0.28696
22	0.03232	0.01458	0.04054	0.24655	0.06450	0.16690	0.01164	0.10903	0.02669	0.05918	0.01366	0.01643	0.04534	0.04237	0.00642	0.00181	0.00695	0.00504	0.00356	0.08650

[dist]
# distance from previous block
# <min> <max>
3	10

[block]
# block no. 3 follows, 42 sequences, length 18
# corresponding to MSA columns:
# 134-140,149-159
name=unknown_D
#
# <colnr> <probs for GDERKNQSTAVLIFYWHMCP>
#	G	D	E	R	K	N	Q	S	T	A	V	L	I	F	Y	W	H	M	C	P
0	0.00790	0.00594	0.00761	0.00817	0.00885	0.00590	0.00569	0.03148	0.01131	0.01526	0.05889	0.58675	0.06978	0.06574	0.00901	0.00239	0.04926	0.01367	0.00494	0.03146
1	0.07258	0.01406	0.01516	0.01176	0.01603	0.01522	0.00967	0.55266	0.03937	0.11111	0.01438	0.01427	0.01016	0.00660	0.00538	0.00166	0.00566	0.00498	0.04237	0.03694
2	0.00818	0.00546	0.00614	0.00614	0.00614	0.00546	0.00341	0.00818	0.00818	0.01091	0.01773	0.03683	0.02046	0.80222	0.02864	0.00546	0.00546	0.00818	0.00341	0.00341
3	0.01716	0.44196	0.02328	0.01192	0.01562	0.31620	0.01032	0.01878	0.01297	0.01347	0.00813	0.00972	0.00725	0.00558	0.00532	0.00140	0.06806	0.00340	0.00260	0.00687
4	0.04135	0.00904	0.01223	0.13375	0.01573	0.01092	0.00933	0.06117	0.01115	0.01602	0.01724	0.28977	0.01869	0.04538	0.01087	0.00230	0.24128	0.00887	0.01971	0.02521
5	0.01203	0.01068	0.01380	0.01027	0.01447	0.00951	0.05415	0.03397	0.01165	0.01790	0.01003	0.01272	0.00858	0.02691	0.00704	0.00128	0.11516	0.00395	0.00325	0.62267
6	0.05012	0.09008	0.05392	0.01163	0.01594	0.09388	0.00991	0.31884	0.07044	0.06729	0.01352	0.04681	0.01065	0.00654	0.00516	0.00156	0.00603	0.00496	0.00456	0.11817
7	0.01550	0.05390	0.08174	0.01448	0.01939	0.01301	0.20936	0.18173	0.05279	0.09125	0.05298	0.01592	0.01197	0.00675	0.02386	0.00179	0.00674	0.00546	0.00419	0.13720
8	0.01476	0.01162	0.01255	0.01115	0.01437	0.01315	0.00871	0.02893	0.66243	0.08955	0.05191	0.02166	0.01830	0.00773	0.00576	0.00189	0.00441	0.00645	0.00585	0.00883
9	0.00785	0.00522	0.00689	0.00781	0.00830	0.00495	0.00525	0.00883	0.01063	0.04643	0.02839	0.64313	0.03323	0.10389	0.04821	0.00295	0.00416	0.01420	0.00499	0.00468
10	0.01402	0.12040	0.12051	0.07923	0.01736	0.09396	0.03906	0.01683	0.01313	0.12124	0.09785	0.03288	0.08553	0.00748	0.00628	0.00167	0.05811	0.00590	0.00391	0.06466
11	0.01925	0.01417	0.01572	0.03593	0.01696	0.01575	0.01028	0.59098	0.04133	0.05072	0.01528	0.08822	0.01234	0.00790	0.00628	0.00179	0.03669	0.00614	0.00541	0.00885
12	0.00689	0.00505	0.00648	0.00751	0.00810	0.00464	0.00510	0.00803	0.01135	0.01495	0.07703	0.65566	0.13488	0.01683	0.00708	0.00220	0.00317	0.01511	0.00528	0.00464
13	0.01932	0.01356	0.01628	0.06057	0.04489	0.01469	0.03893	0.38842	0.16835	0.15077	0.01640	0.01609	0.01161	0.00676	0.00569	0.00176	0.00584	0.00548	0.00547	0.00914
14	0.01286	0.04584	0.18135	0.12036	0.07777	0.03928	0.11519	0.04522	0.05020	0.01758	0.01057	0.01330	0.00833	0.00589	0.00717	0.00173	0.11497	0.00475	0.00295	0.12468
15	0.01366	0.00895	0.01034	0.00935	0.01184	0.00925	0.00712	0.04724	0.27828	0.16646	0.07024	0.16610	0.10263	0.06279	0.00764	0.00216	0.00416	0.00885	0.00569	0.00726
16	0.00740	0.00572	0.00793	0.11791	0.01243	0.00573	0.00660	0.00886	0.01119	0.01468	0.05081	0.59065	0.10821	0.01542	0.00689	0.00217	0.00380	0.01386	0.00487	0.00485
17	0.03208	0.16236	0.01786	0.16652	0.01995	0.13125	0.01085	0.15881	0.07717	0.08497	0.01236	0.01435	0.00964	0.03697	0.00658	0.00180	0.04045	0.00469	0.00385	0.00750

[dist]
# distance from previous block
# <min> <max>
11	22

[block]
# block no. 4 follows, 42 sequences, length 22
# corresponding to MSA columns:
# 182-203
name=unknown_E
#
# <colnr> <probs for GDERKNQSTAVLIFYWHMCP>
#	G	D	E	R	K	N	Q	S	T	A	V	L	I	F	Y	W	H	M	C	P
0	0.01382	0.01281	0.01871	0.38224	0.22103	0.08388	0.05202	0.03468	0.01289	0.06471	0.01097	0.01438	0.00839	0.00549	0.00555	0.00173	0.00730	0.00494	0.00303	0.04144
1	0.13572	0.01102	0.03588	0.01012	0.01439	0.01010	0.00857	0.11836	0.01642	0.52528	0.04385	0.01760	0.01341	0.00680	0.00538	0.00174	0.00495	0.00533	0.00615	0.00892
2	0.04132	0.01139	0.01256	0.01033	0.01339	0.01234	0.00828	0.39610	0.01950	0.04840	0.07364	0.09162	0.03107	0.02166	0.02509	0.00195	0.03071	0.00662	0.11908	0.02495
3	0.01415	0.01352	0.01366	0.01215	0.01364	0.16359	0.00958	0.12975	0.01354	0.01780	0.01410	0.15440	0.01393	0.01100	0.04152	0.00228	0.27426	0.00675	0.07404	0.00636
4	0.00876	0.00690	0.00801	0.00803	0.00950	0.00695	0.00583	0.01355	0.18158	0.01836	0.20456	0.28088	0.16319	0.04817	0.00758	0.00215	0.00342	0.01138	0.00548	0.00571
5	0.02212	0.00973	0.01264	0.01009	0.01389	0.00896	0.00816	0.12042	0.01672	0.56552	0.02230	0.12940	0.01667	0.00846	0.00587	0.00181	0.00476	0.00705	0.00654	0.00886
6	0.06088	0.07017	0.08838	0.01629	0.15872	0.01317	0.05012	0.16338	0.01588	0.22492	0.01420	0.01479	0.01014	0.00612	0.00573	0.00170	0.03095	0.00497	0.04092	0.00858
7	0.02089	0.01582	0.01638	0.01279	0.01704	0.06218	0.01048	0.65247	0.02478	0.05378	0.01354	0.01385	0.00975	0.00826	0.03960	0.00200	0.00678	0.00504	0.00539	0.00919
8	0.00718	0.00527	0.00680	0.00783	0.00857	0.00489	0.00561	0.00852	0.01161	0.01519	0.06728	0.55385	0.14587	0.01657	0.00716	0.00225	0.00344	0.11215	0.00526	0.00471
9	0.01037	0.00781	0.01073	0.21922	0.01771	0.00847	0.00871	0.06005	0.06568	0.05240	0.07609	0.33504	0.05331	0.01153	0.00632	0.00200	0.00467	0.01021	0.03371	0.00597
10	0.01328	0.01518	0.03321	0.02372	0.02941	0.01423	0.74668	0.01803	0.01328	0.01803	0.01139	0.01518	0.00854	0.00474	0.00664	0.00190	0.00949	0.00664	0.00285	0.00759
11	0.00689	0.00501	0.00650	0.00760	0.00812	0.00462	0.00514	0.00799	0.01121	0.01483	0.06758	0.69227	0.10747	0.01702	0.00711	0.00222	0.00320	0.01533	0.00527	0.00462
12	0.06826	0.01037	0.14838	0.00899	0.01168	0.00718	0.00832	0.01205	0.01323	0.04083	0.30092	0.19944	0.10065	0.01151	0.00631	0.00192	0.00412	0.03503	0.00499	0.00583
13	0.01185	0.03303	0.01597	0.03591	0.01463	0.04216	0.01128	0.01323	0.00922	0.01358	0.00994	0.06925	0.01015	0.01310	0.08916	0.00299	0.59013	0.00573	0.00273	0.00598
14	0.01458	0.70886	0.12213	0.01043	0.01568	0.02112	0.01102	0.01697	0.01149	0.01381	0.00811	0.00938	0.00721	0.00488	0.00383	0.00128	0.00630	0.00315	0.00240	0.00736
15	0.00855	0.00636	0.00920	0.00904	0.01001	0.00751	0.00707	0.01058	0.00929	0.01387	0.01490	0.02137	0.01367	0.03662	0.65470	0.00786	0.06376	0.00588	0.08464	0.00512
16	0.12624	0.03013	0.01227	0.00933	0.01326	0.01023	0.00765	0.14877	0.01593	0.30976	0.05030	0.01794	0.03926	0.00669	0.00507	0.00157	0.00461	0.00522	0.06454	0.12120
17	0.00978	0.00489	0.00733	0.00733	0.00733	0.00489	0.00489	0.00733	0.00733	0.00978	0.00978	0.01711	0.00978	0.01955	0.02199	0.83627	0.00489	0.00489	0.00244	0.00244
18	0.01369	0.32898	0.41185	0.01341	0.01985	0.09138	0.01551	0.01790	0.01211	0.01566	0.00908	0.01061	0.00718	0.00519	0.00465	0.00153	0.00761	0.00366	0.00244	0.00772
19	0.01420	0.02948	0.04844	0.01143	0.01534	0.02604	0.07739	0.13910	0.03367	0.08298	0.01548	0.07655	0.03760	0.05138	0.00747	0.00175	0.05598	0.00588	0.00413	0.26570
20	0.03368	0.14831	0.16443	0.02527	0.01523	0.01235	0.02671	0.06701	0.01348	0.03791	0.17897	0.04493	0.03137	0.00768	0.00647	0.00167	0.07590	0.00601	0.04246	0.06018
21	0.04083	0.06752	0.06575	0.00911	0.01252	0.02959	0.00795	0.09683	0.03422	0.04254	0.11357	0.03006	0.22673	0.00921	0.00593	0.00166	0.02098	0.04248	0.00457	0.13794

[dist]
# distance from previous block
# <min> <max>
0	15

[block]
# block no. 5 follows, 42 sequences, length 18
# corresponding to MSA columns:
# 226-229,233-246
name=unknown_F
#
# <colnr> <probs for GDERKNQSTAVLIFYWHMCP>
#	G	D	E	R	K	N	Q	S	T	A	V	L	I	F	Y	W	H	M	C	P
0	0.08832	0.02600	0.00988	0.00839	0.01084	0.05151	0.00638	0.12173	0.01407	0.02021	0.11047	0.14199	0.09379	0.08838	0.00778	0.00202	0.00443	0.00778	0.06194	0.12407
1	0.10227	0.06874	0.02547	0.00897	0.01163	0.02461	0.02631	0.04430	0.02589	0.05554	0.04683	0.10668	0.03062	0.19019	0.01108	0.00248	0.04101	0.00667	0.00391	0.16678
2	0.10188	0.12021	0.03512	0.02984	0.12836	0.01074	0.02899	0.01479	0.02380	0.07690	0.08001	0.14265	0.07549	0.02798	0.00620	0.00184	0.01864	0.00738	0.06259	0.00658
3	0.00906	0.00682	0.00932	0.04861	0.01135	0.00627	0.04637	0.01146	0.01397	0.04451	0.37026	0.07811	0.18063	0.02812	0.00675	0.00183	0.00359	0.00943	0.05151	0.06205
4	0.01346	0.01160	0.01616	0.28179	0.09482	0.01221	0.03386	0.15374	0.05528	0.02037	0.01157	0.01421	0.00894	0.00622	0.02094	0.00169	0.00634	0.00472	0.00354	0.22855
5	0.01614	0.01407	0.05844	0.07770	0.04408	0.01329	0.04826	0.34839	0.01849	0.02575	0.01169	0.01305	0.00879	0.00559	0.00519	0.00144	0.00595	0.00453	0.00421	0.27492
6	0.02104	0.02626	0.01600	0.01442	0.01740	0.74078	0.01086	0.05947	0.01648	0.01488	0.00894	0.01032	0.00737	0.00585	0.00510	0.00146	0.00995	0.00370	0.00304	0.00668
7	0.00686	0.00490	0.00653	0.00784	0.00816	0.00457	0.00522	0.00784	0.01077	0.01437	0.03102	0.79855	0.03722	0.01763	0.00718	0.00229	0.00326	0.01600	0.00522	0.00457
8	0.00887	0.00597	0.00754	0.00708	0.00866	0.00538	0.00533	0.01120	0.01517	0.07205	0.55732	0.07727	0.17301	0.01195	0.00660	0.00181	0.00286	0.01043	0.00604	0.00547
9	0.00799	0.00568	0.00706	0.00698	0.00826	0.00515	0.00508	0.00995	0.01401	0.03980	0.43202	0.18314	0.19060	0.04932	0.00772	0.00206	0.00299	0.01138	0.00571	0.00509
10	0.00714	0.00511	0.00676	0.00792	0.00840	0.00481	0.00548	0.00830	0.01113	0.01479	0.05737	0.65673	0.05861	0.04388	0.00793	0.00239	0.00348	0.07997	0.00519	0.00462
11	0.00797	0.00540	0.00617	0.00632	0.00643	0.00533	0.00365	0.00814	0.00866	0.01147	0.02072	0.12626	0.04972	0.68185	0.02534	0.00496	0.00510	0.00923	0.00369	0.00359
12	0.01969	0.01492	0.01593	0.01260	0.01680	0.01666	0.01029	0.58332	0.19426	0.03273	0.01567	0.01523	0.01132	0.00696	0.00565	0.00174	0.00579	0.00536	0.00565	0.00942
13	0.01376	0.01055	0.01279	0.01028	0.05578	0.00859	0.00769	0.06653	0.01318	0.09119	0.01144	0.01264	0.00899	0.00466	0.00449	0.00103	0.00451	0.00377	0.00381	0.65434
14	0.01210	0.00720	0.00853	0.00770	0.00992	0.00660	0.00589	0.06620	0.01428	0.17934	0.12175	0.10831	0.30924	0.08261	0.00841	0.00221	0.00383	0.03423	0.00558	0.00608
15	0.01516	0.00959	0.01104	0.00912	0.01188	0.00983	0.00716	0.22947	0.01623	0.12970	0.05602	0.02226	0.04791	0.11065	0.06263	0.00259	0.02379	0.00607	0.15101	0.06789
16	0.01229	0.05676	0.17438	0.28621	0.05263	0.05451	0.07044	0.03463	0.06009	0.01729	0.03168	0.01592	0.01027	0.00594	0.00544	0.00173	0.00708	0.01811	0.04935	0.03526
17	0.04489	0.12028	0.01570	0.01074	0.01406	0.01498	0.00871	0.42638	0.01906	0.02571	0.01388	0.04400	0.01231	0.17454	0.01048	0.00246	0.02392	0.00574	0.00456	0.00759

[dist]
# distance from previous block
# <min> <max>
12	28

[block]
# block no. 6 follows, 42 sequences, length 26
# corresponding to MSA columns:
# 276-301
name=unknown_G
#
# <colnr> <probs for GDERKNQSTAVLIFYWHMCP>
#	G	D	E	R	K	N	Q	S	T	A	V	L	I	F	Y	W	H	M	C	P
0	0.00799	0.00541	0.00631	0.00644	0.00660	0.00533	0.00382	0.00836	0.00922	0.01242	0.08775	0.13448	0.02559	0.62976	0.02389	0.00471	0.00492	0.00936	0.00390	0.00373
1	0.05491	0.03008	0.01463	0.27614	0.02228	0.05015	0.01105	0.21764	0.03192	0.02126	0.04796	0.07875	0.01333	0.02739	0.03110	0.00213	0.03587	0.00607	0.02039	0.00695
2	0.23648	0.06830	0.28091	0.01569	0.10946	0.01391	0.07052	0.08452	0.01292	0.04375	0.01018	0.01184	0.00761	0.00537	0.00490	0.00172	0.00670	0.00421	0.00320	0.00782
3	0.00816	0.00593	0.00701	0.00697	0.00804	0.00572	0.00492	0.02180	0.02905	0.01731	0.25432	0.17160	0.18187	0.16941	0.01111	0.00260	0.01874	0.01054	0.06006	0.00485
4	0.00811	0.00542	0.00616	0.00624	0.00625	0.00541	0.00351	0.00816	0.00833	0.01111	0.01849	0.08053	0.02142	0.75720	0.02741	0.00527	0.00533	0.00863	0.00351	0.00348
5	0.32247	0.08869	0.14563	0.05393	0.02999	0.01327	0.02119	0.09267	0.01307	0.11304	0.03523	0.01306	0.00951	0.00646	0.01862	0.00183	0.00587	0.00424	0.00383	0.00740
6	0.04194	0.01393	0.01310	0.01080	0.01426	0.17280	0.03186	0.17171	0.03204	0.05039	0.04575	0.07473	0.01346	0.00689	0.00513	0.00147	0.00577	0.00547	0.09085	0.19766
7	0.00962	0.00611	0.00799	0.00735	0.00897	0.00557	0.00557	0.01214	0.01568	0.09718	0.64360	0.06447	0.07130	0.01133	0.00656	0.00179	0.00289	0.00997	0.00621	0.00570
8	0.01747	0.03490	0.01697	0.25240	0.09299	0.32940	0.01264	0.07486	0.01494	0.08533	0.01085	0.01304	0.00827	0.00583	0.00535	0.00164	0.00814	0.00446	0.00334	0.00719
9	0.01473	0.34117	0.16720	0.15536	0.02130	0.09280	0.01300	0.05715	0.03492	0.03984	0.00996	0.01171	0.00789	0.00542	0.00470	0.00153	0.00707	0.00395	0.00288	0.00743
10	0.05487	0.01011	0.01357	0.23850	0.02092	0.01072	0.01024	0.13349	0.02786	0.27389	0.02986	0.09939	0.03627	0.00787	0.00575	0.00184	0.00553	0.00660	0.00502	0.00770
11	0.00782	0.00534	0.00640	0.00675	0.00690	0.00530	0.00410	0.00819	0.00893	0.01196	0.02116	0.24088	0.02462	0.54984	0.06377	0.00480	0.00539	0.01017	0.00388	0.00381
12	0.09995	0.14682	0.01430	0.00957	0.01267	0.04157	0.02088	0.11095	0.08319	0.08433	0.22868	0.02216	0.02260	0.00937	0.04294	0.00200	0.00522	0.00616	0.02961	0.00702
13	0.03836	0.09907	0.01670	0.01185	0.01586	0.13668	0.03272	0.29320	0.01883	0.19925	0.01521	0.01553	0.02776	0.02872	0.00595	0.00172	0.00637	0.00501	0.02290	0.00832
14	0.01166	0.01114	0.01712	0.53959	0.17678	0.05119	0.01480	0.01497	0.01176	0.01522	0.01162	0.01588	0.02959	0.00612	0.00596	0.02186	0.00715	0.00513	0.02585	0.00662
15	0.25408	0.43652	0.02110	0.00964	0.01395	0.04928	0.00881	0.11805	0.01316	0.01979	0.00865	0.00972	0.00722	0.00524	0.00391	0.00144	0.00573	0.00333	0.00318	0.00719
16	0.00687	0.00565	0.00605	0.00608	0.00777	0.00482	0.00451	0.00845	0.01314	0.01627	0.16411	0.11146	0.59712	0.01410	0.00669	0.00191	0.00285	0.01194	0.00538	0.00482
17	0.01242	0.01295	0.02195	0.04300	0.01998	0.01582	0.24190	0.01483	0.01022	0.01499	0.00931	0.03290	0.00850	0.00831	0.01406	0.00226	0.50162	0.00574	0.00265	0.00657
18	0.00838	0.00533	0.00628	0.00650	0.00713	0.00517	0.00431	0.00972	0.01110	0.01628	0.16234	0.20986	0.02910	0.28484	0.01373	0.00305	0.00376	0.00968	0.19896	0.00447
19	0.04375	0.01237	0.01302	0.01054	0.01400	0.01364	0.00854	0.44767	0.10332	0.02992	0.01568	0.01621	0.01161	0.00675	0.00512	0.00161	0.00498	0.00519	0.22785	0.00822
20	0.00978	0.00489	0.00733	0.00733	0.00733	0.00489	0.00489	0.00733	0.00733	0.00978	0.00978	0.01711	0.00978	0.01955	0.02199	0.83627	0.00489	0.00489	0.00244	0.00244
21	0.03723	0.00591	0.00661	0.00638	0.00808	0.00528	0.00480	0.00952	0.01410	0.01886	0.37143	0.04712	0.41935	0.01270	0.00653	0.00184	0.00282	0.01080	0.00560	0.00505
22	0.11323	0.44380	0.02201	0.01013	0.01453	0.07908	0.00919	0.08602	0.01375	0.14557	0.01086	0.01126	0.00845	0.00548	0.00425	0.00142	0.00596	0.00370	0.00364	0.00765
23	0.00789	0.00573	0.00743	0.00705	0.00837	0.00527	0.00527	0.01045	0.01568	0.02208	0.71882	0.06125	0.08005	0.01176	0.00665	0.00179	0.00268	0.01039	0.00613	0.00527
24	0.11351	0.05992	0.01777	0.11904	0.26189	0.13733	0.01256	0.06707	0.01355	0.05692	0.01147	0.01367	0.02617	0.00583	0.00563	0.00166	0.03691	0.00459	0.00329	0.03121
25	0.12079	0.10747	0.01432	0.01030	0.01304	0.03890	0.00842	0.21817	0.01471	0.04830	0.01253	0.01653	0.01077	0.09972	0.11812	0.00315	0.08926	0.00501	0.04365	0.00685

[dist]
# distance from previous block
# <min> <max>
0	19

[block]
# block no. 7 follows, 42 sequences, length 43
# corresponding to MSA columns:
# 324-366
name=unknown_H
#
# <colnr> <probs for GDERKNQSTAVLIFYWHMCP>
#	G	D	E	R	K	N	Q	S	T	A	V	L	I	F	Y	W	H	M	C	P
0	0.11588	0.02727	0.04022	0.05444	0.13276	0.00987	0.00910	0.03407	0.05621	0.10613	0.04268	0.04137	0.08683	0.02867	0.00840	0.11110	0.02452	0.00606	0.05790	0.00652
1	0.06930	0.01152	0.01287	0.04882	0.04040	0.01256	0.00875	0.37630	0.03697	0.02637	0.03746	0.09547	0.04898	0.06604	0.01752	0.00212	0.00537	0.00673	0.06898	0.00748
2	0.28695	0.01460	0.16412	0.05003	0.03105	0.01238	0.01080	0.15055	0.03247	0.04236	0.06786	0.03674	0.01329	0.00755	0.01720	0.00192	0.00576	0.04309	0.00406	0.00724
3	0.18800	0.00712	0.00791	0.00838	0.03825	0.00732	0.00577	0.01148	0.01044	0.04265	0.04272	0.13370	0.07636	0.25070	0.01329	0.03530	0.00457	0.09059	0.02052	0.00493
4	0.00743	0.00533	0.00632	0.00675	0.00731	0.00501	0.00437	0.00826	0.01061	0.01393	0.09611	0.31004	0.15937	0.31597	0.01523	0.00338	0.00397	0.01177	0.00462	0.00423
5	0.10411	0.10162	0.26969	0.27145	0.08152	0.01375	0.03508	0.01629	0.01149	0.01705	0.00999	0.01346	0.00777	0.00551	0.00514	0.00176	0.00722	0.01722	0.00264	0.00724
6	0.04184	0.09180	0.01677	0.23644	0.07656	0.13052	0.01164	0.14620	0.05905	0.01944	0.01359	0.01564	0.04554	0.00639	0.00552	0.00168	0.02390	0.00497	0.04530	0.00720
7	0.52724	0.01088	0.02886	0.00850	0.01227	0.01123	0.00717	0.04334	0.01231	0.23114	0.04980	0.01376	0.01074	0.00607	0.00436	0.00174	0.00455	0.00422	0.00462	0.00719
8	0.00769	0.00595	0.00666	0.00645	0.00821	0.00525	0.00485	0.00990	0.03330	0.03471	0.28326	0.06838	0.47903	0.01312	0.00661	0.00187	0.00288	0.01115	0.00559	0.00514
9	0.05614	0.01096	0.01587	0.41858	0.11942	0.01283	0.01336	0.04667	0.17220	0.01836	0.01386	0.01821	0.01100	0.00650	0.00563	0.00188	0.00641	0.04135	0.00354	0.00722
10	0.03690	0.08015	0.26644	0.09592	0.12642	0.08429	0.01529	0.16904	0.01515	0.02056	0.01043	0.01239	0.00792	0.00575	0.00564	0.00170	0.03031	0.00441	0.00320	0.00808
11	0.00721	0.00514	0.00666	0.00767	0.00812	0.00485	0.00521	0.00827	0.01091	0.01452	0.06676	0.59231	0.06088	0.11645	0.00989	0.00267	0.00362	0.05932	0.00504	0.00451
12	0.84197	0.01088	0.00827	0.00740	0.01088	0.01262	0.00609	0.01654	0.00958	0.02525	0.00784	0.00914	0.00609	0.00522	0.00348	0.00174	0.00435	0.00305	0.00348	0.00609
13	0.00978	0.00489	0.00733	0.00733	0.00733	0.00489	0.00489	0.00733	0.00733	0.00978	0.00978	0.01711	0.00978	0.01955	0.02199	0.83627	0.00489	0.00489	0.00244	0.00244
14	0.63155	0.01009	0.00897	0.05398	0.01224	0.01160	0.00665	0.04328	0.00998	0.02259	0.00849	0.01090	0.00688	0.00753	0.00657	0.13146	0.00469	0.00353	0.00335	0.00567
15	0.00882	0.00638	0.00735	0.00703	0.00751	0.00669	0.00456	0.03731	0.00962	0.01286	0.02192	0.03570	0.11643	0.57244	0.05009	0.00469	0.05989	0.00819	0.01842	0.00410
16	0.01310	0.00863	0.00908	0.00810	0.01038	0.00938	0.00633	0.14816	0.17437	0.02382	0.01834	0.01969	0.01413	0.00820	0.03463	0.00181	0.00414	0.00548	0.47544	0.00680
17	0.01998	0.01438	0.01558	0.01229	0.01642	0.01585	0.01001	0.54674	0.15830	0.08511	0.01595	0.01589	0.01155	0.02772	0.00625	0.00183	0.00576	0.00543	0.00568	0.00929
18	0.01700	0.01140	0.01286	0.01101	0.01437	0.01232	0.00868	0.15294	0.38506	0.18940	0.02198	0.10318	0.01729	0.00841	0.00585	0.00187	0.00470	0.00702	0.00593	0.00870
19	0.01564	0.63876	0.06065	0.01144	0.04145	0.12330	0.01056	0.01766	0.01211	0.01370	0.00814	0.00948	0.00728	0.00498	0.00395	0.00128	0.00670	0.00321	0.00249	0.00724
20	0.02043	0.01307	0.05199	0.01134	0.01550	0.01269	0.00960	0.35962	0.05449	0.27531	0.01757	0.04264	0.01276	0.03817	0.00652	0.00187	0.00550	0.00577	0.03627	0.00892
21	0.00706	0.00565	0.00631	0.00629	0.00789	0.00490	0.00466	0.00881	0.01358	0.01732	0.26462	0.11243	0.49323	0.01372	0.00669	0.00189	0.00283	0.01172	0.00551	0.00490
22	0.01145	0.00677	0.00865	0.00788	0.00984	0.00627	0.00601	0.01452	0.05899	0.16657	0.43986	0.11896	0.09920	0.01128	0.00645	0.00184	0.00326	0.00984	0.00613	0.00623
23	0.00701	0.00499	0.00658	0.00771	0.00806	0.00471	0.00513	0.00800	0.01073	0.01437	0.05495	0.70246	0.03611	0.07486	0.02342	0.00263	0.00363	0.01504	0.00508	0.00452
24	0.82180	0.01075	0.00820	0.00735	0.01078	0.01245	0.00604	0.01646	0.00963	0.02515	0.00809	0.00943	0.00630	0.00526	0.00349	0.00173	0.00431	0.00310	0.02362	0.00607
25	0.02139	0.01576	0.01689	0.01295	0.01745	0.01745	0.01070	0.74835	0.02646	0.03547	0.01351	0.01351	0.00957	0.00676	0.00563	0.00169	0.00619	0.00507	0.00563	0.00957
26	0.04408	0.00959	0.01246	0.00980	0.01369	0.00875	0.00800	0.08768	0.01671	0.58077	0.11109	0.03723	0.01856	0.00767	0.00575	0.00175	0.00461	0.00630	0.00663	0.00886
27	0.00708	0.00519	0.00655	0.00730	0.00802	0.00477	0.00500	0.00836	0.01182	0.01570	0.15732	0.52122	0.14885	0.05526	0.00808	0.00230	0.00321	0.01401	0.00530	0.00466
28	0.01151	0.00657	0.00850	0.00768	0.00970	0.00589	0.00595	0.01384	0.01526	0.18184	0.45693	0.06539	0.13815	0.01126	0.00649	0.00183	0.00326	0.03767	0.00616	0.00612
29	0.01225	0.01051	0.01270	0.00942	0.01405	0.00880	0.03144	0.05290	0.06079	0.01932	0.01161	0.03524	0.00979	0.00507	0.00485	0.00106	0.02314	0.00413	0.00363	0.66930
30	0.00888	0.00641	0.00734	0.00668	0.00776	0.00586	0.00418	0.00946	0.00903	0.01264	0.01659	0.06113	0.01851	0.60021	0.02255	0.00434	0.00509	0.00745	0.00346	0.18242
31	0.62749	0.01133	0.03615	0.05320	0.01355	0.01210	0.00754	0.01838	0.03597	0.12442	0.01048	0.01132	0.00764	0.00557	0.00404	0.00176	0.00473	0.00366	0.00393	0.00674
32	0.00702	0.00502	0.00672	0.00803	0.00842	0.00471	0.00551	0.00812	0.01094	0.01455	0.03093	0.74339	0.03686	0.01747	0.00723	0.00231	0.00341	0.06952	0.00522	0.00462
33	0.00705	0.00572	0.00626	0.00612	0.00785	0.00492	0.00459	0.00885	0.01378	0.01746	0.27345	0.05045	0.54698	0.01341	0.00665	0.00186	0.00279	0.01136	0.00552	0.00492
34	0.00842	0.00573	0.00843	0.00843	0.00913	0.00644	0.00626	0.00930	0.00860	0.01217	0.01417	0.02230	0.01370	0.10292	0.55230	0.18641	0.01206	0.00597	0.00293	0.00433
35	0.19001	0.01019	0.01094	0.00813	0.01281	0.00860	0.00655	0.01468	0.01122	0.01982	0.00954	0.01113	0.00785	0.00439	0.00402	0.00103	0.00421	0.00327	0.00337	0.65824
36	0.16347	0.01393	0.12195	0.08569	0.09530	0.09054	0.01102	0.01644	0.05272	0.04061	0.03471	0.04084	0.05924	0.01021	0.06827	0.00239	0.00679	0.04847	0.03071	0.00672
37	0.00683	0.00562	0.00601	0.00609	0.00776	0.00480	0.00450	0.00836	0.01300	0.01602	0.14129	0.12980	0.60191	0.01426	0.00670	0.00192	0.00287	0.01210	0.00534	0.00480
38	0.74111	0.01059	0.00867	0.00762	0.01111	0.01199	0.00626	0.01730	0.01037	0.09108	0.03511	0.01116	0.00840	0.00559	0.00378	0.00174	0.00433	0.00352	0.00388	0.00638
39	0.00927	0.00597	0.00754	0.03365	0.00953	0.00566	0.00562	0.01120	0.01289	0.07474	0.23080	0.18676	0.15503	0.06063	0.04627	0.00245	0.00399	0.03116	0.10155	0.00529
40	0.16734	0.01346	0.01347	0.02679	0.01511	0.05203	0.00886	0.40063	0.01931	0.04183	0.01320	0.05256	0.01045	0.00671	0.00505	0.00162	0.00550	0.00504	0.05774	0.08330
41	0.06303	0.03445	0.01038	0.00871	0.01103	0.00929	0.00668	0.16631	0.03055	0.02071	0.06414	0.16185	0.02042	0.13671	0.02344	0.00245	0.00475	0.04856	0.07234	0.10420
42	0.15252	0.13543	0.09038	0.12746	0.12593	0.05921	0.01158	0.06966	0.01277	0.03946	0.01260	0.01613	0.03516	0.04468	0.00606	0.00185	0.00626	0.02282	0.02299	0.00707

[dist]
# distance from previous block
# <min> <max>
1	13

[block]
# block no. 8 follows, 42 sequences, length 24
# corresponding to MSA columns:
# 380-386,391-407
name=unknown_I
#
# <colnr> <probs for GDERKNQSTAVLIFYWHMCP>
#	G	D	E	R	K	N	Q	S	T	A	V	L	I	F	Y	W	H	M	C	P
0	0.09084	0.10925	0.04308	0.10059	0.21069	0.07465	0.09970	0.05625	0.01341	0.03281	0.06230	0.01652	0.04253	0.00658	0.01624	0.00178	0.00676	0.00530	0.00334	0.00738
1	0.14914	0.01315	0.05965	0.16361	0.27879	0.03371	0.01329	0.08365	0.01321	0.03380	0.02994	0.01481	0.02461	0.00676	0.02445	0.00192	0.02617	0.00488	0.00330	0.02117
2	0.09964	0.00864	0.01076	0.08110	0.01359	0.02311	0.04921	0.07649	0.01374	0.05255	0.20001	0.03060	0.13236	0.10779	0.04075	0.00255	0.00515	0.02127	0.02483	0.00586
3	0.04100	0.01408	0.03536	0.24657	0.04496	0.08895	0.06285	0.16289	0.13384	0.02065	0.01267	0.01497	0.00969	0.00748	0.03028	0.00205	0.05529	0.00516	0.00375	0.00753
4	0.31637	0.00949	0.01021	0.00860	0.01191	0.00969	0.00694	0.04663	0.03682	0.28588	0.15959	0.04141	0.01921	0.00752	0.00510	0.00177	0.00422	0.00587	0.00542	0.00734
5	0.01242	0.01969	0.29844	0.05065	0.02633	0.01393	0.37267	0.01802	0.04456	0.01774	0.01109	0.01404	0.00828	0.00547	0.00689	0.00189	0.06182	0.00555	0.00276	0.00776
6	0.00886	0.00548	0.00732	0.00796	0.00882	0.00504	0.00554	0.01018	0.01199	0.09176	0.12664	0.62035	0.03696	0.01575	0.00696	0.00216	0.00334	0.01419	0.00553	0.00517
7	0.07136	0.01394	0.01344	0.10032	0.01685	0.15098	0.00951	0.23593	0.05674	0.02344	0.13876	0.01986	0.04785	0.00760	0.00600	0.00172	0.03467	0.00587	0.03798	0.00716
8	0.00686	0.00490	0.00653	0.00784	0.00816	0.00457	0.00522	0.00784	0.01077	0.01437	0.03102	0.79855	0.03722	0.01763	0.00718	0.00229	0.00326	0.01600	0.00522	0.00457
9	0.03314	0.02490	0.57860	0.03851	0.05944	0.01321	0.04571	0.08064	0.01313	0.01936	0.01107	0.03723	0.00842	0.00582	0.00545	0.00179	0.00781	0.00474	0.00282	0.00819
10	0.00671	0.00570	0.00579	0.00577	0.00764	0.00478	0.00433	0.00820	0.01298	0.01556	0.09122	0.05357	0.73040	0.01412	0.00665	0.00189	0.00284	0.01179	0.00527	0.00478
11	0.01339	0.00868	0.04295	0.03780	0.01262	0.00779	0.00768	0.10876	0.01435	0.19416	0.05293	0.40691	0.04364	0.01246	0.00646	0.00202	0.00434	0.01095	0.00550	0.00664
12	0.04931	0.77268	0.02861	0.00954	0.01430	0.02187	0.00948	0.01684	0.01136	0.01374	0.00782	0.00903	0.00718	0.00483	0.00361	0.00123	0.00595	0.00301	0.00245	0.00718
13	0.00914	0.00620	0.00800	0.03859	0.00994	0.00573	0.00577	0.01160	0.01522	0.07715	0.55711	0.04130	0.17004	0.01140	0.00653	0.00179	0.00304	0.00992	0.00594	0.00557
14	0.01798	0.05688	0.08696	0.01452	0.05727	0.35491	0.01162	0.17381	0.06083	0.01954	0.01244	0.01367	0.03205	0.00770	0.03444	0.00188	0.02779	0.00456	0.00363	0.00751
15	0.72669	0.01341	0.11441	0.00860	0.01275	0.01269	0.00813	0.01672	0.00990	0.02422	0.00815	0.00952	0.00624	0.00524	0.00374	0.00175	0.00490	0.00320	0.00333	0.00640
16	0.01476	0.04378	0.04921	0.02810	0.54688	0.04177	0.01559	0.10722	0.01453	0.02002	0.01190	0.01642	0.01020	0.00589	0.00561	0.00171	0.00670	0.04787	0.00325	0.00860
17	0.01167	0.01000	0.01167	0.00834	0.01334	0.00750	0.00667	0.01417	0.01167	0.01834	0.01000	0.01167	0.00834	0.00417	0.00417	0.00083	0.00417	0.00333	0.00333	0.83663
18	0.00716	0.00525	0.00679	0.00790	0.00860	0.00488	0.00566	0.00844	0.01141	0.01486	0.03468	0.57817	0.14421	0.01682	0.00719	0.00227	0.00349	0.12230	0.00522	0.00469
19	0.01112	0.02506	0.60966	0.05221	0.02271	0.04049	0.01815	0.01674	0.01226	0.01764	0.06358	0.04563	0.02753	0.00647	0.00554	0.00180	0.00764	0.00522	0.00284	0.00772
20	0.01006	0.00535	0.00596	0.00596	0.00715	0.00551	0.00448	0.01234	0.01114	0.01916	0.01741	0.02097	0.01414	0.01289	0.12879	0.04382	0.00472	0.00535	0.65973	0.00507
21	0.01477	0.04229	0.02165	0.02996	0.60890	0.09968	0.01575	0.01865	0.06058	0.01802	0.01106	0.01379	0.00920	0.00526	0.00546	0.00165	0.00691	0.00487	0.00297	0.00859
22	0.11787	0.00688	0.00694	0.00658	0.00813	0.00725	0.00484	0.07292	0.01194	0.02030	0.01718	0.06978	0.01543	0.15054	0.02979	0.00241	0.00403	0.00616	0.43570	0.00534
23	0.11247	0.00594	0.00562	0.00551	0.00709	0.00615	0.00420	0.01353	0.01153	0.02150	0.01707	0.01953	0.01340	0.00639	0.00388	0.00136	0.00283	0.00498	0.73167	0.00535

[dist]
# distance from previous block
# <min> <max>
0	1

[block]
# block no. 9 follows, 42 sequences, length 9
# corresponding to MSA columns:
# 409-417
name=unknown_J
#
# <colnr> <probs for GDERKNQSTAVLIFYWHMCP>
#	G	D	E	R	K	N	Q	S	T	A	V	L	I	F	Y	W	H	M	C	P
0	0.01370	0.36638	0.38947	0.01313	0.01949	0.07827	0.01515	0.01777	0.01201	0.01551	0.00900	0.01050	0.00718	0.00515	0.00457	0.00150	0.00746	0.00362	0.00243	0.00770
1	0.00710	0.00508	0.00675	0.00767	0.00822	0.00473	0.00524	0.00845	0.01190	0.01616	0.19163	0.63282	0.04070	0.01629	0.00706	0.00217	0.00313	0.01472	0.00544	0.00473
2	0.01198	0.06804	0.60066	0.01686	0.07564	0.04204	0.04189	0.01765	0.01227	0.01765	0.03761	0.01302	0.00899	0.00552	0.00535	0.00173	0.00798	0.00444	0.00258	0.00810
3	0.00742	0.00530	0.00666	0.00713	0.00778	0.00497	0.00481	0.00869	0.01180	0.01597	0.23116	0.38208	0.09005	0.17633	0.01139	0.00277	0.00352	0.01251	0.00512	0.00455
4	0.00913	0.00662	0.00796	0.00779	0.00900	0.00650	0.00556	0.09755	0.01405	0.01902	0.26016	0.29241	0.09300	0.13309	0.01004	0.00250	0.00372	0.01135	0.00530	0.00524
5	0.14554	0.18132	0.07859	0.01317	0.05046	0.20587	0.01105	0.15128	0.01487	0.01991	0.00935	0.01086	0.00757	0.00595	0.00578	0.00161	0.07225	0.00388	0.00330	0.00738
6	0.01179	0.00855	0.00983	0.00896	0.01080	0.00882	0.00661	0.21298	0.04749	0.02044	0.06924	0.26089	0.07338	0.11913	0.01060	0.06902	0.00451	0.00958	0.00489	0.03249
7	0.05645	0.01541	0.10755	0.07090	0.25952	0.07700	0.01348	0.05822	0.15537	0.06347	0.01385	0.01606	0.01082	0.00612	0.00545	0.00173	0.00643	0.02397	0.00379	0.03440
8	0.07111	0.00939	0.01143	0.07547	0.05223	0.00952	0.00847	0.05074	0.14172	0.07167	0.04242	0.06467	0.11640	0.00972	0.02293	0.00195	0.00488	0.09424	0.00465	0.13639

[dist]
# distance from previous block
# <min> <max>
3	33

[block]
# block no. 10 follows, 42 sequences, length 17
# corresponding to MSA columns:
# 456-472
name=unknown_K
#
# <colnr> <probs for GDERKNQSTAVLIFYWHMCP>
#	G	D	E	R	K	N	Q	S	T	A	V	L	I	F	Y	W	H	M	C	P
0	0.06447	0.00740	0.00857	0.04800	0.01061	0.00781	0.00604	0.11542	0.01242	0.01782	0.04247	0.23021	0.04318	0.24219	0.05044	0.00329	0.00511	0.00913	0.07020	0.00524
1	0.40236	0.01091	0.01041	0.08411	0.01422	0.03897	0.00766	0.13145	0.01354	0.03964	0.06494	0.05211	0.03655	0.00696	0.00466	0.00174	0.00483	0.00517	0.06326	0.00652
2	0.17701	0.22203	0.10403	0.01298	0.05639	0.18732	0.01115	0.09211	0.01357	0.01876	0.00898	0.01053	0.00734	0.00567	0.00526	0.00157	0.05129	0.00371	0.00307	0.00724
3	0.59988	0.01254	0.04287	0.02780	0.03892	0.03301	0.03358	0.07180	0.03241	0.02437	0.00974	0.01213	0.00776	0.00573	0.00419	0.00177	0.00516	0.02606	0.00363	0.00666
4	0.05695	0.00843	0.00885	0.00813	0.01026	0.03387	0.00628	0.09738	0.07822	0.02106	0.26848	0.05658	0.24628	0.03407	0.00692	0.00195	0.00383	0.04111	0.00539	0.00595
5	0.01314	0.00951	0.01083	0.00963	0.01220	0.00996	0.00753	0.14291	0.20966	0.07704	0.13880	0.07555	0.08969	0.06932	0.00787	0.00216	0.00442	0.07394	0.00551	0.03032
6	0.01391	0.01383	0.02009	0.09494	0.47539	0.08898	0.04556	0.01821	0.07813	0.01813	0.04378	0.01708	0.01194	0.00597	0.00570	0.00173	0.00681	0.02844	0.00325	0.00811
7	0.00719	0.00548	0.00663	0.00731	0.00841	0.00497	0.00537	0.00864	0.01209	0.01544	0.08522	0.35350	0.30679	0.03597	0.00759	0.00224	0.00340	0.11380	0.00523	0.00474
8	0.01374	0.03673	0.04545	0.10063	0.03773	0.08589	0.06440	0.09264	0.01247	0.01727	0.01054	0.03404	0.00914	0.00778	0.01073	0.00199	0.32861	0.00519	0.07832	0.00672
9	0.00760	0.00564	0.00708	0.00693	0.00824	0.00512	0.00512	0.00983	0.01475	0.02027	0.55010	0.13736	0.17567	0.01274	0.00671	0.00186	0.00276	0.01119	0.00591	0.00512
10	0.01341	0.01350	0.05279	0.12567	0.58014	0.01330	0.01649	0.01803	0.07690	0.01831	0.01156	0.01459	0.00938	0.00533	0.00558	0.00172	0.00666	0.00509	0.00299	0.00856
11	0.01958	0.01376	0.14207	0.01139	0.01605	0.01084	0.01058	0.12544	0.10822	0.38885	0.07794	0.01918	0.01568	0.00710	0.00569	0.00176	0.00537	0.00577	0.00579	0.00894
12	0.00777	0.00559	0.00729	0.00719	0.00828	0.00518	0.00523	0.01003	0.01472	0.02067	0.60491	0.17965	0.04908	0.03986	0.00749	0.00199	0.00286	0.01117	0.00592	0.00511
13	0.01157	0.01019	0.01814	0.18405	0.09994	0.01085	0.20289	0.01425	0.01126	0.01621	0.01185	0.01631	0.00965	0.00868	0.02825	0.11968	0.06131	0.00548	0.15331	0.00612
14	0.01271	0.03596	0.11357	0.19298	0.35501	0.04677	0.01571	0.01676	0.03759	0.01710	0.01268	0.01908	0.01102	0.00642	0.00572	0.00181	0.00697	0.08140	0.00302	0.00771
