[name]
unknown

[dist]
# distance from previous block
# <min> <max>
1	86

[block]
# block no. 0 follows, 46 sequences, length 7
# corresponding to MSA columns:
# 87-93
name=unknown_A
#
# <colnr> <probs for GDERKNQSTAVLIFYWHMCP>
#	G	D	E	R	K	N	Q	S	T	A	V	L	I	F	Y	W	H	M	C	P
0	0.06288	0.01373	0.05587	0.02020	0.11425	0.01279	0.45848	0.05234	0.01287	0.09841	0.01139	0.01389	0.00841	0.00501	0.00614	0.00174	0.03539	0.00554	0.00320	0.00746
1	0.02003	0.00952	0.01269	0.10450	0.01619	0.00924	0.00868	0.08944	0.06990	0.52513	0.06372	0.01845	0.01440	0.00667	0.00537	0.00166	0.00478	0.00549	0.00580	0.00834
2	0.03245	0.00634	0.00740	0.00702	0.00886	0.00593	0.00530	0.03860	0.03262	0.13280	0.09331	0.20581	0.28232	0.01252	0.03318	0.00201	0.00359	0.00971	0.07472	0.00550
3	0.04360	0.00927	0.01063	0.00932	0.01157	0.00993	0.00715	0.24102	0.13470	0.06698	0.06139	0.16535	0.01752	0.01099	0.00861	0.16941	0.00447	0.00708	0.00467	0.00634
4	0.01032	0.00962	0.01566	0.65215	0.08609	0.01124	0.01378	0.01368	0.01072	0.01422	0.00943	0.01365	0.00723	0.00508	0.00512	0.00163	0.00662	0.00451	0.00246	0.10679
5	0.01055	0.00998	0.01688	0.66058	0.17289	0.01189	0.01496	0.01401	0.01084	0.01420	0.00950	0.01391	0.00729	0.00518	0.00528	0.00173	0.00691	0.00470	0.00240	0.00633
6	0.01062	0.00803	0.01062	0.00964	0.01119	0.00853	0.04353	0.15626	0.01382	0.04258	0.14289	0.38645	0.02745	0.01200	0.00740	0.00194	0.08614	0.01036	0.00480	0.00575

[dist]
# distance from previous block
# <min> <max>
9	21

[block]
# block no. 1 follows, 46 sequences, length 6
# corresponding to MSA columns:
# 116-121
name=unknown_B
#
# <colnr> <probs for GDERKNQSTAVLIFYWHMCP>
#	G	D	E	R	K	N	Q	S	T	A	V	L	I	F	Y	W	H	M	C	P
0	0.01780	0.01300	0.01629	0.01239	0.01639	0.01372	0.11047	0.49549	0.02028	0.08669	0.01343	0.01463	0.00987	0.03804	0.00611	0.00170	0.00580	0.00507	0.06570	0.03714
1	0.00992	0.01040	0.11651	0.01073	0.01393	0.00778	0.13482	0.01310	0.04611	0.07843	0.05673	0.21145	0.21080	0.01014	0.00598	0.00179	0.00478	0.00913	0.00428	0.04320
2	0.12218	0.00719	0.00898	0.00835	0.01017	0.00791	0.00658	0.01163	0.04438	0.01499	0.01463	0.01899	0.04806	0.02677	0.48887	0.00578	0.03816	0.00522	0.00313	0.10804
3	0.12729	0.00976	0.01132	0.00888	0.01240	0.00934	0.00717	0.05496	0.01139	0.08900	0.01123	0.06055	0.00964	0.00592	0.00602	0.00131	0.11206	0.00432	0.00358	0.44385
4	0.00736	0.00563	0.00703	0.00733	0.00809	0.00558	0.00513	0.00884	0.03208	0.01434	0.11270	0.42713	0.12361	0.12201	0.00987	0.00240	0.05248	0.01166	0.00458	0.03217
5	0.01428	0.00979	0.01122	0.00946	0.01226	0.01009	0.00737	0.28460	0.06880	0.09817	0.01795	0.19648	0.01657	0.05202	0.04207	0.00213	0.00495	0.00726	0.03790	0.09663

[dist]
# distance from previous block
# <min> <max>
16	23

[block]
# block no. 2 follows, 46 sequences, length 259
# corresponding to MSA columns:
# 148-162,189-393,395-433
name=unknown_C
#
# <colnr> <probs for GDERKNQSTAVLIFYWHMCP>
#	G	D	E	R	K	N	Q	S	T	A	V	L	I	F	Y	W	H	M	C	P
0	0.05709	0.00820	0.00958	0.00847	0.01073	0.00843	0.00660	0.12457	0.12171	0.10480	0.35626	0.09823	0.03114	0.00945	0.00578	0.00172	0.00361	0.02165	0.00552	0.00645
1	0.69795	0.01019	0.00890	0.00775	0.01086	0.01175	0.00639	0.01642	0.00959	0.10481	0.00878	0.00983	0.00661	0.00542	0.00457	0.00169	0.06559	0.00326	0.00355	0.00608
2	0.01205	0.01237	0.01552	0.07384	0.01562	0.08828	0.01124	0.01349	0.00909	0.01301	0.00762	0.01186	0.00720	0.00938	0.04165	0.00232	0.60035	0.00448	0.00241	0.04823
3	0.00712	0.00536	0.00683	0.00732	0.00836	0.00472	0.00507	0.00830	0.01045	0.01427	0.04612	0.63964	0.06585	0.01443	0.00630	0.00192	0.00316	0.01298	0.00467	0.12715
4	0.00991	0.00597	0.00761	0.00690	0.00868	0.00534	0.00528	0.01211	0.01441	0.14464	0.51924	0.05414	0.16390	0.01066	0.00610	0.00169	0.00286	0.00925	0.00577	0.00554
5	0.01044	0.00986	0.01667	0.68935	0.14503	0.01186	0.01491	0.01390	0.01078	0.01406	0.00948	0.01395	0.00724	0.00520	0.00528	0.00173	0.00694	0.00470	0.00239	0.00624
6	0.01285	0.01232	0.02103	0.09150	0.72404	0.01250	0.01611	0.01602	0.01192	0.01698	0.00990	0.01316	0.00827	0.00475	0.00524	0.00158	0.00634	0.00471	0.00260	0.00818
7	0.85155	0.01022	0.00777	0.00695	0.01022	0.01186	0.00573	0.01554	0.00900	0.02372	0.00736	0.00859	0.00573	0.00491	0.00327	0.00164	0.00409	0.00286	0.00327	0.00573
8	0.01315	0.01136	0.01195	0.01076	0.01375	0.01315	0.00837	0.02809	0.77168	0.02211	0.02152	0.01972	0.01614	0.00717	0.00538	0.00179	0.00418	0.00598	0.00538	0.00837
9	0.85155	0.01022	0.00777	0.00695	0.01022	0.01186	0.00573	0.01554	0.00900	0.02372	0.00736	0.00859	0.00573	0.00491	0.00327	0.00164	0.00409	0.00286	0.00327	0.00573
10	0.85155	0.01022	0.00777	0.00695	0.01022	0.01186	0.00573	0.01554	0.00900	0.02372	0.00736	0.00859	0.00573	0.00491	0.00327	0.00164	0.00409	0.00286	0.00327	0.00573
11	0.00998	0.00940	0.01586	0.80150	0.03641	0.01175	0.01468	0.01351	0.01057	0.01351	0.00940	0.01409	0.00705	0.00529	0.00529	0.00176	0.00705	0.00470	0.00235	0.00587
12	0.02010	0.01481	0.01587	0.01216	0.01639	0.01639	0.01005	0.76360	0.02486	0.03332	0.01269	0.01269	0.00899	0.00635	0.00529	0.00159	0.00582	0.00476	0.00529	0.00899
13	0.02010	0.01481	0.01587	0.01216	0.01639	0.01639	0.01005	0.76360	0.02486	0.03332	0.01269	0.01269	0.00899	0.00635	0.00529	0.00159	0.00582	0.00476	0.00529	0.00899
14	0.00748	0.00540	0.00707	0.00665	0.00790	0.00499	0.00499	0.00998	0.01496	0.02120	0.77844	0.03949	0.04988	0.01081	0.00624	0.00166	0.00249	0.00956	0.00582	0.00499
15	0.02010	0.01481	0.01587	0.01216	0.01639	0.01639	0.01005	0.76360	0.02486	0.03332	0.01269	0.01269	0.00899	0.00635	0.00529	0.00159	0.00582	0.00476	0.00529	0.00899
16	0.85155	0.01022	0.00777	0.00695	0.01022	0.01186	0.00573	0.01554	0.00900	0.02372	0.00736	0.00859	0.00573	0.00491	0.00327	0.00164	0.00409	0.00286	0.00327	0.00573
17	0.00644	0.00537	0.00572	0.00571	0.00737	0.00465	0.00429	0.00789	0.01200	0.01466	0.10607	0.06094	0.65747	0.01506	0.06060	0.00225	0.00346	0.01072	0.00484	0.00452
18	0.00740	0.00555	0.00687	0.00651	0.00791	0.00511	0.00489	0.01000	0.03469	0.01989	0.61818	0.04116	0.18978	0.01121	0.00621	0.00169	0.00257	0.00977	0.00563	0.00498
19	0.02372	0.00900	0.01227	0.00941	0.01350	0.00777	0.00777	0.02576	0.01513	0.78489	0.02086	0.01799	0.01309	0.00654	0.00532	0.00164	0.00450	0.00532	0.00654	0.00900
20	0.01398	0.01104	0.01189	0.01056	0.01362	0.01252	0.00825	0.02755	0.69106	0.08927	0.03546	0.01994	0.01649	0.00718	0.00539	0.00178	0.00418	0.00599	0.00549	0.00836
21	0.00748	0.00540	0.00707	0.00665	0.00790	0.00499	0.00499	0.00998	0.01496	0.02120	0.77844	0.03949	0.04988	0.01081	0.00624	0.00166	0.00249	0.00956	0.00582	0.00499
22	0.00769	0.00513	0.00577	0.00577	0.00577	0.00513	0.00320	0.00769	0.00769	0.01025	0.01666	0.03460	0.01922	0.81421	0.02691	0.00513	0.00513	0.00769	0.00320	0.00320
23	0.85155	0.01022	0.00777	0.00695	0.01022	0.01186	0.00573	0.01554	0.00900	0.02372	0.00736	0.00859	0.00573	0.00491	0.00327	0.00164	0.00409	0.00286	0.00327	0.00573
24	0.02318	0.00942	0.01248	0.00962	0.01368	0.00846	0.00793	0.07103	0.03844	0.71595	0.02038	0.01772	0.01293	0.00655	0.00532	0.00164	0.00457	0.00530	0.00643	0.00898
25	0.01315	0.01136	0.01195	0.01076	0.01375	0.01315	0.00837	0.02809	0.77168	0.02211	0.02152	0.01972	0.01614	0.00717	0.00538	0.00179	0.00418	0.00598	0.00538	0.00837
26	0.85155	0.01022	0.00777	0.00695	0.01022	0.01186	0.00573	0.01554	0.00900	0.02372	0.00736	0.00859	0.00573	0.00491	0.00327	0.00164	0.00409	0.00286	0.00327	0.00573
27	0.00769	0.00513	0.00577	0.00577	0.00577	0.00513	0.00320	0.00769	0.00769	0.01025	0.01666	0.03460	0.01922	0.81421	0.02691	0.00513	0.00513	0.00769	0.00320	0.00320
28	0.00647	0.00461	0.00613	0.00733	0.00763	0.00431	0.00487	0.00737	0.01007	0.01343	0.02888	0.79488	0.03464	0.03288	0.00716	0.00221	0.00311	0.01488	0.00487	0.00427
29	0.85155	0.01022	0.00777	0.00695	0.01022	0.01186	0.00573	0.01554	0.00900	0.02372	0.00736	0.00859	0.00573	0.00491	0.00327	0.00164	0.00409	0.00286	0.00327	0.00573
30	0.00998	0.00940	0.01586	0.80150	0.03641	0.01175	0.01468	0.01351	0.01057	0.01351	0.00940	0.01409	0.00705	0.00529	0.00529	0.00176	0.00705	0.00470	0.00235	0.00587
31	0.00755	0.00566	0.00850	0.00850	0.00944	0.00661	0.00661	0.00944	0.00850	0.01227	0.01416	0.02077	0.01322	0.03965	0.79326	0.00850	0.01416	0.00566	0.00283	0.00472
32	0.00710	0.00511	0.00673	0.00691	0.00781	0.00474	0.00496	0.00903	0.01320	0.01840	0.50590	0.32003	0.04446	0.01290	0.00642	0.00184	0.00270	0.01155	0.00549	0.00474
33	0.00748	0.00540	0.00707	0.00665	0.00790	0.00499	0.00499	0.00998	0.01496	0.02120	0.77844	0.03949	0.04988	0.01081	0.00624	0.00166	0.00249	0.00956	0.00582	0.00499
34	0.01263	0.01427	0.03089	0.02208	0.02741	0.01343	0.74723	0.03164	0.01272	0.01726	0.01073	0.01423	0.00804	0.00449	0.00622	0.00178	0.00885	0.00621	0.00273	0.00717
35	0.01233	0.01489	0.07261	0.03701	0.02754	0.01328	0.70653	0.01686	0.01237	0.01686	0.01060	0.01409	0.00793	0.00450	0.00615	0.00178	0.00882	0.00608	0.00264	0.00714
36	0.00644	0.00460	0.00613	0.00736	0.00767	0.00429	0.00491	0.00736	0.01012	0.01350	0.02914	0.81076	0.03497	0.01656	0.00675	0.00215	0.00307	0.01503	0.00491	0.00429
37	0.02372	0.00900	0.01227	0.00941	0.01350	0.00777	0.00777	0.02576	0.01513	0.78489	0.02086	0.01799	0.01309	0.00654	0.00532	0.00164	0.00450	0.00532	0.00654	0.00900
38	0.01263	0.01210	0.02064	0.14460	0.67261	0.01244	0.01600	0.01583	0.01182	0.01672	0.00986	0.01323	0.00818	0.00479	0.00524	0.00160	0.00639	0.00471	0.00258	0.00801
39	0.00852	0.00608	0.00852	0.00974	0.01095	0.00608	0.00852	0.01095	0.01217	0.01582	0.02799	0.05963	0.03042	0.01460	0.00730	0.00243	0.00487	0.74565	0.00487	0.00487
40	0.85155	0.01022	0.00777	0.00695	0.01022	0.01186	0.00573	0.01554	0.00900	0.02372	0.00736	0.00859	0.00573	0.00491	0.00327	0.00164	0.00409	0.00286	0.00327	0.00573
41	0.01946	0.01449	0.01551	0.01203	0.01615	0.01610	0.00989	0.69586	0.09365	0.03229	0.01351	0.01334	0.00965	0.00642	0.00530	0.00161	0.00567	0.00487	0.00530	0.00893
42	0.01248	0.01426	0.03119	0.02228	0.02763	0.01337	0.76203	0.01693	0.01248	0.01693	0.01070	0.01426	0.00802	0.00446	0.00624	0.00178	0.00891	0.00624	0.00267	0.00713
43	0.00745	0.00540	0.00702	0.00662	0.00788	0.00497	0.00496	0.00991	0.01489	0.02102	0.75954	0.03979	0.06889	0.01087	0.00624	0.00167	0.00250	0.00960	0.00580	0.00497
44	0.00669	0.00475	0.00629	0.00743	0.00779	0.00449	0.00507	0.00766	0.01011	0.01345	0.02819	0.69949	0.03353	0.07149	0.00818	0.00237	0.00335	0.07062	0.00479	0.00426
45	0.00748	0.00540	0.00707	0.00665	0.00790	0.00499	0.00499	0.00998	0.01496	0.02120	0.77844	0.03949	0.04988	0.01081	0.00624	0.00166	0.00249	0.00956	0.00582	0.00499
46	0.01096	0.00940	0.01096	0.00783	0.01253	0.00705	0.00626	0.01331	0.01096	0.01723	0.00940	0.01096	0.00783	0.00392	0.00392	0.00078	0.00392	0.00313	0.00313	0.84653
47	0.00767	0.00520	0.00616	0.00616	0.00630	0.00534	0.00370	0.00794	0.00781	0.01055	0.01629	0.03258	0.01834	0.70125	0.13867	0.00562	0.00644	0.00739	0.00315	0.00342
48	0.00998	0.00940	0.01586	0.80150	0.03641	0.01175	0.01468	0.01351	0.01057	0.01351	0.00940	0.01409	0.00705	0.00529	0.00529	0.00176	0.00705	0.00470	0.00235	0.00587
49	0.83153	0.01010	0.00770	0.00690	0.01013	0.01169	0.00568	0.01546	0.00905	0.02362	0.00760	0.00885	0.00591	0.00494	0.00328	0.00163	0.00405	0.00291	0.02326	0.00571
50	0.01704	0.01229	0.01331	0.01071	0.01406	0.01344	0.00864	0.57526	0.02128	0.02901	0.01556	0.12981	0.01325	0.00782	0.00534	0.00163	0.00507	0.00627	0.09233	0.00788
51	0.01087	0.08800	0.72853	0.01461	0.02217	0.01294	0.01873	0.01667	0.01113	0.01641	0.00932	0.01096	0.00670	0.00498	0.00490	0.00163	0.00765	0.00382	0.00223	0.00773
52	0.01386	0.75673	0.08599	0.00951	0.01428	0.02025	0.00985	0.01590	0.01077	0.01277	0.00751	0.00869	0.00678	0.00456	0.00352	0.00117	0.00582	0.00291	0.00226	0.00686
53	0.01693	0.08191	0.12772	0.01141	0.01570	0.05837	0.01048	0.43772	0.01914	0.04148	0.01229	0.01297	0.00903	0.00593	0.00486	0.00150	0.00584	0.00443	0.11435	0.00794
54	0.01088	0.00972	0.01302	0.01039	0.01275	0.01027	0.03966	0.01237	0.00946	0.01450	0.00906	0.01334	0.00841	0.06292	0.01170	0.06658	0.29137	0.00423	0.00276	0.38661
55	0.01020	0.00961	0.01624	0.74840	0.08785	0.01180	0.01479	0.01369	0.01067	0.01377	0.00943	0.01402	0.00714	0.00525	0.00528	0.00175	0.00699	0.00470	0.00237	0.00605
56	0.01157	0.01157	0.01619	0.01388	0.01388	0.01619	0.01157	0.01272	0.00810	0.01272	0.00694	0.01157	0.00694	0.00925	0.01735	0.00231	0.80453	0.00463	0.00231	0.00578
57	0.00644	0.00460	0.00613	0.00736	0.00767	0.00429	0.00491	0.00736	0.01012	0.01350	0.02914	0.81076	0.03497	0.01656	0.00675	0.00215	0.00307	0.01503	0.00491	0.00429
58	0.01308	0.01256	0.02146	0.03245	0.78123	0.01256	0.01622	0.01622	0.01204	0.01727	0.00994	0.01308	0.00837	0.00471	0.00523	0.00157	0.00628	0.00471	0.00262	0.00837
59	0.00645	0.00468	0.00610	0.00720	0.00764	0.00432	0.00484	0.00745	0.01039	0.01376	0.05100	0.73487	0.08943	0.01618	0.00670	0.00211	0.00302	0.01460	0.00493	0.00432
60	0.00852	0.00608	0.00852	0.00974	0.01095	0.00608	0.00852	0.01095	0.01217	0.01582	0.02799	0.05963	0.03042	0.01460	0.00730	0.00243	0.00487	0.74565	0.00487	0.00487
61	0.85155	0.01022	0.00777	0.00695	0.01022	0.01186	0.00573	0.01554	0.00900	0.02372	0.00736	0.00859	0.00573	0.00491	0.00327	0.00164	0.00409	0.00286	0.00327	0.00573
62	0.01413	0.81739	0.02770	0.00905	0.01357	0.02092	0.00905	0.01583	0.01074	0.01244	0.00735	0.00848	0.00678	0.00452	0.00339	0.00113	0.00565	0.00283	0.00226	0.00678
63	0.00644	0.00460	0.00613	0.00736	0.00767	0.00429	0.00491	0.00736	0.01012	0.01350	0.02914	0.81076	0.03497	0.01656	0.00675	0.00215	0.00307	0.01503	0.00491	0.00429
64	0.85155	0.01022	0.00777	0.00695	0.01022	0.01186	0.00573	0.01554	0.00900	0.02372	0.00736	0.00859	0.00573	0.00491	0.00327	0.00164	0.00409	0.00286	0.00327	0.00573
65	0.01248	0.01426	0.03119	0.02228	0.02763	0.01337	0.76203	0.01693	0.01248	0.01693	0.01070	0.01426	0.00802	0.00446	0.00624	0.00178	0.00891	0.00624	0.00267	0.00713
66	0.00651	0.00537	0.00572	0.00563	0.00730	0.00457	0.00422	0.00809	0.01267	0.01575	0.20757	0.04846	0.62416	0.01284	0.00625	0.00176	0.00264	0.01082	0.00510	0.00457
67	0.00748	0.00540	0.00707	0.00665	0.00790	0.00499	0.00499	0.00998	0.01496	0.02120	0.77844	0.03949	0.04988	0.01081	0.00624	0.00166	0.00249	0.00956	0.00582	0.00499
68	0.01096	0.00940	0.01096	0.00783	0.01253	0.00705	0.00626	0.01331	0.01096	0.01723	0.00940	0.01096	0.00783	0.00392	0.00392	0.00078	0.00392	0.00313	0.00313	0.84653
69	0.00827	0.00598	0.00818	0.00919	0.01045	0.00588	0.00793	0.01063	0.01235	0.01607	0.08178	0.05757	0.08925	0.01425	0.00715	0.00233	0.00454	0.63842	0.00494	0.00485
70	0.01318	0.01288	0.02071	0.02977	0.68036	0.04266	0.03305	0.01623	0.01209	0.01709	0.00985	0.01283	0.00827	0.00468	0.00515	0.00151	0.00631	0.00459	0.00266	0.06614
71	0.00757	0.00559	0.00810	0.00810	0.00891	0.00639	0.00612	0.00919	0.00838	0.01198	0.01452	0.02276	0.01408	0.15144	0.68265	0.00801	0.01286	0.00596	0.00289	0.00450
72	0.01754	0.29679	0.01939	0.01206	0.01530	0.50094	0.00986	0.01901	0.01329	0.01276	0.00785	0.00924	0.00681	0.00526	0.00473	0.00132	0.03573	0.00325	0.00255	0.00634
73	0.01282	0.00934	0.01115	0.00806	0.01267	0.00715	0.00648	0.01513	0.01157	0.12918	0.01107	0.01199	0.00860	0.00430	0.00412	0.00091	0.00400	0.00345	0.00363	0.72439
74	0.00998	0.00940	0.01586	0.80150	0.03641	0.01175	0.01468	0.01351	0.01057	0.01351	0.00940	0.01409	0.00705	0.00529	0.00529	0.00176	0.00705	0.00470	0.00235	0.00587
75	0.01413	0.81739	0.02770	0.00905	0.01357	0.02092	0.00905	0.01583	0.01074	0.01244	0.00735	0.00848	0.00678	0.00452	0.00339	0.00113	0.00565	0.00283	0.00226	0.00678
76	0.01031	0.04825	0.66395	0.01381	0.02068	0.01160	0.01735	0.01585	0.01164	0.01718	0.10812	0.01472	0.01224	0.00575	0.00513	0.00166	0.00707	0.00460	0.00269	0.00742
77	0.05081	0.30767	0.07259	0.01185	0.03458	0.28738	0.01021	0.10630	0.01397	0.03110	0.00893	0.01005	0.00730	0.00519	0.00429	0.00135	0.00704	0.00347	0.01904	0.00689
78	0.01989	0.01470	0.01575	0.01212	0.01631	0.01630	0.01000	0.74152	0.04728	0.03298	0.01296	0.01290	0.00921	0.00637	0.00529	0.00159	0.00577	0.00480	0.00529	0.00897
79	0.00648	0.00536	0.00567	0.00560	0.00728	0.00456	0.00420	0.00803	0.01259	0.01557	0.18869	0.04875	0.64315	0.01291	0.00625	0.00176	0.00264	0.01086	0.00508	0.00456
80	0.01308	0.01256	0.02146	0.03245	0.78123	0.01256	0.01622	0.01622	0.01204	0.01727	0.00994	0.01308	0.00837	0.00471	0.00523	0.00157	0.00628	0.00471	0.00262	0.00837
81	0.02329	0.00909	0.01226	0.00946	0.01351	0.00799	0.00779	0.02586	0.04549	0.75429	0.02088	0.01806	0.01321	0.00657	0.00532	0.00164	0.00449	0.00534	0.00650	0.00897
82	0.01067	0.00625	0.00818	0.00729	0.00911	0.00575	0.00561	0.01346	0.03771	0.16324	0.61484	0.03490	0.04203	0.00991	0.00604	0.00166	0.00292	0.00866	0.00594	0.00584
83	0.00830	0.00600	0.00822	0.00928	0.01054	0.00592	0.00803	0.01066	0.01227	0.01592	0.06007	0.05815	0.08869	0.01436	0.00718	0.00235	0.00460	0.65972	0.00491	0.00484
84	0.02372	0.00900	0.01227	0.00941	0.01350	0.00777	0.00777	0.02576	0.01513	0.78489	0.02086	0.01799	0.01309	0.00654	0.00532	0.00164	0.00450	0.00532	0.00654	0.00900
85	0.01400	0.01360	0.02043	0.04965	0.65027	0.07273	0.01530	0.06814	0.01311	0.01795	0.00998	0.01281	0.00826	0.00489	0.00520	0.00156	0.00652	0.00461	0.00280	0.00818
86	0.02258	0.01083	0.01340	0.01027	0.01441	0.01049	0.00849	0.25818	0.01819	0.54815	0.01828	0.01632	0.01180	0.00648	0.00531	0.00162	0.00491	0.00514	0.00615	0.00899
87	0.01975	0.02520	0.01498	0.01362	0.01634	0.79299	0.01021	0.02111	0.01498	0.01294	0.00817	0.00953	0.00681	0.00545	0.00477	0.00136	0.00953	0.00340	0.00272	0.00613
88	0.00748	0.00540	0.00707	0.00665	0.00790	0.00499	0.00499	0.00998	0.01496	0.02120	0.77844	0.03949	0.04988	0.01081	0.00624	0.00166	0.00249	0.00956	0.00582	0.00499
89	0.00739	0.00540	0.00694	0.00655	0.00784	0.00495	0.00491	0.00979	0.01474	0.02067	0.72279	0.04036	0.10587	0.01101	0.00624	0.00167	0.00251	0.00968	0.00575	0.00495
90	0.00644	0.00525	0.00566	0.00578	0.00727	0.00451	0.00423	0.00783	0.01203	0.01487	0.13108	0.15321	0.58027	0.02930	0.00672	0.00189	0.00276	0.01144	0.00498	0.00447
91	0.01975	0.02520	0.01498	0.01362	0.01634	0.79299	0.01021	0.02111	0.01498	0.01294	0.00817	0.00953	0.00681	0.00545	0.00477	0.00136	0.00953	0.00340	0.00272	0.00613
92	0.00670	0.00463	0.00604	0.00717	0.00755	0.00434	0.00481	0.00774	0.01020	0.01397	0.02822	0.75002	0.03332	0.01576	0.00651	0.00208	0.00302	0.01425	0.06930	0.00434
93	0.00625	0.00534	0.00538	0.00541	0.00715	0.00446	0.00404	0.00758	0.01200	0.01426	0.05292	0.07069	0.75969	0.01347	0.00626	0.00179	0.00269	0.01126	0.00491	0.00446
94	0.85155	0.01022	0.00777	0.00695	0.01022	0.01186	0.00573	0.01554	0.00900	0.02372	0.00736	0.00859	0.00573	0.00491	0.00327	0.00164	0.00409	0.00286	0.00327	0.00573
95	0.01029	0.00971	0.01640	0.72622	0.10933	0.01183	0.01483	0.01377	0.01071	0.01388	0.00945	0.01400	0.00718	0.00523	0.00528	0.00174	0.00697	0.00470	0.00238	0.00612
96	0.01148	0.22381	0.59805	0.01357	0.02057	0.01443	0.01692	0.01652	0.01106	0.01567	0.00896	0.01049	0.00672	0.00490	0.00462	0.00154	0.00728	0.00364	0.00224	0.00756
97	0.00766	0.00582	0.00870	0.00864	0.00956	0.00687	0.00674	0.00953	0.00849	0.01228	0.01397	0.02052	0.01305	0.03883	0.77246	0.00833	0.03535	0.00564	0.00282	0.00475
98	0.03207	0.02691	0.76694	0.01486	0.02256	0.01227	0.01918	0.01671	0.01111	0.01692	0.00943	0.01110	0.00667	0.00502	0.00498	0.00167	0.00772	0.00388	0.00226	0.00776
99	0.01315	0.01136	0.01195	0.01076	0.01375	0.01315	0.00837	0.02809	0.77168	0.02211	0.02152	0.01972	0.01614	0.00717	0.00538	0.00179	0.00418	0.00598	0.00538	0.00837
100	0.01068	0.00977	0.01586	0.74699	0.03503	0.01207	0.01436	0.06531	0.01156	0.01488	0.00962	0.01400	0.00718	0.00536	0.00529	0.00175	0.00696	0.00470	0.00255	0.00609
101	0.01975	0.02520	0.01498	0.01362	0.01634	0.79299	0.01021	0.02111	0.01498	0.01294	0.00817	0.00953	0.00681	0.00545	0.00477	0.00136	0.00953	0.00340	0.00272	0.00613
102	0.00760	0.00549	0.00761	0.00761	0.00825	0.00613	0.00550	0.00887	0.00823	0.01162	0.01497	0.02525	0.01516	0.29060	0.54496	0.00740	0.01123	0.00632	0.00295	0.00423
103	0.08316	0.01446	0.01525	0.01177	0.01593	0.01605	0.00972	0.70687	0.02365	0.03259	0.01229	0.01238	0.00874	0.00624	0.00514	0.00159	0.00569	0.00462	0.00514	0.00874
104	0.00766	0.00511	0.00578	0.00581	0.00581	0.00510	0.00325	0.00768	0.00775	0.01033	0.01698	0.05441	0.01962	0.79385	0.02639	0.00505	0.00507	0.00788	0.00325	0.00323
105	0.01098	0.12897	0.66898	0.01408	0.02130	0.01321	0.01781	0.01645	0.01120	0.01630	0.02859	0.01153	0.00780	0.00510	0.00484	0.00160	0.00740	0.00391	0.00233	0.00761
106	0.01104	0.13918	0.66313	0.01404	0.02125	0.01336	0.01775	0.01648	0.01118	0.01622	0.02477	0.01135	0.00758	0.00507	0.00482	0.00160	0.00740	0.00387	0.00231	0.00761
107	0.00831	0.00555	0.00729	0.00685	0.00819	0.00509	0.00514	0.01067	0.01464	0.06307	0.68464	0.09156	0.04681	0.01097	0.00622	0.00169	0.00264	0.00970	0.00580	0.00516
108	0.01918	0.02424	0.01507	0.01364	0.01617	0.73862	0.01031	0.02052	0.01450	0.01292	0.00809	0.00968	0.00682	0.00571	0.00565	0.00143	0.06517	0.00349	0.00270	0.00610
109	0.01045	0.00994	0.01401	0.02895	0.01304	0.01342	0.01018	0.01185	0.00875	0.01328	0.06215	0.04229	0.01184	0.01427	0.13703	0.00322	0.58160	0.00549	0.00273	0.00551
110	0.11560	0.02786	0.01417	0.01155	0.01321	0.01350	0.02563	0.09940	0.01137	0.11795	0.03519	0.01466	0.01009	0.06342	0.01246	0.00220	0.39695	0.00489	0.00350	0.00641
111	0.00803	0.00593	0.00784	0.00879	0.01013	0.00573	0.00755	0.01023	0.01214	0.01549	0.03352	0.05774	0.19223	0.01434	0.00707	0.00229	0.00439	0.58691	0.00488	0.00478
112	0.02256	0.00947	0.01245	0.00951	0.01365	0.00838	0.00784	0.08156	0.01559	0.67418	0.01944	0.01710	0.01241	0.00635	0.00522	0.00157	0.00456	0.00512	0.00621	0.06683
113	0.02694	0.02604	0.67836	0.01455	0.02173	0.07201	0.01803	0.01747	0.01160	0.05154	0.00987	0.01130	0.00698	0.00512	0.00499	0.00165	0.00773	0.00391	0.00248	0.00770
114	0.01234	0.01344	0.02471	0.17910	0.11547	0.06189	0.42600	0.01607	0.01206	0.01595	0.02829	0.01427	0.00874	0.00508	0.00633	0.00175	0.04342	0.00558	0.00266	0.00685
115	0.00645	0.00469	0.00604	0.00711	0.00756	0.00433	0.00477	0.00739	0.01026	0.01349	0.03142	0.70937	0.11403	0.03702	0.00722	0.00219	0.00308	0.01442	0.00486	0.00428
116	0.02313	0.00994	0.01285	0.00985	0.01397	0.00917	0.00814	0.14593	0.01671	0.66249	0.01953	0.01713	0.01242	0.00651	0.00531	0.00163	0.00471	0.00523	0.00634	0.00900
117	0.03501	0.00822	0.01108	0.06739	0.13490	0.02678	0.00918	0.01358	0.09124	0.01721	0.12707	0.10717	0.04473	0.01072	0.00623	0.00198	0.00471	0.27250	0.00443	0.00587
118	0.00639	0.00524	0.00564	0.00580	0.00730	0.00448	0.00425	0.00777	0.01200	0.01478	0.11517	0.17426	0.59124	0.01367	0.00633	0.00183	0.00272	0.01165	0.00499	0.00448
119	0.02295	0.01023	0.01303	0.00999	0.01411	0.00960	0.00825	0.18251	0.01720	0.62523	0.01912	0.01687	0.01222	0.00650	0.00531	0.00163	0.00478	0.00520	0.00628	0.00900
120	0.01275	0.01222	0.02085	0.11567	0.70063	0.01247	0.01606	0.01593	0.01188	0.01686	0.00988	0.01319	0.00823	0.00477	0.00524	0.00159	0.00636	0.00471	0.00259	0.00810
121	0.01060	0.02735	0.78682	0.01507	0.02288	0.01228	0.01953	0.01674	0.01116	0.01674	0.00949	0.01116	0.00670	0.00502	0.00502	0.00167	0.00781	0.00391	0.00223	0.00781
122	0.01157	0.01157	0.01619	0.01388	0.01388	0.01619	0.01157	0.01272	0.00810	0.01272	0.00694	0.01157	0.00694	0.00925	0.01735	0.00231	0.80453	0.00463	0.00231	0.00578
123	0.85155	0.01022	0.00777	0.00695	0.01022	0.01186	0.00573	0.01554	0.00900	0.02372	0.00736	0.00859	0.00573	0.00491	0.00327	0.00164	0.00409	0.00286	0.00327	0.00573
124	0.79372	0.06596	0.00915	0.00710	0.01045	0.01249	0.00595	0.01556	0.00912	0.02294	0.00736	0.00858	0.00580	0.00488	0.00328	0.00160	0.00420	0.00286	0.00320	0.00580
125	0.00625	0.00536	0.00536	0.00536	0.00714	0.00446	0.00402	0.00759	0.01205	0.01428	0.05355	0.05088	0.77909	0.01339	0.00625	0.00179	0.00268	0.01116	0.00491	0.00446
126	0.00896	0.00645	0.00859	0.00939	0.01070	0.00649	0.00792	0.06235	0.01288	0.01691	0.05765	0.15531	0.04369	0.01412	0.00703	0.00229	0.00456	0.55468	0.00494	0.00507
127	0.01022	0.00964	0.01629	0.74246	0.09360	0.01181	0.01480	0.01372	0.01068	0.01380	0.00944	0.01402	0.00715	0.00524	0.00528	0.00175	0.00699	0.00470	0.00237	0.00606
128	0.00765	0.00526	0.00647	0.00647	0.00672	0.00551	0.00408	0.00814	0.00790	0.01077	0.01601	0.03102	0.01767	0.61405	0.22494	0.00600	0.00746	0.00716	0.00311	0.00360
129	0.00637	0.00536	0.00552	0.00548	0.00721	0.00451	0.00411	0.00782	0.01233	0.01495	0.12348	0.04978	0.70874	0.01314	0.00625	0.00177	0.00266	0.01100	0.00500	0.00451
130	0.01248	0.01426	0.03119	0.02228	0.02763	0.01337	0.76203	0.01693	0.01248	0.01693	0.01070	0.01426	0.00802	0.00446	0.00624	0.00178	0.00891	0.00624	0.00267	0.00713
131	0.00745	0.00542	0.00704	0.00685	0.00808	0.00501	0.00520	0.00980	0.01437	0.02005	0.64664	0.07658	0.08822	0.01150	0.00634	0.00175	0.00271	0.06641	0.00565	0.00492
132	0.02010	0.01481	0.01587	0.01216	0.01639	0.01639	0.01005	0.76360	0.02486	0.03332	0.01269	0.01269	0.00899	0.00635	0.00529	0.00159	0.00582	0.00476	0.00529	0.00899
133	0.01134	0.00616	0.00635	0.00586	0.00750	0.00632	0.00452	0.09958	0.01277	0.03789	0.01680	0.01886	0.01301	0.00619	0.00392	0.00128	0.00290	0.00492	0.72836	0.00549
134	0.00644	0.00460	0.00613	0.00736	0.00767	0.00429	0.00491	0.00736	0.01012	0.01350	0.02914	0.81076	0.03497	0.01656	0.00675	0.00215	0.00307	0.01503	0.00491	0.00429
135	0.78799	0.01013	0.00812	0.00714	0.01047	0.01155	0.00588	0.01632	0.00947	0.08216	0.00840	0.00931	0.00629	0.00503	0.00343	0.00164	0.00412	0.00305	0.00352	0.00598
136	0.02285	0.00936	0.01239	0.00954	0.01354	0.00839	0.00786	0.08673	0.01594	0.69554	0.04665	0.01830	0.01403	0.00668	0.00535	0.00163	0.00454	0.00542	0.00641	0.00886
137	0.01964	0.07643	0.01677	0.01192	0.01618	0.01674	0.00997	0.70619	0.02377	0.03171	0.01228	0.01237	0.00882	0.00621	0.00514	0.00155	0.00580	0.00461	0.00506	0.00882
138	0.01358	0.01102	0.04705	0.00928	0.01356	0.00937	0.00781	0.17305	0.04535	0.07842	0.04161	0.04298	0.01172	0.00571	0.00467	0.00121	0.00448	0.01743	0.00409	0.45759
139	0.01818	0.01331	0.01475	0.01172	0.01526	0.01487	0.00957	0.56291	0.07645	0.06749	0.01444	0.06850	0.01135	0.00734	0.00632	0.00170	0.06677	0.00558	0.00510	0.00837
140	0.02007	0.01553	0.01580	0.01226	0.01639	0.07002	0.01006	0.71233	0.02417	0.03191	0.01238	0.01247	0.00884	0.00628	0.00525	0.00157	0.00607	0.00467	0.00511	0.00879
141	0.01203	0.01098	0.06772	0.00874	0.01349	0.00810	0.00755	0.07135	0.01218	0.04875	0.01060	0.03138	0.00872	0.00460	0.00423	0.00098	0.00435	0.00370	0.00341	0.66714
142	0.02010	0.01481	0.01587	0.01216	0.01639	0.01639	0.01005	0.76360	0.02486	0.03332	0.01269	0.01269	0.00899	0.00635	0.00529	0.00159	0.00582	0.00476	0.00529	0.00899
143	0.01038	0.00980	0.01657	0.70359	0.13124	0.01185	0.01488	0.01385	0.01076	0.01399	0.00947	0.01397	0.00722	0.00521	0.00528	0.00174	0.00695	0.00470	0.00238	0.00619
144	0.00811	0.00601	0.00816	0.00891	0.00974	0.00625	0.00719	0.00986	0.01103	0.01462	0.04856	0.20868	0.04798	0.09409	0.02568	0.00272	0.05980	0.41347	0.00452	0.00464
145	0.00687	0.00528	0.00761	0.00806	0.00879	0.00499	0.04670	0.00806	0.01021	0.01356	0.02859	0.63059	0.08864	0.04119	0.06160	0.00263	0.00419	0.01338	0.00459	0.00446
146	0.01064	0.00999	0.01688	0.66206	0.09961	0.01192	0.04749	0.03637	0.01124	0.01462	0.00994	0.01481	0.00770	0.00540	0.00536	0.00175	0.00699	0.01848	0.00252	0.00622
147	0.02090	0.00992	0.01236	0.00983	0.01364	0.00960	0.00800	0.09739	0.16674	0.54008	0.02010	0.01787	0.01331	0.00664	0.00528	0.00165	0.00451	0.00538	0.02801	0.00876
148	0.01308	0.01256	0.02146	0.03245	0.78123	0.01256	0.01622	0.01622	0.01204	0.01727	0.00994	0.01308	0.00837	0.00471	0.00523	0.00157	0.00628	0.00471	0.00262	0.00837
149	0.02279	0.00919	0.01257	0.00975	0.01352	0.00842	0.00806	0.02476	0.01459	0.72561	0.01979	0.01750	0.01261	0.00675	0.00624	0.00169	0.06592	0.00526	0.00622	0.00875
150	0.02254	0.01065	0.08211	0.00992	0.01434	0.00818	0.00883	0.02495	0.01477	0.71563	0.01983	0.01738	0.01251	0.00641	0.00529	0.00164	0.00480	0.00519	0.00615	0.00889
151	0.29603	0.00955	0.01088	0.00867	0.01249	0.00933	0.00715	0.04100	0.01336	0.51548	0.01621	0.01477	0.01056	0.00600	0.00464	0.00163	0.00440	0.00449	0.00544	0.00792
152	0.01085	0.08190	0.73440	0.01465	0.02224	0.01287	0.01881	0.01668	0.01113	0.01644	0.00934	0.01098	0.00670	0.00499	0.00491	0.00164	0.00766	0.00383	0.00223	0.00774
153	0.02825	0.02472	0.65585	0.01610	0.07470	0.01224	0.04257	0.01719	0.03033	0.03534	0.01009	0.01172	0.00722	0.00507	0.00506	0.00167	0.00750	0.00410	0.00248	0.00783
154	0.02105	0.00990	0.01249	0.00977	0.01348	0.00948	0.00797	0.18552	0.03697	0.51877	0.04559	0.01752	0.01333	0.00749	0.00640	0.05995	0.00471	0.00532	0.00592	0.00837
155	0.00756	0.00578	0.00698	0.00665	0.00812	0.00541	0.00499	0.01060	0.06642	0.01945	0.53797	0.05915	0.21858	0.01130	0.00619	0.00171	0.00267	0.00982	0.00555	0.00508
156	0.00772	0.00538	0.00700	0.00791	0.00863	0.00521	0.00562	0.00981	0.06321	0.04129	0.02820	0.65051	0.03243	0.01536	0.00666	0.00213	0.00338	0.08975	0.00499	0.00480
157	0.01183	0.01286	0.07100	0.44202	0.15607	0.06919	0.07197	0.04328	0.01186	0.01537	0.00998	0.01427	0.00787	0.00542	0.00553	0.00171	0.02022	0.02032	0.00260	0.00663
158	0.01364	0.02360	0.52545	0.01417	0.02050	0.12540	0.04353	0.01840	0.01238	0.11688	0.03021	0.01265	0.00869	0.00541	0.00510	0.00163	0.00754	0.00425	0.00298	0.00763
159	0.00699	0.00488	0.00592	0.00653	0.00679	0.00468	0.00409	0.00752	0.00915	0.01209	0.02504	0.41839	0.07278	0.37253	0.01572	0.00346	0.00396	0.01152	0.00415	0.00382
160	0.01102	0.00945	0.01099	0.00790	0.01256	0.00720	0.00632	0.01368	0.03014	0.01735	0.00970	0.01118	0.00804	0.00400	0.00395	0.00081	0.00392	0.00320	0.00319	0.82540
161	0.01056	0.02666	0.76340	0.01482	0.02240	0.01205	0.01908	0.01645	0.01103	0.01652	0.00948	0.01131	0.00677	0.00542	0.00549	0.02703	0.00772	0.00393	0.00223	0.00765
162	0.02372	0.00900	0.01227	0.00941	0.01350	0.00777	0.00777	0.02576	0.01513	0.78489	0.02086	0.01799	0.01309	0.00654	0.00532	0.00164	0.00450	0.00532	0.00654	0.00900
163	0.01315	0.01136	0.01195	0.01076	0.01375	0.01315	0.00837	0.02809	0.77168	0.02211	0.02152	0.01972	0.01614	0.00717	0.00538	0.00179	0.00418	0.00598	0.00538	0.00837
164	0.00658	0.00537	0.00582	0.00571	0.00735	0.00461	0.00428	0.00824	0.01284	0.01616	0.25081	0.04778	0.58066	0.01269	0.00624	0.00175	0.00263	0.01072	0.00516	0.00461
165	0.00780	0.00557	0.00768	0.00883	0.00975	0.00546	0.00719	0.00975	0.01163	0.01530	0.06093	0.30241	0.03274	0.01507	0.00708	0.00231	0.00418	0.47670	0.00492	0.00469
166	0.01101	0.01044	0.01771	0.54670	0.28319	0.01202	0.01519	0.01441	0.01106	0.01475	0.00958	0.01376	0.00749	0.00509	0.00527	0.00170	0.00679	0.00470	0.00244	0.00670
167	0.01136	0.00968	0.01116	0.00817	0.01272	0.00775	0.00652	0.03360	0.06972	0.01801	0.01041	0.01168	0.00850	0.00423	0.00406	0.00088	0.00398	0.00339	0.00336	0.76080
168	0.09249	0.00946	0.01212	0.00937	0.01340	0.00864	0.00774	0.07041	0.01522	0.67510	0.01923	0.01688	0.01222	0.00639	0.00514	0.00163	0.00455	0.00508	0.00619	0.00872
169	0.01151	0.00784	0.00927	0.00817	0.01057	0.00777	0.00632	0.01732	0.22735	0.12408	0.32239	0.04868	0.07412	0.00886	0.00564	0.00164	0.00338	0.00760	0.02645	0.07105
170	0.00796	0.00568	0.00788	0.00910	0.01007	0.00560	0.00755	0.00998	0.01162	0.01519	0.02830	0.26206	0.03165	0.01513	0.00715	0.00236	0.00438	0.54875	0.00488	0.00471
171	0.00646	0.00535	0.00565	0.00561	0.00728	0.00455	0.00419	0.00798	0.01249	0.01541	0.17267	0.06440	0.64369	0.01303	0.00626	0.00177	0.00266	0.01097	0.00506	0.00455
172	0.85155	0.01022	0.00777	0.00695	0.01022	0.01186	0.00573	0.01554	0.00900	0.02372	0.00736	0.00859	0.00573	0.00491	0.00327	0.00164	0.00409	0.00286	0.00327	0.00573
173	0.01271	0.01090	0.01158	0.01044	0.01330	0.01252	0.00811	0.02670	0.71358	0.02204	0.07963	0.02124	0.01873	0.00745	0.00544	0.00178	0.00405	0.00625	0.00541	0.00811
174	0.01060	0.02735	0.78682	0.01507	0.02288	0.01228	0.01953	0.01674	0.01116	0.01674	0.00949	0.01116	0.00670	0.00502	0.00502	0.00167	0.00781	0.00391	0.00223	0.00781
175	0.01413	0.81739	0.02770	0.00905	0.01357	0.02092	0.00905	0.01583	0.01074	0.01244	0.00735	0.00848	0.00678	0.00452	0.00339	0.00113	0.00565	0.00283	0.00226	0.00678
176	0.00998	0.00940	0.01586	0.80150	0.03641	0.01175	0.01468	0.01351	0.01057	0.01351	0.00940	0.01409	0.00705	0.00529	0.00529	0.00176	0.00705	0.00470	0.00235	0.00587
177	0.00632	0.00520	0.00556	0.00582	0.00727	0.00444	0.00423	0.00760	0.01171	0.01429	0.06662	0.21264	0.60202	0.01400	0.00635	0.00186	0.00276	0.01194	0.00493	0.00444
178	0.00656	0.00469	0.00628	0.00750	0.00786	0.00440	0.00512	0.00757	0.01024	0.01363	0.02907	0.76636	0.03470	0.01645	0.00678	0.00216	0.00317	0.05822	0.00491	0.00433
179	0.01975	0.02520	0.01498	0.01362	0.01634	0.79299	0.01021	0.02111	0.01498	0.01294	0.00817	0.00953	0.00681	0.00545	0.00477	0.00136	0.00953	0.00340	0.00272	0.00613
180	0.01086	0.01003	0.01546	0.39408	0.11581	0.01038	0.04420	0.01426	0.02907	0.01554	0.00981	0.01307	0.00772	0.00477	0.00487	0.00142	0.00593	0.00428	0.00273	0.28572
181	0.00918	0.00459	0.00689	0.00689	0.00689	0.00459	0.00459	0.00689	0.00689	0.00918	0.00918	0.01607	0.00918	0.01837	0.02066	0.84619	0.00459	0.00459	0.00230	0.00230
182	0.02353	0.00930	0.01246	0.00955	0.01365	0.00823	0.00789	0.06471	0.01564	0.74522	0.02043	0.01771	0.01287	0.00653	0.00531	0.00163	0.00457	0.00529	0.00648	0.00900
183	0.01043	0.01025	0.01815	0.03117	0.01732	0.01100	0.28238	0.01294	0.01073	0.01464	0.01691	0.02707	0.07234	0.10738	0.01157	0.00243	0.19527	0.13910	0.00321	0.00569
184	0.00806	0.00591	0.00807	0.00741	0.00796	0.00592	0.06195	0.00869	0.00839	0.01132	0.03169	0.03249	0.01871	0.64331	0.09568	0.00504	0.00620	0.02626	0.00322	0.00372
185	0.01876	0.00802	0.01076	0.00865	0.01187	0.00710	0.00698	0.03593	0.01518	0.54054	0.23274	0.03987	0.02373	0.00793	0.00560	0.00165	0.00394	0.00669	0.00628	0.00778
186	0.01308	0.01256	0.02146	0.03245	0.78123	0.01256	0.01622	0.01622	0.01204	0.01727	0.00994	0.01308	0.00837	0.00471	0.00523	0.00157	0.00628	0.00471	0.00262	0.00837
187	0.01429	0.01484	0.02029	0.02905	0.64303	0.15357	0.01514	0.01711	0.01257	0.01649	0.00962	0.01244	0.00809	0.00484	0.00515	0.00153	0.00687	0.00447	0.00264	0.00797
188	0.00802	0.00528	0.00776	0.00794	0.00854	0.00575	0.00591	0.00858	0.00837	0.01164	0.01487	0.08313	0.01506	0.05309	0.42669	0.25568	0.00956	0.05723	0.00298	0.00393
189	0.42868	0.03262	0.01139	0.00900	0.01271	0.07278	0.00735	0.20929	0.01389	0.02414	0.00910	0.01007	0.00699	0.00517	0.00401	0.00146	0.00497	0.00343	0.00371	0.12925
190	0.00854	0.00579	0.00646	0.00621	0.00650	0.00590	0.00368	0.05989	0.00887	0.01184	0.01638	0.03308	0.01851	0.75842	0.02541	0.00488	0.00517	0.00749	0.00335	0.00360
191	0.00663	0.00485	0.00619	0.00694	0.00759	0.00446	0.00476	0.00785	0.01112	0.01481	0.16017	0.56178	0.12862	0.03913	0.00720	0.00211	0.00298	0.01339	0.00501	0.00440
192	0.01096	0.00940	0.01096	0.00783	0.01253	0.00705	0.00626	0.01331	0.01096	0.01723	0.00940	0.01096	0.00783	0.00392	0.00392	0.00078	0.00392	0.00313	0.00313	0.84653
193	0.00641	0.00471	0.00602	0.00707	0.00759	0.00432	0.00478	0.00739	0.01040	0.01361	0.03270	0.69994	0.14348	0.01610	0.00667	0.00209	0.00301	0.01446	0.00491	0.00432
194	0.00726	0.00569	0.00637	0.00619	0.00769	0.00503	0.00453	0.00861	0.01128	0.01445	0.11478	0.04330	0.40527	0.18484	0.02515	0.00259	0.00367	0.06991	0.00446	0.06894
195	0.82164	0.03905	0.00848	0.00703	0.01034	0.01218	0.00584	0.01555	0.00906	0.02332	0.00736	0.00858	0.00576	0.00489	0.00328	0.00162	0.00415	0.00286	0.00324	0.00576
196	0.27638	0.43012	0.01940	0.00904	0.01300	0.08131	0.00819	0.08156	0.01178	0.01782	0.00789	0.00897	0.00665	0.00488	0.00363	0.00135	0.00550	0.00305	0.00288	0.00659
197	0.85155	0.01022	0.00777	0.00695	0.01022	0.01186	0.00573	0.01554	0.00900	0.02372	0.00736	0.00859	0.00573	0.00491	0.00327	0.00164	0.00409	0.00286	0.00327	0.00573
198	0.01773	0.01432	0.01428	0.01164	0.01517	0.08865	0.00933	0.51036	0.13648	0.02782	0.01514	0.08776	0.01229	0.00734	0.00539	0.00165	0.00567	0.00577	0.00502	0.00819
199	0.01457	0.01284	0.01259	0.01112	0.01422	0.08089	0.00868	0.09707	0.62192	0.03603	0.01951	0.01814	0.01460	0.00693	0.00532	0.00173	0.00481	0.00563	0.00516	0.00824
200	0.01286	0.01234	0.02106	0.08687	0.72853	0.01250	0.01612	0.01603	0.01193	0.01700	0.00991	0.01316	0.00828	0.00475	0.00524	0.00158	0.00633	0.00471	0.00260	0.00820
201	0.00650	0.00520	0.00555	0.00575	0.00702	0.00453	0.00404	0.00756	0.01108	0.01355	0.04401	0.17401	0.54258	0.13358	0.00942	0.00234	0.00311	0.01128	0.00465	0.00425
202	0.01248	0.01426	0.03119	0.02228	0.02763	0.01337	0.76203	0.01693	0.01248	0.01693	0.01070	0.01426	0.00802	0.00446	0.00624	0.00178	0.00891	0.00624	0.00267	0.00713
203	0.01096	0.00940	0.01096	0.00783	0.01253	0.00705	0.00626	0.01331	0.01096	0.01723	0.00940	0.01096	0.00783	0.00392	0.00392	0.00078	0.00392	0.00313	0.00313	0.84653
204	0.00777	0.00547	0.00714	0.00668	0.00799	0.00503	0.00502	0.01024	0.01492	0.03572	0.75136	0.03927	0.06182	0.01077	0.00622	0.00166	0.00254	0.00951	0.00582	0.00506
205	0.00776	0.00592	0.00851	0.00844	0.00916	0.00691	0.00640	0.00929	0.00849	0.01215	0.01512	0.08249	0.01519	0.13129	0.58479	0.00717	0.06677	0.00656	0.00300	0.00457
206	0.00748	0.00540	0.00707	0.00665	0.00790	0.00499	0.00499	0.00998	0.01496	0.02120	0.77844	0.03949	0.04988	0.01081	0.00624	0.00166	0.00249	0.00956	0.00582	0.00499
207	0.00994	0.00610	0.00775	0.00707	0.00877	0.00558	0.00536	0.03098	0.01439	0.13038	0.49425	0.09018	0.12744	0.02989	0.00661	0.00179	0.00299	0.00934	0.00568	0.00552
208	0.01413	0.81739	0.02770	0.00905	0.01357	0.02092	0.00905	0.01583	0.01074	0.01244	0.00735	0.00848	0.00678	0.00452	0.00339	0.00113	0.00565	0.00283	0.00226	0.00678
209	0.00802	0.00553	0.00721	0.00672	0.00808	0.00507	0.00507	0.01047	0.01492	0.04731	0.73885	0.03896	0.06226	0.01071	0.00620	0.00166	0.00257	0.00944	0.00583	0.00512
210	0.02372	0.00900	0.01227	0.00941	0.01350	0.00777	0.00777	0.02576	0.01513	0.78489	0.02086	0.01799	0.01309	0.00654	0.00532	0.00164	0.00450	0.00532	0.00654	0.00900
211	0.08310	0.01019	0.01262	0.00975	0.01381	0.00970	0.00805	0.16460	0.01653	0.58749	0.01833	0.01631	0.01178	0.00639	0.00516	0.00163	0.00472	0.00503	0.00607	0.00876
212	0.06259	0.00905	0.01206	0.00929	0.01334	0.00796	0.00767	0.02528	0.01484	0.74915	0.02022	0.01755	0.01274	0.00647	0.00522	0.00164	0.00448	0.00520	0.00639	0.00884
213	0.00662	0.00532	0.00590	0.00586	0.00739	0.00461	0.00436	0.00827	0.01278	0.01625	0.26338	0.09477	0.52026	0.01283	0.00628	0.00177	0.00265	0.01093	0.00517	0.00461
214	0.00776	0.00593	0.00720	0.00693	0.00840	0.00565	0.00524	0.01111	0.08382	0.01941	0.50806	0.07346	0.18632	0.01136	0.00622	0.00175	0.00280	0.03788	0.00553	0.00516
215	0.02193	0.01233	0.01329	0.01055	0.01443	0.11051	0.00856	0.16766	0.05842	0.49903	0.01769	0.01598	0.01166	0.00640	0.00524	0.00160	0.00538	0.00500	0.00575	0.00859
216	0.02166	0.01123	0.01354	0.01043	0.01447	0.01117	0.00859	0.32461	0.01907	0.45237	0.04486	0.01662	0.01275	0.00662	0.00534	0.00162	0.00496	0.00524	0.00601	0.00885
217	0.00650	0.00471	0.00614	0.00716	0.00764	0.00435	0.00484	0.00756	0.01060	0.01409	0.08276	0.69915	0.09313	0.01592	0.00667	0.00209	0.00300	0.01435	0.00497	0.00435
218	0.01276	0.01227	0.02109	0.11051	0.69016	0.01249	0.03118	0.01596	0.01190	0.01688	0.00990	0.01321	0.00823	0.00476	0.00526	0.00159	0.00641	0.00474	0.00259	0.00809
219	0.01413	0.81739	0.02770	0.00905	0.01357	0.02092	0.00905	0.01583	0.01074	0.01244	0.00735	0.00848	0.00678	0.00452	0.00339	0.00113	0.00565	0.00283	0.00226	0.00678
220	0.01445	0.67423	0.08466	0.00998	0.01457	0.10066	0.00997	0.01645	0.01122	0.01282	0.00760	0.00880	0.00678	0.00466	0.00366	0.00120	0.00622	0.00297	0.00231	0.00679
221	0.85155	0.01022	0.00777	0.00695	0.01022	0.01186	0.00573	0.01554	0.00900	0.02372	0.00736	0.00859	0.00573	0.00491	0.00327	0.00164	0.00409	0.00286	0.00327	0.00573
222	0.01530	0.01187	0.01269	0.01067	0.01387	0.01328	0.00842	0.29521	0.39396	0.04410	0.01901	0.01934	0.04034	0.06904	0.00703	0.00197	0.00481	0.00583	0.00519	0.00808
223	0.02010	0.01481	0.01587	0.01216	0.01639	0.01639	0.01005	0.76360	0.02486	0.03332	0.01269	0.01269	0.00899	0.00635	0.00529	0.00159	0.00582	0.00476	0.00529	0.00899
224	0.00832	0.00602	0.00824	0.00935	0.01061	0.00594	0.00812	0.01065	0.01216	0.01568	0.03027	0.05885	0.09721	0.01450	0.00721	0.00238	0.00467	0.68013	0.00487	0.00483
225	0.85155	0.01022	0.00777	0.00695	0.01022	0.01186	0.00573	0.01554	0.00900	0.02372	0.00736	0.00859	0.00573	0.00491	0.00327	0.00164	0.00409	0.00286	0.00327	0.00573
