[name]
unknown

[dist]
# distance from previous block
# <min> <max>
11	82

[block]
# block no. 0 follows, 46 sequences, length 39
# corresponding to MSA columns:
# 100-121,134-150
name=unknown_A
#
# <colnr> <probs for GDERKNQSTAVLIFYWHMCP>
#	G	D	E	R	K	N	Q	S	T	A	V	L	I	F	Y	W	H	M	C	P
0	0.01292	0.01056	0.11624	0.00946	0.01253	0.00839	0.00836	0.07110	0.12007	0.18939	0.12710	0.19520	0.07687	0.00967	0.00579	0.00179	0.00429	0.00829	0.00512	0.00684
1	0.07159	0.00880	0.01057	0.00879	0.01172	0.00861	0.00697	0.14729	0.03151	0.32623	0.12837	0.11324	0.04013	0.03729	0.00624	0.00181	0.00417	0.00704	0.02238	0.00724
2	0.02611	0.00796	0.02565	0.00799	0.01011	0.00765	0.00630	0.11565	0.08087	0.06986	0.31878	0.07296	0.13925	0.06264	0.00729	0.00195	0.00365	0.02415	0.00526	0.00593
3	0.00864	0.00571	0.00723	0.00713	0.00831	0.00552	0.00520	0.03688	0.01228	0.06056	0.25873	0.24281	0.09275	0.07500	0.09670	0.00280	0.00441	0.00990	0.05446	0.00496
4	0.01031	0.00992	0.11584	0.00960	0.01194	0.00794	0.02313	0.11601	0.02370	0.04459	0.04536	0.25552	0.05002	0.08023	0.04165	0.03883	0.00518	0.10026	0.00430	0.00566
5	0.04724	0.01082	0.01795	0.01407	0.01687	0.04076	0.29538	0.05497	0.01217	0.01711	0.11783	0.09817	0.01705	0.03826	0.04173	0.03322	0.09205	0.00701	0.02140	0.00594
6	0.02600	0.00831	0.02632	0.01137	0.11619	0.00760	0.00769	0.03614	0.03953	0.24665	0.17069	0.07488	0.08305	0.06536	0.00799	0.04923	0.00424	0.00723	0.00495	0.00658
7	0.04367	0.00859	0.02111	0.02584	0.01153	0.01952	0.01815	0.08180	0.02252	0.01728	0.06012	0.20896	0.10453	0.03500	0.03161	0.00191	0.04787	0.00779	0.00404	0.22815
8	0.33638	0.00960	0.03230	0.02588	0.01190	0.00992	0.02216	0.03567	0.05290	0.14420	0.01486	0.07505	0.04289	0.02953	0.00673	0.04950	0.04787	0.00527	0.02715	0.02025
9	0.01667	0.01115	0.01146	0.00983	0.01280	0.11645	0.00780	0.06573	0.16599	0.28423	0.14188	0.02401	0.05171	0.00793	0.00555	0.00168	0.00483	0.04745	0.00543	0.00741
10	0.06109	0.06084	0.01339	0.14989	0.01701	0.02410	0.02078	0.06526	0.06976	0.32250	0.08903	0.01894	0.03098	0.02622	0.00572	0.00172	0.00501	0.00550	0.00488	0.00738
11	0.01648	0.01139	0.01251	0.00994	0.01321	0.01204	0.00793	0.45856	0.01941	0.09769	0.04311	0.02143	0.10128	0.11813	0.00836	0.00208	0.00508	0.00606	0.00503	0.03025
12	0.00754	0.00533	0.00657	0.00648	0.00762	0.00487	0.00465	0.00926	0.01279	0.03806	0.40868	0.16200	0.18792	0.10414	0.00866	0.00216	0.00298	0.01041	0.00522	0.00468
13	0.01289	0.01069	0.11743	0.00973	0.01319	0.00809	0.04921	0.07694	0.01481	0.18509	0.33303	0.02601	0.05235	0.00804	0.00565	0.00161	0.00437	0.00695	0.00507	0.05883
14	0.12642	0.00738	0.00860	0.00765	0.00990	0.00723	0.00605	0.05428	0.03250	0.12168	0.38751	0.04265	0.06717	0.00929	0.00562	0.00168	0.00343	0.05597	0.00530	0.03967
15	0.01072	0.00914	0.01070	0.00780	0.01226	0.00690	0.00619	0.01299	0.01092	0.01702	0.01047	0.05445	0.00931	0.00460	0.00407	0.00086	0.00387	0.00378	0.00323	0.80073
16	0.02852	0.06344	0.01423	0.10929	0.03141	0.14523	0.00943	0.27046	0.07118	0.03733	0.01308	0.01434	0.02010	0.00693	0.02622	0.00170	0.00615	0.00461	0.11923	0.00714
17	0.01916	0.01434	0.01534	0.01197	0.01604	0.01596	0.00982	0.66456	0.12542	0.03181	0.01388	0.01364	0.00995	0.00646	0.00530	0.00161	0.00560	0.00492	0.00530	0.00891
18	0.11376	0.02189	0.16241	0.01395	0.05868	0.42667	0.01175	0.06747	0.01381	0.01656	0.00872	0.01021	0.00691	0.00538	0.00497	0.00149	0.02596	0.00362	0.00285	0.02294
19	0.01176	0.00549	0.00593	0.00554	0.00717	0.00532	0.00425	0.01416	0.01164	0.12473	0.01774	0.01947	0.01349	0.00621	0.00392	0.00129	0.00274	0.00498	0.72868	0.00549
20	0.00738	0.00559	0.00791	0.00791	0.00892	0.00623	0.00606	0.00909	0.00894	0.01243	0.01971	0.02568	0.11867	0.07943	0.64232	0.00739	0.01208	0.00653	0.00314	0.00460
21	0.01702	0.00894	0.01184	0.11794	0.01577	0.00894	0.00838	0.02195	0.16744	0.39880	0.14441	0.02135	0.01895	0.00720	0.00548	0.00169	0.00445	0.00607	0.00561	0.00778
22	0.00681	0.00493	0.00586	0.00643	0.00693	0.00460	0.00417	0.00751	0.00971	0.01259	0.02995	0.40180	0.17991	0.27864	0.01329	0.00305	0.00367	0.01183	0.00435	0.00397
23	0.01323	0.68401	0.02439	0.00894	0.01284	0.03991	0.00851	0.01481	0.01077	0.01260	0.01036	0.11862	0.01065	0.00620	0.00389	0.00128	0.00541	0.00452	0.00264	0.00642
24	0.05285	0.02225	0.01519	0.01414	0.05770	0.59509	0.01033	0.13926	0.01616	0.01686	0.00896	0.01019	0.00720	0.00553	0.00482	0.00142	0.00854	0.00367	0.00315	0.00669
25	0.01653	0.09399	0.05211	0.01134	0.01499	0.09281	0.00965	0.40069	0.07241	0.02532	0.11709	0.01602	0.01449	0.00678	0.00556	0.00157	0.03121	0.00513	0.00457	0.00773
26	0.03267	0.12531	0.01699	0.01161	0.01562	0.07566	0.00971	0.56165	0.02124	0.02789	0.01158	0.01213	0.00864	0.00734	0.03660	0.00179	0.00638	0.00440	0.00455	0.00824
27	0.01032	0.00959	0.01440	0.39907	0.02412	0.01172	0.01169	0.01277	0.00970	0.01357	0.00933	0.01439	0.00806	0.05170	0.04474	0.00226	0.22435	0.00467	0.00251	0.12103
28	0.00827	0.00627	0.00722	0.00732	0.00869	0.00603	0.00531	0.11128	0.01290	0.01664	0.05027	0.42760	0.28443	0.01397	0.00637	0.00194	0.00330	0.01219	0.00498	0.00501
29	0.00794	0.00622	0.00828	0.00778	0.00873	0.00665	0.00593	0.00992	0.01249	0.01767	0.46842	0.07177	0.07418	0.05703	0.10257	0.00278	0.11330	0.00868	0.00476	0.00491
30	0.01358	0.69327	0.14697	0.00999	0.01503	0.01956	0.01069	0.01597	0.01081	0.01311	0.00769	0.00890	0.00677	0.00460	0.00365	0.00122	0.00599	0.00300	0.00226	0.00695
31	0.00769	0.00513	0.00577	0.00577	0.00577	0.00513	0.00320	0.00769	0.00769	0.01025	0.01666	0.03460	0.01922	0.81421	0.02691	0.00513	0.00513	0.00769	0.00320	0.00320
32	0.01604	0.01217	0.01304	0.01087	0.01401	0.02954	0.00861	0.34689	0.30585	0.04341	0.01567	0.01589	0.01179	0.00830	0.00742	0.11758	0.00507	0.00518	0.00489	0.00778
33	0.06261	0.15659	0.03815	0.01189	0.01579	0.05312	0.04009	0.42111	0.03498	0.02491	0.01090	0.01185	0.00833	0.00674	0.02283	0.00171	0.06215	0.00433	0.00408	0.00785
34	0.00880	0.00525	0.00798	0.11603	0.01108	0.00552	0.00603	0.00788	0.00797	0.01055	0.01277	0.15755	0.01349	0.01625	0.01607	0.57973	0.00466	0.00647	0.00277	0.00314
35	0.00848	0.00625	0.00695	0.00675	0.02239	0.00561	0.00497	0.03869	0.03396	0.06889	0.14398	0.05433	0.53883	0.02821	0.00653	0.00182	0.00306	0.01002	0.00509	0.00517
36	0.73613	0.01257	0.11469	0.00807	0.01196	0.01192	0.00762	0.01570	0.00929	0.02276	0.00765	0.00894	0.00586	0.00492	0.00351	0.00164	0.00460	0.00301	0.00313	0.00601
37	0.01105	0.02430	0.04182	0.03195	0.12937	0.02323	0.12966	0.02756	0.01031	0.01463	0.01235	0.13479	0.01235	0.03170	0.06212	0.00250	0.28468	0.00656	0.00293	0.00617
38	0.01117	0.01211	0.07991	0.11865	0.01694	0.08723	0.03931	0.02583	0.01176	0.01626	0.06853	0.08737	0.02391	0.00639	0.00530	0.00136	0.03097	0.00532	0.00328	0.34841

[dist]
# distance from previous block
# <min> <max>
6	16

[block]
# block no. 1 follows, 46 sequences, length 18
# corresponding to MSA columns:
# 167-184
name=unknown_B
#
# <colnr> <probs for GDERKNQSTAVLIFYWHMCP>
#	G	D	E	R	K	N	Q	S	T	A	V	L	I	F	Y	W	H	M	C	P
0	0.15188	0.35247	0.12654	0.03289	0.01512	0.06278	0.00988	0.03938	0.04015	0.01653	0.00870	0.00995	0.00715	0.00482	0.00393	0.00132	0.00572	0.00329	0.00277	0.10474
1	0.09504	0.01230	0.03571	0.01038	0.01415	0.01258	0.00859	0.36512	0.09547	0.15791	0.01455	0.01559	0.01083	0.07214	0.00680	0.00187	0.00516	0.00493	0.00494	0.05596
2	0.01403	0.72976	0.02599	0.00923	0.01359	0.02007	0.00897	0.01716	0.09347	0.01349	0.00889	0.00970	0.00780	0.00481	0.00361	0.00120	0.00549	0.00317	0.00260	0.00696
3	0.00698	0.00511	0.00669	0.00749	0.00805	0.00507	0.00517	0.00862	0.04250	0.01369	0.04296	0.57965	0.05264	0.06726	0.11848	0.00318	0.00477	0.01265	0.00455	0.00448
4	0.00912	0.00630	0.00792	0.00733	0.00896	0.00607	0.00561	0.01290	0.09707	0.06897	0.60574	0.03692	0.06306	0.01033	0.00612	0.00170	0.00288	0.03163	0.00576	0.00559
5	0.00718	0.00525	0.00675	0.00667	0.00779	0.00481	0.00489	0.00928	0.01381	0.01917	0.57690	0.18451	0.10905	0.01210	0.00633	0.00176	0.00262	0.01072	0.00557	0.00481
6	0.01030	0.01127	0.07523	0.65782	0.03444	0.01196	0.09639	0.01412	0.01082	0.01412	0.00954	0.01389	0.00713	0.00518	0.00537	0.00176	0.00731	0.00481	0.00238	0.00615
7	0.00760	0.00509	0.00579	0.00588	0.00590	0.00507	0.00332	0.00766	0.00786	0.01048	0.01754	0.08928	0.02033	0.75801	0.02549	0.00492	0.00498	0.00821	0.00332	0.00328
8	0.00985	0.00493	0.00493	0.00493	0.00616	0.00493	0.00370	0.01232	0.01109	0.01971	0.01725	0.01971	0.01355	0.00616	0.00370	0.00123	0.00246	0.00493	0.84356	0.00493
9	0.01308	0.01256	0.02146	0.03245	0.78123	0.01256	0.01622	0.01622	0.01204	0.01727	0.00994	0.01308	0.00837	0.00471	0.00523	0.00157	0.00628	0.00471	0.00262	0.00837
10	0.01413	0.81739	0.02770	0.00905	0.01357	0.02092	0.00905	0.01583	0.01074	0.01244	0.00735	0.00848	0.00678	0.00452	0.00339	0.00113	0.00565	0.00283	0.00226	0.00678
11	0.00759	0.00548	0.00722	0.00699	0.00823	0.00511	0.00537	0.01008	0.01466	0.02061	0.69686	0.04168	0.04777	0.01122	0.00635	0.00175	0.00275	0.08958	0.00572	0.00498
12	0.01123	0.02296	0.53343	0.01749	0.02447	0.01264	0.26852	0.01681	0.01160	0.01681	0.00989	0.01220	0.00714	0.00483	0.00543	0.00171	0.00818	0.00469	0.00238	0.00758
13	0.01403	0.01159	0.01394	0.15893	0.07190	0.03580	0.01016	0.26650	0.15767	0.02273	0.09730	0.05178	0.01557	0.02307	0.00615	0.00177	0.02340	0.00595	0.00443	0.00734
14	0.00998	0.00940	0.01586	0.80150	0.03641	0.01175	0.01468	0.01351	0.01057	0.01351	0.00940	0.01409	0.00705	0.00529	0.00529	0.00176	0.00705	0.00470	0.00235	0.00587
15	0.08801	0.01443	0.01520	0.01174	0.01589	0.01602	0.00970	0.70251	0.02356	0.03253	0.01226	0.01236	0.00872	0.00623	0.00512	0.00159	0.00568	0.00460	0.00512	0.00872
16	0.10443	0.01451	0.02633	0.01962	0.03956	0.06981	0.56341	0.03935	0.01250	0.01775	0.01007	0.01314	0.00769	0.00479	0.00612	0.00174	0.03387	0.00554	0.00281	0.00694
17	0.01556	0.01151	0.07214	0.01257	0.04835	0.01034	0.09119	0.07310	0.18072	0.24337	0.03573	0.04498	0.01541	0.00742	0.00563	0.00176	0.00526	0.08542	0.00493	0.03460

[dist]
# distance from previous block
# <min> <max>
0	1

[block]
# block no. 2 follows, 46 sequences, length 10
# corresponding to MSA columns:
# 186-195
name=unknown_C
#
# <colnr> <probs for GDERKNQSTAVLIFYWHMCP>
#	G	D	E	R	K	N	Q	S	T	A	V	L	I	F	Y	W	H	M	C	P
0	0.75917	0.01073	0.00867	0.00753	0.01091	0.01236	0.00621	0.09866	0.01076	0.02479	0.00795	0.00904	0.00609	0.00507	0.00350	0.00163	0.00428	0.00307	0.00350	0.00609
1	0.00742	0.00559	0.00795	0.00795	0.00892	0.00626	0.00607	0.00911	0.00883	0.01235	0.01872	0.02512	0.09875	0.09293	0.65021	0.00751	0.01223	0.00642	0.00309	0.00458
2	0.00743	0.00555	0.00693	0.00670	0.00800	0.00516	0.00498	0.01010	0.04305	0.01958	0.58108	0.11133	0.14723	0.01155	0.00625	0.00173	0.00264	0.01015	0.00559	0.00498
3	0.05030	0.48608	0.07934	0.01047	0.01479	0.17196	0.00989	0.04990	0.01241	0.05971	0.00870	0.00964	0.00721	0.00496	0.00398	0.00129	0.00646	0.00325	0.00278	0.00691
4	0.00766	0.00523	0.00629	0.00629	0.00647	0.00541	0.00386	0.00802	0.00784	0.01064	0.01618	0.03194	0.01807	0.66543	0.17411	0.00577	0.00686	0.00730	0.00313	0.00349
5	0.85155	0.01022	0.00777	0.00695	0.01022	0.01186	0.00573	0.01554	0.00900	0.02372	0.00736	0.00859	0.00573	0.00491	0.00327	0.00164	0.00409	0.00286	0.00327	0.00573
6	0.00987	0.00924	0.01529	0.70433	0.03327	0.01157	0.01390	0.01309	0.01039	0.01346	0.01044	0.06217	0.00873	0.00622	0.00613	0.00182	0.05652	0.00532	0.00250	0.00577
7	0.00766	0.00523	0.00630	0.00630	0.00648	0.00541	0.00387	0.00803	0.00785	0.01064	0.01617	0.03191	0.01805	0.66358	0.17594	0.00578	0.00688	0.00729	0.00313	0.00350
8	0.03662	0.40647	0.05523	0.00938	0.01333	0.01577	0.00874	0.14398	0.05636	0.04113	0.09093	0.01669	0.07258	0.00641	0.00447	0.00140	0.00507	0.00479	0.00368	0.00697
9	0.02828	0.03251	0.01475	0.03600	0.18615	0.05238	0.02318	0.13756	0.09554	0.01970	0.01479	0.04805	0.05809	0.00611	0.00495	0.00142	0.00519	0.00515	0.00372	0.22647

[dist]
# distance from previous block
# <min> <max>
0	3

[block]
# block no. 3 follows, 46 sequences, length 23
# corresponding to MSA columns:
# 199-221
name=unknown_D
#
# <colnr> <probs for GDERKNQSTAVLIFYWHMCP>
#	G	D	E	R	K	N	Q	S	T	A	V	L	I	F	Y	W	H	M	C	P
0	0.00885	0.00606	0.00680	0.00651	0.00695	0.00620	0.00400	0.08347	0.00956	0.01277	0.01705	0.08138	0.01919	0.68287	0.02347	0.00458	0.00506	0.00786	0.00352	0.00385
1	0.00961	0.00793	0.03162	0.05600	0.01148	0.02306	0.00690	0.08649	0.03829	0.03643	0.34189	0.18709	0.09416	0.01085	0.00644	0.00179	0.03003	0.00935	0.00502	0.00559
2	0.01997	0.01048	0.01261	0.01006	0.01374	0.01052	0.00812	0.17940	0.16967	0.43246	0.01906	0.01812	0.01317	0.04966	0.00647	0.00184	0.00474	0.00546	0.00587	0.00856
3	0.60908	0.01099	0.01123	0.00925	0.01283	0.01224	0.08217	0.07459	0.05900	0.06174	0.00967	0.01065	0.00723	0.00520	0.00396	0.00166	0.00473	0.00367	0.00366	0.00645
4	0.01879	0.09474	0.01651	0.01154	0.01557	0.01621	0.00961	0.64706	0.02255	0.03003	0.01266	0.03107	0.00969	0.03249	0.00583	0.00167	0.00572	0.00489	0.00491	0.00848
5	0.54434	0.06018	0.09245	0.01039	0.05193	0.01268	0.04751	0.01705	0.08614	0.02149	0.00931	0.01049	0.00719	0.00509	0.00393	0.00163	0.00494	0.00355	0.00325	0.00648
6	0.04011	0.05500	0.01586	0.05407	0.03272	0.08875	0.06858	0.06340	0.10402	0.01688	0.01083	0.03573	0.00924	0.00657	0.00808	0.00164	0.21398	0.00468	0.00321	0.16666
7	0.08067	0.00695	0.00794	0.00726	0.00912	0.00692	0.00554	0.04185	0.05331	0.08863	0.25346	0.06111	0.22516	0.06758	0.03790	0.00223	0.02548	0.00842	0.00496	0.00548
8	0.01699	0.47298	0.02202	0.01046	0.01448	0.20290	0.00929	0.08780	0.01351	0.09196	0.00940	0.01008	0.00763	0.00512	0.00409	0.00128	0.00648	0.00339	0.00308	0.00706
9	0.00762	0.00518	0.00616	0.00621	0.00635	0.00530	0.00375	0.00792	0.00790	0.01066	0.01682	0.06413	0.01902	0.67425	0.13258	0.00547	0.00630	0.00770	0.00322	0.00346
10	0.00709	0.00539	0.00654	0.00634	0.00773	0.00483	0.00477	0.00918	0.01385	0.01867	0.50972	0.06075	0.28219	0.01186	0.00628	0.00173	0.00263	0.03015	0.00548	0.00480
11	0.01239	0.01399	0.02969	0.02144	0.02625	0.01365	0.68678	0.01651	0.01204	0.01651	0.01032	0.01399	0.00791	0.00494	0.00735	0.00184	0.08870	0.00608	0.00264	0.00700
12	0.24586	0.03755	0.32457	0.10085	0.07017	0.01263	0.01357	0.01633	0.04992	0.01828	0.00933	0.01130	0.00709	0.00537	0.00533	0.00170	0.05662	0.00388	0.00273	0.00693
13	0.00768	0.00533	0.00673	0.00677	0.00712	0.00563	0.00447	0.00836	0.00811	0.01109	0.01629	0.03117	0.01775	0.54042	0.26758	0.00609	0.00796	0.03456	0.00315	0.00374
14	0.00948	0.00860	0.01173	0.08959	0.01380	0.05846	0.04734	0.01129	0.00916	0.01251	0.01226	0.01922	0.01163	0.11943	0.40818	0.00563	0.13837	0.00553	0.00273	0.00504
15	0.01605	0.06096	0.04060	0.01306	0.01577	0.45925	0.05736	0.04671	0.01327	0.01395	0.00945	0.01202	0.00807	0.01149	0.14091	0.00269	0.06539	0.00410	0.00277	0.00613
16	0.85155	0.01022	0.00777	0.00695	0.01022	0.01186	0.00573	0.01554	0.00900	0.02372	0.00736	0.00859	0.00573	0.00491	0.00327	0.00164	0.00409	0.00286	0.00327	0.00573
17	0.01413	0.81739	0.02770	0.00905	0.01357	0.02092	0.00905	0.01583	0.01074	0.01244	0.00735	0.00848	0.00678	0.00452	0.00339	0.00113	0.00565	0.00283	0.00226	0.00678
18	0.00644	0.00460	0.00613	0.00736	0.00767	0.00429	0.00491	0.00736	0.01012	0.01350	0.02914	0.81076	0.03497	0.01656	0.00675	0.00215	0.00307	0.01503	0.00491	0.00429
19	0.01152	0.00920	0.01293	0.02711	0.11568	0.02609	0.06836	0.06728	0.10403	0.06150	0.17875	0.09858	0.02510	0.00958	0.00610	0.00187	0.00483	0.16034	0.00469	0.00647
20	0.20869	0.01705	0.01450	0.01475	0.12326	0.32912	0.01027	0.04850	0.01235	0.01684	0.00820	0.01032	0.00690	0.00595	0.00679	0.00164	0.15184	0.00374	0.00287	0.00641
21	0.00985	0.00493	0.00493	0.00493	0.00616	0.00493	0.00370	0.01232	0.01109	0.01971	0.01725	0.01971	0.01355	0.00616	0.00370	0.00123	0.00246	0.00493	0.84356	0.00493
22	0.01060	0.02735	0.78682	0.01507	0.02288	0.01228	0.01953	0.01674	0.01116	0.01674	0.00949	0.01116	0.00670	0.00502	0.00502	0.00167	0.00781	0.00391	0.00223	0.00781

[dist]
# distance from previous block
# <min> <max>
0	1

[block]
# block no. 4 follows, 46 sequences, length 21
# corresponding to MSA columns:
# 223-243
name=unknown_E
#
# <colnr> <probs for GDERKNQSTAVLIFYWHMCP>
#	G	D	E	R	K	N	Q	S	T	A	V	L	I	F	Y	W	H	M	C	P
0	0.01305	0.02921	0.07451	0.01592	0.03589	0.11510	0.27556	0.04174	0.14971	0.01702	0.01398	0.04137	0.03510	0.00754	0.03410	0.00199	0.08211	0.00579	0.00333	0.00696
1	0.15457	0.01315	0.01351	0.01094	0.01469	0.01480	0.00890	0.44784	0.21836	0.02880	0.01414	0.01387	0.01033	0.00633	0.00498	0.00165	0.00511	0.00477	0.00498	0.00829
2	0.00773	0.00559	0.00739	0.00735	0.00778	0.00617	0.00510	0.00865	0.00815	0.01136	0.01558	0.05256	0.01657	0.40901	0.37252	0.00645	0.03808	0.00690	0.00306	0.00402
3	0.01373	0.68415	0.09760	0.01135	0.07167	0.01949	0.01055	0.01594	0.01088	0.01320	0.00774	0.00907	0.00689	0.00458	0.00368	0.00121	0.00590	0.00307	0.00229	0.00700
4	0.01184	0.01157	0.04232	0.02711	0.60499	0.01114	0.01433	0.01476	0.01159	0.01650	0.01263	0.08940	0.01189	0.00863	0.06126	0.00215	0.00654	0.03085	0.00291	0.00760
5	0.01016	0.00759	0.01008	0.07722	0.03032	0.00798	0.00862	0.13382	0.01363	0.01798	0.02377	0.22241	0.02550	0.01270	0.00663	0.00215	0.00482	0.37436	0.00468	0.00557
6	0.85155	0.01022	0.00777	0.00695	0.01022	0.01186	0.00573	0.01554	0.00900	0.02372	0.00736	0.00859	0.00573	0.00491	0.00327	0.00164	0.00409	0.00286	0.00327	0.00573
7	0.00998	0.00940	0.01586	0.80150	0.03641	0.01175	0.01468	0.01351	0.01057	0.01351	0.00940	0.01409	0.00705	0.00529	0.00529	0.00176	0.00705	0.00470	0.00235	0.00587
8	0.01446	0.01299	0.01263	0.01117	0.01425	0.08607	0.00871	0.10098	0.62658	0.02238	0.01939	0.01807	0.01455	0.00693	0.00531	0.00173	0.00485	0.00562	0.00512	0.00822
9	0.02293	0.01026	0.01305	0.01000	0.01412	0.00964	0.00826	0.18579	0.01724	0.62189	0.01909	0.01684	0.01220	0.00650	0.00531	0.00163	0.00478	0.00520	0.00627	0.00900
10	0.01191	0.01458	0.09885	0.02085	0.06218	0.01249	0.58492	0.01623	0.01225	0.01677	0.01222	0.03642	0.01015	0.00553	0.00616	0.00182	0.00825	0.05854	0.00284	0.00703
11	0.00748	0.00540	0.00707	0.00665	0.00790	0.00499	0.00499	0.00998	0.01496	0.02120	0.77844	0.03949	0.04988	0.01081	0.00624	0.00166	0.00249	0.00956	0.00582	0.00499
12	0.01952	0.02334	0.03950	0.01340	0.01656	0.62472	0.01048	0.15830	0.01669	0.01683	0.00905	0.01017	0.00721	0.00560	0.00487	0.00141	0.00879	0.00367	0.00318	0.00671
13	0.00659	0.00539	0.00582	0.00577	0.00742	0.00463	0.00436	0.00821	0.01270	0.01586	0.21316	0.04861	0.59646	0.01285	0.00628	0.00178	0.00270	0.03174	0.00511	0.00459
14	0.00829	0.00666	0.00764	0.00792	0.04679	0.00622	0.00571	0.07897	0.01337	0.01688	0.11542	0.04457	0.49065	0.04384	0.00703	0.00194	0.00345	0.08467	0.00485	0.00512
15	0.00985	0.00493	0.00493	0.00493	0.00616	0.00493	0.00370	0.01232	0.01109	0.01971	0.01725	0.01971	0.01355	0.00616	0.00370	0.00123	0.00246	0.00493	0.84356	0.00493
16	0.85155	0.01022	0.00777	0.00695	0.01022	0.01186	0.00573	0.01554	0.00900	0.02372	0.00736	0.00859	0.00573	0.00491	0.00327	0.00164	0.00409	0.00286	0.00327	0.00573
17	0.01697	0.05686	0.01723	0.14025	0.03506	0.29608	0.05890	0.23501	0.01635	0.01927	0.00977	0.01162	0.00760	0.00577	0.00573	0.00156	0.05133	0.00425	0.00336	0.00704
18	0.00985	0.00493	0.00493	0.00493	0.00616	0.00493	0.00370	0.01232	0.01109	0.01971	0.01725	0.01971	0.01355	0.00616	0.00370	0.00123	0.00246	0.00493	0.84356	0.00493
19	0.04581	0.08463	0.01225	0.00892	0.01205	0.01024	0.00711	0.21709	0.01443	0.02033	0.03024	0.23153	0.01626	0.00858	0.00538	0.01855	0.00436	0.00696	0.00417	0.24112
20	0.09566	0.08705	0.01608	0.01314	0.03224	0.48742	0.03161	0.05411	0.01373	0.03199	0.00851	0.01010	0.00703	0.00571	0.00582	0.00149	0.08537	0.00364	0.00290	0.00639

[dist]
# distance from previous block
# <min> <max>
0	1

[block]
# block no. 5 follows, 46 sequences, length 17
# corresponding to MSA columns:
# 245-261
name=unknown_F
#
# <colnr> <probs for GDERKNQSTAVLIFYWHMCP>
#	G	D	E	R	K	N	Q	S	T	A	V	L	I	F	Y	W	H	M	C	P
0	0.52183	0.01288	0.06884	0.03489	0.12924	0.05740	0.00912	0.03712	0.05178	0.02148	0.00893	0.01039	0.00695	0.00509	0.00401	0.00162	0.00515	0.00352	0.00321	0.00654
1	0.04955	0.04510	0.05315	0.11106	0.04628	0.01163	0.24270	0.05839	0.07146	0.14707	0.08250	0.03107	0.01349	0.00606	0.00553	0.00170	0.00625	0.00581	0.00394	0.00724
2	0.00985	0.00493	0.00493	0.00493	0.00616	0.00493	0.00370	0.01232	0.01109	0.01971	0.01725	0.01971	0.01355	0.00616	0.00370	0.00123	0.00246	0.00493	0.84356	0.00493
3	0.01301	0.01220	0.02047	0.06423	0.60584	0.01239	0.05825	0.01726	0.07967	0.03233	0.02576	0.01438	0.00986	0.00509	0.00533	0.00161	0.00618	0.00501	0.00299	0.00813
4	0.61466	0.19290	0.05709	0.00789	0.01170	0.01392	0.00727	0.01567	0.00951	0.02078	0.00748	0.00871	0.00602	0.00483	0.00340	0.00152	0.00466	0.00291	0.00298	0.00608
5	0.30098	0.07922	0.19129	0.06601	0.09046	0.01320	0.04802	0.05648	0.01116	0.03858	0.00899	0.01087	0.00692	0.00526	0.00512	0.00165	0.05214	0.00383	0.00294	0.00688
6	0.00865	0.05396	0.01186	0.05515	0.01260	0.00782	0.09220	0.01027	0.01030	0.01401	0.03910	0.41433	0.02336	0.08532	0.00867	0.00217	0.05547	0.01018	0.00389	0.08069
7	0.80372	0.01120	0.05208	0.00741	0.01094	0.01188	0.00651	0.01561	0.00912	0.02332	0.00748	0.00873	0.00578	0.00491	0.00337	0.00164	0.00430	0.00292	0.00321	0.00584
8	0.00985	0.00493	0.00493	0.00493	0.00616	0.00493	0.00370	0.01232	0.01109	0.01971	0.01725	0.01971	0.01355	0.00616	0.00370	0.00123	0.00246	0.00493	0.84356	0.00493
9	0.00646	0.00536	0.00565	0.00558	0.00727	0.00455	0.00418	0.00800	0.01255	0.01548	0.17874	0.04891	0.65316	0.01294	0.00625	0.00176	0.00265	0.01088	0.00507	0.00455
10	0.00985	0.00493	0.00493	0.00493	0.00616	0.00493	0.00370	0.01232	0.01109	0.01971	0.01725	0.01971	0.01355	0.00616	0.00370	0.00123	0.00246	0.00493	0.84356	0.00493
11	0.06047	0.08021	0.01617	0.04120	0.03193	0.32060	0.01025	0.26387	0.01674	0.02025	0.00952	0.01087	0.00752	0.00598	0.00597	0.00154	0.08232	0.00397	0.00351	0.00711
12	0.00729	0.00539	0.00675	0.00641	0.00770	0.00491	0.00477	0.00951	0.01425	0.01971	0.63575	0.04117	0.16668	0.03818	0.00693	0.00180	0.00261	0.00976	0.00558	0.00484
13	0.01443	0.01381	0.10527	0.01123	0.01500	0.03100	0.00980	0.18843	0.41106	0.05096	0.04645	0.01884	0.04579	0.00706	0.00537	0.00171	0.00499	0.00572	0.00496	0.00813
14	0.00977	0.00765	0.01099	0.00993	0.01154	0.00865	0.04898	0.12164	0.01122	0.01574	0.01434	0.06381	0.01331	0.03035	0.56016	0.00652	0.04057	0.00606	0.00329	0.00550
15	0.01275	0.36201	0.37049	0.01203	0.01781	0.01596	0.01380	0.01718	0.05226	0.04284	0.00956	0.01074	0.00748	0.00511	0.00472	0.00147	0.03021	0.00363	0.00257	0.00739
16	0.06505	0.01631	0.14990	0.01317	0.03170	0.03638	0.06941	0.40951	0.03395	0.05759	0.01182	0.01249	0.00850	0.00572	0.00511	0.00157	0.00622	0.00453	0.00425	0.05683

[dist]
# distance from previous block
# <min> <max>
0	1

[block]
# block no. 6 follows, 46 sequences, length 14
# corresponding to MSA columns:
# 265-278
name=unknown_G
#
# <colnr> <probs for GDERKNQSTAVLIFYWHMCP>
#	G	D	E	R	K	N	Q	S	T	A	V	L	I	F	Y	W	H	M	C	P
0	0.01434	0.06150	0.01498	0.01489	0.16258	0.05507	0.01021	0.15726	0.21565	0.05026	0.01732	0.02244	0.02846	0.00746	0.00546	0.00172	0.00536	0.12129	0.00439	0.02939
1	0.00985	0.00493	0.00493	0.00493	0.00616	0.00493	0.00370	0.01232	0.01109	0.01971	0.01725	0.01971	0.01355	0.00616	0.00370	0.00123	0.00246	0.00493	0.84356	0.00493
2	0.01095	0.00951	0.01452	0.57864	0.02957	0.01138	0.01267	0.12029	0.01256	0.01635	0.01259	0.12384	0.01118	0.00699	0.00549	0.00179	0.00632	0.00613	0.00312	0.00610
3	0.01116	0.00783	0.00925	0.00821	0.01034	0.00796	0.00635	0.09631	0.16011	0.08494	0.41862	0.05867	0.07935	0.00963	0.00591	0.00170	0.00337	0.00829	0.00565	0.00634
4	0.00881	0.00711	0.00899	0.01013	0.09258	0.00718	0.00651	0.01299	0.15843	0.01705	0.19774	0.20799	0.12655	0.10367	0.00846	0.00220	0.00369	0.00957	0.00476	0.00558
5	0.00777	0.00549	0.00687	0.00653	0.00794	0.00495	0.00489	0.00995	0.01418	0.04679	0.57517	0.07583	0.19105	0.01142	0.00623	0.00171	0.00263	0.00997	0.00563	0.00500
6	0.01036	0.10770	0.51245	0.01277	0.01860	0.01157	0.01530	0.01511	0.01167	0.01663	0.09528	0.02064	0.01467	0.00692	0.00529	0.00172	0.00659	0.10677	0.00299	0.00699
7	0.00859	0.00532	0.00710	0.00782	0.00873	0.00493	0.00568	0.00986	0.01103	0.09759	0.02913	0.58826	0.06406	0.01507	0.00665	0.00212	0.00345	0.11464	0.00508	0.00489
8	0.13777	0.00948	0.01184	0.00922	0.01320	0.00880	0.00761	0.06437	0.01481	0.63908	0.01855	0.01641	0.01185	0.00631	0.00503	0.00163	0.00451	0.00495	0.00602	0.00854
9	0.00651	0.00526	0.00579	0.00588	0.00736	0.00454	0.00432	0.00801	0.01234	0.01549	0.18842	0.15358	0.53733	0.01333	0.00631	0.00181	0.00270	0.01139	0.00508	0.00454
10	0.01275	0.01213	0.01284	0.01147	0.09665	0.11647	0.00804	0.04335	0.01216	0.01725	0.00941	0.01106	0.00779	0.00431	0.00423	0.00098	0.00502	0.00340	0.00310	0.60758
11	0.00985	0.00493	0.00493	0.00493	0.00616	0.00493	0.00370	0.01232	0.01109	0.01971	0.01725	0.01971	0.01355	0.00616	0.00370	0.00123	0.00246	0.00493	0.84356	0.00493
12	0.05966	0.04652	0.30916	0.01217	0.04097	0.01098	0.02748	0.10709	0.01392	0.11041	0.15477	0.01732	0.01588	0.00635	0.00514	0.00159	0.00569	0.00517	0.00390	0.04584
13	0.01319	0.02862	0.14129	0.06125	0.48858	0.03785	0.04244	0.04862	0.01238	0.03035	0.00996	0.01269	0.00801	0.00507	0.00566	0.00162	0.03717	0.00457	0.00271	0.00797

[dist]
# distance from previous block
# <min> <max>
0	1

[block]
# block no. 7 follows, 46 sequences, length 65
# corresponding to MSA columns:
# 280-344
name=unknown_H
#
# <colnr> <probs for GDERKNQSTAVLIFYWHMCP>
#	G	D	E	R	K	N	Q	S	T	A	V	L	I	F	Y	W	H	M	C	P
0	0.05982	0.03450	0.01531	0.13056	0.06760	0.01085	0.07676	0.10401	0.01254	0.01862	0.00967	0.01189	0.00772	0.00481	0.00508	0.00129	0.03838	0.00398	0.00315	0.38347
1	0.82815	0.01070	0.02945	0.00718	0.01058	0.01187	0.00611	0.01557	0.00906	0.02352	0.00742	0.00866	0.00575	0.00491	0.00332	0.00164	0.00419	0.00289	0.00324	0.00578
2	0.01125	0.00919	0.01070	0.00823	0.01212	0.00766	0.00647	0.09984	0.01257	0.01865	0.03394	0.13293	0.01323	0.00630	0.00457	0.00111	0.00397	0.00530	0.00373	0.59827
3	0.01015	0.00970	0.01666	0.74203	0.03541	0.01194	0.05353	0.01367	0.01061	0.01367	0.00940	0.01404	0.00710	0.00534	0.00562	0.00178	0.02628	0.00478	0.00237	0.00594
4	0.00741	0.00540	0.00696	0.00657	0.00785	0.00496	0.00493	0.00983	0.01478	0.02077	0.73346	0.04020	0.09513	0.01097	0.00624	0.00167	0.00251	0.00966	0.00576	0.00496
5	0.00760	0.00515	0.00580	0.00580	0.00593	0.00512	0.00333	0.00772	0.00795	0.01052	0.01869	0.03521	0.06204	0.75155	0.04294	0.00501	0.00519	0.00784	0.00329	0.00331
6	0.01237	0.01899	0.34266	0.04062	0.32733	0.01275	0.08589	0.06478	0.01251	0.01797	0.00999	0.01238	0.00765	0.00494	0.00524	0.00164	0.00715	0.00452	0.00263	0.00801
7	0.85155	0.01022	0.00777	0.00695	0.01022	0.01186	0.00573	0.01554	0.00900	0.02372	0.00736	0.00859	0.00573	0.00491	0.00327	0.00164	0.00409	0.00286	0.00327	0.00573
8	0.00769	0.00513	0.00577	0.00577	0.00577	0.00513	0.00320	0.00769	0.00769	0.01025	0.01666	0.03460	0.01922	0.81421	0.02691	0.00513	0.00513	0.00769	0.00320	0.00320
9	0.01333	0.01145	0.01206	0.01080	0.01382	0.01323	0.00841	0.04749	0.75199	0.02241	0.02128	0.01954	0.01595	0.00715	0.00538	0.00179	0.00423	0.00594	0.00538	0.00838
10	0.00746	0.00542	0.00704	0.00668	0.00795	0.00500	0.00505	0.00991	0.01478	0.02079	0.73006	0.04048	0.07759	0.01101	0.00626	0.00169	0.00257	0.02954	0.00576	0.00496
11	0.85155	0.01022	0.00777	0.00695	0.01022	0.01186	0.00573	0.01554	0.00900	0.02372	0.00736	0.00859	0.00573	0.00491	0.00327	0.00164	0.00409	0.00286	0.00327	0.00573
12	0.00752	0.00505	0.00582	0.00598	0.00603	0.00501	0.00344	0.00764	0.00802	0.01070	0.01837	0.14109	0.02138	0.70477	0.02414	0.00472	0.00484	0.00870	0.00344	0.00335
13	0.01305	0.01271	0.01609	0.01366	0.01432	0.05911	0.01131	0.10419	0.01051	0.01523	0.00770	0.01159	0.00718	0.00869	0.01519	0.00217	0.66383	0.00458	0.00270	0.00619
14	0.01096	0.00940	0.01096	0.00783	0.01253	0.00705	0.00626	0.01331	0.01096	0.01723	0.00940	0.01096	0.00783	0.00392	0.00392	0.00078	0.00392	0.00313	0.00313	0.84653
15	0.00998	0.00940	0.01586	0.80150	0.03641	0.01175	0.01468	0.01351	0.01057	0.01351	0.00940	0.01409	0.00705	0.00529	0.00529	0.00176	0.00705	0.00470	0.00235	0.00587
16	0.12070	0.01417	0.01479	0.01150	0.01558	0.01577	0.00948	0.65496	0.04119	0.03188	0.01226	0.01237	0.00877	0.00619	0.00505	0.00160	0.00557	0.00456	0.00505	0.00858
17	0.01155	0.00732	0.01004	0.05446	0.06044	0.00775	0.00695	0.15137	0.01084	0.01453	0.00991	0.01512	0.00897	0.01446	0.01588	0.58367	0.00507	0.00464	0.00289	0.00416
18	0.01060	0.02735	0.78682	0.01507	0.02288	0.01228	0.01953	0.01674	0.01116	0.01674	0.00949	0.01116	0.00670	0.00502	0.00502	0.00167	0.00781	0.00391	0.00223	0.00781
19	0.00667	0.00523	0.00604	0.00614	0.00748	0.00460	0.00449	0.00830	0.01261	0.01632	0.27750	0.18884	0.41062	0.01317	0.00634	0.00181	0.00269	0.01138	0.00520	0.00460
20	0.00739	0.00540	0.00694	0.00655	0.00784	0.00495	0.00492	0.00980	0.01475	0.02069	0.72475	0.04033	0.10389	0.01100	0.00624	0.00167	0.00251	0.00968	0.00575	0.00495
21	0.00824	0.05952	0.05391	0.00903	0.01057	0.00808	0.00761	0.01034	0.00878	0.01255	0.01329	0.01922	0.01229	0.03472	0.67967	0.00749	0.03154	0.00536	0.00275	0.00505
22	0.01950	0.06013	0.01554	0.01342	0.01622	0.75893	0.01016	0.02088	0.01479	0.01292	0.00814	0.00949	0.00681	0.00541	0.00471	0.00135	0.00936	0.00338	0.00270	0.00616
23	0.85155	0.01022	0.00777	0.00695	0.01022	0.01186	0.00573	0.01554	0.00900	0.02372	0.00736	0.00859	0.00573	0.00491	0.00327	0.00164	0.00409	0.00286	0.00327	0.00573
24	0.00747	0.00543	0.00718	0.00821	0.00913	0.00521	0.00649	0.00914	0.01126	0.01460	0.03110	0.32666	0.12239	0.04354	0.00767	0.00235	0.00397	0.36880	0.00483	0.00455
25	0.01315	0.01136	0.01195	0.01076	0.01375	0.01315	0.00837	0.02809	0.77168	0.02211	0.02152	0.01972	0.01614	0.00717	0.00538	0.00179	0.00418	0.00598	0.00538	0.00837
26	0.01248	0.01426	0.03119	0.02228	0.02763	0.01337	0.76203	0.01693	0.01248	0.01693	0.01070	0.01426	0.00802	0.00446	0.00624	0.00178	0.00891	0.00624	0.00267	0.00713
27	0.00747	0.00548	0.00734	0.00748	0.00831	0.00517	0.02703	0.00820	0.00993	0.01320	0.04490	0.40586	0.12924	0.10843	0.01081	0.10466	0.02167	0.02610	0.00420	0.04452
28	0.85155	0.01022	0.00777	0.00695	0.01022	0.01186	0.00573	0.01554	0.00900	0.02372	0.00736	0.00859	0.00573	0.00491	0.00327	0.00164	0.00409	0.00286	0.00327	0.00573
29	0.00764	0.00531	0.00672	0.00672	0.00705	0.00564	0.00439	0.00830	0.00797	0.01096	0.01578	0.02976	0.01712	0.54359	0.29465	0.00630	0.00828	0.00698	0.00307	0.00373
30	0.01116	0.13973	0.65720	0.01441	0.02169	0.01354	0.03894	0.01662	0.01114	0.01613	0.00922	0.01087	0.00675	0.00494	0.00482	0.00160	0.00754	0.00382	0.00225	0.00765
31	0.01319	0.01390	0.07664	0.05014	0.55200	0.01288	0.11988	0.06462	0.01282	0.01812	0.01018	0.01311	0.00821	0.00482	0.00536	0.00161	0.00675	0.00487	0.00276	0.00813
32	0.01412	0.00945	0.01103	0.00901	0.01215	0.00906	0.00704	0.21303	0.03743	0.13680	0.05209	0.16471	0.02963	0.05368	0.00650	0.00171	0.00434	0.00687	0.00477	0.21658
33	0.01124	0.01118	0.01580	0.09150	0.01611	0.03299	0.03168	0.01279	0.00866	0.01288	0.00801	0.01273	0.00758	0.01157	0.09034	0.00282	0.60926	0.00475	0.00239	0.00573
34	0.01300	0.02581	0.01718	0.11485	0.14250	0.05095	0.03411	0.10491	0.01172	0.01638	0.00905	0.02452	0.00793	0.00717	0.01056	0.00189	0.35988	0.00473	0.00283	0.04005
35	0.07390	0.31447	0.41252	0.01198	0.01807	0.01518	0.01409	0.01678	0.01105	0.05485	0.00913	0.01034	0.00698	0.00491	0.00431	0.00147	0.00658	0.00351	0.00254	0.00734
36	0.00768	0.00517	0.00600	0.00600	0.00607	0.00525	0.00349	0.00784	0.00776	0.01042	0.01645	0.03343	0.01871	0.74907	0.09135	0.00541	0.00589	0.00752	0.00317	0.00333
37	0.01952	0.01450	0.01586	0.05691	0.01753	0.01613	0.01031	0.72109	0.02405	0.03219	0.01251	0.01277	0.00888	0.00629	0.00529	0.00160	0.00589	0.00476	0.00512	0.00881
38	0.00769	0.00513	0.00577	0.00577	0.00577	0.00513	0.00320	0.00769	0.00769	0.01025	0.01666	0.03460	0.01922	0.81421	0.02691	0.00513	0.00513	0.00769	0.00320	0.00320
39	0.19967	0.03476	0.01628	0.07299	0.09080	0.05724	0.11706	0.18543	0.01429	0.02159	0.05973	0.02632	0.01067	0.00598	0.00559	0.00165	0.04834	0.00485	0.00359	0.02318
40	0.03251	0.01161	0.01217	0.01079	0.01388	0.01338	0.00844	0.08651	0.69497	0.02304	0.02050	0.01891	0.01533	0.00706	0.00532	0.00177	0.00431	0.00581	0.00532	0.00836
41	0.05711	0.08320	0.53817	0.01420	0.02091	0.01252	0.08185	0.01760	0.01156	0.09957	0.01054	0.01183	0.00746	0.00509	0.00494	0.00164	0.00719	0.00413	0.00279	0.00769
42	0.01245	0.01419	0.03078	0.02205	0.02725	0.01345	0.74137	0.01682	0.01236	0.01682	0.01059	0.01419	0.00799	0.00459	0.00654	0.00180	0.03081	0.00619	0.00266	0.00709
43	0.01270	0.01119	0.03450	0.06802	0.01503	0.01185	0.00864	0.12656	0.43147	0.02148	0.02279	0.02191	0.12172	0.00752	0.00538	0.00169	0.00450	0.00620	0.00484	0.06199
44	0.01245	0.04734	0.01756	0.15114	0.01929	0.05307	0.10893	0.03198	0.01056	0.05761	0.01138	0.01472	0.04605	0.00836	0.03239	0.00214	0.36092	0.00510	0.00284	0.00620
45	0.00761	0.00560	0.00716	0.00687	0.00813	0.00529	0.00511	0.01050	0.04985	0.02030	0.64956	0.11334	0.06809	0.01127	0.00624	0.00172	0.00263	0.00997	0.00568	0.00506
46	0.01706	0.01086	0.01250	0.01023	0.01360	0.01139	0.00821	0.27769	0.17750	0.21255	0.07583	0.06932	0.01639	0.00848	0.02854	0.00186	0.00491	0.00616	0.00550	0.03144
47	0.00651	0.00465	0.00619	0.00732	0.00768	0.00434	0.00491	0.00753	0.01043	0.01399	0.07759	0.76088	0.03593	0.01619	0.00671	0.00212	0.00303	0.01468	0.00497	0.00434
48	0.00756	0.00562	0.00829	0.00829	0.00916	0.00650	0.00635	0.00931	0.00843	0.01212	0.01435	0.02182	0.01367	0.09857	0.73497	0.00824	0.01347	0.00582	0.00286	0.00460
49	0.00779	0.00558	0.00736	0.00830	0.00911	0.00550	0.00647	0.00965	0.02829	0.01436	0.02721	0.28720	0.05090	0.13535	0.01001	0.00272	0.00427	0.37077	0.00464	0.00451
50	0.01447	0.01201	0.01270	0.01103	0.01425	0.01377	0.00869	0.16811	0.62950	0.02425	0.01984	0.01839	0.01478	0.00702	0.00536	0.00175	0.00449	0.00575	0.00536	0.00849
51	0.04403	0.00903	0.01216	0.00935	0.01342	0.00787	0.00772	0.02551	0.01498	0.76622	0.02053	0.01776	0.01291	0.00650	0.00527	0.00164	0.00449	0.00526	0.00646	0.00892
52	0.00739	0.00605	0.00737	0.05819	0.02534	0.00550	0.00566	0.00936	0.01270	0.01647	0.24461	0.04297	0.41713	0.01153	0.00610	0.00173	0.00321	0.06143	0.00484	0.05241
53	0.02100	0.01111	0.01334	0.01040	0.01430	0.01117	0.00851	0.29803	0.06115	0.42597	0.01760	0.01658	0.01188	0.02549	0.02657	0.00189	0.00524	0.00521	0.00584	0.00872
54	0.01942	0.01354	0.01474	0.01142	0.01545	0.01469	0.00939	0.62555	0.03830	0.10738	0.01634	0.01584	0.05935	0.00684	0.00536	0.00161	0.00545	0.00525	0.00539	0.00869
55	0.00700	0.00528	0.00737	0.02604	0.00896	0.00516	0.02282	0.00828	0.01076	0.01458	0.13595	0.61681	0.03459	0.03655	0.00750	0.00215	0.02761	0.01328	0.00480	0.00451
56	0.02062	0.01396	0.01534	0.01176	0.01597	0.01514	0.00972	0.65634	0.02344	0.14258	0.01388	0.01346	0.00959	0.00637	0.00529	0.00159	0.00563	0.00484	0.00547	0.00899
57	0.19587	0.08014	0.01426	0.07467	0.01588	0.11477	0.00916	0.22496	0.15877	0.02262	0.01177	0.01247	0.00897	0.00592	0.00498	0.00160	0.02772	0.00424	0.00397	0.00728
58	0.00810	0.00601	0.00793	0.00930	0.05833	0.00590	0.00598	0.07208	0.01136	0.01524	0.02580	0.64763	0.03015	0.06002	0.00767	0.00223	0.00362	0.01308	0.00470	0.00489
59	0.00730	0.00538	0.00683	0.00651	0.00780	0.00491	0.00487	0.00962	0.01449	0.02016	0.67042	0.05901	0.14051	0.01126	0.00625	0.00169	0.00253	0.00989	0.00568	0.00491
60	0.33764	0.01198	0.01927	0.09667	0.12101	0.01251	0.29481	0.01595	0.01088	0.01926	0.00917	0.01189	0.00708	0.00475	0.00486	0.00170	0.00651	0.00457	0.00287	0.00662
61	0.01289	0.01234	0.02102	0.04808	0.74835	0.01238	0.01594	0.01603	0.01207	0.01728	0.02701	0.01369	0.00927	0.00486	0.00526	0.00158	0.00621	0.00482	0.00268	0.00825
62	0.01096	0.00940	0.01096	0.00783	0.01253	0.00705	0.00626	0.01331	0.01096	0.01723	0.00940	0.01096	0.00783	0.00392	0.00392	0.00078	0.00392	0.00313	0.00313	0.84653
63	0.01223	0.00983	0.01191	0.02822	0.01315	0.01039	0.05608	0.24429	0.11826	0.02191	0.10443	0.09375	0.20216	0.02165	0.00644	0.00181	0.02401	0.00797	0.00489	0.00664
64	0.00720	0.00535	0.00636	0.00643	0.00734	0.00512	0.00445	0.00869	0.02766	0.01439	0.17979	0.15157	0.22152	0.24279	0.08496	0.00338	0.00449	0.00980	0.00442	0.00430

[dist]
# distance from previous block
# <min> <max>
0	28

[block]
# block no. 8 follows, 46 sequences, length 13
# corresponding to MSA columns:
# 373-385
name=unknown_I
#
# <colnr> <probs for GDERKNQSTAVLIFYWHMCP>
#	G	D	E	R	K	N	Q	S	T	A	V	L	I	F	Y	W	H	M	C	P
0	0.01280	0.01329	0.06633	0.05949	0.62771	0.01258	0.04058	0.01701	0.06584	0.01743	0.01074	0.01352	0.00876	0.00492	0.00527	0.00161	0.00634	0.00480	0.00278	0.00820
1	0.00732	0.00536	0.00687	0.00657	0.00782	0.00491	0.00490	0.00964	0.01447	0.02022	0.67817	0.07779	0.11358	0.01131	0.00626	0.00170	0.00254	0.00997	0.00569	0.00491
2	0.01441	0.01377	0.01206	0.01133	0.04552	0.24696	0.00813	0.14396	0.03641	0.03878	0.02709	0.06021	0.01328	0.18397	0.08773	0.00302	0.03804	0.00574	0.00362	0.00597
3	0.01096	0.00940	0.01096	0.00783	0.01253	0.00705	0.00626	0.01331	0.01096	0.01723	0.00940	0.01096	0.00783	0.00392	0.00392	0.00078	0.00392	0.00313	0.00313	0.84653
4	0.01212	0.07928	0.45090	0.01381	0.04641	0.03991	0.03553	0.06408	0.01275	0.05480	0.07870	0.03501	0.01265	0.00629	0.00520	0.00165	0.00671	0.03367	0.00316	0.00736
5	0.01463	0.01632	0.04648	0.04579	0.35714	0.22512	0.06549	0.03226	0.06952	0.01637	0.01067	0.02825	0.00889	0.00553	0.00564	0.00159	0.03527	0.00473	0.00292	0.00742
6	0.85155	0.01022	0.00777	0.00695	0.01022	0.01186	0.00573	0.01554	0.00900	0.02372	0.00736	0.00859	0.00573	0.00491	0.00327	0.00164	0.00409	0.00286	0.00327	0.00573
7	0.00644	0.00460	0.00613	0.00736	0.00767	0.00429	0.00491	0.00736	0.01012	0.01350	0.02914	0.81076	0.03497	0.01656	0.00675	0.00215	0.00307	0.01503	0.00491	0.00429
8	0.05928	0.17203	0.34322	0.01608	0.15536	0.04400	0.01460	0.05340	0.04482	0.03592	0.00994	0.01140	0.00764	0.00508	0.00468	0.00154	0.00666	0.00393	0.00277	0.00765
9	0.00731	0.00534	0.00686	0.00659	0.00782	0.00490	0.00490	0.00960	0.01439	0.02009	0.66640	0.09394	0.10926	0.01142	0.00627	0.00171	0.00255	0.01007	0.00568	0.00490
10	0.04152	0.01202	0.05485	0.17483	0.26423	0.01207	0.09229	0.03473	0.15471	0.01782	0.01409	0.01811	0.02687	0.00612	0.00545	0.00174	0.00614	0.05173	0.00334	0.00734
11	0.00651	0.00476	0.00613	0.00706	0.00763	0.00438	0.00481	0.00763	0.01079	0.01430	0.10083	0.65087	0.12353	0.01566	0.00664	0.00206	0.00297	0.01407	0.00499	0.00438
12	0.01895	0.01332	0.01456	0.01146	0.01537	0.01457	0.00937	0.54361	0.14043	0.11097	0.04181	0.01530	0.01198	0.00665	0.00534	0.00163	0.00530	0.00518	0.00545	0.00875

[dist]
# distance from previous block
# <min> <max>
0	2

[block]
# block no. 9 follows, 46 sequences, length 50
# corresponding to MSA columns:
# 388-437
name=unknown_J
#
# <colnr> <probs for GDERKNQSTAVLIFYWHMCP>
#	G	D	E	R	K	N	Q	S	T	A	V	L	I	F	Y	W	H	M	C	P
0	0.43357	0.01009	0.01034	0.00842	0.01211	0.01051	0.00695	0.08188	0.01290	0.34545	0.01349	0.01289	0.00910	0.00572	0.00430	0.00163	0.00441	0.00405	0.00482	0.00738
1	0.01825	0.03629	0.03369	0.00950	0.01285	0.00870	0.00790	0.06129	0.08717	0.45727	0.02110	0.12058	0.01679	0.02883	0.00611	0.00184	0.00453	0.05378	0.00570	0.00782
2	0.01585	0.01688	0.06319	0.01370	0.07386	0.23511	0.01044	0.12899	0.34452	0.02039	0.01483	0.01478	0.01128	0.00624	0.00516	0.00162	0.00633	0.00485	0.00420	0.00779
3	0.82893	0.01068	0.02873	0.00717	0.01056	0.01187	0.00610	0.01557	0.00906	0.02353	0.00742	0.00866	0.00575	0.00491	0.00332	0.00164	0.00419	0.00289	0.00324	0.00578
4	0.08676	0.01510	0.06299	0.06898	0.08678	0.17247	0.01045	0.18814	0.06178	0.11444	0.02885	0.05622	0.01111	0.00645	0.00510	0.00161	0.00621	0.00505	0.00410	0.00741
5	0.01284	0.00966	0.01166	0.00941	0.01271	0.00928	0.00764	0.15330	0.01365	0.07327	0.03578	0.05999	0.01342	0.00901	0.05326	0.00183	0.07131	0.07427	0.00402	0.36369
6	0.01139	0.00938	0.01101	0.00788	0.01256	0.00707	0.00631	0.01373	0.01110	0.04291	0.00978	0.01120	0.00801	0.00400	0.00396	0.00081	0.00393	0.00321	0.00325	0.81851
7	0.01352	0.01154	0.01216	0.01083	0.01389	0.01332	0.00846	0.06690	0.73228	0.02271	0.02105	0.01935	0.01576	0.00713	0.00537	0.00178	0.00427	0.00591	0.00537	0.00840
8	0.01315	0.01097	0.01170	0.01050	0.01343	0.01256	0.00817	0.02705	0.70931	0.04398	0.06214	0.02074	0.01786	0.00735	0.00542	0.00178	0.00410	0.00615	0.00544	0.00820
9	0.00693	0.00726	0.09752	0.00826	0.00945	0.00523	0.00662	0.00846	0.01024	0.01388	0.02684	0.71716	0.03166	0.01521	0.00655	0.00209	0.00362	0.01373	0.00459	0.00471
