[name]
unknown

[dist]
# distance from previous block
# <min> <max>
0	93

[block]
# block no. 0 follows, 42 sequences, length 24
# corresponding to MSA columns:
# 101-124
name=unknown_A
#
# <colnr> <probs for GDERKNQSTAVLIFYWHMCP>
#	G	D	E	R	K	N	Q	S	T	A	V	L	I	F	Y	W	H	M	C	P
0	0.01415	0.01316	0.02161	0.12535	0.61480	0.01361	0.01652	0.07823	0.01377	0.01933	0.01076	0.01403	0.00880	0.00524	0.00558	0.00170	0.00674	0.00502	0.00299	0.00864
1	0.01426	0.01409	0.02201	0.03254	0.69872	0.06441	0.01656	0.01746	0.01310	0.01818	0.02861	0.01435	0.00987	0.00522	0.00556	0.00166	0.00682	0.00505	0.00288	0.00867
2	0.01065	0.00631	0.00822	0.00753	0.00932	0.00570	0.00572	0.01298	0.01527	0.14587	0.52297	0.10563	0.09879	0.01149	0.00652	0.00182	0.00308	0.01007	0.00616	0.00591
3	0.00681	0.00575	0.00593	0.00601	0.00787	0.00487	0.00460	0.00832	0.01284	0.01531	0.05519	0.05478	0.71586	0.01434	0.00673	0.00195	0.00301	0.05984	0.00522	0.00478
4	0.81093	0.04072	0.00907	0.00748	0.01102	0.01299	0.00623	0.01655	0.00965	0.02480	0.00784	0.00914	0.00614	0.00521	0.00349	0.00172	0.00442	0.00305	0.00344	0.00614
5	0.00686	0.00490	0.00653	0.00784	0.00816	0.00457	0.00522	0.00784	0.01077	0.01437	0.03102	0.79855	0.03722	0.01763	0.00718	0.00229	0.00326	0.01600	0.00522	0.00457
6	0.01505	0.80561	0.02949	0.00963	0.01444	0.02227	0.00963	0.01685	0.01143	0.01324	0.00782	0.00903	0.00722	0.00481	0.00361	0.00120	0.00602	0.00301	0.00241	0.00722
7	0.01471	0.73623	0.09593	0.01020	0.01533	0.02145	0.01063	0.01694	0.01147	0.01365	0.00803	0.00928	0.00721	0.00486	0.00377	0.00126	0.00622	0.00311	0.00240	0.00732
8	0.00686	0.00490	0.00653	0.00784	0.00816	0.00457	0.00522	0.00784	0.01077	0.01437	0.03102	0.79855	0.03722	0.01763	0.00718	0.00229	0.00326	0.01600	0.00522	0.00457
9	0.00695	0.00498	0.00652	0.00766	0.00806	0.00464	0.00512	0.00796	0.01091	0.01453	0.05672	0.71384	0.06198	0.05129	0.00808	0.00239	0.00332	0.01532	0.00518	0.00455
10	0.01550	0.03172	0.07935	0.01292	0.01654	0.10798	0.05100	0.19231	0.25006	0.02305	0.06152	0.06005	0.01541	0.00769	0.00641	0.00182	0.04781	0.00617	0.00468	0.00801
11	0.01447	0.68727	0.14281	0.01061	0.01595	0.02087	0.01133	0.01700	0.01150	0.01394	0.00817	0.00946	0.00721	0.00490	0.00388	0.00129	0.00637	0.00318	0.00240	0.00739
12	0.00936	0.00770	0.01045	0.00969	0.01008	0.00948	0.00732	0.01050	0.00895	0.01293	0.04861	0.02504	0.01603	0.28568	0.26448	0.00553	0.24359	0.00661	0.00313	0.00484
13	0.00840	0.00636	0.00932	0.01019	0.06077	0.00705	0.00698	0.01008	0.00924	0.01310	0.01610	0.06544	0.01611	0.17674	0.54943	0.00753	0.01213	0.00688	0.00319	0.00497
14	0.03707	0.01496	0.08212	0.05736	0.45410	0.03974	0.13816	0.01831	0.03169	0.05543	0.01140	0.01419	0.00898	0.00521	0.00567	0.00173	0.00722	0.00518	0.00306	0.00841
15	0.01288	0.04224	0.46651	0.01464	0.02101	0.03409	0.05567	0.11528	0.05301	0.02070	0.08400	0.01645	0.01293	0.00639	0.00559	0.00177	0.00729	0.01805	0.00344	0.00805
16	0.14620	0.01409	0.04847	0.02577	0.39993	0.01367	0.19449	0.05616	0.01310	0.02028	0.01048	0.01338	0.00835	0.00509	0.00550	0.00174	0.00703	0.00507	0.00305	0.00815
17	0.06189	0.07070	0.01780	0.01742	0.19417	0.15606	0.01157	0.30143	0.01831	0.02407	0.01211	0.04664	0.00996	0.00642	0.00529	0.00163	0.00671	0.00502	0.02463	0.00818
18	0.01426	0.23002	0.02438	0.06987	0.47955	0.01590	0.03196	0.03926	0.01277	0.01726	0.00990	0.01267	0.00838	0.00504	0.00507	0.00156	0.00660	0.00450	0.00275	0.00829
19	0.00889	0.07072	0.07082	0.02756	0.04394	0.02031	0.00777	0.01140	0.03990	0.01613	0.11871	0.38813	0.10326	0.01392	0.03024	0.00220	0.00453	0.01131	0.00464	0.00562
20	0.00893	0.02698	0.01020	0.05301	0.08393	0.00723	0.00734	0.01091	0.01238	0.01673	0.15453	0.20693	0.18074	0.03876	0.00735	0.00197	0.02384	0.04345	0.00459	0.10019
21	0.05093	0.06270	0.38067	0.02106	0.27250	0.01332	0.01723	0.01686	0.01191	0.01780	0.01106	0.05405	0.00929	0.00599	0.00574	0.00176	0.03132	0.00499	0.00272	0.00809
22	0.03371	0.01351	0.05013	0.18370	0.30238	0.08654	0.01369	0.04984	0.01374	0.09713	0.05324	0.01599	0.01155	0.00595	0.00547	0.00170	0.00658	0.00516	0.04224	0.00776
23	0.01396	0.04623	0.29588	0.06878	0.14742	0.06408	0.04526	0.08030	0.01409	0.06715	0.07158	0.01563	0.01202	0.00694	0.02494	0.00190	0.00739	0.00509	0.00340	0.00796

[dist]
# distance from previous block
# <min> <max>
4	11

[block]
# block no. 1 follows, 42 sequences, length 8
# corresponding to MSA columns:
# 139-146
name=unknown_B
#
# <colnr> <probs for GDERKNQSTAVLIFYWHMCP>
#	G	D	E	R	K	N	Q	S	T	A	V	L	I	F	Y	W	H	M	C	P
0	0.07566	0.01222	0.01990	0.09263	0.58200	0.01254	0.01538	0.01630	0.01235	0.01832	0.01210	0.05188	0.01091	0.00612	0.00559	0.00176	0.00635	0.03684	0.00303	0.00812
1	0.17170	0.01397	0.11382	0.01231	0.07496	0.05197	0.00999	0.17996	0.02922	0.03745	0.13715	0.01907	0.01676	0.05150	0.02134	0.00205	0.00571	0.00556	0.03830	0.00720
2	0.01071	0.07478	0.01403	0.01423	0.14897	0.04753	0.00943	0.01270	0.01033	0.01420	0.03238	0.01983	0.01318	0.09007	0.38651	0.00561	0.08091	0.00567	0.00298	0.00596
3	0.01519	0.23893	0.11785	0.05477	0.14413	0.18355	0.01280	0.03998	0.04968	0.01648	0.04543	0.01313	0.01024	0.00583	0.00533	0.00156	0.03029	0.00435	0.00302	0.00748
4	0.09012	0.01452	0.01664	0.01512	0.11683	0.01574	0.01098	0.52882	0.02235	0.09347	0.01336	0.01367	0.00955	0.00641	0.00544	0.00170	0.00599	0.00494	0.00518	0.00919
5	0.01416	0.52892	0.08631	0.01025	0.01457	0.04611	0.01007	0.01640	0.01142	0.04920	0.01004	0.01217	0.00878	0.01182	0.14556	0.00272	0.00796	0.00380	0.00275	0.00700
6	0.01392	0.39604	0.35665	0.01274	0.01907	0.01780	0.01465	0.07915	0.01290	0.01714	0.00931	0.01067	0.00738	0.00521	0.00455	0.00150	0.00705	0.00369	0.00267	0.00790
7	0.01468	0.48717	0.26917	0.01174	0.01765	0.01811	0.01313	0.01805	0.01197	0.07823	0.00977	0.01080	0.00775	0.00517	0.00435	0.00144	0.00666	0.00360	0.00278	0.00777

[dist]
# distance from previous block
# <min> <max>
3	11

[block]
# block no. 2 follows, 42 sequences, length 13
# corresponding to MSA columns:
# 158-170
name=unknown_C
#
# <colnr> <probs for GDERKNQSTAVLIFYWHMCP>
#	G	D	E	R	K	N	Q	S	T	A	V	L	I	F	Y	W	H	M	C	P
0	0.01185	0.02506	0.61881	0.01526	0.02255	0.01213	0.05708	0.01768	0.01258	0.05998	0.08272	0.01533	0.01196	0.00599	0.00556	0.00178	0.00764	0.00495	0.00302	0.00806
1	0.01952	0.09046	0.05494	0.03612	0.04202	0.09256	0.00954	0.02278	0.06625	0.39634	0.02150	0.02019	0.08848	0.00722	0.00548	0.00169	0.00560	0.00574	0.00529	0.00829
2	0.01383	0.02805	0.11379	0.03150	0.19099	0.02540	0.03770	0.06916	0.04984	0.11327	0.07308	0.09550	0.01756	0.03747	0.02059	0.01670	0.00604	0.04778	0.00424	0.00751
3	0.00718	0.00512	0.00651	0.00736	0.00781	0.00480	0.00487	0.00818	0.01094	0.01462	0.10130	0.55522	0.07488	0.15078	0.01076	0.00276	0.00356	0.01388	0.00501	0.00445
4	0.01617	0.01186	0.01279	0.03159	0.01418	0.03725	0.00861	0.35024	0.08210	0.04479	0.01617	0.05846	0.01313	0.03559	0.04068	0.00214	0.03650	0.00590	0.17420	0.00764
5	0.01472	0.03515	0.11842	0.13678	0.24741	0.12561	0.10936	0.08644	0.01410	0.01834	0.01037	0.01323	0.00816	0.00554	0.00599	0.00173	0.03297	0.00487	0.00296	0.00786
6	0.00864	0.00639	0.00782	0.00851	0.04751	0.00631	0.00578	0.01124	0.06038	0.01654	0.10403	0.13343	0.19690	0.12863	0.09328	0.00316	0.00494	0.03528	0.11606	0.00519
7	0.00765	0.00556	0.00699	0.00696	0.00802	0.00513	0.00497	0.00957	0.01378	0.01897	0.47148	0.17879	0.12215	0.10363	0.00926	0.00230	0.00311	0.01118	0.00560	0.00490
8	0.01476	0.41165	0.22051	0.03205	0.01787	0.11090	0.01278	0.01783	0.01230	0.04166	0.02966	0.01143	0.00870	0.00551	0.00492	0.00148	0.03208	0.00379	0.00273	0.00740
9	0.01363	0.20547	0.32059	0.01863	0.17922	0.01569	0.06321	0.06877	0.03135	0.01825	0.01030	0.01220	0.00804	0.00527	0.00510	0.00163	0.00726	0.00435	0.00281	0.00824
10	0.00996	0.00535	0.00575	0.00572	0.00689	0.00541	0.00420	0.01229	0.01146	0.01951	0.05633	0.02360	0.01693	0.08233	0.06791	0.00233	0.00387	0.00583	0.64925	0.00506
11	0.01251	0.01898	0.26828	0.04673	0.10517	0.01404	0.32828	0.01726	0.01219	0.01738	0.01039	0.01366	0.00796	0.00557	0.00740	0.00190	0.09649	0.00542	0.00263	0.00776
12	0.01561	0.02113	0.18854	0.02242	0.26254	0.23847	0.10804	0.04476	0.01407	0.01746	0.01013	0.01251	0.00800	0.00535	0.00551	0.00166	0.00840	0.00462	0.00284	0.00794

[dist]
# distance from previous block
# <min> <max>
0	10

[block]
# block no. 3 follows, 42 sequences, length 46
# corresponding to MSA columns:
# 181-211,213-227
name=unknown_D
#
# <colnr> <probs for GDERKNQSTAVLIFYWHMCP>
#	G	D	E	R	K	N	Q	S	T	A	V	L	I	F	Y	W	H	M	C	P
0	0.05424	0.01588	0.09687	0.02333	0.13049	0.01392	0.51869	0.01821	0.03692	0.01859	0.01135	0.01460	0.00862	0.00495	0.00619	0.00185	0.00857	0.00600	0.00292	0.00781
1	0.03285	0.00694	0.00900	0.00929	0.01097	0.00679	0.00765	0.04707	0.01388	0.08557	0.13156	0.15568	0.07578	0.01374	0.00706	0.00225	0.00441	0.36833	0.00547	0.00571
2	0.04709	0.01895	0.06288	0.06881	0.31102	0.29628	0.03779	0.01929	0.03371	0.01666	0.01000	0.01249	0.00818	0.00556	0.00568	0.00165	0.02901	0.00446	0.00289	0.00762
3	0.05509	0.10374	0.39726	0.04393	0.05805	0.01325	0.05547	0.03683	0.01293	0.13220	0.03200	0.01379	0.00959	0.00569	0.00525	0.00171	0.00709	0.00460	0.00336	0.00815
4	0.00751	0.00578	0.00680	0.00722	0.00858	0.00526	0.00555	0.00914	0.01246	0.01572	0.10176	0.13725	0.37967	0.08666	0.00899	0.00242	0.00368	0.18568	0.00513	0.00476
5	0.24986	0.14234	0.01583	0.01108	0.03668	0.03672	0.00902	0.25881	0.01615	0.07892	0.01137	0.01248	0.00872	0.00860	0.06151	0.00218	0.02363	0.00423	0.00417	0.00770
6	0.25151	0.05210	0.08318	0.01104	0.01534	0.04708	0.04573	0.10215	0.10644	0.15677	0.03475	0.01451	0.01099	0.00613	0.00491	0.00169	0.00555	0.00467	0.00448	0.04096
7	0.08438	0.17017	0.45637	0.07359	0.05812	0.01455	0.01652	0.01708	0.01168	0.01748	0.02611	0.01211	0.00818	0.00538	0.00492	0.00167	0.00728	0.00408	0.00259	0.00772
8	0.01368	0.44597	0.31142	0.01216	0.01817	0.03793	0.01378	0.03519	0.01214	0.01561	0.01032	0.01160	0.02987	0.00537	0.00445	0.00146	0.00691	0.00378	0.00257	0.00761
9	0.01277	0.33087	0.37920	0.01376	0.02013	0.01639	0.07916	0.01710	0.01203	0.01628	0.04665	0.01254	0.00956	0.00539	0.00484	0.00157	0.00724	0.00422	0.00262	0.00768
10	0.01027	0.00872	0.00897	0.00859	0.01053	0.06555	0.00671	0.07544	0.06543	0.01902	0.18968	0.05968	0.26083	0.03837	0.02655	0.00224	0.00454	0.12794	0.00520	0.00573
11	0.01486	0.03540	0.01539	0.02818	0.01601	0.01138	0.07849	0.21545	0.03455	0.05023	0.01218	0.01451	0.00973	0.04467	0.00698	0.04284	0.00549	0.00463	0.00402	0.35502
12	0.01022	0.03248	0.13676	0.01109	0.01432	0.00910	0.07327	0.04926	0.03843	0.01756	0.07509	0.25395	0.05606	0.04068	0.02294	0.00214	0.02641	0.02311	0.00418	0.10295
13	0.00978	0.00489	0.00733	0.00733	0.00733	0.00489	0.00489	0.00733	0.00733	0.00978	0.00978	0.01711	0.00978	0.01955	0.02199	0.83627	0.00489	0.00489	0.00244	0.00244
14	0.84197	0.01088	0.00827	0.00740	0.01088	0.01262	0.00609	0.01654	0.00958	0.02525	0.00784	0.00914	0.00609	0.00522	0.00348	0.00174	0.00435	0.00305	0.00348	0.00609
15	0.00852	0.00746	0.01262	0.01113	0.01298	0.00693	0.17082	0.01065	0.01224	0.01634	0.12164	0.40547	0.11019	0.02774	0.00735	0.00216	0.00465	0.04097	0.00478	0.00536
16	0.01251	0.01201	0.02211	0.19843	0.10988	0.01228	0.30530	0.05058	0.01301	0.01826	0.02607	0.01645	0.01017	0.02368	0.00653	0.00184	0.01981	0.00580	0.10142	0.03386
17	0.00822	0.00587	0.00743	0.00716	0.00864	0.00535	0.00546	0.01060	0.01506	0.03949	0.55407	0.06483	0.17251	0.01230	0.00671	0.00186	0.00293	0.06025	0.00595	0.00529
18	0.00818	0.00546	0.00614	0.00614	0.00614	0.00546	0.00341	0.00818	0.00818	0.01091	0.01773	0.03683	0.02046	0.80222	0.02864	0.00546	0.00546	0.00818	0.00341	0.00341
19	0.79773	0.01101	0.00873	0.02586	0.01173	0.01277	0.00646	0.03859	0.01013	0.02530	0.00806	0.00941	0.00623	0.00528	0.00360	0.00174	0.00448	0.00315	0.00352	0.00620
20	0.01383	0.30290	0.08588	0.01033	0.01380	0.14294	0.00944	0.01682	0.04925	0.01609	0.05479	0.05245	0.01313	0.00774	0.02844	0.00171	0.03198	0.00493	0.13691	0.00663
21	0.01328	0.01537	0.04907	0.02429	0.07993	0.01415	0.68036	0.01797	0.01322	0.01805	0.01130	0.01502	0.00853	0.00478	0.00654	0.00188	0.00927	0.00647	0.00283	0.00770
22	0.01367	0.01371	0.04408	0.07097	0.68381	0.01335	0.04329	0.01717	0.01273	0.01816	0.01057	0.01397	0.00878	0.00504	0.00561	0.00169	0.00687	0.00505	0.00276	0.00872
23	0.01694	0.01117	0.01264	0.01038	0.01395	0.03139	0.00827	0.14496	0.18221	0.21700	0.03557	0.07013	0.06144	0.00795	0.00597	0.00170	0.02683	0.00644	0.00546	0.12960
24	0.01116	0.00912	0.01085	0.02951	0.01297	0.00787	0.00702	0.04899	0.05261	0.01818	0.01576	0.11581	0.01540	0.06526	0.00683	0.00163	0.00444	0.06905	0.00395	0.49357
25	0.01236	0.01010	0.01194	0.00915	0.01339	0.00861	0.02194	0.09551	0.04661	0.03149	0.01556	0.09513	0.04778	0.00652	0.00490	0.00121	0.00437	0.00547	0.00402	0.55394
26	0.01439	0.01172	0.01332	0.01103	0.04231	0.06796	0.03429	0.11706	0.03654	0.08230	0.06310	0.06538	0.03078	0.00658	0.00515	0.00135	0.00506	0.00549	0.00429	0.38191
27	0.00891	0.00672	0.00846	0.00916	0.03641	0.00651	0.00622	0.07220	0.03703	0.01728	0.07654	0.52986	0.07091	0.03587	0.00731	0.00216	0.00372	0.01292	0.00511	0.04669
28	0.03189	0.07795	0.13087	0.01088	0.01482	0.04257	0.00998	0.14745	0.11828	0.06517	0.19155	0.05540	0.02155	0.00791	0.00560	0.00169	0.00524	0.00647	0.00480	0.04993
29	0.01120	0.06518	0.01117	0.02555	0.01075	0.02974	0.02600	0.08482	0.01177	0.03841	0.06604	0.08197	0.01936	0.35867	0.06932	0.00389	0.04624	0.00748	0.02715	0.00525
30	0.01239	0.01010	0.01194	0.00992	0.03787	0.00889	0.00757	0.05635	0.11840	0.03749	0.06982	0.03774	0.01503	0.00633	0.00498	0.00127	0.00433	0.04055	0.00421	0.50481
31	0.23003	0.19650	0.29576	0.01354	0.03985	0.03584	0.08174	0.01740	0.01145	0.01866	0.00909	0.01084	0.00706	0.00514	0.00459	0.00164	0.00688	0.00385	0.00274	0.00739
32	0.00730	0.00538	0.00693	0.00760	0.00845	0.00487	0.00526	0.00868	0.01185	0.01606	0.15884	0.57692	0.08450	0.01562	0.00689	0.00209	0.00318	0.01403	0.00529	0.05027
33	0.21618	0.09599	0.26501	0.10705	0.09441	0.01386	0.05029	0.03864	0.01192	0.04402	0.00992	0.01195	0.00747	0.00533	0.00486	0.00172	0.00674	0.00416	0.00297	0.00752
34	0.01898	0.06183	0.05427	0.03853	0.04032	0.17253	0.01114	0.40127	0.06806	0.02637	0.01264	0.01333	0.00944	0.00634	0.00533	0.00162	0.00690	0.00470	0.03801	0.00841
35	0.01085	0.00560	0.00575	0.00561	0.00698	0.00566	0.00422	0.03906	0.01212	0.02099	0.01780	0.02054	0.01404	0.00715	0.00480	0.03878	0.00285	0.00522	0.76667	0.00527
36	0.01548	0.01342	0.05396	0.01437	0.04171	0.08122	0.18341	0.12925	0.03454	0.12501	0.11354	0.05784	0.01731	0.00808	0.02373	0.00192	0.00655	0.00662	0.06452	0.00750
37	0.00755	0.00549	0.00684	0.00768	0.00834	0.00520	0.00524	0.03567	0.01142	0.01500	0.03220	0.59305	0.12102	0.08900	0.00905	0.00252	0.00357	0.03141	0.00507	0.00469
38	0.00699	0.00500	0.00644	0.00754	0.00791	0.00468	0.00498	0.00789	0.01059	0.01403	0.03087	0.67650	0.07239	0.10416	0.00953	0.00262	0.00349	0.01493	0.00502	0.00445
39	0.01294	0.01525	0.07978	0.04445	0.12641	0.02935	0.45516	0.01703	0.01251	0.01723	0.01128	0.03443	0.00917	0.00652	0.02446	0.00207	0.08546	0.00620	0.00282	0.00749
40	0.01993	0.01683	0.08828	0.01294	0.01755	0.05382	0.01129	0.54640	0.06667	0.07187	0.01406	0.01440	0.01012	0.02221	0.00603	0.00178	0.00640	0.00508	0.00522	0.00914
41	0.00914	0.00626	0.00710	0.00688	0.00732	0.00636	0.00423	0.06910	0.01015	0.01359	0.04089	0.10427	0.02206	0.64190	0.02414	0.00475	0.00523	0.00870	0.00384	0.00408
42	0.01151	0.00832	0.01054	0.01116	0.05709	0.00866	0.00839	0.11501	0.05678	0.04069	0.02554	0.16167	0.06377	0.03293	0.00752	0.00223	0.02579	0.27163	0.07455	0.00622
43	0.08512	0.06043	0.06816	0.03464	0.05859	0.33047	0.01110	0.15019	0.01641	0.08963	0.01252	0.01335	0.03309	0.00618	0.00514	0.00159	0.00764	0.00441	0.00381	0.00754
44	0.04529	0.13689	0.03431	0.01298	0.01621	0.39666	0.01061	0.12878	0.01574	0.01755	0.01127	0.01385	0.02884	0.00671	0.00618	0.00161	0.07499	0.03120	0.00335	0.00698
45	0.01246	0.07213	0.44755	0.05779	0.18100	0.01388	0.07116	0.03346	0.02592	0.01798	0.01045	0.01272	0.00787	0.00529	0.00541	0.00174	0.00776	0.00455	0.00264	0.00826

[dist]
# distance from previous block
# <min> <max>
2	3

[block]
# block no. 4 follows, 42 sequences, length 7
# corresponding to MSA columns:
# 231-237
name=unknown_E
#
# <colnr> <probs for GDERKNQSTAVLIFYWHMCP>
#	G	D	E	R	K	N	Q	S	T	A	V	L	I	F	Y	W	H	M	C	P
0	0.12931	0.00863	0.06326	0.00859	0.01057	0.00759	0.00701	0.06617	0.01301	0.01949	0.17369	0.32757	0.05893	0.03570	0.00693	0.00212	0.00403	0.04688	0.00494	0.00559
1	0.00763	0.00547	0.00670	0.00683	0.00761	0.00512	0.00463	0.00902	0.01221	0.01657	0.30779	0.21289	0.11741	0.23975	0.01307	0.00296	0.00362	0.01111	0.00507	0.00454
2	0.19075	0.22004	0.30190	0.01270	0.01833	0.03989	0.06623	0.01706	0.01136	0.01788	0.00935	0.01129	0.00740	0.00710	0.04545	0.00201	0.00738	0.00389	0.00271	0.00728
3	0.00758	0.00580	0.00740	0.00785	0.00884	0.00547	0.00563	0.00902	0.01184	0.01595	0.13691	0.48256	0.13473	0.01510	0.00734	0.00209	0.03564	0.04083	0.00514	0.05427
4	0.05903	0.03840	0.10549	0.01430	0.08525	0.16117	0.01142	0.18133	0.09262	0.05541	0.01296	0.01404	0.00986	0.00636	0.00585	0.00167	0.04840	0.00469	0.08387	0.00787
5	0.01313	0.01087	0.05222	0.01093	0.03016	0.03280	0.04599	0.09436	0.10166	0.10169	0.14533	0.08430	0.10751	0.00944	0.00607	0.00179	0.00482	0.05826	0.00510	0.08358
6	0.01298	0.17589	0.41364	0.01676	0.06196	0.05389	0.12191	0.01769	0.01212	0.01661	0.00969	0.01184	0.00746	0.00535	0.00573	0.00169	0.04009	0.00434	0.00250	0.00785

[dist]
# distance from previous block
# <min> <max>
0	1

[block]
# block no. 5 follows, 42 sequences, length 36
# corresponding to MSA columns:
# 241-259,262-278
name=unknown_F
#
# <colnr> <probs for GDERKNQSTAVLIFYWHMCP>
#	G	D	E	R	K	N	Q	S	T	A	V	L	I	F	Y	W	H	M	C	P
0	0.72024	0.01301	0.09126	0.00897	0.01306	0.01274	0.03686	0.01674	0.00997	0.02417	0.00822	0.00967	0.00630	0.00522	0.00381	0.00175	0.00498	0.00331	0.00334	0.00639
1	0.02866	0.12260	0.44988	0.01404	0.02035	0.04543	0.04340	0.04611	0.08355	0.01847	0.01205	0.03523	0.00940	0.00595	0.00517	0.00170	0.00724	0.00469	0.03820	0.00790
2	0.14968	0.01320	0.05267	0.01076	0.01445	0.06363	0.00899	0.11648	0.25181	0.15489	0.01969	0.03996	0.05386	0.00752	0.00540	0.00181	0.00520	0.01678	0.00515	0.00807
3	0.00856	0.00583	0.00658	0.00653	0.00678	0.00584	0.00386	0.03733	0.00923	0.01226	0.01964	0.09491	0.04125	0.68948	0.02550	0.00497	0.00525	0.00876	0.00369	0.00378
4	0.00691	0.00495	0.00649	0.00770	0.00805	0.00462	0.00511	0.00786	0.01072	0.01423	0.03116	0.74261	0.05734	0.05316	0.00814	0.00242	0.00335	0.01553	0.00514	0.00452
5	0.01180	0.02746	0.69460	0.01684	0.04696	0.01302	0.05702	0.01805	0.01208	0.03600	0.01047	0.01229	0.00742	0.00535	0.00543	0.00178	0.00824	0.00435	0.00252	0.00833
6	0.74130	0.01150	0.03784	0.07289	0.01372	0.01263	0.00744	0.01641	0.00980	0.02406	0.00810	0.00973	0.00625	0.00526	0.00373	0.00175	0.00477	0.00325	0.00336	0.00619
7	0.00712	0.00508	0.00683	0.00814	0.00858	0.00480	0.00568	0.00829	0.01103	0.01466	0.03087	0.71145	0.03665	0.01738	0.00725	0.00232	0.00349	0.10052	0.00522	0.00464
8	0.00685	0.00492	0.00651	0.00778	0.00815	0.00458	0.00520	0.00784	0.01083	0.01439	0.03171	0.77862	0.05670	0.01754	0.00717	0.00228	0.00325	0.01589	0.00522	0.00458
9	0.00869	0.00641	0.00826	0.02929	0.02754	0.00609	0.00628	0.01158	0.04490	0.04001	0.42921	0.09924	0.16627	0.01223	0.00668	0.00192	0.00334	0.08087	0.00568	0.00552
10	0.01915	0.13863	0.01785	0.01368	0.01658	0.59026	0.01071	0.02065	0.01454	0.01366	0.00862	0.01045	0.00742	0.00686	0.02480	0.00168	0.07140	0.00370	0.00280	0.00656
11	0.81403	0.01085	0.00856	0.03366	0.01182	0.01262	0.00642	0.01647	0.00963	0.02488	0.00791	0.00934	0.00614	0.00524	0.00355	0.00175	0.00446	0.00311	0.00345	0.00610
12	0.00978	0.00489	0.00733	0.00733	0.00733	0.00489	0.00489	0.00733	0.00733	0.00978	0.00978	0.01711	0.00978	0.01955	0.02199	0.83627	0.00489	0.00489	0.00244	0.00244
13	0.00685	0.00494	0.00649	0.00773	0.00813	0.00458	0.00518	0.00785	0.01088	0.01441	0.03233	0.76098	0.07394	0.01746	0.00716	0.00227	0.00324	0.01579	0.00522	0.00458
14	0.01378	0.01029	0.01151	0.01018	0.01271	0.01098	0.00779	0.29823	0.11613	0.02404	0.02156	0.31335	0.02150	0.03348	0.00677	0.00201	0.00463	0.00942	0.03316	0.03847
15	0.01421	0.04400	0.02222	0.08941	0.57508	0.06928	0.04487	0.01784	0.03638	0.01769	0.01072	0.01383	0.00887	0.00518	0.00551	0.00167	0.00701	0.00494	0.00285	0.00842
16	0.00692	0.00495	0.00653	0.00772	0.00810	0.00462	0.00515	0.00792	0.01088	0.01450	0.05058	0.73978	0.05390	0.03973	0.00777	0.00235	0.00330	0.01553	0.00520	0.00456
17	0.01115	0.00650	0.00830	0.00742	0.00944	0.00580	0.00572	0.01350	0.01543	0.16875	0.49710	0.03960	0.16706	0.01108	0.00645	0.00179	0.00311	0.00958	0.00618	0.00606
18	0.00950	0.00740	0.00977	0.06458	0.04276	0.00776	0.02295	0.04620	0.07404	0.01577	0.05046	0.25969	0.04252	0.25282	0.01356	0.00312	0.02080	0.04666	0.00437	0.00528
19	0.01219	0.03463	0.01187	0.05417	0.08967	0.08277	0.00841	0.01607	0.11679	0.08204	0.11133	0.17619	0.11033	0.04028	0.00699	0.00201	0.00490	0.02809	0.00478	0.00649
20	0.05103	0.01026	0.01198	0.01111	0.05658	0.01168	0.00829	0.21855	0.03860	0.02321	0.01434	0.01727	0.01159	0.03883	0.04705	0.00220	0.12632	0.00522	0.28902	0.00688
21	0.68903	0.01075	0.00904	0.02207	0.01175	0.01222	0.00654	0.05467	0.01102	0.07506	0.00964	0.01073	0.00723	0.00549	0.00380	0.00172	0.00445	0.00347	0.04484	0.00647
22	0.01226	0.05095	0.02945	0.20894	0.03631	0.01327	0.02518	0.11415	0.01233	0.01698	0.01244	0.07246	0.01166	0.08615	0.05042	0.00269	0.20927	0.00606	0.02266	0.00637
23	0.00836	0.00575	0.00756	0.00728	0.00856	0.00530	0.00539	0.01076	0.01522	0.04505	0.63829	0.14702	0.04964	0.01222	0.00668	0.00184	0.00281	0.01085	0.00608	0.00534
24	0.01161	0.02903	0.74813	0.01599	0.02413	0.03831	0.02047	0.01798	0.01202	0.01769	0.01005	0.01182	0.00713	0.00536	0.00534	0.00177	0.00838	0.00414	0.00239	0.00826
25	0.01419	0.22311	0.13778	0.02281	0.37397	0.01516	0.03128	0.01756	0.01249	0.05487	0.01112	0.01449	0.00933	0.00550	0.00513	0.00161	0.00667	0.03176	0.00293	0.00824
26	0.01757	0.01287	0.01395	0.01104	0.01464	0.01384	0.00885	0.52250	0.02175	0.02955	0.04405	0.04581	0.03364	0.08647	0.00787	0.00202	0.00551	0.00604	0.04374	0.05829
27	0.00694	0.00564	0.00616	0.00628	0.00790	0.00486	0.00467	0.00853	0.01306	0.01626	0.15967	0.13951	0.55304	0.01427	0.00674	0.00194	0.00293	0.03141	0.00537	0.00483
28	0.06133	0.00912	0.01194	0.00936	0.01330	0.00810	0.00768	0.02510	0.01539	0.64459	0.04126	0.01948	0.01467	0.00697	0.00542	0.00170	0.00450	0.00562	0.08558	0.00889
29	0.01482	0.01148	0.01470	0.03950	0.18603	0.01205	0.01056	0.20849	0.13315	0.07226	0.04287	0.04700	0.12737	0.00850	0.00597	0.00183	0.00525	0.04526	0.00491	0.00800
30	0.00978	0.00489	0.00733	0.00733	0.00733	0.00489	0.00489	0.00733	0.00733	0.00978	0.00978	0.01711	0.00978	0.01955	0.02199	0.83627	0.00489	0.00489	0.00244	0.00244
31	0.01548	0.01125	0.01241	0.01085	0.01412	0.01242	0.00852	0.04963	0.55204	0.14385	0.06589	0.02262	0.03970	0.00791	0.00579	0.00187	0.00441	0.00658	0.00594	0.00871
32	0.00781	0.00530	0.00625	0.00661	0.00670	0.00521	0.00391	0.00809	0.00890	0.01187	0.02143	0.24885	0.02513	0.58384	0.02267	0.00457	0.00485	0.01036	0.00391	0.00373
33	0.01734	0.01920	0.01480	0.01349	0.02941	0.40473	0.01021	0.08737	0.13439	0.01725	0.01222	0.01435	0.01013	0.02899	0.08882	0.00254	0.07952	0.00470	0.00359	0.00696
34	0.00934	0.00802	0.01115	0.01340	0.13974	0.02535	0.03694	0.01238	0.08496	0.01615	0.02721	0.48749	0.07846	0.01347	0.00666	0.00208	0.00434	0.01223	0.00471	0.00592
35	0.00814	0.00591	0.00795	0.00913	0.01018	0.00571	0.00741	0.01012	0.01225	0.01591	0.03271	0.29495	0.10202	0.01608	0.00748	0.00243	0.00436	0.43709	0.00520	0.00495

[dist]
# distance from previous block
# <min> <max>
0	6

[block]
# block no. 6 follows, 42 sequences, length 20
# corresponding to MSA columns:
# 285-304
name=unknown_G
#
# <colnr> <probs for GDERKNQSTAVLIFYWHMCP>
#	G	D	E	R	K	N	Q	S	T	A	V	L	I	F	Y	W	H	M	C	P
0	0.00754	0.00515	0.00686	0.00800	0.00849	0.00484	0.00550	0.00863	0.01097	0.03401	0.03018	0.69677	0.03562	0.04788	0.00802	0.00242	0.00353	0.06569	0.00520	0.00470
1	0.00824	0.00632	0.00942	0.00931	0.01027	0.00751	0.00728	0.01021	0.00902	0.01309	0.01472	0.02166	0.01376	0.04071	0.74470	0.00874	0.05101	0.00598	0.00299	0.00508
2	0.02166	0.01533	0.01662	0.01274	0.01723	0.01681	0.01053	0.69755	0.02573	0.08730	0.01412	0.01391	0.00988	0.00677	0.00563	0.00169	0.00609	0.00511	0.00572	0.00957
3	0.01823	0.01363	0.01475	0.01157	0.01566	0.01460	0.00940	0.51622	0.08645	0.03044	0.01492	0.04998	0.01158	0.00697	0.00543	0.00160	0.00545	0.00546	0.04948	0.11818
4	0.01568	0.01854	0.10130	0.06201	0.33029	0.23395	0.01447	0.07501	0.01460	0.01793	0.01286	0.01496	0.05179	0.00598	0.00547	0.00164	0.00764	0.00492	0.00312	0.00783
5	0.03063	0.07557	0.57815	0.01765	0.12454	0.01342	0.01871	0.01740	0.01207	0.01794	0.03666	0.01298	0.00898	0.00548	0.00527	0.00173	0.00766	0.00439	0.00259	0.00817
6	0.04297	0.14390	0.30478	0.01690	0.16600	0.01363	0.01476	0.01860	0.06488	0.08484	0.03647	0.04473	0.01141	0.00617	0.00522	0.00169	0.00653	0.00505	0.00338	0.00809
7	0.00693	0.00493	0.00651	0.00775	0.00805	0.00462	0.00513	0.00785	0.01064	0.01418	0.03031	0.75791	0.03633	0.05949	0.00833	0.00245	0.00338	0.01558	0.00513	0.00451
8	0.01174	0.01193	0.03820	0.45004	0.03235	0.01281	0.22382	0.03908	0.03872	0.01650	0.01194	0.01759	0.00950	0.02583	0.00657	0.00199	0.00780	0.03389	0.00294	0.00677
9	0.01504	0.03639	0.07683	0.01076	0.01420	0.09743	0.00916	0.09528	0.20597	0.12123	0.17859	0.02445	0.07403	0.00826	0.00580	0.00175	0.00519	0.00674	0.00525	0.00764
10	0.02244	0.01408	0.01585	0.01215	0.01661	0.01496	0.01004	0.55247	0.02365	0.23532	0.01587	0.01504	0.01076	0.00681	0.00564	0.00170	0.00581	0.00523	0.00599	0.00957
11	0.02490	0.01013	0.01340	0.01028	0.01464	0.00910	0.00849	0.09224	0.01704	0.70488	0.02142	0.01865	0.01354	0.00695	0.00566	0.00174	0.00491	0.00561	0.00685	0.00958
12	0.01330	0.00790	0.00845	0.00746	0.00955	0.00833	0.00582	0.14965	0.05719	0.05819	0.03612	0.02022	0.01463	0.02282	0.00523	0.00155	0.01660	0.00547	0.54510	0.00643
13	0.01494	0.48754	0.22204	0.01202	0.01747	0.13161	0.01273	0.01793	0.01222	0.01452	0.00855	0.00994	0.00720	0.00510	0.00428	0.00139	0.00723	0.00340	0.00247	0.00741
14	0.00810	0.00542	0.00616	0.00625	0.00627	0.00540	0.00353	0.00816	0.00835	0.01113	0.01858	0.08573	0.02154	0.75185	0.02727	0.00525	0.00532	0.00869	0.00353	0.00348
15	0.00980	0.00490	0.00725	0.00725	0.00730	0.00490	0.00485	0.00755	0.00750	0.01020	0.01010	0.01725	0.00995	0.01906	0.02132	0.80489	0.00480	0.00490	0.03367	0.00255
16	0.03622	0.14130	0.01144	0.00835	0.04790	0.00985	0.00633	0.06114	0.01248	0.02014	0.01507	0.01746	0.01208	0.00654	0.00488	0.02018	0.02597	0.00477	0.53189	0.00603
17	0.07417	0.12736	0.01621	0.01093	0.01506	0.03219	0.00916	0.28724	0.10761	0.20426	0.01649	0.01582	0.02801	0.00667	0.00519	0.00165	0.00544	0.00506	0.02284	0.00865
18	0.00690	0.00561	0.00612	0.00620	0.00781	0.00483	0.00457	0.00849	0.01312	0.01638	0.17615	0.14154	0.55432	0.01418	0.00671	0.00192	0.00287	0.01208	0.00539	0.00483
19	0.00697	0.00498	0.00666	0.00797	0.00834	0.00467	0.00542	0.00803	0.01089	0.01449	0.03095	0.76091	0.03697	0.01752	0.00721	0.00230	0.00336	0.05252	0.00522	0.00460

[dist]
# distance from previous block
# <min> <max>
4	8

[block]
# block no. 7 follows, 42 sequences, length 29
# corresponding to MSA columns:
# 313-341
name=unknown_H
#
# <colnr> <probs for GDERKNQSTAVLIFYWHMCP>
#	G	D	E	R	K	N	Q	S	T	A	V	L	I	F	Y	W	H	M	C	P
0	0.01182	0.00938	0.03367	0.01076	0.01396	0.00800	0.11025	0.04416	0.01337	0.09430	0.13582	0.18938	0.02356	0.03610	0.00676	0.00182	0.00482	0.03735	0.00463	0.21010
1	0.01338	0.01012	0.01192	0.01027	0.02779	0.00990	0.00784	0.19260	0.04949	0.04964	0.01775	0.18791	0.01728	0.04917	0.00721	0.00183	0.03019	0.04169	0.00461	0.25941
2	0.00813	0.00589	0.00713	0.00690	0.00824	0.00543	0.00501	0.01041	0.03321	0.03484	0.42862	0.10305	0.20504	0.10226	0.00914	0.00226	0.00316	0.01060	0.00559	0.00509
3	0.01351	0.06935	0.18244	0.13784	0.27007	0.08696	0.03928	0.03853	0.03884	0.01750	0.02459	0.03505	0.00990	0.00583	0.00546	0.00171	0.00728	0.00505	0.00295	0.00784
4	0.00710	0.00562	0.00639	0.00678	0.00818	0.00497	0.00506	0.00860	0.01246	0.01554	0.09223	0.20927	0.46041	0.04035	0.00760	0.00217	0.00327	0.09403	0.00522	0.00475
5	0.26824	0.33101	0.14498	0.01114	0.04135	0.01660	0.01071	0.01649	0.01074	0.01789	0.00856	0.01039	0.00719	0.00675	0.03481	0.00185	0.04803	0.00350	0.00277	0.00698
6	0.00974	0.00565	0.00845	0.02798	0.00897	0.00617	0.00592	0.00827	0.00774	0.01056	0.01030	0.01738	0.01011	0.02146	0.11841	0.65420	0.05801	0.00504	0.00252	0.00312
7	0.00806	0.00561	0.00681	0.00721	0.00760	0.00557	0.00467	0.02754	0.00993	0.01322	0.02376	0.29657	0.04955	0.41694	0.05789	0.00423	0.00513	0.04134	0.00420	0.00417
8	0.01214	0.00999	0.01172	0.00839	0.01337	0.00753	0.00672	0.01463	0.01182	0.04448	0.01043	0.01193	0.00853	0.00426	0.00422	0.00087	0.00419	0.00341	0.00346	0.80790
9	0.04342	0.01880	0.06240	0.02950	0.04974	0.20591	0.01152	0.42513	0.05423	0.02704	0.01217	0.01283	0.00902	0.00633	0.00541	0.00165	0.00722	0.00465	0.00451	0.00851
10	0.00905	0.00692	0.01010	0.00970	0.01063	0.00833	0.00762	0.01089	0.00914	0.03296	0.01436	0.02131	0.01344	0.06571	0.63245	0.00786	0.11527	0.00596	0.00306	0.00523
11	0.01864	0.01339	0.01632	0.02690	0.03050	0.01421	0.06596	0.44761	0.06439	0.11108	0.01707	0.08232	0.02890	0.00765	0.00583	0.00176	0.00585	0.00636	0.00536	0.02989
12	0.01199	0.18620	0.34216	0.01380	0.03873	0.01359	0.07507	0.01618	0.01253	0.03682	0.11247	0.01840	0.06035	0.00672	0.00577	0.00169	0.03143	0.00548	0.00324	0.00739
13	0.00690	0.00493	0.00657	0.00780	0.00817	0.00460	0.00523	0.00795	0.01099	0.01471	0.06210	0.76648	0.03789	0.01737	0.00716	0.00226	0.00324	0.01575	0.00527	0.00460
14	0.04038	0.01390	0.04351	0.16136	0.47411	0.07405	0.03007	0.01686	0.01268	0.01743	0.01136	0.01650	0.00975	0.00581	0.00562	0.00175	0.00705	0.04701	0.00290	0.00791
15	0.06021	0.10480	0.15580	0.21659	0.06597	0.01381	0.04739	0.13603	0.01428	0.02014	0.05286	0.01547	0.02186	0.00606	0.00526	0.00170	0.00657	0.00500	0.04284	0.00737
16	0.02525	0.00958	0.01306	0.01001	0.01437	0.00827	0.00827	0.02743	0.01611	0.77102	0.02220	0.01915	0.01393	0.00697	0.00566	0.00174	0.00479	0.00566	0.00697	0.00958
17	0.00707	0.00511	0.00671	0.00782	0.00838	0.00476	0.00543	0.00829	0.01139	0.01513	0.08172	0.65407	0.08188	0.01688	0.00715	0.00225	0.00333	0.06267	0.00529	0.00467
18	0.01128	0.10848	0.44194	0.01268	0.01832	0.01157	0.01463	0.01562	0.01199	0.05672	0.03986	0.17539	0.04152	0.00839	0.00563	0.00182	0.00647	0.00699	0.00342	0.00728
19	0.01425	0.01236	0.01146	0.01003	0.01288	0.12818	0.00781	0.14943	0.18090	0.05987	0.12801	0.02936	0.21331	0.00940	0.00597	0.00177	0.00500	0.00762	0.00527	0.00713
20	0.00812	0.00600	0.00892	0.00892	0.00994	0.00698	0.00693	0.01015	0.00913	0.01332	0.01518	0.02207	0.01408	0.04106	0.75486	0.00879	0.01467	0.00600	0.02983	0.00503
21	0.84197	0.01088	0.00827	0.00740	0.01088	0.01262	0.00609	0.01654	0.00958	0.02525	0.00784	0.00914	0.00609	0.00522	0.00348	0.00174	0.00435	0.00305	0.00348	0.00609
22	0.00813	0.00567	0.00720	0.00720	0.00757	0.00603	0.00473	0.00886	0.00850	0.01170	0.01676	0.03145	0.01813	0.52472	0.30296	0.00677	0.00897	0.00740	0.00327	0.00400
23	0.00779	0.00676	0.02969	0.10728	0.01332	0.00628	0.03490	0.00959	0.01150	0.01517	0.06701	0.51009	0.11093	0.01456	0.00685	0.00215	0.00415	0.03216	0.00476	0.00507
24	0.00850	0.00635	0.00782	0.03217	0.00908	0.00661	0.00539	0.03186	0.01013	0.01354	0.02385	0.22818	0.09939	0.36472	0.05871	0.00396	0.05376	0.00994	0.00402	0.02204
25	0.01528	0.36957	0.10609	0.01368	0.08359	0.16271	0.01160	0.04600	0.02748	0.01537	0.01047	0.01249	0.02483	0.02590	0.02228	0.00172	0.03681	0.00404	0.00282	0.00725
26	0.01501	0.01150	0.01157	0.01002	0.01243	0.07780	0.00753	0.23159	0.12169	0.06811	0.04150	0.09347	0.01760	0.21452	0.01169	0.00273	0.00552	0.00714	0.03172	0.00688
27	0.01761	0.01350	0.01533	0.01168	0.01612	0.01388	0.03489	0.46629	0.04021	0.02898	0.01335	0.03400	0.01027	0.00630	0.00527	0.00148	0.00554	0.00498	0.03048	0.22984
28	0.07114	0.01358	0.03355	0.01298	0.04695	0.04033	0.05084	0.34467	0.09527	0.02591	0.01638	0.06798	0.03274	0.05490	0.00730	0.00201	0.02185	0.02691	0.00474	0.02998

[dist]
# distance from previous block
# <min> <max>
10	18

[block]
# block no. 8 follows, 42 sequences, length 21
# corresponding to MSA columns:
# 373-393
name=unknown_I
#
# <colnr> <probs for GDERKNQSTAVLIFYWHMCP>
#	G	D	E	R	K	N	Q	S	T	A	V	L	I	F	Y	W	H	M	C	P
0	0.17864	0.10186	0.11281	0.12870	0.07357	0.01265	0.08395	0.01797	0.01241	0.14747	0.04531	0.01579	0.03373	0.00604	0.00512	0.00172	0.00614	0.00499	0.00373	0.00740
1	0.77681	0.01066	0.00860	0.03973	0.01195	0.01235	0.00646	0.01623	0.00988	0.02470	0.03581	0.01060	0.00789	0.00547	0.00369	0.00175	0.00442	0.00339	0.00354	0.00607
2	0.01167	0.01000	0.01167	0.00834	0.01334	0.00750	0.00667	0.01417	0.01167	0.01834	0.01000	0.01167	0.00834	0.00417	0.00417	0.00083	0.00417	0.00333	0.00333	0.83663
3	0.01291	0.01019	0.01195	0.00861	0.01356	0.00792	0.00692	0.04216	0.01250	0.06755	0.01092	0.01222	0.00874	0.00444	0.00432	0.00092	0.00428	0.00355	0.00365	0.75268
4	0.01330	0.01532	0.09062	0.03802	0.04485	0.01363	0.53380	0.01797	0.03157	0.04925	0.01247	0.04397	0.00985	0.00575	0.00712	0.00192	0.05332	0.00656	0.00311	0.00758
5	0.02102	0.02682	0.01595	0.01450	0.01740	0.77963	0.01087	0.02247	0.01595	0.01377	0.00870	0.01015	0.00725	0.00580	0.00507	0.00145	0.01015	0.00362	0.00290	0.00652
6	0.00712	0.00607	0.00617	0.00613	0.00806	0.00532	0.00460	0.00943	0.05923	0.01570	0.05403	0.07639	0.69438	0.01395	0.00661	0.00191	0.00296	0.01167	0.00526	0.00500
7	0.01021	0.00933	0.01451	0.50906	0.08166	0.01080	0.01274	0.03005	0.02813	0.01551	0.02084	0.05583	0.16301	0.00791	0.00590	0.00188	0.00623	0.00689	0.00333	0.00620
8	0.04366	0.03109	0.04303	0.01067	0.01477	0.01087	0.00905	0.17940	0.04574	0.43182	0.03452	0.03909	0.01394	0.00939	0.05443	0.00220	0.00579	0.00576	0.00593	0.00883
9	0.00978	0.00489	0.00733	0.00733	0.00733	0.00489	0.00489	0.00733	0.00733	0.00978	0.00978	0.01711	0.00978	0.01955	0.02199	0.83627	0.00489	0.00489	0.00244	0.00244
10	0.00747	0.00568	0.00646	0.00670	0.00823	0.00496	0.00498	0.00901	0.01277	0.03640	0.11721	0.21900	0.46977	0.01462	0.00681	0.00201	0.00311	0.05453	0.00536	0.00492
11	0.01299	0.01230	0.02028	0.24908	0.49491	0.01317	0.01610	0.01750	0.07480	0.01767	0.01145	0.01483	0.00920	0.00541	0.00560	0.00175	0.00673	0.00512	0.00295	0.00815
12	0.00790	0.00556	0.00685	0.00691	0.00743	0.00556	0.00454	0.00883	0.01009	0.01371	0.13886	0.11181	0.07126	0.42714	0.14502	0.00493	0.00622	0.00914	0.00407	0.00417
13	0.01040	0.00685	0.00845	0.00791	0.00977	0.00653	0.00602	0.01417	0.10023	0.10797	0.39116	0.12484	0.14018	0.01171	0.00651	0.00188	0.00328	0.03012	0.00596	0.00606
14	0.04007	0.03464	0.03344	0.01145	0.01543	0.01365	0.00947	0.26414	0.25954	0.20198	0.01879	0.04312	0.01377	0.00732	0.00560	0.00178	0.00520	0.00586	0.00574	0.00901
15	0.01896	0.00907	0.01154	0.00938	0.01281	0.00844	0.00755	0.06186	0.08776	0.44613	0.18315	0.02636	0.07469	0.00850	0.00594	0.00177	0.00424	0.00710	0.00649	0.00826
16	0.03736	0.00613	0.00642	0.00605	0.00774	0.00620	0.00465	0.04229	0.01246	0.06864	0.01796	0.02026	0.01394	0.00792	0.03385	0.00166	0.00343	0.00523	0.69210	0.00570
17	0.01133	0.00624	0.00640	0.00603	0.00754	0.00640	0.00452	0.08123	0.01290	0.02157	0.01786	0.02148	0.01443	0.06642	0.00595	0.00166	0.00317	0.00545	0.69392	0.00551
18	0.01210	0.01282	0.02591	0.06733	0.12333	0.01247	0.46103	0.01586	0.01254	0.01711	0.01440	0.14729	0.01334	0.00715	0.00687	0.00195	0.03028	0.00786	0.00321	0.00713
19	0.01029	0.00679	0.00802	0.00748	0.00951	0.00630	0.00573	0.01348	0.08148	0.11713	0.25736	0.07404	0.30747	0.03312	0.00709	0.00198	0.00337	0.03773	0.00574	0.00590
20	0.01077	0.01014	0.01713	0.75717	0.06921	0.01254	0.01570	0.01450	0.01132	0.01455	0.01003	0.01496	0.00756	0.00560	0.00562	0.00187	0.00747	0.00500	0.00251	0.00636

[dist]
# distance from previous block
# <min> <max>
6	20

[block]
# block no. 9 follows, 42 sequences, length 97
# corresponding to MSA columns:
# 415-492,499-516,520
name=unknown_J
#
# <colnr> <probs for GDERKNQSTAVLIFYWHMCP>
#	G	D	E	R	K	N	Q	S	T	A	V	L	I	F	Y	W	H	M	C	P
0	0.01561	0.01221	0.01279	0.01103	0.01448	0.04210	0.00867	0.09176	0.49547	0.10582	0.02272	0.02113	0.05928	0.00761	0.00565	0.00179	0.00475	0.00622	0.00558	0.05533
1	0.01901	0.01423	0.01671	0.01382	0.05295	0.01557	0.03966	0.54310	0.04018	0.05626	0.07062	0.03058	0.01353	0.00731	0.00631	0.00175	0.03843	0.00576	0.00533	0.00889
2	0.01176	0.09343	0.65116	0.01611	0.02393	0.01394	0.07798	0.01776	0.01196	0.01745	0.01001	0.01191	0.00725	0.00525	0.00530	0.00174	0.00822	0.00426	0.00242	0.00817
3	0.01784	0.00806	0.01062	0.00874	0.01180	0.00726	0.00699	0.02072	0.04319	0.43388	0.28315	0.02739	0.02787	0.00856	0.00590	0.00173	0.00389	0.00725	0.05738	0.00778
4	0.01146	0.02791	0.70940	0.01670	0.02479	0.01317	0.08325	0.01784	0.01200	0.01784	0.01021	0.01217	0.00725	0.00529	0.00546	0.00179	0.00842	0.00437	0.00242	0.00825
5	0.01209	0.18621	0.50463	0.03812	0.03749	0.01478	0.06311	0.01720	0.01176	0.01660	0.00992	0.01206	0.00757	0.00673	0.03712	0.00197	0.00814	0.00420	0.00245	0.00786
6	0.00702	0.00513	0.00635	0.00721	0.00780	0.00474	0.00482	0.00798	0.01091	0.01423	0.04930	0.54846	0.16561	0.12086	0.00992	0.00263	0.00347	0.01410	0.00500	0.00446
7	0.01042	0.00622	0.00791	0.00779	0.00939	0.00565	0.00576	0.01242	0.02964	0.14599	0.19819	0.33023	0.16609	0.01357	0.00669	0.00201	0.00338	0.02716	0.00575	0.00573
8	0.07904	0.01692	0.31162	0.01266	0.05389	0.01082	0.01267	0.04520	0.08963	0.04870	0.17581	0.02114	0.03910	0.00730	0.00550	0.00176	0.00563	0.00599	0.04920	0.00741
9	0.00921	0.00686	0.00771	0.00706	0.00905	0.00637	0.00539	0.08533	0.01527	0.04205	0.29645	0.04428	0.39759	0.03364	0.00711	0.00192	0.00325	0.01030	0.00561	0.00555
10	0.00724	0.00555	0.00656	0.00665	0.00795	0.00495	0.00481	0.00897	0.01339	0.01760	0.31226	0.19637	0.32867	0.04409	0.00759	0.00206	0.00296	0.01192	0.00551	0.00487
11	0.00691	0.00581	0.00602	0.00600	0.00783	0.00498	0.00448	0.00871	0.02806	0.01593	0.11209	0.07704	0.66874	0.01401	0.00665	0.00190	0.00288	0.01177	0.00531	0.00487
12	0.01279	0.00906	0.00978	0.03178	0.01126	0.04104	0.00691	0.15587	0.04260	0.02126	0.01628	0.05007	0.01371	0.04519	0.08031	0.02055	0.05169	0.00578	0.36790	0.00617
13	0.00710	0.00502	0.00655	0.00768	0.00800	0.00474	0.00510	0.00799	0.01049	0.01398	0.02922	0.67644	0.03486	0.12140	0.01004	0.00271	0.00361	0.03564	0.00498	0.00444
14	0.00912	0.00627	0.00723	0.00709	0.00756	0.00641	0.00448	0.06727	0.01008	0.01348	0.01903	0.11371	0.02144	0.60649	0.05177	0.00488	0.00564	0.03012	0.00381	0.00413
15	0.00718	0.00514	0.00676	0.00795	0.00837	0.00485	0.00534	0.02415	0.01112	0.01483	0.03063	0.78125	0.03661	0.01739	0.00715	0.00227	0.00333	0.01576	0.00523	0.00468
16	0.01490	0.77479	0.05900	0.00988	0.01484	0.02190	0.01007	0.01689	0.01145	0.01342	0.00791	0.00914	0.00722	0.00484	0.00368	0.00123	0.00611	0.00305	0.00241	0.00727
17	0.01067	0.01006	0.01689	0.76925	0.03816	0.01262	0.01555	0.01436	0.01119	0.01436	0.00994	0.01494	0.00750	0.00573	0.00595	0.00189	0.02721	0.00500	0.00250	0.00625
18	0.07250	0.01398	0.04845	0.17329	0.07925	0.01367	0.43578	0.03083	0.01277	0.03441	0.01097	0.01454	0.00826	0.00516	0.00627	0.00187	0.02189	0.00580	0.00294	0.00739
19	0.00708	0.00500	0.00650	0.00757	0.00787	0.00472	0.00496	0.00797	0.01054	0.01410	0.04993	0.66624	0.03523	0.13158	0.01029	0.00273	0.00357	0.01470	0.00499	0.00442
20	0.01030	0.01348	0.15465	0.01552	0.01945	0.01019	0.29575	0.01381	0.01213	0.01665	0.04000	0.27628	0.05679	0.00990	0.00689	0.00202	0.02636	0.00960	0.00375	0.00648
21	0.80759	0.01065	0.00815	0.00731	0.01070	0.01232	0.00601	0.01640	0.00967	0.02507	0.00827	0.00963	0.00644	0.00528	0.00350	0.00172	0.00428	0.00314	0.03781	0.00606
22	0.00714	0.00529	0.00716	0.00882	0.03952	0.00495	0.00567	0.00824	0.01097	0.01458	0.03164	0.72416	0.07704	0.01692	0.00709	0.00224	0.00338	0.01531	0.00512	0.00476
23	0.01639	0.01207	0.01383	0.01144	0.01467	0.01295	0.02871	0.43581	0.06200	0.04614	0.01899	0.22878	0.01783	0.02660	0.00654	0.00193	0.00529	0.00821	0.00538	0.02643
24	0.04314	0.00830	0.03206	0.00991	0.04204	0.00780	0.00752	0.10614	0.01471	0.02058	0.23574	0.20494	0.05779	0.03555	0.00718	0.00209	0.00419	0.12501	0.00518	0.03013
