[name]
unknown

[dist]
# distance from previous block
# <min> <max>
0	38

[block]
# block no. 0 follows, 44 sequences, length 54
# corresponding to MSA columns:
# 44-97
name=unknown_A
#
# <colnr> <probs for GDERKNQSTAVLIFYWHMCP>
#	G	D	E	R	K	N	Q	S	T	A	V	L	I	F	Y	W	H	M	C	P
0	0.00841	0.00611	0.00802	0.00869	0.00979	0.00604	0.00681	0.03681	0.04080	0.01735	0.16585	0.32444	0.03546	0.01448	0.00697	0.00220	0.00390	0.28751	0.00525	0.00511
1	0.01172	0.00967	0.01173	0.06637	0.01478	0.00765	0.00716	0.01422	0.01144	0.04581	0.01013	0.01181	0.00822	0.00424	0.00420	0.00091	0.00430	0.00343	0.00330	0.74890
2	0.84691	0.01054	0.00801	0.00717	0.01054	0.01223	0.00590	0.01603	0.00928	0.02446	0.00759	0.00886	0.00590	0.00506	0.00337	0.00169	0.00422	0.00295	0.00337	0.00590
3	0.02039	0.02533	0.01550	0.01395	0.01686	0.73982	0.01052	0.06633	0.01607	0.01462	0.00871	0.01003	0.00716	0.00567	0.00495	0.00142	0.00960	0.00360	0.00297	0.00650
4	0.00644	0.00552	0.00552	0.00552	0.00736	0.00460	0.00414	0.00782	0.01243	0.01473	0.05523	0.05247	0.77218	0.01381	0.00644	0.00184	0.00276	0.01151	0.00506	0.00460
5	0.00946	0.00751	0.00842	0.00791	0.00991	0.00764	0.00601	0.01561	0.24889	0.03481	0.27589	0.08224	0.24239	0.01098	0.00617	0.00182	0.00325	0.00941	0.00555	0.00612
6	0.01127	0.06344	0.68750	0.01605	0.03963	0.01314	0.06027	0.01722	0.01158	0.01708	0.00976	0.01160	0.00702	0.00512	0.00518	0.00170	0.00798	0.00413	0.00234	0.00798
7	0.00661	0.00557	0.00575	0.00581	0.00761	0.00471	0.00443	0.00808	0.01251	0.01500	0.07252	0.05267	0.71141	0.01381	0.00650	0.00188	0.00288	0.05251	0.00508	0.00464
8	0.01081	0.02652	0.71549	0.05851	0.02392	0.01241	0.01943	0.01688	0.01159	0.01721	0.03179	0.01252	0.00821	0.00537	0.00523	0.00173	0.00785	0.00424	0.00242	0.00786
9	0.00673	0.00493	0.00632	0.00724	0.00786	0.00453	0.00495	0.00791	0.01122	0.01486	0.11156	0.62610	0.13369	0.01603	0.00684	0.00211	0.00305	0.01438	0.00516	0.00453
10	0.01149	0.01065	0.01392	0.07518	0.01439	0.04342	0.01018	0.01303	0.00929	0.01413	0.00990	0.01517	0.00921	0.06311	0.03132	0.00246	0.51010	0.00501	0.13240	0.00565
11	0.02037	0.02598	0.01545	0.01404	0.01685	0.78652	0.01053	0.02177	0.01545	0.01334	0.00843	0.00983	0.00702	0.00562	0.00492	0.00140	0.00983	0.00351	0.00281	0.00632
12	0.00793	0.00529	0.00595	0.00595	0.00595	0.00529	0.00330	0.00793	0.00793	0.01057	0.01718	0.03568	0.01982	0.80840	0.02775	0.00529	0.00529	0.00793	0.00330	0.00330
13	0.00879	0.00628	0.00879	0.01004	0.01130	0.00628	0.00879	0.01130	0.01255	0.01632	0.02887	0.06150	0.03138	0.01506	0.00753	0.00251	0.00502	0.73770	0.00502	0.00502
14	0.01356	0.01171	0.01233	0.01109	0.01418	0.01356	0.00863	0.02897	0.76455	0.02281	0.02219	0.02034	0.01664	0.00740	0.00555	0.00185	0.00431	0.00616	0.00555	0.00863
15	0.00787	0.00553	0.00721	0.00721	0.00764	0.00597	0.00488	0.00874	0.00830	0.01151	0.01602	0.02929	0.01705	0.46443	0.36793	0.00684	0.00946	0.00699	0.00313	0.00400
16	0.01683	0.46475	0.02279	0.01104	0.01512	0.20951	0.00974	0.12304	0.05195	0.01650	0.00930	0.01021	0.00781	0.00530	0.00423	0.00133	0.00677	0.00351	0.00305	0.00723
17	0.01154	0.08438	0.01719	0.08994	0.12293	0.01453	0.01182	0.01343	0.00949	0.01375	0.00912	0.01369	0.00845	0.01329	0.14240	0.00318	0.40729	0.00480	0.00252	0.00626
18	0.00662	0.00485	0.00622	0.00731	0.00783	0.00445	0.00494	0.00762	0.01070	0.01403	0.03343	0.70392	0.13481	0.01664	0.00689	0.00216	0.00311	0.01496	0.00506	0.00445
19	0.01119	0.00972	0.01401	0.01806	0.30568	0.00996	0.01036	0.01653	0.17086	0.01944	0.22888	0.02674	0.04587	0.05322	0.00709	0.00194	0.00470	0.03421	0.00441	0.00710
20	0.01128	0.00616	0.00627	0.00587	0.00747	0.00633	0.00450	0.09115	0.01293	0.02181	0.01729	0.01956	0.01348	0.00637	0.00398	0.00131	0.00291	0.00506	0.75076	0.00552
21	0.01275	0.01220	0.02087	0.13854	0.57377	0.01267	0.04977	0.01600	0.01211	0.01722	0.02679	0.01438	0.00942	0.00527	0.00590	0.00168	0.03605	0.00504	0.02161	0.00796
22	0.01130	0.00969	0.01130	0.00807	0.01292	0.00727	0.00646	0.01373	0.01130	0.01776	0.00969	0.01130	0.00807	0.00404	0.00404	0.00081	0.00404	0.00323	0.00323	0.84173
23	0.74164	0.01041	0.00867	0.00765	0.01089	0.01200	0.00630	0.01645	0.00964	0.07280	0.00864	0.00990	0.00662	0.00617	0.02213	0.00188	0.03531	0.00325	0.00354	0.00610
24	0.01732	0.01284	0.01425	0.01070	0.01523	0.01278	0.00875	0.43623	0.01966	0.06527	0.01221	0.01268	0.00903	0.00560	0.00491	0.00132	0.00518	0.00430	0.00467	0.32706
25	0.01030	0.00969	0.01635	0.79530	0.03755	0.01211	0.01514	0.01393	0.01090	0.01393	0.00969	0.01453	0.00727	0.00545	0.00545	0.00182	0.00727	0.00484	0.00242	0.00606
26	0.00664	0.00474	0.00633	0.00759	0.00791	0.00443	0.00506	0.00759	0.01044	0.01392	0.03005	0.80485	0.03606	0.01708	0.00696	0.00221	0.00316	0.01550	0.00506	0.00443
27	0.02037	0.02598	0.01545	0.01404	0.01685	0.78652	0.01053	0.02177	0.01545	0.01334	0.00843	0.00983	0.00702	0.00562	0.00492	0.00140	0.00983	0.00351	0.00281	0.00632
28	0.00668	0.00478	0.00636	0.00756	0.00792	0.00446	0.00506	0.00770	0.01063	0.01423	0.05882	0.77519	0.03665	0.01685	0.00694	0.00219	0.00314	0.01528	0.00510	0.00446
29	0.00772	0.00557	0.00729	0.00686	0.00814	0.00514	0.00514	0.01029	0.01543	0.02186	0.77152	0.04072	0.05144	0.01115	0.00643	0.00171	0.00257	0.00986	0.00600	0.00514
30	0.00674	0.00553	0.00593	0.00583	0.00754	0.00473	0.00437	0.00839	0.01312	0.01637	0.22020	0.04976	0.60619	0.01319	0.00644	0.00181	0.00272	0.01113	0.00528	0.00473
31	0.84691	0.01054	0.00801	0.00717	0.01054	0.01223	0.00590	0.01603	0.00928	0.02446	0.00759	0.00886	0.00590	0.00506	0.00337	0.00169	0.00422	0.00295	0.00337	0.00590
32	0.01130	0.00969	0.01130	0.00807	0.01292	0.00727	0.00646	0.01373	0.01130	0.01776	0.00969	0.01130	0.00807	0.00404	0.00404	0.00081	0.00404	0.00323	0.00323	0.84173
33	0.02037	0.02598	0.01545	0.01404	0.01685	0.78652	0.01053	0.02177	0.01545	0.01334	0.00843	0.00983	0.00702	0.00562	0.00492	0.00140	0.00983	0.00351	0.00281	0.00632
34	0.84691	0.01054	0.00801	0.00717	0.01054	0.01223	0.00590	0.01603	0.00928	0.02446	0.00759	0.00886	0.00590	0.00506	0.00337	0.00169	0.00422	0.00295	0.00337	0.00590
35	0.01997	0.01489	0.01594	0.01239	0.01662	0.01655	0.01018	0.67949	0.10359	0.03314	0.01405	0.01385	0.01005	0.00663	0.00546	0.00166	0.00582	0.00504	0.00546	0.00920
36	0.84691	0.01054	0.00801	0.00717	0.01054	0.01223	0.00590	0.01603	0.00928	0.02446	0.00759	0.00886	0.00590	0.00506	0.00337	0.00169	0.00422	0.00295	0.00337	0.00590
37	0.01349	0.01295	0.02213	0.03346	0.77440	0.01295	0.01673	0.01673	0.01241	0.01781	0.01025	0.01349	0.00864	0.00486	0.00540	0.00162	0.00648	0.00486	0.00270	0.00864
38	0.02072	0.01527	0.01636	0.01254	0.01691	0.01691	0.01036	0.75622	0.02563	0.03436	0.01309	0.01309	0.00927	0.00654	0.00545	0.00164	0.00600	0.00491	0.00545	0.00927
39	0.02047	0.01514	0.01622	0.01249	0.01681	0.01679	0.01030	0.73045	0.05181	0.03395	0.01341	0.01335	0.00953	0.00657	0.00546	0.00164	0.00594	0.00495	0.00546	0.00925
40	0.00661	0.00488	0.00619	0.00723	0.00781	0.00446	0.00490	0.00763	0.01078	0.01406	0.03439	0.67502	0.16308	0.01652	0.00687	0.00215	0.00309	0.01481	0.00506	0.00446
41	0.00772	0.00557	0.00729	0.00686	0.00814	0.00514	0.00514	0.01029	0.01543	0.02186	0.77152	0.04072	0.05144	0.01115	0.00643	0.00171	0.00257	0.00986	0.00600	0.00514
42	0.01016	0.00508	0.00508	0.00508	0.00635	0.00508	0.00381	0.01270	0.01143	0.02033	0.01778	0.02033	0.01397	0.00635	0.00381	0.00127	0.00254	0.00508	0.83867	0.00508
43	0.02446	0.00928	0.01265	0.00970	0.01392	0.00801	0.00801	0.02657	0.01560	0.77817	0.02151	0.01856	0.01350	0.00675	0.00548	0.00169	0.00464	0.00548	0.00675	0.00928
44	0.00649	0.00548	0.00562	0.00568	0.00742	0.00461	0.00422	0.00788	0.01240	0.01489	0.07453	0.09383	0.71056	0.01391	0.00647	0.00186	0.00278	0.01168	0.00509	0.00461
45	0.06550	0.00957	0.01256	0.00968	0.01386	0.00857	0.00800	0.05436	0.01568	0.71156	0.02048	0.01786	0.01295	0.00666	0.00538	0.00168	0.00467	0.00533	0.00653	0.00911
46	0.00662	0.00483	0.00624	0.00737	0.00785	0.00445	0.00496	0.00762	0.01065	0.01400	0.03270	0.72547	0.11372	0.01673	0.00690	0.00217	0.00312	0.01508	0.00506	0.00445
47	0.64934	0.00975	0.00823	0.00723	0.01046	0.01088	0.00592	0.01692	0.01030	0.11553	0.01047	0.01137	0.00777	0.00542	0.00368	0.00164	0.00407	0.00351	0.10128	0.00622
48	0.00664	0.00474	0.00633	0.00759	0.00791	0.00443	0.00506	0.00759	0.01044	0.01392	0.03005	0.80485	0.03606	0.01708	0.00696	0.00221	0.00316	0.01550	0.00506	0.00443
49	0.52085	0.00985	0.00939	0.00793	0.01144	0.01051	0.00650	0.01943	0.02747	0.26155	0.01289	0.01283	0.00900	0.00572	0.00411	0.00167	0.00425	0.00394	0.05371	0.00698
50	0.77076	0.01043	0.00844	0.00740	0.01086	0.01184	0.00610	0.01700	0.00986	0.09425	0.00888	0.00975	0.00661	0.00522	0.00357	0.00169	0.00426	0.00319	0.00369	0.00622
51	0.01212	0.28251	0.53620	0.01352	0.02048	0.01555	0.01663	0.01696	0.01137	0.01582	0.00907	0.01061	0.00694	0.00501	0.00463	0.00154	0.00733	0.00367	0.00231	0.00771
52	0.01137	0.00975	0.01133	0.00816	0.01296	0.00745	0.00652	0.01417	0.03306	0.01791	0.01005	0.01157	0.00832	0.00413	0.00408	0.00084	0.00405	0.00331	0.00330	0.81767
53	0.01479	0.01491	0.02738	0.01999	0.02497	0.06836	0.55735	0.08933	0.01440	0.07144	0.01230	0.03645	0.00941	0.00535	0.00618	0.00179	0.00845	0.00627	0.00336	0.00752

[dist]
# distance from previous block
# <min> <max>
0	7

[block]
# block no. 1 follows, 44 sequences, length 43
# corresponding to MSA columns:
# 105-147
name=unknown_B
#
# <colnr> <probs for GDERKNQSTAVLIFYWHMCP>
#	G	D	E	R	K	N	Q	S	T	A	V	L	I	F	Y	W	H	M	C	P
0	0.00659	0.00493	0.00613	0.00710	0.00778	0.00447	0.00484	0.00765	0.01091	0.01411	0.03604	0.62581	0.21123	0.01630	0.00684	0.00213	0.00307	0.01455	0.00506	0.00447
1	0.00664	0.00474	0.00633	0.00759	0.00791	0.00443	0.00506	0.00759	0.01044	0.01392	0.03005	0.80485	0.03606	0.01708	0.00696	0.00221	0.00316	0.01550	0.00506	0.00443
2	0.84691	0.01054	0.00801	0.00717	0.01054	0.01223	0.00590	0.01603	0.00928	0.02446	0.00759	0.00886	0.00590	0.00506	0.00337	0.00169	0.00422	0.00295	0.00337	0.00590
3	0.01030	0.00969	0.01635	0.79530	0.03755	0.01211	0.01514	0.01393	0.01090	0.01393	0.00969	0.01453	0.00727	0.00545	0.00545	0.00182	0.00727	0.00484	0.00242	0.00606
4	0.02446	0.00928	0.01265	0.00970	0.01392	0.00801	0.00801	0.02657	0.01560	0.77817	0.02151	0.01856	0.01350	0.00675	0.00548	0.00169	0.00464	0.00548	0.00675	0.00928
5	0.11256	0.01263	0.01327	0.01104	0.01469	0.01415	0.00887	0.28146	0.36180	0.08534	0.01728	0.01635	0.01259	0.00678	0.00526	0.00174	0.00492	0.00530	0.00536	0.00859
6	0.01969	0.01593	0.01608	0.01274	0.01657	0.09484	0.01040	0.59079	0.06316	0.03013	0.01269	0.01307	0.00929	0.00670	0.00627	0.00168	0.06146	0.00482	0.00498	0.00871
7	0.00776	0.00591	0.00680	0.00648	0.00817	0.00533	0.00489	0.01032	0.04712	0.03617	0.37983	0.04490	0.39218	0.01214	0.00638	0.00178	0.00279	0.01038	0.00555	0.00514
8	0.72305	0.01064	0.00957	0.04793	0.06709	0.01216	0.00720	0.01626	0.00976	0.04411	0.00827	0.00974	0.00638	0.00511	0.00368	0.00169	0.00454	0.00325	0.00337	0.00620
9	0.02317	0.10418	0.01461	0.00979	0.01402	0.03406	0.00825	0.02521	0.01507	0.66413	0.01946	0.01713	0.01253	0.00647	0.00523	0.00162	0.00494	0.00512	0.00610	0.00892
10	0.00786	0.00557	0.00738	0.00738	0.00787	0.00606	0.00509	0.00885	0.00835	0.01163	0.01587	0.02842	0.01667	0.41791	0.41393	0.00705	0.01003	0.00687	0.00311	0.00410
11	0.00772	0.00557	0.00729	0.00686	0.00814	0.00514	0.00514	0.01029	0.01543	0.02186	0.77152	0.04072	0.05144	0.01115	0.00643	0.00171	0.00257	0.00986	0.00600	0.00514
12	0.01349	0.01295	0.02213	0.03346	0.77440	0.01295	0.01673	0.01673	0.01241	0.01781	0.01025	0.01349	0.00864	0.00486	0.00540	0.00162	0.00648	0.00486	0.00270	0.00864
13	0.01030	0.00969	0.01635	0.79530	0.03755	0.01211	0.01514	0.01393	0.01090	0.01393	0.00969	0.01453	0.00727	0.00545	0.00545	0.00182	0.00727	0.00484	0.00242	0.00606
14	0.84691	0.01054	0.00801	0.00717	0.01054	0.01223	0.00590	0.01603	0.00928	0.02446	0.00759	0.00886	0.00590	0.00506	0.00337	0.00169	0.00422	0.00295	0.00337	0.00590
15	0.01101	0.02771	0.75284	0.01581	0.02377	0.01270	0.04697	0.01727	0.01156	0.01727	0.00983	0.01163	0.00696	0.00516	0.00523	0.00173	0.00810	0.00412	0.00232	0.00803
16	0.01187	0.23081	0.46919	0.01279	0.01906	0.01417	0.01524	0.01677	0.03150	0.03063	0.08818	0.01415	0.01189	0.00574	0.00488	0.00158	0.00675	0.00442	0.00286	0.00752
17	0.01997	0.01397	0.01493	0.01163	0.01565	0.02992	0.00954	0.59736	0.03712	0.09844	0.01433	0.01429	0.01016	0.00654	0.00530	0.00161	0.00561	0.00497	0.07981	0.00883
18	0.77242	0.01024	0.00809	0.00719	0.01051	0.01172	0.00591	0.01636	0.00966	0.05865	0.00868	0.00981	0.00661	0.00519	0.00349	0.00167	0.00416	0.00316	0.04045	0.00602
19	0.00964	0.00782	0.01101	0.01019	0.01095	0.00973	0.00805	0.04621	0.00931	0.01351	0.01229	0.01877	0.01167	0.06325	0.45673	0.06453	0.22281	0.00553	0.00288	0.00513
20	0.00739	0.00583	0.00670	0.00643	0.00805	0.00527	0.00484	0.00999	0.04787	0.01859	0.40502	0.04526	0.38459	0.01221	0.00640	0.00178	0.00274	0.01046	0.00554	0.00505
21	0.01295	0.01362	0.07403	0.11822	0.62156	0.01285	0.01661	0.01672	0.02890	0.01744	0.01042	0.01363	0.00854	0.00500	0.00539	0.00165	0.00663	0.00483	0.00270	0.00830
22	0.00650	0.00546	0.00564	0.00572	0.00743	0.00461	0.00424	0.00788	0.01237	0.01489	0.07578	0.11018	0.69272	0.01398	0.00648	0.00187	0.00279	0.01176	0.00509	0.00461
23	0.01713	0.01313	0.01405	0.01158	0.01522	0.01472	0.00930	0.38944	0.34874	0.04463	0.01774	0.03414	0.01329	0.00715	0.00549	0.00174	0.00510	0.00571	0.02290	0.00879
24	0.00664	0.00474	0.00633	0.00759	0.00791	0.00443	0.00506	0.00759	0.01044	0.01392	0.03005	0.80485	0.03606	0.01708	0.00696	0.00221	0.00316	0.01550	0.00506	0.00443
25	0.01052	0.01003	0.01729	0.73523	0.05936	0.01222	0.05068	0.01418	0.01104	0.01422	0.00977	0.01451	0.00736	0.00539	0.00550	0.00181	0.00734	0.00492	0.00245	0.00620
26	0.74404	0.04920	0.00954	0.00761	0.01111	0.01279	0.00635	0.05275	0.01034	0.04478	0.00824	0.00932	0.00633	0.00516	0.00354	0.00166	0.00439	0.00312	0.00352	0.00621
27	0.01478	0.36929	0.12807	0.01334	0.04652	0.15144	0.08359	0.05447	0.01270	0.01520	0.00923	0.01137	0.00783	0.02378	0.03542	0.00178	0.00752	0.00391	0.00267	0.00708
28	0.01496	0.05226	0.01454	0.05659	0.01607	0.05170	0.00965	0.17494	0.42317	0.02299	0.03462	0.01730	0.01377	0.00714	0.00632	0.00178	0.06371	0.00553	0.00484	0.00814
29	0.03142	0.01356	0.11152	0.09251	0.18029	0.03405	0.06454	0.04515	0.01267	0.08871	0.01223	0.03215	0.02058	0.00540	0.00508	0.00147	0.00601	0.00475	0.00336	0.23456
30	0.09135	0.29372	0.34553	0.01226	0.01801	0.08055	0.01369	0.04403	0.01198	0.01666	0.00918	0.02376	0.00744	0.00528	0.00445	0.00151	0.00693	0.00373	0.00262	0.00733
31	0.01265	0.15409	0.47016	0.05325	0.05735	0.01411	0.01647	0.01725	0.01150	0.06905	0.01005	0.01182	0.00750	0.00553	0.00591	0.00168	0.06718	0.00408	0.00265	0.00774
32	0.01437	0.05387	0.02136	0.05118	0.26179	0.11408	0.16361	0.08733	0.01356	0.01773	0.01129	0.03733	0.02095	0.00602	0.00670	0.00170	0.08389	0.00530	0.00305	0.02489
33	0.00737	0.00601	0.00642	0.00646	0.00807	0.00550	0.00471	0.02487	0.06455	0.01548	0.06032	0.17572	0.52413	0.05621	0.00759	0.00208	0.00314	0.01145	0.00503	0.00489
34	0.05304	0.00920	0.00972	0.00874	0.01127	0.01001	0.00680	0.07502	0.34124	0.03581	0.12379	0.02631	0.12355	0.00842	0.00541	0.00172	0.00373	0.00696	0.13227	0.00700
35	0.00653	0.00553	0.00565	0.00562	0.00742	0.00464	0.00421	0.00800	0.01264	0.01523	0.10551	0.05164	0.72159	0.01362	0.00644	0.00183	0.00275	0.01139	0.00513	0.00464
36	0.01130	0.00917	0.01111	0.01169	0.06521	0.00998	0.00867	0.03577	0.33959	0.01963	0.07287	0.04808	0.02360	0.05859	0.00761	0.00225	0.00466	0.24831	0.00506	0.00683
37	0.01030	0.00969	0.01635	0.79530	0.03755	0.01211	0.01514	0.01393	0.01090	0.01393	0.00969	0.01453	0.00727	0.00545	0.00545	0.00182	0.00727	0.00484	0.00242	0.00606
38	0.01400	0.01311	0.02173	0.03201	0.72166	0.01323	0.01629	0.06821	0.01333	0.01896	0.01045	0.01346	0.00868	0.00497	0.00540	0.00162	0.00644	0.00486	0.00289	0.00868
39	0.00663	0.00552	0.00567	0.00568	0.00737	0.00470	0.00420	0.00797	0.01220	0.01467	0.07168	0.05116	0.68514	0.06908	0.00795	0.00209	0.00298	0.02583	0.00496	0.00454
40	0.01625	0.58773	0.02494	0.01052	0.01481	0.16296	0.00965	0.09004	0.01332	0.01504	0.00828	0.00937	0.00722	0.00503	0.00395	0.00126	0.00659	0.00322	0.00273	0.00709
41	0.01355	0.01177	0.01292	0.01314	0.10293	0.04647	0.00914	0.06183	0.48398	0.04099	0.02414	0.02298	0.11662	0.00782	0.00562	0.00179	0.00470	0.00653	0.00505	0.00804
42	0.01433	0.06653	0.02007	0.25733	0.06646	0.17282	0.14208	0.07993	0.01326	0.01623	0.00958	0.01277	0.00761	0.00578	0.00671	0.00173	0.09244	0.00472	0.00283	0.00680

[dist]
# distance from previous block
# <min> <max>
0	1

[block]
# block no. 2 follows, 44 sequences, length 10
# corresponding to MSA columns:
# 149-158
name=unknown_C
#
# <colnr> <probs for GDERKNQSTAVLIFYWHMCP>
#	G	D	E	R	K	N	Q	S	T	A	V	L	I	F	Y	W	H	M	C	P
0	0.01972	0.02477	0.01607	0.01586	0.08755	0.71433	0.01111	0.02130	0.01517	0.01376	0.00860	0.01017	0.00717	0.00555	0.00496	0.00142	0.00952	0.00364	0.00280	0.00654
1	0.01385	0.01388	0.02099	0.09940	0.63817	0.08507	0.01601	0.01695	0.01256	0.01705	0.01003	0.01324	0.00836	0.00498	0.00536	0.00162	0.00686	0.00473	0.00268	0.00819
2	0.02072	0.01527	0.01636	0.01254	0.01691	0.01691	0.01036	0.75622	0.02563	0.03436	0.01309	0.01309	0.00927	0.00654	0.00545	0.00164	0.00600	0.00491	0.00545	0.00927
3	0.01116	0.07692	0.73342	0.01515	0.02300	0.01322	0.01947	0.01721	0.01148	0.01699	0.00965	0.01134	0.00691	0.00515	0.00507	0.00169	0.00792	0.00396	0.00230	0.00799
4	0.00947	0.00473	0.00710	0.00710	0.00710	0.00473	0.00473	0.00710	0.00710	0.00947	0.00947	0.01657	0.00947	0.01894	0.02131	0.84138	0.00473	0.00473	0.00237	0.00237
5	0.00909	0.00640	0.00958	0.00929	0.01065	0.00600	0.07462	0.01076	0.01158	0.07316	0.06560	0.39544	0.07420	0.08157	0.00861	0.00240	0.00428	0.13678	0.00487	0.00512
6	0.00741	0.00532	0.00668	0.00714	0.00747	0.00538	0.00469	0.00811	0.00934	0.01251	0.02427	0.36277	0.06824	0.33004	0.08776	0.00401	0.02962	0.01107	0.00409	0.00408
7	0.01917	0.09928	0.06997	0.01371	0.01706	0.66137	0.01109	0.02095	0.01477	0.01357	0.00844	0.00985	0.00701	0.00550	0.00480	0.00140	0.00934	0.00349	0.00273	0.00650
8	0.74636	0.01267	0.10089	0.00818	0.01211	0.01228	0.00762	0.01617	0.00955	0.02359	0.00785	0.00918	0.00602	0.00508	0.00359	0.00169	0.00468	0.00308	0.00324	0.00616
9	0.01461	0.01341	0.03581	0.02046	0.34530	0.12072	0.01202	0.04420	0.06884	0.09575	0.09591	0.04187	0.05344	0.00689	0.00555	0.00165	0.00593	0.00599	0.00396	0.00768

[dist]
# distance from previous block
# <min> <max>
0	4

[block]
# block no. 3 follows, 44 sequences, length 49
# corresponding to MSA columns:
# 163-211
name=unknown_D
#
# <colnr> <probs for GDERKNQSTAVLIFYWHMCP>
#	G	D	E	R	K	N	Q	S	T	A	V	L	I	F	Y	W	H	M	C	P
0	0.03316	0.00967	0.01140	0.00964	0.01269	0.00988	0.00773	0.13824	0.18302	0.20975	0.21667	0.02595	0.02417	0.00838	0.00577	0.00174	0.00424	0.04898	0.00580	0.03311
1	0.00842	0.00610	0.00778	0.00717	0.00862	0.00578	0.00543	0.05089	0.01599	0.02254	0.73024	0.03922	0.04915	0.01089	0.00638	0.00171	0.00276	0.00959	0.00597	0.00537
2	0.01448	0.01060	0.01222	0.00917	0.01364	0.00937	0.00739	0.13418	0.07863	0.10861	0.01283	0.01339	0.00975	0.00508	0.00455	0.00114	0.00441	0.00405	0.02170	0.52482
3	0.01349	0.01295	0.02213	0.03346	0.77440	0.01295	0.01673	0.01673	0.01241	0.01781	0.01025	0.01349	0.00864	0.00486	0.00540	0.00162	0.00648	0.00486	0.00270	0.00864
4	0.03755	0.01227	0.02062	0.17644	0.61276	0.01277	0.01611	0.01618	0.01204	0.01728	0.01007	0.01355	0.00830	0.00498	0.00535	0.00166	0.00656	0.00480	0.00267	0.00807
5	0.01457	0.41493	0.27707	0.01197	0.01753	0.10698	0.01301	0.01783	0.01198	0.05603	0.00917	0.01033	0.00732	0.00506	0.00433	0.00141	0.00697	0.00350	0.00262	0.00740
6	0.00728	0.00556	0.00668	0.00640	0.00788	0.00496	0.00480	0.00944	0.01439	0.01940	0.52436	0.04478	0.30013	0.01206	0.00643	0.00176	0.00264	0.01043	0.00568	0.00496
7	0.04471	0.00784	0.00883	0.00811	0.01029	0.03897	0.02918	0.01387	0.08300	0.12541	0.10300	0.17872	0.30375	0.01158	0.00613	0.00185	0.00379	0.00990	0.00520	0.00587
8	0.02878	0.20022	0.54087	0.01399	0.02093	0.01456	0.03932	0.01751	0.02692	0.03530	0.00983	0.01130	0.00731	0.00513	0.00482	0.00161	0.00736	0.00391	0.00252	0.00780
9	0.00819	0.00640	0.00732	0.00698	0.00872	0.00602	0.00532	0.05076	0.05424	0.01901	0.32551	0.07456	0.35393	0.01222	0.00640	0.00182	0.00305	0.03878	0.00547	0.00529
10	0.00753	0.00621	0.00660	0.00634	0.00823	0.00564	0.00480	0.02684	0.06866	0.01709	0.18459	0.04703	0.56565	0.01268	0.00635	0.00181	0.00291	0.01066	0.00528	0.00511
11	0.01348	0.01419	0.02798	0.05622	0.21443	0.03343	0.49765	0.01753	0.01283	0.04108	0.01104	0.01439	0.00845	0.00479	0.00607	0.00177	0.00831	0.00587	0.00286	0.00765
12	0.01216	0.01161	0.01990	0.38160	0.37890	0.01270	0.05602	0.03224	0.01204	0.01639	0.01010	0.01403	0.00800	0.00515	0.00548	0.00172	0.00698	0.00494	0.00264	0.00740
13	0.00793	0.00529	0.00595	0.00595	0.00595	0.00529	0.00330	0.00793	0.00793	0.01057	0.01718	0.03568	0.01982	0.80840	0.02775	0.00529	0.00529	0.00793	0.00330	0.00330
14	0.02037	0.02598	0.01545	0.01404	0.01685	0.78652	0.01053	0.02177	0.01545	0.01334	0.00843	0.00983	0.00702	0.00562	0.00492	0.00140	0.00983	0.00351	0.00281	0.00632
15	0.00644	0.00552	0.00552	0.00552	0.00736	0.00460	0.00414	0.00782	0.01243	0.01473	0.05523	0.05247	0.77218	0.01381	0.00644	0.00184	0.00276	0.01151	0.00506	0.00460
16	0.01287	0.01471	0.03217	0.02298	0.02849	0.01379	0.75460	0.01746	0.01287	0.01746	0.01103	0.01471	0.00827	0.00460	0.00643	0.00184	0.00919	0.00643	0.00276	0.00735
17	0.00764	0.00557	0.00718	0.00678	0.00810	0.00511	0.00508	0.01014	0.01525	0.02143	0.72824	0.04143	0.09499	0.01131	0.00643	0.00172	0.00258	0.00996	0.00594	0.00511
18	0.02037	0.02598	0.01545	0.01404	0.01685	0.78652	0.01053	0.02177	0.01545	0.01334	0.00843	0.00983	0.00702	0.00562	0.00492	0.00140	0.00983	0.00351	0.00281	0.00632
19	0.02037	0.02598	0.01545	0.01404	0.01685	0.78652	0.01053	0.02177	0.01545	0.01334	0.00843	0.00983	0.00702	0.00562	0.00492	0.00140	0.00983	0.00351	0.00281	0.00632
20	0.00664	0.00474	0.00633	0.00759	0.00791	0.00443	0.00506	0.00759	0.01044	0.01392	0.03005	0.80485	0.03606	0.01708	0.00696	0.00221	0.00316	0.01550	0.00506	0.00443
21	0.01356	0.01171	0.01233	0.01109	0.01418	0.01356	0.00863	0.02897	0.76455	0.02281	0.02219	0.02034	0.01664	0.00740	0.00555	0.00185	0.00431	0.00616	0.00555	0.00863
22	0.01287	0.01471	0.03217	0.02298	0.02849	0.01379	0.75460	0.01746	0.01287	0.01746	0.01103	0.01471	0.00827	0.00460	0.00643	0.00184	0.00919	0.00643	0.00276	0.00735
23	0.00793	0.00529	0.00595	0.00595	0.00595	0.00529	0.00330	0.00793	0.00793	0.01057	0.01718	0.03568	0.01982	0.80840	0.02775	0.00529	0.00529	0.00793	0.00330	0.00330
24	0.00664	0.00474	0.00633	0.00759	0.00791	0.00443	0.00506	0.00759	0.01044	0.01392	0.03005	0.80485	0.03606	0.01708	0.00696	0.00221	0.00316	0.01550	0.00506	0.00443
25	0.01130	0.00969	0.01130	0.00807	0.01292	0.00727	0.00646	0.01373	0.01130	0.01776	0.00969	0.01130	0.00807	0.00404	0.00404	0.00081	0.00404	0.00323	0.00323	0.84173
26	0.01287	0.01471	0.03217	0.02298	0.02849	0.01379	0.75460	0.01746	0.01287	0.01746	0.01103	0.01471	0.00827	0.00460	0.00643	0.00184	0.00919	0.00643	0.00276	0.00735
27	0.01458	0.81168	0.02857	0.00933	0.01399	0.02157	0.00933	0.01632	0.01108	0.01283	0.00758	0.00875	0.00700	0.00466	0.00350	0.00117	0.00583	0.00292	0.00233	0.00700
28	0.01048	0.00988	0.01669	0.75117	0.08023	0.01216	0.01523	0.01409	0.01099	0.01415	0.00972	0.01447	0.00735	0.00542	0.00545	0.00181	0.00722	0.00485	0.00244	0.00621
29	0.00772	0.00557	0.00729	0.00686	0.00814	0.00514	0.00514	0.01029	0.01543	0.02186	0.77152	0.04072	0.05144	0.01115	0.00643	0.00171	0.00257	0.00986	0.00600	0.00514
30	0.01158	0.00644	0.00659	0.00608	0.00776	0.00666	0.00469	0.11218	0.01333	0.02220	0.01716	0.01936	0.01334	0.00638	0.00403	0.00132	0.00300	0.00506	0.72719	0.00564
31	0.01093	0.02820	0.78016	0.01554	0.02360	0.01266	0.02014	0.01727	0.01151	0.01727	0.00978	0.01151	0.00691	0.00518	0.00518	0.00173	0.00806	0.00403	0.00230	0.00806
32	0.00793	0.00529	0.00595	0.00595	0.00595	0.00529	0.00330	0.00793	0.00793	0.01057	0.01718	0.03568	0.01982	0.80840	0.02775	0.00529	0.00529	0.00793	0.00330	0.00330
33	0.02446	0.00928	0.01265	0.00970	0.01392	0.00801	0.00801	0.02657	0.01560	0.77817	0.02151	0.01856	0.01350	0.00675	0.00548	0.00169	0.00464	0.00548	0.00675	0.00928
34	0.01339	0.01285	0.02195	0.05760	0.75105	0.01293	0.01668	0.01664	0.01237	0.01769	0.01024	0.01353	0.00859	0.00488	0.00540	0.00163	0.00650	0.00486	0.00269	0.00855
35	0.00683	0.00488	0.00654	0.00780	0.00820	0.00459	0.00538	0.00791	0.01062	0.01412	0.02995	0.74114	0.03566	0.01691	0.00701	0.00224	0.00332	0.07739	0.00506	0.00448
36	0.01550	0.01241	0.01322	0.01136	0.01476	0.01410	0.00899	0.18785	0.57726	0.05133	0.02018	0.01869	0.01492	0.00719	0.00552	0.00180	0.00469	0.00587	0.00557	0.00879
37	0.01130	0.00969	0.01130	0.00807	0.01292	0.00727	0.00646	0.01373	0.01130	0.01776	0.00969	0.01130	0.00807	0.00404	0.00404	0.00081	0.00404	0.00323	0.00323	0.84173
38	0.00750	0.00574	0.00690	0.00658	0.00809	0.00523	0.00494	0.01010	0.03735	0.01970	0.52872	0.04371	0.27170	0.01185	0.00641	0.00176	0.00268	0.01025	0.00570	0.00508
39	0.01282	0.06144	0.07203	0.03883	0.04965	0.01412	0.63360	0.01729	0.01263	0.01712	0.01071	0.01415	0.00811	0.00466	0.00614	0.00179	0.00881	0.00602	0.00270	0.00738
40	0.00664	0.00474	0.00633	0.00759	0.00791	0.00443	0.00506	0.00759	0.01044	0.01392	0.03005	0.80485	0.03606	0.01708	0.00696	0.00221	0.00316	0.01550	0.00506	0.00443
41	0.00664	0.00474	0.00633	0.00759	0.00791	0.00443	0.00506	0.00759	0.01044	0.01392	0.03005	0.80485	0.03606	0.01708	0.00696	0.00221	0.00316	0.01550	0.00506	0.00443
42	0.01172	0.04227	0.62746	0.06063	0.04192	0.01243	0.03308	0.01735	0.01176	0.05835	0.01138	0.01300	0.02374	0.00543	0.00523	0.00172	0.00765	0.00436	0.00263	0.00791
43	0.01172	0.02710	0.73570	0.01520	0.02304	0.01239	0.01944	0.01780	0.01175	0.06134	0.01046	0.01192	0.00729	0.00527	0.00520	0.00172	0.00786	0.00411	0.00256	0.00813
44	0.01356	0.01171	0.01233	0.01109	0.01418	0.01356	0.00863	0.02897	0.76455	0.02281	0.02219	0.02034	0.01664	0.00740	0.00555	0.00185	0.00431	0.00616	0.00555	0.00863
45	0.01093	0.02820	0.78016	0.01554	0.02360	0.01266	0.02014	0.01727	0.01151	0.01727	0.00978	0.01151	0.00691	0.00518	0.00518	0.00173	0.00806	0.00403	0.00230	0.00806
46	0.01411	0.01412	0.02153	0.03172	0.70652	0.08227	0.01618	0.01718	0.01269	0.01741	0.01009	0.01317	0.00849	0.00493	0.00535	0.00160	0.00678	0.00474	0.00271	0.00843
47	0.02436	0.00944	0.01275	0.00978	0.01400	0.00825	0.00808	0.04630	0.01588	0.75805	0.02128	0.01841	0.01338	0.00674	0.00548	0.00169	0.00468	0.00547	0.00671	0.00928
48	0.00760	0.00557	0.00712	0.00674	0.00807	0.00509	0.00505	0.01006	0.01515	0.02120	0.70538	0.04181	0.11799	0.01139	0.00643	0.00173	0.00259	0.01001	0.00591	0.00509

[dist]
# distance from previous block
# <min> <max>
0	1

[block]
# block no. 4 follows, 44 sequences, length 81
# corresponding to MSA columns:
# 213-293
name=unknown_E
#
# <colnr> <probs for GDERKNQSTAVLIFYWHMCP>
#	G	D	E	R	K	N	Q	S	T	A	V	L	I	F	Y	W	H	M	C	P
0	0.01504	0.74916	0.02752	0.00970	0.01422	0.08244	0.00942	0.01676	0.01143	0.01287	0.00765	0.00883	0.00700	0.00474	0.00361	0.00119	0.00615	0.00296	0.00237	0.00694
1	0.01130	0.00969	0.01130	0.00807	0.01292	0.00727	0.00646	0.01373	0.01130	0.01776	0.00969	0.01130	0.00807	0.00404	0.00404	0.00081	0.00404	0.00323	0.00323	0.84173
2	0.01280	0.09202	0.16858	0.10268	0.02655	0.05661	0.42765	0.01718	0.01238	0.01639	0.01019	0.01327	0.00772	0.00486	0.00574	0.00173	0.00849	0.00532	0.00260	0.00725
3	0.00664	0.00474	0.00633	0.00759	0.00791	0.00443	0.00506	0.00759	0.01044	0.01392	0.03005	0.80485	0.03606	0.01708	0.00696	0.00221	0.00316	0.01550	0.00506	0.00443
4	0.01271	0.01052	0.01206	0.00874	0.01352	0.00871	0.00704	0.12464	0.01345	0.02024	0.01020	0.01157	0.00825	0.00441	0.00425	0.00093	0.00433	0.00348	0.00356	0.71737
5	0.00876	0.00779	0.05474	0.00798	0.00990	0.00677	0.00664	0.01196	0.05927	0.04270	0.42022	0.05265	0.19864	0.01114	0.00698	0.00182	0.04928	0.03186	0.00531	0.00557
6	0.01236	0.01375	0.02886	0.05855	0.02674	0.01349	0.62051	0.01645	0.01228	0.01676	0.01157	0.05298	0.00948	0.00566	0.00737	0.00190	0.07479	0.00666	0.00282	0.00703
7	0.01193	0.01193	0.01670	0.01431	0.01431	0.01670	0.01193	0.01312	0.00835	0.01312	0.00716	0.01193	0.00716	0.00954	0.01789	0.00239	0.79843	0.00477	0.00239	0.00596
8	0.01058	0.05101	0.05998	0.41986	0.02631	0.01170	0.05403	0.02573	0.01129	0.01538	0.05676	0.06401	0.01240	0.02266	0.00697	0.00188	0.07658	0.00580	0.06103	0.00606
9	0.04472	0.09489	0.06761	0.01330	0.06039	0.01193	0.10505	0.04549	0.12640	0.33495	0.01684	0.02896	0.01191	0.00625	0.00534	0.00168	0.00563	0.00537	0.00490	0.00839
10	0.00664	0.00474	0.00633	0.00759	0.00791	0.00443	0.00506	0.00759	0.01044	0.01392	0.03005	0.80485	0.03606	0.01708	0.00696	0.00221	0.00316	0.01550	0.00506	0.00443
11	0.00705	0.00555	0.00637	0.00616	0.00774	0.00486	0.00462	0.00901	0.01387	0.01815	0.39869	0.04684	0.42659	0.01253	0.00644	0.00178	0.00267	0.01072	0.00551	0.00486
12	0.07093	0.13634	0.34581	0.01470	0.06502	0.02836	0.06654	0.07668	0.06958	0.03696	0.01144	0.03405	0.00894	0.00568	0.00501	0.00165	0.00682	0.00458	0.00312	0.00778
13	0.01242	0.01170	0.01968	0.12221	0.57147	0.01198	0.02832	0.01571	0.02998	0.01695	0.01278	0.06071	0.03005	0.00625	0.00591	0.02118	0.00624	0.00570	0.00292	0.00781
14	0.02035	0.01636	0.01625	0.03778	0.01756	0.10787	0.01054	0.64550	0.02396	0.03122	0.01243	0.01275	0.00894	0.00640	0.00539	0.00161	0.00649	0.00474	0.00504	0.00882
15	0.03317	0.01286	0.09277	0.30769	0.16497	0.01261	0.07017	0.05421	0.01229	0.08111	0.01097	0.01408	0.00829	0.00579	0.00652	0.00179	0.07752	0.00490	0.02107	0.00723
16	0.03336	0.12221	0.43079	0.01709	0.08740	0.01407	0.13863	0.04723	0.01236	0.03290	0.01007	0.01200	0.00750	0.00507	0.00517	0.00166	0.00758	0.00439	0.00266	0.00788
17	0.00678	0.00486	0.00640	0.00750	0.00795	0.00452	0.00509	0.00781	0.01077	0.01432	0.06783	0.70009	0.07225	0.01661	0.00718	0.01726	0.00318	0.03010	0.00506	0.00445
18	0.03921	0.01296	0.02138	0.08589	0.66487	0.02913	0.03379	0.01663	0.01228	0.01764	0.01011	0.01338	0.00841	0.00492	0.00535	0.00164	0.00660	0.00481	0.00270	0.00829
19	0.01442	0.05514	0.02043	0.14010	0.24776	0.10984	0.13177	0.03579	0.02823	0.06944	0.01241	0.01490	0.03528	0.00581	0.00622	0.00170	0.05505	0.00514	0.00313	0.00742
20	0.00840	0.00643	0.00791	0.05325	0.01055	0.00638	0.00609	0.08566	0.01259	0.01635	0.04762	0.40104	0.22208	0.02922	0.03916	0.00236	0.00414	0.03082	0.00485	0.00510
21	0.01142	0.02497	0.60666	0.01791	0.07123	0.01287	0.14388	0.01727	0.01180	0.01733	0.01002	0.01217	0.00724	0.00506	0.00540	0.00174	0.00815	0.00449	0.00240	0.00797
22	0.00950	0.00819	0.01274	0.23415	0.07103	0.00878	0.05983	0.01327	0.07369	0.01744	0.22146	0.18555	0.02624	0.00947	0.00606	0.00185	0.00489	0.00863	0.02131	0.00593
23	0.02125	0.01136	0.01358	0.01070	0.01471	0.01146	0.00874	0.24435	0.13471	0.42095	0.03703	0.01773	0.01363	0.00689	0.00551	0.00170	0.00495	0.00552	0.00616	0.00908
24	0.00744	0.00543	0.00700	0.00688	0.00805	0.00499	0.00505	0.00966	0.01439	0.02002	0.59598	0.16671	0.10341	0.01232	0.00652	0.00181	0.00268	0.01091	0.00578	0.00499
25	0.01352	0.05832	0.28169	0.10630	0.28171	0.03008	0.01615	0.02966	0.03272	0.08231	0.01118	0.01321	0.00841	0.00530	0.00523	0.00166	0.00693	0.00453	0.00298	0.00808
26	0.03959	0.01323	0.02390	0.12190	0.23362	0.01339	0.31570	0.10311	0.01392	0.03329	0.01137	0.01509	0.00890	0.00529	0.00582	0.00176	0.00749	0.02178	0.00316	0.00771
27	0.08289	0.01942	0.01487	0.06284	0.12603	0.47253	0.01082	0.01857	0.01377	0.01509	0.01178	0.05963	0.02593	0.00668	0.00515	0.00158	0.00801	0.03492	0.00308	0.00641
28	0.37962	0.01639	0.26023	0.11615	0.09815	0.01243	0.01285	0.01622	0.01054	0.02006	0.00885	0.01094	0.00669	0.00513	0.00444	0.00171	0.00610	0.00375	0.00283	0.00691
29	0.07814	0.15269	0.37206	0.03283	0.04049	0.05909	0.06955	0.06160	0.01252	0.01791	0.03302	0.01212	0.00853	0.00542	0.00516	0.00163	0.02281	0.00420	0.00277	0.00747
30	0.01435	0.01137	0.01231	0.01086	0.01396	0.01283	0.00854	0.09260	0.58872	0.06735	0.06684	0.02195	0.01831	0.00772	0.00564	0.00183	0.00440	0.02639	0.00562	0.00841
31	0.00664	0.00474	0.00633	0.00759	0.00791	0.00443	0.00506	0.00759	0.01044	0.01392	0.03005	0.80485	0.03606	0.01708	0.00696	0.00221	0.00316	0.01550	0.00506	0.00443
32	0.01791	0.19735	0.01868	0.05944	0.07911	0.43034	0.01081	0.02027	0.04365	0.06027	0.00980	0.01111	0.00794	0.00547	0.00473	0.00143	0.00798	0.00379	0.00302	0.00692
33	0.01427	0.01664	0.02765	0.03786	0.02570	0.17182	0.56501	0.01814	0.01331	0.01662	0.01065	0.01386	0.00815	0.00487	0.00603	0.00173	0.00910	0.00576	0.02579	0.00705
34	0.00720	0.00575	0.02429	0.00825	0.00876	0.00541	0.00595	0.00828	0.01036	0.01395	0.02775	0.69067	0.03292	0.01633	0.00790	0.02136	0.04944	0.04607	0.00478	0.00458
35	0.01287	0.01286	0.04448	0.09110	0.66206	0.01253	0.01619	0.01616	0.01227	0.01736	0.01205	0.01512	0.04001	0.00528	0.00544	0.00165	0.00643	0.00511	0.00276	0.00825
36	0.02104	0.03754	0.12121	0.01156	0.03911	0.01029	0.01026	0.08730	0.05432	0.52160	0.01840	0.01673	0.01202	0.00642	0.00538	0.00168	0.00531	0.00517	0.00569	0.00898
37	0.00891	0.00816	0.00938	0.04111	0.01133	0.09810	0.04339	0.01034	0.01153	0.01464	0.08419	0.56295	0.03072	0.01401	0.00681	0.00205	0.02030	0.01254	0.00459	0.00495
38	0.01905	0.02384	0.01481	0.01345	0.01605	0.69735	0.01013	0.02054	0.01523	0.01405	0.07218	0.01248	0.01074	0.00620	0.00544	0.00146	0.03365	0.00408	0.00306	0.00621
39	0.02239	0.07697	0.01422	0.00991	0.01405	0.01017	0.00830	0.11932	0.01651	0.58379	0.05320	0.01803	0.01412	0.00675	0.00536	0.00164	0.00482	0.00539	0.00618	0.00890
40	0.01137	0.07409	0.65130	0.01599	0.02356	0.01333	0.10137	0.01723	0.01164	0.01702	0.00979	0.01170	0.00706	0.00508	0.00522	0.00171	0.00805	0.00423	0.00235	0.00791
41	0.01026	0.01050	0.02119	0.03798	0.02034	0.00992	0.42833	0.01334	0.01182	0.01592	0.01875	0.33716	0.01958	0.00971	0.00662	0.00199	0.00668	0.01009	0.00369	0.00612
42	0.01093	0.02820	0.78016	0.01554	0.02360	0.01266	0.02014	0.01727	0.01151	0.01727	0.00978	0.01151	0.00691	0.00518	0.00518	0.00173	0.00806	0.00403	0.00230	0.00806
43	0.01277	0.01216	0.02042	0.20528	0.57653	0.01279	0.01604	0.01659	0.04255	0.01713	0.01061	0.01401	0.00865	0.00509	0.00542	0.00167	0.00657	0.00491	0.00275	0.00805
44	0.01458	0.81168	0.02857	0.00933	0.01399	0.02157	0.00933	0.01632	0.01108	0.01283	0.00758	0.00875	0.00700	0.00466	0.00350	0.00117	0.00583	0.00292	0.00233	0.00700
45	0.00772	0.00557	0.00729	0.00686	0.00814	0.00514	0.00514	0.01029	0.01543	0.02186	0.77152	0.04072	0.05144	0.01115	0.00643	0.00171	0.00257	0.00986	0.00600	0.00514
46	0.01126	0.07221	0.64158	0.06324	0.05452	0.01319	0.03611	0.01699	0.01152	0.01683	0.00970	0.01169	0.00704	0.00514	0.00514	0.00170	0.00784	0.00410	0.00234	0.00788
47	0.01034	0.00975	0.01636	0.77591	0.03697	0.01223	0.01506	0.01391	0.01084	0.01391	0.00963	0.01447	0.00726	0.00555	0.00576	0.00183	0.02691	0.00484	0.00242	0.00605
48	0.00757	0.00546	0.00715	0.00696	0.00811	0.00504	0.00513	0.00991	0.01473	0.02075	0.66774	0.14768	0.04929	0.01198	0.00650	0.00178	0.00265	0.01065	0.00587	0.00504
49	0.01068	0.01036	0.01836	0.68566	0.05408	0.01233	0.10273	0.01441	0.01117	0.01444	0.00986	0.01453	0.00742	0.00534	0.00557	0.00181	0.00748	0.00503	0.00247	0.00627
50	0.01209	0.01593	0.14180	0.03599	0.02651	0.01293	0.57811	0.01668	0.01246	0.01712	0.01214	0.06927	0.00998	0.00557	0.00626	0.00185	0.00856	0.00667	0.00284	0.00723
51	0.01030	0.00969	0.01635	0.79530	0.03755	0.01211	0.01514	0.01393	0.01090	0.01393	0.00969	0.01453	0.00727	0.00545	0.00545	0.00182	0.00727	0.00484	0.00242	0.00606
52	0.03643	0.24034	0.39401	0.01484	0.06556	0.07424	0.05352	0.01749	0.01184	0.03153	0.00935	0.01098	0.00722	0.00505	0.00473	0.00155	0.00737	0.00386	0.00252	0.00760
53	0.01289	0.07203	0.28298	0.07452	0.13603	0.06692	0.07883	0.06111	0.01268	0.03211	0.01173	0.07858	0.01005	0.00638	0.00590	0.00173	0.03974	0.00538	0.00296	0.00745
54	0.00671	0.00480	0.00628	0.00743	0.00777	0.00448	0.00493	0.00762	0.01035	0.01374	0.03009	0.73483	0.05865	0.06423	0.00818	0.00239	0.00328	0.01492	0.00496	0.00437
55	0.00664	0.00474	0.00633	0.00759	0.00791	0.00443	0.00506	0.00759	0.01044	0.01392	0.03005	0.80485	0.03606	0.01708	0.00696	0.00221	0.00316	0.01550	0.00506	0.00443
56	0.04877	0.03385	0.17746	0.08142	0.10246	0.01171	0.01235	0.09735	0.07727	0.26148	0.03217	0.01563	0.01126	0.00611	0.00530	0.00170	0.00587	0.00499	0.00449	0.00834
57	0.01321	0.01345	0.04711	0.03107	0.64947	0.01285	0.09802	0.01662	0.01233	0.01758	0.01049	0.01410	0.00881	0.02419	0.00604	0.00174	0.00680	0.00508	0.00271	0.00835
58	0.01605	0.00742	0.00996	0.00827	0.01102	0.00657	0.00657	0.01839	0.01552	0.39846	0.39806	0.02969	0.03255	0.00896	0.00596	0.00170	0.00360	0.00768	0.00637	0.00720
59	0.01243	0.25110	0.47027	0.01530	0.07814	0.03197	0.03640	0.01706	0.01158	0.01596	0.00919	0.01092	0.00710	0.00500	0.00474	0.00155	0.00737	0.00383	0.00236	0.00774
60	0.01542	0.01151	0.01213	0.01044	0.01323	0.05826	0.00815	0.30945	0.11849	0.07489	0.04851	0.19529	0.01843	0.01007	0.02281	0.01250	0.00516	0.00765	0.04022	0.00739
61	0.00853	0.00609	0.00849	0.00975	0.01089	0.00606	0.00834	0.01086	0.01230	0.01603	0.02901	0.14952	0.03193	0.01530	0.00746	0.00247	0.00480	0.65218	0.00502	0.00495
62	0.01362	0.01279	0.02126	0.10243	0.66266	0.01310	0.01622	0.05929	0.01304	0.01841	0.01037	0.01357	0.00855	0.00501	0.00541	0.00164	0.00652	0.00486	0.00283	0.00843
63	0.01349	0.01292	0.02187	0.03288	0.75469	0.01297	0.01652	0.01705	0.03190	0.01794	0.01056	0.01367	0.00884	0.00492	0.00540	0.00163	0.00642	0.00489	0.00277	0.00864
64	0.01349	0.01295	0.02213	0.03346	0.77440	0.01295	0.01673	0.01673	0.01241	0.01781	0.01025	0.01349	0.00864	0.00486	0.00540	0.00162	0.00648	0.00486	0.00270	0.00864
65	0.00670	0.00479	0.00639	0.00766	0.00800	0.00448	0.00516	0.00769	0.01050	0.01398	0.03002	0.78418	0.03593	0.01702	0.00697	0.00222	0.00321	0.03558	0.00506	0.00444
66	0.01130	0.00969	0.01130	0.00807	0.01292	0.00727	0.00646	0.01373	0.01130	0.01776	0.00969	0.01130	0.00807	0.00404	0.00404	0.00081	0.00404	0.00323	0.00323	0.84173
67	0.00947	0.00473	0.00710	0.00710	0.00710	0.00473	0.00473	0.00710	0.00710	0.00947	0.00947	0.01657	0.00947	0.01894	0.02131	0.84138	0.00473	0.00473	0.00237	0.00237
68	0.00664	0.00474	0.00633	0.00759	0.00791	0.00443	0.00506	0.00759	0.01044	0.01392	0.03005	0.80485	0.03606	0.01708	0.00696	0.00221	0.00316	0.01550	0.00506	0.00443
69	0.01289	0.01218	0.02062	0.07954	0.66249	0.01233	0.01595	0.01609	0.01233	0.01744	0.01181	0.01767	0.01050	0.00577	0.00558	0.00171	0.00640	0.06767	0.00288	0.00816
70	0.00780	0.00581	0.00862	0.00862	0.00954	0.00674	0.00664	0.00964	0.00872	0.01255	0.01473	0.02214	0.01394	0.07981	0.74831	0.00859	0.01413	0.00595	0.00294	0.00479
71	0.01436	0.76429	0.07403	0.00970	0.01457	0.02103	0.00998	0.01638	0.01110	0.01309	0.00771	0.00891	0.00699	0.00470	0.00360	0.00120	0.00596	0.00298	0.00233	0.00706
72	0.01104	0.00771	0.01184	0.01303	0.08787	0.00751	0.05449	0.01366	0.01280	0.09469	0.02523	0.07255	0.02604	0.01263	0.00703	0.00229	0.00532	0.52351	0.00483	0.00594
73	0.01325	0.05940	0.03866	0.02870	0.60305	0.03682	0.03577	0.01636	0.01240	0.01719	0.01169	0.02987	0.01049	0.00579	0.00547	0.00167	0.00650	0.05596	0.00288	0.00810
74	0.01329	0.01289	0.02244	0.07146	0.69187	0.01296	0.06132	0.01663	0.01236	0.01759	0.01027	0.01362	0.00854	0.00487	0.00546	0.00164	0.00668	0.00495	0.00269	0.00843
75	0.01877	0.01061	0.03101	0.02841	0.11083	0.05364	0.00953	0.03870	0.01483	0.42939	0.07935	0.02409	0.03201	0.00776	0.00575	0.00176	0.00518	0.08482	0.00551	0.00805
76	0.02615	0.04507	0.57303	0.03620	0.03855	0.01181	0.03436	0.01596	0.01161	0.01709	0.03643	0.06341	0.01158	0.00663	0.00542	0.00179	0.00724	0.04744	0.00279	0.00744
77	0.00775	0.00567	0.00807	0.00815	0.00890	0.00638	0.00603	0.00926	0.00870	0.01233	0.01603	0.07155	0.01618	0.18688	0.59382	0.00770	0.01212	0.00683	0.00312	0.00454
78	0.00855	0.00692	0.01029	0.05859	0.07626	0.00683	0.04288	0.01101	0.03000	0.01636	0.12892	0.28353	0.09516	0.01294	0.00670	0.00209	0.00434	0.18851	0.00472	0.00538
79	0.03200	0.07227	0.58514	0.01633	0.08385	0.03792	0.03260	0.01770	0.02602	0.03274	0.01009	0.01177	0.00738	0.00520	0.00508	0.00168	0.00764	0.00411	0.00254	0.00796
80	0.06937	0.00891	0.01162	0.00917	0.01288	0.00801	0.00749	0.04004	0.01544	0.59870	0.13839	0.02135	0.01892	0.00734	0.00551	0.00169	0.00432	0.00601	0.00641	0.00843

[dist]
# distance from previous block
# <min> <max>
0	1

[block]
# block no. 5 follows, 44 sequences, length 35
