[name]
unknown

[dist]
# distance from previous block
# <min> <max>
2	62

[block]
# block no. 0 follows, 45 sequences, length 17
# corresponding to MSA columns:
# 99-115
name=unknown_A
#
# <colnr> <probs for GDERKNQSTAVLIFYWHMCP>
#	G	D	E	R	K	N	Q	S	T	A	V	L	I	F	Y	W	H	M	C	P
0	0.00894	0.00731	0.00958	0.01086	0.11538	0.00673	0.00689	0.04138	0.02642	0.01679	0.10809	0.30097	0.17161	0.01136	0.00596	0.00174	0.00369	0.01003	0.00452	0.13174
1	0.01651	0.01164	0.03875	0.07040	0.01601	0.01141	0.00918	0.28180	0.04001	0.17507	0.04341	0.05193	0.03929	0.00697	0.00568	0.00157	0.03047	0.00556	0.00484	0.13951
2	0.01384	0.03779	0.01459	0.09156	0.09831	0.04861	0.04543	0.06073	0.24440	0.10522	0.05890	0.03338	0.08468	0.00739	0.00589	0.00173	0.02939	0.00622	0.00450	0.00744
3	0.00779	0.00561	0.00673	0.00685	0.00815	0.00511	0.00497	0.03286	0.01279	0.04348	0.21941	0.31486	0.28432	0.01363	0.00646	0.00190	0.00298	0.01191	0.00528	0.00491
4	0.01451	0.01042	0.03148	0.01026	0.02624	0.01062	0.00799	0.25320	0.14157	0.10707	0.05053	0.19283	0.01905	0.05645	0.00697	0.00198	0.00461	0.00776	0.03921	0.00725
5	0.04639	0.21049	0.27132	0.07247	0.01944	0.03350	0.04985	0.05310	0.01228	0.11953	0.01061	0.01195	0.00788	0.00550	0.00550	0.00160	0.05391	0.00410	0.00310	0.00747
6	0.00825	0.00668	0.00886	0.00908	0.00952	0.00753	0.00666	0.03929	0.01049	0.01437	0.02463	0.57835	0.04913	0.01467	0.00915	0.00218	0.17945	0.01239	0.00442	0.00489
7	0.00653	0.00523	0.00584	0.00615	0.00748	0.00454	0.00443	0.00788	0.01198	0.01498	0.11949	0.26489	0.49326	0.01425	0.00649	0.00190	0.00281	0.01228	0.00508	0.00454
8	0.03342	0.03743	0.06285	0.06221	0.01679	0.03152	0.00996	0.31740	0.01841	0.30256	0.01658	0.01593	0.03711	0.00651	0.00529	0.00163	0.00557	0.00508	0.00524	0.00849
9	0.01587	0.01349	0.05513	0.08621	0.45027	0.07685	0.01410	0.01883	0.01301	0.18549	0.01233	0.01407	0.00924	0.00532	0.00529	0.00161	0.00639	0.00477	0.00351	0.00822
10	0.19728	0.01341	0.02548	0.01866	0.02329	0.01341	0.54619	0.01662	0.01162	0.01845	0.00988	0.01304	0.00756	0.00493	0.00637	0.00181	0.05686	0.00548	0.00283	0.00684
11	0.01143	0.01132	0.01726	0.22386	0.05728	0.01494	0.04489	0.01348	0.00927	0.01353	0.00802	0.01262	0.00719	0.00789	0.01329	0.00214	0.51831	0.00479	0.00239	0.00608
12	0.00893	0.00482	0.00680	0.00680	0.00683	0.00485	0.00442	0.00726	0.00723	0.00967	0.01117	0.02063	0.01171	0.19433	0.04767	0.63125	0.00510	0.00539	0.00255	0.00262
13	0.10622	0.04497	0.01527	0.05346	0.05108	0.03261	0.00987	0.44770	0.05030	0.09527	0.01284	0.01328	0.00929	0.00699	0.02545	0.00180	0.00592	0.00464	0.00475	0.00829
14	0.01245	0.03925	0.18740	0.22594	0.14999	0.03245	0.06777	0.02877	0.01180	0.07131	0.01206	0.04449	0.02451	0.00613	0.00623	0.00175	0.06242	0.00519	0.00295	0.00714
15	0.00674	0.00487	0.00638	0.00723	0.00781	0.00451	0.00495	0.00800	0.01133	0.01527	0.17659	0.62079	0.07459	0.01552	0.00672	0.00207	0.00298	0.01398	0.00516	0.00451
16	0.05591	0.01196	0.02047	0.06639	0.49394	0.01203	0.12065	0.03205	0.01246	0.01811	0.06201	0.04634	0.01214	0.00571	0.00549	0.00167	0.00629	0.00565	0.00305	0.00767

[dist]
# distance from previous block
# <min> <max>
15	30

[block]
# block no. 1 follows, 45 sequences, length 15
# corresponding to MSA columns:
# 147-161
name=unknown_B
#
# <colnr> <probs for GDERKNQSTAVLIFYWHMCP>
#	G	D	E	R	K	N	Q	S	T	A	V	L	I	F	Y	W	H	M	C	P
0	0.01460	0.00860	0.01039	0.00863	0.01142	0.00816	0.00664	0.11407	0.06419	0.22768	0.12327	0.09820	0.02045	0.12951	0.00878	0.00213	0.00431	0.00696	0.00513	0.12688
1	0.03642	0.49305	0.02268	0.01004	0.01448	0.08778	0.03641	0.06716	0.01234	0.01547	0.00841	0.00967	0.00725	0.00470	0.00390	0.00118	0.00587	0.00324	0.00275	0.15717
2	0.03001	0.01034	0.02529	0.00919	0.01296	0.00938	0.00742	0.19758	0.02951	0.04708	0.03091	0.12714	0.01361	0.00808	0.03321	0.00158	0.00477	0.00570	0.00418	0.39203
3	0.01345	0.19902	0.18358	0.05326	0.01652	0.04622	0.01085	0.08500	0.01315	0.07118	0.06632	0.04316	0.01207	0.00595	0.00471	0.00141	0.00572	0.00464	0.01916	0.14464
4	0.01070	0.02873	0.01017	0.03634	0.01151	0.00871	0.00713	0.08628	0.11060	0.06404	0.09100	0.38286	0.03973	0.01203	0.00713	0.00197	0.06990	0.01032	0.00489	0.00597
5	0.00838	0.00581	0.00670	0.00673	0.00821	0.00538	0.00494	0.01087	0.06207	0.05888	0.14970	0.24392	0.30327	0.01255	0.00612	0.00183	0.00298	0.01084	0.08570	0.00513
6	0.00693	0.00515	0.00699	0.05453	0.00959	0.00500	0.00559	0.00831	0.01106	0.01483	0.13612	0.58503	0.07539	0.01585	0.03097	0.00227	0.00360	0.01333	0.00490	0.00458
7	0.10973	0.01091	0.01528	0.41058	0.02623	0.01248	0.05215	0.17546	0.01398	0.04633	0.01079	0.01360	0.00796	0.00554	0.00508	0.00168	0.00627	0.00463	0.03428	0.03706
8	0.00749	0.00541	0.00746	0.00769	0.00828	0.00588	0.00549	0.00873	0.00872	0.01216	0.01788	0.17159	0.01913	0.23699	0.44497	0.00653	0.00988	0.00806	0.00337	0.00431
9	0.01076	0.00638	0.00784	0.00728	0.00829	0.00643	0.00496	0.05359	0.01015	0.12280	0.01762	0.07314	0.01798	0.48358	0.14182	0.00486	0.00648	0.00739	0.00390	0.00474
10	0.01323	0.01322	0.01727	0.32229	0.22899	0.12704	0.03546	0.04397	0.09449	0.01657	0.01118	0.01406	0.00873	0.00548	0.00528	0.00166	0.00691	0.00477	0.02228	0.00709
11	0.00932	0.00466	0.00699	0.00699	0.00699	0.00466	0.00466	0.00699	0.00699	0.00932	0.00932	0.01632	0.00932	0.01865	0.02098	0.84382	0.00466	0.00466	0.00233	0.00233
12	0.01819	0.01317	0.01436	0.01149	0.01515	0.01442	0.00929	0.58002	0.07330	0.05938	0.01608	0.12108	0.01335	0.00791	0.00558	0.00170	0.00536	0.00635	0.00537	0.00844
13	0.01109	0.04188	0.16987	0.19892	0.04584	0.01228	0.28046	0.01519	0.01190	0.01626	0.06984	0.01706	0.04417	0.00590	0.00615	0.00177	0.03601	0.00577	0.00286	0.00677
14	0.06027	0.02762	0.01682	0.11077	0.28048	0.01161	0.03872	0.07443	0.01313	0.17144	0.03327	0.02973	0.01115	0.03269	0.02316	0.00195	0.04610	0.00526	0.00380	0.00761

[dist]
# distance from previous block
# <min> <max>
2	8

[block]
# block no. 2 follows, 45 sequences, length 13
# corresponding to MSA columns:
# 171-183
name=unknown_C
#
# <colnr> <probs for GDERKNQSTAVLIFYWHMCP>
#	G	D	E	R	K	N	Q	S	T	A	V	L	I	F	Y	W	H	M	C	P
0	0.12913	0.09669	0.01425	0.00990	0.01397	0.10947	0.00813	0.23261	0.01546	0.02217	0.01007	0.01111	0.00792	0.00515	0.00434	0.00127	0.00542	0.00367	0.02563	0.27364
1	0.00691	0.00519	0.00646	0.00731	0.00804	0.00489	0.00503	0.00873	0.05070	0.01462	0.06455	0.61594	0.15061	0.01557	0.00668	0.00208	0.00309	0.01393	0.00505	0.00463
2	0.01109	0.09422	0.51780	0.06347	0.02163	0.01284	0.03943	0.01596	0.01108	0.01614	0.00981	0.03110	0.00769	0.00549	0.00565	0.00163	0.05138	0.00425	0.00244	0.07689
3	0.00909	0.00760	0.01008	0.00960	0.01043	0.02421	0.03843	0.01096	0.04753	0.03204	0.05325	0.38884	0.06319	0.08625	0.01083	0.00239	0.17537	0.01058	0.00422	0.00510
4	0.01201	0.01030	0.01163	0.01050	0.01225	0.04470	0.00818	0.09991	0.23901	0.01826	0.01762	0.10785	0.03086	0.06064	0.11609	0.00303	0.15369	0.00674	0.03023	0.00651
5	0.04936	0.00633	0.00701	0.00642	0.00792	0.00627	0.00462	0.03190	0.03045	0.12153	0.05875	0.02608	0.04788	0.25504	0.01155	0.00261	0.00383	0.00635	0.31085	0.00524
6	0.03719	0.01057	0.01669	0.34654	0.31062	0.02602	0.01378	0.02938	0.01162	0.01594	0.01244	0.10218	0.01141	0.00667	0.00549	0.00176	0.00629	0.02569	0.00294	0.00678
7	0.00684	0.00497	0.00649	0.00751	0.00803	0.00470	0.00514	0.00832	0.03063	0.01459	0.08570	0.68958	0.05851	0.01599	0.00677	0.00213	0.00313	0.03138	0.00506	0.00454
8	0.00722	0.00492	0.00625	0.00708	0.00764	0.00458	0.00477	0.00829	0.01058	0.03011	0.06139	0.59889	0.08558	0.08209	0.00831	0.00233	0.00323	0.01338	0.04894	0.00444
9	0.01210	0.00984	0.01389	0.01182	0.01309	0.01200	0.04748	0.04532	0.01096	0.09932	0.06619	0.05970	0.08924	0.01220	0.07747	0.00263	0.40055	0.00648	0.00364	0.00609
10	0.01261	0.00878	0.01087	0.09617	0.01421	0.00930	0.00793	0.24427	0.01538	0.07899	0.02153	0.41196	0.02245	0.01154	0.00611	0.00192	0.00454	0.01010	0.00495	0.00639
11	0.00654	0.00467	0.00623	0.00747	0.00779	0.00436	0.00498	0.00747	0.01028	0.01370	0.02959	0.80785	0.03550	0.01682	0.00685	0.00218	0.00311	0.01526	0.00498	0.00436
12	0.02040	0.00888	0.01162	0.00916	0.01276	0.00802	0.00747	0.08320	0.01601	0.56637	0.14103	0.02274	0.05227	0.00762	0.00558	0.00167	0.00428	0.00629	0.00635	0.00829

[dist]
# distance from previous block
# <min> <max>
1	4

[block]
# block no. 3 follows, 45 sequences, length 17
# corresponding to MSA columns:
# 188-204
name=unknown_D
#
# <colnr> <probs for GDERKNQSTAVLIFYWHMCP>
#	G	D	E	R	K	N	Q	S	T	A	V	L	I	F	Y	W	H	M	C	P
0	0.15572	0.13876	0.09192	0.03381	0.03391	0.01225	0.00959	0.04735	0.03506	0.29894	0.03878	0.01444	0.01091	0.00611	0.00541	0.00163	0.04883	0.00451	0.00440	0.00767
1	0.14915	0.01228	0.01936	0.05091	0.63159	0.01261	0.01469	0.01628	0.01168	0.01849	0.00965	0.01257	0.00803	0.00483	0.00499	0.00161	0.00604	0.00448	0.00276	0.00799
2	0.01114	0.01037	0.01628	0.18309	0.23856	0.03313	0.07386	0.04965	0.01184	0.01598	0.01503	0.21457	0.01508	0.00946	0.03237	0.00207	0.05014	0.00755	0.00332	0.00651
3	0.00802	0.00620	0.00904	0.00885	0.00965	0.00739	0.00684	0.00971	0.00853	0.01233	0.01398	0.02149	0.01340	0.10183	0.66301	0.00783	0.07847	0.00584	0.00286	0.00475
4	0.16653	0.03881	0.01333	0.03610	0.01478	0.03493	0.00825	0.30508	0.01636	0.02464	0.01037	0.01136	0.00793	0.00523	0.00445	0.00133	0.00509	0.00383	0.00399	0.28759
5	0.01168	0.08371	0.09349	0.11120	0.42773	0.01202	0.01411	0.01472	0.01153	0.01599	0.01292	0.14202	0.01243	0.00682	0.00538	0.00168	0.00603	0.00624	0.00293	0.00734
6	0.00751	0.00545	0.00637	0.00655	0.00797	0.00480	0.00484	0.00902	0.01234	0.05112	0.15613	0.24305	0.40650	0.01375	0.00647	0.00191	0.00297	0.04324	0.00520	0.00480
7	0.01014	0.00954	0.01610	0.79845	0.03697	0.01193	0.01491	0.01371	0.01073	0.01371	0.00954	0.01431	0.00716	0.00537	0.00537	0.00179	0.00716	0.00477	0.00239	0.00596
8	0.02113	0.01318	0.01532	0.01258	0.05463	0.01386	0.00984	0.50549	0.02166	0.25364	0.01519	0.01450	0.01032	0.00642	0.00538	0.00162	0.00554	0.00500	0.00561	0.00910
9	0.00861	0.01169	0.20813	0.05240	0.01413	0.00771	0.05854	0.01108	0.01021	0.01413	0.04327	0.27059	0.02091	0.23058	0.01190	0.00283	0.00552	0.00898	0.00355	0.00527
10	0.00664	0.00481	0.00630	0.00745	0.00792	0.00447	0.00511	0.00769	0.01054	0.01389	0.03143	0.70959	0.09224	0.01646	0.00684	0.00217	0.00318	0.05388	0.00498	0.00440
11	0.01314	0.36016	0.02087	0.01151	0.01371	0.05737	0.01017	0.01462	0.00985	0.01303	0.00783	0.01079	0.00736	0.00780	0.03000	0.00190	0.36939	0.00388	0.03036	0.00627
12	0.07771	0.09152	0.02660	0.01138	0.05406	0.10977	0.00886	0.18968	0.02682	0.16165	0.09712	0.04029	0.01502	0.00795	0.02976	0.00180	0.00575	0.01478	0.02209	0.00738
13	0.00786	0.00571	0.00705	0.00727	0.00750	0.00600	0.00487	0.00844	0.00896	0.01202	0.02125	0.22188	0.04576	0.46081	0.01924	0.00390	0.07082	0.07295	0.00379	0.00392
14	0.01152	0.00637	0.00855	0.00757	0.00950	0.00587	0.00587	0.01389	0.01469	0.20117	0.53286	0.03334	0.03869	0.01238	0.07128	0.00226	0.00400	0.00836	0.00583	0.00601
15	0.01422	0.01099	0.01720	0.16880	0.33060	0.03629	0.04479	0.01718	0.01300	0.16387	0.09879	0.01838	0.01432	0.00617	0.00553	0.00168	0.00594	0.02090	0.00379	0.00755
16	0.06683	0.03812	0.01423	0.07954	0.09569	0.23493	0.00986	0.08864	0.05492	0.12112	0.06170	0.01667	0.04641	0.00790	0.03880	0.00188	0.00677	0.00503	0.00396	0.00701

[dist]
# distance from previous block
# <min> <max>
1	4

[block]
# block no. 4 follows, 45 sequences, length 14
# corresponding to MSA columns:
# 209-222
name=unknown_E
#
# <colnr> <probs for GDERKNQSTAVLIFYWHMCP>
#	G	D	E	R	K	N	Q	S	T	A	V	L	I	F	Y	W	H	M	C	P
0	0.05589	0.11738	0.01469	0.09563	0.12289	0.08523	0.00945	0.03937	0.06206	0.03964	0.01549	0.20988	0.01545	0.02879	0.00612	0.00178	0.02524	0.00701	0.00363	0.04436
1	0.01088	0.06472	0.01429	0.01140	0.01251	0.01295	0.02892	0.04379	0.02922	0.01437	0.01512	0.01904	0.09838	0.04075	0.13937	0.00323	0.40194	0.00571	0.02767	0.00574
2	0.01839	0.01388	0.01583	0.05134	0.01745	0.01514	0.03609	0.55433	0.10098	0.04876	0.01359	0.01379	0.00979	0.00626	0.00533	0.00160	0.00575	0.00492	0.00503	0.06177
3	0.01051	0.00847	0.00862	0.00759	0.00991	0.08511	0.00578	0.01259	0.01343	0.06751	0.29384	0.06885	0.15355	0.00921	0.00553	0.00150	0.00373	0.00778	0.05887	0.16764
4	0.01811	0.01249	0.01432	0.01105	0.01492	0.01313	0.00908	0.42492	0.01947	0.14397	0.04766	0.01456	0.01128	0.00650	0.00617	0.00154	0.06942	0.00485	0.00497	0.15159
5	0.01909	0.01492	0.03547	0.01189	0.01583	0.07938	0.00984	0.53188	0.05987	0.08695	0.04610	0.03789	0.01209	0.00689	0.00541	0.00163	0.00587	0.00531	0.00518	0.00851
6	0.00714	0.00607	0.00611	0.00604	0.00759	0.03071	0.00441	0.00857	0.01240	0.01527	0.17039	0.07031	0.54203	0.07956	0.00806	0.00207	0.00314	0.01062	0.00492	0.00457
7	0.00765	0.00507	0.00595	0.00625	0.00650	0.00496	0.00384	0.00824	0.00913	0.01266	0.06167	0.23149	0.02482	0.49745	0.01898	0.00391	0.00430	0.00958	0.07377	0.00378
8	0.01218	0.01254	0.01628	0.14156	0.01802	0.08025	0.01214	0.01376	0.00921	0.01307	0.00756	0.01199	0.00705	0.00842	0.01456	0.00218	0.60633	0.00461	0.00239	0.00592
9	0.01921	0.01010	0.01231	0.01002	0.01360	0.01002	0.00817	0.15507	0.14520	0.40720	0.05897	0.02244	0.04352	0.00768	0.00561	0.00173	0.00461	0.05012	0.00602	0.00840
10	0.00649	0.00488	0.00601	0.00692	0.00764	0.00441	0.00474	0.00754	0.01081	0.01392	0.03630	0.60293	0.23608	0.01594	0.00671	0.00208	0.00301	0.01419	0.00498	0.00441
11	0.01530	0.01178	0.03948	0.01049	0.01392	0.01170	0.00857	0.38738	0.05008	0.05956	0.01726	0.21103	0.01596	0.00871	0.00556	0.00166	0.00491	0.00726	0.00495	0.11444
12	0.01282	0.00944	0.01072	0.05804	0.01335	0.04144	0.00786	0.11942	0.15491	0.10266	0.16390	0.06780	0.10746	0.00966	0.00597	0.00182	0.00446	0.09632	0.00522	0.00670
13	0.05051	0.00821	0.00885	0.00772	0.00995	0.00848	0.00597	0.20846	0.01495	0.04604	0.06369	0.10570	0.04430	0.04755	0.00596	0.00170	0.00380	0.00656	0.31218	0.03940

[dist]
# distance from previous block
# <min> <max>
2	11

[block]
# block no. 5 follows, 45 sequences, length 30
# corresponding to MSA columns:
# 234-263
name=unknown_F
#
# <colnr> <probs for GDERKNQSTAVLIFYWHMCP>
#	G	D	E	R	K	N	Q	S	T	A	V	L	I	F	Y	W	H	M	C	P
0	0.01842	0.01301	0.01445	0.01103	0.01534	0.01340	0.00908	0.50228	0.02080	0.10465	0.01336	0.01422	0.00982	0.00612	0.00511	0.00146	0.00532	0.02275	0.00500	0.19437
1	0.00675	0.00525	0.00617	0.00659	0.00780	0.00467	0.00483	0.00823	0.01207	0.01543	0.15550	0.29374	0.37619	0.01431	0.00658	0.00196	0.00297	0.06125	0.00512	0.00459
2	0.00647	0.00529	0.00571	0.00592	0.00741	0.00454	0.00432	0.00783	0.01206	0.01483	0.09964	0.19740	0.58187	0.01404	0.00644	0.00188	0.00278	0.01198	0.00505	0.00454
3	0.01505	0.00728	0.00946	0.00796	0.01059	0.00652	0.00627	0.01753	0.03596	0.36249	0.31288	0.03078	0.10939	0.03515	0.00657	0.00181	0.00360	0.00778	0.00604	0.00688
4	0.01435	0.81458	0.02813	0.00918	0.01378	0.02124	0.00918	0.01607	0.01091	0.01263	0.00746	0.00861	0.00689	0.00459	0.00344	0.00115	0.00574	0.00287	0.00230	0.00689
5	0.00844	0.00606	0.00840	0.00960	0.01079	0.00601	0.00828	0.01078	0.01221	0.01586	0.02921	0.11092	0.05144	0.01493	0.00735	0.00243	0.00476	0.67269	0.00495	0.00489
6	0.00654	0.00467	0.00623	0.00747	0.00779	0.00436	0.00498	0.00747	0.01028	0.01370	0.02959	0.80785	0.03550	0.01682	0.00685	0.00218	0.00311	0.01526	0.00498	0.00436
7	0.00726	0.00547	0.00672	0.00649	0.00787	0.00493	0.00488	0.00944	0.01424	0.01937	0.55187	0.06315	0.24028	0.01189	0.00637	0.00175	0.00264	0.02484	0.00562	0.00490
8	0.00764	0.00572	0.00837	0.00859	0.00944	0.00539	0.05558	0.02777	0.01060	0.01422	0.02585	0.65368	0.03030	0.01554	0.00778	0.06597	0.00372	0.01328	0.00459	0.02598
9	0.05014	0.00950	0.01239	0.00964	0.01369	0.00863	0.00793	0.04619	0.06584	0.68549	0.02055	0.01793	0.01314	0.00663	0.00533	0.00167	0.00457	0.00535	0.00642	0.00898
10	0.00748	0.00542	0.00778	0.00812	0.00892	0.00598	0.00608	0.00916	0.00922	0.01319	0.01871	0.23674	0.01949	0.03206	0.53440	0.00648	0.01067	0.00832	0.04710	0.00469
11	0.01470	0.00706	0.00945	0.00796	0.01047	0.00628	0.00628	0.01704	0.01527	0.34897	0.45026	0.03069	0.03455	0.00911	0.00593	0.00168	0.00341	0.00785	0.00623	0.00682
12	0.01392	0.03333	0.03010	0.28621	0.29260	0.18211	0.02687	0.04277	0.01279	0.01573	0.00956	0.01272	0.00765	0.00520	0.00520	0.00161	0.00740	0.00446	0.00267	0.00710
13	0.02013	0.06717	0.01556	0.01277	0.01596	0.55358	0.00989	0.08155	0.03651	0.12172	0.01078	0.01136	0.00824	0.00575	0.00490	0.00144	0.00829	0.00388	0.00356	0.00696
14	0.12093	0.01070	0.01160	0.00987	0.01282	0.01146	0.00789	0.36306	0.01762	0.05626	0.03057	0.19834	0.01705	0.00915	0.00551	0.00177	0.00472	0.05150	0.02781	0.03136
15	0.01232	0.03540	0.07435	0.19276	0.36065	0.01299	0.20095	0.01609	0.01192	0.01646	0.01006	0.01354	0.00797	0.00486	0.00551	0.00168	0.00730	0.00506	0.00258	0.00756
16	0.01008	0.00828	0.00939	0.00825	0.01089	0.00792	0.00628	0.02822	0.21119	0.01826	0.10663	0.13301	0.10641	0.05253	0.00665	0.00176	0.00375	0.02188	0.00461	0.24401
17	0.09077	0.17989	0.12210	0.08394	0.01691	0.02626	0.06161	0.07456	0.01185	0.01684	0.02597	0.16775	0.01343	0.00786	0.00619	0.00174	0.07631	0.00631	0.00328	0.00642
18	0.01195	0.00709	0.00910	0.03557	0.01111	0.00695	0.00661	0.10788	0.01320	0.16623	0.02477	0.48613	0.02630	0.03271	0.00685	0.00207	0.00399	0.03031	0.00522	0.00595
19	0.18709	0.00956	0.01150	0.00905	0.01296	0.00908	0.00746	0.06196	0.01451	0.56752	0.01791	0.01615	0.01160	0.00629	0.00493	0.00164	0.00449	0.00486	0.03310	0.00834
20	0.00743	0.00521	0.00674	0.00704	0.00767	0.00525	0.00488	0.00870	0.01013	0.01411	0.13142	0.25925	0.05483	0.21324	0.19215	0.00427	0.00609	0.00978	0.04750	0.00433
21	0.04205	0.07220	0.71151	0.01464	0.02221	0.01295	0.01870	0.01690	0.01123	0.01701	0.00943	0.01108	0.00677	0.00507	0.00494	0.00167	0.00767	0.00386	0.00231	0.00779
22	0.09787	0.00924	0.01183	0.00929	0.01321	0.00845	0.00763	0.02475	0.05376	0.64554	0.04769	0.01830	0.01414	0.00669	0.00525	0.00167	0.00444	0.00536	0.00625	0.00865
23	0.00779	0.00522	0.00594	0.00591	0.00600	0.00519	0.00337	0.00796	0.00830	0.01115	0.06768	0.03546	0.02160	0.75776	0.02592	0.00497	0.00503	0.00793	0.00343	0.00337
24	0.01082	0.09444	0.05684	0.25312	0.20779	0.02672	0.03565	0.01364	0.01110	0.01474	0.01366	0.16910	0.01334	0.00912	0.04520	0.00209	0.00654	0.00666	0.00299	0.00646
25	0.00937	0.00835	0.01363	0.60384	0.02974	0.01009	0.01242	0.01236	0.01066	0.01393	0.01405	0.18182	0.01336	0.00781	0.00562	0.00185	0.00614	0.00699	0.03237	0.00559
26	0.02266	0.01036	0.01310	0.01013	0.01419	0.00980	0.00833	0.19532	0.01748	0.58368	0.01953	0.04264	0.01305	0.00693	0.00544	0.00167	0.00483	0.00559	0.00630	0.00898
27	0.59963	0.03841	0.01040	0.06279	0.01294	0.01213	0.02267	0.03544	0.00980	0.04236	0.00831	0.01026	0.00659	0.00622	0.00557	0.05808	0.04589	0.00344	0.00324	0.00584
28	0.01426	0.55682	0.06811	0.01035	0.01478	0.01741	0.05953	0.01650	0.01147	0.08594	0.03651	0.01202	0.00955	0.00745	0.05732	0.00180	0.00645	0.00384	0.00290	0.00698
29	0.00961	0.06024	0.03284	0.00908	0.01073	0.03355	0.00740	0.03678	0.00984	0.04032	0.01387	0.01976	0.01266	0.06180	0.60808	0.00709	0.01250	0.00547	0.00305	0.00531

[dist]
# distance from previous block
# <min> <max>
0	2

[block]
# block no. 6 follows, 45 sequences, length 89
# corresponding to MSA columns:
# 266-354
name=unknown_G
#
# <colnr> <probs for GDERKNQSTAVLIFYWHMCP>
#	G	D	E	R	K	N	Q	S	T	A	V	L	I	F	Y	W	H	M	C	P
0	0.52184	0.01110	0.04669	0.22556	0.01891	0.01203	0.02690	0.02922	0.01023	0.04218	0.00871	0.01086	0.00655	0.00516	0.00413	0.00170	0.00531	0.00365	0.00313	0.00614
1	0.00815	0.00614	0.00803	0.00789	0.00833	0.00695	0.00564	0.00914	0.00872	0.01231	0.01792	0.12648	0.04572	0.31672	0.24649	0.00517	0.10982	0.00776	0.03831	0.00430
2	0.01200	0.01144	0.01947	0.34529	0.47556	0.01242	0.01583	0.01535	0.01162	0.01598	0.00987	0.01370	0.00795	0.00502	0.00534	0.00167	0.00669	0.00478	0.00255	0.00747
3	0.00820	0.00619	0.00773	0.00784	0.00924	0.00559	0.00554	0.05052	0.01128	0.01556	0.02476	0.60884	0.02868	0.01375	0.00621	0.00188	0.00344	0.01233	0.00465	0.16776
4	0.02024	0.01495	0.01601	0.01232	0.01658	0.01657	0.01016	0.74248	0.04300	0.03356	0.01310	0.01306	0.00930	0.00646	0.00537	0.00162	0.00587	0.00486	0.00537	0.00911
5	0.01239	0.00697	0.00892	0.00802	0.01013	0.00656	0.00618	0.01582	0.09011	0.22208	0.36261	0.13466	0.05932	0.01039	0.00609	0.00178	0.00337	0.02235	0.00589	0.00638
6	0.00845	0.00647	0.00743	0.00762	0.00843	0.02456	0.00527	0.03459	0.06923	0.01462	0.06980	0.34539	0.08624	0.21335	0.01241	0.03035	0.02219	0.02452	0.00446	0.00464
7	0.02021	0.01494	0.01600	0.01231	0.01657	0.01656	0.01016	0.74013	0.04539	0.03352	0.01313	0.01308	0.00933	0.00647	0.00537	0.00162	0.00586	0.00487	0.00537	0.00911
8	0.00958	0.00509	0.00539	0.00531	0.00657	0.00501	0.00398	0.01209	0.01195	0.02028	0.15157	0.02357	0.02029	0.00709	0.00421	0.00133	0.00251	0.00584	0.69333	0.00501
9	0.01878	0.02318	0.01644	0.01741	0.15932	0.64412	0.01152	0.02050	0.01465	0.01396	0.00863	0.01036	0.00721	0.00539	0.00493	0.00142	0.00906	0.00371	0.00275	0.00665
10	0.01401	0.01041	0.01291	0.05153	0.01517	0.00902	0.03166	0.11808	0.01363	0.11411	0.01148	0.01253	0.00874	0.00474	0.00449	0.00110	0.00465	0.00387	0.00385	0.55403
11	0.00686	0.00490	0.00660	0.00784	0.00830	0.00464	0.00554	0.00803	0.01059	0.01406	0.02941	0.69370	0.03480	0.01651	0.00694	0.00222	0.00339	0.12623	0.00498	0.00445
12	0.00686	0.00493	0.00658	0.00778	0.00829	0.00465	0.00552	0.00805	0.01067	0.01410	0.03022	0.66677	0.05899	0.01640	0.00692	0.00221	0.00339	0.12824	0.00498	0.00446
13	0.01741	0.01374	0.01528	0.03964	0.12064	0.09828	0.01041	0.34384	0.01862	0.10640	0.08108	0.01683	0.03785	0.00689	0.00606	0.00165	0.04745	0.00537	0.00463	0.00794
14	0.18955	0.01091	0.03997	0.00953	0.01343	0.03717	0.00804	0.08066	0.01448	0.47659	0.01727	0.05337	0.01205	0.00669	0.00501	0.00167	0.00482	0.00520	0.00549	0.00808
15	0.00667	0.00477	0.00634	0.00739	0.00781	0.00444	0.00499	0.00779	0.01087	0.01465	0.11942	0.71533	0.03733	0.01611	0.00679	0.00212	0.00304	0.01459	0.00509	0.00444
16	0.00803	0.00550	0.00693	0.00667	0.00798	0.00503	0.00494	0.01018	0.01401	0.04653	0.53680	0.11521	0.13454	0.03153	0.00677	0.00182	0.00275	0.01006	0.03969	0.00503
17	0.04213	0.05048	0.01934	0.11738	0.45940	0.15157	0.01413	0.01744	0.01256	0.05129	0.01001	0.01263	0.00812	0.00507	0.00509	0.00156	0.00687	0.00443	0.00283	0.00766
18	0.01343	0.05984	0.52101	0.01461	0.03303	0.01225	0.06711	0.04554	0.01263	0.13491	0.02833	0.01320	0.00897	0.00545	0.00519	0.00167	0.00717	0.00447	0.00317	0.00801
19	0.28675	0.11602	0.09273	0.02707	0.06994	0.22911	0.00996	0.04704	0.01225	0.01846	0.00877	0.01030	0.00703	0.00520	0.00422	0.00150	0.00649	0.00350	0.03708	0.00657
20	0.03198	0.04338	0.15621	0.29534	0.27201	0.01226	0.01532	0.01593	0.01159	0.05709	0.01078	0.01464	0.00850	0.00543	0.00524	0.00170	0.00672	0.02578	0.00277	0.00732
21	0.00858	0.00632	0.00708	0.00669	0.00812	0.00606	0.00478	0.04878	0.05858	0.03455	0.19574	0.06521	0.29002	0.22232	0.01176	0.00268	0.00365	0.00938	0.00482	0.00489
22	0.34417	0.15031	0.15247	0.04955	0.05994	0.05344	0.01040	0.01730	0.01101	0.09383	0.00950	0.01070	0.00719	0.00514	0.00416	0.00157	0.00570	0.00356	0.00317	0.00689
23	0.03208	0.30492	0.07505	0.03509	0.01339	0.05409	0.00868	0.01508	0.03965	0.07416	0.10206	0.14857	0.03424	0.00908	0.03010	0.00179	0.00539	0.00648	0.00374	0.00636
24	0.06017	0.00643	0.00822	0.00774	0.00950	0.00608	0.00606	0.01306	0.01384	0.14864	0.41068	0.09294	0.03657	0.03751	0.00689	0.00195	0.00347	0.11902	0.00558	0.00567
25	0.01095	0.06793	0.74497	0.01499	0.02275	0.01291	0.01929	0.01695	0.01131	0.01678	0.00952	0.01119	0.00680	0.00507	0.00502	0.00167	0.00782	0.00391	0.00227	0.00788
26	0.01006	0.00802	0.01063	0.12783	0.05301	0.03193	0.00807	0.06646	0.02865	0.02625	0.03899	0.10913	0.01617	0.15478	0.23502	0.03423	0.02514	0.00689	0.00345	0.00531
27	0.01002	0.00598	0.00788	0.00729	0.00892	0.00544	0.00555	0.01229	0.01459	0.13712	0.54904	0.11136	0.06388	0.01104	0.00626	0.00175	0.00296	0.02713	0.00588	0.00560
28	0.00779	0.00580	0.00833	0.00828	0.00905	0.00668	0.00623	0.00936	0.00848	0.01212	0.01464	0.02328	0.01432	0.17166	0.64164	0.00790	0.03090	0.00608	0.00293	0.00455
29	0.01327	0.01273	0.02062	0.13922	0.62773	0.03399	0.01588	0.04095	0.01253	0.01742	0.01006	0.01332	0.00829	0.00494	0.00531	0.00162	0.00656	0.00475	0.00271	0.00810
30	0.03655	0.02502	0.66051	0.01440	0.02171	0.01214	0.01794	0.04227	0.01212	0.09258	0.01081	0.01199	0.00748	0.00529	0.00509	0.00169	0.00743	0.00410	0.00283	0.00803
31	0.01115	0.00682	0.00931	0.00979	0.01155	0.00668	0.00845	0.01401	0.04061	0.13379	0.02753	0.05241	0.04093	0.01327	0.00701	0.00231	0.00482	0.58863	0.00522	0.00571
32	0.00687	0.00560	0.00648	0.00710	0.03240	0.00493	0.00504	0.00840	0.01218	0.01521	0.11273	0.17955	0.50663	0.01371	0.00647	0.00190	0.00304	0.06207	0.00499	0.00471
33	0.01060	0.01001	0.01693	0.68711	0.14473	0.01205	0.01514	0.01412	0.01095	0.01427	0.00962	0.01416	0.00735	0.00528	0.00536	0.00176	0.00704	0.00477	0.00242	0.00633
34	0.03991	0.00957	0.01581	0.77037	0.03603	0.01193	0.01458	0.01379	0.01068	0.01408	0.00947	0.01411	0.00711	0.00535	0.00529	0.00178	0.00705	0.00470	0.00242	0.00596
35	0.01098	0.01026	0.01712	0.64023	0.16876	0.01220	0.01506	0.03459	0.01140	0.01495	0.00973	0.01409	0.00745	0.00529	0.00536	0.00175	0.00698	0.00477	0.00252	0.00650
36	0.00661	0.00542	0.00582	0.00579	0.00743	0.00463	0.00432	0.00819	0.01276	0.01590	0.19973	0.08012	0.59828	0.01319	0.00636	0.00180	0.00270	0.01116	0.00517	0.00463
37	0.06800	0.01740	0.26304	0.01435	0.04571	0.03472	0.11515	0.14236	0.01392	0.04640	0.04202	0.02867	0.01009	0.00607	0.00604	0.01374	0.04543	0.00486	0.00339	0.07865
38	0.01018	0.00795	0.00957	0.00764	0.01100	0.00633	0.00590	0.01237	0.01187	0.04219	0.15078	0.13827	0.02014	0.00733	0.00488	0.00121	0.00357	0.00631	0.02388	0.51864
39	0.01790	0.30236	0.01968	0.01213	0.01555	0.50283	0.00991	0.01971	0.03025	0.01316	0.00830	0.00953	0.00711	0.00524	0.00436	0.00131	0.00818	0.00331	0.00266	0.00651
40	0.00763	0.00547	0.00733	0.00818	0.02742	0.00529	0.00561	0.00906	0.01152	0.03395	0.18552	0.52794	0.06030	0.01445	0.00700	0.00203	0.03247	0.02407	0.01996	0.00481
41	0.00839	0.03253	0.00785	0.00698	0.00847	0.02783	0.00515	0.03443	0.04391	0.01503	0.11890	0.03702	0.31351	0.18212	0.13118	0.00351	0.00547	0.00863	0.00429	0.00481
42	0.01497	0.01233	0.01305	0.01125	0.01457	0.01411	0.00889	0.19588	0.59818	0.02506	0.01980	0.01839	0.01473	0.00709	0.00544	0.00177	0.00463	0.00579	0.00544	0.00864
43	0.00784	0.00522	0.00595	0.00595	0.00601	0.00526	0.00340	0.00796	0.00790	0.01066	0.01682	0.03430	0.01917	0.76607	0.05799	0.00528	0.00553	0.00767	0.01767	0.00335
44	0.01994	0.04302	0.01555	0.01365	0.01653	0.73425	0.01034	0.05768	0.01561	0.01414	0.00850	0.00981	0.00702	0.00556	0.00483	0.00139	0.00940	0.00351	0.00288	0.00638
45	0.00902	0.00752	0.00808	0.00765	0.00971	0.00766	0.00584	0.01521	0.26778	0.01816	0.14916	0.03901	0.36222	0.03670	0.00675	0.00193	0.00336	0.03308	0.00523	0.00592
46	0.00794	0.00554	0.00720	0.00685	0.00809	0.00515	0.00510	0.01023	0.01439	0.03805	0.64565	0.06686	0.06697	0.05250	0.02247	0.00203	0.00301	0.02127	0.00566	0.00502
47	0.00641	0.00542	0.00554	0.00556	0.00730	0.00455	0.00415	0.00780	0.01230	0.01478	0.08529	0.07541	0.72005	0.01358	0.00636	0.00182	0.00272	0.01138	0.00503	0.00455
48	0.01970	0.02243	0.01548	0.01350	0.01648	0.57151	0.01040	0.19066	0.01715	0.01788	0.00929	0.01053	0.00743	0.00594	0.00563	0.00149	0.05045	0.00384	0.00334	0.00687
49	0.76812	0.01040	0.00842	0.00737	0.01078	0.01184	0.00607	0.03415	0.00998	0.08081	0.00862	0.00953	0.00645	0.00514	0.00353	0.00166	0.00422	0.00314	0.00362	0.00614
50	0.00686	0.00484	0.00626	0.00723	0.00754	0.00459	0.00478	0.00773	0.01008	0.01347	0.05471	0.62077	0.03308	0.15831	0.01050	0.00271	0.00352	0.03412	0.00471	0.00420
51	0.04420	0.00522	0.00512	0.00509	0.00642	0.00529	0.00384	0.01264	0.01117	0.02018	0.01710	0.01955	0.01343	0.00620	0.00373	0.00127	0.00257	0.00492	0.80701	0.00504
52	0.01310	0.01256	0.02145	0.07901	0.73328	0.01270	0.01638	0.01631	0.01213	0.01731	0.01006	0.01335	0.00842	0.00482	0.00532	0.00161	0.00642	0.00478	0.00264	0.00835
53	0.01540	0.00824	0.01051	0.00925	0.02961	0.00787	0.00713	0.03685	0.12621	0.32369	0.26648	0.02841	0.06854	0.00871	0.00582	0.00172	0.00385	0.02841	0.00597	0.00733
54	0.81949	0.01035	0.00818	0.03514	0.01132	0.01204	0.00614	0.01571	0.00919	0.02372	0.00755	0.00892	0.00586	0.00500	0.00339	0.00167	0.00426	0.00297	0.00329	0.00582
55	0.01337	0.01290	0.02339	0.05516	0.57544	0.01276	0.17070	0.01681	0.01236	0.03936	0.01056	0.01371	0.00852	0.00480	0.00553	0.00165	0.00691	0.00512	0.00278	0.00817
56	0.00678	0.00483	0.00646	0.00767	0.00807	0.00456	0.00530	0.00784	0.01043	0.01386	0.02918	0.71686	0.03469	0.03470	0.00737	0.00228	0.00334	0.08645	0.00494	0.00439
57	0.01600	0.01950	0.03542	0.23475	0.02360	0.44552	0.09146	0.01844	0.01337	0.01381	0.00891	0.01160	0.00711	0.00549	0.00557	0.00158	0.03476	0.00418	0.00263	0.00629
58	0.01277	0.01223	0.02086	0.15850	0.65635	0.01262	0.01622	0.01602	0.01198	0.01691	0.01001	0.01345	0.00828	0.00488	0.00532	0.00163	0.00650	0.00478	0.00261	0.00809
59	0.02408	0.00914	0.01246	0.00955	0.01370	0.00789	0.00789	0.02616	0.01536	0.78158	0.02118	0.01827	0.01329	0.00664	0.00540	0.00166	0.00457	0.00540	0.00664	0.00914
60	0.27564	0.01213	0.08477	0.18666	0.09140	0.01188	0.01081	0.11609	0.01282	0.04629	0.04032	0.01592	0.04090	0.00617	0.00483	0.00171	0.00554	0.02582	0.00355	0.00676
61	0.01435	0.81458	0.02813	0.00918	0.01378	0.02124	0.00918	0.01607	0.01091	0.01263	0.00746	0.00861	0.00689	0.00459	0.00344	0.00115	0.00574	0.00287	0.00230	0.00689
62	0.00783	0.00540	0.00698	0.00687	0.00805	0.00497	0.00504	0.00995	0.01391	0.04079	0.53987	0.20147	0.08473	0.01211	0.00635	0.00179	0.00272	0.01073	0.02544	0.00500
63	0.01028	0.00634	0.00799	0.00784	0.00968	0.00584	0.00626	0.01262	0.03651	0.14146	0.16544	0.12506	0.23517	0.01245	0.00648	0.00197	0.00364	0.19398	0.00542	0.00558
64	0.01255	0.07201	0.47467	0.01830	0.15591	0.02555	0.07733	0.04198	0.01224	0.04545	0.01019	0.01204	0.00753	0.00507	0.00515	0.00165	0.00745	0.00431	0.00265	0.00797
65	0.01446	0.75627	0.05272	0.00958	0.01421	0.05226	0.00959	0.01632	0.01110	0.01280	0.00757	0.00874	0.00689	0.00465	0.00356	0.00118	0.00597	0.00293	0.00231	0.00690
66	0.00825	0.00605	0.00810	0.00912	0.01046	0.00590	0.00787	0.01054	0.01234	0.01580	0.03287	0.05903	0.15852	0.01462	0.00723	0.00236	0.00456	0.61658	0.00495	0.00487
67	0.01272	0.01290	0.04931	0.14228	0.61882	0.01265	0.04063	0.01612	0.01199	0.01696	0.01002	0.01340	0.00823	0.00487	0.00535	0.00163	0.00663	0.00480	0.00261	0.00807
68	0.06035	0.00927	0.01112	0.00907	0.01221	0.00912	0.00730	0.17769	0.03454	0.30628	0.22822	0.04103	0.05393	0.00823	0.00561	0.00168	0.00416	0.00681	0.00586	0.00753
69	0.00962	0.00644	0.00889	0.13384	0.01249	0.03806	0.00676	0.00918	0.00838	0.01108	0.01087	0.04183	0.01038	0.01813	0.11050	0.51630	0.00632	0.00512	0.03228	0.00353
70	0.82949	0.01036	0.00808	0.02571	0.01101	0.01204	0.00603	0.01573	0.00917	0.02384	0.00752	0.00885	0.00584	0.00499	0.00337	0.00166	0.00422	0.00295	0.00330	0.00582
71	0.00752	0.00536	0.00630	0.00642	0.00736	0.00507	0.00445	0.00922	0.02932	0.01581	0.21383	0.19413	0.18344	0.18752	0.02554	0.00268	0.00353	0.01017	0.07785	0.00449
72	0.01641	0.01231	0.05047	0.01079	0.01439	0.01216	0.00912	0.41273	0.03812	0.09968	0.03644	0.08710	0.06062	0.00851	0.00591	0.01535	0.00516	0.05744	0.00513	0.04215
73	0.01146	0.00957	0.01118	0.00804	0.01277	0.00728	0.00643	0.01407	0.02504	0.03437	0.01002	0.01145	0.00822	0.00409	0.00403	0.00083	0.00399	0.00328	0.00330	0.81056
74	0.01944	0.06186	0.01632	0.01356	0.04080	0.41676	0.01038	0.29093	0.04359	0.02112	0.01044	0.01126	0.00809	0.00585	0.00500	0.00148	0.00781	0.00406	0.00378	0.00747
75	0.00796	0.00619	0.02967	0.00705	0.00855	0.00532	0.00554	0.01059	0.01509	0.03370	0.74073	0.03891	0.04878	0.01073	0.00628	0.00169	0.00272	0.00947	0.00582	0.00521
76	0.00826	0.00568	0.00703	0.00658	0.00810	0.00511	0.00494	0.01041	0.01429	0.06351	0.53856	0.04145	0.22024	0.03381	0.00687	0.00181	0.00277	0.00979	0.00566	0.00512
77	0.01404	0.01188	0.01253	0.01106	0.01422	0.01368	0.00866	0.10037	0.69519	0.02357	0.02097	0.01933	0.01567	0.00720	0.00545	0.00180	0.00441	0.00595	0.00545	0.00856
78	0.00767	0.00575	0.00863	0.00863	0.00959	0.00671	0.00671	0.00959	0.00863	0.01246	0.01438	0.02109	0.01342	0.04026	0.79008	0.00863	0.01438	0.00575	0.00288	0.00479
79	0.02005	0.02558	0.01521	0.01383	0.01659	0.78980	0.01037	0.02143	0.01521	0.01314	0.00830	0.00968	0.00691	0.00553	0.00484	0.00138	0.00968	0.00346	0.00277	0.00622
80	0.01464	0.01104	0.01199	0.01053	0.01369	0.01233	0.00826	0.05125	0.61023	0.12060	0.02302	0.02108	0.05211	0.00747	0.00549	0.00179	0.00427	0.00619	0.00559	0.00841
81	0.00652	0.00473	0.00616	0.00731	0.00774	0.00437	0.00491	0.00749	0.01044	0.01377	0.03163	0.74537	0.09665	0.01655	0.00681	0.00215	0.00308	0.01494	0.00498	0.00437
82	0.00640	0.00544	0.00552	0.00550	0.00729	0.00456	0.00412	0.00782	0.01237	0.01483	0.08776	0.05112	0.74211	0.01347	0.00634	0.00181	0.00271	0.01125	0.00503	0.00456
83	0.05588	0.64382	0.02508	0.01015	0.03192	0.06378	0.00930	0.03460	0.04224	0.01425	0.00828	0.00942	0.00732	0.00492	0.00396	0.00126	0.02113	0.00316	0.00259	0.00694
84	0.84927	0.01038	0.00789	0.00706	0.01038	0.01204	0.00581	0.01578	0.00914	0.02408	0.00747	0.00872	0.00581	0.00498	0.00332	0.00166	0.00415	0.00291	0.00332	0.00581
85	0.00834	0.00657	0.00960	0.00926	0.01009	0.00803	0.00731	0.01018	0.00867	0.01283	0.01346	0.01971	0.01253	0.03451	0.64879	0.00744	0.12596	0.00557	0.03619	0.00495
86	0.00984	0.00503	0.00514	0.00514	0.00632	0.00506	0.00380	0.01220	0.01102	0.01934	0.01740	0.02079	0.01404	0.04729	0.02454	0.00163	0.00293	0.00516	0.77842	0.00491
87	0.01329	0.01275	0.02179	0.03295	0.77787	0.01275	0.01647	0.01647	0.01222	0.01754	0.01010	0.01329	0.00850	0.00478	0.00531	0.00159	0.00638	0.00478	0.00266	0.00850
88	0.03037	0.01049	0.01511	0.13860	0.28092	0.03303	0.01187	0.10236	0.01325	0.03533	0.01583	0.12988	0.01539	0.00861	0.00618	0.02284	0.00574	0.11365	0.00369	0.00683

[dist]
# distance from previous block
# <min> <max>
0	3

[block]
# block no. 7 follows, 45 sequences, length 16
# corresponding to MSA columns:
# 358-373
name=unknown_H
#
# <colnr> <probs for GDERKNQSTAVLIFYWHMCP>
#	G	D	E	R	K	N	Q	S	T	A	V	L	I	F	Y	W	H	M	C	P
0	0.78166	0.01060	0.00838	0.00743	0.01077	0.01227	0.00609	0.04390	0.04325	0.02437	0.00831	0.00937	0.00640	0.00514	0.00349	0.00167	0.00422	0.00312	0.00349	0.00605
1	0.01307	0.01277	0.02067	0.14819	0.63593	0.04292	0.01600	0.01625	0.01211	0.01679	0.00994	0.01330	0.00824	0.00490	0.00530	0.00162	0.00662	0.00473	0.00262	0.00803
2	0.00849	0.00607	0.00847	0.00971	0.01088	0.00604	0.00838	0.01085	0.01220	0.01589	0.02851	0.11568	0.03123	0.01498	0.00737	0.00245	0.00481	0.68814	0.00495	0.00490
3	0.00788	0.00599	0.00872	0.00861	0.00942	0.00703	0.00660	0.00957	0.00852	0.01227	0.01428	0.02207	0.01373	0.11727	0.67504	0.00797	0.05153	0.00591	0.00289	0.00469
4	0.01283	0.01255	0.02139	0.07078	0.56546	0.01333	0.07040	0.01583	0.01156	0.01660	0.00966	0.01319	0.00818	0.00550	0.00728	0.00174	0.12836	0.00488	0.00260	0.00787
5	0.02156	0.00858	0.01165	0.00912	0.01283	0.00746	0.00746	0.02371	0.01534	0.66522	0.13660	0.02161	0.01901	0.00731	0.00554	0.00167	0.00426	0.00606	0.00653	0.00851
6	0.01395	0.72618	0.11300	0.00987	0.01484	0.02025	0.01038	0.01618	0.01095	0.01312	0.00771	0.00892	0.00688	0.00465	0.00363	0.00121	0.00599	0.00299	0.00229	0.00701
7	0.05393	0.00886	0.01183	0.05011	0.01420	0.00820	0.00810	0.04817	0.01493	0.55666	0.07924	0.02301	0.01703	0.00758	0.00557	0.00174	0.00461	0.07206	0.00603	0.00814
8	0.00703	0.00529	0.00645	0.00709	0.00795	0.00496	0.00496	0.00882	0.04454	0.01484	0.10034	0.47317	0.19753	0.05992	0.00780	0.00222	0.00320	0.03432	0.00499	0.00460
9	0.00680	0.00483	0.00639	0.00754	0.00790	0.00456	0.00513	0.00778	0.01025	0.01364	0.02853	0.69129	0.03393	0.07708	0.00845	0.00243	0.00341	0.07089	0.00485	0.00432
10	0.01234	0.01179	0.02008	0.26235	0.55583	0.01251	0.01600	0.01565	0.01178	0.01639	0.00993	0.01359	0.00810	0.00496	0.00533	0.00165	0.00661	0.00478	0.00258	0.00774
11	0.01135	0.09842	0.63086	0.01630	0.07821	0.01333	0.04524	0.01688	0.01141	0.01664	0.00951	0.01134	0.00698	0.00501	0.00501	0.00165	0.00766	0.00401	0.00231	0.00785
12	0.00856	0.00612	0.00855	0.00979	0.01098	0.00610	0.00850	0.01097	0.01227	0.01597	0.02847	0.09173	0.03109	0.01491	0.00739	0.00246	0.00487	0.71142	0.00494	0.00492
13	0.00795	0.00636	0.00736	0.02579	0.00905	0.03186	0.00544	0.02677	0.01384	0.01846	0.42401	0.16207	0.20230	0.01212	0.00634	0.00180	0.00314	0.02500	0.00534	0.00499
14	0.02918	0.09354	0.28171	0.01312	0.04582	0.01242	0.03806	0.11891	0.04072	0.22267	0.01413	0.04307	0.01034	0.00612	0.00516	0.00165	0.00617	0.00494	0.00411	0.00817
15	0.01856	0.03519	0.05680	0.03000	0.07700	0.22336	0.10099	0.11074	0.01532	0.22782	0.01325	0.01438	0.00963	0.00615	0.00566	0.02019	0.00707	0.01610	0.00411	0.00767

[dist]
# distance from previous block
# <min> <max>
0	1

[block]
# block no. 8 follows, 45 sequences, length 33
# corresponding to MSA columns:
# 375-407
name=unknown_I
#
# <colnr> <probs for GDERKNQSTAVLIFYWHMCP>
#	G	D	E	R	K	N	Q	S	T	A	V	L	I	F	Y	W	H	M	C	P
0	0.32708	0.03308	0.05851	0.05354	0.28662	0.12488	0.01155	0.01683	0.01135	0.01904	0.00874	0.01088	0.00707	0.00501	0.00445	0.00159	0.00613	0.00380	0.00288	0.00698
1	0.00674	0.00539	0.00603	0.00602	0.00753	0.00468	0.00446	0.00842	0.01296	0.01657	0.27117	0.11422	0.49072	0.01308	0.00638	0.00181	0.00270	0.01118	0.00527	0.00468
2	0.01613	0.01221	0.01425	0.07684	0.01632	0.01379	0.02079	0.45448	0.03771	0.02652	0.03687	0.04714	0.01198	0.02296	0.02278	0.00190	0.07385	0.00553	0.08029	0.00765
3	0.01138	0.00937	0.01101	0.00798	0.01259	0.00709	0.00636	0.01371	0.01123	0.04080	0.01054	0.03698	0.00900	0.00447	0.00411	0.00087	0.00397	0.00364	0.00334	0.79154
4	0.01932	0.06866	0.01578	0.01332	0.01627	0.66556	0.01018	0.05155	0.06349	0.01454	0.00930	0.01041	0.00761	0.00563	0.00482	0.00141	0.00896	0.00365	0.00302	0.00652
5	0.01006	0.01765	0.41469	0.01224	0.01721	0.00939	0.05185	0.01437	0.01233	0.05028	0.18815	0.12847	0.03412	0.00823	0.00572	0.00177	0.00587	0.00714	0.00373	0.00675
6	0.00839	0.00683	0.00850	0.10228	0.01215	0.00694	0.00648	0.01255	0.12185	0.01884	0.38200	0.03721	0.23457	0.01047	0.00609	0.00175	0.00338	0.00903	0.00517	0.00552
7	0.01357	0.01164	0.01226	0.01097	0.01404	0.01345	0.00855	0.05145	0.74488	0.02281	0.02157	0.01980	0.01616	0.00726	0.00546	0.00181	0.00430	0.00603	0.00546	0.00852
8	0.00777	0.00536	0.00667	0.00667	0.00695	0.00565	0.00427	0.00833	0.00805	0.01101	0.01617	0.03100	0.01772	0.58482	0.25141	0.00621	0.00790	0.00720	0.00314	0.00371
9	0.05556	0.02454	0.01493	0.01348	0.01633	0.72789	0.01017	0.04853	0.01532	0.01437	0.00843	0.00976	0.00695	0.00554	0.00479	0.00140	0.00930	0.00348	0.00289	0.00631
10	0.00983	0.00766	0.00833	0.00762	0.00987	0.00766	0.00587	0.05445	0.20650	0.04934	0.17869	0.03800	0.37370	0.01083	0.00603	0.00177	0.00332	0.00910	0.00537	0.00607
11	0.00654	0.00467	0.00623	0.00747	0.00779	0.00436	0.00498	0.00747	0.01028	0.01370	0.02959	0.80785	0.03550	0.01682	0.00685	0.00218	0.00311	0.01526	0.00498	0.00436
12	0.00648	0.00546	0.00563	0.00564	0.00740	0.00461	0.00426	0.00794	0.01241	0.01494	0.09454	0.05125	0.71380	0.01348	0.00637	0.00182	0.00277	0.03159	0.00504	0.00457
13	0.01508	0.67838	0.02579	0.00988	0.01416	0.12447	0.00932	0.01726	0.03971	0.01306	0.00811	0.00918	0.00725	0.00482	0.00371	0.00120	0.00622	0.00307	0.00248	0.00686
14	0.84927	0.01038	0.00789	0.00706	0.01038	0.01204	0.00581	0.01578	0.00914	0.02408	0.00747	0.00872	0.00581	0.00498	0.00332	0.00166	0.00415	0.00291	0.00332	0.00581
15	0.00838	0.00596	0.00747	0.00726	0.00775	0.00647	0.00491	0.03905	0.00880	0.01211	0.01564	0.02894	0.01674	0.50114	0.27953	0.00612	0.02957	0.00692	0.00319	0.00407
16	0.00994	0.00497	0.00521	0.00521	0.00633	0.00497	0.00385	0.01194	0.01082	0.01891	0.01667	0.01963	0.01330	0.00753	0.00552	0.08790	0.00272	0.00497	0.75489	0.00473
17	0.01319	0.01274	0.02202	0.05101	0.73207	0.01276	0.04408	0.01643	0.01220	0.01743	0.01011	0.01335	0.00846	0.00479	0.00535	0.00161	0.00650	0.00484	0.00265	0.00839
18	0.01434	0.72382	0.08229	0.00983	0.01458	0.05351	0.01001	0.01637	0.01112	0.01297	0.00766	0.00885	0.00688	0.00467	0.00362	0.00120	0.00607	0.00297	0.00231	0.00694
19	0.16817	0.19809	0.28245	0.01244	0.03277	0.01521	0.03797	0.15946	0.01357	0.02058	0.00942	0.01068	0.00717	0.00520	0.00450	0.00155	0.00636	0.00379	0.00309	0.00753
