[name]
unknown

[dist]
# distance from previous block
# <min> <max>
0	70

[block]
# block no. 0 follows, 37 sequences, length 15
# corresponding to MSA columns:
# 72-86
name=unknown_A
#
# <colnr> <probs for GDERKNQSTAVLIFYWHMCP>
#	G	D	E	R	K	N	Q	S	T	A	V	L	I	F	Y	W	H	M	C	P
0	0.01083	0.00981	0.01644	0.47287	0.03128	0.01130	0.06516	0.01435	0.01287	0.01671	0.05105	0.11221	0.03785	0.00952	0.00679	0.00219	0.00708	0.10150	0.00374	0.00645
1	0.01382	0.02388	0.43794	0.01864	0.07674	0.01406	0.11064	0.02161	0.12279	0.05509	0.03600	0.01641	0.01160	0.00637	0.00614	0.00196	0.00808	0.00558	0.00360	0.00905
2	0.01400	0.00750	0.00937	0.00823	0.01086	0.00655	0.00641	0.01622	0.01609	0.24727	0.27308	0.06784	0.26783	0.01219	0.00691	0.00198	0.00370	0.01037	0.00662	0.00699
3	0.01246	0.03042	0.69419	0.01813	0.02695	0.01432	0.08034	0.01940	0.01305	0.01940	0.01110	0.01322	0.00788	0.00576	0.00593	0.00195	0.00915	0.00475	0.00263	0.00898
4	0.01202	0.01135	0.01919	0.67672	0.13202	0.01372	0.01723	0.01604	0.01246	0.01620	0.01096	0.01617	0.00836	0.00604	0.00611	0.00201	0.00805	0.00544	0.00276	0.00717
5	0.01332	0.01280	0.02191	0.39986	0.30946	0.01417	0.06857	0.01794	0.04776	0.01807	0.01190	0.01620	0.00933	0.00590	0.00618	0.00196	0.00782	0.00565	0.00303	0.00815
6	0.00756	0.00599	0.00681	0.00708	0.00859	0.00523	0.00513	0.00924	0.01403	0.01783	0.18421	0.23982	0.43510	0.01587	0.00738	0.00215	0.00317	0.01371	0.00588	0.00523
7	0.00746	0.00533	0.00710	0.00852	0.00888	0.00497	0.00568	0.00852	0.01172	0.01563	0.03374	0.78088	0.04049	0.01918	0.00781	0.00249	0.00355	0.01740	0.00568	0.00497
8	0.01355	0.01251	0.01891	0.43007	0.03142	0.01550	0.04847	0.08659	0.07282	0.01869	0.01184	0.01605	0.00927	0.00740	0.00930	0.00217	0.17901	0.00563	0.00335	0.00744
9	0.00802	0.00609	0.00820	0.00924	0.00956	0.00627	0.00641	0.00911	0.01150	0.01554	0.03131	0.70849	0.03743	0.01838	0.00897	0.00250	0.07618	0.01627	0.00540	0.00513
10	0.00746	0.00533	0.00710	0.00852	0.00888	0.00497	0.00568	0.00852	0.01172	0.01563	0.03374	0.78088	0.04049	0.01918	0.00781	0.00249	0.00355	0.01740	0.00568	0.00497
11	0.01339	0.01339	0.01875	0.01607	0.01607	0.01875	0.01339	0.01473	0.00937	0.01473	0.00804	0.01339	0.00804	0.01071	0.02009	0.00268	0.77367	0.00536	0.00268	0.00670
12	0.56642	0.04262	0.01203	0.00994	0.01312	0.06858	0.00818	0.01826	0.01114	0.04737	0.00935	0.01126	0.00752	0.00657	0.00647	0.00195	0.12145	0.00383	0.02712	0.00682
13	0.01467	0.01274	0.01933	0.27550	0.02669	0.01527	0.09342	0.09178	0.06614	0.05707	0.01281	0.01640	0.00996	0.00765	0.00992	0.00216	0.21313	0.00578	0.04193	0.00766
14	0.01666	0.03332	0.05579	0.08985	0.31630	0.13051	0.03175	0.06159	0.03023	0.05439	0.01205	0.01451	0.00954	0.00580	0.00577	0.00169	0.00755	0.00500	0.00354	0.11418

[dist]
# distance from previous block
# <min> <max>
0	1

[block]
# block no. 1 follows, 37 sequences, length 26
# corresponding to MSA columns:
# 90-115
name=unknown_B
#
# <colnr> <probs for GDERKNQSTAVLIFYWHMCP>
#	G	D	E	R	K	N	Q	S	T	A	V	L	I	F	Y	W	H	M	C	P
0	0.01952	0.01368	0.01454	0.01238	0.01629	0.05434	0.00981	0.09512	0.44742	0.21244	0.02294	0.02094	0.01643	0.00792	0.00616	0.00198	0.00545	0.00643	0.00640	0.00980
1	0.01147	0.01069	0.01758	0.68025	0.03867	0.01307	0.01592	0.01529	0.01217	0.01583	0.01185	0.05065	0.00966	0.00674	0.00645	0.00202	0.02613	0.00589	0.00290	0.04677
2	0.05005	0.01207	0.01400	0.11335	0.06291	0.03266	0.01038	0.02545	0.38832	0.08168	0.02178	0.04509	0.03329	0.02827	0.00669	0.00210	0.00546	0.00679	0.05116	0.00853
3	0.01351	0.01409	0.02316	0.33347	0.03152	0.05735	0.21120	0.01754	0.03414	0.01680	0.01101	0.01563	0.00874	0.00694	0.00947	0.00216	0.17718	0.00587	0.00294	0.00728
4	0.00879	0.00680	0.00849	0.00855	0.01029	0.00580	0.00603	0.01031	0.01208	0.01678	0.02928	0.54753	0.06763	0.01523	0.00694	0.00206	0.00378	0.01364	0.00515	0.21482
5	0.01211	0.01018	0.01269	0.16108	0.01888	0.01089	0.00961	0.05077	0.23039	0.02035	0.02313	0.22823	0.04348	0.01046	0.00641	0.00199	0.00513	0.00912	0.00497	0.13013
6	0.01342	0.02370	0.37640	0.02184	0.02938	0.01488	0.39139	0.01950	0.01372	0.01950	0.01172	0.01481	0.00856	0.00547	0.00656	0.00200	0.00972	0.00594	0.00285	0.00863
7	0.00734	0.00598	0.00649	0.00684	0.00845	0.00514	0.00495	0.00880	0.01348	0.01655	0.07571	0.24386	0.54242	0.01635	0.00738	0.00217	0.00321	0.01401	0.00572	0.00514
8	0.01187	0.01132	0.01576	0.01413	0.01422	0.01521	0.01141	0.01314	0.00998	0.01496	0.01463	0.21044	0.01637	0.01289	0.01694	0.00263	0.57595	0.00845	0.00345	0.00625
9	0.11356	0.01057	0.01365	0.01059	0.01522	0.00951	0.00874	0.02856	0.01676	0.67314	0.02247	0.01966	0.01424	0.00737	0.00590	0.00189	0.00516	0.00585	0.00717	0.01001
10	0.01210	0.01127	0.01538	0.01347	0.01350	0.01512	0.01073	0.01312	0.00927	0.01398	0.01118	0.02056	0.01190	0.21053	0.04523	0.00373	0.55376	0.00630	0.00296	0.00589
11	0.01310	0.00701	0.00861	0.00804	0.00968	0.00640	0.00561	0.01418	0.01253	0.20315	0.03070	0.18290	0.14817	0.30358	0.01607	0.00356	0.00480	0.01055	0.00543	0.00593
12	0.00774	0.00565	0.00729	0.00808	0.00888	0.00520	0.00560	0.00933	0.01339	0.01801	0.21883	0.51872	0.11648	0.01709	0.00760	0.00230	0.00334	0.01532	0.00595	0.00520
13	0.01155	0.01059	0.01765	0.72711	0.04019	0.01316	0.01628	0.01556	0.01227	0.01604	0.01139	0.01669	0.00858	0.00618	0.00602	0.00201	0.00786	0.00545	0.04868	0.00674
14	0.01333	0.01346	0.02022	0.07822	0.01956	0.01805	0.07500	0.01523	0.01004	0.01523	0.00864	0.01390	0.00815	0.00986	0.01784	0.00257	0.64562	0.00552	0.00272	0.00684
15	0.21796	0.01277	0.03559	0.03846	0.02736	0.08167	0.00925	0.03160	0.01267	0.11145	0.01357	0.01664	0.01087	0.04677	0.02317	0.00228	0.14298	0.00506	0.15286	0.00703
16	0.00746	0.00533	0.00710	0.00852	0.00888	0.00497	0.00568	0.00852	0.01172	0.01563	0.03374	0.78088	0.04049	0.01918	0.00781	0.00249	0.00355	0.01740	0.00568	0.00497
17	0.04312	0.09001	0.01915	0.01409	0.01625	0.01658	0.04374	0.01558	0.01069	0.01656	0.00894	0.01290	0.00826	0.00834	0.01380	0.00209	0.46161	0.00477	0.00295	0.19058
18	0.08685	0.01357	0.02359	0.05021	0.02310	0.01397	0.33332	0.08678	0.01470	0.08079	0.01374	0.01728	0.01060	0.02836	0.04240	0.00247	0.07595	0.00628	0.06820	0.00785
19	0.02100	0.01541	0.01664	0.01309	0.01728	0.01695	0.01058	0.61804	0.02598	0.03481	0.01639	0.06978	0.01346	0.07165	0.00828	0.00222	0.00645	0.00661	0.00590	0.00949
20	0.02025	0.02448	0.01615	0.01405	0.01779	0.56720	0.01065	0.02212	0.01615	0.01626	0.00983	0.01146	0.00819	0.00585	0.00527	0.00140	0.00937	0.00386	0.00328	0.21639
21	0.01303	0.01241	0.02290	0.01728	0.02166	0.01146	0.34707	0.01646	0.01336	0.04998	0.01710	0.18544	0.01636	0.00851	0.00734	0.00193	0.04358	0.00858	0.00396	0.18157
22	0.01159	0.00878	0.00981	0.00904	0.01129	0.00874	0.00686	0.19326	0.01756	0.02292	0.12517	0.24317	0.27994	0.01405	0.00711	0.00211	0.00413	0.01202	0.00592	0.00653
23	0.00878	0.00684	0.00845	0.00843	0.01026	0.00581	0.00598	0.01032	0.01219	0.01683	0.03070	0.51127	0.10297	0.01505	0.00691	0.00204	0.00376	0.01342	0.00515	0.21483
24	0.02155	0.01366	0.01676	0.01342	0.01690	0.01534	0.01107	0.26266	0.07061	0.26813	0.01686	0.01698	0.01197	0.00836	0.00973	0.00209	0.20300	0.00579	0.00573	0.00941
25	0.01339	0.01339	0.01875	0.01607	0.01607	0.01875	0.01339	0.01473	0.00937	0.01473	0.00804	0.01339	0.00804	0.01071	0.02009	0.00268	0.77367	0.00536	0.00268	0.00670

[dist]
# distance from previous block
# <min> <max>
0	2

[block]
# block no. 2 follows, 37 sequences, length 6
# corresponding to MSA columns:
# 118-123
name=unknown_C
#
# <colnr> <probs for GDERKNQSTAVLIFYWHMCP>
#	G	D	E	R	K	N	Q	S	T	A	V	L	I	F	Y	W	H	M	C	P
0	0.00842	0.00573	0.00682	0.00729	0.00741	0.00562	0.00436	0.00878	0.00983	0.01311	0.02407	0.28529	0.02829	0.53140	0.02343	0.00479	0.00515	0.01172	0.00436	0.00413
1	0.01405	0.00752	0.00951	0.00828	0.01090	0.00660	0.00647	0.01643	0.01650	0.24504	0.34375	0.04157	0.22529	0.01179	0.00690	0.00195	0.00366	0.01005	0.00672	0.00704
2	0.02332	0.01439	0.01642	0.01264	0.01745	0.01490	0.01039	0.42120	0.06298	0.25476	0.01787	0.01687	0.01222	0.00726	0.00602	0.00180	0.00600	0.00564	0.00639	0.07149
3	0.01034	0.00637	0.00818	0.00827	0.00973	0.00574	0.00598	0.01213	0.01431	0.11332	0.22732	0.37817	0.14602	0.01534	0.00735	0.00220	0.00352	0.01358	0.00621	0.00592
4	0.01110	0.00654	0.00705	0.00705	0.00854	0.00653	0.00520	0.06785	0.01390	0.02191	0.02586	0.20140	0.07463	0.01057	0.00546	0.00175	0.00334	0.00894	0.50650	0.00586
5	0.28940	0.00921	0.00979	0.03631	0.01257	0.00964	0.00714	0.05407	0.01314	0.13179	0.02326	0.25245	0.07601	0.01154	0.00658	0.03168	0.00457	0.00907	0.00514	0.00665

[dist]
# distance from previous block
# <min> <max>
0	4

[block]
# block no. 3 follows, 37 sequences, length 11
# corresponding to MSA columns:
# 128-138
name=unknown_D
#
# <colnr> <probs for GDERKNQSTAVLIFYWHMCP>
#	G	D	E	R	K	N	Q	S	T	A	V	L	I	F	Y	W	H	M	C	P
0	0.01138	0.00889	0.01073	0.01001	0.01284	0.00831	0.00823	0.06890	0.05840	0.02069	0.06747	0.07856	0.12415	0.01232	0.00692	0.00207	0.00482	0.27501	0.00529	0.20502
1	0.05974	0.10585	0.01665	0.05392	0.05544	0.01273	0.00962	0.10235	0.01471	0.07776	0.01269	0.04101	0.01049	0.00617	0.00566	0.00144	0.03705	0.00475	0.00407	0.36789
2	0.00994	0.00796	0.01098	0.00997	0.01206	0.00834	0.00785	0.01221	0.01051	0.01563	0.01463	0.02074	0.01342	0.03405	0.53896	0.00730	0.05191	0.00578	0.00333	0.20442
3	0.02705	0.01108	0.01462	0.01121	0.01596	0.00998	0.00926	0.09848	0.01863	0.68071	0.02322	0.02023	0.01469	0.00755	0.00615	0.00189	0.00536	0.00609	0.00743	0.01042
4	0.01567	0.03654	0.03627	0.10754	0.01928	0.12202	0.03662	0.12960	0.10059	0.05769	0.01841	0.17481	0.01711	0.01141	0.04200	0.00240	0.05181	0.00795	0.00462	0.00763
5	0.01220	0.01041	0.01513	0.24179	0.06142	0.01089	0.05021	0.07651	0.04729	0.01953	0.01904	0.19387	0.03721	0.00931	0.00628	0.00191	0.00596	0.00831	0.03791	0.13482
6	0.00792	0.00592	0.00738	0.00786	0.00903	0.00539	0.00570	0.00977	0.01416	0.01882	0.26513	0.33756	0.21268	0.01607	0.00752	0.00223	0.00335	0.05219	0.00601	0.00531
7	0.00855	0.00579	0.00678	0.00713	0.00721	0.00570	0.00419	0.00881	0.00959	0.01278	0.02281	0.22045	0.02669	0.59843	0.02547	0.00509	0.00535	0.01097	0.00419	0.00402
8	0.01723	0.07086	0.02053	0.15940	0.02371	0.05369	0.14485	0.13270	0.03581	0.14166	0.01669	0.10539	0.01390	0.00802	0.00670	0.00198	0.02699	0.00710	0.00459	0.00820
9	0.01281	0.01273	0.02259	0.04911	0.02171	0.01393	0.28652	0.05319	0.01306	0.01815	0.01645	0.20167	0.01655	0.01026	0.01080	0.00232	0.21828	0.00902	0.00376	0.00708
10	0.01377	0.00956	0.01126	0.01024	0.01252	0.01007	0.00787	0.10298	0.15065	0.10487	0.08905	0.16614	0.10733	0.08564	0.00992	0.00252	0.04577	0.04679	0.00579	0.00723

[dist]
# distance from previous block
# <min> <max>
0	6

[block]
# block no. 4 follows, 37 sequences, length 19
# corresponding to MSA columns:
# 145-163
name=unknown_E
#
# <colnr> <probs for GDERKNQSTAVLIFYWHMCP>
#	G	D	E	R	K	N	Q	S	T	A	V	L	I	F	Y	W	H	M	C	P
0	0.01406	0.01324	0.02270	0.03881	0.02195	0.01323	0.27543	0.01733	0.01284	0.05947	0.01261	0.04973	0.01067	0.00698	0.00918	0.00188	0.17308	0.00616	0.00351	0.23713
1	0.01939	0.02171	0.01604	0.01381	0.01725	0.45174	0.02446	0.05254	0.01594	0.04234	0.01120	0.01387	0.00945	0.04181	0.03919	0.00206	0.03732	0.00447	0.00354	0.16185
2	0.01269	0.01088	0.01269	0.00907	0.01451	0.00816	0.00725	0.01541	0.01269	0.01995	0.01088	0.01269	0.00907	0.00453	0.00453	0.00091	0.00453	0.00363	0.00363	0.82229
3	0.02034	0.05706	0.01704	0.01388	0.01780	0.49180	0.01072	0.08624	0.01713	0.01822	0.01022	0.01169	0.00838	0.00596	0.00528	0.00144	0.00899	0.00399	0.00351	0.19032
4	0.00752	0.00591	0.00680	0.00723	0.00861	0.00519	0.00517	0.00909	0.01366	0.01738	0.15078	0.30825	0.39998	0.01635	0.00743	0.00219	0.00323	0.01421	0.00584	0.00519
5	0.00992	0.00720	0.00888	0.00870	0.01040	0.00671	0.00620	0.01238	0.05964	0.04627	0.02756	0.36334	0.07604	0.11461	0.07894	0.00326	0.00531	0.01165	0.00499	0.13801
6	0.00759	0.00543	0.00722	0.00843	0.00891	0.00506	0.00569	0.00886	0.01235	0.01663	0.11368	0.69807	0.04243	0.01843	0.00775	0.00242	0.00348	0.01669	0.00580	0.00506
7	0.00855	0.00581	0.00688	0.00722	0.00734	0.00576	0.00431	0.00887	0.00961	0.01284	0.02266	0.21727	0.02641	0.57789	0.04855	0.00523	0.00569	0.01087	0.00417	0.00407
8	0.02287	0.02917	0.01735	0.01577	0.01892	0.76030	0.01183	0.02444	0.01735	0.01498	0.00946	0.01104	0.00788	0.00631	0.00552	0.00158	0.01104	0.00394	0.00315	0.00710
9	0.02520	0.01405	0.01645	0.01261	0.01744	0.01438	0.01042	0.40557	0.02360	0.36661	0.01905	0.01752	0.01259	0.00745	0.00614	0.00186	0.00603	0.00581	0.00679	0.01041
10	0.01336	0.00782	0.01008	0.00998	0.01234	0.00734	0.00832	0.01637	0.04695	0.18250	0.03703	0.07992	0.19205	0.01419	0.00754	0.00239	0.00485	0.33410	0.00611	0.00676
11	0.00759	0.00611	0.00657	0.00663	0.00829	0.00530	0.00480	0.00913	0.01373	0.01705	0.14262	0.11701	0.53060	0.08587	0.00947	0.00244	0.00337	0.01270	0.00564	0.00509
12	0.01482	0.01421	0.02425	0.10464	0.68219	0.01446	0.01862	0.01850	0.01378	0.01960	0.01146	0.01526	0.00956	0.00552	0.00607	0.00184	0.00735	0.00545	0.00300	0.00943
13	0.34219	0.01148	0.01176	0.00968	0.01365	0.01210	0.00792	0.12143	0.03762	0.25974	0.01618	0.01594	0.01127	0.00677	0.00500	0.00184	0.00496	0.00491	0.09721	0.00836
14	0.00899	0.00701	0.00987	0.00992	0.01056	0.00812	0.00742	0.01054	0.01019	0.01441	0.02033	0.22800	0.02191	0.11270	0.38903	0.00656	0.10567	0.00957	0.00390	0.00530
15	0.02195	0.01612	0.01730	0.01341	0.01786	0.01779	0.01091	0.66061	0.02696	0.03613	0.01512	0.01702	0.01149	0.07853	0.00842	0.00221	0.00666	0.00582	0.00590	0.00980
16	0.01307	0.00813	0.01173	0.01062	0.01280	0.00760	0.07237	0.05607	0.01449	0.15978	0.06069	0.42062	0.06753	0.01402	0.00715	0.00221	0.00460	0.01265	0.03716	0.00671
17	0.01748	0.01382	0.01492	0.01198	0.01566	0.07030	0.04797	0.32636	0.04558	0.02869	0.09738	0.02027	0.01693	0.02850	0.00648	0.00181	0.00587	0.00614	0.15121	0.07263
18	0.41779	0.01362	0.03595	0.01059	0.01524	0.01381	0.03599	0.17645	0.01525	0.02781	0.01063	0.01194	0.00813	0.00580	0.00467	0.00168	0.00549	0.00406	0.00421	0.18088

[dist]
# distance from previous block
# <min> <max>
0	5

[block]
# block no. 5 follows, 37 sequences, length 9
# corresponding to MSA columns:
# 169-177
name=unknown_F
#
# <colnr> <probs for GDERKNQSTAVLIFYWHMCP>
#	G	D	E	R	K	N	Q	S	T	A	V	L	I	F	Y	W	H	M	C	P
0	0.02323	0.01353	0.01565	0.01203	0.01670	0.01371	0.00989	0.37474	0.02246	0.29362	0.01812	0.01723	0.01233	0.00719	0.00590	0.00176	0.00578	0.00560	0.05463	0.07591
1	0.00804	0.00575	0.00701	0.00756	0.00816	0.00540	0.00496	0.00908	0.01187	0.01577	0.12830	0.36467	0.12148	0.25616	0.01493	0.00343	0.00415	0.01337	0.00521	0.00471
2	0.04114	0.05877	0.01671	0.14032	0.05802	0.04950	0.01153	0.17203	0.03461	0.08719	0.05715	0.09695	0.01597	0.01004	0.03237	0.00227	0.09604	0.00689	0.00460	0.00790
3	0.00791	0.00561	0.00716	0.00821	0.00865	0.00532	0.00551	0.00890	0.01142	0.01508	0.03215	0.54237	0.07318	0.17638	0.01263	0.00320	0.00416	0.06213	0.00527	0.00477
4	0.00862	0.00590	0.00712	0.00737	0.00756	0.00596	0.00452	0.00907	0.00952	0.01281	0.02155	0.17152	0.02473	0.56198	0.11097	0.00576	0.00671	0.01016	0.00401	0.00414
5	0.02291	0.01745	0.01736	0.01367	0.01813	0.10292	0.01107	0.55419	0.02560	0.09395	0.01509	0.01596	0.01106	0.04328	0.00722	0.00200	0.00707	0.00554	0.00579	0.00972
6	0.01464	0.01090	0.01327	0.01175	0.01432	0.01194	0.02727	0.18523	0.16420	0.06684	0.04328	0.23158	0.02251	0.01555	0.09430	0.00304	0.04657	0.00946	0.00554	0.00780
7	0.00917	0.00655	0.00907	0.01048	0.01158	0.00645	0.00866	0.01148	0.01341	0.01754	0.03279	0.27484	0.03675	0.01757	0.00827	0.00272	0.00503	0.50656	0.00565	0.00544
8	0.01335	0.01248	0.02063	0.21990	0.44741	0.01323	0.01639	0.01745	0.04741	0.01865	0.01455	0.10400	0.01328	0.00734	0.00629	0.00196	0.00696	0.00690	0.00341	0.00841

[dist]
# distance from previous block
# <min> <max>
0	2

[block]
# block no. 6 follows, 37 sequences, length 16
# corresponding to MSA columns:
# 180-195
name=unknown_G
#
# <colnr> <probs for GDERKNQSTAVLIFYWHMCP>
#	G	D	E	R	K	N	Q	S	T	A	V	L	I	F	Y	W	H	M	C	P
0	0.01245	0.01145	0.01810	0.60551	0.03647	0.01435	0.01588	0.06259	0.01297	0.01705	0.01142	0.03708	0.00919	0.00713	0.00789	0.00212	0.10257	0.00577	0.00302	0.00698
1	0.42900	0.01071	0.01069	0.07657	0.01479	0.01186	0.00791	0.08002	0.01315	0.09236	0.01674	0.13369	0.03781	0.03326	0.00603	0.00213	0.00506	0.00664	0.00461	0.00694
2	0.00879	0.00775	0.00926	0.00866	0.01012	0.00822	0.00676	0.01046	0.01332	0.01720	0.14197	0.07519	0.46191	0.01419	0.01007	0.00220	0.17201	0.01118	0.00517	0.00558
3	0.01544	0.00833	0.01059	0.02600	0.01178	0.00837	0.00706	0.12411	0.01418	0.15521	0.03906	0.07174	0.01610	0.06438	0.01426	0.30349	0.00516	0.00676	0.09195	0.00604
4	0.01418	0.01083	0.01285	0.00925	0.01462	0.00824	0.00743	0.01687	0.01318	0.09368	0.01222	0.01351	0.00968	0.00484	0.00470	0.00101	0.00460	0.00388	0.00403	0.74040
5	0.01715	0.69641	0.03029	0.01112	0.01610	0.11354	0.01064	0.01907	0.01303	0.01447	0.00863	0.00997	0.00786	0.00537	0.00412	0.00134	0.00709	0.00335	0.00268	0.00776
6	0.01393	0.02278	0.38859	0.21146	0.02893	0.05689	0.05214	0.01915	0.01317	0.06895	0.01167	0.01444	0.00847	0.00633	0.00689	0.00199	0.05791	0.00502	0.00303	0.00826
7	0.00891	0.00665	0.00879	0.00891	0.00931	0.00736	0.00622	0.00991	0.00993	0.01376	0.02116	0.22430	0.02370	0.30939	0.22694	0.00583	0.08001	0.01011	0.00400	0.00480
8	0.01705	0.01405	0.01487	0.01283	0.01661	0.01608	0.01013	0.18948	0.57572	0.02854	0.02260	0.02100	0.01681	0.00809	0.00620	0.00202	0.00527	0.00660	0.00620	0.00985
9	0.00879	0.00597	0.00708	0.00717	0.00732	0.00608	0.00430	0.00912	0.00919	0.01239	0.01988	0.08582	0.02261	0.64845	0.11570	0.00617	0.00702	0.00917	0.00379	0.00400
10	0.02075	0.00991	0.01279	0.01039	0.01427	0.00882	0.00825	0.08002	0.01652	0.43356	0.02370	0.18585	0.01950	0.00969	0.00630	0.00189	0.00488	0.00823	0.00651	0.11817
11	0.01269	0.01088	0.01269	0.00907	0.01451	0.00816	0.00725	0.01541	0.01269	0.01995	0.01088	0.01269	0.00907	0.00453	0.00453	0.00091	0.00453	0.00363	0.00363	0.82229
12	0.00751	0.00541	0.00712	0.00839	0.00887	0.00502	0.00565	0.00868	0.01208	0.01609	0.06914	0.71759	0.06836	0.01871	0.00776	0.00244	0.00350	0.01692	0.00573	0.00502
13	0.00751	0.00547	0.00696	0.00812	0.00868	0.00505	0.00544	0.00858	0.01186	0.01554	0.03664	0.64580	0.13155	0.06069	0.00902	0.00262	0.00362	0.01635	0.00557	0.00493
14	0.19311	0.01370	0.02092	0.08224	0.53642	0.01430	0.01600	0.01839	0.01305	0.02133	0.01081	0.01409	0.00892	0.00555	0.00557	0.00185	0.00678	0.00498	0.00317	0.00882
15	0.02176	0.01302	0.01481	0.01164	0.01578	0.01357	0.00951	0.39222	0.02278	0.22673	0.06883	0.01962	0.01571	0.00774	0.00596	0.00180	0.00553	0.00610	0.11744	0.00945

[dist]
# distance from previous block
# <min> <max>
5	8

[block]
# block no. 7 follows, 37 sequences, length 29
# corresponding to MSA columns:
# 204-232
name=unknown_H
#
# <colnr> <probs for GDERKNQSTAVLIFYWHMCP>
#	G	D	E	R	K	N	Q	S	T	A	V	L	I	F	Y	W	H	M	C	P
0	0.00789	0.00568	0.00723	0.00811	0.00875	0.00532	0.00554	0.00916	0.01231	0.01637	0.11685	0.49559	0.10259	0.12113	0.01087	0.00286	0.00386	0.04941	0.00554	0.00495
1	0.67105	0.01090	0.00908	0.00838	0.01153	0.01256	0.00672	0.01649	0.01075	0.02542	0.03324	0.10907	0.01248	0.00777	0.00498	0.00200	0.03170	0.00540	0.00408	0.00640
2	0.01564	0.01550	0.06083	0.17282	0.13090	0.01527	0.24818	0.17972	0.01711	0.02312	0.01346	0.01843	0.01065	0.00654	0.00658	0.00201	0.00833	0.04253	0.00381	0.00856
3	0.15501	0.01029	0.01166	0.00961	0.01302	0.01057	0.03357	0.12938	0.03933	0.20336	0.01813	0.01868	0.01308	0.00699	0.00511	0.00173	0.00468	0.00548	0.30236	0.00796
4	0.00826	0.00615	0.00771	0.00787	0.00912	0.00570	0.00569	0.01078	0.03494	0.02063	0.40320	0.27581	0.15156	0.01491	0.00738	0.00212	0.00318	0.01320	0.00624	0.00554
5	0.01323	0.01331	0.01922	0.01624	0.01663	0.01811	0.04999	0.01478	0.00980	0.01505	0.01012	0.01512	0.03348	0.01059	0.01898	0.00263	0.70749	0.00571	0.00280	0.00672
6	0.31889	0.01269	0.01446	0.03718	0.10287	0.01339	0.01003	0.15277	0.01641	0.24313	0.01474	0.01488	0.01027	0.00654	0.00527	0.00188	0.00566	0.00489	0.00522	0.00883
7	0.03965	0.07415	0.26476	0.01471	0.01908	0.05206	0.07654	0.01605	0.01243	0.01759	0.03314	0.19593	0.01687	0.00984	0.00847	0.00213	0.12780	0.00794	0.00355	0.00729
8	0.00876	0.00666	0.00814	0.00806	0.00955	0.00634	0.00592	0.01233	0.07879	0.02151	0.42462	0.19995	0.15830	0.01401	0.00726	0.00208	0.00323	0.01232	0.00631	0.00586
9	0.00799	0.00608	0.00741	0.00806	0.00914	0.00567	0.00567	0.01030	0.05086	0.01771	0.14746	0.46191	0.20568	0.01675	0.00751	0.00228	0.00341	0.01485	0.00587	0.00539
10	0.01472	0.01081	0.01662	0.41239	0.08000	0.01225	0.01373	0.04114	0.03866	0.14423	0.11036	0.02096	0.01643	0.00744	0.00675	0.00200	0.03313	0.00636	0.00433	0.00770
11	0.04192	0.00822	0.01000	0.04825	0.01275	0.00850	0.00750	0.08279	0.08895	0.04386	0.15669	0.35634	0.06037	0.01398	0.00709	0.00221	0.00426	0.03404	0.00580	0.00648
12	0.82811	0.01184	0.00900	0.00805	0.01184	0.01373	0.00663	0.01799	0.01042	0.02746	0.00852	0.00994	0.00663	0.00568	0.00379	0.00189	0.00474	0.00331	0.00379	0.00663
13	0.00872	0.00588	0.00685	0.00703	0.00711	0.00588	0.00410	0.00893	0.00929	0.01243	0.02099	0.13212	0.02427	0.66117	0.05580	0.00565	0.00603	0.00988	0.00394	0.00393
14	0.05262	0.01879	0.29859	0.01374	0.01831	0.03019	0.01418	0.05432	0.05414	0.05308	0.03931	0.16242	0.01692	0.01091	0.03407	0.00240	0.10668	0.00756	0.00403	0.00774
15	0.05750	0.01119	0.01501	0.31580	0.05170	0.01272	0.01198	0.17590	0.01611	0.05623	0.01440	0.03529	0.01116	0.00748	0.00638	0.03286	0.00633	0.00571	0.14876	0.00748
16	0.01115	0.03796	0.01221	0.01058	0.01100	0.03629	0.00788	0.01201	0.00995	0.01395	0.01612	0.10370	0.01778	0.33633	0.03619	0.00402	0.27164	0.00799	0.03796	0.00526
17	0.33973	0.01392	0.01405	0.03103	0.01569	0.05403	0.00971	0.16107	0.01505	0.08932	0.01126	0.01286	0.00862	0.00714	0.00777	0.00198	0.15298	0.00450	0.00431	0.04499
18	0.02202	0.01488	0.01774	0.01445	0.05700	0.01532	0.03338	0.44041	0.02330	0.17278	0.01580	0.01571	0.01108	0.00686	0.00596	0.00174	0.00630	0.00545	0.00583	0.11399
19	0.00762	0.00618	0.00676	0.00669	0.00852	0.00532	0.00499	0.00950	0.01474	0.01859	0.23865	0.08601	0.53530	0.01488	0.00726	0.00205	0.00306	0.01263	0.00596	0.00532
20	0.06005	0.01212	0.01872	0.41849	0.03145	0.01374	0.09631	0.10768	0.03657	0.07990	0.01341	0.01671	0.00980	0.00638	0.00602	0.00196	0.00740	0.00566	0.04990	0.00773
21	0.00759	0.00605	0.00681	0.00698	0.00858	0.00526	0.00510	0.00935	0.01427	0.01814	0.20763	0.19438	0.45716	0.01554	0.00734	0.00212	0.00314	0.01337	0.00592	0.00526
22	0.60417	0.01144	0.01045	0.00884	0.01290	0.01241	0.00729	0.02130	0.01240	0.22982	0.01289	0.01299	0.00901	0.00621	0.00445	0.00189	0.00487	0.00411	0.00485	0.00769
23	0.00815	0.00628	0.00749	0.00782	0.00916	0.00582	0.00562	0.01076	0.05480	0.01881	0.22819	0.32535	0.25788	0.01570	0.00739	0.00219	0.00331	0.01378	0.00599	0.00551
24	0.00814	0.00597	0.00763	0.00777	0.00896	0.00546	0.00562	0.01032	0.01526	0.02094	0.45162	0.26708	0.13281	0.01486	0.00740	0.00211	0.00311	0.01318	0.00630	0.00546
25	0.01325	0.10278	0.50422	0.04177	0.14383	0.01531	0.05725	0.01909	0.01310	0.01890	0.01090	0.01326	0.00817	0.00567	0.00575	0.00187	0.00855	0.00472	0.00269	0.00893
26	0.00879	0.00662	0.00828	0.00850	0.00994	0.00585	0.00600	0.01019	0.01185	0.01625	0.02887	0.46458	0.06409	0.10525	0.00992	0.00259	0.00414	0.06170	0.00506	0.16155
27	0.00874	0.00656	0.00984	0.00984	0.01093	0.00765	0.00765	0.01093	0.00984	0.01421	0.01640	0.02405	0.01530	0.04591	0.76062	0.00984	0.01640	0.00656	0.00328	0.00547
28	0.01776	0.01149	0.01337	0.01089	0.01466	0.01166	0.00872	0.14327	0.17713	0.18508	0.10130	0.02168	0.01880	0.00786	0.00637	0.00176	0.03198	0.00631	0.07378	0.13614

[dist]
# distance from previous block
# <min> <max>
0	4

[block]
# block no. 8 follows, 37 sequences, length 14
# corresponding to MSA columns:
# 239-252
name=unknown_I
#
# <colnr> <probs for GDERKNQSTAVLIFYWHMCP>
#	G	D	E	R	K	N	Q	S	T	A	V	L	I	F	Y	W	H	M	C	P
0	0.00906	0.00655	0.00889	0.01019	0.01139	0.00638	0.00842	0.01134	0.01349	0.01751	0.03507	0.24487	0.09227	0.01736	0.00820	0.00268	0.00492	0.48031	0.00565	0.00543
1	0.13194	0.12229	0.20957	0.03600	0.01869	0.09173	0.01287	0.01824	0.02563	0.01928	0.01184	0.01630	0.01013	0.00658	0.00573	0.00171	0.03554	0.05614	0.00332	0.16645
2	0.01537	0.50362	0.08843	0.01212	0.01652	0.02106	0.01184	0.05465	0.01266	0.01614	0.00952	0.01191	0.00853	0.00913	0.05971	0.00221	0.13194	0.00406	0.00286	0.00774
3	0.05613	0.01006	0.01341	0.01047	0.01484	0.00886	0.00859	0.02758	0.01723	0.65185	0.09436	0.02287	0.01902	0.00799	0.00617	0.00190	0.00496	0.00653	0.00735	0.00982
4	0.03890	0.01414	0.06477	0.24472	0.14925	0.03350	0.07754	0.05757	0.04452	0.01898	0.01298	0.01918	0.01098	0.00780	0.00854	0.02229	0.10830	0.05496	0.00338	0.00769
5	0.01463	0.01369	0.02110	0.06759	0.45943	0.05501	0.05307	0.01840	0.03392	0.04557	0.11177	0.02116	0.04361	0.00699	0.00630	0.00186	0.00682	0.00655	0.00386	0.00865
6	0.00993	0.00642	0.00853	0.00842	0.00986	0.00594	0.00632	0.01235	0.01579	0.07817	0.46715	0.21631	0.04868	0.01402	0.00737	0.00212	0.00344	0.06675	0.00647	0.00594
7	0.00890	0.00593	0.00668	0.00668	0.00668	0.00593	0.00371	0.00890	0.00890	0.01187	0.01929	0.04006	0.02225	0.78487	0.03116	0.00593	0.00593	0.00890	0.00371	0.00371
8	0.01692	0.65287	0.07158	0.01152	0.01672	0.11315	0.01133	0.01913	0.01306	0.01476	0.00877	0.01015	0.00785	0.00540	0.00423	0.00138	0.00724	0.00343	0.00268	0.00783
9	0.04511	0.12131	0.54513	0.03852	0.02408	0.01492	0.01908	0.02006	0.01318	0.08712	0.01181	0.01327	0.00843	0.00591	0.00555	0.00186	0.00819	0.00450	0.00310	0.00887
10	0.00972	0.00726	0.00946	0.01046	0.01207	0.00722	0.00890	0.01323	0.06103	0.01843	0.03664	0.08722	0.14623	0.01620	0.00810	0.00264	0.00512	0.52859	0.00568	0.00581
11	0.01470	0.01305	0.07140	0.05399	0.01663	0.01166	0.00975	0.20418	0.04350	0.02406	0.01566	0.08050	0.01372	0.06098	0.00761	0.00190	0.02089	0.00615	0.07699	0.25270
12	0.01433	0.12264	0.09458	0.02018	0.05145	0.04118	0.32178	0.01807	0.01277	0.01741	0.01079	0.01466	0.00890	0.00828	0.04183	0.00240	0.18223	0.00581	0.00290	0.00782
13	0.01282	0.01201	0.02004	0.48607	0.20824	0.01354	0.04283	0.03285	0.01319	0.01768	0.01174	0.01718	0.00938	0.00614	0.00612	0.00194	0.00772	0.02364	0.00301	0.05386

[dist]
# distance from previous block
# <min> <max>
0	2

[block]
# block no. 9 follows, 37 sequences, length 30
# corresponding to MSA columns:
# 255-284
name=unknown_J
#
# <colnr> <probs for GDERKNQSTAVLIFYWHMCP>
#	G	D	E	R	K	N	Q	S	T	A	V	L	I	F	Y	W	H	M	C	P
0	0.01540	0.47373	0.04786	0.00983	0.01394	0.08415	0.00926	0.01776	0.01300	0.01700	0.01192	0.01371	0.01007	0.00589	0.00423	0.00139	0.00599	0.00406	0.23359	0.00722
1	0.01147	0.00799	0.00981	0.00892	0.01104	0.00796	0.00683	0.01728	0.16467	0.08129	0.54011	0.03909	0.04643	0.01127	0.00693	0.00195	0.00347	0.00984	0.00670	0.00694
2	0.00801	0.00623	0.00727	0.00701	0.00874	0.00550	0.00526	0.01028	0.01578	0.02087	0.43041	0.05178	0.37310	0.01389	0.00723	0.00199	0.00299	0.01192	0.00625	0.00550
3	0.01613	0.00858	0.01093	0.00930	0.01214	0.00796	0.00731	0.08173	0.01788	0.26878	0.35057	0.07929	0.08170	0.01098	0.00680	0.00195	0.00407	0.00941	0.00683	0.00767
4	0.00997	0.00598	0.00905	0.03679	0.01033	0.00649	0.00661	0.00936	0.00882	0.01215	0.01278	0.02054	0.01228	0.02986	0.29681	0.49012	0.00954	0.00578	0.00289	0.00385
5	0.02287	0.02917	0.01735	0.01577	0.01892	0.76030	0.01183	0.02444	0.01735	0.01498	0.00946	0.01104	0.00788	0.00631	0.00552	0.00158	0.01104	0.00394	0.00315	0.00710
6	0.00945	0.00733	0.00885	0.00955	0.01080	0.00754	0.00691	0.01446	0.18039	0.01822	0.03300	0.50923	0.07041	0.01628	0.00747	0.00240	0.00400	0.07177	0.00581	0.00613
7	0.00910	0.00653	0.00896	0.01033	0.01146	0.00640	0.00851	0.01138	0.01342	0.01750	0.03375	0.27011	0.05981	0.01751	0.00823	0.00270	0.00496	0.48825	0.00565	0.00543
8	0.00760	0.00622	0.00671	0.00659	0.00849	0.00532	0.00494	0.00949	0.01482	0.01859	0.23647	0.05553	0.56847	0.01474	0.00723	0.00203	0.00305	0.01245	0.00595	0.00532
9	0.01381	0.01251	0.01706	0.32912	0.10977	0.03516	0.01380	0.04335	0.21760	0.02003	0.01536	0.01802	0.01182	0.00708	0.00698	0.00201	0.05956	0.00583	0.05312	0.00800
10	0.55232	0.01138	0.01104	0.05484	0.01474	0.01238	0.00792	0.02120	0.01254	0.23143	0.01309	0.01341	0.00913	0.00624	0.00460	0.00190	0.00508	0.00425	0.00480	0.00771
11	0.00946	0.00606	0.00736	0.00736	0.00802	0.00638	0.00499	0.01079	0.01013	0.01520	0.01861	0.03124	0.01865	0.38200	0.23664	0.00598	0.00823	0.00745	0.20075	0.00470
12	0.01160	0.00640	0.00699	0.00682	0.00819	0.00637	0.00492	0.04495	0.01321	0.04805	0.05107	0.11330	0.02097	0.12099	0.00884	0.00226	0.00364	0.00774	0.50799	0.00572
13	0.01465	0.08339	0.02424	0.23121	0.39307	0.05602	0.07460	0.01827	0.01357	0.01801	0.01103	0.01488	0.00898	0.00564	0.00595	0.00184	0.00790	0.00532	0.00292	0.00849
14	0.01872	0.01298	0.05937	0.08487	0.04462	0.01240	0.01124	0.16777	0.12358	0.23222	0.07157	0.04155	0.03260	0.00864	0.00640	0.00200	0.00584	0.04871	0.00590	0.00902
15	0.59801	0.04033	0.01241	0.12790	0.04720	0.01439	0.00913	0.05333	0.01184	0.02541	0.00932	0.01138	0.00723	0.00581	0.00437	0.00189	0.00554	0.00384	0.00367	0.00702
16	0.01732	0.60374	0.02857	0.05302	0.01776	0.16155	0.01108	0.01933	0.01335	0.01458	0.00882	0.01040	0.00788	0.00549	0.00435	0.00140	0.00748	0.00352	0.00272	0.00766
17	0.00808	0.00604	0.00741	0.00745	0.00876	0.00547	0.00538	0.01013	0.01496	0.02017	0.39736	0.19941	0.22059	0.05065	0.00846	0.00226	0.00322	0.01272	0.00612	0.00537
18	0.05963	0.25365	0.24946	0.13875	0.02315	0.01673	0.03110	0.06017	0.01330	0.01841	0.01158	0.04421	0.00988	0.03826	0.00635	0.00194	0.00744	0.00504	0.00308	0.00786
19	0.01587	0.00968	0.01251	0.07876	0.03064	0.00995	0.00959	0.06262	0.12840	0.19801	0.06439	0.06628	0.03747	0.02496	0.00720	0.00223	0.00528	0.17330	0.05502	0.00784
20	0.55328	0.01135	0.01078	0.00903	0.01314	0.01211	0.00744	0.02206	0.01286	0.27580	0.01389	0.01368	0.00956	0.00633	0.00460	0.00189	0.00490	0.00429	0.00509	0.00793
21	0.00903	0.00718	0.01029	0.18570	0.01659	0.00794	0.00836	0.01063	0.01111	0.01479	0.02377	0.39596	0.02702	0.17016	0.03233	0.00328	0.04421	0.01202	0.00438	0.00524
22	0.13594	0.05613	0.04146	0.08216	0.04757	0.06193	0.01167	0.06879	0.01291	0.06342	0.01262	0.03927	0.02166	0.01077	0.05995	0.00263	0.23969	0.00548	0.01868	0.00730
23	0.00764	0.00546	0.00709	0.00824	0.00868	0.00511	0.00548	0.00873	0.01186	0.01582	0.07226	0.65152	0.06380	0.08542	0.00980	0.00274	0.00371	0.01616	0.00557	0.00491
24	0.00883	0.00591	0.00670	0.00676	0.00678	0.00589	0.00380	0.00888	0.00904	0.01205	0.01997	0.07515	0.02312	0.74861	0.03005	0.00577	0.00582	0.00930	0.00380	0.00377
25	0.01410	0.24983	0.05128	0.35305	0.13127	0.01724	0.01503	0.04262	0.03850	0.01718	0.01088	0.01421	0.00872	0.00586	0.00543	0.00178	0.00741	0.00480	0.00297	0.00784
26	0.03927	0.02108	0.27958	0.07359	0.06841	0.01481	0.37499	0.01917	0.01362	0.01953	0.01163	0.01499	0.00862	0.00548	0.00649	0.00200	0.00940	0.00596	0.00291	0.00845
27	0.00986	0.00710	0.00980	0.01114	0.01254	0.00714	0.00961	0.01295	0.03295	0.01835	0.03229	0.11079	0.03511	0.01682	0.00836	0.00278	0.00549	0.64557	0.00565	0.00570
28	0.20682	0.03301	0.02151	0.08666	0.06727	0.05638	0.21290	0.14523	0.07031	0.02455	0.01240	0.01458	0.00938	0.00608	0.00581	0.00192	0.00753	0.00544	0.00398	0.00825
29	0.01227	0.06195	0.42847	0.24742	0.03047	0.01433	0.05812	0.01794	0.01292	0.01817	0.03477	0.01507	0.00960	0.00606	0.00594	0.00194	0.00852	0.00510	0.00279	0.00815

[dist]
# distance from previous block
# <min> <max>
1	6

[block]
# block no. 10 follows, 37 sequences, length 30
# corresponding to MSA columns:
# 291-306,309-322
name=unknown_K
#
# <colnr> <probs for GDERKNQSTAVLIFYWHMCP>
#	G	D	E	R	K	N	Q	S	T	A	V	L	I	F	Y	W	H	M	C	P
0	0.02133	0.01829	0.01714	0.01400	0.01826	0.14593	0.01122	0.44436	0.19075	0.03150	0.01616	0.01595	0.01189	0.00739	0.00604	0.00185	0.00704	0.00557	0.00564	0.00967
1	0.00836	0.00624	0.00778	0.00754	0.00907	0.00566	0.00568	0.01089	0.01628	0.02228	0.54625	0.07851	0.20145	0.01356	0.00729	0.00201	0.00306	0.03607	0.00643	0.00561
2	0.00943	0.00644	0.00837	0.00778	0.00939	0.00589	0.00587	0.01224	0.01720	0.05602	0.68510	0.04516	0.08297	0.01242	0.00717	0.00193	0.00300	0.01093	0.00673	0.00595
3	0.02300	0.01701	0.01822	0.01403	0.01888	0.01886	0.01157	0.70348	0.05201	0.03815	0.01503	0.01496	0.01068	0.00738	0.00613	0.00184	0.00667	0.00556	0.00613	0.01039
4	0.01063	0.00532	0.00797	0.00797	0.00797	0.00532	0.00532	0.00797	0.00797	0.01063	0.01063	0.01861	0.01063	0.02127	0.02392	0.82190	0.00532	0.00532	0.00266	0.00266
5	0.02287	0.02917	0.01735	0.01577	0.01892	0.76030	0.01183	0.02444	0.01735	0.01498	0.00946	0.01104	0.00788	0.00631	0.00552	0.00158	0.01104	0.00394	0.00315	0.00710
6	0.01678	0.01110	0.01284	0.01123	0.01422	0.01165	0.00870	0.23691	0.13895	0.13909	0.05165	0.27252	0.02430	0.01166	0.00675	0.00210	0.00498	0.01000	0.00624	0.00831
7	0.00937	0.00689	0.00917	0.01031	0.01185	0.00669	0.00888	0.01194	0.01407	0.01798	0.03802	0.06713	0.16965	0.01664	0.00822	0.00268	0.00516	0.57418	0.00565	0.00555
8	0.00750	0.00621	0.00652	0.00668	0.00854	0.00533	0.00502	0.00905	0.01365	0.01642	0.05689	0.08837	0.63367	0.04943	0.00839	0.00231	0.00342	0.06189	0.00559	0.00513
9	0.06520	0.01453	0.01623	0.01262	0.01723	0.01544	0.01038	0.45456	0.04891	0.22335	0.04654	0.01759	0.01365	0.00756	0.00606	0.00187	0.00601	0.00584	0.00641	0.01000
10	0.31219	0.01105	0.01052	0.00908	0.01223	0.01225	0.00726	0.20863	0.01609	0.02804	0.01499	0.05555	0.01236	0.02331	0.02045	0.00202	0.00496	0.00547	0.22632	0.00724
11	0.00853	0.00552	0.00697	0.00798	0.00865	0.00533	0.00554	0.01012	0.01194	0.01734	0.02950	0.54340	0.03310	0.01762	0.04598	0.00262	0.00410	0.02948	0.20109	0.00519
12	0.07405	0.01200	0.02926	0.01138	0.01607	0.01114	0.00952	0.11880	0.07196	0.54676	0.02178	0.01938	0.01414	0.00745	0.00601	0.00190	0.00543	0.00593	0.00696	0.01011
13	0.01367	0.01369	0.02675	0.11979	0.16601	0.01373	0.36621	0.01748	0.01326	0.01850	0.01223	0.01670	0.00971	0.00695	0.00847	0.06589	0.03856	0.00633	0.05840	0.00768
14	0.07469	0.01363	0.01241	0.04968	0.01486	0.12599	0.00860	0.24315	0.01841	0.02661	0.01541	0.01719	0.01179	0.00692	0.00512	0.00165	0.00575	0.00519	0.33545	0.00754
15	0.59749	0.01399	0.01215	0.04242	0.09332	0.09705	0.00900	0.01901	0.01183	0.04330	0.00944	0.01116	0.00738	0.00579	0.00438	0.00186	0.00586	0.00377	0.00369	0.00712
16	0.01229	0.01184	0.02070	0.60826	0.13890	0.01388	0.07470	0.01640	0.01265	0.01657	0.01109	0.01617	0.00846	0.00595	0.00620	0.00201	0.00821	0.00559	0.00279	0.00732
17	0.03029	0.52247	0.17537	0.01248	0.01800	0.02083	0.03113	0.01819	0.01234	0.01606	0.00942	0.01127	0.00810	0.00581	0.00556	0.00157	0.06210	0.00385	0.02723	0.00793
18	0.10795	0.21956	0.04219	0.15367	0.08596	0.03303	0.01203	0.11287	0.03314	0.02083	0.04142	0.01836	0.01254	0.03870	0.00644	0.00196	0.00664	0.04124	0.00375	0.00773
19	0.01179	0.04373	0.50603	0.01677	0.07179	0.01262	0.01857	0.01740	0.01325	0.01891	0.01842	0.02570	0.06975	0.00833	0.00632	0.00207	0.00784	0.11913	0.00335	0.00820
20	0.02565	0.01023	0.01377	0.01073	0.01518	0.00901	0.00880	0.02865	0.04583	0.67097	0.07503	0.02267	0.01830	0.00795	0.00623	0.00190	0.00503	0.00653	0.00746	0.01006
21	0.00792	0.00568	0.00755	0.00847	0.00918	0.00531	0.00596	0.00957	0.01334	0.01814	0.22054	0.54429	0.04472	0.01729	0.00770	0.00236	0.00350	0.05732	0.00596	0.00522
22	0.01356	0.02186	0.41545	0.07773	0.08594	0.01247	0.04216	0.01872	0.02802	0.08776	0.01436	0.07468	0.01167	0.00804	0.00727	0.05477	0.00775	0.00603	0.00345	0.00831
23	0.00809	0.00555	0.00707	0.00803	0.00864	0.00532	0.00547	0.00943	0.01179	0.01636	0.04784	0.54558	0.07178	0.06847	0.05668	0.00302	0.00440	0.01447	0.09697	0.00503
24	0.00884	0.00591	0.00669	0.00675	0.00677	0.00590	0.00379	0.00889	0.00902	0.01202	0.01987	0.06990	0.02299	0.75403	0.03022	0.00580	0.00584	0.00924	0.00379	0.00376
25	0.03234	0.05184	0.18481	0.14814	0.05188	0.07153	0.08633	0.03021	0.01293	0.03331	0.01140	0.01477	0.00899	0.00693	0.00852	0.00200	0.15662	0.00518	0.07462	0.00765
26	0.12276	0.04748	0.50678	0.07125	0.02589	0.01452	0.09039	0.01892	0.01268	0.02009	0.01072	0.01304	0.00779	0.00574	0.00565	0.00193	0.00846	0.00466	0.00281	0.00844
27	0.00986	0.00705	0.00986	0.01127	0.01268	0.00705	0.00986	0.01268	0.01409	0.01832	0.03241	0.06905	0.03523	0.01691	0.00845	0.00282	0.00564	0.70549	0.00564	0.00564
28	0.00992	0.00889	0.04166	0.22232	0.03404	0.00867	0.03866	0.01236	0.01315	0.01770	0.20795	0.13542	0.07748	0.05207	0.00984	0.08484	0.00550	0.00930	0.00444	0.00579
29	0.06722	0.26387	0.16808	0.14825	0.07670	0.09860	0.03029	0.01846	0.01318	0.01727	0.02406	0.01392	0.02416	0.00601	0.00521	0.00171	0.00770	0.00457	0.00294	0.00780

[dist]
# distance from previous block
# <min> <max>
0	1

[block]
# block no. 11 follows, 37 sequences, length 22
# corresponding to MSA columns:
# 324-345
name=unknown_L
#
# <colnr> <probs for GDERKNQSTAVLIFYWHMCP>
#	G	D	E	R	K	N	Q	S	T	A	V	L	I	F	Y	W	H	M	C	P
0	0.27572	0.01464	0.06294	0.01643	0.04228	0.01450	0.24292	0.08102	0.01370	0.02336	0.01219	0.04972	0.01008	0.00679	0.00691	0.00202	0.07292	0.00586	0.03839	0.00762
1	0.41291	0.03861	0.22205	0.03069	0.04043	0.05146	0.01219	0.01868	0.01196	0.04332	0.01050	0.01234	0.00800	0.00706	0.02743	0.00210	0.00679	0.00407	0.03193	0.00751
2	0.00880	0.00600	0.00707	0.00699	0.00737	0.00586	0.00429	0.00956	0.01111	0.01518	0.20214	0.06431	0.03176	0.56674	0.02441	0.00482	0.00509	0.00971	0.00453	0.00427
3	0.01607	0.10794	0.32247	0.05586	0.09803	0.01404	0.07206	0.02080	0.01417	0.16608	0.04471	0.01624	0.01173	0.00632	0.00588	0.00186	0.00760	0.00534	0.00386	0.00894
4	0.01218	0.01038	0.01212	0.00892	0.01394	0.00786	0.00706	0.01475	0.01269	0.01956	0.01420	0.05906	0.03959	0.00581	0.00483	0.00104	0.00442	0.00479	0.00383	0.74299
5	0.01637	0.78856	0.03208	0.01047	0.01571	0.02422	0.01047	0.01833	0.01244	0.01440	0.00851	0.00982	0.00786	0.00524	0.00393	0.00131	0.00655	0.00327	0.00262	0.00786
6	0.01421	0.29067	0.46895	0.01497	0.02242	0.05550	0.01791	0.01928	0.01298	0.01746	0.01006	0.01177	0.00780	0.00564	0.00515	0.00170	0.00829	0.00407	0.00263	0.00854
7	0.18614	0.01041	0.01255	0.01007	0.01424	0.00990	0.00823	0.02576	0.04666	0.50292	0.09193	0.02118	0.01779	0.00771	0.00579	0.00190	0.00487	0.00610	0.00667	0.00917
8	0.01566	0.01337	0.01409	0.01255	0.01608	0.01543	0.00979	0.07005	0.69740	0.02631	0.02436	0.02240	0.01824	0.00825	0.00622	0.00206	0.00495	0.00684	0.00622	0.00973
9	0.00869	0.00606	0.00783	0.00795	0.00917	0.00555	0.00575	0.01084	0.01515	0.04233	0.42491	0.29671	0.10632	0.01488	0.00739	0.00213	0.00320	0.01323	0.00632	0.00559
10	0.01224	0.00705	0.00933	0.00831	0.01038	0.00639	0.00639	0.01503	0.01736	0.16277	0.60659	0.04099	0.04965	0.01157	0.00702	0.00192	0.00333	0.01014	0.00690	0.00666
11	0.01824	0.01183	0.01333	0.01133	0.01508	0.01251	0.00899	0.09591	0.37165	0.22339	0.02883	0.02648	0.11696	0.00901	0.00634	0.00200	0.00489	0.00740	0.00651	0.00933
12	0.00985	0.00659	0.00859	0.00830	0.00996	0.00608	0.00645	0.01253	0.01643	0.06824	0.51916	0.07174	0.10919	0.01328	0.00735	0.00208	0.00346	0.10823	0.00651	0.00597
13	0.00746	0.00533	0.00710	0.00852	0.00888	0.00497	0.00568	0.00852	0.01172	0.01563	0.03374	0.78088	0.04049	0.01918	0.00781	0.00249	0.00355	0.01740	0.00568	0.00497
14	0.01269	0.01088	0.01269	0.00907	0.01451	0.00816	0.00725	0.01541	0.01269	0.01995	0.01088	0.01269	0.00907	0.00453	0.00453	0.00091	0.00453	0.00363	0.00363	0.82229
15	0.01242	0.00715	0.00902	0.00804	0.01035	0.00633	0.00621	0.01488	0.01656	0.18112	0.42370	0.04344	0.21247	0.01215	0.00699	0.00195	0.00345	0.01044	0.00667	0.00664
16	0.01275	0.00700	0.00714	0.00665	0.00847	0.00721	0.00511	0.09482	0.01464	0.02460	0.01937	0.02190	0.01509	0.00716	0.00449	0.00147	0.00329	0.00568	0.72690	0.00624
17	0.26559	0.01109	0.01281	0.01016	0.01462	0.01077	0.00839	0.05179	0.01582	0.50956	0.01915	0.01737	0.01244	0.00700	0.00545	0.00189	0.00512	0.00529	0.00640	0.00929
18	0.01358	0.01265	0.02026	0.46368	0.05762	0.01529	0.08032	0.09636	0.01388	0.01859	0.01098	0.01562	0.00855	0.00693	0.00860	0.00212	0.13881	0.00560	0.00314	0.00742
19	0.00874	0.00660	0.00824	0.00923	0.01010	0.00663	0.00645	0.01239	0.12389	0.01727	0.03233	0.63861	0.03693	0.01741	0.00759	0.00243	0.00382	0.03985	0.00577	0.00573
20	0.82811	0.01184	0.00900	0.00805	0.01184	0.01373	0.00663	0.01799	0.01042	0.02746	0.00852	0.00994	0.00663	0.00568	0.00379	0.00189	0.00474	0.00331	0.00379	0.00663
21	0.02059	0.07760	0.14441	0.01287	0.01771	0.16260	0.01189	0.07780	0.01714	0.28192	0.09836	0.01899	0.01630	0.00738	0.00592	0.00179	0.00701	0.00571	0.00523	0.00879

[dist]
