[name]
unknown

[dist]
# distance from previous block
# <min> <max>
29	111

[block]
# block no. 0 follows, 46 sequences, length 38
# corresponding to MSA columns:
# 149-186
name=unknown_A
#
# <colnr> <probs for GDERKNQSTAVLIFYWHMCP>
#	G	D	E	R	K	N	Q	S	T	A	V	L	I	F	Y	W	H	M	C	P
0	0.01359	0.01154	0.09311	0.03193	0.06471	0.00997	0.00936	0.19877	0.04183	0.10889	0.09727	0.10345	0.06802	0.00816	0.00551	0.00164	0.00482	0.03210	0.00462	0.09070
1	0.16876	0.01105	0.07076	0.01058	0.06953	0.03652	0.00826	0.07420	0.01274	0.13883	0.06685	0.08879	0.02792	0.00752	0.02097	0.00166	0.00482	0.00554	0.03629	0.13840
2	0.03112	0.09081	0.11215	0.05767	0.01613	0.03551	0.04298	0.13042	0.04456	0.20841	0.01392	0.01629	0.01071	0.10623	0.00768	0.00198	0.00575	0.00490	0.00413	0.05865
3	0.09951	0.18078	0.01775	0.19317	0.08087	0.10884	0.05257	0.01620	0.01162	0.07763	0.04548	0.01337	0.00969	0.00678	0.03404	0.00181	0.03596	0.00436	0.00303	0.00652
4	0.14890	0.36266	0.16588	0.08349	0.01670	0.03224	0.01079	0.01600	0.01082	0.05686	0.00971	0.04735	0.00827	0.00544	0.00415	0.00145	0.00584	0.00393	0.00279	0.00671
5	0.08879	0.46668	0.04806	0.00991	0.01393	0.16200	0.00913	0.01667	0.02594	0.01432	0.00894	0.01153	0.00803	0.00523	0.00395	0.00129	0.00614	0.03758	0.00267	0.05921
6	0.05678	0.00576	0.00698	0.00753	0.00844	0.00567	0.00529	0.06172	0.01164	0.01626	0.09845	0.60332	0.06343	0.01448	0.00637	0.00202	0.00325	0.01292	0.00493	0.00478
7	0.00759	0.00574	0.00714	0.00694	0.00833	0.00528	0.00510	0.01018	0.04847	0.01850	0.44660	0.21453	0.11963	0.01180	0.00617	0.00174	0.00281	0.01041	0.00533	0.05771
8	0.00746	0.00549	0.00704	0.00689	0.00820	0.00507	0.00533	0.00980	0.01423	0.01961	0.58787	0.04358	0.14009	0.01163	0.00638	0.00178	0.00283	0.10625	0.00558	0.00491
9	0.00644	0.00460	0.00613	0.00736	0.00767	0.00429	0.00491	0.00736	0.01012	0.01350	0.02914	0.81076	0.03497	0.01656	0.00675	0.00215	0.00307	0.01503	0.00491	0.00429
10	0.85155	0.01022	0.00777	0.00695	0.01022	0.01186	0.00573	0.01554	0.00900	0.02372	0.00736	0.00859	0.00573	0.00491	0.00327	0.00164	0.00409	0.00286	0.00327	0.00573
11	0.00625	0.00536	0.00536	0.00536	0.00714	0.00446	0.00402	0.00759	0.01205	0.01428	0.05355	0.05088	0.77909	0.01339	0.00625	0.00179	0.00268	0.01116	0.00491	0.00446
12	0.01060	0.02735	0.78682	0.01507	0.02288	0.01228	0.01953	0.01674	0.01116	0.01674	0.00949	0.01116	0.00670	0.00502	0.00502	0.00167	0.00781	0.00391	0.00223	0.00781
13	0.01315	0.01136	0.01195	0.01076	0.01375	0.01315	0.00837	0.02809	0.77168	0.02211	0.02152	0.01972	0.01614	0.00717	0.00538	0.00179	0.00418	0.00598	0.00538	0.00837
14	0.02010	0.01481	0.01587	0.01216	0.01639	0.01639	0.01005	0.76360	0.02486	0.03332	0.01269	0.01269	0.00899	0.00635	0.00529	0.00159	0.00582	0.00476	0.00529	0.00899
15	0.03537	0.00509	0.00501	0.00499	0.00628	0.00514	0.00376	0.01242	0.01102	0.01983	0.01695	0.01937	0.01331	0.00612	0.00368	0.00124	0.00251	0.00486	0.81808	0.00495
16	0.01413	0.81739	0.02770	0.00905	0.01357	0.02092	0.00905	0.01583	0.01074	0.01244	0.00735	0.00848	0.00678	0.00452	0.00339	0.00113	0.00565	0.00283	0.00226	0.00678
17	0.01413	0.81739	0.02770	0.00905	0.01357	0.02092	0.00905	0.01583	0.01074	0.01244	0.00735	0.00848	0.00678	0.00452	0.00339	0.00113	0.00565	0.00283	0.00226	0.00678
18	0.01315	0.01136	0.01195	0.01076	0.01375	0.01315	0.00837	0.02809	0.77168	0.02211	0.02152	0.01972	0.01614	0.00717	0.00538	0.00179	0.00418	0.00598	0.00538	0.00837
19	0.12391	0.00915	0.01172	0.00911	0.01310	0.00826	0.00752	0.02453	0.01439	0.69277	0.01922	0.01686	0.01220	0.00635	0.00507	0.00164	0.00445	0.00502	0.00615	0.00860
20	0.02322	0.00889	0.01211	0.00932	0.01332	0.00768	0.00768	0.02528	0.01513	0.76136	0.04420	0.01866	0.01422	0.00667	0.00534	0.00164	0.00444	0.00545	0.00652	0.00887
21	0.02372	0.00900	0.01227	0.00941	0.01350	0.00777	0.00777	0.02576	0.01513	0.78489	0.02086	0.01799	0.01309	0.00654	0.00532	0.00164	0.00450	0.00532	0.00654	0.00900
22	0.00733	0.00540	0.00685	0.00649	0.00780	0.00492	0.00486	0.00967	0.01459	0.02032	0.68631	0.04094	0.14256	0.01114	0.00624	0.00168	0.00252	0.00976	0.00570	0.00492
23	0.00748	0.00540	0.00707	0.00665	0.00790	0.00499	0.00499	0.00998	0.01496	0.02120	0.77844	0.03949	0.04988	0.01081	0.00624	0.00166	0.00249	0.00956	0.00582	0.00499
24	0.01143	0.01098	0.01496	0.54402	0.06456	0.07878	0.01292	0.01639	0.12369	0.01520	0.01148	0.01475	0.00874	0.00559	0.00518	0.00170	0.00659	0.00479	0.04194	0.00634
25	0.47687	0.01196	0.01111	0.00916	0.01279	0.01353	0.00752	0.29357	0.05947	0.04358	0.01045	0.01096	0.00770	0.00561	0.00419	0.00163	0.00474	0.00380	0.00421	0.00716
26	0.01753	0.33841	0.02004	0.01177	0.01525	0.46883	0.00975	0.03686	0.01354	0.01323	0.00795	0.00919	0.00685	0.00510	0.00424	0.00128	0.00791	0.00321	0.00260	0.00646
27	0.85155	0.01022	0.00777	0.00695	0.01022	0.01186	0.00573	0.01554	0.00900	0.02372	0.00736	0.00859	0.00573	0.00491	0.00327	0.00164	0.00409	0.00286	0.00327	0.00573
28	0.01084	0.06741	0.56808	0.11089	0.07130	0.01256	0.03370	0.01611	0.01124	0.01626	0.02820	0.01225	0.00793	0.00514	0.00503	0.00165	0.00740	0.00418	0.00237	0.00747
29	0.00631	0.00536	0.00544	0.00542	0.00718	0.00449	0.00406	0.00770	0.01219	0.01462	0.08878	0.05032	0.74365	0.01326	0.00625	0.00178	0.00267	0.01108	0.00495	0.00449
30	0.00644	0.00460	0.00613	0.00736	0.00767	0.00429	0.00491	0.00736	0.01012	0.01350	0.02914	0.81076	0.03497	0.01656	0.00675	0.00215	0.00307	0.01503	0.00491	0.00429
31	0.14315	0.01413	0.01467	0.01139	0.01548	0.01572	0.00941	0.65289	0.02251	0.03190	0.01190	0.01208	0.00851	0.00613	0.00499	0.00159	0.00556	0.00448	0.00499	0.00851
32	0.01216	0.01645	0.15776	0.02107	0.02683	0.01319	0.63766	0.01690	0.01226	0.01690	0.01049	0.01374	0.00780	0.00455	0.00604	0.00176	0.00873	0.00585	0.00260	0.00724
33	0.00985	0.00593	0.00783	0.00705	0.00872	0.00539	0.00539	0.01228	0.01499	0.13273	0.66780	0.03635	0.04451	0.01018	0.00610	0.00166	0.00279	0.00894	0.00593	0.00557
34	0.00699	0.00529	0.00644	0.00635	0.00764	0.00475	0.00469	0.00894	0.01350	0.01819	0.46994	0.13626	0.26720	0.01228	0.00630	0.00176	0.00262	0.01070	0.00544	0.00475
35	0.01986	0.01383	0.01547	0.06137	0.01733	0.01516	0.01009	0.63589	0.02290	0.11424	0.01338	0.01336	0.00932	0.00630	0.00529	0.00160	0.00575	0.00482	0.00524	0.00880
36	0.02010	0.01481	0.01587	0.01216	0.01639	0.01639	0.01005	0.76360	0.02486	0.03332	0.01269	0.01269	0.00899	0.00635	0.00529	0.00159	0.00582	0.00476	0.00529	0.00899
37	0.01248	0.01426	0.03119	0.02228	0.02763	0.01337	0.76203	0.01693	0.01248	0.01693	0.01070	0.01426	0.00802	0.00446	0.00624	0.00178	0.00891	0.00624	0.00267	0.00713

[dist]
# distance from previous block
# <min> <max>
0	11

[block]
# block no. 1 follows, 46 sequences, length 103
# corresponding to MSA columns:
# 198-300
name=unknown_B
#
# <colnr> <probs for GDERKNQSTAVLIFYWHMCP>
#	G	D	E	R	K	N	Q	S	T	A	V	L	I	F	Y	W	H	M	C	P
0	0.02252	0.01042	0.06442	0.00988	0.01420	0.00840	0.00863	0.04315	0.03184	0.69810	0.01991	0.01744	0.01262	0.00645	0.00530	0.00164	0.00475	0.00522	0.00620	0.00890
1	0.01332	0.63546	0.20251	0.01043	0.01571	0.01893	0.01146	0.01604	0.01084	0.01343	0.00784	0.00910	0.00676	0.00464	0.00377	0.00126	0.00615	0.00308	0.00225	0.00702
2	0.00644	0.00460	0.00613	0.00736	0.00767	0.00429	0.00491	0.00736	0.01012	0.01350	0.02914	0.81076	0.03497	0.01656	0.00675	0.00215	0.00307	0.01503	0.00491	0.00429
3	0.00644	0.00460	0.00613	0.00736	0.00767	0.00429	0.00491	0.00736	0.01012	0.01350	0.02914	0.81076	0.03497	0.01656	0.00675	0.00215	0.00307	0.01503	0.00491	0.00429
4	0.01712	0.01009	0.07529	0.05559	0.01436	0.00841	0.00860	0.08738	0.01538	0.40172	0.22308	0.02252	0.02177	0.00748	0.00554	0.00165	0.00450	0.00626	0.00563	0.00763
5	0.01123	0.01123	0.02082	0.39722	0.20308	0.01211	0.20959	0.01482	0.01139	0.01526	0.01050	0.03967	0.00851	0.00530	0.00557	0.00174	0.00723	0.00544	0.00258	0.00672
6	0.00773	0.00554	0.00832	0.00832	0.00915	0.00638	0.00638	0.00915	0.00832	0.01193	0.01360	0.02024	0.01276	0.03727	0.70680	0.10224	0.01309	0.00554	0.00277	0.00445
7	0.85155	0.01022	0.00777	0.00695	0.01022	0.01186	0.00573	0.01554	0.00900	0.02372	0.00736	0.00859	0.00573	0.00491	0.00327	0.00164	0.00409	0.00286	0.00327	0.00573
8	0.85155	0.01022	0.00777	0.00695	0.01022	0.01186	0.00573	0.01554	0.00900	0.02372	0.00736	0.00859	0.00573	0.00491	0.00327	0.00164	0.00409	0.00286	0.00327	0.00573
9	0.00748	0.00540	0.00707	0.00665	0.00790	0.00499	0.00499	0.00998	0.01496	0.02120	0.77844	0.03949	0.04988	0.01081	0.00624	0.00166	0.00249	0.00956	0.00582	0.00499
10	0.02136	0.04358	0.01271	0.00947	0.01328	0.00871	0.00789	0.07643	0.01546	0.61565	0.05749	0.02070	0.01535	0.00712	0.00539	0.00166	0.00456	0.04857	0.00614	0.00846
11	0.01096	0.00940	0.01096	0.00783	0.01253	0.00705	0.00626	0.01331	0.01096	0.01723	0.00940	0.01096	0.00783	0.00392	0.00392	0.00078	0.00392	0.00313	0.00313	0.84653
12	0.01285	0.01251	0.01984	0.02939	0.67769	0.05036	0.01497	0.01571	0.01202	0.01674	0.01149	0.08076	0.01056	0.00575	0.00534	0.00161	0.00617	0.00552	0.00282	0.00792
13	0.00961	0.00684	0.01044	0.01054	0.01219	0.00668	0.07108	0.01205	0.01215	0.06052	0.02588	0.08981	0.02747	0.03475	0.00759	0.00239	0.00510	0.58494	0.00474	0.00522
14	0.02372	0.00900	0.01227	0.00941	0.01350	0.00777	0.00777	0.02576	0.01513	0.78489	0.02086	0.01799	0.01309	0.00654	0.00532	0.00164	0.00450	0.00532	0.00654	0.00900
15	0.04656	0.02492	0.67130	0.06096	0.02336	0.01228	0.05529	0.01651	0.01110	0.01686	0.00945	0.01138	0.00674	0.00501	0.00502	0.00168	0.00766	0.00402	0.00231	0.00758
16	0.04511	0.06371	0.64713	0.01381	0.02072	0.01208	0.01722	0.01639	0.01112	0.04147	0.01081	0.05780	0.00852	0.00572	0.00498	0.00167	0.00717	0.00451	0.00257	0.00751
17	0.04271	0.00997	0.01232	0.00959	0.01359	0.05368	0.00787	0.02525	0.01498	0.72218	0.01980	0.01728	0.01255	0.00644	0.00524	0.00162	0.00478	0.00515	0.00624	0.00875
18	0.01157	0.01157	0.01619	0.01388	0.01388	0.01619	0.01157	0.01272	0.00810	0.01272	0.00694	0.01157	0.00694	0.00925	0.01735	0.00231	0.80453	0.00463	0.00231	0.00578
19	0.01908	0.01263	0.05867	0.01099	0.01494	0.01218	0.00938	0.41003	0.01945	0.25617	0.01686	0.09388	0.01303	0.00748	0.00546	0.00168	0.00525	0.01901	0.00544	0.00839
20	0.00994	0.01045	0.04402	0.06961	0.08218	0.00962	0.33100	0.01290	0.01135	0.01538	0.01770	0.32477	0.01845	0.00927	0.00625	0.00190	0.00625	0.00936	0.00350	0.00606
21	0.01193	0.00639	0.00849	0.00740	0.00943	0.00575	0.00575	0.01430	0.01501	0.23017	0.57114	0.03361	0.03981	0.00964	0.00598	0.00166	0.00304	0.00840	0.00602	0.00609
22	0.00625	0.00536	0.00536	0.00536	0.00714	0.00446	0.00402	0.00759	0.01205	0.01428	0.05355	0.05088	0.77909	0.01339	0.00625	0.00179	0.00268	0.01116	0.00491	0.00446
23	0.01445	0.77301	0.02699	0.00930	0.01372	0.06417	0.00911	0.01613	0.01098	0.01247	0.00740	0.00854	0.00679	0.00457	0.00347	0.00114	0.00587	0.00286	0.00229	0.00675
24	0.01216	0.01459	0.09375	0.07462	0.13439	0.01273	0.50311	0.01641	0.01210	0.01675	0.01033	0.01365	0.00788	0.00457	0.00581	0.00169	0.00807	0.00556	0.00263	0.04922
25	0.00748	0.00540	0.00707	0.00665	0.00790	0.00499	0.00499	0.00998	0.01496	0.02120	0.77844	0.03949	0.04988	0.01081	0.00624	0.00166	0.00249	0.00956	0.00582	0.00499
26	0.00767	0.00560	0.00723	0.00679	0.00809	0.00526	0.00510	0.01057	0.03979	0.02123	0.75361	0.03884	0.04877	0.01069	0.00621	0.00167	0.00255	0.00944	0.00581	0.00510
27	0.01362	0.04052	0.07806	0.02000	0.02534	0.01294	0.60829	0.01784	0.01262	0.09947	0.01160	0.01427	0.00844	0.00472	0.00597	0.00174	0.00826	0.00588	0.00305	0.00736
28	0.01176	0.12748	0.33961	0.04665	0.17053	0.01343	0.15652	0.01613	0.01147	0.01608	0.01016	0.03809	0.00822	0.00518	0.00514	0.00162	0.00725	0.00475	0.00249	0.00747
29	0.02300	0.00916	0.01225	0.00950	0.01351	0.00814	0.00781	0.02592	0.06682	0.73278	0.02090	0.01811	0.01329	0.00659	0.00532	0.00165	0.00448	0.00536	0.00646	0.00895
30	0.00648	0.00466	0.00615	0.00732	0.00771	0.00434	0.00494	0.00744	0.01025	0.01358	0.03016	0.76279	0.06664	0.01639	0.00674	0.00214	0.00309	0.02997	0.00491	0.00431
31	0.03290	0.53305	0.11584	0.01107	0.01578	0.03882	0.06427	0.04072	0.01157	0.05233	0.00869	0.00996	0.00723	0.00493	0.00446	0.00134	0.03390	0.00346	0.00263	0.00704
32	0.01445	0.13723	0.07448	0.06333	0.39858	0.15727	0.01391	0.05051	0.01282	0.01623	0.00929	0.01164	0.00769	0.00494	0.00486	0.00148	0.00691	0.00413	0.00266	0.00758
33	0.02355	0.00927	0.01244	0.00954	0.01363	0.00818	0.00788	0.06074	0.01559	0.74927	0.02047	0.01774	0.01289	0.00653	0.00532	0.00163	0.00456	0.00529	0.00648	0.00900
34	0.03244	0.03692	0.02929	0.01733	0.18951	0.46558	0.01144	0.06227	0.01411	0.01532	0.00914	0.01119	0.00764	0.00733	0.05010	0.00185	0.02502	0.00392	0.00284	0.00675
35	0.00677	0.00487	0.00645	0.00730	0.00789	0.00455	0.00511	0.00812	0.01130	0.01526	0.18664	0.58889	0.05488	0.01517	0.00666	0.00205	0.00304	0.05548	0.00510	0.00448
36	0.01439	0.01223	0.01439	0.01333	0.07668	0.01371	0.04649	0.16184	0.53576	0.02353	0.01843	0.01763	0.01380	0.00669	0.00539	0.00174	0.00489	0.00566	0.00501	0.00842
37	0.07018	0.02424	0.65163	0.01391	0.02102	0.01178	0.01734	0.01761	0.01143	0.09782	0.01053	0.01170	0.00730	0.00517	0.00493	0.00167	0.00721	0.00398	0.00276	0.00779
38	0.05562	0.01321	0.03422	0.17422	0.27286	0.07396	0.01272	0.17560	0.05959	0.02023	0.01143	0.01426	0.00904	0.00565	0.00513	0.00162	0.00626	0.02102	0.02585	0.00752
39	0.01447	0.70456	0.05315	0.00969	0.01415	0.05521	0.00956	0.04797	0.01150	0.01351	0.00768	0.00886	0.00688	0.00475	0.00385	0.00120	0.02073	0.00301	0.00241	0.00687
40	0.00644	0.00460	0.00613	0.00736	0.00767	0.00429	0.00491	0.00736	0.01012	0.01350	0.02914	0.81076	0.03497	0.01656	0.00675	0.00215	0.00307	0.01503	0.00491	0.00429
41	0.01919	0.01377	0.01492	0.01171	0.01572	0.01517	0.00958	0.58096	0.15130	0.08985	0.01483	0.01430	0.01053	0.00650	0.00531	0.00163	0.00544	0.00501	0.00540	0.00888
42	0.04771	0.00903	0.01214	0.00933	0.01340	0.00789	0.00771	0.02547	0.01495	0.76283	0.02047	0.01772	0.01287	0.00650	0.00526	0.00164	0.00449	0.00525	0.00645	0.00890
43	0.00746	0.00540	0.00703	0.00662	0.00788	0.00498	0.00497	0.00992	0.01490	0.02105	0.76253	0.03974	0.06589	0.01086	0.00624	0.00167	0.00250	0.00960	0.00580	0.00498
44	0.02356	0.00924	0.01242	0.00952	0.01362	0.00814	0.00787	0.05726	0.01555	0.75281	0.02051	0.01777	0.01291	0.00653	0.00532	0.00163	0.00455	0.00529	0.00649	0.00900
45	0.00748	0.00540	0.00707	0.00665	0.00790	0.00499	0.00499	0.00998	0.01496	0.02120	0.77844	0.03949	0.04988	0.01081	0.00624	0.00166	0.00249	0.00956	0.00582	0.00499
46	0.01329	0.01143	0.01203	0.01079	0.01380	0.01322	0.00840	0.04319	0.75635	0.02234	0.02134	0.01958	0.01599	0.00716	0.00538	0.00179	0.00422	0.00595	0.00538	0.00838
47	0.00636	0.00536	0.00551	0.00548	0.00721	0.00451	0.00411	0.00781	0.01232	0.01492	0.12077	0.04982	0.71147	0.01315	0.00625	0.00177	0.00266	0.01101	0.00499	0.00451
48	0.85155	0.01022	0.00777	0.00695	0.01022	0.01186	0.00573	0.01554	0.00900	0.02372	0.00736	0.00859	0.00573	0.00491	0.00327	0.00164	0.00409	0.00286	0.00327	0.00573
49	0.01096	0.00940	0.01096	0.00783	0.01253	0.00705	0.00626	0.01331	0.01096	0.01723	0.00940	0.01096	0.00783	0.00392	0.00392	0.00078	0.00392	0.00313	0.00313	0.84653
50	0.85155	0.01022	0.00777	0.00695	0.01022	0.01186	0.00573	0.01554	0.00900	0.02372	0.00736	0.00859	0.00573	0.00491	0.00327	0.00164	0.00409	0.00286	0.00327	0.00573
51	0.00644	0.00460	0.00613	0.00736	0.00767	0.00429	0.00491	0.00736	0.01012	0.01350	0.02914	0.81076	0.03497	0.01656	0.00675	0.00215	0.00307	0.01503	0.00491	0.00429
52	0.10997	0.01431	0.01499	0.01160	0.01573	0.01590	0.00958	0.68274	0.02314	0.03228	0.01212	0.01225	0.00864	0.00619	0.00507	0.00159	0.00563	0.00455	0.00507	0.00864
53	0.00654	0.00467	0.00625	0.00748	0.00783	0.00438	0.00509	0.00754	0.01022	0.01361	0.02908	0.77370	0.03474	0.01647	0.00677	0.00216	0.00316	0.05108	0.00491	0.00432
54	0.00985	0.00493	0.00493	0.00493	0.00616	0.00493	0.00370	0.01232	0.01109	0.01971	0.01725	0.01971	0.01355	0.00616	0.00370	0.00123	0.00246	0.00493	0.84356	0.00493
55	0.00644	0.00460	0.00613	0.00736	0.00767	0.00429	0.00491	0.00736	0.01012	0.01350	0.02914	0.81076	0.03497	0.01656	0.00675	0.00215	0.00307	0.01503	0.00491	0.00429
56	0.01023	0.05654	0.01655	0.75527	0.03508	0.01228	0.01435	0.01364	0.01058	0.01344	0.00928	0.01377	0.00703	0.00524	0.00517	0.00172	0.00697	0.00459	0.00234	0.00593
57	0.00742	0.00540	0.00697	0.00658	0.00786	0.00496	0.00494	0.00985	0.01481	0.02083	0.73962	0.04010	0.08894	0.01095	0.00624	0.00167	0.00250	0.00965	0.00577	0.00496
58	0.85155	0.01022	0.00777	0.00695	0.01022	0.01186	0.00573	0.01554	0.00900	0.02372	0.00736	0.00859	0.00573	0.00491	0.00327	0.00164	0.00409	0.00286	0.00327	0.00573
59	0.00748	0.00540	0.00707	0.00665	0.00790	0.00499	0.00499	0.00998	0.01496	0.02120	0.77844	0.03949	0.04988	0.01081	0.00624	0.00166	0.00249	0.00956	0.00582	0.00499
60	0.01179	0.01158	0.02048	0.34905	0.02782	0.01307	0.25442	0.06660	0.03391	0.01627	0.01025	0.01401	0.00790	0.00570	0.00717	0.00182	0.11414	0.00523	0.02228	0.00653
61	0.01308	0.01256	0.02146	0.03245	0.78123	0.01256	0.01622	0.01622	0.01204	0.01727	0.00994	0.01308	0.00837	0.00471	0.00523	0.00157	0.00628	0.00471	0.00262	0.00837
62	0.02372	0.00900	0.01227	0.00941	0.01350	0.00777	0.00777	0.02576	0.01513	0.78489	0.02086	0.01799	0.01309	0.00654	0.00532	0.00164	0.00450	0.00532	0.00654	0.00900
63	0.01006	0.00950	0.01587	0.76372	0.03533	0.01196	0.01453	0.01347	0.01045	0.01347	0.00928	0.01397	0.00704	0.00548	0.00586	0.00179	0.04530	0.00469	0.00235	0.00587
64	0.01330	0.01347	0.08244	0.23308	0.29319	0.01312	0.08102	0.15493	0.02966	0.01927	0.01058	0.01337	0.00812	0.00522	0.00533	0.00166	0.00672	0.00481	0.00307	0.00766
65	0.00682	0.00542	0.00610	0.00604	0.00752	0.00480	0.00446	0.00873	0.02693	0.01652	0.28528	0.10518	0.45388	0.03040	0.00672	0.00185	0.00273	0.01077	0.00518	0.00467
66	0.02351	0.00934	0.01248	0.00957	0.01366	0.00827	0.00790	0.06881	0.01570	0.74105	0.02038	0.01768	0.01285	0.00653	0.00531	0.00163	0.00458	0.00528	0.00647	0.00900
67	0.59995	0.01061	0.01088	0.09618	0.11658	0.01205	0.00831	0.04573	0.01033	0.03616	0.00839	0.01012	0.00649	0.00501	0.00387	0.00164	0.00478	0.00343	0.00323	0.00629
68	0.06352	0.01199	0.02650	0.03574	0.09898	0.03674	0.02266	0.31843	0.04613	0.08303	0.08393	0.04338	0.02855	0.00703	0.00527	0.00163	0.00519	0.02010	0.05364	0.00756
69	0.00877	0.00653	0.00809	0.00757	0.00768	0.00747	0.00510	0.02427	0.00809	0.01118	0.01423	0.02836	0.01594	0.57991	0.04183	0.05366	0.15769	0.00682	0.00302	0.00380
70	0.13274	0.01774	0.01504	0.16067	0.01978	0.36894	0.04886	0.12540	0.01462	0.03535	0.00936	0.01115	0.00722	0.00545	0.00482	0.00153	0.00763	0.00396	0.00318	0.00655
71	0.00666	0.00486	0.00663	0.00817	0.03269	0.00456	0.00527	0.00765	0.01018	0.01362	0.02852	0.78496	0.03411	0.01618	0.00670	0.00213	0.00317	0.01470	0.00483	0.00443
72	0.01116	0.00952	0.01107	0.00793	0.01261	0.00725	0.00635	0.02995	0.01127	0.01758	0.00947	0.01100	0.00786	0.00397	0.00395	0.00080	0.00396	0.00317	0.00318	0.82795
73	0.00660	0.00533	0.00581	0.00609	0.00753	0.00465	0.00456	0.00792	0.01157	0.01412	0.04572	0.14285	0.56487	0.06062	0.00763	0.00209	0.00310	0.08972	0.00481	0.00441
74	0.00709	0.00539	0.00653	0.00624	0.00766	0.00482	0.00468	0.00922	0.01405	0.01902	0.54984	0.04308	0.27985	0.01162	0.00624	0.00170	0.00255	0.01006	0.00553	0.00482
75	0.76890	0.01090	0.00856	0.00750	0.01084	0.02851	0.00616	0.07441	0.01037	0.02425	0.00780	0.00893	0.00600	0.00503	0.00346	0.00163	0.00434	0.00302	0.00342	0.00599
76	0.00728	0.00540	0.00678	0.00644	0.00777	0.00490	0.00483	0.00958	0.01448	0.02005	0.65793	0.04138	0.17111	0.01124	0.00624	0.00168	0.00252	0.00983	0.00567	0.00490
77	0.01157	0.01157	0.01619	0.01388	0.01388	0.01619	0.01157	0.01272	0.00810	0.01272	0.00694	0.01157	0.00694	0.00925	0.01735	0.00231	0.80453	0.00463	0.00231	0.00578
78	0.01157	0.01157	0.01619	0.01388	0.01388	0.01619	0.01157	0.01272	0.00810	0.01272	0.00694	0.01157	0.00694	0.00925	0.01735	0.00231	0.80453	0.00463	0.00231	0.00578
79	0.00852	0.00608	0.00852	0.00974	0.01095	0.00608	0.00852	0.01095	0.01217	0.01582	0.02799	0.05963	0.03042	0.01460	0.00730	0.00243	0.00487	0.74565	0.00487	0.00487
80	0.01060	0.02735	0.78682	0.01507	0.02288	0.01228	0.01953	0.01674	0.01116	0.01674	0.00949	0.01116	0.00670	0.00502	0.00502	0.00167	0.00781	0.00391	0.00223	0.00781
81	0.02372	0.00900	0.01227	0.00941	0.01350	0.00777	0.00777	0.02576	0.01513	0.78489	0.02086	0.01799	0.01309	0.00654	0.00532	0.00164	0.00450	0.00532	0.00654	0.00900
82	0.01157	0.01157	0.01619	0.01388	0.01388	0.01619	0.01157	0.01272	0.00810	0.01272	0.00694	0.01157	0.00694	0.00925	0.01735	0.00231	0.80453	0.00463	0.00231	0.00578
83	0.02248	0.00927	0.01223	0.00956	0.01352	0.00840	0.00784	0.02604	0.10372	0.69558	0.02093	0.01820	0.01344	0.00662	0.00532	0.00165	0.00446	0.00539	0.00641	0.00892
84	0.00643	0.00463	0.00611	0.00730	0.00765	0.00430	0.00488	0.00737	0.01018	0.01352	0.02994	0.78583	0.05937	0.01646	0.00673	0.00214	0.00305	0.01490	0.00491	0.00430
85	0.00743	0.00540	0.00699	0.00660	0.00787	0.00497	0.00495	0.00987	0.01484	0.02090	0.74750	0.03998	0.08101	0.01092	0.00624	0.00167	0.00250	0.00963	0.00578	0.00497
86	0.02209	0.00952	0.01238	0.00958	0.01349	0.00873	0.00788	0.12344	0.01642	0.63066	0.07294	0.01879	0.01512	0.00682	0.00538	0.00163	0.00453	0.00554	0.00632	0.00871
87	0.00998	0.00940	0.01586	0.80150	0.03641	0.01175	0.01468	0.01351	0.01057	0.01351	0.00940	0.01409	0.00705	0.00529	0.00529	0.00176	0.00705	0.00470	0.00235	0.00587
88	0.00645	0.00465	0.00612	0.00726	0.00765	0.00431	0.00487	0.00742	0.01030	0.01368	0.04473	0.76334	0.06702	0.01632	0.00672	0.00212	0.00304	0.01476	0.00493	0.00431
89	0.00855	0.00686	0.00765	0.00719	0.00883	0.02362	0.00540	0.01287	0.14728	0.01926	0.43272	0.03712	0.19084	0.04479	0.00689	0.00184	0.00310	0.00896	0.02080	0.00542
90	0.01274	0.07724	0.50707	0.01470	0.02077	0.16319	0.05517	0.01731	0.01177	0.01552	0.00902	0.01086	0.00681	0.00527	0.00561	0.00162	0.05182	0.00390	0.00236	0.00727
91	0.01226	0.01121	0.01984	0.33500	0.29557	0.01203	0.12880	0.01564	0.01163	0.06039	0.01075	0.01479	0.00845	0.00528	0.00569	0.00171	0.02235	0.01872	0.00278	0.00711
92	0.07166	0.38262	0.33686	0.01168	0.01734	0.06955	0.01320	0.01654	0.01108	0.01503	0.00828	0.00966	0.00668	0.00482	0.00415	0.00140	0.00670	0.00331	0.00235	0.00709
93	0.00650	0.00470	0.00615	0.00719	0.00765	0.00435	0.00486	0.00756	0.01057	0.01408	0.08316	0.71229	0.07943	0.01597	0.00668	0.00209	0.00300	0.01442	0.00497	0.00435
94	0.01303	0.10916	0.09476	0.03231	0.02368	0.01461	0.47214	0.07874	0.01281	0.01736	0.01004	0.01296	0.00774	0.00507	0.00659	0.00172	0.07199	0.00535	0.00277	0.00718
95	0.00768	0.00514	0.00583	0.00583	0.00586	0.00516	0.00329	0.00773	0.00771	0.01030	0.01660	0.03426	0.01907	0.79537	0.04554	0.00521	0.00534	0.00764	0.00319	0.00324
96	0.01096	0.00940	0.01096	0.00783	0.01253	0.00705	0.00626	0.01331	0.01096	0.01723	0.00940	0.01096	0.00783	0.00392	0.00392	0.00078	0.00392	0.00313	0.00313	0.84653
97	0.00769	0.00513	0.00577	0.00577	0.00577	0.00513	0.00320	0.00769	0.00769	0.01025	0.01666	0.03460	0.01922	0.81421	0.02691	0.00513	0.00513	0.00769	0.00320	0.00320
98	0.00746	0.00535	0.00727	0.00835	0.00916	0.00516	0.00653	0.00919	0.01145	0.01515	0.08606	0.39752	0.04784	0.01518	0.00695	0.00223	0.00383	0.34574	0.00496	0.00461
99	0.03721	0.00854	0.01139	0.00898	0.01260	0.00758	0.00733	0.02325	0.03520	0.63477	0.13453	0.02109	0.01856	0.00717	0.00542	0.00164	0.00418	0.00592	0.00634	0.00831
100	0.00644	0.00460	0.00613	0.00736	0.00767	0.00429	0.00491	0.00736	0.01012	0.01350	0.02914	0.81076	0.03497	0.01656	0.00675	0.00215	0.00307	0.01503	0.00491	0.00429
101	0.00644	0.00460	0.00613	0.00736	0.00767	0.00429	0.00491	0.00736	0.01012	0.01350	0.02914	0.81076	0.03497	0.01656	0.00675	0.00215	0.00307	0.01503	0.00491	0.00429
102	0.00654	0.00537	0.00576	0.00566	0.00732	0.00459	0.00424	0.00815	0.01273	0.01590	0.22366	0.04820	0.60797	0.01278	0.00625	0.00176	0.00263	0.01078	0.00512	0.00459

[dist]
# distance from previous block
# <min> <max>
0	45

[block]
# block no. 2 follows, 46 sequences, length 94
# corresponding to MSA columns:
# 346-416,419-441
name=unknown_C
#
# <colnr> <probs for GDERKNQSTAVLIFYWHMCP>
#	G	D	E	R	K	N	Q	S	T	A	V	L	I	F	Y	W	H	M	C	P
0	0.01977	0.01459	0.01562	0.01201	0.01618	0.01612	0.00991	0.74602	0.02456	0.03287	0.01364	0.01358	0.02691	0.00651	0.00531	0.00159	0.00574	0.00491	0.00528	0.00889
1	0.85155	0.01022	0.00777	0.00695	0.01022	0.01186	0.00573	0.01554	0.00900	0.02372	0.00736	0.00859	0.00573	0.00491	0.00327	0.00164	0.00409	0.00286	0.00327	0.00573
2	0.85155	0.01022	0.00777	0.00695	0.01022	0.01186	0.00573	0.01554	0.00900	0.02372	0.00736	0.00859	0.00573	0.00491	0.00327	0.00164	0.00409	0.00286	0.00327	0.00573
3	0.01157	0.01157	0.01619	0.01388	0.01388	0.01619	0.01157	0.01272	0.00810	0.01272	0.00694	0.01157	0.00694	0.00925	0.01735	0.00231	0.80453	0.00463	0.00231	0.00578
4	0.01975	0.02520	0.01498	0.01362	0.01634	0.79299	0.01021	0.02111	0.01498	0.01294	0.00817	0.00953	0.00681	0.00545	0.00477	0.00136	0.00953	0.00340	0.00272	0.00613
5	0.00646	0.00466	0.00612	0.00725	0.00765	0.00432	0.00487	0.00744	0.01035	0.01375	0.05101	0.75369	0.07037	0.01625	0.00671	0.00212	0.00303	0.01470	0.00493	0.00432
6	0.00642	0.00467	0.00606	0.00717	0.00762	0.00431	0.00482	0.00738	0.01031	0.01357	0.03147	0.73822	0.10600	0.01626	0.00670	0.00211	0.00303	0.01466	0.00491	0.00431
7	0.00675	0.00530	0.00610	0.00606	0.00749	0.00465	0.00449	0.00850	0.01300	0.01691	0.33475	0.12285	0.41890	0.01270	0.00629	0.00177	0.00265	0.01092	0.00527	0.00465
8	0.00647	0.00467	0.00613	0.00722	0.00765	0.00433	0.00486	0.00748	0.01043	0.01386	0.06195	0.73775	0.07533	0.01615	0.00670	0.00211	0.00302	0.01459	0.00495	0.00433
9	0.02372	0.00900	0.01227	0.00941	0.01350	0.00777	0.00777	0.02576	0.01513	0.78489	0.02086	0.01799	0.01309	0.00654	0.00532	0.00164	0.00450	0.00532	0.00654	0.00900
10	0.01090	0.01078	0.01804	0.39928	0.06748	0.01324	0.10960	0.01373	0.01011	0.01390	0.00920	0.02850	0.00774	0.00660	0.00920	0.00193	0.25613	0.00507	0.00244	0.00611
11	0.09249	0.50456	0.08450	0.01165	0.07274	0.06990	0.01028	0.07254	0.01206	0.01580	0.00818	0.00944	0.00697	0.00481	0.00389	0.00130	0.00600	0.00324	0.00264	0.00701
12	0.00659	0.00474	0.00625	0.00721	0.00769	0.00440	0.00490	0.00774	0.01087	0.01462	0.13734	0.67995	0.05679	0.01565	0.00666	0.00207	0.00297	0.01414	0.00504	0.00440
13	0.85155	0.01022	0.00777	0.00695	0.01022	0.01186	0.00573	0.01554	0.00900	0.02372	0.00736	0.00859	0.00573	0.00491	0.00327	0.00164	0.00409	0.00286	0.00327	0.00573
14	0.01254	0.14870	0.04707	0.01688	0.02033	0.03090	0.34961	0.01542	0.01074	0.01469	0.00880	0.01221	0.00739	0.00610	0.00940	0.00184	0.27326	0.00501	0.00247	0.00662
15	0.00755	0.00566	0.00850	0.00850	0.00944	0.00661	0.00661	0.00944	0.00850	0.01227	0.01416	0.02077	0.01322	0.03965	0.79326	0.00850	0.01416	0.00566	0.00283	0.00472
16	0.00813	0.00658	0.00738	0.00707	0.00882	0.00645	0.00532	0.01269	0.17194	0.01827	0.29653	0.09218	0.31585	0.01141	0.00610	0.00177	0.00296	0.00978	0.00532	0.00545
17	0.01238	0.01496	0.07155	0.02190	0.02738	0.01331	0.72238	0.01692	0.01241	0.01692	0.01063	0.01409	0.00795	0.00449	0.00617	0.00178	0.00885	0.00611	0.00265	0.00717
18	0.00644	0.00460	0.00613	0.00736	0.00767	0.00429	0.00491	0.00736	0.01012	0.01350	0.02914	0.81076	0.03497	0.01656	0.00675	0.00215	0.00307	0.01503	0.00491	0.00429
19	0.85155	0.01022	0.00777	0.00695	0.01022	0.01186	0.00573	0.01554	0.00900	0.02372	0.00736	0.00859	0.00573	0.00491	0.00327	0.00164	0.00409	0.00286	0.00327	0.00573
20	0.01315	0.01136	0.01195	0.01076	0.01375	0.01315	0.00837	0.02809	0.77168	0.02211	0.02152	0.01972	0.01614	0.00717	0.00538	0.00179	0.00418	0.00598	0.00538	0.00837
21	0.01347	0.01152	0.01213	0.01082	0.01387	0.01330	0.00845	0.06205	0.73720	0.02263	0.02111	0.01940	0.01581	0.00713	0.00538	0.00178	0.00426	0.00592	0.00538	0.00840
22	0.00647	0.00531	0.00570	0.00571	0.00730	0.00454	0.00424	0.00797	0.01240	0.01538	0.17282	0.10299	0.60448	0.01318	0.00628	0.00179	0.00267	0.01117	0.00506	0.00454
23	0.01413	0.81739	0.02770	0.00905	0.01357	0.02092	0.00905	0.01583	0.01074	0.01244	0.00735	0.00848	0.00678	0.00452	0.00339	0.00113	0.00565	0.00283	0.00226	0.00678
24	0.01413	0.81739	0.02770	0.00905	0.01357	0.02092	0.00905	0.01583	0.01074	0.01244	0.00735	0.00848	0.00678	0.00452	0.00339	0.00113	0.00565	0.00283	0.00226	0.00678
25	0.02372	0.00900	0.01227	0.00941	0.01350	0.00777	0.00777	0.02576	0.01513	0.78489	0.02086	0.01799	0.01309	0.00654	0.00532	0.00164	0.00450	0.00532	0.00654	0.00900
26	0.00631	0.00536	0.00545	0.00542	0.00718	0.00449	0.00407	0.00771	0.01221	0.01465	0.09227	0.05027	0.74014	0.01325	0.00625	0.00178	0.00267	0.01107	0.00496	0.00449
27	0.85155	0.01022	0.00777	0.00695	0.01022	0.01186	0.00573	0.01554	0.00900	0.02372	0.00736	0.00859	0.00573	0.00491	0.00327	0.00164	0.00409	0.00286	0.00327	0.00573
28	0.01060	0.02735	0.78682	0.01507	0.02288	0.01228	0.01953	0.01674	0.01116	0.01674	0.00949	0.01116	0.00670	0.00502	0.00502	0.00167	0.00781	0.00391	0.00223	0.00781
29	0.02372	0.00900	0.01227	0.00941	0.01350	0.00777	0.00777	0.02576	0.01513	0.78489	0.02086	0.01799	0.01309	0.00654	0.00532	0.00164	0.00450	0.00532	0.00654	0.00900
30	0.00757	0.00558	0.00805	0.00805	0.00884	0.00637	0.00605	0.00915	0.00836	0.01194	0.01457	0.02302	0.01419	0.16583	0.66842	0.00795	0.01269	0.00599	0.00289	0.00447
31	0.01413	0.81739	0.02770	0.00905	0.01357	0.02092	0.00905	0.01583	0.01074	0.01244	0.00735	0.00848	0.00678	0.00452	0.00339	0.00113	0.00565	0.00283	0.00226	0.00678
32	0.01308	0.01256	0.02146	0.03245	0.78123	0.01256	0.01622	0.01622	0.01204	0.01727	0.00994	0.01308	0.00837	0.00471	0.00523	0.00157	0.00628	0.00471	0.00262	0.00837
33	0.01417	0.01179	0.01246	0.01085	0.01403	0.01348	0.00854	0.15617	0.62004	0.02386	0.02086	0.01936	0.03599	0.00720	0.00539	0.00176	0.00443	0.00591	0.00535	0.00837
34	0.02372	0.00900	0.01227	0.00941	0.01350	0.00777	0.00777	0.02576	0.01513	0.78489	0.02086	0.01799	0.01309	0.00654	0.00532	0.00164	0.00450	0.00532	0.00654	0.00900
35	0.01175	0.01120	0.01905	0.36308	0.46102	0.01221	0.01556	0.01506	0.01141	0.01565	0.00971	0.01352	0.00780	0.00496	0.00526	0.00165	0.00661	0.00471	0.00250	0.00730
36	0.00879	0.00459	0.00678	0.00695	0.00700	0.00455	0.00464	0.00695	0.00735	0.00980	0.01203	0.12942	0.01286	0.01811	0.01868	0.72580	0.00437	0.00608	0.00267	0.00258
37	0.00644	0.00460	0.00613	0.00736	0.00767	0.00429	0.00491	0.00736	0.01012	0.01350	0.02914	0.81076	0.03497	0.01656	0.00675	0.00215	0.00307	0.01503	0.00491	0.00429
38	0.85155	0.01022	0.00777	0.00695	0.01022	0.01186	0.00573	0.01554	0.00900	0.02372	0.00736	0.00859	0.00573	0.00491	0.00327	0.00164	0.00409	0.00286	0.00327	0.00573
39	0.00644	0.00460	0.00613	0.00736	0.00767	0.00429	0.00491	0.00736	0.01012	0.01350	0.02914	0.81076	0.03497	0.01656	0.00675	0.00215	0.00307	0.01503	0.00491	0.00429
40	0.01428	0.79754	0.02741	0.00912	0.01364	0.02081	0.00907	0.03432	0.01109	0.01295	0.00748	0.00858	0.00684	0.00457	0.00344	0.00114	0.00566	0.00287	0.00234	0.00684
41	0.00747	0.00543	0.00726	0.00836	0.00927	0.00522	0.00664	0.00920	0.01135	0.01475	0.03104	0.35417	0.10840	0.01525	0.00698	0.00226	0.00394	0.38354	0.00489	0.00460
42	0.01115	0.00998	0.01599	0.61248	0.06740	0.01198	0.03522	0.08187	0.01197	0.01590	0.01013	0.01417	0.00766	0.00546	0.00547	0.00172	0.02288	0.00476	0.04756	0.00626
43	0.01168	0.01138	0.01815	0.44844	0.34542	0.04494	0.01514	0.01496	0.01137	0.01505	0.00957	0.01348	0.00759	0.00505	0.00524	0.00167	0.00683	0.00465	0.00248	0.00692
44	0.37755	0.01284	0.01239	0.00992	0.01374	0.01444	0.00819	0.44200	0.01804	0.02919	0.01040	0.01093	0.00759	0.00573	0.00442	0.00161	0.00507	0.00394	0.00442	0.00759
45	0.85155	0.01022	0.00777	0.00695	0.01022	0.01186	0.00573	0.01554	0.00900	0.02372	0.00736	0.00859	0.00573	0.00491	0.00327	0.00164	0.00409	0.00286	0.00327	0.00573
46	0.85155	0.01022	0.00777	0.00695	0.01022	0.01186	0.00573	0.01554	0.00900	0.02372	0.00736	0.00859	0.00573	0.00491	0.00327	0.00164	0.00409	0.00286	0.00327	0.00573
47	0.01145	0.00941	0.01102	0.00797	0.01255	0.00724	0.00637	0.03209	0.01140	0.03914	0.01023	0.02860	0.00860	0.00432	0.00405	0.00086	0.00396	0.00349	0.00332	0.78394
48	0.02372	0.00900	0.01227	0.00941	0.01350	0.00777	0.00777	0.02576	0.01513	0.78489	0.02086	0.01799	0.01309	0.00654	0.00532	0.00164	0.00450	0.00532	0.00654	0.00900
49	0.00664	0.00500	0.00615	0.00665	0.00758	0.00451	0.00469	0.00806	0.01182	0.01559	0.21900	0.41941	0.23704	0.01431	0.00649	0.00193	0.00282	0.01266	0.00513	0.00451
50	0.01060	0.02735	0.78682	0.01507	0.02288	0.01228	0.01953	0.01674	0.01116	0.01674	0.00949	0.01116	0.00670	0.00502	0.00502	0.00167	0.00781	0.00391	0.00223	0.00781
51	0.01114	0.02367	0.57810	0.01745	0.05316	0.01255	0.19559	0.01677	0.01151	0.01681	0.00979	0.01197	0.00708	0.00488	0.00532	0.00170	0.00801	0.00449	0.00235	0.00767
52	0.00644	0.00462	0.00612	0.00731	0.00766	0.00430	0.00489	0.00737	0.01017	0.01351	0.02972	0.79277	0.05258	0.01649	0.00674	0.00214	0.00306	0.01494	0.00491	0.00430
53	0.02372	0.00900	0.01227	0.00941	0.01350	0.00777	0.00777	0.02576	0.01513	0.78489	0.02086	0.01799	0.01309	0.00654	0.00532	0.00164	0.00450	0.00532	0.00654	0.00900
54	0.00856	0.00759	0.01263	0.30463	0.03593	0.00832	0.08095	0.01084	0.01051	0.01389	0.01924	0.40771	0.02096	0.01084	0.00632	0.00196	0.02026	0.00995	0.00365	0.00526
55	0.01081	0.07713	0.71681	0.03681	0.02267	0.01281	0.01873	0.01659	0.01112	0.01638	0.00935	0.01107	0.00671	0.00500	0.00493	0.00164	0.00765	0.00386	0.00224	0.00769
56	0.85155	0.01022	0.00777	0.00695	0.01022	0.01186	0.00573	0.01554	0.00900	0.02372	0.00736	0.00859	0.00573	0.00491	0.00327	0.00164	0.00409	0.00286	0.00327	0.00573
57	0.01476	0.72888	0.02628	0.00956	0.01388	0.10718	0.00918	0.01642	0.01122	0.01249	0.00744	0.00860	0.00679	0.00463	0.00355	0.00116	0.00609	0.00289	0.00231	0.00671
58	0.02062	0.00951	0.01268	0.00956	0.01382	0.00820	0.02753	0.05986	0.01469	0.56927	0.01782	0.01619	0.01167	0.00594	0.00505	0.00146	0.00456	0.00486	0.00568	0.18104
59	0.03208	0.11193	0.14948	0.03214	0.24707	0.19522	0.05291	0.01686	0.01222	0.01548	0.03069	0.01240	0.00878	0.00664	0.03827	0.00181	0.02203	0.00426	0.00264	0.00711
60	0.02116	0.01311	0.01481	0.01136	0.01555	0.01387	0.00938	0.54794	0.02201	0.25300	0.01508	0.01424	0.01019	0.00640	0.00530	0.00160	0.00543	0.00492	0.00566	0.00899
61	0.00706	0.00533	0.00629	0.00611	0.00736	0.00481	0.00442	0.00879	0.01291	0.01723	0.41252	0.06186	0.29773	0.11391	0.00888	0.00216	0.00291	0.01001	0.00515	0.00456
62	0.01373	0.01398	0.03449	0.08343	0.57693	0.10097	0.01506	0.04618	0.01276	0.01710	0.01026	0.01388	0.00865	0.00516	0.00523	0.00158	0.00668	0.02328	0.00277	0.00787
63	0.00765	0.00511	0.00578	0.00581	0.00582	0.00510	0.00325	0.00768	0.00776	0.01034	0.01700	0.05606	0.01966	0.79215	0.02635	0.00504	0.00507	0.00789	0.00325	0.00323
64	0.01728	0.01469	0.01659	0.07766	0.17305	0.09296	0.01154	0.41850	0.08156	0.02555	0.01215	0.01314	0.00908	0.00591	0.00523	0.00159	0.00625	0.00471	0.00427	0.00828
65	0.00810	0.00641	0.00742	0.00699	0.00868	0.00624	0.00529	0.01240	0.14354	0.01940	0.44391	0.03933	0.25044	0.01092	0.00609	0.00172	0.00283	0.00940	0.00549	0.00542
66	0.01096	0.00940	0.01096	0.00783	0.01253	0.00705	0.00626	0.01331	0.01096	0.01723	0.00940	0.01096	0.00783	0.00392	0.00392	0.00078	0.00392	0.00313	0.00313	0.84653
67	0.00852	0.00608	0.00852	0.00974	0.01095	0.00608	0.00852	0.01095	0.01217	0.01582	0.02799	0.05963	0.03042	0.01460	0.00730	0.00243	0.00487	0.74565	0.00487	0.00487
68	0.01192	0.01148	0.01984	0.31410	0.47396	0.01230	0.04936	0.01526	0.01152	0.01588	0.00978	0.01351	0.00787	0.00491	0.00530	0.00165	0.00668	0.00477	0.00252	0.00740
69	0.01293	0.01419	0.02739	0.02005	0.02455	0.04799	0.58992	0.05632	0.01269	0.01706	0.01048	0.01397	0.00812	0.00641	0.03771	0.00206	0.08254	0.00586	0.00279	0.00697
70	0.01122	0.01107	0.01566	0.05068	0.01465	0.01534	0.01138	0.01254	0.00824	0.01273	0.00754	0.01230	0.00736	0.01109	0.06858	0.00270	0.71414	0.00470	0.00235	0.00572
71	0.01306	0.01264	0.02192	0.03197	0.74568	0.01260	0.05141	0.01626	0.01206	0.01726	0.00998	0.01314	0.00836	0.00470	0.00528	0.00158	0.00640	0.00478	0.00262	0.00832
72	0.01440	0.78002	0.02710	0.00926	0.01370	0.05734	0.00910	0.01608	0.01094	0.01246	0.00739	0.00853	0.00679	0.00457	0.00346	0.00114	0.00584	0.00285	0.00228	0.00675
73	0.00985	0.00493	0.00493	0.00493	0.00616	0.00493	0.00370	0.01232	0.01109	0.01971	0.01725	0.01971	0.01355	0.00616	0.00370	0.00123	0.00246	0.00493	0.84356	0.00493
74	0.01975	0.02520	0.01498	0.01362	0.01634	0.79299	0.01021	0.02111	0.01498	0.01294	0.00817	0.00953	0.00681	0.00545	0.00477	0.00136	0.00953	0.00340	0.00272	0.00613
75	0.00769	0.00513	0.00577	0.00577	0.00577	0.00513	0.00320	0.00769	0.00769	0.01025	0.01666	0.03460	0.01922	0.81421	0.02691	0.00513	0.00513	0.00769	0.00320	0.00320
76	0.02010	0.01481	0.01587	0.01216	0.01639	0.01639	0.01005	0.76360	0.02486	0.03332	0.01269	0.01269	0.00899	0.00635	0.00529	0.00159	0.00582	0.00476	0.00529	0.00899
77	0.00756	0.00565	0.00842	0.00842	0.00934	0.00657	0.00651	0.00939	0.00847	0.01222	0.01423	0.02115	0.01338	0.06126	0.77188	0.00840	0.01391	0.00572	0.00284	0.00468
78	0.02372	0.00900	0.01227	0.00941	0.01350	0.00777	0.00777	0.02576	0.01513	0.78489	0.02086	0.01799	0.01309	0.00654	0.00532	0.00164	0.00450	0.00532	0.00654	0.00900
79	0.85155	0.01022	0.00777	0.00695	0.01022	0.01186	0.00573	0.01554	0.00900	0.02372	0.00736	0.00859	0.00573	0.00491	0.00327	0.00164	0.00409	0.00286	0.00327	0.00573
80	0.00644	0.00460	0.00613	0.00736	0.00767	0.00429	0.00491	0.00736	0.01012	0.01350	0.02914	0.81076	0.03497	0.01656	0.00675	0.00215	0.00307	0.01503	0.00491	0.00429
81	0.01308	0.01256	0.02146	0.03245	0.78123	0.01256	0.01622	0.01622	0.01204	0.01727	0.00994	0.01308	0.00837	0.00471	0.00523	0.00157	0.00628	0.00471	0.00262	0.00837
82	0.01346	0.01201	0.01210	0.01089	0.01387	0.04994	0.00845	0.02776	0.73598	0.02168	0.02089	0.01924	0.01570	0.00709	0.00535	0.00177	0.00444	0.00586	0.00525	0.00826
83	0.01243	0.01412	0.03061	0.02187	0.02719	0.01319	0.74026	0.01683	0.01243	0.01694	0.01066	0.01417	0.00802	0.00444	0.00617	0.00175	0.00877	0.00615	0.00269	0.03132
84	0.00769	0.00563	0.00725	0.00684	0.00814	0.00531	0.00513	0.01066	0.04665	0.02102	0.72554	0.06036	0.04804	0.01082	0.00621	0.00168	0.00258	0.00956	0.00578	0.00511
85	0.01043	0.00985	0.01666	0.69147	0.14298	0.01186	0.01490	0.01390	0.01078	0.01405	0.00947	0.01395	0.00724	0.00520	0.00528	0.00173	0.00694	0.00470	0.00239	0.00623
86	0.00689	0.00508	0.00697	0.00858	0.04046	0.00480	0.00567	0.00804	0.01041	0.01387	0.02871	0.69867	0.04785	0.01584	0.00672	0.00214	0.00335	0.07663	0.00481	0.00452
87	0.02315	0.00912	0.01225	0.00948	0.01351	0.00806	0.00780	0.02589	0.05554	0.74416	0.02089	0.01809	0.01325	0.00658	0.00532	0.00164	0.00448	0.00535	0.00648	0.00896
88	0.00625	0.00536	0.00536	0.00536	0.00714	0.00446	0.00402	0.00759	0.01205	0.01428	0.05355	0.05088	0.77909	0.01339	0.00625	0.00179	0.00268	0.01116	0.00491	0.00446
89	0.01216	0.02517	0.69505	0.01440	0.02177	0.01174	0.01814	0.01781	0.01163	0.10775	0.01083	0.01197	0.00745	0.00520	0.00506	0.00167	0.00742	0.00407	0.00274	0.00795
90	0.02046	0.01365	0.01544	0.01251	0.04802	0.01466	0.00989	0.59718	0.02254	0.17015	0.01407	0.01368	0.00971	0.00631	0.00529	0.00159	0.00560	0.00486	0.00541	0.00897
91	0.01141	0.01068	0.01797	0.28614	0.44393	0.01145	0.01463	0.01452	0.01145	0.01572	0.01190	0.05890	0.01072	0.00615	0.00546	0.00172	0.00628	0.05108	0.00279	0.00711
92	0.01687	0.05867	0.07950	0.08111	0.12436	0.46930	0.01214	0.05407	0.01404	0.01483	0.00878	0.01067	0.00714	0.00537	0.00509	0.00147	0.02335	0.00379	0.00273	0.00672
93	0.00638	0.00525	0.00562	0.00576	0.00728	0.00448	0.00423	0.00776	0.01202	0.01476	0.11224	0.16088	0.60778	0.01363	0.00632	0.00183	0.00272	0.01159	0.00499	0.00448

[dist]
# distance from previous block
# <min> <max>
2	6

[block]
# block no. 3 follows, 46 sequences, length 23
# corresponding to MSA columns:
# 448-470
name=unknown_D
#
# <colnr> <probs for GDERKNQSTAVLIFYWHMCP>
#	G	D	E	R	K	N	Q	S	T	A	V	L	I	F	Y	W	H	M	C	P
0	0.06647	0.11441	0.26051	0.03725	0.18888	0.07617	0.05293	0.01744	0.04118	0.05286	0.01007	0.01188	0.00778	0.00521	0.00529	0.00159	0.03567	0.00416	0.00278	0.00747
1	0.00897	0.00823	0.00737	0.00702	0.00875	0.10827	0.00530	0.01108	0.03624	0.01633	0.19580	0.03809	0.40561	0.01079	0.00600	0.00166	0.02070	0.00887	0.08993	0.00499
2	0.01190	0.00986	0.01137	0.00830	0.01278	0.00808	0.00666	0.10385	0.01283	0.01936	0.04614	0.01252	0.00996	0.00453	0.00419	0.00092	0.00408	0.00363	0.00352	0.70551
3	0.00647	0.00515	0.00573	0.00602	0.00728	0.00449	0.00430	0.00774	0.01159	0.01448	0.10724	0.25037	0.48520	0.05053	0.00732	0.00202	0.00288	0.01189	0.00491	0.00441
