[name]
unknown

[dist]
# distance from previous block
# <min> <max>
14	137

[block]
# block no. 0 follows, 43 sequences, length 16
# corresponding to MSA columns:
# 209-224
name=unknown_A
#
# <colnr> <probs for GDERKNQSTAVLIFYWHMCP>
#	G	D	E	R	K	N	Q	S	T	A	V	L	I	F	Y	W	H	M	C	P
0	0.04678	0.01357	0.01811	0.07462	0.03231	0.06438	0.16765	0.23736	0.01651	0.04489	0.03521	0.01536	0.02498	0.02339	0.00627	0.00168	0.02659	0.00523	0.00397	0.14111
1	0.01568	0.01463	0.01604	0.08078	0.03623	0.16861	0.09688	0.17158	0.11489	0.04951	0.01643	0.07426	0.04927	0.00752	0.00601	0.01999	0.00662	0.00611	0.00418	0.04480
2	0.01241	0.01333	0.02504	0.05244	0.02386	0.03655	0.46729	0.01604	0.01226	0.01685	0.01195	0.07204	0.01027	0.00602	0.00712	0.00177	0.07561	0.00643	0.00300	0.12971
3	0.00810	0.00586	0.00786	0.00904	0.04185	0.00569	0.00606	0.00971	0.02604	0.03780	0.09746	0.53586	0.07599	0.04266	0.00790	0.00226	0.02448	0.04533	0.00505	0.00502
4	0.26889	0.15143	0.01534	0.07044	0.03428	0.01353	0.03664	0.06818	0.01182	0.04215	0.01220	0.07306	0.01127	0.00722	0.00586	0.00175	0.07254	0.05747	0.00354	0.04238
5	0.00935	0.00797	0.00975	0.00943	0.01039	0.06707	0.00724	0.01105	0.00939	0.01299	0.01403	0.02133	0.01335	0.10679	0.56091	0.00719	0.08239	0.00583	0.02853	0.00501
6	0.04414	0.63098	0.02585	0.01033	0.01446	0.11000	0.00969	0.01698	0.01150	0.01352	0.00777	0.00926	0.00708	0.00523	0.00480	0.00132	0.06454	0.00317	0.00247	0.00691
7	0.01291	0.01171	0.01322	0.00990	0.01437	0.06595	0.03981	0.07373	0.01290	0.01878	0.01048	0.03047	0.00887	0.00497	0.00499	0.00107	0.03459	0.00394	0.00342	0.62393
8	0.01811	0.01323	0.01466	0.01177	0.01539	0.01451	0.00952	0.50899	0.07643	0.06456	0.01619	0.11508	0.01352	0.00814	0.00627	0.00176	0.04128	0.00642	0.00533	0.03885
9	0.01309	0.08358	0.47360	0.04789	0.09665	0.01280	0.01674	0.01843	0.03732	0.10004	0.04030	0.01401	0.00999	0.00568	0.00526	0.00170	0.00710	0.00458	0.00313	0.00812
10	0.07572	0.23020	0.48730	0.01312	0.01968	0.01482	0.01579	0.01675	0.01135	0.01677	0.01012	0.04661	0.00831	0.00566	0.00476	0.00162	0.00707	0.00424	0.00256	0.00757
11	0.00734	0.00569	0.00835	0.00863	0.00942	0.00532	0.06203	0.00853	0.01068	0.01415	0.02942	0.62542	0.07790	0.08833	0.00893	0.00248	0.00385	0.01409	0.00480	0.00463
12	0.00759	0.00528	0.00664	0.00708	0.00735	0.00533	0.00455	0.00824	0.00906	0.01224	0.02144	0.29257	0.02467	0.41326	0.14541	0.00490	0.00620	0.01030	0.00390	0.00400
13	0.73023	0.01153	0.03747	0.02867	0.07009	0.01249	0.00760	0.01633	0.00979	0.02381	0.00805	0.00960	0.00628	0.00514	0.00370	0.00171	0.00468	0.00323	0.00331	0.00629
14	0.00765	0.03070	0.00777	0.00762	0.00885	0.00547	0.00539	0.00896	0.01118	0.01512	0.06986	0.57374	0.09157	0.01466	0.00651	0.00197	0.00335	0.01311	0.00487	0.11167
15	0.02926	0.32054	0.29318	0.01199	0.01775	0.01580	0.01318	0.07418	0.01308	0.12284	0.01111	0.01199	0.00834	0.00642	0.02669	0.00173	0.00680	0.00397	0.00326	0.00791

[dist]
# distance from previous block
# <min> <max>
8	16

[block]
# block no. 1 follows, 43 sequences, length 99
# corresponding to MSA columns:
# 241-307,310-341
name=unknown_B
#
# <colnr> <probs for GDERKNQSTAVLIFYWHMCP>
#	G	D	E	R	K	N	Q	S	T	A	V	L	I	F	Y	W	H	M	C	P
0	0.01964	0.07676	0.01565	0.03333	0.11171	0.01157	0.00977	0.13207	0.07185	0.37743	0.03840	0.04865	0.01394	0.00696	0.00548	0.00169	0.00518	0.00575	0.00547	0.00870
1	0.19348	0.01059	0.01236	0.12202	0.01678	0.01082	0.02725	0.11955	0.05077	0.05464	0.01389	0.06505	0.03457	0.00637	0.00484	0.00153	0.00497	0.00511	0.00396	0.24146
2	0.01394	0.01705	0.19994	0.06498	0.42438	0.01364	0.04275	0.12079	0.01423	0.02012	0.01071	0.01327	0.00836	0.00528	0.00548	0.00169	0.00703	0.00480	0.00303	0.00855
3	0.01025	0.00936	0.03804	0.00883	0.01269	0.00704	0.03295	0.01253	0.01136	0.01698	0.01603	0.20765	0.03213	0.00766	0.00502	0.00127	0.00418	0.00669	0.00373	0.55563
4	0.01057	0.00996	0.01682	0.76526	0.06404	0.01233	0.01544	0.01425	0.01113	0.01429	0.00986	0.01473	0.00743	0.00552	0.00554	0.00184	0.00735	0.00492	0.00247	0.00624
5	0.02105	0.01551	0.01662	0.01274	0.01717	0.01717	0.01053	0.75235	0.02604	0.03490	0.01330	0.01330	0.00942	0.00665	0.00554	0.00166	0.00609	0.00499	0.00554	0.00942
6	0.00962	0.00481	0.00722	0.00722	0.00722	0.00481	0.00481	0.00722	0.00722	0.00962	0.00962	0.01684	0.00962	0.01924	0.02165	0.83886	0.00481	0.00481	0.00241	0.00241
7	0.00802	0.00541	0.00625	0.00618	0.00638	0.00535	0.00364	0.00842	0.00923	0.01250	0.13276	0.03703	0.02507	0.68336	0.02486	0.00481	0.00495	0.00836	0.00378	0.00364
8	0.84448	0.01071	0.00814	0.00728	0.01071	0.01242	0.00600	0.01628	0.00943	0.02485	0.00771	0.00900	0.00600	0.00514	0.00343	0.00171	0.00428	0.00300	0.00343	0.00600
9	0.01171	0.00998	0.01161	0.00831	0.01322	0.00762	0.00666	0.03153	0.01183	0.01845	0.00993	0.01153	0.00823	0.00416	0.00414	0.00084	0.00415	0.00332	0.00334	0.81946
10	0.02070	0.02610	0.01572	0.01423	0.01712	0.76222	0.01070	0.04205	0.01598	0.01414	0.00869	0.01008	0.00720	0.00573	0.00501	0.00143	0.00988	0.00361	0.00293	0.00650
11	0.84448	0.01071	0.00814	0.00728	0.01071	0.01242	0.00600	0.01628	0.00943	0.02485	0.00771	0.00900	0.00600	0.00514	0.00343	0.00171	0.00428	0.00300	0.00343	0.00600
12	0.01286	0.01461	0.03182	0.02283	0.02826	0.01369	0.72626	0.01741	0.01299	0.01762	0.01184	0.04073	0.00933	0.00508	0.00655	0.00188	0.00914	0.00684	0.00288	0.00737
13	0.00791	0.00593	0.00890	0.00890	0.00989	0.00692	0.00692	0.00989	0.00890	0.01286	0.01483	0.02176	0.01385	0.04154	0.78341	0.00890	0.01483	0.00593	0.00297	0.00494
14	0.00680	0.00566	0.00617	0.00616	0.00788	0.00504	0.00466	0.00832	0.01215	0.01486	0.07163	0.04809	0.63059	0.01817	0.12591	0.00295	0.00465	0.01075	0.00484	0.00473
15	0.01072	0.01011	0.01708	0.73095	0.09719	0.01237	0.01551	0.01438	0.01120	0.01447	0.00989	0.01468	0.00749	0.00549	0.00553	0.00183	0.00732	0.00492	0.00248	0.00636
16	0.01111	0.02865	0.77667	0.01579	0.02397	0.01286	0.02046	0.01754	0.01169	0.01754	0.00994	0.01169	0.00702	0.00526	0.00526	0.00175	0.00818	0.00409	0.00234	0.00818
17	0.00675	0.00482	0.00643	0.00771	0.00803	0.00450	0.00514	0.00771	0.01060	0.01414	0.03053	0.80175	0.03663	0.01735	0.00707	0.00225	0.00321	0.01574	0.00514	0.00450
18	0.01148	0.00984	0.01148	0.00820	0.01312	0.00738	0.00656	0.01395	0.01148	0.01805	0.00984	0.01148	0.00820	0.00410	0.00410	0.00082	0.00410	0.00328	0.00328	0.83922
19	0.01032	0.00516	0.00516	0.00516	0.00645	0.00516	0.00387	0.01290	0.01161	0.02065	0.01807	0.02065	0.01420	0.00645	0.00387	0.00129	0.00258	0.00516	0.83611	0.00516
20	0.01135	0.00970	0.01134	0.00819	0.01298	0.00730	0.00652	0.01377	0.01146	0.01794	0.01042	0.03366	0.00900	0.00447	0.00418	0.00086	0.00408	0.00363	0.00333	0.81580
21	0.02021	0.01631	0.01607	0.01275	0.01686	0.10106	0.01035	0.59262	0.10561	0.03127	0.01379	0.01374	0.00999	0.00664	0.00549	0.00166	0.00633	0.00497	0.00526	0.00902
22	0.01032	0.00516	0.00516	0.00516	0.00645	0.00516	0.00387	0.01290	0.01161	0.02065	0.01807	0.02065	0.01420	0.00645	0.00387	0.00129	0.00258	0.00516	0.83611	0.00516
23	0.01046	0.00984	0.01661	0.79205	0.03814	0.01230	0.01538	0.01415	0.01107	0.01415	0.00984	0.01477	0.00738	0.00554	0.00554	0.00185	0.00738	0.00492	0.00246	0.00615
24	0.80592	0.01065	0.00836	0.00740	0.01087	0.01222	0.00610	0.01678	0.00973	0.06012	0.00838	0.00946	0.00636	0.00522	0.00353	0.00171	0.00430	0.00312	0.00359	0.00616
25	0.01046	0.00984	0.01661	0.79205	0.03814	0.01230	0.01538	0.01415	0.01107	0.01415	0.00984	0.01477	0.00738	0.00554	0.00554	0.00185	0.00738	0.00492	0.00246	0.00615
26	0.84448	0.01071	0.00814	0.00728	0.01071	0.01242	0.00600	0.01628	0.00943	0.02485	0.00771	0.00900	0.00600	0.00514	0.00343	0.00171	0.00428	0.00300	0.00343	0.00600
27	0.00791	0.00593	0.00890	0.00890	0.00989	0.00692	0.00692	0.00989	0.00890	0.01286	0.01483	0.02176	0.01385	0.04154	0.78341	0.00890	0.01483	0.00593	0.00297	0.00494
28	0.01434	0.01177	0.01254	0.01120	0.01439	0.01349	0.00873	0.02930	0.72251	0.06180	0.02251	0.02057	0.01674	0.00748	0.00563	0.00187	0.00440	0.00623	0.00570	0.00880
29	0.01220	0.01025	0.01236	0.00913	0.01371	0.00841	0.03126	0.08927	0.01297	0.01950	0.01164	0.06508	0.01025	0.00527	0.00453	0.00104	0.00442	0.00440	0.00362	0.67068
30	0.01032	0.00516	0.00516	0.00516	0.00645	0.00516	0.00387	0.01290	0.01161	0.02065	0.01807	0.02065	0.01420	0.00645	0.00387	0.00129	0.00258	0.00516	0.83611	0.00516
31	0.01439	0.01186	0.01403	0.01425	0.13034	0.01279	0.00974	0.13501	0.39339	0.04394	0.03858	0.02049	0.06543	0.00727	0.00557	0.00173	0.00482	0.00610	0.00503	0.06524
32	0.01230	0.05654	0.56995	0.01587	0.04204	0.05980	0.07109	0.01771	0.01228	0.04047	0.02935	0.01351	0.02338	0.00558	0.00534	0.00172	0.00790	0.00455	0.00270	0.00790
33	0.01032	0.00516	0.00516	0.00516	0.00645	0.00516	0.00387	0.01290	0.01161	0.02065	0.01807	0.02065	0.01420	0.00645	0.00387	0.00129	0.00258	0.00516	0.83611	0.00516
34	0.79401	0.05925	0.00941	0.00742	0.01092	0.01300	0.00621	0.01630	0.00954	0.02413	0.00771	0.00899	0.00607	0.00512	0.00344	0.00168	0.00438	0.00300	0.00336	0.00607
35	0.00665	0.00561	0.00571	0.00569	0.00748	0.00472	0.00423	0.00807	0.01265	0.01520	0.08958	0.05225	0.71321	0.03567	0.00714	0.00196	0.00287	0.01151	0.00514	0.00467
36	0.01192	0.20018	0.61226	0.01440	0.02183	0.01485	0.01805	0.01733	0.01160	0.01655	0.00945	0.01108	0.00704	0.00515	0.00489	0.00163	0.00769	0.00384	0.00235	0.00795
37	0.01046	0.00984	0.01661	0.79205	0.03814	0.01230	0.01538	0.01415	0.01107	0.01415	0.00984	0.01477	0.00738	0.00554	0.00554	0.00185	0.00738	0.00492	0.00246	0.00615
38	0.02053	0.01483	0.01605	0.01239	0.01671	0.01625	0.01019	0.67385	0.04267	0.06425	0.01415	0.02970	0.01030	0.00684	0.00554	0.00166	0.00589	0.00522	0.00554	0.02743
39	0.01387	0.01247	0.01655	0.53926	0.03134	0.06905	0.01382	0.20111	0.01519	0.01935	0.01062	0.01405	0.00788	0.00583	0.00550	0.00177	0.00725	0.00484	0.00327	0.00700
40	0.01119	0.00835	0.01059	0.01010	0.03564	0.00814	0.02879	0.16418	0.01438	0.04020	0.04403	0.43831	0.04338	0.01230	0.00627	0.00189	0.00422	0.01092	0.00494	0.10219
41	0.06145	0.76383	0.02785	0.00935	0.01402	0.02138	0.00928	0.01657	0.01115	0.01369	0.00770	0.00889	0.00704	0.00476	0.00355	0.00121	0.00583	0.00296	0.00243	0.00704
42	0.01032	0.00516	0.00516	0.00516	0.00645	0.00516	0.00387	0.01290	0.01161	0.02065	0.01807	0.02065	0.01420	0.00645	0.00387	0.00129	0.00258	0.00516	0.83611	0.00516
43	0.01747	0.01287	0.01427	0.01078	0.01522	0.01288	0.00877	0.43173	0.01982	0.06686	0.01269	0.01377	0.00960	0.03415	0.00585	0.00150	0.00530	0.00453	0.00475	0.29719
44	0.01097	0.01153	0.04268	0.01812	0.07037	0.01053	0.39267	0.01444	0.01251	0.01695	0.03863	0.18630	0.01906	0.00915	0.00671	0.00203	0.00701	0.12008	0.00371	0.00653
45	0.01032	0.00516	0.00516	0.00516	0.00645	0.00516	0.00387	0.01290	0.01161	0.02065	0.01807	0.02065	0.01420	0.00645	0.00387	0.00129	0.00258	0.00516	0.83611	0.00516
46	0.01799	0.04635	0.01592	0.01539	0.09892	0.51648	0.01075	0.06895	0.01515	0.01559	0.02433	0.03097	0.00964	0.00940	0.07835	0.00219	0.00938	0.00442	0.00313	0.00670
47	0.84448	0.01071	0.00814	0.00728	0.01071	0.01242	0.00600	0.01628	0.00943	0.02485	0.00771	0.00900	0.00600	0.00514	0.00343	0.00171	0.00428	0.00300	0.00343	0.00600
48	0.01371	0.01316	0.02248	0.03399	0.77081	0.01316	0.01700	0.01700	0.01261	0.01809	0.01042	0.01371	0.00877	0.00493	0.00548	0.00164	0.00658	0.00493	0.00274	0.00877
49	0.84448	0.01071	0.00814	0.00728	0.01071	0.01242	0.00600	0.01628	0.00943	0.02485	0.00771	0.00900	0.00600	0.00514	0.00343	0.00171	0.00428	0.00300	0.00343	0.00600
50	0.00710	0.00573	0.00641	0.00679	0.00842	0.00505	0.00534	0.00873	0.01252	0.01527	0.04835	0.10522	0.55327	0.01454	0.00683	0.00205	0.00335	0.17515	0.00513	0.00476
51	0.00996	0.00868	0.01270	0.19611	0.11731	0.03326	0.02714	0.01270	0.01258	0.01641	0.09557	0.08841	0.07715	0.01076	0.00653	0.00207	0.00555	0.25710	0.00415	0.00587
52	0.01282	0.01087	0.01176	0.01088	0.01369	0.01238	0.00858	0.02610	0.62687	0.02209	0.04329	0.02738	0.03889	0.00877	0.00594	0.00196	0.00439	0.09968	0.00557	0.00810
53	0.01032	0.00516	0.00516	0.00516	0.00645	0.00516	0.00387	0.01290	0.01161	0.02065	0.01807	0.02065	0.01420	0.00645	0.00387	0.00129	0.00258	0.00516	0.83611	0.00516
54	0.02509	0.01063	0.03854	0.18838	0.01910	0.05122	0.05857	0.01279	0.01062	0.01450	0.03541	0.16438	0.01565	0.01105	0.02843	0.04901	0.21294	0.04477	0.00326	0.00566
55	0.01284	0.01439	0.03064	0.08676	0.04580	0.01394	0.65096	0.01729	0.01276	0.01732	0.01095	0.01481	0.00829	0.00490	0.00679	0.00188	0.03326	0.00632	0.00276	0.00735
56	0.01032	0.00516	0.00516	0.00516	0.00645	0.00516	0.00387	0.01290	0.01161	0.02065	0.01807	0.02065	0.01420	0.00645	0.00387	0.00129	0.00258	0.00516	0.83611	0.00516
57	0.19634	0.00876	0.00960	0.00944	0.03493	0.00929	0.00681	0.16280	0.01375	0.04233	0.04460	0.35606	0.02246	0.04922	0.00685	0.00211	0.00427	0.00953	0.00476	0.00608
58	0.84448	0.01071	0.00814	0.00728	0.01071	0.01242	0.00600	0.01628	0.00943	0.02485	0.00771	0.00900	0.00600	0.00514	0.00343	0.00171	0.00428	0.00300	0.00343	0.00600
59	0.01372	0.58050	0.24773	0.01132	0.01707	0.01927	0.01269	0.01686	0.01138	0.01435	0.00835	0.00971	0.00708	0.00489	0.00405	0.00135	0.00658	0.00329	0.00236	0.00742
60	0.01036	0.00624	0.00780	0.18674	0.01377	0.00681	0.00653	0.01319	0.01149	0.01915	0.01617	0.01929	0.01262	0.00624	0.00426	0.00142	0.00369	0.00511	0.64374	0.00539
61	0.00784	0.00566	0.00740	0.00697	0.00827	0.00523	0.00523	0.01045	0.01568	0.02221	0.76789	0.04137	0.05226	0.01132	0.00653	0.00174	0.00261	0.01002	0.00610	0.00523
62	0.00655	0.00561	0.00561	0.00561	0.00748	0.00468	0.00421	0.00795	0.01262	0.01496	0.05610	0.05330	0.76857	0.01403	0.00655	0.00187	0.00281	0.01169	0.00514	0.00468
63	0.00962	0.00481	0.00722	0.00722	0.00722	0.00481	0.00481	0.00722	0.00722	0.00962	0.00962	0.01684	0.00962	0.01924	0.02165	0.83886	0.00481	0.00481	0.00241	0.00241
64	0.01141	0.02654	0.66235	0.01695	0.02473	0.01304	0.13267	0.01757	0.01190	0.01757	0.01013	0.01219	0.00723	0.00517	0.00546	0.00177	0.00836	0.00447	0.00241	0.00808
65	0.01111	0.02865	0.77667	0.01579	0.02397	0.01286	0.02046	0.01754	0.01169	0.01754	0.00994	0.01169	0.00702	0.00526	0.00526	0.00175	0.00818	0.00409	0.00234	0.00818
66	0.02085	0.01498	0.01621	0.01248	0.01677	0.01649	0.01027	0.70480	0.02513	0.06030	0.01349	0.01360	0.00958	0.00703	0.00601	0.02628	0.00601	0.00500	0.00549	0.00921
67	0.00663	0.00562	0.00577	0.00576	0.00759	0.00477	0.00433	0.00808	0.01257	0.01507	0.07266	0.05188	0.72362	0.01494	0.03414	0.00212	0.00323	0.01144	0.00509	0.00470
68	0.01481	0.80869	0.02902	0.00948	0.01421	0.02191	0.00948	0.01658	0.01125	0.01303	0.00770	0.00888	0.00711	0.00474	0.00355	0.00118	0.00592	0.00296	0.00237	0.00711
69	0.01111	0.02865	0.77667	0.01579	0.02397	0.01286	0.02046	0.01754	0.01169	0.01754	0.00994	0.01169	0.00702	0.00526	0.00526	0.00175	0.00818	0.00409	0.00234	0.00818
70	0.01124	0.01129	0.02107	0.47054	0.08267	0.01241	0.22868	0.01509	0.01194	0.01573	0.03493	0.01670	0.03154	0.00567	0.00588	0.00184	0.00762	0.00575	0.00277	0.00664
71	0.01127	0.00962	0.01125	0.00818	0.01289	0.00725	0.00650	0.01366	0.01144	0.01787	0.01078	0.04743	0.00950	0.00470	0.00424	0.00089	0.00406	0.00385	0.00337	0.80125
72	0.00962	0.00481	0.00722	0.00722	0.00722	0.00481	0.00481	0.00722	0.00722	0.00962	0.00962	0.01684	0.00962	0.01924	0.02165	0.83886	0.00481	0.00481	0.00241	0.00241
73	0.01111	0.02865	0.77667	0.01579	0.02397	0.01286	0.02046	0.01754	0.01169	0.01754	0.00994	0.01169	0.00702	0.00526	0.00526	0.00175	0.00818	0.00409	0.00234	0.00818
74	0.01349	0.01364	0.04185	0.10222	0.63972	0.03163	0.04272	0.01690	0.01254	0.01760	0.01034	0.01371	0.00855	0.00501	0.00551	0.00167	0.00687	0.00494	0.00271	0.00841
75	0.02223	0.00885	0.01202	0.00941	0.01324	0.00769	0.00769	0.02445	0.01582	0.65904	0.13648	0.02231	0.01963	0.00754	0.00572	0.00172	0.00439	0.00625	0.00674	0.00878
76	0.01058	0.01001	0.01664	0.73677	0.03647	0.01264	0.01515	0.01409	0.01089	0.01409	0.00966	0.01458	0.00737	0.00583	0.00644	0.00189	0.06340	0.00492	0.00246	0.00615
77	0.02072	0.01526	0.01638	0.01262	0.01696	0.01688	0.01040	0.73477	0.02568	0.03441	0.01370	0.03191	0.01006	0.00690	0.00558	0.00168	0.00603	0.00524	0.00553	0.00930
78	0.01406	0.01082	0.01182	0.04517	0.01389	0.01146	0.00803	0.36076	0.06004	0.02535	0.08829	0.02995	0.27804	0.00959	0.00597	0.00176	0.00464	0.00779	0.00531	0.00725
79	0.02105	0.01551	0.01662	0.01274	0.01717	0.01717	0.01053	0.75235	0.02604	0.03490	0.01330	0.01330	0.00942	0.00665	0.00554	0.00166	0.00609	0.00499	0.00554	0.00942
80	0.01160	0.00983	0.01146	0.00832	0.01306	0.00757	0.00663	0.03544	0.01188	0.01840	0.01068	0.03961	0.00925	0.00465	0.00425	0.00090	0.00413	0.00377	0.00341	0.78516
81	0.00706	0.00495	0.00633	0.00732	0.00756	0.00470	0.00472	0.00779	0.01000	0.01333	0.02743	0.62028	0.03272	0.20416	0.01208	0.00299	0.00372	0.01392	0.00472	0.00423
82	0.01315	0.01259	0.02148	0.16312	0.64602	0.01301	0.01672	0.01651	0.01235	0.01742	0.01032	0.01389	0.00854	0.00504	0.00549	0.00168	0.00672	0.00493	0.00269	0.00833
83	0.00792	0.00571	0.00751	0.00720	0.00851	0.00531	0.00550	0.01053	0.01546	0.02180	0.71373	0.04292	0.05076	0.01161	0.00661	0.00180	0.00280	0.06307	0.00602	0.00522
84	0.01371	0.01312	0.02215	0.03325	0.74602	0.01318	0.01673	0.01740	0.03713	0.01826	0.01081	0.01394	0.00904	0.00502	0.00549	0.00165	0.00651	0.00498	0.00284	0.00877
85	0.01111	0.02865	0.77667	0.01579	0.02397	0.01286	0.02046	0.01754	0.01169	0.01754	0.00994	0.01169	0.00702	0.00526	0.00526	0.00175	0.00818	0.00409	0.00234	0.00818
86	0.01481	0.80869	0.02902	0.00948	0.01421	0.02191	0.00948	0.01658	0.01125	0.01303	0.00770	0.00888	0.00711	0.00474	0.00355	0.00118	0.00592	0.00296	0.00237	0.00711
87	0.01481	0.80869	0.02902	0.00948	0.01421	0.02191	0.00948	0.01658	0.01125	0.01303	0.00770	0.00888	0.00711	0.00474	0.00355	0.00118	0.00592	0.00296	0.00237	0.00711
88	0.01127	0.08319	0.69913	0.01506	0.02278	0.01326	0.01920	0.01725	0.01179	0.01737	0.03397	0.01244	0.00847	0.00542	0.00518	0.00171	0.00785	0.00420	0.00246	0.00801
89	0.00784	0.00566	0.00740	0.00697	0.00827	0.00523	0.00523	0.01045	0.01568	0.02221	0.76789	0.04137	0.05226	0.01132	0.00653	0.00174	0.00261	0.01002	0.00610	0.00523
90	0.01481	0.80869	0.02902	0.00948	0.01421	0.02191	0.00948	0.01658	0.01125	0.01303	0.00770	0.00888	0.00711	0.00474	0.00355	0.00118	0.00592	0.00296	0.00237	0.00711
91	0.01819	0.03756	0.01783	0.05812	0.22063	0.52281	0.01260	0.02023	0.01455	0.01479	0.00911	0.01120	0.00759	0.00547	0.00512	0.00150	0.00886	0.00399	0.00279	0.00705
92	0.00675	0.00482	0.00643	0.00771	0.00803	0.00450	0.00514	0.00771	0.01060	0.01414	0.03053	0.80175	0.03663	0.01735	0.00707	0.00225	0.00321	0.01574	0.00514	0.00450
93	0.01270	0.37947	0.42140	0.01273	0.01920	0.01676	0.01515	0.01694	0.01159	0.01562	0.02714	0.01114	0.00814	0.00517	0.00452	0.00150	0.00703	0.00373	0.00244	0.00763
94	0.00662	0.00551	0.00578	0.00593	0.00758	0.00467	0.00436	0.00801	0.01247	0.01511	0.07808	0.14978	0.64836	0.01436	0.00661	0.00191	0.00285	0.01215	0.00518	0.00467
95	0.01455	0.01482	0.02186	0.03135	0.66293	0.10749	0.03162	0.01764	0.01300	0.01753	0.01021	0.01328	0.00856	0.00502	0.00545	0.00162	0.00705	0.00480	0.00276	0.00846
96	0.00716	0.00528	0.00661	0.00722	0.00803	0.00483	0.00500	0.00844	0.01156	0.01538	0.14553	0.46854	0.14932	0.08059	0.00860	0.00235	0.00331	0.03291	0.00509	0.02426
97	0.07335	0.45425	0.07047	0.01158	0.03948	0.13607	0.01042	0.09294	0.01353	0.04000	0.00907	0.01015	0.00752	0.00521	0.00420	0.00137	0.00658	0.00348	0.00299	0.00735
98	0.01199	0.00917	0.03245	0.05380	0.10556	0.00877	0.00859	0.04999	0.11069	0.10102	0.34133	0.02918	0.06272	0.02462	0.00643	0.00180	0.00421	0.00766	0.00523	0.02479

[dist]
# distance from previous block
# <min> <max>
0	2

[block]
# block no. 2 follows, 43 sequences, length 94
# corresponding to MSA columns:
# 344-433,437-440
name=unknown_C
#
# <colnr> <probs for GDERKNQSTAVLIFYWHMCP>
#	G	D	E	R	K	N	Q	S	T	A	V	L	I	F	Y	W	H	M	C	P
0	0.04750	0.01162	0.01897	0.34546	0.39949	0.01280	0.01547	0.01638	0.04746	0.01699	0.01064	0.01428	0.00847	0.00532	0.00543	0.00174	0.00671	0.00491	0.00279	0.00757
1	0.01311	0.01235	0.02057	0.19718	0.56440	0.01292	0.01609	0.04434	0.01279	0.01781	0.01150	0.01487	0.02677	0.00535	0.00552	0.00169	0.00664	0.00510	0.00285	0.00813
2	0.01977	0.01467	0.01577	0.01231	0.01657	0.01615	0.01009	0.60718	0.13110	0.04934	0.01470	0.01442	0.01055	0.00669	0.00551	0.00167	0.00575	0.00513	0.00551	0.03712
3	0.01350	0.01295	0.02210	0.08280	0.72365	0.01310	0.01689	0.01681	0.01251	0.01784	0.01038	0.01378	0.00868	0.00497	0.00549	0.00166	0.00663	0.00493	0.00272	0.00860
4	0.01046	0.00984	0.01661	0.79205	0.03814	0.01230	0.01538	0.01415	0.01107	0.01415	0.00984	0.01477	0.00738	0.00554	0.00554	0.00185	0.00738	0.00492	0.00246	0.00615
5	0.00875	0.00676	0.00812	0.00758	0.00928	0.00668	0.00574	0.01355	0.14773	0.02158	0.55699	0.03901	0.12494	0.01094	0.00637	0.00178	0.00295	0.00953	0.00591	0.00579
6	0.00791	0.00593	0.00890	0.00890	0.00989	0.00692	0.00692	0.00989	0.00890	0.01286	0.01483	0.02176	0.01385	0.04154	0.78341	0.00890	0.01483	0.00593	0.00297	0.00494
7	0.01381	0.01322	0.02578	0.06398	0.04321	0.01269	0.47137	0.01762	0.01269	0.09076	0.01169	0.01464	0.00876	0.00522	0.00688	0.00175	0.06421	0.00578	0.00321	0.11273
8	0.02050	0.01520	0.01632	0.01253	0.01695	0.01671	0.01033	0.70504	0.04481	0.03395	0.01341	0.01342	0.00957	0.00657	0.00549	0.00164	0.00597	0.00495	0.00546	0.04120
9	0.01274	0.01054	0.01208	0.00928	0.01371	0.00862	0.00722	0.05575	0.05216	0.01982	0.01350	0.08139	0.01214	0.00626	0.00497	0.00125	0.00451	0.00495	0.00404	0.66505
10	0.01720	0.01446	0.01426	0.01112	0.01543	0.11293	0.00893	0.32084	0.06909	0.04839	0.01234	0.01289	0.00933	0.00568	0.00496	0.00135	0.00573	0.00430	0.00443	0.30634
11	0.01202	0.01029	0.01207	0.05337	0.01484	0.00880	0.00748	0.03904	0.10952	0.01902	0.01161	0.01292	0.00933	0.00471	0.00443	0.00104	0.00439	0.00382	0.00361	0.65770
12	0.01111	0.02865	0.77667	0.01579	0.02397	0.01286	0.02046	0.01754	0.01169	0.01754	0.00994	0.01169	0.00702	0.00526	0.00526	0.00175	0.00818	0.00409	0.00234	0.00818
13	0.00784	0.00566	0.00740	0.00697	0.00827	0.00523	0.00523	0.01045	0.01568	0.02221	0.76789	0.04137	0.05226	0.01132	0.00653	0.00174	0.00261	0.01002	0.00610	0.00523
14	0.43044	0.01418	0.01163	0.04700	0.01448	0.17203	0.00818	0.08854	0.01336	0.13798	0.01069	0.01139	0.00781	0.00568	0.00438	0.00166	0.00585	0.00379	0.00399	0.00694
15	0.00812	0.00666	0.01093	0.01057	0.01188	0.00630	0.12092	0.00994	0.01137	0.01513	0.02733	0.54741	0.03142	0.01502	0.00709	0.00224	0.00450	0.14333	0.00477	0.00507
16	0.01371	0.01316	0.02248	0.03399	0.77081	0.01316	0.01700	0.01700	0.01261	0.01809	0.01042	0.01371	0.00877	0.00493	0.00548	0.00164	0.00658	0.00493	0.00274	0.00877
17	0.00655	0.00561	0.00561	0.00561	0.00748	0.00468	0.00421	0.00795	0.01262	0.01496	0.05610	0.05330	0.76857	0.01403	0.00655	0.00187	0.00281	0.01169	0.00514	0.00468
18	0.02055	0.01524	0.01662	0.04984	0.01817	0.01694	0.01076	0.71720	0.02533	0.03392	0.01313	0.01337	0.00932	0.00660	0.00554	0.00167	0.00616	0.00498	0.00539	0.00926
19	0.01064	0.01009	0.01724	0.74523	0.06380	0.01238	0.03459	0.01434	0.01118	0.01438	0.00990	0.01473	0.00746	0.00549	0.00556	0.00184	0.00741	0.00496	0.00248	0.00628
20	0.02129	0.01513	0.01638	0.01256	0.01698	0.01660	0.01038	0.70646	0.02540	0.08170	0.01384	0.01365	0.00969	0.00666	0.00554	0.00167	0.00601	0.00502	0.00562	0.00942
21	0.00675	0.00482	0.00643	0.00771	0.00803	0.00450	0.00514	0.00771	0.01060	0.01414	0.03053	0.80175	0.03663	0.01735	0.00707	0.00225	0.00321	0.01574	0.00514	0.00450
22	0.01272	0.01216	0.02071	0.26324	0.54925	0.01290	0.01651	0.01614	0.01215	0.01690	0.01024	0.01403	0.00835	0.00512	0.00550	0.00171	0.00682	0.00493	0.00266	0.00798
23	0.01981	0.01466	0.01567	0.01213	0.01634	0.01610	0.00998	0.68838	0.02489	0.03319	0.01698	0.01673	0.07465	0.00728	0.00563	0.00168	0.00581	0.00556	0.00551	0.00901
24	0.00675	0.00482	0.00643	0.00771	0.00803	0.00450	0.00514	0.00771	0.01060	0.01414	0.03053	0.80175	0.03663	0.01735	0.00707	0.00225	0.00321	0.01574	0.00514	0.00450
25	0.02069	0.02640	0.01569	0.01427	0.01712	0.78313	0.01070	0.02212	0.01569	0.01355	0.00856	0.00999	0.00713	0.00571	0.00499	0.00143	0.00999	0.00357	0.00285	0.00642
26	0.02339	0.01147	0.09413	0.01048	0.01518	0.00864	0.00945	0.02598	0.01541	0.69409	0.02058	0.01809	0.01300	0.00669	0.00554	0.00172	0.00508	0.00541	0.00637	0.00929
27	0.01339	0.01296	0.02243	0.09806	0.63955	0.01316	0.06650	0.01709	0.03004	0.01785	0.01071	0.01405	0.00882	0.00503	0.00556	0.00168	0.00678	0.00507	0.00279	0.00846
28	0.01378	0.01190	0.01252	0.01127	0.01440	0.01378	0.00877	0.02943	0.76081	0.02317	0.02254	0.02066	0.01691	0.00751	0.00564	0.00188	0.00438	0.00626	0.00564	0.00877
29	0.84448	0.01071	0.00814	0.00728	0.01071	0.01242	0.00600	0.01628	0.00943	0.02485	0.00771	0.00900	0.00600	0.00514	0.00343	0.00171	0.00428	0.00300	0.00343	0.00600
30	0.00672	0.00492	0.00632	0.00744	0.00796	0.00452	0.00502	0.00774	0.01086	0.01424	0.03379	0.70615	0.13012	0.01693	0.00700	0.00220	0.00316	0.01523	0.00514	0.00452
31	0.00801	0.00538	0.00603	0.00603	0.00609	0.00535	0.00338	0.00805	0.00820	0.01087	0.01866	0.03678	0.04352	0.78064	0.02751	0.00526	0.00529	0.00817	0.00341	0.00340
32	0.01911	0.01455	0.01553	0.01235	0.01644	0.01627	0.01006	0.55981	0.22174	0.03178	0.01576	0.01526	0.01141	0.00688	0.00557	0.00172	0.00564	0.00533	0.00557	0.00924
33	0.01514	0.01588	0.02108	0.02993	0.61563	0.17169	0.01570	0.01805	0.01325	0.01716	0.01004	0.01294	0.00844	0.00509	0.00538	0.00160	0.00728	0.00465	0.00276	0.00829
34	0.01076	0.01026	0.01668	0.64875	0.03379	0.01316	0.01478	0.01400	0.01060	0.01400	0.00937	0.01428	0.00736	0.00630	0.00787	0.00195	0.15259	0.00491	0.00245	0.00614
35	0.00892	0.00637	0.00892	0.01020	0.01147	0.00637	0.00892	0.01147	0.01275	0.01657	0.02932	0.06247	0.03187	0.01530	0.00765	0.00255	0.00510	0.73354	0.00510	0.00510
36	0.01362	0.01307	0.02233	0.05392	0.75155	0.01314	0.01695	0.01692	0.01257	0.01799	0.01040	0.01374	0.00874	0.00495	0.00548	0.00165	0.00660	0.00493	0.00273	0.00870
37	0.00723	0.00655	0.00614	0.00615	0.00797	0.04173	0.00457	0.00861	0.01265	0.01485	0.05231	0.09606	0.68848	0.01383	0.00650	0.00187	0.00317	0.01154	0.00503	0.00475
38	0.00658	0.00548	0.00574	0.00595	0.00757	0.00465	0.00436	0.00791	0.01230	0.01483	0.05197	0.17426	0.65027	0.01456	0.00663	0.00193	0.00287	0.01234	0.00514	0.00465
39	0.01212	0.01212	0.01696	0.01454	0.01454	0.01696	0.01212	0.01333	0.00848	0.01333	0.00727	0.01212	0.00727	0.00969	0.01818	0.00242	0.79523	0.00485	0.00242	0.00606
40	0.19288	0.01155	0.01915	0.39402	0.02919	0.01290	0.21382	0.03225	0.01160	0.01793	0.00983	0.01352	0.00741	0.00524	0.00535	0.00182	0.00721	0.00495	0.00283	0.00655
41	0.01515	0.76318	0.02825	0.00976	0.01438	0.06620	0.00955	0.01691	0.01151	0.01306	0.00775	0.00895	0.00711	0.00479	0.00364	0.00120	0.00616	0.00300	0.00240	0.00707
42	0.01193	0.00983	0.01153	0.00826	0.01316	0.00741	0.00662	0.01438	0.01163	0.04339	0.01025	0.01173	0.00839	0.00419	0.00415	0.00085	0.00412	0.00336	0.00340	0.81143
43	0.01102	0.01066	0.08604	0.03194	0.17397	0.00921	0.01067	0.01568	0.11214	0.05062	0.13603	0.06302	0.09785	0.00988	0.00626	0.00194	0.00497	0.15671	0.00458	0.00682
44	0.00675	0.00482	0.00643	0.00771	0.00803	0.00450	0.00514	0.00771	0.01060	0.01414	0.03053	0.80175	0.03663	0.01735	0.00707	0.00225	0.00321	0.01574	0.00514	0.00450
45	0.01200	0.01211	0.01847	0.11357	0.01894	0.01608	0.08543	0.01387	0.00926	0.01387	0.00798	0.01273	0.00740	0.00867	0.01543	0.00230	0.61819	0.00502	0.00247	0.00621
46	0.02453	0.00950	0.01284	0.00989	0.01415	0.00830	0.00816	0.02706	0.03697	0.75335	0.02187	0.01890	0.01380	0.00687	0.00557	0.00172	0.00470	0.00559	0.00682	0.00941
47	0.01307	0.01494	0.03268	0.02334	0.02894	0.01401	0.75070	0.01774	0.01307	0.01774	0.01120	0.01494	0.00840	0.00467	0.00654	0.00187	0.00934	0.00654	0.00280	0.00747
48	0.01046	0.00984	0.01661	0.79205	0.03814	0.01230	0.01538	0.01415	0.01107	0.01415	0.00984	0.01477	0.00738	0.00554	0.00554	0.00185	0.00738	0.00492	0.00246	0.00615
49	0.00775	0.00566	0.00727	0.00687	0.00822	0.00519	0.00515	0.01027	0.01546	0.02169	0.71674	0.04223	0.10373	0.01152	0.00653	0.00175	0.00263	0.01014	0.00603	0.00519
50	0.02485	0.00943	0.01285	0.00985	0.01414	0.00814	0.00814	0.02699	0.01585	0.77465	0.02185	0.01885	0.01371	0.00685	0.00557	0.00171	0.00471	0.00557	0.00685	0.00943
51	0.02474	0.00959	0.01296	0.00993	0.01422	0.00839	0.00821	0.04705	0.01613	0.75420	0.02161	0.01870	0.01359	0.00685	0.00557	0.00171	0.00475	0.00555	0.00682	0.00943
52	0.00655	0.00561	0.00561	0.00561	0.00748	0.00468	0.00421	0.00795	0.01262	0.01496	0.05610	0.05330	0.76857	0.01403	0.00655	0.00187	0.00281	0.01169	0.00514	0.00468
53	0.01371	0.01316	0.02248	0.03399	0.77081	0.01316	0.01700	0.01700	0.01261	0.01809	0.01042	0.01371	0.00877	0.00493	0.00548	0.00164	0.00658	0.00493	0.00274	0.00877
54	0.01297	0.01247	0.02137	0.16019	0.60844	0.01283	0.03689	0.01632	0.01237	0.01735	0.01146	0.01489	0.02718	0.00525	0.00555	0.00169	0.00670	0.00514	0.00275	0.00820
55	0.02211	0.01022	0.01291	0.01029	0.01431	0.00978	0.00837	0.05320	0.19144	0.57174	0.02171	0.01908	0.01431	0.00700	0.00558	0.00175	0.00468	0.00571	0.00652	0.00927
56	0.01371	0.01316	0.02248	0.03399	0.77081	0.01316	0.01700	0.01700	0.01261	0.01809	0.01042	0.01371	0.00877	0.00493	0.00548	0.00164	0.00658	0.00493	0.00274	0.00877
57	0.80078	0.01067	0.00858	0.04840	0.01215	0.01242	0.00649	0.01617	0.00951	0.02429	0.00782	0.00930	0.00607	0.00516	0.00354	0.00172	0.00445	0.00310	0.00338	0.00601
58	0.01410	0.01204	0.01293	0.04128	0.01548	0.01393	0.00913	0.07340	0.68679	0.02355	0.02149	0.01998	0.01608	0.00738	0.00563	0.00186	0.00460	0.00613	0.00551	0.00871
59	0.01807	0.00967	0.03532	0.00915	0.01338	0.00768	0.00766	0.02051	0.01433	0.41854	0.11247	0.01918	0.01667	0.00651	0.00522	0.00144	0.00436	0.00537	0.00550	0.26896
60	0.02204	0.07968	0.07399	0.01038	0.01491	0.01017	0.00927	0.05981	0.03245	0.57808	0.03874	0.01780	0.01349	0.00667	0.00540	0.00167	0.00509	0.00533	0.00601	0.00901
61	0.02485	0.00943	0.01285	0.00985	0.01414	0.00814	0.00814	0.02699	0.01585	0.77465	0.02185	0.01885	0.01371	0.00685	0.00557	0.00171	0.00471	0.00557	0.00685	0.00943
62	0.01046	0.00984	0.01661	0.79205	0.03814	0.01230	0.01538	0.01415	0.01107	0.01415	0.00984	0.01477	0.00738	0.00554	0.00554	0.00185	0.00738	0.00492	0.00246	0.00615
63	0.01341	0.01360	0.03892	0.07838	0.60943	0.06031	0.01581	0.01654	0.01255	0.01729	0.01158	0.06548	0.01038	0.00585	0.00556	0.00169	0.00666	0.00554	0.00288	0.00817
64	0.01144	0.01128	0.01777	0.36003	0.02589	0.01472	0.05872	0.01396	0.00991	0.01396	0.00865	0.01346	0.00739	0.00754	0.01186	0.00213	0.39764	0.00498	0.00246	0.00619
65	0.02267	0.00964	0.01261	0.00995	0.01397	0.00884	0.00813	0.02675	0.12186	0.64087	0.04856	0.01991	0.01554	0.00711	0.00561	0.00174	0.00459	0.00583	0.00665	0.00918
66	0.02105	0.01551	0.01662	0.01274	0.01717	0.01717	0.01053	0.75235	0.02604	0.03490	0.01330	0.01330	0.00942	0.00665	0.00554	0.00166	0.00609	0.00499	0.00554	0.00942
67	0.01157	0.07059	0.65453	0.01698	0.07501	0.01343	0.04759	0.01746	0.01178	0.01733	0.00990	0.01180	0.00719	0.00519	0.00523	0.00172	0.00799	0.00418	0.00239	0.00814
68	0.01729	0.01188	0.01373	0.01238	0.06146	0.01274	0.00926	0.21213	0.31571	0.17632	0.02126	0.04149	0.05373	0.00761	0.00568	0.00179	0.00491	0.00626	0.00564	0.00873
69	0.00964	0.00793	0.01288	0.01197	0.01391	0.00775	0.14239	0.04895	0.01284	0.01699	0.02559	0.27137	0.02790	0.01354	0.00717	0.00229	0.00536	0.35126	0.00472	0.00557
70	0.01361	0.01306	0.02231	0.05565	0.74989	0.01313	0.01695	0.01692	0.01257	0.01798	0.01040	0.01374	0.00873	0.00495	0.00548	0.00165	0.00660	0.00493	0.00273	0.00870
71	0.02097	0.08937	0.01420	0.01003	0.01389	0.06520	0.00828	0.04900	0.06551	0.49361	0.09469	0.01944	0.01655	0.00705	0.00543	0.00165	0.00502	0.00565	0.00592	0.00851
72	0.00802	0.00551	0.00677	0.00677	0.00703	0.00577	0.00427	0.00852	0.00827	0.01128	0.01678	0.03253	0.01852	0.60951	0.22184	0.00627	0.00780	0.00751	0.00326	0.00376
73	0.00805	0.00537	0.00604	0.00604	0.00604	0.00537	0.00336	0.00805	0.00805	0.01074	0.01745	0.03624	0.02013	0.80536	0.02819	0.00537	0.00537	0.00805	0.00336	0.00336
74	0.04044	0.01364	0.01678	0.21354	0.02268	0.01536	0.03997	0.49265	0.02085	0.02810	0.01263	0.01502	0.00940	0.00649	0.00558	0.00174	0.00647	0.02579	0.00457	0.00829
75	0.01666	0.56241	0.02483	0.01098	0.01513	0.26156	0.00986	0.01833	0.01265	0.01320	0.00797	0.00923	0.00712	0.00504	0.00401	0.00126	0.00720	0.00315	0.00252	0.00689
76	0.01140	0.00979	0.01150	0.00834	0.01305	0.00754	0.00666	0.01380	0.01140	0.01786	0.01022	0.02808	0.00878	0.00451	0.00448	0.00089	0.02198	0.00358	0.00330	0.80286
77	0.03329	0.11497	0.57112	0.01430	0.03671	0.02666	0.01712	0.01665	0.01183	0.01709	0.02994	0.01485	0.06047	0.00594	0.00514	0.00169	0.00732	0.00460	0.00267	0.00768
78	0.02069	0.02640	0.01569	0.01427	0.01712	0.78313	0.01070	0.02212	0.01569	0.01355	0.00856	0.00999	0.00713	0.00571	0.00499	0.00143	0.00999	0.00357	0.00285	0.00642
79	0.01046	0.00984	0.01661	0.79205	0.03814	0.01230	0.01538	0.01415	0.01107	0.01415	0.00984	0.01477	0.00738	0.00554	0.00554	0.00185	0.00738	0.00492	0.00246	0.00615
80	0.00966	0.01044	0.07840	0.31899	0.02366	0.01038	0.07488	0.01251	0.01093	0.01468	0.01731	0.25623	0.03743	0.00972	0.00740	0.00202	0.08763	0.00848	0.00337	0.00588
81	0.01358	0.01313	0.02272	0.05696	0.71729	0.01317	0.04750	0.01694	0.01258	0.01796	0.01043	0.01379	0.00871	0.00494	0.00553	0.00166	0.00672	0.00500	0.00274	0.00864
82	0.01046	0.00984	0.01661	0.79205	0.03814	0.01230	0.01538	0.01415	0.01107	0.01415	0.00984	0.01477	0.00738	0.00554	0.00554	0.00185	0.00738	0.00492	0.00246	0.00615
83	0.02105	0.01551	0.01662	0.01274	0.01717	0.01717	0.01053	0.75235	0.02604	0.03490	0.01330	0.01330	0.00942	0.00665	0.00554	0.00166	0.00609	0.00499	0.00554	0.00942
84	0.00704	0.00580	0.00611	0.00616	0.00790	0.00504	0.00460	0.02764	0.01284	0.01563	0.07177	0.13461	0.63214	0.01415	0.00660	0.00192	0.00298	0.02707	0.00518	0.00481
85	0.02335	0.01183	0.01434	0.01100	0.01534	0.01171	0.00908	0.31362	0.01988	0.48233	0.01847	0.01666	0.01201	0.00677	0.00556	0.00169	0.00526	0.00534	0.00634	0.00942
86	0.00892	0.00637	0.00892	0.01020	0.01147	0.00637	0.00892	0.01147	0.01275	0.01657	0.02932	0.06247	0.03187	0.01530	0.00765	0.00255	0.00510	0.73354	0.00510	0.00510
87	0.01369	0.01320	0.02270	0.03376	0.75462	0.01318	0.03301	0.01701	0.01262	0.01809	0.01043	0.01373	0.00876	0.00493	0.00551	0.00165	0.00664	0.00497	0.00274	0.00874
88	0.80526	0.01146	0.00850	0.00762	0.01102	0.04912	0.00622	0.01656	0.00972	0.02431	0.00775	0.00904	0.00605	0.00517	0.00350	0.00170	0.00456	0.00303	0.00340	0.00602
89	0.00896	0.00624	0.00815	0.00740	0.00913	0.00571	0.02235	0.01169	0.03199	0.06864	0.57043	0.04082	0.16478	0.01124	0.00645	0.00177	0.00297	0.00984	0.00590	0.00553
90	0.01355	0.04114	0.02267	0.07484	0.68276	0.01344	0.03712	0.01685	0.01249	0.01769	0.01031	0.01363	0.00863	0.00495	0.00545	0.00165	0.00668	0.00491	0.00271	0.00853
91	0.00805	0.00540	0.00619	0.00619	0.00625	0.00545	0.00355	0.00815	0.00810	0.01085	0.01731	0.03547	0.01980	0.76451	0.06858	0.00556	0.00588	0.00794	0.00334	0.00344
92	0.00826	0.00645	0.00974	0.00941	0.01039	0.00755	0.02402	0.01014	0.00898	0.01294	0.01480	0.04078	0.01416	0.07037	0.66966	0.00805	0.06009	0.00621	0.00300	0.00499
93	0.01032	0.00516	0.00516	0.00516	0.00645	0.00516	0.00387	0.01290	0.01161	0.02065	0.01807	0.02065	0.01420	0.00645	0.00387	0.00129	0.00258	0.00516	0.83611	0.00516

[dist]
# distance from previous block
# <min> <max>
0	1

[block]
# block no. 3 follows, 43 sequences, length 16
# corresponding to MSA columns:
# 442-457
name=unknown_D
#
# <colnr> <probs for GDERKNQSTAVLIFYWHMCP>
#	G	D	E	R	K	N	Q	S	T	A	V	L	I	F	Y	W	H	M	C	P
0	0.01664	0.01977	0.01528	0.07125	0.08284	0.47692	0.01104	0.01842	0.01380	0.01411	0.01292	0.01579	0.06353	0.00844	0.04127	0.00196	0.08463	0.02203	0.00300	0.00635
1	0.01032	0.00516	0.00516	0.00516	0.00645	0.00516	0.00387	0.01290	0.01161	0.02065	0.01807	0.02065	0.01420	0.00645	0.00387	0.00129	0.00258	0.00516	0.83611	0.00516
2	0.84448	0.01071	0.00814	0.00728	0.01071	0.01242	0.00600	0.01628	0.00943	0.02485	0.00771	0.00900	0.00600	0.00514	0.00343	0.00171	0.00428	0.00300	0.00343	0.00600
3	0.04498	0.01481	0.14226	0.28108	0.05686	0.01285	0.30494	0.01624	0.01197	0.01689	0.01061	0.01428	0.00796	0.00515	0.00574	0.00181	0.00796	0.00536	0.03120	0.00705
4	0.01089	0.02748	0.73888	0.01539	0.02319	0.01245	0.01971	0.01706	0.01164	0.01737	0.01095	0.05046	0.00847	0.00585	0.00535	0.00178	0.00794	0.00466	0.00248	0.00800
5	0.84448	0.01071	0.00814	0.00728	0.01071	0.01242	0.00600	0.01628	0.00943	0.02485	0.00771	0.00900	0.00600	0.00514	0.00343	0.00171	0.00428	0.00300	0.00343	0.00600
6	0.01212	0.01212	0.01696	0.01454	0.01454	0.01696	0.01212	0.01333	0.00848	0.01333	0.00727	0.01212	0.00727	0.00969	0.01818	0.00242	0.79523	0.00485	0.00242	0.00606
7	0.01046	0.00984	0.01661	0.79205	0.03814	0.01230	0.01538	0.01415	0.01107	0.01415	0.00984	0.01477	0.00738	0.00554	0.00554	0.00185	0.00738	0.00492	0.00246	0.00615
8	0.04249	0.01195	0.01661	0.38772	0.11993	0.01369	0.01324	0.25341	0.01612	0.02176	0.01281	0.01550	0.03854	0.00615	0.00550	0.00176	0.00658	0.00515	0.00363	0.00747
9	0.01330	0.01416	0.01420	0.01262	0.01342	0.20967	0.00990	0.01443	0.01028	0.01292	0.00988	0.01634	0.00989	0.14369	0.07546	0.00316	0.40321	0.00514	0.00273	0.00561
10	0.00791	0.00593	0.00890	0.00890	0.00989	0.00692	0.00692	0.00989	0.00890	0.01286	0.01483	0.02176	0.01385	0.04154	0.78341	0.00890	0.01483	0.00593	0.00297	0.00494
11	0.01032	0.00516	0.00516	0.00516	0.00645	0.00516	0.00387	0.01290	0.01161	0.02065	0.01807	0.02065	0.01420	0.00645	0.00387	0.00129	0.00258	0.00516	0.83611	0.00516
12	0.01192	0.01036	0.01278	0.00927	0.01398	0.00843	0.03736	0.04077	0.01194	0.01843	0.00991	0.01172	0.00821	0.00447	0.00488	0.00096	0.03965	0.00355	0.00331	0.73809
13	0.03270	0.04190	0.46056	0.01440	0.04575	0.01305	0.01577	0.04712	0.18224	0.05040	0.01454	0.01512	0.02991	0.00609	0.00532	0.00176	0.00676	0.00485	0.00350	0.00826
14	0.00793	0.00662	0.00750	0.04254	0.00987	0.05076	0.00579	0.00948	0.01236	0.01599	0.19242	0.43123	0.15834	0.01428	0.00668	0.00201	0.00360	0.01263	0.00509	0.00487
15	0.07697	0.06701	0.08609	0.35425	0.18480	0.02960	0.03445	0.03902	0.01209	0.03251	0.01102	0.01419	0.02398	0.00552	0.00524	0.00172	0.00686	0.00474	0.00284	0.00712

[dist]
# distance from previous block
# <min> <max>
0	4

[block]
# block no. 4 follows, 43 sequences, length 25
# corresponding to MSA columns:
# 466-490
name=unknown_E
#
# <colnr> <probs for GDERKNQSTAVLIFYWHMCP>
#	G	D	E	R	K	N	Q	S	T	A	V	L	I	F	Y	W	H	M	C	P
0	0.12057	0.00962	0.04034	0.02557	0.01241	0.00929	0.00749	0.01879	0.21283	0.14619	0.07916	0.04513	0.20101	0.00934	0.00572	0.00185	0.00414	0.03836	0.00523	0.00696
1	0.04447	0.51700	0.04058	0.08127	0.09133	0.06527	0.01083	0.03378	0.01194	0.01489	0.00847	0.01021	0.00735	0.00493	0.00411	0.00133	0.00628	0.00345	0.00259	0.03991
2	0.02763	0.00860	0.01341	0.47247	0.05201	0.01003	0.01182	0.01303	0.02824	0.01544	0.09687	0.05399	0.04569	0.04013	0.00742	0.03768	0.00603	0.05041	0.00336	0.00574
3	0.02789	0.01180	0.02001	0.48637	0.07574	0.03043	0.16227	0.04427	0.01208	0.01606	0.01007	0.01431	0.00771	0.00560	0.00640	0.00185	0.05256	0.00518	0.00269	0.00670
4	0.00803	0.00548	0.00658	0.00658	0.00676	0.00566	0.00403	0.00840	0.00821	0.01114	0.01696	0.03352	0.01895	0.66182	0.17011	0.00603	0.00715	0.00766	0.00328	0.00365
5	0.01135	0.01062	0.01731	0.48814	0.23289	0.01218	0.01473	0.01561	0.06076	0.01605	0.03279	0.01689	0.03539	0.00595	0.00559	0.00179	0.00669	0.00538	0.00293	0.00696
6	0.01032	0.00516	0.00516	0.00516	0.00645	0.00516	0.00387	0.01290	0.01161	0.02065	0.01807	0.02065	0.01420	0.00645	0.00387	0.00129	0.00258	0.00516	0.83611	0.00516
7	0.16003	0.01096	0.01533	0.50996	0.05725	0.01308	0.01306	0.12351	0.01305	0.01925	0.01000	0.01349	0.00749	0.00561	0.00516	0.00179	0.00661	0.00459	0.00310	0.00670
8	0.03535	0.00594	0.00763	0.00871	0.03849	0.00572	0.00581	0.03812	0.01216	0.01678	0.14633	0.55578	0.07252	0.01492	0.00672	0.00209	0.00338	0.01337	0.00516	0.00503
9	0.01032	0.00516	0.00516	0.00516	0.00645	0.00516	0.00387	0.01290	0.01161	0.02065	0.01807	0.02065	0.01420	0.00645	0.00387	0.00129	0.00258	0.00516	0.83611	0.00516
10	0.84448	0.01071	0.00814	0.00728	0.01071	0.01242	0.00600	0.01628	0.00943	0.02485	0.00771	0.00900	0.00600	0.00514	0.00343	0.00171	0.00428	0.00300	0.00343	0.00600
11	0.15449	0.05261	0.43674	0.01457	0.06438	0.01273	0.03430	0.01812	0.05431	0.05529	0.01169	0.01446	0.00899	0.00584	0.00507	0.00176	0.00684	0.03697	0.00309	0.00774
