[name]
unknown

[dist]
# distance from previous block
# <min> <max>
0	76

[block]
# block no. 0 follows, 44 sequences, length 10
# corresponding to MSA columns:
# 95-104
name=unknown_A
#
# <colnr> <probs for GDERKNQSTAVLIFYWHMCP>
#	G	D	E	R	K	N	Q	S	T	A	V	L	I	F	Y	W	H	M	C	P
0	0.11412	0.01141	0.01316	0.01140	0.05326	0.01169	0.00876	0.25305	0.07487	0.21115	0.01619	0.05089	0.01252	0.00699	0.00524	0.00165	0.00498	0.03904	0.00513	0.09451
1	0.01310	0.04598	0.35689	0.15290	0.06179	0.01212	0.01517	0.07309	0.01285	0.08751	0.01103	0.01279	0.00799	0.00530	0.00509	0.00159	0.00680	0.00428	0.00311	0.11061
2	0.04526	0.01271	0.02058	0.10718	0.61423	0.01314	0.01568	0.07253	0.01315	0.01893	0.01031	0.01339	0.00844	0.00505	0.00533	0.00164	0.00643	0.00479	0.00291	0.00832
3	0.01040	0.01283	0.14574	0.66321	0.03518	0.01221	0.01599	0.01449	0.01100	0.01449	0.00971	0.01402	0.00721	0.00540	0.00540	0.00180	0.00740	0.00471	0.00240	0.00640
4	0.01016	0.00508	0.00508	0.00508	0.00635	0.00508	0.00381	0.01270	0.01143	0.02033	0.01778	0.02033	0.01397	0.00635	0.00381	0.00127	0.00254	0.00508	0.83867	0.00508
5	0.00849	0.00677	0.00942	0.00938	0.00967	0.00800	0.00699	0.00931	0.00922	0.01296	0.01929	0.37230	0.02196	0.05294	0.13478	0.08191	0.20835	0.00991	0.00371	0.00465
6	0.00779	0.00584	0.00876	0.00876	0.00974	0.00681	0.00681	0.00974	0.00876	0.01266	0.01460	0.02142	0.01363	0.04089	0.78680	0.00876	0.01460	0.00584	0.00292	0.00487
7	0.01278	0.02562	0.67544	0.01474	0.02228	0.01203	0.01849	0.01853	0.01207	0.12109	0.01138	0.01247	0.00781	0.00539	0.00522	0.00172	0.00759	0.00423	0.00291	0.00822
8	0.00735	0.00556	0.00678	0.00647	0.00792	0.00499	0.00485	0.00958	0.01456	0.01980	0.56462	0.04412	0.25963	0.01191	0.00643	0.00175	0.00263	0.01033	0.00573	0.00499
9	0.00664	0.00474	0.00633	0.00759	0.00791	0.00443	0.00506	0.00759	0.01044	0.01392	0.03005	0.80485	0.03606	0.01708	0.00696	0.00221	0.00316	0.01550	0.00506	0.00443

[dist]
# distance from previous block
# <min> <max>
0	1

[block]
# block no. 1 follows, 44 sequences, length 30
# corresponding to MSA columns:
# 106-135
name=unknown_B
#
# <colnr> <probs for GDERKNQSTAVLIFYWHMCP>
#	G	D	E	R	K	N	Q	S	T	A	V	L	I	F	Y	W	H	M	C	P
0	0.71910	0.06434	0.05311	0.00786	0.01161	0.01274	0.00700	0.01644	0.00972	0.04685	0.00815	0.00930	0.00627	0.00509	0.00355	0.00165	0.00455	0.00309	0.00335	0.00620
1	0.00701	0.00515	0.00657	0.00704	0.00792	0.00471	0.00497	0.00861	0.01253	0.01693	0.30413	0.42285	0.14254	0.01447	0.00670	0.00198	0.00289	0.01289	0.00540	0.00471
2	0.04089	0.03552	0.03455	0.02842	0.01648	0.09381	0.02723	0.37913	0.03940	0.02535	0.01139	0.01232	0.00862	0.00586	0.00551	0.00147	0.03837	0.00434	0.00424	0.18709
3	0.01054	0.01003	0.01737	0.48231	0.10751	0.01136	0.10578	0.01423	0.03213	0.01509	0.01373	0.09859	0.02609	0.00694	0.00580	0.00186	0.00677	0.02457	0.00297	0.00633
4	0.05635	0.58623	0.12499	0.01025	0.01517	0.01919	0.01055	0.03533	0.07011	0.01530	0.00914	0.01012	0.00774	0.00501	0.00392	0.00133	0.00593	0.00337	0.00271	0.00726
5	0.01345	0.00677	0.00764	0.03118	0.00947	0.00677	0.00541	0.07609	0.01329	0.14949	0.01778	0.01925	0.01330	0.00641	0.00428	0.00139	0.00333	0.00513	0.60342	0.00617
6	0.01813	0.01345	0.01451	0.01178	0.01562	0.01498	0.00951	0.41783	0.31872	0.07998	0.01728	0.01634	0.01249	0.00690	0.00549	0.00172	0.00524	0.00545	0.00558	0.00902
7	0.01541	0.01063	0.01459	0.01075	0.01541	0.00913	0.10099	0.06006	0.05074	0.20762	0.01360	0.01408	0.00994	0.00509	0.00485	0.00125	0.00496	0.00443	0.00428	0.44220
8	0.01342	0.38066	0.29741	0.01186	0.01749	0.01670	0.01309	0.01892	0.12658	0.04013	0.01105	0.01183	0.00864	0.00533	0.00448	0.00149	0.00637	0.00390	0.00295	0.00770
9	0.01174	0.17152	0.57756	0.01478	0.02184	0.01448	0.05938	0.01698	0.01142	0.01634	0.00937	0.01119	0.00701	0.00518	0.00530	0.00165	0.03019	0.00398	0.00234	0.00776
10	0.00644	0.00552	0.00552	0.00552	0.00736	0.00460	0.00414	0.00782	0.01243	0.01473	0.05523	0.05247	0.77218	0.01381	0.00644	0.00184	0.00276	0.01151	0.00506	0.00460
11	0.01097	0.01038	0.01757	0.63512	0.19248	0.01229	0.01548	0.01452	0.01122	0.01475	0.00981	0.01432	0.00756	0.00533	0.00544	0.00178	0.00710	0.00485	0.00248	0.00660
12	0.01759	0.01269	0.01392	0.01130	0.01475	0.01383	0.00905	0.53248	0.06535	0.05780	0.01715	0.16025	0.01502	0.02485	0.00619	0.00183	0.00531	0.00702	0.00539	0.00822
13	0.02351	0.01014	0.01306	0.01004	0.01421	0.00937	0.00829	0.14333	0.01711	0.64020	0.02007	0.01772	0.01283	0.00671	0.00544	0.00167	0.00481	0.00538	0.02695	0.00917
14	0.00781	0.00574	0.00824	0.00824	0.00904	0.00653	0.00617	0.00940	0.00861	0.01227	0.01508	0.02405	0.01477	0.18248	0.64677	0.00812	0.01288	0.00623	0.00299	0.00458
15	0.01142	0.01084	0.01838	0.52723	0.29682	0.01241	0.01570	0.01492	0.01143	0.01530	0.00989	0.01417	0.00775	0.00524	0.00543	0.00175	0.00699	0.00485	0.00252	0.00696
16	0.01195	0.01138	0.01934	0.40177	0.41817	0.01255	0.01596	0.01538	0.01168	0.01593	0.00998	0.01400	0.00797	0.00514	0.00542	0.00171	0.00686	0.00485	0.00257	0.00739
17	0.00695	0.00616	0.05171	0.00813	0.00892	0.00496	0.00605	0.00826	0.01056	0.01418	0.02883	0.73717	0.03422	0.01633	0.00687	0.00219	0.00350	0.03545	0.00490	0.00466
18	0.02446	0.00928	0.01265	0.00970	0.01392	0.00801	0.00801	0.02657	0.01560	0.77817	0.02151	0.01856	0.01350	0.00675	0.00548	0.00169	0.00464	0.00548	0.00675	0.00928
19	0.00664	0.00474	0.00633	0.00759	0.00791	0.00443	0.00506	0.00759	0.01044	0.01392	0.03005	0.80485	0.03606	0.01708	0.00696	0.00221	0.00316	0.01550	0.00506	0.00443
20	0.01431	0.01432	0.02787	0.02213	0.11197	0.01390	0.53231	0.11079	0.03538	0.04342	0.01183	0.01464	0.00883	0.00502	0.00614	0.00178	0.00820	0.00602	0.00329	0.00784
21	0.00897	0.00758	0.01207	0.45749	0.02476	0.00885	0.01077	0.01129	0.01053	0.01380	0.01695	0.29016	0.01757	0.01031	0.00687	0.05110	0.00559	0.00856	0.02153	0.00525
22	0.01193	0.01193	0.01670	0.01431	0.01431	0.01670	0.01193	0.01312	0.00835	0.01312	0.00716	0.01193	0.00716	0.00954	0.01789	0.00239	0.79843	0.00477	0.00239	0.00596
23	0.01130	0.00969	0.01130	0.00807	0.01292	0.00727	0.00646	0.01373	0.01130	0.01776	0.00969	0.01130	0.00807	0.00404	0.00404	0.00081	0.00404	0.00323	0.00323	0.84173
24	0.01458	0.81168	0.02857	0.00933	0.01399	0.02157	0.00933	0.01632	0.01108	0.01283	0.00758	0.00875	0.00700	0.00466	0.00350	0.00117	0.00583	0.00292	0.00233	0.00700
25	0.01349	0.01295	0.02213	0.03346	0.77440	0.01295	0.01673	0.01673	0.01241	0.01781	0.01025	0.01349	0.00864	0.00486	0.00540	0.00162	0.00648	0.00486	0.00270	0.00864
26	0.00834	0.00681	0.01129	0.01031	0.01185	0.00632	0.14337	0.01015	0.01154	0.03555	0.08706	0.53305	0.07467	0.01384	0.00675	0.00207	0.00424	0.01288	0.00476	0.00516
27	0.03401	0.00735	0.01005	0.00868	0.01118	0.00661	0.04999	0.01431	0.01390	0.18840	0.27026	0.07202	0.14422	0.01026	0.00613	0.00178	0.00386	0.08302	0.00545	0.05852
28	0.01371	0.01261	0.02172	0.06670	0.20828	0.01215	0.25476	0.07427	0.01332	0.05667	0.01105	0.01367	0.00857	0.00499	0.00581	0.00156	0.02863	0.00506	0.00322	0.18323
29	0.17237	0.01335	0.01490	0.01168	0.01578	0.01456	0.05112	0.42455	0.09616	0.11118	0.01380	0.01373	0.00980	0.00627	0.00514	0.00168	0.00553	0.00482	0.00507	0.00848

[dist]
# distance from previous block
# <min> <max>
1	9

[block]
# block no. 2 follows, 44 sequences, length 39
# corresponding to MSA columns:
# 145-183
name=unknown_C
#
# <colnr> <probs for GDERKNQSTAVLIFYWHMCP>
#	G	D	E	R	K	N	Q	S	T	A	V	L	I	F	Y	W	H	M	C	P
0	0.01723	0.16696	0.01942	0.01220	0.01682	0.01563	0.08765	0.39348	0.01884	0.04459	0.01146	0.01227	0.00864	0.00556	0.00494	0.00143	0.00594	0.00442	0.00423	0.14829
1	0.01277	0.01601	0.24560	0.01483	0.04560	0.01122	0.18170	0.07807	0.05369	0.06868	0.04527	0.07405	0.01316	0.00659	0.00555	0.00172	0.00643	0.00607	0.09139	0.02158
2	0.02049	0.01279	0.10705	0.01209	0.01682	0.01029	0.08814	0.11081	0.03371	0.48153	0.03709	0.01726	0.01269	0.00644	0.00557	0.00171	0.00563	0.00547	0.00559	0.00881
3	0.01435	0.15164	0.44283	0.01331	0.01970	0.01314	0.03963	0.03618	0.01273	0.16448	0.03407	0.01342	0.00960	0.00559	0.00505	0.00163	0.00686	0.00440	0.00337	0.00804
4	0.02446	0.00928	0.01265	0.00970	0.01392	0.00801	0.00801	0.02657	0.01560	0.77817	0.02151	0.01856	0.01350	0.00675	0.00548	0.00169	0.00464	0.00548	0.00675	0.00928
5	0.01376	0.01213	0.01242	0.01118	0.01426	0.03628	0.00869	0.02876	0.74253	0.02253	0.02178	0.02003	0.01636	0.00734	0.00553	0.00184	0.00448	0.00609	0.00547	0.00856
6	0.02446	0.00928	0.01265	0.00970	0.01392	0.00801	0.00801	0.02657	0.01560	0.77817	0.02151	0.01856	0.01350	0.00675	0.00548	0.00169	0.00464	0.00548	0.00675	0.00928
7	0.01735	0.01083	0.01859	0.13092	0.03536	0.01040	0.22119	0.04477	0.01428	0.34782	0.06197	0.03393	0.01361	0.00638	0.00583	0.00176	0.00625	0.00610	0.00477	0.00789
8	0.00786	0.00526	0.00597	0.00603	0.00605	0.00524	0.00340	0.00791	0.00806	0.01075	0.01787	0.07688	0.02069	0.76602	0.02663	0.00512	0.00517	0.00833	0.00340	0.00336
9	0.01278	0.01444	0.03105	0.02218	0.02766	0.01344	0.71452	0.01726	0.01278	0.01748	0.01096	0.01452	0.00826	0.00457	0.00631	0.00178	0.00892	0.00626	0.00278	0.05204
10	0.01218	0.07439	0.65429	0.01485	0.02231	0.01365	0.01846	0.09485	0.01297	0.01879	0.01000	0.01151	0.00716	0.00529	0.00511	0.00168	0.00771	0.00405	0.00264	0.00812
11	0.00662	0.00483	0.00624	0.00737	0.00785	0.00445	0.00496	0.00762	0.01065	0.01400	0.03269	0.72579	0.11341	0.01674	0.00690	0.00217	0.00312	0.01508	0.00506	0.00445
12	0.03693	0.01115	0.01538	0.04461	0.01615	0.09088	0.18279	0.07814	0.01505	0.05838	0.31242	0.07074	0.02704	0.00834	0.00604	0.00174	0.00556	0.00766	0.00461	0.00637
13	0.01385	0.01535	0.01895	0.03283	0.01769	0.18116	0.13323	0.01570	0.01067	0.01390	0.00812	0.01199	0.00731	0.00780	0.01296	0.00207	0.48283	0.00477	0.00254	0.00627
14	0.02446	0.00928	0.01265	0.00970	0.01392	0.00801	0.00801	0.02657	0.01560	0.77817	0.02151	0.01856	0.01350	0.00675	0.00548	0.00169	0.00464	0.00548	0.00675	0.00928
15	0.00981	0.00898	0.01080	0.01025	0.01125	0.09041	0.00807	0.01157	0.00939	0.01281	0.01270	0.01860	0.01185	0.03191	0.57525	0.00692	0.14601	0.00542	0.00282	0.00520
16	0.01258	0.02602	0.65162	0.01503	0.02247	0.01338	0.01850	0.14162	0.01389	0.02014	0.01034	0.01178	0.00730	0.00541	0.00523	0.00171	0.00771	0.00418	0.00283	0.00826
17	0.00760	0.00557	0.00713	0.00674	0.00808	0.00510	0.00506	0.01007	0.01517	0.02123	0.70833	0.04176	0.11503	0.01138	0.00643	0.00173	0.00259	0.01000	0.00592	0.00510
18	0.00664	0.00474	0.00633	0.00759	0.00791	0.00443	0.00506	0.00759	0.01044	0.01392	0.03005	0.80485	0.03606	0.01708	0.00696	0.00221	0.00316	0.01550	0.00506	0.00443
19	0.10660	0.01413	0.01477	0.01152	0.01561	0.01561	0.00948	0.62926	0.02305	0.03203	0.01528	0.01523	0.05905	0.00687	0.00530	0.00165	0.00560	0.00514	0.00521	0.00861
20	0.01478	0.78410	0.02811	0.00949	0.01409	0.04843	0.00937	0.01652	0.01123	0.01284	0.00761	0.00878	0.00700	0.00470	0.00355	0.00117	0.00597	0.00294	0.00235	0.00697
21	0.01304	0.00938	0.01126	0.00824	0.01278	0.00725	0.00661	0.01543	0.01219	0.13098	0.05768	0.01417	0.01151	0.00487	0.00440	0.00099	0.00404	0.00397	0.00392	0.66729
22	0.01282	0.01315	0.04806	0.11420	0.40831	0.01336	0.12381	0.01751	0.09095	0.01741	0.01127	0.01430	0.00908	0.00557	0.00665	0.00177	0.07575	0.00519	0.00293	0.00790
23	0.01110	0.02720	0.73034	0.01672	0.07293	0.01268	0.01992	0.01723	0.01157	0.01730	0.00981	0.01164	0.00702	0.00516	0.00519	0.00172	0.00795	0.00408	0.00233	0.00810
24	0.01030	0.00969	0.01635	0.79530	0.03755	0.01211	0.01514	0.01393	0.01090	0.01393	0.00969	0.01453	0.00727	0.00545	0.00545	0.00182	0.00727	0.00484	0.00242	0.00606
25	0.02311	0.01060	0.01391	0.01167	0.06062	0.00995	0.00897	0.16033	0.01726	0.59506	0.01927	0.01724	0.01242	0.00660	0.00547	0.00167	0.00500	0.00534	0.00626	0.00924
26	0.00904	0.00502	0.00752	0.00752	0.00777	0.00526	0.00526	0.00777	0.00752	0.01028	0.01078	0.01780	0.01053	0.02452	0.21606	0.62955	0.00725	0.00502	0.00251	0.00300
27	0.00779	0.00584	0.00876	0.00876	0.00974	0.00681	0.00681	0.00974	0.00876	0.01266	0.01460	0.02142	0.01363	0.04089	0.78680	0.00876	0.01460	0.00584	0.00292	0.00487
28	0.01458	0.81168	0.02857	0.00933	0.01399	0.02157	0.00933	0.01632	0.01108	0.01283	0.00758	0.00875	0.00700	0.00466	0.00350	0.00117	0.00583	0.00292	0.00233	0.00700
29	0.01996	0.01503	0.01697	0.01474	0.09650	0.01649	0.01103	0.67852	0.02424	0.03262	0.01279	0.01313	0.00920	0.00637	0.00545	0.00163	0.00605	0.00490	0.00516	0.00920
30	0.01193	0.01193	0.01670	0.01431	0.01431	0.01670	0.01193	0.01312	0.00835	0.01312	0.00716	0.01193	0.00716	0.00954	0.01789	0.00239	0.79843	0.00477	0.00239	0.00596
31	0.01030	0.00969	0.01635	0.79530	0.03755	0.01211	0.01514	0.01393	0.01090	0.01393	0.00969	0.01453	0.00727	0.00545	0.00545	0.00182	0.00727	0.00484	0.00242	0.00606
32	0.02031	0.01700	0.01597	0.01275	0.01673	0.15983	0.01035	0.59776	0.02336	0.02992	0.01268	0.01390	0.00950	0.00662	0.00541	0.00162	0.00668	0.02606	0.00495	0.00860
33	0.01253	0.01569	0.10912	0.07358	0.07384	0.01351	0.58405	0.01717	0.01257	0.01723	0.01076	0.01429	0.00808	0.00473	0.00617	0.00181	0.00878	0.00598	0.00268	0.00742
34	0.00644	0.00552	0.00552	0.00552	0.00736	0.00460	0.00414	0.00782	0.01243	0.01473	0.05523	0.05247	0.77218	0.01381	0.00644	0.00184	0.00276	0.01151	0.00506	0.00460
35	0.00669	0.00485	0.00633	0.00741	0.00789	0.00448	0.00501	0.00777	0.01087	0.01445	0.07670	0.70903	0.08536	0.01650	0.00689	0.00216	0.00310	0.01489	0.00512	0.00448
36	0.01011	0.00699	0.00772	0.00707	0.00782	0.00727	0.00451	0.13573	0.01095	0.01463	0.01648	0.03182	0.01802	0.67146	0.02394	0.00466	0.00541	0.00741	0.00367	0.00432
37	0.02097	0.01407	0.01552	0.01199	0.01626	0.01523	0.00987	0.59436	0.06352	0.15903	0.01499	0.01440	0.01038	0.00662	0.00546	0.00166	0.00568	0.00507	0.00568	0.00924
38	0.10400	0.46845	0.02232	0.01031	0.01458	0.10244	0.00932	0.17847	0.01454	0.01881	0.00888	0.00982	0.00738	0.00522	0.00407	0.00135	0.00613	0.00342	0.00317	0.00731

[dist]
# distance from previous block
# <min> <max>
3	17

[block]
# block no. 3 follows, 44 sequences, length 51
# corresponding to MSA columns:
# 201-251
name=unknown_D
#
# <colnr> <probs for GDERKNQSTAVLIFYWHMCP>
#	G	D	E	R	K	N	Q	S	T	A	V	L	I	F	Y	W	H	M	C	P
0	0.09131	0.08242	0.01449	0.01237	0.08928	0.10245	0.00892	0.17785	0.03209	0.15720	0.04560	0.05771	0.01338	0.06410	0.00671	0.00187	0.00562	0.00550	0.02374	0.00740
1	0.19945	0.11239	0.01431	0.00988	0.01337	0.01446	0.00813	0.36191	0.03249	0.02583	0.04710	0.01574	0.01161	0.10199	0.00746	0.00203	0.00531	0.00484	0.00438	0.00733
2	0.01382	0.01084	0.04728	0.00958	0.01284	0.01008	0.00786	0.21397	0.03430	0.07916	0.12039	0.03223	0.01725	0.12959	0.00920	0.00207	0.03756	0.00586	0.00450	0.20164
3	0.00917	0.10389	0.06617	0.00787	0.01014	0.00810	0.00675	0.04559	0.01404	0.01909	0.41893	0.07488	0.12847	0.05485	0.00716	0.00189	0.00373	0.00877	0.00495	0.00556
4	0.01029	0.00855	0.01009	0.00784	0.01158	0.00665	0.00600	0.01229	0.01092	0.01660	0.01361	0.14473	0.01357	0.06476	0.00625	0.00137	0.00398	0.00561	0.00354	0.64178
5	0.01706	0.47702	0.02306	0.01122	0.01521	0.29061	0.00983	0.07210	0.01368	0.01458	0.00828	0.00944	0.00717	0.00514	0.00414	0.00128	0.00725	0.00327	0.00273	0.00692
6	0.00674	0.00488	0.00637	0.00738	0.00790	0.00451	0.00501	0.00789	0.01109	0.01480	0.10887	0.67544	0.08648	0.01625	0.00687	0.00214	0.00307	0.01465	0.00516	0.00451
7	0.00796	0.00526	0.00627	0.00634	0.00643	0.00532	0.00377	0.00799	0.00807	0.01083	0.01709	0.07364	0.01944	0.64947	0.08537	0.06626	0.00586	0.00793	0.00330	0.00342
8	0.02072	0.01392	0.01538	0.01187	0.01615	0.01497	0.00977	0.57444	0.06242	0.15904	0.01490	0.01435	0.01034	0.00656	0.00543	0.00163	0.00563	0.00503	0.00562	0.03186
9	0.00790	0.00538	0.00641	0.00641	0.00657	0.00554	0.00389	0.00823	0.00807	0.01092	0.01675	0.03331	0.01879	0.68113	0.15362	0.00586	0.00683	0.00758	0.00324	0.00356
10	0.00792	0.00530	0.00603	0.00603	0.00606	0.00533	0.00341	0.00798	0.00795	0.01064	0.01710	0.03523	0.01963	0.78442	0.05147	0.00539	0.00558	0.00786	0.00329	0.00335
11	0.02052	0.01517	0.01625	0.01250	0.01683	0.01681	0.01031	0.73591	0.04627	0.03404	0.01334	0.01329	0.00948	0.00657	0.00546	0.00164	0.00595	0.00494	0.00546	0.00925
12	0.01793	0.01954	0.01485	0.01350	0.05573	0.43085	0.00991	0.11032	0.08593	0.03220	0.01084	0.01182	0.00858	0.00561	0.00493	0.00139	0.00758	0.00399	0.00353	0.15098
13	0.01771	0.01375	0.01497	0.05322	0.01705	0.01550	0.01002	0.46682	0.27922	0.02931	0.01604	0.01566	0.01170	0.00678	0.00549	0.00172	0.00549	0.00534	0.00533	0.00888
14	0.01251	0.00659	0.00856	0.00747	0.00963	0.00592	0.00581	0.01486	0.01504	0.23590	0.46447	0.03415	0.09105	0.00982	0.00602	0.00169	0.00317	0.00847	0.05260	0.00627
15	0.00785	0.00558	0.00742	0.00742	0.00793	0.00609	0.00514	0.00887	0.00836	0.01166	0.01583	0.02821	0.01658	0.40624	0.42547	0.00711	0.01017	0.00683	0.00310	0.00412
16	0.02004	0.01485	0.01590	0.01232	0.01651	0.01646	0.01011	0.69901	0.06646	0.03319	0.01369	0.01400	0.00992	0.02442	0.00595	0.00173	0.00589	0.00505	0.00541	0.00910
17	0.80048	0.05524	0.00916	0.00729	0.01074	0.01275	0.00610	0.01604	0.00938	0.02381	0.00759	0.00885	0.00597	0.00504	0.00338	0.00166	0.00431	0.00295	0.00332	0.00597
18	0.00784	0.00564	0.00774	0.00774	0.00836	0.00626	0.00554	0.00908	0.00846	0.01190	0.01554	0.02659	0.01588	0.31951	0.51125	0.00750	0.01122	0.00660	0.00306	0.00430
19	0.11904	0.03368	0.01526	0.01179	0.01585	0.05911	0.00967	0.54886	0.08401	0.03054	0.01279	0.01290	0.00930	0.00634	0.00514	0.00164	0.00586	0.00465	0.00499	0.00860
20	0.01460	0.71555	0.08263	0.01002	0.01483	0.05898	0.01018	0.01666	0.01133	0.01318	0.00778	0.00900	0.00699	0.00475	0.00369	0.00122	0.00619	0.00303	0.00235	0.00704
21	0.01656	0.01349	0.01500	0.01428	0.11301	0.04985	0.01014	0.29526	0.27119	0.05027	0.01684	0.01662	0.03295	0.00664	0.00540	0.00166	0.00543	0.00537	0.00491	0.05515
22	0.65433	0.01175	0.05088	0.04697	0.11375	0.01234	0.00851	0.01609	0.00989	0.02272	0.00816	0.00987	0.00638	0.00506	0.00383	0.00169	0.00486	0.00335	0.00318	0.00639
23	0.01267	0.01204	0.02010	0.22815	0.54248	0.01277	0.01587	0.01669	0.05398	0.01709	0.01078	0.01414	0.00873	0.00515	0.00542	0.00168	0.00656	0.00493	0.00279	0.00797
24	0.84691	0.01054	0.00801	0.00717	0.01054	0.01223	0.00590	0.01603	0.00928	0.02446	0.00759	0.00886	0.00590	0.00506	0.00337	0.00169	0.00422	0.00295	0.00337	0.00590
25	0.00793	0.00529	0.00595	0.00595	0.00595	0.00529	0.00330	0.00793	0.00793	0.01057	0.01718	0.03568	0.01982	0.80840	0.02775	0.00529	0.00529	0.00793	0.00330	0.00330
26	0.00780	0.00579	0.00849	0.00849	0.00936	0.00667	0.00647	0.00956	0.00868	0.01245	0.01485	0.02281	0.01424	0.11598	0.71253	0.00842	0.01369	0.00605	0.00296	0.00471
27	0.01360	0.01324	0.02174	0.05785	0.72723	0.03641	0.01649	0.01679	0.01246	0.01755	0.01018	0.01342	0.00854	0.00490	0.00538	0.00162	0.00660	0.00482	0.00269	0.00848
28	0.00768	0.00557	0.00724	0.00682	0.00812	0.00513	0.00512	0.01022	0.01535	0.02167	0.75205	0.04104	0.07103	0.01122	0.00643	0.00172	0.00258	0.00990	0.00598	0.00513
29	0.00779	0.00584	0.00876	0.00876	0.00974	0.00681	0.00681	0.00974	0.00876	0.01266	0.01460	0.02142	0.01363	0.04089	0.78680	0.00876	0.01460	0.00584	0.00292	0.00487
30	0.48951	0.01125	0.01044	0.00878	0.01216	0.01268	0.00715	0.22311	0.01405	0.05396	0.01060	0.01236	0.00825	0.03840	0.05130	0.00222	0.00536	0.00399	0.01762	0.00680
31	0.01441	0.77713	0.06171	0.00960	0.01442	0.02118	0.00981	0.01637	0.01110	0.01302	0.00768	0.00887	0.00699	0.00469	0.00357	0.00119	0.00593	0.00296	0.00233	0.00704
32	0.00725	0.00522	0.00681	0.00711	0.00796	0.00484	0.00503	0.00904	0.01306	0.01807	0.42565	0.35809	0.05856	0.03858	0.00732	0.00204	0.00291	0.01217	0.00551	0.00478
33	0.00803	0.00528	0.00591	0.00591	0.00596	0.00528	0.00333	0.00815	0.00809	0.01102	0.01721	0.03496	0.01955	0.77114	0.02664	0.00510	0.00516	0.00780	0.04211	0.00339
34	0.03152	0.39393	0.12012	0.01276	0.07093	0.13994	0.01126	0.05133	0.02403	0.04993	0.00959	0.01096	0.00790	0.00662	0.03662	0.00169	0.00706	0.00367	0.00287	0.00727
35	0.01348	0.01256	0.02069	0.16433	0.58938	0.01310	0.01598	0.07181	0.01314	0.01838	0.01037	0.01364	0.00845	0.00509	0.00541	0.00165	0.00658	0.00486	0.00286	0.00823
36	0.00693	0.00554	0.00620	0.00604	0.00767	0.00481	0.00453	0.00878	0.01359	0.01748	0.33191	0.04793	0.49378	0.01278	0.00644	0.00179	0.00269	0.01087	0.00543	0.00481
37	0.00847	0.00679	0.01001	0.00946	0.01027	0.00802	0.02940	0.01007	0.00876	0.01259	0.01442	0.04848	0.01430	0.14937	0.52270	0.00698	0.11575	0.00635	0.00297	0.00484
38	0.05922	0.01089	0.04633	0.01305	0.07062	0.00980	0.08926	0.04979	0.07197	0.38857	0.01915	0.07828	0.01465	0.00749	0.00568	0.00179	0.00532	0.04466	0.00531	0.00817
39	0.01664	0.01969	0.01930	0.01754	0.09590	0.41203	0.16477	0.01980	0.06246	0.01544	0.02756	0.01279	0.00911	0.00592	0.00650	0.00164	0.07837	0.00468	0.00300	0.00686
40	0.01116	0.07608	0.73423	0.01516	0.02301	0.01321	0.01948	0.01721	0.01148	0.01699	0.00965	0.01134	0.00691	0.00515	0.00508	0.00169	0.00792	0.00396	0.00230	0.00799
41	0.00732	0.00596	0.00821	0.00795	0.00940	0.00538	0.05947	0.00906	0.01235	0.01607	0.17896	0.30778	0.29409	0.01381	0.00666	0.00197	0.00343	0.04217	0.00507	0.00486
42	0.01809	0.03114	0.01485	0.01439	0.11396	0.26416	0.00998	0.14696	0.02789	0.14494	0.01298	0.03213	0.01040	0.00796	0.00722	0.10190	0.00682	0.02309	0.00400	0.00713
43	0.00857	0.00594	0.00713	0.00693	0.00738	0.00624	0.00447	0.04770	0.00905	0.01230	0.01638	0.03125	0.01786	0.59206	0.19882	0.00588	0.00744	0.00730	0.00333	0.00397
44	0.02193	0.00920	0.01194	0.00934	0.01313	0.00836	0.00765	0.08793	0.01602	0.60157	0.05009	0.01915	0.01468	0.00686	0.00534	0.00164	0.00445	0.00556	0.09650	0.00866
45	0.01276	0.01201	0.01868	0.37071	0.34964	0.03635	0.01517	0.06562	0.03466	0.01720	0.01049	0.01402	0.00825	0.00533	0.00541	0.00171	0.00684	0.00485	0.00285	0.00746
46	0.01310	0.01214	0.05544	0.10896	0.39055	0.01173	0.04427	0.01789	0.11231	0.07296	0.01463	0.09575	0.01261	0.00665	0.00562	0.00175	0.00599	0.00619	0.00357	0.00789
47	0.00745	0.00533	0.00728	0.00842	0.00907	0.00522	0.00634	0.00895	0.01092	0.01450	0.02817	0.48613	0.03244	0.04124	0.06452	0.00288	0.00466	0.24702	0.00484	0.00462
48	0.74711	0.03817	0.00934	0.00784	0.01121	0.08047	0.00642	0.01654	0.00988	0.02310	0.00766	0.00894	0.00604	0.00510	0.00351	0.00165	0.00476	0.00300	0.00329	0.00598
49	0.00778	0.00573	0.00731	0.00809	0.00897	0.00558	0.00591	0.03124	0.04758	0.01599	0.08996	0.52310	0.07990	0.01533	0.00686	0.00216	0.00351	0.12489	0.00516	0.00493
50	0.42826	0.07379	0.02416	0.14488	0.05632	0.01211	0.00872	0.01585	0.01045	0.05143	0.00900	0.01086	0.00701	0.00501	0.00406	0.00154	0.00504	0.00354	0.00319	0.12479

[dist]
# distance from previous block
# <min> <max>
1	4

[block]
# block no. 4 follows, 44 sequences, length 16
# corresponding to MSA columns:
# 256-271
name=unknown_E
#
# <colnr> <probs for GDERKNQSTAVLIFYWHMCP>
#	G	D	E	R	K	N	Q	S	T	A	V	L	I	F	Y	W	H	M	C	P
0	0.00810	0.00631	0.00767	0.00687	0.00890	0.00541	0.00520	0.01033	0.01380	0.01928	0.44741	0.07601	0.18334	0.01060	0.00600	0.00159	0.00292	0.00919	0.00524	0.16584
1	0.12372	0.01150	0.04094	0.22346	0.26937	0.01152	0.01271	0.01698	0.03718	0.09342	0.01120	0.01358	0.00855	0.00523	0.00500	0.00161	0.00591	0.00450	0.00326	0.10037
2	0.01206	0.05632	0.44506	0.01406	0.04028	0.01198	0.05277	0.01814	0.09323	0.06023	0.04252	0.01539	0.03516	0.00586	0.00523	0.00164	0.00667	0.00484	0.00324	0.07532
3	0.02091	0.01006	0.01276	0.00977	0.01404	0.00899	0.00804	0.12015	0.01599	0.50736	0.01830	0.01772	0.01242	0.00644	0.00526	0.00153	0.00471	0.02725	0.00583	0.17247
4	0.01130	0.00969	0.01130	0.00807	0.01292	0.00727	0.00646	0.01373	0.01130	0.01776	0.00969	0.01130	0.00807	0.00404	0.00404	0.00081	0.00404	0.00323	0.00323	0.84173
5	0.00977	0.00683	0.00853	0.02953	0.01037	0.00675	0.00632	0.10861	0.01428	0.05246	0.22674	0.34702	0.08732	0.01299	0.00651	0.00196	0.00363	0.04948	0.00536	0.00556
6	0.00766	0.00582	0.00728	0.00807	0.00944	0.00544	0.00662	0.00958	0.01227	0.01545	0.03893	0.14056	0.31108	0.01481	0.00706	0.00223	0.00396	0.38391	0.00504	0.00480
7	0.84691	0.01054	0.00801	0.00717	0.01054	0.01223	0.00590	0.01603	0.00928	0.02446	0.00759	0.00886	0.00590	0.00506	0.00337	0.00169	0.00422	0.00295	0.00337	0.00590
8	0.02003	0.07610	0.01643	0.01354	0.01667	0.63449	0.01043	0.11861	0.01651	0.01609	0.00899	0.01019	0.00732	0.00568	0.00489	0.00142	0.00906	0.00366	0.00313	0.00676
9	0.00664	0.00474	0.00633	0.00759	0.00791	0.00443	0.00506	0.00759	0.01044	0.01392	0.03005	0.80485	0.03606	0.01708	0.00696	0.00221	0.00316	0.01550	0.00506	0.00443
10	0.01316	0.29469	0.27211	0.07239	0.05687	0.04588	0.01404	0.01656	0.01121	0.03685	0.00898	0.01107	0.00728	0.00564	0.00631	0.00161	0.11172	0.00387	0.00250	0.00726
11	0.01895	0.01400	0.01494	0.01177	0.01572	0.01554	0.00962	0.60177	0.12231	0.03173	0.01466	0.01462	0.01061	0.00664	0.00534	0.00164	0.00551	0.00509	0.07069	0.00886
12	0.01267	0.23013	0.01630	0.00864	0.01341	0.01167	0.00744	0.05141	0.01196	0.01724	0.00928	0.01069	0.00784	0.00433	0.00396	0.00095	0.00463	0.00323	0.00309	0.57113
13	0.00799	0.00613	0.00914	0.00903	0.00995	0.00729	0.00706	0.00990	0.00874	0.01268	0.01425	0.02096	0.01332	0.03939	0.75008	0.00846	0.05203	0.00579	0.00290	0.00492
14	0.09143	0.01194	0.05167	0.01058	0.01460	0.01142	0.00903	0.20855	0.11469	0.33615	0.04675	0.01838	0.01385	0.00698	0.00538	0.00172	0.00501	0.02765	0.00567	0.00855
15	0.01261	0.01649	0.13116	0.02199	0.02784	0.01364	0.65739	0.01744	0.01269	0.01744	0.01086	0.01428	0.00809	0.00467	0.00627	0.00182	0.00904	0.00612	0.00270	0.00745

[dist]
# distance from previous block
# <min> <max>
0	12

[block]
# block no. 5 follows, 44 sequences, length 27
# corresponding to MSA columns:
# 284-310
name=unknown_F
#
# <colnr> <probs for GDERKNQSTAVLIFYWHMCP>
#	G	D	E	R	K	N	Q	S	T	A	V	L	I	F	Y	W	H	M	C	P
0	0.00832	0.00571	0.00748	0.00696	0.00835	0.00525	0.00525	0.01088	0.01544	0.04921	0.74440	0.03992	0.05007	0.01099	0.00640	0.00171	0.00265	0.00970	0.00603	0.00529
1	0.01467	0.07430	0.01393	0.01111	0.01441	0.05034	0.00883	0.06129	0.61093	0.04838	0.01997	0.01855	0.01499	0.00704	0.00535	0.00176	0.00478	0.00571	0.00521	0.00845
2	0.02343	0.00951	0.01262	0.00983	0.01394	0.00854	0.00807	0.02680	0.08647	0.70669	0.02157	0.01872	0.01379	0.00681	0.00549	0.00170	0.00461	0.00555	0.00663	0.00922
3	0.00793	0.00529	0.00595	0.00595	0.00595	0.00529	0.00330	0.00793	0.00793	0.01057	0.01718	0.03568	0.01982	0.80840	0.02775	0.00529	0.00529	0.00793	0.00330	0.00330
4	0.00779	0.00584	0.00876	0.00876	0.00974	0.00681	0.00681	0.00974	0.00876	0.01266	0.01460	0.02142	0.01363	0.04089	0.78680	0.00876	0.01460	0.00584	0.00292	0.00487
5	0.17601	0.01947	0.01467	0.01383	0.07416	0.40595	0.01004	0.16678	0.01608	0.04087	0.00970	0.01082	0.00756	0.00567	0.00478	0.00153	0.00761	0.00384	0.00354	0.00709
6	0.00780	0.00578	0.00845	0.00845	0.00931	0.00664	0.00642	0.00953	0.00867	0.01242	0.01489	0.02301	0.01432	0.12647	0.70216	0.00837	0.01356	0.00607	0.00296	0.00469
7	0.00947	0.00473	0.00710	0.00710	0.00710	0.00473	0.00473	0.00710	0.00710	0.00947	0.00947	0.01657	0.00947	0.01894	0.02131	0.84138	0.00473	0.00473	0.00237	0.00237
8	0.00749	0.00539	0.00688	0.00779	0.00838	0.00518	0.00531	0.05134	0.01132	0.01506	0.02942	0.72197	0.05312	0.03408	0.00732	0.00224	0.00337	0.01461	0.00504	0.00469
9	0.74280	0.01219	0.08133	0.03152	0.01259	0.01227	0.00753	0.01608	0.00954	0.02346	0.00786	0.00928	0.00604	0.00508	0.00361	0.00169	0.00467	0.00311	0.00324	0.00611
10	0.00793	0.00529	0.00595	0.00595	0.00595	0.00529	0.00330	0.00793	0.00793	0.01057	0.01718	0.03568	0.01982	0.80840	0.02775	0.00529	0.00529	0.00793	0.00330	0.00330
11	0.16383	0.00864	0.00912	0.00781	0.01044	0.00896	0.00622	0.15858	0.01517	0.10524	0.17372	0.02389	0.09099	0.00789	0.00502	0.00161	0.00377	0.00630	0.18633	0.00647
12	0.01497	0.01241	0.01312	0.01138	0.01471	0.01422	0.00897	0.17216	0.61906	0.02508	0.02040	0.01891	0.01519	0.00723	0.00553	0.00181	0.00465	0.00592	0.00553	0.00876
13	0.00819	0.00567	0.00734	0.00690	0.00829	0.00519	0.00518	0.01062	0.01509	0.04746	0.67824	0.06677	0.09171	0.01135	0.00642	0.00174	0.00268	0.01000	0.00594	0.00523
14	0.00909	0.00675	0.00975	0.01178	0.07019	0.00674	0.00929	0.01161	0.01248	0.01636	0.02746	0.07934	0.02975	0.01433	0.00735	0.00243	0.00508	0.66010	0.00484	0.00528
15	0.01458	0.81168	0.02857	0.00933	0.01399	0.02157	0.00933	0.01632	0.01108	0.01283	0.00758	0.00875	0.00700	0.00466	0.00350	0.00117	0.00583	0.00292	0.00233	0.00700
16	0.00793	0.00529	0.00595	0.00595	0.00595	0.00529	0.00330	0.00793	0.00793	0.01057	0.01718	0.03568	0.01982	0.80840	0.02775	0.00529	0.00529	0.00793	0.00330	0.00330
17	0.20480	0.00826	0.00778	0.00707	0.00928	0.05287	0.00550	0.01561	0.01184	0.13454	0.05904	0.02004	0.01463	0.05654	0.00577	0.00175	0.00391	0.02468	0.35021	0.00587
18	0.00947	0.00473	0.00710	0.00710	0.00710	0.00473	0.00473	0.00710	0.00710	0.00947	0.00947	0.01657	0.00947	0.01894	0.02131	0.84138	0.00473	0.00473	0.00237	0.00237
19	0.01394	0.08301	0.01086	0.00787	0.01042	0.00762	0.00636	0.01628	0.01477	0.26419	0.39969	0.02899	0.03213	0.00875	0.00565	0.00162	0.00354	0.00742	0.07027	0.00664
20	0.01636	0.66695	0.02570	0.00940	0.01398	0.01913	0.00909	0.01817	0.01189	0.15088	0.01009	0.01051	0.00817	0.00504	0.00386	0.00126	0.00562	0.00338	0.00313	0.00741
21	0.01130	0.02157	0.45507	0.01750	0.02405	0.01240	0.27343	0.01661	0.01195	0.01711	0.01191	0.06031	0.00974	0.00594	0.00578	0.00181	0.00808	0.02523	0.00269	0.00752
22	0.00857	0.00648	0.01068	0.00981	0.01104	0.00710	0.07720	0.00999	0.00885	0.01254	0.01334	0.01991	0.01237	0.03349	0.57488	0.15829	0.01231	0.00570	0.00281	0.00465
23	0.01401	0.64970	0.02664	0.09629	0.08848	0.01974	0.01066	0.01611	0.01118	0.01342	0.00806	0.00982	0.00718	0.00477	0.00389	0.00128	0.00605	0.00331	0.00238	0.00705
24	0.01511	0.08376	0.01167	0.00829	0.01133	0.00820	0.00676	0.03886	0.01491	0.30286	0.29714	0.02780	0.08502	0.00855	0.00563	0.00161	0.00385	0.00716	0.00568	0.05582
25	0.01393	0.00868	0.01166	0.07692	0.03700	0.00896	0.00922	0.13409	0.01464	0.17368	0.02140	0.08345	0.02011	0.01346	0.08024	0.00269	0.00612	0.27208	0.00496	0.00671
26	0.07965	0.07415	0.03786	0.15197	0.01857	0.10729	0.01000	0.03496	0.01389	0.36964	0.01538	0.01633	0.01080	0.00630	0.00515	0.00166	0.00596	0.02803	0.00468	0.00773

[dist]
# distance from previous block
# <min> <max>
0	179

[block]
# block no. 6 follows, 44 sequences, length 65
# corresponding to MSA columns:
# 490-554
name=unknown_G
#
# <colnr> <probs for GDERKNQSTAVLIFYWHMCP>
#	G	D	E	R	K	N	Q	S	T	A	V	L	I	F	Y	W	H	M	C	P
0	0.73338	0.01038	0.00879	0.03639	0.01188	0.01180	0.00646	0.01701	0.00997	0.09993	0.00907	0.01004	0.00672	0.00524	0.00366	0.00169	0.00437	0.00328	0.00368	0.00625
1	0.01121	0.01371	0.18421	0.09032	0.04583	0.00925	0.03247	0.01465	0.01146	0.03339	0.03537	0.01386	0.00975	0.02228	0.03551	0.00162	0.00590	0.00419	0.00306	0.42198
2	0.01989	0.02422	0.01520	0.01367	0.01653	0.68691	0.01032	0.08887	0.01620	0.01530	0.00965	0.03935	0.00830	0.00612	0.00504	0.00146	0.00923	0.00408	0.00314	0.00652
3	0.04105	0.00972	0.01605	0.76633	0.03656	0.01212	0.01480	0.01401	0.01084	0.01432	0.00961	0.01433	0.00722	0.00544	0.00537	0.00181	0.00716	0.00478	0.00246	0.00605
4	0.01279	0.01223	0.02086	0.20140	0.61197	0.01277	0.01638	0.01611	0.01208	0.01696	0.01013	0.01372	0.00833	0.00499	0.00541	0.00166	0.00665	0.00485	0.00264	0.00807
5	0.01677	0.01446	0.12055	0.01158	0.01576	0.01308	0.01043	0.39542	0.07612	0.09742	0.13045	0.04117	0.01711	0.00745	0.00562	0.00170	0.00543	0.00600	0.00521	0.00828
6	0.01030	0.00969	0.01635	0.79530	0.03755	0.01211	0.01514	0.01393	0.01090	0.01393	0.00969	0.01453	0.00727	0.00545	0.00545	0.00182	0.00727	0.00484	0.00242	0.00606
7	0.01030	0.00969	0.01635	0.79530	0.03755	0.01211	0.01514	0.01393	0.01090	0.01393	0.00969	0.01453	0.00727	0.00545	0.00545	0.00182	0.00727	0.00484	0.00242	0.00606
8	0.00915	0.00559	0.00744	0.00764	0.00876	0.00513	0.00551	0.01081	0.01275	0.10693	0.27600	0.44270	0.03842	0.01384	0.00662	0.00199	0.00318	0.02671	0.00557	0.00525
9	0.00879	0.00628	0.00879	0.01004	0.01130	0.00628	0.00879	0.01130	0.01255	0.01632	0.02887	0.06150	0.03138	0.01506	0.00753	0.00251	0.00502	0.73770	0.00502	0.00502
10	0.01118	0.08029	0.73019	0.01513	0.02296	0.01325	0.01942	0.01720	0.01148	0.01697	0.00964	0.01133	0.00691	0.00515	0.00507	0.00169	0.00791	0.00395	0.00230	0.00799
11	0.01140	0.12775	0.68466	0.01475	0.02238	0.01379	0.01877	0.01715	0.01146	0.01670	0.00950	0.01116	0.00692	0.00511	0.00497	0.00166	0.00777	0.00389	0.00231	0.00792
12	0.01149	0.18368	0.60011	0.01399	0.02107	0.01412	0.01740	0.01670	0.01138	0.01625	0.01013	0.04174	0.00806	0.00554	0.00491	0.00163	0.00742	0.00425	0.00242	0.00770
13	0.02037	0.02598	0.01545	0.01404	0.01685	0.78652	0.01053	0.02177	0.01545	0.01334	0.00843	0.00983	0.00702	0.00562	0.00492	0.00140	0.00983	0.00351	0.00281	0.00632
14	0.01517	0.01374	0.02041	0.04713	0.60890	0.08560	0.01523	0.01813	0.01299	0.09382	0.01120	0.01368	0.00894	0.00513	0.00536	0.00161	0.00663	0.00479	0.00311	0.00842
15	0.01349	0.01295	0.02213	0.03346	0.77440	0.01295	0.01673	0.01673	0.01241	0.01781	0.01025	0.01349	0.00864	0.00486	0.00540	0.00162	0.00648	0.00486	0.00270	0.00864
16	0.01122	0.00644	0.00874	0.00831	0.01001	0.00586	0.02755	0.02730	0.01279	0.18729	0.12211	0.41859	0.10565	0.01312	0.00646	0.00197	0.00361	0.01167	0.00550	0.00581
17	0.01021	0.00936	0.01538	0.68457	0.03392	0.01149	0.01424	0.01404	0.03161	0.01444	0.01221	0.02004	0.01027	0.00660	0.00569	0.00190	0.00693	0.08829	0.00280	0.00601
18	0.01328	0.01313	0.02047	0.19221	0.56924	0.06420	0.01599	0.01648	0.01230	0.01670	0.01001	0.01347	0.00824	0.00503	0.00538	0.00165	0.00687	0.00477	0.00265	0.00794
19	0.01309	0.01254	0.02141	0.12888	0.68211	0.01285	0.01653	0.01638	0.01222	0.01732	0.01018	0.01362	0.00846	0.00493	0.00540	0.00164	0.00658	0.00486	0.00266	0.00831
20	0.02310	0.01118	0.08990	0.01029	0.01489	0.00848	0.00923	0.02563	0.01519	0.70159	0.02033	0.01785	0.01283	0.00659	0.00545	0.00169	0.00498	0.00534	0.00630	0.00916
21	0.01168	0.01110	0.01885	0.46605	0.35600	0.01248	0.01583	0.01514	0.01155	0.01561	0.00993	0.01408	0.00786	0.00519	0.00543	0.00173	0.00693	0.00485	0.00254	0.00717
22	0.01067	0.01007	0.01703	0.70607	0.12385	0.01221	0.01533	0.01426	0.01108	0.01438	0.00976	0.01441	0.00743	0.00538	0.00544	0.00179	0.00717	0.00485	0.00245	0.00636
23	0.01130	0.10705	0.70451	0.01491	0.02263	0.01356	0.01905	0.01717	0.01147	0.01682	0.00956	0.01123	0.00692	0.00513	0.00501	0.00167	0.00783	0.00392	0.00231	0.00795
24	0.00797	0.00600	0.00868	0.00858	0.00938	0.00698	0.00652	0.00961	0.00863	0.01238	0.01467	0.02304	0.01424	0.14682	0.65100	0.00803	0.04371	0.00609	0.00295	0.00469
25	0.01998	0.02542	0.01518	0.01381	0.01659	0.76513	0.01036	0.02139	0.01537	0.01338	0.00971	0.01100	0.02795	0.00584	0.00496	0.00142	0.00964	0.00373	0.00287	0.00627
26	0.01293	0.45753	0.36830	0.01214	0.01833	0.01754	0.01422	0.01675	0.01127	0.01483	0.00858	0.01000	0.00696	0.00490	0.00426	0.00142	0.00684	0.00342	0.00232	0.00748
27	0.01653	0.01122	0.01258	0.01082	0.01422	0.01225	0.00859	0.07431	0.51793	0.20595	0.02161	0.02046	0.01577	0.00737	0.00557	0.00181	0.00452	0.02392	0.00582	0.00874
28	0.00772	0.00557	0.00729	0.00686	0.00814	0.00514	0.00514	0.01029	0.01543	0.02186	0.77152	0.04072	0.05144	0.01115	0.00643	0.00171	0.00257	0.00986	0.00600	0.00514
29	0.01030	0.00969	0.01635	0.79530	0.03755	0.01211	0.01514	0.01393	0.01090	0.01393	0.00969	0.01453	0.00727	0.00545	0.00545	0.00182	0.00727	0.00484	0.00242	0.00606
30	0.68083	0.01129	0.02591	0.05732	0.02832	0.01240	0.08229	0.01608	0.00984	0.02286	0.00816	0.00993	0.00629	0.00504	0.00388	0.00171	0.00502	0.00347	0.00322	0.00615
31	0.00664	0.00474	0.00633	0.00759	0.00791	0.00443	0.00506	0.00759	0.01044	0.01392	0.03005	0.80485	0.03606	0.01708	0.00696	0.00221	0.00316	0.01550	0.00506	0.00443
32	0.06163	0.00934	0.01244	0.00959	0.01376	0.00820	0.00792	0.02609	0.01532	0.74411	0.02088	0.01812	0.01315	0.00667	0.00539	0.00169	0.00462	0.00537	0.00660	0.00913
33	0.03746	0.08122	0.32933	0.01428	0.08625	0.01211	0.01388	0.02102	0.08849	0.24145	0.01429	0.01436	0.00996	0.00579	0.00514	0.00167	0.00626	0.00463	0.00400	0.00839
34	0.00793	0.00529	0.00595	0.00595	0.00595	0.00529	0.00330	0.00793	0.00793	0.01057	0.01718	0.03568	0.01982	0.80840	0.02775	0.00529	0.00529	0.00793	0.00330	0.00330
35	0.00946	0.00581	0.00743	0.00685	0.00837	0.00538	0.00520	0.01199	0.01488	0.08493	0.60244	0.03599	0.04298	0.01010	0.00598	0.00165	0.00274	0.00882	0.12351	0.00548
36	0.01349	0.01295	0.02213	0.03346	0.77440	0.01295	0.01673	0.01673	0.01241	0.01781	0.01025	0.01349	0.00864	0.00486	0.00540	0.00162	0.00648	0.00486	0.00270	0.00864
37	0.01333	0.01279	0.02184	0.07120	0.73790	0.01291	0.01665	0.01659	0.01234	0.01762	0.01023	0.01354	0.00857	0.00489	0.00540	0.00163	0.00652	0.00486	0.00268	0.00851
38	0.01030	0.00969	0.01635	0.79530	0.03755	0.01211	0.01514	0.01393	0.01090	0.01393	0.00969	0.01453	0.00727	0.00545	0.00545	0.00182	0.00727	0.00484	0.00242	0.00606
39	0.01458	0.81168	0.02857	0.00933	0.01399	0.02157	0.00933	0.01632	0.01108	0.01283	0.00758	0.00875	0.00700	0.00466	0.00350	0.00117	0.00583	0.00292	0.00233	0.00700
40	0.01317	0.01262	0.02155	0.11014	0.70023	0.01287	0.01657	0.01645	0.01226	0.01742	0.01020	0.01360	0.00850	0.00492	0.00540	0.00164	0.00656	0.00486	0.00267	0.00838
41	0.01030	0.00969	0.01635	0.79530	0.03755	0.01211	0.01514	0.01393	0.01090	0.01393	0.00969	0.01453	0.00727	0.00545	0.00545	0.00182	0.00727	0.00484	0.00242	0.00606
42	0.00766	0.00559	0.00720	0.00684	0.00816	0.00513	0.00516	0.01015	0.01517	0.02126	0.70702	0.04198	0.09890	0.01141	0.00646	0.00174	0.00264	0.02651	0.00592	0.00511
43	0.00688	0.00550	0.00619	0.00630	0.00784	0.00481	0.00475	0.00854	0.01287	0.01625	0.20181	0.12630	0.49851	0.01366	0.00656	0.00190	0.00291	0.05845	0.00526	0.00473
44	0.01433	0.75960	0.07853	0.00974	0.01463	0.02098	0.01005	0.01639	0.01111	0.01312	0.00773	0.00893	0.00699	0.00470	0.00361	0.00120	0.00598	0.00299	0.00233	0.00707
45	0.00936	0.00717	0.01063	0.06460	0.08984	0.00734	0.01001	0.01202	0.01243	0.01631	0.02572	0.05354	0.02748	0.01339	0.00718	0.00237	0.00532	0.61522	0.00461	0.00545
46	0.06279	0.01187	0.06894	0.03498	0.05995	0.01058	0.23674	0.03806	0.03379	0.14701	0.02931	0.04167	0.01574	0.00796	0.00614	0.00194	0.00645	0.17474	0.00420	0.00714
47	0.00804	0.00572	0.00752	0.02728	0.00953	0.00539	0.00608	0.01008	0.01315	0.03842	0.31197	0.22988	0.12931	0.01345	0.00674	0.00202	0.00342	0.16160	0.00539	0.00502
48	0.01299	0.01444	0.09894	0.07708	0.58913	0.01295	0.08117	0.01668	0.01227	0.01749	0.01024	0.01346	0.00835	0.00490	0.00547	0.00166	0.00692	0.00491	0.00265	0.00831
49	0.01122	0.01048	0.01743	0.40790	0.31308	0.01169	0.01457	0.01473	0.03023	0.01562	0.01226	0.09383	0.01092	0.00644	0.00558	0.00178	0.00648	0.00595	0.00287	0.00693
50	0.01664	0.02084	0.09947	0.03482	0.18654	0.37603	0.08782	0.05200	0.04416	0.01647	0.01001	0.01196	0.00798	0.00541	0.00526	0.00157	0.00840	0.00435	0.00294	0.00734
51	0.01245	0.01329	0.23827	0.01149	0.03112	0.00836	0.01124	0.01588	0.02405	0.17918	0.04161	0.19867	0.02115	0.01035	0.00616	0.00199	0.00539	0.15794	0.00458	0.00684
52	0.01156	0.02615	0.68308	0.01718	0.09890	0.01256	0.01947	0.01746	0.01171	0.03793	0.01015	0.01190	0.00726	0.00519	0.00521	0.00171	0.00781	0.00415	0.00246	0.00815
53	0.01035	0.01491	0.24382	0.06661	0.01984	0.02351	0.15530	0.01437	0.01221	0.01658	0.03350	0.06497	0.03230	0.00928	0.00637	0.00204	0.00679	0.25722	0.00358	0.00643
54	0.01086	0.02364	0.58933	0.01624	0.07310	0.01188	0.06700	0.01643	0.01212	0.01785	0.09825	0.01525	0.01228	0.00581	0.00542	0.00173	0.00739	0.00492	0.00279	0.00771
55	0.01261	0.01228	0.02161	0.19919	0.52482	0.01271	0.09045	0.01604	0.01209	0.01686	0.01054	0.02704	0.00876	0.00517	0.00554	0.00169	0.00687	0.00519	0.00268	0.00787
56	0.01228	0.01173	0.01986	0.31290	0.48304	0.01275	0.01602	0.01560	0.01175	0.01626	0.00996	0.01383	0.00809	0.00520	0.00576	0.00171	0.02821	0.00485	0.00259	0.00762
57	0.01235	0.01477	0.14751	0.20211	0.48291	0.01272	0.01694	0.01619	0.01192	0.01685	0.01005	0.01340	0.00804	0.00504	0.00537	0.00168	0.00692	0.00472	0.00257	0.00796
58	0.01494	0.02062	0.44919	0.01704	0.14838	0.01148	0.01637	0.01963	0.01274	0.21802	0.01296	0.01370	0.00894	0.00554	0.00530	0.00170	0.00689	0.00455	0.00354	0.00848
59	0.01179	0.02574	0.68044	0.01549	0.04475	0.01214	0.01885	0.01762	0.01184	0.06575	0.01125	0.01386	0.00828	0.00563	0.00529	0.00175	0.00768	0.03111	0.00270	0.00804
60	0.01069	0.03827	0.63976	0.01513	0.02218	0.01206	0.06727	0.01629	0.01149	0.01687	0.01187	0.09152	0.00993	0.00633	0.00541	0.00177	0.00760	0.00532	0.00261	0.00763
