[name]
unknown

[dist]
# distance from previous block
# <min> <max>
0	27

[block]
# block no. 0 follows, 44 sequences, length 50
# corresponding to MSA columns:
# 39-64,66-89
name=unknown_A
#
# <colnr> <probs for GDERKNQSTAVLIFYWHMCP>
#	G	D	E	R	K	N	Q	S	T	A	V	L	I	F	Y	W	H	M	C	P
0	0.12802	0.02742	0.08257	0.11293	0.08798	0.10644	0.12518	0.07990	0.04169	0.06235	0.01222	0.02851	0.00989	0.00608	0.00529	0.00171	0.00679	0.04191	0.00348	0.02962
1	0.01135	0.00806	0.01046	0.02496	0.03973	0.00752	0.02226	0.07495	0.02937	0.09585	0.07843	0.31791	0.05446	0.01065	0.00607	0.00173	0.01618	0.00935	0.00475	0.17597
2	0.01174	0.00983	0.01141	0.00833	0.01303	0.00775	0.00665	0.01512	0.06729	0.03334	0.01085	0.01212	0.00882	0.00434	0.00418	0.00090	0.00407	0.00349	0.00347	0.76327
3	0.06031	0.01221	0.02259	0.17293	0.04301	0.01258	0.35774	0.01775	0.02820	0.12276	0.01210	0.01488	0.00889	0.00556	0.00669	0.00183	0.06654	0.00560	0.02065	0.00719
4	0.00644	0.00552	0.00552	0.00552	0.00736	0.00460	0.00414	0.00782	0.01243	0.01473	0.05523	0.05247	0.77218	0.01381	0.00644	0.00184	0.00276	0.01151	0.00506	0.00460
5	0.02406	0.00937	0.01264	0.00975	0.01393	0.00822	0.00804	0.02666	0.04316	0.75038	0.02153	0.01862	0.01361	0.00677	0.00548	0.00169	0.00463	0.00551	0.00670	0.00925
6	0.00681	0.00541	0.00612	0.00620	0.00766	0.00472	0.00455	0.00844	0.01291	0.01650	0.24166	0.16814	0.46436	0.01362	0.00652	0.00187	0.00277	0.01170	0.00531	0.00472
7	0.00674	0.00499	0.00618	0.00701	0.00777	0.00453	0.00483	0.00794	0.01128	0.01480	0.08897	0.56016	0.20800	0.01569	0.00674	0.00207	0.00302	0.01397	0.02078	0.00453
8	0.84691	0.01054	0.00801	0.00717	0.01054	0.01223	0.00590	0.01603	0.00928	0.02446	0.00759	0.00886	0.00590	0.00506	0.00337	0.00169	0.00422	0.00295	0.00337	0.00590
9	0.07233	0.00883	0.01143	0.00897	0.01277	0.00790	0.00736	0.02420	0.01470	0.63797	0.02020	0.01819	0.01310	0.00660	0.00515	0.00163	0.00435	0.00528	0.11049	0.00855
10	0.84691	0.01054	0.00801	0.00717	0.01054	0.01223	0.00590	0.01603	0.00928	0.02446	0.00759	0.00886	0.00590	0.00506	0.00337	0.00169	0.00422	0.00295	0.00337	0.00590
11	0.00795	0.00670	0.00703	0.00675	0.00875	0.00637	0.00512	0.01214	0.15532	0.01715	0.13847	0.04491	0.53896	0.01226	0.00627	0.00183	0.00303	0.01029	0.00527	0.00543
12	0.00793	0.00529	0.00595	0.00595	0.00595	0.00529	0.00330	0.00793	0.00793	0.01057	0.01718	0.03568	0.01982	0.80840	0.02775	0.00529	0.00529	0.00793	0.00330	0.00330
13	0.01181	0.00649	0.00863	0.00763	0.00963	0.00587	0.00593	0.01427	0.01540	0.20540	0.57086	0.03586	0.04172	0.01017	0.00623	0.00173	0.00314	0.02693	0.00616	0.00614
14	0.01153	0.01095	0.01858	0.50208	0.32115	0.01244	0.01575	0.01501	0.01148	0.01542	0.00991	0.01413	0.00779	0.00522	0.00543	0.00174	0.00696	0.00485	0.00253	0.00705
15	0.01510	0.11253	0.01495	0.01111	0.01456	0.04323	0.00897	0.11147	0.53466	0.04515	0.01878	0.01761	0.01413	0.00687	0.00526	0.00172	0.00491	0.00549	0.00507	0.00843
16	0.01427	0.01435	0.04734	0.02114	0.02656	0.01304	0.64402	0.01860	0.01318	0.11251	0.01231	0.01511	0.00889	0.00488	0.00629	0.00182	0.00860	0.00626	0.00325	0.00761
17	0.00779	0.00584	0.00876	0.00876	0.00974	0.00681	0.00681	0.00974	0.00876	0.01266	0.01460	0.02142	0.01363	0.04089	0.78680	0.00876	0.01460	0.00584	0.00292	0.00487
18	0.00646	0.00544	0.00561	0.00574	0.00742	0.00458	0.00424	0.00780	0.01222	0.01464	0.05263	0.13022	0.69611	0.01415	0.00650	0.00188	0.00280	0.01192	0.00506	0.00458
19	0.01130	0.00969	0.01130	0.00807	0.01292	0.00727	0.00646	0.01373	0.01130	0.01776	0.00969	0.01130	0.00807	0.00404	0.00404	0.00081	0.00404	0.00323	0.00323	0.84173
20	0.00997	0.00918	0.01522	0.69678	0.03387	0.01124	0.01389	0.01347	0.01147	0.01492	0.10488	0.01781	0.01279	0.00616	0.00557	0.00180	0.00668	0.00547	0.00287	0.00594
21	0.00664	0.00474	0.00633	0.00759	0.00791	0.00443	0.00506	0.00759	0.01044	0.01392	0.03005	0.80485	0.03606	0.01708	0.00696	0.00221	0.00316	0.01550	0.00506	0.00443
22	0.01908	0.01122	0.01478	0.19826	0.04528	0.01180	0.01058	0.24703	0.01723	0.31952	0.01561	0.01626	0.01074	0.03029	0.00613	0.00181	0.00576	0.00521	0.00508	0.00831
23	0.01216	0.02658	0.68472	0.01516	0.02276	0.01319	0.01892	0.10960	0.01327	0.01940	0.01020	0.01171	0.00720	0.00535	0.00521	0.00172	0.00780	0.00414	0.00270	0.00821
24	0.00648	0.00539	0.00566	0.00587	0.00745	0.00457	0.00429	0.00779	0.01210	0.01459	0.05104	0.17765	0.64971	0.01435	0.00653	0.00190	0.00283	0.01217	0.00506	0.00457
25	0.02067	0.01305	0.01478	0.01135	0.01558	0.01365	0.00935	0.50065	0.02191	0.22375	0.04650	0.01555	0.01204	0.00666	0.00543	0.00161	0.00541	0.00518	0.00570	0.05120
26	0.01412	0.21472	0.02009	0.01337	0.03453	0.15340	0.06687	0.01596	0.01111	0.01411	0.00818	0.01093	0.00733	0.00644	0.00906	0.00165	0.28064	0.00402	0.00259	0.11089
27	0.00779	0.00592	0.00733	0.00793	0.00874	0.00592	0.00557	0.03999	0.05151	0.01524	0.03096	0.59047	0.12449	0.03283	0.00761	0.00220	0.03213	0.01351	0.00497	0.00491
28	0.00980	0.00590	0.00753	0.00709	0.00829	0.00551	0.00505	0.01145	0.01283	0.11236	0.38443	0.10136	0.03597	0.23797	0.01244	0.00279	0.00371	0.02523	0.00523	0.00507
29	0.01168	0.02115	0.01099	0.00965	0.02713	0.04979	0.02934	0.16266	0.01600	0.03510	0.29432	0.11211	0.11727	0.01013	0.00646	0.00175	0.03414	0.00856	0.03560	0.00617
30	0.00681	0.00494	0.00643	0.00732	0.00791	0.00456	0.00501	0.00807	0.01143	0.01533	0.15803	0.61992	0.09241	0.01583	0.00683	0.00210	0.00303	0.01425	0.00522	0.00456
31	0.01315	0.01188	0.01990	0.25841	0.50786	0.01258	0.01576	0.03200	0.01238	0.04851	0.01061	0.01400	0.00844	0.00515	0.00542	0.00168	0.00663	0.00488	0.00284	0.00791
32	0.01937	0.00890	0.01181	0.00961	0.01293	0.00849	0.00778	0.08334	0.03359	0.49024	0.04393	0.01980	0.01461	0.02857	0.17739	0.00330	0.00688	0.00572	0.00568	0.00805
33	0.00663	0.00551	0.00580	0.00577	0.00749	0.00468	0.00431	0.00817	0.01281	0.01573	0.15742	0.06984	0.65007	0.01351	0.00645	0.00183	0.00274	0.01137	0.00520	0.00468
34	0.00947	0.00473	0.00710	0.00710	0.00710	0.00473	0.00473	0.00710	0.00710	0.00947	0.00947	0.01657	0.00947	0.01894	0.02131	0.84138	0.00473	0.00473	0.00237	0.00237
35	0.02072	0.01527	0.01636	0.01254	0.01691	0.01691	0.01036	0.75622	0.02563	0.03436	0.01309	0.01309	0.00927	0.00654	0.00545	0.00164	0.00600	0.00491	0.00545	0.00927
36	0.01030	0.00969	0.01635	0.79530	0.03755	0.01211	0.01514	0.01393	0.01090	0.01393	0.00969	0.01453	0.00727	0.00545	0.00545	0.00182	0.00727	0.00484	0.00242	0.00606
37	0.01748	0.01366	0.01453	0.01189	0.01567	0.01539	0.00958	0.42656	0.36058	0.02912	0.01721	0.01638	0.01261	0.00693	0.00550	0.00173	0.00524	0.00548	0.00550	0.00898
38	0.01143	0.02481	0.59444	0.01765	0.04352	0.01292	0.18374	0.01730	0.01184	0.01732	0.01007	0.01227	0.00725	0.00504	0.00546	0.00175	0.00827	0.00459	0.00241	0.00791
39	0.01101	0.02415	0.62845	0.01506	0.05718	0.01164	0.01758	0.01630	0.01121	0.03490	0.01101	0.01480	0.00876	0.10557	0.00802	0.00217	0.00755	0.00459	0.00255	0.00752
40	0.01982	0.01498	0.01708	0.01516	0.11156	0.01641	0.01116	0.66382	0.02398	0.03229	0.01273	0.01314	0.00919	0.00633	0.00545	0.00163	0.00606	0.00490	0.00511	0.00919
41	0.02394	0.00949	0.01272	0.00978	0.01394	0.00838	0.00807	0.06123	0.01608	0.72729	0.03619	0.01874	0.01406	0.00683	0.00550	0.00169	0.00466	0.00554	0.00667	0.00919
42	0.01192	0.01308	0.09001	0.35795	0.26295	0.03367	0.02901	0.01664	0.07730	0.01635	0.01148	0.01559	0.00915	0.00566	0.00548	0.00176	0.00688	0.02500	0.00286	0.00728
43	0.24519	0.01202	0.05137	0.02735	0.01585	0.01164	0.10164	0.12349	0.06455	0.22543	0.03780	0.01594	0.03188	0.00625	0.00506	0.00172	0.00537	0.00509	0.00469	0.00769
44	0.02220	0.00897	0.01216	0.00978	0.01360	0.00795	0.00813	0.02473	0.03577	0.66226	0.02245	0.02397	0.01582	0.00780	0.00574	0.00179	0.00468	0.09699	0.00650	0.00873
45	0.01223	0.00770	0.01174	0.00967	0.01218	0.00710	0.09959	0.01528	0.03406	0.18850	0.47622	0.03248	0.03636	0.00934	0.00622	0.00174	0.00395	0.02347	0.00573	0.00642
46	0.05395	0.06716	0.67045	0.01553	0.05354	0.01311	0.01871	0.01713	0.01141	0.01743	0.00958	0.01131	0.00693	0.00513	0.00501	0.00169	0.00768	0.00395	0.00237	0.00792
47	0.00840	0.00777	0.00727	0.00757	0.00885	0.10229	0.00542	0.00973	0.01231	0.01497	0.11378	0.35176	0.30224	0.01384	0.00646	0.00192	0.00379	0.01196	0.00488	0.00480
48	0.02237	0.00882	0.01198	0.00934	0.01320	0.00765	0.00765	0.02453	0.01558	0.68367	0.11522	0.02133	0.01824	0.00730	0.00560	0.00169	0.00438	0.00603	0.00665	0.00876
49	0.01084	0.01024	0.01665	0.46921	0.07402	0.02825	0.08758	0.04097	0.01188	0.01556	0.04398	0.11408	0.01294	0.00720	0.00617	0.00186	0.03278	0.00652	0.00307	0.00622

[dist]
# distance from previous block
# <min> <max>
0	1

[block]
# block no. 1 follows, 44 sequences, length 59
# corresponding to MSA columns:
# 91-127,132-153
name=unknown_B
#
# <colnr> <probs for GDERKNQSTAVLIFYWHMCP>
#	G	D	E	R	K	N	Q	S	T	A	V	L	I	F	Y	W	H	M	C	P
0	0.01331	0.19295	0.08658	0.02390	0.42145	0.01533	0.04664	0.01630	0.01159	0.01609	0.00929	0.01214	0.00794	0.00537	0.00644	0.00162	0.09823	0.00441	0.00255	0.00786
1	0.01034	0.00888	0.01123	0.02444	0.01080	0.02616	0.00763	0.04268	0.00932	0.01316	0.03435	0.02378	0.01445	0.36304	0.06126	0.00392	0.32030	0.00635	0.00306	0.00486
2	0.01350	0.00707	0.00856	0.00746	0.00898	0.00679	0.00514	0.05987	0.01141	0.23415	0.03409	0.02943	0.01800	0.51004	0.01948	0.00394	0.00509	0.00707	0.00449	0.00544
3	0.01207	0.00986	0.01151	0.00828	0.01308	0.00760	0.00664	0.03809	0.01192	0.04491	0.01021	0.01162	0.00830	0.00421	0.00413	0.00086	0.00412	0.00336	0.00342	0.78579
4	0.18525	0.22334	0.18966	0.01238	0.01716	0.18807	0.06661	0.01800	0.02518	0.01684	0.00878	0.01028	0.00702	0.00512	0.00442	0.00151	0.00712	0.00362	0.00273	0.00691
5	0.00749	0.00556	0.00697	0.00662	0.00800	0.00505	0.00496	0.00985	0.01489	0.02058	0.64286	0.04283	0.18090	0.01162	0.00643	0.00174	0.00261	0.01016	0.00583	0.00505
6	0.01113	0.02594	0.67368	0.01672	0.07334	0.01271	0.03674	0.01698	0.01157	0.01725	0.02310	0.01224	0.00784	0.00539	0.00566	0.00174	0.03334	0.00427	0.00241	0.00796
7	0.01228	0.00612	0.00679	0.00619	0.00802	0.00596	0.00479	0.03835	0.01248	0.12157	0.04207	0.02033	0.01481	0.00764	0.02981	0.00159	0.00336	0.00526	0.62703	0.02554
8	0.01285	0.01432	0.10908	0.06402	0.62823	0.01261	0.01665	0.01644	0.01235	0.01772	0.03682	0.01426	0.00987	0.00514	0.00541	0.00164	0.00656	0.00494	0.00276	0.00833
9	0.00947	0.00473	0.00710	0.00710	0.00710	0.00473	0.00473	0.00710	0.00710	0.00947	0.00947	0.01657	0.00947	0.01894	0.02131	0.84138	0.00473	0.00473	0.00237	0.00237
10	0.84691	0.01054	0.00801	0.00717	0.01054	0.01223	0.00590	0.01603	0.00928	0.02446	0.00759	0.00886	0.00590	0.00506	0.00337	0.00169	0.00422	0.00295	0.00337	0.00590
11	0.01431	0.75484	0.08310	0.00978	0.01469	0.02093	0.01011	0.01639	0.01111	0.01315	0.00774	0.00895	0.00699	0.00470	0.00362	0.00121	0.00599	0.00300	0.00233	0.00707
12	0.01747	0.09063	0.10695	0.01311	0.06452	0.07526	0.06052	0.07353	0.01453	0.28439	0.06406	0.04165	0.01360	0.00668	0.00569	0.00165	0.02879	0.00546	0.02362	0.00788
13	0.84691	0.01054	0.00801	0.00717	0.01054	0.01223	0.00590	0.01603	0.00928	0.02446	0.00759	0.00886	0.00590	0.00506	0.00337	0.00169	0.00422	0.00295	0.00337	0.00590
14	0.00668	0.00479	0.00629	0.00748	0.00782	0.00446	0.00497	0.00761	0.01041	0.01382	0.03031	0.75674	0.05628	0.04461	0.00767	0.00231	0.00323	0.01512	0.00500	0.00439
15	0.01398	0.22139	0.35243	0.01386	0.01939	0.15497	0.04915	0.01777	0.01205	0.03072	0.00911	0.01084	0.00716	0.00543	0.00563	0.00158	0.06085	0.00385	0.00252	0.00733
16	0.01185	0.25777	0.42445	0.01267	0.01883	0.01432	0.04052	0.01610	0.01162	0.03182	0.01468	0.01569	0.09569	0.00604	0.00488	0.00158	0.00675	0.00468	0.00274	0.00734
17	0.00649	0.00550	0.00560	0.00563	0.00741	0.00461	0.00420	0.00789	0.01245	0.01491	0.07541	0.07839	0.72529	0.01384	0.00646	0.00185	0.00277	0.01160	0.00509	0.00461
18	0.00736	0.00566	0.00633	0.00658	0.00823	0.00494	0.00508	0.00889	0.01231	0.03733	0.04724	0.13994	0.54993	0.01417	0.00664	0.00198	0.00321	0.12428	0.00511	0.00478
19	0.10124	0.01476	0.10813	0.07491	0.12811	0.02855	0.25503	0.10209	0.01347	0.03794	0.01165	0.05477	0.00949	0.00591	0.00594	0.00178	0.02995	0.00563	0.00326	0.00742
20	0.01526	0.67815	0.05323	0.01000	0.01472	0.03429	0.00985	0.10208	0.01285	0.01548	0.00831	0.00936	0.00726	0.00492	0.00381	0.00124	0.00600	0.00320	0.00270	0.00728
21	0.06480	0.10423	0.01850	0.02919	0.01744	0.02893	0.09586	0.38946	0.01895	0.09916	0.01225	0.01293	0.00892	0.00597	0.00551	0.00160	0.02892	0.00470	0.00449	0.04819
22	0.01908	0.01436	0.01517	0.01201	0.01586	0.03768	0.00975	0.64838	0.02358	0.03139	0.01492	0.10463	0.01231	0.00774	0.00561	0.00170	0.00578	0.00609	0.00533	0.00863
23	0.00664	0.00549	0.00581	0.00581	0.00750	0.00467	0.00433	0.00817	0.01277	0.01572	0.15717	0.08622	0.63373	0.01358	0.00647	0.00184	0.00275	0.01146	0.00520	0.00467
24	0.01108	0.11492	0.01330	0.01030	0.02829	0.01130	0.00814	0.07026	0.09695	0.01764	0.11247	0.18599	0.05296	0.01036	0.00786	0.00188	0.13897	0.05607	0.00430	0.04696
25	0.52932	0.00957	0.00892	0.00761	0.01096	0.01027	0.00623	0.01847	0.01123	0.22629	0.01251	0.01279	0.00888	0.00566	0.00399	0.00164	0.00414	0.00388	0.10095	0.00671
26	0.00815	0.00567	0.00716	0.00676	0.00809	0.00535	0.00508	0.01105	0.03435	0.02171	0.66490	0.03784	0.04620	0.01049	0.00610	0.00167	0.00261	0.00921	0.10235	0.00523
27	0.02251	0.00881	0.01199	0.00943	0.01325	0.00765	0.00768	0.02457	0.01527	0.69244	0.05996	0.06854	0.01682	0.00761	0.00562	0.00172	0.00444	0.00633	0.00661	0.00877
28	0.00763	0.00557	0.00717	0.00677	0.00809	0.00511	0.00508	0.01013	0.01524	0.02140	0.72500	0.04149	0.09825	0.01132	0.00643	0.00172	0.00258	0.00997	0.00594	0.00511
29	0.01014	0.00611	0.00806	0.00727	0.00898	0.00556	0.00556	0.01264	0.01546	0.13122	0.66307	0.03752	0.04595	0.01051	0.00629	0.00171	0.00287	0.00923	0.00611	0.00574
30	0.00671	0.00482	0.00637	0.00750	0.00791	0.00448	0.00505	0.00778	0.01081	0.01446	0.08013	0.73857	0.05194	0.01662	0.00691	0.00217	0.00312	0.01504	0.00512	0.00448
31	0.02258	0.00941	0.01249	0.00956	0.01381	0.00811	0.00785	0.02516	0.03963	0.66544	0.02016	0.01778	0.01297	0.00646	0.00532	0.00159	0.00456	0.00524	0.00630	0.10560
32	0.59530	0.00964	0.00847	0.00739	0.01067	0.01049	0.00603	0.01668	0.01082	0.14716	0.03284	0.01623	0.09687	0.00649	0.00415	0.00171	0.00408	0.00452	0.00418	0.00629
33	0.01205	0.01426	0.06832	0.02081	0.02585	0.01264	0.62942	0.01631	0.01252	0.01704	0.01317	0.10598	0.01142	0.00607	0.00643	0.00188	0.00843	0.00736	0.00300	0.00705
34	0.01412	0.01016	0.01059	0.00934	0.01194	0.07728	0.00720	0.02056	0.26468	0.17484	0.21256	0.02727	0.07838	0.04812	0.00686	0.00191	0.00436	0.00720	0.00552	0.00712
35	0.01234	0.01361	0.02914	0.02130	0.02626	0.01281	0.65793	0.01666	0.01283	0.01731	0.01334	0.02077	0.01127	0.00595	0.00658	0.00193	0.00865	0.10122	0.00305	0.00705
36	0.00813	0.00605	0.00775	0.00700	0.00870	0.00539	0.00530	0.01069	0.01495	0.02139	0.68335	0.03732	0.04642	0.01032	0.00615	0.00161	0.00274	0.00909	0.00568	0.10196
37	0.01474	0.49520	0.21886	0.01136	0.01686	0.01750	0.03385	0.01778	0.01176	0.10267	0.00986	0.01076	0.00776	0.00503	0.00424	0.00139	0.00636	0.00360	0.00285	0.00754
38	0.00782	0.00588	0.00733	0.00792	0.00916	0.00560	0.00624	0.01009	0.03856	0.01606	0.12086	0.18199	0.22189	0.05710	0.00805	0.00232	0.00383	0.27937	0.00508	0.00486
39	0.01932	0.01398	0.01521	0.01181	0.01581	0.01529	0.00969	0.64928	0.02417	0.05392	0.10110	0.01644	0.01427	0.00708	0.00557	0.00165	0.00556	0.00550	0.00555	0.00879
40	0.00744	0.00555	0.00702	0.00800	0.00863	0.00548	0.00547	0.01007	0.09771	0.01495	0.02914	0.71405	0.03381	0.01596	0.00680	0.00217	0.00330	0.01442	0.00512	0.00491
41	0.01212	0.01156	0.01965	0.35987	0.45870	0.01259	0.01605	0.01553	0.01177	0.01615	0.01001	0.01394	0.00805	0.00511	0.00542	0.00170	0.00682	0.00485	0.00258	0.00753
42	0.00948	0.00585	0.00789	0.00857	0.00972	0.00551	0.00663	0.01113	0.01189	0.10333	0.04610	0.40516	0.05355	0.02905	0.00733	0.00229	0.00398	0.26210	0.00523	0.00519
43	0.00664	0.00474	0.00633	0.00759	0.00791	0.00443	0.00506	0.00759	0.01044	0.01392	0.03005	0.80485	0.03606	0.01708	0.00696	0.00221	0.00316	0.01550	0.00506	0.00443
44	0.01285	0.01238	0.02133	0.18085	0.60753	0.01282	0.04015	0.01621	0.01213	0.01705	0.01017	0.01373	0.00836	0.00496	0.00544	0.00166	0.00672	0.00491	0.00265	0.00809
45	0.03750	0.00942	0.01248	0.00974	0.01378	0.00845	0.00803	0.04727	0.04187	0.68512	0.03634	0.01967	0.01450	0.00700	0.00551	0.00171	0.00463	0.02142	0.00656	0.00902
46	0.82011	0.01062	0.00847	0.00801	0.03510	0.01225	0.00625	0.01605	0.00938	0.02425	0.00768	0.00901	0.00599	0.00505	0.00344	0.00168	0.00429	0.00301	0.00335	0.00599
47	0.01349	0.01295	0.02213	0.03346	0.77440	0.01295	0.01673	0.01673	0.01241	0.01781	0.01025	0.01349	0.00864	0.00486	0.00540	0.00162	0.00648	0.00486	0.00270	0.00864
48	0.01213	0.01227	0.01667	0.01431	0.01437	0.03533	0.01189	0.01333	0.00852	0.01313	0.00719	0.01188	0.00715	0.00945	0.01758	0.00236	0.77934	0.00474	0.00240	0.00597
49	0.00772	0.00557	0.00729	0.00686	0.00814	0.00514	0.00514	0.01029	0.01543	0.02186	0.77152	0.04072	0.05144	0.01115	0.00643	0.00171	0.00257	0.00986	0.00600	0.00514
50	0.00658	0.00498	0.00609	0.00697	0.00775	0.00448	0.00479	0.00766	0.01103	0.01416	0.03755	0.58060	0.25546	0.01610	0.00680	0.00210	0.00304	0.01431	0.00506	0.00448
51	0.01287	0.01471	0.03217	0.02298	0.02849	0.01379	0.75460	0.01746	0.01287	0.01746	0.01103	0.01471	0.00827	0.00460	0.00643	0.00184	0.00919	0.00643	0.00276	0.00735
52	0.01093	0.02820	0.78016	0.01554	0.02360	0.01266	0.02014	0.01727	0.01151	0.01727	0.00978	0.01151	0.00691	0.00518	0.00518	0.00173	0.00806	0.00403	0.00230	0.00806
53	0.01349	0.01295	0.02213	0.03346	0.77440	0.01295	0.01673	0.01673	0.01241	0.01781	0.01025	0.01349	0.00864	0.00486	0.00540	0.00162	0.00648	0.00486	0.00270	0.00864
54	0.01130	0.00969	0.01130	0.00807	0.01292	0.00727	0.00646	0.01373	0.01130	0.01776	0.00969	0.01130	0.00807	0.00404	0.00404	0.00081	0.00404	0.00323	0.00323	0.84173
55	0.02252	0.00885	0.01203	0.00937	0.01325	0.00768	0.00768	0.02468	0.01558	0.69064	0.10831	0.02112	0.01789	0.00726	0.00559	0.00169	0.00440	0.00599	0.00666	0.00880
56	0.02383	0.01029	0.01328	0.01018	0.01442	0.00951	0.00841	0.14964	0.01730	0.65271	0.02009	0.01763	0.01278	0.00671	0.00548	0.00168	0.00487	0.00539	0.00653	0.00928
57	0.24790	0.01107	0.04174	0.00952	0.01356	0.01050	0.00811	0.11315	0.03426	0.39614	0.03808	0.01553	0.01175	0.00630	0.00490	0.00167	0.00475	0.00477	0.00538	0.02091
58	0.03404	0.01388	0.01445	0.01151	0.01530	0.04186	0.00936	0.53053	0.10916	0.05232	0.01458	0.01470	0.01061	0.00718	0.01918	0.00175	0.00571	0.00502	0.08028	0.00858

[dist]
# distance from previous block
# <min> <max>
0	3

[block]
# block no. 2 follows, 44 sequences, length 15
# corresponding to MSA columns:
# 157-171
name=unknown_C
#
# <colnr> <probs for GDERKNQSTAVLIFYWHMCP>
#	G	D	E	R	K	N	Q	S	T	A	V	L	I	F	Y	W	H	M	C	P
0	0.01010	0.00896	0.00887	0.00829	0.01039	0.06664	0.00629	0.03177	0.21978	0.01908	0.22587	0.07157	0.26962	0.01073	0.00608	0.00179	0.00376	0.00905	0.00528	0.00607
1	0.03660	0.09216	0.12875	0.02457	0.01696	0.04861	0.01116	0.32527	0.13945	0.05861	0.01389	0.01496	0.01047	0.00639	0.00519	0.00164	0.00602	0.02531	0.00448	0.02949
2	0.01079	0.05838	0.65818	0.01503	0.04677	0.01236	0.01823	0.01641	0.01160	0.01688	0.01355	0.01492	0.07169	0.00588	0.00522	0.00171	0.00746	0.00464	0.00255	0.00774
3	0.08613	0.00798	0.00957	0.00817	0.01108	0.00738	0.00646	0.04617	0.02780	0.34866	0.06737	0.12379	0.20717	0.00987	0.00577	0.00179	0.00389	0.00822	0.00572	0.00701
4	0.01075	0.04672	0.66943	0.01529	0.04690	0.01221	0.01846	0.01640	0.01144	0.01688	0.01145	0.07859	0.00943	0.00616	0.00529	0.00175	0.00753	0.00500	0.00255	0.00774
5	0.01423	0.01175	0.01328	0.01384	0.12039	0.05874	0.00950	0.04776	0.41258	0.08648	0.02140	0.05065	0.05362	0.00848	0.02049	0.00194	0.00514	0.03677	0.00497	0.00799
6	0.02341	0.00962	0.01273	0.00982	0.01392	0.00864	0.00809	0.08757	0.01644	0.68229	0.05350	0.01906	0.01479	0.00692	0.00552	0.00168	0.00466	0.00562	0.00661	0.00910
7	0.00715	0.00516	0.00687	0.00799	0.00863	0.00488	0.00584	0.00854	0.01123	0.01484	0.06411	0.56805	0.07422	0.01620	0.00703	0.00224	0.00352	0.17382	0.00509	0.00460
8	0.01929	0.01366	0.01493	0.01180	0.01572	0.01492	0.00961	0.57958	0.08301	0.08997	0.01586	0.07869	0.01238	0.00749	0.00559	0.00170	0.00553	0.00592	0.00553	0.00883
9	0.01361	0.01087	0.01276	0.07511	0.01480	0.04049	0.03725	0.24090	0.06236	0.02155	0.05376	0.02082	0.04896	0.11330	0.03047	0.00237	0.07829	0.00597	0.10973	0.00662
10	0.00779	0.00584	0.00876	0.00876	0.00974	0.00681	0.00681	0.00974	0.00876	0.01266	0.01460	0.02142	0.01363	0.04089	0.78680	0.00876	0.01460	0.00584	0.00292	0.00487
11	0.01525	0.06801	0.03204	0.13746	0.19894	0.26880	0.04608	0.03671	0.01291	0.01522	0.00909	0.01195	0.00757	0.00584	0.00681	0.00166	0.11166	0.00433	0.00270	0.00698
12	0.01972	0.01463	0.01506	0.01190	0.01583	0.07023	0.00967	0.57731	0.02279	0.09083	0.01584	0.05847	0.03764	0.00733	0.00554	0.00166	0.00589	0.00567	0.00533	0.00863
13	0.00689	0.00516	0.00612	0.00661	0.00746	0.00469	0.00451	0.00800	0.01123	0.01452	0.11529	0.36745	0.26971	0.13492	0.00988	0.00251	0.00329	0.01248	0.00490	0.00439
14	0.01317	0.00956	0.01072	0.00877	0.01170	0.00977	0.00698	0.20203	0.06002	0.02246	0.02884	0.01664	0.01200	0.02235	0.05317	0.00187	0.04174	0.00483	0.25307	0.21029

[dist]
# distance from previous block
# <min> <max>
0	4

[block]
# block no. 3 follows, 44 sequences, length 25
# corresponding to MSA columns:
# 176-200
name=unknown_D
#
# <colnr> <probs for GDERKNQSTAVLIFYWHMCP>
#	G	D	E	R	K	N	Q	S	T	A	V	L	I	F	Y	W	H	M	C	P
0	0.01281	0.01050	0.01204	0.02768	0.01395	0.00948	0.00746	0.14518	0.08747	0.02079	0.01303	0.07198	0.01120	0.00582	0.00469	0.00118	0.00442	0.00477	0.00397	0.53159
1	0.18973	0.03927	0.01341	0.06667	0.01502	0.03550	0.03777	0.14137	0.01297	0.04181	0.01087	0.01328	0.00872	0.00932	0.07920	0.00230	0.11366	0.00436	0.07083	0.09396
2	0.01385	0.01296	0.02514	0.12882	0.20161	0.01285	0.38019	0.01763	0.01264	0.09649	0.01164	0.01471	0.00873	0.00516	0.00633	0.00179	0.03304	0.00570	0.00310	0.00763
3	0.01083	0.00921	0.01103	0.00870	0.03363	0.00710	0.00658	0.01315	0.01138	0.01754	0.03438	0.08489	0.01195	0.00547	0.00441	0.00099	0.00398	0.00460	0.00347	0.71671
4	0.00649	0.00548	0.00562	0.00568	0.00742	0.00461	0.00422	0.00788	0.01240	0.01489	0.07482	0.09439	0.70968	0.01391	0.00647	0.00186	0.00278	0.01168	0.00509	0.00461
5	0.00947	0.00473	0.00710	0.00710	0.00710	0.00473	0.00473	0.00710	0.00710	0.00947	0.00947	0.01657	0.00947	0.01894	0.02131	0.84138	0.00473	0.00473	0.00237	0.00237
6	0.02287	0.01026	0.01307	0.01019	0.01431	0.00967	0.00836	0.11546	0.09516	0.60880	0.02056	0.01808	0.01331	0.00679	0.00549	0.00170	0.00477	0.00548	0.00646	0.00921
7	0.00753	0.00545	0.00710	0.00692	0.00809	0.00503	0.00510	0.00983	0.01463	0.02052	0.64484	0.14951	0.07085	0.01207	0.00651	0.00179	0.00266	0.01071	0.00584	0.00503
8	0.09180	0.00938	0.01227	0.00949	0.01364	0.00836	0.00784	0.02571	0.01509	0.71646	0.02037	0.01776	0.01287	0.00661	0.00531	0.00169	0.00460	0.00528	0.00647	0.00900
9	0.01093	0.02820	0.78016	0.01554	0.02360	0.01266	0.02014	0.01727	0.01151	0.01727	0.00978	0.01151	0.00691	0.00518	0.00518	0.00173	0.00806	0.00403	0.00230	0.00806
10	0.02037	0.02598	0.01545	0.01404	0.01685	0.78652	0.01053	0.02177	0.01545	0.01334	0.00843	0.00983	0.00702	0.00562	0.00492	0.00140	0.00983	0.00351	0.00281	0.00632
11	0.00779	0.00584	0.00876	0.00876	0.00974	0.00681	0.00681	0.00974	0.00876	0.01266	0.01460	0.02142	0.01363	0.04089	0.78680	0.00876	0.01460	0.00584	0.00292	0.00487
12	0.01030	0.00969	0.01635	0.79530	0.03755	0.01211	0.01514	0.01393	0.01090	0.01393	0.00969	0.01453	0.00727	0.00545	0.00545	0.00182	0.00727	0.00484	0.00242	0.00606
13	0.00793	0.00529	0.00595	0.00595	0.00595	0.00529	0.00330	0.00793	0.00793	0.01057	0.01718	0.03568	0.01982	0.80840	0.02775	0.00529	0.00529	0.00793	0.00330	0.00330
14	0.01093	0.02820	0.78016	0.01554	0.02360	0.01266	0.02014	0.01727	0.01151	0.01727	0.00978	0.01151	0.00691	0.00518	0.00518	0.00173	0.00806	0.00403	0.00230	0.00806
15	0.01185	0.01004	0.01159	0.00842	0.01316	0.00800	0.00674	0.04909	0.04575	0.01877	0.01041	0.01179	0.00851	0.00431	0.00417	0.00089	0.00414	0.00344	0.00344	0.76550
16	0.11922	0.00942	0.01212	0.00941	0.01353	0.00850	0.00777	0.02535	0.01488	0.69133	0.01990	0.01744	0.01262	0.00655	0.00524	0.00169	0.00459	0.00519	0.00636	0.00889
17	0.00768	0.00521	0.00599	0.00619	0.00629	0.00513	0.00360	0.00787	0.00845	0.01121	0.02027	0.15690	0.04351	0.66185	0.02389	0.00471	0.00488	0.00922	0.00363	0.00352
18	0.00834	0.00627	0.00800	0.00752	0.00879	0.00627	0.00573	0.01037	0.01365	0.04297	0.45655	0.10502	0.19258	0.01189	0.00765	0.00185	0.08597	0.01001	0.00537	0.00519
19	0.01132	0.11015	0.70155	0.01489	0.02259	0.01359	0.01901	0.01717	0.01146	0.01680	0.00955	0.01122	0.00692	0.00513	0.00500	0.00167	0.00782	0.00391	0.00231	0.00795
20	0.19838	0.00997	0.01037	0.00868	0.01172	0.01061	0.00698	0.23995	0.01581	0.13950	0.01563	0.07532	0.01240	0.00701	0.00471	0.00161	0.00432	0.00542	0.21450	0.00711
21	0.01510	0.01305	0.02002	0.13475	0.45345	0.05174	0.05201	0.07821	0.01379	0.09791	0.01153	0.01401	0.00890	0.00530	0.00545	0.00166	0.00666	0.00494	0.00332	0.00821
22	0.01467	0.01281	0.02051	0.08113	0.61879	0.03984	0.01549	0.01775	0.01275	0.09692	0.01133	0.01396	0.00900	0.00512	0.00539	0.00163	0.00646	0.00487	0.00311	0.00845
23	0.00687	0.00490	0.00658	0.00785	0.00826	0.00462	0.00545	0.00798	0.01066	0.01417	0.02992	0.72710	0.03557	0.01687	0.00702	0.00225	0.00336	0.09104	0.00506	0.00449
24	0.00773	0.00572	0.00687	0.00713	0.00863	0.00516	0.00558	0.00956	0.01290	0.03738	0.18135	0.13238	0.36916	0.01374	0.00671	0.00200	0.00333	0.17448	0.00528	0.00491

[dist]
# distance from previous block
# <min> <max>
0	1

[block]
# block no. 4 follows, 44 sequences, length 31
# corresponding to MSA columns:
# 202-232
name=unknown_E
#
# <colnr> <probs for GDERKNQSTAVLIFYWHMCP>
#	G	D	E	R	K	N	Q	S	T	A	V	L	I	F	Y	W	H	M	C	P
0	0.10467	0.06069	0.05434	0.01568	0.17558	0.10646	0.01096	0.13341	0.03043	0.21731	0.01316	0.01353	0.00948	0.00576	0.00501	0.00159	0.00604	0.00450	0.00428	0.02712
1	0.09241	0.32292	0.29944	0.01191	0.01764	0.01669	0.01312	0.13472	0.01339	0.01898	0.00927	0.01046	0.00722	0.00519	0.00441	0.00149	0.00652	0.00364	0.00292	0.00764
2	0.00679	0.00561	0.00598	0.00612	0.00773	0.00491	0.00450	0.00864	0.03777	0.01527	0.09036	0.17079	0.58857	0.01396	0.00649	0.00189	0.00287	0.01187	0.00513	0.00474
3	0.84691	0.01054	0.00801	0.00717	0.01054	0.01223	0.00590	0.01603	0.00928	0.02446	0.00759	0.00886	0.00590	0.00506	0.00337	0.00169	0.00422	0.00295	0.00337	0.00590
4	0.01358	0.46819	0.18296	0.01247	0.06529	0.01787	0.01196	0.01857	0.13150	0.01567	0.01055	0.01148	0.00862	0.00522	0.00430	0.00142	0.00610	0.00379	0.00286	0.00759
5	0.00867	0.00619	0.00864	0.00981	0.01104	0.00616	0.00850	0.01113	0.01262	0.01651	0.06459	0.08340	0.03248	0.01493	0.00746	0.00246	0.00485	0.68047	0.00507	0.00501
6	0.00847	0.00609	0.00834	0.00916	0.01043	0.00596	0.00779	0.01096	0.01324	0.01761	0.20801	0.05627	0.05580	0.01409	0.00724	0.00230	0.00437	0.54360	0.00526	0.00504
7	0.01993	0.01996	0.01566	0.01315	0.01655	0.37984	0.01034	0.35755	0.03304	0.02325	0.01094	0.01178	0.00836	0.00622	0.00559	0.00155	0.03450	0.00427	0.01986	0.00768
8	0.00734	0.00553	0.00663	0.00637	0.00772	0.00499	0.00468	0.00933	0.01389	0.01873	0.48798	0.04397	0.27294	0.07631	0.00815	0.00204	0.00285	0.01022	0.00549	0.00483
9	0.01298	0.01423	0.02900	0.02108	0.02621	0.01375	0.63555	0.01930	0.13283	0.01832	0.01281	0.01561	0.00961	0.00504	0.00629	0.00184	0.00841	0.00639	0.00320	0.00756
10	0.00745	0.00548	0.00697	0.00678	0.00803	0.00500	0.00502	0.00971	0.01455	0.02017	0.60777	0.12240	0.13621	0.01209	0.00649	0.00178	0.00266	0.01065	0.00579	0.00500
11	0.00758	0.00649	0.00663	0.00647	0.00847	0.00603	0.00488	0.01119	0.13240	0.01599	0.04926	0.06823	0.63117	0.01287	0.00631	0.00185	0.00302	0.01076	0.00514	0.00524
12	0.00821	0.00579	0.00683	0.00643	0.00816	0.00508	0.00487	0.01021	0.01407	0.06718	0.39652	0.04466	0.37786	0.01208	0.00638	0.00177	0.00279	0.01033	0.00562	0.00516
13	0.01152	0.15324	0.66021	0.01455	0.02206	0.01408	0.01842	0.01712	0.01144	0.01656	0.00943	0.01107	0.00692	0.00510	0.00491	0.00164	0.00770	0.00385	0.00231	0.00789
14	0.62437	0.00947	0.00805	0.00723	0.01013	0.01065	0.00583	0.03337	0.01117	0.02409	0.19129	0.01662	0.01693	0.00656	0.00416	0.00169	0.00387	0.00466	0.00406	0.00581
15	0.01863	0.01366	0.01498	0.01134	0.01581	0.01419	0.00932	0.54488	0.02174	0.06394	0.01265	0.01291	0.00917	0.00595	0.00511	0.00144	0.00547	0.00453	0.00498	0.20930
16	0.00868	0.00623	0.00864	0.00982	0.01109	0.00619	0.00855	0.01116	0.01261	0.01639	0.04692	0.06071	0.05660	0.01493	0.00747	0.00247	0.00489	0.69660	0.00504	0.00501
17	0.01929	0.02347	0.01497	0.01354	0.01643	0.64595	0.01023	0.03934	0.13523	0.01532	0.01073	0.01158	0.00861	0.00592	0.00503	0.00148	0.00887	0.00397	0.00331	0.00675
18	0.01956	0.01516	0.01726	0.01592	0.13779	0.03503	0.01138	0.62031	0.02327	0.03121	0.01252	0.01307	0.00912	0.00625	0.00543	0.00163	0.00617	0.00487	0.00495	0.00910
19	0.02091	0.01498	0.01618	0.01240	0.01676	0.01647	0.01025	0.72054	0.02514	0.07073	0.01350	0.01336	0.00948	0.00655	0.00546	0.00164	0.00593	0.00494	0.00552	0.00927
20	0.02039	0.02512	0.01552	0.01392	0.01686	0.72441	0.01052	0.08104	0.01627	0.01504	0.00880	0.01009	0.00720	0.00569	0.00496	0.00142	0.00952	0.00362	0.00302	0.00656
21	0.01165	0.01021	0.01303	0.01213	0.13445	0.00817	0.00810	0.01421	0.01148	0.01777	0.00978	0.01165	0.00816	0.00417	0.00425	0.00094	0.00443	0.00349	0.00315	0.70878
22	0.00779	0.00584	0.00876	0.00876	0.00974	0.00681	0.00681	0.00974	0.00876	0.01266	0.01460	0.02142	0.01363	0.04089	0.78680	0.00876	0.01460	0.00584	0.00292	0.00487
23	0.00793	0.00529	0.00595	0.00595	0.00595	0.00529	0.00330	0.00793	0.00793	0.01057	0.01718	0.03568	0.01982	0.80840	0.02775	0.00529	0.00529	0.00793	0.00330	0.00330
24	0.15268	0.01506	0.01460	0.01160	0.01562	0.08988	0.00947	0.50155	0.03482	0.08378	0.01253	0.01262	0.00895	0.00625	0.00507	0.00163	0.00596	0.00453	0.00496	0.00844
25	0.01904	0.01364	0.01456	0.01135	0.01522	0.01502	0.00932	0.63756	0.02337	0.03212	0.01384	0.01424	0.01002	0.00651	0.00519	0.00158	0.00545	0.00494	0.13843	0.00860
26	0.01903	0.01754	0.13795	0.01295	0.01778	0.05377	0.01179	0.55326	0.04736	0.05506	0.01292	0.01310	0.00917	0.00632	0.00539	0.00165	0.00641	0.00476	0.00487	0.00891
27	0.00947	0.00473	0.00710	0.00710	0.00710	0.00473	0.00473	0.00710	0.00710	0.00947	0.00947	0.01657	0.00947	0.01894	0.02131	0.84138	0.00473	0.00473	0.00237	0.00237
28	0.01030	0.00969	0.01635	0.79530	0.03755	0.01211	0.01514	0.01393	0.01090	0.01393	0.00969	0.01453	0.00727	0.00545	0.00545	0.00182	0.00727	0.00484	0.00242	0.00606
29	0.01043	0.00987	0.01638	0.73228	0.03567	0.01248	0.01488	0.01386	0.01070	0.01386	0.00949	0.01432	0.00726	0.00578	0.00645	0.00186	0.07111	0.00484	0.00242	0.00605
30	0.01804	0.19563	0.02049	0.01461	0.04634	0.44242	0.09220	0.07918	0.01491	0.01555	0.00897	0.01053	0.00740	0.00534	0.00483	0.00143	0.00845	0.00387	0.00291	0.00691

[dist]
# distance from previous block
# <min> <max>
0	2

[block]
# block no. 5 follows, 44 sequences, length 22
# corresponding to MSA columns:
# 237-257,259
name=unknown_F
#
# <colnr> <probs for GDERKNQSTAVLIFYWHMCP>
#	G	D	E	R	K	N	Q	S	T	A	V	L	I	F	Y	W	H	M	C	P
0	0.00767	0.00520	0.00613	0.00638	0.00647	0.00517	0.00378	0.00793	0.00846	0.01131	0.01963	0.18745	0.02281	0.62342	0.05161	0.00481	0.00521	0.00935	0.00364	0.00358
1	0.03267	0.06976	0.04205	0.01147	0.06344	0.06863	0.00875	0.07372	0.21673	0.10877	0.16559	0.02265	0.04711	0.03711	0.00629	0.00181	0.00492	0.00630	0.00487	0.00736
2	0.84691	0.01054	0.00801	0.00717	0.01054	0.01223	0.00590	0.01603	0.00928	0.02446	0.00759	0.00886	0.00590	0.00506	0.00337	0.00169	0.00422	0.00295	0.00337	0.00590
3	0.84691	0.01054	0.00801	0.00717	0.01054	0.01223	0.00590	0.01603	0.00928	0.02446	0.00759	0.00886	0.00590	0.00506	0.00337	0.00169	0.00422	0.00295	0.00337	0.00590
4	0.00792	0.00531	0.00609	0.00609	0.00614	0.00536	0.00348	0.00802	0.00797	0.01068	0.01705	0.03496	0.01951	0.76966	0.06606	0.00546	0.00576	0.00782	0.00328	0.00338
5	0.00653	0.00549	0.00567	0.00570	0.00744	0.00463	0.00424	0.00796	0.01252	0.01512	0.09717	0.08636	0.69496	0.01380	0.00647	0.00185	0.00277	0.01159	0.00512	0.00463
6	0.00667	0.00480	0.00633	0.00750	0.00790	0.00446	0.00503	0.00768	0.01066	0.01419	0.05416	0.75592	0.06093	0.01679	0.00692	0.00219	0.00313	0.01519	0.00509	0.00446
7	0.01458	0.81168	0.02857	0.00933	0.01399	0.02157	0.00933	0.01632	0.01108	0.01283	0.00758	0.00875	0.00700	0.00466	0.00350	0.00117	0.00583	0.00292	0.00233	0.00700
8	0.00910	0.00645	0.00870	0.00976	0.01110	0.00653	0.00845	0.01220	0.04706	0.01688	0.02782	0.05688	0.02955	0.01413	0.00719	0.00240	0.00482	0.65553	0.06027	0.00519
9	0.84691	0.01054	0.00801	0.00717	0.01054	0.01223	0.00590	0.01603	0.00928	0.02446	0.00759	0.00886	0.00590	0.00506	0.00337	0.00169	0.00422	0.00295	0.00337	0.00590
10	0.00772	0.00557	0.00729	0.00686	0.00814	0.00514	0.00514	0.01029	0.01543	0.02186	0.77152	0.04072	0.05144	0.01115	0.00643	0.00171	0.00257	0.00986	0.00600	0.00514
11	0.01193	0.01193	0.01670	0.01431	0.01431	0.01670	0.01193	0.01312	0.00835	0.01312	0.00716	0.01193	0.00716	0.00954	0.01789	0.00239	0.79843	0.00477	0.00239	0.00596
12	0.00793	0.00544	0.00666	0.00671	0.00697	0.00565	0.00427	0.00845	0.00829	0.01124	0.01708	0.03361	0.01894	0.61226	0.19049	0.00593	0.00728	0.03581	0.00329	0.00371
13	0.00688	0.00556	0.00614	0.00606	0.00772	0.00481	0.00459	0.00864	0.01328	0.01679	0.25613	0.04948	0.54297	0.01310	0.00648	0.00183	0.00279	0.03665	0.00533	0.00477
14	0.02446	0.00928	0.01265	0.00970	0.01392	0.00801	0.00801	0.02657	0.01560	0.77817	0.02151	0.01856	0.01350	0.00675	0.00548	0.00169	0.00464	0.00548	0.00675	0.00928
15	0.74414	0.01039	0.00859	0.00749	0.01096	0.01170	0.00617	0.01734	0.01007	0.11864	0.00933	0.01007	0.00685	0.00527	0.00364	0.00169	0.00427	0.00327	0.00380	0.00633
16	0.00664	0.00474	0.00633	0.00759	0.00791	0.00443	0.00506	0.00759	0.01044	0.01392	0.03005	0.80485	0.03606	0.01708	0.00696	0.00221	0.00316	0.01550	0.00506	0.00443
17	0.01030	0.00969	0.01635	0.79530	0.03755	0.01211	0.01514	0.01393	0.01090	0.01393	0.00969	0.01453	0.00727	0.00545	0.00545	0.00182	0.00727	0.00484	0.00242	0.00606
18	0.00871	0.00623	0.00869	0.00983	0.01109	0.00620	0.00854	0.01123	0.01274	0.01668	0.07806	0.06012	0.03270	0.01480	0.00746	0.00246	0.00486	0.68949	0.00509	0.00503
19	0.00707	0.00515	0.00674	0.00780	0.00850	0.00482	0.00567	0.00842	0.01124	0.01475	0.05908	0.55232	0.11801	0.01612	0.00699	0.00221	0.00345	0.15200	0.00509	0.00459
20	0.00997	0.00651	0.00825	0.00750	0.00927	0.00618	0.00573	0.01359	0.08169	0.10166	0.60623	0.03690	0.06418	0.01042	0.00625	0.00173	0.00295	0.00912	0.00601	0.00587
21	0.84691	0.01054	0.00801	0.00717	0.01054	0.01223	0.00590	0.01603	0.00928	0.02446	0.00759	0.00886	0.00590	0.00506	0.00337	0.00169	0.00422	0.00295	0.00337	0.00590

[dist]
# distance from previous block
# <min> <max>
0	1

[block]
# block no. 6 follows, 44 sequences, length 46
# corresponding to MSA columns:
# 261-306
name=unknown_G
#
# <colnr> <probs for GDERKNQSTAVLIFYWHMCP>
#	G	D	E	R	K	N	Q	S	T	A	V	L	I	F	Y	W	H	M	C	P
0	0.01155	0.15974	0.65398	0.01450	0.02198	0.01416	0.01833	0.01711	0.01144	0.01652	0.00941	0.01105	0.00692	0.00509	0.00490	0.00163	0.00768	0.00384	0.00231	0.00788
1	0.00710	0.00555	0.00645	0.00637	0.00789	0.00490	0.00480	0.00902	0.01365	0.01784	0.36269	0.07715	0.40133	0.01284	0.00650	0.00183	0.00279	0.04099	0.00547	0.00485
2	0.01494	0.02505	0.01364	0.01407	0.15160	0.01101	0.00937	0.07670	0.26022	0.16805	0.11853	0.04339	0.05383	0.00774	0.00566	0.00174	0.00460	0.00662	0.00522	0.00802
3	0.01723	0.01304	0.01410	0.01154	0.01506	0.01444	0.00925	0.49710	0.17960	0.02904	0.01740	0.12617	0.01460	0.00821	0.00569	0.00176	0.00524	0.00667	0.00542	0.00845
4	0.00759	0.00551	0.00715	0.00686	0.00810	0.00507	0.00510	0.01000	0.01495	0.02101	0.69029	0.09780	0.07673	0.01168	0.00647	0.00176	0.00262	0.01034	0.00590	0.00507
5	0.01971	0.01477	0.01579	0.01234	0.01652	0.01644	0.01012	0.65376	0.12973	0.03273	0.01437	0.01411	0.01031	0.00666	0.00547	0.00167	0.00576	0.00509	0.00547	0.00918
6	0.02382	0.01030	0.01328	0.01018	0.01443	0.00953	0.00841	0.15101	0.01731	0.65132	0.02007	0.01762	0.01277	0.00671	0.00548	0.00168	0.00487	0.00538	0.00653	0.00928
7	0.00863	0.00718	0.00779	0.00788	0.00970	0.02750	0.00625	0.02450	0.10796	0.01683	0.08401	0.07929	0.38318	0.01295	0.00657	0.00200	0.00378	0.19351	0.00511	0.00537
8	0.01740	0.01292	0.01330	0.01122	0.01473	0.07031	0.00891	0.18290	0.39366	0.16261	0.01999	0.01855	0.03418	0.00714	0.00549	0.00174	0.00510	0.00572	0.00553	0.00861
9	0.01651	0.01307	0.01549	0.21257	0.02160	0.01496	0.01121	0.40901	0.18161	0.02663	0.01419	0.01503	0.01035	0.00645	0.00547	0.00173	0.00596	0.00516	0.00470	0.00831
10	0.01236	0.01266	0.01647	0.01419	0.01438	0.06317	0.01175	0.01358	0.00879	0.01312	0.00738	0.01198	0.00727	0.00990	0.03184	0.00245	0.73560	0.00472	0.00242	0.00596
11	0.00804	0.00616	0.00851	0.11793	0.01231	0.00612	0.00657	0.01070	0.01459	0.02028	0.61417	0.03802	0.08080	0.01055	0.00631	0.00175	0.00329	0.02322	0.00543	0.00524
12	0.01479	0.78254	0.02808	0.00950	0.01410	0.04994	0.00937	0.01653	0.01124	0.01285	0.00761	0.00879	0.00700	0.00470	0.00355	0.00117	0.00598	0.00294	0.00235	0.00697
13	0.01189	0.01017	0.01417	0.05206	0.23974	0.01034	0.01068	0.01775	0.20061	0.03227	0.02972	0.08959	0.01695	0.00808	0.00571	0.00176	0.00504	0.11439	0.00414	0.12495
14	0.01641	0.03316	0.04219	0.01140	0.01512	0.01379	0.00945	0.21101	0.43075	0.10954	0.01913	0.01860	0.01415	0.00713	0.00549	0.00177	0.00497	0.02177	0.00544	0.00872
15	0.00679	0.00486	0.00646	0.00749	0.00794	0.00453	0.00507	0.00797	0.01114	0.01504	0.13451	0.69719	0.03822	0.01624	0.00688	0.00214	0.00308	0.01470	0.00519	0.00453
16	0.01130	0.00969	0.01130	0.00807	0.01292	0.00727	0.00646	0.01373	0.01130	0.01776	0.00969	0.01130	0.00807	0.00404	0.00404	0.00081	0.00404	0.00323	0.00323	0.84173
17	0.05291	0.00977	0.01151	0.00843	0.01308	0.00785	0.00681	0.03225	0.01232	0.15955	0.01186	0.01257	0.00901	0.00464	0.00431	0.00103	0.00420	0.00367	0.00394	0.63031
18	0.01130	0.00969	0.01130	0.00807	0.01292	0.00727	0.00646	0.01373	0.01130	0.01776	0.00969	0.01130	0.00807	0.00404	0.00404	0.00081	0.00404	0.00323	0.00323	0.84173
19	0.01458	0.81168	0.02857	0.00933	0.01399	0.02157	0.00933	0.01632	0.01108	0.01283	0.00758	0.00875	0.00700	0.00466	0.00350	0.00117	0.00583	0.00292	0.00233	0.00700
20	0.01816	0.02139	0.01419	0.01279	0.01565	0.55311	0.00970	0.06628	0.13456	0.01623	0.01474	0.01520	0.07154	0.00663	0.00517	0.00152	0.00814	0.00467	0.00359	0.00672
21	0.00670	0.00537	0.00602	0.00639	0.00778	0.00469	0.00471	0.00811	0.01209	0.01501	0.08604	0.24265	0.50210	0.01457	0.00664	0.00197	0.00299	0.05645	0.00511	0.00461
22	0.01673	0.01214	0.01287	0.01050	0.01386	0.01344	0.00847	0.42707	0.18099	0.02861	0.01614	0.01633	0.01195	0.00668	0.00509	0.00160	0.00483	0.00522	0.19933	0.00816
23	0.02023	0.01394	0.01528	0.01195	0.01611	0.01521	0.00979	0.55284	0.12835	0.13561	0.01554	0.01487	0.01089	0.00669	0.00547	0.00167	0.00557	0.00516	0.00565	0.00918
24	0.00951	0.00866	0.00836	0.00876	0.00988	0.12321	0.00632	0.02491	0.04352	0.01577	0.12271	0.46394	0.06429	0.01373	0.00651	0.00200	0.00428	0.05366	0.00487	0.00511
25	0.00762	0.00536	0.00598	0.00598	0.00639	0.00521	0.00362	0.00798	0.00887	0.01149	0.02474	0.03847	0.17117	0.61655	0.05485	0.00474	0.00516	0.00856	0.00364	0.00363
26	0.01286	0.01409	0.02895	0.04154	0.16025	0.01381	0.55487	0.01695	0.01243	0.01714	0.01059	0.01429	0.00824	0.00501	0.00703	0.00184	0.06397	0.00600	0.00271	0.00745
27	0.00682	0.00482	0.00627	0.00736	0.00763	0.00455	0.00481	0.00764	0.01008	0.01345	0.02823	0.69648	0.03377	0.12856	0.00989	0.00265	0.00346	0.01443	0.00481	0.00427
28	0.01145	0.13858	0.67427	0.01466	0.02224	0.01392	0.01862	0.01713	0.01145	0.01664	0.00947	0.01112	0.00692	0.00511	0.00494	0.00165	0.00774	0.00387	0.00231	0.00791
29	0.02037	0.02598	0.01545	0.01404	0.01685	0.78652	0.01053	0.02177	0.01545	0.01334	0.00843	0.00983	0.00702	0.00562	0.00492	0.00140	0.00983	0.00351	0.00281	0.00632
30	0.84691	0.01054	0.00801	0.00717	0.01054	0.01223	0.00590	0.01603	0.00928	0.02446	0.00759	0.00886	0.00590	0.00506	0.00337	0.00169	0.00422	0.00295	0.00337	0.00590
31	0.01017	0.00536	0.00576	0.05298	0.00824	0.00551	0.00450	0.01278	0.01140	0.01994	0.01729	0.01997	0.01357	0.00630	0.00391	0.00130	0.00283	0.00507	0.78798	0.00514
