[name]
unknown

[dist]
# distance from previous block
# <min> <max>
0	107

[block]
# block no. 0 follows, 46 sequences, length 29
# corresponding to MSA columns:
# 266-294
name=unknown_A
#
# <colnr> <probs for GDERKNQSTAVLIFYWHMCP>
#	G	D	E	R	K	N	Q	S	T	A	V	L	I	F	Y	W	H	M	C	P
0	0.01509	0.03853	0.02946	0.06338	0.01428	0.01060	0.00833	0.23199	0.06908	0.16801	0.01710	0.13825	0.01489	0.06106	0.05432	0.02770	0.00553	0.00664	0.00470	0.02105
1	0.07338	0.01407	0.13711	0.04263	0.06624	0.03143	0.02476	0.23657	0.06613	0.09722	0.02585	0.04337	0.03682	0.00812	0.03657	0.02212	0.00602	0.00527	0.00417	0.02214
2	0.25967	0.01311	0.03585	0.05527	0.03459	0.05518	0.05181	0.25759	0.08384	0.04099	0.01152	0.01304	0.00879	0.03706	0.00555	0.00176	0.00559	0.00440	0.00402	0.02037
3	0.01177	0.00725	0.00831	0.00733	0.00966	0.02334	0.00571	0.03575	0.05337	0.19954	0.24018	0.03636	0.31977	0.01036	0.00592	0.00170	0.00338	0.00872	0.00553	0.00605
4	0.03841	0.00991	0.01218	0.00892	0.01345	0.00823	0.03279	0.07146	0.01278	0.16448	0.01180	0.01247	0.00886	0.00464	0.00434	0.00106	0.00434	0.00377	0.00393	0.57215
5	0.01170	0.01109	0.01860	0.31678	0.41836	0.01201	0.03320	0.01555	0.04793	0.01624	0.04017	0.01483	0.00985	0.00527	0.00532	0.00166	0.00638	0.00499	0.00277	0.00728
6	0.01060	0.02735	0.78682	0.01507	0.02288	0.01228	0.01953	0.01674	0.01116	0.01674	0.00949	0.01116	0.00670	0.00502	0.00502	0.00167	0.00781	0.00391	0.00223	0.00781
7	0.01436	0.01115	0.01793	0.17110	0.38270	0.01140	0.04237	0.03438	0.05234	0.15596	0.01345	0.01533	0.02613	0.00548	0.00530	0.00163	0.00596	0.00505	0.00354	0.02443
8	0.01312	0.00680	0.00896	0.00774	0.00998	0.00619	0.00604	0.01585	0.04092	0.27814	0.48054	0.04893	0.03600	0.00938	0.00591	0.00167	0.00324	0.00813	0.00603	0.00644
9	0.01320	0.60774	0.22915	0.01064	0.01604	0.01863	0.01183	0.01607	0.01085	0.01358	0.00792	0.00919	0.00676	0.00466	0.00382	0.00127	0.00623	0.00311	0.00225	0.00706
10	0.01222	0.00605	0.00675	0.00617	0.00799	0.00593	0.00476	0.01540	0.06007	0.14807	0.07215	0.02083	0.01621	0.00662	0.00425	0.00137	0.00292	0.00539	0.59104	0.00583
11	0.00726	0.00523	0.00686	0.00681	0.00785	0.00484	0.00497	0.00941	0.01391	0.01952	0.61530	0.20741	0.04663	0.01206	0.00635	0.00177	0.00262	0.01075	0.00562	0.00484
12	0.00744	0.00540	0.00701	0.00661	0.00787	0.00497	0.00495	0.00989	0.01486	0.02096	0.75344	0.03988	0.07503	0.01090	0.00624	0.00167	0.00250	0.00962	0.00579	0.00497
13	0.00644	0.00536	0.00562	0.00555	0.00726	0.00454	0.00417	0.00795	0.01250	0.01535	0.16517	0.04912	0.66680	0.01299	0.00625	0.00177	0.00265	0.01091	0.00505	0.00454
14	0.79083	0.01013	0.00810	0.00713	0.01046	0.01156	0.00588	0.01629	0.00945	0.07956	0.00835	0.00928	0.00627	0.00503	0.00342	0.00164	0.00412	0.00304	0.00351	0.00597
15	0.02244	0.00873	0.01176	0.00911	0.01303	0.00753	0.00749	0.02443	0.01491	0.72836	0.02325	0.02041	0.06928	0.00705	0.00538	0.00165	0.00436	0.00574	0.00642	0.00866
16	0.85155	0.01022	0.00777	0.00695	0.01022	0.01186	0.00573	0.01554	0.00900	0.02372	0.00736	0.00859	0.00573	0.00491	0.00327	0.00164	0.00409	0.00286	0.00327	0.00573
17	0.00772	0.00551	0.00674	0.00639	0.00789	0.00492	0.00481	0.00982	0.01399	0.04872	0.51620	0.06127	0.26337	0.01155	0.00622	0.00171	0.00264	0.01000	0.00556	0.00497
18	0.00748	0.00540	0.00707	0.00665	0.00790	0.00499	0.00499	0.00998	0.01496	0.02120	0.77844	0.03949	0.04988	0.01081	0.00624	0.00166	0.00249	0.00956	0.00582	0.00499
19	0.85155	0.01022	0.00777	0.00695	0.01022	0.01186	0.00573	0.01554	0.00900	0.02372	0.00736	0.00859	0.00573	0.00491	0.00327	0.00164	0.00409	0.00286	0.00327	0.00573
20	0.00644	0.00505	0.00585	0.00643	0.00752	0.00446	0.00459	0.00766	0.01127	0.01415	0.05917	0.38917	0.40505	0.01478	0.00651	0.00197	0.00292	0.03770	0.00493	0.00441
21	0.05204	0.00913	0.01193	0.00932	0.01324	0.00825	0.00765	0.02528	0.07032	0.68552	0.02035	0.01782	0.01306	0.00652	0.00521	0.00164	0.00442	0.00527	0.02427	0.00875
22	0.00765	0.00546	0.00689	0.00653	0.00791	0.00495	0.00490	0.00991	0.01438	0.03835	0.62565	0.05907	0.16609	0.01126	0.00623	0.00169	0.00259	0.00984	0.00567	0.00498
23	0.02345	0.00942	0.01253	0.00961	0.01371	0.00840	0.00794	0.07989	0.01584	0.72976	0.02026	0.01760	0.01279	0.00653	0.00531	0.00163	0.00460	0.00528	0.00645	0.00900
24	0.01061	0.01012	0.01737	0.64015	0.16577	0.01194	0.04129	0.01410	0.01089	0.01428	0.00954	0.01392	0.00731	0.00516	0.00531	0.00173	0.00698	0.00475	0.00241	0.00635
25	0.01330	0.04444	0.53631	0.04488	0.02169	0.01172	0.06812	0.01832	0.01197	0.16233	0.01167	0.01271	0.00802	0.00527	0.00513	0.00166	0.00717	0.00434	0.00309	0.00789
26	0.00699	0.00475	0.00630	0.00736	0.00777	0.00443	0.00493	0.00791	0.01018	0.03606	0.02845	0.75989	0.03376	0.04459	0.00742	0.00224	0.00318	0.01448	0.00489	0.00439
27	0.02164	0.01115	0.01340	0.01034	0.01437	0.01111	0.00852	0.31046	0.03314	0.45366	0.01759	0.01604	0.01158	0.00647	0.00525	0.00161	0.00493	0.00510	0.03480	0.00884
28	0.00744	0.00573	0.00841	0.02314	0.00989	0.00544	0.05356	0.00921	0.01172	0.01582	0.20891	0.41241	0.06048	0.03622	0.00719	0.00211	0.00366	0.10906	0.00489	0.00472

[dist]
# distance from previous block
# <min> <max>
0	1

[block]
# block no. 1 follows, 46 sequences, length 132
# corresponding to MSA columns:
# 297-428
name=unknown_B
#
# <colnr> <probs for GDERKNQSTAVLIFYWHMCP>
#	G	D	E	R	K	N	Q	S	T	A	V	L	I	F	Y	W	H	M	C	P
0	0.05309	0.01066	0.01651	0.23028	0.26275	0.01201	0.01284	0.01614	0.01123	0.13875	0.01133	0.03248	0.00901	0.00628	0.00742	0.00178	0.15218	0.00495	0.00320	0.00711
1	0.82658	0.01067	0.00799	0.00715	0.01041	0.03531	0.00586	0.01571	0.00918	0.02340	0.00739	0.00862	0.00576	0.00492	0.00332	0.00163	0.00425	0.00288	0.00326	0.00574
2	0.01046	0.00988	0.01672	0.68301	0.15117	0.01187	0.01492	0.01393	0.01080	0.01409	0.00948	0.01394	0.00725	0.00520	0.00528	0.00173	0.00693	0.00470	0.00239	0.00626
3	0.01224	0.18772	0.49597	0.01467	0.03826	0.07528	0.07284	0.01690	0.01149	0.01559	0.00905	0.01076	0.00686	0.00490	0.00477	0.00154	0.00755	0.00384	0.00232	0.00743
4	0.00748	0.00540	0.00707	0.00665	0.00790	0.00499	0.00499	0.00998	0.01496	0.02120	0.77844	0.03949	0.04988	0.01081	0.00624	0.00166	0.00249	0.00956	0.00582	0.00499
5	0.00679	0.00476	0.00630	0.00713	0.00759	0.00445	0.00483	0.00778	0.01071	0.01445	0.15088	0.60379	0.05063	0.04083	0.00801	0.04553	0.00311	0.01329	0.00487	0.00427
6	0.00740	0.00541	0.00695	0.00660	0.00790	0.00497	0.00498	0.00979	0.01465	0.02048	0.69945	0.04091	0.11276	0.01111	0.00626	0.00169	0.00256	0.02546	0.00572	0.00494
7	0.00689	0.00512	0.00642	0.00664	0.00767	0.00465	0.00477	0.00863	0.01276	0.01725	0.38415	0.30198	0.18713	0.01325	0.00641	0.00185	0.00272	0.01172	0.00533	0.00465
8	0.01222	0.30838	0.48638	0.01287	0.01931	0.04602	0.01543	0.01659	0.01116	0.01506	0.00867	0.01014	0.00673	0.00486	0.00443	0.00147	0.00711	0.00350	0.00226	0.00738
9	0.06401	0.01210	0.01384	0.01069	0.01473	0.01255	0.00880	0.42027	0.01988	0.32793	0.01571	0.01499	0.01063	0.02210	0.00562	0.00168	0.00520	0.00494	0.00564	0.00871
10	0.12608	0.00925	0.01198	0.00977	0.03551	0.00842	0.00776	0.02422	0.01428	0.66807	0.01886	0.01668	0.01204	0.00629	0.00506	0.00163	0.00450	0.00499	0.00602	0.00857
11	0.01542	0.01198	0.01321	0.01002	0.01422	0.01186	0.00810	0.38125	0.05673	0.02508	0.01192	0.01319	0.00927	0.03710	0.00557	0.00140	0.00491	0.00425	0.00431	0.36021
12	0.01461	0.05294	0.01310	0.01051	0.01379	0.01333	0.00841	0.17220	0.49469	0.06013	0.02123	0.01983	0.06714	0.00727	0.00532	0.00171	0.00449	0.00590	0.00522	0.00817
13	0.00760	0.00515	0.00581	0.00579	0.00594	0.00508	0.00333	0.00779	0.00826	0.01099	0.05534	0.03567	0.05975	0.73426	0.02485	0.00479	0.00487	0.00796	0.00342	0.00335
14	0.85155	0.01022	0.00777	0.00695	0.01022	0.01186	0.00573	0.01554	0.00900	0.02372	0.00736	0.00859	0.00573	0.00491	0.00327	0.00164	0.00409	0.00286	0.00327	0.00573
15	0.01376	0.01142	0.01212	0.01077	0.01384	0.01311	0.00841	0.05697	0.71840	0.04663	0.02115	0.01939	0.01576	0.00712	0.00537	0.00178	0.00426	0.00591	0.00541	0.00841
16	0.65748	0.00981	0.00834	0.00735	0.01047	0.01107	0.00599	0.03692	0.04039	0.06699	0.09176	0.01300	0.01139	0.00576	0.00385	0.00164	0.00399	0.00390	0.00387	0.00603
17	0.01289	0.01074	0.01134	0.01013	0.01305	0.01211	0.00790	0.06491	0.61941	0.03879	0.02505	0.02322	0.11140	0.00789	0.00548	0.00178	0.00409	0.00655	0.00534	0.00793
18	0.02010	0.01481	0.01587	0.01216	0.01639	0.01639	0.01005	0.76360	0.02486	0.03332	0.01269	0.01269	0.00899	0.00635	0.00529	0.00159	0.00582	0.00476	0.00529	0.00899
19	0.02010	0.01481	0.01587	0.01216	0.01639	0.01639	0.01005	0.76360	0.02486	0.03332	0.01269	0.01269	0.00899	0.00635	0.00529	0.00159	0.00582	0.00476	0.00529	0.00899
20	0.00998	0.00940	0.01586	0.80150	0.03641	0.01175	0.01468	0.01351	0.01057	0.01351	0.00940	0.01409	0.00705	0.00529	0.00529	0.00176	0.00705	0.00470	0.00235	0.00587
21	0.01976	0.02496	0.01500	0.01359	0.01634	0.77513	0.01021	0.03819	0.01521	0.01341	0.00828	0.00961	0.00686	0.00547	0.00478	0.00137	0.00945	0.00344	0.00278	0.00619
22	0.02010	0.01481	0.01587	0.01216	0.01639	0.01639	0.01005	0.76360	0.02486	0.03332	0.01269	0.01269	0.00899	0.00635	0.00529	0.00159	0.00582	0.00476	0.00529	0.00899
23	0.01081	0.02593	0.70537	0.01585	0.02339	0.01240	0.09957	0.01676	0.01130	0.01676	0.00962	0.01150	0.00684	0.00496	0.00515	0.00169	0.00793	0.00416	0.00228	0.00774
24	0.00748	0.00540	0.00707	0.00665	0.00790	0.00499	0.00499	0.00998	0.01496	0.02120	0.77844	0.03949	0.04988	0.01081	0.00624	0.00166	0.00249	0.00956	0.00582	0.00499
25	0.00638	0.00536	0.00554	0.00550	0.00722	0.00452	0.00412	0.00785	0.01237	0.01504	0.13320	0.04963	0.69897	0.01311	0.00625	0.00177	0.00266	0.01098	0.00501	0.00452
26	0.01157	0.01157	0.01619	0.01388	0.01388	0.01619	0.01157	0.01272	0.00810	0.01272	0.00694	0.01157	0.00694	0.00925	0.01735	0.00231	0.80453	0.00463	0.00231	0.00578
27	0.10527	0.00912	0.01183	0.00916	0.01317	0.00817	0.00757	0.02476	0.01453	0.70991	0.01953	0.01707	0.01236	0.00638	0.00511	0.00164	0.00446	0.00507	0.00622	0.00867
28	0.85155	0.01022	0.00777	0.00695	0.01022	0.01186	0.00573	0.01554	0.00900	0.02372	0.00736	0.00859	0.00573	0.00491	0.00327	0.00164	0.00409	0.00286	0.00327	0.00573
29	0.00626	0.00530	0.00541	0.00550	0.00718	0.00445	0.00408	0.00757	0.01191	0.01422	0.05175	0.10702	0.72411	0.01362	0.00628	0.00181	0.00271	0.01144	0.00491	0.00445
30	0.00755	0.00566	0.00850	0.00850	0.00944	0.00661	0.00661	0.00944	0.00850	0.01227	0.01416	0.02077	0.01322	0.03965	0.79326	0.00850	0.01416	0.00566	0.00283	0.00472
31	0.00771	0.00590	0.00880	0.00871	0.00961	0.00698	0.00680	0.00957	0.00848	0.01229	0.01388	0.02041	0.01297	0.03845	0.76278	0.00825	0.04521	0.00562	0.00281	0.00476
32	0.01084	0.00933	0.01102	0.00805	0.01243	0.00732	0.00643	0.01310	0.01082	0.01693	0.00992	0.03623	0.00865	0.00452	0.00453	0.00089	0.03534	0.00357	0.00316	0.78691
33	0.01218	0.00947	0.01172	0.03908	0.05279	0.00836	0.00751	0.04369	0.07259	0.07965	0.04940	0.04569	0.01215	0.00623	0.02075	0.00132	0.01954	0.00460	0.00379	0.49950
34	0.13629	0.05618	0.01595	0.11593	0.12088	0.40570	0.02911	0.01817	0.01277	0.01521	0.00845	0.01056	0.00693	0.00526	0.00490	0.00150	0.02340	0.00373	0.00271	0.00639
35	0.02010	0.01481	0.01587	0.01216	0.01639	0.01639	0.01005	0.76360	0.02486	0.03332	0.01269	0.01269	0.00899	0.00635	0.00529	0.00159	0.00582	0.00476	0.00529	0.00899
36	0.00659	0.00466	0.00609	0.00718	0.00745	0.00439	0.00471	0.00740	0.00984	0.01312	0.02769	0.72077	0.03314	0.10905	0.00909	0.00249	0.00331	0.01418	0.00471	0.00417
37	0.01308	0.01256	0.02146	0.03245	0.78123	0.01256	0.01622	0.01622	0.01204	0.01727	0.00994	0.01308	0.00837	0.00471	0.00523	0.00157	0.00628	0.00471	0.00262	0.00837
38	0.02342	0.00920	0.01236	0.00951	0.01358	0.00811	0.00784	0.04642	0.02971	0.74947	0.02064	0.01788	0.01303	0.00655	0.00532	0.00164	0.00453	0.00531	0.00649	0.00898
39	0.01298	0.01032	0.01251	0.11486	0.12099	0.06325	0.00918	0.15262	0.03142	0.08401	0.06972	0.12482	0.11615	0.04533	0.00661	0.00187	0.00513	0.00734	0.00431	0.00657
40	0.00721	0.00492	0.00591	0.00638	0.00650	0.00480	0.00386	0.00756	0.00863	0.01150	0.02148	0.33423	0.02530	0.50629	0.01913	0.00398	0.00433	0.01052	0.00386	0.00362
41	0.00985	0.00493	0.00493	0.00493	0.00616	0.00493	0.00370	0.01232	0.01109	0.01971	0.01725	0.01971	0.01355	0.00616	0.00370	0.00123	0.00246	0.00493	0.84356	0.00493
42	0.00780	0.00549	0.00717	0.00676	0.00808	0.00506	0.00512	0.01025	0.01481	0.03576	0.72379	0.03994	0.06667	0.01090	0.00625	0.00169	0.00261	0.03101	0.00578	0.00505
43	0.01058	0.01079	0.05621	0.57558	0.13858	0.01168	0.03454	0.03094	0.01116	0.01475	0.01054	0.05224	0.00863	0.00574	0.00536	0.00175	0.00681	0.00520	0.00258	0.00635
44	0.85155	0.01022	0.00777	0.00695	0.01022	0.01186	0.00573	0.01554	0.00900	0.02372	0.00736	0.00859	0.00573	0.00491	0.00327	0.00164	0.00409	0.00286	0.00327	0.00573
45	0.01129	0.01101	0.01732	0.55677	0.23561	0.04969	0.01488	0.01460	0.01118	0.01449	0.00948	0.01360	0.00739	0.00514	0.00525	0.00169	0.00696	0.00464	0.00244	0.00656
46	0.01227	0.17319	0.44000	0.05728	0.10961	0.07464	0.03016	0.01668	0.01147	0.01553	0.00905	0.01097	0.00696	0.00493	0.00476	0.00154	0.00734	0.00384	0.00234	0.00744
47	0.00869	0.00542	0.00735	0.00817	0.00908	0.00509	0.00611	0.01011	0.01114	0.09098	0.02802	0.54137	0.03163	0.01507	0.00675	0.00217	0.00367	0.19923	0.00506	0.00491
48	0.00658	0.00470	0.00630	0.00753	0.00789	0.00442	0.00516	0.00761	0.01026	0.01366	0.02906	0.75891	0.03465	0.01643	0.00679	0.00217	0.00319	0.06547	0.00490	0.00433
49	0.00755	0.00566	0.00850	0.00850	0.00944	0.00661	0.00661	0.00944	0.00850	0.01227	0.01416	0.02077	0.01322	0.03965	0.79326	0.00850	0.01416	0.00566	0.00283	0.00472
50	0.01382	0.03226	0.08848	0.09271	0.47109	0.03037	0.04177	0.07626	0.01299	0.05732	0.01050	0.01305	0.00829	0.00511	0.00547	0.00161	0.02329	0.00465	0.00296	0.00800
51	0.00753	0.00564	0.00845	0.00847	0.00941	0.00656	0.00657	0.00940	0.00853	0.01230	0.01445	0.03627	0.01364	0.03920	0.77783	0.00837	0.01394	0.00585	0.00287	0.00471
52	0.00985	0.00493	0.00493	0.00493	0.00616	0.00493	0.00370	0.01232	0.01109	0.01971	0.01725	0.01971	0.01355	0.00616	0.00370	0.00123	0.00246	0.00493	0.84356	0.00493
53	0.01698	0.01307	0.01763	0.01714	0.19176	0.01373	0.08580	0.39729	0.03507	0.07799	0.03516	0.01482	0.01068	0.02127	0.00577	0.00167	0.00592	0.00516	0.02477	0.00833
54	0.01176	0.18456	0.48047	0.01508	0.05007	0.01410	0.10030	0.03316	0.01149	0.01616	0.00940	0.01133	0.00715	0.00580	0.02590	0.00175	0.00757	0.00405	0.00239	0.00749
55	0.01052	0.01010	0.01527	0.32707	0.02240	0.01344	0.01230	0.01270	0.00912	0.01299	0.00866	0.01352	0.00763	0.01079	0.09204	0.00273	0.40588	0.00476	0.00238	0.00571
56	0.36163	0.09903	0.29133	0.01106	0.01622	0.02633	0.03886	0.05249	0.01108	0.03640	0.00881	0.01012	0.00660	0.00501	0.00419	0.00160	0.00595	0.00351	0.00293	0.00687
57	0.00654	0.00537	0.00577	0.00567	0.00732	0.00459	0.00425	0.00816	0.01275	0.01595	0.22792	0.04814	0.60368	0.01277	0.00624	0.00176	0.00263	0.01077	0.00513	0.00459
58	0.01220	0.00952	0.01120	0.00808	0.01271	0.00737	0.00649	0.03616	0.01168	0.07592	0.01036	0.01155	0.00826	0.00419	0.00406	0.00087	0.00401	0.00335	0.00345	0.75855
59	0.01106	0.01070	0.01477	0.01271	0.01292	0.01451	0.01041	0.01217	0.00818	0.01264	0.00817	0.01405	0.00834	0.08998	0.03545	0.00267	0.67539	0.00490	0.00245	0.03853
60	0.02835	0.01300	0.02028	0.07651	0.66152	0.05555	0.01542	0.01661	0.03089	0.01704	0.01005	0.01303	0.00835	0.00485	0.00518	0.00158	0.00641	0.00464	0.00269	0.00805
61	0.01216	0.01303	0.02640	0.16368	0.18814	0.01291	0.47117	0.01617	0.01204	0.01639	0.01030	0.01398	0.00792	0.00466	0.00586	0.00173	0.00802	0.00564	0.00260	0.00717
62	0.00751	0.00628	0.00667	0.00665	0.00840	0.00596	0.00494	0.01118	0.14421	0.01569	0.06198	0.16842	0.50734	0.01276	0.00618	0.00184	0.00300	0.01084	0.00501	0.00513
63	0.83296	0.01033	0.00795	0.00707	0.01036	0.01196	0.00582	0.03227	0.00935	0.02393	0.00748	0.00868	0.00580	0.00494	0.00332	0.00163	0.00413	0.00291	0.00332	0.00580
64	0.01308	0.01256	0.02146	0.03245	0.78123	0.01256	0.01622	0.01622	0.01204	0.01727	0.00994	0.01308	0.00837	0.00471	0.00523	0.00157	0.00628	0.00471	0.00262	0.00837
65	0.00644	0.00462	0.00612	0.00731	0.00766	0.00430	0.00489	0.00737	0.01017	0.01351	0.02973	0.79237	0.05297	0.01649	0.00674	0.00214	0.00306	0.01494	0.00491	0.00430
66	0.00633	0.00536	0.00547	0.00544	0.00719	0.00450	0.00408	0.00775	0.01225	0.01476	0.10363	0.05009	0.72871	0.01321	0.00625	0.00178	0.00267	0.01105	0.00497	0.00450
67	0.00748	0.00540	0.00707	0.00665	0.00790	0.00499	0.00499	0.00998	0.01496	0.02120	0.77844	0.03949	0.04988	0.01081	0.00624	0.00166	0.00249	0.00956	0.00582	0.00499
68	0.02358	0.00923	0.01241	0.00951	0.01361	0.00811	0.00786	0.05475	0.01551	0.75537	0.02054	0.01779	0.01293	0.00654	0.00532	0.00163	0.00455	0.00529	0.00649	0.00900
69	0.01335	0.01179	0.01188	0.01071	0.01364	0.04846	0.00831	0.02730	0.71434	0.02162	0.02078	0.01926	0.01563	0.00706	0.00530	0.00176	0.00438	0.00583	0.03043	0.00816
70	0.48793	0.01093	0.01207	0.19261	0.01812	0.01260	0.04732	0.12808	0.01193	0.02245	0.00881	0.01077	0.00664	0.00519	0.00420	0.00167	0.00528	0.00375	0.00333	0.00632
71	0.01531	0.03212	0.02841	0.00987	0.01306	0.01074	0.00802	0.27504	0.04573	0.14730	0.06010	0.15802	0.01684	0.02777	0.00628	0.00171	0.02865	0.00682	0.00493	0.10328
72	0.01912	0.01315	0.03916	0.01232	0.01653	0.01324	0.08448	0.44387	0.02002	0.20933	0.02912	0.02701	0.01109	0.00734	0.02744	0.00182	0.00600	0.00529	0.00517	0.00850
73	0.01093	0.05724	0.68152	0.01555	0.02299	0.01273	0.09313	0.01673	0.01128	0.01659	0.00952	0.01136	0.00683	0.00495	0.00508	0.00166	0.00784	0.00410	0.00228	0.00770
74	0.00798	0.00606	0.00667	0.00637	0.00822	0.00551	0.00482	0.01081	0.08092	0.05365	0.20304	0.06688	0.49571	0.01204	0.00614	0.00176	0.00287	0.01019	0.00522	0.00514
75	0.04211	0.00984	0.01210	0.00962	0.05008	0.00807	0.02399	0.03243	0.01149	0.05916	0.01003	0.01149	0.00808	0.00430	0.00437	0.00097	0.01928	0.00345	0.00332	0.67584
76	0.01286	0.01232	0.01965	0.05237	0.63973	0.03671	0.01503	0.01647	0.04878	0.01715	0.01178	0.01681	0.01031	0.00561	0.00538	0.00164	0.00620	0.06030	0.00291	0.00796
77	0.00644	0.00460	0.00613	0.00736	0.00767	0.00429	0.00491	0.00736	0.01012	0.01350	0.02914	0.81076	0.03497	0.01656	0.00675	0.00215	0.00307	0.01503	0.00491	0.00429
78	0.01515	0.19675	0.12905	0.01164	0.01535	0.24747	0.01059	0.12738	0.01392	0.01666	0.01055	0.04985	0.00913	0.00805	0.05199	0.00188	0.03594	0.00435	0.03757	0.00671
79	0.01311	0.12436	0.04492	0.04943	0.01507	0.10565	0.06693	0.03302	0.02377	0.10091	0.06103	0.08922	0.01600	0.01067	0.06701	0.00227	0.07787	0.08877	0.00373	0.00626
80	0.00641	0.00472	0.00601	0.00704	0.00758	0.00432	0.00476	0.00740	0.01043	0.01362	0.03309	0.68791	0.15527	0.01605	0.00667	0.00209	0.00300	0.01440	0.00491	0.00432
81	0.00782	0.00593	0.00877	0.00975	0.03159	0.00574	0.04327	0.00959	0.01110	0.01468	0.02696	0.41666	0.03067	0.03159	0.00734	0.00230	0.00424	0.32254	0.00468	0.00476
82	0.01387	0.12471	0.07119	0.11569	0.09739	0.22282	0.01142	0.01787	0.11110	0.01511	0.02814	0.01502	0.03815	0.00632	0.00602	0.00161	0.07605	0.01778	0.00306	0.00669
83	0.01193	0.01043	0.01342	0.34166	0.02257	0.08175	0.03884	0.06703	0.06133	0.05554	0.01644	0.12350	0.05537	0.00763	0.00569	0.00174	0.02203	0.00652	0.05044	0.00614
84	0.68996	0.00998	0.00865	0.00743	0.01086	0.01106	0.00612	0.01754	0.01019	0.17230	0.01000	0.01042	0.00716	0.00523	0.00367	0.00164	0.00417	0.00334	0.00391	0.00636
85	0.01111	0.00933	0.01072	0.01208	0.14106	0.06098	0.00781	0.01547	0.15583	0.07637	0.08109	0.05002	0.31035	0.00961	0.00578	0.00173	0.00423	0.02543	0.00465	0.00637
86	0.01282	0.03548	0.29453	0.03204	0.03673	0.01274	0.35818	0.05554	0.01270	0.06633	0.01124	0.02727	0.00837	0.00512	0.00562	0.00171	0.00783	0.00531	0.00292	0.00753
87	0.01975	0.02520	0.01498	0.01362	0.01634	0.79299	0.01021	0.02111	0.01498	0.01294	0.00817	0.00953	0.00681	0.00545	0.00477	0.00136	0.00953	0.00340	0.00272	0.00613
88	0.82053	0.01030	0.00807	0.02144	0.01082	0.01194	0.00597	0.02970	0.00933	0.02372	0.00750	0.00877	0.00581	0.00494	0.00335	0.00164	0.00418	0.00293	0.00329	0.00579
89	0.00904	0.00576	0.00750	0.00686	0.00842	0.00524	0.00522	0.01143	0.01484	0.09699	0.66784	0.03790	0.08150	0.01051	0.00614	0.00167	0.00270	0.00921	0.00585	0.00536
90	0.06263	0.24394	0.28230	0.01355	0.06622	0.07344	0.01330	0.08115	0.01216	0.01675	0.00873	0.01043	0.00700	0.00540	0.00565	0.00154	0.08224	0.00370	0.00264	0.00722
91	0.51896	0.30047	0.01522	0.00793	0.01166	0.03162	0.00709	0.02870	0.01002	0.01961	0.00747	0.00864	0.00618	0.00481	0.00338	0.00145	0.00480	0.00289	0.00293	0.00617
92	0.00644	0.00460	0.00613	0.00736	0.00767	0.00429	0.00491	0.00736	0.01012	0.01350	0.02914	0.81076	0.03497	0.01656	0.00675	0.00215	0.00307	0.01503	0.00491	0.00429
93	0.01071	0.01027	0.01764	0.55252	0.11555	0.01186	0.09789	0.01495	0.05735	0.01511	0.03781	0.01525	0.00939	0.00544	0.00543	0.00174	0.00683	0.00512	0.00272	0.00641
94	0.00815	0.00584	0.00808	0.00927	0.01036	0.00577	0.00786	0.01032	0.01185	0.01543	0.02874	0.17548	0.04796	0.01488	0.00719	0.00238	0.00454	0.61625	0.00487	0.00477
95	0.00745	0.00548	0.00717	0.00806	0.00911	0.00520	0.00643	0.00926	0.01177	0.01529	0.08971	0.27399	0.16214	0.01467	0.00688	0.00218	0.00379	0.35181	0.00496	0.00464
96	0.01172	0.23269	0.52794	0.01381	0.04278	0.01459	0.01615	0.01704	0.04780	0.01589	0.00952	0.01093	0.00723	0.00499	0.00462	0.00153	0.00703	0.00375	0.00240	0.00759
97	0.67473	0.01048	0.00911	0.02162	0.01158	0.01182	0.00648	0.08265	0.01108	0.10588	0.00931	0.01005	0.00682	0.00522	0.00370	0.00163	0.00434	0.00333	0.00378	0.00637
98	0.01440	0.01152	0.03227	0.02851	0.01286	0.08223	0.00790	0.27805	0.01562	0.07118	0.06065	0.02070	0.01444	0.20966	0.10153	0.00326	0.01885	0.00577	0.00418	0.00641
99	0.01142	0.18472	0.51183	0.02943	0.02144	0.01395	0.10337	0.01629	0.01119	0.01575	0.00967	0.03038	0.00756	0.00514	0.00488	0.00159	0.00737	0.00424	0.00236	0.00740
100	0.02280	0.00895	0.01209	0.00933	0.01328	0.00784	0.00768	0.04281	0.01536	0.72746	0.05959	0.01897	0.01488	0.00676	0.00536	0.00164	0.00443	0.00552	0.00648	0.00879
101	0.00928	0.00716	0.00975	0.05135	0.04512	0.00747	0.00897	0.01333	0.10719	0.01649	0.02643	0.04999	0.05497	0.01273	0.00683	0.00226	0.00487	0.55560	0.00471	0.00549
102	0.01257	0.01446	0.13820	0.25094	0.17159	0.05233	0.10692	0.01787	0.11231	0.05352	0.01177	0.01416	0.00885	0.00535	0.00534	0.00169	0.00688	0.00490	0.00305	0.00731
103	0.00790	0.00573	0.00776	0.00887	0.00996	0.00559	0.00740	0.00994	0.01176	0.01522	0.03052	0.20693	0.09885	0.01488	0.00710	0.00232	0.00432	0.53535	0.00488	0.00472
104	0.01060	0.02735	0.78682	0.01507	0.02288	0.01228	0.01953	0.01674	0.01116	0.01674	0.00949	0.01116	0.00670	0.00502	0.00502	0.00167	0.00781	0.00391	0.00223	0.00781
105	0.01076	0.00921	0.01090	0.02901	0.01298	0.00706	0.00644	0.01308	0.01092	0.01698	0.01017	0.04246	0.00888	0.00445	0.00406	0.00086	0.00397	0.00364	0.00318	0.79098
106	0.01077	0.02553	0.68921	0.03777	0.02374	0.01237	0.09415	0.01667	0.01128	0.01667	0.00961	0.01156	0.00684	0.00497	0.00515	0.00169	0.00790	0.00416	0.00228	0.00769
107	0.00644	0.00460	0.00613	0.00736	0.00767	0.00429	0.00491	0.00736	0.01012	0.01350	0.02914	0.81076	0.03497	0.01656	0.00675	0.00215	0.00307	0.01503	0.00491	0.00429
108	0.01195	0.01390	0.06402	0.20336	0.02749	0.05056	0.44204	0.01583	0.01169	0.01552	0.01007	0.01385	0.00775	0.00606	0.02958	0.00198	0.05963	0.00550	0.00256	0.00667
109	0.00985	0.00493	0.00493	0.00493	0.00616	0.00493	0.00370	0.01232	0.01109	0.01971	0.01725	0.01971	0.01355	0.00616	0.00370	0.00123	0.00246	0.00493	0.84356	0.00493
110	0.00791	0.00580	0.00732	0.00727	0.00847	0.00555	0.00538	0.04578	0.03170	0.01910	0.44877	0.25253	0.07932	0.01239	0.00636	0.00183	0.00296	0.04108	0.00545	0.00504
111	0.01295	0.01242	0.02122	0.06559	0.74913	0.01253	0.01616	0.01611	0.01197	0.01711	0.00992	0.01313	0.00832	0.00474	0.00524	0.00158	0.00631	0.00471	0.00261	0.00827
112	0.02372	0.00900	0.01227	0.00941	0.01350	0.00777	0.00777	0.02576	0.01513	0.78489	0.02086	0.01799	0.01309	0.00654	0.00532	0.00164	0.00450	0.00532	0.00654	0.00900
113	0.00645	0.00468	0.00609	0.00717	0.00763	0.00433	0.00483	0.00744	0.01040	0.01375	0.04976	0.72775	0.09790	0.01615	0.00669	0.00210	0.00302	0.01457	0.00493	0.00433
114	0.00734	0.00467	0.00629	0.00702	0.00724	0.00447	0.00463	0.00726	0.00900	0.01196	0.02280	0.48782	0.04447	0.09536	0.01270	0.24443	0.00370	0.01122	0.00399	0.00362
115	0.01974	0.01460	0.01567	0.01199	0.01624	0.01603	0.00990	0.73413	0.02431	0.03269	0.01256	0.01262	0.00894	0.00625	0.00523	0.00155	0.00574	0.00470	0.00520	0.04189
116	0.01144	0.00968	0.01122	0.00806	0.01273	0.00753	0.00646	0.05231	0.01168	0.01806	0.00957	0.01105	0.00789	0.00404	0.00399	0.00082	0.00401	0.00322	0.00324	0.80299
117	0.01534	0.01225	0.07947	0.02335	0.01425	0.01161	0.00908	0.37475	0.04138	0.08575	0.13442	0.09400	0.01840	0.00791	0.00547	0.00165	0.00489	0.00650	0.05199	0.00752
118	0.01834	0.01393	0.01488	0.01181	0.01572	0.01557	0.00962	0.57755	0.21377	0.03048	0.01492	0.01447	0.01080	0.00656	0.00531	0.00164	0.00540	0.00507	0.00531	0.00883
119	0.85155	0.01022	0.00777	0.00695	0.01022	0.01186	0.00573	0.01554	0.00900	0.02372	0.00736	0.00859	0.00573	0.00491	0.00327	0.00164	0.00409	0.00286	0.00327	0.00573
120	0.00625	0.00536	0.00536	0.00536	0.00714	0.00446	0.00402	0.00759	0.01205	0.01428	0.05355	0.05088	0.77909	0.01339	0.00625	0.00179	0.00268	0.01116	0.00491	0.00446
121	0.00718	0.00531	0.00670	0.00653	0.00776	0.00483	0.00483	0.00933	0.01399	0.01930	0.58588	0.12533	0.15977	0.01183	0.00629	0.00173	0.00258	0.01040	0.00558	0.00483
122	0.01413	0.81739	0.02770	0.00905	0.01357	0.02092	0.00905	0.01583	0.01074	0.01244	0.00735	0.00848	0.00678	0.00452	0.00339	0.00113	0.00565	0.00283	0.00226	0.00678
123	0.01809	0.01337	0.01443	0.01151	0.01532	0.01482	0.00936	0.51935	0.21415	0.06401	0.03948	0.01557	0.01228	0.00671	0.00534	0.00164	0.00524	0.00525	0.00538	0.00871
124	0.01157	0.01157	0.01619	0.01388	0.01388	0.01619	0.01157	0.01272	0.00810	0.01272	0.00694	0.01157	0.00694	0.00925	0.01735	0.00231	0.80453	0.00463	0.00231	0.00578
125	0.01999	0.01462	0.01571	0.01208	0.01628	0.01616	0.00997	0.73250	0.04275	0.04661	0.01305	0.01296	0.00924	0.00637	0.00529	0.00159	0.00575	0.00480	0.00531	0.00898
126	0.00682	0.00476	0.00602	0.00688	0.00710	0.00454	0.00439	0.00746	0.00939	0.01252	0.02538	0.57738	0.03023	0.25640	0.01281	0.00304	0.00369	0.01282	0.00439	0.00397
127	0.00845	0.00604	0.00844	0.00966	0.01085	0.00603	0.00840	0.01084	0.01211	0.01575	0.02803	0.08334	0.03057	0.01467	0.00728	0.00242	0.00481	0.72259	0.00487	0.00485
128	0.00645	0.00466	0.00614	0.00728	0.00768	0.00435	0.00490	0.00742	0.01019	0.01351	0.03008	0.75532	0.07276	0.01688	0.02304	0.00226	0.00328	0.01464	0.00486	0.00431
129	0.02010	0.01481	0.01587	0.01216	0.01639	0.01639	0.01005	0.76360	0.02486	0.03332	0.01269	0.01269	0.00899	0.00635	0.00529	0.00159	0.00582	0.00476	0.00529	0.00899
130	0.00650	0.00464	0.00620	0.00742	0.00776	0.00434	0.00500	0.00746	0.01018	0.01356	0.02911	0.79069	0.03484	0.01651	0.00676	0.00215	0.00312	0.03455	0.00491	0.00431
131	0.00777	0.00612	0.00932	0.00858	0.00999	0.00571	0.08065	0.01005	0.01329	0.01845	0.46174	0.23785	0.04065	0.01190	0.00643	0.00185	0.00343	0.05598	0.00521	0.00501

[dist]
# distance from previous block
# <min> <max>
4	21

[block]
# block no. 2 follows, 46 sequences, length 18
# corresponding to MSA columns:
# 452-469
name=unknown_C
#
# <colnr> <probs for GDERKNQSTAVLIFYWHMCP>
#	G	D	E	R	K	N	Q	S	T	A	V	L	I	F	Y	W	H	M	C	P
0	0.03676	0.02212	0.17960	0.01325	0.01738	0.39185	0.01191	0.16251	0.08162	0.01869	0.01046	0.01135	0.00799	0.00567	0.00494	0.00152	0.00786	0.00398	0.00335	0.00722
1	0.01166	0.01132	0.01469	0.01418	0.08699	0.07810	0.04022	0.04835	0.01036	0.01443	0.01170	0.11412	0.01179	0.03054	0.09433	0.00278	0.37611	0.00610	0.01636	0.00590
2	0.63011	0.01064	0.01009	0.10784	0.03817	0.02945	0.00777	0.01519	0.00934	0.02107	0.00768	0.00969	0.00610	0.00533	0.00482	0.00170	0.07283	0.00331	0.00304	0.00584
3	0.01754	0.00982	0.01172	0.00982	0.01318	0.01006	0.00783	0.02562	0.36717	0.37057	0.08006	0.02047	0.01737	0.00717	0.00542	0.00171	0.00420	0.00595	0.00595	0.00839
4	0.01481	0.01079	0.01190	0.01065	0.03231	0.02758	0.00819	0.10206	0.42515	0.14444	0.06376	0.02248	0.07209	0.00769	0.00549	0.00174	0.00438	0.02115	0.00541	0.00795
5	0.00742	0.00511	0.00588	0.00598	0.00626	0.00497	0.00360	0.00783	0.00890	0.01183	0.08307	0.12106	0.08590	0.59591	0.02133	0.00424	0.00449	0.00893	0.00374	0.00357
6	0.01959	0.01299	0.01430	0.01112	0.01505	0.01402	0.00913	0.55675	0.05619	0.15125	0.01473	0.01438	0.01031	0.00640	0.00518	0.00158	0.00528	0.00492	0.06818	0.00866
7	0.00779	0.00603	0.00823	0.00829	0.00914	0.02638	0.00626	0.00942	0.00871	0.01220	0.01540	0.08316	0.01529	0.10793	0.64178	0.00751	0.01235	0.00652	0.00302	0.00458
8	0.06524	0.02396	0.01462	0.01320	0.01601	0.71916	0.00996	0.05056	0.01505	0.01434	0.00831	0.00961	0.00684	0.00545	0.00471	0.00139	0.00909	0.00343	0.00286	0.00622
9	0.01489	0.01222	0.01294	0.01111	0.01441	0.01396	0.00879	0.21289	0.58404	0.02493	0.01930	0.01796	0.01434	0.00696	0.00536	0.00174	0.00459	0.00567	0.00536	0.00852
10	0.01667	0.01064	0.01217	0.01018	0.01350	0.01132	0.00812	0.14430	0.36039	0.23887	0.09739	0.02012	0.01758	0.00723	0.00543	0.00170	0.00436	0.00596	0.00574	0.00830
11	0.00757	0.00546	0.00718	0.00690	0.00815	0.00508	0.00527	0.01006	0.01474	0.02076	0.71750	0.04113	0.04830	0.01112	0.00632	0.00173	0.00269	0.06933	0.00574	0.00498
12	0.00732	0.00619	0.00648	0.00665	0.00815	0.02405	0.00485	0.00987	0.08313	0.01504	0.07084	0.25176	0.45982	0.01337	0.00627	0.00187	0.00308	0.01147	0.00494	0.00484
13	0.61629	0.01204	0.00997	0.07265	0.01358	0.08468	0.00734	0.09677	0.01139	0.02293	0.00818	0.00957	0.00629	0.00514	0.00379	0.00162	0.00502	0.00327	0.00336	0.00613
14	0.78612	0.01013	0.00813	0.00715	0.01048	0.01154	0.00589	0.01635	0.00948	0.08388	0.00843	0.00933	0.00631	0.00504	0.00343	0.00164	0.00412	0.00306	0.00353	0.00598
15	0.01310	0.01188	0.01575	0.06778	0.01591	0.05300	0.03539	0.03293	0.06908	0.07682	0.00987	0.01314	0.00840	0.00895	0.03290	0.00225	0.51867	0.00481	0.00301	0.00636
16	0.00734	0.00546	0.00677	0.00681	0.00798	0.00508	0.00500	0.02719	0.01311	0.01772	0.38500	0.21782	0.18928	0.03159	0.02510	0.00206	0.00315	0.03352	0.00526	0.00477
17	0.10276	0.08448	0.48043	0.07513	0.04089	0.01298	0.03433	0.01720	0.07266	0.01737	0.01010	0.01172	0.00747	0.00514	0.00479	0.00164	0.00687	0.00402	0.00263	0.00740

[dist]
# distance from previous block
# <min> <max>
0	3

[block]
# block no. 3 follows, 46 sequences, length 12
# corresponding to MSA columns:
# 473-484
name=unknown_D
#
# <colnr> <probs for GDERKNQSTAVLIFYWHMCP>
#	G	D	E	R	K	N	Q	S	T	A	V	L	I	F	Y	W	H	M	C	P
0	0.07002	0.08836	0.09968	0.05703	0.07767	0.46940	0.01140	0.01869	0.01328	0.01441	0.00957	0.01116	0.02677	0.00543	0.00469	0.00144	0.00811	0.00375	0.00269	0.00646
1	0.16766	0.06467	0.03962	0.05705	0.11089	0.06915	0.18340	0.05619	0.03141	0.01796	0.00992	0.01285	0.00808	0.02893	0.00676	0.00177	0.08751	0.00461	0.03490	0.00668
2	0.00692	0.00526	0.00643	0.00716	0.00823	0.00482	0.00542	0.00834	0.01126	0.01425	0.03739	0.32215	0.30575	0.04049	0.00735	0.00218	0.00344	0.19385	0.00484	0.00446
3	0.01202	0.06514	0.12865	0.01375	0.03317	0.04318	0.12017	0.02944	0.01066	0.02863	0.02819	0.01418	0.00943	0.03311	0.01027	0.00194	0.30343	0.00486	0.10346	0.00632
4	0.00650	0.00486	0.00604	0.00682	0.00756	0.00440	0.00470	0.00767	0.01105	0.01443	0.10745	0.55553	0.21326	0.01525	0.00658	0.00201	0.00292	0.01358	0.00500	0.00440
5	0.01041	0.00981	0.01392	0.01208	0.01242	0.01300	0.03059	0.01170	0.00866	0.01304	0.05830	0.01718	0.01187	0.10657	0.10745	0.00330	0.54617	0.00546	0.00271	0.00535
6	0.00795	0.00574	0.00693	0.00651	0.00809	0.00522	0.00492	0.01051	0.04008	0.04965	0.50377	0.04138	0.26697	0.01129	0.00617	0.00170	0.00269	0.00975	0.00556	0.00511
7	0.06149	0.01074	0.01201	0.00982	0.01278	0.01170	0.00792	0.32017	0.07211	0.12738	0.05317	0.01864	0.05137	0.04032	0.02962	0.00198	0.05601	0.00552	0.08988	0.00738
8	0.23133	0.09164	0.45229	0.01247	0.01853	0.01319	0.03600	0.05691	0.01134	0.01909	0.00895	0.01042	0.00661	0.00500	0.00447	0.00161	0.00657	0.00365	0.00269	0.00722
9	0.01633	0.01291	0.01409	0.05913	0.01640	0.01464	0.00956	0.38368	0.36382	0.02702	0.01651	0.01598	0.01213	0.00666	0.00533	0.00169	0.00515	0.00531	0.00515	0.00852
10	0.06778	0.07290	0.08065	0.06714	0.35076	0.17248	0.03183	0.06480	0.01303	0.01721	0.00936	0.01166	0.00759	0.00502	0.00490	0.00153	0.00696	0.00417	0.00278	0.00745
11	0.04030	0.11814	0.08290	0.06264	0.01584	0.07595	0.00995	0.16318	0.03228	0.16469	0.01376	0.03438	0.02733	0.05354	0.00736	0.00184	0.07978	0.00495	0.00400	0.00721

[dist]
# distance from previous block
# <min> <max>
3	11

[block]
# block no. 4 follows, 46 sequences, length 35
# corresponding to MSA columns:
# 496-530
name=unknown_E
#
# <colnr> <probs for GDERKNQSTAVLIFYWHMCP>
#	G	D	E	R	K	N	Q	S	T	A	V	L	I	F	Y	W	H	M	C	P
0	0.06144	0.08910	0.10321	0.01396	0.03358	0.07997	0.16260	0.04736	0.06371	0.01680	0.03789	0.07275	0.01140	0.00681	0.00721	0.00172	0.13919	0.00548	0.00315	0.04267
1	0.01380	0.00965	0.01142	0.00855	0.01276	0.00816	0.00687	0.11189	0.01362	0.13965	0.05701	0.03883	0.01210	0.00544	0.00454	0.00111	0.00414	0.00443	0.00416	0.53187
2	0.01197	0.20089	0.36302	0.03261	0.02255	0.01455	0.24939	0.01653	0.01147	0.01576	0.00938	0.01159	0.00714	0.00474	0.00504	0.00159	0.00765	0.00441	0.00238	0.00733
3	0.00766	0.00508	0.00663	0.00738	0.00815	0.00469	0.00520	0.00885	0.01095	0.05902	0.07467	0.58501	0.09947	0.03298	0.00708	0.00214	0.00325	0.06215	0.00502	0.00464
4	0.00777	0.00770	0.06670	0.00859	0.04257	0.00616	0.01802	0.01061	0.05317	0.01692	0.24641	0.16265	0.29256	0.01172	0.00617	0.00181	0.00346	0.02691	0.00486	0.00526
5	0.00653	0.00469	0.00619	0.00725	0.00767	0.00436	0.00489	0.00759	0.01059	0.01418	0.09479	0.72356	0.05613	0.01598	0.00669	0.00210	0.00301	0.01445	0.00499	0.00436
6	0.00878	0.00667	0.00740	0.00709	0.00883	0.00646	0.00538	0.10340	0.04441	0.01798	0.12589	0.16360	0.34987	0.02859	0.00650	0.00187	0.00331	0.04485	0.05388	0.00524
7	0.01295	0.00969	0.01139	0.00832	0.01287	0.00780	0.00669	0.05396	0.03496	0.10521	0.01123	0.01211	0.00873	0.00444	0.00419	0.00095	0.00409	0.00355	0.00370	0.68318
8	0.01396	0.02992	0.10203	0.08967	0.46775	0.14294	0.01509	0.04599	0.01279	0.01672	0.00962	0.01227	0.00782	0.00497	0.00511	0.00156	0.00702	0.00437	0.00267	0.00773
9	0.00673	0.00483	0.00636	0.00720	0.00764	0.00465	0.00487	0.00776	0.01006	0.01352	0.07145	0.58434	0.05525	0.10099	0.08524	0.00303	0.00431	0.01291	0.00458	0.00427
10	0.00735	0.00533	0.00693	0.00667	0.00785	0.00491	0.00495	0.00966	0.01443	0.02027	0.68636	0.11026	0.07235	0.01142	0.00628	0.00171	0.00255	0.01011	0.00571	0.00491
11	0.00708	0.00539	0.00651	0.00623	0.00765	0.00482	0.00467	0.00920	0.01401	0.01894	0.54142	0.04321	0.28831	0.01165	0.00624	0.00170	0.00255	0.01008	0.00552	0.00482
12	0.01975	0.02520	0.01498	0.01362	0.01634	0.79299	0.01021	0.02111	0.01498	0.01294	0.00817	0.00953	0.00681	0.00545	0.00477	0.00136	0.00953	0.00340	0.00272	0.00613
13	0.02040	0.01321	0.01467	0.01130	0.01537	0.01416	0.00932	0.58199	0.02230	0.18522	0.01454	0.01407	0.01002	0.00638	0.00523	0.00158	0.00541	0.00488	0.04117	0.00882
14	0.02193	0.00967	0.01242	0.00976	0.01369	0.00905	0.00798	0.06611	0.12983	0.62905	0.02051	0.01797	0.01332	0.00663	0.00532	0.00166	0.00452	0.00539	0.00630	0.00890
15	0.81925	0.01040	0.00808	0.00715	0.01046	0.01204	0.00589	0.04460	0.00961	0.02409	0.00757	0.00875	0.00585	0.00496	0.00335	0.00163	0.00416	0.00294	0.00335	0.00585
16	0.00644	0.00460	0.00613	0.00736	0.00767	0.00429	0.00491	0.00736	0.01012	0.01350	0.02914	0.81076	0.03497	0.01656	0.00675	0.00215	0.00307	0.01503	0.00491	0.00429
17	0.09932	0.01306	0.01422	0.01122	0.01495	0.01448	0.00923	0.52798	0.04254	0.10027	0.01306	0.01342	0.00943	0.00830	0.05145	0.00203	0.03709	0.00471	0.00495	0.00828
18	0.02343	0.00946	0.01255	0.00963	0.01373	0.00846	0.00795	0.08454	0.01591	0.72502	0.02021	0.01757	0.01276	0.00653	0.00531	0.00163	0.00460	0.00527	0.00644	0.00900
19	0.01022	0.00864	0.01212	0.00967	0.01288	0.00761	0.10649	0.03055	0.06394	0.03360	0.14348	0.14490	0.06629	0.00802	0.00535	0.00144	0.00421	0.00724	0.00417	0.31920
20	0.01753	0.00951	0.01224	0.00947	0.01329	0.00860	0.02396	0.08541	0.03768	0.37942	0.02701	0.04706	0.01260	0.02146	0.02229	0.00165	0.02604	0.00519	0.00507	0.23451
21	0.00648	0.00478	0.00596	0.00688	0.00746	0.00437	0.00464	0.00742	0.01035	0.01346	0.03309	0.61989	0.17670	0.06240	0.00783	0.00225	0.00311	0.01386	0.00481	0.00426
22	0.02321	0.00947	0.01252	0.00964	0.01371	0.00852	0.00795	0.07876	0.03391	0.71274	0.02029	0.01765	0.01287	0.00654	0.00532	0.00164	0.00459	0.00529	0.00643	0.00898
23	0.01259	0.01222	0.01975	0.20854	0.56824	0.03789	0.01550	0.01601	0.02803	0.01637	0.01001	0.01334	0.00818	0.00492	0.00523	0.00161	0.00652	0.00469	0.00262	0.00772
24	0.01199	0.01219	0.01636	0.60973	0.04866	0.12746	0.03883	0.04565	0.01191	0.01443	0.00941	0.01335	0.00715	0.00531	0.00524	0.00169	0.00741	0.00456	0.00254	0.00614
25	0.00741	0.00517	0.00602	0.00630	0.00668	0.00502	0.00403	0.00793	0.00899	0.01172	0.02413	0.14377	0.11995	0.52947	0.01971	0.00404	0.00451	0.07766	0.00381	0.00367
26	0.01277	0.17443	0.04860	0.06806	0.11781	0.06231	0.04140	0.05945	0.02197	0.01528	0.01052	0.01465	0.01887	0.00841	0.04797	0.00208	0.21498	0.03618	0.01768	0.00659
27	0.81566	0.04482	0.00862	0.00704	0.01037	0.01225	0.00587	0.01555	0.00907	0.02324	0.00736	0.00858	0.00577	0.00489	0.00328	0.00161	0.00416	0.00286	0.00323	0.00577
28	0.00666	0.00505	0.00703	0.00775	0.00839	0.00466	0.03424	0.00775	0.01040	0.01370	0.03074	0.70749	0.10474	0.01579	0.00668	0.00210	0.00326	0.01432	0.00482	0.00442
29	0.02722	0.18000	0.03804	0.08693	0.06769	0.19690	0.02063	0.05893	0.01261	0.03093	0.00900	0.01084	0.00740	0.00512	0.00512	0.00133	0.05009	0.00366	0.00287	0.18470
30	0.04525	0.08452	0.01767	0.01309	0.01621	0.15965	0.11922	0.18977	0.05607	0.01976	0.05509	0.01371	0.01066	0.00642	0.00703	0.00165	0.13472	0.00479	0.02275	0.02199
31	0.31480	0.07450	0.05089	0.08721	0.01553	0.01215	0.03373	0.10771	0.04174	0.15161	0.03738	0.01323	0.00975	0.00567	0.00444	0.00161	0.00504	0.00424	0.02178	0.00698
32	0.01015	0.04832	0.00901	0.00748	0.00921	0.03423	0.00566	0.08404	0.03077	0.05104	0.22236	0.04567	0.17767	0.18995	0.01058	0.00247	0.00410	0.04737	0.00467	0.00524
33	0.00686	0.00550	0.00602	0.00594	0.00744	0.00489	0.00436	0.00876	0.03511	0.01583	0.21979	0.08117	0.49618	0.06938	0.00770	0.00201	0.00287	0.01056	0.00502	0.00461
34	0.01142	0.00967	0.01121	0.00805	0.01272	0.00752	0.00646	0.05126	0.01167	0.01804	0.00956	0.01105	0.00789	0.00404	0.00398	0.00082	0.00401	0.00321	0.00324	0.80417

[dist]
# distance from previous block
# <min> <max>
0	1

[block]
# block no. 5 follows, 46 sequences, length 13
# corresponding to MSA columns:
# 532-544
name=unknown_F
#
# <colnr> <probs for GDERKNQSTAVLIFYWHMCP>
#	G	D	E	R	K	N	Q	S	T	A	V	L	I	F	Y	W	H	M	C	P
0	0.01999	0.01361	0.01392	0.01094	0.01494	0.11667	0.00886	0.32003	0.03927	0.27124	0.01459	0.01398	0.01008	0.00604	0.00507	0.00149	0.00563	0.00461	0.00511	0.10395
1	0.00928	0.00816	0.01190	0.01143	0.03991	0.01046	0.00885	0.01094	0.00848	0.01263	0.01127	0.01700	0.01066	0.02683	0.46990	0.00590	0.31331	0.00524	0.00263	0.00526
2	0.00759	0.00551	0.00772	0.00772	0.00839	0.00618	0.00564	0.00894	0.00827	0.01169	0.01487	0.02472	0.01493	0.26087	0.57438	0.00753	0.01158	0.00624	0.00294	0.00429
3	0.02372	0.00900	0.01227	0.00941	0.01350	0.00777	0.00777	0.02576	0.01513	0.78489	0.02086	0.01799	0.01309	0.00654	0.00532	0.00164	0.00450	0.00532	0.00654	0.00900
4	0.01039	0.00952	0.01587	0.64437	0.13431	0.01139	0.01414	0.01379	0.01080	0.01443	0.01000	0.01434	0.00767	0.00527	0.00517	0.00170	0.00663	0.00472	0.05934	0.00614
5	0.85155	0.01022	0.00777	0.00695	0.01022	0.01186	0.00573	0.01554	0.00900	0.02372	0.00736	0.00859	0.00573	0.00491	0.00327	0.00164	0.00409	0.00286	0.00327	0.00573
6	0.01245	0.00926	0.00836	0.00759	0.00926	0.11282	0.00588	0.09720	0.01291	0.01978	0.01473	0.01694	0.01163	0.00632	0.00506	0.00137	0.06522	0.00468	0.57293	0.00561
7	0.00755	0.00566	0.00850	0.00850	0.00944	0.00661	0.00661	0.00944	0.00850	0.01227	0.01416	0.02077	0.01322	0.03965	0.79326	0.00850	0.01416	0.00566	0.00283	0.00472
8	0.00769	0.00513	0.00577	0.00577	0.00577	0.00513	0.00320	0.00769	0.00769	0.01025	0.01666	0.03460	0.01922	0.81421	0.02691	0.00513	0.00513	0.00769	0.00320	0.00320
